[run number],initial-people,environment,healthy-treatment-chance,dep-treatment-chance,[step],"count turtles with [ severity = ""No Depression"" ]","count turtles with [ severity = ""Mild Depression"" ]","count turtles with [ severity = ""Moderate Depression"" ]","count turtles with [ severity = ""Severe Depression"" ]","count turtles with [ severity != ""No Depression"" ]",mean [ dep-score ] of turtles,count turtles with [ treatment? ],count turtles with [ talks? ],mean [ prob-of-talking ] of turtles,mean [ prob-of-treatment ] of turtles,"mean [ dep-score ] of turtles with [ gender? = ""male"" ]","mean [ dep-score ] of turtles with [ gender? = ""female"" ]","count turtles with [ severity = ""No Depression"" and gender? = ""male"" ]","count turtles with [ severity != ""No Depression"" and gender? = ""male"" ]","count turtles with [ severity = ""No Depression"" and gender? = ""female"" ]","count turtles with [ severity != ""No Depression"" and gender? = ""female"" ]","count turtles with [ gender? = ""male"" ]","count turtles with [ gender? = ""female"" ]"
5,1000,80,7.7,28,0,946,27,13,14,54,7.134,91,816,80.09089168,8.794181986,5.886639676,8.351778656,480,14,466,40,494,506
7,1000,80,7.7,28,0,943,28,14,15,57,7.085,93,815,80.05613195,8.886803999,6.635080645,7.527777778,477,19,466,38,496,504
4,1000,80,7.7,28,0,942,28,16,14,58,7.016,97,816,79.96961495,8.904805186,6.444906445,7.545279383,459,22,483,36,481,519
8,1000,80,7.7,28,0,960,23,12,5,40,6.736,94,801,80.19530657,8.537402986,6.087378641,7.424742268,503,12,457,28,515,485
3,1000,80,7.7,28,0,942,30,16,12,58,7.027,103,807,79.66409762,8.971540318,6.334016393,7.6875,466,22,476,36,488,512
6,1000,80,7.7,28,0,960,14,14,12,40,6.588,85,777,79.57220163,8.502877076,5.833641405,7.477124183,527,14,433,26,541,459
1,1000,80,7.7,28,0,931,37,15,17,69,7.284,106,784,80.25540726,9.112709378,6.750499002,7.819639279,472,29,459,40,501,499
2,1000,80,7.7,28,0,947,30,14,9,53,6.965,90,788,79.83933414,8.731864925,6.182170543,7.799586777,494,22,453,31,516,484
5,1000,80,7.7,28,1,947,27,13,13,53,7.138668115,103,828,80.14700355,8.810943164,5.881061614,8.366449956,481,13,466,40,494,506
8,1000,80,7.7,28,1,960,23,11,6,40,6.747765746,98,789,80.22387458,8.57558617,6.098206019,7.437504425,503,12,457,28,515,485
7,1000,80,7.7,28,1,943,28,14,15,57,7.142791325,82,818,80.12041112,8.920254857,6.65704528,7.620827115,477,19,466,38,496,504
4,1000,80,7.7,28,1,943,27,16,14,57,7.045658782,96,799,80.02894392,8.928911683,6.476402271,7.573235625,459,22,484,35,481,519
1,1000,80,7.7,28,1,931,37,16,16,69,7.268621859,101,828,80.29427398,9.126951479,6.730217114,7.80918454,472,29,459,40,501,499
3,1000,80,7.7,28,1,943,29,16,12,57,7.056422636,84,797,79.68999448,8.994676875,6.381403541,7.699800211,466,22,477,35,488,512
6,1000,80,7.7,28,1,961,13,14,12,39,6.593314402,90,798,79.66222414,8.536655403,5.816486866,7.508921585,528,13,433,26,541,459
2,1000,80,7.7,28,1,947,30,15,8,53,6.999810969,94,796,79.86052977,8.774751815,6.231779655,7.818621213,494,22,453,31,516,484
5,1000,80,7.7,28,2,948,26,13,13,52,7.176342462,100,790,80.23339507,8.864740123,5.915643649,8.40714328,481,13,467,39,494,506
8,1000,80,7.7,28,2,960,23,11,6,40,6.765647229,109,813,80.29104345,8.614232164,6.141522689,7.428377411,503,12,457,28,515,485
7,1000,80,7.7,28,2,943,28,14,15,57,7.161983556,90,803,80.19426187,8.932438819,6.708940035,7.60783591,477,19,466,38,496,504
4,1000,80,7.7,28,2,943,27,16,14,57,7.075945987,95,802,80.06298858,8.970067801,6.503231342,7.606727769,459,22,484,35,481,519
3,1000,80,7.7,28,2,944,28,16,12,56,7.069705768,88,789,79.70137666,9.024287102,6.410366197,7.698138797,466,22,478,34,488,512
1,1000,80,7.7,28,2,934,34,16,16,66,7.274724878,91,808,80.33544315,9.159257468,6.736786479,7.814819341,474,27,460,39,501,499
6,1000,80,7.7,28,2,961,14,12,13,39,6.61939158,87,816,79.69084771,8.558635068,5.828876851,7.551131162,529,12,432,27,541,459
2,1000,80,7.7,28,2,948,29,15,8,52,7.021567569,78,804,79.9128353,8.806782285,6.245620746,7.84881666,495,21,453,31,516,484
5,1000,80,7.7,28,3,947,26,14,13,53,7.208781561,99,806,80.2411442,8.89076987,5.962811142,8.425203274,480,14,467,39,494,506
8,1000,80,7.7,28,3,960,23,11,6,40,6.794425716,106,805,80.32719421,8.664944316,6.190971109,7.435207412,503,12,457,28,515,485
7,1000,80,7.7,28,3,944,28,13,15,56,7.21104375,95,816,80.26521691,8.932792779,6.811712557,7.604036354,477,19,467,37,496,504
4,1000,80,7.7,28,3,944,27,15,14,56,7.093883041,105,771,80.10264722,8.98168015,6.520913174,7.624901357,460,21,484,35,481,519
3,1000,80,7.7,28,3,947,25,16,12,53,7.079459067,83,779,79.74858486,9.028499464,6.437555278,7.691273616,466,22,481,31,488,512
1,1000,80,7.7,28,3,938,31,15,16,62,7.23691462,103,805,80.35859242,9.194413979,6.712175262,7.763757143,475,26,463,36,501,499
6,1000,80,7.7,28,3,963,12,12,13,37,6.600595132,105,784,79.73056303,8.618408079,5.819325259,7.521438274,529,12,434,25,541,459
5,1000,80,7.7,28,4,950,23,14,13,50,7.234360501,97,816,80.28211837,8.929911912,6.033709257,8.406537803,480,14,470,36,494,506
2,1000,80,7.7,28,3,948,30,14,8,52,7.04523005,96,809,80.00702388,8.82802659,6.289512731,7.85091215,495,21,453,31,516,484
7,1000,80,7.7,28,4,946,27,12,15,54,7.227907479,88,807,80.32060973,8.954478077,6.837923047,7.611701682,477,19,469,35,496,504
8,1000,80,7.7,28,4,960,24,10,6,40,6.820954123,81,816,80.38143248,8.661732329,6.208159451,7.471653621,503,12,457,28,515,485
4,1000,80,7.7,28,4,944,25,17,14,56,7.138997245,101,799,80.13643106,8.983702595,6.572604917,7.663919614,460,21,484,35,481,519
1,1000,80,7.7,28,4,940,30,15,15,60,7.272477367,83,810,80.43116201,9.217760255,6.710144648,7.837063924,477,24,463,36,501,499
3,1000,80,7.7,28,4,950,23,15,12,50,7.056806378,110,801,79.79000702,9.046399249,6.411994579,7.671392624,467,21,483,29,488,512
6,1000,80,7.7,28,4,962,12,13,13,38,6.652354664,80,825,79.75708427,8.633246606,5.863403646,7.582251179,529,12,433,26,541,459
5,1000,80,7.7,28,5,952,22,13,13,48,7.277345068,88,802,80.36944438,8.95340901,6.081192575,8.445130307,480,14,472,34,494,506
7,1000,80,7.7,28,5,947,26,12,15,53,7.245576281,93,796,80.3860741,9.010688884,6.87134451,7.613867865,477,19,470,34,496,504
8,1000,80,7.7,28,5,960,24,10,6,40,6.842750797,78,814,80.42068726,8.68827401,6.220234825,7.503772911,503,12,457,28,515,485
2,1000,80,7.7,28,4,949,29,15,7,51,7.046508639,95,804,80.0341827,8.858388965,6.253280333,7.892181791,496,20,453,31,516,484
4,1000,80,7.7,28,5,947,22,16,15,53,7.136235084,93,806,80.17908052,9.000646429,6.583763167,7.648256263,462,19,485,34,481,519
1,1000,80,7.7,28,5,940,30,15,15,60,7.292192722,97,814,80.47328186,9.233069494,6.724759418,7.861900307,477,24,463,36,501,499
6,1000,80,7.7,28,5,962,13,13,12,38,6.693774006,80,804,79.8282167,8.663397613,5.914354142,7.612436635,530,11,432,27,541,459
3,1000,80,7.7,28,5,951,23,14,12,49,7.061438059,99,798,79.90019803,9.08324314,6.423830861,7.66915742,468,20,483,29,488,512
5,1000,80,7.7,28,6,953,21,13,13,47,7.306554233,94,814,80.40921577,9.000998506,6.129945836,8.455258873,480,14,473,33,494,506
7,1000,80,7.7,28,6,946,28,11,15,54,7.28074911,110,802,80.44604637,9.043843292,6.896733155,7.658669573,476,20,470,34,496,504
8,1000,80,7.7,28,6,960,24,10,6,40,6.856062444,90,788,80.45161069,8.71016431,6.248396199,7.501316291,502,13,458,27,515,485
4,1000,80,7.7,28,6,945,24,15,16,55,7.153785146,90,775,80.20686143,9.021222738,6.592908478,7.673595701,461,20,484,35,481,519
2,1000,80,7.7,28,5,950,25,18,7,50,7.135841166,101,817,80.09963766,8.906488877,6.335825737,7.988750177,496,20,454,30,516,484
6,1000,80,7.7,28,6,961,14,13,12,39,6.718555207,77,812,79.88125455,8.704455523,5.936283504,7.640579154,529,12,432,27,541,459
1,1000,80,7.7,28,6,939,31,15,15,61,7.335131573,93,821,80.51883629,9.257572264,6.771699901,7.900821488,477,24,462,37,501,499
3,1000,80,7.7,28,6,951,23,14,12,49,7.045857857,95,799,79.94839398,9.105465318,6.430464826,7.632404339,468,20,483,29,488,512
7,1000,80,7.7,28,7,946,29,11,14,54,7.265921685,95,815,80.51143469,9.075761314,6.906622421,7.619517785,476,20,470,34,496,504
5,1000,80,7.7,28,7,953,21,12,14,47,7.336674144,108,797,80.47679813,9.033692638,6.150021818,8.495184517,480,14,473,33,494,506
4,1000,80,7.7,28,7,946,24,15,15,54,7.177768572,96,811,80.25577387,9.042987802,6.649580619,7.667283805,461,20,485,34,481,519
8,1000,80,7.7,28,7,958,26,10,6,42,6.914127773,91,820,80.50358996,8.741965598,6.296127246,7.570355137,502,13,456,29,515,485
6,1000,80,7.7,28,7,963,11,13,13,37,6.712681341,86,781,79.9058882,8.717802584,5.966292629,7.592411827,529,12,434,25,541,459
2,1000,80,7.7,28,6,952,24,16,8,48,7.166514608,91,809,80.13193866,8.966136425,6.385194567,7.999492171,497,19,455,29,516,484
1,1000,80,7.7,28,7,942,29,14,15,58,7.31791492,94,799,80.56716831,9.303461313,6.779171557,7.858817575,478,23,464,35,501,499
7,1000,80,7.7,28,8,947,28,11,14,53,7.309269098,91,819,80.53591108,9.090549128,6.971196218,7.641975742,476,20,471,33,496,504
3,1000,80,7.7,28,7,952,22,14,12,48,7.073254456,95,806,79.98928039,9.13010149,6.458250676,7.659429933,469,19,483,29,488,512
5,1000,80,7.7,28,8,955,20,11,14,45,7.347626168,112,810,80.54368203,9.027690256,6.171929424,8.495440776,480,14,475,31,494,506
4,1000,80,7.7,28,8,949,23,14,14,51,7.165053283,104,794,80.31506593,9.077825483,6.636898301,7.654537958,464,17,485,34,481,519
6,1000,80,7.7,28,8,963,11,15,11,37,6.692876771,85,771,79.96334305,8.738254291,5.932922837,7.588595896,529,12,434,25,541,459
8,1000,80,7.7,28,8,958,26,10,6,42,6.916216477,89,810,80.59153926,8.769874056,6.328294863,7.540504376,502,13,456,29,515,485
1,1000,80,7.7,28,8,942,28,15,15,58,7.375567077,95,828,80.59447693,9.336377981,6.87597472,7.877161807,478,23,464,35,501,499
2,1000,80,7.7,28,7,951,26,16,7,49,7.216742877,85,807,80.17772836,8.977269952,6.449938718,8.034244832,497,19,454,30,516,484
7,1000,80,7.7,28,9,948,28,10,14,52,7.302395844,97,796,80.57688401,9.106524418,6.951353897,7.647865697,477,19,471,33,496,504
3,1000,80,7.7,28,8,954,22,12,12,46,7.093459024,91,801,79.99825031,9.178939754,6.456761706,7.700311154,470,18,484,28,488,512
5,1000,80,7.7,28,9,956,19,11,14,44,7.385330999,98,808,80.58391869,9.056757495,6.232501073,8.510821086,480,14,476,30,494,506
6,1000,80,7.7,28,9,964,10,15,11,36,6.73495542,84,817,79.99381613,8.778570833,5.987160019,7.616343899,530,11,434,25,541,459
4,1000,80,7.7,28,9,950,22,13,15,50,7.219172178,105,806,80.39289133,9.115357854,6.720954177,7.68091179,464,17,486,33,481,519
1,1000,80,7.7,28,9,945,28,14,13,55,7.377746509,95,822,80.62799417,9.353108724,6.89195401,7.865486072,479,22,466,33,501,499
8,1000,80,7.7,28,9,958,26,10,6,42,6.933941677,87,801,80.63697884,8.802352849,6.362227821,7.541019276,502,13,456,29,515,485
2,1000,80,7.7,28,8,952,25,17,6,48,7.226667464,100,819,80.23940401,9.004978558,6.437724761,8.067771668,497,19,455,29,516,484
7,1000,80,7.7,28,10,948,28,10,14,52,7.321359553,78,830,80.64527525,9.138998192,6.976483049,7.660761828,476,20,472,32,496,504
6,1000,80,7.7,28,10,965,10,14,11,35,6.76312233,99,796,80.05810956,8.802423542,6.003035795,7.658997746,531,10,434,25,541,459
3,1000,80,7.7,28,9,957,20,11,12,43,7.127856495,101,820,80.0633087,9.205996533,6.489301426,7.736479295,472,16,485,27,488,512
5,1000,80,7.7,28,10,956,19,11,14,44,7.395785351,112,803,80.62638053,9.095977418,6.242892786,8.52133659,481,13,475,31,494,506
4,1000,80,7.7,28,10,950,22,13,15,50,7.25179813,111,830,80.45514794,9.142098246,6.736737495,7.729147196,464,17,486,33,481,519
1,1000,80,7.7,28,10,944,29,14,13,56,7.387934124,95,826,80.66106473,9.40469498,6.899308304,7.878518364,479,22,465,34,501,499
8,1000,80,7.7,28,10,957,27,10,6,43,6.961060088,97,806,80.68904019,8.82988837,6.418246466,7.537449812,502,13,455,30,515,485
7,1000,80,7.7,28,11,949,27,9,15,51,7.33076297,102,810,80.71030365,9.160072985,6.973425888,7.682428036,476,20,473,31,496,504
2,1000,80,7.7,28,9,952,26,16,6,48,7.245464631,97,806,80.31624824,9.025763935,6.459379121,8.083522737,496,20,456,28,516,484
6,1000,80,7.7,28,11,965,10,14,11,35,6.786541626,91,790,80.12629842,8.825096846,6.02220158,7.687430438,531,10,434,25,541,459
3,1000,80,7.7,28,10,957,20,11,12,43,7.121206955,102,814,80.10885833,9.222355297,6.488684009,7.724080388,472,16,485,27,488,512
5,1000,80,7.7,28,11,957,18,11,14,43,7.39910049,90,820,80.66886028,9.122487106,6.272120084,8.499354088,481,13,476,30,494,506
4,1000,80,7.7,28,11,950,22,13,15,50,7.250983602,92,814,80.49548924,9.159449289,6.714275966,7.748394726,464,17,486,33,481,519
1,1000,80,7.7,28,11,945,28,14,13,55,7.42786403,95,819,80.69457612,9.436258814,6.905689726,7.952131217,479,22,466,33,501,499
8,1000,80,7.7,28,11,957,26,11,6,43,6.998035804,90,817,80.76244532,8.853769762,6.475615125,7.552771164,502,13,455,30,515,485
7,1000,80,7.7,28,12,948,28,9,15,52,7.323196636,93,828,80.76024163,9.194294419,6.989048146,7.652041182,476,20,472,32,496,504
2,1000,80,7.7,28,10,952,26,15,7,48,7.257421122,108,824,80.36165793,9.056379308,6.469361986,8.097583341,496,20,456,28,516,484
6,1000,80,7.7,28,12,965,10,14,11,35,6.810616016,95,782,80.17704608,8.874021026,6.047179329,7.710440086,531,10,434,25,541,459
5,1000,80,7.7,28,12,956,19,11,14,44,7.407586668,99,818,80.71835064,9.15443476,6.308401707,8.480704001,480,14,476,30,494,506
3,1000,80,7.7,28,11,955,22,11,12,45,7.159906432,89,785,80.1656193,9.265208527,6.552218785,7.73910872,471,17,484,28,488,512
4,1000,80,7.7,28,12,950,22,14,14,50,7.269241045,104,798,80.56448582,9.195745225,6.701598908,7.795321715,464,17,486,33,481,519
8,1000,80,7.7,28,12,958,26,11,5,42,7.016057783,104,814,80.86153366,8.862792884,6.505401299,7.558301265,502,13,456,29,515,485
1,1000,80,7.7,28,12,946,28,13,13,54,7.431066103,107,832,80.76300293,9.454852595,6.930468729,7.933669879,479,22,467,32,501,499
7,1000,80,7.7,28,13,948,28,9,15,52,7.332999724,101,806,80.80023502,9.220142277,6.997147542,7.663520919,476,20,472,32,496,504
2,1000,80,7.7,28,11,951,27,15,7,49,7.2944277,101,806,80.39110213,9.078896858,6.490479146,8.151529876,495,21,456,28,516,484
6,1000,80,7.7,28,13,966,9,14,11,34,6.814873722,99,815,80.20652036,8.925116282,6.062034126,7.702207538,531,10,435,24,541,459
5,1000,80,7.7,28,13,957,19,11,13,43,7.421099299,101,793,80.779442,9.19175178,6.325151688,8.491056057,480,14,477,29,494,506
3,1000,80,7.7,28,12,957,22,9,12,43,7.11815151,95,788,80.24320298,9.301233135,6.557587284,7.652439287,471,17,486,26,488,512
4,1000,80,7.7,28,13,952,21,14,13,48,7.295338087,73,818,80.59644695,9.21761267,6.741673339,7.80846476,465,16,487,32,481,519
8,1000,80,7.7,28,13,958,26,11,5,42,7.036952221,78,814,80.91072245,8.934778236,6.520506636,7.585342893,502,13,456,29,515,485
1,1000,80,7.7,28,13,947,27,13,13,53,7.477167819,91,821,80.81453911,9.468318711,6.966425796,7.989956903,479,22,468,31,501,499
7,1000,80,7.7,28,14,949,25,11,15,51,7.367311722,93,822,80.86230286,9.236916244,7.036072216,7.693293457,475,21,474,30,496,504
6,1000,80,7.7,28,14,966,9,14,11,34,6.85832711,103,801,80.26319514,8.969693785,6.103711809,7.74775386,531,10,435,24,541,459
5,1000,80,7.7,28,14,958,19,10,13,42,7.45055281,107,814,80.82607461,9.196521907,6.383749345,8.492056588,480,14,478,28,494,506
2,1000,80,7.7,28,12,951,27,15,7,49,7.345519421,90,801,80.46642835,9.099491157,6.554145347,8.189215748,495,21,456,28,516,484
3,1000,80,7.7,28,13,958,21,9,12,42,7.141838387,83,801,80.32739577,9.314437468,6.591799758,7.666093955,471,17,487,25,488,512
4,1000,80,7.7,28,14,954,21,13,12,46,7.279622438,106,801,80.6637346,9.260886812,6.750526685,7.769979004,466,15,488,31,481,519
8,1000,80,7.7,28,14,958,25,12,5,42,7.073822651,78,824,80.93415899,8.978208953,6.559951931,7.619479188,502,13,456,29,515,485
1,1000,80,7.7,28,14,949,26,11,14,51,7.506083971,87,814,80.85015268,9.494917078,6.954318908,8.060060517,480,21,469,30,501,499
7,1000,80,7.7,28,15,949,25,11,15,51,7.422299313,111,817,80.93681808,9.25045797,7.085658148,7.753596967,475,21,474,30,496,504
6,1000,80,7.7,28,15,967,7,15,11,33,6.856220924,102,803,80.33734101,9.012703034,6.093213351,7.755539219,531,10,436,23,541,459
5,1000,80,7.7,28,15,958,19,10,13,42,7.442038725,100,814,80.86716484,9.210777728,6.393205191,8.465998737,480,14,478,28,494,506
2,1000,80,7.7,28,13,952,27,14,7,48,7.37154935,100,816,80.52015442,9.109899064,6.590094823,8.204670292,495,21,457,27,516,484
4,1000,80,7.7,28,15,955,21,13,11,45,7.276122381,107,830,80.72434113,9.289581575,6.798728947,7.718562154,466,15,489,30,481,519
8,1000,80,7.7,28,15,958,25,11,6,42,7.094424648,84,817,81.00889947,9.011791828,6.590674094,7.629335031,501,14,457,28,515,485
3,1000,80,7.7,28,14,959,20,9,12,41,7.196147617,101,822,80.38206475,9.348841957,6.650286021,7.716421951,471,17,488,24,488,512
1,1000,80,7.7,28,15,948,28,11,13,52,7.499122331,100,824,80.91270967,9.53809181,6.912206395,8.088390636,480,21,468,31,501,499
7,1000,80,7.7,28,16,950,25,10,15,50,7.421121446,99,807,81.01461142,9.283434884,7.074280603,7.762456879,476,20,474,30,496,504
6,1000,80,7.7,28,16,967,7,15,11,33,6.882294784,98,814,80.40728755,9.027958951,6.116393439,7.78502382,531,10,436,23,541,459
5,1000,80,7.7,28,16,959,17,11,13,41,7.488936372,105,825,80.90422067,9.244192787,6.446584987,8.506567961,480,14,479,27,494,506
4,1000,80,7.7,28,16,957,21,12,10,43,7.273346498,89,804,80.78917391,9.321699739,6.801582183,7.710569302,466,15,491,28,481,519
8,1000,80,7.7,28,16,959,24,11,6,41,7.150643602,93,818,81.05812246,9.062166136,6.614717061,7.719720238,502,13,457,28,515,485
1,1000,80,7.7,28,16,948,28,11,13,52,7.51617063,102,824,81.0094819,9.567136138,6.909294917,8.12547871,480,21,468,31,501,499
7,1000,80,7.7,28,17,951,24,11,14,49,7.432687212,103,788,81.06060989,9.31286997,7.082163947,7.777646616,477,19,474,30,496,504
3,1000,80,7.7,28,15,959,20,9,12,41,7.22684354,101,807,80.41922498,9.392493337,6.669636142,7.75793184,471,17,488,24,488,512
2,1000,80,7.7,28,14,952,27,14,7,48,7.412734084,115,808,80.5430701,9.150474471,6.594279785,8.285301063,495,21,457,27,516,484
6,1000,80,7.7,28,17,967,8,14,11,33,6.920353113,95,819,80.4692397,9.063556594,6.175091081,7.79875564,530,11,437,22,541,459
5,1000,80,7.7,28,17,959,19,11,11,41,7.505605612,99,814,80.94730482,9.274521652,6.470224906,8.516431835,480,14,479,27,494,506
8,1000,80,7.7,28,17,959,24,11,6,41,7.187145379,86,802,81.09612556,9.067943408,6.671455154,7.734733968,502,13,457,28,515,485
4,1000,80,7.7,28,17,958,21,11,10,42,7.273293541,107,819,80.81745725,9.342624249,6.762220797,7.746946702,467,14,491,28,481,519
7,1000,80,7.7,28,18,949,26,11,14,51,7.461878811,90,806,81.11105425,9.346093152,7.14025943,7.778393122,475,21,474,30,496,504
1,1000,80,7.7,28,17,949,28,10,13,51,7.537262752,107,833,81.08277384,9.582853112,6.925147834,8.151831036,481,20,468,31,501,499
3,1000,80,7.7,28,16,960,20,9,11,40,7.269535597,111,827,80.49527445,9.422565325,6.680876127,7.830601655,471,17,489,23,488,512
2,1000,80,7.7,28,15,952,26,15,7,48,7.470886736,114,789,80.61929796,9.179429009,6.654426222,8.341328111,495,21,457,27,516,484
6,1000,80,7.7,28,18,967,8,14,11,33,6.943722759,99,788,80.49415282,9.082480383,6.208899265,7.80982191,530,11,437,22,541,459
5,1000,80,7.7,28,18,959,19,11,11,41,7.561211927,115,829,80.98118349,9.291342195,6.51084097,8.586672901,480,14,479,27,494,506
7,1000,80,7.7,28,19,949,27,11,13,51,7.484495468,92,825,81.17618625,9.37996138,7.151960455,7.811752147,476,20,473,31,496,504
8,1000,80,7.7,28,18,961,22,11,6,39,7.191175676,98,810,81.15729675,9.063423022,6.691331875,7.72193765,503,12,458,27,515,485
4,1000,80,7.7,28,18,957,22,11,10,43,7.320495959,83,802,80.85562083,9.372121098,6.839971341,7.765837656,467,14,490,29,481,519
1,1000,80,7.7,28,18,949,29,10,12,51,7.536843121,96,816,81.12990652,9.616603142,6.966962051,8.109008283,481,20,468,31,501,499
3,1000,80,7.7,28,17,960,21,9,10,40,7.24384897,96,804,80.58120799,9.456805844,6.659274766,7.801021258,472,16,488,24,488,512
2,1000,80,7.7,28,16,952,26,15,7,48,7.504343998,99,826,80.73231811,9.210768729,6.717715467,8.342981027,495,21,457,27,516,484
6,1000,80,7.7,28,19,965,10,15,10,35,6.949348526,92,821,80.54942677,9.113304646,6.203540744,7.828394299,529,12,436,23,541,459
5,1000,80,7.7,28,19,958,20,11,11,42,7.575419709,91,818,81.01483086,9.306683833,6.526971142,8.599003883,480,14,478,28,494,506
7,1000,80,7.7,28,20,948,28,11,13,52,7.505115807,107,811,81.21777141,9.405054846,7.174906725,7.830083475,475,21,473,31,496,504
8,1000,80,7.7,28,19,960,23,11,6,40,7.230048164,89,801,81.17987867,9.098306173,6.72159928,7.769947493,503,12,457,28,515,485
4,1000,80,7.7,28,19,957,23,11,9,43,7.345069598,82,824,80.90780222,9.410317761,6.863207213,7.791651114,467,14,490,29,481,519
1,1000,80,7.7,28,19,950,28,10,12,50,7.566383973,108,806,81.18212865,9.655830981,7.017330226,8.117638337,481,20,469,30,501,499
3,1000,80,7.7,28,18,959,23,8,10,41,7.254797451,109,822,80.63995463,9.483923949,6.698716504,7.784812104,470,18,489,23,488,512
6,1000,80,7.7,28,20,963,12,15,10,37,7.013997285,106,799,80.61568525,9.130259222,6.263295048,7.898811903,528,13,435,24,541,459
2,1000,80,7.7,28,17,954,24,15,7,46,7.540761149,86,802,80.79617995,9.27452594,6.782519371,8.349134614,495,21,459,25,516,484
5,1000,80,7.7,28,20,956,22,11,11,44,7.625439627,103,807,81.03723121,9.344449184,6.603134535,8.623500329,479,15,477,29,494,506
7,1000,80,7.7,28,21,949,26,12,13,51,7.523794085,107,793,81.2799373,9.426865762,7.223419348,7.819400969,475,21,474,30,496,504
8,1000,80,7.7,28,20,961,23,11,5,39,7.262862799,106,815,81.22622422,9.152417395,6.758463008,7.798462578,503,12,458,27,515,485
4,1000,80,7.7,28,20,958,22,11,9,42,7.392385724,92,826,80.94585773,9.44989782,6.928046596,7.822726996,467,14,491,28,481,519
1,1000,80,7.7,28,20,952,27,9,12,48,7.534723754,88,812,81.21594751,9.686515455,7.000148098,8.071441998,481,20,471,28,501,499
3,1000,80,7.7,28,19,961,23,6,10,39,7.28459513,93,803,80.68833064,9.525127803,6.735575976,7.807879011,470,18,491,21,488,512
6,1000,80,7.7,28,21,966,11,13,10,34,7.00170296,84,797,80.7108612,9.158989766,6.28261047,7.849260774,528,13,438,21,541,459
5,1000,80,7.7,28,21,956,23,11,10,44,7.650175354,102,827,81.04273425,9.372414414,6.585962257,8.689150196,479,15,477,29,494,506
2,1000,80,7.7,28,18,954,26,15,5,46,7.54845326,123,811,80.82763106,9.307114633,6.865160092,8.276922836,495,21,459,25,516,484
7,1000,80,7.7,28,22,951,26,11,12,49,7.531079219,107,806,81.33740903,9.465308619,7.231728659,7.825678183,477,19,474,30,496,504
8,1000,80,7.7,28,21,962,22,11,5,38,7.275552104,91,829,81.25432426,9.180665241,6.769181942,7.813244133,503,12,459,26,515,485
1,1000,80,7.7,28,21,953,26,9,12,47,7.52760015,108,829,81.27916272,9.723244509,7.019126566,8.038111704,481,20,472,27,501,499
4,1000,80,7.7,28,21,957,23,11,9,43,7.411741895,100,809,80.97576029,9.469993178,6.938178931,7.850631656,466,15,491,28,481,519
3,1000,80,7.7,28,20,959,25,6,10,41,7.342789289,89,821,80.72726552,9.573377396,6.786845053,7.872673638,469,19,490,22,488,512
6,1000,80,7.7,28,22,965,12,13,10,35,7.080759832,92,816,80.70176099,9.186855142,6.357328271,7.93343189,528,13,437,22,541,459
5,1000,80,7.7,28,22,956,23,11,10,44,7.692467451,118,799,81.09028851,9.418573611,6.657681477,8.702713046,479,15,477,29,494,506
7,1000,80,7.7,28,23,950,25,13,12,50,7.587075949,107,800,81.39558178,9.498693402,7.259059477,7.909885811,477,19,473,31,496,504
2,1000,80,7.7,28,19,954,27,14,5,46,7.548719015,115,816,80.86875456,9.342786394,6.861643551,8.281220956,495,21,459,25,516,484
8,1000,80,7.7,28,22,962,22,11,5,38,7.310722851,92,812,81.2958457,9.207036973,6.797431073,7.855764635,503,12,459,26,515,485
1,1000,80,7.7,28,22,953,26,9,12,47,7.523980081,110,822,81.31897543,9.740147308,7.047222051,8.002648965,481,20,472,27,501,499
4,1000,80,7.7,28,22,958,24,11,7,42,7.397649592,84,815,81.0113312,9.479296421,6.954285631,7.808551452,466,15,492,27,481,519
3,1000,80,7.7,28,21,959,25,6,10,41,7.355607049,109,817,80.7578263,9.618080546,6.835343566,7.851483181,469,19,490,22,488,512
6,1000,80,7.7,28,23,965,13,13,9,35,7.104897876,105,810,80.77640231,9.213669099,6.366730367,7.974938449,528,13,437,22,541,459
5,1000,80,7.7,28,23,958,23,10,9,42,7.712445404,79,812,81.11705168,9.452712016,6.685410485,8.715123762,480,14,478,28,494,506
7,1000,80,7.7,28,24,951,23,14,12,49,7.614313908,90,816,81.44238672,9.53046508,7.248208558,7.974608063,479,17,472,32,496,504
8,1000,80,7.7,28,23,962,21,12,5,38,7.320373843,114,808,81.33112872,9.251336093,6.785116447,7.888739944,503,12,459,26,515,485
1,1000,80,7.7,28,23,954,24,10,12,46,7.544727518,94,799,81.3836555,9.808912656,7.098205358,7.993039346,481,20,473,26,501,499
2,1000,80,7.7,28,20,954,27,14,5,46,7.565520294,98,800,80.90777571,9.385248587,6.877156572,8.299395668,494,22,460,24,516,484
4,1000,80,7.7,28,23,959,24,10,7,41,7.427566418,86,816,81.03773993,9.510960038,6.969065944,7.85249653,467,14,492,27,481,519
3,1000,80,7.7,28,22,961,24,5,10,39,7.370619477,111,808,80.7933126,9.637542495,6.82583906,7.889863312,470,18,491,21,488,512
6,1000,80,7.7,28,24,964,14,14,8,36,7.146428031,108,775,80.85323062,9.241033374,6.42345455,7.998560172,527,14,437,22,541,459
5,1000,80,7.7,28,24,958,23,10,9,42,7.74256506,105,806,81.2060402,9.473001737,6.747301446,8.714225584,479,15,479,27,494,506
7,1000,80,7.7,28,25,953,22,13,12,47,7.62320094,96,829,81.49368593,9.554454627,7.231220818,8.008959156,480,16,473,31,496,504
8,1000,80,7.7,28,24,964,21,11,4,36,7.346135303,97,814,81.38745048,9.259787575,6.792795404,7.933702411,503,12,461,24,515,485
1,1000,80,7.7,28,24,954,24,10,12,46,7.549183667,101,811,81.42194182,9.832853027,7.115617759,7.984487313,481,20,473,26,501,499
4,1000,80,7.7,28,24,958,25,10,7,42,7.432614215,85,807,81.0897385,9.528790587,6.948089131,7.881663475,467,14,491,28,481,519
2,1000,80,7.7,28,21,954,28,13,5,46,7.590896785,97,823,80.96796999,9.407183638,6.898886753,8.328659545,493,23,461,23,516,484
6,1000,80,7.7,28,25,963,16,13,8,37,7.171772588,90,799,80.90935944,9.301430799,6.443847231,8.029741254,526,15,437,22,541,459
5,1000,80,7.7,28,25,959,22,10,9,41,7.756488778,94,801,81.26033037,9.520671053,6.746283131,8.742736979,480,14,479,27,494,506
3,1000,80,7.7,28,23,961,24,6,9,39,7.408596843,98,821,80.84794622,9.68422578,6.881008932,7.911454071,470,18,491,21,488,512
7,1000,80,7.7,28,26,952,22,14,12,48,7.653922119,92,826,81.52232375,9.634615782,7.276574925,8.025279675,479,17,473,31,496,504
8,1000,80,7.7,28,25,964,21,11,4,36,7.33594577,93,826,81.44411169,9.290799726,6.806777255,7.897846359,502,13,462,23,515,485
1,1000,80,7.7,28,25,954,25,10,11,46,7.559256495,99,806,81.49140738,9.851492197,7.14118526,7.979003365,482,19,472,27,501,499
4,1000,80,7.7,28,25,958,25,10,7,42,7.461005103,95,822,81.13880425,9.565848152,6.962529993,7.922982999,466,15,492,27,481,519
6,1000,80,7.7,28,26,963,15,14,8,37,7.229649922,96,835,80.95053197,9.355470741,6.549082165,8.03180059,526,15,437,22,541,459
5,1000,80,7.7,28,26,959,22,10,9,41,7.755148096,99,827,81.31462263,9.532548781,6.749064399,8.737372101,480,14,479,27,494,506
2,1000,80,7.7,28,22,953,28,14,5,47,7.589313332,105,815,81.06636119,9.450361237,6.912508431,8.310865665,492,24,461,23,516,484
3,1000,80,7.7,28,24,960,25,6,9,40,7.428888772,102,831,80.88398033,9.714589267,6.87727891,7.954641921,469,19,491,21,488,512
7,1000,80,7.7,28,27,954,21,11,14,46,7.676839767,109,810,81.57557557,9.630766399,7.304849174,8.042925747,480,16,474,30,496,504
8,1000,80,7.7,28,26,964,21,11,4,36,7.347263965,102,819,81.47165796,9.321853804,6.821687441,7.905350377,502,13,462,23,515,485
1,1000,80,7.7,28,26,955,26,9,10,45,7.54445612,119,831,81.52082921,9.902186341,7.141498254,7.949029048,482,19,473,26,501,499
4,1000,80,7.7,28,26,960,23,9,8,40,7.438438631,101,811,81.19525338,9.607143176,6.951160379,7.890039477,468,13,492,27,481,519
6,1000,80,7.7,28,27,964,14,14,8,36,7.24460925,95,805,80.99701756,9.406573218,6.56424144,8.046524251,526,15,438,21,541,459
5,1000,80,7.7,28,27,959,21,11,9,41,7.770115943,103,818,81.35412553,9.565379508,6.764856361,8.751535377,480,14,479,27,494,506
3,1000,80,7.7,28,25,958,27,6,9,42,7.473722322,84,811,80.92608751,9.751871948,6.925142882,7.996587101,468,20,490,22,488,512
7,1000,80,7.7,28,28,955,19,12,14,45,7.72483599,106,825,81.63955659,9.686482768,7.373494897,8.07060024,480,16,475,29,496,504
2,1000,80,7.7,28,23,953,29,13,5,47,7.621977466,96,807,81.12141352,9.494536905,6.923698144,8.366424017,493,23,460,24,516,484
8,1000,80,7.7,28,27,964,21,11,4,36,7.364285362,101,819,81.51942055,9.338548359,6.83746907,7.923688229,502,13,462,23,515,485
1,1000,80,7.7,28,27,956,24,10,10,44,7.550209374,102,788,81.58468915,9.928513032,7.160219839,7.941761993,483,18,473,26,501,499
4,1000,80,7.7,28,27,959,23,10,8,41,7.465921134,103,800,81.23677278,9.637033467,7.011472588,7.887095991,468,13,491,28,481,519
6,1000,80,7.7,28,28,964,13,15,8,36,7.26188534,116,800,81.04953538,9.419131467,6.570060294,8.077304403,526,15,438,21,541,459
5,1000,80,7.7,28,28,959,21,11,9,41,7.794705863,107,824,81.36086745,9.589509218,6.792152746,8.773483017,480,14,479,27,494,506
7,1000,80,7.7,28,29,955,20,12,13,45,7.718870769,104,827,81.6939234,9.729209991,7.36250483,8.069580106,480,16,475,29,496,504
3,1000,80,7.7,28,26,959,26,6,9,41,7.50904968,80,834,80.98419743,9.77603539,6.936230928,8.055017552,468,20,491,21,488,512
2,1000,80,7.7,28,24,952,30,13,5,48,7.628312786,112,826,81.16411657,9.508854814,6.889320045,8.416164552,493,23,459,25,516,484
8,1000,80,7.7,28,28,964,21,11,4,36,7.376190501,99,811,81.57748607,9.36325367,6.883187438,7.899688598,502,13,462,23,515,485
1,1000,80,7.7,28,28,955,25,11,9,45,7.537956273,116,821,81.59555052,9.952199087,7.114196871,7.963414109,483,18,472,27,501,499
4,1000,80,7.7,28,28,959,24,10,7,41,7.479252531,122,803,81.3059443,9.691175684,7.050029471,7.877048855,468,13,491,28,481,519
6,1000,80,7.7,28,29,965,13,15,7,35,7.272596447,90,812,81.13649992,9.439322423,6.619157739,8.04277148,525,16,440,19,541,459
5,1000,80,7.7,28,29,958,21,11,10,42,7.806957208,125,829,81.3877201,9.617182553,6.805764931,8.784405795,480,14,478,28,494,506
7,1000,80,7.7,28,30,955,20,11,14,45,7.738726345,111,813,81.74904436,9.759657391,7.37493044,8.096747712,480,16,475,29,496,504
3,1000,80,7.7,28,27,958,26,7,9,42,7.522712325,106,805,81.02788996,9.815744089,6.957922504,8.061027624,467,21,491,21,488,512
8,1000,80,7.7,28,29,963,21,11,5,37,7.407686284,112,821,81.59321637,9.395688562,6.937553906,7.906899015,502,13,461,24,515,485
2,1000,80,7.7,28,25,952,31,12,5,48,7.65241789,82,807,81.21043605,9.55076059,6.915184522,8.43839396,492,24,460,24,516,484
1,1000,80,7.7,28,29,954,24,13,9,46,7.552761159,105,814,81.64742125,10.0105183,7.114357422,7.992922025,482,19,472,27,501,499
5,1000,80,7.7,28,30,958,21,11,10,42,7.811605065,97,815,81.45652073,9.649734426,6.81231709,8.78719451,480,14,478,28,494,506
4,1000,80,7.7,28,29,960,23,10,7,40,7.514118825,96,814,81.34613282,9.727457132,7.077981396,7.918323263,468,13,492,27,481,519
6,1000,80,7.7,28,30,965,14,13,8,35,7.294919075,118,826,81.16323702,9.46254284,6.625912607,8.083443038,525,16,440,19,541,459
7,1000,80,7.7,28,31,955,20,11,14,45,7.750824357,113,802,81.81251707,9.825362414,7.361588575,8.133881793,480,16,475,29,496,504
3,1000,80,7.7,28,28,958,27,7,8,42,7.528275973,111,800,81.04895194,9.847393196,6.944140499,8.085030098,468,20,490,22,488,512
8,1000,80,7.7,28,30,962,22,11,5,38,7.436702811,106,841,81.64517184,9.410809313,6.953044188,7.950278462,501,14,461,24,515,485
2,1000,80,7.7,28,26,951,32,11,6,49,7.662838803,89,802,81.23942417,9.580247741,6.936263418,8.437452229,491,25,460,24,516,484
5,1000,80,7.7,28,31,959,20,11,10,41,7.823122442,104,809,81.51435778,9.674689573,6.844297431,8.778734211,480,14,479,27,494,506
6,1000,80,7.7,28,31,966,13,13,8,34,7.293789058,104,817,81.2075554,9.491464312,6.601203792,8.110104154,526,15,440,19,541,459
1,1000,80,7.7,28,30,954,24,13,9,46,7.616355398,114,809,81.69695242,10.04147712,7.195812982,8.038583354,483,18,471,28,501,499
4,1000,80,7.7,28,30,960,24,8,8,40,7.554452023,105,804,81.37903972,9.766352714,7.12027511,7.956839489,467,14,493,26,481,519
7,1000,80,7.7,28,32,956,19,11,14,44,7.791367954,92,824,81.85562932,9.851261396,7.423794762,8.15310665,481,15,475,29,496,504
3,1000,80,7.7,28,29,958,27,7,8,42,7.577168355,114,820,81.10196908,9.871339684,6.99395088,8.133047512,467,21,491,21,488,512
8,1000,80,7.7,28,31,963,22,11,4,37,7.440073527,101,812,81.67734527,9.421540004,6.942930947,7.967967195,502,13,461,24,515,485
5,1000,80,7.7,28,32,960,19,11,10,40,7.86234388,99,814,81.52694958,9.70941746,6.895653848,8.806108455,480,14,480,26,494,506
6,1000,80,7.7,28,32,967,13,12,8,33,7.316894963,95,819,81.24238614,9.525550221,6.636832389,8.118450198,526,15,441,18,541,459
1,1000,80,7.7,28,31,953,25,13,9,47,7.630519867,117,819,81.71277033,10.07642038,7.246173271,8.01640693,481,20,472,27,501,499
7,1000,80,7.7,28,33,957,19,11,13,43,7.786179095,114,835,81.87423799,9.871904852,7.430093555,8.136612483,481,15,476,28,496,504
4,1000,80,7.7,28,31,959,25,8,8,41,7.576005539,102,808,81.41992854,9.804261421,7.133415843,7.986189823,466,15,493,26,481,519
2,1000,80,7.7,28,27,951,32,10,7,49,7.708142049,82,797,81.34058303,9.603779489,6.99859912,8.464596908,491,25,460,24,516,484
3,1000,80,7.7,28,30,958,27,7,8,42,7.624130373,101,814,81.1388671,9.893961956,7.057068,8.164611697,467,21,491,21,488,512
8,1000,80,7.7,28,32,963,23,10,4,37,7.4475734,112,813,81.71945493,9.445380877,6.956677825,7.968833648,502,13,461,24,515,485
5,1000,80,7.7,28,33,958,21,10,11,42,7.888348479,116,828,81.57922953,9.709274435,6.936104399,8.818009694,479,15,479,27,494,506
7,1000,80,7.7,28,34,956,20,11,13,44,7.806610015,105,822,81.9282603,9.896416757,7.426148536,8.181032423,480,16,476,28,496,504
6,1000,80,7.7,28,33,967,12,13,8,33,7.342305511,108,819,81.27772867,9.557058937,6.656391482,8.150757559,526,15,441,18,541,459
4,1000,80,7.7,28,32,958,26,7,9,42,7.58625525,110,816,81.48196463,9.84349239,7.095497426,8.041080903,466,15,492,27,481,519
1,1000,80,7.7,28,32,953,25,13,9,47,7.649115167,105,817,81.74487255,10.11189946,7.253371698,8.046444783,481,20,472,27,501,499
8,1000,80,7.7,28,33,964,22,10,4,36,7.432049075,110,822,81.79391192,9.492342019,6.97263197,7.919883732,502,13,462,23,515,485
3,1000,80,7.7,28,31,959,27,6,8,41,7.625955275,87,801,81.20045706,9.918806167,7.076041872,8.150091488,467,21,492,20,488,512
2,1000,80,7.7,28,28,951,32,10,7,49,7.706772692,88,839,81.37754658,9.651793606,6.99400784,8.466662494,491,25,460,24,516,484
5,1000,80,7.7,28,34,957,22,10,11,43,7.899972474,106,831,81.66620379,9.735802603,6.951268469,8.82617757,478,16,479,27,494,506
7,1000,80,7.7,28,35,955,19,13,13,45,7.821033018,93,843,81.96989197,9.902285422,7.454142053,8.182100316,480,16,475,29,496,504
6,1000,80,7.7,28,34,967,12,13,8,33,7.359890246,93,818,81.32462601,9.583190546,6.675772144,8.166225525,526,15,441,18,541,459
4,1000,80,7.7,28,33,957,27,7,9,43,7.61230423,88,825,81.48304258,9.85180308,7.141193538,8.048921269,466,15,491,28,481,519
1,1000,80,7.7,28,33,952,25,14,9,48,7.668700932,100,805,81.81832719,10.15234451,7.278898859,8.060065338,481,20,471,28,501,499
8,1000,80,7.7,28,34,963,23,9,5,37,7.470605557,113,816,81.82813088,9.536863976,6.978809259,7.992822246,502,13,461,24,515,485
3,1000,80,7.7,28,32,959,27,6,8,41,7.621291593,98,809,81.26583215,9.942571911,7.080497753,8.136735722,467,21,492,20,488,512
2,1000,80,7.7,28,29,951,32,10,7,49,7.72644149,97,839,81.4014315,9.686547052,6.995925749,8.505255791,491,25,460,24,516,484
5,1000,80,7.7,28,35,957,23,9,11,43,7.901963592,107,829,81.70252269,9.77307747,6.975715843,8.806244991,477,17,480,26,494,506
7,1000,80,7.7,28,36,956,18,13,13,44,7.836830574,91,823,82.02376312,9.949270514,7.457397653,8.210240751,480,16,476,28,496,504
1,1000,80,7.7,28,34,954,24,13,9,46,7.643568411,102,846,81.89041163,10.17197788,7.259403035,8.029273528,482,19,472,27,501,499
6,1000,80,7.7,28,35,967,12,13,8,33,7.374253114,115,825,81.37413579,9.614667372,6.680310312,8.192168267,526,15,441,18,541,459
4,1000,80,7.7,28,34,958,27,6,9,42,7.644069941,109,815,81.54630776,9.871568403,7.160985565,8.091783977,467,14,491,28,481,519
8,1000,80,7.7,28,35,960,26,10,4,40,7.489287406,96,805,81.8740198,9.560808732,7.021004757,7.986535993,500,15,460,25,515,485
3,1000,80,7.7,28,33,959,27,5,9,41,7.634254834,100,804,81.3322277,9.974760985,7.118600831,8.125737555,467,21,492,20,488,512
5,1000,80,7.7,28,36,959,21,9,11,41,7.900445444,113,824,81.73985014,9.802810103,7.022719515,8.757355738,478,16,481,25,494,506
7,1000,80,7.7,28,37,955,19,13,13,45,7.869178584,103,812,82.04602187,9.976295726,7.499390881,8.233096641,479,17,476,28,496,504
2,1000,80,7.7,28,30,951,32,10,7,49,7.743172446,114,809,81.43297722,9.742694862,6.993842939,8.542044399,491,25,460,24,516,484
6,1000,80,7.7,28,36,967,12,13,8,33,7.417124616,85,810,81.40323751,9.654529342,6.740862323,8.214200653,526,15,441,18,541,459
1,1000,80,7.7,28,35,955,22,14,9,45,7.66498657,111,834,81.93954127,10.20254797,7.278626356,8.052895322,483,18,472,27,501,499
4,1000,80,7.7,28,35,957,27,7,9,43,7.702124261,113,830,81.59005672,9.938949308,7.232583577,8.137286244,466,15,491,28,481,519
8,1000,80,7.7,28,36,960,26,10,4,40,7.543893282,99,828,81.92778669,9.589917414,7.105391602,8.009518777,500,15,460,25,515,485
3,1000,80,7.7,28,34,959,27,5,9,41,7.671709783,103,811,81.39069689,9.989025346,7.162621257,8.156934784,467,21,492,20,488,512
5,1000,80,7.7,28,37,960,21,9,10,40,7.917416222,114,827,81.76605059,9.819283724,7.049121764,8.765118717,478,16,482,24,494,506
7,1000,80,7.7,28,38,955,20,12,13,45,7.845090351,130,853,82.10776984,10.01860138,7.48327158,8.201165966,478,18,477,27,496,504
6,1000,80,7.7,28,37,969,11,12,8,31,7.404802178,102,803,81.47924959,9.687806419,6.740679842,8.187569463,526,15,443,16,541,459
2,1000,80,7.7,28,31,951,32,10,7,49,7.762059997,101,824,81.50847161,9.771033556,7.007025878,8.567013728,491,25,460,24,516,484
4,1000,80,7.7,28,36,957,27,7,9,43,7.7266595,112,827,81.64655243,9.944356904,7.272746464,8.147338055,466,15,491,28,481,519
1,1000,80,7.7,28,36,956,22,13,9,44,7.71297841,101,832,81.98584386,10.2361821,7.315112898,8.112438573,484,17,472,27,501,499
8,1000,80,7.7,28,37,960,27,8,5,40,7.56321989,108,836,81.98731942,9.63570429,7.13636192,8.016481446,499,16,461,24,515,485
5,1000,80,7.7,28,38,959,22,9,10,41,7.932347283,99,837,81.83890795,9.859123882,7.06046871,8.783548894,478,16,481,25,494,506
7,1000,80,7.7,28,39,955,21,11,13,45,7.847604484,119,832,82.17557297,10.04262886,7.474811551,8.214480069,478,18,477,27,496,504
3,1000,80,7.7,28,35,957,29,5,9,43,7.729696257,105,800,81.46502159,9.994913085,7.18958918,8.244485815,467,21,490,22,488,512
4,1000,80,7.7,28,37,957,27,7,9,43,7.747550346,106,832,81.7063683,10.01595566,7.259019949,8.200311659,466,15,491,28,481,519
6,1000,80,7.7,28,38,969,11,10,10,31,7.462656114,104,832,81.51832175,9.711554007,6.804117426,8.238842235,526,15,443,16,541,459
2,1000,80,7.7,28,32,952,32,10,6,48,7.782460696,88,808,81.57304718,9.784802806,7.013363822,8.602406951,492,24,460,24,516,484
1,1000,80,7.7,28,37,955,23,13,9,45,7.768826196,106,839,82.0619635,10.28106997,7.372554987,8.166685667,484,17,471,28,501,499
8,1000,80,7.7,28,38,961,25,9,5,39,7.590597392,104,839,82.02390276,9.692006968,7.183948837,8.022399465,499,16,462,23,515,485
5,1000,80,7.7,28,39,959,22,9,10,41,7.913793567,102,834,81.86618213,9.883508357,7.031151315,8.775503592,478,16,481,25,494,506
7,1000,80,7.7,28,40,956,22,9,13,44,7.810637517,116,814,82.22213202,10.06728169,7.487721568,8.128427815,478,18,478,26,496,504
3,1000,80,7.7,28,36,958,29,5,8,42,7.723300562,107,816,81.50836858,10.03460345,7.198789893,8.223224792,467,21,491,21,488,512
6,1000,80,7.7,28,39,969,11,11,9,31,7.487359136,104,812,81.56725097,9.74271068,6.829067488,8.263254085,526,15,443,16,541,459
4,1000,80,7.7,28,38,957,27,7,9,43,7.790706703,123,809,81.78359663,10.05006661,7.262890337,8.279877554,466,15,491,28,481,519
1,1000,80,7.7,28,38,956,22,14,8,44,7.777527494,117,803,82.09316964,10.31591322,7.41919514,8.13729605,485,16,471,28,501,499
8,1000,80,7.7,28,39,960,27,8,5,40,7.602970996,92,828,82.04177388,9.714648939,7.169129769,8.063647762,499,16,461,24,515,485
2,1000,80,7.7,28,33,952,32,10,6,48,7.816044627,99,818,81.6348396,9.816138077,7.070555875,8.610821892,492,24,460,24,516,484
5,1000,80,7.7,28,40,959,22,9,10,41,7.915802312,97,823,81.93123539,9.910049416,7.063927439,8.747474618,478,16,481,25,494,506
7,1000,80,7.7,28,41,955,23,9,13,45,7.859535468,107,810,82.26645194,10.10807383,7.544783559,8.169291316,478,18,477,27,496,504
3,1000,80,7.7,28,37,958,30,4,8,42,7.763833121,96,805,81.57730388,10.06501099,7.200220609,8.301026296,468,20,490,22,488,512
6,1000,80,7.7,28,40,968,12,11,9,32,7.531147807,109,817,81.59457285,9.776483442,6.866065457,8.315046612,526,15,442,17,541,459
4,1000,80,7.7,28,39,958,26,6,10,42,7.809267341,99,823,81.81184563,10.07205969,7.316369105,8.266076689,466,15,492,27,481,519
1,1000,80,7.7,28,39,957,22,13,8,43,7.783181853,96,858,82.18068485,10.33948342,7.469541712,8.098079069,484,17,473,26,501,499
8,1000,80,7.7,28,40,960,28,8,4,40,7.627375613,103,835,82.10189726,9.720511881,7.149959965,8.134322125,500,15,460,25,515,485
7,1000,80,7.7,28,42,954,24,9,13,46,7.882040074,116,830,82.30969351,10.14655485,7.527911289,8.230547768,478,18,476,28,496,504
5,1000,80,7.7,28,41,959,21,9,11,41,7.939033114,110,817,81.97044023,9.935941065,7.116770937,8.741795002,478,16,481,25,494,506
2,1000,80,7.7,28,34,954,30,10,6,46,7.787611257,100,816,81.69446831,9.84467194,7.06662175,8.556269492,493,23,461,23,516,484
3,1000,80,7.7,28,38,958,30,4,8,42,7.803663444,103,822,81.6661079,10.08411708,7.260147611,8.321701971,468,20,490,22,488,512
6,1000,80,7.7,28,41,970,10,11,9,30,7.549494325,106,848,81.69155048,9.79765218,6.858223685,8.364259938,527,14,443,16,541,459
4,1000,80,7.7,28,40,961,24,5,10,39,7.790696265,103,816,81.88593413,10.12151419,7.344521818,8.204202833,466,15,495,24,481,519
1,1000,80,7.7,28,40,957,22,13,8,43,7.800028568,108,824,82.21522954,10.37980304,7.477964396,8.123383578,484,17,473,26,501,499
8,1000,80,7.7,28,41,959,29,8,4,41,7.670905061,110,814,82.13812984,9.747933181,7.193907198,8.177407947,499,16,460,25,515,485
7,1000,80,7.7,28,43,953,24,9,14,47,7.925779929,90,795,82.3525756,10.15154687,7.550956951,8.294653335,477,19,476,28,496,504
5,1000,80,7.7,28,42,960,22,8,10,40,7.920412027,129,808,82.03908095,9.990578506,7.115370244,8.70636191,479,15,481,25,494,506
2,1000,80,7.7,28,35,954,30,10,6,46,7.806900687,97,828,81.73383039,9.862716123,7.096323938,8.564457716,493,23,461,23,516,484
3,1000,80,7.7,28,39,957,31,4,8,43,7.834421026,109,815,81.69497618,10.10552884,7.306319534,8.337767761,467,21,490,22,488,512
6,1000,80,7.7,28,42,970,11,11,8,30,7.543565144,111,837,81.73544447,9.809740865,6.857082155,8.352687796,527,14,443,16,541,459
7,1000,80,7.7,28,44,953,23,10,14,47,7.966875173,105,831,82.38989694,10.16769923,7.598362504,8.329538434,477,19,476,28,496,504
8,1000,80,7.7,28,42,958,29,9,4,42,7.710545611,100,852,82.20615897,9.782636809,7.262522322,8.186281681,499,16,459,26,515,485
4,1000,80,7.7,28,41,960,25,4,11,40,7.835663636,106,825,81.94076443,10.12344972,7.383817993,8.254426168,466,15,494,25,481,519
5,1000,80,7.7,28,43,960,21,9,10,40,7.963377181,85,826,82.08296611,10.03179556,7.170580816,8.737372051,479,15,481,25,494,506
1,1000,80,7.7,28,41,956,23,13,8,44,7.852430441,106,829,82.2794763,10.39298135,7.541369129,8.164738492,483,18,473,26,501,499
2,1000,80,7.7,28,36,955,29,10,6,45,7.819762396,100,831,81.79326393,9.899188261,7.089999503,8.597774076,494,22,461,23,516,484
3,1000,80,7.7,28,40,958,31,4,7,42,7.857277664,111,826,81.75181909,10.13328833,7.330037674,8.35980328,468,20,490,22,488,512
6,1000,80,7.7,28,43,968,13,11,8,32,7.571605093,103,820,81.75769671,9.847238315,6.873851357,8.394012002,526,15,442,17,541,459
7,1000,80,7.7,28,45,951,25,9,15,49,8.020175987,93,819,82.4371994,10.20688498,7.678060205,8.356861359,476,20,475,29,496,504
8,1000,80,7.7,28,43,958,29,9,4,42,7.727263507,107,848,82.2433615,9.799221908,7.307044731,8.173475196,499,16,459,26,515,485
5,1000,80,7.7,28,44,960,21,9,10,40,7.95659996,115,822,82.09440136,10.0720619,7.215878179,8.679755216,479,15,481,25,494,506
4,1000,80,7.7,28,42,960,25,4,11,40,7.863940927,104,796,81.99623668,10.15352458,7.384342477,8.308424268,466,15,494,25,481,519
1,1000,80,7.7,28,42,958,22,12,8,42,7.855425732,109,855,82.34256307,10.392896,7.548182415,8.163900485,484,17,474,25,501,499
3,1000,80,7.7,28,41,957,33,3,7,43,7.876825396,102,820,81.81116397,10.17100135,7.348414447,8.380467082,466,22,491,21,488,512
2,1000,80,7.7,28,37,956,28,10,6,44,7.826375757,112,811,81.84959829,9.934819137,7.122319923,8.576980737,495,21,461,23,516,484
6,1000,80,7.7,28,44,970,13,9,8,30,7.551302039,103,828,81.79207063,9.885367813,6.861276179,8.364600492,527,14,443,16,541,459
7,1000,80,7.7,28,46,950,26,9,15,50,8.049260131,103,829,82.45101869,10.22585455,7.724829407,8.36854116,475,21,475,29,496,504
5,1000,80,7.7,28,45,957,24,9,10,43,7.99180321,125,831,82.1361297,10.10059151,7.270832048,8.695676241,479,15,478,28,494,506
8,1000,80,7.7,28,44,959,28,9,4,41,7.743204266,104,840,82.30729925,9.809151364,7.377201876,8.131845979,499,16,460,25,515,485
1,1000,80,7.7,28,43,959,20,13,8,41,7.871951403,121,834,82.40193839,10.43249225,7.553927862,8.191249588,485,16,474,25,501,499
4,1000,80,7.7,28,43,961,25,4,10,39,7.834225346,98,825,82.05622004,10.16924296,7.364751973,8.269324946,466,15,495,24,481,519
3,1000,80,7.7,28,42,957,33,3,7,43,7.938420279,108,806,81.86842076,10.19481858,7.390439905,8.460714073,467,21,490,22,488,512
6,1000,80,7.7,28,45,970,13,9,8,30,7.591952972,89,818,81.84245626,9.920880058,6.887754612,8.421955833,527,14,443,16,541,459
7,1000,80,7.7,28,47,950,25,10,15,50,8.085775276,115,814,82.51584248,10.2427365,7.789013459,8.377826589,475,21,475,29,496,504
2,1000,80,7.7,28,38,954,30,10,6,46,7.860633049,101,827,81.93649208,9.97796124,7.142901733,8.625817675,495,21,459,25,516,484
5,1000,80,7.7,28,46,958,24,9,9,42,7.97669339,114,839,82.184516,10.13455429,7.280409227,8.656464885,480,14,478,28,494,506
8,1000,80,7.7,28,45,961,26,9,4,39,7.7695761,105,814,82.34898765,9.828067781,7.385026922,8.177911826,499,16,462,23,515,485
4,1000,80,7.7,28,44,960,26,4,10,40,7.868812801,96,824,82.08589477,10.19800091,7.387032846,8.315317923,466,15,494,25,481,519
1,1000,80,7.7,28,44,958,21,13,8,42,7.914573816,114,827,82.48482697,10.45605038,7.601023256,8.229381092,485,16,473,26,501,499
3,1000,80,7.7,28,43,959,29,5,7,41,7.948643751,122,829,81.94811884,10.1996088,7.4089713,8.463019056,469,19,490,22,488,512
6,1000,80,7.7,28,46,970,13,9,8,30,7.612176877,85,826,81.90042456,9.942350461,6.93098283,8.415065721,527,14,443,16,541,459
7,1000,80,7.7,28,48,948,27,10,15,52,8.111591549,131,841,82.56365868,10.28126509,7.787557283,8.430482414,475,21,473,31,496,504
5,1000,80,7.7,28,47,958,24,9,9,42,7.995550901,113,810,82.24172593,10.15489266,7.283088556,8.691116906,480,14,478,28,494,506
8,1000,80,7.7,28,46,960,27,9,4,40,7.813756501,104,835,82.40320249,9.86499429,7.433961509,8.217043966,499,16,461,24,515,485
2,1000,80,7.7,28,39,953,31,10,6,47,7.874429223,99,814,81.98056032,10.0086233,7.179353252,8.61546063,493,23,460,24,516,484
1,1000,80,7.7,28,45,959,21,11,9,41,7.920913366,120,818,82.55342679,10.48145402,7.594465484,8.248669656,486,15,473,26,501,499
4,1000,80,7.7,28,45,960,26,4,10,40,7.863012112,104,837,82.10816757,10.21317658,7.366811897,8.322881676,466,15,494,25,481,519
7,1000,80,7.7,28,49,951,25,9,15,49,8.122631775,116,826,82.66787235,10.32511389,7.803072738,8.437118446,477,19,474,30,496,504
6,1000,80,7.7,28,47,971,13,8,8,29,7.617429877,115,838,81.94831125,9.959240274,6.952606477,8.40102347,527,14,444,15,541,459
3,1000,80,7.7,28,44,960,28,6,6,40,7.972414671,116,817,81.99301906,10.20621844,7.438895536,8.480925096,469,19,491,21,488,512
5,1000,80,7.7,28,48,959,24,8,9,41,7.994627267,105,829,82.30008893,10.18103508,7.28964584,8.682889766,481,13,478,28,494,506
8,1000,80,7.7,28,47,959,28,9,4,41,7.853972518,91,839,82.44452549,9.900948984,7.452143083,8.280657381,499,16,460,25,515,485
1,1000,80,7.7,28,46,959,21,11,9,41,7.937319957,106,816,82.61701279,10.4982018,7.611996858,8.263946958,486,15,473,26,501,499
4,1000,80,7.7,28,46,962,25,4,9,38,7.858843637,122,816,82.14035256,10.22045058,7.359205482,8.321899422,467,14,495,24,481,519
2,1000,80,7.7,28,40,953,31,10,6,47,7.904860078,116,818,82.03672966,10.03058614,7.218773924,8.6363073,493,23,460,24,516,484
7,1000,80,7.7,28,50,951,26,9,14,49,8.123374499,122,839,82.75836537,10.36178779,7.808245624,8.433501329,477,19,474,30,496,504
6,1000,80,7.7,28,48,972,13,8,7,28,7.632097126,94,836,82.02793477,10.01438301,6.988690026,8.390448414,527,14,445,14,541,459
3,1000,80,7.7,28,45,960,28,6,6,40,7.976632138,108,828,82.0699338,10.24969601,7.429889946,8.497745789,469,19,491,21,488,512
5,1000,80,7.7,28,49,959,23,10,8,41,7.991984802,121,810,82.34784369,10.18759206,7.322632768,8.645462874,481,13,478,28,494,506
8,1000,80,7.7,28,48,959,27,10,4,41,7.872696408,101,844,82.53223855,9.926619029,7.49114231,8.27785179,499,16,460,25,515,485
1,1000,80,7.7,28,47,957,23,11,9,43,7.965578216,118,849,82.6681849,10.51461441,7.611336487,8.321239751,485,16,472,27,501,499
4,1000,80,7.7,28,47,962,25,4,9,38,7.887952351,120,829,82.17138016,10.25934867,7.395668642,8.344192165,466,15,496,23,481,519
2,1000,80,7.7,28,41,954,29,11,6,46,7.937380837,111,827,82.06806536,10.0812382,7.260971278,8.658511689,493,23,461,23,516,484
7,1000,80,7.7,28,51,951,26,9,14,49,8.125629323,106,833,82.80543303,10.42136733,7.792712196,8.453262051,477,19,474,30,496,504
6,1000,80,7.7,28,49,974,12,7,7,26,7.630598019,115,845,82.09887565,10.04621502,6.976828517,8.401162943,528,13,446,13,541,459
5,1000,80,7.7,28,50,961,21,10,8,39,7.992227846,117,840,82.39617422,10.22469127,7.322249392,8.646317483,481,13,480,26,494,506
3,1000,80,7.7,28,46,959,29,6,6,41,7.993400423,105,848,82.10842186,10.26481299,7.454607902,8.506937045,469,19,490,22,488,512
8,1000,80,7.7,28,49,961,25,10,4,39,7.84920661,115,839,82.60437435,9.995270807,7.506597646,8.213007881,499,16,462,23,515,485
1,1000,80,7.7,28,48,957,21,13,9,43,7.98086357,115,847,82.72746267,10.51785763,7.587693036,8.375609939,485,16,472,27,501,499
4,1000,80,7.7,28,48,960,27,4,9,40,7.873434327,124,820,82.20911528,10.28076854,7.36579481,8.343905632,465,16,495,24,481,519
2,1000,80,7.7,28,42,957,28,9,6,43,7.946311443,106,811,82.09717637,10.12927329,7.254591613,8.683764816,495,21,462,22,516,484
7,1000,80,7.7,28,52,950,27,9,14,50,8.138918337,111,818,82.87475345,10.45158851,7.789525226,8.482765525,476,20,474,30,496,504
6,1000,80,7.7,28,50,974,12,6,8,26,7.656415888,98,824,82.14701322,10.07645343,7.011097746,8.417019623,528,13,446,13,541,459
5,1000,80,7.7,28,51,961,21,10,8,39,8.038793126,108,845,82.43434936,10.24691119,7.407533189,8.655082471,481,13,480,26,494,506
3,1000,80,7.7,28,47,959,29,6,6,41,8.0140302,107,813,82.17854313,10.26660181,7.475736274,8.527091598,469,19,490,22,488,512
8,1000,80,7.7,28,50,960,27,10,3,40,7.846499683,113,843,82.63658956,10.01956359,7.548076483,8.163382051,498,17,462,23,515,485
1,1000,80,7.7,28,49,954,24,13,9,46,8.003595461,124,825,82.77648253,10.57673226,7.620907185,8.387817557,483,18,471,28,501,499
4,1000,80,7.7,28,49,960,27,4,9,40,7.920221038,128,827,82.26266204,10.3132226,7.389965385,8.411652578,465,16,495,24,481,519
7,1000,80,7.7,28,53,947,29,10,14,53,8.138317118,114,816,82.92502507,10.47783341,7.81690565,8.454626818,475,21,472,32,496,504
2,1000,80,7.7,28,43,956,28,9,7,44,7.999966442,114,827,82.10936479,10.15682903,7.322653868,8.722060012,495,21,461,23,516,484
6,1000,80,7.7,28,51,974,12,6,8,26,7.68380815,116,824,82.17417288,10.09743075,7.062401514,8.416228607,528,13,446,13,541,459
5,1000,80,7.7,28,52,961,21,10,8,39,8.05636786,91,815,82.53060429,10.26413846,7.411374911,8.686064534,481,13,480,26,494,506
8,1000,80,7.7,28,51,960,27,10,3,40,7.852517316,108,831,82.6944609,10.06107848,7.567867833,8.154773983,498,17,462,23,515,485
3,1000,80,7.7,28,48,959,29,6,6,41,8.046484409,110,825,82.21646348,10.28991655,7.519134944,8.549114368,469,19,490,22,488,512
1,1000,80,7.7,28,50,953,25,13,9,47,8.012290113,103,832,82.82922768,10.61427461,7.649528782,8.376505397,482,19,471,28,501,499
4,1000,80,7.7,28,50,960,27,4,9,40,7.953735994,115,822,82.33324284,10.33197963,7.376905781,8.488332011,466,15,494,25,481,519
7,1000,80,7.7,28,54,949,27,11,13,51,8.134253876,113,827,82.99418271,10.49854798,7.808151296,8.455180224,475,21,474,30,496,504
6,1000,80,7.7,28,52,974,12,6,8,26,7.674011797,122,824,82.25261891,10.14202042,7.044318416,8.416199419,528,13,446,13,541,459
5,1000,80,7.7,28,53,960,22,10,8,40,8.066221965,111,844,82.58350437,10.27609353,7.419645763,8.697464345,480,14,480,26,494,506
2,1000,80,7.7,28,44,957,27,9,7,43,7.997849275,84,824,82.19425318,10.19305357,7.341199067,8.697914373,495,21,462,22,516,484
8,1000,80,7.7,28,52,960,26,11,3,40,7.883587972,101,831,82.76027124,10.09643379,7.609243153,8.174902573,498,17,462,23,515,485
1,1000,80,7.7,28,51,954,25,13,8,46,8.022087268,121,831,82.8827378,10.64770216,7.622768162,8.423006851,483,18,471,28,501,499
4,1000,80,7.7,28,51,961,26,4,9,39,7.956236621,129,812,82.39041156,10.34236154,7.37308936,8.496687165,466,15,495,24,481,519
3,1000,80,7.7,28,49,958,30,6,6,42,8.080919596,106,840,82.26906102,10.31813475,7.547640075,8.58920164,468,20,490,22,488,512
7,1000,80,7.7,28,55,948,28,11,13,52,8.15205881,92,845,83.03105615,10.51593609,7.833087933,8.465966658,475,21,473,31,496,504
5,1000,80,7.7,28,54,959,23,10,8,41,8.065134346,120,819,82.63287674,10.3117761,7.434259191,8.681048034,480,14,479,27,494,506
6,1000,80,7.7,28,53,974,12,6,8,26,7.680101748,112,832,82.32136627,10.16751341,7.05364864,8.418470226,528,13,446,13,541,459
8,1000,80,7.7,28,53,959,27,11,3,41,7.926632555,94,825,82.79875989,10.13825605,7.683266641,8.18505203,497,18,462,23,515,485
1,1000,80,7.7,28,52,955,25,12,8,45,8.009009186,113,827,82.94155217,10.6736376,7.633418113,8.386105634,483,18,472,27,501,499
2,1000,80,7.7,28,45,955,28,10,7,45,8.04745565,96,816,82.24467246,10.21872728,7.437296745,8.697955641,494,22,461,23,516,484
4,1000,80,7.7,28,52,961,25,4,10,39,8.012493772,98,815,82.47076501,10.36360166,7.399885139,8.580248595,466,15,495,24,481,519
3,1000,80,7.7,28,50,959,30,6,5,41,8.065151976,104,827,82.31733357,10.352275,7.565707327,8.541185157,468,20,491,21,488,512
7,1000,80,7.7,28,56,948,28,11,13,52,8.20465513,106,838,83.0719352,10.55359203,7.857266537,8.546529618,475,21,473,31,496,504
6,1000,80,7.7,28,54,974,11,6,9,26,7.714206943,112,847,82.3626545,10.189758,7.105959032,8.431117879,528,13,446,13,541,459
5,1000,80,7.7,28,55,960,22,10,8,40,8.061417822,109,837,82.69493338,10.35732548,7.426592794,8.681187711,481,13,479,27,494,506
8,1000,80,7.7,28,54,959,27,10,4,41,7.981136396,101,845,82.83431619,10.17912752,7.759231367,8.216767509,497,18,462,23,515,485
1,1000,80,7.7,28,53,957,22,13,8,43,7.993784499,112,846,83.01465302,10.69823336,7.633306239,8.355707563,483,18,474,25,501,499
2,1000,80,7.7,28,46,955,27,11,7,45,8.088619805,121,831,82.28504578,10.27246275,7.474900354,8.74291575,494,22,461,23,516,484
4,1000,80,7.7,28,53,961,25,4,10,39,8.009921795,102,840,82.52213932,10.39250645,7.38413545,8.589889486,466,15,495,24,481,519
3,1000,80,7.7,28,51,959,30,6,5,41,8.092767625,112,828,82.40948462,10.38238912,7.596334019,8.565930906,468,20,491,21,488,512
7,1000,80,7.7,28,57,949,27,11,13,51,8.209406846,111,857,83.13001503,10.59186135,7.88116619,8.532437334,475,21,474,30,496,504
6,1000,80,7.7,28,55,972,12,7,9,28,7.722928014,109,842,82.41527444,10.209231,7.102943429,8.453672373,527,14,445,14,541,459
5,1000,80,7.7,28,56,959,23,11,7,41,8.074092017,105,839,82.76956307,10.39027164,7.440371361,8.692783724,480,14,479,27,494,506
1,1000,80,7.7,28,54,958,21,13,8,42,8.000908751,118,817,83.05987608,10.74427665,7.650083283,8.353140333,483,18,475,24,501,499
8,1000,80,7.7,28,55,959,27,10,4,41,8.033202958,112,832,82.88560819,10.20500714,7.795092263,8.286042151,497,18,462,23,515,485
4,1000,80,7.7,28,54,960,26,5,9,40,8.03535388,110,834,82.59251528,10.43088089,7.38159373,8.641247198,466,15,494,25,481,519
2,1000,80,7.7,28,47,955,25,13,7,45,8.10460997,116,829,82.33972176,10.31714222,7.512894522,8.735447101,493,23,462,22,516,484
3,1000,80,7.7,28,52,960,30,6,4,40,8.09076078,115,822,82.44183111,10.41323476,7.573648408,8.58363351,468,20,492,20,488,512
7,1000,80,7.7,28,58,949,28,10,13,51,8.232708095,124,818,83.17568838,10.62280816,7.90823686,8.552028993,476,20,473,31,496,504
6,1000,80,7.7,28,56,972,12,7,9,28,7.729402078,106,836,82.47226889,10.24470193,7.105669975,8.464563445,527,14,445,14,541,459
5,1000,80,7.7,28,57,959,23,10,8,41,8.106377386,108,838,82.85038719,10.43266233,7.462224126,8.735254284,480,14,479,27,494,506
1,1000,80,7.7,28,55,958,22,13,7,42,8.021860035,113,830,83.12486831,10.77738009,7.671279489,8.373845714,483,18,475,24,501,499
8,1000,80,7.7,28,56,959,26,11,4,41,8.103557749,117,824,82.92924195,10.24300107,7.823595411,8.400837345,497,18,462,23,515,485
4,1000,80,7.7,28,55,958,27,6,9,42,8.039246926,106,826,82.62718217,10.44889866,7.379254799,8.650915931,464,17,494,25,481,519
7,1000,80,7.7,28,59,949,28,10,13,51,8.240875073,106,853,83.2362247,10.66779086,7.948385422,8.52872203,476,20,473,31,496,504
2,1000,80,7.7,28,48,955,24,14,7,45,8.112332627,118,820,82.39587974,10.34515296,7.510089749,8.754393217,494,22,461,23,516,484
3,1000,80,7.7,28,53,958,31,7,4,42,8.112619893,107,824,82.51324305,10.41442245,7.607356459,8.594199103,467,21,491,21,488,512
6,1000,80,7.7,28,57,973,11,7,9,27,7.749734194,106,837,82.53483013,10.29970897,7.130472697,8.479626284,528,13,445,14,541,459
5,1000,80,7.7,28,58,960,22,10,8,40,8.127718939,121,823,82.89917083,10.46285988,7.496956183,8.743522894,480,14,480,26,494,506
1,1000,80,7.7,28,56,958,22,13,7,42,8.052442219,115,829,83.18234636,10.8149469,7.705438113,8.400837122,483,18,475,24,501,499
4,1000,80,7.7,28,56,959,26,6,9,41,8.067746085,92,860,82.65648578,10.47413239,7.388005335,8.697717762,464,17,495,24,481,519
8,1000,80,7.7,28,57,959,26,11,4,41,8.127019129,112,857,82.9865428,10.2796955,7.855060816,8.415799606,497,18,462,23,515,485
7,1000,80,7.7,28,60,947,30,10,13,53,8.289917949,105,840,83.29378836,10.67652173,8.003633629,8.571658073,475,21,472,32,496,504
3,1000,80,7.7,28,54,959,30,7,4,41,8.11519463,106,814,82.57546278,10.44797433,7.637605582,8.570396693,467,21,492,20,488,512
2,1000,80,7.7,28,49,954,24,14,8,46,8.129402938,118,847,82.47624345,10.39254067,7.519116037,8.780039386,494,22,460,24,516,484
6,1000,80,7.7,28,58,973,9,9,9,27,7.76113071,117,847,82.58059127,10.31016335,7.119844785,8.516981876,528,13,445,14,541,459
5,1000,80,7.7,28,59,960,21,11,8,40,8.178426441,104,834,82.93814356,10.46698361,7.541562353,8.800187033,480,14,480,26,494,506
1,1000,80,7.7,28,57,959,21,13,7,41,8.03663192,112,846,83.25392438,10.83904641,7.69911491,8.375501705,483,18,476,23,501,499
4,1000,80,7.7,28,57,959,26,6,9,41,8.086828444,114,826,82.69056136,10.5109546,7.403569994,8.720060265,464,17,495,24,481,519
8,1000,80,7.7,28,58,959,26,11,4,41,8.137823899,122,854,83.07835804,10.3027276,7.870305622,8.421889698,497,18,462,23,515,485
7,1000,80,7.7,28,61,943,34,9,14,57,8.320671694,103,830,83.38030921,10.68408609,8.019317065,8.617242916,472,24,471,33,496,504
6,1000,80,7.7,28,59,973,9,9,9,27,7.789282457,111,824,82.63979658,10.33080585,7.126308795,8.570695858,528,13,445,14,541,459
5,1000,80,7.7,28,60,960,21,11,8,40,8.16876269,115,827,82.98745917,10.49958827,7.507879948,8.813972323,480,14,480,26,494,506
3,1000,80,7.7,28,55,959,30,7,4,41,8.162704256,103,816,82.63187082,10.4765413,7.667204245,8.634977704,467,21,492,20,488,512
2,1000,80,7.7,28,50,954,24,14,8,46,8.164851059,108,816,82.50857699,10.39776175,7.561076721,8.80854436,494,22,460,24,516,484
1,1000,80,7.7,28,58,958,22,13,7,42,8.063064476,126,835,83.31850063,10.8688365,7.721499589,8.40599836,483,18,475,24,501,499
4,1000,80,7.7,28,58,959,27,6,8,41,8.081142237,104,841,82.75042794,10.55097731,7.411340368,8.701902736,464,17,495,24,481,519
8,1000,80,7.7,28,59,957,28,11,4,43,8.165128464,105,842,83.09847946,10.30472272,7.880285526,8.467590552,497,18,460,25,515,485
7,1000,80,7.7,28,62,943,35,10,12,57,8.337220563,107,821,83.43096488,10.7041645,8.025514634,8.64397878,472,24,471,33,496,504
6,1000,80,7.7,28,60,971,12,9,8,29,7.815783784,110,836,82.6741441,10.38018941,7.155855883,8.593607301,526,15,445,14,541,459
5,1000,80,7.7,28,61,960,22,10,8,40,8.1651811,111,844,83.02859989,10.53588228,7.534917829,8.780497415,479,15,481,25,494,506
3,1000,80,7.7,28,56,960,28,9,3,40,8.141655518,124,828,82.66385169,10.49621327,7.669461148,8.591715776,468,20,492,20,488,512
1,1000,80,7.7,28,59,961,21,10,8,39,8.076295711,120,841,83.38617979,10.92065541,7.746263908,8.407650286,484,17,477,22,501,499
8,1000,80,7.7,28,60,954,31,10,5,46,8.174875195,97,832,83.14834146,10.32968791,7.897478789,8.469430141,495,20,459,26,515,485
4,1000,80,7.7,28,59,958,28,6,8,42,8.128188205,119,824,82.80753879,10.56709212,7.428743331,8.776421315,464,17,494,25,481,519
2,1000,80,7.7,28,51,952,26,14,8,48,8.195345837,105,847,82.54060882,10.42835022,7.576674811,8.854920733,493,23,459,25,516,484
7,1000,80,7.7,28,63,942,36,10,12,58,8.354869832,125,837,83.51376886,10.73498632,8.087033871,8.618454429,471,25,471,33,496,504
6,1000,80,7.7,28,61,971,12,9,8,29,7.844664144,101,807,82.74795661,10.4269311,7.176372825,8.632345198,526,15,445,14,541,459
5,1000,80,7.7,28,62,960,22,10,8,40,8.188851126,105,821,83.09923989,10.55239881,7.535540004,8.826668704,480,14,480,26,494,506
3,1000,80,7.7,28,57,960,28,9,3,40,8.149096575,102,802,82.71196565,10.52066782,7.655277349,8.619768024,468,20,492,20,488,512
1,1000,80,7.7,28,60,961,22,9,8,39,8.063892028,116,853,83.46615391,10.9481747,7.747057949,8.381995984,484,17,477,22,501,499
8,1000,80,7.7,28,61,955,30,10,5,45,8.207883776,109,841,83.19848976,10.36177913,7.932084685,8.500742605,495,20,460,25,515,485
4,1000,80,7.7,28,60,957,28,7,8,43,8.145416298,123,819,82.86499138,10.6030324,7.430558758,8.807933594,464,17,493,26,481,519
2,1000,80,7.7,28,52,953,26,13,8,47,8.180188216,109,810,82.58603556,10.48412795,7.565735626,8.83526577,493,23,460,24,516,484
7,1000,80,7.7,28,64,943,35,10,12,57,8.377106581,122,839,83.55676166,10.78081233,8.093844883,8.655872062,472,24,471,33,496,504
5,1000,80,7.7,28,63,960,23,9,8,40,8.230114936,113,852,83.16200792,10.58419932,7.568740996,8.875804119,479,15,481,25,494,506
6,1000,80,7.7,28,62,970,13,9,8,30,7.865612448,111,839,82.77977424,10.45089929,7.200939869,8.649028276,525,16,445,14,541,459
3,1000,80,7.7,28,58,959,29,9,3,41,8.170509296,127,824,82.77591015,10.54719178,7.705933838,8.613307779,467,21,492,20,488,512
1,1000,80,7.7,28,61,961,22,9,8,39,8.067831987,119,857,83.51132581,10.95551302,7.727776497,8.409250424,485,16,476,23,501,499
8,1000,80,7.7,28,62,956,29,10,5,44,8.240033553,116,845,83.26130875,10.39756217,7.959466646,8.537955114,496,19,460,25,515,485
4,1000,80,7.7,28,61,956,29,7,8,44,8.16592333,95,841,82.92460734,10.61802383,7.43978242,8.838897854,464,17,492,27,481,519
7,1000,80,7.7,28,65,944,34,11,11,56,8.373046717,113,831,83.61309373,10.85530921,8.106847014,8.635021028,472,24,472,32,496,504
2,1000,80,7.7,28,53,953,26,13,8,47,8.208087083,102,830,82.65973159,10.5399154,7.619220919,8.835886547,493,23,460,24,516,484
6,1000,80,7.7,28,63,970,13,9,8,30,7.865946703,116,835,82.82837998,10.47017128,7.193018376,8.659093162,525,16,445,14,541,459
5,1000,80,7.7,28,64,960,23,9,8,40,8.236043327,120,820,83.20578572,10.62759445,7.561310848,8.894774246,479,15,481,25,494,506
1,1000,80,7.7,28,62,960,22,9,9,40,8.067113702,130,844,83.54113972,10.96235105,7.730624164,8.404951896,484,17,476,23,501,499
3,1000,80,7.7,28,59,958,30,9,3,42,8.203995187,123,852,82.86758026,10.57255337,7.735605607,8.650429006,466,22,492,20,488,512
8,1000,80,7.7,28,63,958,27,9,6,42,8.245249083,98,828,83.32642475,10.41629173,7.951551497,8.557113531,498,17,460,25,515,485
7,1000,80,7.7,28,66,944,34,11,11,56,8.371981993,120,830,83.6641606,10.90335087,8.105961198,8.633780237,472,24,472,32,496,504
4,1000,80,7.7,28,62,956,29,7,8,44,8.175187317,122,846,83.00171643,10.65544942,7.445980664,8.851003116,464,17,492,27,481,519
6,1000,80,7.7,28,64,970,13,9,8,30,7.877237551,119,846,82.86958961,10.49593588,7.191523015,8.685454467,525,16,445,14,541,459
5,1000,80,7.7,28,65,959,25,9,7,41,8.257483656,118,825,83.25975939,10.6491065,7.57379326,8.924960052,479,15,480,26,494,506
2,1000,80,7.7,28,54,950,29,13,8,50,8.23899698,111,836,82.70896563,10.58748498,7.624819273,8.893781478,493,23,457,27,516,484
3,1000,80,7.7,28,60,958,30,9,3,42,8.187395002,105,846,82.94783762,10.59309096,7.719198087,8.633645187,466,22,492,20,488,512
1,1000,80,7.7,28,63,960,21,10,9,40,8.071438804,121,839,83.60349758,11.00484728,7.73143248,8.412807879,485,16,475,24,501,499
8,1000,80,7.7,28,64,956,29,9,6,44,8.262313058,109,850,83.34789855,10.46080421,7.975486509,8.566881456,497,18,459,26,515,485
7,1000,80,7.7,28,67,944,33,11,12,56,8.375901842,119,858,83.7110855,10.92865073,8.140473,8.607593719,471,25,473,31,496,504
6,1000,80,7.7,28,65,970,12,10,8,30,7.921550133,117,825,82.93206311,10.52068453,7.244966422,8.719005007,525,16,445,14,541,459
4,1000,80,7.7,28,63,957,28,7,8,43,8.179769509,107,843,83.07734906,10.69835459,7.450739513,8.855421586,464,17,493,26,481,519
5,1000,80,7.7,28,66,959,26,8,7,41,8.271361317,106,850,83.30567641,10.66919384,7.593015326,8.933620051,479,15,480,26,494,506
2,1000,80,7.7,28,55,951,29,12,8,49,8.247405049,126,835,82.7816552,10.59610789,7.670591198,8.862355352,493,23,458,26,516,484
8,1000,80,7.7,28,65,955,30,9,6,45,8.316118936,110,839,83.40876255,10.47494756,8.059313146,8.588809621,496,19,459,26,515,485
3,1000,80,7.7,28,61,956,32,9,3,44,8.208146099,118,799,82.9654067,10.68009342,7.753704933,8.641285335,466,22,490,22,488,512
1,1000,80,7.7,28,64,959,22,10,9,41,8.097385122,110,845,83.65753742,11.01365219,7.751838265,8.444316936,485,16,474,25,501,499
7,1000,80,7.7,28,68,944,35,10,11,56,8.376720873,132,845,83.7664061,10.96416748,8.17129694,8.578884109,469,27,475,29,496,504
6,1000,80,7.7,28,66,970,13,9,8,30,7.926380521,112,833,82.97186754,10.56300369,7.233041074,8.743584532,525,16,445,14,541,459
5,1000,80,7.7,28,67,958,26,9,7,42,8.307901614,125,866,83.36818012,10.71127811,7.585032717,9.013627375,478,16,480,26,494,506
4,1000,80,7.7,28,64,959,26,7,8,41,8.203345872,97,834,83.12917456,10.73377193,7.482425052,8.871482508,465,16,494,25,481,519
8,1000,80,7.7,28,66,954,31,9,6,46,8.310116794,128,840,83.44952934,10.49503351,8.03453707,8.602742687,496,19,458,27,515,485
3,1000,80,7.7,28,62,956,30,11,3,44,8.212555798,124,829,83.03362232,10.70947708,7.749928222,8.653497707,466,22,490,22,488,512
7,1000,80,7.7,28,69,945,34,11,10,55,8.395549439,104,846,83.78346435,11.00513753,8.234074569,8.554461216,469,27,476,28,496,504
2,1000,80,7.7,28,56,951,29,12,8,49,8.277014364,114,822,82.83052355,10.62435981,7.709761139,8.881771933,493,23,458,26,516,484
1,1000,80,7.7,28,65,958,22,11,9,42,8.120386893,107,837,83.72115258,11.01530006,7.776626551,8.465525032,485,16,473,26,501,499
6,1000,80,7.7,28,67,968,15,9,8,32,7.974468354,107,823,83.06011041,10.59749171,7.280632241,8.792257758,524,17,444,15,541,459
5,1000,80,7.7,28,68,958,25,10,7,42,8.323143727,116,843,83.3975465,10.72292746,7.566882902,9.061469512,479,15,479,27,494,506
4,1000,80,7.7,28,65,958,27,6,9,42,8.208724044,129,844,83.16503405,10.77509325,7.485193153,8.879279648,465,16,493,26,481,519
8,1000,80,7.7,28,67,953,31,9,7,47,8.342975498,125,860,83.49150565,10.51103638,8.072697578,8.62997164,495,20,458,27,515,485
7,1000,80,7.7,28,70,945,34,11,10,55,8.42562923,116,840,83.84364978,11.02955381,8.236134063,8.612116536,469,27,476,28,496,504
3,1000,80,7.7,28,63,955,31,10,4,45,8.236985015,136,823,83.09276397,10.76106494,7.806686167,8.647113604,465,23,490,22,488,512
1,1000,80,7.7,28,66,958,22,11,9,42,8.142992417,121,837,83.74807335,11.02556674,7.811251978,8.476062476,485,16,473,26,501,499
6,1000,80,7.7,28,68,969,14,9,8,31,7.976511805,127,831,83.13244802,10.62902773,7.281331495,8.795885546,524,17,445,14,541,459
2,1000,80,7.7,28,57,951,29,12,8,49,8.301552395,111,845,82.84756994,10.62169312,7.769036991,8.869275428,493,23,458,26,516,484
5,1000,80,7.7,28,69,958,25,10,7,42,8.316089256,116,835,83.44772107,10.7536875,7.551984469,9.062072982,479,15,479,27,494,506
4,1000,80,7.7,28,66,959,26,6,9,41,8.222225154,123,830,83.21118974,10.79984592,7.48270553,8.907598832,465,16,494,25,481,519
8,1000,80,7.7,28,68,952,32,9,7,48,8.363621614,104,852,83.54557101,10.55611216,8.119443842,8.622903166,494,21,458,27,515,485
7,1000,80,7.7,28,71,945,34,11,10,55,8.474747407,123,837,83.88091469,11.05137896,8.291862889,8.654728995,469,27,476,28,496,504
3,1000,80,7.7,28,64,954,32,10,4,46,8.254217809,116,835,83.16438061,10.82247264,7.800668717,8.686506787,465,23,489,23,488,512
1,1000,80,7.7,28,67,957,22,12,9,43,8.17923407,123,836,83.80449992,11.06997982,7.897601827,8.4619951,484,17,473,26,501,499
5,1000,80,7.7,28,70,959,24,10,7,41,8.335267871,109,830,83.50645432,10.77198908,7.572326921,9.08011536,479,15,480,26,494,506
6,1000,80,7.7,28,69,968,15,8,9,32,8.007784925,102,832,83.16711696,10.67119671,7.298744513,8.843494866,524,17,444,15,541,459
2,1000,80,7.7,28,58,951,29,12,8,49,8.309321455,119,832,82.88691494,10.64883264,7.781986764,8.871521249,493,23,458,26,516,484
4,1000,80,7.7,28,67,958,27,6,9,42,8.235472451,117,826,83.26471941,10.82410335,7.480823754,8.934867486,465,16,493,26,481,519
8,1000,80,7.7,28,69,953,31,8,8,47,8.374365992,95,843,83.58115916,10.59114648,8.119858743,8.644615957,494,21,459,26,515,485
7,1000,80,7.7,28,72,945,34,11,10,55,8.478185227,140,816,83.95440121,11.06571978,8.298695808,8.654825608,469,27,476,28,496,504
3,1000,80,7.7,28,65,953,33,10,4,47,8.265665311,111,837,83.20367932,10.84249009,7.829857836,8.681044311,465,23,488,24,488,512
5,1000,80,7.7,28,71,959,25,10,6,41,8.339945966,110,867,83.5417161,10.79928461,7.598878813,9.063438405,478,16,481,25,494,506
1,1000,80,7.7,28,68,956,24,11,9,44,8.161884259,125,841,83.8566055,11.10484178,7.930554915,8.394140776,483,18,473,26,501,499
6,1000,80,7.7,28,70,968,15,8,9,32,8.014230363,107,851,83.20260949,10.68648731,7.315618012,8.837649277,524,17,444,15,541,459
2,1000,80,7.7,28,59,952,28,12,8,48,8.29221961,116,842,82.95002518,10.68051047,7.746320313,8.874211424,493,23,459,25,516,484
4,1000,80,7.7,28,68,957,28,5,10,43,8.277629138,98,839,83.34506535,10.85884202,7.560615142,8.942145,464,17,493,26,481,519
7,1000,80,7.7,28,73,943,36,11,10,57,8.462009772,110,853,83.98805085,11.13848924,8.28828029,8.632981644,469,27,474,30,496,504
8,1000,80,7.7,28,70,953,30,8,9,47,8.402474153,103,842,83.61947167,10.61602658,8.140225601,8.680944266,494,21,459,26,515,485
5,1000,80,7.7,28,72,958,26,10,6,42,8.346427836,115,848,83.59451043,10.847815,7.602170376,9.073034922,478,16,480,26,494,506
3,1000,80,7.7,28,66,953,33,11,3,47,8.264916276,111,832,83.21277367,10.90495258,7.832954906,8.676629457,465,23,488,24,488,512
1,1000,80,7.7,28,69,956,24,11,9,44,8.172302413,107,841,83.9192807,11.11908697,7.957644529,8.387820649,482,19,474,25,501,499
6,1000,80,7.7,28,71,968,15,8,9,32,8.025664125,110,839,83.25373738,10.70609484,7.356390286,8.814503226,524,17,444,15,541,459
7,1000,80,7.7,28,74,944,35,10,11,56,8.461138714,110,827,84.0629865,11.17341464,8.290972055,8.628604314,469,27,475,29,496,504
4,1000,80,7.7,28,69,957,28,5,10,43,8.265266479,113,836,83.38337188,10.88598156,7.591617725,8.889592203,464,17,493,26,481,519
8,1000,80,7.7,28,71,953,30,8,9,47,8.411147283,115,841,83.67315369,10.63393682,8.15018279,8.688253908,494,21,459,26,515,485
2,1000,80,7.7,28,60,954,26,13,7,46,8.274189063,109,819,83.03373895,10.69993312,7.725940627,8.858685328,494,22,460,24,516,484
5,1000,80,7.7,28,73,958,26,10,6,42,8.362174324,131,845,83.63244765,10.87276462,7.623841339,9.082997436,478,16,480,26,494,506
3,1000,80,7.7,28,67,954,33,10,3,46,8.31205151,125,823,83.26613942,10.93321937,7.892535233,8.711902962,466,22,488,24,488,512
1,1000,80,7.7,28,70,958,22,11,9,42,8.169463824,114,858,83.94529714,11.16278904,8.011969167,8.327589723,482,19,476,23,501,499
6,1000,80,7.7,28,72,969,15,8,8,31,8.041509741,119,833,83.29530778,10.72779609,7.412398505,8.783011219,524,17,445,14,541,459
7,1000,80,7.7,28,75,944,35,10,11,56,8.469100748,114,835,84.13931859,11.21075499,8.282582804,8.65265809,469,27,475,29,496,504
8,1000,80,7.7,28,72,954,29,9,8,46,8.418305077,123,839,83.70314301,10.68543926,8.164600119,8.687703125,495,20,459,26,515,485
4,1000,80,7.7,28,70,956,29,5,10,44,8.274693282,106,830,83.42540649,10.91510473,7.621923755,8.879668509,464,17,492,27,481,519
5,1000,80,7.7,28,74,959,25,10,6,41,8.364911422,139,852,83.66817868,10.91170866,7.636346726,9.076197904,478,16,481,25,494,506
2,1000,80,7.7,28,61,957,26,12,5,43,8.260650065,108,837,83.11827684,10.72266987,7.698647718,8.859809593,495,21,462,22,516,484
3,1000,80,7.7,28,68,952,35,10,3,48,8.307942117,105,842,83.29488942,10.95712175,7.909927869,8.687299448,465,23,487,25,488,512
1,1000,80,7.7,28,71,957,22,12,9,43,8.188432799,103,820,83.99718114,11.18765795,8.043218745,8.334228873,481,20,476,23,501,499
6,1000,80,7.7,28,73,969,15,8,8,31,8.059772844,129,824,83.34424132,10.75592153,7.45170302,8.776473879,524,17,445,14,541,459
7,1000,80,7.7,28,76,946,34,10,10,54,8.480259381,130,849,84.21166169,11.2539039,8.343718711,8.614632738,470,26,476,28,496,504
8,1000,80,7.7,28,73,956,30,7,7,44,8.393284061,113,826,83.75745839,10.72750889,8.109992049,8.69409929,497,18,459,26,515,485
4,1000,80,7.7,28,71,957,26,6,11,43,8.301611718,120,817,83.48752875,10.93417467,7.642609438,8.91236335,465,16,492,27,481,519
5,1000,80,7.7,28,75,960,25,9,6,40,8.375737516,109,853,83.72954906,10.95935039,7.630869559,9.102940621,479,15,481,25,494,506
3,1000,80,7.7,28,69,952,34,11,3,48,8.305189121,122,858,83.35101191,11.00686874,7.906834275,8.684871083,464,24,488,24,488,512
1,1000,80,7.7,28,72,957,22,12,9,43,8.20805917,116,834,84.04789611,11.22575415,8.058118286,8.358601019,481,20,476,23,501,499
2,1000,80,7.7,28,62,957,26,12,5,43,8.321049953,102,822,83.13667885,10.75656983,7.772906616,8.905434173,495,21,462,22,516,484
7,1000,80,7.7,28,77,946,34,10,10,54,8.522675759,117,842,84.23291805,11.27538344,8.388927519,8.654301011,470,26,476,28,496,504
6,1000,80,7.7,28,74,969,15,8,8,31,8.056960208,111,856,83.40422155,10.77894498,7.442381553,8.781332871,524,17,445,14,541,459
8,1000,80,7.7,28,74,955,30,8,7,45,8.431184953,125,847,83.79321678,10.74954352,8.14561227,8.734421925,497,18,458,27,515,485
5,1000,80,7.7,28,76,961,24,9,6,39,8.399858252,123,850,83.79716336,11.00268299,7.653605183,9.128413619,480,14,481,25,494,506
4,1000,80,7.7,28,72,956,27,7,10,44,8.333438319,105,846,83.52192277,10.96143491,7.645561975,8.97094992,465,16,491,28,481,519
3,1000,80,7.7,28,70,951,35,11,3,49,8.294386349,122,830,83.39810966,11.03483471,7.908010071,8.662651239,464,24,487,25,488,512
1,1000,80,7.7,28,73,958,21,12,9,42,8.214006268,129,852,84.12408358,11.25758469,8.090298187,8.338210172,481,20,477,22,501,499
7,1000,80,7.7,28,78,947,32,11,10,53,8.538644099,115,847,84.31107195,11.29876583,8.409268006,8.665966604,470,26,477,27,496,504
6,1000,80,7.7,28,75,968,16,8,8,32,8.085725875,102,852,83.44833181,10.83092375,7.494815556,8.782201872,524,17,444,15,541,459
8,1000,80,7.7,28,75,955,30,8,7,45,8.446588052,107,812,83.88321829,10.80120605,8.148158115,8.763477573,497,18,458,27,515,485
2,1000,80,7.7,28,63,958,26,10,6,42,8.336679806,111,845,83.1671021,10.78980712,7.78538615,8.924422629,496,20,462,22,516,484
5,1000,80,7.7,28,77,963,23,8,6,37,8.424241681,91,849,83.85357346,11.01800906,7.640598948,9.189300002,481,13,482,24,494,506
4,1000,80,7.7,28,73,956,27,7,10,44,8.346144754,125,847,83.55854838,10.97432766,7.699156145,8.945762327,465,16,491,28,481,519
3,1000,80,7.7,28,71,948,37,12,3,52,8.34197994,121,850,83.45184435,11.03247575,7.922432491,8.741861103,463,25,485,27,488,512
7,1000,80,7.7,28,79,948,31,11,10,52,8.535904245,112,860,84.37970148,11.33315097,8.403378115,8.666326786,470,26,478,26,496,504
1,1000,80,7.7,28,74,957,22,12,9,43,8.251034166,112,853,84.17908209,11.28026324,8.144891864,8.357601889,481,20,476,23,501,499
6,1000,80,7.7,28,76,969,14,9,8,31,8.110832263,108,834,83.51349361,10.87853435,7.561699883,8.758066723,524,17,445,14,541,459
8,1000,80,7.7,28,76,955,30,8,7,45,8.441304234,132,819,83.96924359,10.82386341,8.149938319,8.750692782,497,18,458,27,515,485
5,1000,80,7.7,28,78,963,23,8,6,37,8.43686067,110,825,83.90553971,11.04602224,7.635734755,9.21898755,481,13,482,24,494,506
2,1000,80,7.7,28,64,957,27,10,6,43,8.329218289,111,845,83.24775613,10.8244622,7.791837818,8.902128046,495,21,462,22,516,484
4,1000,80,7.7,28,74,956,26,8,10,44,8.389646675,115,847,83.61963651,11.03070942,7.745187088,8.986920396,465,16,491,28,481,519
7,1000,80,7.7,28,80,947,32,11,10,53,8.538496806,117,831,84.47082613,11.37092827,8.398570131,8.676202422,469,27,478,26,496,504
3,1000,80,7.7,28,72,948,37,12,3,52,8.372841256,108,834,83.51121471,11.06428132,7.982676429,8.744717106,463,25,485,27,488,512
1,1000,80,7.7,28,75,959,21,10,10,41,8.236889852,120,843,84.24912764,11.30889022,8.110818727,8.363466273,482,19,477,22,501,499
6,1000,80,7.7,28,77,969,14,9,8,31,8.081443062,118,825,83.56129252,10.94643988,7.568963862,8.68547628,524,17,445,14,541,459
8,1000,80,7.7,28,77,955,29,9,7,45,8.474304427,107,842,84.03711729,10.85946271,8.227119492,8.736779152,497,18,458,27,515,485
5,1000,80,7.7,28,79,962,24,8,6,38,8.420121974,108,837,83.96134686,11.10157263,7.65171194,9.170308844,480,14,482,24,494,506
2,1000,80,7.7,28,65,958,27,10,5,42,8.334454232,118,821,83.31400994,10.86376069,7.77984947,8.925727078,496,20,462,22,516,484
4,1000,80,7.7,28,75,956,25,9,10,44,8.407034322,83,844,83.66915385,11.07626585,7.748128922,9.017696167,465,16,491,28,481,519
7,1000,80,7.7,28,81,946,33,11,10,54,8.555819989,117,843,84.56040648,11.39572721,8.409651509,8.699668334,469,27,477,27,496,504
3,1000,80,7.7,28,73,947,39,10,4,53,8.427737365,104,847,83.56292505,11.078164,8.088191585,8.751366935,462,26,485,27,488,512
6,1000,80,7.7,28,78,969,14,9,8,31,8.108232767,112,842,83.63540102,10.9874096,7.582622986,8.727742336,524,17,445,14,541,459
1,1000,80,7.7,28,76,958,22,10,10,42,8.254693662,124,836,84.28816579,11.33323025,8.170696203,8.339027783,481,20,477,22,501,499
8,1000,80,7.7,28,78,956,28,9,7,44,8.499517322,131,824,84.0813692,10.90268778,8.229363867,8.786381301,497,18,459,26,515,485
5,1000,80,7.7,28,80,959,27,8,6,41,8.459415189,139,867,83.99525416,11.15224186,7.670319303,9.229797338,478,16,481,25,494,506
4,1000,80,7.7,28,76,956,25,9,10,44,8.415628971,121,839,83.75169971,11.09187544,7.753386283,9.029383755,465,16,491,28,481,519
2,1000,80,7.7,28,66,957,29,10,4,43,8.320107622,126,840,83.37818936,10.90195569,7.75413875,8.923495923,495,21,462,22,516,484
7,1000,80,7.7,28,82,945,34,11,10,55,8.603314594,121,848,84.56016755,11.41530235,8.468539862,8.735950045,468,28,477,27,496,504
3,1000,80,7.7,28,74,947,39,10,4,53,8.445534169,126,839,83.6227326,11.10164223,8.136278954,8.740293047,462,26,485,27,488,512
1,1000,80,7.7,28,77,956,23,11,10,44,8.274158682,121,833,84.31723995,11.33716531,8.219707763,8.328827842,479,22,477,22,501,499
8,1000,80,7.7,28,79,955,30,9,6,45,8.488753861,115,844,84.12418483,10.93273315,8.189927132,8.806064717,497,18,458,27,515,485
6,1000,80,7.7,28,79,969,13,10,8,31,8.137630147,123,840,83.66866927,11.02236782,7.585038368,8.788942026,524,17,445,14,541,459
5,1000,80,7.7,28,81,960,26,8,6,40,8.454830669,126,843,84.03815516,11.21420768,7.676165447,9.215029523,478,16,482,24,494,506
4,1000,80,7.7,28,77,956,25,8,11,44,8.446479627,124,855,83.79760943,11.11245427,7.807411913,9.038756255,465,16,491,28,481,519
7,1000,80,7.7,28,83,946,33,11,10,54,8.595114361,136,874,84.61405801,11.45577891,8.439747526,8.748015055,469,27,477,27,496,504
2,1000,80,7.7,28,67,955,31,10,4,45,8.351784855,111,848,83.43260942,10.94517883,7.796163378,8.944141635,493,23,462,22,516,484
3,1000,80,7.7,28,75,945,41,10,4,55,8.465225135,117,836,83.7187038,11.14459789,8.122513307,8.791872345,462,26,483,29,488,512
8,1000,80,7.7,28,80,955,29,10,6,45,8.486970722,102,826,84.21007769,10.97861381,8.167403058,8.826305458,497,18,458,27,515,485
5,1000,80,7.7,28,82,959,27,8,6,41,8.487030845,100,845,84.09334667,11.25060383,7.711527633,9.244142677,477,17,482,24,494,506
6,1000,80,7.7,28,80,968,14,10,8,32,8.149047056,128,842,83.72850635,11.04954024,7.613327794,8.780472155,523,18,445,14,541,459
1,1000,80,7.7,28,78,956,23,11,10,44,8.312423496,104,851,84.38980182,11.35774923,8.236940948,8.388208579,479,22,477,22,501,499
7,1000,80,7.7,28,84,946,33,11,10,54,8.605575038,114,845,84.67046688,11.49593789,8.422507178,8.785737059,469,27,477,27,496,504
4,1000,80,7.7,28,78,955,26,9,10,45,8.466080028,113,827,83.87884184,11.16422103,7.808654124,9.075370703,465,16,490,29,481,519
2,1000,80,7.7,28,68,957,29,10,4,43,8.358385146,109,847,83.5273673,10.96762153,7.816872523,8.935700257,494,22,463,21,516,484
5,1000,80,7.7,28,83,959,27,8,6,41,8.535428663,108,838,84.11965779,11.28827512,7.773629423,9.279161518,477,17,482,24,494,506
8,1000,80,7.7,28,81,955,29,10,6,45,8.491449686,110,843,84.28531464,11.01222806,8.159981471,8.84342109,497,18,458,27,515,485
3,1000,80,7.7,28,76,944,40,11,5,56,8.495265651,119,838,83.75614961,11.16789858,8.146131819,8.828033834,462,26,482,30,488,512
1,1000,80,7.7,28,79,957,23,11,9,43,8.327018539,122,856,84.44874579,11.38025414,8.250658524,8.403684608,480,21,477,22,501,499
6,1000,80,7.7,28,81,967,15,10,8,33,8.153317789,105,825,83.75442947,11.06762373,7.61930981,8.782725887,523,18,444,15,541,459
7,1000,80,7.7,28,85,946,33,11,10,54,8.598824052,115,851,84.74251221,11.52622037,8.41617957,8.778569414,469,27,477,27,496,504
4,1000,80,7.7,28,79,955,26,9,10,45,8.494505696,108,821,83.89999782,11.18151765,7.842904684,9.098397964,465,16,490,29,481,519
5,1000,80,7.7,28,84,959,27,7,7,41,8.550606502,99,857,84.18672884,11.30740409,7.800818638,9.282612836,477,17,482,24,494,506
8,1000,80,7.7,28,82,953,30,10,7,47,8.572320568,99,846,84.38120216,11.01474373,8.237901359,8.927425502,495,20,458,27,515,485
6,1000,80,7.7,28,82,964,18,10,8,36,8.191279214,117,843,83.79700857,11.09509433,7.669550053,8.806214892,522,19,442,17,541,459
3,1000,80,7.7,28,77,944,39,12,5,56,8.512410425,123,859,83.83172891,11.1978358,8.175524378,8.833504938,462,26,482,30,488,512
1,1000,80,7.7,28,80,957,23,10,10,43,8.356308232,110,843,84.49707721,11.42748913,8.28578577,8.427113348,480,21,477,22,501,499
2,1000,80,7.7,28,69,956,31,10,3,44,8.342629945,138,849,83.58307252,10.99603768,7.821545324,8.898166441,493,23,463,21,516,484
7,1000,80,7.7,28,86,946,32,12,10,54,8.615327625,123,846,84.80745436,11.54540025,8.422196889,8.805392795,469,27,477,27,496,504
4,1000,80,7.7,28,80,956,26,8,10,44,8.512969518,125,847,83.95079908,11.23206052,7.846487453,9.130653282,466,15,490,29,481,519
5,1000,80,7.7,28,85,958,28,7,7,42,8.562828811,105,844,84.23822671,11.32861581,7.803457898,9.304190928,477,17,481,25,494,506
8,1000,80,7.7,28,83,953,30,10,7,47,8.566537686,111,848,84.47055359,11.04281582,8.239576986,8.913722759,495,20,458,27,515,485
6,1000,80,7.7,28,83,965,17,10,8,35,8.20501311,121,828,83.86094303,11.13645395,7.664215247,8.842424099,523,18,442,17,541,459
1,1000,80,7.7,28,81,956,24,10,10,44,8.373902889,116,831,84.55896466,11.46233227,8.361358243,8.386497815,479,22,477,22,501,499
3,1000,80,7.7,28,78,946,38,11,5,54,8.507040378,129,841,83.8668349,11.24950963,8.207306761,8.792723983,463,25,483,29,488,512
7,1000,80,7.7,28,87,946,32,12,10,54,8.61818564,129,830,84.86047497,11.57181709,8.463804185,8.770116595,469,27,477,27,496,504
2,1000,80,7.7,28,70,955,32,10,3,45,8.371444653,120,843,83.67267315,11.03498922,7.880286681,8.895075878,493,23,462,22,516,484
4,1000,80,7.7,28,81,956,26,8,10,44,8.525374848,119,844,83.98656429,11.25953711,7.858889213,9.143061919,466,15,490,29,481,519
5,1000,80,7.7,28,86,957,29,7,7,43,8.569475643,121,862,84.32481388,11.3292604,7.795260804,9.325329657,476,18,481,25,494,506
8,1000,80,7.7,28,84,953,31,9,7,47,8.576363288,102,831,84.51487134,11.05351508,8.250396086,8.922493409,495,20,458,27,515,485
6,1000,80,7.7,28,84,964,18,10,8,36,8.213075869,134,858,83.93236441,11.16157262,7.662879377,8.861564546,523,18,441,18,541,459
1,1000,80,7.7,28,82,957,23,10,10,43,8.393574224,114,852,84.61265333,11.49050564,8.383835829,8.403351651,479,22,478,21,501,499
3,1000,80,7.7,28,79,947,37,11,5,53,8.520277189,112,833,83.93904927,11.28776792,8.220072124,8.806410141,464,24,483,29,488,512
7,1000,80,7.7,28,88,945,31,14,10,55,8.660166181,132,858,84.90994595,11.6032612,8.494490769,8.823211825,468,28,477,27,496,504
2,1000,80,7.7,28,71,952,33,12,3,48,8.403845282,114,844,83.70977024,11.10875085,7.892481136,8.949018628,492,24,460,24,516,484
4,1000,80,7.7,28,82,956,25,9,10,44,8.561329154,131,847,84.07148613,11.29850494,7.895632724,9.178284805,466,15,490,29,481,519
5,1000,80,7.7,28,87,957,29,7,7,43,8.584321205,124,835,84.39165395,11.38322889,7.814189081,9.336189325,476,18,481,25,494,506
8,1000,80,7.7,28,85,953,33,8,6,47,8.567106697,98,848,84.60238203,11.07297779,8.252330909,8.901353153,495,20,458,27,515,485
6,1000,80,7.7,28,85,963,20,9,8,37,8.239392379,110,851,83.98489137,11.18781794,7.674095885,8.905678661,523,18,440,19,541,459
1,1000,80,7.7,28,83,956,24,10,10,44,8.408114432,113,845,84.68301394,11.51557988,8.402887913,8.413361899,478,23,478,21,501,499
3,1000,80,7.7,28,80,949,36,10,5,51,8.481366104,117,849,84.00247074,11.31858192,8.180996491,8.767655891,467,21,482,30,488,512
7,1000,80,7.7,28,89,946,31,14,9,54,8.625791577,118,864,84.9426541,11.63938482,8.440458418,8.80818294,469,27,477,27,496,504
4,1000,80,7.7,28,83,956,25,9,10,44,8.576277322,109,846,84.13402734,11.31758955,7.925124204,9.179754489,466,15,490,29,481,519
2,1000,80,7.7,28,72,952,31,14,3,48,8.418084045,112,851,83.74635933,11.12739458,7.923351786,8.945525876,492,24,460,24,516,484
5,1000,80,7.7,28,88,956,30,7,7,44,8.610748536,119,867,84.44324765,11.40710476,7.843867153,9.35944301,475,19,481,25,494,506
8,1000,80,7.7,28,86,952,33,9,6,48,8.585446666,118,848,84.69710662,11.10697522,8.285838424,8.903587377,494,21,458,27,515,485
6,1000,80,7.7,28,86,963,20,9,8,37,8.253900042,123,856,84.01298406,11.22238482,7.650001881,8.96568415,523,18,440,19,541,459
1,1000,80,7.7,28,84,955,25,10,10,45,8.463630976,136,840,84.71381764,11.53920628,8.437539111,8.489827416,478,23,477,22,501,499
3,1000,80,7.7,28,81,948,36,11,5,52,8.488603603,107,844,84.075118,11.35628238,8.186113337,8.776914637,466,22,482,30,488,512
7,1000,80,7.7,28,90,947,31,13,9,53,8.621043078,131,856,84.99474633,11.66068381,8.401622024,8.836981258,470,26,477,27,496,504
4,1000,80,7.7,28,84,956,25,9,10,44,8.584934651,119,838,84.18173143,11.33204868,7.910992803,9.209532008,466,15,490,29,481,519
5,1000,80,7.7,28,89,955,31,7,7,45,8.622190796,124,832,84.45955024,11.45237296,7.81958888,9.405758674,475,19,480,26,494,506
8,1000,80,7.7,28,87,952,33,9,6,48,8.585126,152,852,84.71516771,11.14436752,8.285488648,8.903297621,494,21,458,27,515,485
2,1000,80,7.7,28,73,953,30,14,3,47,8.453960333,108,834,83.78000472,11.15697461,7.951056382,8.990114132,493,23,460,24,516,484
6,1000,80,7.7,28,87,964,20,8,8,36,8.262129914,122,831,84.06443163,11.24997256,7.651747874,8.981556241,523,18,441,18,541,459
1,1000,80,7.7,28,85,955,26,10,9,45,8.442943439,129,843,84.74023922,11.57778189,8.404041624,8.482001173,478,23,477,22,501,499
7,1000,80,7.7,28,91,948,30,13,9,52,8.609759954,120,846,85.04851889,11.68015829,8.393007005,8.82307238,471,25,477,27,496,504
3,1000,80,7.7,28,82,947,36,11,6,53,8.505554712,114,836,84.12538031,11.39347832,8.202134411,8.794752185,465,23,482,30,488,512
4,1000,80,7.7,28,85,956,25,9,10,44,8.602312459,114,841,84.24439178,11.34824056,7.879178447,9.272500243,466,15,490,29,481,519
5,1000,80,7.7,28,90,956,30,7,7,44,8.618917255,118,852,84.51059651,11.49032437,7.836612619,9.382669212,475,19,481,25,494,506
8,1000,80,7.7,28,88,950,35,9,6,50,8.610974691,121,834,84.7637785,11.17235559,8.316118722,8.924069173,494,21,456,29,515,485
6,1000,80,7.7,28,88,963,21,8,8,37,8.306798223,110,854,84.1172295,11.32035833,7.694860569,9.028058071,522,19,441,18,541,459
1,1000,80,7.7,28,86,953,28,10,9,47,8.477223043,107,862,84.82400158,11.6160922,8.432073848,8.522553196,477,24,476,23,501,499
2,1000,80,7.7,28,74,953,31,13,3,47,8.509590746,115,838,83.84942158,11.21394725,8.019327916,9.032267648,493,23,460,24,516,484
7,1000,80,7.7,28,92,948,29,14,9,52,8.605593649,131,851,85.10182022,11.69335643,8.406478108,8.801548626,471,25,477,27,496,504
3,1000,80,7.7,28,83,950,34,10,6,50,8.470660781,121,845,84.20623543,11.44143717,8.128151231,8.797115196,468,20,482,30,488,512
4,1000,80,7.7,28,86,955,28,8,9,45,8.594408629,127,830,84.29222205,11.38463847,7.866041231,9.269446622,466,15,489,30,481,519
5,1000,80,7.7,28,91,956,30,7,7,44,8.650866958,126,844,84.56600935,11.51341313,7.867477307,9.415678198,475,19,481,25,494,506
8,1000,80,7.7,28,89,950,34,10,6,50,8.596332555,123,848,84.8354892,11.21153299,8.297266357,8.913897693,494,21,456,29,515,485
6,1000,80,7.7,28,89,964,22,8,6,36,8.289583102,137,832,84.17412152,11.35640453,7.697668874,8.987242355,522,19,442,17,541,459
1,1000,80,7.7,28,87,955,27,9,9,45,8.477793465,124,861,84.84665411,11.61464482,8.421724055,8.534087602,479,22,476,23,501,499
7,1000,80,7.7,28,93,947,29,17,7,53,8.644488658,120,846,85.16800773,11.75324213,8.442052889,8.84371116,470,26,477,27,496,504
2,1000,80,7.7,28,75,954,29,13,4,46,8.555581998,127,845,83.95444154,11.24490141,8.068244087,9.075140597,493,23,461,23,516,484
3,1000,80,7.7,28,84,949,35,10,6,51,8.517227334,115,854,84.26129645,11.5045141,8.166136923,8.851860382,468,20,481,31,488,512
4,1000,80,7.7,28,87,955,28,8,9,45,8.572528893,108,828,84.35845014,11.43562519,7.836235215,9.254912821,466,15,489,30,481,519
5,1000,80,7.7,28,92,956,30,7,7,44,8.655589255,118,855,84.63137861,11.56333521,7.883096707,9.409761823,475,19,481,25,494,506
8,1000,80,7.7,28,90,949,35,10,6,51,8.625359985,100,861,84.89249193,11.25372849,8.348455506,8.919392576,493,22,456,29,515,485
6,1000,80,7.7,28,90,966,21,7,6,34,8.321706063,107,847,84.22370885,11.39731538,7.764323298,8.978664835,522,19,444,15,541,459
1,1000,80,7.7,28,88,956,27,8,9,44,8.486092935,110,845,84.90056826,11.6239865,8.472561193,8.499678912,480,21,476,23,501,499
7,1000,80,7.7,28,94,945,31,17,7,55,8.647379616,125,850,85.22577673,11.81056903,8.458079715,8.833674758,469,27,476,28,496,504
2,1000,80,7.7,28,76,955,29,12,4,45,8.561395939,100,839,84.00178954,11.28217579,8.075066766,9.079879107,494,22,461,23,516,484
3,1000,80,7.7,28,85,949,35,9,7,51,8.508947034,127,862,84.33118227,11.54569332,8.161889663,8.839736091,468,20,481,31,488,512
4,1000,80,7.7,28,88,952,31,8,9,48,8.6342805,125,850,84.42610375,11.4671514,7.96128915,9.257996953,464,17,488,31,481,519
5,1000,80,7.7,28,93,956,30,7,7,44,8.671050657,124,825,84.67022056,11.60487046,7.90978681,9.414260816,476,18,480,26,494,506
8,1000,80,7.7,28,91,950,35,9,6,50,8.659706154,127,830,84.93062694,11.2961082,8.411883603,8.922857934,493,22,457,28,515,485
6,1000,80,7.7,28,91,965,22,7,6,35,8.351977744,111,846,84.27713505,11.47263692,7.797251905,9.005804932,521,20,444,15,541,459
7,1000,80,7.7,28,95,944,32,17,7,56,8.663870889,120,834,85.26399623,11.84005837,8.476197038,8.848565789,469,27,475,29,496,504
1,1000,80,7.7,28,89,955,28,8,9,45,8.526561227,118,860,84.9348632,11.65537982,8.511146033,8.542038206,480,21,475,24,501,499
3,1000,80,7.7,28,86,949,35,9,7,51,8.502740513,103,848,84.37959484,11.58343582,8.139123222,8.849313243,468,20,481,31,488,512
4,1000,80,7.7,28,89,952,31,8,9,48,8.687023861,116,845,84.48574302,11.49576649,7.989174875,9.33377793,464,17,488,31,481,519
2,1000,80,7.7,28,77,955,29,12,4,45,8.581350431,114,838,84.05079862,11.32305666,8.107295232,9.086748123,494,22,461,23,516,484
5,1000,80,7.7,28,94,954,30,9,7,46,8.680213222,119,836,84.70908919,11.65931775,7.93261841,9.410078513,475,19,479,27,494,506
8,1000,80,7.7,28,92,949,36,9,6,51,8.649209584,111,867,84.98334887,11.3092968,8.411264379,8.90187305,492,23,457,28,515,485
6,1000,80,7.7,28,92,965,23,7,5,35,8.364328392,105,858,84.39335917,11.50433082,7.798782691,9.030908402,521,20,444,15,541,459
7,1000,80,7.7,28,96,942,34,18,6,58,8.656169957,140,846,85.34391924,11.87528268,8.439799725,8.86910574,468,28,474,30,496,504
1,1000,80,7.7,28,90,957,27,7,9,43,8.507156736,147,868,84.97125941,11.65342742,8.505826394,8.508492409,481,20,476,23,501,499
4,1000,80,7.7,28,90,951,32,8,9,49,8.73023823,104,836,84.54966857,11.51200889,8.04935624,9.361267589,463,18,488,31,481,519
5,1000,80,7.7,28,95,953,31,9,7,47,8.725866858,109,852,84.77360356,11.67945563,7.994463225,9.439924951,474,20,479,27,494,506
3,1000,80,7.7,28,87,950,34,9,7,50,8.54732434,121,865,84.38973836,11.61688864,8.182751182,8.894808132,469,19,481,31,488,512
2,1000,80,7.7,28,78,953,30,13,4,47,8.614872205,108,850,84.11479845,11.37276499,8.125331123,9.136779639,492,24,461,23,516,484
6,1000,80,7.7,28,93,963,23,9,5,37,8.409799164,116,845,84.43294335,11.51949441,7.824948618,9.099132814,521,20,442,17,541,459
8,1000,80,7.7,28,93,949,36,9,6,51,8.674847747,117,876,85.01092584,11.33278063,8.447630369,8.916119808,492,23,457,28,515,485
7,1000,80,7.7,28,97,942,34,18,6,58,8.685985776,128,853,85.37020182,11.88770288,8.510101624,8.859078116,468,28,474,30,496,504
1,1000,80,7.7,28,91,956,28,7,9,44,8.546115814,113,837,85.06733658,11.68730196,8.546974051,8.545254137,480,21,476,23,501,499
4,1000,80,7.7,28,91,952,31,8,9,48,8.744882516,122,851,84.60776301,11.54193525,8.068536509,9.371708007,464,17,488,31,481,519
5,1000,80,7.7,28,96,954,30,9,7,46,8.717939469,119,859,84.8186392,11.70873563,7.99897244,9.419855897,474,20,480,26,494,506
3,1000,80,7.7,28,88,951,34,9,6,49,8.545886136,120,854,84.46496227,11.62270547,8.148868268,8.924293792,469,19,482,30,488,512
6,1000,80,7.7,28,94,960,26,9,5,40,8.422432442,137,836,84.48336735,11.55785467,7.842769719,9.105651469,519,22,441,18,541,459
8,1000,80,7.7,28,94,948,36,10,6,52,8.720618986,117,859,85.05615808,11.36826257,8.466000095,8.9909875,492,23,456,29,515,485
7,1000,80,7.7,28,98,942,36,16,6,58,8.675351004,107,840,85.44146607,11.90171048,8.536445084,8.812052068,467,29,475,29,496,504
1,1000,80,7.7,28,92,955,29,7,9,45,8.574331618,115,860,85.14302954,11.72812808,8.557335213,8.591396145,480,21,475,24,501,499
2,1000,80,7.7,28,79,952,30,14,4,48,8.633883455,103,840,84.16567677,11.39602553,8.154733306,9.144712953,492,24,460,24,516,484
4,1000,80,7.7,28,92,951,32,8,9,49,8.786590012,116,876,84.70016631,11.59413825,8.130697994,9.394459108,462,19,489,30,481,519
5,1000,80,7.7,28,97,953,31,9,7,47,8.724189717,132,848,84.86498618,11.75963926,8.023172581,9.408581941,474,20,479,27,494,506
3,1000,80,7.7,28,89,952,33,9,6,48,8.504820218,112,846,84.51895458,11.66123213,8.145891637,8.846924022,469,19,483,29,488,512
6,1000,80,7.7,28,95,959,27,9,5,41,8.439222585,128,842,84.54120229,11.60168053,7.8525224,9.130736312,518,23,441,18,541,459
8,1000,80,7.7,28,95,950,33,11,6,50,8.726535118,119,860,85.07762786,11.3907784,8.494454656,8.972971072,492,23,458,27,515,485
7,1000,80,7.7,28,99,941,37,16,6,59,8.72129853,126,848,85.45170342,11.95642411,8.575460509,8.864821661,467,29,474,30,496,504
1,1000,80,7.7,28,93,955,29,7,9,45,8.555640816,122,866,85.20375097,11.78903811,8.559279165,8.551987885,480,21,475,24,501,499
2,1000,80,7.7,28,80,950,32,14,4,50,8.654263569,122,839,84.21327433,11.4247023,8.16110106,9.180031863,491,25,459,25,516,484
4,1000,80,7.7,28,93,951,34,7,8,49,8.807195338,127,853,84.71672188,11.61932327,8.155159112,9.411490954,462,19,489,30,481,519
5,1000,80,7.7,28,98,953,31,9,7,47,8.737635603,116,849,84.91559595,11.78712509,8.047542403,9.411362957,475,19,478,28,494,506
6,1000,80,7.7,28,96,959,27,9,5,41,8.427584757,130,855,84.61321098,11.63033835,7.851184968,9.10695793,518,23,441,18,541,459
3,1000,80,7.7,28,90,952,32,10,6,48,8.530331724,117,866,84.5474626,11.68607782,8.181235851,8.863063727,469,19,483,29,488,512
8,1000,80,7.7,28,96,950,33,11,6,50,8.716044596,115,835,85.12372157,11.40993291,8.497843365,8.94774281,492,23,458,27,515,485
7,1000,80,7.7,28,100,941,36,16,7,59,8.716959107,107,858,85.51918444,11.98621099,8.564491536,8.867006558,467,29,474,30,496,504
1,1000,80,7.7,28,94,955,28,8,9,45,8.564443187,117,849,85.2569168,11.83161532,8.590213517,8.538569569,480,21,475,24,501,499
2,1000,80,7.7,28,81,950,32,14,4,50,8.662597431,108,861,84.23757181,11.47921477,8.158280562,9.200257563,491,25,459,25,516,484
5,1000,80,7.7,28,99,952,32,9,7,48,8.760414129,127,849,84.98915856,11.80357441,8.068015789,9.436391956,475,19,477,29,494,506
4,1000,80,7.7,28,94,953,32,7,8,47,8.800410418,124,855,84.75472584,11.61543463,8.090418072,9.458418738,464,17,489,30,481,519
6,1000,80,7.7,28,97,959,27,9,5,41,8.426674178,117,835,84.66496502,11.62796303,7.866497229,9.086926311,518,23,441,18,541,459
7,1000,80,7.7,28,101,940,36,17,7,60,8.738594976,128,850,85.56811798,12.00202398,8.572079812,8.902467042,467,29,473,31,496,504
3,1000,80,7.7,28,91,948,35,11,6,52,8.551945815,113,831,84.60426276,11.71873512,8.202248386,8.885251177,466,22,482,30,488,512
8,1000,80,7.7,28,97,950,33,9,8,50,8.732874669,123,852,85.17067926,11.43512636,8.521133077,8.957713679,492,23,458,27,515,485
1,1000,80,7.7,28,95,953,28,10,9,47,8.606991675,120,836,85.31649735,11.86168149,8.671154818,8.542571366,480,21,473,26,501,499
5,1000,80,7.7,28,100,952,32,9,7,48,8.724676299,119,875,85.00250067,11.84560686,8.087988685,9.346264603,475,19,477,29,494,506
4,1000,80,7.7,28,95,953,32,7,8,47,8.811651451,115,869,84.7961011,11.65364794,8.111127312,9.460884804,464,17,489,30,481,519
2,1000,80,7.7,28,82,950,32,14,4,50,8.668089197,128,856,84.2927892,11.49803171,8.16669918,9.202628968,491,25,459,25,516,484
6,1000,80,7.7,28,98,959,26,10,5,41,8.467714875,123,860,84.69765661,11.64619737,7.894332284,9.143531829,518,23,441,18,541,459
7,1000,80,7.7,28,102,939,37,17,7,61,8.776673606,102,856,85.61569991,12.02684887,8.604718232,8.945899529,467,29,472,32,496,504
8,1000,80,7.7,28,98,949,34,9,8,51,8.746979998,121,838,85.22467816,11.47112336,8.51789731,8.99023275,492,23,457,28,515,485
3,1000,80,7.7,28,92,948,35,11,6,52,8.560110583,135,847,84.65544147,11.75253257,8.214509852,8.889511279,466,22,482,30,488,512
1,1000,80,7.7,28,96,953,28,10,9,47,8.5905014,141,850,85.39119066,11.89178004,8.662829259,8.51788365,480,21,473,26,501,499
5,1000,80,7.7,28,101,952,32,10,6,48,8.715977378,138,877,85.07938757,11.87299609,8.088264158,9.328804118,475,19,477,29,494,506
4,1000,80,7.7,28,96,952,34,7,7,48,8.844732384,130,857,84.83626905,11.6792948,8.137842833,9.499865088,464,17,488,31,481,519
6,1000,80,7.7,28,99,959,26,10,5,41,8.474471489,119,853,84.74609427,11.68552129,7.90855839,9.141484532,519,22,440,19,541,459
7,1000,80,7.7,28,103,940,36,17,7,60,8.765356368,137,870,85.67305283,12.06597227,8.610982759,8.917279603,467,29,473,31,496,504
2,1000,80,7.7,28,83,949,31,13,7,51,8.702149961,119,846,84.34059388,11.53829557,8.179789964,9.259046155,490,26,459,25,516,484
8,1000,80,7.7,28,99,948,34,10,8,52,8.766648721,93,865,85.26447042,11.49744654,8.57422483,8.970975122,490,25,458,27,515,485
3,1000,80,7.7,28,93,948,35,11,6,52,8.544720078,139,842,84.6916276,11.78979643,8.224467294,8.849961012,466,22,482,30,488,512
1,1000,80,7.7,28,97,952,29,10,9,48,8.616195681,122,852,85.4404222,11.91942256,8.696753024,8.535315464,480,21,472,27,501,499
5,1000,80,7.7,28,102,951,33,9,7,49,8.716247527,129,847,85.15405079,11.90168678,8.079414254,9.337978034,475,19,476,30,494,506
4,1000,80,7.7,28,97,950,36,7,7,50,8.832773579,129,865,84.88371745,11.69893708,8.123946244,9.489702188,462,19,488,31,481,519
7,1000,80,7.7,28,104,938,38,17,7,62,8.779810291,125,866,85.72002489,12.11875084,8.612721495,8.944246885,466,30,472,32,496,504
6,1000,80,7.7,28,100,958,26,11,5,42,8.468415682,123,853,84.79403058,11.72473648,7.909312967,9.12740167,518,23,440,19,541,459
9,1000,80,7.7,28,0,931,34,13,22,69,7.548,107,811,79.91934641,9.130491261,6.82778865,8.300613497,484,27,447,42,511,489
8,1000,80,7.7,28,100,947,35,10,8,53,8.802252992,107,851,85.28238688,11.54773691,8.597478668,9.019693768,490,25,457,28,515,485
2,1000,80,7.7,28,84,949,31,13,7,51,8.695907779,124,852,84.39166986,11.58480631,8.155520546,9.272023094,491,25,458,26,516,484
1,1000,80,7.7,28,98,952,29,10,9,48,8.62768321,134,872,85.48663566,11.93553345,8.707715717,8.547329931,480,21,472,27,501,499
3,1000,80,7.7,28,94,946,36,12,6,54,8.561888536,129,846,84.7838423,11.81513607,8.232614383,8.875727963,466,22,480,32,488,512
5,1000,80,7.7,28,103,951,33,9,7,49,8.703165062,130,843,85.21557126,11.93273053,8.053553204,9.337371106,475,19,476,30,494,506
6,1000,80,7.7,28,101,958,26,12,4,42,8.463495747,140,849,84.85227351,11.79187165,7.897934563,9.130094006,518,23,440,19,541,459
4,1000,80,7.7,28,98,947,39,7,7,53,8.903212158,127,860,84.92806958,11.69752985,8.205068499,9.550239325,462,19,485,34,481,519
9,1000,80,7.7,28,1,931,34,12,23,69,7.589639255,94,781,80.01984688,9.156119916,6.884517032,8.326484768,484,27,447,42,511,489
8,1000,80,7.7,28,101,949,34,9,8,51,8.78396426,113,850,85.32649503,11.59490593,8.564844674,9.016637635,491,24,458,27,515,485
1,1000,80,7.7,28,99,952,30,10,8,48,8.627039238,120,855,85.54935258,11.96809095,8.725891119,8.527791158,480,21,472,27,501,499
2,1000,80,7.7,28,85,948,32,13,7,52,8.702176943,123,840,84.44626514,11.59667494,8.171220819,9.268237604,490,26,458,26,516,484
3,1000,80,7.7,28,95,946,38,12,4,54,8.558179653,113,832,84.85587139,11.83741717,8.252791138,8.849253081,466,22,480,32,488,512
5,1000,80,7.7,28,104,951,32,10,7,49,8.718616566,126,857,85.28942907,11.97674954,8.047207226,9.374103155,475,19,476,30,494,506
10,1000,80,7.7,28,0,941,24,16,19,59,7.239,89,812,80.01254802,8.956720982,6.245934959,8.200787402,477,15,464,44,492,508
6,1000,80,7.7,28,102,958,27,12,3,42,8.489467318,124,847,84.88915025,11.8273663,7.937402732,9.140157822,518,23,440,19,541,459
4,1000,80,7.7,28,99,947,38,8,7,53,8.923670437,127,859,84.97984884,11.74125174,8.264516714,9.534562423,462,19,485,34,481,519
9,1000,80,7.7,28,2,932,33,12,23,68,7.616094755,101,815,80.09609676,9.196442193,6.88999646,8.374860048,484,27,448,41,511,489
8,1000,80,7.7,28,102,947,35,10,8,53,8.835697388,125,852,85.35624952,11.63991432,8.617931933,9.066932871,490,25,457,28,515,485
1,1000,80,7.7,28,100,952,30,10,8,48,8.586777288,134,869,85.63073867,11.99660968,8.721953349,8.45105944,480,21,472,27,501,499
3,1000,80,7.7,28,96,947,36,13,4,53,8.584606021,118,873,84.9064214,11.88031646,8.270572192,8.883919515,466,22,481,31,488,512
2,1000,80,7.7,28,86,950,32,11,7,50,8.68600104,121,863,84.52664434,11.60804909,8.128951607,9.279880188,492,24,458,26,516,484
6,1000,80,7.7,28,103,957,27,13,3,43,8.52238148,135,860,84.96484772,11.85489977,8.00283017,9.134750235,518,23,439,20,541,459
4,1000,80,7.7,28,100,947,37,9,7,53,8.944184274,135,847,85.04343849,11.76178018,8.299712528,9.541469265,462,19,485,34,481,519
10,1000,80,7.7,28,1,942,23,16,19,58,7.275826575,99,817,80.04950768,8.960433908,6.252477264,8.266944412,478,14,464,44,492,508
8,1000,80,7.7,28,103,945,36,11,8,55,8.896904587,112,861,85.40362681,11.67389187,8.693816157,9.112555188,490,25,455,30,515,485
9,1000,80,7.7,28,3,934,33,11,22,66,7.641075839,102,813,80.14857855,9.220713794,6.952107052,8.361041177,484,27,450,39,511,489
1,1000,80,7.7,28,101,950,31,11,8,50,8.624092134,146,858,85.67194315,12.03318706,8.793654389,8.453850272,478,23,472,27,501,499
3,1000,80,7.7,28,97,947,36,13,4,53,8.570371401,130,873,84.9397373,11.91585223,8.260398327,8.865814486,466,22,481,31,488,512
2,1000,80,7.7,28,87,951,31,11,7,49,8.698914164,115,854,84.61318738,11.61922599,8.142846234,9.291746916,492,24,459,25,516,484
6,1000,80,7.7,28,104,958,27,12,3,42,8.50351576,114,842,85.00969434,11.88871236,7.987971538,9.111161565,519,22,439,20,541,459
11,1000,80,7.7,28,0,939,28,15,18,61,7.438,101,814,79.72409364,8.96640581,6.445328032,8.442655936,480,23,459,38,503,497
4,1000,80,7.7,28,101,944,39,10,7,56,9.019363397,117,838,85.13966949,11.78179213,8.361770262,9.628809058,460,21,484,35,481,519
10,1000,80,7.7,28,2,942,23,16,19,58,7.299366691,86,816,80.11363219,9.00739558,6.264858186,8.30129225,478,14,464,44,492,508
8,1000,80,7.7,28,104,945,36,11,8,55,8.880459107,114,848,85.4252598,11.70251226,8.713396675,9.057855298,490,25,455,30,515,485
12,1000,80,7.7,28,0,935,28,21,16,65,7.244,82,809,80.05758285,9.042724878,6.35770751,8.151821862,486,20,449,45,506,494
9,1000,80,7.7,28,4,934,33,11,22,66,7.661476269,102,801,80.21859243,9.230880978,6.945274758,8.409899524,484,27,450,39,511,489
1,1000,80,7.7,28,102,950,30,12,8,50,8.637142639,121,847,85.74318925,12.084201,8.788281002,8.48539851,478,23,472,27,501,499
3,1000,80,7.7,28,98,946,37,13,4,54,8.593362328,105,847,85.00341009,11.95477737,8.284991161,8.887278597,465,23,481,31,488,512
2,1000,80,7.7,28,88,953,29,11,7,47,8.686386231,127,860,84.67250171,11.6428866,8.11971335,9.290525088,493,23,460,24,516,484
4,1000,80,7.7,28,102,944,39,10,7,56,9.066875389,121,863,85.18447472,11.80162666,8.40452929,9.680726013,460,21,484,35,481,519
11,1000,80,7.7,28,1,939,28,15,18,61,7.471105702,91,798,79.77004667,8.996273414,6.478776628,8.475414604,480,23,459,38,503,497
10,1000,80,7.7,28,3,941,23,17,19,59,7.345839397,88,807,80.16521149,9.041591383,6.30617975,8.352753859,477,15,464,44,492,508
12,1000,80,7.7,28,1,937,26,21,16,63,7.246174454,92,820,80.09403028,9.069263013,6.371387808,8.142210979,486,20,451,43,506,494
1,1000,80,7.7,28,103,948,32,12,8,52,8.665360047,134,861,85.77646348,12.10078362,8.818350499,8.511756406,478,23,470,29,501,499
9,1000,80,7.7,28,5,935,31,13,21,65,7.683388275,107,803,80.29116953,9.26326474,6.979677896,8.418758426,484,27,451,38,511,489
3,1000,80,7.7,28,99,946,37,13,4,54,8.610316291,121,855,85.04435558,11.96240411,8.286080899,8.919353149,465,23,481,31,488,512
4,1000,80,7.7,28,103,944,39,10,7,56,9.052726201,118,853,85.23616838,11.84644922,8.397119996,9.660330411,460,21,484,35,481,519
11,1000,80,7.7,28,2,939,28,15,18,61,7.506721577,98,804,79.84870207,9.023133543,6.538091492,8.487045385,480,23,459,38,503,497
2,1000,80,7.7,28,89,952,30,10,8,48,8.729287322,128,844,84.71810388,11.6830817,8.174556244,9.320694835,493,23,459,25,516,484
10,1000,80,7.7,28,4,943,21,16,20,57,7.359487765,95,822,80.22058491,9.054126407,6.288820665,8.396433066,478,14,465,43,492,508
12,1000,80,7.7,28,2,940,25,19,16,60,7.257593832,105,789,80.13102914,9.083839365,6.369046882,8.167724919,488,18,452,42,506,494
1,1000,80,7.7,28,104,947,33,12,8,53,8.660490579,128,851,85.85477111,12.12066038,8.78342354,8.537064901,478,23,469,30,501,499
13,1000,80,7.7,28,0,938,36,13,13,62,7.05,106,812,80.22320786,8.929816967,6.16798419,7.953441296,485,21,453,41,506,494
9,1000,80,7.7,28,6,936,31,12,21,64,7.684918534,86,792,80.36928538,9.30849824,6.998945456,8.401753387,484,27,452,37,511,489
3,1000,80,7.7,28,100,946,37,13,4,54,8.608948941,124,863,85.07356392,12.01175072,8.302753483,8.900791487,465,23,481,31,488,512
4,1000,80,7.7,28,104,943,40,10,7,57,9.081568284,103,870,85.24957859,11.88658775,8.446784818,9.669874348,459,22,484,35,481,519
14,1000,80,7.7,28,0,935,26,16,23,65,7.422,91,797,80.12428542,9.066047308,6.260245902,8.529296875,466,22,469,43,488,512
11,1000,80,7.7,28,3,940,27,15,18,60,7.539288344,95,801,79.91186824,9.07281504,6.593260664,8.496736881,481,22,459,38,503,497
10,1000,80,7.7,28,5,943,22,16,19,57,7.3611675,97,797,80.30432524,9.075752497,6.312813601,8.376502379,478,14,465,43,492,508
12,1000,80,7.7,28,3,942,24,17,17,58,7.26559806,114,804,80.18259438,9.128642062,6.387691207,8.164830586,490,16,452,42,506,494
2,1000,80,7.7,28,90,952,30,10,8,48,8.738973155,132,855,84.75776536,11.71014914,8.187815952,9.326570504,493,23,459,25,516,484
9,1000,80,7.7,28,7,936,32,12,20,64,7.700049874,95,799,80.4201676,9.343408614,6.981787014,8.450627218,484,27,452,37,511,489
13,1000,80,7.7,28,1,939,35,13,13,61,7.099852789,94,822,80.28782868,8.946904052,6.236955685,7.983710955,485,21,454,40,506,494
11,1000,80,7.7,28,4,939,28,15,18,61,7.597712124,92,778,79.95844145,9.102415276,6.649374582,8.557498408,481,22,458,39,503,497
3,1000,80,7.7,28,101,946,37,13,4,54,8.609812628,136,852,85.08738084,12.03483744,8.329847062,8.876654808,465,23,481,31,488,512
14,1000,80,7.7,28,1,936,26,15,23,64,7.438561923,101,796,80.1818416,9.100101711,6.273182917,8.549313789,467,21,469,43,488,512
10,1000,80,7.7,28,6,944,21,16,19,56,7.408506487,88,825,80.36282565,9.111887226,6.378930415,8.405654966,478,14,466,42,492,508
12,1000,80,7.7,28,4,944,23,15,18,56,7.266472717,104,806,80.25384073,9.123567208,6.429394173,8.123885152,490,16,454,40,506,494
9,1000,80,7.7,28,8,938,30,12,20,62,7.714870493,95,820,80.48275605,9.362781209,7.007887979,8.453659991,485,26,453,36,511,489
2,1000,80,7.7,28,91,952,30,10,8,48,8.742995153,106,851,84.82931676,11.72545745,8.194266721,9.328003151,492,24,460,24,516,484
13,1000,80,7.7,28,2,938,36,13,13,62,7.146930305,90,827,80.38021331,8.986278887,6.281640395,8.033239404,485,21,453,41,506,494
11,1000,80,7.7,28,5,941,27,14,18,59,7.610349803,91,795,79.99142821,9.13374047,6.678582124,8.553366187,481,22,460,37,503,497
10,1000,80,7.7,28,7,943,22,16,19,57,7.422242332,99,806,80.43910754,9.142118918,6.382640136,8.429101152,478,14,465,43,492,508
14,1000,80,7.7,28,2,936,26,15,23,64,7.44023796,106,791,80.22959826,9.119180685,6.275807217,8.550086012,467,21,469,43,488,512
3,1000,80,7.7,28,102,945,38,13,4,55,8.620684659,129,835,85.12408219,12.06030444,8.34055781,8.887680563,465,23,480,32,488,512
12,1000,80,7.7,28,5,944,23,15,18,56,7.307731845,82,817,80.31981388,9.162511254,6.463001231,8.172982231,490,16,454,40,506,494
9,1000,80,7.7,28,9,940,28,12,20,60,7.773173659,106,803,80.56924509,9.396315617,7.074062802,8.503737357,487,24,453,36,511,489
2,1000,80,7.7,28,92,953,30,10,7,47,8.703629425,116,857,84.88263211,11.75868912,8.119014756,9.326896303,492,24,461,23,516,484
13,1000,80,7.7,28,3,938,36,13,13,62,7.189449706,104,804,80.46015772,9.024203346,6.342904965,8.056558287,485,21,453,41,506,494
11,1000,80,7.7,28,6,941,27,14,18,59,7.650264833,83,819,80.04001428,9.157843657,6.734808705,8.576772745,481,22,460,37,503,497
10,1000,80,7.7,28,8,943,22,16,19,57,7.426147459,95,813,80.50336648,9.182757656,6.351420832,8.467024428,478,14,465,43,492,508
14,1000,80,7.7,28,3,937,29,14,20,63,7.416006196,86,817,80.27411121,9.159618976,6.251993358,8.525455932,467,21,470,42,488,512
3,1000,80,7.7,28,103,945,38,13,4,55,8.647336165,127,874,85.17787433,12.10427831,8.394618326,8.888207856,465,23,480,32,488,512
9,1000,80,7.7,28,10,941,24,15,20,59,7.825303287,94,844,80.61554183,9.416047833,7.120212326,8.562116131,488,23,453,36,511,489
12,1000,80,7.7,28,6,944,22,16,18,56,7.311774655,100,796,80.34886314,9.185602378,6.511141616,8.131856269,490,16,454,40,506,494
11,1000,80,7.7,28,7,941,28,13,18,59,7.656220932,110,820,80.07757592,9.194133619,6.752730835,8.570618354,481,22,460,37,503,497
2,1000,80,7.7,28,93,953,30,10,7,47,8.713998767,136,854,84.90530327,11.78158983,8.124386569,9.34259359,493,23,460,24,516,484
13,1000,80,7.7,28,4,937,37,13,13,63,7.242983856,89,801,80.51462481,9.056271672,6.382551365,8.124317542,485,21,452,42,506,494
10,1000,80,7.7,28,9,944,22,16,18,56,7.417885864,120,805,80.54082035,9.217719775,6.372810832,8.430045148,478,14,466,42,492,508
9,1000,80,7.7,28,11,941,26,13,20,59,7.868278521,104,787,80.6656229,9.432557374,7.182868735,8.584524738,488,23,453,36,511,489
14,1000,80,7.7,28,4,937,28,15,20,63,7.423907945,95,821,80.30199457,9.18452818,6.269255844,8.524435728,467,21,470,42,488,512
3,1000,80,7.7,28,104,945,39,13,3,55,8.659718551,121,849,85.19920573,12.15237181,8.413081471,8.894794517,465,23,480,32,488,512
12,1000,80,7.7,28,7,945,21,16,18,55,7.32251737,85,797,80.44024878,9.237354279,6.568363289,8.094990983,490,16,455,39,506,494
15,1000,80,7.7,28,0,947,27,15,11,53,7.001,110,782,79.79937167,8.770193732,6.246124031,7.805785124,504,12,443,41,516,484
11,1000,80,7.7,28,8,941,28,14,17,59,7.677082101,95,820,80.12440371,9.203864453,6.758918283,8.606330392,481,22,460,37,503,497
2,1000,80,7.7,28,94,953,30,10,7,47,8.755418369,131,869,84.95630587,11.78802426,8.212650069,9.334072176,493,23,460,24,516,484
10,1000,80,7.7,28,10,944,23,15,18,56,7.422192713,98,823,80.6142398,9.25873683,6.385882847,8.425862899,478,14,466,42,492,508
13,1000,80,7.7,28,5,938,36,13,13,62,7.255360604,90,799,80.56937853,9.057977424,6.414960352,8.116175436,485,21,453,41,506,494
9,1000,80,7.7,28,12,942,26,13,19,58,7.907876383,107,811,80.69430154,9.454073136,7.216384588,8.630478239,488,23,454,35,511,489
12,1000,80,7.7,28,8,945,22,15,18,55,7.332771882,100,795,80.4748468,9.264051288,6.582154178,8.101623214,490,16,455,39,506,494
14,1000,80,7.7,28,5,937,28,15,20,63,7.447749353,106,810,80.35859848,9.227968746,6.304839604,8.537085208,467,21,470,42,488,512
15,1000,80,7.7,28,1,948,26,15,11,52,7.022315601,90,847,79.86757727,8.812727701,6.252073057,7.843483273,505,11,443,41,516,484
11,1000,80,7.7,28,9,941,29,14,16,59,7.667867635,102,824,80.17057807,9.226253486,6.76314869,8.583508741,482,21,459,38,503,497
10,1000,80,7.7,28,11,944,24,14,18,56,7.42789768,102,799,80.67940107,9.29052321,6.406643756,8.416986127,478,14,466,42,492,508
2,1000,80,7.7,28,95,953,29,11,7,47,8.735898231,125,845,85.0478374,11.82316034,8.244196238,9.260109447,493,23,460,24,516,484
13,1000,80,7.7,28,6,942,32,13,13,58,7.256087519,90,798,80.62574235,9.084756229,6.45961833,8.071904138,486,20,456,38,506,494
12,1000,80,7.7,28,9,945,22,15,18,55,7.364452581,94,791,80.50374253,9.291352773,6.63560796,8.11100193,490,16,455,39,506,494
9,1000,80,7.7,28,13,943,25,13,19,57,7.923354747,95,817,80.72150184,9.511587071,7.26094926,8.615561707,489,22,454,35,511,489
11,1000,80,7.7,28,10,942,28,14,16,58,7.671647747,95,808,80.22677585,9.253277582,6.782030884,8.572004453,482,21,460,37,503,497
14,1000,80,7.7,28,6,937,28,14,21,63,7.49422228,85,821,80.41437752,9.230495172,6.347801512,8.586904573,467,21,470,42,488,512
15,1000,80,7.7,28,2,948,25,16,11,52,7.045557408,98,799,79.94097432,8.871087709,6.27282573,7.869378783,505,11,443,41,516,484
10,1000,80,7.7,28,12,944,24,14,18,56,7.446013116,111,825,80.74748695,9.317862665,6.4092174,8.450153848,478,14,466,42,492,508
2,1000,80,7.7,28,96,953,29,11,7,47,8.757403709,98,842,85.13076945,11.84025673,8.270888982,9.276084699,493,23,460,24,516,484
13,1000,80,7.7,28,7,943,30,14,13,57,7.24936377,79,837,80.68060497,9.105780037,6.452461738,8.065623745,486,20,457,37,506,494
12,1000,80,7.7,28,10,946,20,16,18,54,7.35569434,102,819,80.50001398,9.309892857,6.566815337,8.163736397,491,15,455,39,506,494
9,1000,80,7.7,28,14,944,25,12,19,56,7.94006009,100,811,80.78878368,9.519094538,7.302476068,8.606328875,490,21,454,35,511,489
11,1000,80,7.7,28,11,942,28,14,16,58,7.680239294,106,795,80.26612614,9.285930679,6.797720193,8.57341255,482,21,460,37,503,497
14,1000,80,7.7,28,7,938,28,13,21,62,7.514544656,101,810,80.45364918,9.306638659,6.397534577,8.579194889,467,21,471,41,488,512
15,1000,80,7.7,28,3,949,24,16,11,51,7.076838165,81,810,79.98889037,8.930889155,6.311789832,7.892468206,505,11,444,40,516,484
10,1000,80,7.7,28,13,947,22,13,18,53,7.455072916,93,799,80.81217791,9.332268961,6.456473728,8.422220161,479,13,468,40,492,508
12,1000,80,7.7,28,11,947,19,15,19,53,7.352240139,95,797,80.56647075,9.356335391,6.574787253,8.148578521,491,15,456,38,506,494
13,1000,80,7.7,28,8,941,31,15,13,59,7.27196198,84,829,80.70180645,9.163700315,6.454766211,8.109008658,487,19,454,40,506,494
2,1000,80,7.7,28,97,954,28,11,7,46,8.73403278,104,850,85.20922917,11.82023038,8.250573566,9.24945624,494,22,460,24,516,484
9,1000,80,7.7,28,15,945,25,11,19,55,7.92378326,109,815,80.79689332,9.551805227,7.3241502,8.550393676,490,21,455,34,511,489
11,1000,80,7.7,28,12,945,27,13,15,55,7.634044123,97,807,80.34615278,9.32784575,6.741524883,8.537338243,484,19,461,36,503,497
14,1000,80,7.7,28,8,938,30,12,20,62,7.498797281,95,816,80.48721423,9.353532952,6.401822343,8.544351518,467,21,471,41,488,512
15,1000,80,7.7,28,4,950,25,15,10,50,7.074993401,86,818,80.02912789,8.950903983,6.321296789,7.878521193,505,11,445,39,516,484
10,1000,80,7.7,28,14,949,21,12,18,51,7.468966587,94,802,80.85116414,9.391734317,6.502846752,8.404657452,479,13,470,38,492,508
12,1000,80,7.7,28,12,949,18,15,18,51,7.371614003,96,840,80.64561333,9.380431852,6.63212962,8.12906157,491,15,458,36,506,494
13,1000,80,7.7,28,9,941,30,15,14,59,7.261021245,89,808,80.7530484,9.206611053,6.430886149,8.111321566,487,19,454,40,506,494
11,1000,80,7.7,28,13,945,27,13,15,55,7.646077538,96,822,80.36199877,9.337847024,6.760287323,8.542561397,484,19,461,36,503,497
9,1000,80,7.7,28,16,946,24,11,19,54,7.937233163,84,823,80.854248,9.580861367,7.348444414,8.552511385,490,21,456,33,511,489
2,1000,80,7.7,28,98,953,29,11,7,47,8.741261348,130,858,85.2651856,11.84078603,8.256803309,9.25774967,493,23,460,24,516,484
14,1000,80,7.7,28,9,939,30,11,20,61,7.539995307,101,815,80.5357326,9.362819462,6.448334057,8.580484936,467,21,472,40,488,512
10,1000,80,7.7,28,15,951,21,11,17,49,7.458092671,122,811,80.88850628,9.413004859,6.50305822,8.383047297,480,12,471,37,492,508
15,1000,80,7.7,28,5,950,24,16,10,50,7.118928195,86,801,80.06808545,8.969947266,6.378767877,7.908024733,505,11,445,39,516,484
12,1000,80,7.7,28,13,950,18,14,18,50,7.381796072,97,825,80.68937576,9.42077124,6.624186271,8.157809351,492,14,458,36,506,494
11,1000,80,7.7,28,14,946,27,14,13,54,7.6636562,98,820,80.42688472,9.364937366,6.748114693,8.590250521,485,18,461,36,503,497
9,1000,80,7.7,28,17,945,25,11,19,55,7.943012854,93,800,80.88327433,9.616094089,7.327783662,8.585921069,490,21,455,34,511,489
13,1000,80,7.7,28,10,941,30,15,14,59,7.297295728,85,808,80.80103342,9.231793638,6.44639091,8.168870298,487,19,454,40,506,494
2,1000,80,7.7,28,99,953,29,11,7,47,8.756979669,116,845,85.32032579,11.89749652,8.281839581,9.263533978,493,23,460,24,516,484
10,1000,80,7.7,28,16,953,21,9,17,47,7.470805124,102,816,80.90005853,9.421796014,6.503406004,8.407734981,481,11,472,36,492,508
14,1000,80,7.7,28,10,939,30,11,20,61,7.580084474,117,789,80.5677922,9.38608127,6.490834912,8.618275463,467,21,472,40,488,512
15,1000,80,7.7,28,6,950,25,15,10,50,7.147160451,81,822,80.1114444,8.989283308,6.429458474,7.912313798,505,11,445,39,516,484
12,1000,80,7.7,28,14,949,19,13,19,51,7.406995094,91,803,80.73068529,9.467634752,6.624157005,8.208849492,492,14,457,37,506,494
11,1000,80,7.7,28,15,945,28,13,14,55,7.713031291,111,800,80.51914347,9.38714217,6.788167336,8.649060606,484,19,461,36,503,497
9,1000,80,7.7,28,18,945,25,11,19,55,7.948434964,96,827,80.91489544,9.667142382,7.329554834,8.595158373,490,21,455,34,511,489
13,1000,80,7.7,28,11,942,30,14,14,58,7.320009005,101,807,80.85884517,9.283400412,6.463217923,8.197612825,487,19,455,39,506,494
2,1000,80,7.7,28,100,954,28,11,7,46,8.790833735,114,863,85.38235649,11.95002435,8.341226882,9.270166661,494,22,460,24,516,484
10,1000,80,7.7,28,17,954,20,9,17,46,7.475206455,93,822,80.95456929,9.46338229,6.525041691,8.39544477,481,11,473,35,492,508
14,1000,80,7.7,28,11,939,29,12,20,61,7.617385963,93,827,80.62266357,9.432413372,6.550453928,8.634305559,467,21,472,40,488,512
12,1000,80,7.7,28,15,949,19,13,19,51,7.411664158,91,811,80.79764573,9.481759711,6.666051821,8.175388536,492,14,457,37,506,494
15,1000,80,7.7,28,7,951,24,16,9,49,7.114999299,104,777,80.16012995,9.038832814,6.451029815,7.822867592,505,11,446,38,516,484
11,1000,80,7.7,28,16,946,27,13,14,54,7.696625855,105,800,80.54839747,9.421854883,6.807465968,8.596520067,484,19,462,35,503,497
9,1000,80,7.7,28,19,947,24,10,19,53,7.935768125,115,825,80.95130129,9.679641015,7.335941273,8.562581053,490,21,457,32,511,489
13,1000,80,7.7,28,12,942,29,14,15,58,7.39075049,105,806,80.86913534,9.305267489,6.541343925,8.260790413,487,19,455,39,506,494
10,1000,80,7.7,28,18,954,20,9,17,46,7.469866199,100,822,81.02011591,9.481037789,6.515918216,8.393768576,481,11,473,35,492,508
14,1000,80,7.7,28,12,941,27,12,20,59,7.609847848,89,812,80.69214738,9.496980927,6.555121552,8.615133849,468,20,473,39,488,512
2,1000,80,7.7,28,101,956,27,10,7,44,8.763020259,130,837,85.44298014,11.97360714,8.277457585,9.28068625,496,20,460,24,516,484
12,1000,80,7.7,28,16,949,19,13,19,51,7.437844822,104,811,80.87645323,9.501636696,6.705546619,8.187931646,492,14,457,37,506,494
15,1000,80,7.7,28,8,953,22,15,10,47,7.121349157,75,806,80.18002483,9.077485339,6.484072992,7.800759285,506,10,447,37,516,484
11,1000,80,7.7,28,17,947,26,13,14,53,7.702937032,85,811,80.5961145,9.465845817,6.799881069,8.61689508,484,19,463,34,503,497
9,1000,80,7.7,28,20,946,24,11,19,54,7.980650912,109,798,81.00554517,9.704948449,7.372536224,8.616124542,489,22,457,32,511,489
13,1000,80,7.7,28,13,941,30,13,16,59,7.427280689,93,802,80.91015848,9.333779758,6.544478945,8.331527011,487,19,454,40,506,494
14,1000,80,7.7,28,13,942,27,11,20,58,7.656645771,100,810,80.75548773,9.506497228,6.58006389,8.682762877,468,20,474,38,488,512
10,1000,80,7.7,28,19,954,21,8,17,46,7.446458017,107,822,81.09641322,9.528136975,6.511695774,8.351778929,482,10,472,36,492,508
12,1000,80,7.7,28,17,950,19,13,18,50,7.473157414,92,815,80.92560752,9.548751814,6.764789901,8.198732234,492,14,458,36,506,494
15,1000,80,7.7,28,9,955,20,15,10,45,7.11601789,112,795,80.22899535,9.087385009,6.502992944,7.76957341,506,10,449,35,516,484
2,1000,80,7.7,28,102,954,29,10,7,46,8.786810081,132,864,85.5046379,11.9713686,8.287100478,9.319558336,496,20,458,26,516,484
11,1000,80,7.7,28,18,946,26,14,14,54,7.743717424,94,809,80.67571665,9.500092554,6.842262039,8.65605557,484,19,462,35,503,497
9,1000,80,7.7,28,21,947,24,10,19,53,8.00315666,95,814,81.08046462,9.747758964,7.411559079,8.621370082,489,22,458,31,511,489
13,1000,80,7.7,28,14,943,29,13,15,57,7.444871124,103,814,80.95241774,9.377215779,6.523299368,8.388829237,490,16,453,41,506,494
10,1000,80,7.7,28,20,954,22,8,16,46,7.437988072,109,800,81.16254078,9.570259668,6.547647109,8.3002868,481,11,473,35,492,508
14,1000,80,7.7,28,14,942,28,11,19,58,7.682416463,97,791,80.80696867,9.496029599,6.610547972,8.704041119,469,19,473,39,488,512
12,1000,80,7.7,28,18,951,19,12,18,49,7.46727816,98,818,80.96215728,9.592474059,6.777230623,8.174087986,492,14,459,35,506,494
11,1000,80,7.7,28,19,947,25,14,14,53,7.773630987,99,824,80.71659584,9.51750458,6.876309791,8.681785034,484,19,463,34,503,497
15,1000,80,7.7,28,10,955,20,15,10,45,7.138103398,110,803,80.25604349,9.094639434,6.541009721,7.774674343,505,11,450,34,516,484
2,1000,80,7.7,28,103,955,29,10,6,45,8.768475584,123,856,85.59696536,12.03342974,8.253371825,9.317635788,497,19,458,26,516,484
9,1000,80,7.7,28,22,946,25,10,19,54,8.019056682,105,817,81.14787758,9.763823901,7.416593865,8.648624166,488,23,458,31,511,489
13,1000,80,7.7,28,15,941,31,13,15,59,7.516457864,104,800,80.97367008,9.411865326,6.573054002,8.482778418,489,17,452,42,506,494
10,1000,80,7.7,28,21,952,25,8,15,48,7.459663188,113,831,81.21700251,9.58953864,6.589270191,8.302642233,480,12,472,36,492,508
14,1000,80,7.7,28,15,944,26,11,19,56,7.661802164,94,805,80.84134405,9.518924431,6.586584696,8.686618813,471,17,473,39,488,512
12,1000,80,7.7,28,19,951,20,11,18,49,7.475862654,92,797,81.0502586,9.622653726,6.795112068,8.173149692,492,14,459,35,506,494
11,1000,80,7.7,28,20,945,27,14,14,55,7.826478512,107,812,80.73926096,9.539847641,6.929758722,8.734023894,484,19,461,36,503,497
15,1000,80,7.7,28,11,958,18,14,10,42,7.161610181,88,802,80.28907672,9.119181135,6.553248226,7.810194415,506,10,452,32,516,484
9,1000,80,7.7,28,23,945,27,9,19,55,8.058778091,107,813,81.2011872,9.787433789,7.458830086,8.685717622,488,23,457,32,511,489
2,1000,80,7.7,28,104,955,28,10,7,45,8.778887752,130,867,85.62526093,12.06620145,8.258421841,9.333764633,497,19,458,26,516,484
16,1000,80,7.7,28,0,946,22,16,16,54,7.393,93,827,80.08877505,8.828549688,6.346534653,8.460606061,491,14,455,40,505,495
13,1000,80,7.7,28,16,941,31,14,14,59,7.532812603,89,838,81.03646397,9.444848308,6.603955543,8.484232993,489,17,452,42,506,494
10,1000,80,7.7,28,22,952,25,8,15,48,7.471897131,101,823,81.26890092,9.636319613,6.60690838,8.309642142,480,12,472,36,492,508
14,1000,80,7.7,28,16,946,24,11,19,54,7.667085633,108,805,80.86207843,9.560906293,6.608124284,8.67640817,472,16,474,38,488,512
12,1000,80,7.7,28,20,952,19,11,18,48,7.462626843,100,803,81.09571949,9.659346082,6.737189305,8.205686345,493,13,459,35,506,494
15,1000,80,7.7,28,12,958,18,14,10,42,7.1690956,86,818,80.36274229,9.138163219,6.546518271,7.832835067,506,10,452,32,516,484
11,1000,80,7.7,28,21,945,27,14,14,55,7.872532292,119,811,80.81521203,9.565132926,6.965392996,8.790622967,484,19,461,36,503,497
9,1000,80,7.7,28,24,945,27,9,19,55,8.086497152,108,837,81.26857453,9.806089424,7.470739962,8.72995712,488,23,457,32,511,489
16,1000,80,7.7,28,1,946,22,16,16,54,7.417031865,113,823,80.10848256,8.850917742,6.389187417,8.465640847,491,14,455,40,505,495
13,1000,80,7.7,28,17,941,31,14,14,59,7.561712483,105,798,81.095346,9.482913069,6.647257292,8.498381161,489,17,452,42,506,494
14,1000,80,7.7,28,17,944,26,11,19,56,7.684987335,95,817,80.88436634,9.594208444,6.630844758,8.689716979,471,17,473,39,488,512
10,1000,80,7.7,28,23,953,26,7,14,47,7.453531808,112,813,81.29341806,9.666742838,6.600502571,8.279693981,480,12,473,35,492,508
12,1000,80,7.7,28,21,952,19,10,19,48,7.513433461,115,780,81.15014257,9.69758317,6.795067272,8.249249842,493,13,459,35,506,494
11,1000,80,7.7,28,22,947,26,13,14,53,7.873545094,92,832,80.88047744,9.58509243,6.992641895,8.76508294,484,19,463,34,503,497
15,1000,80,7.7,28,13,957,19,13,11,43,7.212673008,99,800,80.44141977,9.178285457,6.610489812,7.854669969,505,11,452,32,516,484
9,1000,80,7.7,28,25,945,27,9,19,55,8.111051751,103,811,81.32198606,9.833686899,7.500565339,8.74900381,488,23,457,32,511,489
10,1000,80,7.7,28,24,953,26,7,14,47,7.461052409,123,828,81.36994479,9.705644181,6.642331997,8.253986351,480,12,473,35,492,508
14,1000,80,7.7,28,18,944,26,11,19,56,7.735567389,94,820,80.92672903,9.630004332,6.662782316,8.758065663,471,17,473,39,488,512
13,1000,80,7.7,28,18,941,31,14,14,59,7.58489008,85,802,81.17408766,9.493743612,6.680376067,8.511376093,489,17,452,42,506,494
16,1000,80,7.7,28,2,944,24,16,16,56,7.472090876,96,794,80.15704817,8.870273571,6.454514423,8.510224429,490,15,454,41,505,495
11,1000,80,7.7,28,23,947,26,13,14,53,7.869493484,90,811,80.91608234,9.639047127,7.00816201,8.741223326,483,20,464,33,503,497
12,1000,80,7.7,28,22,954,17,10,19,46,7.542489103,117,827,81.20138659,9.729351453,6.869237465,8.232095033,493,13,461,33,506,494
15,1000,80,7.7,28,14,958,19,12,11,42,7.245526349,103,805,80.4708227,9.212243667,6.656627721,7.873360423,505,11,453,31,516,484
9,1000,80,7.7,28,26,945,27,9,19,55,8.133936165,105,820,81.33316337,9.878880745,7.532027634,8.762924425,488,23,457,32,511,489
14,1000,80,7.7,28,19,944,26,11,19,56,7.772511721,98,809,80.96683286,9.650593483,6.728507767,8.767577989,471,17,473,39,488,512
10,1000,80,7.7,28,25,953,26,7,14,47,7.492220763,75,803,81.39402756,9.753234794,6.663740028,8.294607616,480,12,473,35,492,508
13,1000,80,7.7,28,19,943,30,14,13,57,7.609429853,104,812,81.22976513,9.50732098,6.665105105,8.576693665,490,16,453,41,506,494
11,1000,80,7.7,28,24,947,25,14,14,53,7.857692742,97,807,80.95497695,9.678118748,7.025175675,8.700260316,483,20,464,33,503,497
12,1000,80,7.7,28,23,954,17,10,19,46,7.576814029,96,815,81.23279076,9.753416964,6.916820606,8.252839681,493,13,461,33,506,494
16,1000,80,7.7,28,3,943,26,16,15,57,7.487014085,95,798,80.21348331,8.916323383,6.528458528,8.464934402,490,15,453,42,505,495
15,1000,80,7.7,28,15,958,19,12,11,42,7.284911379,102,803,80.50575763,9.255130706,6.718517124,7.888753188,505,11,453,31,516,484
9,1000,80,7.7,28,27,945,27,9,19,55,8.179944301,112,819,81.37734416,9.91705893,7.506262278,8.883935126,487,24,458,31,511,489
14,1000,80,7.7,28,20,947,24,12,17,53,7.720357282,97,809,80.98879169,9.667059767,6.67712409,8.714688918,471,17,476,36,488,512
10,1000,80,7.7,28,26,954,24,8,14,46,7.484181583,89,801,81.44996367,9.797023473,6.65946723,8.282920682,480,12,474,34,492,508
13,1000,80,7.7,28,20,942,31,14,13,58,7.636311736,99,801,81.28794564,9.530836531,6.673258964,8.622758502,489,17,453,41,506,494
11,1000,80,7.7,28,25,948,24,14,14,52,7.861299894,103,831,81.02799714,9.688026976,7.051752241,8.680620758,483,20,465,32,503,497
12,1000,80,7.7,28,24,955,15,11,19,45,7.610488901,97,822,81.29259449,9.773425332,6.946010467,8.291108512,494,12,461,33,506,494
15,1000,80,7.7,28,16,959,17,13,11,41,7.287879288,93,813,80.55238987,9.276845137,6.761839166,7.848698922,505,11,454,30,516,484
9,1000,80,7.7,28,28,946,26,9,19,54,8.150972208,126,811,81.42197894,9.939518925,7.49250494,8.83906377,487,24,459,30,511,489
16,1000,80,7.7,28,4,944,24,17,15,56,7.521712893,98,775,80.25726255,8.927566854,6.590563768,8.471673111,490,15,454,41,505,495
14,1000,80,7.7,28,21,947,25,12,16,53,7.760060393,92,817,81.02845899,9.707191814,6.699932933,8.770494379,471,17,476,36,488,512
10,1000,80,7.7,28,27,957,22,7,14,43,7.492651368,108,820,81.49891978,9.835591173,6.68441989,8.275426737,480,12,477,31,492,508
13,1000,80,7.7,28,21,942,31,14,13,58,7.644691484,107,821,81.33756739,9.559300446,6.704347984,8.607877337,489,17,453,41,506,494
11,1000,80,7.7,28,26,950,23,13,14,50,7.867663331,90,820,81.0982864,9.719384736,7.045639532,8.699610959,484,19,466,31,503,497
15,1000,80,7.7,28,17,960,16,13,11,40,7.314814872,92,803,80.60741226,9.314369774,6.761061631,7.905179897,506,10,454,30,516,484
12,1000,80,7.7,28,25,955,16,11,18,45,7.608050136,94,806,81.32361748,9.797951592,6.952194298,8.279837694,494,12,461,33,506,494
9,1000,80,7.7,28,29,944,28,9,19,56,8.184034783,104,817,81.46664949,9.965288163,7.556989952,8.83929022,485,26,459,30,511,489
16,1000,80,7.7,28,5,946,23,16,15,54,7.529250077,95,807,80.30249796,8.959431109,6.596147209,8.481203509,491,14,455,40,505,495
14,1000,80,7.7,28,22,947,25,12,16,53,7.796813648,118,802,81.06706924,9.746447977,6.742176707,8.802014483,471,17,476,36,488,512
10,1000,80,7.7,28,28,958,21,7,14,42,7.506217451,117,835,81.56341636,9.87131246,6.676200126,8.310092498,480,12,478,30,492,508
11,1000,80,7.7,28,27,951,22,13,14,49,7.858049155,100,815,81.13489415,9.749722628,7.056183967,8.669594808,484,19,467,30,503,497
15,1000,80,7.7,28,18,960,16,13,11,40,7.333269841,88,804,80.64764987,9.343193927,6.777679842,7.925593063,506,10,454,30,516,484
13,1000,80,7.7,28,22,941,32,13,14,59,7.673582226,110,809,81.37783763,9.586872311,6.746007005,8.623689638,489,17,452,42,506,494
12,1000,80,7.7,28,26,958,14,11,17,42,7.596102267,110,815,81.36763002,9.810795699,6.95990071,8.247758112,495,11,463,31,506,494
9,1000,80,7.7,28,30,944,28,9,19,56,8.173854437,122,811,81.4852627,9.992072196,7.574533101,8.800139106,485,26,459,30,511,489
14,1000,80,7.7,28,23,947,25,12,16,53,7.788234339,111,817,81.12722026,9.766633904,6.766610843,8.761969234,471,17,476,36,488,512
10,1000,80,7.7,28,29,961,18,7,14,39,7.506171884,107,813,81.59232216,9.906220947,6.699515181,8.287422077,481,11,480,28,492,508
16,1000,80,7.7,28,6,947,23,15,15,53,7.544548666,112,805,80.34424978,8.985395546,6.624478592,8.483206013,492,13,455,40,505,495
11,1000,80,7.7,28,28,951,21,14,14,49,7.893918418,94,816,81.17757791,9.755135335,7.112682904,8.684585346,484,19,467,30,503,497
12,1000,80,7.7,28,27,956,16,11,17,44,7.623431469,109,823,81.42099449,9.825126757,6.990268794,8.271974614,494,12,462,32,506,494
15,1000,80,7.7,28,19,960,16,13,11,40,7.383234945,99,810,80.7513604,9.371559832,6.831085559,7.971890075,506,10,454,30,516,484
13,1000,80,7.7,28,23,942,32,12,14,58,7.682622454,98,818,81.42528136,9.641337641,6.765967877,8.621543944,489,17,453,41,506,494
9,1000,80,7.7,28,31,942,30,9,19,58,8.23025773,99,823,81.53578578,10.0359493,7.652762664,8.833734169,485,26,457,32,511,489
14,1000,80,7.7,28,24,948,24,12,16,52,7.828102336,118,825,81.15946565,9.826014265,6.833217065,8.77635236,471,17,477,35,488,512
10,1000,80,7.7,28,30,961,18,8,13,39,7.510078099,104,828,81.63283231,9.935199719,6.727333408,8.268169414,481,11,480,28,492,508
11,1000,80,7.7,28,29,952,21,13,14,48,7.911323497,96,838,81.22724302,9.769607759,7.131299506,8.700764276,484,19,468,29,503,497
12,1000,80,7.7,28,28,956,16,11,17,44,7.65460831,96,830,81.47845477,9.881982815,7.060586976,8.263059311,494,12,462,32,506,494
16,1000,80,7.7,28,7,947,25,14,14,53,7.556081915,99,828,80.41718575,9.020947297,6.666815991,8.463312807,491,14,456,39,505,495
15,1000,80,7.7,28,20,959,17,12,12,41,7.412419149,95,818,80.81553924,9.36789446,6.862490009,7.99870724,506,10,453,31,516,484
13,1000,80,7.7,28,24,944,32,10,14,56,7.721201697,112,838,81.4427958,9.660221295,6.796436398,8.66843093,489,17,455,39,506,494
9,1000,80,7.7,28,32,942,30,9,19,58,8.262288606,108,820,81.60236021,10.05415305,7.703668812,8.846040579,485,26,457,32,511,489
14,1000,80,7.7,28,25,947,26,12,15,53,7.856725168,92,804,81.212345,9.850900736,6.884819628,8.783072635,470,18,477,35,488,512
10,1000,80,7.7,28,31,964,16,7,13,36,7.500745358,109,811,81.69363232,9.967295238,6.718284279,8.258561993,482,10,482,26,492,508
11,1000,80,7.7,28,30,950,23,13,14,50,7.930366903,95,824,81.2923957,9.803397654,7.173570851,8.696299325,483,20,467,30,503,497
12,1000,80,7.7,28,29,957,15,11,17,43,7.654742381,117,800,81.54848191,9.896898732,7.064486134,8.259336836,494,12,463,31,506,494
15,1000,80,7.7,28,21,959,18,12,11,41,7.379248372,111,792,80.8885643,9.401526534,6.847633328,7.946011518,506,10,453,31,516,484
13,1000,80,7.7,28,25,943,32,11,14,57,7.728277862,104,817,81.50350014,9.706610788,6.807906019,8.671006915,489,17,454,40,506,494
16,1000,80,7.7,28,8,947,26,13,14,53,7.526015895,85,807,80.4803344,9.052111662,6.631382039,8.438723162,492,13,455,40,505,495
9,1000,80,7.7,28,33,941,30,10,19,59,8.29402251,115,804,81.63744007,10.10976449,7.742060452,8.870817217,484,27,457,32,511,489
14,1000,80,7.7,28,26,947,26,12,15,53,7.87617871,108,806,81.22198425,9.880774629,6.857732563,8.846885193,471,17,476,36,488,512
10,1000,80,7.7,28,32,964,16,7,13,36,7.521100038,123,818,81.73965168,10.00818785,6.735988389,8.281483762,482,10,482,26,492,508
11,1000,80,7.7,28,31,950,23,13,14,50,7.976997559,92,816,81.34117164,9.83604024,7.255462038,8.70724377,483,20,467,30,503,497
12,1000,80,7.7,28,30,958,16,10,16,42,7.637298522,98,851,81.60751598,9.927552044,7.077695548,8.210495089,494,12,464,30,506,494
15,1000,80,7.7,28,22,958,19,11,12,42,7.419278758,95,791,80.89997117,9.427055377,6.884043569,7.989901399,505,11,453,31,516,484
13,1000,80,7.7,28,26,945,31,11,13,55,7.726233574,99,821,81.57034722,9.722579878,6.83397038,8.640171178,488,18,457,37,506,494
9,1000,80,7.7,28,34,941,30,10,19,59,8.274329638,105,832,81.70511998,10.14665511,7.723340987,8.850107144,484,27,457,32,511,489
16,1000,80,7.7,28,9,947,25,14,14,53,7.593230356,74,842,80.54147146,9.085734198,6.701674333,8.502797612,492,13,455,40,505,495
10,1000,80,7.7,28,33,963,17,7,13,37,7.514271142,115,828,81.74738077,10.03977569,6.753013835,8.25155184,482,10,481,27,492,508
14,1000,80,7.7,28,27,947,26,12,15,53,7.868341412,94,842,81.24315624,9.875200053,6.852627063,8.83644415,471,17,476,36,488,512
11,1000,80,7.7,28,32,949,25,13,13,51,8.029757799,97,814,81.40819885,9.88967663,7.315306412,8.752834353,482,21,467,30,503,497
15,1000,80,7.7,28,23,960,16,11,13,40,7.418634938,95,807,80.97700986,9.45388899,6.871303086,8.00215402,506,10,454,30,516,484
12,1000,80,7.7,28,31,958,16,10,16,42,7.672845609,122,812,81.66632728,9.9637333,7.135187671,8.223564065,494,12,464,30,506,494
13,1000,80,7.7,28,27,946,31,12,11,54,7.738638503,104,836,81.59860627,9.743487126,6.90301593,8.5945596,488,18,458,36,506,494
9,1000,80,7.7,28,35,942,29,10,19,58,8.263188296,95,820,81.74884186,10.15481555,7.714273549,8.836798594,484,27,458,31,511,489
10,1000,80,7.7,28,34,966,15,6,13,34,7.485288868,111,811,81.84835962,10.06954274,6.743908447,8.203318724,482,10,484,24,492,508
14,1000,80,7.7,28,28,949,25,11,15,51,7.87884683,106,804,81.3084778,9.899700243,6.898362984,8.813370496,472,16,477,35,488,512
16,1000,80,7.7,28,10,948,24,14,14,52,7.602770852,101,820,80.58891987,9.10535987,6.710850368,8.512709932,492,13,456,39,505,495
11,1000,80,7.7,28,33,950,24,13,13,50,8.018650748,105,823,81.47109182,9.889674763,7.314409566,8.731393836,483,20,467,30,503,497
12,1000,80,7.7,28,32,958,13,13,16,42,7.704211685,105,844,81.71883527,9.988539248,7.169722384,8.251684532,494,12,464,30,506,494
15,1000,80,7.7,28,24,961,16,10,13,39,7.417552593,95,839,81.04365944,9.483475511,6.904183425,7.964863524,506,10,455,29,516,484
13,1000,80,7.7,28,28,947,30,12,11,53,7.773777364,94,823,81.62305242,9.757007129,6.941797713,8.625967047,488,18,459,35,506,494
9,1000,80,7.7,28,36,941,30,10,19,59,8.274099257,118,814,81.81505112,10.17777087,7.734520497,8.837953543,484,27,457,32,511,489
10,1000,80,7.7,28,35,966,15,6,13,34,7.506097821,83,844,81.87166024,10.11554192,6.759446494,8.22923257,482,10,484,24,492,508
14,1000,80,7.7,28,29,948,26,11,15,52,7.896483854,88,808,81.3791218,9.921863068,6.910872472,8.835894703,472,16,476,36,488,512
11,1000,80,7.7,28,34,951,22,14,13,49,8.056485475,99,824,81.5444311,9.963007644,7.333513205,8.788185782,483,20,468,29,503,497
16,1000,80,7.7,28,11,948,24,14,14,52,7.626588541,93,802,80.66973753,9.138615916,6.734437501,8.536762835,492,13,456,39,505,495
12,1000,80,7.7,28,33,959,13,12,16,41,7.69367682,104,831,81.77127594,10.03269562,7.172376596,8.227640206,494,12,465,29,506,494
15,1000,80,7.7,28,25,961,16,10,13,39,7.444550382,110,835,81.08922583,9.505296647,6.91900391,8.004843729,506,10,455,29,516,484
13,1000,80,7.7,28,29,947,30,12,11,53,7.77449171,96,850,81.67209792,9.803017225,6.944826296,8.62431094,488,18,459,35,506,494
9,1000,80,7.7,28,37,941,30,10,19,59,8.290908174,93,836,81.8703716,10.2195464,7.775354706,8.829656275,484,27,457,32,511,489
10,1000,80,7.7,28,36,966,15,5,14,34,7.507524555,114,837,81.95108996,10.14017453,6.756292095,8.23509615,482,10,484,24,492,508
14,1000,80,7.7,28,30,949,26,10,15,51,7.886876612,94,818,81.42995524,9.959748866,6.94370641,8.785835711,472,16,477,35,488,512
11,1000,80,7.7,28,35,952,22,14,12,48,8.069273053,110,812,81.56586809,10.01636502,7.373094891,8.77385578,484,19,468,29,503,497
12,1000,80,7.7,28,34,960,12,12,16,40,7.690150803,116,819,81.81768936,10.0536596,7.167067132,8.225940961,496,10,464,30,506,494
15,1000,80,7.7,28,26,961,16,10,13,39,7.46317665,100,832,81.13365438,9.496031255,6.937152613,8.023979135,506,10,455,29,516,484
16,1000,80,7.7,28,12,950,23,13,14,50,7.633172307,85,817,80.72809766,9.175194877,6.718519008,8.566303451,494,11,456,39,505,495
13,1000,80,7.7,28,30,947,30,12,11,53,7.819607677,106,809,81.70593885,9.829655517,6.971409826,8.688409524,488,18,459,35,506,494
9,1000,80,7.7,28,38,941,30,10,19,59,8.309542426,110,841,81.91553647,10.25697013,7.83326068,8.807251981,484,27,457,32,511,489
10,1000,80,7.7,28,37,967,14,5,14,33,7.513124887,110,827,81.99099851,10.1666639,6.779951848,8.223205861,482,10,485,23,492,508
14,1000,80,7.7,28,31,949,26,10,15,51,7.901320374,102,806,81.47863383,9.974920373,6.994204288,8.765915394,472,16,477,35,488,512
11,1000,80,7.7,28,36,952,22,14,12,48,8.080772837,116,818,81.6064591,10.07938042,7.396228038,8.773581759,484,19,468,29,503,497
12,1000,80,7.7,28,35,960,13,12,15,40,7.706699783,109,837,81.87807498,10.10833642,7.159693245,8.26699393,496,10,464,30,506,494
15,1000,80,7.7,28,27,960,17,10,13,40,7.474402308,100,816,81.16729698,9.537956713,6.964887252,8.017604311,506,10,454,30,516,484
13,1000,80,7.7,28,31,948,29,12,11,52,7.88296881,104,844,81.72912004,9.865805863,7.072453255,8.713173001,488,18,460,34,506,494
16,1000,80,7.7,28,13,950,23,13,14,50,7.67538741,98,820,80.76381014,9.211896003,6.727183029,8.642747435,494,11,456,39,505,495
9,1000,80,7.7,28,39,941,30,9,20,59,8.331806139,112,838,81.95624227,10.278623,7.828757239,8.857487096,484,27,457,32,511,489
10,1000,80,7.7,28,38,967,16,4,13,33,7.512512557,122,843,82.06178282,10.21955404,6.747591422,8.253341688,482,10,485,23,492,508
11,1000,80,7.7,28,37,952,22,14,12,48,8.110743142,113,843,81.68334694,10.0969751,7.447744385,8.781745907,483,20,469,28,503,497
14,1000,80,7.7,28,32,950,24,12,14,50,7.905725475,79,829,81.52395282,10.01588089,7.006095306,8.763185479,473,15,477,35,488,512
12,1000,80,7.7,28,36,960,13,12,15,40,7.743153114,107,845,81.91620217,10.1456864,7.198094159,8.301452367,496,10,464,30,506,494
15,1000,80,7.7,28,28,959,17,11,13,41,7.508481224,114,797,81.21161506,9.578726911,6.996122118,8.054715313,505,11,454,30,516,484
13,1000,80,7.7,28,32,948,29,12,11,52,7.882102467,104,805,81.75721627,9.896889974,7.065169469,8.718879992,488,18,460,34,506,494
9,1000,80,7.7,28,40,943,29,9,19,57,8.37323595,99,801,81.98681819,10.30723708,7.867963915,8.901240059,485,26,458,31,511,489
16,1000,80,7.7,28,14,949,24,13,14,51,7.697470116,101,815,80.80236383,9.220040722,6.748684291,8.665423331,493,12,456,39,505,495
10,1000,80,7.7,28,39,966,16,5,13,34,7.577236792,114,836,82.08163385,10.23804121,6.818946331,8.311644089,481,11,485,23,492,508
11,1000,80,7.7,28,38,951,23,14,12,49,8.134258122,124,823,81.74196814,10.13920619,7.450809939,8.825957188,482,21,469,28,503,497
14,1000,80,7.7,28,33,950,24,12,14,50,7.904836646,94,833,81.55893094,10.07531004,7.009944787,8.75778045,473,15,477,35,488,512
12,1000,80,7.7,28,37,961,13,11,15,39,7.736029213,103,803,81.99498123,10.18693799,7.229374944,8.254990874,496,10,465,29,506,494
13,1000,80,7.7,28,33,947,30,12,11,53,7.903892206,103,825,81.83878665,9.949478035,7.095094886,8.732336425,488,18,459,35,506,494
15,1000,80,7.7,28,29,959,17,11,13,41,7.550612547,101,832,81.23522729,9.627143857,7.048278792,8.086158451,505,11,454,30,516,484
9,1000,80,7.7,28,41,942,30,10,18,58,8.407934124,105,810,82.02783647,10.33371948,7.922496391,8.915211592,484,27,458,31,511,489
10,1000,80,7.7,28,40,966,17,4,13,34,7.600563259,106,830,82.13032056,10.26404637,6.855478323,8.322180953,481,11,485,23,492,508
16,1000,80,7.7,28,15,948,25,13,14,52,7.733842192,85,809,80.88594949,9.235041315,6.784109761,8.702761137,492,13,456,39,505,495
11,1000,80,7.7,28,39,951,23,14,12,49,8.142818844,96,810,81.82388267,10.15936039,7.485354242,8.808220643,482,21,469,28,503,497
14,1000,80,7.7,28,34,952,22,14,12,48,7.868189488,108,819,81.58828294,10.10296902,6.9632944,8.730667618,474,14,478,34,488,512
12,1000,80,7.7,28,38,962,13,11,14,38,7.75063157,107,800,82.0457138,10.21378855,7.25456928,8.258743957,496,10,466,28,506,494
13,1000,80,7.7,28,34,947,30,12,11,53,7.955278467,82,808,81.89234941,9.975142304,7.159173545,8.770721971,488,18,459,35,506,494
15,1000,80,7.7,28,30,956,20,11,13,44,7.563551675,100,831,81.28040342,9.650414764,7.076636186,8.082659925,503,13,453,31,516,484
9,1000,80,7.7,28,42,943,30,9,18,57,8.438519917,100,843,82.11637104,10.36631859,7.968349088,8.929843627,485,26,458,31,511,489
10,1000,80,7.7,28,41,965,18,4,13,35,7.60413989,105,827,82.19611547,10.28505302,6.868209676,8.316891199,480,12,485,23,492,508
11,1000,80,7.7,28,40,951,23,15,11,49,8.138987999,112,844,81.88196443,10.20339644,7.493618847,8.792148328,482,21,469,28,503,497
14,1000,80,7.7,28,35,952,20,16,12,48,7.893836551,100,822,81.66194085,10.13773632,6.968168289,8.776114113,474,14,478,34,488,512
12,1000,80,7.7,28,39,962,13,11,14,38,7.765429654,77,844,82.08604848,10.2469638,7.293309361,8.249018456,496,10,466,28,506,494
16,1000,80,7.7,28,16,948,25,13,14,52,7.743312863,103,828,80.9407914,9.26495547,6.822920594,8.682298915,492,13,456,39,505,495
13,1000,80,7.7,28,35,948,29,12,11,52,7.967439829,109,834,81.94046581,10.01032998,7.157812338,8.796734384,488,18,460,34,506,494
15,1000,80,7.7,28,31,957,18,12,13,43,7.603795804,100,797,81.3032607,9.679575209,7.13395263,8.104702989,503,13,454,30,516,484
9,1000,80,7.7,28,43,943,31,9,17,57,8.483546775,102,837,82.22209415,10.38476537,8.034208643,8.953100529,485,26,458,31,511,489
10,1000,80,7.7,28,42,965,17,5,13,35,7.62050532,94,825,82.23999493,10.32815022,6.878599822,8.339043716,480,12,485,23,492,508
11,1000,80,7.7,28,41,950,24,15,11,50,8.139194696,114,801,81.92328776,10.2412203,7.499034168,8.787083519,481,22,469,28,503,497
14,1000,80,7.7,28,36,952,20,16,12,48,7.905667164,109,831,81.68599455,10.17022863,6.972912476,8.794698975,474,14,478,34,488,512
12,1000,80,7.7,28,40,961,15,11,13,39,7.771164688,117,811,82.14125036,10.28020387,7.318024877,8.235311944,496,10,465,29,506,494
13,1000,80,7.7,28,36,948,28,12,12,52,7.970890866,104,825,81.98466705,10.03897974,7.141345806,8.820586818,488,18,460,34,506,494
16,1000,80,7.7,28,17,947,28,12,13,53,7.732622041,100,812,80.97451891,9.293112946,6.794636046,8.689557248,491,14,456,39,505,495
15,1000,80,7.7,28,32,958,16,13,13,42,7.595129444,115,807,81.34725241,9.721808478,7.108691258,8.113728833,504,12,454,30,516,484
9,1000,80,7.7,28,44,944,30,9,17,56,8.490943214,107,815,82.2837396,10.40394813,8.022524491,8.980435989,486,25,458,31,511,489
10,1000,80,7.7,28,43,964,18,5,13,36,7.631178945,110,843,82.29116044,10.35228409,6.902762259,8.336653373,479,13,485,23,492,508
11,1000,80,7.7,28,42,953,24,13,10,47,8.140573765,105,834,81.97601541,10.27754052,7.482557139,8.806534254,482,21,471,26,503,497
14,1000,80,7.7,28,37,954,18,16,12,46,7.890698756,99,804,81.72476714,10.19634069,6.936881245,8.799806071,475,13,479,33,488,512
12,1000,80,7.7,28,41,961,15,11,13,39,7.80133267,102,814,82.22484645,10.31591237,7.369504248,8.243650851,496,10,465,29,506,494
13,1000,80,7.7,28,37,946,30,12,12,54,7.968068372,101,818,82.03944153,10.08006741,7.168247702,8.787317884,487,19,459,35,506,494
15,1000,80,7.7,28,33,958,16,12,14,42,7.616287392,109,821,81.41808032,9.759562087,7.132657032,8.131893313,504,12,454,30,516,484
9,1000,80,7.7,28,45,945,30,9,16,55,8.513724586,106,829,82.35280654,10.44151521,8.072056308,8.975263421,486,25,459,30,511,489
16,1000,80,7.7,28,18,947,28,13,12,53,7.780569386,81,812,81.03192014,9.336706846,6.85280907,8.727072334,491,14,456,39,505,495
10,1000,80,7.7,28,44,963,18,6,13,37,7.675863324,118,840,82.32578971,10.36130867,6.975458315,8.354208332,479,13,484,24,492,508
11,1000,80,7.7,28,43,952,26,13,9,48,8.164491794,99,811,82.01275089,10.30081767,7.518096895,8.818690252,480,23,472,25,503,497
12,1000,80,7.7,28,42,961,15,11,13,39,7.852496053,100,843,82.28651879,10.35058827,7.43254924,8.282644003,496,10,465,29,506,494
14,1000,80,7.7,28,38,955,17,16,12,45,7.883898122,112,814,81.76889602,10.19966236,6.960891977,8.763638354,475,13,480,32,488,512
13,1000,80,7.7,28,38,946,30,12,12,54,7.975751668,105,847,82.06885946,10.10080821,7.189218171,8.781391242,487,19,459,35,506,494
9,1000,80,7.7,28,46,946,31,7,16,54,8.489652118,98,837,82.40828045,10.46827029,8.047713629,8.95147332,488,23,458,31,511,489
15,1000,80,7.7,28,34,958,16,12,14,42,7.648410854,102,827,81.45075894,9.785506346,7.134022639,8.196808207,504,12,454,30,516,484
10,1000,80,7.7,28,45,961,20,6,13,39,7.721428319,99,840,82.36008501,10.39542857,7.008440574,8.411959757,479,13,482,26,492,508
16,1000,80,7.7,28,19,949,27,12,12,51,7.793908671,102,817,81.06079081,9.366608206,6.874589022,8.731800433,492,13,457,38,505,495
11,1000,80,7.7,28,44,952,26,13,9,48,8.162551834,114,825,82.07384275,10.35817049,7.516114313,8.816793429,480,23,472,25,503,497
12,1000,80,7.7,28,43,961,14,12,13,39,7.913190867,123,827,82.35867886,10.3593678,7.520524296,8.315395897,496,10,465,29,506,494
14,1000,80,7.7,28,39,955,17,16,12,45,7.884954456,109,799,81.83393623,10.23893128,6.991993509,8.736057858,474,14,481,31,488,512
13,1000,80,7.7,28,39,946,32,10,12,54,7.993696144,106,856,82.12098375,10.12804336,7.241792639,8.763864512,486,20,460,34,506,494
9,1000,80,7.7,28,47,944,33,7,16,56,8.546460855,105,834,82.44564811,10.49870033,8.081340002,9.032507391,488,23,456,33,511,489
15,1000,80,7.7,28,35,957,17,12,14,43,7.682378912,112,815,81.48268314,9.803240441,7.167564129,8.231231035,503,13,454,30,516,484
10,1000,80,7.7,28,46,960,22,5,13,40,7.715908683,123,826,82.42757544,10.42327184,7.002936445,8.406425101,479,13,481,27,492,508
11,1000,80,7.7,28,45,951,27,13,9,49,8.204358644,99,839,82.14974927,10.39169769,7.543442854,8.873253296,480,23,471,26,503,497
16,1000,80,7.7,28,20,949,26,13,12,51,7.797301365,109,814,81.13584148,9.399801079,6.902673838,8.710002175,491,14,458,37,505,495
12,1000,80,7.7,28,44,962,12,13,13,38,7.945846705,95,842,82.40258474,10.40166486,7.564692969,8.336259236,497,9,465,29,506,494
14,1000,80,7.7,28,40,954,17,17,12,46,7.900312917,128,823,81.87713053,10.26978943,7.019603755,8.739738837,474,14,480,32,488,512
13,1000,80,7.7,28,40,947,30,11,12,53,8.019495134,102,844,82.1518457,10.16091085,7.268773818,8.788452595,486,20,461,33,506,494
15,1000,80,7.7,28,36,956,18,12,14,44,7.716692361,109,834,81.55673784,9.830187167,7.198615738,8.269021983,503,13,453,31,516,484
9,1000,80,7.7,28,48,944,33,7,16,56,8.592486448,126,847,82.55676545,10.50422975,8.107384284,9.099413248,488,23,456,33,511,489
10,1000,80,7.7,28,47,961,21,6,12,39,7.689108606,98,829,82.46250036,10.45157267,6.998664427,8.357806511,479,13,482,26,492,508
11,1000,80,7.7,28,46,951,26,14,9,49,8.258162013,123,827,82.2277525,10.43056001,7.600960938,8.923297106,481,22,470,27,503,497
12,1000,80,7.7,28,45,960,14,13,13,40,7.993981408,112,814,82.45260599,10.44032363,7.632466016,8.36427855,496,10,464,30,506,494
16,1000,80,7.7,28,21,948,27,13,12,52,7.830356328,109,801,81.17889515,9.442011816,6.957330427,8.721019117,491,14,457,38,505,495
14,1000,80,7.7,28,41,954,16,18,12,46,7.911229382,121,827,81.93547714,10.27978449,7.047907169,8.734083367,475,13,479,33,488,512
13,1000,80,7.7,28,41,947,30,11,12,53,8.044297722,104,824,82.20127676,10.20515059,7.296665786,8.810090758,485,21,462,32,506,494
9,1000,80,7.7,28,49,944,32,8,16,56,8.608156015,104,843,82.58309537,10.54332053,8.144546435,9.092623285,487,24,457,32,511,489
15,1000,80,7.7,28,37,954,20,12,14,46,7.712047871,83,816,81.62705965,9.862671462,7.228441411,8.227628312,501,15,453,31,516,484
10,1000,80,7.7,28,48,960,21,6,13,40,7.711827413,104,833,82.50065294,10.45736934,7.023580248,8.378397503,479,13,481,27,492,508
11,1000,80,7.7,28,47,951,26,14,9,49,8.266502434,111,813,82.28050952,10.48308407,7.597273743,8.943810344,481,22,470,27,503,497
12,1000,80,7.7,28,46,959,14,14,13,41,7.987675521,118,837,82.48792201,10.46312691,7.613963595,8.370465469,495,11,464,30,506,494
14,1000,80,7.7,28,42,953,17,17,13,47,7.960447377,105,842,81.99181974,10.33108861,7.092754377,8.787467269,475,13,478,34,488,512
13,1000,80,7.7,28,42,947,30,11,12,53,8.064728537,106,818,82.28105355,10.2279097,7.336107585,8.811048783,486,20,461,33,506,494
9,1000,80,7.7,28,50,945,33,7,15,55,8.625983026,112,824,82.61347935,10.55477236,8.172636105,9.099725923,489,22,456,33,511,489
15,1000,80,7.7,28,38,953,21,12,14,47,7.772073079,109,825,81.66891363,9.888587364,7.290089107,8.28592376,501,15,452,32,516,484
16,1000,80,7.7,28,22,948,27,13,12,52,7.865853291,96,825,81.22919596,9.472460957,6.958192944,8.79185021,491,14,457,38,505,495
10,1000,80,7.7,28,49,959,22,6,13,41,7.729495041,115,821,82.57418284,10.50050778,7.037969087,8.39924065,479,13,480,28,492,508
11,1000,80,7.7,28,48,954,26,12,8,46,8.229509921,100,824,82.36238653,10.51374747,7.610665094,8.855825713,481,22,473,24,503,497
12,1000,80,7.7,28,47,959,14,14,13,41,7.989201435,110,826,82.54298556,10.48725713,7.613592283,8.373934696,495,11,464,30,506,494
13,1000,80,7.7,28,43,947,30,11,12,53,8.069161783,116,828,82.34434098,10.24474943,7.373646532,8.781572142,486,20,461,33,506,494
14,1000,80,7.7,28,43,954,16,17,13,46,7.959690448,97,816,82.03305723,10.36437231,7.105113733,8.77420888,476,12,478,34,488,512
9,1000,80,7.7,28,51,945,33,7,15,55,8.621649117,112,834,82.6244419,10.58607719,8.169682774,9.093949324,489,22,456,33,511,489
15,1000,80,7.7,28,39,955,20,12,13,45,7.784057605,110,837,81.69762683,9.936489007,7.309625005,8.289857651,503,13,452,32,516,484
16,1000,80,7.7,28,23,948,28,13,11,52,7.874450382,101,820,81.29431981,9.513600665,6.994261759,8.772420594,491,14,457,38,505,495
10,1000,80,7.7,28,50,958,23,6,13,42,7.751117527,103,859,82.69477949,10.53993883,7.063897468,8.41669286,478,14,480,28,492,508
11,1000,80,7.7,28,49,952,28,12,8,48,8.272707269,107,829,82.39305714,10.55958141,7.709912973,8.842295864,480,23,472,25,503,497
12,1000,80,7.7,28,48,958,15,14,13,42,8.024526064,97,835,82.60053293,10.50554913,7.652089517,8.406009653,495,11,463,31,506,494
13,1000,80,7.7,28,44,947,28,13,12,53,8.086844244,106,830,82.43302711,10.26331905,7.409772905,8.780362661,486,20,461,33,506,494
9,1000,80,7.7,28,52,946,32,7,15,54,8.622124291,116,825,82.66335358,10.61389492,8.175789439,9.088539648,489,22,457,32,511,489
14,1000,80,7.7,28,44,955,16,17,12,45,7.971012761,106,833,82.07474634,10.41010519,7.132224864,8.770482476,476,12,479,33,488,512
15,1000,80,7.7,28,40,956,20,12,12,44,7.811570299,110,823,81.79775342,9.94485309,7.315995493,8.339910381,504,12,452,32,516,484
10,1000,80,7.7,28,51,959,22,7,12,41,7.739476906,97,837,82.73144361,10.56009438,7.089448581,8.369031897,478,14,481,27,492,508
11,1000,80,7.7,28,50,953,27,12,8,47,8.278622666,126,822,82.46661905,10.5764994,7.70854392,8.85558365,480,23,473,24,503,497
16,1000,80,7.7,28,24,947,29,13,11,53,7.902105692,91,841,81.33769731,9.535146153,7.033951404,8.78779845,491,14,456,39,505,495
12,1000,80,7.7,28,49,958,15,14,13,42,8.020732265,119,828,82.61817273,10.53112548,7.648429161,8.40207917,495,11,463,31,506,494
13,1000,80,7.7,28,45,946,29,13,12,54,8.122488988,100,851,82.49285805,10.31522769,7.442127523,8.819377451,486,20,460,34,506,494
9,1000,80,7.7,28,53,945,34,7,14,55,8.582254918,115,820,82.70075022,10.66599562,8.115848082,9.069645293,489,22,456,33,511,489
14,1000,80,7.7,28,45,956,16,16,12,44,7.970478508,112,829,82.11631377,10.41775796,7.147395359,8.754979634,476,12,480,32,488,512
15,1000,80,7.7,28,41,956,21,11,12,44,7.823278854,75,814,81.90322745,9.957727976,7.334679757,8.344182023,503,13,453,31,516,484
10,1000,80,7.7,28,52,960,20,8,12,40,7.720188705,118,846,82.79215057,10.59387358,7.044259683,8.374828625,479,13,481,27,492,508
11,1000,80,7.7,28,51,952,28,12,8,48,8.329316606,104,840,82.49179278,10.61803244,7.779096259,8.886179452,480,23,472,25,503,497
16,1000,80,7.7,28,25,948,28,13,11,52,7.919153231,86,821,81.40777804,9.565195942,7.074332498,8.78104105,491,14,457,38,505,495
12,1000,80,7.7,28,50,960,14,13,13,40,8.027399063,100,857,82.6728271,10.5583032,7.647743576,8.416276951,495,11,465,29,506,494
9,1000,80,7.7,28,54,945,34,7,14,55,8.569591834,92,835,82.75402105,10.67645111,8.092305243,9.068351441,489,22,456,33,511,489
13,1000,80,7.7,28,46,946,29,13,12,54,8.113919022,143,835,82.54959844,10.35232107,7.41837471,8.826359148,487,19,459,35,506,494
14,1000,80,7.7,28,46,957,16,15,12,43,7.980099245,109,813,82.16015527,10.44626282,7.115443298,8.804224445,477,11,480,32,488,512
15,1000,80,7.7,28,42,956,21,11,12,44,7.842169634,109,830,81.94170956,9.976342051,7.395812757,8.31803771,503,13,453,31,516,484
10,1000,80,7.7,28,53,962,18,8,12,38,7.752460538,106,845,82.88875058,10.64748658,7.10823826,8.376392352,479,13,483,25,492,508
11,1000,80,7.7,28,52,954,27,11,8,46,8.300379877,125,856,82.53181191,10.65404717,7.741227063,8.866283026,480,23,474,23,503,497
12,1000,80,7.7,28,51,960,14,13,13,40,8.033902372,102,823,82.74116113,10.57319667,7.641485362,8.43585178,495,11,465,29,506,494
16,1000,80,7.7,28,26,950,27,12,11,50,7.920583681,95,816,81.47436786,9.579813065,7.098068147,8.75971569,491,14,459,36,505,495
13,1000,80,7.7,28,47,945,30,13,12,55,8.156843275,119,836,82.6029595,10.37928891,7.455102511,8.875630372,486,20,459,35,506,494
9,1000,80,7.7,28,55,944,35,7,14,56,8.599240974,101,835,82.78982834,10.68174358,8.138934181,9.080256866,488,23,456,33,511,489
14,1000,80,7.7,28,47,956,17,15,12,44,7.991288546,110,828,82.2251493,10.46322428,7.137720688,8.804845411,475,13,481,31,488,512
15,1000,80,7.7,28,43,955,23,11,11,45,7.882089586,95,812,82.03651987,9.988352073,7.43399067,8.359814876,503,13,452,32,516,484
10,1000,80,7.7,28,54,962,19,7,12,38,7.782548015,110,827,82.93549304,10.66101759,7.170601215,8.375220901,479,13,483,25,492,508
11,1000,80,7.7,28,53,953,29,11,7,47,8.286189102,105,820,82.59881852,10.70731364,7.721864584,8.85732639,480,23,473,24,503,497
12,1000,80,7.7,28,52,959,16,12,13,41,8.084037171,93,828,82.80072685,10.58944099,7.700204093,8.47719413,494,12,465,29,506,494
9,1000,80,7.7,28,56,943,34,9,14,57,8.669384441,105,842,82.85828273,10.7081279,8.201490351,9.158328982,488,23,455,34,511,489
13,1000,80,7.7,28,48,945,31,11,13,55,8.142794927,118,834,82.61510022,10.44810361,7.443931044,8.858635261,485,21,460,34,506,494
14,1000,80,7.7,28,48,954,19,15,12,46,8.023427789,106,822,82.27783265,10.51044247,7.157363987,8.84889485,475,13,479,33,488,512
15,1000,80,7.7,28,44,955,23,12,10,45,7.92213027,101,822,82.13637313,10.01757243,7.461024017,8.413722886,503,13,452,32,516,484
16,1000,80,7.7,28,27,951,27,10,12,49,7.928198015,102,822,81.52576364,9.624056314,7.142597917,8.729668823,491,14,460,35,505,495
10,1000,80,7.7,28,55,964,19,7,10,36,7.781938853,117,845,83.00079012,10.69727145,7.158783016,8.385467735,479,13,485,23,492,508
11,1000,80,7.7,28,54,954,27,12,7,46,8.310984554,118,845,82.67529943,10.73910545,7.761982839,8.866614055,481,22,473,24,503,497
12,1000,80,7.7,28,53,959,16,12,13,41,8.094536641,102,802,82.88798702,10.64207777,7.69598092,8.502773877,494,12,465,29,506,494
9,1000,80,7.7,28,57,943,33,10,14,57,8.660583224,114,835,82.8843264,10.74554321,8.219123288,9.121904343,488,23,455,34,511,489
13,1000,80,7.7,28,49,943,33,11,13,57,8.165227341,106,831,82.64901455,10.48507785,7.474063215,8.873180878,483,23,460,34,506,494
15,1000,80,7.7,28,45,955,23,12,10,45,7.96223935,98,810,82.19796049,10.06627784,7.515983884,8.437999309,503,13,452,32,516,484
14,1000,80,7.7,28,49,955,19,15,11,45,8.07003184,115,835,82.35121136,10.52601863,7.225503698,8.874972726,475,13,480,32,488,512
10,1000,80,7.7,28,56,964,20,6,10,36,7.790694822,91,832,83.05033101,10.72535968,7.174594672,8.387390242,480,12,484,24,492,508
16,1000,80,7.7,28,28,953,25,10,12,47,7.914452769,114,840,81.61374577,9.658261239,7.130562985,8.714178711,492,13,461,34,505,495
11,1000,80,7.7,28,55,956,27,11,6,44,8.310949898,93,815,82.72477918,10.76358351,7.731747292,8.89714489,482,21,474,23,503,497
12,1000,80,7.7,28,54,959,16,12,13,41,8.122414166,110,836,82.93620342,10.67882887,7.749641802,8.50424173,494,12,465,29,506,494
9,1000,80,7.7,28,58,944,32,9,15,56,8.633958676,102,858,82.93309125,10.7954178,8.210815552,9.076138914,488,23,456,33,511,489
13,1000,80,7.7,28,50,943,34,10,13,57,8.18563429,106,827,82.69433715,10.49329294,7.48930039,8.898883184,483,23,460,34,506,494
15,1000,80,7.7,28,46,957,22,11,10,43,7.972441481,105,822,82.2334962,10.09115772,7.535896059,8.437849411,503,13,454,30,516,484
10,1000,80,7.7,28,57,965,20,6,9,35,7.81328642,132,839,83.12050765,10.76888478,7.206217488,8.401235069,481,11,484,24,492,508
14,1000,80,7.7,28,50,954,19,16,11,46,8.100649406,121,830,82.42082677,10.54381698,7.227522112,8.932848857,475,13,479,33,488,512
11,1000,80,7.7,28,56,957,27,10,6,43,8.303644446,122,833,82.77848932,10.78996221,7.689448603,8.925255128,483,20,474,23,503,497
16,1000,80,7.7,28,29,954,24,10,12,46,7.896914244,100,805,81.68519576,9.680063446,7.132659996,8.676607972,492,13,462,33,505,495
12,1000,80,7.7,28,55,959,15,13,13,41,8.168981936,111,843,82.96841402,10.738989,7.797743048,8.549238772,494,12,465,29,506,494
9,1000,80,7.7,28,59,943,32,10,15,57,8.644280968,105,828,82.96649704,10.82071972,8.19130032,9.117641113,488,23,455,34,511,489
13,1000,80,7.7,28,51,943,33,10,14,57,8.219884054,108,815,82.72374535,10.54373647,7.533741414,8.922694126,482,24,461,33,506,494
15,1000,80,7.7,28,47,957,22,10,11,43,8.008188013,97,852,82.31527415,10.12138766,7.580677461,8.463963726,503,13,454,30,516,484
10,1000,80,7.7,28,58,966,21,6,7,34,7.795571193,123,829,83.16472324,10.77693967,7.177712793,8.393969485,482,10,484,24,492,508
14,1000,80,7.7,28,51,954,20,15,11,46,8.120810014,95,848,82.48384777,10.5614292,7.288017212,8.914565653,474,14,480,32,488,512
11,1000,80,7.7,28,57,955,29,10,6,45,8.372909917,130,833,82.81957135,10.81711612,7.757058492,8.996196169,483,20,472,25,503,497
12,1000,80,7.7,28,56,957,17,13,13,43,8.194374551,120,836,83.03672872,10.75979693,7.819975044,8.577868783,494,12,463,31,506,494
16,1000,80,7.7,28,30,954,24,10,12,46,7.918113192,133,809,81.7242758,9.719795595,7.113714279,8.738762588,492,13,462,33,505,495
9,1000,80,7.7,28,60,943,32,9,16,57,8.676146653,121,821,83.02585601,10.82166454,8.211243525,9.161965667,488,23,455,34,511,489
13,1000,80,7.7,28,52,942,34,10,14,58,8.25527134,100,834,82.7983323,10.57329642,7.539450306,8.988480739,482,24,460,34,506,494
10,1000,80,7.7,28,59,965,22,6,7,35,7.821057677,125,840,83.22199858,10.81278835,7.209274229,8.413572355,481,11,484,24,492,508
15,1000,80,7.7,28,48,958,21,10,11,42,8.01595475,116,837,82.33662536,10.12818409,7.592033179,8.467904194,503,13,455,29,516,484
14,1000,80,7.7,28,52,954,21,14,11,46,8.131620979,96,833,82.54301771,10.57292759,7.331929001,8.893827396,473,15,481,31,488,512
11,1000,80,7.7,28,58,953,31,10,6,47,8.403815143,111,840,82.88960181,10.85449555,7.763982014,9.051372615,482,21,471,26,503,497
12,1000,80,7.7,28,57,957,18,12,13,43,8.216081295,132,839,83.12108346,10.77961096,7.848734507,8.592351488,494,12,463,31,506,494
9,1000,80,7.7,28,61,943,32,9,16,57,8.685859112,102,836,83.06868572,10.86902717,8.222455646,9.170110996,488,23,455,34,511,489
13,1000,80,7.7,28,53,941,35,9,15,59,8.277631707,117,823,82.85004072,10.60831887,7.567197066,9.005323869,482,24,459,35,506,494
16,1000,80,7.7,28,31,954,22,12,12,46,7.929318754,86,835,81.79015229,9.754723178,7.139279049,8.735318857,492,13,462,33,505,495
10,1000,80,7.7,28,60,965,22,6,7,35,7.81219527,119,838,83.29235813,10.84569346,7.232272946,8.373852323,481,11,484,24,492,508
15,1000,80,7.7,28,49,958,21,10,11,42,8.033801559,104,813,82.40314515,10.15964717,7.605880082,8.490015365,503,13,455,29,516,484
14,1000,80,7.7,28,53,956,20,14,10,44,8.090372914,132,856,82.62639775,10.60518438,7.345028539,8.800779272,473,15,483,29,488,512
11,1000,80,7.7,28,59,953,30,11,6,47,8.419511299,100,838,82.93925187,10.88560609,7.754268156,9.092785547,482,21,471,26,503,497
12,1000,80,7.7,28,58,956,19,12,13,44,8.246423592,116,844,83.16678639,10.80117423,7.915587349,8.585296342,493,13,463,31,506,494
9,1000,80,7.7,28,62,942,32,10,16,58,8.726169444,99,844,83.11520913,10.91898491,8.261631739,9.211606595,488,23,454,35,511,489
13,1000,80,7.7,28,54,942,34,9,15,58,8.277248991,109,832,82.89522187,10.63606189,7.57609297,8.995437142,483,23,459,35,506,494
10,1000,80,7.7,28,61,966,22,5,7,34,7.832943993,126,853,83.39093727,10.884916,7.279719894,8.36874371,481,11,485,23,492,508
15,1000,80,7.7,28,50,957,22,10,11,43,8.069485733,96,825,82.45296082,10.19966103,7.635128165,8.532561156,502,14,455,29,516,484
16,1000,80,7.7,28,32,954,22,12,12,46,7.959267762,87,840,81.81224356,9.776379125,7.158933117,8.775770785,491,14,463,32,505,495
14,1000,80,7.7,28,54,956,19,16,9,44,8.106028427,115,808,82.66073249,10.66118253,7.41799446,8.761810803,473,15,483,29,488,512
11,1000,80,7.7,28,60,953,30,11,6,47,8.424279156,114,833,82.98090443,10.92980964,7.772319892,9.084109155,482,21,471,26,503,497
12,1000,80,7.7,28,59,956,19,12,13,44,8.230869466,116,833,83.20332388,10.83489633,7.949540977,8.519031845,492,14,464,30,506,494
9,1000,80,7.7,28,63,942,33,10,15,58,8.730919671,116,836,83.14352577,10.95375926,8.29860534,9.182683727,488,23,454,35,511,489
13,1000,80,7.7,28,55,942,34,9,15,58,8.313976785,128,829,82.9199287,10.66243013,7.607230217,9.037891287,483,23,459,35,506,494
10,1000,80,7.7,28,62,967,22,5,6,33,7.823849619,113,829,83.42282443,10.92062192,7.279936235,8.350631874,481,11,486,22,492,508
15,1000,80,7.7,28,51,958,22,10,10,42,8.107177068,106,834,82.51068817,10.23365614,7.69190909,8.54990078,502,14,456,28,516,484
14,1000,80,7.7,28,55,956,19,16,9,44,8.153373438,97,809,82.70414521,10.67720681,7.464352468,8.81009655,473,15,483,29,488,512
11,1000,80,7.7,28,61,953,30,12,5,47,8.44107014,102,835,83.06024397,10.95117781,7.812298317,9.07743277,482,21,471,26,503,497
16,1000,80,7.7,28,33,954,22,12,12,46,8.005433243,103,822,81.844449,9.812459088,7.228829799,8.797725645,491,14,463,32,505,495
12,1000,80,7.7,28,60,959,17,11,13,41,8.201188868,122,835,83.28026873,10.86527491,7.944363681,8.464252723,492,14,467,27,506,494
9,1000,80,7.7,28,64,942,33,10,15,58,8.761326465,139,837,83.19495686,11.01455531,8.317055681,9.225584892,489,22,453,36,511,489
13,1000,80,7.7,28,56,940,36,9,15,60,8.333579353,116,840,83.00672491,10.69576452,7.602540179,9.082376563,482,24,458,36,506,494
10,1000,80,7.7,28,63,967,22,5,6,33,7.835332972,106,839,83.47337686,10.94372437,7.275707682,8.377332269,481,11,486,22,492,508
15,1000,80,7.7,28,52,959,21,10,10,41,8.118695951,115,836,82.57353447,10.27270139,7.736296955,8.526377525,502,14,457,27,516,484
11,1000,80,7.7,28,62,951,32,12,5,49,8.453198336,117,838,83.13620958,10.98325148,7.818483264,9.095575964,481,22,470,27,503,497
14,1000,80,7.7,28,56,955,20,16,9,45,8.189903958,105,824,82.75009632,10.70137231,7.461473277,8.884189451,473,15,482,30,488,512
16,1000,80,7.7,28,34,953,23,12,12,47,8.007337134,115,841,81.93268574,9.842878639,7.227300492,8.803132091,492,13,461,34,505,495
12,1000,80,7.7,28,61,959,17,11,13,41,8.21075159,124,828,83.32390722,10.89644298,7.994905937,8.431840456,492,14,467,27,506,494
9,1000,80,7.7,28,65,943,33,10,14,57,8.735956445,126,840,83.2138851,11.04971775,8.275942289,9.216666535,489,22,454,35,511,489
13,1000,80,7.7,28,57,939,37,9,15,61,8.358569092,124,855,83.07601697,10.71819615,7.603098578,9.132391116,482,24,457,37,506,494
10,1000,80,7.7,28,64,967,22,5,6,33,7.853709849,123,851,83.54191691,10.98155233,7.285922249,8.403614375,481,11,486,22,492,508
15,1000,80,7.7,28,53,959,21,9,11,41,8.140838297,115,846,82.6521973,10.29617898,7.761428467,8.545333075,502,14,457,27,516,484
11,1000,80,7.7,28,63,953,32,10,5,47,8.473219475,120,832,83.19311234,11.02755444,7.824987778,9.129276908,482,21,471,26,503,497
14,1000,80,7.7,28,57,956,18,17,9,44,8.207040323,110,821,82.8034972,10.75070182,7.484183989,8.896012767,473,15,483,29,488,512
12,1000,80,7.7,28,62,960,16,11,13,40,8.196453798,116,817,83.37930715,10.93192885,8.014603956,8.382721045,492,14,468,26,506,494
16,1000,80,7.7,28,35,951,25,12,12,49,8.049481354,103,816,81.95168626,9.880124255,7.315430163,8.798361861,490,15,461,34,505,495
9,1000,80,7.7,28,66,942,34,10,14,58,8.747796427,122,853,83.26364747,11.05627448,8.302038422,9.213608985,488,23,454,35,511,489
13,1000,80,7.7,28,58,940,36,9,15,60,8.347824972,96,845,83.12850566,10.75012783,7.578283784,9.136059468,482,24,458,36,506,494
10,1000,80,7.7,28,65,966,23,5,6,34,7.85713093,131,832,83.64446383,11.00766608,7.290385394,8.406026214,481,11,485,23,492,508
15,1000,80,7.7,28,54,959,23,9,9,41,8.144195944,115,846,82.68119201,10.33760798,7.736506616,8.57883994,502,14,457,27,516,484
11,1000,80,7.7,28,64,953,31,11,5,47,8.442108053,124,841,83.24357301,11.06981755,7.757801657,9.134675692,482,21,471,26,503,497
14,1000,80,7.7,28,58,956,18,17,9,44,8.246799654,92,863,82.83802695,10.78004342,7.499213239,8.959342955,473,15,483,29,488,512
12,1000,80,7.7,28,63,960,17,11,12,40,8.204559927,104,837,83.44800105,10.95220705,8.006736847,8.407188426,492,14,468,26,506,494
9,1000,80,7.7,28,67,942,32,11,15,58,8.763305188,131,828,83.34671983,11.09565113,8.30418029,9.243086012,488,23,454,35,511,489
13,1000,80,7.7,28,59,940,35,10,15,60,8.379950277,113,855,83.22561967,10.79579255,7.63999877,9.137876314,481,25,459,35,506,494
16,1000,80,7.7,28,36,953,24,12,11,47,8.042892563,83,813,82.03587643,9.918420691,7.339742076,8.76024811,490,15,463,32,505,495
10,1000,80,7.7,28,66,966,23,5,6,34,7.87662073,123,858,83.68130175,11.0584538,7.308887974,8.426472138,481,11,485,23,492,508
15,1000,80,7.7,28,55,958,24,9,9,42,8.174013774,100,837,82.6939333,10.38656344,7.747772747,8.628436027,501,15,457,27,516,484
11,1000,80,7.7,28,65,953,30,12,5,47,8.439990114,108,827,83.29050238,11.09020765,7.768590005,9.119495658,482,21,471,26,503,497
14,1000,80,7.7,28,59,956,19,16,9,44,8.235176022,102,832,82.87905602,10.81083129,7.464440545,8.969783274,474,14,482,30,488,512
12,1000,80,7.7,28,64,961,14,12,13,39,8.214294582,141,829,83.46047868,10.96546882,8.021079126,8.412203532,492,14,469,25,506,494
9,1000,80,7.7,28,68,942,32,11,15,58,8.788081283,137,843,83.40463307,11.14613627,8.314006754,9.283484319,488,23,454,35,511,489
13,1000,80,7.7,28,60,940,34,10,16,60,8.405057016,108,841,83.28572855,10.81952845,7.663081038,9.165056702,481,25,459,35,506,494
10,1000,80,7.7,28,67,966,23,5,6,34,7.914208217,106,849,83.74925172,11.10886913,7.330021327,8.47999552,481,11,485,23,492,508
15,1000,80,7.7,28,56,958,24,9,9,42,8.154618774,107,850,82.74066968,10.43560755,7.784518492,8.549188496,501,15,457,27,516,484
16,1000,80,7.7,28,37,953,24,12,11,47,8.039489144,100,813,82.09398023,9.940328733,7.33827673,8.754867465,490,15,463,32,505,495
11,1000,80,7.7,28,66,953,29,13,5,47,8.462091914,112,852,83.32887204,11.13924525,7.775312098,9.157162835,482,21,471,26,503,497
14,1000,80,7.7,28,60,957,19,15,9,43,8.244067075,102,851,82.94330301,10.83038582,7.476216957,8.975924219,474,14,483,29,488,512
12,1000,80,7.7,28,65,961,14,11,14,39,8.25854265,109,839,83.55478418,10.99430222,8.04931645,8.472851269,492,14,469,25,506,494
9,1000,80,7.7,28,69,943,31,11,15,57,8.78947243,132,841,83.4414184,11.16827235,8.30706722,9.293580943,489,22,454,35,511,489
10,1000,80,7.7,28,68,965,23,6,6,35,7.936420882,144,846,83.78600322,11.16195542,7.342354317,8.511776689,481,11,484,24,492,508
13,1000,80,7.7,28,61,939,35,11,15,61,8.398724485,120,837,83.3086125,10.85639051,7.669347452,9.145819179,481,25,458,36,506,494
15,1000,80,7.7,28,57,958,24,9,9,42,8.169208839,96,830,82.78669405,10.48081889,7.822709057,8.538617697,501,15,457,27,516,484
11,1000,80,7.7,28,67,954,28,13,5,46,8.48003222,127,840,83.39478759,11.14776727,7.765360683,9.203331582,483,20,471,26,503,497
16,1000,80,7.7,28,38,954,23,12,11,46,8.041467941,99,820,82.13687734,9.967170455,7.353755903,8.743073153,490,15,464,31,505,495
14,1000,80,7.7,28,61,957,19,16,8,43,8.283626705,119,855,82.97963139,10.84937723,7.516193822,9.015086172,475,13,482,30,488,512
12,1000,80,7.7,28,66,961,15,10,14,39,8.319774076,118,831,83.63596777,11.01632168,8.121299871,8.523069517,492,14,469,25,506,494
9,1000,80,7.7,28,70,944,30,11,15,56,8.794592061,109,843,83.47655424,11.19088706,8.291315835,9.320510571,490,21,454,35,511,489
10,1000,80,7.7,28,69,965,23,6,6,35,7.971883269,116,825,83.80851284,11.20184086,7.323326252,8.600013292,481,11,484,24,492,508
13,1000,80,7.7,28,62,940,35,10,15,60,8.406537472,106,838,83.37068044,10.87029568,7.6915082,9.138935876,481,25,459,35,506,494
15,1000,80,7.7,28,58,959,24,8,9,41,8.173340805,109,828,82.79602195,10.49538656,7.849250713,8.518858342,501,15,458,26,516,484
11,1000,80,7.7,28,68,954,28,13,5,46,8.498468851,120,831,83.47060162,11.18315025,7.807221066,9.198061679,483,20,471,26,503,497
14,1000,80,7.7,28,62,956,20,16,8,44,8.317241244,120,837,83.03610325,10.88210038,7.589266141,9.011092514,474,14,482,30,488,512
16,1000,80,7.7,28,39,954,23,12,11,46,8.059601055,119,844,82.20622572,9.986462165,7.360544745,8.772779715,490,15,464,31,505,495
12,1000,80,7.7,28,67,962,15,10,13,38,8.364313485,126,827,83.65888478,11.05330998,8.195985325,8.536730587,492,14,470,24,506,494
9,1000,80,7.7,28,71,942,32,11,15,58,8.813441598,103,817,83.51672312,11.21510217,8.333943053,9.314512675,489,22,453,36,511,489
10,1000,80,7.7,28,70,965,22,7,6,35,7.985940401,130,862,83.86261129,11.22427458,7.371111702,8.581404416,481,11,484,24,492,508
13,1000,80,7.7,28,63,938,37,10,15,62,8.434367921,131,832,83.43933157,10.903071,7.749140666,9.136240372,480,26,458,36,506,494
15,1000,80,7.7,28,59,960,23,9,8,40,8.203528021,109,823,82.83854159,10.51212928,7.87646502,8.552215023,501,15,459,25,516,484
11,1000,80,7.7,28,69,954,28,12,6,46,8.513369503,106,856,83.54241059,11.22528885,7.81246733,9.222733271,483,20,471,26,503,497
14,1000,80,7.7,28,63,956,20,16,8,44,8.336205586,106,834,83.07564201,10.92481554,7.618264691,9.020493002,474,14,482,30,488,512
12,1000,80,7.7,28,68,962,14,11,13,38,8.395575616,114,837,83.69713022,11.10393964,8.216904101,8.57858733,492,14,470,24,506,494
9,1000,80,7.7,28,72,940,34,11,15,60,8.835533254,96,831,83.59211845,11.21859787,8.36620659,9.325974818,489,22,451,38,511,489
16,1000,80,7.7,28,40,954,23,12,11,46,8.101953583,99,836,82.27704741,10.01773104,7.411947003,8.80589969,490,15,464,31,505,495
10,1000,80,7.7,28,71,964,23,7,6,36,7.9988367,137,848,83.91983885,11.25617188,7.392056705,8.586505514,480,12,484,24,492,508
13,1000,80,7.7,28,64,938,38,10,14,62,8.447878041,118,849,83.51518694,10.93713768,7.773959024,9.13816756,480,26,458,36,506,494
15,1000,80,7.7,28,60,960,24,8,8,40,8.207619673,105,842,82.85766508,10.51555947,7.87093242,8.56656724,501,15,459,25,516,484
11,1000,80,7.7,28,70,956,27,10,7,44,8.505111219,118,853,83.56681527,11.27132113,7.816816027,9.20171581,484,19,472,25,503,497
14,1000,80,7.7,28,64,955,21,16,8,45,8.360122942,104,827,83.1562465,10.9566679,7.629394438,9.056598548,473,15,482,30,488,512
12,1000,80,7.7,28,69,961,15,11,13,39,8.378697969,104,844,83.75571562,11.14955329,8.219536964,8.541725233,492,14,469,25,506,494
9,1000,80,7.7,28,73,941,34,11,14,59,8.838754869,109,829,83.68050086,11.23692261,8.371477333,9.327055116,489,22,452,37,511,489
10,1000,80,7.7,28,72,964,23,7,6,36,8.018834173,118,856,83.99108402,11.30039147,7.426828318,8.592194174,480,12,484,24,492,508
13,1000,80,7.7,28,65,938,38,10,14,62,8.454048145,116,828,83.56825497,10.97740991,7.773504916,9.151122788,480,26,458,36,506,494
16,1000,80,7.7,28,41,955,22,12,11,45,8.099551683,105,842,82.33639123,10.06150815,7.416120437,8.796789622,490,15,465,30,505,495
15,1000,80,7.7,28,61,960,25,8,7,40,8.224566481,103,837,82.90791992,10.54828651,7.908416196,8.561619265,501,15,459,25,516,484
11,1000,80,7.7,28,71,957,25,10,8,43,8.50258877,111,869,83.61169888,11.32838487,7.839448109,9.173735153,485,18,472,25,503,497
14,1000,80,7.7,28,65,954,22,16,8,46,8.37136129,126,830,83.2301602,10.98106238,7.640058197,9.068384551,473,15,481,31,488,512
12,1000,80,7.7,28,70,960,15,12,13,40,8.389426742,107,850,83.83744301,11.17773417,8.235701458,8.546886243,492,14,468,26,506,494
9,1000,80,7.7,28,74,940,33,13,14,60,8.891052489,116,847,83.73920688,11.2524766,8.420752311,9.382511366,489,22,451,38,511,489
10,1000,80,7.7,28,73,964,22,8,6,36,8.044900501,124,858,84.02843927,11.30021123,7.463158314,8.6083201,480,12,484,24,492,508
13,1000,80,7.7,28,66,937,39,10,14,63,8.447875392,113,845,83.59731905,11.00163625,7.789573402,9.122168523,480,26,457,37,506,494
15,1000,80,7.7,28,62,959,26,8,7,41,8.221847361,101,839,82.92996193,10.57685162,7.919522092,8.544161078,500,16,459,25,516,484
16,1000,80,7.7,28,42,954,23,12,11,46,8.106202286,96,825,82.34446468,10.07449102,7.444774781,8.780991963,489,16,465,30,505,495
11,1000,80,7.7,28,72,958,24,10,8,42,8.515361959,114,818,83.67394754,11.37095313,7.908746791,9.129300448,485,18,473,24,503,497
14,1000,80,7.7,28,66,955,21,16,8,45,8.396273291,103,843,83.29267415,11.04050525,7.660181938,9.097860361,473,15,482,30,488,512
12,1000,80,7.7,28,71,959,16,12,13,41,8.417915927,112,847,83.8930814,11.20612396,8.253958124,8.585856511,492,14,467,27,506,494
9,1000,80,7.7,28,75,941,33,11,15,59,8.849675088,123,832,83.79483748,11.28326796,8.358115915,9.363349398,490,21,451,38,511,489
10,1000,80,7.7,28,74,964,22,8,6,36,8.066266388,111,831,84.10440708,11.33044254,7.496167835,8.618409081,480,12,484,24,492,508
13,1000,80,7.7,28,67,937,39,10,14,63,8.49348979,106,857,83.64378755,11.03126859,7.857359965,9.145072162,481,25,456,38,506,494
15,1000,80,7.7,28,63,959,25,9,7,41,8.239470125,118,839,82.96162806,10.61684866,7.94607169,8.552266803,500,16,459,25,516,484
11,1000,80,7.7,28,73,958,23,10,9,42,8.524275495,111,870,83.74026841,11.4080307,7.909202592,9.146773826,485,18,473,24,503,497
16,1000,80,7.7,28,43,954,23,13,10,46,8.114395957,102,827,82.40578712,10.09783226,7.490017394,8.751388228,489,16,465,30,505,495
14,1000,80,7.7,28,67,955,22,16,7,45,8.386302357,105,841,83.37936048,11.09489179,7.670904231,9.068166196,473,15,482,30,488,512
12,1000,80,7.7,28,72,959,17,11,13,41,8.431063587,120,831,83.95878235,11.22390402,8.302892368,8.562348278,491,15,468,26,506,494
9,1000,80,7.7,28,76,939,36,11,14,61,8.867190766,121,846,83.85970328,11.3331484,8.388700641,9.367208053,489,22,450,39,511,489
10,1000,80,7.7,28,75,963,23,8,6,37,8.109999358,103,855,84.15306429,11.32483444,7.533984595,8.667871924,480,12,483,25,492,508
13,1000,80,7.7,28,68,937,38,11,14,63,8.534825362,127,817,83.6909056,11.0786678,7.867868058,9.217984058,481,25,456,38,506,494
15,1000,80,7.7,28,64,957,27,9,7,43,8.268531485,103,819,83.07159414,10.63302619,7.984349962,8.571501869,499,17,458,26,516,484
11,1000,80,7.7,28,74,958,23,9,10,42,8.553517725,113,818,83.7792859,11.46223493,7.92473748,9.189888877,485,18,473,24,503,497
16,1000,80,7.7,28,44,954,23,13,10,46,8.122429001,100,830,82.43268047,10.12362225,7.519485258,8.737553426,489,16,465,30,505,495
12,1000,80,7.7,28,73,959,17,11,13,41,8.414672862,128,841,84.00434801,11.23968415,8.311196226,8.520663101,491,15,468,26,506,494
9,1000,80,7.7,28,77,938,37,11,14,62,8.856743098,116,822,83.90623248,11.35417872,8.355703013,9.380324864,489,22,449,40,511,489
14,1000,80,7.7,28,68,954,23,16,7,46,8.392355312,113,839,83.40771639,11.11113267,7.682217107,9.069205788,472,16,482,30,488,512
10,1000,80,7.7,28,76,963,23,8,6,37,8.105119335,125,831,84.22107562,11.36375866,7.524919823,8.667044846,480,12,483,25,492,508
13,1000,80,7.7,28,69,937,38,11,14,63,8.566822332,117,846,83.75240414,11.11306271,7.922240742,9.227061774,481,25,456,38,506,494
15,1000,80,7.7,28,65,956,28,8,8,44,8.304745398,115,841,83.11226876,10.66472417,8.019358162,8.609001211,499,17,457,27,516,484
11,1000,80,7.7,28,75,957,24,9,10,43,8.560313452,119,841,83.83537681,11.4837531,7.945080764,9.182973495,484,19,473,24,503,497
12,1000,80,7.7,28,74,959,17,11,13,41,8.441637441,109,836,84.09143344,11.2706112,8.338806517,8.546966282,491,15,468,26,506,494
9,1000,80,7.7,28,78,939,36,11,14,61,8.861996245,124,852,83.98227951,11.40572947,8.385597008,9.359828578,489,22,450,39,511,489
14,1000,80,7.7,28,69,954,23,16,7,46,8.390212362,137,851,83.47214234,11.1605695,7.66623368,9.080254543,472,16,482,30,488,512
10,1000,80,7.7,28,77,964,23,7,6,36,8.078302906,115,846,84.25147846,11.40534934,7.516061854,8.622835579,480,12,484,24,492,508
16,1000,80,7.7,28,45,953,24,13,10,47,8.160925171,110,843,82.46385548,10.15827081,7.55191595,8.782237609,489,16,464,31,505,495
13,1000,80,7.7,28,70,937,37,12,14,63,8.554994241,128,848,83.81261861,11.14230801,7.907573262,9.218142045,481,25,456,38,506,494
15,1000,80,7.7,28,66,956,29,7,8,44,8.33100094,122,828,83.20672567,10.71129346,8.068254687,8.611118847,498,18,458,26,516,484
11,1000,80,7.7,28,76,959,22,9,10,41,8.518297485,118,872,83.89459033,11.54074834,7.905590096,9.138401743,485,18,474,23,503,497
9,1000,80,7.7,28,79,941,35,10,14,59,8.863157251,125,835,83.99599084,11.4029487,8.422972874,9.323145425,489,22,452,37,511,489
12,1000,80,7.7,28,75,960,15,12,13,40,8.483899161,130,848,84.15723453,11.29701236,8.364821709,8.605869182,492,14,468,26,506,494
10,1000,80,7.7,28,78,965,23,7,5,35,8.089727685,126,848,84.3033445,11.42229041,7.539699134,8.622432502,480,12,485,23,492,508
14,1000,80,7.7,28,70,953,24,16,7,47,8.409663744,124,820,83.53134852,11.1892105,7.656224535,9.12778549,472,16,481,31,488,512
13,1000,80,7.7,28,71,937,36,13,14,63,8.579368849,118,830,83.84344011,11.18961975,7.902493793,9.272686214,481,25,456,38,506,494
16,1000,80,7.7,28,46,954,23,13,10,46,8.181541086,99,819,82.49004984,10.16523897,7.580698081,8.794522332,489,16,465,30,505,495
15,1000,80,7.7,28,67,956,28,8,8,44,8.332003025,114,832,83.25427486,10.75149844,8.093644516,8.586120776,498,18,458,26,516,484
11,1000,80,7.7,28,77,956,25,9,10,44,8.533185731,139,841,83.94460339,11.57877103,7.879917389,9.194340613,484,19,472,25,503,497
9,1000,80,7.7,28,80,940,36,10,14,60,8.876996124,127,845,84.05858289,11.42058755,8.448177174,9.325107542,489,22,451,38,511,489
12,1000,80,7.7,28,76,960,15,11,14,40,8.482006583,115,858,84.21944422,11.33442919,8.341948721,8.625466662,492,14,468,26,506,494
10,1000,80,7.7,28,79,964,24,7,5,36,8.103149729,124,856,84.35560923,11.48271823,7.560491564,8.628716298,479,13,485,23,492,508
14,1000,80,7.7,28,71,954,25,15,6,46,8.403045107,120,828,83.58078503,11.21588717,7.617717331,9.151560645,473,15,481,31,488,512
13,1000,80,7.7,28,72,936,37,13,14,64,8.633386842,117,828,83.88810215,11.21217194,7.999589573,9.282579997,480,26,456,38,506,494
15,1000,80,7.7,28,68,957,27,8,8,43,8.333303342,106,846,83.32050534,10.80273916,8.082458462,8.600733008,498,18,459,25,516,484
16,1000,80,7.7,28,47,955,23,12,10,45,8.181957879,95,827,82.53824678,10.19044826,7.618965621,8.756323718,489,16,466,29,505,495
11,1000,80,7.7,28,78,956,25,9,10,44,8.52382548,143,826,83.98433225,11.60299174,7.869308863,9.186243705,484,19,472,25,503,497
9,1000,80,7.7,28,81,941,35,10,14,59,8.857135602,121,847,84.09472589,11.46477351,8.438275292,9.294840343,490,21,451,38,511,489
12,1000,80,7.7,28,77,961,15,11,13,39,8.52644409,121,852,84.30847663,11.34687487,8.375485057,8.681070143,492,14,469,25,506,494
10,1000,80,7.7,28,80,964,24,7,5,36,8.080297871,124,849,84.40969255,11.50414919,7.53516084,8.608265231,479,13,485,23,492,508
14,1000,80,7.7,28,72,954,26,14,6,46,8.420243329,120,848,83.63973024,11.25261563,7.639740964,9.164159644,473,15,481,31,488,512
13,1000,80,7.7,28,73,936,37,14,13,64,8.618587982,119,833,83.9511745,11.23228511,8.009483783,9.242488235,480,26,456,38,506,494
15,1000,80,7.7,28,69,957,26,9,8,43,8.34271718,108,831,83.36152776,10.86605878,8.077489276,8.625480813,498,18,459,25,516,484
11,1000,80,7.7,28,79,956,25,8,11,44,8.535111776,149,834,84.02338242,11.64981789,7.856989106,9.221421037,484,19,472,25,503,497
16,1000,80,7.7,28,48,957,21,12,10,43,8.177818058,112,819,82.58610175,10.21961878,7.666796081,8.699163711,489,16,468,27,505,495
9,1000,80,7.7,28,82,941,35,9,15,59,8.900679154,124,838,84.154731,11.49038413,8.465499317,9.355437633,490,21,451,38,511,489
12,1000,80,7.7,28,78,959,17,11,13,41,8.53474167,109,849,84.38726446,11.36774245,8.391505059,8.681457713,490,16,469,25,506,494
10,1000,80,7.7,28,81,963,25,7,5,37,8.090678401,126,832,84.45935704,11.53069794,7.532521276,8.631255774,478,14,485,23,492,508
14,1000,80,7.7,28,73,953,27,14,6,47,8.448709787,114,847,83.66953388,11.27314779,7.683200518,9.178335809,473,15,480,32,488,512
13,1000,80,7.7,28,74,934,39,14,13,66,8.669383775,149,872,84.01230673,11.25361074,8.069757041,9.283576341,479,27,455,39,506,494
15,1000,80,7.7,28,70,957,27,8,8,43,8.364950718,108,817,83.41254004,10.90172264,8.07795941,8.670916658,499,17,458,26,516,484
11,1000,80,7.7,28,80,957,24,8,11,43,8.520733659,117,833,84.07424412,11.68501794,7.818102789,9.231846995,485,18,472,25,503,497
9,1000,80,7.7,28,83,941,34,10,15,59,8.92165878,108,841,84.21404477,11.5278631,8.483693012,9.379328529,490,21,451,38,511,489
12,1000,80,7.7,28,79,956,20,11,13,44,8.550258322,127,828,84.47780928,11.38244256,8.38379942,8.72076076,489,17,467,27,506,494
16,1000,80,7.7,28,49,957,22,12,9,43,8.189999445,107,837,82.62387066,10.24133505,7.666385906,8.724191036,489,16,468,27,505,495
10,1000,80,7.7,28,82,963,24,8,5,37,8.111006541,120,827,84.49084303,11.57380616,7.578379244,8.626858174,478,14,485,23,492,508
14,1000,80,7.7,28,74,953,28,13,6,47,8.437761175,109,836,83.70382282,11.30750706,7.666337298,9.173024558,474,14,479,33,488,512
13,1000,80,7.7,28,75,934,41,13,12,66,8.66642636,129,838,84.09713665,11.27777274,8.08779106,9.259117578,480,26,454,40,506,494
15,1000,80,7.7,28,71,958,24,10,8,42,8.429178859,122,838,83.4753258,10.9574169,8.158780974,8.71745429,499,17,459,25,516,484
11,1000,80,7.7,28,81,956,25,8,11,44,8.562570247,124,845,84.11695038,11.74222076,7.881896892,9.251460986,485,18,471,26,503,497
9,1000,80,7.7,28,84,940,35,10,15,60,8.969098389,111,852,84.25963875,11.54345888,8.549669392,9.407397402,490,21,450,39,511,489
12,1000,80,7.7,28,80,957,20,11,12,43,8.545825792,117,862,84.57099065,11.43763804,8.402023638,8.693121116,489,17,468,26,506,494
10,1000,80,7.7,28,83,964,24,8,4,36,8.096311819,135,847,84.55459157,11.5901463,7.57763528,8.598652089,477,15,487,21,492,508
16,1000,80,7.7,28,50,957,23,12,8,43,8.196979725,119,835,82.63667587,10.27191148,7.66482316,8.739886928,489,16,468,27,505,495
14,1000,80,7.7,28,75,954,28,13,5,46,8.434977472,134,846,83.73376344,11.33274548,7.665484343,9.168400611,474,14,480,32,488,512
13,1000,80,7.7,28,76,933,41,14,12,67,8.672103219,132,842,84.14289667,11.30570914,8.08852722,9.269855153,480,26,453,41,506,494
11,1000,80,7.7,28,82,957,23,9,11,43,8.585790214,123,850,84.20234482,11.77922813,7.913484053,9.266212748,485,18,472,25,503,497
15,1000,80,7.7,28,72,957,25,10,8,43,8.463747072,104,852,83.50391223,10.99498402,8.180566487,8.765650339,499,17,458,26,516,484
9,1000,80,7.7,28,85,940,35,10,15,60,8.993912451,132,855,84.32817716,11.56469374,8.555008582,9.452562506,490,21,450,39,511,489
12,1000,80,7.7,28,81,955,22,11,12,45,8.57167579,105,854,84.62160949,11.45675978,8.444383353,8.702060351,489,17,466,28,506,494
10,1000,80,7.7,28,84,964,24,8,4,36,8.098867907,105,859,84.62995943,11.61122055,7.575532935,8.605719887,477,15,487,21,492,508
13,1000,80,7.7,28,77,934,42,13,11,66,8.684463746,114,839,84.23324086,11.33819693,8.045128549,9.339329352,480,26,454,40,506,494
14,1000,80,7.7,28,76,954,28,13,5,46,8.387834881,135,835,83.76588252,11.35798602,7.627599338,9.112434382,474,14,480,32,488,512
16,1000,80,7.7,28,51,955,25,12,8,45,8.207118217,118,844,82.70620902,10.33826145,7.694478738,8.730114049,489,16,466,29,505,495
11,1000,80,7.7,28,83,959,20,10,11,41,8.594377747,124,851,84.24431567,11.78218769,7.953789783,9.242699167,485,18,474,23,503,497
15,1000,80,7.7,28,73,958,25,9,8,42,8.513337618,109,848,83.51042992,11.01746891,8.222994327,8.822877159,499,17,459,25,516,484
9,1000,80,7.7,28,86,938,35,12,15,62,9.013752724,133,830,84.35752117,11.62843261,8.559790039,9.488139088,489,22,449,40,511,489
12,1000,80,7.7,28,82,954,23,10,13,46,8.599986981,132,832,84.68852496,11.48945837,8.482658416,8.720165633,489,17,465,29,506,494
10,1000,80,7.7,28,85,963,26,8,3,37,8.119022637,128,871,84.68580576,11.63171426,7.590658019,8.630745849,477,15,486,22,492,508
13,1000,80,7.7,28,78,933,42,14,11,67,8.706476104,125,850,84.31199408,11.3565828,8.048136534,9.380807729,480,26,453,41,506,494
14,1000,80,7.7,28,77,953,29,13,5,47,8.440790909,124,838,83.81708815,11.38374751,7.696875204,9.149835565,473,15,480,32,488,512
11,1000,80,7.7,28,84,959,21,10,10,41,8.592578591,137,833,84.31885995,11.81575686,7.954330214,9.238532179,485,18,474,23,503,497
15,1000,80,7.7,28,74,958,25,8,9,42,8.575923272,122,856,83.54684672,11.0503861,8.276623561,8.895011395,499,17,459,25,516,484
16,1000,80,7.7,28,52,956,25,11,8,44,8.228186956,102,843,82.73319822,10.35526946,7.737381069,8.728908113,489,16,467,28,505,495
9,1000,80,7.7,28,87,938,35,12,15,62,9.034109105,113,863,84.37781407,11.65306488,8.57605328,9.512772758,489,22,449,40,511,489
12,1000,80,7.7,28,83,954,23,10,13,46,8.626571897,117,869,84.75014194,11.52369623,8.48688399,8.769653032,489,17,465,29,506,494
10,1000,80,7.7,28,86,962,26,8,4,38,8.15588631,124,854,84.71927474,11.63983098,7.653537745,8.642412873,476,16,486,22,492,508
13,1000,80,7.7,28,79,934,42,13,11,66,8.706267346,114,852,84.3593341,11.39128434,8.054255694,9.374117338,480,26,454,40,506,494
14,1000,80,7.7,28,78,955,29,11,5,45,8.427307584,101,823,83.8702358,11.41632263,7.692704903,9.127475765,473,15,482,30,488,512
11,1000,80,7.7,28,85,959,21,10,10,41,8.644323878,130,848,84.36852776,11.82340165,8.014868386,9.281378431,485,18,474,23,503,497
15,1000,80,7.7,28,75,958,25,8,9,42,8.560982328,122,836,83.62412929,11.07070126,8.225042414,8.919133146,499,17,459,25,516,484
16,1000,80,7.7,28,53,955,26,11,8,45,8.269263905,93,844,82.78935345,10.39207368,7.77509664,8.773414347,488,17,467,28,505,495
9,1000,80,7.7,28,88,937,35,13,15,63,9.05945052,119,818,84.43223252,11.68639566,8.60389451,9.535501892,489,22,448,41,511,489
12,1000,80,7.7,28,84,955,23,10,12,45,8.623001518,122,844,84.78179336,11.5658628,8.502844969,8.746076849,489,17,466,28,506,494
10,1000,80,7.7,28,87,962,26,8,4,38,8.204845342,127,846,84.75889584,11.68637819,7.661924165,8.730666639,476,16,486,22,492,508
13,1000,80,7.7,28,80,932,43,12,13,68,8.773772074,119,842,84.45978293,11.42751206,8.164799258,9.397537752,479,27,453,41,506,494
14,1000,80,7.7,28,79,955,30,10,5,45,8.461658776,116,865,83.94583552,11.47333197,7.732730677,9.15641837,473,15,482,30,488,512
11,1000,80,7.7,28,86,958,22,10,10,42,8.696170636,121,821,84.44507343,11.84937455,8.073109515,9.326753622,485,18,473,24,503,497
15,1000,80,7.7,28,76,956,27,8,9,44,8.586301906,106,829,83.66258973,11.10409406,8.253400345,8.941213487,498,18,458,26,516,484
9,1000,80,7.7,28,89,935,37,12,16,65,9.072363027,125,848,84.50194226,11.71746275,8.634759007,9.529654754,487,24,448,41,511,489
10,1000,80,7.7,28,88,962,26,8,4,38,8.237420575,123,845,84.80726722,11.71512236,7.669375131,8.787574823,476,16,486,22,492,508
12,1000,80,7.7,28,85,955,22,11,12,45,8.664122143,96,862,84.85641113,11.6274531,8.551151235,8.779837282,489,17,466,28,506,494
16,1000,80,7.7,28,54,955,26,11,8,45,8.288155678,91,827,82.8288282,10.42389677,7.807931822,8.778081026,488,17,467,28,505,495
13,1000,80,7.7,28,81,931,44,13,12,69,8.80894957,115,833,84.50893888,11.46086969,8.209360094,9.423103973,479,27,452,42,506,494
14,1000,80,7.7,28,80,956,30,9,5,44,8.446409309,124,824,83.98615858,11.51013092,7.714306224,9.144195063,474,14,482,30,488,512
11,1000,80,7.7,28,87,957,24,10,9,43,8.696406312,121,855,84.51897117,11.89148138,8.06456468,9.33587581,485,18,472,25,503,497
15,1000,80,7.7,28,77,956,27,8,9,44,8.634055624,121,840,83.71847098,11.14420944,8.290468557,9.000359191,498,18,458,26,516,484
9,1000,80,7.7,28,90,936,37,12,15,64,9.050857373,132,829,84.55035752,11.7430555,8.612352717,9.509090254,488,23,448,41,511,489
10,1000,80,7.7,28,89,961,27,8,4,39,8.282074533,114,870,84.85427272,11.74350505,7.744704535,8.802519492,475,17,486,22,492,508
12,1000,80,7.7,28,86,955,21,12,12,45,8.67066919,113,855,84.93443313,11.64560934,8.561698204,8.782287244,489,17,466,28,506,494
16,1000,80,7.7,28,55,956,26,10,8,44,8.307072211,99,821,82.90395147,10.46197915,7.839571474,8.784017407,489,16,467,28,505,495
13,1000,80,7.7,28,82,931,44,13,12,69,8.821268785,96,863,84.52315712,11.46663416,8.229508814,9.427403492,479,27,452,42,506,494
11,1000,80,7.7,28,88,959,24,9,8,41,8.655708017,127,837,84.5367776,11.90571406,8.058682285,9.259941304,485,18,474,23,503,497
14,1000,80,7.7,28,81,959,28,8,5,41,8.427526549,111,844,84.02847974,11.53883957,7.719529785,9.102335964,474,14,485,27,488,512
15,1000,80,7.7,28,78,956,26,9,9,44,8.652143623,107,870,83.73080893,11.1762978,8.298646106,9.029012876,498,18,458,26,516,484
9,1000,80,7.7,28,91,936,37,12,15,64,9.056500558,123,838,84.60069226,11.77209055,8.646735564,9.484700788,488,23,448,41,511,489
10,1000,80,7.7,28,90,961,27,7,5,39,8.306753987,132,850,84.92787275,11.75266586,7.77542413,8.821349046,475,17,486,22,492,508
12,1000,80,7.7,28,87,955,21,12,12,45,8.697116346,125,851,84.99567589,11.66639628,8.565722572,8.831701871,489,17,466,28,506,494
13,1000,80,7.7,28,83,932,43,13,12,68,8.866658864,104,856,84.56501063,11.49676323,8.304732424,9.44223534,479,27,453,41,506,494
16,1000,80,7.7,28,56,956,26,10,8,44,8.310354301,120,839,82.95273806,10.47772278,7.820094653,8.810518184,489,16,467,28,505,495
11,1000,80,7.7,28,89,960,24,8,8,40,8.642597201,124,842,84.57865427,11.93534575,8.032153773,9.260410167,485,18,475,22,503,497
14,1000,80,7.7,28,82,959,28,8,5,41,8.44616702,131,840,84.08581581,11.55607925,7.755719306,9.104249998,474,14,485,27,488,512
15,1000,80,7.7,28,79,956,25,9,10,44,8.688971921,102,859,83.8322808,11.22116514,8.311872147,9.091003911,499,17,457,27,516,484
9,1000,80,7.7,28,92,937,36,12,15,63,9.055749235,137,858,84.62456978,11.8168696,8.661090529,9.468163547,488,23,449,40,511,489
10,1000,80,7.7,28,91,961,29,6,4,39,8.308421859,105,857,84.96779459,11.77252637,7.785841747,8.814542756,475,17,486,22,492,508
12,1000,80,7.7,28,88,954,22,10,14,46,8.727129098,124,855,85.07298336,11.71648734,8.604141045,8.853104714,489,17,465,29,506,494
13,1000,80,7.7,28,84,933,42,13,12,67,8.852683546,136,850,84.63287823,11.52550043,8.321218761,9.397058406,479,27,454,40,506,494
11,1000,80,7.7,28,90,961,24,7,8,39,8.633045617,120,860,84.6150004,11.9836357,8.022429604,9.251033251,485,18,476,21,503,497
14,1000,80,7.7,28,83,959,28,8,5,41,8.443882133,121,858,84.12142843,11.56545652,7.762051286,9.09375216,474,14,485,27,488,512
16,1000,80,7.7,28,57,956,26,10,8,44,8.32235845,100,851,83.02651253,10.51541336,7.836521119,8.818010677,489,16,467,28,505,495
15,1000,80,7.7,28,80,956,25,9,10,44,8.718972485,113,848,83.87509331,11.24799506,8.336243547,9.127005816,499,17,457,27,516,484
9,1000,80,7.7,28,93,937,36,12,15,63,9.089269014,128,852,84.68959025,11.83689589,8.675385523,9.52177303,488,23,449,40,511,489
10,1000,80,7.7,28,92,963,29,4,4,37,8.27691679,135,849,85.00911122,11.7882467,7.782881107,8.755392294,476,16,487,21,492,508
12,1000,80,7.7,28,89,954,22,10,14,46,8.761802126,115,860,85.17333182,11.77058331,8.62274527,8.904236882,489,17,465,29,506,494
13,1000,80,7.7,28,85,934,40,13,13,66,8.86543973,122,836,84.69857845,11.55024191,8.310045584,9.434325231,481,25,453,41,506,494
11,1000,80,7.7,28,91,960,24,8,8,40,8.641330117,119,853,84.68819229,12.01126708,8.036645621,9.253314626,486,17,474,23,503,497
14,1000,80,7.7,28,84,958,29,8,5,42,8.478735859,123,833,84.17884789,11.56633034,7.786121051,9.138884348,473,15,485,27,488,512
15,1000,80,7.7,28,81,955,26,9,10,45,8.727976053,107,848,83.9463846,11.27171366,8.323379729,9.159322547,499,17,456,28,516,484
9,1000,80,7.7,28,94,935,38,13,14,65,9.130365593,148,853,84.75439575,11.86003733,8.707659667,9.572088963,489,22,446,43,511,489
16,1000,80,7.7,28,58,955,28,10,7,45,8.305207875,117,831,83.08651917,10.54517197,7.803713282,8.816833672,489,16,466,29,505,495
10,1000,80,7.7,28,93,963,29,4,4,37,8.269008919,129,843,85.07889542,11.81457521,7.775434746,8.747037449,476,16,487,21,492,508
12,1000,80,7.7,28,90,954,23,10,13,46,8.764355666,130,846,85.22263159,11.81039601,8.582981138,8.950136053,490,16,464,30,506,494
13,1000,80,7.7,28,86,935,40,12,13,65,8.847770922,130,853,84.76175922,11.58004203,8.303851211,9.404903258,481,25,454,40,506,494
11,1000,80,7.7,28,92,960,24,8,8,40,8.672189568,134,844,84.71809568,12.01610469,8.080977822,9.270538678,485,18,475,22,503,497
14,1000,80,7.7,28,85,958,29,8,5,42,8.49309915,112,848,84.23276306,11.59841373,7.800948065,9.152805653,473,15,485,27,488,512
15,1000,80,7.7,28,82,953,27,10,10,47,8.754761037,121,825,83.99443008,11.30781881,8.352906261,9.183184724,498,18,455,29,516,484
9,1000,80,7.7,28,95,936,38,11,15,64,9.098970243,119,866,84.84308621,11.8763145,8.661272004,9.556360427,490,21,446,43,511,489
10,1000,80,7.7,28,94,964,27,5,4,36,8.276806443,120,869,85.1540285,11.84814434,7.828989552,8.710518866,476,16,488,20,492,508
12,1000,80,7.7,28,91,953,24,10,13,47,8.782948968,121,856,85.28071777,11.8313498,8.580469515,8.99034695,490,16,463,31,506,494
16,1000,80,7.7,28,59,952,31,10,7,48,8.392258364,132,826,83.13538806,10.60193969,7.943728122,8.849849823,486,19,466,29,505,495
13,1000,80,7.7,28,87,935,40,12,13,65,8.894282555,118,847,84.81573334,11.61800367,8.398094302,9.402523964,481,25,454,40,506,494
11,1000,80,7.7,28,93,959,24,9,8,41,8.697993608,130,843,84.74531598,12.06593676,8.115372695,9.287648174,484,19,475,22,503,497
14,1000,80,7.7,28,86,957,28,9,6,43,8.501167895,110,862,84.30064774,11.629732,7.827753074,9.143016396,473,15,484,28,488,512
15,1000,80,7.7,28,83,951,29,10,10,49,8.753648201,116,840,84.05457288,11.3484739,8.375451447,9.156849698,496,20,455,29,516,484
9,1000,80,7.7,28,96,936,39,11,14,64,9.071937597,120,855,84.88545196,11.88491709,8.657127303,9.505410112,489,22,447,42,511,489
10,1000,80,7.7,28,95,964,27,6,3,36,8.316272675,123,854,85.19252278,11.8789151,7.835539589,8.781864561,476,16,488,20,492,508
12,1000,80,7.7,28,92,952,25,10,13,48,8.799702008,110,855,85.37893509,11.84256122,8.609481541,8.994543216,490,16,462,32,506,494
13,1000,80,7.7,28,88,934,41,12,13,66,8.8894439,120,848,84.87813763,11.65914823,8.388951163,9.402094354,481,25,453,41,506,494
16,1000,80,7.7,28,60,953,30,10,7,47,8.375662397,98,841,83.2151844,10.61620679,7.928199277,8.832165176,487,18,466,29,505,495
11,1000,80,7.7,28,94,958,25,9,8,42,8.719027747,137,833,84.78697259,12.1087237,8.135773876,9.309322912,484,19,474,23,503,497
15,1000,80,7.7,28,84,950,31,9,10,50,8.796972309,120,826,84.08746756,11.38836375,8.444778587,9.172451567,495,21,455,29,516,484
14,1000,80,7.7,28,87,958,28,8,6,42,8.493178432,115,853,84.3309392,11.65517886,7.811913463,9.142509105,473,15,485,27,488,512
9,1000,80,7.7,28,97,936,38,12,14,64,9.077322635,148,862,84.97692673,11.91569736,8.635408435,9.539118455,489,22,447,42,511,489
10,1000,80,7.7,28,96,964,27,6,3,36,8.32737657,108,839,85.26088949,11.91296344,7.830189273,8.808904425,476,16,488,20,492,508
12,1000,80,7.7,28,93,950,27,10,13,50,8.844036536,126,857,85.42810665,11.85408146,8.692429296,8.999326542,488,18,462,32,506,494
13,1000,80,7.7,28,89,935,40,12,13,65,8.882267703,115,854,84.91003848,11.69962575,8.384462825,9.392165008,481,25,454,40,506,494
11,1000,80,7.7,28,95,957,25,10,8,43,8.768842931,129,833,84.83650953,12.1392794,8.156989999,9.388082418,483,20,474,23,503,497
16,1000,80,7.7,28,61,953,30,10,7,47,8.385152194,112,833,83.22630621,10.63084587,7.917983487,8.861758653,487,18,466,29,505,495
15,1000,80,7.7,28,85,949,32,9,10,51,8.800920431,115,850,84.1445581,11.42725337,8.467019824,9.156897112,495,21,454,30,516,484
14,1000,80,7.7,28,88,958,29,7,6,42,8.506632428,138,825,84.38244992,11.67199561,7.832210108,9.149441202,473,15,485,27,488,512
9,1000,80,7.7,28,98,935,39,12,14,65,9.087562916,132,874,85.02657058,11.95272919,8.64241964,9.552733088,488,23,447,42,511,489
10,1000,80,7.7,28,97,963,28,6,3,37,8.38263191,113,855,85.33664802,11.94095807,7.831074086,8.916817834,476,16,487,21,492,508
12,1000,80,7.7,28,94,950,27,10,13,50,8.856922736,117,864,85.49341878,11.88645732,8.703691324,9.01387637,488,18,462,32,506,494
13,1000,80,7.7,28,90,935,40,12,13,65,8.898356122,114,860,84.92949867,11.74506657,8.394618219,9.414330572,481,25,454,40,506,494
11,1000,80,7.7,28,96,955,27,10,8,45,8.779068344,124,841,84.87907531,12.16052819,8.169457414,9.396038762,482,21,473,24,503,497
15,1000,80,7.7,28,86,947,34,9,10,53,8.790337196,102,852,84.2472665,11.47242999,8.461062664,9.141381946,494,22,453,31,516,484
16,1000,80,7.7,28,62,953,30,9,8,47,8.416023839,100,869,83.26830168,10.6828275,7.953651963,8.887736561,487,18,466,29,505,495
14,1000,80,7.7,28,89,959,29,7,5,41,8.47456579,149,835,84.40263379,11.70843975,7.823178752,9.09541906,474,14,485,27,488,512
9,1000,80,7.7,28,99,934,38,14,14,66,9.087165897,121,844,85.11854062,11.97924761,8.646491804,9.547665818,487,24,447,42,511,489
10,1000,80,7.7,28,98,961,30,6,3,39,8.400841066,134,840,85.4166756,11.99377843,7.861025075,8.923654978,475,17,486,22,492,508
11,1000,80,7.7,28,97,957,26,9,8,43,8.746339293,126,853,84.9229348,12.18222459,8.110352932,9.390003558,483,20,474,23,503,497
12,1000,80,7.7,28,95,950,26,11,13,50,8.860928225,123,873,85.53519697,11.930694,8.699622004,9.026152815,488,18,462,32,506,494
13,1000,80,7.7,28,91,935,40,12,13,65,8.912331529,125,858,84.99502043,11.80857507,8.417470405,9.419213572,481,25,454,40,506,494
15,1000,80,7.7,28,87,947,34,9,10,53,8.790294958,123,856,84.32338878,11.51613791,8.440105608,9.163637323,494,22,453,31,516,484
14,1000,80,7.7,28,90,959,29,7,5,41,8.471331725,130,854,84.47216887,11.73748909,7.782929538,9.127465059,475,13,484,28,488,512
9,1000,80,7.7,28,100,932,39,15,14,68,9.112188715,123,847,85.16129833,12.02925373,8.678540084,9.5653471,486,25,446,43,511,489
16,1000,80,7.7,28,63,953,30,9,8,47,8.400103458,128,843,83.31852422,10.68926498,7.950407839,8.858883837,487,18,466,29,505,495
10,1000,80,7.7,28,99,961,30,6,3,39,8.413183732,122,871,85.49682327,12.00128605,7.85798261,8.950898204,475,17,486,22,492,508
11,1000,80,7.7,28,98,956,27,9,8,44,8.752066504,132,849,85.00129892,12.21838643,8.128773818,9.38288385,483,20,473,24,503,497
12,1000,80,7.7,28,96,948,27,11,14,52,8.859046474,114,846,85.59407977,11.97670367,8.710718347,9.010977712,487,19,461,33,506,494
13,1000,80,7.7,28,92,935,40,12,13,65,8.936572661,119,877,85.04090091,11.84661736,8.443729545,9.441387676,481,25,454,40,506,494
15,1000,80,7.7,28,88,948,34,9,9,52,8.787050353,125,845,84.41165625,11.54864208,8.468259861,9.126917901,495,21,453,31,516,484
14,1000,80,7.7,28,91,959,29,6,6,41,8.502495709,109,847,84.52223526,11.78095583,7.818173454,9.154740358,475,13,484,28,488,512
9,1000,80,7.7,28,101,934,38,14,14,66,9.101595338,129,871,85.21345232,12.0639948,8.653663271,9.569679767,488,23,446,43,511,489
10,1000,80,7.7,28,100,960,31,6,3,40,8.452700647,107,863,85.53250931,12.01792563,7.905277812,8.982881818,475,17,485,23,492,508
16,1000,80,7.7,28,64,953,29,10,8,47,8.437437566,94,837,83.36766632,10.72468134,8.02850539,8.854630997,487,18,466,29,505,495
11,1000,80,7.7,28,99,958,25,9,8,42,8.763697324,138,853,85.04259205,12.27122455,8.1543869,9.380363609,483,20,475,22,503,497
12,1000,80,7.7,28,97,949,27,11,13,51,8.87480296,126,859,85.65759045,11.98471221,8.744162525,9.008616846,487,19,462,32,506,494
13,1000,80,7.7,28,93,934,41,12,13,66,8.957081873,122,849,85.06876223,11.88113322,8.465436038,9.460670522,481,25,453,41,506,494
15,1000,80,7.7,28,89,947,34,9,10,53,8.827167691,112,837,84.48637618,11.5901992,8.497850431,9.178257993,494,22,453,31,516,484
14,1000,80,7.7,28,92,958,29,7,6,42,8.530003684,133,847,84.5877024,11.80758823,7.911654426,9.11936782,474,14,484,28,488,512
9,1000,80,7.7,28,102,936,37,13,14,64,9.087974622,141,856,85.26569099,12.10001329,8.65847324,9.536799174,489,22,447,42,511,489
10,1000,80,7.7,28,101,960,31,6,3,40,8.474537791,123,843,85.57413476,12.03575198,7.896286624,9.034576322,475,17,485,23,492,508
12,1000,80,7.7,28,98,950,26,11,13,50,8.906868889,115,861,85.73350257,12.01945875,8.747972882,9.069624718,488,18,462,32,506,494
11,1000,80,7.7,28,100,959,25,8,8,41,8.743663419,122,861,85.07734004,12.29671987,8.130637063,9.364090495,484,19,475,22,503,497
16,1000,80,7.7,28,65,954,29,10,7,46,8.442826887,115,831,83.40530814,10.73416229,8.016780999,8.877479763,488,17,466,29,505,495
13,1000,80,7.7,28,94,934,42,10,14,66,8.974878437,134,859,85.13282438,11.93180052,8.450999854,9.511482816,482,24,452,42,506,494
15,1000,80,7.7,28,90,946,35,9,10,54,8.877449149,125,847,84.55514965,11.61023366,8.54681969,9.229938408,493,23,453,31,516,484
14,1000,80,7.7,28,93,958,29,7,6,42,8.508700356,112,863,84.64714139,11.8542942,7.943251103,9.047644174,474,14,484,28,488,512
9,1000,80,7.7,28,103,936,37,13,14,64,9.093195157,124,862,85.30286007,12.11591465,8.630526605,9.576679063,489,22,447,42,511,489
10,1000,80,7.7,28,102,960,31,6,3,40,8.485542584,117,870,85.63516762,12.0914163,7.896774629,9.055766666,475,17,485,23,492,508
12,1000,80,7.7,28,99,951,26,11,12,49,8.898184513,129,865,85.78040247,12.05508367,8.727872011,9.072634161,489,17,462,32,506,494
11,1000,80,7.7,28,101,959,25,8,8,41,8.726522861,137,859,85.1422382,12.34448119,8.053935498,9.407229991,484,19,475,22,503,497
13,1000,80,7.7,28,95,930,45,10,15,70,9.025530239,102,853,85.17054991,11.95151263,8.493626602,9.570354612,479,27,451,43,506,494
16,1000,80,7.7,28,66,953,30,10,7,47,8.403126212,123,828,83.44265019,10.76647664,7.936193106,8.879492309,487,18,466,29,505,495
15,1000,80,7.7,28,91,942,36,12,10,58,8.908621739,109,850,84.62985252,11.64935512,8.624128105,9.211924868,490,26,452,32,516,484
9,1000,80,7.7,28,104,938,35,13,14,62,9.130681533,127,850,85.3591828,12.12878054,8.657508524,9.625142489,490,21,448,41,511,489
14,1000,80,7.7,28,94,960,27,7,6,40,8.49002672,123,850,84.6833169,11.86086848,7.935187742,9.018857621,474,14,486,26,488,512
17,1000,80,7.7,28,0,948,27,14,11,52,6.875,96,787,79.8859766,8.784361452,5.92745098,7.86122449,496,14,452,38,510,490
10,1000,80,7.7,28,103,961,30,6,3,39,8.494515478,138,860,85.67561655,12.14061188,7.898860319,9.071409843,476,16,485,23,492,508
12,1000,80,7.7,28,100,950,27,11,12,50,8.931337616,135,857,85.82614708,12.1103897,8.776322828,9.090117946,489,17,461,33,506,494
11,1000,80,7.7,28,102,960,24,8,8,40,8.722907515,128,837,85.20383515,12.38223608,8.060160273,9.39365573,484,19,476,21,503,497
13,1000,80,7.7,28,96,931,45,10,14,69,8.997726289,112,864,85.2415732,11.97299371,8.482751549,9.525210538,478,28,453,41,506,494
15,1000,80,7.7,28,92,942,36,12,10,58,8.934628348,114,833,84.67222851,11.67678935,8.648249068,9.239941795,491,25,451,33,516,484
16,1000,80,7.7,28,67,954,29,10,7,46,8.416929413,106,836,83.49176293,10.79436036,7.964745701,8.87824815,486,19,468,27,505,495
14,1000,80,7.7,28,95,961,25,8,6,39,8.484671558,126,866,84.75290203,11.87548434,7.969479341,8.975714141,474,14,487,25,488,512
10,1000,80,7.7,28,104,962,28,7,3,38,8.488633312,131,854,85.71815054,12.18123848,7.868846164,9.088899604,477,15,485,23,492,508
17,1000,80,7.7,28,1,947,28,14,11,53,6.931551874,91,792,79.98103328,8.788030683,5.959606258,7.943168741,496,14,451,39,510,490
18,1000,80,7.7,28,0,952,23,15,10,48,7.001,79,812,79.90175202,8.74628748,6.202020202,7.784158416,482,13,470,35,495,505
12,1000,80,7.7,28,101,951,27,10,12,49,8.912263554,119,848,85.89122255,12.17068788,8.753824527,9.074551302,489,17,462,32,506,494
11,1000,80,7.7,28,103,960,24,8,8,40,8.732132206,127,850,85.2421216,12.40504169,8.058295267,9.414103997,484,19,476,21,503,497
13,1000,80,7.7,28,97,931,44,11,14,69,9.050210933,140,862,85.30354901,11.9943057,8.55420906,9.558261435,478,28,453,41,506,494
15,1000,80,7.7,28,93,941,37,12,10,59,8.953385285,110,847,84.74860083,11.69918096,8.668534275,9.257069418,491,25,450,34,516,484
14,1000,80,7.7,28,96,962,24,8,6,38,8.489808991,109,847,84.78535537,11.90088937,7.951213346,9.003157965,475,13,487,25,488,512
16,1000,80,7.7,28,68,953,30,9,8,47,8.457809284,100,842,83.54890703,10.81751598,8.00731784,8.917401566,485,20,468,27,505,495
17,1000,80,7.7,28,2,946,28,15,11,54,6.982145074,118,808,80.03426763,8.829374219,5.969058754,8.036581856,495,15,451,39,510,490
18,1000,80,7.7,28,1,953,23,14,10,47,7.017032252,101,800,79.93132512,8.7689542,6.224722992,7.79365222,482,13,471,34,495,505
12,1000,80,7.7,28,102,951,27,10,12,49,8.883017233,136,868,85.94393331,12.18765084,8.746834487,9.022508062,488,18,463,31,506,494
11,1000,80,7.7,28,104,959,25,8,8,41,8.784199136,119,838,85.30958922,12.41425724,8.098895994,9.477775555,483,20,476,21,503,497
19,1000,80,7.7,28,0,941,34,13,12,59,7.053,93,789,79.98632129,8.935662246,6.354779412,7.885964912,521,23,420,36,544,456
13,1000,80,7.7,28,98,929,46,11,14,71,9.088157434,133,859,85.3784015,12.01207932,8.614410214,9.573412683,476,30,453,41,506,494
15,1000,80,7.7,28,94,941,37,12,10,59,8.968198557,114,863,84.76525236,11.72529873,8.691906508,9.262757849,490,26,451,33,516,484
14,1000,80,7.7,28,97,962,24,8,6,38,8.485066852,115,837,84.83670146,11.94150587,7.94604306,8.998823904,475,13,487,25,488,512
12,1000,80,7.7,28,103,948,29,11,12,52,8.896208499,130,854,86.02867556,12.22122729,8.743634563,9.052488686,487,19,461,33,506,494
17,1000,80,7.7,28,3,947,28,14,11,53,7.036329622,108,805,80.07950263,8.858781949,6.048732869,8.064236448,495,15,452,38,510,490
16,1000,80,7.7,28,69,951,31,10,8,49,8.496634377,113,847,83.60402063,10.85852337,8.014579023,8.988428224,485,20,466,29,505,495
18,1000,80,7.7,28,2,954,22,14,10,46,7.066426922,108,817,79.99339346,8.791329719,6.266996114,7.850027417,483,12,471,34,495,505
19,1000,80,7.7,28,1,942,33,13,12,58,7.105285492,99,814,80.05448144,8.956374581,6.40066845,7.945881261,521,23,421,35,544,456
13,1000,80,7.7,28,99,929,47,11,13,71,9.102443924,114,858,85.47885936,12.02689636,8.648595272,9.56731724,476,30,453,41,506,494
15,1000,80,7.7,28,95,941,36,13,10,59,8.96995792,128,872,84.82726576,11.77217265,8.698516175,9.259346227,490,26,451,33,516,484
14,1000,80,7.7,28,98,961,26,8,5,39,8.481106345,122,861,84.89819982,11.98204467,7.965360671,8.972676441,474,14,487,25,488,512
12,1000,80,7.7,28,104,948,29,12,11,52,8.902672193,120,879,86.06645739,12.26153983,8.750690866,9.058345374,487,19,461,33,506,494
20,1000,80,7.7,28,0,936,30,16,18,64,7.189,92,810,79.94715252,8.931260436,6.363070539,7.957528958,462,20,474,44,482,518
17,1000,80,7.7,28,4,947,29,14,10,53,7.057140486,90,790,80.14700423,8.864075279,6.085426591,8.068516172,495,15,452,38,510,490
18,1000,80,7.7,28,3,956,21,13,10,44,7.069963848,108,818,80.07642648,8.836718018,6.283258979,7.841090402,483,12,473,32,495,505
16,1000,80,7.7,28,70,950,32,10,8,50,8.527854322,127,849,83.62779906,10.87844583,8.063373818,9.001718271,485,20,465,30,505,495
19,1000,80,7.7,28,2,942,33,13,12,58,7.111098348,83,803,80.11791735,8.968829538,6.385145496,7.977147365,522,22,420,36,544,456
13,1000,80,7.7,28,100,929,48,11,12,71,9.093295367,126,840,85.52175942,12.04273234,8.641032728,9.556544143,476,30,453,41,506,494
15,1000,80,7.7,28,96,938,36,16,10,62,9.001740041,141,865,84.87655082,11.81204698,8.712549875,9.310050218,488,28,450,34,516,484
14,1000,80,7.7,28,99,962,26,8,4,38,8.459165414,138,850,84.99171605,12.00273701,7.953146382,8.941464804,474,14,488,24,488,512
20,1000,80,7.7,28,1,935,31,16,18,65,7.196077283,80,775,79.99646157,8.96819638,6.418000563,7.920079172,461,21,474,44,482,518
17,1000,80,7.7,28,5,950,26,15,9,50,7.039796396,98,807,80.18880313,8.895543125,6.094816435,8.023346968,497,13,453,37,510,490
18,1000,80,7.7,28,4,956,20,14,10,44,7.108422116,98,820,80.10017442,8.865823804,6.354044883,7.847861186,483,12,473,32,495,505
19,1000,80,7.7,28,3,944,32,12,12,56,7.162331501,85,815,80.15071952,8.99177107,6.422387078,8.045072215,524,20,420,36,544,456
13,1000,80,7.7,28,101,929,48,11,12,71,9.1105028,120,854,85.55885223,12.07336593,8.664749961,9.567083644,476,30,453,41,506,494
15,1000,80,7.7,28,97,935,38,17,10,65,9.076203703,120,841,84.94546431,11.84098345,8.773032895,9.399418861,487,29,448,36,516,484
16,1000,80,7.7,28,71,953,29,10,8,47,8.507008351,115,834,83.69721423,10.91096819,8.050213046,8.973031845,486,19,467,28,505,495
14,1000,80,7.7,28,100,962,26,8,4,38,8.464029639,112,860,85.03192562,12.04665341,7.926224254,8.976625395,474,14,488,24,488,512
20,1000,80,7.7,28,2,935,31,16,18,65,7.252509291,83,794,80.02948436,8.983218532,6.500716751,7.952053701,461,21,474,44,482,518
18,1000,80,7.7,28,5,959,18,13,10,41,7.092152761,94,766,80.16884874,8.878522476,6.313793716,7.855098757,485,10,474,31,495,505
17,1000,80,7.7,28,6,951,26,14,9,49,7.03157572,100,784,80.23545013,8.942574992,6.076777355,8.025345448,498,12,453,37,510,490
19,1000,80,7.7,28,4,944,31,13,12,56,7.189731616,90,811,80.20837129,9.03206153,6.45901171,8.061467645,524,20,420,36,544,456
13,1000,80,7.7,28,102,929,48,11,12,71,9.125916727,116,851,85.61810525,12.12569332,8.677262273,9.58546967,477,29,452,42,506,494
15,1000,80,7.7,28,98,935,38,17,10,65,9.114374225,125,874,85.03102528,11.8645417,8.785289779,9.46521632,487,29,448,36,516,484
16,1000,80,7.7,28,72,953,29,10,8,47,8.522462802,105,850,83.77041796,10.94678668,8.116600682,8.936524158,486,19,467,28,505,495
14,1000,80,7.7,28,101,958,30,8,4,42,8.470149017,125,848,85.07402232,12.07657756,7.91228135,9.001866637,472,16,486,26,488,512
20,1000,80,7.7,28,3,935,32,15,18,65,7.261554847,99,786,80.05152546,8.99161027,6.509849276,7.961018333,461,21,474,44,482,518
18,1000,80,7.7,28,6,959,18,13,10,41,7.120381132,95,819,80.22023855,8.893644511,6.327633536,7.897430756,485,10,474,31,495,505
17,1000,80,7.7,28,7,951,26,14,9,49,7.081120909,71,792,80.29399831,8.982108356,6.143957333,8.05653606,498,12,453,37,510,490
19,1000,80,7.7,28,5,946,29,13,12,54,7.233158307,87,804,80.25016717,9.054247206,6.497369442,8.110941515,526,18,420,36,544,456
13,1000,80,7.7,28,103,930,47,11,12,70,9.156582507,107,841,85.67740336,12.17576237,8.685863975,9.638735497,478,28,452,42,506,494
15,1000,80,7.7,28,99,935,38,17,10,65,9.112135134,120,853,85.06314238,11.86259739,8.788776725,9.456872612,487,29,448,36,516,484
20,1000,80,7.7,28,4,939,28,16,17,61,7.278438158,118,806,80.11229916,9.035149335,6.537415903,7.967960797,463,19,476,42,482,518
14,1000,80,7.7,28,102,958,30,8,4,42,8.494681638,120,852,85.15199621,12.0986357,7.922419981,9.040118529,472,16,486,26,488,512
16,1000,80,7.7,28,73,952,30,10,8,48,8.578208889,105,842,83.80651905,10.93780786,8.185330702,8.979024008,486,19,466,29,505,495
18,1000,80,7.7,28,7,959,18,13,10,41,7.141252291,96,807,80.26280924,8.924528142,6.332505394,7.933984398,485,10,474,31,495,505
17,1000,80,7.7,28,8,954,24,12,10,46,7.072814174,96,798,80.34551014,9.040245489,6.155052094,8.028035931,499,11,455,35,510,490
19,1000,80,7.7,28,6,946,29,11,14,54,7.288158013,108,790,80.28395703,9.082030469,6.52609263,8.197288645,526,18,420,36,544,456
13,1000,80,7.7,28,104,930,47,11,12,70,9.143392399,138,879,85.6942666,12.17654173,8.667869344,9.630466621,478,28,452,42,506,494
21,1000,80,7.7,28,0,949,30,13,8,51,6.541,95,801,79.79861591,8.69476835,6.233463035,6.866255144,492,22,457,29,514,486
15,1000,80,7.7,28,100,937,36,17,10,63,9.105897434,120,858,85.15070884,11.90052413,8.7967027,9.435534795,487,29,450,34,516,484
20,1000,80,7.7,28,5,941,26,16,17,59,7.305975987,88,804,80.13181053,9.082189577,6.568257134,7.992424804,464,18,477,41,482,518
14,1000,80,7.7,28,103,956,31,9,4,44,8.528685977,106,859,85.19544633,12.13143149,7.933144945,9.096311023,472,16,484,28,488,512
18,1000,80,7.7,28,8,959,17,14,10,41,7.166641592,94,796,80.33039367,8.956549814,6.360390998,7.956926827,485,10,474,31,495,505
16,1000,80,7.7,28,74,952,29,11,8,48,8.618902871,128,841,83.84674607,10.97196551,8.200967302,9.045281582,486,19,466,29,505,495
17,1000,80,7.7,28,9,955,24,11,10,45,7.083625497,110,810,80.39989581,9.070084067,6.146108732,8.059408252,500,10,455,35,510,490
19,1000,80,7.7,28,7,945,30,11,14,55,7.361150936,108,804,80.34169353,9.126602268,6.59090286,8.280043377,525,19,420,36,544,456
21,1000,80,7.7,28,1,949,30,13,8,51,6.572090618,104,794,79.89128411,8.735638349,6.277726201,6.883414301,492,22,457,29,514,486
15,1000,80,7.7,28,101,939,36,15,10,61,9.08835764,139,848,85.17645169,11.96861251,8.828788736,9.365088125,487,29,452,32,516,484
20,1000,80,7.7,28,6,942,25,16,17,58,7.344815383,93,814,80.17831326,9.129572197,6.597844375,8.039873349,464,18,478,40,482,518
14,1000,80,7.7,28,104,956,31,9,4,44,8.52847036,135,861,85.24692785,12.17866447,7.893783049,9.133406703,473,15,483,29,488,512
22,1000,80,7.7,28,0,928,27,18,27,72,7.566,106,805,79.83186088,9.172443442,6.44092827,8.579847909,453,21,475,51,474,526
18,1000,80,7.7,28,9,959,18,13,10,41,7.168939721,93,805,80.41329331,8.98462438,6.396379589,7.926201633,485,10,474,31,495,505
17,1000,80,7.7,28,10,952,27,11,10,48,7.145324165,78,794,80.42753799,9.098808712,6.236533014,8.091208832,497,13,455,35,510,490
19,1000,80,7.7,28,8,947,28,11,14,53,7.37940508,119,819,80.4454767,9.149528289,6.602140842,8.306667679,527,17,420,36,544,456
16,1000,80,7.7,28,75,953,28,11,8,47,8.620686038,107,831,83.88806365,10.98614351,8.193868884,9.05612576,486,19,467,28,505,495
15,1000,80,7.7,28,102,938,38,15,9,62,9.129470123,111,851,85.25393593,11.99561127,8.875532178,9.400197354,486,30,452,32,516,484
21,1000,80,7.7,28,2,950,29,13,8,50,6.598357966,88,797,79.93493874,8.768941062,6.286465918,6.928219104,493,21,457,29,514,486
20,1000,80,7.7,28,7,941,25,17,17,59,7.400570847,96,801,80.23310806,9.154138453,6.652998016,8.096188809,464,18,477,41,482,518
18,1000,80,7.7,28,10,959,17,14,10,41,7.17827713,78,817,80.48096346,9.012295201,6.397398589,7.943692729,485,10,474,31,495,505
22,1000,80,7.7,28,1,929,27,18,26,71,7.545246188,97,790,79.88034911,9.186906995,6.402679325,8.574859673,453,21,476,50,474,526
17,1000,80,7.7,28,11,952,27,11,10,48,7.162938638,84,808,80.48035137,9.113168043,6.252913912,8.110107231,497,13,455,35,510,490
19,1000,80,7.7,28,9,947,27,12,14,53,7.402109476,98,776,80.48069812,9.174567284,6.616413359,8.339431159,527,17,420,36,544,456
16,1000,80,7.7,28,76,955,27,10,8,45,8.623980416,135,841,83.93983979,11.02022699,8.228673643,9.027273183,486,19,469,26,505,495
15,1000,80,7.7,28,103,940,37,15,8,60,9.112659731,122,844,85.3155068,12.00185916,8.859586389,9.382465195,487,29,453,31,516,484
21,1000,80,7.7,28,3,953,24,14,9,47,6.602743337,90,797,79.97021709,8.814509026,6.303126808,6.919621724,494,20,459,27,514,486
20,1000,80,7.7,28,8,941,26,17,16,59,7.387901979,109,813,80.28716527,9.177804618,6.648889066,8.075554923,464,18,477,41,482,518
18,1000,80,7.7,28,11,959,17,14,10,41,7.185021313,95,796,80.53443716,9.047670429,6.412962865,7.941791475,485,10,474,31,495,505
17,1000,80,7.7,28,12,953,26,11,10,47,7.180663437,88,798,80.56760266,9.150914779,6.275580668,8.12268836,498,12,455,35,510,490
22,1000,80,7.7,28,2,931,27,17,25,69,7.55633433,89,816,79.97387609,9.21688248,6.412484678,8.587103788,453,21,478,48,474,526
19,1000,80,7.7,28,10,946,29,12,13,54,7.426097728,96,815,80.53255065,9.205321623,6.656042902,8.344759626,525,19,421,35,544,456
15,1000,80,7.7,28,104,940,35,17,8,60,9.150340201,126,859,85.35742257,12.07203848,8.878189397,9.440484446,488,28,452,32,516,484
23,1000,80,7.7,28,0,930,33,19,18,70,7.534,99,823,79.80861454,9.158100462,6.570599613,8.565217391,496,21,434,49,517,483
16,1000,80,7.7,28,77,955,27,10,8,45,8.609598212,109,847,84.00677029,11.04293061,8.242638235,8.983971523,486,19,469,26,505,495
20,1000,80,7.7,28,9,940,28,17,15,60,7.415409077,101,834,80.33131576,9.231464072,6.667086131,8.111725023,463,19,477,41,482,518
18,1000,80,7.7,28,12,959,18,13,10,41,7.202876905,83,818,80.59410153,9.079359576,6.46119786,7.929869237,484,11,475,30,495,505
21,1000,80,7.7,28,4,953,24,14,9,47,6.628285361,85,798,80.00917904,8.866188798,6.36138328,6.910564516,493,21,460,26,514,486
17,1000,80,7.7,28,13,953,26,11,10,47,7.161028997,108,814,80.61762527,9.204495632,6.258462575,8.100434866,498,12,455,35,510,490
19,1000,80,7.7,28,11,945,30,11,14,55,7.456603138,107,814,80.58227868,9.239148865,6.681370905,8.381441593,524,20,421,35,544,456
22,1000,80,7.7,28,3,931,27,16,26,69,7.592550179,88,796,80.05100082,9.25511928,6.482502594,8.592859219,453,21,478,48,474,526
20,1000,80,7.7,28,10,942,26,17,15,58,7.404143096,105,820,80.38483321,9.282229505,6.711965208,8.048215957,463,19,479,39,482,518
23,1000,80,7.7,28,1,932,31,18,19,68,7.561752,88,798,79.86000585,9.171145647,6.628527375,8.560669455,496,21,436,47,517,483
16,1000,80,7.7,28,78,955,26,11,8,45,8.616500982,116,843,84.05362163,11.06307985,8.245354802,8.995145064,486,19,469,26,505,495
18,1000,80,7.7,28,13,960,18,12,10,40,7.195578652,99,828,80.64638334,9.09213519,6.426232934,7.949689801,486,9,474,31,495,505
21,1000,80,7.7,28,5,953,24,14,9,47,6.632429912,86,806,80.0419964,8.894834057,6.351736086,6.929295399,493,21,460,26,514,486
17,1000,80,7.7,28,14,954,24,12,10,46,7.17969938,102,818,80.64202696,9.22754548,6.277051852,8.119189664,498,12,456,34,510,490
19,1000,80,7.7,28,12,946,30,11,13,54,7.505212623,83,794,80.62572099,9.268130962,6.773796681,8.37777901,524,20,422,34,544,456
22,1000,80,7.7,28,4,931,28,15,26,69,7.631304938,118,810,80.07361879,9.299645218,6.546836168,8.608563868,452,22,479,47,474,526
23,1000,80,7.7,28,2,934,30,17,19,66,7.560097988,81,812,79.93136729,9.199284279,6.649191102,8.535126685,496,21,438,45,517,483
20,1000,80,7.7,28,11,943,26,16,15,57,7.407561035,97,822,80.44820213,9.307113553,6.672055894,8.091949989,464,18,479,39,482,518
18,1000,80,7.7,28,14,961,17,12,10,39,7.198031415,110,835,80.73022636,9.107178262,6.451464634,7.929814694,486,9,475,30,495,505
21,1000,80,7.7,28,6,954,24,12,10,46,6.675432837,99,815,80.08521565,8.930674702,6.343477379,7.026513302,493,21,461,25,514,486
16,1000,80,7.7,28,79,954,28,10,8,46,8.63474992,131,860,84.12740035,11.1076391,8.268293077,9.008609931,486,19,468,27,505,495
19,1000,80,7.7,28,13,945,31,11,13,55,7.508165129,107,809,80.6605551,9.30248931,6.722768492,8.445129539,525,19,420,36,544,456
17,1000,80,7.7,28,15,955,24,11,10,45,7.185046438,124,815,80.69754381,9.232860746,6.303090025,8.103001073,498,12,457,33,510,490
22,1000,80,7.7,28,5,933,28,13,26,67,7.635188214,119,811,80.14249027,9.324472499,6.54850055,8.614446679,453,21,480,46,474,526
23,1000,80,7.7,28,3,937,28,16,19,63,7.60358542,85,816,80.00711143,9.266557955,6.688251961,8.583352289,498,19,439,44,517,483
20,1000,80,7.7,28,12,943,26,16,15,57,7.45913745,96,799,80.52325043,9.313723592,6.707793993,8.158263987,464,18,479,39,482,518
18,1000,80,7.7,28,15,961,17,12,10,39,7.253544883,86,823,80.77911913,9.130336426,6.483844464,8.008003709,486,9,475,30,495,505
19,1000,80,7.7,28,14,945,31,12,12,55,7.53714014,88,824,80.72910818,9.332779355,6.736711404,8.492037579,524,20,421,35,544,456
21,1000,80,7.7,28,7,952,26,12,10,48,6.738300949,90,791,80.14485632,8.985284734,6.403974041,7.091889489,492,22,460,26,514,486
17,1000,80,7.7,28,16,954,24,11,11,46,7.225337411,86,809,80.765634,9.262803506,6.386959608,8.097934715,497,13,457,33,510,490
16,1000,80,7.7,28,80,954,28,10,8,46,8.652613789,122,849,84.21659399,11.12645454,8.322194793,8.989707915,485,20,469,26,505,495
22,1000,80,7.7,28,6,934,28,12,26,66,7.678596505,98,802,80.18453105,9.37382247,6.561570005,8.68519453,454,20,480,46,474,526
23,1000,80,7.7,28,4,937,27,17,19,63,7.590727185,77,801,80.05233109,9.285245051,6.670625947,8.575597453,499,18,438,45,517,483
20,1000,80,7.7,28,13,942,27,16,15,58,7.496782492,104,808,80.59876,9.352875415,6.752099892,8.189711088,463,19,479,39,482,518
18,1000,80,7.7,28,16,960,17,13,10,40,7.291896819,101,820,80.83481342,9.148585005,6.500732205,8.067394808,485,10,475,30,495,505
19,1000,80,7.7,28,15,946,32,10,12,54,7.532582958,94,809,80.79912617,9.386725439,6.765709037,8.447450092,523,21,423,33,544,456
21,1000,80,7.7,28,8,952,26,13,9,48,6.757341853,104,792,80.24017957,9.018808356,6.450383575,7.08198497,492,22,460,26,514,486
22,1000,80,7.7,28,7,935,28,12,25,65,7.667397469,91,792,80.23018764,9.398863768,6.545769928,8.678141678,454,20,481,45,474,526
17,1000,80,7.7,28,17,956,23,10,11,44,7.196745382,86,810,80.82115264,9.269401155,6.353633514,8.07426998,498,12,458,32,510,490
16,1000,80,7.7,28,81,954,28,11,7,46,8.677840366,110,837,84.28755555,11.16599271,8.344157212,9.018264593,486,19,468,27,505,495
23,1000,80,7.7,28,5,939,25,18,18,61,7.589659004,112,823,80.12951321,9.298968506,6.710295169,8.530924227,500,17,439,44,517,483
20,1000,80,7.7,28,14,943,28,13,16,57,7.492228854,87,791,80.62358314,9.407966528,6.749084525,8.183726087,463,19,480,38,482,518
18,1000,80,7.7,28,17,960,17,13,10,40,7.317573085,87,813,80.86098252,9.190230791,6.580267603,8.040278459,485,10,475,30,495,505
19,1000,80,7.7,28,16,945,33,10,12,55,7.544549154,117,797,80.85246081,9.408748939,6.774790874,8.462857279,523,21,422,34,544,456
21,1000,80,7.7,28,9,952,25,14,9,48,6.805904377,101,814,80.29866996,9.04381467,6.523931658,7.104122438,492,22,460,26,514,486
22,1000,80,7.7,28,8,935,28,12,25,65,7.682690346,83,789,80.25121964,9.434331532,6.566897749,8.68817645,454,20,481,45,474,526
17,1000,80,7.7,28,18,958,21,10,11,42,7.2371783,82,833,80.87279737,9.293358474,6.416741243,8.091102584,498,12,460,30,510,490
23,1000,80,7.7,28,6,941,26,16,17,59,7.555224729,98,829,80.14370329,9.333130058,6.726062062,8.442754954,500,17,441,42,517,483
16,1000,80,7.7,28,82,953,28,12,7,47,8.701489822,115,858,84.33696527,11.19915456,8.374929679,9.034647139,485,20,468,27,505,495
20,1000,80,7.7,28,15,943,30,10,17,57,7.494805348,84,823,80.70001835,9.429020386,6.795405556,8.145598206,461,21,482,36,482,518
18,1000,80,7.7,28,18,960,17,13,10,40,7.327024292,91,802,80.91330557,9.206995751,6.605872095,8.033896248,485,10,475,30,495,505
19,1000,80,7.7,28,17,946,32,10,12,54,7.54391164,98,820,80.87248571,9.445921945,6.772074972,8.464699244,524,20,422,34,544,456
22,1000,80,7.7,28,9,936,28,12,24,64,7.688509913,100,825,80.29041829,9.456680869,6.611223608,8.659296431,454,20,482,44,474,526
21,1000,80,7.7,28,10,954,23,14,9,46,6.816932039,92,816,80.37246473,9.059873704,6.533653565,7.116531083,493,21,461,25,514,486
17,1000,80,7.7,28,19,957,21,11,11,43,7.273611788,86,827,80.92464382,9.335548367,6.470557038,8.109444283,497,13,460,30,510,490
23,1000,80,7.7,28,7,941,27,16,16,59,7.581855743,104,792,80.19500305,9.365981549,6.773644991,8.446959178,500,17,441,42,517,483
20,1000,80,7.7,28,16,946,28,10,16,54,7.469320848,99,820,80.76862062,9.449292602,6.800309374,8.091837317,462,20,484,34,482,518
18,1000,80,7.7,28,19,960,17,13,10,40,7.330707094,93,828,80.97007958,9.234828293,6.59923472,8.047694868,485,10,475,30,495,505
16,1000,80,7.7,28,83,955,26,12,7,45,8.705430553,133,836,84.383159,11.1997152,8.383980535,9.03337451,486,19,469,26,505,495
19,1000,80,7.7,28,18,946,32,10,12,54,7.561150968,101,809,80.90902503,9.441439517,6.795545164,8.47450526,524,20,422,34,544,456
22,1000,80,7.7,28,10,938,27,11,24,62,7.711948555,99,827,80.33268058,9.493461101,6.648355438,8.670395584,455,19,483,43,474,526
21,1000,80,7.7,28,11,953,24,14,9,47,6.902379713,87,794,80.41058996,9.086315349,6.621002811,7.199967631,493,21,460,26,514,486
17,1000,80,7.7,28,20,958,22,10,10,42,7.268723938,91,811,80.98898942,9.360809059,6.458340759,8.112183981,497,13,461,29,510,490
23,1000,80,7.7,28,8,942,26,16,16,58,7.607712095,108,813,80.29899406,9.396503793,6.784201981,8.489191864,501,16,441,42,517,483
20,1000,80,7.7,28,17,946,28,10,16,54,7.500946593,98,802,80.78800638,9.474787993,6.847389428,8.109082797,461,21,485,33,482,518
18,1000,80,7.7,28,20,959,18,13,10,41,7.362190977,89,818,81.02109268,9.264798519,6.633172663,8.076773285,484,11,475,30,495,505
19,1000,80,7.7,28,19,945,32,11,12,55,7.567235203,103,826,80.95347413,9.482828252,6.786706278,8.498392518,524,20,421,35,544,456
16,1000,80,7.7,28,84,954,28,11,7,46,8.745929875,130,841,84.42912897,11.23114264,8.442979464,9.055000496,485,20,469,26,505,495
22,1000,80,7.7,28,11,939,26,12,23,61,7.709721983,94,814,80.3741515,9.502017748,6.668150757,8.648324191,455,19,484,42,474,526
21,1000,80,7.7,28,12,954,24,12,10,46,6.918712949,99,822,80.46081633,9.098825691,6.645446797,7.207722831,493,21,461,25,514,486
23,1000,80,7.7,28,9,942,26,16,16,58,7.645159485,92,809,80.35638818,9.426620868,6.817446257,8.53113824,501,16,441,42,517,483
17,1000,80,7.7,28,21,959,23,9,9,41,7.275634506,99,829,81.03351232,9.384732303,6.486825376,8.096639927,497,13,462,28,510,490
20,1000,80,7.7,28,18,946,28,10,16,54,7.526973833,102,819,80.84572491,9.511882291,6.852594983,8.154484655,461,21,485,33,482,518
18,1000,80,7.7,28,21,960,18,12,10,40,7.370444792,100,803,81.0765086,9.291772649,6.636920334,8.089444014,485,10,475,30,495,505
19,1000,80,7.7,28,20,945,32,11,12,55,7.591124326,106,811,81.00511227,9.494759119,6.79695404,8.538555543,524,20,421,35,544,456
22,1000,80,7.7,28,12,943,22,12,23,57,7.729195262,96,820,80.48330157,9.548926237,6.702548475,8.65434845,456,18,487,39,474,526
16,1000,80,7.7,28,85,952,29,12,7,48,8.828777657,115,849,84.46286447,11.24541816,8.529422251,9.134180647,484,21,468,27,505,495
21,1000,80,7.7,28,13,953,25,12,10,47,6.930654678,90,806,80.5289632,9.125131182,6.641643128,7.2363171,493,21,460,26,514,486
23,1000,80,7.7,28,10,943,26,15,16,57,7.636458014,94,796,80.39785922,9.447055096,6.845459779,8.483137283,501,16,442,41,517,483
17,1000,80,7.7,28,22,959,22,10,9,41,7.309677557,96,809,81.11013748,9.394797963,6.514795432,8.13700385,497,13,462,28,510,490
20,1000,80,7.7,28,19,946,27,11,16,54,7.522554349,110,813,80.91062197,9.539623077,6.843381201,8.154526274,461,21,485,33,482,518
18,1000,80,7.7,28,22,958,19,13,10,42,7.418709672,115,823,81.17200677,9.349322714,6.684330348,8.138546831,485,10,473,32,495,505
19,1000,80,7.7,28,21,946,31,11,12,54,7.593791133,95,828,81.05690665,9.501138688,6.813677877,8.524452561,524,20,422,34,544,456
22,1000,80,7.7,28,13,942,23,12,23,58,7.748778894,113,810,80.56837769,9.597365405,6.738325607,8.659339461,456,18,486,40,474,526
16,1000,80,7.7,28,86,952,29,12,7,48,8.824886252,118,844,84.49704141,11.26005557,8.516268301,9.139738909,484,21,468,27,505,495
23,1000,80,7.7,28,11,945,24,14,17,55,7.650815397,107,798,80.44999981,9.475914432,6.863696178,8.493342594,502,15,443,40,517,483
21,1000,80,7.7,28,14,954,25,11,10,46,6.932840871,98,810,80.57965074,9.14092699,6.619528024,7.264204664,493,21,461,25,514,486
18,1000,80,7.7,28,23,957,20,13,10,43,7.4874159,106,836,81.23294343,9.386183097,6.72984817,8.229982289,485,10,472,33,495,505
17,1000,80,7.7,28,23,958,24,10,8,42,7.345877434,97,815,81.16199457,9.430297556,6.557254745,8.166688805,497,13,461,29,510,490
20,1000,80,7.7,28,20,948,25,12,15,52,7.539623836,96,817,80.99373394,9.545535246,6.903240763,8.131779515,461,21,487,31,482,518
19,1000,80,7.7,28,22,946,31,11,12,54,7.627334821,97,825,81.08503422,9.557557789,6.820078601,8.59037733,524,20,422,34,544,456
22,1000,80,7.7,28,14,942,23,12,23,58,7.744305124,89,828,80.60580954,9.643875237,6.767290328,8.624732907,456,18,486,40,474,526
23,1000,80,7.7,28,12,946,24,14,16,54,7.646811802,97,816,80.51139588,9.500111447,6.875505815,8.472412621,502,15,444,39,517,483
21,1000,80,7.7,28,15,954,25,11,10,46,7.003887255,77,817,80.64919165,9.156105158,6.720236137,7.303880412,493,21,461,25,514,486
18,1000,80,7.7,28,24,958,19,13,10,42,7.511702184,109,796,81.26422369,9.410554851,6.76070658,8.247826589,485,10,473,32,495,505
16,1000,80,7.7,28,87,951,30,13,6,49,8.841446456,109,832,84.56428325,11.27517562,8.572022947,9.116312864,483,22,468,27,505,495
20,1000,80,7.7,28,21,948,25,12,15,52,7.593506402,90,814,81.06671787,9.571587514,6.943966563,8.197904477,461,21,487,31,482,518
17,1000,80,7.7,28,24,958,24,10,8,42,7.382168094,112,811,81.2323271,9.474554237,6.579343096,8.217761459,496,14,462,28,510,490
19,1000,80,7.7,28,23,949,30,9,12,51,7.604785943,114,834,81.14365687,9.562300751,6.798139675,8.56710079,525,19,424,32,544,456
22,1000,80,7.7,28,15,942,22,13,23,58,7.782482382,94,812,80.66951775,9.677056477,6.858317908,8.615284589,456,18,486,40,474,526
23,1000,80,7.7,28,13,945,24,15,16,55,7.665788923,113,820,80.57488157,9.52469147,6.879058435,8.507900025,501,16,444,39,517,483
18,1000,80,7.7,28,25,958,19,14,9,42,7.524828674,103,821,81.30204843,9.418021092,6.750049449,8.284265736,485,10,473,32,495,505
21,1000,80,7.7,28,16,954,25,11,10,46,7.036695285,94,788,80.68053908,9.206894396,6.759089493,7.330294825,493,21,461,25,514,486
20,1000,80,7.7,28,22,946,27,11,16,54,7.636288827,104,808,81.09261159,9.59835344,6.985660997,8.241699278,460,22,486,32,482,518
17,1000,80,7.7,28,25,958,24,10,8,42,7.424875733,117,830,81.26820851,9.516151814,6.618232135,8.26444356,496,14,462,28,510,490
16,1000,80,7.7,28,88,950,30,14,6,50,8.812665009,111,836,84.59632426,11.32411407,8.525639879,9.105488626,483,22,467,28,505,495
19,1000,80,7.7,28,24,949,30,8,13,51,7.654227715,104,824,81.19005374,9.571376491,6.861902351,8.599457973,525,19,424,32,544,456
22,1000,80,7.7,28,16,942,23,12,23,58,7.816305103,93,813,80.73469856,9.723885945,6.913548599,8.629815717,457,17,485,41,474,526
23,1000,80,7.7,28,14,945,25,14,16,55,7.679998626,107,817,80.64355793,9.56766925,6.949835994,8.46155987,500,17,445,38,517,483
18,1000,80,7.7,28,26,959,18,14,9,41,7.544784585,95,803,81.35331681,9.438002378,6.773385062,8.30090887,485,10,474,31,495,505
20,1000,80,7.7,28,23,947,26,11,16,53,7.648349463,118,833,81.15892107,9.621410334,6.971800352,8.277879717,461,21,486,32,482,518
21,1000,80,7.7,28,17,956,25,11,8,44,7.020253268,112,810,80.76310093,9.219383884,6.734049427,7.322946219,495,19,461,25,514,486
17,1000,80,7.7,28,26,957,24,11,8,43,7.471541319,92,814,81.29899469,9.528404139,6.62185916,8.355904382,496,14,461,29,510,490
19,1000,80,7.7,28,25,949,30,8,13,51,7.658133572,115,795,81.23232217,9.611994972,6.864663129,8.604729889,525,19,424,32,544,456
22,1000,80,7.7,28,17,944,24,11,21,56,7.809127528,89,814,80.76259401,9.755364414,6.933223414,8.59844036,457,17,487,39,474,526
16,1000,80,7.7,28,89,948,32,14,6,52,8.830549792,116,854,84.63432566,11.34445782,8.561166615,9.105375053,482,23,466,29,505,495
23,1000,80,7.7,28,15,947,23,14,16,53,7.685443162,92,822,80.64941127,9.607706166,6.930437303,8.493596432,500,17,447,36,517,483
18,1000,80,7.7,28,27,959,17,15,9,41,7.552706838,78,801,81.39492947,9.494858947,6.785855456,8.304373045,485,10,474,31,495,505
20,1000,80,7.7,28,24,948,24,12,16,52,7.709694284,88,795,81.24144563,9.647873506,7.018823057,8.352551295,461,21,487,31,482,518
21,1000,80,7.7,28,18,955,26,11,8,45,7.036387722,87,830,80.84123572,9.267827926,6.755379849,7.333585349,495,19,460,26,514,486
19,1000,80,7.7,28,26,950,29,8,13,50,7.654894319,126,809,81.27919549,9.634064244,6.891723707,8.56534347,525,19,425,31,544,456
17,1000,80,7.7,28,27,956,25,11,8,44,7.505598952,93,826,81.32217244,9.551165223,6.635587238,8.411121348,496,14,460,30,510,490
22,1000,80,7.7,28,18,945,24,11,20,55,7.817296805,101,808,80.80592905,9.773096993,6.930988481,8.615985296,457,17,488,38,474,526
16,1000,80,7.7,28,90,948,32,14,6,52,8.844255956,114,842,84.67600159,11.38753801,8.577610257,9.116288437,482,23,466,29,505,495
23,1000,80,7.7,28,16,946,24,14,16,54,7.717657512,104,815,80.69007189,9.640818532,6.965571806,8.522685068,499,18,447,36,517,483
18,1000,80,7.7,28,28,960,18,15,7,40,7.536464897,117,808,81.45912298,9.50447639,6.76868543,8.289040809,485,10,475,30,495,505
20,1000,80,7.7,28,25,947,26,11,16,53,7.745266102,111,825,81.31305044,9.667175692,7.065994836,8.377329326,462,20,485,33,482,518
21,1000,80,7.7,28,19,956,26,11,7,44,7.046383705,92,796,80.89050384,9.297885137,6.759743249,7.349538426,497,17,459,27,514,486
19,1000,80,7.7,28,27,948,31,8,13,52,7.681208603,92,806,81.29961696,9.642921539,6.921194023,8.587892663,524,20,424,32,544,456
17,1000,80,7.7,28,28,956,24,12,8,44,7.530404653,103,830,81.3801663,9.589891623,6.660697006,8.435610571,496,14,460,30,510,490
22,1000,80,7.7,28,19,947,23,11,19,53,7.82809009,97,829,80.88191113,9.779535935,6.974105373,8.597650463,457,17,490,36,474,526
23,1000,80,7.7,28,17,946,25,14,15,54,7.705736026,93,821,80.73397973,9.684289495,6.961381394,8.502488292,499,18,447,36,517,483
16,1000,80,7.7,28,91,948,31,15,6,52,8.870147365,116,844,84.71632793,11.44205496,8.596251948,9.149576023,482,23,466,29,505,495
18,1000,80,7.7,28,29,961,18,14,7,39,7.541123424,84,829,81.51170147,9.504788435,6.796065423,8.271427801,485,10,476,29,495,505
20,1000,80,7.7,28,26,947,24,13,16,53,7.779271343,103,812,81.37477976,9.694678228,7.088732036,8.421819502,462,20,485,33,482,518
19,1000,80,7.7,28,28,947,33,8,12,53,7.702404205,107,823,81.35998671,9.661608605,6.927932683,8.626335144,523,21,424,32,544,456
21,1000,80,7.7,28,20,957,26,10,7,43,7.052316713,102,809,80.93233546,9.330979645,6.775931682,7.344625162,497,17,460,26,514,486
22,1000,80,7.7,28,20,947,22,12,19,53,7.85624621,101,839,80.94961759,9.853749474,6.992018026,8.635037387,457,17,490,36,474,526
17,1000,80,7.7,28,29,955,25,12,8,45,7.553877402,93,824,81.47416099,9.610773461,6.686204415,8.456965614,496,14,459,31,510,490
23,1000,80,7.7,28,18,947,25,13,15,53,7.754097248,92,823,80.83564375,9.724004963,7.003857735,8.557148653,500,17,447,36,517,483
18,1000,80,7.7,28,30,962,18,13,7,38,7.520430747,104,805,81.54453329,9.532771778,6.777877777,8.248279697,485,10,477,28,495,505
16,1000,80,7.7,28,92,945,34,15,6,55,8.894965397,122,843,84.75787984,11.46001012,8.636433202,9.158720464,481,24,464,31,505,495
20,1000,80,7.7,28,27,946,25,12,17,54,7.824479936,90,825,81.42258765,9.705686501,7.106106077,8.492928198,462,20,484,34,482,518
19,1000,80,7.7,28,29,948,33,8,11,52,7.67207545,106,800,81.39910705,9.696118662,6.914185288,8.576225116,522,22,426,30,544,456
22,1000,80,7.7,28,21,948,22,12,18,52,7.852391517,109,817,81.00186423,9.885276192,6.978342636,8.640032523,457,17,491,35,474,526
21,1000,80,7.7,28,21,958,25,10,7,42,7.08263421,109,807,80.99246809,9.360047162,6.837339881,7.342060722,497,17,461,25,514,486
17,1000,80,7.7,28,30,954,26,12,8,46,7.594090832,99,828,81.52333241,9.623925399,6.712270922,8.511903392,495,15,459,31,510,490
23,1000,80,7.7,28,19,947,25,12,16,53,7.823353602,105,834,80.90712896,9.76738814,7.071462887,8.628172441,500,17,447,36,517,483
18,1000,80,7.7,28,31,962,18,13,7,38,7.532416476,112,809,81.62574175,9.540295484,6.790783712,8.259363442,485,10,477,28,495,505
20,1000,80,7.7,28,28,946,25,11,18,54,7.847188548,96,809,81.50091302,9.732378645,7.144461393,8.501077523,462,20,484,34,482,518
19,1000,80,7.7,28,30,948,33,8,11,52,7.68807145,98,817,81.41789261,9.733594739,6.921691656,8.602349098,522,22,426,30,544,456
16,1000,80,7.7,28,93,945,34,15,6,55,8.853723036,126,852,84.79954424,11.49367639,8.609780196,9.102594014,481,24,464,31,505,495
22,1000,80,7.7,28,22,949,22,11,18,51,7.8647852,106,846,81.05286066,9.91924131,7.009191634,8.635795371,458,16,491,35,474,526
21,1000,80,7.7,28,22,957,26,10,7,43,7.119047685,99,809,81.01687672,9.372444446,6.852761394,7.400675573,497,17,460,26,514,486
17,1000,80,7.7,28,31,954,25,13,8,46,7.616458159,106,815,81.56501713,9.64312232,6.768129588,8.499412385,495,15,459,31,510,490
23,1000,80,7.7,28,20,947,24,13,16,53,7.878405443,107,837,80.94550096,9.793700131,7.119914276,8.690289362,500,17,447,36,517,483
18,1000,80,7.7,28,32,964,17,12,7,36,7.551231406,102,815,81.73646366,9.606316816,6.837258143,8.251066584,485,10,479,26,495,505
20,1000,80,7.7,28,29,947,25,9,19,53,7.839179755,111,825,81.51396107,9.751751006,7.157596715,8.473394089,462,20,485,33,482,518
19,1000,80,7.7,28,31,947,33,9,11,53,7.73964204,88,811,81.47613552,9.752280079,6.980277626,8.645550463,521,23,426,30,544,456
22,1000,80,7.7,28,23,950,22,11,17,50,7.888868404,96,831,81.0884215,9.941556748,7.072573691,8.62446478,458,16,492,34,474,526
16,1000,80,7.7,28,94,945,35,14,6,55,8.864661978,130,844,84.83388093,11.50973531,8.615588383,9.118767364,482,23,463,32,505,495
21,1000,80,7.7,28,23,958,25,10,7,42,7.129518306,87,825,81.07490384,9.422193415,6.836160877,7.439776985,498,16,460,26,514,486
17,1000,80,7.7,28,32,953,26,13,8,47,7.656253989,98,828,81.59713263,9.648967863,6.787516253,8.560450408,495,15,458,32,510,490
23,1000,80,7.7,28,21,948,23,13,16,52,7.839328581,109,823,81.02175715,9.825491358,7.130325011,8.598241305,500,17,448,35,517,483
18,1000,80,7.7,28,33,964,17,12,7,36,7.563849148,82,828,81.79046865,9.642339175,6.83670289,8.276596469,485,10,479,26,495,505
20,1000,80,7.7,28,30,945,25,11,19,55,7.846600611,115,834,81.59287663,9.789325828,7.200653996,8.447655183,461,21,484,34,482,518
19,1000,80,7.7,28,32,946,34,9,11,54,7.765806031,89,814,81.55209721,9.768430763,7.005349747,8.673017036,521,23,425,31,544,456
22,1000,80,7.7,28,24,951,22,10,17,49,7.898194178,111,792,81.12832297,9.982679191,7.052399355,8.660374304,458,16,493,33,474,526
23,1000,80,7.7,28,22,949,23,12,16,51,7.843761636,109,817,81.07471329,9.864489876,7.119801042,8.618684259,501,16,448,35,517,483
21,1000,80,7.7,28,24,958,25,10,7,42,7.126881305,94,839,81.15749259,9.445325225,6.835186497,7.435381576,498,16,460,26,514,486
16,1000,80,7.7,28,95,946,35,13,6,54,8.867283491,120,843,84.86986439,11.53498988,8.636778494,9.102445154,482,23,464,31,505,495
17,1000,80,7.7,28,33,954,25,13,8,46,7.684160079,98,821,81.66920234,9.678974253,6.815875676,8.587884662,495,15,459,31,510,490
18,1000,80,7.7,28,34,964,17,12,7,36,7.588229887,106,843,81.83565763,9.678708366,6.856208324,8.305755974,485,10,479,26,495,505
20,1000,80,7.7,28,31,945,24,12,19,55,7.824841714,105,828,81.66057633,9.808652637,7.205844278,8.400820023,461,21,484,34,482,518
19,1000,80,7.7,28,33,946,34,9,11,54,7.780400187,99,818,81.61451754,9.788617139,6.99841328,8.713296848,521,23,425,31,544,456
22,1000,80,7.7,28,25,951,22,10,17,49,7.908719009,106,806,81.15823653,10.0003654,7.066324693,8.667834799,458,16,493,33,474,526
23,1000,80,7.7,28,23,947,25,12,16,53,7.870419212,98,819,81.14048814,9.901023753,7.16200987,8.628695879,500,17,447,36,517,483
17,1000,80,7.7,28,34,954,24,14,8,46,7.708473298,110,826,81.72529514,9.71203415,6.828117612,8.624761869,495,15,459,31,510,490
21,1000,80,7.7,28,25,958,24,11,7,42,7.151231075,93,806,81.19658546,9.44873259,6.834381859,7.486334978,497,17,461,25,514,486
18,1000,80,7.7,28,35,964,18,12,6,36,7.575061577,110,820,81.86671102,9.684666316,6.821120482,8.314073146,485,10,479,26,495,505
16,1000,80,7.7,28,96,947,35,11,7,53,8.87368801,126,843,84.94097678,11.55018988,8.650328107,9.101560234,482,23,465,30,505,495
20,1000,80,7.7,28,32,947,23,12,18,53,7.830172151,121,813,81.69245557,9.844536224,7.199621555,8.416900698,462,20,485,33,482,518
19,1000,80,7.7,28,34,946,35,8,11,54,7.788045968,99,811,81.65028424,9.835241872,7.000606319,8.727447655,521,23,425,31,544,456
22,1000,80,7.7,28,26,951,23,10,16,49,7.899608585,100,797,81.17448188,10.01038451,7.037279401,8.676688496,458,16,493,33,474,526
23,1000,80,7.7,28,24,945,28,12,15,55,7.888714735,106,822,81.22160494,9.922756605,7.172662782,8.655172001,499,18,446,37,517,483
18,1000,80,7.7,28,36,964,18,12,6,36,7.624391372,99,814,81.91639267,9.715870725,6.871372591,8.36249889,485,10,479,26,495,505
17,1000,80,7.7,28,35,954,24,14,8,46,7.758130104,110,827,81.77151788,9.760878983,6.865168268,8.687539361,495,15,459,31,510,490
21,1000,80,7.7,28,26,957,25,11,7,43,7.172983758,82,817,81.21081659,9.474520817,6.855748855,7.508495568,497,17,460,26,514,486
20,1000,80,7.7,28,33,947,23,12,18,53,7.875043921,127,831,81.73214322,9.898741737,7.231893451,8.473496676,462,20,485,33,482,518
16,1000,80,7.7,28,97,946,36,11,7,54,8.897223794,122,859,84.96269158,11.56957293,8.687482451,9.111202336,481,24,465,30,505,495
19,1000,80,7.7,28,35,948,33,9,10,52,7.798163403,109,826,81.70268112,9.853196894,7.057789167,8.681416877,521,23,427,29,544,456
22,1000,80,7.7,28,27,951,23,11,15,49,7.922529432,96,846,81.22087764,10.05256394,7.087653121,8.674870443,457,17,494,32,474,526
23,1000,80,7.7,28,25,947,27,12,14,53,7.868877489,111,817,81.27094731,9.969416044,7.166865983,8.620305954,500,17,447,36,517,483
18,1000,80,7.7,28,37,963,19,12,6,37,7.677654442,108,823,81.97033633,9.758871345,6.923841918,8.416539985,485,10,478,27,495,505
17,1000,80,7.7,28,36,953,24,14,9,47,7.755232548,113,817,81.83451883,9.80752496,6.855286788,8.691910788,495,15,458,32,510,490
21,1000,80,7.7,28,27,956,25,12,7,44,7.193319636,109,826,81.25827084,9.501133009,6.865381663,7.540151156,496,18,460,26,514,486
20,1000,80,7.7,28,34,947,23,12,18,53,7.884338148,104,844,81.7778642,9.948145259,7.227745309,8.495299053,462,20,485,33,482,518
19,1000,80,7.7,28,36,948,33,9,10,52,7.820491237,93,822,81.77304915,9.893932831,7.079520785,8.704455986,521,23,427,29,544,456
22,1000,80,7.7,28,28,951,23,12,14,49,7.918734437,96,814,81.25766216,10.07793115,7.087186209,8.668076377,457,17,494,32,474,526
16,1000,80,7.7,28,98,945,36,12,7,55,8.917771815,115,857,85.01328799,11.59038296,8.717063213,9.122535137,481,24,464,31,505,495
23,1000,80,7.7,28,26,949,25,12,14,51,7.853504877,95,812,81.3108773,9.995703252,7.146207549,8.610591251,500,17,449,34,517,483
18,1000,80,7.7,28,38,962,20,12,6,38,7.695821852,103,824,82.03808969,9.779994164,6.91985708,8.456420984,484,11,478,27,495,505
17,1000,80,7.7,28,37,953,24,14,9,47,7.775366633,116,818,81.91247762,9.845381278,6.864924401,8.722969773,496,14,457,33,510,490
20,1000,80,7.7,28,35,948,22,12,18,52,7.875166169,112,841,81.85112445,9.975165337,7.221900356,8.483031269,463,19,485,33,482,518
21,1000,80,7.7,28,28,955,25,12,8,45,7.229333216,99,802,81.3035156,9.535702565,6.926708065,7.54939356,495,19,460,26,514,486
19,1000,80,7.7,28,37,946,35,9,10,54,7.882957949,111,812,81.84589924,9.925869044,7.1359332,8.774145367,520,24,426,30,544,456
22,1000,80,7.7,28,29,951,22,13,14,49,7.940931321,118,822,81.31549415,10.0892894,7.089862835,8.707863759,457,17,494,32,474,526
16,1000,80,7.7,28,99,944,37,12,7,56,8.96817851,128,867,85.06477274,11.6050661,8.775577079,9.164670879,480,25,464,31,505,495
23,1000,80,7.7,28,27,946,29,12,13,54,7.845918542,100,808,81.3516838,10.03345972,7.185503061,8.552822899,498,19,448,35,517,483
18,1000,80,7.7,28,39,962,22,11,5,38,7.724476864,104,810,82.10375889,9.798752663,6.959578266,8.474228955,485,10,477,28,495,505
17,1000,80,7.7,28,38,950,25,16,9,50,7.807058755,104,819,81.96681278,9.884080201,6.900903639,8.750199794,495,15,455,35,510,490
20,1000,80,7.7,28,36,948,22,12,18,52,7.910238266,103,830,81.92236931,10.02332283,7.257633379,8.517488372,463,19,485,33,482,518
19,1000,80,7.7,28,38,945,36,9,10,55,7.910774178,96,819,81.8832504,9.959564866,7.144006863,8.825514134,520,24,425,31,544,456
21,1000,80,7.7,28,29,955,25,12,8,45,7.259028245,107,812,81.37759237,9.550272447,6.924080107,7.613273807,495,19,460,26,514,486
22,1000,80,7.7,28,30,952,22,12,14,48,7.998362119,108,833,81.36933326,10.10628112,7.119898631,8.789981307,458,16,494,32,474,526
23,1000,80,7.7,28,28,948,29,11,12,52,7.85139074,100,822,81.39883823,10.06115276,7.202824429,8.545611824,498,19,450,33,517,483
18,1000,80,7.7,28,40,959,25,10,6,41,7.737489185,101,844,82.19054462,9.831196463,6.941588827,8.517629139,483,12,476,29,495,505
16,1000,80,7.7,28,100,946,36,11,7,54,8.981641079,132,837,85.13537001,11.6550983,8.766873462,9.200747436,482,23,464,31,505,495
20,1000,80,7.7,28,37,948,22,12,18,52,7.931776192,111,832,81.96932486,10.05888843,7.278090147,8.540032318,462,20,486,32,482,518
19,1000,80,7.7,28,39,942,38,10,10,58,7.974101905,105,802,81.93563692,9.968613542,7.204941612,8.891696642,519,25,423,33,544,456
17,1000,80,7.7,28,39,950,25,16,9,50,7.834286068,99,826,82.04758623,9.908558091,6.909207028,8.797123436,495,15,455,35,510,490
21,1000,80,7.7,28,30,956,24,12,8,44,7.257973396,90,819,81.44233678,9.573239249,6.9313417,7.60342338,495,19,461,25,514,486
22,1000,80,7.7,28,31,952,20,14,14,48,8.02230875,121,811,81.40625987,10.13251915,7.197828044,8.765281857,458,16,494,32,474,526
23,1000,80,7.7,28,29,949,29,10,12,51,7.878437364,112,814,81.47266578,10.07569943,7.224011219,8.578930774,498,19,451,32,517,483
18,1000,80,7.7,28,41,959,25,10,6,41,7.76194203,89,822,82.22093038,9.858185951,7.002015683,8.50682033,483,12,476,29,495,505
20,1000,80,7.7,28,38,948,22,12,18,52,7.939786778,110,827,82.03267801,10.09741494,7.293638902,8.541028625,462,20,486,32,482,518
19,1000,80,7.7,28,40,941,39,10,10,59,7.992815667,118,833,81.96203599,10.00008742,7.211326409,8.925118641,519,25,422,34,544,456
17,1000,80,7.7,28,40,951,24,16,9,49,7.825655926,100,827,82.12747806,9.916657415,6.885673734,8.804004738,495,15,456,34,510,490
16,1000,80,7.7,28,101,946,37,11,6,54,8.970384638,126,849,85.18463751,11.66762966,8.750343253,9.194871304,482,23,464,31,505,495
22,1000,80,7.7,28,32,952,20,14,14,48,8.028911317,98,824,81.46708597,10.15473615,7.243248053,8.736904449,458,16,494,32,474,526
21,1000,80,7.7,28,31,958,22,12,8,42,7.25500081,98,827,81.49396379,9.621181362,6.940965246,7.587128958,496,18,462,24,514,486
23,1000,80,7.7,28,30,951,28,9,12,49,7.858233613,106,821,81.53906104,10.10010107,7.22147113,8.539819955,498,19,453,30,517,483
18,1000,80,7.7,28,42,958,26,10,6,42,7.813213161,85,822,82.28307406,9.880800206,7.024183379,8.586618591,483,12,475,30,495,505
20,1000,80,7.7,28,39,948,21,13,18,52,7.967891567,115,817,82.08040693,10.10231916,7.32621031,8.564977214,462,20,486,32,482,518
19,1000,80,7.7,28,41,942,38,10,10,58,8.002198597,100,827,82.03091544,10.02517936,7.217179259,8.938712895,519,25,423,33,544,456
22,1000,80,7.7,28,33,951,20,14,15,49,8.075738993,97,831,81.50634763,10.19003998,7.267096949,8.804439238,458,16,493,33,474,526
17,1000,80,7.7,28,41,951,24,16,9,49,7.85743928,92,830,82.18499424,9.949406071,6.888554035,8.865870861,495,15,456,34,510,490
21,1000,80,7.7,28,32,958,23,11,8,42,7.284160207,100,801,81.54432008,9.65614489,6.959533109,7.627490101,495,19,463,23,514,486
16,1000,80,7.7,28,102,945,40,11,4,55,8.965686765,111,856,85.2304108,11.69437164,8.779675129,9.155456212,479,26,466,29,505,495
23,1000,80,7.7,28,31,948,30,10,12,52,7.909001946,101,815,81.60203139,10.1617153,7.259630316,8.604085037,496,21,452,31,517,483
18,1000,80,7.7,28,43,958,26,11,5,42,7.856499422,86,827,82.36596059,9.91856417,7.057456088,8.639720117,483,12,475,30,495,505
19,1000,80,7.7,28,42,945,37,8,10,55,7.997052684,97,838,82.09475874,10.06599132,7.185790638,8.964874073,522,22,423,33,544,456
20,1000,80,7.7,28,40,947,24,13,16,53,7.974134897,110,823,82.10952619,10.12312978,7.330729733,8.572824643,461,21,486,32,482,518
22,1000,80,7.7,28,34,950,21,14,15,50,8.095232107,99,815,81.56902758,10.21092288,7.229327294,8.875534163,458,16,492,34,474,526
17,1000,80,7.7,28,42,952,24,15,9,48,7.876741685,101,828,82.22876674,9.989756729,6.900293016,8.893045401,495,15,457,33,510,490
21,1000,80,7.7,28,33,959,22,11,8,41,7.330905575,106,826,81.56805905,9.693106632,7.008308683,7.672088295,495,19,464,22,514,486
23,1000,80,7.7,28,32,947,31,10,12,53,7.95777949,94,837,81.68306497,10.17416933,7.318776906,8.641763622,495,22,452,31,517,483
18,1000,80,7.7,28,44,958,26,11,5,42,7.891555031,90,848,82.43568846,9.94686229,7.095247743,8.672093858,483,12,475,30,495,505
16,1000,80,7.7,28,103,945,41,10,4,55,8.991311635,118,864,85.31210304,11.71066119,8.790931363,9.195739994,479,26,466,29,505,495
19,1000,80,7.7,28,43,946,38,7,9,54,7.997994033,101,832,82.13389425,10.07911876,7.15524964,9.003373309,523,21,423,33,544,456
20,1000,80,7.7,28,41,947,24,13,16,53,8.00468674,106,806,82.14553256,10.16105093,7.359622024,8.604920703,462,20,485,33,482,518
22,1000,80,7.7,28,35,950,22,13,15,50,8.120430225,111,828,81.60111017,10.22463493,7.275413413,8.881909254,458,16,492,34,474,526
17,1000,80,7.7,28,43,952,26,13,9,48,7.900590252,95,820,82.27170355,10.02336654,6.969408581,8.869779337,493,17,459,31,510,490
23,1000,80,7.7,28,33,948,31,9,12,52,7.979426481,106,807,81.69646326,10.1930744,7.340333284,8.663507604,495,22,453,30,517,483
21,1000,80,7.7,28,34,957,24,11,8,43,7.366717197,102,842,81.62316536,9.703973665,7.043743691,7.70829823,494,20,463,23,514,486
18,1000,80,7.7,28,45,958,25,12,5,42,7.870726771,104,821,82.47775428,9.973268334,7.082243264,8.643596743,483,12,475,30,495,505
16,1000,80,7.7,28,104,944,41,11,4,56,9.019772621,121,844,85.36064458,11.76074538,8.819456902,9.224135122,479,26,465,30,505,495
24,1000,80,7.7,28,0,943,24,15,18,57,7.322,99,817,80.19362538,8.792854779,6.205882353,8.483673469,491,19,452,38,510,490
19,1000,80,7.7,28,44,945,40,7,8,55,8.022710687,104,837,82.17594347,10.09261754,7.172696859,9.036762271,523,21,422,34,544,456
20,1000,80,7.7,28,42,947,24,13,16,53,8.03889172,112,828,82.20269175,10.15714278,7.406104919,8.62770106,462,20,485,33,482,518
22,1000,80,7.7,28,36,949,23,13,15,51,8.138654162,100,814,81.66792858,10.2768217,7.31747713,8.878650194,458,16,491,35,474,526
17,1000,80,7.7,28,44,950,29,13,8,50,7.894386486,101,811,82.32965122,10.06716968,6.995946308,8.829497693,492,18,458,32,510,490
23,1000,80,7.7,28,34,948,31,9,12,52,7.988059468,105,816,81.74118088,10.22910689,7.356406866,8.664176227,495,22,453,30,517,483
21,1000,80,7.7,28,35,957,23,12,8,43,7.381781078,127,831,81.6680562,9.750012601,7.080516916,7.700402023,494,20,463,23,514,486
18,1000,80,7.7,28,46,957,26,12,5,43,7.903306396,92,822,82.53233699,10.01749096,7.121692155,8.669443128,482,13,475,30,495,505
19,1000,80,7.7,28,45,948,38,5,9,52,8.049827674,90,808,82.25046293,10.11387435,7.18512774,9.081399526,525,19,423,33,544,456
20,1000,80,7.7,28,43,946,27,13,14,54,8.069994535,107,838,82.2554856,10.18278466,7.42184804,8.6730961,462,20,484,34,482,518
22,1000,80,7.7,28,37,949,23,13,15,51,8.15703519,92,806,81.71473469,10.29268236,7.31319017,8.917458268,458,16,491,35,474,526
24,1000,80,7.7,28,1,943,24,15,18,57,7.336555362,91,805,80.27567065,8.832880694,6.223726355,8.494805962,491,19,452,38,510,490
23,1000,80,7.7,28,35,949,29,10,12,51,7.98884359,117,829,81.80229743,10.28695659,7.364806631,8.656808616,495,22,454,29,517,483
17,1000,80,7.7,28,45,949,30,13,8,51,7.908711009,118,829,82.39947863,10.09642341,7.022587154,8.831003186,492,18,457,33,510,490
18,1000,80,7.7,28,47,954,27,14,5,46,7.952912153,105,810,82.56123553,10.0517194,7.18217002,8.708392066,480,15,474,31,495,505
21,1000,80,7.7,28,36,957,23,12,8,43,7.385139293,104,815,81.71958877,9.792629,7.066625236,7.722003955,494,20,463,23,514,486
19,1000,80,7.7,28,46,948,37,6,9,52,8.038077454,102,817,82.324415,10.14253983,7.20083935,9.036887823,525,19,423,33,544,456
20,1000,80,7.7,28,44,947,24,15,14,53,8.098333304,90,805,82.30808404,10.20182047,7.444198436,8.707007061,462,20,485,33,482,518
22,1000,80,7.7,28,38,951,22,12,15,49,8.163192493,115,796,81.75657668,10.33129903,7.340897596,8.904195879,458,16,493,33,474,526
24,1000,80,7.7,28,2,944,24,14,18,56,7.354573571,93,828,80.31882864,8.859419136,6.24852748,8.5057644,492,18,452,38,510,490
23,1000,80,7.7,28,36,949,29,11,11,51,8.017196867,104,819,81.85057725,10.32000119,7.405350614,8.672113042,496,21,453,30,517,483
17,1000,80,7.7,28,46,949,30,13,8,51,7.916717637,111,830,82.44495558,10.15873274,7.011264795,8.859127738,492,18,457,33,510,490
18,1000,80,7.7,28,48,955,26,14,5,45,7.960005595,117,820,82.60761534,10.08270308,7.167528051,8.736790514,480,15,475,30,495,505
21,1000,80,7.7,28,37,958,22,12,8,42,7.391570638,110,825,81.80298859,9.822160883,7.055049644,7.747479673,495,19,463,23,514,486
19,1000,80,7.7,28,47,950,34,6,10,50,8.03894138,119,833,82.35233198,10.1812702,7.228579999,9.005688291,525,19,425,31,544,456
20,1000,80,7.7,28,45,948,24,15,13,52,8.132863777,111,832,82.34497072,10.239195,7.462293673,8.756830553,462,20,486,32,482,518
22,1000,80,7.7,28,39,952,21,12,15,48,8.183162108,124,837,81.78705765,10.37670685,7.384953387,8.902460462,458,16,494,32,474,526
23,1000,80,7.7,28,37,949,29,11,11,51,8.071670479,107,828,81.88740383,10.34540639,7.467891316,8.717951695,496,21,453,30,517,483
18,1000,80,7.7,28,49,956,25,14,5,44,7.998942544,103,828,82.63486123,10.11616788,7.191336929,8.790555968,480,15,476,29,495,505
17,1000,80,7.7,28,47,951,29,12,8,49,7.929041843,87,830,82.47644386,10.19184997,7.021804235,8.873309558,492,18,459,31,510,490
24,1000,80,7.7,28,3,946,22,14,18,54,7.361232948,78,801,80.36525113,8.890905148,6.274475258,8.492348095,493,17,453,37,510,490
21,1000,80,7.7,28,38,958,23,11,8,42,7.419510104,102,829,81.84928302,9.861605311,7.058369468,7.801457196,494,20,464,22,514,486
19,1000,80,7.7,28,48,949,34,7,10,51,8.087541347,94,842,82.37656915,10.21085548,7.279653464,9.051337418,525,19,424,32,544,456
20,1000,80,7.7,28,46,949,23,16,12,51,8.133075442,102,836,82.40204751,10.25420297,7.380281329,8.833551819,464,18,485,33,482,518
22,1000,80,7.7,28,40,952,21,12,15,48,8.184094796,117,823,81.82957444,10.41960978,7.381650833,8.907209699,458,16,494,32,474,526
23,1000,80,7.7,28,38,948,28,12,12,52,8.112820855,116,819,81.9677093,10.37640332,7.521614323,8.74564441,495,22,453,30,517,483
18,1000,80,7.7,28,50,955,26,14,5,45,8.019990364,115,833,82.69721618,10.14247336,7.205728466,8.818128264,481,14,474,31,495,505
17,1000,80,7.7,28,48,953,28,11,8,47,7.954395174,117,813,82.49247784,10.23313441,7.086097733,8.858133327,492,18,461,29,510,490
21,1000,80,7.7,28,39,960,22,10,8,40,7.432457741,109,804,81.89851058,9.901672008,7.058870793,7.827568216,496,18,464,22,514,486
24,1000,80,7.7,28,4,949,21,13,17,51,7.336353273,104,814,80.44536498,8.923803501,6.190265784,8.529219843,496,14,453,37,510,490
19,1000,80,7.7,28,49,947,36,7,10,53,8.133468067,106,820,82.44598034,10.22789416,7.32643515,9.096244179,525,19,422,34,544,456
20,1000,80,7.7,28,47,949,23,16,12,51,8.137637559,114,810,82.40839559,10.30144826,7.398641957,8.825274394,464,18,485,33,482,518
22,1000,80,7.7,28,41,952,21,13,14,48,8.154697962,113,821,81.87966744,10.45902494,7.407118264,8.828372442,458,16,494,32,474,526
23,1000,80,7.7,28,39,947,28,14,11,53,8.13578328,113,834,82.05118477,10.40146035,7.579593365,8.73112528,494,23,453,30,517,483
18,1000,80,7.7,28,51,956,26,12,6,44,8.041709922,106,837,82.72160876,10.15934673,7.238484193,8.829030191,481,14,475,30,495,505
17,1000,80,7.7,28,49,951,30,11,8,49,7.964274246,104,827,82.56337323,10.25377206,7.09488104,8.869152889,490,20,461,29,510,490
19,1000,80,7.7,28,50,947,35,8,10,53,8.155976753,114,810,82.50133086,10.25267162,7.359506141,9.106152221,525,19,422,34,544,456
21,1000,80,7.7,28,40,959,23,10,8,41,7.507127431,97,806,81.95941849,9.936587411,7.13450667,7.901216054,495,19,464,22,514,486
20,1000,80,7.7,28,48,948,24,16,12,52,8.203304097,106,837,82.45034093,10.31947387,7.466654781,8.888757708,463,19,485,33,482,518
22,1000,80,7.7,28,42,954,19,13,14,46,8.166945496,95,817,81.93111935,10.49780855,7.424909353,8.835624454,460,14,494,32,474,526
24,1000,80,7.7,28,5,948,23,13,16,52,7.346578874,87,812,80.50733818,8.954564053,6.224501449,8.514455379,495,15,453,37,510,490
23,1000,80,7.7,28,40,947,29,14,10,53,8.115067071,116,818,82.09299108,10.4239649,7.580683426,8.687067785,494,23,453,30,517,483
18,1000,80,7.7,28,52,956,26,11,7,44,8.105001658,106,810,82.76064628,10.20322981,7.343174551,8.851743079,481,14,475,30,495,505
17,1000,80,7.7,28,50,952,30,9,9,48,7.987687525,107,828,82.6446347,10.27921368,7.08515782,8.927055178,491,19,461,29,510,490
19,1000,80,7.7,28,51,945,36,7,12,55,8.16374673,107,835,82.53415355,10.2649448,7.375223854,9.104440687,524,20,421,35,544,456
20,1000,80,7.7,28,49,948,26,16,10,52,8.168149787,114,827,82.49723082,10.34007575,7.405709415,8.877602026,463,19,485,33,482,518
21,1000,80,7.7,28,41,958,23,11,8,42,7.520546513,110,842,82.00877766,9.976418407,7.131673399,7.931823838,495,19,463,23,514,486
22,1000,80,7.7,28,43,956,18,12,14,44,8.213452885,117,800,81.97836092,10.52639203,7.46080033,8.891698722,460,14,496,30,474,526
24,1000,80,7.7,28,6,949,23,12,16,51,7.392193713,75,808,80.56671712,8.971801619,6.264649673,8.565759959,496,14,453,37,510,490
23,1000,80,7.7,28,41,947,29,14,10,53,8.127479441,129,824,82.14356828,10.44786406,7.604717083,8.687040806,493,24,454,29,517,483
18,1000,80,7.7,28,53,956,25,12,7,44,8.065049443,121,840,82.79459443,10.22800463,7.302626307,8.812375092,480,15,476,29,495,505
17,1000,80,7.7,28,51,952,30,9,9,48,8.015795765,113,829,82.69809975,10.31946206,7.090241964,8.979127273,491,19,461,29,510,490
19,1000,80,7.7,28,52,946,35,7,12,54,8.179910656,102,839,82.56068238,10.28789792,7.382801138,9.130848326,524,20,422,34,544,456
20,1000,80,7.7,28,50,948,27,16,9,52,8.172886193,117,838,82.5531808,10.37377724,7.408855779,8.883817968,463,19,485,33,482,518
22,1000,80,7.7,28,44,955,19,13,13,45,8.237243867,105,817,82.01857143,10.54857999,7.495974895,8.905231496,460,14,495,31,474,526
21,1000,80,7.7,28,42,957,24,10,9,43,7.525952824,96,796,82.03633792,10.01528145,7.122119204,7.953052578,495,19,462,24,514,486
23,1000,80,7.7,28,42,947,30,14,9,53,8.177655435,87,839,82.21247305,10.47057141,7.636014974,8.757423796,493,24,454,29,517,483
18,1000,80,7.7,28,54,956,24,13,7,44,8.103090412,108,840,82.83832306,10.25815495,7.377782043,8.81403624,480,15,476,29,495,505
24,1000,80,7.7,28,7,950,23,11,16,50,7.393571923,91,803,80.61576002,9.002184662,6.265375837,8.567816829,496,14,454,36,510,490
19,1000,80,7.7,28,53,948,33,9,10,52,8.190732526,107,860,82.62764753,10.31546308,7.381787845,9.15578934,524,20,424,32,544,456
17,1000,80,7.7,28,52,953,30,8,9,47,7.998270627,112,823,82.76387161,10.36290412,7.07593593,8.958251639,491,19,462,28,510,490
22,1000,80,7.7,28,45,955,19,13,13,45,8.270090787,125,841,82.06902338,10.59460914,7.558483067,8.911349454,460,14,495,31,474,526
20,1000,80,7.7,28,51,948,29,16,7,52,8.198711499,94,825,82.60193341,10.41203549,7.437382373,8.907129722,463,19,485,33,482,518
21,1000,80,7.7,28,43,957,24,10,9,43,7.54747679,107,828,82.06355355,10.01858108,7.143328476,7.974909368,495,19,462,24,514,486
23,1000,80,7.7,28,43,946,32,14,8,54,8.197014246,106,825,82.26104711,10.53659239,7.663309921,8.76828782,492,25,454,29,517,483
18,1000,80,7.7,28,55,955,24,14,7,45,8.122751512,105,831,82.88001651,10.288859,7.346613209,8.88352074,480,15,475,30,495,505
24,1000,80,7.7,28,8,951,23,11,15,49,7.397171225,80,822,80.65899645,9.033009426,6.286166721,8.553522851,496,14,455,35,510,490
19,1000,80,7.7,28,54,950,32,8,10,50,8.165699,111,832,82.69227678,10.33645228,7.338989787,9.151948589,525,19,425,31,544,456
17,1000,80,7.7,28,53,952,31,8,9,48,8.036039031,107,837,82.86340487,10.40925819,7.133347637,8.975574972,491,19,461,29,510,490
22,1000,80,7.7,28,46,957,19,12,12,43,8.252213372,121,836,82.10895452,10.63340658,7.580116431,8.857867269,460,14,497,29,474,526
20,1000,80,7.7,28,52,949,29,16,6,51,8.195708479,110,854,82.72188819,10.42820171,7.468844578,8.872056742,463,19,486,32,482,518
23,1000,80,7.7,28,44,947,30,15,8,53,8.182768557,104,828,82.33593346,10.56674093,7.603816373,8.802475139,494,23,453,30,517,483
21,1000,80,7.7,28,44,956,25,10,9,44,7.573868992,105,822,82.12039211,10.03176779,7.151348199,8.020732547,495,19,461,25,514,486
18,1000,80,7.7,28,56,955,24,15,6,45,8.115656062,96,838,82.91220994,10.32066555,7.324778946,8.890872245,480,15,475,30,495,505
19,1000,80,7.7,28,55,951,32,7,10,49,8.150849985,112,830,82.74232609,10.37356275,7.332841792,9.126719408,526,18,425,31,544,456
24,1000,80,7.7,28,9,950,24,11,15,50,7.425519178,89,797,80.6737161,9.067969748,6.309162257,8.587441687,495,15,455,35,510,490
22,1000,80,7.7,28,47,956,22,12,10,44,8.275660561,111,802,82.18330297,10.67618037,7.615116147,8.870904006,459,15,497,29,474,526
17,1000,80,7.7,28,54,952,31,8,9,48,8.04220312,104,823,82.93931057,10.41987175,7.138592893,8.982695397,492,18,460,30,510,490
20,1000,80,7.7,28,53,947,30,16,7,53,8.24834743,97,837,82.79356228,10.46837591,7.537642061,8.909660147,463,19,484,34,482,518
23,1000,80,7.7,28,45,947,31,14,8,53,8.184070274,119,836,82.385703,10.60460061,7.618130672,8.789848274,494,23,453,30,517,483
18,1000,80,7.7,28,57,956,23,15,6,44,8.143240864,106,832,82.96391968,10.36265105,7.33415066,8.936309481,481,14,475,30,495,505
21,1000,80,7.7,28,45,956,25,10,9,44,7.584494644,122,846,82.18837748,10.06673468,7.170978656,8.021834599,495,19,461,25,514,486
19,1000,80,7.7,28,56,952,30,8,10,48,8.15017092,116,840,82.78884448,10.40653219,7.333169696,9.124839047,527,17,425,31,544,456
22,1000,80,7.7,28,48,954,24,12,10,46,8.325434298,111,837,82.25336839,10.70984767,7.688019347,8.899834843,458,16,496,30,474,526
24,1000,80,7.7,28,10,949,26,11,14,51,7.435167529,102,823,80.70902375,9.101683143,6.344785207,8.570055252,494,16,455,35,510,490
20,1000,80,7.7,28,54,947,30,16,7,53,8.280110581,108,855,82.85287077,10.52365539,7.535793743,8.972698835,463,19,484,34,482,518
17,1000,80,7.7,28,55,952,31,8,9,48,8.061183437,103,829,82.97379462,10.45536623,7.16856876,8.990231366,492,18,460,30,510,490
23,1000,80,7.7,28,46,946,33,14,7,54,8.235270338,102,827,82.42788229,10.61605195,7.67223209,8.837942748,494,23,452,31,517,483
18,1000,80,7.7,28,58,957,23,14,6,43,8.137838933,98,840,83.00107213,10.37520335,7.336478025,8.923331309,481,14,476,29,495,505
21,1000,80,7.7,28,46,956,25,10,9,44,7.601785108,106,825,82.21904612,10.08674305,7.196347105,8.030581679,495,19,461,25,514,486
19,1000,80,7.7,28,57,954,30,7,9,46,8.139301424,104,836,82.8301134,10.45361,7.369913586,9.057167616,527,17,427,29,544,456
22,1000,80,7.7,28,49,955,23,12,10,45,8.348626714,122,808,82.28876651,10.73887298,7.711013052,8.923206327,459,15,496,30,474,526
20,1000,80,7.7,28,55,947,29,17,7,53,8.282695774,127,830,82.90842453,10.56364979,7.566499064,8.949118194,462,20,485,33,482,518
17,1000,80,7.7,28,56,953,29,9,9,47,8.087846555,130,845,83.02101783,10.50279536,7.226331015,8.984525995,492,18,461,29,510,490
24,1000,80,7.7,28,11,950,27,10,13,50,7.436076989,90,803,80.74343004,9.139344828,6.352337207,8.564051047,495,15,455,35,510,490
23,1000,80,7.7,28,47,946,33,14,7,54,8.237602369,104,817,82.47378744,10.63508359,7.663518488,8.852097952,494,23,452,31,517,483
18,1000,80,7.7,28,59,958,23,12,7,42,8.144472739,131,837,83.08469355,10.40802595,7.356178821,8.917156876,481,14,477,28,495,505
21,1000,80,7.7,28,47,957,25,10,8,43,7.617735545,101,801,82.29360085,10.09455948,7.211604424,8.047265166,494,20,463,23,514,486
19,1000,80,7.7,28,58,954,30,7,9,46,8.130130258,100,814,82.84994738,10.48213818,7.357258699,9.052152468,528,16,426,30,544,456
22,1000,80,7.7,28,50,956,23,12,9,44,8.353630757,133,847,82.39966469,10.75237298,7.742190918,8.904624072,459,15,497,29,474,526
20,1000,80,7.7,28,56,946,31,17,6,54,8.296234881,119,842,82.9565854,10.61052815,7.620801671,8.924726787,461,21,485,33,482,518
17,1000,80,7.7,28,57,954,28,9,9,46,8.077053348,98,816,83.07528896,10.53178726,7.242248503,8.94593186,492,18,462,28,510,490
23,1000,80,7.7,28,48,945,34,14,7,55,8.283132411,102,842,82.53128087,10.65768893,7.709591911,8.897046362,494,23,451,32,517,483
18,1000,80,7.7,28,60,957,24,12,7,43,8.19241898,112,849,83.14429479,10.46026351,7.444939165,8.925097215,480,15,477,28,495,505
24,1000,80,7.7,28,12,951,25,11,13,49,7.481420474,103,817,80.81519561,9.188053249,6.434752315,8.570809783,495,15,456,34,510,490
21,1000,80,7.7,28,48,957,24,10,9,43,7.615682897,116,828,82.34270785,10.11516578,7.203156718,8.051976017,494,20,463,23,514,486
19,1000,80,7.7,28,59,955,30,7,8,45,8.151839929,110,843,82.89513427,10.51423423,7.416398788,9.029208308,527,17,428,28,544,456
22,1000,80,7.7,28,51,956,23,11,10,44,8.389586666,119,827,82.46067854,10.79943838,7.75931127,8.957553467,459,15,497,29,474,526
20,1000,80,7.7,28,57,946,31,16,7,54,8.306297635,102,818,83.00370259,10.66088568,7.643080036,8.923422892,461,21,485,33,482,518
23,1000,80,7.7,28,49,946,34,13,7,54,8.292397441,89,806,82.56752757,10.70093857,7.711078928,8.914636926,495,22,451,32,517,483
17,1000,80,7.7,28,58,953,28,10,9,47,8.122390992,115,826,83.15338084,10.55987219,7.304968214,8.973177965,491,19,462,28,510,490
18,1000,80,7.7,28,61,958,21,14,7,42,8.221465076,105,846,83.17314498,10.4879388,7.489434508,8.938999989,480,15,478,27,495,505
24,1000,80,7.7,28,13,952,24,11,13,48,7.504769749,96,807,80.86728811,9.218247367,6.447578147,8.605112029,496,14,456,34,510,490
19,1000,80,7.7,28,60,955,30,7,8,45,8.170449069,116,842,82.93351777,10.52905251,7.426283587,9.058225433,527,17,428,28,544,456
21,1000,80,7.7,28,49,957,23,11,9,43,7.645485231,116,826,82.40924922,10.15590462,7.234936206,8.079687286,494,20,463,23,514,486
22,1000,80,7.7,28,52,956,23,11,10,44,8.37909802,119,813,82.49703325,10.83885114,7.741159216,8.953970631,459,15,497,29,474,526
20,1000,80,7.7,28,58,946,31,17,6,54,8.323800981,108,840,83.01739668,10.67823859,7.626528796,8.972614096,461,21,485,33,482,518
23,1000,80,7.7,28,50,947,34,12,7,53,8.287688709,123,832,82.59772523,10.76813414,7.671539236,8.947211023,496,21,451,32,517,483
18,1000,80,7.7,28,62,957,22,14,7,43,8.247436418,132,831,83.21524706,10.53396482,7.527520031,8.953097035,480,15,477,28,495,505
17,1000,80,7.7,28,59,955,27,9,9,45,8.158329006,109,827,83.19572808,10.58873709,7.366174383,8.982816471,491,19,464,26,510,490
19,1000,80,7.7,28,61,955,30,7,8,45,8.149705036,116,834,83.00902705,10.55932988,7.412659381,9.02898757,527,17,428,28,544,456
21,1000,80,7.7,28,50,960,22,9,9,40,7.619418935,118,833,82.43457467,10.20416492,7.23241608,8.028718251,495,19,465,21,514,486
24,1000,80,7.7,28,14,951,25,11,13,49,7.566124556,93,803,80.88823591,9.238437006,6.475238219,8.701536865,495,15,456,34,510,490
22,1000,80,7.7,28,53,958,22,10,10,42,8.382479079,109,855,82.57409407,10.85952033,7.785625666,8.920327972,459,15,499,27,474,526
20,1000,80,7.7,28,59,944,32,18,6,56,8.386097974,111,844,83.0756862,10.7025396,7.615088027,9.103524218,462,20,482,36,482,518
23,1000,80,7.7,28,51,947,33,13,7,53,8.328177305,114,839,82.63205803,10.78610226,7.662981313,9.040198688,496,21,451,32,517,483
18,1000,80,7.7,28,63,957,22,14,7,43,8.29178227,101,838,83.26967827,10.55938136,7.586094006,8.98349651,480,15,477,28,495,505
17,1000,80,7.7,28,60,954,28,9,9,46,8.184463131,114,833,83.27710063,10.63337226,7.378708367,9.023105844,490,20,464,26,510,490
19,1000,80,7.7,28,62,955,30,7,8,45,8.145036139,121,846,83.0860201,10.59926696,7.407125263,9.025350868,527,17,428,28,544,456
21,1000,80,7.7,28,51,959,23,9,9,41,7.659929778,108,826,82.50660187,10.22486292,7.252301409,8.091042908,495,19,464,22,514,486
22,1000,80,7.7,28,54,957,21,13,9,43,8.420371997,101,833,82.60920216,10.87560649,7.841299474,8.942197807,458,16,499,27,474,526
20,1000,80,7.7,28,60,941,35,18,6,59,8.401168661,110,828,83.14136712,10.72185631,7.669185138,9.082280741,460,22,481,37,482,518
24,1000,80,7.7,28,15,952,25,10,13,48,7.57765999,94,809,80.92516937,9.266079524,6.459478484,8.741481557,495,15,457,33,510,490
23,1000,80,7.7,28,52,948,33,13,6,52,8.334182475,107,837,82.68562078,10.80784606,7.648727866,9.067888547,497,20,451,32,517,483
18,1000,80,7.7,28,64,956,23,14,7,44,8.323027884,90,834,83.31579674,10.58514955,7.616630022,9.01543767,479,16,477,28,495,505
17,1000,80,7.7,28,61,954,29,9,8,46,8.210365793,105,858,83.31343302,10.67597162,7.405848285,9.04772075,490,20,464,26,510,490
19,1000,80,7.7,28,63,954,31,7,8,46,8.17678145,112,820,83.13448888,10.62070188,7.43507093,9.061629088,527,17,427,29,544,456
21,1000,80,7.7,28,52,960,22,9,9,40,7.664311246,118,840,82.55630356,10.2281667,7.275439455,8.075587173,496,18,464,22,514,486
22,1000,80,7.7,28,55,957,21,13,9,43,8.434769069,95,848,82.69735754,10.9115975,7.879044204,8.935555354,458,16,499,27,474,526
20,1000,80,7.7,28,61,941,35,18,6,59,8.412572352,133,826,83.17744203,10.76036131,7.67615169,9.0978132,460,22,481,37,482,518
23,1000,80,7.7,28,53,950,32,12,6,50,8.343528204,131,821,82.74680438,10.82559927,7.67735195,9.056598853,497,20,453,30,517,483
18,1000,80,7.7,28,65,956,24,13,7,44,8.34493148,120,824,83.34892671,10.6065105,7.63392022,9.041863309,480,15,476,29,495,505
24,1000,80,7.7,28,16,952,25,11,12,48,7.638548923,95,814,80.97881103,9.284080097,6.533538276,8.788662045,494,16,458,32,510,490
17,1000,80,7.7,28,62,954,29,9,8,46,8.241846291,104,849,83.3527188,10.67609463,7.429412278,9.087440877,490,20,464,26,510,490
19,1000,80,7.7,28,64,954,31,7,8,46,8.188946335,119,815,83.18283203,10.6392493,7.453547315,9.066264464,527,17,427,29,544,456
22,1000,80,7.7,28,56,958,21,13,8,42,8.459625091,104,834,82.76671987,10.93888296,7.938702297,8.929049813,458,16,500,26,474,526
21,1000,80,7.7,28,53,960,22,9,9,40,7.675249708,102,850,82.62758683,10.25360498,7.308886684,8.062720067,496,18,464,22,514,486
20,1000,80,7.7,28,62,941,35,18,6,59,8.43889932,110,823,83.19741886,10.78063727,7.695143105,9.130965915,460,22,481,37,482,518
18,1000,80,7.7,28,66,956,24,12,8,44,8.36070085,112,846,83.41121084,10.64747035,7.658144323,9.049345367,480,15,476,29,495,505
23,1000,80,7.7,28,54,950,32,12,6,50,8.332195883,116,833,82.8201694,10.83934849,7.663246733,9.04823462,497,20,453,30,517,483
24,1000,80,7.7,28,17,953,25,10,12,47,7.664126371,110,806,81.00436368,9.331874196,6.588873862,8.783266737,494,16,459,31,510,490
17,1000,80,7.7,28,63,955,29,8,8,45,8.254260341,106,843,83.42513786,10.6862558,7.431780294,9.110311001,491,19,464,26,510,490
19,1000,80,7.7,28,65,953,30,9,8,47,8.224574218,108,835,83.2305357,10.6664715,7.480750817,9.111942486,526,18,427,29,544,456
22,1000,80,7.7,28,57,956,23,13,8,44,8.464113184,125,839,82.83665208,10.96460992,7.941340456,8.935204958,457,17,499,27,474,526
20,1000,80,7.7,28,63,942,36,15,7,58,8.456778691,116,825,83.2341245,10.80461561,7.739212729,9.124475204,460,22,482,36,482,518
21,1000,80,7.7,28,54,961,21,9,9,39,7.716147549,100,836,82.71323094,10.26602302,7.36555251,8.08694148,496,18,465,21,514,486
18,1000,80,7.7,28,67,956,24,12,8,44,8.379293237,131,845,83.47266525,10.68351074,7.647186138,9.096903167,480,15,476,29,495,505
23,1000,80,7.7,28,55,949,33,12,6,51,8.328927337,115,830,82.89832244,10.87006096,7.687411767,9.015601353,497,20,452,31,517,483
19,1000,80,7.7,28,66,953,30,9,8,47,8.214896422,118,820,83.29582973,10.68675332,7.469149141,9.104559845,526,18,427,29,544,456
17,1000,80,7.7,28,64,955,28,9,8,45,8.292016966,102,808,83.50551921,10.68861777,7.47268368,9.144792427,491,19,464,26,510,490
24,1000,80,7.7,28,18,954,24,10,12,46,7.692864076,96,826,81.04214652,9.401015561,6.640660128,8.788015123,495,15,459,31,510,490
22,1000,80,7.7,28,58,956,23,13,8,44,8.48222709,112,842,82.8975707,11.01071132,7.994698009,8.92155938,457,17,499,27,474,526
20,1000,80,7.7,28,64,940,36,17,7,60,8.492115357,124,844,83.30336385,10.86047771,7.801509266,9.134725659,459,23,481,37,482,518
18,1000,80,7.7,28,68,957,24,11,8,43,8.408364537,126,848,83.52005248,10.70315576,7.731548265,9.071778507,479,16,478,27,495,505
23,1000,80,7.7,28,56,950,33,11,6,50,8.307979705,135,821,82.98344329,10.90416869,7.666432089,8.994688024,498,19,452,31,517,483
21,1000,80,7.7,28,55,961,21,9,9,39,7.748622661,105,839,82.77036586,10.30190686,7.394122671,8.12354652,496,18,465,21,514,486
19,1000,80,7.7,28,67,952,31,9,8,48,8.225581668,118,832,83.37142535,10.70941763,7.484537903,9.109633879,526,18,426,30,544,456
17,1000,80,7.7,28,65,955,28,9,8,45,8.327066368,96,839,83.56025192,10.71320744,7.489820805,9.198485219,491,19,464,26,510,490
22,1000,80,7.7,28,59,954,25,13,8,46,8.49497133,107,827,82.95019312,11.0300596,8.011622776,8.930536377,456,18,498,28,474,526
24,1000,80,7.7,28,19,955,24,9,12,45,7.707452184,95,805,81.0887355,9.427926346,6.66741676,8.789938033,495,15,460,30,510,490
20,1000,80,7.7,28,65,938,37,18,7,62,8.502516096,111,840,83.37548386,10.87662428,7.830560215,9.127772341,457,25,481,37,482,518
18,1000,80,7.7,28,69,959,24,10,7,41,8.417560774,125,846,83.55242831,10.74512422,7.754899341,9.067100198,480,15,479,26,495,505
23,1000,80,7.7,28,57,950,33,11,6,50,8.33723335,104,811,83.04304235,10.9196926,7.687648705,9.032544451,497,20,453,30,517,483
21,1000,80,7.7,28,56,961,21,9,9,39,7.778913492,115,839,82.83483906,10.32470395,7.440017913,8.137333918,496,18,465,21,514,486
19,1000,80,7.7,28,68,954,28,10,8,46,8.213214756,117,857,83.44458158,10.74866243,7.461406257,9.110109104,527,17,427,29,544,456
17,1000,80,7.7,28,66,955,28,9,8,45,8.336941891,106,826,83.63950288,10.74389706,7.502884845,9.205042081,491,19,464,26,510,490
22,1000,80,7.7,28,60,955,25,13,7,45,8.47892005,95,846,83.01160287,11.07948907,8.0193204,8.893083993,456,18,499,27,474,526
20,1000,80,7.7,28,66,938,36,19,7,62,8.562405157,100,837,83.43283339,10.90426418,7.897268359,9.181316231,456,26,482,36,482,518
18,1000,80,7.7,28,70,959,24,10,7,41,8.418387686,104,838,83.62483369,10.760197,7.744639479,9.078794345,480,15,479,26,495,505
23,1000,80,7.7,28,58,951,32,11,6,49,8.318281161,124,825,83.10077277,10.95563003,7.678397565,9.003208324,497,20,454,29,517,483
24,1000,80,7.7,28,20,956,23,9,12,44,7.712324429,115,814,81.15923413,9.464810254,6.653609276,8.814252445,497,13,459,31,510,490
21,1000,80,7.7,28,57,959,23,9,9,41,7.812764317,102,834,82.88117761,10.35809095,7.474389383,8.170634104,495,19,464,22,514,486
19,1000,80,7.7,28,69,953,29,10,8,47,8.229853208,114,820,83.47776084,10.76878598,7.480060866,9.124342318,527,17,426,30,544,456
17,1000,80,7.7,28,67,953,29,10,8,47,8.395286941,101,853,83.71180023,10.77845131,7.573824388,9.250278577,488,22,465,25,510,490
22,1000,80,7.7,28,61,952,28,13,7,48,8.515935854,124,831,83.04944487,11.09863157,8.057757838,8.928818706,456,18,496,30,474,526
20,1000,80,7.7,28,67,937,37,19,7,63,8.554418223,113,850,83.48100196,10.93524849,7.886372947,9.176035643,456,26,481,37,482,518
18,1000,80,7.7,28,71,959,25,9,7,41,8.424289897,114,848,83.67596037,10.7625155,7.760521427,9.074914436,480,15,479,26,495,505
23,1000,80,7.7,28,59,951,31,12,6,49,8.317244859,133,834,83.13572383,10.98863832,7.677254356,9.002286454,497,20,454,29,517,483
24,1000,80,7.7,28,21,956,23,9,12,44,7.721291917,97,840,81.209549,9.488451965,6.668699118,8.816847687,497,13,459,31,510,490
21,1000,80,7.7,28,58,959,23,9,9,41,7.858572922,87,845,82.92878715,10.39111328,7.494062511,8.244083932,495,19,464,22,514,486
19,1000,80,7.7,28,70,953,30,10,7,47,8.250380379,108,839,83.56198518,10.80961124,7.524269574,9.116617831,527,17,426,30,544,456
22,1000,80,7.7,28,62,951,28,14,7,49,8.517106024,116,856,83.09306099,11.12711049,8.060067142,8.928962356,455,19,496,30,474,526
17,1000,80,7.7,28,68,953,28,11,8,47,8.417331669,106,833,83.77255463,10.78070316,7.573032499,9.29609203,488,22,465,25,510,490
20,1000,80,7.7,28,68,937,37,19,7,63,8.609130309,109,852,83.52956897,10.96675002,7.928866599,9.242117005,456,26,481,37,482,518
18,1000,80,7.7,28,72,960,23,10,7,40,8.423552852,118,829,83.7326826,10.79065691,7.781571029,9.052822164,480,15,480,25,495,505
23,1000,80,7.7,28,60,952,29,13,6,48,8.3400519,104,838,83.17503656,11.01052611,7.693496328,9.032120701,497,20,455,28,517,483
19,1000,80,7.7,28,71,953,31,9,7,47,8.263450449,121,863,83.62972023,10.83013864,7.51931007,9.151196866,527,17,426,30,544,456
21,1000,80,7.7,28,59,958,24,9,9,42,7.891770975,105,833,82.99370348,10.43379205,7.550525675,8.252676498,495,19,463,23,514,486
24,1000,80,7.7,28,22,956,23,9,12,44,7.762421162,95,829,81.28564362,9.517846686,6.679523486,8.889518743,497,13,459,31,510,490
22,1000,80,7.7,28,63,951,28,14,7,49,8.528060724,121,838,83.1299751,11.16062335,8.107170471,8.907342054,455,19,496,30,474,526
17,1000,80,7.7,28,69,952,29,10,9,48,8.436951023,100,848,83.84016677,10.82484484,7.613706719,9.293797136,489,21,463,27,510,490
18,1000,80,7.7,28,73,960,23,10,7,40,8.434042109,140,837,83.75804896,10.83540257,7.821541192,9.034414295,480,15,480,25,495,505
20,1000,80,7.7,28,69,937,36,20,7,63,8.630610214,103,828,83.56914807,11.00419468,7.951591053,9.262438855,456,26,481,37,482,518
23,1000,80,7.7,28,61,952,29,13,6,48,8.370270266,112,851,83.22757761,11.03634306,7.745331108,9.039201,497,20,455,28,517,483
19,1000,80,7.7,28,72,953,30,9,8,47,8.294416031,104,828,83.63864644,10.87892632,7.558515577,9.172332361,527,17,426,30,544,456
21,1000,80,7.7,28,60,959,24,8,9,41,7.894449902,111,841,83.05096936,10.46656024,7.594766605,8.211398902,495,19,464,22,514,486
24,1000,80,7.7,28,23,953,26,9,12,47,7.813521282,102,800,81.30895117,9.542182709,6.745856251,8.924764478,496,14,457,33,510,490
22,1000,80,7.7,28,64,951,28,14,7,49,8.557896564,122,835,83.17071951,11.17249939,8.152673572,8.923059489,455,19,496,30,474,526
17,1000,80,7.7,28,70,953,27,10,10,47,8.483158064,109,850,83.87000822,10.84813102,7.684269141,9.314654697,489,21,464,26,510,490
18,1000,80,7.7,28,74,959,24,10,7,41,8.478266218,92,818,83.83643935,10.87304697,7.853927,9.090242283,480,15,479,26,495,505
20,1000,80,7.7,28,70,937,36,20,7,63,8.644124708,121,857,83.63072649,11.0558679,7.965812763,9.275295282,456,26,481,37,482,518
23,1000,80,7.7,28,62,951,29,14,6,49,8.39114384,106,828,83.2767112,11.07283398,7.754321537,9.072794214,497,20,454,29,517,483
19,1000,80,7.7,28,73,952,32,8,8,48,8.32570332,123,851,83.66240474,10.90186474,7.556474128,9.243380252,527,17,425,31,544,456
21,1000,80,7.7,28,61,959,26,7,8,41,7.89088538,117,832,83.09452206,10.51691094,7.642615671,8.153458692,496,18,463,23,514,486
22,1000,80,7.7,28,65,952,24,17,7,48,8.58374068,118,829,83.21080989,11.21081025,8.167466948,8.958861875,455,19,497,29,474,526
18,1000,80,7.7,28,75,957,26,10,7,43,8.549417407,88,853,83.90243806,10.88276545,7.914883837,9.171385956,479,16,478,27,495,505
24,1000,80,7.7,28,24,952,28,9,11,48,7.843465526,106,812,81.382802,9.562933632,6.779538276,8.950818378,496,14,456,34,510,490
17,1000,80,7.7,28,71,953,28,9,10,47,8.50406787,112,841,83.95160364,10.87060075,7.730178429,9.309544634,489,21,464,26,510,490
20,1000,80,7.7,28,71,936,37,20,7,64,8.66262498,117,842,83.70364106,11.10368292,7.993506782,9.285240755,456,26,480,38,482,518
23,1000,80,7.7,28,63,951,30,12,7,49,8.426748336,115,840,83.33997502,11.09072215,7.798102131,9.099647069,497,20,454,29,517,483
19,1000,80,7.7,28,74,953,30,9,8,47,8.318749531,126,856,83.72127067,10.93766696,7.560250398,9.223625689,527,17,426,30,544,456
21,1000,80,7.7,28,62,959,26,7,8,41,7.927922446,125,816,83.13674395,10.54430026,7.664103578,8.206940754,496,18,463,23,514,486
22,1000,80,7.7,28,66,953,24,16,7,47,8.584228244,112,839,83.26313695,11.2486506,8.196158259,8.933933896,455,19,498,28,474,526
18,1000,80,7.7,28,76,956,26,10,8,44,8.588169757,127,860,83.97574566,10.90184114,7.974822858,9.189371172,479,16,477,28,495,505
23,1000,80,7.7,28,64,951,30,12,7,49,8.467340804,104,826,83.4224617,11.12803583,7.875528665,9.100812596,497,20,454,29,517,483
20,1000,80,7.7,28,72,934,39,20,7,66,8.716321545,102,842,83.76832715,11.13198472,8.036621278,9.348783955,456,26,478,40,482,518
17,1000,80,7.7,28,72,956,26,8,10,44,8.479158434,110,852,83.98211277,10.87481143,7.727621283,9.261370571,489,21,467,23,510,490
24,1000,80,7.7,28,25,953,27,10,10,47,7.867522477,100,807,81.45393446,9.575278256,6.849370815,8.92723135,495,15,458,32,510,490
19,1000,80,7.7,28,75,953,30,9,8,47,8.349625941,103,849,83.7868613,10.96042345,7.598742385,9.245416851,527,17,426,30,544,456
22,1000,80,7.7,28,67,953,24,15,8,47,8.586376245,125,817,83.32035985,11.27280853,8.191406026,8.942299979,455,19,498,28,474,526
21,1000,80,7.7,28,63,961,25,6,8,39,7.921268817,100,830,83.20135695,10.58186134,7.663424872,8.193967969,497,17,464,22,514,486
18,1000,80,7.7,28,77,956,26,10,8,44,8.590653562,125,846,84.01891038,10.92212721,7.985528372,9.183796074,479,16,477,28,495,505
23,1000,80,7.7,28,65,950,30,13,7,50,8.472334731,123,827,83.47444496,11.15448424,7.824108233,9.16619208,498,19,452,31,517,483
20,1000,80,7.7,28,73,934,39,20,7,66,8.725159383,108,855,83.82238912,11.16061614,8.060819599,9.343328835,456,26,478,40,482,518
17,1000,80,7.7,28,73,954,28,8,10,46,8.490007143,109,863,84.01567089,10.90346355,7.72792865,9.28319088,489,21,465,25,510,490
19,1000,80,7.7,28,76,951,33,8,8,49,8.391910588,113,846,83.8040903,10.98560739,7.651211283,9.275551863,526,18,425,31,544,456
24,1000,80,7.7,28,26,953,27,10,10,47,7.864578611,96,830,81.51283392,9.626615354,6.86032887,8.909818136,495,15,458,32,510,490
22,1000,80,7.7,28,68,953,25,14,8,47,8.560694561,109,836,83.40675417,11.2730755,8.207686835,8.878804185,454,20,499,27,474,526
21,1000,80,7.7,28,64,960,25,7,8,40,7.949963689,103,836,83.27455943,10.61250804,7.688120698,8.226892283,497,17,463,23,514,486
18,1000,80,7.7,28,78,957,24,11,8,43,8.570493385,127,858,84.05988289,10.96410247,8.011785603,9.118137648,479,16,478,27,495,505
23,1000,80,7.7,28,66,950,30,13,7,50,8.504019203,118,839,83.50891948,11.18510333,7.865267404,9.187734897,498,19,452,31,517,483
20,1000,80,7.7,28,74,932,41,20,7,68,8.75225836,110,838,83.87215687,11.18841088,8.076740361,9.380829162,456,26,476,42,482,518
17,1000,80,7.7,28,74,953,29,8,10,47,8.509748493,130,846,84.02677745,10.92544953,7.778106457,9.271253468,488,22,465,25,510,490
19,1000,80,7.7,28,77,951,33,8,8,49,8.390040557,136,837,83.87029469,11.01304036,7.659381452,9.261704051,526,18,425,31,544,456
24,1000,80,7.7,28,27,951,29,10,10,49,7.882457524,120,827,81.58613204,9.642729577,6.866988283,8.939374489,494,16,457,33,510,490
22,1000,80,7.7,28,69,954,24,14,8,46,8.574079591,125,844,83.47232518,11.31983533,8.25679594,8.859996798,454,20,500,26,474,526
18,1000,80,7.7,28,79,957,24,11,8,43,8.588815223,121,842,84.11546151,11.00125544,8.047231986,9.11967404,479,16,478,27,495,505
21,1000,80,7.7,28,65,960,26,6,8,40,7.963565706,99,845,83.3581587,10.64948212,7.744061902,8.19571582,496,18,464,22,514,486
23,1000,80,7.7,28,67,951,28,14,7,49,8.547607173,107,852,83.51795487,11.21888286,7.948202413,9.189206057,499,18,452,31,517,483
20,1000,80,7.7,28,75,933,41,19,7,67,8.760781038,112,828,83.98802781,11.20620906,8.092139541,9.382953241,457,25,476,42,482,518
17,1000,80,7.7,28,75,954,29,8,9,46,8.510334402,119,840,84.09846647,10.94550023,7.793185225,9.256754973,487,23,467,23,510,490
19,1000,80,7.7,28,78,952,33,8,7,48,8.361563294,108,862,83.90750943,11.04073801,7.667722194,9.189303553,526,18,426,30,544,456
22,1000,80,7.7,28,70,952,24,14,10,48,8.586202897,119,875,83.51408151,11.33208379,8.232221678,8.905189775,454,20,498,28,474,526
24,1000,80,7.7,28,28,952,28,10,10,48,7.873682987,95,823,81.63128552,9.661293925,6.868605997,8.919783528,494,16,458,32,510,490
18,1000,80,7.7,28,80,957,24,12,7,43,8.574625972,118,837,84.17366849,11.03851819,8.051891286,9.087009476,479,16,478,27,495,505
23,1000,80,7.7,28,68,950,26,17,7,50,8.576016204,121,832,83.54606639,11.22722569,7.986802883,9.20670624,498,19,452,31,517,483
21,1000,80,7.7,28,66,959,27,6,8,41,7.988466156,120,827,83.39619881,10.68192946,7.768363867,8.221249235,496,18,463,23,514,486
20,1000,80,7.7,28,76,932,41,20,7,68,8.774833272,98,837,84.01522446,11.21900091,8.104869186,9.398236147,457,25,475,43,482,518
19,1000,80,7.7,28,79,951,35,7,7,49,8.362246488,126,843,83.97282399,11.06272342,7.638751719,9.225363055,525,19,426,30,544,456
17,1000,80,7.7,28,76,954,29,8,9,46,8.527773937,106,838,84.15882896,10.99633631,7.840577688,9.243019011,487,23,467,23,510,490
22,1000,80,7.7,28,71,951,24,15,10,49,8.613560568,133,834,83.56458147,11.38360755,8.254430305,8.937187458,454,20,497,29,474,526
18,1000,80,7.7,28,81,956,23,14,7,44,8.647014357,102,839,84.21415649,11.10054841,8.113302076,9.170158078,479,16,477,28,495,505
23,1000,80,7.7,28,69,950,26,17,7,50,8.579600125,114,837,83.58680305,11.2328181,7.982236513,9.219014178,498,19,452,31,517,483
24,1000,80,7.7,28,29,951,29,10,10,49,7.916716498,109,818,81.67213136,9.693252021,6.936968172,8.936454551,493,17,458,32,510,490
20,1000,80,7.7,28,77,932,41,20,7,68,8.815399913,111,842,84.05050963,11.21575069,8.130196076,9.452983406,457,25,475,43,482,518
21,1000,80,7.7,28,67,958,28,6,8,42,8.010112131,116,848,83.48048889,10.69784473,7.793280985,8.239435607,495,19,463,23,514,486
19,1000,80,7.7,28,80,952,34,6,8,48,8.334338395,118,834,83.99722322,11.08406697,7.599327434,9.211193575,526,18,426,30,544,456
17,1000,80,7.7,28,77,953,31,6,10,47,8.526879638,120,840,84.21531339,11.03965444,7.8163848,9.266374264,488,22,465,25,510,490
22,1000,80,7.7,28,72,951,24,14,11,49,8.605802716,120,850,83.62058197,11.40680195,8.30795904,8.874201769,454,20,497,29,474,526
18,1000,80,7.7,28,82,955,24,13,8,45,8.734029219,121,843,84.24528448,11.11752452,8.180147469,9.276943014,479,16,476,29,495,505
23,1000,80,7.7,28,70,950,25,17,8,50,8.615244036,102,841,83.61950162,11.25123396,7.996787746,9.277235552,497,20,453,30,517,483
20,1000,80,7.7,28,78,932,41,20,7,68,8.812764833,113,848,84.11256299,11.22621817,8.13560513,9.442863244,457,25,475,43,482,518
21,1000,80,7.7,28,68,957,29,6,8,43,8.050666194,107,837,83.52218094,10.74975969,7.806576148,8.308819042,495,19,462,24,514,486
24,1000,80,7.7,28,30,953,28,8,11,47,7.930644059,101,817,81.72956374,9.730203617,6.979415184,8.920698602,494,16,459,31,510,490
19,1000,80,7.7,28,81,952,33,7,8,48,8.365792316,118,834,84.0538679,11.1316175,7.636270131,9.236099483,526,18,426,30,544,456
17,1000,80,7.7,28,78,953,31,6,10,47,8.538439184,111,839,84.27018649,11.05848703,7.806443467,9.300312278,488,22,465,25,510,490
22,1000,80,7.7,28,73,951,23,15,11,49,8.608133413,123,833,83.66151128,11.42302629,8.320130623,8.867664444,454,20,497,29,474,526
18,1000,80,7.7,28,83,958,22,12,8,42,8.686708907,119,851,84.27619854,11.13992462,8.141075601,9.221537595,480,15,478,27,495,505
23,1000,80,7.7,28,71,949,26,17,8,51,8.625085237,131,823,83.65690104,11.2927356,8.012837786,9.280430853,497,20,452,31,517,483
20,1000,80,7.7,28,79,930,44,20,6,70,8.821706624,113,844,84.16895821,11.26815071,8.192953744,9.406762393,455,27,475,43,482,518
19,1000,80,7.7,28,82,953,32,7,8,47,8.366870882,123,845,84.17640623,11.14446351,7.639520438,9.234587201,526,18,427,29,544,456
21,1000,80,7.7,28,69,956,30,6,8,44,8.113121845,128,844,83.56135948,10.78171623,7.894064528,8.344799747,494,20,462,24,514,486
24,1000,80,7.7,28,31,952,29,8,11,48,7.989744565,92,843,81.79735935,9.771456188,7.047490775,8.970457693,494,16,458,32,510,490
17,1000,80,7.7,28,79,953,31,5,11,47,8.560545435,113,840,84.31793476,11.09634373,7.814611781,9.336925361,489,21,464,26,510,490
22,1000,80,7.7,28,74,952,22,15,11,48,8.586578251,125,838,83.70935007,11.46788872,8.293141071,8.851006432,455,19,497,29,474,526
18,1000,80,7.7,28,84,961,19,12,8,39,8.705064067,104,858,84.32435744,11.16654952,8.150334267,9.248809119,482,13,479,26,495,505
23,1000,80,7.7,28,72,948,26,18,8,52,8.624559223,108,832,83.71519806,11.3301828,7.987843507,9.306095507,497,20,451,32,517,483
20,1000,80,7.7,28,80,930,44,20,6,70,8.820212557,116,844,84.22842723,11.26200545,8.206433724,9.391334946,455,27,475,43,482,518
19,1000,80,7.7,28,83,953,31,8,8,47,8.370986484,119,849,84.20850987,11.14986841,7.626401872,9.259262864,526,18,427,29,544,456
21,1000,80,7.7,28,70,955,31,6,8,45,8.118597395,131,838,83.62564499,10.79968662,7.881184296,8.369688616,493,21,462,24,514,486
17,1000,80,7.7,28,80,953,29,7,11,47,8.587298084,113,852,84.34810213,11.13622334,7.83516359,9.370131945,488,22,465,25,510,490
22,1000,80,7.7,28,75,954,21,15,10,46,8.581843943,112,843,83.76807544,11.50407317,8.302821996,8.833281972,455,19,499,27,474,526
24,1000,80,7.7,28,32,951,30,8,11,49,8.013065852,106,820,81.84577524,9.807694366,7.089097867,8.974746817,494,16,457,33,510,490
18,1000,80,7.7,28,85,961,20,11,8,39,8.701172444,124,835,84.37250177,11.20262418,8.160800081,9.230844363,483,12,478,27,495,505
23,1000,80,7.7,28,73,948,24,20,8,52,8.644612247,110,841,83.79358936,11.37318839,8.026632516,9.306093658,497,20,451,32,517,483
20,1000,80,7.7,28,81,931,43,20,6,69,8.825267497,120,850,84.2629835,11.26102008,8.223873503,9.384865769,455,27,476,42,482,518
19,1000,80,7.7,28,84,954,30,7,9,46,8.40095458,121,854,84.23313665,11.17771131,7.653621222,9.292510166,527,17,427,29,544,456
21,1000,80,7.7,28,71,956,29,7,8,44,8.172932784,105,826,83.67555631,10.82633583,7.898832227,8.462825142,494,20,462,24,514,486
22,1000,80,7.7,28,76,953,22,15,10,47,8.616764789,137,815,83.8139185,11.53947281,8.332514624,8.872914178,455,19,498,28,474,526
17,1000,80,7.7,28,81,953,29,7,11,47,8.654156366,116,859,84.38433027,11.16875334,7.944845649,9.392418541,487,23,466,24,510,490
18,1000,80,7.7,28,86,962,20,10,8,38,8.688508778,113,833,84.46081142,11.23916772,8.15807247,9.208441397,483,12,479,26,495,505
24,1000,80,7.7,28,33,951,31,7,11,49,8.036452767,111,842,81.87599091,9.871773911,7.070513696,9.041817922,495,15,456,34,510,490
23,1000,80,7.7,28,74,949,23,20,8,51,8.651058449,131,832,83.8277776,11.39646501,8.046780023,9.297874072,497,20,452,31,517,483
20,1000,80,7.7,28,82,932,41,21,6,68,8.854035488,118,855,84.31828958,11.29398994,8.272845873,9.394833546,455,27,477,41,482,518
19,1000,80,7.7,28,85,954,30,7,9,46,8.440583935,113,846,84.29121272,11.19583332,7.717147663,9.303630715,527,17,427,29,544,456
22,1000,80,7.7,28,77,953,22,14,11,47,8.609897802,126,841,83.87802255,11.56112598,8.356386915,8.838346775,454,20,499,27,474,526
21,1000,80,7.7,28,72,954,31,7,8,46,8.209601232,112,854,83.71270276,10.87296146,7.958270974,8.475411423,493,21,461,25,514,486
17,1000,80,7.7,28,82,953,30,7,10,47,8.63038627,121,842,84.45837713,11.17643992,7.956714015,9.331555352,486,24,467,23,510,490
18,1000,80,7.7,28,87,962,20,9,9,38,8.719206419,115,855,84.51441986,11.25896661,8.191815184,9.236154265,483,12,479,26,495,505
23,1000,80,7.7,28,75,950,23,19,8,50,8.659221687,108,840,83.86970052,11.43094623,8.049708473,9.311640594,497,20,453,30,517,483
24,1000,80,7.7,28,34,951,31,7,11,49,8.079473832,85,842,81.90751278,9.900877498,7.112600018,9.085811884,495,15,456,34,510,490
20,1000,80,7.7,28,83,932,39,23,6,68,8.864636374,136,853,84.37282055,11.3152372,8.285971208,9.403085428,455,27,477,41,482,518
19,1000,80,7.7,28,86,954,30,7,9,46,8.448819171,136,839,84.39009709,11.21725829,7.708025251,9.332573321,527,17,427,29,544,456
22,1000,80,7.7,28,78,951,23,14,12,49,8.646809405,123,842,83.94673253,11.60344051,8.378784255,8.888337773,453,21,498,28,474,526
21,1000,80,7.7,28,73,954,31,7,8,46,8.224681813,113,853,83.77084259,10.90568906,7.989325444,8.473597808,493,21,461,25,514,486
18,1000,80,7.7,28,88,962,21,8,9,38,8.701428632,134,858,84.55168291,11.30409437,8.169366104,9.222955268,483,12,479,26,495,505
17,1000,80,7.7,28,83,953,29,8,10,47,8.686524267,112,850,84.4930525,11.20267859,8.023612774,9.376493373,486,24,467,23,510,490
23,1000,80,7.7,28,76,951,22,18,9,49,8.664537575,118,836,83.9238545,11.45138455,8.052626074,9.319523592,498,19,453,30,517,483
20,1000,80,7.7,28,84,932,39,22,7,68,8.915434439,123,843,84.38965174,11.35002903,8.365822379,9.426849522,455,27,477,41,482,518
19,1000,80,7.7,28,87,954,30,7,9,46,8.450473512,114,827,84.41411486,11.25576096,7.726618279,9.314020106,527,17,427,29,544,456
24,1000,80,7.7,28,35,949,33,7,11,51,8.091117233,101,823,81.99351595,9.942920504,7.138835353,9.082267761,493,17,456,34,510,490
22,1000,80,7.7,28,79,953,23,12,12,47,8.626095186,115,853,84.01467744,11.63746905,8.363640579,8.862603711,454,20,499,27,474,526
21,1000,80,7.7,28,74,953,32,7,8,47,8.280765861,94,834,83.8191928,10.92912705,8.066351966,8.50753282,492,22,461,25,514,486
18,1000,80,7.7,28,89,962,20,8,10,38,8.684394116,108,846,84.5946374,11.33749518,8.165912774,9.192608501,482,13,480,25,495,505
17,1000,80,7.7,28,84,954,29,7,10,46,8.714239354,115,833,84.5574405,11.24178326,8.078118418,9.37632441,486,24,468,22,510,490
23,1000,80,7.7,28,77,951,22,18,9,49,8.681051603,125,842,84.019626,11.48199044,8.096798599,9.306432148,498,19,453,30,517,483
20,1000,80,7.7,28,85,933,37,22,8,67,8.937418118,109,869,84.43711653,11.37243603,8.376735698,9.459134193,456,26,477,41,482,518
19,1000,80,7.7,28,88,954,28,9,9,46,8.467759122,110,837,84.46135879,11.29928929,7.730765151,9.346979999,527,17,427,29,544,456
22,1000,80,7.7,28,80,953,23,12,12,47,8.624125565,114,851,84.06408135,11.66159175,8.360723183,8.861488168,454,20,499,27,474,526
24,1000,80,7.7,28,36,949,33,7,11,51,8.113357167,111,835,82.03392613,9.971324552,7.16795298,9.097349279,493,17,456,34,510,490
18,1000,80,7.7,28,90,961,21,8,10,39,8.732990978,117,839,84.64127579,11.38014391,8.222254855,9.233613515,482,13,479,26,495,505
21,1000,80,7.7,28,75,952,33,7,8,48,8.283406217,129,837,83.87598828,10.9507847,8.089883475,8.488078417,491,23,461,25,514,486
23,1000,80,7.7,28,78,952,21,18,9,48,8.676764238,109,841,84.0507694,11.49834451,8.13052984,9.261449919,498,19,454,29,517,483
17,1000,80,7.7,28,85,953,30,7,10,47,8.740974438,141,855,84.5893345,11.28466979,8.116896191,9.390525266,486,24,467,23,510,490
19,1000,80,7.7,28,89,954,28,9,9,46,8.512962533,115,844,84.5362365,11.34948795,7.763664572,9.406861855,527,17,427,29,544,456
20,1000,80,7.7,28,86,933,37,22,8,67,8.951040824,116,842,84.50205212,11.40226842,8.429963981,9.435903833,455,27,478,40,482,518
22,1000,80,7.7,28,81,955,21,12,12,45,8.619792332,130,829,84.1109455,11.69624368,8.367504213,8.847139421,456,18,499,27,474,526
18,1000,80,7.7,28,91,960,22,8,10,40,8.739020562,105,848,84.66439985,11.4025379,8.216415497,9.251277013,482,13,478,27,495,505
24,1000,80,7.7,28,37,949,33,7,11,51,8.170277814,93,789,82.08343615,9.998728922,7.236576426,9.142089462,493,17,456,34,510,490
23,1000,80,7.7,28,79,951,22,18,9,49,8.733637871,137,860,84.10899519,11.5163599,8.171009491,9.335871561,497,20,454,29,517,483
21,1000,80,7.7,28,76,951,33,9,7,49,8.323169396,122,847,83.91657685,10.96757278,8.146047773,8.510495557,490,24,461,25,514,486
17,1000,80,7.7,28,86,953,31,6,10,47,8.752332485,108,841,84.64301194,11.3214986,8.139190217,9.390500968,486,24,467,23,510,490
19,1000,80,7.7,28,90,955,27,9,9,45,8.492711034,100,841,84.57857235,11.38990357,7.730552215,9.401953133,528,16,427,29,544,456
20,1000,80,7.7,28,87,934,37,21,8,66,8.957790633,117,856,84.51276433,11.43098156,8.414615445,9.463216194,456,26,478,40,482,518
22,1000,80,7.7,28,82,957,20,11,12,43,8.638433068,131,861,84.14113892,11.71738967,8.375175793,8.875664909,457,17,500,26,474,526
18,1000,80,7.7,28,92,960,23,8,9,40,8.711537359,119,849,84.72192145,11.44147094,8.220942368,9.192417597,482,13,478,27,495,505
23,1000,80,7.7,28,80,951,22,17,10,49,8.739575455,131,860,84.15886065,11.54623277,8.185146315,9.333032733,496,21,455,28,517,483
21,1000,80,7.7,28,77,952,32,9,7,48,8.323314681,119,844,83.9906846,11.0116055,8.145746884,8.511112721,491,23,461,25,514,486
24,1000,80,7.7,28,38,949,33,8,10,51,8.170336683,103,850,82.12503549,10.02724999,7.248111232,9.13020399,493,17,456,34,510,490
17,1000,80,7.7,28,87,952,32,6,10,48,8.765975496,127,844,84.752379,11.34663383,8.137786808,9.419804539,486,24,466,24,510,490
19,1000,80,7.7,28,91,955,27,9,9,45,8.522996533,114,838,84.63319235,11.41641657,7.739511342,9.457680621,528,16,427,29,544,456
20,1000,80,7.7,28,88,933,36,22,9,67,8.965935742,127,842,84.54176049,11.45980056,8.450393041,9.44564922,456,26,477,41,482,518
22,1000,80,7.7,28,83,957,21,11,11,43,8.63861673,135,830,84.193471,11.74606283,8.394942428,8.858201557,457,17,500,26,474,526
18,1000,80,7.7,28,93,960,23,8,9,40,8.737756125,111,850,84.79007587,11.45894329,8.243069703,9.222646777,482,13,478,27,495,505
23,1000,80,7.7,28,81,951,23,16,10,49,8.727516192,134,843,84.21158723,11.59597903,8.13147637,9.36551327,496,21,455,28,517,483
21,1000,80,7.7,28,78,953,32,7,8,47,8.298656924,127,836,84.05601121,11.06267488,8.130999003,8.47597415,492,22,461,25,514,486
17,1000,80,7.7,28,88,954,32,4,10,46,8.755767426,103,868,84.85197473,11.33418349,8.16141412,9.37438005,487,23,467,23,510,490
19,1000,80,7.7,28,92,955,27,9,9,45,8.550683249,113,841,84.68331783,11.46854481,7.797833427,9.448819879,528,16,427,29,544,456
24,1000,80,7.7,28,39,950,32,8,10,50,8.195757143,116,836,82.19291961,10.05581644,7.269722715,9.159588895,494,16,456,34,510,490
20,1000,80,7.7,28,89,933,36,22,9,67,8.968894642,120,826,84.61658617,11.50333264,8.418700115,9.480851711,455,27,478,40,482,518
22,1000,80,7.7,28,84,956,22,11,11,44,8.659752023,103,856,84.24020585,11.80393159,8.39673963,8.89676319,456,18,500,26,474,526
18,1000,80,7.7,28,94,960,23,8,9,40,8.734913197,121,830,84.82719046,11.48137875,8.229036894,9.230772148,482,13,478,27,495,505
23,1000,80,7.7,28,82,952,23,14,11,48,8.712910238,138,859,84.27639336,11.64304161,8.129968564,9.336887145,496,21,456,27,517,483
21,1000,80,7.7,28,79,951,34,7,8,49,8.352610948,106,848,84.0964577,11.08854662,8.181858727,8.533200746,492,22,459,27,514,486
19,1000,80,7.7,28,93,954,27,10,9,46,8.588292681,137,854,84.7439807,11.52073952,7.815966588,9.509664159,528,16,426,30,544,456
17,1000,80,7.7,28,89,954,32,4,10,46,8.78095815,114,844,84.88631893,11.37015347,8.207280195,9.378051533,487,23,467,23,510,490
20,1000,80,7.7,28,90,932,38,22,8,68,8.988191076,116,848,84.7028542,11.52395137,8.466736792,9.473405294,454,28,478,40,482,518
22,1000,80,7.7,28,85,956,22,11,11,44,8.674002294,119,868,84.30002172,11.83608214,8.405478072,8.915980396,456,18,500,26,474,526
24,1000,80,7.7,28,40,951,32,7,10,49,8.189801472,97,824,82.28062454,10.1079636,7.302765375,9.113043125,493,17,458,32,510,490
18,1000,80,7.7,28,95,959,24,7,10,41,8.734164671,140,859,84.90056508,11.52087718,8.204059439,9.253772769,481,14,478,27,495,505
23,1000,80,7.7,28,83,953,23,13,11,47,8.685564112,128,846,84.3169215,11.67437264,8.124611223,9.286004368,496,21,457,26,517,483
19,1000,80,7.7,28,94,954,27,10,9,46,8.611642429,111,860,84.8141901,11.53084274,7.822529426,9.553040397,528,16,426,30,544,456
21,1000,80,7.7,28,80,948,37,6,9,52,8.411349217,115,831,84.12818078,11.12590035,8.255937109,8.57571511,491,23,457,29,514,486
17,1000,80,7.7,28,90,953,33,4,10,47,8.785737718,128,847,84.97533753,11.40328457,8.245014195,9.34853159,486,24,467,23,510,490
20,1000,80,7.7,28,91,933,37,21,9,67,8.997362939,128,840,84.75988479,11.56652141,8.493913624,9.465823499,454,28,479,39,482,518
22,1000,80,7.7,28,86,959,19,10,12,41,8.641355835,118,846,84.35826392,11.88025862,8.380459264,8.876460349,456,18,503,23,474,526
24,1000,80,7.7,28,41,951,32,8,9,49,8.234168369,123,819,82.34608568,10.14543611,7.362759872,9.14114456,493,17,458,32,510,490
18,1000,80,7.7,28,96,955,27,8,10,45,8.776157361,114,863,84.90655156,11.5505902,8.303040035,9.239906027,477,18,478,27,495,505
23,1000,80,7.7,28,84,954,23,13,10,46,8.706178222,128,854,84.40536764,11.69172085,8.12987109,9.323053558,497,20,457,26,517,483
19,1000,80,7.7,28,95,955,26,10,9,45,8.618964578,123,861,84.89148354,11.56663103,7.831939509,9.557871678,528,16,427,29,544,456
20,1000,80,7.7,28,92,935,37,20,8,65,8.963638386,131,839,84.78542483,11.59998236,8.448074175,9.443371881,455,27,480,38,482,518
21,1000,80,7.7,28,81,947,39,5,9,53,8.410376865,128,829,84.15935567,11.17454581,8.238602635,8.592047553,492,22,455,31,514,486
17,1000,80,7.7,28,91,953,33,4,10,47,8.797728519,128,852,85.03982555,11.46372286,8.264766669,9.352443914,486,24,467,23,510,490
22,1000,80,7.7,28,87,961,18,9,12,39,8.67746742,118,857,84.38041931,11.89701737,8.407538623,8.92071124,458,16,503,23,474,526
18,1000,80,7.7,28,97,955,27,8,10,45,8.796082112,110,850,84.9533744,11.58227819,8.332312486,9.25066818,477,18,478,27,495,505
23,1000,80,7.7,28,85,954,23,13,10,46,8.690791906,127,841,84.44070837,11.72571539,8.127901983,9.29330555,497,20,457,26,517,483
24,1000,80,7.7,28,42,950,33,8,9,50,8.231571725,116,810,82.3904535,10.14945075,7.36016841,9.138542523,493,17,457,33,510,490
19,1000,80,7.7,28,96,953,27,11,9,47,8.662130989,114,843,84.9277758,11.59322604,7.870134507,9.606968897,527,17,426,30,544,456
20,1000,80,7.7,28,93,933,39,20,8,67,9.023005233,107,826,84.84364753,11.6149023,8.495584083,9.513771632,455,27,478,40,482,518
22,1000,80,7.7,28,88,962,17,9,12,38,8.698037973,133,846,84.43304168,11.93044101,8.437872388,8.932483767,459,15,503,23,474,526
21,1000,80,7.7,28,82,946,39,6,9,54,8.441846128,99,849,84.18660335,11.21342224,8.264329666,8.629589877,491,23,455,31,514,486
17,1000,80,7.7,28,92,952,34,4,10,48,8.822652065,120,857,85.09910608,11.48505567,8.288659768,9.378439965,485,25,467,23,510,490
18,1000,80,7.7,28,98,955,27,8,10,45,8.792398197,121,852,84.98966534,11.621775,8.333951124,9.24176711,477,18,478,27,495,505
23,1000,80,7.7,28,86,953,24,13,10,47,8.706048628,134,848,84.48093976,11.78007298,8.114425448,9.339318159,497,20,456,27,517,483
19,1000,80,7.7,28,97,952,28,10,10,48,8.723028667,114,870,84.98280758,11.62663055,7.926684439,9.67305336,527,17,425,31,544,456
24,1000,80,7.7,28,43,949,34,8,9,51,8.299393229,106,848,82.43919138,10.19775241,7.467384608,9.165361385,492,18,457,33,510,490
20,1000,80,7.7,28,94,931,40,21,8,69,9.053791035,128,857,84.89410325,11.66303578,8.509109949,9.560617838,455,27,476,42,482,518
22,1000,80,7.7,28,89,962,17,9,12,38,8.689446431,150,878,84.5063664,11.94465485,8.434734311,8.918977886,459,15,503,23,474,526
21,1000,80,7.7,28,83,947,37,7,9,53,8.449208811,123,831,84.23088283,11.23079486,8.28944054,8.618181839,491,23,456,30,514,486
17,1000,80,7.7,28,93,950,36,4,10,50,8.849235684,108,847,85.14926946,11.53272678,8.275443368,9.446448095,485,25,465,25,510,490
18,1000,80,7.7,28,99,955,28,8,9,45,8.843934903,134,853,85.06199979,11.64950132,8.392143638,9.286779805,477,18,478,27,495,505
23,1000,80,7.7,28,87,953,23,14,10,47,8.739369878,101,856,84.58553153,11.82542124,8.131913554,9.389587102,497,20,456,27,517,483
19,1000,80,7.7,28,98,952,28,10,10,48,8.701797361,120,844,85.03206537,11.62957536,7.909253171,9.647288675,527,17,425,31,544,456
20,1000,80,7.7,28,95,930,41,21,8,70,9.069797772,131,843,84.91822919,11.69653485,8.558707222,9.545368515,455,27,475,43,482,518
22,1000,80,7.7,28,90,960,17,10,13,40,8.715760017,112,857,84.53779004,11.99355888,8.4390263,8.965136028,459,15,501,25,474,526
24,1000,80,7.7,28,44,950,33,8,9,50,8.315075749,96,817,82.48817821,10.21195045,7.484723959,9.179319448,492,18,458,32,510,490
17,1000,80,7.7,28,94,947,38,5,10,53,8.898498368,137,870,85.22782511,11.56722163,8.365743109,9.452998741,484,26,463,27,510,490
21,1000,80,7.7,28,84,945,37,9,9,55,8.495328129,105,864,84.30818523,11.29134701,8.353197859,8.645646975,491,23,454,32,514,486
18,1000,80,7.7,28,100,955,28,8,9,45,8.909374137,116,871,85.13294645,11.6832702,8.445332078,9.364227244,477,18,478,27,495,505
23,1000,80,7.7,28,88,953,23,13,11,47,8.733699693,146,850,84.6201749,11.85774067,8.100539877,9.411429766,497,20,456,27,517,483
19,1000,80,7.7,28,99,951,29,10,10,49,8.708397022,126,860,85.07724816,11.65062256,7.944789341,9.619367588,527,17,424,32,544,456
20,1000,80,7.7,28,96,929,42,21,8,71,9.105273253,118,849,84.98048452,11.70365368,8.568296074,9.604931554,455,27,474,44,482,518
22,1000,80,7.7,28,91,960,18,10,12,40,8.696697845,113,859,84.61437559,12.01928774,8.425215024,8.941342061,460,14,500,26,474,526
24,1000,80,7.7,28,45,949,34,8,9,51,8.33405325,109,822,82.53058112,10.23489187,7.486633376,9.21606169,492,18,457,33,510,490
21,1000,80,7.7,28,85,945,35,11,9,55,8.510488087,117,828,84.35737048,11.32691768,8.390579103,8.637305408,490,24,455,31,514,486
17,1000,80,7.7,28,95,944,41,5,10,56,8.920014744,129,834,85.28715202,11.59899542,8.396884236,9.464497517,482,28,462,28,510,490
18,1000,80,7.7,28,101,956,27,7,10,44,8.909512888,122,853,85.19048309,11.72046373,8.47144048,9.338910595,478,17,478,27,495,505
23,1000,80,7.7,28,89,953,23,13,11,47,8.750068907,125,848,84.68451571,11.88906658,8.111382983,9.433714089,497,20,456,27,517,483
19,1000,80,7.7,28,100,951,29,10,10,49,8.698505251,111,854,85.15580959,11.68548968,7.929749685,9.615617155,528,16,423,33,544,456
20,1000,80,7.7,28,97,930,40,22,8,70,9.101434564,140,853,85.01424444,11.74362998,8.543025085,9.621035663,456,26,474,44,482,518
22,1000,80,7.7,28,92,959,18,10,13,41,8.735763833,129,851,84.65264288,12.0619168,8.501816252,8.946583516,459,15,500,26,474,526
18,1000,80,7.7,28,102,954,29,6,11,46,8.91344972,123,848,85.22691536,11.74320412,8.481001485,9.337334624,476,19,478,27,495,505
21,1000,80,7.7,28,86,946,34,10,10,54,8.51287611,116,847,84.42245126,11.33623941,8.366694462,8.667479747,491,23,455,31,514,486
17,1000,80,7.7,28,96,944,40,6,10,56,8.901019961,122,849,85.36484966,11.627564,8.386078005,9.436979955,483,27,461,29,510,490
24,1000,80,7.7,28,46,949,34,8,9,51,8.332360226,99,817,82.57245242,10.26023216,7.47564291,9.224045596,492,18,457,33,510,490
23,1000,80,7.7,28,90,953,23,13,11,47,8.763034087,116,856,84.74334233,11.94088723,8.118087515,9.453380625,497,20,456,27,517,483
19,1000,80,7.7,28,101,950,30,10,10,50,8.703210579,122,829,85.21878522,11.71335795,7.922570294,9.634500744,528,16,422,34,544,456
22,1000,80,7.7,28,93,959,18,11,12,41,8.719314407,131,871,84.70316465,12.08947789,8.463906073,8.949473247,459,15,500,26,474,526
20,1000,80,7.7,28,98,931,39,22,8,69,9.122510144,124,843,85.06930974,11.73661381,8.599832627,9.608862583,456,26,475,43,482,518
18,1000,80,7.7,28,103,954,29,6,11,46,8.89501774,131,852,85.265406,11.77446063,8.472597666,9.309073061,476,19,478,27,495,505
23,1000,80,7.7,28,91,951,25,13,11,49,8.78532121,133,858,84.78256863,11.96271707,8.156474502,9.45843456,495,22,456,27,517,483
21,1000,80,7.7,28,87,945,35,10,10,55,8.488081014,122,853,84.48529136,11.3613755,8.316471299,8.669577708,490,24,455,31,514,486
17,1000,80,7.7,28,97,945,39,5,11,55,8.912966873,120,860,85.43653224,11.66619636,8.383704583,9.463831706,483,27,462,28,510,490
24,1000,80,7.7,28,47,951,32,8,9,49,8.316698872,106,834,82.65362697,10.28683371,7.450305366,9.218455377,493,17,458,32,510,490
19,1000,80,7.7,28,102,950,31,10,9,50,8.683160435,121,843,85.28533535,11.7263759,7.91840574,9.59549937,528,16,422,34,544,456
22,1000,80,7.7,28,94,962,16,10,12,38,8.717344516,147,847,84.73624941,12.123507,8.475474592,8.935303346,461,13,501,25,474,526
20,1000,80,7.7,28,99,930,40,23,7,70,9.16730063,124,851,85.17176445,11.74717267,8.674781044,9.625591055,455,27,475,43,482,518
18,1000,80,7.7,28,104,954,29,6,11,46,8.932176216,120,852,85.29595857,11.79378984,8.487473934,9.368072512,476,19,478,27,495,505
25,1000,80,7.7,28,0,950,26,15,9,50,7.208,96,801,80.18903942,8.647687107,6.420634921,8.008064516,485,19,465,31,504,496
23,1000,80,7.7,28,92,949,27,13,11,51,8.806743451,119,853,84.83117984,12.00632733,8.151725103,9.507870753,496,21,453,30,517,483
17,1000,80,7.7,28,98,944,40,5,11,56,8.925926553,108,846,85.49391856,11.71204433,8.409605944,9.463321473,482,28,462,28,510,490
21,1000,80,7.7,28,88,946,34,10,10,54,8.509261497,97,847,84.53558503,11.39990627,8.379056545,8.646967969,490,24,456,30,514,486
19,1000,80,7.7,28,103,950,31,10,9,50,8.694547447,111,863,85.32925557,11.76866279,7.92557034,9.611923646,528,16,422,34,544,456
24,1000,80,7.7,28,48,951,31,9,9,49,8.309035961,103,844,82.68614507,10.33658855,7.45311241,9.199895168,493,17,458,32,510,490
22,1000,80,7.7,28,95,961,16,11,12,39,8.718461599,130,835,84.76964302,12.14370017,8.507394785,8.908662491,460,14,501,25,474,526
20,1000,80,7.7,28,100,931,39,23,7,69,9.165764768,118,846,85.20740347,11.7775054,8.658752265,9.63754088,456,26,475,43,482,518
23,1000,80,7.7,28,93,948,28,13,11,52,8.844922996,121,859,84.89680599,12.02735078,8.207636915,9.527069795,496,21,452,31,517,483
25,1000,80,7.7,28,1,952,25,14,9,48,7.214220629,93,801,80.25481077,8.673733814,6.454924672,7.985763294,484,20,468,28,504,496
17,1000,80,7.7,28,99,945,39,5,11,55,8.911168856,135,850,85.5954806,11.73236946,8.399095248,9.444143427,482,28,463,27,510,490
21,1000,80,7.7,28,89,944,37,10,9,56,8.507146252,116,848,84.59270736,11.42804878,8.369040886,8.653208306,490,24,454,32,514,486
19,1000,80,7.7,28,104,951,31,9,9,49,8.699116946,144,838,85.39577182,11.78346077,7.921803683,9.626438033,529,15,422,34,544,456
26,1000,80,7.7,28,0,947,34,7,12,53,7.073,98,808,79.96212656,8.866276819,6.23960396,7.923232323,484,21,463,32,505,495
22,1000,80,7.7,28,96,959,18,11,12,41,8.716073531,119,859,84.86554711,12.17767365,8.498210209,8.912399034,459,15,500,26,474,526
20,1000,80,7.7,28,101,929,41,23,7,71,9.220165319,95,841,85.25372011,11.79611927,8.711407993,9.693564993,455,27,474,44,482,518
24,1000,80,7.7,28,49,951,31,9,9,49,8.347871324,104,825,82.73680983,10.35495109,7.509086795,9.220891956,492,18,459,31,510,490
23,1000,80,7.7,28,94,948,28,13,11,52,8.848985805,119,841,84.9715832,12.08197273,8.226774612,9.514996543,496,21,452,31,517,483
25,1000,80,7.7,28,2,950,26,15,9,50,7.22294037,87,799,80.33378041,8.710995979,6.482156728,7.975672136,483,21,467,29,504,496
17,1000,80,7.7,28,100,945,39,5,11,55,8.963524893,137,857,85.65601765,11.76150829,8.43880401,9.509662955,482,28,463,27,510,490
21,1000,80,7.7,28,90,943,37,11,9,57,8.556733851,113,855,84.64048915,11.45800201,8.446524262,8.673292964,490,24,453,33,514,486
26,1000,80,7.7,28,1,949,32,7,12,51,7.100967323,73,807,80.00830534,8.915577263,6.252740312,7.966330233,486,19,463,32,505,495
22,1000,80,7.7,28,97,958,19,11,12,42,8.756857261,137,889,84.92836092,12.21305,8.505413214,8.98344372,459,15,499,27,474,526
20,1000,80,7.7,28,102,932,40,21,7,68,9.185807767,141,890,85.31855168,11.81912936,8.681760173,9.654825026,456,26,476,42,482,518
24,1000,80,7.7,28,50,952,31,8,9,48,8.344750404,129,835,82.80433032,10.37830162,7.522070069,9.201009528,493,17,459,31,510,490
23,1000,80,7.7,28,95,948,28,12,12,52,8.833080048,136,859,85.0218635,12.11641172,8.212113752,9.497758258,496,21,452,31,517,483
17,1000,80,7.7,28,101,945,38,6,11,55,8.99067645,116,859,85.70064302,11.78859805,8.472937853,9.529547235,483,27,462,28,510,490
25,1000,80,7.7,28,3,951,25,15,9,49,7.23309602,121,794,80.356283,8.735875526,6.485638991,7.992608807,483,21,468,28,504,496
21,1000,80,7.7,28,91,943,37,11,9,57,8.586409597,108,866,84.66963214,11.49034164,8.47490211,8.704341384,490,24,453,33,514,486
22,1000,80,7.7,28,98,959,18,11,12,41,8.766508058,109,860,84.96673197,12.22056451,8.55012946,8.961495616,459,15,500,26,474,526
26,1000,80,7.7,28,2,949,32,7,12,51,7.140494471,97,797,80.09644934,8.964764846,6.301744159,7.996189233,486,19,463,32,505,495
20,1000,80,7.7,28,103,928,44,21,7,72,9.22033492,107,855,85.36220927,11.86438857,8.736714268,9.670344871,455,27,473,45,482,518
23,1000,80,7.7,28,96,948,28,11,13,52,8.840829074,124,838,85.10513816,12.17952419,8.253576944,9.469419863,496,21,452,31,517,483
24,1000,80,7.7,28,51,951,32,8,9,49,8.338326058,116,837,82.83508552,10.38493621,7.559727898,9.148703735,493,17,458,32,510,490
17,1000,80,7.7,28,102,942,41,6,11,58,9.03439696,117,850,85.74840727,11.83715829,8.504620106,9.58579736,483,27,459,31,510,490
25,1000,80,7.7,28,4,951,25,15,9,49,7.281423036,104,796,80.37792019,8.783970195,6.501122867,8.074308692,483,21,468,28,504,496
21,1000,80,7.7,28,92,943,37,11,9,57,8.584343393,117,849,84.70442715,11.51557834,8.496711236,8.677024316,490,24,453,33,514,486
22,1000,80,7.7,28,99,958,19,12,11,42,8.754120485,147,868,85.0461011,12.26787822,8.556249394,8.932430175,459,15,499,27,474,526
26,1000,80,7.7,28,3,949,32,7,12,51,7.182429657,90,804,80.15217397,8.991916523,6.341359287,8.040491348,487,18,462,33,505,495
20,1000,80,7.7,28,104,926,46,21,7,74,9.256370252,119,847,85.39497062,11.90975289,8.788834531,9.691413142,453,29,473,45,482,518
27,1000,80,7.7,28,0,954,27,8,11,46,6.644,89,820,80.14127195,8.653659785,6.118110236,7.18699187,490,18,464,28,508,492
23,1000,80,7.7,28,97,947,29,11,13,53,8.8599225,136,869,85.15636408,12.20358538,8.288489002,9.471581129,495,22,452,31,517,483
24,1000,80,7.7,28,52,949,34,8,9,51,8.372590528,100,811,82.88199535,10.40294234,7.624184854,9.151543372,491,19,458,32,510,490
17,1000,80,7.7,28,103,942,41,5,12,58,9.041498828,117,869,85.80073021,11.85825577,8.50830328,9.59645746,483,27,459,31,510,490
22,1000,80,7.7,28,100,959,20,11,10,41,8.747571383,140,831,85.08234864,12.28804916,8.577275723,8.901031731,458,16,501,25,474,526
26,1000,80,7.7,28,4,948,33,7,12,52,7.220076399,98,792,80.20726027,9.055997362,6.396978834,8.059802198,486,19,462,33,505,495
25,1000,80,7.7,28,5,952,24,15,9,48,7.304667724,68,815,80.43168121,8.808214913,6.510030391,8.112121789,484,20,468,28,504,496
21,1000,80,7.7,28,93,943,37,11,9,57,8.618770051,119,826,84.77186571,11.54478153,8.553650221,8.687641642,490,24,453,33,514,486
27,1000,80,7.7,28,1,954,27,8,11,46,6.658415031,99,797,80.2044736,8.665873455,6.105477359,7.229334415,491,17,463,29,508,492
23,1000,80,7.7,28,98,947,29,11,13,53,8.868543432,102,846,85.22235815,12.23020787,8.330436753,9.444529257,495,22,452,31,517,483
22,1000,80,7.7,28,101,959,20,10,11,41,8.759144831,136,847,85.1440146,12.29983172,8.553632121,8.944340696,458,16,501,25,474,526
17,1000,80,7.7,28,104,943,40,5,12,57,9.052372222,126,878,85.79546007,11.89140812,8.549968813,9.575281892,484,26,459,31,510,490
26,1000,80,7.7,28,5,948,33,7,12,52,7.245473654,90,789,80.25823165,9.085074458,6.431423044,8.075969732,486,19,462,33,505,495
28,1000,80,7.7,28,0,949,27,12,12,51,6.948,93,817,79.87906119,8.681766662,6.506024096,7.386454183,480,18,469,33,498,502
24,1000,80,7.7,28,53,949,34,8,9,51,8.376334943,109,842,82.94764116,10.43903386,7.643156012,9.139439545,491,19,458,32,510,490
25,1000,80,7.7,28,6,954,23,15,8,46,7.322554721,84,815,80.49995491,8.815190741,6.525225083,8.132744515,486,18,468,28,504,496
21,1000,80,7.7,28,94,943,37,11,9,57,8.647962885,129,853,84.82515787,11.56697549,8.576056638,8.724011878,490,24,453,33,514,486
23,1000,80,7.7,28,99,948,28,11,13,52,8.873192371,140,861,85.26328117,12.27659995,8.351445569,9.431666691,495,22,453,30,517,483
27,1000,80,7.7,28,2,954,28,8,10,46,6.686742961,95,800,80.28247965,8.702126736,6.12745298,7.264221234,491,17,463,29,508,492
22,1000,80,7.7,28,102,959,20,10,11,41,8.806282387,108,843,85.21034112,12.32470015,8.601210382,8.991081114,458,16,501,25,474,526
26,1000,80,7.7,28,6,948,34,7,11,52,7.257023041,100,814,80.28482133,9.147023477,6.492332917,8.037161449,485,20,463,32,505,495
28,1000,80,7.7,28,1,951,26,11,12,49,6.956726403,65,799,79.95439105,8.706264717,6.495672217,7.414106851,481,17,470,32,498,502
25,1000,80,7.7,28,7,954,23,16,7,46,7.32296909,100,802,80.56709859,8.832748466,6.525363968,8.133438812,485,19,469,27,504,496
21,1000,80,7.7,28,95,943,36,12,9,57,8.647718218,124,850,84.84655892,11.59722896,8.608630288,8.689058127,491,23,452,34,514,486
24,1000,80,7.7,28,54,948,34,9,9,52,8.397617673,119,852,83.03104246,10.48070645,7.692075814,9.13195716,491,19,457,33,510,490
23,1000,80,7.7,28,100,949,27,10,14,51,8.87342479,134,861,85.35145464,12.30400677,8.360283239,9.422688106,495,22,454,29,517,483
27,1000,80,7.7,28,3,954,28,7,11,46,6.715920266,97,821,80.35428107,8.713215991,6.169727064,7.279875849,491,17,463,29,508,492
22,1000,80,7.7,28,103,959,20,10,11,41,8.81071823,106,853,85.23289804,12.3337409,8.580444186,9.01822754,458,16,501,25,474,526
26,1000,80,7.7,28,7,948,34,8,10,52,7.289416109,93,786,80.31411817,9.161208842,6.535910029,8.058144534,485,20,463,32,505,495
28,1000,80,7.7,28,2,952,25,11,12,48,6.991408507,83,786,80.01196573,8.745515537,6.504010127,7.474923235,481,17,471,31,498,502
25,1000,80,7.7,28,8,954,24,15,7,46,7.345824455,88,829,80.58881275,8.86663507,6.567137601,8.137070775,484,20,470,26,504,496
21,1000,80,7.7,28,96,942,37,13,8,58,8.661715869,120,867,84.90104509,11.62452041,8.614014959,8.712164979,490,24,452,34,514,486
23,1000,80,7.7,28,101,947,30,10,13,53,8.889685444,135,873,85.39032924,12.34716647,8.36895989,9.447066627,493,24,454,29,517,483
24,1000,80,7.7,28,55,948,35,8,9,52,8.395239894,102,829,83.07419666,10.50649839,7.72179174,9.096175727,490,20,458,32,510,490
27,1000,80,7.7,28,4,954,28,7,11,46,6.763788169,90,804,80.41145795,8.720945539,6.244961505,7.299487246,492,16,462,30,508,492
22,1000,80,7.7,28,104,959,19,10,12,41,8.871279453,105,861,85.25501371,12.39379877,8.693280697,9.031681373,458,16,501,25,474,526
26,1000,80,7.7,28,8,948,34,8,10,52,7.303841675,102,787,80.37973676,9.168511566,6.558845941,8.063887828,485,20,463,32,505,495
29,1000,80,7.7,28,0,951,24,12,13,49,7.039,97,819,80.03482487,8.738987678,6.096907216,7.926213592,471,14,480,35,485,515
23,1000,80,7.7,28,102,948,29,10,13,52,8.841453623,126,845,85.4465459,12.37165452,8.329373867,9.389580401,493,24,455,28,517,483
25,1000,80,7.7,28,9,954,25,14,7,46,7.371693718,95,813,80.65241615,8.892040082,6.608933231,8.146756795,485,19,469,27,504,496
28,1000,80,7.7,28,3,953,24,11,12,47,6.999563128,86,816,80.07872977,8.752799306,6.498262215,7.496869611,481,17,472,30,498,502
21,1000,80,7.7,28,97,941,39,11,9,59,8.737113326,120,853,84.97999337,11.6605533,8.679054192,8.798517431,490,24,451,35,514,486
24,1000,80,7.7,28,56,949,34,9,8,51,8.390907318,112,805,83.09429804,10.52899507,7.725333239,9.083647686,490,20,459,31,510,490
27,1000,80,7.7,28,5,954,28,7,11,46,6.782378562,102,832,80.47429298,8.748419006,6.249718585,7.332360814,492,16,462,30,508,492
26,1000,80,7.7,28,9,949,32,9,10,51,7.327680955,92,807,80.42943404,9.18290708,6.59847854,8.071614732,485,20,464,31,505,495
29,1000,80,7.7,28,1,949,26,12,13,51,7.090459463,93,804,80.07797864,8.754190829,6.140498339,7.985083045,469,16,480,35,485,515
23,1000,80,7.7,28,103,947,30,10,13,53,8.852126604,116,855,85.49356541,12.40119866,8.300638894,9.442435394,493,24,454,29,517,483
25,1000,80,7.7,28,10,955,25,13,7,45,7.423763518,88,810,80.68073054,8.897615406,6.64500352,8.215084161,485,19,470,26,504,496
28,1000,80,7.7,28,4,953,24,11,12,47,7.006026634,91,792,80.12924122,8.769890579,6.512322244,7.495797124,481,17,472,30,498,502
21,1000,80,7.7,28,98,942,36,12,10,58,8.706190709,123,821,85.05468608,11.68677982,8.673169636,8.74111423,491,23,451,35,514,486
27,1000,80,7.7,28,6,955,27,7,11,45,6.800709193,74,806,80.57275823,8.78380928,6.267823149,7.350924865,492,16,463,29,508,492
26,1000,80,7.7,28,10,949,32,9,10,51,7.355859645,97,804,80.45110394,9.221955487,6.626077199,8.10038517,485,20,464,31,505,495
24,1000,80,7.7,28,57,949,33,10,8,51,8.396085352,126,851,83.1708542,10.55775019,7.749097905,9.069480449,490,20,459,31,510,490
29,1000,80,7.7,28,2,949,26,12,13,51,7.111718982,86,809,80.12892263,8.782108996,6.186429833,7.983107792,469,16,480,35,485,515
23,1000,80,7.7,28,104,947,31,10,12,53,8.835447719,128,873,85.56269571,12.44285642,8.330692468,9.375734397,493,24,454,29,517,483
30,1000,80,7.7,28,0,949,23,14,14,51,7.163,86,811,80.23731251,8.765527213,6.791666667,7.540322581,480,24,469,27,504,496
28,1000,80,7.7,28,5,954,22,12,12,46,7.046955892,78,837,80.19945459,8.800124654,6.546826154,7.543100532,482,16,472,30,498,502
25,1000,80,7.7,28,11,954,27,12,7,46,7.420673312,99,809,80.71898376,8.930965015,6.665751111,8.187771677,485,19,469,27,504,496
21,1000,80,7.7,28,99,941,36,13,10,59,8.707642165,129,867,85.08898122,11.71588721,8.655981697,8.762278956,491,23,450,36,514,486
27,1000,80,7.7,28,7,955,26,8,11,45,6.860790444,91,807,80.61541677,8.826476203,6.318927564,7.42027488,492,16,463,29,508,492
26,1000,80,7.7,28,11,949,32,9,10,51,7.385258748,105,787,80.51281909,9.245708498,6.687420825,8.097194407,485,20,464,31,505,495
24,1000,80,7.7,28,58,950,32,9,9,50,8.378260352,104,840,83.21349612,10.60869212,7.72669162,9.056423727,491,19,459,31,510,490
29,1000,80,7.7,28,3,950,25,12,13,50,7.118835966,107,815,80.18104298,8.81342424,6.197143,7.986838079,469,16,481,34,485,515
30,1000,80,7.7,28,1,950,22,14,14,50,7.168377553,92,821,80.26856006,8.804951924,6.803923201,7.538710201,480,24,470,26,504,496
28,1000,80,7.7,28,6,955,18,14,13,45,7.101167764,92,782,80.22887619,8.851154404,6.643003169,7.555681644,482,16,473,29,498,502
25,1000,80,7.7,28,12,955,26,12,7,45,7.432610692,107,822,80.78071814,8.945560535,6.66979951,8.207725279,485,19,470,26,504,496
21,1000,80,7.7,28,100,940,37,13,10,60,8.738125275,108,851,85.11132756,11.75941182,8.673485308,8.806489355,490,24,450,36,514,486
27,1000,80,7.7,28,8,955,25,9,11,45,6.901950828,81,812,80.66150703,8.861395113,6.34791876,7.4740002,492,16,463,29,508,492
26,1000,80,7.7,28,12,950,31,10,9,50,7.421531727,84,799,80.54131588,9.295831261,6.744645546,8.112092376,485,20,465,30,505,495
29,1000,80,7.7,28,4,951,25,11,13,49,7.126321736,85,801,80.25098177,8.849490473,6.211456059,7.987894268,470,15,481,34,485,515
24,1000,80,7.7,28,59,950,32,9,9,50,8.406970918,124,831,83.24445659,10.6322225,7.785439769,9.053870685,491,19,459,31,510,490
28,1000,80,7.7,28,7,957,19,13,11,43,7.089348727,90,810,80.24707944,8.876381532,6.612964592,7.561936973,482,16,475,27,498,502
30,1000,80,7.7,28,2,950,23,12,15,50,7.241629234,98,788,80.30770149,8.80543843,6.927843757,7.560475767,480,24,470,26,504,496
25,1000,80,7.7,28,13,957,25,11,7,43,7.432838137,103,822,80.84443641,8.973545741,6.69869156,8.178825788,485,19,472,24,504,496
26,1000,80,7.7,28,13,950,31,10,9,50,7.452042279,99,808,80.60070954,9.323009481,6.777928535,8.139774483,485,20,465,30,505,495
27,1000,80,7.7,28,9,954,26,9,11,46,6.944125343,87,815,80.70338472,8.910570169,6.395228415,7.510872577,491,17,463,29,508,492
21,1000,80,7.7,28,101,941,36,13,10,59,8.783673805,108,858,85.17193629,11.78003445,8.712840491,8.85858805,490,24,451,35,514,486
29,1000,80,7.7,28,5,952,24,11,13,48,7.172228759,100,804,80.26521861,8.854013892,6.272559317,8.019490273,470,15,482,33,485,515
28,1000,80,7.7,28,8,957,18,14,11,43,7.158023101,90,812,80.30065692,8.908935277,6.684136071,7.628134139,482,16,475,27,498,502
24,1000,80,7.7,28,60,950,32,8,10,50,8.410074255,107,826,83.32394725,10.62850433,7.766648788,9.079761986,491,19,459,31,510,490
30,1000,80,7.7,28,3,950,23,12,15,50,7.279103124,92,785,80.36217274,8.829975149,6.98932912,7.573550902,480,24,470,26,504,496
25,1000,80,7.7,28,14,958,25,11,6,42,7.431386937,91,815,80.89210717,8.983961657,6.69275188,8.181935462,485,19,473,23,504,496
26,1000,80,7.7,28,14,953,28,9,10,47,7.488648343,78,807,80.66090544,9.367112245,6.834109398,8.156410297,486,19,467,28,505,495
27,1000,80,7.7,28,10,954,26,9,11,46,6.988499422,103,798,80.76270959,8.964879687,6.419335377,7.576172868,491,17,463,29,508,492
21,1000,80,7.7,28,102,940,37,13,10,60,8.818875592,114,867,85.19546202,11.8074411,8.787684353,8.851863857,489,25,451,35,514,486
29,1000,80,7.7,28,6,951,25,11,13,49,7.181944312,104,808,80.32529288,8.88165413,6.252602145,8.057150042,470,15,481,34,485,515
28,1000,80,7.7,28,9,956,19,14,11,44,7.214502572,97,814,80.34503101,8.929706397,6.737629712,7.687575648,482,16,474,28,498,502
26,1000,80,7.7,28,15,955,27,9,9,45,7.489544709,104,826,80.69198051,9.381992733,6.828995157,8.163438696,487,18,468,27,505,495
27,1000,80,7.7,28,11,954,25,10,11,46,7.020890202,88,815,80.77912306,9.00837711,6.463824245,7.596072124,491,17,463,29,508,492
25,1000,80,7.7,28,15,961,24,10,5,39,7.409612861,104,821,80.94808257,8.999082649,6.682359576,8.148596038,485,19,476,20,504,496
30,1000,80,7.7,28,4,949,24,12,15,51,7.330625278,85,806,80.39330219,8.851941633,7.017926338,7.648367749,480,24,469,27,504,496
24,1000,80,7.7,28,61,950,32,9,9,50,8.4183335,112,840,83.39875502,10.6497665,7.765295101,9.098026528,491,19,459,31,510,490
21,1000,80,7.7,28,103,938,38,14,10,62,8.86536197,121,847,85.28408565,11.83391948,8.819577808,8.913783902,487,27,451,35,514,486
29,1000,80,7.7,28,7,951,25,11,13,49,7.204176085,94,817,80.42631001,8.916465954,6.279891399,8.074618945,470,15,481,34,485,515
28,1000,80,7.7,28,10,957,18,14,11,43,7.198121683,97,796,80.39087076,8.947891559,6.752389035,7.640302677,482,16,475,27,498,502
26,1000,80,7.7,28,16,957,26,8,9,43,7.462947317,114,801,80.74372242,9.403074293,6.837761725,8.100762921,487,18,470,25,505,495
27,1000,80,7.7,28,12,954,26,9,11,46,7.047030022,104,809,80.83561107,9.054433816,6.490660028,7.621493349,492,16,462,30,508,492
25,1000,80,7.7,28,16,961,24,10,5,39,7.460558854,93,797,80.99392202,9.017849296,6.75489591,8.177603459,485,19,476,20,504,496
30,1000,80,7.7,28,5,949,24,12,15,51,7.359346117,108,806,80.44968978,8.892563423,7.070634006,7.652714876,479,25,470,26,504,496
24,1000,80,7.7,28,62,950,32,10,8,50,8.461621663,95,824,83.44487924,10.70396995,7.807030521,9.142930812,490,20,460,30,510,490
21,1000,80,7.7,28,104,938,37,15,10,62,8.877182438,118,844,85.35382282,11.87575207,8.814842785,8.943113677,487,27,451,35,514,486
31,1000,80,7.7,28,0,931,32,21,16,69,7.431,91,785,80.23084214,8.965779525,7.072916667,7.761538462,451,29,480,40,480,520
28,1000,80,7.7,28,11,957,19,13,11,43,7.198468359,93,801,80.42748283,8.951063732,6.77164983,7.621885943,482,16,475,27,498,502
29,1000,80,7.7,28,8,951,25,11,13,49,7.248043626,99,820,80.51358905,8.951567233,6.329906777,8.112696775,470,15,481,34,485,515
26,1000,80,7.7,28,17,957,26,8,9,43,7.488219763,98,811,80.80202106,9.434670405,6.853425508,8.135838143,487,18,470,25,505,495
27,1000,80,7.7,28,13,954,27,9,10,46,7.052542859,97,814,80.87105451,9.112133833,6.464822857,7.659375706,493,15,461,31,508,492
25,1000,80,7.7,28,17,961,24,10,5,39,7.4840358,90,824,81.05050996,9.045325328,6.803115271,8.175938917,485,19,476,20,504,496
30,1000,80,7.7,28,6,950,24,11,15,50,7.377434174,90,804,80.51597983,8.930755287,7.0525201,7.707588797,480,24,470,26,504,496
31,1000,80,7.7,28,1,932,32,20,16,68,7.442248754,90,826,80.27667818,8.993913003,7.113993433,7.745253666,451,29,481,39,480,520
24,1000,80,7.7,28,63,949,33,10,8,51,8.48030316,109,839,83.5032237,10.7053649,7.839533663,9.147226513,490,20,459,31,510,490
28,1000,80,7.7,28,12,958,19,12,11,42,7.201264694,105,797,80.48290966,8.99040312,6.758708779,7.640294267,483,15,475,27,498,502
26,1000,80,7.7,28,18,957,26,8,9,43,7.503784888,84,815,80.88260155,9.452544143,6.864269931,8.15621934,487,18,470,25,505,495
29,1000,80,7.7,28,9,951,25,11,13,49,7.286088607,106,801,80.55286669,9.010190585,6.364730298,8.153775559,470,15,481,34,485,515
27,1000,80,7.7,28,14,956,27,8,9,44,7.023604708,107,827,80.90219126,9.147701741,6.482919,7.581873691,493,15,463,29,508,492
25,1000,80,7.7,28,18,960,26,9,5,40,7.520688281,97,831,81.11865197,9.10006565,6.859588197,8.192451269,484,20,476,20,504,496
30,1000,80,7.7,28,7,951,25,10,14,49,7.368798233,112,805,80.61826604,8.952698419,7.054466446,7.688199886,480,24,471,25,504,496
31,1000,80,7.7,28,2,931,33,20,16,69,7.491599851,100,800,80.31137397,9.011342725,7.113178918,7.840911482,450,30,481,39,480,520
24,1000,80,7.7,28,64,949,32,11,8,51,8.488943815,99,842,83.57353461,10.72181696,7.844576918,9.159611401,490,20,459,31,510,490
26,1000,80,7.7,28,19,958,25,9,8,42,7.504003667,112,817,80.93836887,9.479610942,6.82506595,8.196657297,488,17,470,25,505,495
28,1000,80,7.7,28,13,957,19,13,11,43,7.237264455,88,783,80.53583436,9.03963113,6.788437093,7.682515503,483,15,474,28,498,502
29,1000,80,7.7,28,10,950,26,12,12,50,7.307748099,89,802,80.59404244,9.048024127,6.390023159,8.172013334,470,15,480,35,485,515
27,1000,80,7.7,28,15,953,30,8,9,47,7.088075449,87,810,80.94790488,9.162527989,6.587909553,7.604506903,491,17,462,30,508,492
25,1000,80,7.7,28,19,959,27,9,5,41,7.521244983,81,818,81.18010915,9.134757258,6.861191723,8.191944264,483,21,476,20,504,496
30,1000,80,7.7,28,8,952,24,10,14,48,7.352983123,93,817,80.66949717,8.960680448,7.036100495,7.674976761,480,24,472,24,504,496
31,1000,80,7.7,28,3,930,35,20,15,70,7.520082589,91,810,80.37082835,9.041140214,7.124614032,7.885130488,450,30,480,40,480,520
26,1000,80,7.7,28,20,958,24,10,8,42,7.506434771,99,840,80.97227399,9.514862866,6.847940335,8.178232124,488,17,470,25,505,495
28,1000,80,7.7,28,14,957,19,13,11,43,7.261549277,97,794,80.58358391,9.0721682,6.797345156,7.722054561,484,14,473,29,498,502
29,1000,80,7.7,28,11,950,26,12,12,50,7.348993589,99,803,80.65955445,9.096854662,6.42755681,8.216754438,470,15,480,35,485,515
24,1000,80,7.7,28,65,949,33,10,8,51,8.494433791,125,861,83.60872127,10.75864463,7.833662491,9.182175348,491,19,458,32,510,490
27,1000,80,7.7,28,16,955,26,9,10,45,7.107723778,96,822,80.97967835,9.194123714,6.589771893,7.642519626,492,16,463,29,508,492
30,1000,80,7.7,28,9,953,23,10,14,47,7.350619277,98,814,80.71171828,8.993654582,7.021021331,7.685533319,480,24,473,23,504,496
25,1000,80,7.7,28,20,958,28,10,4,42,7.572611722,94,799,81.28247241,9.165168398,6.918292252,8.237484731,482,22,476,20,504,496
31,1000,80,7.7,28,4,932,34,19,15,68,7.495063213,92,816,80.4051559,9.060472705,7.089641208,7.869298909,450,30,482,38,480,520
26,1000,80,7.7,28,21,958,24,10,8,42,7.518277101,87,822,81.02610034,9.537035138,6.876469809,8.173050197,488,17,470,25,505,495
28,1000,80,7.7,28,15,957,19,13,11,43,7.288569339,85,814,80.62502665,9.089911521,6.821568643,7.751848913,484,14,473,29,498,502
29,1000,80,7.7,28,12,948,28,11,13,52,7.393264616,101,803,80.70748068,9.135394973,6.446804268,8.284591352,469,16,479,36,485,515
27,1000,80,7.7,28,17,955,26,8,11,45,7.146750737,92,798,81.028535,9.237455115,6.631105031,7.679165409,492,16,463,29,508,492
24,1000,80,7.7,28,66,949,33,10,8,51,8.501378417,115,847,83.67783583,10.77837621,7.84247273,9.187178214,490,20,459,31,510,490
30,1000,80,7.7,28,10,953,23,10,14,47,7.382705002,98,819,80.762249,9.017349557,7.011706541,7.759687309,480,24,473,23,504,496
25,1000,80,7.7,28,21,958,28,10,4,42,7.585426055,98,841,81.35417984,9.195865421,6.90482268,8.277006903,482,22,476,20,504,496
26,1000,80,7.7,28,22,959,24,10,7,41,7.518248858,102,811,81.05648267,9.578577755,6.867860892,8.181775975,489,16,470,25,505,495
31,1000,80,7.7,28,5,933,33,19,15,67,7.546943916,81,810,80.52087753,9.068628693,7.149729781,7.913603117,451,29,482,38,480,520
28,1000,80,7.7,28,16,957,19,13,11,43,7.330504593,79,800,80.68844909,9.09495167,6.877984802,7.779418649,484,14,473,29,498,502
29,1000,80,7.7,28,13,948,29,11,12,52,7.400099894,105,807,80.7650875,9.166040232,6.444269903,8.300250468,470,15,478,37,485,515
27,1000,80,7.7,28,18,955,25,9,11,45,7.187827793,97,800,81.09466452,9.260662331,6.688649503,7.703239523,492,16,463,29,508,492
30,1000,80,7.7,28,11,953,22,11,14,47,7.400171624,93,815,80.81239812,9.031216015,7.041957709,7.764163183,480,24,473,23,504,496
24,1000,80,7.7,28,67,949,33,10,8,51,8.544053214,95,834,83.72031938,10.83675189,7.876829307,9.23851075,491,19,458,32,510,490
25,1000,80,7.7,28,22,957,30,10,3,43,7.604320214,83,814,81.41549574,9.224691636,6.941001673,8.278337442,482,22,475,21,504,496
26,1000,80,7.7,28,23,962,22,9,7,38,7.52043616,113,801,81.10916092,9.614097764,6.873872911,8.180061293,489,16,473,22,505,495
28,1000,80,7.7,28,17,956,19,14,11,44,7.370309924,103,808,80.72401762,9.104498582,6.934074399,7.803069467,484,14,472,30,498,502
29,1000,80,7.7,28,14,947,30,11,12,53,7.433202058,103,809,80.79802435,9.20107475,6.479626291,8.331229722,470,15,477,38,485,515
31,1000,80,7.7,28,6,933,34,19,14,67,7.5719304,96,787,80.55862013,9.094021686,7.150218834,7.961202615,450,30,483,37,480,520
27,1000,80,7.7,28,19,954,25,10,11,46,7.222667991,110,827,81.14036867,9.285081742,6.732899717,7.728363688,492,16,462,30,508,492
30,1000,80,7.7,28,12,954,21,11,14,46,7.435565225,87,820,80.86579871,9.026883188,7.092101327,7.784568863,481,23,473,23,504,496
25,1000,80,7.7,28,23,958,29,10,3,42,7.62327844,103,834,81.46217102,9.249432599,6.985165074,8.271683957,483,21,475,21,504,496
24,1000,80,7.7,28,68,949,31,12,8,51,8.584427255,110,848,83.76942997,10.84784919,7.932819749,9.262630985,491,19,458,32,510,490
26,1000,80,7.7,28,24,962,22,9,7,38,7.543456597,97,820,81.15380382,9.632084051,6.887584195,8.212578947,489,16,473,22,505,495
28,1000,80,7.7,28,18,957,19,13,11,43,7.380092185,97,788,80.75996988,9.158227,6.955798538,7.801005007,485,13,472,30,498,502
29,1000,80,7.7,28,15,948,31,10,11,52,7.454294817,105,816,80.86767425,9.260580219,6.538261238,8.316967216,469,16,479,36,485,515
31,1000,80,7.7,28,7,933,36,17,14,67,7.569632454,83,802,80.60527605,9.12289858,7.130530696,7.974957155,450,30,483,37,480,520
27,1000,80,7.7,28,20,954,26,10,10,46,7.245489629,78,818,81.19521197,9.322036623,6.765443584,7.741146926,492,16,462,30,508,492
30,1000,80,7.7,28,13,954,21,11,14,46,7.454887928,95,813,80.88698423,9.035411549,7.08667092,7.829043919,481,23,473,23,504,496
25,1000,80,7.7,28,24,956,31,10,3,44,7.649400425,113,814,81.5216809,9.301910575,7.017103208,8.291895984,482,22,474,22,504,496
26,1000,80,7.7,28,25,962,22,9,7,38,7.551514387,105,797,81.19280823,9.679503682,6.887458155,8.228985896,489,16,473,22,505,495
28,1000,80,7.7,28,19,958,19,12,11,42,7.390642074,120,814,80.77626825,9.163130223,6.986078747,7.791981789,485,13,473,29,498,502
24,1000,80,7.7,28,69,949,30,13,8,51,8.606489522,98,852,83.81165504,10.86619299,7.926910381,9.313806587,491,19,458,32,510,490
29,1000,80,7.7,28,16,947,33,10,10,53,7.483625596,94,798,80.89810468,9.289286881,6.551276924,8.361662695,468,17,479,36,485,515
31,1000,80,7.7,28,8,934,34,18,14,66,7.579848475,74,797,80.65672046,9.142206811,7.152975412,7.973885149,450,30,484,36,480,520
27,1000,80,7.7,28,21,953,26,11,10,47,7.270798059,100,803,81.23215849,9.375284183,6.808985029,7.747629399,492,16,461,31,508,492
30,1000,80,7.7,28,14,956,20,11,13,44,7.461051565,96,828,80.94447966,9.070865227,7.082348325,7.845862922,482,22,474,22,504,496
26,1000,80,7.7,28,26,962,22,9,7,38,7.579324122,96,809,81.27189242,9.705066014,6.934367269,8.237310407,489,16,473,22,505,495
25,1000,80,7.7,28,25,956,31,10,3,44,7.689302469,112,814,81.54139791,9.298625163,7.06693562,8.321707492,481,23,475,21,504,496
28,1000,80,7.7,28,20,958,20,10,12,42,7.420808959,98,809,80.8146922,9.195120066,7.01434582,7.824033348,485,13,473,29,498,502
29,1000,80,7.7,28,17,947,33,10,10,53,7.494926008,107,821,80.96205684,9.279622122,6.539872084,8.394345723,468,17,479,36,485,515
24,1000,80,7.7,28,70,948,31,13,8,52,8.622747168,107,842,83.85559383,10.90077996,7.941758753,9.331531029,490,20,458,32,510,490
30,1000,80,7.7,28,15,956,20,11,13,44,7.518328348,91,832,80.99536704,9.108177273,7.122412411,7.920630026,482,22,474,22,504,496
27,1000,80,7.7,28,22,954,26,10,10,46,7.300806038,101,826,81.30438006,9.413397855,6.853365202,7.762797795,493,15,461,31,508,492
31,1000,80,7.7,28,9,934,34,18,14,66,7.620608338,84,827,80.7313016,9.18950615,7.202349995,8.006692963,450,30,484,36,480,520
26,1000,80,7.7,28,27,965,20,7,8,35,7.597068403,92,799,81.31947621,9.728071733,6.925496142,8.282207779,490,15,475,20,505,495
25,1000,80,7.7,28,26,957,30,10,3,43,7.704806242,95,824,81.57595469,9.327918606,7.092364609,8.327125965,481,23,476,20,504,496
28,1000,80,7.7,28,21,959,19,11,11,41,7.454181308,94,806,80.86968038,9.23806005,7.027261967,7.877698901,485,13,474,28,498,502
29,1000,80,7.7,28,18,948,32,10,10,52,7.519806209,80,820,81.05370701,9.288242614,6.594101916,8.39158598,468,17,480,35,485,515
30,1000,80,7.7,28,16,956,20,11,13,44,7.52549258,104,826,81.07345627,9.140180415,7.129128279,7.928249854,483,21,473,23,504,496
27,1000,80,7.7,28,23,953,25,12,10,47,7.323231645,87,835,81.37123639,9.418461001,6.867143786,7.794151629,493,15,460,32,508,492
31,1000,80,7.7,28,10,935,33,18,14,65,7.624532842,104,813,80.74214762,9.212806123,7.192161431,8.023644913,451,29,484,36,480,520
24,1000,80,7.7,28,71,949,30,14,7,51,8.612133663,105,828,83.93010504,10.93977138,7.958270582,9.292685033,490,20,459,31,510,490
26,1000,80,7.7,28,28,961,24,7,8,39,7.663818159,88,792,81.39659747,9.742508447,6.977590233,8.363909275,488,17,473,22,505,495
25,1000,80,7.7,28,27,956,30,10,4,44,7.733471369,99,812,81.62872422,9.351924225,7.133153081,8.343472209,481,23,475,21,504,496
28,1000,80,7.7,28,22,958,20,11,11,42,7.460722485,80,822,80.92665425,9.281223476,7.020779501,7.897159947,484,14,474,28,498,502
29,1000,80,7.7,28,19,949,31,10,10,51,7.545817419,96,788,81.10260314,9.322839776,6.628533244,8.409667565,468,17,481,34,485,515
30,1000,80,7.7,28,17,956,20,11,13,44,7.542015439,91,821,81.07424053,9.171577538,7.158619016,7.931595674,483,21,473,23,504,496
27,1000,80,7.7,28,24,954,23,13,10,46,7.382605214,101,780,81.42137818,9.4598303,6.953092638,7.826085678,493,15,461,31,508,492
31,1000,80,7.7,28,11,937,31,19,13,63,7.630840753,96,808,80.81950589,9.241488776,7.194257196,8.033840959,452,28,485,35,480,520
26,1000,80,7.7,28,29,962,23,7,8,38,7.696500032,99,819,81.43603229,9.760879915,7.001191801,8.405854895,489,16,473,22,505,495
24,1000,80,7.7,28,72,950,30,13,7,50,8.623874589,112,854,83.99216725,10.96335277,7.964259769,9.310412463,491,19,459,31,510,490
25,1000,80,7.7,28,28,956,29,10,5,44,7.715559814,95,819,81.69174116,9.366212286,7.141862011,8.298510807,481,23,475,21,504,496
28,1000,80,7.7,28,23,957,21,11,11,43,7.517240263,99,805,80.94619965,9.326244636,7.100160162,7.930997017,483,15,474,28,498,502
29,1000,80,7.7,28,20,949,32,9,10,51,7.548851495,114,808,81.17786202,9.348499376,6.669085141,8.377369323,467,18,482,33,485,515
30,1000,80,7.7,28,18,957,19,11,13,43,7.563734544,121,818,81.13372934,9.198066781,7.192001855,7.941462922,484,20,473,23,504,496
27,1000,80,7.7,28,25,955,22,13,10,45,7.40331679,91,820,81.4621114,9.505769907,6.987907165,7.83223567,493,15,462,30,508,492
26,1000,80,7.7,28,30,962,23,7,8,38,7.708188377,98,823,81.49092097,9.784539494,7.037014839,8.392920976,489,16,473,22,505,495
31,1000,80,7.7,28,12,937,31,19,13,63,7.649068208,110,800,80.89004211,9.249034905,7.219017196,8.046038373,452,28,485,35,480,520
24,1000,80,7.7,28,73,950,30,13,7,50,8.613880374,107,833,84.01033353,10.99579205,7.962604785,9.291738641,491,19,459,31,510,490
28,1000,80,7.7,28,24,956,22,11,11,44,7.579960058,97,812,81.00281876,9.360657664,7.178271219,7.978448189,482,16,474,28,498,502
25,1000,80,7.7,28,29,956,29,10,5,44,7.730396354,118,832,81.75020943,9.384145274,7.191593219,8.277889862,481,23,475,21,504,496
29,1000,80,7.7,28,21,951,29,10,10,49,7.554980365,103,810,81.27253771,9.404154511,6.712927835,8.34798129,468,17,483,32,485,515
30,1000,80,7.7,28,19,956,20,11,13,44,7.560701857,95,830,81.19188089,9.235747246,7.183580848,7.943905463,484,20,472,24,504,496
27,1000,80,7.7,28,26,952,24,14,10,48,7.443890857,93,822,81.55015747,9.536765299,7.016315352,7.885371256,492,16,460,32,508,492
26,1000,80,7.7,28,31,960,25,7,8,40,7.75359346,118,821,81.53836474,9.808412521,7.078135441,8.442697096,488,17,472,23,505,495
31,1000,80,7.7,28,13,937,31,19,13,63,7.702609405,87,790,80.9810267,9.269978293,7.268739374,8.103104818,452,28,485,35,480,520
28,1000,80,7.7,28,25,958,20,11,11,42,7.563110153,100,825,81.05804458,9.389737946,7.177465788,7.945681655,483,15,475,27,498,502
29,1000,80,7.7,28,22,951,30,9,10,49,7.565858862,113,817,81.34876242,9.429244296,6.731233513,8.351865259,467,18,484,31,485,515
25,1000,80,7.7,28,30,954,30,11,5,46,7.785424383,109,817,81.8076741,9.430371589,7.253519991,8.325907878,480,24,474,22,504,496
24,1000,80,7.7,28,74,951,29,12,8,49,8.651580931,130,834,84.10483517,11.02644072,8.016300901,9.312790759,491,19,460,30,510,490
30,1000,80,7.7,28,20,954,21,12,13,46,7.58776177,105,822,81.25142476,9.245770399,7.214178983,7.967370086,483,21,471,25,504,496
27,1000,80,7.7,28,27,951,26,13,10,49,7.480124393,91,821,81.57604605,9.552321544,7.015963479,7.95937997,492,16,459,33,508,492
26,1000,80,7.7,28,32,961,25,7,7,39,7.778505004,103,815,81.59836776,9.82820526,7.099900138,8.470819059,488,17,473,22,505,495
31,1000,80,7.7,28,14,939,31,17,13,61,7.725791629,99,826,81.0113888,9.319853243,7.306322827,8.1129936,453,27,486,34,480,520
28,1000,80,7.7,28,26,958,20,11,11,42,7.595911127,112,815,81.11549999,9.417470493,7.203397421,7.985297234,483,15,475,27,498,502
29,1000,80,7.7,28,23,951,30,9,10,49,7.557058407,97,822,81.41855801,9.45585405,6.718736147,8.34654636,467,18,484,31,485,515
30,1000,80,7.7,28,21,953,22,12,13,47,7.613943686,96,822,81.29466631,9.276205337,7.244172249,7.989679179,482,22,471,25,504,496
25,1000,80,7.7,28,31,954,30,11,5,46,7.809340545,84,821,81.86683457,9.470798036,7.285885763,8.341238146,480,24,474,22,504,496
24,1000,80,7.7,28,75,954,28,10,8,46,8.635249761,120,836,84.13797125,11.07389792,8.033242446,9.261828803,491,19,463,27,510,490
27,1000,80,7.7,28,28,951,26,13,10,49,7.520893998,99,808,81.62533749,9.56954661,7.048985765,8.00814884,492,16,459,33,508,492
26,1000,80,7.7,28,33,962,24,7,7,38,7.802948898,112,802,81.66320345,9.843466409,7.133338937,8.486086333,488,17,474,21,505,495
31,1000,80,7.7,28,15,940,30,16,14,60,7.758681373,86,786,81.05587965,9.316671777,7.360101869,8.126600915,453,27,487,33,480,520
28,1000,80,7.7,28,27,959,20,10,11,41,7.601881323,102,822,81.14245401,9.419380366,7.216437215,7.984254163,483,15,476,26,498,502
29,1000,80,7.7,28,24,954,28,8,10,46,7.577169916,100,822,81.44981602,9.460303007,6.742896031,8.362845322,467,18,487,28,485,515
30,1000,80,7.7,28,22,953,22,12,13,47,7.63080151,98,808,81.35433774,9.304189086,7.252805959,8.014893764,482,22,471,25,504,496
25,1000,80,7.7,28,32,955,29,11,5,45,7.831816022,104,820,81.90053268,9.501991495,7.294817689,8.37747562,480,24,475,21,504,496
27,1000,80,7.7,28,29,950,26,14,10,50,7.529574043,105,821,81.65794532,9.602348927,7.044276137,8.030653995,491,17,459,33,508,492
26,1000,80,7.7,28,34,961,25,7,7,39,7.816922528,101,821,81.71198133,9.873103473,7.158308397,8.488841996,488,17,473,22,505,495
24,1000,80,7.7,28,76,954,28,10,8,46,8.624779789,123,843,84.20577596,11.11364994,8.018682807,9.255615424,491,19,463,27,510,490
28,1000,80,7.7,28,28,959,20,9,12,41,7.64302137,101,819,81.19043359,9.439918733,7.22979343,8.052956658,483,15,476,26,498,502
31,1000,80,7.7,28,16,940,30,16,14,60,7.808916994,96,815,81.10230997,9.352623274,7.458114114,8.132735037,453,27,487,33,480,520
29,1000,80,7.7,28,25,953,29,9,9,47,7.611694095,107,839,81.48909156,9.507356992,6.804532401,8.371836661,466,19,487,28,485,515
30,1000,80,7.7,28,23,953,21,13,13,47,7.661899878,100,836,81.41544671,9.341592634,7.310211748,8.019260398,482,22,471,25,504,496
25,1000,80,7.7,28,33,954,30,11,5,46,7.836567218,114,841,81.99339433,9.545595166,7.293544654,8.38834821,479,25,475,21,504,496
26,1000,80,7.7,28,35,961,25,7,7,39,7.830223526,98,820,81.75113114,9.881866482,7.180634292,8.492935776,488,17,473,22,505,495
27,1000,80,7.7,28,30,954,25,13,8,46,7.523524677,109,837,81.707703,9.623904396,7.043143221,8.019528294,493,15,461,31,508,492
24,1000,80,7.7,28,77,955,27,10,8,45,8.614174253,104,821,84.277698,11.13720942,8.010264005,9.242733899,492,18,463,27,510,490
28,1000,80,7.7,28,29,959,21,9,11,41,7.667027237,103,825,81.24682648,9.487791504,7.279371139,8.051594443,483,15,476,26,498,502
29,1000,80,7.7,28,26,954,28,10,8,46,7.614677028,102,803,81.56514229,9.553200759,6.797800784,8.383968249,466,19,488,27,485,515
30,1000,80,7.7,28,24,954,20,13,13,46,7.669808897,94,818,81.49171948,9.378658341,7.332544154,8.012513395,483,21,471,25,504,496
31,1000,80,7.7,28,17,941,29,16,14,59,7.834280251,98,832,81.14420319,9.384624523,7.452194721,8.186974586,453,27,488,32,480,520
25,1000,80,7.7,28,34,952,31,12,5,48,7.857052266,87,813,82.02804422,9.579692399,7.333727298,8.38881796,479,25,473,23,504,496
26,1000,80,7.7,28,36,961,25,7,7,39,7.86820537,102,824,81.83497669,9.904182074,7.241953034,8.507109268,488,17,473,22,505,495
27,1000,80,7.7,28,31,955,23,14,8,45,7.551477013,90,814,81.72703356,9.647452853,7.036666003,8.083029845,494,14,461,31,508,492
28,1000,80,7.7,28,30,960,21,8,11,40,7.672544912,89,802,81.31273892,9.505173842,7.322973375,8.019331019,483,15,477,25,498,502
24,1000,80,7.7,28,78,955,27,10,8,45,8.649240629,103,860,84.32803641,11.18461101,8.066699233,9.255559224,492,18,463,27,510,490
29,1000,80,7.7,28,27,955,28,9,8,45,7.647095481,92,818,81.59234373,9.55545954,6.822578714,8.423582146,467,18,488,27,485,515
30,1000,80,7.7,28,25,951,23,12,14,49,7.698627336,94,816,81.56011215,9.430312603,7.33150604,8.071669943,483,21,468,28,504,496
31,1000,80,7.7,28,18,942,29,16,13,58,7.869616568,99,819,81.20990906,9.41751826,7.535217369,8.178292751,453,27,489,31,480,520
25,1000,80,7.7,28,35,952,31,13,4,48,7.862118815,102,835,82.11525793,9.597587778,7.329901338,8.402920444,479,25,473,23,504,496
26,1000,80,7.7,28,37,961,25,7,7,39,7.889968245,95,835,81.87879638,9.930182512,7.22833869,8.564964055,488,17,473,22,505,495
27,1000,80,7.7,28,32,954,24,14,8,46,7.576582903,102,824,81.76415838,9.679586648,7.062394651,8.107492725,493,15,461,31,508,492
28,1000,80,7.7,28,31,960,21,8,11,40,7.665679122,81,844,81.34314159,9.547716113,7.354835786,7.974045618,482,16,478,24,498,502
29,1000,80,7.7,28,28,953,30,9,8,47,7.671059531,97,827,81.66666195,9.591010836,6.823452015,8.469291852,467,18,486,29,485,515
30,1000,80,7.7,28,26,952,23,11,14,48,7.699697936,95,830,81.64066891,9.475340393,7.292049272,8.113921578,485,19,467,29,504,496
24,1000,80,7.7,28,79,955,28,9,8,45,8.695048566,118,827,84.3984378,11.19954422,8.103443184,9.310801106,492,18,463,27,510,490
31,1000,80,7.7,28,19,943,27,17,13,57,7.892460544,116,811,81.25237424,9.427909868,7.57329823,8.18707191,454,26,489,31,480,520
26,1000,80,7.7,28,38,961,25,6,8,39,7.936332029,105,833,81.90104084,9.975050832,7.295176307,8.590440392,488,17,473,22,505,495
25,1000,80,7.7,28,36,951,32,13,4,49,7.890845115,111,811,82.16122954,9.620827826,7.323970851,8.466862513,479,25,472,24,504,496
27,1000,80,7.7,28,33,955,23,14,8,45,7.577092105,92,811,81.84015359,9.71402262,7.067491361,8.103265232,493,15,462,30,508,492
28,1000,80,7.7,28,32,961,20,8,11,39,7.656795637,110,818,81.40459444,9.582029678,7.334529447,7.97649397,483,15,478,24,498,502
30,1000,80,7.7,28,27,951,24,10,15,49,7.757510016,91,832,81.67812606,9.521890829,7.32354866,8.198470749,484,20,467,29,504,496
29,1000,80,7.7,28,29,953,30,9,8,47,7.661539346,104,813,81.71337147,9.600652273,6.828685779,8.445877171,467,18,486,29,485,515
26,1000,80,7.7,28,39,962,24,6,8,38,7.992822146,87,817,81.93387137,9.984591222,7.350038528,8.648591292,489,16,473,22,505,495
24,1000,80,7.7,28,80,955,27,9,9,45,8.734238644,107,851,84.43409234,11.23654356,8.143232859,9.349367114,492,18,463,27,510,490
31,1000,80,7.7,28,20,945,25,17,13,55,7.897696466,112,806,81.29815351,9.457946141,7.573706315,8.196764298,456,24,489,31,480,520
25,1000,80,7.7,28,37,951,32,13,4,49,7.917624924,96,816,82.21080935,9.659899498,7.366103783,8.478041568,479,25,472,24,504,496
27,1000,80,7.7,28,34,954,25,14,7,46,7.587655555,114,806,81.8845307,9.737129346,7.122569995,8.067865848,493,15,461,31,508,492
28,1000,80,7.7,28,33,960,21,8,11,40,7.668526616,102,810,81.41481735,9.596464578,7.331832755,8.002537658,483,15,477,25,498,502
30,1000,80,7.7,28,28,951,25,10,14,49,7.749855901,109,838,81.7534573,9.543235138,7.340502791,8.16581148,484,20,467,29,504,496
29,1000,80,7.7,28,30,953,31,8,8,47,7.673250604,87,823,81.77881755,9.641634987,6.864071927,8.435292659,466,19,487,28,485,515
26,1000,80,7.7,28,40,962,24,6,8,38,8.016143926,110,825,82.00981553,10.01984725,7.404251644,8.640397669,489,16,473,22,505,495
31,1000,80,7.7,28,21,945,26,17,12,55,7.890286988,106,805,81.34569567,9.496571937,7.552194532,8.202372332,456,24,489,31,480,520
25,1000,80,7.7,28,38,951,32,13,4,49,7.933896009,98,820,82.27237102,9.697999037,7.356581583,8.520521958,480,24,471,25,504,496
27,1000,80,7.7,28,35,956,24,13,7,44,7.590856113,79,817,81.95092042,9.755088755,7.113134941,8.084112932,494,14,462,30,508,492
24,1000,80,7.7,28,81,954,27,9,10,46,8.780435482,113,857,84.49036149,11.25868829,8.193517283,9.391309525,492,18,462,28,510,490
28,1000,80,7.7,28,34,960,21,8,11,40,7.689863075,106,812,81.42913329,9.625506177,7.360831426,8.016272958,483,15,477,25,498,502
30,1000,80,7.7,28,29,950,27,10,13,50,7.786984367,95,813,81.83701594,9.593554196,7.396219755,8.184051634,483,21,467,29,504,496
29,1000,80,7.7,28,31,955,30,8,7,45,7.684196037,107,821,81.83136107,9.672335451,6.858081368,8.462187521,468,17,487,28,485,515
26,1000,80,7.7,28,41,962,24,6,8,38,8.008660868,125,822,82.03342118,10.05244769,7.373235144,8.656923475,490,15,472,23,505,495
31,1000,80,7.7,28,22,947,24,17,12,53,7.906718241,112,829,81.3975027,9.556064625,7.553229703,8.233015353,456,24,491,29,480,520
27,1000,80,7.7,28,36,956,24,13,7,44,7.606328348,95,835,81.99134001,9.77952679,7.161037394,8.066100307,493,15,463,29,508,492
25,1000,80,7.7,28,39,951,31,14,4,49,7.972720041,97,823,82.2990408,9.754240388,7.391445947,8.563369524,480,24,471,25,504,496
24,1000,80,7.7,28,82,953,28,9,10,47,8.778045896,113,863,84.53023173,11.29420114,8.205039661,9.374440141,492,18,461,29,510,490
30,1000,80,7.7,28,30,950,29,10,11,50,7.778486478,88,816,81.89793042,9.642763054,7.403792561,8.159223846,484,20,466,30,504,496
28,1000,80,7.7,28,35,961,20,8,11,39,7.727295093,78,805,81.48266511,9.669052053,7.409807258,8.042253144,484,14,477,25,498,502
29,1000,80,7.7,28,32,954,32,8,6,46,7.716434178,91,812,81.87592386,9.686687278,6.910918217,8.475026879,468,17,486,29,485,515
26,1000,80,7.7,28,42,960,26,6,8,40,8.026418195,82,826,82.11327067,10.08714053,7.356830098,8.709533323,489,16,471,24,505,495
27,1000,80,7.7,28,37,957,24,12,7,43,7.640141768,112,816,82.02635109,9.820104979,7.177688104,8.117634576,494,14,463,29,508,492
25,1000,80,7.7,28,40,954,29,13,4,46,7.994071292,88,836,82.32834279,9.763999012,7.392477245,8.605368469,482,22,472,24,504,496
31,1000,80,7.7,28,23,947,24,17,12,53,7.89191704,108,822,81.46771505,9.606854734,7.582007423,8.177987456,456,24,491,29,480,520
30,1000,80,7.7,28,31,951,29,9,11,49,7.792346361,97,829,81.92950759,9.681020366,7.397915394,8.193139118,484,20,467,29,504,496
28,1000,80,7.7,28,36,962,20,7,11,38,7.743817427,100,834,81.56623564,9.699463106,7.425710067,8.059390066,484,14,478,24,498,502
24,1000,80,7.7,28,83,954,27,9,10,46,8.768145922,125,850,84.56988373,11.31809309,8.237442196,9.320511025,492,18,462,28,510,490
29,1000,80,7.7,28,33,953,33,8,6,47,7.762543306,98,812,81.91943701,9.729132479,6.959997517,8.518338856,468,17,485,30,485,515
26,1000,80,7.7,28,43,959,27,6,8,41,8.091312725,89,823,82.13890811,10.1486237,7.381999874,8.81495513,489,16,470,25,505,495
27,1000,80,7.7,28,38,957,25,12,6,43,7.644501544,86,797,82.0645574,9.833397263,7.18157195,8.122485759,493,15,464,28,508,492
25,1000,80,7.7,28,41,953,30,12,5,47,8.017114691,101,821,82.38095852,9.810737429,7.443803037,8.599673308,481,23,472,24,504,496
31,1000,80,7.7,28,24,949,24,15,12,51,7.879499969,106,841,81.51556669,9.623747372,7.530819372,8.201358981,458,22,491,29,480,520
30,1000,80,7.7,28,32,952,28,9,11,48,7.797321471,108,806,81.98384103,9.706754159,7.408342824,8.192573966,484,20,468,28,504,496
28,1000,80,7.7,28,37,963,20,6,11,37,7.747362174,100,827,81.63889527,9.750004943,7.433079705,8.059140399,485,13,478,24,498,502
29,1000,80,7.7,28,34,953,32,9,6,47,7.783406011,100,817,81.97205846,9.741419224,6.982857514,8.537320616,468,17,485,30,485,515
26,1000,80,7.7,28,44,958,26,7,9,42,8.119003088,106,849,82.16392437,10.18311713,7.388401857,8.86436394,489,16,469,26,505,495
24,1000,80,7.7,28,84,955,25,9,11,45,8.788771554,118,834,84.65179576,11.33348808,8.276701536,9.32174239,492,18,463,27,510,490
27,1000,80,7.7,28,39,956,25,13,6,44,7.657686362,104,824,82.10397584,9.857878338,7.194818339,8.135607004,492,16,464,28,508,492
25,1000,80,7.7,28,42,950,33,12,5,50,8.099365651,95,847,82.46060814,9.842143778,7.520089027,8.687985446,481,23,469,27,504,496
31,1000,80,7.7,28,25,949,25,13,13,51,7.91414965,120,818,81.57323582,9.660579753,7.601414153,8.202828571,457,23,492,28,480,520
30,1000,80,7.7,28,33,955,27,8,10,45,7.770478965,105,818,82.05549606,9.755144923,7.374138023,8.173212503,485,19,470,26,504,496
28,1000,80,7.7,28,38,964,20,4,12,36,7.758776036,107,823,81.66985895,9.761687315,7.484751984,8.03061663,484,14,480,22,498,502
29,1000,80,7.7,28,35,954,31,10,5,46,7.768022082,111,811,82.01840663,9.773677253,6.992068995,8.498774018,469,16,485,30,485,515
26,1000,80,7.7,28,45,958,25,8,9,42,8.15319097,94,818,82.1927112,10.2065234,7.418724323,8.902495327,490,15,468,27,505,495
24,1000,80,7.7,28,85,955,25,9,11,45,8.795021236,113,837,84.69620064,11.37433029,8.295125153,9.31532124,492,18,463,27,510,490
27,1000,80,7.7,28,40,956,25,13,6,44,7.667046675,105,824,82.19853979,9.868271463,7.216502511,8.132242681,492,16,464,28,508,492
30,1000,80,7.7,28,34,955,27,8,10,45,7.755956875,96,845,82.09782624,9.784455636,7.352577254,8.165842618,485,19,470,26,504,496
25,1000,80,7.7,28,43,951,33,11,5,49,8.100600427,112,818,82.47169506,9.879081883,7.524045901,8.686454219,481,23,470,26,504,496
28,1000,80,7.7,28,39,963,20,5,12,37,7.783146347,89,830,81.67482033,9.755622797,7.502899543,8.061160108,483,15,480,22,498,502
31,1000,80,7.7,28,26,948,24,15,13,52,7.952781658,118,827,81.63216713,9.700380901,7.635829548,8.245352837,456,24,492,28,480,520
29,1000,80,7.7,28,36,954,31,10,5,46,7.804090883,108,821,82.06304507,9.812437944,7.052461604,8.511935932,469,16,485,30,485,515
26,1000,80,7.7,28,46,957,25,9,9,43,8.168382684,111,826,82.2716488,10.25423037,7.444093902,8.907303562,489,16,468,27,505,495
24,1000,80,7.7,28,86,956,25,9,10,44,8.797020216,133,840,84.73815845,11.38455499,8.275816949,9.339497086,492,18,464,26,510,490
27,1000,80,7.7,28,41,954,27,14,5,46,7.713770144,102,820,82.23879947,9.888065077,7.273445855,8.168413923,491,17,463,29,508,492
30,1000,80,7.7,28,35,954,28,8,10,46,7.783318103,101,827,82.14278843,9.828877161,7.385685522,8.187364112,484,20,470,26,504,496
28,1000,80,7.7,28,40,963,20,5,12,37,7.809026536,89,826,81.73755977,9.781885413,7.527369994,8.088438802,483,15,480,22,498,502
25,1000,80,7.7,28,44,951,33,11,5,49,8.106588229,93,814,82.53293787,9.905883584,7.554364928,8.667718359,481,23,470,26,504,496
29,1000,80,7.7,28,37,955,32,9,4,45,7.799258047,110,816,82.11712292,9.826733528,7.052607616,8.502414278,469,16,486,29,485,515
31,1000,80,7.7,28,27,951,22,14,13,49,7.934876914,117,824,81.6957857,9.736828139,7.62180563,8.223865792,457,23,494,26,480,520
26,1000,80,7.7,28,47,957,25,9,9,43,8.175726796,106,837,82.34651049,10.28224577,7.429292484,8.937240589,489,16,468,27,505,495
27,1000,80,7.7,28,42,955,26,14,5,45,7.713061063,114,818,82.28690012,9.925487316,7.263632247,8.177105449,492,16,463,29,508,492
30,1000,80,7.7,28,36,951,31,8,10,49,7.811086514,109,822,82.18819463,9.863559103,7.429129771,8.199203849,482,22,469,27,504,496
24,1000,80,7.7,28,87,959,23,9,9,41,8.79253927,134,849,84.78743934,11.41193161,8.284611256,9.321199039,493,17,466,24,510,490
28,1000,80,7.7,28,41,963,20,5,12,37,7.82262446,106,805,81.78969721,9.811384174,7.534357289,8.108594681,483,15,480,22,498,502
29,1000,80,7.7,28,38,955,32,9,4,45,7.817122126,96,829,82.16634596,9.875008269,7.079048331,8.512201332,469,16,486,29,485,515
25,1000,80,7.7,28,45,951,33,11,5,49,8.12294102,110,831,82.57434455,9.929233967,7.598260103,8.656084532,481,23,470,26,504,496
26,1000,80,7.7,28,48,956,26,9,9,44,8.224563478,91,832,82.3702471,10.31693327,7.495384508,8.968473336,489,16,467,28,505,495
31,1000,80,7.7,28,28,952,20,15,13,48,7.911416034,110,831,81.7443246,9.774569612,7.602950949,8.196153035,458,22,494,26,480,520
27,1000,80,7.7,28,43,956,26,13,5,44,7.695080359,109,836,82.32728724,9.955467779,7.287259486,8.1161637,492,16,464,28,508,492
30,1000,80,7.7,28,37,951,31,8,10,49,7.814357221,115,828,82.23474883,9.899054521,7.42059193,8.214473564,482,22,469,27,504,496
28,1000,80,7.7,28,42,963,20,5,12,37,7.855872009,92,811,81.85006826,9.833761536,7.581046791,8.128507384,483,15,480,22,498,502
29,1000,80,7.7,28,39,955,32,9,4,45,7.834869723,97,852,82.25557252,9.908872661,7.080487325,8.545307515,469,16,486,29,485,515
26,1000,80,7.7,28,49,956,26,9,9,44,8.19660287,93,833,82.41504749,10.33765225,7.471451949,8.936403304,489,16,467,28,505,495
25,1000,80,7.7,28,46,951,33,11,5,49,8.138632156,105,830,82.64212429,9.945310575,7.674744399,8.610001975,481,23,470,26,504,496
24,1000,80,7.7,28,88,958,24,9,9,42,8.839355628,88,837,84.88031332,11.44042046,8.337150575,9.362058847,493,17,465,25,510,490
31,1000,80,7.7,28,29,953,20,14,13,47,7.930232138,101,827,81.78256982,9.801566602,7.624877284,8.212098157,458,22,495,25,480,520
30,1000,80,7.7,28,38,952,30,9,9,48,7.813733922,109,811,82.26295866,9.8997541,7.446150373,8.187246239,482,22,470,26,504,496
27,1000,80,7.7,28,44,956,24,15,5,44,7.712285837,105,831,82.40647736,9.97420383,7.297218983,8.140850801,492,16,464,28,508,492
28,1000,80,7.7,28,43,962,21,5,12,38,7.885670761,101,834,81.89025486,9.84301659,7.61377982,8.15539524,482,16,480,22,498,502
29,1000,80,7.7,28,40,955,32,9,4,45,7.848532454,97,823,82.30809242,9.9279688,7.105110354,8.548648412,469,16,486,29,485,515
26,1000,80,7.7,28,50,956,26,9,9,44,8.219673798,119,844,82.47737336,10.36644107,7.516060637,8.937501366,488,17,468,27,505,495
25,1000,80,7.7,28,47,951,32,12,5,49,8.146039644,101,836,82.72399243,9.981484563,7.702566399,8.596665682,481,23,470,26,504,496
24,1000,80,7.7,28,89,958,25,9,8,42,8.891373535,116,856,84.93808887,11.48661168,8.404102641,9.398533036,493,17,465,25,510,490
31,1000,80,7.7,28,30,954,19,14,13,46,7.939321264,101,828,81.8401533,9.839178798,7.655136483,8.201645678,458,22,496,24,480,520
30,1000,80,7.7,28,39,952,30,9,9,48,7.839831418,126,826,82.32752426,9.929737222,7.467795062,8.217868361,482,22,470,26,504,496
27,1000,80,7.7,28,45,956,24,15,5,44,7.698658047,105,817,82.47749299,9.998885611,7.295695099,8.114725481,492,16,464,28,508,492
28,1000,80,7.7,28,44,964,19,5,12,36,7.89291331,115,845,81.91798453,9.895061403,7.636042635,8.147737206,482,16,482,20,498,502
26,1000,80,7.7,28,51,956,25,9,10,44,8.241930992,124,823,82.53449982,10.4260882,7.53883274,8.95923325,488,17,468,27,505,495
29,1000,80,7.7,28,41,954,32,10,4,46,7.911587808,88,832,82.35091261,9.976513709,7.20062684,8.581133574,469,16,485,30,485,515
25,1000,80,7.7,28,48,950,33,12,5,50,8.149563615,95,816,82.79251915,10.0031035,7.692077229,8.614428813,480,24,470,26,504,496
31,1000,80,7.7,28,31,953,20,13,14,47,7.977831646,118,827,81.91037519,9.897915681,7.70179722,8.232632655,457,23,496,24,480,520
24,1000,80,7.7,28,90,956,27,9,8,44,8.928215388,96,831,84.99407911,11.51045525,8.41609223,9.461241532,492,18,464,26,510,490
30,1000,80,7.7,28,40,952,30,9,9,48,7.846761732,98,833,82.36900695,9.949754475,7.461850238,8.237881475,482,22,470,26,504,496
27,1000,80,7.7,28,46,957,22,14,7,43,7.711343907,93,829,82.51102846,10.01364464,7.314888289,8.12069239,492,16,465,27,508,492
28,1000,80,7.7,28,45,965,18,5,12,35,7.899730221,117,828,81.96611198,9.909044072,7.647743374,8.149709204,482,16,483,19,498,502
26,1000,80,7.7,28,52,958,23,9,10,42,8.245253964,118,828,82.53112653,10.46516491,7.553007643,8.95148506,489,16,469,26,505,495
29,1000,80,7.7,28,42,955,32,9,4,45,7.92216717,119,812,82.38914673,9.982257732,7.254491877,8.550948756,468,17,487,28,485,515
25,1000,80,7.7,28,49,950,33,12,5,50,8.199584721,114,825,82.81590894,10.02858056,7.761120125,8.645121327,480,24,470,26,504,496
31,1000,80,7.7,28,32,952,22,13,13,48,7.990601024,108,824,81.95729995,9.925342741,7.706658349,8.252701955,457,23,495,25,480,520
30,1000,80,7.7,28,41,952,30,8,10,48,7.897406028,102,819,82.42489117,9.96412979,7.536563044,8.26406906,482,22,470,26,504,496
24,1000,80,7.7,28,91,954,28,10,8,46,8.97272114,101,857,85.06731438,11.54349991,8.465769416,9.500364771,491,19,463,27,510,490
28,1000,80,7.7,28,46,964,18,6,12,36,7.931430261,97,815,82.02013749,9.941624983,7.651787602,8.208844692,481,17,483,19,498,502
26,1000,80,7.7,28,53,958,22,9,11,42,8.30422857,99,832,82.54783221,10.49030628,7.645633978,8.976128104,489,16,469,26,505,495
27,1000,80,7.7,28,47,958,22,13,7,42,7.719954604,104,835,82.54296784,10.07234988,7.322488794,8.130346132,492,16,466,26,508,492
29,1000,80,7.7,28,43,955,32,9,4,45,7.936461175,99,832,82.46102298,10.01323299,7.298436621,8.53731925,468,17,487,28,485,515
25,1000,80,7.7,28,50,951,33,12,4,49,8.204135129,104,830,82.87983705,10.04763427,7.770607076,8.64465557,480,24,471,25,504,496
31,1000,80,7.7,28,33,953,21,13,13,47,8.026673073,110,822,82.0025927,9.960717405,7.730254186,8.300290507,458,22,495,25,480,520
30,1000,80,7.7,28,42,952,31,8,9,48,7.890761669,107,842,82.47587335,9.972804539,7.529768528,8.257577281,482,22,470,26,504,496
26,1000,80,7.7,28,54,956,24,9,11,44,8.340918914,106,807,82.63890013,10.50945174,7.663206932,9.032322048,488,17,468,27,505,495
28,1000,80,7.7,28,47,964,18,6,12,36,7.948721759,98,824,82.07887948,10.00072887,7.669948883,8.225273336,481,17,483,19,498,502
27,1000,80,7.7,28,48,959,20,14,7,41,7.740374877,115,834,82.5604772,10.12042114,7.349310548,8.144156745,492,16,467,25,508,492
24,1000,80,7.7,28,92,954,29,10,7,46,8.955292747,117,853,85.12261,11.55927505,8.460923897,9.469839917,491,19,463,27,510,490
29,1000,80,7.7,28,44,957,33,7,3,43,7.918113759,113,835,82.5342868,10.03926762,7.333112087,8.469037663,468,17,489,26,485,515
25,1000,80,7.7,28,51,951,32,13,4,49,8.215701738,103,852,82.93793364,10.09552263,7.748002479,8.690944533,481,23,470,26,504,496
30,1000,80,7.7,28,43,952,31,8,9,48,7.92423113,112,831,82.53493125,10.01965805,7.614629033,8.238826809,482,22,470,26,504,496
31,1000,80,7.7,28,34,952,22,12,14,48,8.070900543,107,818,82.07205818,10.00480089,7.748714854,8.368302717,458,22,494,26,480,520
26,1000,80,7.7,28,55,957,23,9,11,43,8.348018262,108,822,82.66584409,10.54043814,7.647236569,9.062957161,488,17,469,26,505,495
28,1000,80,7.7,28,48,964,18,6,12,36,7.964737243,92,816,82.1160082,10.03354847,7.672787197,8.254360995,481,17,483,19,498,502
29,1000,80,7.7,28,45,959,32,6,3,41,7.87640997,121,834,82.59686322,10.07287195,7.32543725,8.395287192,468,17,491,24,485,515
27,1000,80,7.7,28,49,963,19,11,7,37,7.708486164,100,820,82.62935277,10.15815481,7.283670831,8.147116629,494,14,469,23,508,492
24,1000,80,7.7,28,93,954,29,10,7,46,8.965219934,112,838,85.17060249,11.59787603,8.484854166,9.465192467,491,19,463,27,510,490
25,1000,80,7.7,28,52,949,34,13,4,51,8.229106551,103,847,82.98019076,10.1265568,7.77667685,8.688833505,481,23,468,28,504,496
30,1000,80,7.7,28,44,953,30,8,9,47,7.948847714,105,833,82.55750634,10.0484598,7.658476842,8.243901987,483,21,470,26,504,496
26,1000,80,7.7,28,56,957,23,9,11,43,8.352615995,104,818,82.7031868,10.54675374,7.66163322,9.057558018,488,17,469,26,505,495
31,1000,80,7.7,28,35,953,20,13,14,47,8.056122908,107,833,82.13578981,10.03240303,7.749055035,8.339570176,458,22,495,25,480,520
28,1000,80,7.7,28,49,964,18,6,12,36,7.979935433,96,828,82.18768113,10.04825905,7.681468822,8.276023824,481,17,483,19,498,502
29,1000,80,7.7,28,46,960,30,7,3,40,7.928820068,109,839,82.66207229,10.07626596,7.392811052,8.433605259,468,17,492,23,485,515
27,1000,80,7.7,28,50,962,20,11,7,38,7.724629516,97,845,82.66501572,10.19388214,7.272335269,8.191632519,494,14,468,24,508,492
24,1000,80,7.7,28,94,953,30,10,7,47,8.973060267,119,854,85.25005427,11.6232976,8.496513623,9.469057794,491,19,462,28,510,490
25,1000,80,7.7,28,53,949,33,14,4,51,8.278795366,114,831,83.05079978,10.14482659,7.811704536,8.75341992,482,22,467,29,504,496
30,1000,80,7.7,28,45,952,30,9,9,48,7.962410654,108,834,82.58537367,10.0602931,7.667302119,8.262279004,483,21,469,27,504,496
26,1000,80,7.7,28,57,956,24,9,11,44,8.374107257,100,841,82.75727642,10.569355,7.702971469,9.058801343,488,17,468,27,505,495
28,1000,80,7.7,28,50,963,19,6,12,37,8.023860944,107,830,82.24828009,10.09092291,7.714524136,8.330732916,480,18,483,19,498,502
31,1000,80,7.7,28,36,954,18,14,14,46,8.079332708,119,824,82.15834813,10.0522278,7.809060816,8.328814455,458,22,496,24,480,520
29,1000,80,7.7,28,47,959,31,7,3,41,7.959033452,109,844,82.7287601,10.11775091,7.381131093,8.503271596,469,16,490,25,485,515
27,1000,80,7.7,28,51,961,21,11,7,39,7.756080513,98,828,82.727536,10.19979685,7.319644682,8.206709379,493,15,468,24,508,492
25,1000,80,7.7,28,54,948,34,14,4,52,8.26978074,102,833,83.12192611,10.17895121,7.803986772,8.743087515,481,23,467,29,504,496
30,1000,80,7.7,28,46,952,30,8,10,48,7.986201004,110,818,82.6313372,10.11097654,7.68927763,8.287913464,483,21,469,27,504,496
24,1000,80,7.7,28,95,953,30,10,7,47,8.941579294,118,840,85.3042936,11.65036422,8.49127017,9.410268382,491,19,462,28,510,490
26,1000,80,7.7,28,58,956,24,9,11,44,8.364748542,112,838,82.79451726,10.59739129,7.712411994,9.030263607,488,17,468,27,505,495
28,1000,80,7.7,28,51,962,20,6,12,38,8.054007994,112,825,82.35665873,10.12735744,7.746598668,8.358967843,481,17,481,21,498,502
29,1000,80,7.7,28,48,958,32,7,3,42,7.946963612,101,827,82.79440444,10.1588523,7.35428678,8.50511558,469,16,489,26,485,515
31,1000,80,7.7,28,37,957,14,15,14,43,8.060924574,103,836,82.21745025,10.07065145,7.823326809,8.280245588,459,21,498,22,480,520
27,1000,80,7.7,28,52,960,22,11,7,40,7.80118056,92,836,82.81684662,10.23603118,7.370813254,8.245543551,492,16,468,24,508,492
30,1000,80,7.7,28,47,950,32,8,10,50,7.975602681,103,828,82.65434184,10.17029382,7.638132988,8.318515434,483,21,467,29,504,496
25,1000,80,7.7,28,55,948,34,14,4,52,8.276730554,102,836,83.18696111,10.21149346,7.848063948,8.712311136,480,24,468,28,504,496
26,1000,80,7.7,28,59,956,24,9,11,44,8.35891801,110,837,82.82572508,10.6434446,7.743082809,8.987194326,488,17,468,27,505,495
24,1000,80,7.7,28,96,952,31,10,7,48,8.983385018,108,850,85.39364746,11.68995797,8.521072538,9.464567395,491,19,461,29,510,490
28,1000,80,7.7,28,52,961,22,6,11,39,8.057540125,97,853,82.39764562,10.16906655,7.728618968,8.383840397,481,17,480,22,498,502
29,1000,80,7.7,28,49,957,33,7,3,43,7.940261361,105,807,82.86315128,10.19154653,7.334899608,8.510359323,469,16,488,27,485,515
27,1000,80,7.7,28,53,961,21,11,7,39,7.814628738,116,851,82.89944009,10.25785079,7.41406051,8.228223576,492,16,469,23,508,492
31,1000,80,7.7,28,38,956,14,16,14,44,8.121097611,110,834,82.242859,10.11524358,7.877904146,8.345583886,458,22,498,22,480,520
30,1000,80,7.7,28,48,951,33,7,9,49,7.955062895,102,829,82.73477374,10.19982455,7.641251548,8.273935714,484,20,467,29,504,496
26,1000,80,7.7,28,60,957,24,8,11,43,8.397072058,95,838,82.89628211,10.66221076,7.750574209,9.056630468,489,16,468,27,505,495
25,1000,80,7.7,28,56,948,34,14,4,52,8.305129674,110,841,83.25600018,10.24365,7.858010997,8.759459942,480,24,468,28,504,496
28,1000,80,7.7,28,53,960,24,5,11,40,8.086813507,106,829,82.4636685,10.20024235,7.786235497,8.384996473,480,18,480,22,498,502
29,1000,80,7.7,28,50,958,32,7,3,42,7.940876735,130,820,82.90046353,10.21842287,7.312922504,8.532251108,470,15,488,27,485,515
24,1000,80,7.7,28,97,950,33,10,7,50,8.986819048,119,853,85.43539907,11.72250681,8.476836684,9.517617019,491,19,459,31,510,490
27,1000,80,7.7,28,54,959,23,11,7,41,7.858675138,102,857,82.94785957,10.28286282,7.473031992,8.256859525,491,17,468,24,508,492
31,1000,80,7.7,28,39,955,15,16,14,45,8.128705665,109,827,82.27822731,10.14770651,7.881259216,8.357117771,457,23,498,22,480,520
30,1000,80,7.7,28,49,952,33,6,9,48,7.96568105,101,830,82.78430698,10.23197608,7.641173345,8.295422749,485,19,467,29,504,496
26,1000,80,7.7,28,61,957,24,8,11,43,8.417816958,126,842,82.96661196,10.69433323,7.74658477,9.102609394,489,16,468,27,505,495
25,1000,80,7.7,28,57,948,34,14,4,52,8.355189243,107,838,83.30600659,10.24718621,7.915983167,8.801479288,481,23,467,29,504,496
28,1000,80,7.7,28,54,960,24,5,11,40,8.090161807,110,815,82.52261992,10.24971694,7.824009153,8.354193722,479,19,481,21,498,502
29,1000,80,7.7,28,51,958,32,7,3,42,7.940312042,107,850,82.96371998,10.25387108,7.319850253,8.524630426,470,15,488,27,485,515
27,1000,80,7.7,28,55,957,25,11,7,43,7.874687779,109,852,82.98488109,10.32491262,7.497766426,8.263866736,491,17,466,26,508,492
24,1000,80,7.7,28,98,947,34,12,7,53,9.023667004,133,852,85.48393649,11.78360368,8.526815347,9.540798321,489,21,458,32,510,490
31,1000,80,7.7,28,40,955,15,16,14,45,8.146362177,104,807,82.3389149,10.15099742,7.920951855,8.354433243,457,23,498,22,480,520
26,1000,80,7.7,28,62,958,24,8,10,42,8.429081598,109,825,83.0321426,10.71569912,7.790683191,9.080376943,489,16,469,26,505,495
30,1000,80,7.7,28,50,951,34,6,9,49,8.012147105,103,821,82.86556312,10.27565475,7.738143486,8.290570138,484,20,467,29,504,496
25,1000,80,7.7,28,58,948,34,14,4,52,8.364062557,122,839,83.35176523,10.26976541,7.928618165,8.806530245,481,23,467,29,504,496
28,1000,80,7.7,28,55,959,26,4,11,41,8.147947226,92,838,82.570662,10.29674388,7.892904854,8.400957388,479,19,480,22,498,502
29,1000,80,7.7,28,52,957,33,7,3,43,7.941037623,99,818,82.98648684,10.32307602,7.327928107,8.518432021,470,15,487,28,485,515
27,1000,80,7.7,28,56,957,25,11,7,43,7.87805342,110,851,83.02435866,10.34077565,7.538779245,8.228360902,491,17,466,26,508,492
31,1000,80,7.7,28,41,954,17,17,12,46,8.146714429,104,835,82.38141826,10.19371357,7.971018572,8.308895219,457,23,497,23,480,520
24,1000,80,7.7,28,99,946,35,12,7,54,9.044445521,124,837,85.53972504,11.84050936,8.528280138,9.581678879,489,21,457,33,510,490
26,1000,80,7.7,28,63,957,25,8,10,43,8.451936195,118,844,83.12369659,10.76526824,7.815640503,9.101086346,488,17,469,26,505,495
30,1000,80,7.7,28,51,953,31,7,9,47,8.013994845,118,846,82.9324277,10.29570431,7.732304202,8.300228886,485,19,468,28,504,496
28,1000,80,7.7,28,56,958,27,4,11,42,8.181479256,86,826,82.62335472,10.32751129,7.933538608,8.427444281,478,20,480,22,498,502
25,1000,80,7.7,28,59,948,34,14,4,52,8.379905887,94,857,83.41994624,10.29900675,7.942744049,8.824118723,481,23,467,29,504,496
29,1000,80,7.7,28,53,956,34,7,3,44,7.955267684,120,823,83.01537832,10.34524252,7.340676609,8.534057338,469,16,487,28,485,515
27,1000,80,7.7,28,57,956,25,12,7,44,7.903457599,107,837,83.08363649,10.37151785,7.554861845,8.263389801,490,18,466,26,508,492
31,1000,80,7.7,28,42,954,17,16,13,46,8.169183611,102,828,82.44391008,10.2288889,7.959575887,8.362667664,457,23,497,23,480,520
26,1000,80,7.7,28,64,957,24,9,10,43,8.466171766,107,836,83.16016384,10.79877284,7.8578836,9.086748582,487,18,470,25,505,495
30,1000,80,7.7,28,52,955,29,8,8,45,8.057497022,102,834,83.0203794,10.3411196,7.780276042,8.339189308,485,19,470,26,504,496
24,1000,80,7.7,28,100,948,33,12,7,52,9.046031233,127,857,85.60545061,11.85939331,8.565231317,9.546455635,489,21,459,31,510,490
28,1000,80,7.7,28,57,957,28,4,11,43,8.195285797,110,843,82.67324716,10.3642907,7.971590336,8.417198824,477,21,480,22,498,502
29,1000,80,7.7,28,54,957,34,6,3,43,7.953637887,140,843,83.08580855,10.39554616,7.333723948,8.537440334,470,15,487,28,485,515
25,1000,80,7.7,28,60,952,33,11,4,48,8.354984234,106,830,83.4600949,10.31944783,7.87161989,8.846144777,484,20,468,28,504,496
27,1000,80,7.7,28,58,956,25,12,7,44,7.944680159,105,821,83.1271102,10.38576036,7.601452537,8.299069654,490,18,466,26,508,492
26,1000,80,7.7,28,65,955,26,9,10,45,8.49178382,125,834,83.22984065,10.80633531,7.883614056,9.112239842,486,19,469,26,505,495
31,1000,80,7.7,28,43,954,18,16,12,46,8.158785996,85,827,82.47903978,10.24492271,7.961319686,8.341062589,456,24,498,22,480,520
30,1000,80,7.7,28,53,955,29,8,8,45,8.115769366,119,812,83.08591161,10.38549767,7.833900894,8.402184103,485,19,470,26,504,496
28,1000,80,7.7,28,58,957,28,4,11,43,8.228993012,100,835,82.7101959,10.41640513,8.007939236,8.448285402,477,21,480,22,498,502
29,1000,80,7.7,28,55,957,33,6,4,43,7.996896006,114,837,83.1138041,10.42599306,7.360710862,8.596021822,470,15,487,28,485,515
25,1000,80,7.7,28,61,948,36,12,4,52,8.394533243,104,840,83.51276088,10.33316074,7.9239871,8.872668841,481,23,467,29,504,496
24,1000,80,7.7,28,101,950,30,13,7,50,9.043158462,112,859,85.66404962,11.88863618,8.531050502,9.576168788,490,20,460,30,510,490
27,1000,80,7.7,28,59,956,25,12,7,44,7.966142841,101,811,83.16704113,10.41013284,7.62839287,8.314876551,490,18,466,26,508,492
26,1000,80,7.7,28,66,954,27,9,10,46,8.499950288,114,849,83.28747834,10.81927888,7.851979885,9.161011003,486,19,468,27,505,495
30,1000,80,7.7,28,54,956,29,7,8,44,8.110295058,124,838,83.11216838,10.4040388,7.845734062,8.379123167,485,19,471,25,504,496
31,1000,80,7.7,28,44,954,18,16,12,46,8.208617687,130,838,82.5161713,10.26761644,7.966067835,8.432509859,457,23,497,23,480,520
28,1000,80,7.7,28,59,957,28,4,11,43,8.217506864,125,827,82.75932642,10.48886477,7.992664643,8.440557514,478,20,479,23,498,502
29,1000,80,7.7,28,56,956,34,6,4,44,8.032739133,89,836,83.17331202,10.45301207,7.395942012,8.632441277,470,15,486,29,485,515
25,1000,80,7.7,28,62,948,36,12,4,52,8.385548504,96,839,83.54132881,10.34970525,7.91220057,8.866531082,481,23,467,29,504,496
27,1000,80,7.7,28,60,956,25,11,8,44,7.977464792,114,819,83.25040325,10.43670598,7.638081378,8.327885065,490,18,466,26,508,492
24,1000,80,7.7,28,102,949,31,13,7,51,9.057712266,110,865,85.73554568,11.89973616,8.550811618,9.585302737,489,21,460,30,510,490
26,1000,80,7.7,28,67,956,27,7,10,44,8.532816463,113,822,83.35885378,10.87332686,7.904352523,9.173976645,487,18,469,26,505,495
30,1000,80,7.7,28,55,955,30,7,8,45,8.122301956,132,853,83.16009442,10.4420097,7.85077879,8.398204529,484,20,471,25,504,496
31,1000,80,7.7,28,45,953,19,16,12,47,8.252262861,98,839,82.56401211,10.29349653,8.012257254,8.473806499,456,24,497,23,480,520
28,1000,80,7.7,28,60,957,28,4,11,43,8.210307419,122,845,82.8172909,10.53420015,8.004685952,8.414290468,478,20,479,23,498,502
29,1000,80,7.7,28,57,956,33,7,4,44,8.049850833,99,835,83.18927722,10.48040843,7.424393913,8.638873369,470,15,486,29,485,515
25,1000,80,7.7,28,63,948,36,13,3,52,8.396773638,116,822,83.64546823,10.35075564,7.931414555,8.869638514,481,23,467,29,504,496
27,1000,80,7.7,28,61,955,26,11,8,45,8.015257066,113,823,83.29430687,10.44690311,7.665506784,8.376381341,490,18,465,27,508,492
26,1000,80,7.7,28,68,955,28,7,10,45,8.547324815,132,839,83.40780472,10.89324066,7.933467566,9.173583221,486,19,469,26,505,495
30,1000,80,7.7,28,56,955,30,7,8,45,8.173092761,116,839,83.23254657,10.47902046,7.895455557,8.455207984,484,20,471,25,504,496
24,1000,80,7.7,28,103,949,31,13,7,51,9.085298133,117,855,85.76611947,11.92855186,8.562283169,9.629660646,489,21,460,30,510,490
28,1000,80,7.7,28,61,958,27,4,11,42,8.175693526,114,809,82.89381733,10.55266859,7.956395962,8.393243698,479,19,479,23,498,502
31,1000,80,7.7,28,46,955,20,14,11,45,8.222973482,117,844,82.58889124,10.33267899,7.997179975,8.431398257,456,24,499,21,480,520
29,1000,80,7.7,28,58,954,35,7,4,46,8.067465261,99,842,83.23036259,10.51362412,7.435969024,8.662175309,469,16,485,30,485,515
25,1000,80,7.7,28,64,948,36,13,3,52,8.4203328,103,837,83.70768166,10.37553499,7.958114332,8.890006404,481,23,467,29,504,496
27,1000,80,7.7,28,62,955,26,11,8,45,8.031875145,113,843,83.34158659,10.45356178,7.705503883,8.368860107,490,18,465,27,508,492
26,1000,80,7.7,28,69,955,28,6,11,45,8.540418177,96,822,83.42159888,10.92808959,7.951305574,9.141432044,486,19,469,26,505,495
30,1000,80,7.7,28,57,954,31,7,8,46,8.189506336,107,840,83.28322301,10.52415378,7.907041563,8.476526993,483,21,471,25,504,496
28,1000,80,7.7,28,62,956,29,4,11,44,8.208963028,110,830,82.93691294,10.59421639,7.972366787,8.44367404,478,20,478,24,498,502
29,1000,80,7.7,28,59,954,34,8,4,46,8.060294773,115,849,83.25700069,10.54597891,7.437806948,8.64652117,469,16,485,30,485,515
24,1000,80,7.7,28,104,949,31,13,7,51,9.068409773,133,859,85.82043278,11.97832182,8.556111083,9.601618613,489,21,460,30,510,490
32,1000,80,7.7,28,0,938,31,11,20,62,7.348,87,807,79.75150665,8.945621154,6.149019608,8.595918367,490,20,448,42,510,490
31,1000,80,7.7,28,47,957,18,14,11,43,8.245115248,127,833,82.64057956,10.35049175,8.01237329,8.459953979,458,22,499,21,480,520
25,1000,80,7.7,28,65,950,35,12,3,50,8.425037051,118,837,83.76657645,10.40320317,7.940733741,8.917151705,482,22,468,28,504,496
27,1000,80,7.7,28,63,957,27,11,5,43,8.00521301,105,837,83.38781472,10.51629118,7.71175209,8.308217373,490,18,467,25,508,492
26,1000,80,7.7,28,70,952,31,6,11,48,8.590912736,115,842,83.50357322,10.92872959,8.034007821,9.159068255,484,21,468,27,505,495
30,1000,80,7.7,28,58,957,29,6,8,43,8.178080696,104,819,83.31809258,10.56348958,7.900702235,8.459933003,484,20,473,23,504,496
28,1000,80,7.7,28,63,954,31,4,11,46,8.266909192,136,830,83.02033458,10.61022713,8.006368593,8.525373769,478,20,476,26,498,502
29,1000,80,7.7,28,60,952,36,8,4,48,8.090449761,118,829,83.35244614,10.55211785,7.452958997,8.69080514,469,16,483,32,485,515
31,1000,80,7.7,28,48,956,18,15,11,44,8.267055299,93,835,82.67389176,10.37370401,8.053554901,8.46413259,457,23,499,21,480,520
32,1000,80,7.7,28,1,938,32,11,19,62,7.339400494,93,784,79.82718655,8.948594266,6.129672566,8.598505071,490,20,448,42,510,490
25,1000,80,7.7,28,66,950,34,13,3,50,8.431096165,102,813,83.83966031,10.43723893,7.918735831,8.951720374,482,22,468,28,504,496
27,1000,80,7.7,28,64,955,28,11,6,45,8.046140438,102,839,83.45468874,10.52914732,7.763166695,8.338316579,488,20,467,25,508,492
26,1000,80,7.7,28,71,952,30,7,11,48,8.619756782,122,846,83.59079561,10.97373912,8.070470146,9.180140116,484,21,468,27,505,495
30,1000,80,7.7,28,59,958,29,6,7,42,8.146289276,113,837,83.37687369,10.56890136,7.825852931,8.471893948,487,17,471,25,504,496
29,1000,80,7.7,28,61,953,35,8,4,47,8.060208027,120,824,83.38569175,10.58682408,7.435686369,8.648349783,470,15,483,32,485,515
28,1000,80,7.7,28,64,954,30,6,10,46,8.280401129,110,832,83.09301973,10.65545308,8.013681881,8.544995125,478,20,476,26,498,502
31,1000,80,7.7,28,49,958,18,13,11,42,8.251630051,104,842,82.68757639,10.39965283,8.037692559,8.449110813,458,22,500,20,480,520
26,1000,80,7.7,28,72,952,30,7,11,48,8.655912999,111,826,83.64546186,10.98745103,8.095797894,9.227343561,484,21,468,27,505,495
27,1000,80,7.7,28,65,954,29,11,6,46,8.059400817,111,840,83.481861,10.57695231,7.776251172,8.351758579,487,21,467,25,508,492
32,1000,80,7.7,28,2,938,31,12,19,62,7.374015459,89,794,79.89071163,8.967855332,6.162765231,8.634704472,489,21,449,41,510,490
25,1000,80,7.7,28,67,950,34,13,3,50,8.458180859,94,857,83.89017925,10.47142297,7.963635503,8.960702752,481,23,469,27,504,496
30,1000,80,7.7,28,60,957,30,6,7,43,8.193710403,119,835,83.42699195,10.60761685,7.849422553,8.543551282,487,17,470,26,504,496
29,1000,80,7.7,28,62,953,35,8,4,47,8.095338239,110,842,83.41327567,10.60544905,7.464625891,8.689310061,470,15,483,32,485,515
28,1000,80,7.7,28,65,954,28,8,10,46,8.297434044,105,808,83.1511734,10.71462316,8.030317285,8.562422381,478,20,476,26,498,502
31,1000,80,7.7,28,50,958,19,13,10,42,8.250836776,114,840,82.75040351,10.4110819,8.035769613,8.449360311,459,21,499,21,480,520
26,1000,80,7.7,28,73,954,28,7,11,46,8.644878603,116,864,83.69887866,11.02294578,8.093282152,9.207618416,487,18,467,28,505,495
27,1000,80,7.7,28,66,954,29,11,6,46,8.101954152,107,846,83.52526978,10.60045698,7.821804204,8.391214668,487,21,467,25,508,492
25,1000,80,7.7,28,68,950,32,15,3,50,8.511895428,100,862,83.91518871,10.50962988,7.996648162,9.035453134,481,23,469,27,504,496
30,1000,80,7.7,28,61,956,30,7,7,44,8.21965569,125,824,83.46218145,10.65526188,7.89034358,8.554279286,487,17,469,27,504,496
32,1000,80,7.7,28,3,940,30,12,18,60,7.422412651,88,790,79.93942398,8.991051028,6.165191267,8.730949193,491,19,449,41,510,490
29,1000,80,7.7,28,63,953,35,8,4,47,8.135560352,112,853,83.45949975,10.61909831,7.503952043,8.730375944,470,15,483,32,485,515
28,1000,80,7.7,28,66,954,28,8,10,46,8.303320072,115,828,83.1969708,10.75155728,8.03136864,8.57310456,478,20,476,26,498,502
26,1000,80,7.7,28,74,955,28,7,10,45,8.66079472,114,834,83.73408687,11.05603706,8.101851287,9.231029939,488,17,467,28,505,495
31,1000,80,7.7,28,51,958,19,13,10,42,8.267561829,99,830,82.80766805,10.40874466,8.031744456,8.485239404,460,20,498,22,480,520
27,1000,80,7.7,28,67,954,30,10,6,46,8.100831195,112,827,83.59544554,10.59670442,7.852698408,8.35703334,487,21,467,25,508,492
30,1000,80,7.7,28,62,956,30,6,8,44,8.269075598,114,842,83.54305692,10.68779733,7.93199978,8.611588123,487,17,469,27,504,496
25,1000,80,7.7,28,69,949,33,15,3,51,8.545551214,103,852,83.96996254,10.54144907,8.032502656,9.066874749,480,24,469,27,504,496
32,1000,80,7.7,28,4,941,30,11,18,59,7.412661183,85,787,79.97062659,9.017357919,6.138978053,8.738331379,493,17,448,42,510,490
29,1000,80,7.7,28,64,953,35,8,4,47,8.148306174,105,857,83.5032355,10.63067359,7.529423117,8.73113779,470,15,483,32,485,515
28,1000,80,7.7,28,67,955,28,7,10,45,8.309396872,100,816,83.24451036,10.76670721,8.045774208,8.570918957,478,20,477,25,498,502
26,1000,80,7.7,28,75,952,30,8,10,48,8.688057837,109,835,83.80132935,11.10358994,8.11942837,9.268174767,486,19,466,29,505,495
27,1000,80,7.7,28,68,956,28,10,6,44,8.098601916,120,845,83.6564845,10.63841352,7.932449507,8.270157655,487,21,469,23,508,492
31,1000,80,7.7,28,52,957,21,13,9,43,8.301512566,105,844,82.84339673,10.44099992,8.09925125,8.48821532,458,22,499,21,480,520
30,1000,80,7.7,28,63,956,30,7,7,44,8.253203492,105,856,83.55877367,10.73122601,7.928633404,8.583008582,487,17,469,27,504,496
25,1000,80,7.7,28,70,949,33,15,3,51,8.59523899,96,842,84.04914464,10.5583983,8.101718398,9.096719592,480,24,469,27,504,496
29,1000,80,7.7,28,65,953,35,8,4,47,8.151300044,119,840,83.5701492,10.6779139,7.527151356,8.739090557,470,15,483,32,485,515
28,1000,80,7.7,28,68,954,29,7,10,46,8.335172671,96,827,83.30887217,10.79766427,8.043583354,8.624438567,478,20,476,26,498,502
32,1000,80,7.7,28,5,941,31,10,18,59,7.409719857,81,788,80.00703452,9.04030747,6.118526563,8.753614917,493,17,448,42,510,490
26,1000,80,7.7,28,76,953,29,8,10,47,8.664997017,114,844,83.82472781,11.17307401,8.075880848,9.266014522,486,19,467,28,505,495
27,1000,80,7.7,28,69,957,28,9,6,43,8.111794206,101,823,83.71762712,10.68213174,7.970767748,8.25740689,487,21,470,22,508,492
30,1000,80,7.7,28,64,954,32,7,7,46,8.273215655,101,849,83.62549996,10.75382242,7.968615621,8.582728592,486,18,468,28,504,496
31,1000,80,7.7,28,53,956,23,14,7,44,8.289345285,112,835,82.89876506,10.46845757,8.124973232,8.441073334,458,22,498,22,480,520
25,1000,80,7.7,28,71,949,33,15,3,51,8.59755517,121,846,84.10381481,10.60717164,8.115789035,9.087091726,480,24,469,27,504,496
29,1000,80,7.7,28,66,955,33,8,4,45,8.186737308,115,841,83.65992819,10.7181378,7.592415447,8.746438479,471,14,484,31,485,515
28,1000,80,7.7,28,69,954,28,8,10,46,8.360482931,111,832,83.38352098,10.83413196,8.070410994,8.648243537,478,20,476,26,498,502
26,1000,80,7.7,28,77,953,28,9,10,47,8.668692511,117,836,83.9049672,11.19944368,8.075853291,9.273508281,486,19,467,28,505,495
32,1000,80,7.7,28,6,944,28,11,17,56,7.376897957,116,801,80.08389587,9.080525488,6.114136955,8.691200224,493,17,451,39,510,490
30,1000,80,7.7,28,65,954,32,7,7,46,8.246275012,121,867,83.69628157,10.78136435,7.917467009,8.58038637,486,18,468,28,504,496
27,1000,80,7.7,28,70,958,27,9,6,42,8.144473376,106,824,83.78078237,10.67951025,8.052233281,8.239713149,488,20,470,22,508,492
31,1000,80,7.7,28,54,956,23,14,7,44,8.296715,116,815,82.98957497,10.48823863,8.135268948,8.445742125,457,23,499,21,480,520
25,1000,80,7.7,28,72,949,33,15,3,51,8.646333174,101,838,84.13276239,10.62299699,8.155650075,9.144930517,480,24,469,27,504,496
29,1000,80,7.7,28,67,956,32,8,4,44,8.231159744,106,827,83.72843354,10.75368319,7.674424993,8.755463344,471,14,485,30,485,515
28,1000,80,7.7,28,70,956,26,8,10,44,8.333936659,120,846,83.44994843,10.84266194,8.07625923,8.589560882,479,19,477,25,498,502
26,1000,80,7.7,28,78,952,28,10,10,48,8.710856288,109,838,83.93295032,11.23951529,8.142757193,9.290432133,485,20,467,28,505,495
32,1000,80,7.7,28,7,944,28,11,17,56,7.39990402,96,805,80.13507307,9.105236683,6.151763351,8.698989207,494,16,450,40,510,490
30,1000,80,7.7,28,66,955,31,6,8,45,8.27856358,99,852,83.72790142,10.79643583,7.933846945,8.628840161,486,18,469,27,504,496
27,1000,80,7.7,28,71,959,26,9,6,41,8.166377975,138,864,83.82106595,10.70274198,8.096070509,8.238971862,489,19,470,22,508,492
31,1000,80,7.7,28,55,956,23,14,7,44,8.293208786,123,837,83.02128282,10.52625725,8.1194755,8.453577972,457,23,499,21,480,520
25,1000,80,7.7,28,73,948,35,15,2,52,8.665435404,108,852,84.19572116,10.66502407,8.175069547,9.163710387,480,24,468,28,504,496
29,1000,80,7.7,28,68,954,34,8,4,46,8.269506436,99,816,83.79050038,10.77950279,7.733542099,8.77424955,470,15,484,31,485,515
28,1000,80,7.7,28,71,954,26,10,10,46,8.343047248,111,815,83.51123187,10.87568149,8.10227236,8.581903611,479,19,475,27,498,502
26,1000,80,7.7,28,79,954,26,10,10,46,8.711270869,122,820,83.98296637,11.27648269,8.138722074,9.295386306,486,19,468,27,505,495
30,1000,80,7.7,28,67,955,31,6,8,45,8.295442687,117,844,83.80297746,10.84501268,7.967986632,8.628180292,486,18,469,27,504,496
27,1000,80,7.7,28,72,959,26,9,6,41,8.157462308,123,835,83.85227902,10.72790899,8.093094446,8.223923434,489,19,470,22,508,492
32,1000,80,7.7,28,8,945,28,11,16,55,7.423726226,95,808,80.15609935,9.147691697,6.190653146,8.707128819,494,16,451,39,510,490
29,1000,80,7.7,28,69,955,33,8,4,45,8.256273194,117,826,83.83178309,10.81101811,7.723341121,8.75816068,470,15,485,30,485,515
31,1000,80,7.7,28,56,955,24,14,7,45,8.313864315,105,843,83.07176574,10.56748575,8.134961974,8.479004937,457,23,498,22,480,520
25,1000,80,7.7,28,74,947,36,15,2,53,8.707824727,116,841,84.26772817,10.65872587,8.162791635,9.261648676,480,24,467,29,504,496
28,1000,80,7.7,28,72,954,27,10,9,46,8.362665823,109,839,83.57305082,10.9054835,8.120841288,8.602563469,479,19,475,27,498,502
26,1000,80,7.7,28,80,953,28,9,10,47,8.716504043,111,853,84.07381182,11.30214109,8.185711255,9.258019917,484,21,469,26,505,495
30,1000,80,7.7,28,68,954,33,6,7,46,8.295209251,101,856,83.8658051,10.88058069,7.933423153,8.662830609,487,17,467,29,504,496
27,1000,80,7.7,28,73,958,27,9,6,42,8.187772883,120,861,83.89326185,10.79071731,8.157415358,8.219117644,489,19,469,23,508,492
29,1000,80,7.7,28,70,955,32,8,5,45,8.269686053,116,832,83.91135776,10.83902848,7.763245963,8.746624778,470,15,485,30,485,515
32,1000,80,7.7,28,9,945,28,11,16,55,7.424060034,101,802,80.22055291,9.169378547,6.211440302,8.68617445,494,16,451,39,510,490
25,1000,80,7.7,28,75,946,37,14,3,54,8.746906328,125,843,84.3305131,10.67962872,8.207960947,9.294544377,480,24,466,30,504,496
31,1000,80,7.7,28,57,956,23,13,8,44,8.341151954,107,833,83.11441854,10.60488701,8.152416302,8.515369478,458,22,498,22,480,520
28,1000,80,7.7,28,73,953,27,11,9,47,8.338568347,118,843,83.60879881,10.91798192,8.090360617,8.584798327,478,20,475,27,498,502
26,1000,80,7.7,28,81,952,29,9,10,48,8.71657508,125,831,84.10097389,11.34868334,8.194064944,9.249640976,484,21,468,27,505,495
30,1000,80,7.7,28,69,956,31,5,8,44,8.331981729,107,836,83.90685624,10.91043281,7.978875092,8.690783634,487,17,469,27,504,496
27,1000,80,7.7,28,74,958,26,10,6,42,8.236515329,93,848,83.95669571,10.83123243,8.226879239,8.246464787,489,19,469,23,508,492
29,1000,80,7.7,28,71,955,32,8,5,45,8.27671953,123,845,83.93006904,10.87631899,7.750305403,8.772468755,470,15,485,30,485,515
28,1000,80,7.7,28,74,952,29,10,9,48,8.342225423,105,826,83.67546727,10.94202811,8.094782924,8.587696269,479,19,473,29,498,502
25,1000,80,7.7,28,76,947,36,13,4,53,8.778310092,113,838,84.40884776,10.7028726,8.250344258,9.314791503,480,24,467,29,504,496
31,1000,80,7.7,28,58,955,25,12,8,45,8.357013019,118,829,83.16534784,10.64784277,8.142915697,8.554641317,458,22,497,23,480,520
26,1000,80,7.7,28,82,952,29,9,10,48,8.733965482,107,840,84.14578581,11.35705812,8.199826161,9.278895497,484,21,468,27,505,495
32,1000,80,7.7,28,10,946,27,11,16,54,7.435292222,97,819,80.30524079,9.177503926,6.274982395,8.642961634,494,16,452,38,510,490
30,1000,80,7.7,28,70,955,32,5,8,45,8.376117116,113,846,83.95569257,10.93577242,8.003714947,8.754525773,488,16,467,29,504,496
27,1000,80,7.7,28,75,956,28,10,6,44,8.26062372,105,837,84.0064583,10.86496298,8.244463282,8.277309701,489,19,467,25,508,492
29,1000,80,7.7,28,72,953,34,8,5,47,8.300348896,110,852,83.98777374,10.90820905,7.775380529,8.794736581,469,16,484,31,485,515
28,1000,80,7.7,28,75,953,28,10,9,47,8.393431497,122,838,83.72815583,10.97184946,8.152223917,8.632717106,479,19,474,28,498,502
26,1000,80,7.7,28,83,952,29,9,10,48,8.759610351,129,845,84.1928611,11.3681855,8.22228213,9.307793688,484,21,468,27,505,495
25,1000,80,7.7,28,77,946,37,13,4,54,8.804271666,131,834,84.42305598,10.75306164,8.307942417,9.308606226,479,25,467,29,504,496
31,1000,80,7.7,28,59,955,25,11,9,45,8.363111093,121,839,83.22830671,10.66232212,8.136016287,8.572737067,458,22,497,23,480,520
32,1000,80,7.7,28,11,946,28,11,15,54,7.435933179,97,800,80.35315241,9.222995067,6.272019947,8.647353073,494,16,452,38,510,490
30,1000,80,7.7,28,71,954,33,5,8,46,8.390676977,116,845,84.03254373,10.96403709,8.020586508,8.766736647,488,16,466,30,504,496
27,1000,80,7.7,28,76,956,27,11,6,44,8.320400486,110,838,84.0898895,10.88141314,8.301368724,8.340051166,489,19,467,25,508,492
29,1000,80,7.7,28,73,951,36,8,5,49,8.310993425,122,843,84.03929301,10.93025285,7.770467158,8.820032725,470,15,481,34,485,515
28,1000,80,7.7,28,76,953,29,10,8,47,8.429588319,129,836,83.77298713,11.01479857,8.150791499,8.706163651,479,19,474,28,498,502
26,1000,80,7.7,28,84,951,31,8,10,49,8.751934595,133,827,84.25724315,11.38527321,8.207963967,9.306894529,483,22,468,27,505,495
25,1000,80,7.7,28,78,945,37,14,4,55,8.845849471,107,847,84.44089566,10.76291266,8.352774037,9.346877736,479,25,466,30,504,496
31,1000,80,7.7,28,60,953,27,11,9,47,8.386523713,99,824,83.2580601,10.70057141,8.204790384,8.554277555,457,23,496,24,480,520
30,1000,80,7.7,28,72,954,33,5,8,46,8.381188823,115,827,84.05646202,11.00553227,8.002565343,8.765919132,488,16,466,30,504,496
32,1000,80,7.7,28,12,946,27,12,15,54,7.45223928,107,815,80.37353158,9.232922474,6.28926189,8.662685135,494,16,452,38,510,490
27,1000,80,7.7,28,77,956,27,11,6,44,8.318843115,134,847,84.14270426,10.91166095,8.292370203,8.346176936,489,19,467,25,508,492
29,1000,80,7.7,28,74,951,36,8,5,49,8.295624207,118,820,84.09921899,10.96167509,7.751067,8.808459634,470,15,481,34,485,515
28,1000,80,7.7,28,77,952,30,10,8,48,8.423754903,103,833,83.82655043,11.05910054,8.144386283,8.700897479,478,20,474,28,498,502
26,1000,80,7.7,28,85,951,31,8,10,49,8.787416555,108,870,84.33482864,11.39626734,8.243972024,9.341839763,483,22,468,27,505,495
25,1000,80,7.7,28,79,942,40,14,4,58,8.904186447,106,857,84.50747824,10.7828879,8.414056584,9.40222163,478,26,464,32,504,496
31,1000,80,7.7,28,61,953,27,11,9,47,8.385742847,105,833,83.34999528,10.72902457,8.177642168,8.577835781,457,23,496,24,480,520
30,1000,80,7.7,28,73,955,32,5,8,45,8.392043172,120,856,84.11066545,11.04481986,8.01382096,8.776365742,488,16,467,29,504,496
32,1000,80,7.7,28,13,947,27,11,15,53,7.449783015,94,781,80.43777767,9.281185706,6.296457115,8.650183441,494,16,453,37,510,490
29,1000,80,7.7,28,75,949,37,8,6,51,8.330879415,110,861,84.14532548,10.99537553,7.802845972,8.828153628,469,16,480,35,485,515
27,1000,80,7.7,28,78,954,29,11,6,46,8.358948284,118,840,84.18157457,10.95003587,8.336195124,8.382441383,488,20,466,26,508,492
28,1000,80,7.7,28,78,952,29,10,9,48,8.455046576,129,839,83.88871463,11.08092004,8.209012009,8.699120709,478,20,474,28,498,502
26,1000,80,7.7,28,86,950,32,7,11,50,8.817751312,128,840,84.41725777,11.4301361,8.292899294,9.353206402,483,22,467,28,505,495
25,1000,80,7.7,28,80,943,40,13,4,57,8.900697042,104,850,84.55966473,10.80992097,8.411481009,9.397803657,479,25,464,32,504,496
31,1000,80,7.7,28,62,953,26,12,9,47,8.401502473,116,827,83.42603252,10.76306101,8.187800247,8.598766067,457,23,496,24,480,520
30,1000,80,7.7,28,74,956,31,5,8,44,8.399786574,113,839,84.17177362,11.07027767,8.010558739,8.795292278,489,15,467,29,504,496
29,1000,80,7.7,28,76,948,38,8,6,52,8.375028425,126,831,84.18712686,11.04475142,7.828557707,8.889665897,468,17,480,35,485,515
27,1000,80,7.7,28,79,953,30,11,6,47,8.407692723,125,860,84.21758066,10.97546785,8.397237817,8.418487627,488,20,465,27,508,492
32,1000,80,7.7,28,14,950,27,9,14,50,7.427258751,86,835,80.45368862,9.300859335,6.285940653,8.61516126,495,15,455,35,510,490
28,1000,80,7.7,28,79,951,31,9,9,49,8.470485062,130,838,83.91071984,11.12791682,8.232310187,8.70676213,477,21,474,28,498,502
26,1000,80,7.7,28,87,949,32,7,12,51,8.834509484,125,844,84.46992089,11.47030231,8.322686566,9.356672259,482,23,467,28,505,495
25,1000,80,7.7,28,81,941,41,14,4,59,8.932337652,103,841,84.58789396,10.83542528,8.463424699,9.408813717,478,26,463,33,504,496
30,1000,80,7.7,28,75,957,30,5,8,43,8.43194955,132,824,84.18227371,11.10020417,8.027573378,8.842847918,490,14,467,29,504,496
31,1000,80,7.7,28,63,952,25,14,9,48,8.431186723,107,851,83.44461219,10.79572288,8.257224548,8.591767192,456,24,496,24,480,520
29,1000,80,7.7,28,77,949,36,9,6,51,8.403184184,125,856,84.20886739,11.08254399,7.863175048,8.911736476,469,16,480,35,485,515
27,1000,80,7.7,28,80,954,29,12,5,46,8.417956325,140,843,84.25932755,11.00319012,8.372278478,8.465119631,488,20,466,26,508,492
28,1000,80,7.7,28,80,951,31,9,9,49,8.494424893,124,837,83.98166074,11.15850437,8.235219239,8.751565163,477,21,474,28,498,502
26,1000,80,7.7,28,88,949,31,7,13,51,8.842205307,114,847,84.52694175,11.48613727,8.338177716,9.356415273,482,23,467,28,505,495
32,1000,80,7.7,28,15,951,25,11,13,49,7.459319177,91,783,80.46366765,9.325621904,6.321061006,8.644036865,495,15,456,34,510,490
30,1000,80,7.7,28,76,956,31,5,8,44,8.462573271,120,853,84.24391593,11.14461139,8.034075795,8.897981996,490,14,466,30,504,496
25,1000,80,7.7,28,82,940,42,14,4,60,8.956637825,108,852,84.65188944,10.86844863,8.52054511,9.399764293,478,26,462,34,504,496
31,1000,80,7.7,28,64,951,27,14,8,49,8.428336551,104,809,83.50587933,10.82242464,8.226353723,8.614782239,455,25,496,24,480,520
29,1000,80,7.7,28,78,949,36,9,6,51,8.430347548,105,855,84.28912558,11.10206024,7.895567807,8.933975071,469,16,480,35,485,515
27,1000,80,7.7,28,81,954,28,13,5,46,8.455827731,110,839,84.30919336,11.03028072,8.411490122,8.501607212,488,20,466,26,508,492
26,1000,80,7.7,28,89,947,32,8,13,53,8.880434049,115,867,84.53660327,11.53243642,8.351618296,9.419932948,481,24,466,29,505,495
28,1000,80,7.7,28,81,950,32,9,9,50,8.501432069,136,848,84.02947213,11.18729343,8.259490985,8.741445336,477,21,473,29,498,502
32,1000,80,7.7,28,16,951,26,11,12,49,7.459987682,90,813,80.49187778,9.34615741,6.35600972,8.609025968,495,15,456,34,510,490
30,1000,80,7.7,28,77,956,31,4,9,44,8.454218772,119,833,84.32052617,11.19827092,8.053454287,8.861447201,490,14,466,30,504,496
25,1000,80,7.7,28,83,940,43,14,3,60,8.963714504,119,855,84.73927452,10.89669449,8.523781473,9.41074323,478,26,462,34,504,496
31,1000,80,7.7,28,65,950,28,13,9,50,8.446376396,116,849,83.58759709,10.85486158,8.263813425,8.614896062,454,26,496,24,480,520
29,1000,80,7.7,28,79,948,37,9,6,52,8.421320723,106,850,84.33906522,11.15288867,7.903495447,8.90898142,468,17,480,35,485,515
27,1000,80,7.7,28,82,953,29,13,5,47,8.464130751,137,854,84.38042017,11.07125245,8.433094713,8.49617609,487,21,466,26,508,492
26,1000,80,7.7,28,90,946,33,8,13,54,8.896964905,123,851,84.59787159,11.55770959,8.367804684,9.436815231,481,24,465,30,505,495
28,1000,80,7.7,28,82,948,34,9,9,52,8.544263603,109,866,84.06626452,11.19610509,8.289359705,8.797136394,476,22,472,30,498,502
30,1000,80,7.7,28,78,955,32,4,9,45,8.502456784,120,841,84.35074061,11.22155352,8.095497786,8.915979637,489,15,466,30,504,496
32,1000,80,7.7,28,17,952,26,11,11,48,7.445502091,83,811,80.57488409,9.383597184,6.359097967,8.576249241,495,15,457,33,510,490
25,1000,80,7.7,28,84,940,43,14,3,60,8.975542633,94,852,84.806897,10.91399587,8.540723395,9.417375085,478,26,462,34,504,496
31,1000,80,7.7,28,66,951,28,12,9,49,8.434392377,110,842,83.64462545,10.9004095,8.265015911,8.590739884,454,26,497,23,480,520
29,1000,80,7.7,28,80,948,36,10,6,52,8.423840967,110,840,84.39660218,11.16955647,7.898237252,8.91882699,469,16,479,36,485,515
26,1000,80,7.7,28,91,946,32,9,13,54,8.933591831,119,846,84.67066658,11.59077656,8.415683009,9.461963458,481,24,465,30,505,495
27,1000,80,7.7,28,83,954,28,13,5,46,8.455789021,135,859,84.42872316,11.10513355,8.444706749,8.467231693,487,21,467,25,508,492
28,1000,80,7.7,28,83,949,33,9,9,51,8.534523053,124,850,84.16205498,11.22244276,8.267158418,8.799757292,477,21,472,30,498,502
30,1000,80,7.7,28,79,954,34,4,8,46,8.517912995,135,844,84.42018844,11.23768296,8.112838267,8.929521187,489,15,465,31,504,496
25,1000,80,7.7,28,85,939,42,15,4,61,8.978178752,116,837,84.86572695,10.93604797,8.529563558,9.434029675,479,25,460,36,504,496
32,1000,80,7.7,28,18,954,25,10,11,46,7.444708164,101,800,80.60813879,9.400504167,6.343525558,8.590836998,497,13,457,33,510,490
29,1000,80,7.7,28,81,946,38,10,6,54,8.412216149,124,851,84.43794769,11.23495075,7.900464455,8.894157065,467,18,479,36,485,515
31,1000,80,7.7,28,67,950,29,11,10,50,8.478066429,109,833,83.68881875,10.94236331,8.334125533,8.610934948,453,27,497,23,480,520
26,1000,80,7.7,28,92,947,30,10,13,53,8.937540162,101,855,84.72122485,11.63734569,8.400249145,9.485685544,481,24,466,29,505,495
27,1000,80,7.7,28,84,954,29,12,5,46,8.501233941,139,849,84.47515791,11.15523696,8.487060404,8.515868406,488,20,466,26,508,492
28,1000,80,7.7,28,84,946,35,10,9,54,8.592729729,114,847,84.2265584,11.24450929,8.320304892,8.86298385,475,23,471,31,498,502
30,1000,80,7.7,28,80,954,33,5,8,46,8.524545252,130,853,84.46527116,11.24032872,8.110567574,8.94519999,489,15,465,31,504,496
25,1000,80,7.7,28,86,939,42,15,4,61,9.012335651,110,859,84.90616657,10.98132444,8.542010472,9.490246719,479,25,460,36,504,496
29,1000,80,7.7,28,82,946,37,11,6,54,8.416170014,126,845,84.47787539,11.24312015,7.893756784,8.908151405,467,18,479,36,485,515
26,1000,80,7.7,28,93,946,30,9,15,54,8.954261057,113,847,84.7969605,11.64620197,8.414277057,9.505153825,480,25,466,29,505,495
31,1000,80,7.7,28,68,950,28,13,9,50,8.50505507,105,829,83.74533627,10.96887275,8.390696159,8.610617142,453,27,497,23,480,520
32,1000,80,7.7,28,19,953,27,9,11,47,7.453602489,101,806,80.6699553,9.421721012,6.374993489,8.576236348,496,14,457,33,510,490
27,1000,80,7.7,28,85,953,30,12,5,47,8.517844196,106,845,84.51532574,11.17743037,8.535170767,8.49995416,487,21,466,26,508,492
28,1000,80,7.7,28,85,949,33,10,8,51,8.5383395,123,864,84.26473028,11.26266917,8.26806567,8.806459754,476,22,473,29,498,502
30,1000,80,7.7,28,81,956,30,6,8,44,8.554541777,142,860,84.51189479,11.25290896,8.128645493,8.987307355,489,15,467,29,504,496
25,1000,80,7.7,28,87,941,40,15,4,59,9.020584108,111,852,84.95606846,10.9942261,8.521186062,9.528036962,481,23,460,36,504,496
26,1000,80,7.7,28,94,944,33,9,14,56,8.958562077,129,853,84.84726587,11.65648959,8.406576704,9.52169867,480,25,464,31,505,495
29,1000,80,7.7,28,83,947,36,11,6,53,8.432832365,105,868,84.5268637,11.26675318,7.880916573,8.952597723,468,17,479,36,485,515
27,1000,80,7.7,28,86,953,30,12,5,47,8.515737498,108,871,84.55501708,11.19886848,8.525653501,8.505499022,487,21,466,26,508,492
28,1000,80,7.7,28,86,948,34,10,8,52,8.589113932,102,838,84.28848518,11.30978331,8.311719901,8.864297651,475,23,473,29,498,502
31,1000,80,7.7,28,69,953,24,13,10,47,8.50520968,117,850,83.82430727,10.99299894,8.363925262,8.635626067,455,25,498,22,480,520
32,1000,80,7.7,28,20,952,28,9,11,48,7.477507695,109,819,80.72476138,9.457912403,6.387082141,8.612440414,496,14,456,34,510,490
30,1000,80,7.7,28,82,957,28,7,8,43,8.53903333,122,864,84.58996336,11.26278914,8.086808664,8.998551943,490,14,467,29,504,496
26,1000,80,7.7,28,95,944,34,6,16,56,8.991424793,106,841,84.90422832,11.67543592,8.444861907,9.549029352,479,26,465,30,505,495
25,1000,80,7.7,28,88,940,41,15,4,60,9.041272916,101,837,85.01184649,11.05649524,8.564845131,9.525385019,481,23,459,37,504,496
29,1000,80,7.7,28,84,949,36,9,6,51,8.429918354,116,842,84.55122141,11.31533054,7.930659722,8.900093959,468,17,481,34,485,515
27,1000,80,7.7,28,87,951,31,13,5,49,8.56349194,125,847,84.61673688,11.26107168,8.59826505,8.527587997,485,23,466,26,508,492
28,1000,80,7.7,28,87,948,34,10,8,52,8.611822829,118,837,84.32396644,11.34833203,8.3319478,8.889467777,475,23,473,29,498,502
31,1000,80,7.7,28,70,955,23,12,10,45,8.491881073,119,844,83.86445854,11.01771832,8.351268216,8.621677558,455,25,500,20,480,520
30,1000,80,7.7,28,83,956,29,7,8,44,8.562976782,119,833,84.61997189,11.25582076,8.111826294,9.021403891,489,15,467,29,504,496
32,1000,80,7.7,28,21,952,28,9,11,48,7.49374418,81,812,80.76414125,9.487711943,6.406194888,8.625683239,496,14,456,34,510,490
26,1000,80,7.7,28,96,945,33,6,16,55,8.988126993,118,844,84.9509045,11.68569333,8.478556982,9.507991349,479,26,466,29,505,495
29,1000,80,7.7,28,85,949,34,10,7,51,8.458399557,114,843,84.62330346,11.37057183,7.948208469,8.938870776,468,17,481,34,485,515
25,1000,80,7.7,28,89,939,42,15,4,61,9.060010286,116,846,85.03765571,11.09700832,8.572164916,9.555724129,481,23,458,38,504,496
28,1000,80,7.7,28,88,949,33,9,9,51,8.64156268,127,848,84.34617544,11.37618012,8.367415114,8.913525804,475,23,474,28,498,502
27,1000,80,7.7,28,88,950,31,14,5,50,8.578817114,110,842,84.69672176,11.29587882,8.610356763,8.546251786,485,23,465,27,508,492
31,1000,80,7.7,28,71,955,24,11,10,45,8.48510818,111,837,83.91726878,11.03438615,8.348683926,8.61103826,455,25,500,20,480,520
30,1000,80,7.7,28,84,956,29,7,8,44,8.577068754,119,830,84.67470289,11.26234615,8.114071162,9.047534048,489,15,467,29,504,496
32,1000,80,7.7,28,22,954,27,9,10,46,7.498715751,117,790,80.84578684,9.537509546,6.436538103,8.604247589,497,13,457,33,510,490
26,1000,80,7.7,28,97,945,34,6,15,55,9.011475861,113,848,84.98920889,11.72421191,8.496826828,9.536521843,479,26,466,29,505,495
29,1000,80,7.7,28,86,948,34,11,7,52,8.474066022,127,834,84.66282789,11.38731672,7.974899438,8.944154941,467,18,481,34,485,515
25,1000,80,7.7,28,90,937,44,15,4,63,9.079174619,124,842,85.07660231,11.15539536,8.604795647,9.561204865,479,25,458,38,504,496
28,1000,80,7.7,28,89,948,33,10,9,52,8.658328158,116,842,84.39781149,11.39877918,8.364423007,8.949891436,475,23,473,29,498,502
27,1000,80,7.7,28,89,951,30,15,4,49,8.594321181,125,858,84.74328834,11.34218945,8.66028518,8.526212011,484,24,467,25,508,492
30,1000,80,7.7,28,85,955,30,7,8,45,8.587543858,123,842,84.71309965,11.28163234,8.10398221,9.078904887,489,15,466,30,504,496
31,1000,80,7.7,28,72,954,25,11,10,46,8.499615649,112,834,83.98765132,11.06963556,8.389144351,8.601589156,454,26,500,20,480,520
26,1000,80,7.7,28,98,945,34,6,15,55,9.034029632,124,843,85.03820193,11.74949948,8.536793239,9.541311205,479,26,466,29,505,495
32,1000,80,7.7,28,23,954,28,9,9,46,7.522635231,111,820,80.89094436,9.551556843,6.40753564,8.683249091,497,13,457,33,510,490
29,1000,80,7.7,28,87,948,33,12,7,52,8.507105443,112,854,84.67054531,11.4283774,8.019499153,8.966307482,467,18,481,34,485,515
25,1000,80,7.7,28,91,937,44,15,4,63,9.102437366,125,866,85.15288098,11.19336871,8.633607411,9.578829095,478,26,459,37,504,496
28,1000,80,7.7,28,90,949,34,10,7,51,8.681551087,119,839,84.47020893,11.41294273,8.375607973,8.985056407,475,23,474,28,498,502
27,1000,80,7.7,28,90,950,31,15,4,50,8.609690646,118,854,84.79805117,11.39030114,8.709246259,8.506897453,483,25,467,25,508,492
30,1000,80,7.7,28,86,956,28,9,7,44,8.562706431,122,851,84.74790873,11.30910739,8.13316913,8.999171752,489,15,467,29,504,496
31,1000,80,7.7,28,73,953,24,13,10,47,8.509185204,99,816,84.02332866,11.09332159,8.399925758,8.610040078,454,26,499,21,480,520
26,1000,80,7.7,28,99,944,35,7,14,56,9.060443288,128,856,85.07957034,11.761693,8.555851666,9.57522868,478,27,466,29,505,495
29,1000,80,7.7,28,88,948,33,12,7,52,8.524126036,112,851,84.72370328,11.48531154,8.036371159,8.983468008,467,18,481,34,485,515
32,1000,80,7.7,28,24,954,28,9,9,46,7.535447516,83,828,80.91859411,9.59125942,6.43562233,8.680163525,497,13,457,33,510,490
28,1000,80,7.7,28,91,950,33,10,7,50,8.68804514,125,842,84.50859033,11.43145723,8.379983369,8.993652236,476,22,474,28,498,502
25,1000,80,7.7,28,92,934,45,17,4,66,9.144960017,118,851,85.22522237,11.22614524,8.669117118,9.628477801,477,27,457,39,504,496
27,1000,80,7.7,28,91,950,30,16,4,50,8.63422491,127,862,84.84361146,11.43706843,8.748529823,8.516202763,483,25,467,25,508,492
30,1000,80,7.7,28,87,957,28,9,6,43,8.554393215,112,848,84.81797278,11.33589723,8.149664561,8.96564975,489,15,468,28,504,496
31,1000,80,7.7,28,74,953,24,13,10,47,8.557988724,132,825,84.05936963,11.12410191,8.432399058,8.673917647,454,26,499,21,480,520
26,1000,80,7.7,28,100,944,35,7,14,56,9.075177831,120,842,85.12295024,11.79563165,8.561888447,9.598836698,478,27,466,29,505,495
29,1000,80,7.7,28,89,948,33,12,7,52,8.507423202,121,847,84.7584337,11.49526355,8.008824153,8.976977645,467,18,481,34,485,515
28,1000,80,7.7,28,92,949,33,11,7,51,8.68373661,111,848,84.57391152,11.46429603,8.371038563,8.99394304,475,23,474,28,498,502
27,1000,80,7.7,28,92,951,30,15,4,49,8.656658538,105,850,84.92657297,11.44293839,8.777685089,8.531696164,484,24,467,25,508,492
32,1000,80,7.7,28,25,953,29,8,10,47,7.549272001,89,825,80.9491292,9.609191052,6.416101867,8.728693977,496,14,457,33,510,490
25,1000,80,7.7,28,93,934,43,17,6,66,9.175940102,106,854,85.32102385,11.26030189,8.702345176,9.657173655,476,28,458,38,504,496
30,1000,80,7.7,28,88,957,28,9,6,43,8.589561663,125,846,84.86210907,11.35846116,8.172779521,9.013066097,489,15,468,28,504,496
31,1000,80,7.7,28,75,952,24,14,10,48,8.567769265,107,854,84.11897314,11.11279973,8.451517999,8.675078127,454,26,498,22,480,520
26,1000,80,7.7,28,101,944,35,7,14,56,9.051327994,118,844,85.17076438,11.81132874,8.578245197,9.53396802,478,27,466,29,505,495
29,1000,80,7.7,28,90,949,32,12,7,51,8.537922461,118,845,84.82324988,11.53847818,8.050978403,8.996500845,467,18,482,33,485,515
28,1000,80,7.7,28,93,949,33,11,7,51,8.66887139,101,894,84.64477824,11.4905509,8.342405884,8.992735578,475,23,474,28,498,502
27,1000,80,7.7,28,93,949,32,15,4,51,8.644840016,115,855,84.98385102,11.47853748,8.769899774,8.515713275,483,25,466,26,508,492
30,1000,80,7.7,28,89,955,30,9,6,45,8.615162268,113,860,84.89281218,11.38909707,8.177388935,9.059996462,488,16,467,29,504,496
25,1000,80,7.7,28,94,934,43,17,6,66,9.169290616,123,852,85.38639488,11.25896318,8.701046554,9.645087001,475,29,459,37,504,496
32,1000,80,7.7,28,26,952,30,8,10,48,7.563830999,103,827,81.00151296,9.632138023,6.435701014,8.738007107,495,15,457,33,510,490
26,1000,80,7.7,28,102,945,34,7,14,55,9.062375852,103,849,85.20795803,11.84026045,8.60713847,9.526809949,478,27,467,28,505,495
31,1000,80,7.7,28,76,953,24,13,10,47,8.615652269,127,850,84.17262037,11.14643672,8.42132378,8.795032413,455,25,498,22,480,520
29,1000,80,7.7,28,91,950,31,12,7,50,8.543670291,118,860,84.9006908,11.56771858,8.053550631,9.00523929,468,17,482,33,485,515
28,1000,80,7.7,28,94,948,33,12,7,52,8.663781176,141,837,84.75257128,11.51955253,8.332712338,8.992212014,474,24,474,28,498,502
27,1000,80,7.7,28,94,949,32,15,4,51,8.664791753,122,844,85.06116524,11.50796071,8.818270891,8.506321424,483,25,466,26,508,492
30,1000,80,7.7,28,90,956,29,9,6,44,8.629258936,115,840,84.92566264,11.4127715,8.170497635,9.095419613,488,16,468,28,504,496
25,1000,80,7.7,28,95,937,40,17,6,63,9.156619732,116,842,85.43975024,11.28853673,8.706138356,9.614366937,475,29,462,34,504,496
32,1000,80,7.7,28,27,951,32,8,9,49,7.583869744,107,806,81.02317415,9.646108748,6.444119917,8.770139973,494,16,457,33,510,490
26,1000,80,7.7,28,103,945,34,7,14,55,9.069436225,124,837,85.2646741,11.87410615,8.624973803,9.522877687,478,27,467,28,505,495
31,1000,80,7.7,28,77,952,25,13,10,48,8.626225704,125,839,84.24039418,11.15559415,8.429900453,8.807449013,456,24,496,24,480,520
29,1000,80,7.7,28,92,948,32,13,7,52,8.535401295,131,870,84.93941767,11.6052077,8.044173783,8.998013613,467,18,481,34,485,515
28,1000,80,7.7,28,95,949,32,12,7,51,8.658829752,116,850,84.85454151,11.55859519,8.288695323,9.026014902,475,23,474,28,498,502
27,1000,80,7.7,28,95,951,31,14,4,49,8.662566628,90,867,85.11888912,11.53326223,8.821691315,8.498267155,485,23,466,26,508,492
30,1000,80,7.7,28,91,956,29,9,6,44,8.645693793,114,852,84.981327,11.45629121,8.183900667,9.114935195,489,15,467,29,504,496
25,1000,80,7.7,28,96,937,41,15,7,63,9.164125789,115,856,85.50308352,11.3212859,8.717625223,9.617827977,475,29,462,34,504,496
26,1000,80,7.7,28,104,944,35,7,14,56,9.087076621,145,854,85.31381205,11.89625046,8.620346569,9.563235563,478,27,466,29,505,495
33,1000,80,7.7,28,0,944,26,15,15,56,7.015,95,826,80.09622761,8.756451748,6.412350598,7.62248996,478,24,466,32,502,498
32,1000,80,7.7,28,28,951,32,8,9,49,7.62509527,97,817,81.07328794,9.670901844,6.485091502,8.811629804,494,16,457,33,510,490
29,1000,80,7.7,28,93,948,32,13,7,52,8.542874951,134,872,84.96997199,11.62463104,8.004049172,9.050312821,467,18,481,34,485,515
31,1000,80,7.7,28,78,953,24,12,11,47,8.64539495,115,838,84.26760528,11.21294587,8.44840275,8.827233904,456,24,497,23,480,520
28,1000,80,7.7,28,96,950,31,12,7,50,8.681058535,122,854,84.93209057,11.5868139,8.324019675,9.035252463,476,22,474,28,498,502
30,1000,80,7.7,28,92,957,27,10,6,43,8.653675163,133,861,84.99824611,11.49609335,8.175510453,9.139552208,490,14,467,29,504,496
27,1000,80,7.7,28,96,950,31,15,4,50,8.685390889,124,859,85.15630965,11.58264821,8.826959775,8.539218136,485,23,465,27,508,492
25,1000,80,7.7,28,97,936,42,15,7,64,9.200490854,124,861,85.55746426,11.3473368,8.774474778,9.633378157,474,30,462,34,504,496
33,1000,80,7.7,28,1,943,28,14,15,57,7.045111351,93,795,80.13979165,8.789512705,6.430893919,7.664262255,478,24,465,33,502,498
29,1000,80,7.7,28,94,948,31,14,7,52,8.565800731,114,836,85.03843229,11.6644547,8.020985968,9.078878711,467,18,481,34,485,515
31,1000,80,7.7,28,79,953,24,13,10,47,8.688878503,109,840,84.31283697,11.24876758,8.503676611,8.859834097,456,24,497,23,480,520
32,1000,80,7.7,28,29,952,29,10,9,48,7.618504669,90,800,81.15703843,9.698911711,6.458013614,8.826362707,495,15,457,33,510,490
28,1000,80,7.7,28,97,949,32,12,7,51,8.704771148,119,855,85.00485373,11.63826767,8.371793078,9.035096007,475,23,474,28,498,502
30,1000,80,7.7,28,93,957,27,10,6,43,8.629168288,128,856,85.01752345,11.52260119,8.138289683,9.127964289,490,14,467,29,504,496
27,1000,80,7.7,28,97,950,31,15,4,50,8.668209321,122,856,85.1983475,11.60900943,8.80839217,8.523467681,485,23,465,27,508,492
25,1000,80,7.7,28,98,935,42,15,8,65,9.205242073,118,851,85.6427749,11.38419621,8.798094175,9.618956873,473,31,462,34,504,496
33,1000,80,7.7,28,2,944,28,13,15,56,7.108003093,91,788,80.16599364,8.847989073,6.457534392,7.763696441,479,23,465,33,502,498
29,1000,80,7.7,28,95,948,31,14,7,52,8.590125154,134,863,85.12201503,11.68113973,8.026454915,9.120960233,467,18,481,34,485,515
31,1000,80,7.7,28,80,952,25,13,10,48,8.755656377,114,840,84.38869655,11.27468762,8.575361296,8.922082605,456,24,496,24,480,520
28,1000,80,7.7,28,98,950,32,11,7,50,8.709138855,120,857,85.06092069,11.67272603,8.384935171,9.030759241,475,23,475,27,498,502
32,1000,80,7.7,28,30,953,28,10,9,47,7.642385512,103,821,81.19831607,9.758189502,6.507792253,8.823288699,495,15,458,32,510,490
30,1000,80,7.7,28,94,956,28,10,6,44,8.628208289,134,844,85.03928653,11.56658094,8.12024653,9.14436298,490,14,466,30,504,496
27,1000,80,7.7,28,98,949,32,15,4,51,8.713429191,117,863,85.26643152,11.63499421,8.85454714,8.56772204,484,24,465,27,508,492
25,1000,80,7.7,28,99,935,42,15,8,65,9.225749416,122,872,85.71260974,11.42697143,8.825582925,9.632370206,472,32,463,33,504,496
33,1000,80,7.7,28,3,945,29,11,15,55,7.128974605,102,797,80.1977698,8.865795729,6.486576456,7.776532578,479,23,466,32,502,498
29,1000,80,7.7,28,96,948,32,13,7,52,8.59936499,113,866,85.20537173,11.69795972,8.032336061,9.133363108,469,16,479,36,485,515
28,1000,80,7.7,28,99,949,32,12,7,51,8.711398996,122,886,85.08909419,11.72621534,8.409212598,9.011177535,474,24,475,27,498,502
31,1000,80,7.7,28,81,954,24,13,9,46,8.785327231,110,848,84.43196936,11.32738054,8.63846756,8.920890005,457,23,497,23,480,520
30,1000,80,7.7,28,95,955,30,10,5,45,8.623100823,124,845,85.09006426,11.5901588,8.113870834,9.140544198,490,14,465,31,504,496
27,1000,80,7.7,28,99,948,33,15,4,52,8.722681343,115,855,85.30296575,11.65272268,8.853157643,8.587961911,484,24,464,28,508,492
32,1000,80,7.7,28,31,953,28,10,9,47,7.631146831,96,826,81.24313176,9.80763712,6.525373369,8.782053904,495,15,458,32,510,490
33,1000,80,7.7,28,4,946,30,10,14,54,7.118782344,97,811,80.26959943,8.906645937,6.474536567,7.768202786,480,22,466,32,502,498
29,1000,80,7.7,28,97,946,34,13,7,54,8.602102381,132,861,85.28098102,11.73124074,8.016821866,9.153288885,469,16,477,38,485,515
25,1000,80,7.7,28,100,933,42,17,8,67,9.277475362,125,851,85.80818615,11.46419945,8.863808967,9.697813795,471,33,462,34,504,496
28,1000,80,7.7,28,100,949,32,12,7,51,8.697102719,115,846,85.14735751,11.76367425,8.36482634,9.026731476,474,24,475,27,498,502
30,1000,80,7.7,28,96,955,30,10,5,45,8.622802979,135,861,85.1687832,11.63007068,8.120110404,9.133603499,490,14,465,31,504,496
31,1000,80,7.7,28,82,954,24,13,9,46,8.810841677,103,849,84.48088007,11.36722379,8.656649229,8.953173168,457,23,497,23,480,520
27,1000,80,7.7,28,100,947,33,16,4,53,8.729622713,119,852,85.32880117,11.69403464,8.84823623,8.607151846,484,24,463,29,508,492
32,1000,80,7.7,28,32,955,27,9,9,45,7.62130027,107,832,81.2808311,9.838139751,6.494772339,8.793808932,497,13,458,32,510,490
33,1000,80,7.7,28,5,947,30,9,14,53,7.1130855,112,791,80.33481203,8.937858863,6.494842154,7.736294655,480,22,467,31,502,498
29,1000,80,7.7,28,98,946,34,13,7,54,8.619559226,121,870,85.34134144,11.76567351,8.029624871,9.175128474,469,16,477,38,485,515
25,1000,80,7.7,28,101,932,43,17,8,68,9.29961504,120,856,85.89715695,11.49332974,8.880826443,9.725158291,470,34,462,34,504,496
28,1000,80,7.7,28,101,949,32,12,7,51,8.705918857,119,851,85.24823918,11.80334144,8.36266418,9.046438437,474,24,475,27,498,502
30,1000,80,7.7,28,97,956,29,10,5,44,8.628374928,130,856,85.2171835,11.6707941,8.135782682,9.12891221,490,14,466,30,504,496
31,1000,80,7.7,28,83,954,24,13,9,46,8.780039157,109,862,84.55402081,11.39370137,8.605648432,8.941015211,458,22,496,24,480,520
27,1000,80,7.7,28,101,947,34,15,4,53,8.732347917,109,859,85.39271856,11.74870543,8.870296535,8.589913165,484,24,463,29,508,492
33,1000,80,7.7,28,6,946,31,9,14,54,7.158432651,84,817,80.35008021,9.000733778,6.520888193,7.801097948,480,22,466,32,502,498
29,1000,80,7.7,28,99,947,32,14,7,53,8.63170101,127,855,85.42907167,11.79530137,8.07586443,9.155158761,469,16,478,37,485,515
32,1000,80,7.7,28,33,956,24,10,10,44,7.652142407,114,835,81.35414666,9.88880752,6.523116065,8.827251456,497,13,459,31,510,490
25,1000,80,7.7,28,102,933,42,17,8,67,9.295170104,110,870,85.94814489,11.52017099,8.847474116,9.750086996,470,34,463,33,504,496
28,1000,80,7.7,28,102,949,32,12,7,51,8.684950075,133,843,85.30661244,11.8440287,8.36344756,9.003890818,474,24,475,27,498,502
30,1000,80,7.7,28,98,956,30,9,5,44,8.624136804,141,819,85.25716186,11.7139684,8.110864323,9.145687874,490,14,466,30,504,496
31,1000,80,7.7,28,84,953,24,14,9,47,8.790438337,125,829,84.60650027,11.44982656,8.628067152,8.940319431,457,23,496,24,480,520
27,1000,80,7.7,28,102,948,33,15,4,52,8.735251682,134,867,85.44533087,11.76204029,8.872736111,8.593296214,484,24,464,28,508,492
33,1000,80,7.7,28,7,945,33,9,13,55,7.185395294,98,818,80.40898412,9.029210156,6.556734743,7.819105329,480,22,465,33,502,498
29,1000,80,7.7,28,100,948,30,13,9,52,8.682874666,115,879,85.48917392,11.83041907,8.128454519,9.204998493,469,16,479,36,485,515
32,1000,80,7.7,28,34,956,24,10,10,44,7.666891399,114,820,81.40769,9.925930083,6.560930184,8.817993889,497,13,459,31,510,490
25,1000,80,7.7,28,103,931,44,17,8,69,9.32961854,94,856,85.97115414,11.54553074,8.870105895,9.796542679,470,34,461,35,504,496
28,1000,80,7.7,28,103,948,33,12,7,52,8.695073005,132,865,85.34634306,11.86690363,8.38058194,9.007058166,474,24,474,28,498,502
30,1000,80,7.7,28,99,956,30,9,5,44,8.617636274,128,862,85.32320096,11.7483931,8.150086728,9.092726941,489,15,467,29,504,496
31,1000,80,7.7,28,85,953,23,15,9,47,8.785981669,125,839,84.69514124,11.46477473,8.637870186,8.922699961,458,22,495,25,480,520
27,1000,80,7.7,28,103,947,33,16,4,53,8.751341223,137,854,85.49554504,11.79430705,8.928767946,8.568144525,483,25,464,28,508,492
33,1000,80,7.7,28,8,946,32,9,13,54,7.198054272,93,817,80.44910075,9.051790119,6.589062984,7.811937056,480,22,466,32,502,498
29,1000,80,7.7,28,101,950,30,10,10,50,8.680134785,129,847,85.54082883,11.8629425,8.148106949,9.181170707,469,16,481,34,485,515
25,1000,80,7.7,28,104,932,43,17,8,68,9.351295215,130,853,86.04616988,11.57165173,8.887115232,9.822961972,471,33,461,35,504,496
28,1000,80,7.7,28,104,948,33,12,7,52,8.691607995,121,875,85.41331318,11.91286766,8.395494127,8.985362389,474,24,474,28,498,502
34,1000,80,7.7,28,0,947,29,16,8,53,6.968,78,797,79.86994135,8.768022842,6.232245681,7.768267223,503,18,444,35,521,479
30,1000,80,7.7,28,100,955,30,10,5,45,8.61974799,113,843,85.34579228,11.77280234,8.165141706,9.081686633,488,16,467,29,504,496
35,1000,80,7.7,28,0,946,33,11,10,54,6.87,89,794,79.96305604,8.852467077,6.290630975,7.50524109,504,19,442,35,523,477
32,1000,80,7.7,28,35,958,24,8,10,42,7.664123086,107,816,81.42420874,9.943846939,6.584440567,8.787874278,497,13,461,29,510,490
33,1000,80,7.7,28,9,945,33,9,13,55,7.239408774,94,808,80.49738906,9.069088184,6.631857399,7.851840081,480,22,465,33,502,498
27,1000,80,7.7,28,104,947,33,16,4,53,8.771462179,128,874,85.54822438,11.84230953,8.947568823,8.58962849,483,25,464,28,508,492
31,1000,80,7.7,28,86,953,23,15,9,47,8.787743595,116,857,84.75797831,11.50352012,8.632965576,8.930615614,458,22,495,25,480,520
36,1000,80,7.7,28,0,927,32,18,23,73,7.463,103,807,80.09291796,9.038644291,6.646706587,8.28256513,474,27,453,46,501,499
29,1000,80,7.7,28,102,950,31,10,9,50,8.710944964,117,859,85.61145745,11.91395342,8.173333507,9.217239248,469,16,481,34,485,515
30,1000,80,7.7,28,101,953,33,9,5,47,8.638101392,141,839,85.41222739,11.80142977,8.166677776,9.117128615,488,16,465,31,504,496
34,1000,80,7.7,28,1,948,28,16,8,52,6.988213246,99,806,79.87849003,8.778132825,6.297845352,7.739114441,503,18,445,34,521,479
35,1000,80,7.7,28,1,946,33,11,10,54,6.892222199,87,788,80.00494368,8.88702603,6.33477769,7.503424461,504,19,442,35,523,477
32,1000,80,7.7,28,36,959,23,8,10,41,7.7028072,95,814,81.48135946,9.9862611,6.646731747,8.801987773,497,13,462,28,510,490
33,1000,80,7.7,28,10,946,32,9,13,54,7.273688669,94,811,80.5380943,9.105798417,6.677065561,7.87510393,480,22,466,32,502,498
31,1000,80,7.7,28,87,954,22,15,9,46,8.781555722,123,836,84.82922721,11.52806341,8.616916318,8.933530556,458,22,496,24,480,520
29,1000,80,7.7,28,103,950,31,10,9,50,8.755856618,125,863,85.6628008,11.9381957,8.23802394,9.243524285,469,16,481,34,485,515
36,1000,80,7.7,28,1,928,32,17,23,72,7.490302913,95,816,80.15289473,9.049712021,6.687434822,8.296388913,475,26,453,46,501,499
30,1000,80,7.7,28,102,952,33,9,6,48,8.657107802,127,870,85.45246841,11.83284016,8.174086472,9.147919799,488,16,464,32,504,496
34,1000,80,7.7,28,2,949,27,16,8,51,7.002056185,99,838,79.94382765,8.804697254,6.305300589,7.759905174,503,18,446,33,521,479
35,1000,80,7.7,28,2,949,29,12,10,51,6.890214439,86,799,80.04741432,8.903049383,6.290560193,7.547696977,507,16,442,35,523,477
33,1000,80,7.7,28,11,945,33,9,13,55,7.303761185,88,817,80.54328723,9.156160442,6.699043741,7.913335797,479,23,466,32,502,498
32,1000,80,7.7,28,37,961,22,7,10,39,7.67038854,100,828,81.514529,10.01091693,6.625385896,8.758044354,498,12,463,27,510,490
29,1000,80,7.7,28,104,950,31,10,9,50,8.737368432,138,873,85.70276252,11.98255702,8.207541825,9.236331354,469,16,481,34,485,515
31,1000,80,7.7,28,88,954,22,16,8,46,8.762911627,130,850,84.86135093,11.55046639,8.608731794,8.905231473,457,23,497,23,480,520
37,1000,80,7.7,28,0,945,30,14,11,55,7.446,81,787,80.0691209,8.785409041,6.848425197,8.06300813,484,24,461,31,508,492
36,1000,80,7.7,28,2,928,32,17,23,72,7.457053538,90,796,80.23125825,9.054338818,6.681079351,8.236137842,475,26,453,46,501,499
30,1000,80,7.7,28,103,951,35,9,5,49,8.653630194,122,858,85.4809474,11.85945624,8.161414461,9.15378489,488,16,463,33,504,496
34,1000,80,7.7,28,3,951,26,15,8,49,7.010906803,106,793,80.00339052,8.834947134,6.302915233,7.780976966,504,17,447,32,521,479
33,1000,80,7.7,28,12,945,33,9,13,55,7.307433965,120,821,80.60063393,9.171808666,6.716248139,7.903368271,479,23,466,32,502,498
35,1000,80,7.7,28,3,949,30,11,10,51,6.922733272,97,812,80.07987315,8.914337332,6.312317941,7.592014651,507,16,442,35,523,477
32,1000,80,7.7,28,38,958,24,8,10,42,7.703921386,117,800,81.55885657,10.02507792,6.643154672,8.807984701,497,13,461,29,510,490
31,1000,80,7.7,28,89,954,22,15,9,46,8.781202694,107,858,84.91734953,11.58473351,8.634384179,8.916727478,457,23,497,23,480,520
37,1000,80,7.7,28,1,948,30,12,10,52,7.409390671,92,809,80.12756407,8.790760562,6.844675492,7.99247057,485,23,463,29,508,492
36,1000,80,7.7,28,3,930,31,16,23,70,7.490342524,97,804,80.26586324,9.099813845,6.707480896,8.276341874,476,25,454,45,501,499
30,1000,80,7.7,28,104,951,34,10,5,49,8.65676925,127,871,85.49826731,11.88156671,8.181907992,9.13928956,488,16,463,33,504,496
38,1000,80,7.7,28,0,943,36,12,9,57,6.974,98,791,80.26455904,8.887207329,6.18972332,7.777327935,486,20,457,37,506,494
33,1000,80,7.7,28,13,945,33,9,13,55,7.36039121,79,817,80.65464831,9.191471236,6.766406278,7.959147105,479,23,466,32,502,498
34,1000,80,7.7,28,4,951,27,14,8,49,7.049005076,94,774,80.06510477,8.854245977,6.406755433,7.747568883,503,18,448,31,521,479
35,1000,80,7.7,28,4,950,30,11,9,50,6.91348422,101,821,80.15382241,8.984595428,6.33103577,7.552101702,507,16,443,34,523,477
31,1000,80,7.7,28,90,955,21,15,9,45,8.769995277,133,866,84.96354514,11.61476124,8.619604848,8.908817211,457,23,498,22,480,520
37,1000,80,7.7,28,2,950,28,13,9,50,7.375902902,111,809,80.18421437,8.805929175,6.87258277,7.895591169,485,23,465,27,508,492
32,1000,80,7.7,28,39,959,24,8,9,41,7.708775803,105,814,81.61451844,10.06334993,6.650425923,8.810323637,497,13,462,28,510,490
36,1000,80,7.7,28,4,931,30,16,23,69,7.503645749,100,811,80.30911745,9.131135186,6.736269202,8.274097953,476,25,455,44,501,499
38,1000,80,7.7,28,1,945,35,11,9,55,7.010758172,86,818,80.35340936,8.901580096,6.247550407,7.792505397,487,19,458,36,506,494
33,1000,80,7.7,28,14,945,34,8,13,55,7.3742371,100,836,80.71345142,9.227221576,6.767299794,7.986049404,480,22,465,33,502,498
35,1000,80,7.7,28,5,951,30,10,9,49,6.927526825,79,808,80.21693534,9.009332188,6.357541088,7.55247974,507,16,444,33,523,477
34,1000,80,7.7,28,5,951,27,14,8,49,7.061114463,94,801,80.10794836,8.872984974,6.412645397,7.76644303,502,19,449,30,521,479
37,1000,80,7.7,28,3,949,28,14,9,51,7.397499847,91,801,80.21977459,8.819037007,6.904084055,7.906961681,484,24,465,27,508,492
31,1000,80,7.7,28,91,954,23,15,8,46,8.770705734,106,843,85.03422587,11.64616818,8.631284744,8.899402032,457,23,497,23,480,520
36,1000,80,7.7,28,5,931,30,16,23,69,7.539911548,106,802,80.35306904,9.176457881,6.770267112,8.312640731,476,25,455,44,501,499
32,1000,80,7.7,28,40,957,25,9,9,43,7.750301266,116,818,81.68550607,10.10835117,6.734124337,8.807954803,496,14,461,29,510,490
38,1000,80,7.7,28,2,947,34,9,10,53,7.036061344,100,806,80.40397359,8.931814525,6.271626927,7.819065018,489,17,458,36,506,494
33,1000,80,7.7,28,15,946,33,8,13,54,7.383897331,91,804,80.77513818,9.255565107,6.760847839,8.011951237,481,21,465,33,502,498
35,1000,80,7.7,28,6,951,30,10,9,49,6.969663436,104,809,80.30368215,9.018825921,6.423181494,7.568845942,507,16,444,33,523,477
34,1000,80,7.7,28,6,954,25,12,9,46,7.10004202,94,794,80.14778691,8.9168952,6.467502452,7.788044348,504,17,450,29,521,479
37,1000,80,7.7,28,4,950,28,13,9,50,7.422396342,102,793,80.2400892,8.849994109,6.921069695,7.940026295,485,23,465,27,508,492
31,1000,80,7.7,28,92,954,22,16,8,46,8.813341319,140,867,85.10580079,11.68112285,8.716042449,8.903155661,457,23,497,23,480,520
36,1000,80,7.7,28,6,930,31,16,23,70,7.557084858,93,793,80.40283861,9.194667157,6.813326215,8.303824498,475,26,455,44,501,499
33,1000,80,7.7,28,16,946,34,7,13,54,7.38290897,106,803,80.79370064,9.262809092,6.76127227,8.009538735,481,21,465,33,502,498
32,1000,80,7.7,28,41,957,25,9,9,43,7.781909307,103,827,81.73901969,10.12631028,6.799033087,8.804902924,495,15,462,28,510,490
35,1000,80,7.7,28,7,952,29,10,9,48,6.995839858,98,821,80.36572149,9.039387953,6.431419237,7.61469098,508,15,444,33,523,477
38,1000,80,7.7,28,3,947,34,9,10,53,7.057444194,90,823,80.47951861,8.934803464,6.334359831,7.798093358,488,18,459,35,506,494
34,1000,80,7.7,28,7,955,24,12,9,45,7.123148511,81,805,80.18455386,8.962030677,6.499934273,7.80100784,504,17,451,28,521,479
37,1000,80,7.7,28,5,950,27,13,10,50,7.467784146,94,815,80.30717263,8.879548852,6.972735509,7.978931927,485,23,465,27,508,492
31,1000,80,7.7,28,93,953,24,15,8,47,8.818177623,114,843,85.1303448,11.72312699,8.704451063,8.923155986,457,23,496,24,480,520
36,1000,80,7.7,28,7,929,31,16,24,71,7.615129753,99,807,80.47119288,9.232083116,6.884783614,8.348403131,475,26,454,45,501,499
33,1000,80,7.7,28,17,946,34,7,13,54,7.399667091,99,836,80.8485395,9.266063334,6.800454317,8.003692819,481,21,465,33,502,498
35,1000,80,7.7,28,8,957,25,9,9,43,6.984344711,102,801,80.40639382,9.043769757,6.450720102,7.569429974,509,14,448,29,523,477
38,1000,80,7.7,28,4,947,33,11,9,53,7.077282594,107,818,80.53707684,8.961690589,6.366596843,7.805231968,488,18,459,35,506,494
32,1000,80,7.7,28,42,957,25,9,9,43,7.80488804,91,842,81.81363775,10.15981688,6.823743323,8.826079481,495,15,462,28,510,490
34,1000,80,7.7,28,8,955,24,12,9,45,7.159713204,87,828,80.23974911,8.986101111,6.544178018,7.829220161,504,17,451,28,521,479
33,1000,80,7.7,28,18,947,35,6,12,53,7.41799442,102,820,80.88522645,9.294522447,6.840534718,8.000092352,481,21,466,32,502,498
37,1000,80,7.7,28,6,950,27,13,10,50,7.506620684,110,818,80.34425798,8.924226944,7.009834019,8.019563013,485,23,465,27,508,492
36,1000,80,7.7,28,8,933,31,14,22,67,7.57866226,89,798,80.51498153,9.25837792,6.87007841,8.290086125,476,25,457,42,501,499
31,1000,80,7.7,28,94,953,24,14,9,47,8.84414709,116,861,85.19302399,11.75245723,8.716443667,8.962027173,457,23,496,24,480,520
35,1000,80,7.7,28,9,957,25,9,9,43,7.011569367,89,806,80.44826552,9.064625577,6.457186217,7.619415043,509,14,448,29,523,477
38,1000,80,7.7,28,5,948,32,11,9,52,7.072575617,99,821,80.61389068,8.968078033,6.374658358,7.787446331,488,18,460,34,506,494
32,1000,80,7.7,28,43,956,26,9,9,44,7.828682597,119,812,81.90596565,10.19709263,6.845474807,8.852021318,496,14,460,30,510,490
34,1000,80,7.7,28,9,956,24,12,8,44,7.114774835,106,804,80.29796863,9.008464554,6.530614757,7.750155629,505,16,451,28,521,479
33,1000,80,7.7,28,19,949,31,7,13,51,7.460684685,113,803,80.91338202,9.319974175,6.915716827,8.010029794,481,21,468,30,502,498
36,1000,80,7.7,28,9,935,29,14,22,65,7.604852475,108,834,80.55277361,9.307363515,6.911324207,8.301160415,476,25,459,40,501,499
37,1000,80,7.7,28,7,950,27,13,10,50,7.505109748,95,814,80.4195528,8.955516576,7.028898811,7.99680722,485,23,465,27,508,492
31,1000,80,7.7,28,95,954,23,13,10,46,8.857549817,125,843,85.26576565,11.76273043,8.667885806,9.032624288,458,22,496,24,480,520
35,1000,80,7.7,28,10,956,26,9,9,44,7.007895785,109,823,80.45573907,9.098895918,6.473503809,7.593822417,508,15,448,29,523,477
38,1000,80,7.7,28,6,947,32,12,9,53,7.078387556,86,818,80.64721257,9.025881016,6.376171945,7.797661036,487,19,460,34,506,494
32,1000,80,7.7,28,44,955,26,9,10,45,7.860141056,117,828,81.95805663,10.21986587,6.868480772,8.892277269,496,14,459,31,510,490
34,1000,80,7.7,28,10,956,24,12,8,44,7.170448412,95,811,80.36190979,9.037227857,6.610682679,7.779295901,505,16,451,28,521,479
33,1000,80,7.7,28,20,947,33,7,13,53,7.511926218,104,820,80.95047604,9.331436884,6.981738217,8.046372757,480,22,467,31,502,498
36,1000,80,7.7,28,10,936,29,14,21,64,7.594992823,116,833,80.59084847,9.35018613,6.929476841,8.263176205,476,25,460,39,501,499
35,1000,80,7.7,28,11,956,28,8,8,44,7.047722614,99,791,80.47088887,9.148705024,6.558235362,7.584414086,506,17,450,27,523,477
37,1000,80,7.7,28,8,951,25,14,10,49,7.511599196,99,789,80.4872165,8.996618151,7.012952902,8.02646163,486,22,465,27,508,492
31,1000,80,7.7,28,96,953,24,13,10,47,8.882824044,124,861,85.31162875,11.80152271,8.720317787,9.03282982,457,23,496,24,480,520
38,1000,80,7.7,28,7,948,31,12,9,52,7.096415529,92,808,80.71665775,9.059897587,6.384953004,7.825160545,488,18,460,34,506,494
34,1000,80,7.7,28,11,956,25,12,7,44,7.14200873,110,807,80.40828103,9.078272248,6.567005309,7.767429988,505,16,451,28,521,479
33,1000,80,7.7,28,21,947,32,8,13,53,7.573564468,117,806,81.00195022,9.363696124,7.031371484,8.120112417,480,22,467,31,502,498
32,1000,80,7.7,28,45,955,26,9,10,45,7.893573634,101,830,82.0395898,10.26205418,6.892058366,8.935967076,496,14,459,31,510,490
36,1000,80,7.7,28,11,939,27,13,21,61,7.594637166,103,826,80.65952427,9.364257736,6.935370073,8.256546611,476,25,463,36,501,499
35,1000,80,7.7,28,12,958,26,8,8,42,7.076289281,106,822,80.53304925,9.153957427,6.565000018,7.636885265,507,16,451,26,523,477
37,1000,80,7.7,28,9,952,25,13,10,48,7.534841543,95,799,80.53878954,9.012682145,7.050192539,8.035251491,486,22,466,26,508,492
31,1000,80,7.7,28,97,954,25,11,10,46,8.891244872,121,864,85.36054369,11.82447723,8.747986925,9.023482977,457,23,497,23,480,520
38,1000,80,7.7,28,8,949,32,11,8,51,7.109471122,81,821,80.77761858,9.073961883,6.427173849,7.808342417,488,18,461,33,506,494
33,1000,80,7.7,28,22,948,32,8,12,52,7.603615089,97,817,81.06197802,9.364164536,7.042135054,8.169605004,481,21,467,31,502,498
34,1000,80,7.7,28,12,959,22,12,7,41,7.113549929,93,797,80.43987769,9.088082624,6.567838142,7.707111185,505,16,454,25,521,479
36,1000,80,7.7,28,12,939,27,12,22,61,7.626004576,98,801,80.7541015,9.43793008,6.962035263,8.292635088,476,25,463,36,501,499
32,1000,80,7.7,28,46,954,27,9,10,46,7.913179193,100,833,82.0954149,10.31395421,6.916322353,8.950724067,495,15,459,31,510,490
35,1000,80,7.7,28,13,960,25,7,8,40,7.097320128,104,825,80.59748937,9.190868447,6.570542326,7.674898304,508,15,452,25,523,477
37,1000,80,7.7,28,10,955,21,14,10,45,7.538061887,90,802,80.57161561,9.068519839,7.033136109,8.059408015,488,20,467,25,508,492
31,1000,80,7.7,28,98,954,25,11,10,46,8.91549094,114,868,85.42780403,11.83947835,8.770267188,9.049543635,457,23,497,23,480,520
38,1000,80,7.7,28,9,950,32,10,8,50,7.099021313,97,821,80.8645804,9.102383675,6.445661505,7.76825221,487,19,463,31,506,494
33,1000,80,7.7,28,23,948,32,8,12,52,7.638792781,119,828,81.12968631,9.400080984,7.055311361,8.2269608,480,22,468,30,502,498
36,1000,80,7.7,28,13,939,28,12,21,61,7.628110965,100,799,80.80671445,9.442741555,6.963646981,8.295238131,476,25,463,36,501,499
34,1000,80,7.7,28,13,960,21,12,7,40,7.116938552,104,814,80.50242981,9.124018754,6.574803467,7.70660949,506,15,454,25,521,479
35,1000,80,7.7,28,14,959,26,8,7,41,7.086907416,96,796,80.64417333,9.252903269,6.614400164,7.604981406,507,16,452,25,523,477
32,1000,80,7.7,28,47,952,30,9,9,48,7.956866807,124,829,82.1590106,10.33242404,6.964048676,8.990208126,495,15,457,33,510,490
37,1000,80,7.7,28,11,955,22,14,9,45,7.555977597,80,789,80.60865343,9.102934185,7.068065909,8.059756332,488,20,467,25,508,492
31,1000,80,7.7,28,99,954,25,11,10,46,8.945206423,138,852,85.51215514,11.88947153,8.758053152,9.117963289,457,23,497,23,480,520
33,1000,80,7.7,28,24,948,32,8,12,52,7.678817806,100,821,81.18097062,9.43259461,7.058257885,8.304362144,480,22,468,30,502,498
38,1000,80,7.7,28,10,949,33,10,8,51,7.123069356,97,793,80.91038457,9.123868892,6.487242091,7.774341817,487,19,462,32,506,494
36,1000,80,7.7,28,14,938,29,12,21,62,7.629726978,84,821,80.84161839,9.470938097,6.945703436,8.316492097,476,25,462,37,501,499
34,1000,80,7.7,28,14,961,21,11,7,39,7.123987297,107,815,80.54317348,9.110688292,6.600301411,7.693591361,506,15,455,24,521,479
35,1000,80,7.7,28,15,959,27,7,7,41,7.104625117,96,825,80.72370063,9.314877529,6.638667766,7.615517558,506,17,453,24,523,477
32,1000,80,7.7,28,48,953,30,9,8,47,7.949619977,116,826,82.19976819,10.37900255,6.973615079,8.965461811,495,15,458,32,510,490
37,1000,80,7.7,28,12,956,22,13,9,44,7.578267603,92,816,80.67296526,9.141673617,7.084392322,8.088203867,488,20,468,24,508,492
31,1000,80,7.7,28,100,953,26,10,11,47,8.975154412,121,857,85.57641548,11.94508268,8.771869443,9.162802075,457,23,496,24,480,520
33,1000,80,7.7,28,25,949,30,9,12,51,7.723918249,85,816,81.22616857,9.478582,7.099174609,8.353679911,481,21,468,30,502,498
38,1000,80,7.7,28,11,951,32,9,8,49,7.13507413,108,813,80.96567076,9.147767406,6.517287275,7.767867953,487,19,464,30,506,494
36,1000,80,7.7,28,15,941,27,11,21,59,7.643077123,111,825,80.85403482,9.486167363,6.999019942,8.289715695,476,25,465,34,501,499
35,1000,80,7.7,28,16,959,27,7,7,41,7.128831655,94,825,80.77471205,9.355380304,6.687702715,7.612501333,506,17,453,24,523,477
34,1000,80,7.7,28,15,959,23,11,7,41,7.176379932,87,825,80.57542761,9.13056987,6.669746507,7.72743633,506,15,453,26,521,479
37,1000,80,7.7,28,13,956,22,13,9,44,7.601708541,85,832,80.72514983,9.161616211,7.127060032,8.091792775,488,20,468,24,508,492
32,1000,80,7.7,28,49,953,30,9,8,47,7.975254116,135,829,82.23677287,10.42160777,6.971388101,9.020094254,495,15,458,32,510,490
33,1000,80,7.7,28,26,950,30,9,11,50,7.729300255,105,803,81.2942119,9.516934793,7.058705476,8.405281338,482,20,468,30,502,498
31,1000,80,7.7,28,101,953,26,10,11,47,9.014569936,110,858,85.63420184,11.98927097,8.837096993,9.178391115,457,23,496,24,480,520
38,1000,80,7.7,28,12,952,32,8,8,48,7.143129565,106,798,81.00163598,9.197320705,6.540019195,7.760890389,487,19,465,29,506,494
36,1000,80,7.7,28,16,941,27,11,21,59,7.659604318,93,832,80.91674227,9.505729757,7.012705848,8.309095568,475,26,466,33,501,499
35,1000,80,7.7,28,17,958,27,8,7,42,7.20139413,86,838,80.83691338,9.39413034,6.762633936,7.682466628,506,17,452,25,523,477
34,1000,80,7.7,28,16,958,25,11,6,42,7.186851955,90,807,80.63417286,9.173546619,6.693439089,7.723528578,505,16,453,26,521,479
33,1000,80,7.7,28,27,950,30,9,11,50,7.748645097,90,825,81.33816486,9.550053833,7.081425913,8.421223471,482,20,468,30,502,498
37,1000,80,7.7,28,14,956,22,13,9,44,7.63566811,101,817,80.76992849,9.200204414,7.139241542,8.148238631,489,19,467,25,508,492
31,1000,80,7.7,28,102,953,26,10,11,47,9.006258337,126,860,85.70970326,12.02376466,8.830521754,9.16847672,457,23,496,24,480,520
32,1000,80,7.7,28,50,953,30,8,9,47,7.980142531,94,824,82.28197377,10.41470836,7.015442868,8.984217691,495,15,458,32,510,490
36,1000,80,7.7,28,17,941,27,11,21,59,7.688627066,101,805,80.98511976,9.556542747,7.072382796,8.307341253,475,26,466,33,501,499
35,1000,80,7.7,28,18,959,27,8,6,41,7.204949664,92,817,80.90629724,9.431650148,6.759290212,7.693586758,507,16,452,25,523,477
38,1000,80,7.7,28,13,952,32,8,8,48,7.175896736,89,811,81.03942528,9.199591626,6.58717684,7.778917519,487,19,465,29,506,494
34,1000,80,7.7,28,17,958,25,11,6,42,7.171687957,101,819,80.69019983,9.204551507,6.691483431,7.693998098,505,16,453,26,521,479
33,1000,80,7.7,28,28,950,30,9,11,50,7.812952362,107,807,81.39383399,9.581812961,7.11760145,8.513888422,482,20,468,30,502,498
37,1000,80,7.7,28,15,955,23,14,8,45,7.65470005,101,812,80.86558974,9.232552112,7.189084546,8.135457521,489,19,466,26,508,492
31,1000,80,7.7,28,103,952,27,10,11,48,9.011542684,124,871,85.77751262,12.06764831,8.875259189,9.137342833,456,24,496,24,480,520
35,1000,80,7.7,28,19,960,26,8,6,40,7.209199789,96,821,80.9320546,9.470383348,6.778966857,7.68092269,507,16,453,24,523,477
36,1000,80,7.7,28,18,941,26,12,21,59,7.753354378,100,811,81.04187495,9.602342034,7.121004694,8.38823853,475,26,466,33,501,499
32,1000,80,7.7,28,51,953,30,8,9,47,7.992255066,104,832,82.33559168,10.46129775,7.036897302,8.986607023,495,15,458,32,510,490
38,1000,80,7.7,28,14,952,31,9,8,48,7.196148966,97,822,81.09130474,9.224003239,6.624685199,7.781494444,487,19,465,29,506,494
34,1000,80,7.7,28,18,958,25,11,6,42,7.193794239,89,816,80.72571181,9.232854918,6.73927848,7.688163154,505,16,453,26,521,479
33,1000,80,7.7,28,29,950,30,9,11,50,7.860635122,97,811,81.46579663,9.610786705,7.17256018,8.554236771,482,20,468,30,502,498
37,1000,80,7.7,28,16,955,23,14,8,45,7.672862068,102,807,80.90890171,9.244348748,7.2096212,8.15116768,489,19,466,26,508,492
31,1000,80,7.7,28,104,951,28,10,11,49,9.043916275,135,866,85.81140863,12.10237316,8.921253162,9.157143764,456,24,495,25,480,520
35,1000,80,7.7,28,20,959,27,9,5,41,7.241257774,88,804,80.99300154,9.487831725,6.835595539,7.686040477,506,17,453,24,523,477
36,1000,80,7.7,28,19,942,25,12,21,58,7.747245769,110,815,81.10103876,9.608808923,7.135404458,8.361539349,475,26,467,32,501,499
39,1000,80,7.7,28,0,948,17,15,20,52,7.23,86,798,79.81221786,8.733030649,6.425357873,8,474,15,474,37,489,511
38,1000,80,7.7,28,15,952,31,8,9,48,7.222502693,92,813,81.10794956,9.266944228,6.6729632,7.785391324,487,19,465,29,506,494
32,1000,80,7.7,28,52,954,30,8,8,46,7.985639722,99,850,82.42618596,10.47918902,7.047485772,8.962085671,495,15,459,31,510,490
34,1000,80,7.7,28,19,959,23,12,6,41,7.214076274,94,812,80.79870735,9.255439847,6.750228875,7.718595052,506,15,453,26,521,479
33,1000,80,7.7,28,30,951,29,9,11,49,7.869289471,92,807,81.53148976,9.639583675,7.184845145,8.559231343,482,20,469,29,502,498
35,1000,80,7.7,28,21,958,28,9,5,42,7.280064529,85,828,81.04721283,9.520801926,6.880277403,7.71840555,506,17,452,25,523,477
36,1000,80,7.7,28,20,941,26,12,21,59,7.792677246,113,808,81.17290994,9.632844504,7.215035756,8.372633932,475,26,466,33,501,499
37,1000,80,7.7,28,17,955,23,13,9,45,7.705455983,84,811,80.99500871,9.271567702,7.234448623,8.191780656,489,19,466,26,508,492
39,1000,80,7.7,28,1,948,18,14,20,52,7.246433892,107,803,79.89369413,8.745106543,6.458534906,8.000411591,473,16,475,36,489,511
38,1000,80,7.7,28,16,953,30,8,9,47,7.244921087,102,818,81.16626901,9.311126221,6.71279824,7.789969994,487,19,466,28,506,494
32,1000,80,7.7,28,53,954,30,9,7,46,7.968427299,119,845,82.47158178,10.50127499,7.066796428,8.906859431,495,15,459,31,510,490
34,1000,80,7.7,28,20,958,25,11,6,42,7.247158123,110,819,80.85085122,9.264370321,6.755822116,7.781575783,506,15,452,27,521,479
33,1000,80,7.7,28,31,951,29,9,11,49,7.892396204,121,813,81.57400987,9.646348357,7.198344907,8.59202221,483,19,468,30,502,498
35,1000,80,7.7,28,22,960,26,9,5,40,7.296372523,114,825,81.10615335,9.540646791,6.901882144,7.728906,508,15,452,25,523,477
36,1000,80,7.7,28,21,945,25,10,20,55,7.790701815,96,812,81.20013682,9.678666113,7.228963653,8.354691433,476,25,469,30,501,499
37,1000,80,7.7,28,18,957,21,14,8,43,7.703992885,101,828,81.04864336,9.283016321,7.245964256,8.176916754,490,18,467,25,508,492
39,1000,80,7.7,28,2,949,18,13,20,51,7.289807483,79,804,79.95139833,8.778611225,6.471197537,8.073173949,473,16,476,35,489,511
38,1000,80,7.7,28,17,953,30,8,9,47,7.249735861,95,824,81.2379348,9.32572056,6.728772522,7.78335418,487,19,466,28,506,494
33,1000,80,7.7,28,32,951,29,9,11,49,7.921331918,92,837,81.65285112,9.660855953,7.23151985,8.616684646,483,19,468,30,502,498
34,1000,80,7.7,28,21,957,26,11,6,43,7.285259524,88,824,80.90150662,9.303361828,6.801171146,7.811794063,506,15,451,28,521,479
32,1000,80,7.7,28,54,953,31,9,7,47,7.991599638,115,844,82.52536331,10.5374875,7.087123468,8.932993202,494,16,459,31,510,490
35,1000,80,7.7,28,23,961,23,11,5,39,7.310007491,102,830,81.16549625,9.563081832,6.889154759,7.771445601,508,15,453,24,523,477
36,1000,80,7.7,28,22,944,26,10,20,56,7.826209751,96,805,81.25785475,9.692976945,7.252863784,8.401853699,476,25,468,31,501,499
37,1000,80,7.7,28,19,956,22,14,8,44,7.71501874,98,818,81.07758868,9.29969163,7.233684829,8.212005787,489,19,467,25,508,492
39,1000,80,7.7,28,3,950,18,13,19,50,7.292997925,95,793,79.99769864,8.815700484,6.490768835,8.060688776,474,15,476,35,489,511
38,1000,80,7.7,28,18,954,30,8,8,46,7.264975285,101,820,81.2512275,9.356501237,6.777962102,7.763818748,488,18,466,28,506,494
33,1000,80,7.7,28,33,951,30,9,10,49,7.93083323,87,810,81.71232768,9.680868575,7.266706624,8.600294186,483,19,468,30,502,498
34,1000,80,7.7,28,22,958,25,11,6,42,7.275232905,112,811,80.99759477,9.298369599,6.816974374,7.773672768,506,15,452,27,521,479
32,1000,80,7.7,28,55,953,30,9,8,47,7.964596941,109,820,82.57673965,10.5819084,7.113996265,8.849916011,494,16,459,31,510,490
35,1000,80,7.7,28,24,961,23,11,5,39,7.322776547,105,828,81.2312827,9.601452899,6.9146797,7.770228646,508,15,453,24,523,477
36,1000,80,7.7,28,23,945,25,10,20,55,7.839528469,100,810,81.31287455,9.74055439,7.286010373,8.395265074,476,25,469,30,501,499
37,1000,80,7.7,28,20,956,22,14,8,44,7.756753857,100,834,81.14652825,9.334057694,7.285705804,8.243120545,489,19,467,25,508,492
33,1000,80,7.7,28,34,951,30,9,10,49,7.973066204,90,817,81.77998857,9.718096137,7.314011545,8.637414476,483,19,468,30,502,498
39,1000,80,7.7,28,4,950,18,13,19,50,7.300069187,94,800,80.04778931,8.872286351,6.52800496,8.038893857,473,16,477,34,489,511
38,1000,80,7.7,28,19,954,30,8,8,46,7.253938492,98,818,81.28693453,9.387692933,6.769844628,7.749791722,488,18,466,28,506,494
34,1000,80,7.7,28,23,958,27,10,5,42,7.271203549,80,809,81.07306403,9.342745291,6.812709264,7.769899838,505,16,453,26,521,479
35,1000,80,7.7,28,25,961,23,11,5,39,7.336914928,95,818,81.3002196,9.61822696,6.958014617,7.752354892,508,15,453,24,523,477
36,1000,80,7.7,28,24,947,22,11,20,53,7.833668674,109,819,81.38442582,9.786696967,7.280263307,8.389292098,478,23,469,30,501,499
32,1000,80,7.7,28,56,954,29,9,8,46,7.971321457,105,838,82.63545995,10.61343269,7.149026352,8.827179628,494,16,460,30,510,490
37,1000,80,7.7,28,21,955,23,15,7,45,7.771262485,94,812,81.2235309,9.383494908,7.311037246,8.246454398,488,20,467,25,508,492
33,1000,80,7.7,28,35,951,30,8,11,49,7.999478783,107,849,81.8417536,9.762207623,7.307598345,8.696916494,483,19,468,30,502,498
39,1000,80,7.7,28,5,952,17,12,19,48,7.303800765,90,819,80.1081528,8.909380088,6.558987688,8.016547525,473,16,479,32,489,511
38,1000,80,7.7,28,20,953,31,8,8,47,7.27886328,91,826,81.34732729,9.419501102,6.848127246,7.720062537,488,18,465,29,506,494
34,1000,80,7.7,28,24,958,27,10,5,42,7.285992515,96,804,81.11814964,9.367640148,6.81935932,7.793541354,505,16,453,26,521,479
36,1000,80,7.7,28,25,946,23,11,20,54,7.8254933,100,813,81.47501406,9.806385962,7.296778911,8.356326785,476,25,470,29,501,499
35,1000,80,7.7,28,26,960,24,11,5,40,7.360125738,106,808,81.34967305,9.636107491,6.971765629,7.785937766,507,16,453,24,523,477
32,1000,80,7.7,28,57,954,29,9,8,46,7.984174325,111,826,82.70121082,10.63614523,7.156575019,8.845553194,494,16,460,30,510,490
33,1000,80,7.7,28,36,951,29,10,10,49,8.001422782,109,815,81.90032267,9.792540547,7.340225085,8.667931303,483,19,468,30,502,498
37,1000,80,7.7,28,22,957,21,15,7,43,7.763682438,110,807,81.26822305,9.415361254,7.257392203,8.286437397,490,18,467,25,508,492
39,1000,80,7.7,28,6,953,16,12,19,47,7.332518315,93,810,80.14964448,8.922993241,6.606750924,8.027039359,473,16,480,31,489,511
38,1000,80,7.7,28,21,953,31,8,8,47,7.304822286,104,827,81.39854459,9.453522716,6.844421877,7.776406509,488,18,465,29,506,494
34,1000,80,7.7,28,25,957,28,10,5,43,7.31107027,110,812,81.18105712,9.397869234,6.873314217,7.787209944,505,16,452,27,521,479
36,1000,80,7.7,28,26,947,22,11,20,53,7.838993565,95,817,81.52093631,9.8667095,7.322963928,8.357091458,476,25,471,28,501,499
35,1000,80,7.7,28,27,959,25,11,5,41,7.351664419,124,816,81.37795157,9.659170397,6.987195617,7.751281155,506,17,453,24,523,477
33,1000,80,7.7,28,37,952,28,10,10,48,8.001646513,124,812,81.9403887,9.828951961,7.328670436,8.680028021,484,18,468,30,502,498
32,1000,80,7.7,28,58,954,29,9,8,46,8.013553926,118,847,82.8099059,10.65151647,7.17091888,8.890582238,494,16,460,30,510,490
37,1000,80,7.7,28,23,957,21,15,7,43,7.815142649,93,827,81.32804122,9.441601535,7.275125129,8.372721715,490,18,467,25,508,492
39,1000,80,7.7,28,7,956,17,9,18,44,7.318175846,93,795,80.20813817,8.941930955,6.571912652,8.032310292,474,15,482,29,489,511
38,1000,80,7.7,28,22,953,31,8,8,47,7.346557127,99,809,81.4250031,9.466438729,6.880992561,7.823430954,489,17,464,30,506,494
36,1000,80,7.7,28,27,948,23,10,19,52,7.848217743,98,822,81.58640898,9.895689315,7.30199115,8.396633622,477,24,471,28,501,499
34,1000,80,7.7,28,26,957,28,10,5,43,7.356685011,92,810,81.25573374,9.426292215,6.932122611,7.818474176,505,16,452,27,521,479
35,1000,80,7.7,28,28,959,25,11,5,41,7.362883337,115,823,81.43405071,9.72579989,7.000113311,7.760637475,505,18,454,23,523,477
33,1000,80,7.7,28,38,953,27,10,10,47,8.045272368,95,833,81.98684184,9.871693785,7.342852489,8.753334173,484,18,469,29,502,498
37,1000,80,7.7,28,24,956,23,14,7,44,7.829849149,102,810,81.41180079,9.498128645,7.276126625,8.401578908,489,19,467,25,508,492
32,1000,80,7.7,28,59,953,30,9,8,47,8.033751294,133,819,82.85070956,10.65802117,7.208961993,8.892205464,493,17,460,30,510,490
39,1000,80,7.7,28,8,957,17,8,18,43,7.291331828,84,805,80.25505569,8.982947832,6.578698611,7.973284163,474,15,483,28,489,511
38,1000,80,7.7,28,23,954,31,8,7,46,7.400910371,105,816,81.47507399,9.51503188,6.94086771,7.872128157,489,17,465,29,506,494
36,1000,80,7.7,28,28,946,25,10,19,54,7.871547422,96,827,81.6358489,9.943680384,7.335106852,8.410138056,477,24,469,30,501,499
35,1000,80,7.7,28,29,960,26,10,4,40,7.365162771,105,824,81.49192918,9.749567166,6.984587388,7.782439344,506,17,454,23,523,477
34,1000,80,7.7,28,27,958,26,11,5,42,7.3764829,112,830,81.30590333,9.466864983,6.971020778,7.817497026,505,16,453,26,521,479
33,1000,80,7.7,28,39,954,28,9,9,46,8.032847944,105,829,82.0245938,9.901395845,7.347419735,8.723781601,484,18,470,28,502,498
37,1000,80,7.7,28,25,954,25,13,8,46,7.852845852,105,830,81.44518838,9.518341033,7.290853456,8.433114424,489,19,465,27,508,492
32,1000,80,7.7,28,60,954,29,9,8,46,8.024137395,116,808,82.89178533,10.67810491,7.212176704,8.869239339,493,17,461,29,510,490
39,1000,80,7.7,28,9,957,17,8,18,43,7.332778988,103,811,80.33835531,9.015686501,6.610128955,8.024316887,474,15,483,28,489,511
36,1000,80,7.7,28,29,946,26,10,18,54,7.871950755,98,811,81.68588946,9.971489532,7.330970886,8.41509888,478,23,468,31,501,499
35,1000,80,7.7,28,30,959,28,9,4,41,7.394753895,113,809,81.55110252,9.768316388,7.024505701,7.800707366,507,16,452,25,523,477
38,1000,80,7.7,28,24,953,31,9,7,47,7.426227861,96,821,81.51551719,9.550264023,6.957966546,7.905863944,488,18,465,29,506,494
34,1000,80,7.7,28,28,959,25,10,6,41,7.411509405,98,820,81.3718132,9.46178942,6.983264381,7.877304098,505,16,454,25,521,479
33,1000,80,7.7,28,40,955,27,9,9,45,8.046379603,104,834,82.05866057,9.949337164,7.368822549,8.729378883,484,18,471,27,502,498
37,1000,80,7.7,28,26,951,28,13,8,49,7.87329577,87,823,81.49898668,9.577502658,7.315076312,8.449668706,488,20,463,29,508,492
35,1000,80,7.7,28,31,959,28,8,5,41,7.405585654,110,813,81.58316644,9.803108214,7.041924584,7.804316763,507,16,452,25,523,477
36,1000,80,7.7,28,30,945,27,10,18,55,7.906859042,97,821,81.74671536,10.01856858,7.363892243,8.45200206,478,23,467,32,501,499
38,1000,80,7.7,28,25,952,32,9,7,48,7.464863538,98,798,81.52028696,9.578189004,7.015952563,7.924679234,487,19,465,29,506,494
39,1000,80,7.7,28,10,957,17,8,18,43,7.353139797,97,819,80.36033976,9.078148419,6.633264001,8.042022898,474,15,483,28,489,511
32,1000,80,7.7,28,61,955,28,9,8,45,7.983431953,104,804,82.95228686,10.71717396,7.192846723,8.806285969,494,16,461,29,510,490
33,1000,80,7.7,28,41,958,22,10,10,42,8.025887429,108,830,82.14025719,9.979408325,7.390931812,8.665943092,485,17,473,25,502,498
34,1000,80,7.7,28,29,960,24,10,6,40,7.404860171,122,815,81.4235756,9.482604714,6.98785807,7.858426131,505,16,455,24,521,479
37,1000,80,7.7,28,27,950,29,13,8,50,7.929543028,101,830,81.57108587,9.601069251,7.401878315,8.47436757,488,20,462,30,508,492
35,1000,80,7.7,28,32,958,29,8,5,42,7.454243256,98,810,81.61951884,9.791575256,7.092914409,7.850417233,507,16,451,26,523,477
36,1000,80,7.7,28,31,944,28,10,18,56,7.922517204,90,830,81.78419286,10.05804804,7.395764759,8.451380882,477,24,467,32,501,499
39,1000,80,7.7,28,11,959,15,9,17,41,7.34358885,96,826,80.43028435,9.097478427,6.644716622,8.012372646,475,14,484,27,489,511
33,1000,80,7.7,28,42,957,23,11,9,43,8.034857243,117,832,82.16408526,10.0072691,7.39305843,8.681811066,484,18,473,25,502,498
38,1000,80,7.7,28,26,952,31,9,8,48,7.496095681,77,817,81.57228897,9.588922435,7.057931913,7.944903104,487,19,465,29,506,494
34,1000,80,7.7,28,30,960,24,9,7,40,7.448810813,103,834,81.46993381,9.492934182,7.028458652,7.906020575,505,16,455,24,521,479
32,1000,80,7.7,28,62,955,28,9,8,45,7.999399204,97,830,82.9876158,10.75183503,7.219240663,8.811400951,493,17,462,28,510,490
35,1000,80,7.7,28,33,959,29,7,5,41,7.468050007,112,829,81.68791899,9.826215066,7.123341418,7.846000933,507,16,452,25,523,477
36,1000,80,7.7,28,32,945,27,10,18,55,7.94786194,104,820,81.82984769,10.08582342,7.475592458,8.422024285,476,25,469,30,501,499
37,1000,80,7.7,28,28,950,28,14,8,50,7.973111606,99,818,81.58166295,9.66499501,7.437718513,8.525915857,488,20,462,30,508,492
33,1000,80,7.7,28,43,958,21,12,9,42,8.07921702,98,837,82.20137783,10.04219851,7.457641979,8.70578463,485,17,473,25,502,498
39,1000,80,7.7,28,12,960,15,8,17,40,7.345400587,108,815,80.47502238,9.143821879,6.649198193,8.011629493,475,14,485,26,489,511
38,1000,80,7.7,28,27,951,31,10,8,49,7.539999774,107,830,81.61650933,9.625499146,7.108907815,7.981563602,486,20,465,29,506,494
34,1000,80,7.7,28,31,960,23,10,7,40,7.478068705,88,809,81.55275606,9.530198657,7.063347463,7.929153814,505,16,455,24,521,479
32,1000,80,7.7,28,63,956,28,9,7,44,8.003602903,112,835,83.0168627,10.79951383,7.240540812,8.797810386,493,17,463,27,510,490
35,1000,80,7.7,28,34,959,29,7,5,41,7.469821184,110,835,81.7580539,9.86191869,7.160015594,7.809503203,507,16,452,25,523,477
36,1000,80,7.7,28,33,945,28,9,18,55,7.949747043,106,807,81.85141886,10.09758824,7.469226841,8.432193178,477,24,468,31,501,499
33,1000,80,7.7,28,44,958,21,12,9,42,8.083150159,97,823,82.24617092,10.07723848,7.454931915,8.716414333,485,17,473,25,502,498
37,1000,80,7.7,28,29,951,27,15,7,49,7.977452019,103,830,81.59853323,9.696043058,7.42178658,8.551187879,489,19,462,30,508,492
39,1000,80,7.7,28,13,961,14,8,17,39,7.352715303,94,810,80.51759874,9.179482084,6.666141744,8.009729922,475,14,486,25,489,511
38,1000,80,7.7,28,28,953,29,10,8,47,7.535365146,104,828,81.64844831,9.632357103,7.081943052,7.999801542,487,19,466,28,506,494
34,1000,80,7.7,28,32,958,25,10,7,42,7.523308206,95,830,81.62449178,9.563974574,7.099131222,7.984678161,504,17,454,25,521,479
32,1000,80,7.7,28,64,955,29,9,7,45,8.059856841,118,844,83.08659187,10.83556517,7.324234205,8.825504892,493,17,462,28,510,490
35,1000,80,7.7,28,35,957,31,7,5,43,7.505967158,99,816,81.81471717,9.894264747,7.169621575,7.874748583,507,16,450,27,523,477
36,1000,80,7.7,28,34,945,29,10,16,55,7.917691195,117,833,81.93570547,10.10945095,7.440452777,8.396842392,477,24,468,31,501,499
33,1000,80,7.7,28,45,958,21,12,9,42,8.118697254,92,810,82.28532819,10.08612432,7.484978134,8.757506487,485,17,473,25,502,498
37,1000,80,7.7,28,30,951,26,16,7,49,8.005266966,110,805,81.62209669,9.6994531,7.473692728,8.554128171,488,20,463,29,508,492
39,1000,80,7.7,28,14,962,14,6,18,38,7.374037863,105,786,80.54985217,9.204889289,6.684981238,8.033428645,476,13,486,25,489,511
38,1000,80,7.7,28,29,953,29,10,8,47,7.578083603,107,809,81.70875103,9.654568005,7.165645738,8.000540202,487,19,466,28,506,494
34,1000,80,7.7,28,33,958,24,11,7,42,7.566176967,90,825,81.68020456,9.628846862,7.136759842,8.033246534,504,17,454,25,521,479
35,1000,80,7.7,28,36,956,31,8,5,44,7.52760535,104,814,81.86335485,9.922704452,7.183151137,7.905277371,507,16,449,28,523,477
36,1000,80,7.7,28,35,945,30,10,15,55,7.919074646,97,795,81.96769986,10.13360144,7.443842936,8.396211093,477,24,468,31,501,499
32,1000,80,7.7,28,65,955,29,9,7,45,8.108318939,107,826,83.12806948,10.87083987,7.37504229,8.871525247,493,17,462,28,510,490
33,1000,80,7.7,28,46,959,18,13,10,41,8.128960737,115,834,82.32380461,10.11387793,7.503475717,8.759469733,485,17,474,24,502,498
37,1000,80,7.7,28,31,952,26,15,7,48,8.019763429,104,837,81.65896594,9.724003851,7.508177586,8.54798621,488,20,464,28,508,492
39,1000,80,7.7,28,15,962,15,6,17,38,7.416228846,99,824,80.5875418,9.225875502,6.719845644,8.082630775,476,13,486,25,489,511
38,1000,80,7.7,28,30,955,28,9,8,45,7.600555991,115,830,81.75733851,9.692209421,7.199960562,8.010882483,487,19,468,26,506,494
34,1000,80,7.7,28,34,958,24,11,7,42,7.583277548,105,832,81.70684167,9.663960919,7.173712861,8.028753962,503,18,455,24,521,479
35,1000,80,7.7,28,37,957,31,7,5,43,7.549056367,95,830,81.91419735,9.959960524,7.166509844,7.968494168,508,15,449,28,523,477
36,1000,80,7.7,28,36,945,30,11,14,55,7.92380876,108,824,82.01558255,10.16768758,7.468354786,8.381088201,477,24,468,31,501,499
33,1000,80,7.7,28,47,957,20,13,10,43,8.163847196,87,839,82.36297145,10.16958953,7.483760627,8.849396307,485,17,472,26,502,498
32,1000,80,7.7,28,66,955,29,9,7,45,8.125457498,116,826,83.17794988,10.90610105,7.381901301,8.899362928,493,17,462,28,510,490
37,1000,80,7.7,28,32,953,26,15,6,47,8.042870237,100,823,81.72699254,9.767770254,7.534246917,8.568034153,488,20,465,27,508,492
39,1000,80,7.7,28,16,960,17,6,17,40,7.437893632,87,791,80.66633112,9.246860147,6.747855195,8.098223957,475,14,485,26,489,511
38,1000,80,7.7,28,31,957,27,9,7,43,7.543966062,117,817,81.78583285,9.720757244,7.156376177,7.940971085,487,19,470,24,506,494
34,1000,80,7.7,28,35,959,23,10,8,41,7.610479344,111,818,81.74244117,9.688670931,7.216292893,8.039229116,504,17,455,24,521,479
35,1000,80,7.7,28,38,957,30,8,5,43,7.573908408,112,798,81.92459043,10.01049979,7.161188443,8.026429459,508,15,449,28,523,477
36,1000,80,7.7,28,37,944,31,11,14,56,7.988854983,102,819,82.03980971,10.2236369,7.524444336,8.455126997,476,25,468,31,501,499
33,1000,80,7.7,28,48,958,19,13,10,42,8.104992384,106,834,82.42712091,10.19671367,7.40730838,8.808280276,486,16,472,26,502,498
32,1000,80,7.7,28,67,954,30,9,7,46,8.158421836,104,843,83.22642635,10.96792026,7.442356006,8.903714842,492,18,462,28,510,490
37,1000,80,7.7,28,33,954,26,14,6,46,8.081770399,116,819,81.81600262,9.780280089,7.566917412,8.613366573,489,19,465,27,508,492
39,1000,80,7.7,28,17,960,16,7,17,40,7.45859166,111,836,80.71376564,9.264041038,6.789226778,8.099138486,475,14,485,26,489,511
38,1000,80,7.7,28,32,957,27,10,6,43,7.554484598,94,832,81.84581537,9.754413214,7.145345575,7.973562221,488,18,469,25,506,494
34,1000,80,7.7,28,36,958,23,11,8,42,7.616889943,118,831,81.81034734,9.713071495,7.229776208,8.037946844,503,18,455,24,521,479
35,1000,80,7.7,28,39,956,31,8,5,44,7.59665984,103,829,82.00333591,10.06018358,7.175492201,8.058443226,508,15,448,29,523,477
36,1000,80,7.7,28,38,948,29,10,13,52,7.954273421,117,846,82.09005909,10.23772637,7.467391345,8.443106929,478,23,470,29,501,499
33,1000,80,7.7,28,49,960,18,12,10,40,8.079703609,115,825,82.49894084,10.21994391,7.399806491,8.765061748,488,14,472,26,502,498
37,1000,80,7.7,28,34,955,25,14,6,45,8.093861482,125,810,81.89141898,9.809647651,7.598917017,8.604901702,489,19,466,26,508,492
32,1000,80,7.7,28,68,954,30,8,8,46,8.165425757,114,829,83.26544847,10.99960918,7.457513342,8.902232555,491,19,463,27,510,490
39,1000,80,7.7,28,18,960,16,7,17,40,7.478542915,98,795,80.77789313,9.280961972,6.801079647,8.126839467,475,14,485,26,489,511
38,1000,80,7.7,28,33,959,27,9,5,41,7.55202761,98,815,81.89436942,9.814941044,7.138396426,7.975706515,489,17,470,24,506,494
33,1000,80,7.7,28,50,960,18,12,10,40,8.076434304,105,816,82.56382009,10.24985017,7.383738882,8.774693545,488,14,472,26,502,498
36,1000,80,7.7,28,39,948,28,11,13,52,7.973414058,115,820,82.14668962,10.29182723,7.51354042,8.435130877,478,23,470,29,501,499
35,1000,80,7.7,28,40,954,32,9,5,46,7.618089342,96,833,82.07100244,10.10425207,7.204564195,8.071493225,507,16,447,30,523,477
34,1000,80,7.7,28,37,959,22,11,8,41,7.633629315,105,802,81.86619081,9.718911042,7.302293851,7.994017158,502,19,457,22,521,479
37,1000,80,7.7,28,35,956,24,14,6,44,8.129124875,113,838,81.91726357,9.819484441,7.651898485,8.621870821,490,18,466,26,508,492
39,1000,80,7.7,28,19,960,16,7,17,40,7.451870699,111,803,80.80683597,9.315421306,6.778874799,8.095892217,475,14,485,26,489,511
32,1000,80,7.7,28,69,957,28,7,8,43,8.159445045,122,846,83.35133481,11.04038837,7.486009813,8.860367428,491,19,466,24,510,490
33,1000,80,7.7,28,51,960,18,10,12,40,8.101798398,109,851,82.62342764,10.26308275,7.426083638,8.782940586,488,14,472,26,502,498
38,1000,80,7.7,28,34,958,28,9,5,42,7.554549463,108,818,81.92313241,9.839234038,7.155161166,7.963639499,488,18,470,24,506,494
36,1000,80,7.7,28,40,948,28,11,13,52,8.010702696,115,829,82.17467209,10.33836347,7.533600808,8.489716817,478,23,470,29,501,499
35,1000,80,7.7,28,41,955,31,9,5,45,7.60875353,102,821,82.12954254,10.14492585,7.227013971,8.027306547,507,16,448,29,523,477
34,1000,80,7.7,28,38,959,22,12,7,41,7.647530474,99,808,81.91014445,9.744876475,7.321674608,8.001958252,502,19,457,22,521,479
37,1000,80,7.7,28,36,957,25,13,5,43,8.113261486,94,823,81.96044707,9.882441959,7.616239095,8.626447206,492,16,465,27,508,492
33,1000,80,7.7,28,52,961,17,10,12,39,8.130577974,110,821,82.64028687,10.32561989,7.486213399,8.780118169,488,14,473,25,502,498
39,1000,80,7.7,28,20,962,15,6,17,38,7.469116218,107,813,80.84717405,9.358242615,6.785598475,8.123206582,476,13,486,25,489,511
36,1000,80,7.7,28,41,950,27,10,13,50,8.006829407,94,822,82.21721122,10.39609885,7.519614587,8.495996992,479,22,471,28,501,499
35,1000,80,7.7,28,42,954,31,11,4,46,7.630658432,101,813,82.17459433,10.17338418,7.258012407,8.039240971,506,17,448,29,523,477
38,1000,80,7.7,28,35,958,28,9,5,42,7.563945557,90,806,81.98157227,9.860972919,7.202243588,7.934433808,487,19,471,23,506,494
32,1000,80,7.7,28,70,954,31,7,8,46,8.177927793,103,848,83.41122112,11.10583443,7.48087384,8.903432928,490,20,464,26,510,490
34,1000,80,7.7,28,39,960,22,11,7,40,7.68200354,108,846,81.96366976,9.781396314,7.397036345,7.99195742,501,20,459,20,521,479
33,1000,80,7.7,28,53,961,18,9,12,39,8.128922279,103,835,82.70657368,10.34185003,7.456554734,8.806690367,488,14,473,25,502,498
37,1000,80,7.7,28,37,956,26,13,5,44,8.113058306,99,814,82.01108854,9.906888445,7.61407308,8.628270695,491,17,465,27,508,492
36,1000,80,7.7,28,42,950,27,9,14,50,8.032538609,111,819,82.28914995,10.45172858,7.57791962,8.488979718,479,22,471,28,501,499
35,1000,80,7.7,28,43,951,33,11,5,49,7.679575001,113,849,82.24390944,10.19909023,7.31682015,8.077312502,505,18,446,31,523,477
39,1000,80,7.7,28,21,962,16,5,17,38,7.4562747,101,812,80.95096285,9.390571648,6.820190621,8.064973554,475,14,487,24,489,511
38,1000,80,7.7,28,36,958,27,10,5,42,7.58992115,99,824,82.02492166,9.90498214,7.240057207,7.948283813,487,19,471,23,506,494
34,1000,80,7.7,28,40,961,21,11,7,39,7.70541272,104,814,82.01840948,9.82404997,7.443425892,7.990371253,500,21,461,18,521,479
32,1000,80,7.7,28,71,954,31,7,8,46,8.221324364,116,836,83.474995,11.13484529,7.515756657,8.955690753,490,20,464,26,510,490
33,1000,80,7.7,28,54,962,19,8,11,38,8.133885846,95,837,82.78004134,10.36682154,7.485251807,8.787729797,488,14,474,24,502,498
36,1000,80,7.7,28,43,951,26,9,14,49,8.047370321,106,815,82.31588445,10.48392934,7.593753527,8.502805218,480,21,471,28,501,499
35,1000,80,7.7,28,44,951,33,11,5,49,7.686574133,102,833,82.28276547,10.24972891,7.349907737,8.05570731,505,18,446,31,523,477
37,1000,80,7.7,28,38,956,26,12,6,44,8.16229407,94,816,82.06995755,9.92998752,7.643877727,8.697569481,491,17,465,27,508,492
39,1000,80,7.7,28,22,961,17,5,17,39,7.502758299,88,803,81.02301941,9.411863218,6.877939612,8.100676769,475,14,486,25,489,511
38,1000,80,7.7,28,37,962,23,9,6,38,7.587617552,115,832,82.07191258,9.940660037,7.252011884,7.931375584,489,17,473,21,506,494
34,1000,80,7.7,28,41,962,21,10,7,38,7.706700596,120,814,82.08873194,9.841498411,7.45545187,7.979979481,501,20,461,18,521,479
32,1000,80,7.7,28,72,953,31,7,9,47,8.263567624,116,826,83.5505062,11.18838306,7.533392046,9.023546286,490,20,463,27,510,490
33,1000,80,7.7,28,55,961,21,7,11,39,8.149552463,113,829,82.8321007,10.37995775,7.490984445,8.813410184,488,14,473,25,502,498
36,1000,80,7.7,28,44,951,26,9,14,49,8.039555433,110,836,82.35568194,10.51103531,7.543104735,8.537995913,480,21,471,28,501,499
35,1000,80,7.7,28,45,953,33,8,6,47,7.692601967,113,828,82.32470595,10.25798867,7.399265902,8.014226205,505,18,448,29,523,477
37,1000,80,7.7,28,39,956,26,12,6,44,8.194336524,113,828,82.13981337,9.962407142,7.659955233,8.746096067,491,17,465,27,508,492
39,1000,80,7.7,28,23,962,17,5,16,38,7.512738666,93,811,81.0909036,9.451939527,6.913173008,8.086491322,475,14,487,24,489,511
38,1000,80,7.7,28,38,962,23,9,6,38,7.632734954,114,837,82.10877414,9.952913913,7.294996302,7.978677784,489,17,473,21,506,494
34,1000,80,7.7,28,42,962,21,10,7,38,7.738286068,90,831,82.13924284,9.861855469,7.486025695,8.012665306,501,20,461,18,521,479
32,1000,80,7.7,28,73,953,30,8,9,47,8.312788993,109,828,83.61478226,11.23865848,7.599299254,9.055400762,490,20,463,27,510,490
33,1000,80,7.7,28,56,960,21,8,11,40,8.186072887,109,844,82.87942936,10.40540554,7.536294158,8.841070723,488,14,472,26,502,498
36,1000,80,7.7,28,45,950,26,10,14,50,8.088692947,115,822,82.43313166,10.5167604,7.619594232,8.559671817,479,22,471,28,501,499
35,1000,80,7.7,28,46,953,33,8,6,47,7.690423428,129,841,82.40426468,10.30704537,7.381570243,8.029061197,506,17,447,30,523,477
37,1000,80,7.7,28,40,957,25,11,7,43,8.193273174,105,829,82.2269822,9.972479495,7.697314665,8.705360416,491,17,466,26,508,492
39,1000,80,7.7,28,24,963,17,4,16,37,7.495789412,107,824,81.11662992,9.48903702,6.880531482,8.084558742,476,13,487,24,489,511
38,1000,80,7.7,28,39,962,22,10,6,38,7.672993984,104,848,82.17158152,9.979468403,7.33661613,8.017542961,489,17,473,21,506,494
34,1000,80,7.7,28,43,963,22,10,5,37,7.73140965,100,810,82.18343952,9.880487144,7.508862849,7.973469949,501,20,462,17,521,479
33,1000,80,7.7,28,57,956,25,8,11,44,8.224217257,108,823,82.89850071,10.44084593,7.570807421,8.882875365,486,16,470,28,502,498
32,1000,80,7.7,28,74,953,30,8,9,47,8.3262086,113,866,83.67389941,11.27477883,7.573490917,9.109649454,491,19,462,28,510,490
36,1000,80,7.7,28,46,951,25,10,14,49,8.109649715,122,806,82.45515864,10.57719016,7.650014308,8.571127349,479,22,472,27,501,499
35,1000,80,7.7,28,47,952,34,8,6,48,7.715027367,96,836,82.41611837,10.34016398,7.417547153,8.041195401,505,18,447,30,523,477
37,1000,80,7.7,28,41,957,25,11,7,43,8.231953993,109,826,82.2741157,9.999809658,7.718393493,8.762215646,491,17,466,26,508,492
39,1000,80,7.7,28,25,965,17,3,15,35,7.494065017,84,809,81.17726254,9.52200026,6.886506841,8.07546609,476,13,489,22,489,511
38,1000,80,7.7,28,40,961,23,10,6,39,7.702961005,113,845,82.21417097,10.02280299,7.333749254,8.081141462,489,17,472,22,506,494
34,1000,80,7.7,28,44,965,20,10,5,35,7.711940343,118,828,82.26676005,9.903725289,7.447104179,7.999998049,503,18,462,17,521,479
33,1000,80,7.7,28,58,955,26,8,11,45,8.255788802,109,852,82.94467705,10.47904733,7.624673745,8.891973056,486,16,469,29,502,498
36,1000,80,7.7,28,47,951,25,10,14,49,8.123611231,124,818,82.51194606,10.62637999,7.691851536,8.557101425,479,22,472,27,501,499
35,1000,80,7.7,28,48,952,34,8,6,48,7.732028508,105,826,82.46755848,10.3722554,7.418865144,8.075392111,505,18,447,30,523,477
32,1000,80,7.7,28,75,953,30,8,9,47,8.35343028,111,838,83.73945238,11.32740127,7.584633255,9.153606776,491,19,462,28,510,490
37,1000,80,7.7,28,42,957,25,11,7,43,8.244851784,98,824,82.32354515,10.01403464,7.760425515,8.745031753,491,17,466,26,508,492
39,1000,80,7.7,28,26,966,17,4,13,34,7.47131387,92,835,81.22955658,9.559523147,6.869154147,8.047548909,477,12,489,22,489,511
38,1000,80,7.7,28,41,959,24,11,6,41,7.769041457,98,817,82.26029582,10.07491772,7.414929375,8.131755452,488,18,471,23,506,494
33,1000,80,7.7,28,59,956,26,7,11,44,8.260673229,116,847,82.99790921,10.49868365,7.64759827,8.878672486,485,17,471,27,502,498
34,1000,80,7.7,28,45,965,20,10,5,35,7.754811504,108,821,82.26904323,9.957410655,7.470450837,8.064105675,503,18,462,17,521,479
36,1000,80,7.7,28,48,951,25,9,15,49,8.170819653,125,833,82.58762191,10.66802648,7.733406077,8.609986389,479,22,472,27,501,499
35,1000,80,7.7,28,49,952,35,7,6,48,7.76324352,91,840,82.54247061,10.40984272,7.457132016,8.098875211,504,19,448,29,523,477
32,1000,80,7.7,28,76,953,30,8,9,47,8.375635792,124,850,83.79400549,11.35639167,7.611999656,9.17044075,491,19,462,28,510,490
37,1000,80,7.7,28,43,957,25,11,7,43,8.277282652,110,818,82.37137558,10.0491609,7.782278708,8.788384286,491,17,466,26,508,492
39,1000,80,7.7,28,27,965,17,5,13,35,7.442783475,107,827,81.29183721,9.582950863,6.885357104,7.976211058,476,13,489,22,489,511
33,1000,80,7.7,28,60,955,27,7,11,45,8.288747943,120,835,83.03324275,10.55951893,7.668735083,8.913740825,484,18,471,27,502,498
38,1000,80,7.7,28,42,958,25,11,6,42,7.796744004,99,843,82.29284053,10.10421877,7.410334343,8.192540134,488,18,470,24,506,494
34,1000,80,7.7,28,46,964,21,10,5,36,7.789286621,122,819,82.31596747,10.00314701,7.515835077,8.086715127,503,18,461,18,521,479
36,1000,80,7.7,28,49,952,23,10,15,48,8.174496972,139,832,82.65577353,10.68087215,7.786307473,8.56424234,479,22,473,26,501,499
35,1000,80,7.7,28,50,951,35,8,6,49,7.776685274,113,837,82.6143636,10.43963156,7.497199343,8.083123726,503,20,448,29,523,477
32,1000,80,7.7,28,77,956,28,7,9,44,8.362657345,126,856,83.86137108,11.3712525,7.622285104,9.133248861,492,18,464,26,510,490
37,1000,80,7.7,28,44,958,24,10,8,42,8.255698953,124,840,82.46946773,10.07971031,7.784189749,8.74254179,492,16,466,26,508,492
33,1000,80,7.7,28,61,954,29,6,11,46,8.326795656,111,831,83.10103915,10.58869369,7.724110199,8.93432196,484,18,470,28,502,498
39,1000,80,7.7,28,28,965,17,5,13,35,7.525718554,96,843,81.34696926,9.626265896,7.00089479,8.027947165,476,13,489,22,489,511
38,1000,80,7.7,28,43,959,25,10,6,41,7.810698511,106,819,82.32052406,10.14947441,7.443851802,8.186456476,488,18,471,23,506,494
34,1000,80,7.7,28,47,964,21,11,4,36,7.778964092,118,825,82.36664708,10.04408197,7.480208992,8.103914838,504,17,460,19,521,479
36,1000,80,7.7,28,50,952,24,10,14,48,8.183808511,129,840,82.70700646,10.72412976,7.76889316,8.600386849,479,22,473,26,501,499
35,1000,80,7.7,28,51,951,35,8,6,49,7.794741163,109,836,82.67227294,10.46981409,7.513993094,8.10256347,503,20,448,29,523,477
33,1000,80,7.7,28,62,954,29,6,11,46,8.350443552,108,814,83.15916708,10.62446999,7.766202956,8.939376844,483,19,471,27,502,498
37,1000,80,7.7,28,45,957,24,11,8,43,8.272993192,101,838,82.5299784,10.10782462,7.796916139,8.764552426,492,16,465,27,508,492
39,1000,80,7.7,28,29,968,15,5,12,32,7.498720587,102,822,81.3747845,9.650079958,6.948155209,8.025582564,478,11,490,21,489,511
32,1000,80,7.7,28,78,956,29,6,9,44,8.369147663,111,846,83.92729703,11.43428072,7.60989152,9.159393854,493,17,463,27,510,490
38,1000,80,7.7,28,44,960,24,10,6,40,7.821116101,109,830,82.35013293,10.21409633,7.460577251,8.19041298,489,17,471,23,506,494
36,1000,80,7.7,28,51,953,24,9,14,47,8.158498215,96,814,82.74958363,10.76167512,7.783208702,8.535291895,479,22,474,25,501,499
34,1000,80,7.7,28,48,965,20,11,4,35,7.778448499,109,814,82.43675971,10.07426976,7.485712045,8.096852867,504,17,461,18,521,479
35,1000,80,7.7,28,52,950,36,7,7,50,7.829636119,106,829,82.71484794,10.48260468,7.561482072,8.123649885,502,21,448,29,523,477
33,1000,80,7.7,28,63,953,31,5,11,47,8.339247309,118,830,83.1933883,10.6561702,7.73503197,8.948315782,483,19,470,28,502,498
37,1000,80,7.7,28,46,956,25,11,8,44,8.337195926,106,837,82.59127722,10.11823842,7.870109029,8.819472642,492,16,464,28,508,492
39,1000,80,7.7,28,30,967,16,5,12,33,7.544776524,107,826,81.46737762,9.675143906,6.990772767,8.074928848,478,11,489,22,489,511
36,1000,80,7.7,28,52,955,23,9,13,45,8.150711231,119,816,82.79830238,10.78042784,7.796761306,8.506079793,481,20,474,25,501,499
38,1000,80,7.7,28,45,959,25,10,6,41,7.855022296,98,849,82.40757162,10.26853323,7.478405339,8.240787842,489,17,470,24,506,494
32,1000,80,7.7,28,79,956,29,6,9,44,8.362098952,101,828,83.96874829,11.47677615,7.608311568,9.146653169,493,17,463,27,510,490
35,1000,80,7.7,28,53,952,33,8,7,48,7.83901,102,822,82.76207721,10.52314916,7.570128249,8.133821647,503,20,449,28,523,477
34,1000,80,7.7,28,49,964,21,11,4,36,7.788353368,94,813,82.4762863,10.10239376,7.500080617,8.101902646,504,17,460,19,521,479
33,1000,80,7.7,28,64,953,31,5,11,47,8.350985619,107,828,83.2293528,10.66754875,7.750560086,8.956233847,483,19,470,28,502,498
37,1000,80,7.7,28,47,956,25,11,8,44,8.353988003,106,844,82.65649256,10.15792592,7.927872008,8.793961429,492,16,464,28,508,492
39,1000,80,7.7,28,31,967,16,5,12,33,7.584125352,97,823,81.51547675,9.711851682,7.047808691,8.097352059,478,11,489,22,489,511
36,1000,80,7.7,28,53,954,24,9,13,46,8.172301926,105,829,82.86940956,10.81486795,7.780796153,8.565376861,481,20,473,26,501,499
35,1000,80,7.7,28,54,952,33,8,7,48,7.848866436,115,820,82.8017175,10.55489811,7.591788173,8.130736314,503,20,449,28,523,477
38,1000,80,7.7,28,46,958,26,10,6,42,7.894806394,120,840,82.45842494,10.28328132,7.527556206,8.27097764,489,17,469,25,506,494
34,1000,80,7.7,28,50,963,22,11,4,37,7.816951071,107,837,82.52998556,10.11499531,7.521323507,8.138500049,504,17,459,20,521,479
32,1000,80,7.7,28,80,957,28,6,9,43,8.371336804,121,840,84.01649851,11.52031179,7.612276746,9.161378905,494,16,463,27,510,490
33,1000,80,7.7,28,65,954,30,5,11,46,8.351220159,115,850,83.28620128,10.68272199,7.773833486,8.933244475,484,18,470,28,502,498
36,1000,80,7.7,28,54,954,24,9,13,46,8.17153993,104,837,82.88869209,10.82692448,7.755343964,8.589404017,481,20,473,26,501,499
37,1000,80,7.7,28,48,954,28,11,7,46,8.356224015,118,814,82.70810491,10.18352415,7.960356797,8.764964963,491,17,463,29,508,492
39,1000,80,7.7,28,32,964,20,4,12,36,7.604035877,105,821,81.58027552,9.748248492,7.103726162,8.08280584,475,14,489,22,489,511
35,1000,80,7.7,28,55,951,35,8,6,49,7.860497919,127,827,82.83157865,10.61488834,7.583395195,8.164323338,503,20,448,29,523,477
38,1000,80,7.7,28,47,958,26,10,6,42,7.937671375,103,805,82.50575671,10.28241381,7.566158204,8.318209159,490,16,468,26,506,494
34,1000,80,7.7,28,51,966,21,8,5,34,7.79755355,111,821,82.54896705,10.14826825,7.495182604,8.126437189,506,15,460,19,521,479
32,1000,80,7.7,28,81,956,28,7,9,44,8.439211517,125,840,84.06639686,11.56417781,7.703061616,9.205408354,494,16,462,28,510,490
33,1000,80,7.7,28,66,954,30,5,11,46,8.362983142,122,815,83.31812949,10.70168608,7.810416886,8.919987681,484,18,470,28,502,498
36,1000,80,7.7,28,55,952,26,10,12,48,8.20279996,130,840,82.92359637,10.86302485,7.799827149,8.607387892,479,22,473,26,501,499
35,1000,80,7.7,28,56,951,35,8,6,49,7.845244581,116,823,82.87356819,10.66671513,7.57173846,8.145126555,503,20,448,29,523,477
39,1000,80,7.7,28,33,964,21,4,11,36,7.605005593,103,809,81.64347311,9.803654813,7.103234362,8.08517415,476,13,488,23,489,511
37,1000,80,7.7,28,49,952,29,12,7,48,8.372488475,101,824,82.79238652,10.23508643,7.966193211,8.791996593,491,17,461,31,508,492
38,1000,80,7.7,28,48,957,26,11,6,43,7.999947494,105,819,82.54577562,10.32682701,7.627176885,8.381773259,489,17,468,26,506,494
34,1000,80,7.7,28,52,966,21,8,5,34,7.855900303,111,855,82.58394728,10.1793183,7.583820698,8.151836576,506,15,460,19,521,479
33,1000,80,7.7,28,67,954,29,6,11,46,8.386735837,122,831,83.37298683,10.71883923,7.853779133,8.923973319,484,18,470,28,502,498
32,1000,80,7.7,28,82,954,30,7,9,46,8.455920024,139,842,84.10793575,11.62234336,7.712673008,9.229503653,494,16,460,30,510,490
36,1000,80,7.7,28,56,952,26,10,12,48,8.245011376,99,827,82.99306974,10.90702134,7.863021216,8.628532558,479,22,473,26,501,499
35,1000,80,7.7,28,57,951,37,7,5,49,7.837576508,129,816,82.92291789,10.72067119,7.59041819,8.1085698,504,19,447,30,523,477
39,1000,80,7.7,28,34,963,22,4,11,37,7.660732635,85,813,81.67395095,9.825924413,7.16597039,8.134193961,475,14,488,23,489,511
37,1000,80,7.7,28,50,954,28,11,7,46,8.362535016,105,832,82.84057066,10.25082725,7.913213504,8.826468609,492,16,462,30,508,492
38,1000,80,7.7,28,49,957,24,13,6,43,8.039698065,119,811,82.58647911,10.37456427,7.669699319,8.418684635,489,17,468,26,506,494
34,1000,80,7.7,28,53,966,21,8,5,34,7.876449789,106,827,82.62071236,10.20717393,7.612246803,8.163818799,506,15,460,19,521,479
33,1000,80,7.7,28,68,954,29,6,11,46,8.424485038,106,828,83.39411925,10.76626744,7.880403161,8.972937051,484,18,470,28,502,498
32,1000,80,7.7,28,83,953,31,6,10,47,8.475734496,118,852,84.16850057,11.62876445,7.759613495,9.221084926,493,17,460,30,510,490
36,1000,80,7.7,28,57,950,28,11,11,50,8.267988587,116,824,83.05171634,10.93329832,7.892024597,8.645459447,478,23,472,27,501,499
35,1000,80,7.7,28,58,953,34,8,5,47,7.852967089,121,841,83.00699384,10.73090514,7.590180058,8.141096267,504,19,449,28,523,477
39,1000,80,7.7,28,35,965,21,4,10,35,7.682407925,96,805,81.7178137,9.852592842,7.218635225,8.126213895,476,13,489,22,489,511
37,1000,80,7.7,28,51,953,29,11,7,47,8.361749326,106,833,82.88236886,10.26900334,7.930597787,8.806922054,490,18,463,29,508,492
33,1000,80,7.7,28,69,953,30,6,11,47,8.429313124,114,831,83.46198235,10.79777073,7.896078672,8.966830583,484,18,469,29,502,498
38,1000,80,7.7,28,50,957,25,12,6,43,8.038018993,94,851,82.63658146,10.38715624,7.665421826,8.419667102,489,17,468,26,506,494
34,1000,80,7.7,28,54,966,20,8,6,34,7.88838511,119,812,82.67687543,10.20833749,7.636602119,8.162245105,505,16,461,18,521,479
36,1000,80,7.7,28,58,951,27,11,11,49,8.315380433,110,830,83.0795872,10.95120367,7.959087137,8.673101758,478,23,473,26,501,499
35,1000,80,7.7,28,59,953,35,8,4,47,7.838837727,102,816,83.05710026,10.75534011,7.583263117,8.119058945,504,19,449,28,523,477
32,1000,80,7.7,28,84,952,33,5,10,48,8.474481065,139,852,84.21824012,11.64765355,7.74403101,9.234745408,493,17,459,31,510,490
39,1000,80,7.7,28,36,966,20,4,10,34,7.700786095,109,825,81.78934316,9.911627799,7.244300557,8.137618635,476,13,490,21,489,511
37,1000,80,7.7,28,52,952,30,11,7,48,8.42895681,114,838,82.94805889,10.27599027,7.983455243,8.888946234,490,18,462,30,508,492
33,1000,80,7.7,28,70,953,30,5,12,47,8.443725313,121,851,83.51996204,10.8219945,7.920338365,8.971316173,484,18,469,29,502,498
38,1000,80,7.7,28,51,958,23,13,6,42,8.030474476,109,840,82.70736462,10.40088665,7.671616445,8.398049706,489,17,469,25,506,494
34,1000,80,7.7,28,55,965,21,8,6,35,7.874419774,116,813,82.72853827,10.26229545,7.638495793,8.131030199,504,17,461,18,521,479
36,1000,80,7.7,28,59,951,27,11,11,49,8.325263496,118,830,83.0935451,10.98946452,7.971729522,8.68021444,479,22,472,27,501,499
35,1000,80,7.7,28,60,953,35,8,4,47,7.862637516,109,827,83.1179394,10.78134864,7.604667062,8.145485624,504,19,449,28,523,477
32,1000,80,7.7,28,85,952,32,6,10,48,8.503847265,127,840,84.28028712,11.68137446,7.753784949,9.284524368,493,17,459,31,510,490
33,1000,80,7.7,28,71,952,31,5,12,48,8.484876357,136,835,83.57092503,10.85780385,7.967540606,9.006367416,483,19,469,29,502,498
39,1000,80,7.7,28,37,966,19,5,10,34,7.714029028,96,801,81.86263892,9.949527109,7.28289889,8.12659779,476,13,490,21,489,511
37,1000,80,7.7,28,53,952,30,12,6,48,8.449853317,91,837,83.01326563,10.30567973,8.015360758,8.898475715,490,18,462,30,508,492
38,1000,80,7.7,28,52,957,22,14,7,43,8.066602984,107,829,82.75053575,10.45739934,7.660440939,8.482631313,489,17,468,26,506,494
34,1000,80,7.7,28,56,968,18,8,6,32,7.873997669,108,834,82.77149049,10.30025782,7.593223504,8.179390863,506,15,462,17,521,479
36,1000,80,7.7,28,60,950,27,12,11,50,8.368830039,131,828,83.137324,11.0241496,8.015763217,8.723311958,478,23,472,27,501,499
35,1000,80,7.7,28,61,951,37,8,4,49,7.929906287,114,828,83.17299814,10.79596581,7.677878872,8.206238231,502,21,449,28,523,477
33,1000,80,7.7,28,72,951,32,5,12,49,8.477289159,135,821,83.59690736,10.87137715,7.936948925,9.021969476,483,19,468,30,502,498
39,1000,80,7.7,28,38,967,19,5,9,33,7.725197929,91,828,81.90753043,9.964023546,7.297279531,8.134693225,477,12,490,21,489,511
32,1000,80,7.7,28,86,953,31,6,10,47,8.497487201,113,836,84.31743417,11.68232438,7.740072643,9.285816638,493,17,460,30,510,490
37,1000,80,7.7,28,54,952,30,12,6,48,8.459419919,109,814,83.10126712,10.35271806,8.025958245,8.906977908,490,18,462,30,508,492
38,1000,80,7.7,28,53,958,22,14,6,42,8.021339486,114,838,82.79700451,10.44979799,7.616585663,8.435925385,491,15,467,27,506,494
34,1000,80,7.7,28,57,968,18,8,6,32,7.860407578,119,830,82.80730193,10.30566928,7.565489561,8.181184795,506,15,462,17,521,479
36,1000,80,7.7,28,61,950,27,11,12,50,8.387991591,109,837,83.1927664,11.06573236,8.062615559,8.714671736,478,23,472,27,501,499
35,1000,80,7.7,28,62,951,37,8,4,49,7.950461832,110,845,83.22659884,10.81832239,7.701063374,8.223911294,502,21,449,28,523,477
33,1000,80,7.7,28,73,949,33,6,12,51,8.472287404,125,850,83.67424435,10.89316099,7.961989186,8.986684404,482,20,467,31,502,498
39,1000,80,7.7,28,39,967,19,5,9,33,7.747686749,104,817,81.98272099,9.995557557,7.342059199,8.135850883,477,12,490,21,489,511
37,1000,80,7.7,28,55,952,30,12,6,48,8.498646213,124,838,83.15075355,10.37281071,8.08072981,8.930153393,490,18,462,30,508,492
32,1000,80,7.7,28,87,953,30,7,10,47,8.517162488,117,855,84.34244287,11.72762812,7.763921875,9.301147616,493,17,460,30,510,490
38,1000,80,7.7,28,54,958,22,14,6,42,8.0370747,113,828,82.84234796,10.45791462,7.665771544,8.417397366,491,15,467,27,506,494
34,1000,80,7.7,28,58,969,17,8,6,31,7.881989025,90,838,82.84442263,10.35375011,7.576094186,8.21470554,506,15,463,16,521,479
36,1000,80,7.7,28,62,951,27,11,11,49,8.359044879,89,839,83.21749718,11.10850208,8.032574008,8.68682425,478,23,473,26,501,499
35,1000,80,7.7,28,63,953,36,7,4,47,7.946753687,126,818,83.30377423,10.86589092,7.662018888,8.258947188,504,19,449,28,523,477
33,1000,80,7.7,28,74,949,33,6,12,51,8.470887803,115,836,83.70533549,10.93063606,7.995946225,8.949644174,482,20,467,31,502,498
39,1000,80,7.7,28,40,969,18,4,9,31,7.726447842,100,837,82.01574192,10.01758946,7.329060377,8.106726649,477,12,492,19,489,511
37,1000,80,7.7,28,56,952,30,12,6,48,8.553337966,95,833,83.18635213,10.39171024,8.139241479,8.980901006,491,17,461,31,508,492
38,1000,80,7.7,28,55,957,23,14,6,43,8.077349474,101,822,82.91129423,10.48941237,7.680040298,8.484309885,491,15,466,28,506,494
36,1000,80,7.7,28,63,951,27,11,11,49,8.353521316,123,849,83.23500231,11.12464436,8.051158468,8.657096039,478,23,473,26,501,499
32,1000,80,7.7,28,88,953,30,7,10,47,8.541559808,126,857,84.42674701,11.75452384,7.778071491,9.336210913,492,18,461,29,510,490
34,1000,80,7.7,28,59,970,16,8,6,30,7.911564823,113,832,82.89286398,10.38953393,7.626322416,8.221818047,506,15,464,15,521,479
35,1000,80,7.7,28,64,953,36,7,4,47,7.968509126,122,836,83.3474807,10.90020239,7.687498006,8.276619851,504,19,449,28,523,477
33,1000,80,7.7,28,75,949,33,6,12,51,8.491678531,113,832,83.76251901,10.9662978,7.991830177,8.99554173,483,19,466,32,502,498
39,1000,80,7.7,28,41,968,19,4,9,32,7.746749393,96,836,82.0552256,10.04505971,7.331328649,8.144285095,477,12,491,20,489,511
37,1000,80,7.7,28,57,952,30,11,7,48,8.591356299,101,856,83.24836905,10.40854636,8.190728503,9.005012641,491,17,461,31,508,492
38,1000,80,7.7,28,56,957,23,13,7,43,8.083435035,115,841,82.95877916,10.53851209,7.709130222,8.466832271,491,15,466,28,506,494
36,1000,80,7.7,28,64,951,27,11,11,49,8.386934959,110,839,83.28171585,11.17599911,8.093826067,8.681218636,478,23,473,26,501,499
34,1000,80,7.7,28,60,969,18,6,7,31,7.942164881,96,828,82.94497267,10.41047607,7.6751413,8.232601803,505,16,464,15,521,479
35,1000,80,7.7,28,65,955,34,8,3,45,7.932895814,119,832,83.39729627,10.91490929,7.627231403,8.268037296,505,18,450,27,523,477
32,1000,80,7.7,28,89,952,31,7,10,48,8.547651186,134,846,84.47097698,11.78525804,7.785570611,9.340837089,491,19,461,29,510,490
33,1000,80,7.7,28,76,950,32,6,12,50,8.481073415,100,829,83.86337893,11.0003187,7.973636323,8.992586307,484,18,466,32,502,498
37,1000,80,7.7,28,58,951,31,11,7,49,8.59708413,98,839,83.30683692,10.43095923,8.222052896,8.984311501,490,18,461,31,508,492
39,1000,80,7.7,28,42,968,19,4,9,32,7.731910296,119,845,82.08060781,10.06124969,7.311426162,8.134291394,477,12,491,20,489,511
36,1000,80,7.7,28,65,950,28,11,11,50,8.442096436,115,816,83.33408199,11.19460827,8.157480202,8.727853417,478,23,472,27,501,499
38,1000,80,7.7,28,57,957,24,12,7,43,8.115132926,114,841,83.01675583,10.55553713,7.766071406,8.472673672,491,15,466,28,506,494
35,1000,80,7.7,28,66,955,34,7,4,45,7.939683288,115,860,83.44141411,10.9466711,7.598593116,8.313666851,505,18,450,27,523,477
34,1000,80,7.7,28,61,968,19,6,7,32,7.938744029,123,819,82.98867763,10.42017821,7.693153265,8.205868847,504,17,464,15,521,479
32,1000,80,7.7,28,90,953,30,7,10,47,8.50765967,128,849,84.543043,11.80398,7.75751383,9.288423708,491,19,462,28,510,490
33,1000,80,7.7,28,77,950,32,6,12,50,8.530428443,119,854,83.92266008,11.02946842,8.034513747,9.03032639,484,18,466,32,502,498
36,1000,80,7.7,28,66,952,26,11,11,48,8.431665129,125,836,83.39316081,11.25239623,8.181230665,8.683103339,479,22,473,26,501,499
37,1000,80,7.7,28,59,952,30,11,7,48,8.593975395,109,819,83.35112464,10.46142467,8.215612763,8.984642502,491,17,461,31,508,492
39,1000,80,7.7,28,43,967,20,5,8,33,7.771570811,81,828,82.12380936,10.08128982,7.350049137,8.174944781,477,12,490,21,489,511
35,1000,80,7.7,28,67,955,34,7,4,45,7.988499691,101,830,83.50773202,11.0007666,7.678936532,8.327915901,505,18,450,27,523,477
38,1000,80,7.7,28,58,956,25,11,8,44,8.158042264,112,857,83.05807356,10.60522235,7.817149313,8.507216016,490,16,466,28,506,494
34,1000,80,7.7,28,62,968,19,6,7,32,7.940994706,101,819,83.05529553,10.42658301,7.704236725,8.198512259,504,17,464,15,521,479
33,1000,80,7.7,28,78,951,31,7,11,49,8.565296049,112,839,83.97599238,11.03233705,8.078188659,9.056315947,485,17,466,32,502,498
32,1000,80,7.7,28,91,952,31,7,10,48,8.515900002,125,854,84.58082573,11.85671493,7.764668482,9.297794032,490,20,462,28,510,490
36,1000,80,7.7,28,67,953,26,10,11,47,8.440933493,110,837,83.44573393,11.28098884,8.214002769,8.668773758,480,21,473,26,501,499
35,1000,80,7.7,28,68,955,33,8,4,45,8.038586355,120,843,83.58519218,11.02835119,7.722742544,8.384888899,505,18,450,27,523,477
37,1000,80,7.7,28,60,951,30,12,7,49,8.604124518,112,852,83.41146484,10.45807541,8.213936288,9.007001797,491,17,460,32,508,492
39,1000,80,7.7,28,44,967,20,5,8,33,7.782699212,106,808,82.16622822,10.09720291,7.358197275,8.188925135,477,12,490,21,489,511
38,1000,80,7.7,28,59,958,25,10,7,42,8.149166252,121,846,83.07996123,10.63848151,7.816264773,8.490154407,490,16,468,26,506,494
34,1000,80,7.7,28,63,968,18,7,7,32,7.977429683,112,839,83.15980735,10.45755966,7.739394286,8.236336659,504,17,464,15,521,479
33,1000,80,7.7,28,79,951,31,7,11,49,8.629306876,123,821,84.01041361,11.04703036,8.106166074,9.156649612,485,17,466,32,502,498
32,1000,80,7.7,28,92,951,32,7,10,49,8.546412968,130,857,84.62414531,11.87520755,7.789092415,9.334644564,490,20,461,29,510,490
36,1000,80,7.7,28,68,952,27,10,11,48,8.431440199,122,833,83.49413965,11.30231057,8.196209131,8.667614077,479,22,473,26,501,499
35,1000,80,7.7,28,69,955,33,8,4,45,8.034285229,130,821,83.65618224,11.07483201,7.713251183,8.386278533,505,18,450,27,523,477
37,1000,80,7.7,28,61,951,30,12,7,49,8.589232352,125,860,83.45681054,10.47823583,8.211181772,8.979577259,491,17,460,32,508,492
38,1000,80,7.7,28,60,960,23,11,6,40,8.116769725,120,845,83.1141946,10.64738946,7.763597075,8.478521467,490,16,470,24,506,494
39,1000,80,7.7,28,45,964,22,6,8,36,7.803715648,109,822,82.22875404,10.13951907,7.346339057,8.241400879,475,14,489,22,489,511
34,1000,80,7.7,28,64,967,19,7,7,33,7.948000277,114,849,83.17748162,10.50919715,7.711346548,8.205404437,503,18,464,15,521,479
33,1000,80,7.7,28,80,950,32,6,12,50,8.665888245,105,860,84.04760477,11.0592511,8.154639752,9.181243152,485,17,465,33,502,498
36,1000,80,7.7,28,69,951,27,11,11,49,8.449146704,116,857,83.54438542,11.33515998,8.155090846,8.744381143,479,22,472,27,501,499
35,1000,80,7.7,28,70,954,34,8,4,46,8.07595243,104,858,83.70927493,11.10978693,7.750515076,8.432773681,505,18,449,28,523,477
32,1000,80,7.7,28,93,949,33,8,10,51,8.568213213,123,851,84.71721908,11.91779868,7.824686582,9.342087871,488,22,461,29,510,490
37,1000,80,7.7,28,62,950,31,11,8,50,8.620151127,89,827,83.51474859,10.50280348,8.232605757,9.020299597,491,17,459,33,508,492
38,1000,80,7.7,28,61,961,22,11,6,39,8.148107978,113,821,83.16042505,10.65945098,7.798874567,8.505824791,490,16,471,23,506,494
39,1000,80,7.7,28,46,963,23,6,8,37,7.83070291,105,828,82.26610348,10.16131982,7.379438311,8.262539288,475,14,488,23,489,511
33,1000,80,7.7,28,81,950,31,7,12,50,8.686129829,113,867,84.11846422,11.10327324,8.176415255,9.199938496,485,17,465,33,502,498
34,1000,80,7.7,28,65,966,21,7,6,34,7.968221922,111,840,83.21468152,10.53575786,7.726709919,8.230910342,503,18,463,16,521,479
36,1000,80,7.7,28,70,953,26,9,12,47,8.433064818,104,827,83.59966462,11.38620513,8.170346606,8.696836009,480,21,473,26,501,499
35,1000,80,7.7,28,71,954,34,8,4,46,8.118893296,126,856,83.7681778,11.1452681,7.768298977,8.503297549,505,18,449,28,523,477
32,1000,80,7.7,28,94,947,35,8,10,53,8.608804304,104,848,84.79795189,11.9529259,7.90947437,9.336678317,488,22,459,31,510,490
37,1000,80,7.7,28,63,947,34,11,8,53,8.695174786,111,828,83.56072316,10.53395945,8.325394805,9.076980132,489,19,458,34,508,492
33,1000,80,7.7,28,82,950,31,7,12,50,8.728802548,126,843,84.16893882,11.14092366,8.226819452,9.234817636,485,17,465,33,502,498
38,1000,80,7.7,28,62,959,24,11,6,41,8.15232286,107,847,83.17111906,10.68273827,7.786349994,8.527185755,489,17,470,24,506,494
39,1000,80,7.7,28,47,964,22,6,8,36,7.821118071,105,809,82.29359301,10.21747236,7.359558002,8.262806669,475,14,489,22,489,511
34,1000,80,7.7,28,66,965,23,7,5,35,7.976959587,108,848,83.29004047,10.5306816,7.757389861,8.215781774,502,19,463,16,521,479
36,1000,80,7.7,28,71,951,27,9,13,49,8.464959563,123,851,83.63989411,11.4303454,8.20525144,8.725708601,477,24,474,25,501,499
35,1000,80,7.7,28,72,953,35,8,4,47,8.124989548,117,847,83.80932063,11.18174765,7.772836062,8.511103328,504,19,449,28,523,477
33,1000,80,7.7,28,83,951,30,7,12,49,8.763278094,127,868,84.26201575,11.17890233,8.25931604,9.271288036,485,17,466,32,502,498
37,1000,80,7.7,28,64,946,35,12,7,54,8.690391779,116,857,83.58180596,10.56453696,8.293128156,9.100574545,489,19,457,35,508,492
38,1000,80,7.7,28,63,957,26,11,6,43,8.185489933,107,848,83.2091263,10.68393393,7.855177984,8.523825655,488,18,469,25,506,494
32,1000,80,7.7,28,95,947,35,8,10,53,8.616230308,120,859,84.84974467,11.98442768,7.895809598,9.366055944,488,22,459,31,510,490
39,1000,80,7.7,28,48,965,20,7,8,35,7.842984498,99,830,82.34962233,10.24559501,7.368865569,8.296691261,476,13,489,22,489,511
34,1000,80,7.7,28,67,964,22,9,5,36,8.014708589,95,833,83.3267611,10.54205248,7.790373798,8.258713655,503,18,461,18,521,479
36,1000,80,7.7,28,72,949,29,9,13,51,8.505986266,127,841,83.67529139,11.45188282,8.246247913,8.766765654,476,25,473,26,501,499
35,1000,80,7.7,28,73,954,36,7,3,46,8.155329196,115,860,83.86655078,11.22977837,7.823115225,8.519580573,504,19,450,27,523,477
33,1000,80,7.7,28,84,950,30,9,11,50,8.779495553,127,847,84.32327391,11.22342831,8.276085274,9.286949288,484,18,466,32,502,498
37,1000,80,7.7,28,65,946,35,12,7,54,8.725927682,107,842,83.62804502,10.59336147,8.289206483,9.176851197,489,19,457,35,508,492
38,1000,80,7.7,28,64,956,26,12,6,44,8.208071113,110,832,83.26829079,10.71379401,7.862966394,8.561558943,488,18,468,26,506,494
39,1000,80,7.7,28,49,965,20,7,8,35,7.861747338,104,857,82.38300207,10.28437977,7.375019017,8.327520623,476,13,489,22,489,511
34,1000,80,7.7,28,68,963,23,9,5,37,8.055615896,113,838,83.38471372,10.58364264,7.800028753,8.333613603,503,18,460,19,521,479
32,1000,80,7.7,28,96,946,36,8,10,54,8.635779058,122,857,84.8877178,12.01069269,7.943011135,9.356823222,488,22,458,32,510,490
36,1000,80,7.7,28,73,949,29,8,14,51,8.489108867,110,847,83.73316157,11.48210915,8.246828326,8.732360472,475,26,474,25,501,499
35,1000,80,7.7,28,74,953,38,6,3,47,8.185420928,143,834,83.93430528,11.24757844,7.875802218,8.524898046,504,19,449,28,523,477
33,1000,80,7.7,28,85,952,28,9,11,48,8.811460943,107,843,84.35449679,11.24308835,8.32714791,9.29966404,484,18,468,30,502,498
37,1000,80,7.7,28,66,947,34,11,8,53,8.736877863,111,834,83.68253147,10.61989712,8.295819418,9.192279672,489,19,458,34,508,492
39,1000,80,7.7,28,50,964,19,7,10,36,7.909200739,106,840,82.40815705,10.29696671,7.390406036,8.405659858,476,13,488,23,489,511
38,1000,80,7.7,28,65,955,26,13,6,45,8.229436058,94,849,83.29466008,10.73958594,7.899300618,8.567590983,488,18,467,27,506,494
34,1000,80,7.7,28,69,963,23,9,5,37,8.069226933,119,832,83.46171017,10.61381558,7.833109127,8.326048179,503,18,460,19,521,479
36,1000,80,7.7,28,74,950,28,8,14,50,8.521584588,118,845,83.78469406,11.4807303,8.29875951,8.745302752,475,26,475,24,501,499
32,1000,80,7.7,28,97,945,37,6,12,55,8.690349661,117,854,84.92320655,12.04404177,7.989708876,9.41958803,487,23,458,32,510,490
35,1000,80,7.7,28,75,952,39,6,3,48,8.197648206,112,830,84.02189272,11.27962459,7.922023687,8.499852867,504,19,448,29,523,477
33,1000,80,7.7,28,86,954,28,8,10,46,8.801002591,112,857,84.42857504,11.26772358,8.302342965,9.303667515,485,17,469,29,502,498
37,1000,80,7.7,28,67,949,34,11,6,51,8.678901345,108,831,83.74124774,10.62078704,8.250734322,9.120992498,489,19,460,32,508,492
39,1000,80,7.7,28,51,964,18,8,10,36,7.952366172,116,832,82.47758454,10.31312906,7.471687781,8.412349994,476,13,488,23,489,511
38,1000,80,7.7,28,66,956,25,12,7,44,8.24646807,115,840,83.3658416,10.7641706,7.94606656,8.554166783,488,18,468,26,506,494
34,1000,80,7.7,28,70,963,23,9,5,37,8.099782399,114,866,83.52259457,10.66114038,7.835447089,8.387295336,503,18,460,19,521,479
36,1000,80,7.7,28,75,951,26,9,14,49,8.526200223,103,852,83.89162444,11.49011517,8.312487984,8.740769024,475,26,476,23,501,499
35,1000,80,7.7,28,76,952,39,6,3,48,8.208942839,118,874,84.07666903,11.29508938,7.938864596,8.505066364,504,19,448,29,523,477
32,1000,80,7.7,28,98,945,36,6,13,55,8.684202029,149,885,84.99874814,12.0990613,7.98955551,9.407201467,486,24,459,31,510,490
33,1000,80,7.7,28,87,954,28,8,10,46,8.817538322,103,863,84.47898745,11.30983267,8.356890736,9.281885888,485,17,469,29,502,498
37,1000,80,7.7,28,68,951,32,11,6,49,8.667374574,124,863,83.73217542,10.67096971,8.234500956,9.114325383,491,17,460,32,508,492
36,1000,80,7.7,28,76,951,29,8,12,49,8.50523411,129,842,83.94105075,11.54831095,8.272048863,8.739353967,475,26,476,23,501,499
39,1000,80,7.7,28,52,963,19,8,10,37,8.022189743,119,822,82.53062548,10.35045557,7.571163978,8.453797568,475,14,488,23,489,511
38,1000,80,7.7,28,67,955,26,13,6,45,8.233983908,111,831,83.40878209,10.7699736,7.961456069,8.513131857,488,18,467,27,506,494
34,1000,80,7.7,28,71,963,23,9,5,37,8.101667354,97,865,83.56946654,10.68716154,7.814301866,8.414229816,504,17,459,20,521,479
35,1000,80,7.7,28,77,951,39,7,3,49,8.217847202,112,839,84.13944074,11.33429401,7.920457579,8.543915907,504,19,447,30,523,477
33,1000,80,7.7,28,88,953,29,9,9,47,8.840643422,119,850,84.53806354,11.34460143,8.399160076,9.285672819,485,17,468,30,502,498
32,1000,80,7.7,28,99,943,38,7,12,57,8.730194337,113,856,85.05478317,12.13748291,8.020492972,9.468863104,485,25,458,32,510,490
36,1000,80,7.7,28,77,952,28,8,12,48,8.510621201,123,835,83.95997626,11.58004908,8.276083494,8.746098939,476,25,476,23,501,499
37,1000,80,7.7,28,69,954,29,11,6,46,8.637661423,96,862,83.75316002,10.69101842,8.215076602,9.073988839,491,17,463,29,508,492
35,1000,80,7.7,28,78,950,39,8,3,50,8.249229392,135,843,84.20301876,11.36182,7.986861157,8.536899385,504,19,446,31,523,477
38,1000,80,7.7,28,68,952,29,13,6,48,8.281309642,102,832,83.47613092,10.8039151,8.010770972,8.558420101,487,19,465,29,506,494
39,1000,80,7.7,28,53,962,19,9,10,38,8.066656875,111,822,82.62619124,10.3705416,7.616533873,8.497400804,474,15,488,23,489,511
34,1000,80,7.7,28,72,963,23,9,5,37,8.114598756,112,831,83.60857026,10.696896,7.849187329,8.403282167,504,17,459,20,521,479
33,1000,80,7.7,28,89,953,29,9,9,47,8.88549245,107,861,84.58748259,11.36369114,8.439640002,9.334926041,485,17,468,30,502,498
32,1000,80,7.7,28,100,944,36,8,12,56,8.746633371,137,864,85.1055262,12.14084262,8.043486438,9.478480179,485,25,459,31,510,490
36,1000,80,7.7,28,78,952,28,8,12,48,8.495004299,139,854,84.00425364,11.62522956,8.270505862,8.72040253,476,25,476,23,501,499
35,1000,80,7.7,28,79,949,40,8,3,51,8.274664514,121,843,84.27887198,11.40009139,8.014841709,8.559543607,504,19,445,32,523,477
37,1000,80,7.7,28,70,952,31,11,6,48,8.665445717,107,847,83.83220825,10.70722674,8.216921636,9.128555948,490,18,462,30,508,492
38,1000,80,7.7,28,69,953,29,13,5,47,8.295783594,121,845,83.53959942,10.82865884,7.987758052,8.611291537,488,18,465,29,506,494
39,1000,80,7.7,28,54,962,19,9,10,38,8.085717201,105,816,82.69028896,10.40717124,7.619386508,8.531971034,474,15,488,23,489,511
34,1000,80,7.7,28,73,962,24,9,5,38,8.087834377,94,854,83.65995449,10.73472456,7.841433226,8.35584064,504,17,458,21,521,479
33,1000,80,7.7,28,90,953,29,9,9,47,8.900634704,102,835,84.63212047,11.39425284,8.443830254,9.361108267,485,17,468,30,502,498
36,1000,80,7.7,28,79,948,31,9,12,52,8.543875468,128,851,84.05010202,11.66267132,8.295112568,8.793635413,474,27,474,25,501,499
32,1000,80,7.7,28,101,942,38,8,12,58,8.747905617,146,872,85.13670833,12.1558736,8.007816743,9.5182022,484,26,458,32,510,490
35,1000,80,7.7,28,80,947,41,9,3,53,8.313869827,121,847,84.33318751,11.44805076,8.05212283,8.600858673,502,21,445,32,523,477
37,1000,80,7.7,28,71,951,32,11,6,49,8.729326363,124,834,83.86075801,10.74591123,8.27201213,9.201512603,490,18,461,31,508,492
39,1000,80,7.7,28,55,961,20,9,10,39,8.088032545,99,814,82.7291603,10.41853585,7.606003286,8.549309076,473,16,488,23,489,511
38,1000,80,7.7,28,70,951,30,14,5,49,8.350059165,114,840,83.59181703,10.859023,8.040601739,8.667033774,487,19,464,30,506,494
34,1000,80,7.7,28,74,960,25,10,5,40,8.129490076,99,839,83.71974347,10.73761584,7.875655629,8.405581407,503,18,457,22,521,479
33,1000,80,7.7,28,91,952,30,9,9,48,8.918668544,121,852,84.66217918,11.4149422,8.457696272,9.383343404,485,17,467,31,502,498
36,1000,80,7.7,28,80,948,31,9,12,52,8.554111709,102,827,84.11739986,11.69287414,8.32548494,8.783654818,475,26,473,26,501,499
35,1000,80,7.7,28,81,944,43,10,3,56,8.361980581,102,850,84.40414139,11.46318585,8.083849982,8.666933,501,22,443,34,523,477
32,1000,80,7.7,28,102,945,35,8,12,55,8.720175489,143,865,85.19045726,12.2010393,8.00494096,9.464603264,485,25,460,30,510,490
33,1000,80,7.7,28,92,952,29,9,10,48,8.945527253,110,867,84.73060535,11.42350228,8.462895154,9.432035915,485,17,467,31,502,498
37,1000,80,7.7,28,72,952,31,12,5,48,8.735510556,108,862,83.91183568,10.76529911,8.2964169,9.18888368,491,17,461,31,508,492
39,1000,80,7.7,28,56,960,21,9,10,40,8.11708082,110,845,82.77521394,10.45055137,7.608216617,8.604036975,473,16,487,24,489,511
38,1000,80,7.7,28,71,950,32,13,5,50,8.366970186,111,859,83.65559415,10.89912142,8.045831648,8.69590966,487,19,463,31,506,494
34,1000,80,7.7,28,75,960,25,10,5,40,8.152036745,114,833,83.75126517,10.78986187,7.910538771,8.414709906,503,18,457,22,521,479
36,1000,80,7.7,28,81,948,31,9,12,52,8.597918546,107,846,84.13396769,11.73252436,8.341280568,8.855585134,475,26,473,26,501,499
35,1000,80,7.7,28,82,945,43,9,3,55,8.39428085,131,841,84.44114488,11.48461152,8.098120887,8.719001312,502,21,443,34,523,477
33,1000,80,7.7,28,93,954,29,8,9,46,8.948012333,131,862,84.74676333,11.43997026,8.420824802,9.479434302,486,16,468,30,502,498
37,1000,80,7.7,28,73,952,31,12,5,48,8.74288996,101,863,83.97282668,10.80338821,8.306391627,9.193583361,491,17,461,31,508,492
32,1000,80,7.7,28,103,944,36,8,12,56,8.775405748,124,870,85.23228183,12.23402359,8.076164941,9.503186997,485,25,459,31,510,490
39,1000,80,7.7,28,57,961,21,9,9,39,8.110038241,91,824,82.81347488,10.4719176,7.625352174,8.573857197,473,16,488,23,489,511
38,1000,80,7.7,28,72,949,32,14,5,51,8.368409419,123,842,83.66208155,10.91161476,8.043638711,8.701069293,487,19,462,32,506,494
34,1000,80,7.7,28,76,961,24,10,5,39,8.174369795,100,847,83.82387944,10.82981668,7.922585316,8.448231411,504,17,457,22,521,479
36,1000,80,7.7,28,82,948,31,9,12,52,8.598616867,121,838,84.19528316,11.74479743,8.330356354,8.867952572,475,26,473,26,501,499
35,1000,80,7.7,28,83,944,44,9,3,56,8.437638167,115,846,84.48441588,11.52665719,8.177889197,8.722436304,501,22,443,34,523,477
33,1000,80,7.7,28,94,954,29,8,9,46,8.941224467,126,854,84.79846534,11.46726005,8.428803323,9.457761444,486,16,468,30,502,498
37,1000,80,7.7,28,74,952,30,13,5,48,8.730039923,120,868,84.02314692,10.85360915,8.294813268,9.17942029,491,17,461,31,508,492
39,1000,80,7.7,28,58,960,22,9,9,40,8.148383666,108,822,82.85790579,10.47612045,7.662375917,8.613467402,472,17,488,23,489,511
38,1000,80,7.7,28,73,949,32,14,5,51,8.365663953,122,857,83.70145798,10.92270893,8.008174464,8.731837397,487,19,462,32,506,494
34,1000,80,7.7,28,77,962,25,8,5,38,8.182979817,108,844,83.86708492,10.85597439,7.920283603,8.468709938,505,16,457,22,521,479
32,1000,80,7.7,28,104,944,36,8,12,56,8.792339878,144,860,85.27436422,12.2532789,8.091439438,9.521848499,485,25,459,31,510,490
40,1000,80,7.7,28,0,950,24,15,11,50,6.65,80,783,80.06984379,8.824011713,6.081553398,7.253608247,493,22,457,28,515,485
36,1000,80,7.7,28,83,949,30,9,12,51,8.568216322,118,842,84.23887508,11.77026356,8.319471323,8.817958295,475,26,474,25,501,499
35,1000,80,7.7,28,84,944,44,10,2,56,8.431177857,138,864,84.52842957,11.57646163,8.183605032,8.702625629,501,22,443,34,523,477
33,1000,80,7.7,28,95,954,29,8,9,46,8.962161077,128,849,84.82389603,11.521326,8.435266163,9.493288079,486,16,468,30,502,498
37,1000,80,7.7,28,75,952,29,14,5,48,8.690978811,127,857,84.09680817,10.87174611,8.273060845,9.122487604,491,17,461,31,508,492
39,1000,80,7.7,28,59,958,24,9,9,42,8.182142966,118,808,82.91012229,10.48938416,7.709738806,8.634208787,471,18,487,24,489,511
38,1000,80,7.7,28,74,949,33,13,5,51,8.374283084,106,830,83.73172847,10.93858787,8.030056738,8.726871203,486,20,463,31,506,494
34,1000,80,7.7,28,78,963,25,7,5,37,8.164048139,115,843,83.95046811,10.89393419,7.911584487,8.438648478,505,16,458,21,521,479
36,1000,80,7.7,28,84,950,29,9,12,50,8.574550401,124,848,84.30130738,11.80264609,8.305523516,8.844655551,476,25,474,25,501,499
40,1000,80,7.7,28,1,951,24,14,11,49,6.674220782,84,812,80.10593055,8.826268549,6.120977687,7.261685099,493,22,458,27,515,485
35,1000,80,7.7,28,85,945,43,10,2,55,8.43075079,124,828,84.60970855,11.61812112,8.183107378,8.702275957,501,22,444,33,523,477
33,1000,80,7.7,28,96,953,30,8,9,47,8.983819405,125,851,84.87247829,11.55982611,8.472084177,9.499664955,485,17,468,30,502,498
37,1000,80,7.7,28,76,952,28,15,5,48,8.711226495,113,847,84.15333668,10.91098004,8.31187141,9.123568737,491,17,461,31,508,492
39,1000,80,7.7,28,60,959,23,9,9,41,8.185868938,121,830,82.98354808,10.54261516,7.718852208,8.632779272,471,18,488,23,489,511
38,1000,80,7.7,28,75,949,33,13,5,51,8.376847737,107,853,83.74840068,10.96477986,8.049549993,8.712096033,486,20,463,31,506,494
34,1000,80,7.7,28,79,963,25,7,5,37,8.186085232,110,861,83.97149264,10.90329132,7.916850189,8.478927524,505,16,458,21,521,479
36,1000,80,7.7,28,85,950,29,9,12,50,8.610984564,126,859,84.32032557,11.83417341,8.359724986,8.863251193,476,25,474,25,501,499
35,1000,80,7.7,28,86,944,45,8,3,56,8.420722591,141,859,84.66702824,11.6578878,8.207369317,8.654650813,499,24,445,32,523,477
40,1000,80,7.7,28,2,949,26,14,11,51,6.704219842,100,817,80.1550039,8.880729602,6.122469365,7.321954885,493,22,456,29,515,485
33,1000,80,7.7,28,97,953,30,8,9,47,8.993606569,119,846,84.93489622,11.57437891,8.467979825,9.523455214,485,17,468,30,502,498
37,1000,80,7.7,28,77,952,28,15,5,48,8.725470829,110,844,84.24586728,10.96026498,8.341014153,9.122430162,491,17,461,31,508,492
39,1000,80,7.7,28,61,957,24,10,9,43,8.20427044,110,819,83.0589978,10.57526164,7.767276581,8.622450475,469,20,488,23,489,511
36,1000,80,7.7,28,86,950,29,9,12,50,8.605503221,99,844,84.36661613,11.85962377,8.361783287,8.850199989,476,25,474,25,501,499
38,1000,80,7.7,28,76,948,34,13,5,52,8.398189068,120,842,83.77546812,11.0125981,8.084088333,8.719919779,485,21,463,31,506,494
34,1000,80,7.7,28,80,964,24,7,5,36,8.184433411,122,851,84.02275769,10.92647958,7.87717494,8.518633125,505,16,459,20,521,479
35,1000,80,7.7,28,87,946,43,9,2,54,8.453604597,109,858,84.72714548,11.70087942,8.272611595,8.652051851,500,23,446,31,523,477
33,1000,80,7.7,28,98,952,31,8,9,48,9.03176462,116,861,84.98607404,11.64218973,8.493605301,9.574246504,485,17,467,31,502,498
40,1000,80,7.7,28,3,950,25,14,11,50,6.737638736,79,804,80.22770071,8.896085526,6.152488286,7.358984059,494,21,456,29,515,485
37,1000,80,7.7,28,78,952,28,15,5,48,8.747805796,107,840,84.28031686,10.97640445,8.374321515,9.133435908,491,17,461,31,508,492
36,1000,80,7.7,28,87,949,29,11,11,51,8.642624947,119,848,84.41873654,11.8766967,8.384074843,8.902211324,476,25,473,26,501,499
39,1000,80,7.7,28,62,958,22,11,9,42,8.176095852,108,844,83.11587324,10.6093488,7.753041967,8.580936067,470,19,488,23,489,511
34,1000,80,7.7,28,81,963,26,7,4,37,8.167514246,119,830,84.06346045,10.96705919,7.860435077,8.501518936,505,16,458,21,521,479
38,1000,80,7.7,28,77,948,34,13,5,52,8.414609393,125,856,83.81681587,11.06254327,8.115631823,8.720849577,485,21,463,31,506,494
33,1000,80,7.7,28,99,952,30,8,10,48,9.052152527,112,853,85.05770579,11.6618851,8.504166769,9.604539777,485,17,467,31,502,498
35,1000,80,7.7,28,88,947,43,8,2,53,8.472826372,128,854,84.78804905,11.74721295,8.286998524,8.676574726,500,23,447,30,523,477
40,1000,80,7.7,28,4,950,24,15,11,50,6.745965798,80,802,80.3145605,8.934688282,6.183827205,7.342875851,493,22,457,28,515,485
36,1000,80,7.7,28,88,950,28,11,11,50,8.597158832,135,852,84.50422018,11.92646244,8.315482805,8.879963821,476,25,474,25,501,499
37,1000,80,7.7,28,79,952,28,15,5,48,8.778196875,122,853,84.34286478,10.98885561,8.415242288,9.152954864,491,17,461,31,508,492
39,1000,80,7.7,28,63,957,21,13,9,43,8.230196874,110,838,83.21955951,10.6476778,7.805950912,8.636177843,470,19,487,24,489,511
34,1000,80,7.7,28,82,963,26,7,4,37,8.177917991,126,860,84.09670158,11.01489256,7.878208757,8.503906532,505,16,458,21,521,479
38,1000,80,7.7,28,78,948,34,13,5,52,8.431889816,113,834,83.89937059,11.07116882,8.145424269,8.725314041,485,21,463,31,506,494
33,1000,80,7.7,28,100,952,29,9,10,48,9.084855369,122,853,85.12473357,11.70286336,8.547500412,9.626526429,485,17,467,31,502,498
35,1000,80,7.7,28,89,946,44,8,2,54,8.519798821,128,833,84.82684557,11.78666488,8.356567461,8.698771571,500,23,446,31,523,477
40,1000,80,7.7,28,5,950,24,15,11,50,6.792946958,92,825,80.37499607,8.973973944,6.227553309,7.393313409,493,22,457,28,515,485
36,1000,80,7.7,28,89,950,28,12,10,50,8.62982586,130,840,84.55788803,11.94898428,8.351173684,8.909594879,476,25,474,25,501,499
37,1000,80,7.7,28,80,950,27,17,6,50,8.890882377,106,845,84.40727746,11.01472996,8.564642136,9.227732056,489,19,461,31,508,492
39,1000,80,7.7,28,64,957,21,13,9,43,8.264577676,121,829,83.27739566,10.67490366,7.835744335,8.674948524,470,19,487,24,489,511
33,1000,80,7.7,28,101,953,28,9,10,47,9.10787372,122,841,85.20068676,11.73596974,8.574850169,9.645178585,486,16,467,31,502,498
35,1000,80,7.7,28,90,945,44,9,2,55,8.53782101,121,849,84.91289343,11.80891084,8.363154578,8.729331584,500,23,445,32,523,477
38,1000,80,7.7,28,79,950,32,13,5,50,8.414486057,104,846,83.95790417,11.10446438,8.140543709,8.695082876,486,20,464,30,506,494
34,1000,80,7.7,28,83,962,27,7,4,38,8.184242728,111,839,84.12228537,11.05096075,7.882844333,8.512068539,505,16,457,22,521,479
36,1000,80,7.7,28,90,951,28,12,9,49,8.60239332,126,854,84.60328474,11.98383523,8.324613487,8.881286499,476,25,475,24,501,499
33,1000,80,7.7,28,102,952,28,10,10,48,9.135942766,117,838,85.24571527,11.75446079,8.588958276,9.687320705,486,16,466,32,502,498
40,1000,80,7.7,28,6,950,24,15,11,50,6.850944917,88,810,80.42852839,8.999712013,6.267285678,7.470706789,493,22,457,28,515,485
37,1000,80,7.7,28,81,952,26,16,6,48,8.884040506,121,862,84.46836561,11.05543176,8.558802423,9.219855439,490,18,462,30,508,492
39,1000,80,7.7,28,65,956,22,13,9,44,8.2673999,121,836,83.33623042,10.69992153,7.831902054,8.684148329,470,19,486,25,489,511
35,1000,80,7.7,28,91,945,44,9,2,55,8.560008671,127,829,84.9613262,11.84036679,8.397282571,8.738427434,500,23,445,32,523,477
38,1000,80,7.7,28,80,948,33,14,5,52,8.443136946,118,845,84.07339482,11.15576455,8.189615305,8.702817008,485,21,463,31,506,494
34,1000,80,7.7,28,84,961,28,8,3,39,8.255068927,125,829,84.14820113,11.05621293,7.996985621,8.535781667,505,16,456,23,521,479
36,1000,80,7.7,28,91,948,30,13,9,52,8.649085737,128,851,84.68292676,12.022693,8.33381868,8.96561639,475,26,473,26,501,499
33,1000,80,7.7,28,103,951,30,9,10,49,9.130525605,125,847,85.31838172,11.79568096,8.591304839,9.674077462,485,17,466,32,502,498
35,1000,80,7.7,28,92,947,41,10,2,53,8.54609578,129,847,84.99386953,11.87822494,8.366325328,8.743202587,501,22,446,31,523,477
37,1000,80,7.7,28,82,952,26,16,6,48,8.906427486,114,835,84.48961955,11.09308653,8.60150346,9.221267741,490,18,462,30,508,492
39,1000,80,7.7,28,66,956,22,13,9,44,8.30436353,117,834,83.37526743,10.72591975,7.890140474,8.700753109,470,19,486,25,489,511
40,1000,80,7.7,28,7,952,25,13,10,48,6.820513795,107,797,80.46447539,9.039635659,6.273865739,7.400975134,493,22,459,26,515,485
34,1000,80,7.7,28,85,961,27,9,3,39,8.258945432,114,853,84.19365426,11.07120819,8.007125433,8.532845682,505,16,456,23,521,479
38,1000,80,7.7,28,81,949,32,14,5,51,8.426132149,116,855,84.14420176,11.19116644,8.192981442,8.664946435,485,21,464,30,506,494
36,1000,80,7.7,28,92,949,30,11,10,51,8.676141954,122,858,84.73050156,12.0737621,8.369036089,8.984478704,475,26,474,25,501,499
33,1000,80,7.7,28,104,951,30,9,10,49,9.16353164,131,852,85.38942322,11.82883094,8.635428586,9.695876486,485,17,466,32,502,498
41,1000,80,7.7,28,0,940,30,16,14,60,7.118,93,795,79.96541395,8.997013756,6.042553191,8.269151139,500,17,440,43,517,483
35,1000,80,7.7,28,93,949,39,10,2,51,8.528344674,126,862,85.04332994,11.90341506,8.345374102,8.728960206,501,22,448,29,523,477
37,1000,80,7.7,28,83,952,26,16,6,48,8.905093524,103,842,84.52952498,11.11709921,8.577598775,9.24323851,490,18,462,30,508,492
39,1000,80,7.7,28,67,955,23,13,9,45,8.323634381,109,834,83.40488249,10.77143367,7.913292752,8.716309638,470,19,485,26,489,511
34,1000,80,7.7,28,86,961,27,9,3,39,8.292724528,112,860,84.27034353,11.1014876,8.059405332,8.546501774,505,16,456,23,521,479
38,1000,80,7.7,28,82,948,33,13,6,52,8.436687679,117,824,84.23459912,11.24060549,8.194778012,8.684473695,485,21,463,31,506,494
40,1000,80,7.7,28,8,954,25,12,9,46,6.833235848,88,826,80.53765787,9.063501824,6.301299506,7.398075469,494,21,460,25,515,485
36,1000,80,7.7,28,93,949,30,11,10,51,8.705737049,153,858,84.79201242,12.11369149,8.394278615,9.018443814,475,26,474,25,501,499
41,1000,80,7.7,28,1,940,30,16,14,60,7.155276359,96,805,79.99177422,9.020359063,6.085711138,8.300131885,500,17,440,43,517,483
35,1000,80,7.7,28,94,950,38,10,2,50,8.545088811,130,851,85.06942655,11.92323069,8.339013993,8.771036673,502,21,448,29,523,477
37,1000,80,7.7,28,84,953,26,15,6,47,8.883610095,116,844,84.57806762,11.14991969,8.575931411,9.201294589,490,18,463,29,508,492
39,1000,80,7.7,28,68,955,22,13,10,45,8.369725014,111,820,83.5067594,10.78803878,7.967036863,8.755076298,470,19,485,26,489,511
34,1000,80,7.7,28,87,961,26,10,3,39,8.314147935,100,826,84.3300421,11.13165987,8.052934845,8.598264887,505,16,456,23,521,479
38,1000,80,7.7,28,83,949,32,13,6,51,8.450076712,124,857,84.26545574,11.2762956,8.21352839,8.692371147,485,21,464,30,506,494
40,1000,80,7.7,28,9,955,23,13,9,45,6.887226818,109,820,80.60913712,9.123811616,6.333744055,7.474945628,495,20,460,25,515,485
36,1000,80,7.7,28,94,949,29,12,10,51,8.747242641,122,875,84.828662,12.16140382,8.432509829,9.063236906,475,26,474,25,501,499
35,1000,80,7.7,28,95,951,38,9,2,49,8.56298405,121,841,85.09283905,11.97384214,8.340388845,8.80704546,503,20,448,29,523,477
41,1000,80,7.7,28,2,941,30,15,14,59,7.162096369,104,785,80.03260188,9.064490535,6.098460149,8.300605533,500,17,441,42,517,483
37,1000,80,7.7,28,85,954,25,14,7,46,8.909982774,119,852,84.60069113,11.21083451,8.597118023,9.233021988,491,17,463,29,508,492
39,1000,80,7.7,28,69,954,23,13,10,46,8.375711251,124,849,83.52603336,10.85559912,7.994220761,8.740777493,469,20,485,26,489,511
34,1000,80,7.7,28,88,961,26,10,3,39,8.330839747,105,844,84.40583442,11.16941818,8.042866178,8.644063607,505,16,456,23,521,479
38,1000,80,7.7,28,84,949,31,14,6,51,8.454847091,110,868,84.32528186,11.31855191,8.220630105,8.694753559,485,21,464,30,506,494
36,1000,80,7.7,28,95,950,29,11,10,50,8.769959223,115,869,84.87623389,12.18673758,8.499469853,9.041532718,475,26,475,24,501,499
40,1000,80,7.7,28,10,955,24,12,9,45,6.917556838,100,812,80.66344493,9.164148609,6.400576159,7.466515703,495,20,460,25,515,485
35,1000,80,7.7,28,96,951,38,9,2,49,8.591186482,102,860,85.16105303,12.01445829,8.357011301,8.847944593,503,20,448,29,523,477
41,1000,80,7.7,28,3,939,32,15,14,61,7.215104429,85,826,80.07103481,9.073746897,6.160443484,8.344006517,500,17,439,44,517,483
37,1000,80,7.7,28,86,954,26,14,6,46,8.939968017,138,873,84.66892221,11.23597675,8.626342296,9.263792948,492,16,462,30,508,492
39,1000,80,7.7,28,70,954,23,12,11,46,8.361347663,119,822,83.60109708,10.86378945,7.994397741,8.71249935,469,20,485,26,489,511
34,1000,80,7.7,28,89,962,25,10,3,38,8.380611293,122,833,84.47106835,11.21542925,8.091624741,8.694936959,506,15,456,23,521,479
38,1000,80,7.7,28,85,950,30,14,6,50,8.451394799,141,846,84.35272692,11.334844,8.203957582,8.704842636,486,20,464,30,506,494
36,1000,80,7.7,28,96,948,31,11,10,52,8.794634513,119,853,84.93495859,12.21568249,8.520968377,9.069397507,475,26,473,26,501,499
35,1000,80,7.7,28,97,951,39,8,2,49,8.581407965,129,856,85.20618063,12.04117628,8.367981798,8.81541611,503,20,448,29,523,477
40,1000,80,7.7,28,11,956,24,11,9,44,6.90791018,88,813,80.72181165,9.183544934,6.404716151,7.442229612,495,20,461,24,515,485
41,1000,80,7.7,28,4,940,31,14,15,60,7.191085066,86,813,80.12760606,9.103344736,6.1465088,8.309192581,501,16,439,44,517,483
39,1000,80,7.7,28,71,953,24,12,11,47,8.350414321,112,826,83.65140286,10.90764462,7.974705578,8.709947736,470,19,483,28,489,511
37,1000,80,7.7,28,87,953,28,13,6,47,8.968646875,106,853,84.69801024,11.25509339,8.658800418,9.288569639,491,17,462,30,508,492
34,1000,80,7.7,28,90,960,27,10,3,40,8.390483723,110,859,84.5484005,11.24507868,8.104210537,8.701858107,505,16,455,24,521,479
36,1000,80,7.7,28,97,949,32,10,9,51,8.802018939,143,860,85.00626673,12.24068879,8.543036301,9.062039584,476,25,473,26,501,499
38,1000,80,7.7,28,86,951,29,15,5,49,8.45002833,114,847,84.39476692,11.35325604,8.19963137,8.706507807,486,20,465,29,506,494
35,1000,80,7.7,28,98,951,38,9,2,49,8.596737936,124,848,85.24807149,12.0941652,8.37917441,8.835282431,503,20,448,29,523,477
41,1000,80,7.7,28,5,940,31,14,15,60,7.22418378,116,810,80.18150024,9.115893974,6.178584019,8.343386837,501,16,439,44,517,483
40,1000,80,7.7,28,12,958,22,12,8,42,6.893724806,97,820,80.75567165,9.19592927,6.4131076,7.404070912,495,20,463,22,515,485
39,1000,80,7.7,28,72,953,24,12,11,47,8.349404453,109,840,83.7081377,10.96132924,7.961321667,8.720779174,470,19,483,28,489,511
37,1000,80,7.7,28,88,951,30,13,6,49,8.975742291,121,868,84.75502501,11.30338059,8.669353013,9.292095448,489,19,462,30,508,492
36,1000,80,7.7,28,98,950,31,10,9,50,8.805120276,136,850,85.06070617,12.25221007,8.536813169,9.074502763,476,25,474,25,501,499
34,1000,80,7.7,28,91,958,28,10,4,42,8.406730798,109,855,84.59806284,11.27356623,8.146245574,8.690056062,503,18,455,24,521,479
38,1000,80,7.7,28,87,952,28,15,5,48,8.46430417,124,835,84.43716374,11.4010622,8.237401965,8.696718169,486,20,466,28,506,494
35,1000,80,7.7,28,99,953,36,9,2,47,8.565909899,130,855,85.31929784,12.10996246,8.362313161,8.789140704,504,19,449,28,523,477
41,1000,80,7.7,28,6,938,33,14,15,62,7.259061768,94,793,80.19067611,9.147645162,6.244763126,8.344760315,499,18,439,44,517,483
40,1000,80,7.7,28,13,959,21,12,8,41,6.936371656,97,814,80.79080751,9.227715921,6.448041568,7.454907729,496,19,463,22,515,485
36,1000,80,7.7,28,99,948,32,11,9,52,8.820630449,129,860,85.12688811,12.28607945,8.532967179,9.109446677,475,26,473,26,501,499
39,1000,80,7.7,28,73,955,23,11,11,45,8.333368421,136,864,83.79657097,10.9871768,7.919260149,8.729648156,471,18,484,27,489,511
37,1000,80,7.7,28,89,951,30,13,6,49,8.989752301,127,840,84.79671367,11.3203775,8.656469689,9.333873372,489,19,462,30,508,492
34,1000,80,7.7,28,92,958,27,11,4,42,8.420378325,116,854,84.66242807,11.29420002,8.179809522,8.682040843,503,18,455,24,521,479
38,1000,80,7.7,28,88,950,30,15,5,50,8.50645079,127,842,84.52243923,11.42659893,8.26193523,8.756906,487,19,463,31,506,494
35,1000,80,7.7,28,100,953,36,8,3,47,8.592548471,123,848,85.38091818,12.16773381,8.361258416,8.846143227,504,19,449,28,523,477
41,1000,80,7.7,28,7,938,33,14,15,62,7.308954916,90,818,80.28054924,9.17056139,6.267517697,8.423702416,499,18,439,44,517,483
36,1000,80,7.7,28,100,948,32,11,9,52,8.824369685,135,859,85.16743459,12.31749795,8.560141316,9.089657087,475,26,473,26,501,499
40,1000,80,7.7,28,14,961,19,12,8,39,6.947362165,92,830,80.86904656,9.253234505,6.454422537,7.470792903,497,18,464,21,515,485
39,1000,80,7.7,28,74,953,24,11,12,47,8.388884197,113,829,83.87537922,11.04558298,7.98012643,8.780043782,471,18,482,29,489,511
37,1000,80,7.7,28,90,950,29,15,6,50,9.02337345,125,853,84.82997316,11.35271901,8.653694875,9.405074094,489,19,461,31,508,492
34,1000,80,7.7,28,93,958,26,12,4,42,8.440058214,117,846,84.73168476,11.3087709,8.193183447,8.708579619,503,18,455,24,521,479
38,1000,80,7.7,28,89,950,30,16,4,50,8.506091761,118,840,84.56039845,11.43467956,8.288099317,8.729379568,487,19,463,31,506,494
35,1000,80,7.7,28,101,954,35,8,3,46,8.632987338,131,841,85.42848808,12.20440743,8.42361629,8.862549305,504,19,450,27,523,477
41,1000,80,7.7,28,8,938,33,14,15,62,7.306750929,87,824,80.32958356,9.206613757,6.279165416,8.406671654,499,18,439,44,517,483
36,1000,80,7.7,28,101,944,34,12,10,56,8.864532892,138,838,85.21118432,12.350132,8.585066125,9.145119766,474,27,470,29,501,499
39,1000,80,7.7,28,75,952,25,11,12,48,8.42226053,124,855,83.95682208,11.07929467,8.053055088,8.77557063,470,19,482,29,489,511
37,1000,80,7.7,28,91,950,30,15,5,50,9.010383091,136,860,84.89156766,11.38311224,8.626760576,9.406481135,489,19,461,31,508,492
34,1000,80,7.7,28,94,958,26,12,4,42,8.453600132,125,847,84.81032516,11.34535566,8.200747859,8.728623167,503,18,455,24,521,479
40,1000,80,7.7,28,15,962,19,13,6,38,6.912008949,124,809,80.93245084,9.273241261,6.443220525,7.409794594,498,17,464,21,515,485
35,1000,80,7.7,28,102,952,37,8,3,48,8.616633321,135,838,85.52360104,12.22684297,8.409294199,8.84396741,503,20,449,28,523,477
38,1000,80,7.7,28,90,947,32,17,4,53,8.540450499,89,856,84.59561939,11.46746817,8.318968225,8.767312909,487,19,460,34,506,494
41,1000,80,7.7,28,9,938,35,13,14,62,7.310928946,90,790,80.36038283,9.23821245,6.330494188,8.360379816,498,19,440,43,517,483
36,1000,80,7.7,28,102,943,34,13,10,57,8.90649705,136,869,85.27675494,12.38298077,8.649522904,9.164501151,473,28,470,29,501,499
39,1000,80,7.7,28,76,951,27,11,11,49,8.40310773,118,822,84.02147301,11.11340173,8.018807912,8.77086235,469,20,482,29,489,511
37,1000,80,7.7,28,92,950,31,14,5,50,9.04226585,115,865,84.92610299,11.3938344,8.687711608,9.408350311,489,19,461,31,508,492
34,1000,80,7.7,28,95,959,26,11,4,41,8.469390566,115,884,84.88755628,11.39394797,8.209985945,8.751540477,504,17,455,24,521,479
35,1000,80,7.7,28,103,953,36,8,3,47,8.625310092,121,859,85.55122216,12.25006956,8.406290805,8.865450736,504,19,449,28,523,477
40,1000,80,7.7,28,16,962,19,12,7,38,6.926430891,96,824,80.95696841,9.291975997,6.44164487,7.441203676,499,16,463,22,515,485
38,1000,80,7.7,28,91,947,31,18,4,53,8.576398455,119,845,84.68733193,11.48586171,8.407239463,8.749666571,487,19,460,34,506,494
41,1000,80,7.7,28,10,938,35,13,14,62,7.322847453,97,818,80.37834613,9.283534756,6.356703212,8.357001847,498,19,440,43,517,483
36,1000,80,7.7,28,103,944,33,14,9,56,8.862318787,134,861,85.31715427,12.4099874,8.579253249,9.146518857,474,27,470,29,501,499
39,1000,80,7.7,28,77,950,28,11,11,50,8.41828122,128,823,84.07776883,11.15594707,8.014914785,8.804281585,469,20,481,30,489,511
37,1000,80,7.7,28,93,950,31,14,5,50,9.074309712,100,863,84.95021356,11.42418699,8.706564173,9.454014457,489,19,461,31,508,492
35,1000,80,7.7,28,104,953,36,8,3,47,8.61809877,132,863,85.59876607,12.28381732,8.403340267,8.853567736,504,19,449,28,523,477
34,1000,80,7.7,28,96,958,27,11,4,42,8.527726348,102,866,84.93758331,11.40847068,8.30852338,8.766149619,503,18,455,24,521,479
42,1000,80,7.7,28,0,954,17,11,18,46,7.128,89,825,80.01725367,8.634730951,6.253036437,7.982213439,481,13,473,33,494,506
38,1000,80,7.7,28,92,946,31,19,4,54,8.592740878,123,839,84.75663432,11.54237712,8.41980956,8.769872957,486,20,460,34,506,494
41,1000,80,7.7,28,11,939,35,11,15,61,7.359753915,108,800,80.44785608,9.296610347,6.411820743,8.374415301,498,19,441,42,517,483
40,1000,80,7.7,28,17,964,17,11,8,36,6.925307627,106,817,81.00216357,9.324597308,6.449922013,7.430098537,500,15,464,21,515,485
36,1000,80,7.7,28,104,945,32,15,8,55,8.846225057,135,883,85.36070828,12.46321378,8.576395421,9.117136176,475,26,470,29,501,499
43,1000,80,7.7,28,0,946,33,14,7,54,6.986,98,829,80.35409591,8.817409843,5.93495935,8.003937008,477,15,469,39,492,508
39,1000,80,7.7,28,78,948,28,12,12,52,8.426092515,118,830,84.14448068,11.20739592,8.010338292,8.823947339,468,21,480,31,489,511
34,1000,80,7.7,28,97,958,27,11,4,42,8.539170362,128,843,84.99626171,11.41113684,8.349236673,8.745757944,503,18,455,24,521,479
42,1000,80,7.7,28,1,954,18,10,18,46,7.159602391,89,802,80.0372981,8.680680821,6.294909773,8.003788464,481,13,473,33,494,506
37,1000,80,7.7,28,94,950,31,14,5,50,9.100423073,100,843,85.02936986,11.44440351,8.729864975,9.48303184,489,19,461,31,508,492
41,1000,80,7.7,28,12,940,34,11,15,60,7.355802102,79,829,80.46944689,9.328064971,6.420802678,8.35661929,499,18,441,42,517,483
38,1000,80,7.7,28,93,946,31,19,4,54,8.608228102,117,850,84.80209382,11.58110094,8.443190788,8.777274419,486,20,460,34,506,494
40,1000,80,7.7,28,18,965,17,11,7,35,6.946302161,102,813,81.05908922,9.367554191,6.468635937,7.453514749,501,14,464,21,515,485
43,1000,80,7.7,28,1,948,31,14,7,52,7.022108881,98,812,80.42952573,8.858545431,5.970067128,8.041015462,479,13,469,39,492,508
42,1000,80,7.7,28,2,956,16,11,17,44,7.119516745,97,787,80.07362569,8.685316991,6.259570108,7.95906939,482,12,474,32,494,506
39,1000,80,7.7,28,79,949,28,12,11,51,8.415474421,114,859,84.19887998,11.2712961,8.024296612,8.789810916,468,21,481,30,489,511
41,1000,80,7.7,28,13,941,34,12,13,59,7.355420684,108,792,80.50863332,9.360747,6.430935233,8.344983787,499,18,442,41,517,483
34,1000,80,7.7,28,98,959,26,11,4,41,8.564471337,117,842,85.05266344,11.45472677,8.379405533,8.765764205,504,17,455,24,521,479
37,1000,80,7.7,28,95,950,31,14,5,50,9.118478061,127,863,85.06758176,11.47849975,8.736513905,9.512863816,489,19,461,31,508,492
38,1000,80,7.7,28,94,946,31,19,4,54,8.609435704,114,843,84.86992999,11.61532489,8.444689747,8.778183586,485,21,461,33,506,494
40,1000,80,7.7,28,19,966,17,10,7,34,6.994160447,100,812,81.11085609,9.382714656,6.548163492,7.467744843,501,14,465,20,515,485
43,1000,80,7.7,28,2,948,31,14,7,52,7.075327012,83,837,80.50752447,8.880724285,6.037930005,8.080050098,480,12,468,40,492,508
42,1000,80,7.7,28,3,957,15,11,17,43,7.11974626,93,815,80.11775011,8.753858965,6.27010358,7.949239312,482,12,475,31,494,506
41,1000,80,7.7,28,14,942,33,12,13,58,7.371462461,89,815,80.5227931,9.394626311,6.446364491,8.361681198,499,18,443,40,517,483
39,1000,80,7.7,28,80,948,29,12,11,52,8.453537415,112,851,84.25753024,11.30106825,8.055020852,8.834896709,466,23,482,29,489,511
34,1000,80,7.7,28,99,959,26,11,4,41,8.575105717,118,858,85.082915,11.4921512,8.37608185,8.791580528,505,16,454,25,521,479
37,1000,80,7.7,28,96,950,31,14,5,50,9.121980763,118,840,85.11152482,11.51158086,8.731472764,9.52518821,489,19,461,31,508,492
38,1000,80,7.7,28,95,946,32,18,4,54,8.632650038,109,867,84.91733278,11.65124767,8.459351495,8.810158263,484,22,462,32,506,494
40,1000,80,7.7,28,20,966,18,9,7,34,7.035624224,110,824,81.17616783,9.418485225,6.553629211,7.547433362,501,14,465,20,515,485
43,1000,80,7.7,28,3,948,31,14,7,52,7.107642376,88,822,80.59534583,8.917223789,6.061414395,8.120918294,480,12,468,40,492,508
42,1000,80,7.7,28,4,956,16,11,17,44,7.152498869,98,828,80.21552825,8.796478597,6.300813359,7.983986302,482,12,474,32,494,506
41,1000,80,7.7,28,15,942,33,12,13,58,7.393066211,99,803,80.55928717,9.423562109,6.478076156,8.372465504,499,18,443,40,517,483
39,1000,80,7.7,28,81,950,28,11,11,50,8.477492211,112,862,84.28643203,11.32304134,8.053954233,8.882795678,467,22,483,28,489,511
34,1000,80,7.7,28,100,961,25,11,3,39,8.580824772,99,841,85.14677222,11.519237,8.407707659,8.769121256,505,16,456,23,521,479
37,1000,80,7.7,28,97,950,31,14,5,50,9.12606025,119,850,85.14561235,11.52351149,8.736842558,9.527935428,489,19,461,31,508,492
38,1000,80,7.7,28,96,946,32,18,4,54,8.626066719,119,838,84.97867041,11.67890027,8.4505107,8.805887257,484,22,462,32,506,494
42,1000,80,7.7,28,5,957,15,11,17,43,7.18104649,79,818,80.2390941,8.815206189,6.336724451,8.005345081,483,11,474,32,494,506
43,1000,80,7.7,28,4,949,28,15,8,51,7.09807247,97,823,80.66042437,8.949569936,6.065497704,8.098125196,481,11,468,40,492,508
41,1000,80,7.7,28,16,943,30,14,13,57,7.406734127,87,821,80.6010465,9.46377134,6.483035604,8.395454906,500,17,443,40,517,483
40,1000,80,7.7,28,21,966,18,9,7,34,7.112557297,104,803,81.22005933,9.463126645,6.661632809,7.591374022,501,14,465,20,515,485
39,1000,80,7.7,28,82,950,29,11,10,50,8.468112369,108,861,84.31913433,11.35298915,8.068109541,8.85089394,467,22,483,28,489,511
34,1000,80,7.7,28,101,960,26,11,3,40,8.599368062,117,859,85.21439273,11.57353537,8.431928215,8.781489482,505,16,455,24,521,479
37,1000,80,7.7,28,98,949,32,13,6,51,9.134075218,138,861,85.22542113,11.57146832,8.705830657,9.576246432,489,19,460,32,508,492
38,1000,80,7.7,28,97,945,33,18,4,55,8.640706808,112,863,85.07507442,11.70456633,8.474487452,8.810963882,483,23,462,32,506,494
42,1000,80,7.7,28,6,956,17,10,17,44,7.201970654,82,804,80.2920776,8.856798236,6.363484252,8.020572003,482,12,474,32,494,506
41,1000,80,7.7,28,17,943,30,14,13,57,7.400995141,104,824,80.65540411,9.499899221,6.450977682,8.417887535,500,17,443,40,517,483
43,1000,80,7.7,28,5,951,26,15,8,49,7.116168858,92,814,80.68805519,8.97991952,6.078935421,8.120733526,482,10,469,39,492,508
40,1000,80,7.7,28,22,968,17,9,6,32,7.11641148,91,811,81.29715289,9.516522335,6.664512325,7.59626316,502,13,466,19,515,485
39,1000,80,7.7,28,83,950,28,12,10,50,8.493638322,97,846,84.34872583,11.41610944,8.105518708,8.865048285,467,22,483,28,489,511
34,1000,80,7.7,28,102,960,26,11,3,40,8.615179821,113,849,85.29339288,11.62414833,8.449025391,8.795903116,505,16,455,24,521,479
37,1000,80,7.7,28,99,951,31,12,6,49,9.13766174,127,852,85.25809455,11.63538262,8.727415823,9.561248987,489,19,462,30,508,492
38,1000,80,7.7,28,98,943,35,17,5,57,8.66851702,115,855,85.09612324,11.75828354,8.522224336,8.818363372,483,23,460,34,506,494
42,1000,80,7.7,28,7,955,19,10,16,45,7.231255178,106,832,80.349572,8.906489311,6.40988196,8.03314919,482,12,473,33,494,506
41,1000,80,7.7,28,18,945,30,12,13,55,7.373413155,108,805,80.69298138,9.555052907,6.462562157,8.348382029,500,17,445,38,517,483
43,1000,80,7.7,28,6,952,25,15,8,48,7.123072029,89,814,80.71778996,9.005283427,6.057878511,8.154716144,482,10,470,38,492,508
39,1000,80,7.7,28,84,949,27,13,11,51,8.515406718,107,864,84.37700112,11.42621973,8.126104895,8.887947993,466,23,483,28,489,511
40,1000,80,7.7,28,23,968,18,9,5,32,7.119108408,102,821,81.33757845,9.565479964,6.664127477,7.602232489,502,13,466,19,515,485
34,1000,80,7.7,28,103,959,26,12,3,41,8.616986537,124,852,85.33486128,11.67460709,8.468409866,8.778590808,504,17,455,24,521,479
37,1000,80,7.7,28,100,952,31,11,6,48,9.145436672,125,870,85.33474839,11.65729391,8.720713592,9.583971884,490,18,462,30,508,492
38,1000,80,7.7,28,99,942,35,18,5,58,8.722922669,119,862,85.11952943,11.77192305,8.592044375,8.856980193,483,23,459,35,506,494
42,1000,80,7.7,28,8,954,19,11,16,46,7.28117645,86,812,80.41251067,8.95958362,6.507589363,8.036417597,482,12,472,34,494,506
41,1000,80,7.7,28,19,946,29,12,13,54,7.388527863,91,813,80.74784769,9.61602648,6.486965344,8.353554411,500,17,446,37,517,483
43,1000,80,7.7,28,7,951,26,15,8,49,7.153238656,112,813,80.77857992,9.023222593,6.095864511,8.177309679,482,10,469,39,492,508
39,1000,80,7.7,28,85,950,26,12,12,50,8.561984664,110,859,84.42486488,11.45419183,8.170888812,8.936242731,467,22,483,28,489,511
34,1000,80,7.7,28,104,959,26,12,3,41,8.664015025,106,857,85.41745087,11.69697579,8.536135508,8.803107359,504,17,455,24,521,479
44,1000,80,7.7,28,0,937,32,13,18,63,7.241,82,821,80.00231314,8.843313206,6.691382766,7.788423154,478,21,459,42,499,501
40,1000,80,7.7,28,24,968,17,10,5,32,7.145510223,96,809,81.42283808,9.595009965,6.684024681,7.635541263,503,12,465,20,515,485
37,1000,80,7.7,28,101,949,32,13,6,51,9.174899399,124,874,85.38161049,11.67849461,8.764970207,9.598159621,487,21,462,30,508,492
42,1000,80,7.7,28,9,954,21,10,15,46,7.272685397,105,798,80.45084946,8.957245496,6.486110091,8.040606742,481,13,473,33,494,506
38,1000,80,7.7,28,100,943,35,16,6,57,8.690324536,117,842,85.18806745,11.79845162,8.552950921,8.831035163,483,23,460,34,506,494
41,1000,80,7.7,28,20,948,28,11,13,52,7.417288725,108,814,80.81157285,9.636387501,6.557751352,8.337331834,501,16,447,36,517,483
43,1000,80,7.7,28,8,953,25,14,8,47,7.180571416,98,844,80.85999846,9.044897092,6.153628028,8.175170131,482,10,471,37,492,508
39,1000,80,7.7,28,86,949,27,12,12,51,8.528533985,137,851,84.46081268,11.49840451,8.159232063,8.881936411,467,22,482,29,489,511
44,1000,80,7.7,28,1,937,32,13,18,63,7.270910938,83,802,80.0202405,8.870479826,6.716402515,7.823205756,478,21,459,42,499,501
42,1000,80,7.7,28,10,954,21,10,15,46,7.270646306,97,801,80.48396303,8.996390669,6.500505706,8.022522703,481,13,473,33,494,506
37,1000,80,7.7,28,102,949,32,13,6,51,9.18705863,131,838,85.44365305,11.71881428,8.778964011,9.608424619,487,21,462,30,508,492
40,1000,80,7.7,28,25,968,17,9,6,32,7.18536809,90,855,81.4686161,9.615428888,6.733097195,7.665614504,503,12,465,20,515,485
38,1000,80,7.7,28,101,940,37,17,6,60,8.721585044,129,847,85.21715659,11.84164698,8.594318207,8.851943384,481,25,459,35,506,494
41,1000,80,7.7,28,21,946,30,11,13,54,7.449845563,111,812,80.85392633,9.655396763,6.603430939,8.355842169,499,18,447,36,517,483
43,1000,80,7.7,28,9,954,24,14,8,46,7.194363237,107,820,80.95315925,9.064494434,6.164538747,8.19175231,483,9,471,37,492,508
39,1000,80,7.7,28,87,948,28,12,12,52,8.554087389,115,821,84.52539839,11.54824871,8.204926539,8.888215873,466,23,482,29,489,511
42,1000,80,7.7,28,11,953,22,11,14,47,7.291060663,105,829,80.5422807,9.002946624,6.49803004,8.065284236,481,13,472,34,494,506
44,1000,80,7.7,28,2,939,30,12,19,61,7.27565587,111,800,80.08205557,8.892437293,6.726297984,7.82282071,478,21,461,40,499,501
37,1000,80,7.7,28,103,950,32,12,6,50,9.175973027,116,873,85.50084034,11.73899093,8.762360128,9.603036751,488,20,462,30,508,492
41,1000,80,7.7,28,22,948,29,11,12,52,7.449838576,123,804,80.90090552,9.691044352,6.634015921,8.32308974,499,18,449,34,517,483
38,1000,80,7.7,28,102,940,37,17,6,60,8.74294595,112,857,85.2918731,11.882056,8.609937959,8.879184905,481,25,459,35,506,494
40,1000,80,7.7,28,26,967,18,9,6,33,7.179271395,111,812,81.5288555,9.633716252,6.703159555,7.684833451,503,12,464,21,515,485
43,1000,80,7.7,28,10,955,22,15,8,45,7.236997721,101,792,81.00007852,9.056576276,6.237089439,8.20541283,483,9,472,36,492,508
42,1000,80,7.7,28,12,951,25,11,13,49,7.331326868,99,819,80.56942315,9.047996236,6.520214902,8.123202977,480,14,471,35,494,506
39,1000,80,7.7,28,88,947,28,13,12,53,8.603671839,116,851,84.58123396,11.59529989,8.225810746,8.965264941,466,23,481,30,489,511
41,1000,80,7.7,28,23,950,28,10,12,50,7.451724958,110,839,80.92550789,9.712757045,6.660919059,8.298198354,500,17,450,33,517,483
44,1000,80,7.7,28,3,939,30,12,19,61,7.303159939,97,795,80.12756944,8.921074407,6.759095742,7.845052223,478,21,461,40,499,501
37,1000,80,7.7,28,104,949,33,12,6,51,9.173475652,131,846,85.55806876,11.76902788,8.746747502,9.614081141,488,20,461,31,508,492
45,1000,80,7.7,28,0,939,30,15,16,61,7.273,99,800,80.23071823,8.88162676,6.543520309,8.053830228,493,24,446,37,517,483
38,1000,80,7.7,28,103,940,36,17,7,60,8.731172105,127,867,85.39821364,11.93333421,8.654141197,8.810074208,480,26,460,34,506,494
40,1000,80,7.7,28,27,967,18,9,6,33,7.227720762,106,810,81.56930147,9.681610457,6.775621423,7.707785008,503,12,464,21,515,485
42,1000,80,7.7,28,13,951,25,12,12,49,7.390282958,104,818,80.61437834,9.059659653,6.647462884,8.115486746,479,15,472,34,494,506
43,1000,80,7.7,28,11,957,21,14,8,43,7.261583864,99,794,81.05332634,9.108389585,6.256243423,8.235260038,484,8,473,35,492,508
39,1000,80,7.7,28,89,946,29,13,12,54,8.632366507,123,851,84.61589738,11.64247246,8.25952496,8.989156167,465,24,481,30,489,511
41,1000,80,7.7,28,24,950,28,10,12,50,7.443562593,109,810,81.00423481,9.735624492,6.664904302,8.277033269,500,17,450,33,517,483
44,1000,80,7.7,28,4,939,30,12,19,61,7.322511682,84,807,80.19434458,8.951364744,6.791974081,7.850931368,478,21,461,40,499,501
45,1000,80,7.7,28,1,940,30,14,16,60,7.280417823,98,827,80.30334015,8.93421457,6.567747854,8.043255036,493,24,447,36,517,483
38,1000,80,7.7,28,104,940,36,17,7,60,8.747725946,128,854,85.44247918,11.97486597,8.672921848,8.824347148,480,26,460,34,506,494
46,1000,80,7.7,28,0,940,35,9,16,60,7.17,88,804,80.07891025,8.842904648,6.094,8.246,483,17,457,43,500,500
40,1000,80,7.7,28,28,969,16,10,5,31,7.217237637,104,816,81.64325554,9.709819637,6.792665321,7.668072159,503,12,466,19,515,485
42,1000,80,7.7,28,14,953,24,11,12,47,7.404499788,89,823,80.69977861,9.065598326,6.637560278,8.15325101,480,14,473,33,494,506
43,1000,80,7.7,28,12,958,20,14,8,42,7.278316812,98,829,81.08269882,9.129391019,6.291060397,8.234478537,484,8,474,34,492,508
39,1000,80,7.7,28,90,946,29,13,12,54,8.576853517,130,833,84.6721284,11.65661535,8.206397045,8.931360785,465,24,481,30,489,511
41,1000,80,7.7,28,25,950,28,10,12,50,7.468402744,111,803,81.06403511,9.781885737,6.683585922,8.30846547,500,17,450,33,517,483
44,1000,80,7.7,28,5,939,30,12,19,61,7.335167863,102,782,80.27071398,8.971560977,6.81153882,7.85670657,478,21,461,40,499,501
46,1000,80,7.7,28,1,940,35,9,16,60,7.182500886,78,808,80.10612501,8.835381659,6.094960596,8.270041175,483,17,457,43,500,500
45,1000,80,7.7,28,2,942,29,12,17,58,7.277673772,104,786,80.34237645,8.983816396,6.582184436,8.02212095,494,23,448,35,517,483
42,1000,80,7.7,28,15,954,24,10,12,46,7.378626407,79,807,80.77402022,9.056505211,6.612332435,8.126747398,480,14,474,32,494,506
40,1000,80,7.7,28,29,970,15,10,5,30,7.217007159,100,832,81.69531029,9.743864234,6.785392525,7.675319606,503,12,467,18,515,485
43,1000,80,7.7,28,13,960,17,15,8,40,7.269287473,87,803,81.15473359,9.164367433,6.251202673,8.255306609,486,6,474,34,492,508
41,1000,80,7.7,28,26,950,29,9,12,50,7.49608862,110,808,81.11700102,9.805288332,6.741444941,8.303854214,499,18,451,32,517,483
44,1000,80,7.7,28,6,940,29,12,19,60,7.342621364,103,818,80.34569197,9.003024844,6.837243137,7.845982113,478,21,462,39,499,501
39,1000,80,7.7,28,91,946,30,12,12,54,8.588608505,123,839,84.71477079,11.69846324,8.208330312,8.952514643,465,24,481,30,489,511
42,1000,80,7.7,28,16,954,24,10,12,46,7.394711519,108,820,80.8461038,9.070329933,6.619358249,8.151676964,480,14,474,32,494,506
46,1000,80,7.7,28,2,940,34,10,16,60,7.220018842,85,806,80.14336276,8.866662927,6.122013598,8.318024086,483,17,457,43,500,500
45,1000,80,7.7,28,3,942,28,13,17,58,7.290439438,86,820,80.41218182,9.008124253,6.614610024,8.013842764,493,24,449,34,517,483
40,1000,80,7.7,28,30,968,17,9,6,32,7.261224874,95,809,81.74259187,9.815383224,6.831835672,7.717174233,502,13,466,19,515,485
43,1000,80,7.7,28,14,959,18,15,8,41,7.27695375,103,811,81.21352073,9.18414352,6.255383549,8.266348512,486,6,473,35,492,508
44,1000,80,7.7,28,7,943,27,12,18,57,7.339813495,96,786,80.38833205,9.042483119,6.856612075,7.821085967,479,20,464,37,499,501
39,1000,80,7.7,28,92,945,31,12,12,55,8.593211571,121,844,84.78136011,11.72512372,8.182364688,8.98637033,465,24,480,31,489,511
41,1000,80,7.7,28,27,951,28,9,12,49,7.52419711,91,822,81.15342855,9.838996869,6.757177574,8.34520974,499,18,452,31,517,483
42,1000,80,7.7,28,17,955,24,9,12,45,7.402154965,85,831,80.90500265,9.09461271,6.643202511,8.143108547,480,14,475,31,494,506
46,1000,80,7.7,28,3,943,33,10,14,57,7.217769643,80,791,80.18763298,8.887988585,6.131612396,8.303926889,484,16,459,41,500,500
45,1000,80,7.7,28,4,944,28,11,17,56,7.282169829,84,832,80.47858271,9.048228083,6.595452177,8.017227855,494,23,450,33,517,483
43,1000,80,7.7,28,15,959,18,15,8,41,7.281861205,99,840,81.25799907,9.219039129,6.256656257,8.274776233,486,6,473,35,492,508
40,1000,80,7.7,28,31,969,16,9,6,31,7.300919632,101,824,81.78077459,9.853252742,6.870531906,7.757929279,503,12,466,19,515,485
44,1000,80,7.7,28,8,943,26,13,18,57,7.369515297,81,788,80.43711131,9.04971095,6.885522863,7.851575625,479,20,464,37,499,501
41,1000,80,7.7,28,28,952,26,10,12,48,7.543148204,111,823,81.18896279,9.857115027,6.769629667,8.37111732,500,17,452,31,517,483
42,1000,80,7.7,28,18,955,23,10,12,45,7.449058219,100,809,80.96985717,9.136081085,6.710107896,8.170484029,480,14,475,31,494,506
39,1000,80,7.7,28,93,944,32,12,12,56,8.611534464,124,832,84.84214045,11.74853251,8.207081563,8.99857452,464,25,480,31,489,511
46,1000,80,7.7,28,4,946,30,10,14,54,7.240972196,88,818,80.26931901,8.906640479,6.197241593,8.284702799,483,17,463,37,500,500
45,1000,80,7.7,28,5,946,28,9,17,54,7.275580673,89,804,80.54802668,9.091698017,6.633840037,7.962495599,495,22,451,32,517,483
43,1000,80,7.7,28,16,959,19,14,8,41,7.306981155,100,817,81.29884366,9.238018885,6.300049216,8.282198702,485,7,474,34,492,508
44,1000,80,7.7,28,9,944,25,13,18,56,7.385518161,91,797,80.50642077,9.087976733,6.926439924,7.84276375,479,20,465,36,499,501
42,1000,80,7.7,28,19,955,23,10,12,45,7.486923854,98,799,81.02098487,9.186661291,6.772487843,8.184416719,480,14,475,31,494,506
41,1000,80,7.7,28,29,953,24,11,12,47,7.581490806,103,835,81.23913882,9.910255532,6.811331095,8.405864658,500,17,453,30,517,483
40,1000,80,7.7,28,32,970,16,8,6,30,7.272673238,95,823,81.83969141,9.906881505,6.871294268,7.698879773,504,11,466,19,515,485
39,1000,80,7.7,28,94,945,30,13,12,55,8.651792952,125,856,84.90670268,11.79639403,8.28200616,9.005659374,464,25,481,30,489,511
46,1000,80,7.7,28,5,945,31,10,14,55,7.266480066,91,816,80.27858093,8.931617107,6.223883479,8.309076652,484,16,461,39,500,500
45,1000,80,7.7,28,6,948,27,8,17,52,7.266618531,110,793,80.59638107,9.137412314,6.632128029,7.945772961,496,21,452,31,517,483
43,1000,80,7.7,28,17,960,19,13,8,40,7.328013028,102,812,81.34761224,9.271063158,6.375221065,8.250795794,485,7,475,33,492,508
42,1000,80,7.7,28,20,956,23,9,12,44,7.475064878,95,805,81.08609804,9.194808564,6.799807376,8.134308368,480,14,476,30,494,506
41,1000,80,7.7,28,30,952,25,11,12,48,7.605076416,109,814,81.28692423,9.943993486,6.860426252,8.402145017,499,18,453,30,517,483
44,1000,80,7.7,28,10,945,24,13,18,55,7.39336636,93,797,80.53812507,9.128411429,6.909866476,7.874936105,480,19,465,36,499,501
40,1000,80,7.7,28,33,969,17,8,6,31,7.272025896,105,814,81.89235557,9.930279497,6.910083543,7.656356436,504,11,465,20,515,485
39,1000,80,7.7,28,95,945,31,13,11,55,8.673021537,113,863,84.96549829,11.8378669,8.271383522,9.057367896,464,25,481,30,489,511
46,1000,80,7.7,28,6,946,31,10,13,54,7.308137481,96,807,80.32115933,8.96204931,6.254073252,8.362201711,485,15,461,39,500,500
45,1000,80,7.7,28,7,948,27,9,16,52,7.27147438,89,800,80.61864443,9.201239778,6.670587927,7.914659258,495,22,453,30,517,483
42,1000,80,7.7,28,21,955,24,9,12,45,7.484234287,118,823,81.17508681,9.223772587,6.782721289,8.169110613,479,15,476,30,494,506
43,1000,80,7.7,28,18,960,19,13,8,40,7.332159999,109,827,81.40868649,9.319793878,6.390557205,8.244106012,485,7,475,33,492,508
41,1000,80,7.7,28,31,953,24,10,13,47,7.640035735,87,837,81.33514203,9.975082558,6.904653438,8.427184074,500,17,453,30,517,483
44,1000,80,7.7,28,11,944,25,13,18,56,7.430265997,92,808,80.60396922,9.158996669,6.953357034,7.905271131,480,19,464,37,499,501
39,1000,80,7.7,28,96,944,32,13,11,56,8.680814612,116,854,85.01752315,11.86789587,8.294391909,9.05060072,464,25,480,31,489,511
40,1000,80,7.7,28,34,969,18,7,6,31,7.258950443,109,826,81.93692011,9.974022635,6.90015015,7.639944568,504,11,465,20,515,485
46,1000,80,7.7,28,7,945,32,10,13,55,7.330722621,104,821,80.37414242,8.9930554,6.290858926,8.370586316,485,15,460,40,500,500
45,1000,80,7.7,28,8,946,29,9,16,54,7.307120621,104,796,80.66897459,9.250971354,6.716520763,7.939294797,494,23,452,31,517,483
42,1000,80,7.7,28,22,957,23,8,12,43,7.488241078,94,796,81.21147399,9.247638089,6.813500348,8.146980052,479,15,478,28,494,506
41,1000,80,7.7,28,32,953,24,10,13,47,7.65749615,108,831,81.39252169,10.02292211,6.95886324,8.405308187,498,19,455,28,517,483
43,1000,80,7.7,28,19,958,20,14,8,42,7.378765537,108,808,81.46593221,9.316523076,6.400469648,8.326248957,484,8,474,34,492,508
44,1000,80,7.7,28,12,943,24,15,18,57,7.456505945,108,816,80.63259459,9.190754779,6.994721351,7.916447087,479,20,464,37,499,501
39,1000,80,7.7,28,97,944,32,13,11,56,8.710668042,119,854,85.06837314,11.88986871,8.264495871,9.137631235,464,25,480,31,489,511
40,1000,80,7.7,28,35,968,19,7,6,32,7.298771796,102,835,81.9699025,10.02138634,6.954896761,7.663917451,503,12,465,20,515,485
46,1000,80,7.7,28,8,944,32,11,13,56,7.366097381,99,816,80.43712714,9.011908433,6.329303928,8.402890834,485,15,459,41,500,500
45,1000,80,7.7,28,9,946,29,9,16,54,7.327279104,104,793,80.72902776,9.265449323,6.728381838,7.968334769,494,23,452,31,517,483
42,1000,80,7.7,28,23,957,24,8,11,43,7.484269442,102,818,81.28723623,9.288354363,6.833411299,8.119692214,479,15,478,28,494,506
41,1000,80,7.7,28,33,953,24,10,13,47,7.693694879,102,821,81.43158388,10.05041663,6.968672598,8.469753925,498,19,455,28,517,483
43,1000,80,7.7,28,20,957,22,12,9,43,7.431379902,97,830,81.54737636,9.338332975,6.445018752,8.38667456,483,9,474,34,492,508
44,1000,80,7.7,28,13,943,25,14,18,57,7.481887641,93,806,80.7012903,9.223805591,6.995813242,7.966021623,479,20,464,37,499,501
39,1000,80,7.7,28,98,945,29,15,11,55,8.72307278,109,850,85.16146132,11.90778004,8.30111324,9.126865765,464,25,481,30,489,511
46,1000,80,7.7,28,9,942,33,11,14,58,7.403587227,88,782,80.49126031,9.040679845,6.360613505,8.446560949,484,16,458,42,500,500
42,1000,80,7.7,28,24,958,24,6,12,42,7.511702487,92,798,81.34814171,9.306158774,6.873011674,8.135246482,479,15,479,27,494,506
40,1000,80,7.7,28,36,968,19,7,6,32,7.300635039,106,807,82.0310667,10.05720363,6.967641258,7.654226374,503,12,465,20,515,485
41,1000,80,7.7,28,34,953,25,8,14,47,7.702873072,97,835,81.49125877,10.0772526,6.938395409,8.521164899,498,19,455,28,517,483
45,1000,80,7.7,28,10,946,28,11,15,54,7.320437558,119,821,80.81358529,9.275600376,6.685222267,8.000367797,494,23,452,31,517,483
43,1000,80,7.7,28,21,958,21,11,10,42,7.449565251,95,813,81.59869776,9.379142817,6.454671683,8.413123589,484,8,474,34,492,508
44,1000,80,7.7,28,14,943,25,14,18,57,7.523535112,94,799,80.75544937,9.258273732,7.021223376,8.023841611,480,19,463,38,499,501
39,1000,80,7.7,28,99,945,28,16,11,55,8.750715723,149,850,85.17639815,11.92732274,8.342374427,9.141476767,464,25,481,30,489,511
42,1000,80,7.7,28,25,958,24,6,12,42,7.514419007,102,833,81.4073689,9.336742972,6.886990613,8.126967677,479,15,479,27,494,506
46,1000,80,7.7,28,10,942,33,10,15,58,7.433875879,108,808,80.51039118,9.064920515,6.405371263,8.462380494,484,16,458,42,500,500
41,1000,80,7.7,28,35,955,25,7,13,45,7.670700013,106,810,81.56085059,10.13510154,6.91151118,8.48333071,499,18,456,27,517,483
45,1000,80,7.7,28,11,946,28,11,15,54,7.372580198,94,803,80.85640158,9.302041309,6.771291552,8.016195581,493,24,453,30,517,483
40,1000,80,7.7,28,37,968,19,7,6,32,7.318853525,100,829,82.08388355,10.1342068,7.01220422,7.644470829,503,12,465,20,515,485
43,1000,80,7.7,28,22,957,22,11,10,43,7.442780343,106,820,81.66269415,9.430611049,6.423652572,8.429809601,484,8,473,35,492,508
44,1000,80,7.7,28,15,943,25,14,18,57,7.523742926,106,819,80.82629384,9.276287928,7.009810618,8.035623609,480,19,463,38,499,501
39,1000,80,7.7,28,100,945,28,16,11,55,8.73351415,110,858,85.20023775,11.9866376,8.324279947,9.125129659,464,25,481,30,489,511
42,1000,80,7.7,28,26,959,23,6,12,41,7.541941705,109,806,81.45271961,9.346268316,6.921054494,8.148104319,479,15,480,26,494,506
41,1000,80,7.7,28,36,955,26,7,12,45,7.710072446,121,829,81.64199215,10.1614154,7.015407528,8.453637172,498,19,457,26,517,483
46,1000,80,7.7,28,11,943,33,9,15,57,7.449392607,88,837,80.55626401,9.10658219,6.41152139,8.487263825,485,15,458,42,500,500
45,1000,80,7.7,28,12,948,26,11,15,52,7.402994841,77,805,80.91034826,9.336350716,6.831413484,8.014811738,494,23,454,29,517,483
40,1000,80,7.7,28,38,968,19,7,6,32,7.349539161,120,812,82.14645625,10.16966848,7.066974439,7.649582112,503,12,465,20,515,485
44,1000,80,7.7,28,16,943,24,14,19,57,7.540427383,99,796,80.87815865,9.30228313,7.054358616,8.024555756,479,20,464,37,499,501
43,1000,80,7.7,28,23,958,22,10,10,42,7.428872215,100,824,81.70450394,9.455394032,6.448663134,8.378208569,484,8,474,34,492,508
42,1000,80,7.7,28,27,958,24,6,12,42,7.585888545,105,818,81.50996505,9.385319292,6.947976871,8.208671879,479,15,479,27,494,506
39,1000,80,7.7,28,101,946,28,14,12,54,8.72186899,142,848,85.26257804,12.01742223,8.301925541,9.123732682,464,25,482,29,489,511
41,1000,80,7.7,28,37,957,24,7,12,43,7.707687703,117,785,81.69915368,10.21837,7.035175775,8.427540014,498,19,459,24,517,483
46,1000,80,7.7,28,12,946,30,9,15,54,7.449061572,108,814,80.593824,9.126606094,6.456162966,8.441960177,485,15,461,39,500,500
45,1000,80,7.7,28,13,949,26,10,15,51,7.42365571,102,811,80.92796993,9.356120178,6.846070981,8.041898577,495,22,454,29,517,483
44,1000,80,7.7,28,17,945,23,14,18,55,7.55540205,114,813,80.9047864,9.342320093,7.040964104,8.067786351,480,19,465,36,499,501
43,1000,80,7.7,28,24,959,22,9,10,41,7.441256,95,809,81.75054257,9.4787999,6.485903102,8.366519043,484,8,475,33,492,508
40,1000,80,7.7,28,39,967,20,7,6,33,7.384461124,109,825,82.17638148,10.1998912,7.117181619,7.668273382,502,13,465,20,515,485
42,1000,80,7.7,28,28,958,24,6,12,42,7.59736616,90,821,81.55418853,9.423323307,6.96461584,8.215110544,479,15,479,27,494,506
39,1000,80,7.7,28,102,946,27,14,13,54,8.720620944,136,855,85.30158811,12.02130895,8.281868043,9.140484288,464,25,482,29,489,511
41,1000,80,7.7,28,38,958,22,8,12,42,7.723778292,107,828,81.75715257,10.26781617,7.018884,8.478292472,498,19,460,23,517,483
46,1000,80,7.7,28,13,946,30,9,15,54,7.492388674,104,823,80.64576147,9.180314913,6.485743701,8.499033647,485,15,461,39,500,500
45,1000,80,7.7,28,14,950,25,10,15,50,7.433479321,102,817,80.98103603,9.373608965,6.862745977,8.044388512,495,22,455,28,517,483
44,1000,80,7.7,28,18,945,24,15,16,55,7.537363715,96,809,80.95018933,9.39134557,7.071287247,8.001579599,480,19,465,36,499,501
43,1000,80,7.7,28,25,959,22,9,10,41,7.459743845,103,822,81.80187868,9.510556315,6.467838523,8.420408055,484,8,475,33,492,508
42,1000,80,7.7,28,29,958,24,6,12,42,7.614852704,107,816,81.62597234,9.449612166,6.97792133,8.236678986,479,15,479,27,494,506
40,1000,80,7.7,28,40,967,21,6,6,33,7.41113996,110,831,82.22749754,10.21545419,7.173650119,7.663319894,501,14,466,19,515,485
41,1000,80,7.7,28,39,959,22,7,12,41,7.736103935,118,833,81.81588981,10.2955958,7.050715544,8.469739127,498,19,461,22,517,483
39,1000,80,7.7,28,103,947,25,15,13,53,8.751630019,121,844,85.35403038,12.05426965,8.276190044,9.206600954,465,24,482,29,489,511
46,1000,80,7.7,28,14,946,30,8,16,54,7.528314993,89,813,80.67807778,9.210927228,6.517825404,8.538804583,485,15,461,39,500,500
45,1000,80,7.7,28,15,951,24,10,15,49,7.439518049,96,828,81.01668301,9.387397658,6.877833585,8.040741379,495,22,456,27,517,483
44,1000,80,7.7,28,19,945,24,15,16,55,7.55417063,102,809,80.96817992,9.404044683,7.081147442,8.025305502,481,18,464,37,499,501
42,1000,80,7.7,28,30,959,24,5,12,41,7.631255467,112,825,81.66091585,9.458192849,6.99982844,8.24770794,480,14,479,27,494,506
43,1000,80,7.7,28,26,961,22,7,10,39,7.461238767,94,826,81.88149162,9.538960822,6.461875897,8.429125641,485,7,476,32,492,508
41,1000,80,7.7,28,40,959,22,7,12,41,7.751101701,109,825,81.87045291,10.31845938,7.074768069,8.47504474,498,19,461,22,517,483
40,1000,80,7.7,28,41,965,23,6,6,35,7.413886181,108,825,82.26616937,10.24100287,7.159884399,7.683599414,500,15,465,20,515,485
39,1000,80,7.7,28,104,948,24,15,13,52,8.744985134,143,868,85.37702198,12.09145186,8.284335911,9.185802101,466,23,482,29,489,511
47,1000,80,7.7,28,0,940,34,12,14,60,7.193,81,830,80.15184869,8.876539992,6.094017094,8.159774436,449,19,491,41,468,532
46,1000,80,7.7,28,15,945,31,8,16,55,7.57827735,97,821,80.71073114,9.233920832,6.595226084,8.561328617,485,15,460,40,500,500
42,1000,80,7.7,28,31,961,23,5,11,39,7.616378294,114,827,81.71013594,9.472810374,6.979549078,8.23810484,481,13,480,26,494,506
45,1000,80,7.7,28,16,950,25,10,15,50,7.457571259,104,810,81.0582498,9.420530258,6.899054723,8.055403658,495,22,455,28,517,483
44,1000,80,7.7,28,20,944,25,15,16,56,7.578889341,105,836,81.02379041,9.416859488,7.069919712,8.085827155,481,18,463,38,499,501
43,1000,80,7.7,28,27,959,24,6,11,41,7.503584807,102,848,81.89630862,9.586751758,6.497577744,8.477906608,483,9,476,32,492,508
41,1000,80,7.7,28,41,959,21,8,12,41,7.772290539,131,839,81.8998644,10.36303028,7.074452702,8.519251537,498,19,461,22,517,483
47,1000,80,7.7,28,1,938,36,12,14,62,7.235326916,83,792,80.19020077,8.917420281,6.147608906,8.192191631,449,19,489,43,468,532
40,1000,80,7.7,28,42,966,22,6,6,34,7.436697569,118,825,82.30829575,10.27566783,7.184900534,7.704069677,500,15,466,19,515,485
46,1000,80,7.7,28,16,946,30,8,16,54,7.544155327,103,802,80.75437118,9.285549622,6.592527367,8.495783287,485,15,461,39,500,500
42,1000,80,7.7,28,32,961,23,5,11,39,7.592623299,104,836,81.76054816,9.496215188,6.960229682,8.21001944,480,14,481,25,494,506
45,1000,80,7.7,28,17,952,24,9,15,48,7.419449586,90,794,81.11935245,9.450588461,6.861997227,8.016142897,497,20,455,28,517,483
44,1000,80,7.7,28,21,944,26,15,15,56,7.600843884,95,801,81.05916593,9.436247084,7.10720436,8.092512792,481,18,463,38,499,501
41,1000,80,7.7,28,42,960,21,7,12,40,7.778119143,102,827,81.95439298,10.39234106,7.102666209,8.501119488,498,19,462,21,517,483
43,1000,80,7.7,28,28,959,24,5,12,41,7.552079548,103,781,81.96551256,9.62446425,6.550365209,8.522243828,483,9,476,32,492,508
47,1000,80,7.7,28,2,940,34,12,14,60,7.234298546,96,786,80.23202728,8.933552786,6.182569655,8.159503661,449,19,491,41,468,532
40,1000,80,7.7,28,43,965,23,6,6,35,7.454827448,112,835,82.34837446,10.31373303,7.203414349,7.721791873,500,15,465,20,515,485
42,1000,80,7.7,28,33,961,23,5,11,39,7.572228583,102,807,81.81536347,9.558811335,6.990233506,8.140421406,480,14,481,25,494,506
46,1000,80,7.7,28,17,948,28,9,15,52,7.537147847,120,819,80.8027421,9.297455234,6.603966084,8.470329609,485,15,463,37,500,500
44,1000,80,7.7,28,22,944,27,15,14,56,7.620126304,92,812,81.10578905,9.462501668,7.14620134,8.092159351,480,19,464,37,499,501
41,1000,80,7.7,28,43,959,22,7,12,41,7.798956931,118,822,81.96718745,10.42294013,7.106913004,8.539716166,498,19,461,22,517,483
45,1000,80,7.7,28,18,952,24,9,15,48,7.445590081,107,831,81.17509428,9.464992005,6.904922427,8.024317156,497,20,455,28,517,483
43,1000,80,7.7,28,29,958,24,6,12,42,7.598125853,101,813,82.02614386,9.649703459,6.621542007,8.543951153,483,9,475,33,492,508
47,1000,80,7.7,28,3,940,34,12,14,60,7.26895539,90,797,80.26320592,8.965731016,6.222100592,8.189872768,449,19,491,41,468,532
42,1000,80,7.7,28,34,961,23,5,11,39,7.59859923,97,815,81.88961392,9.579953989,7.050509162,8.133691115,480,14,481,25,494,506
40,1000,80,7.7,28,44,965,23,6,6,35,7.484363241,116,825,82.42287424,10.36398351,7.22169259,7.763281561,500,15,465,20,515,485
46,1000,80,7.7,28,18,947,28,10,15,53,7.561689093,102,813,80.85909577,9.342117319,6.623933622,8.499444563,484,16,463,37,500,500
41,1000,80,7.7,28,44,960,22,7,11,40,7.81906075,108,809,82.02759886,10.47363066,7.134537152,8.551770274,498,19,462,21,517,483
44,1000,80,7.7,28,23,944,26,15,15,56,7.606734884,98,815,81.14602277,9.506078594,7.093870296,8.117552108,480,19,464,37,499,501
45,1000,80,7.7,28,19,953,23,10,14,47,7.445799742,97,834,81.20287453,9.474145024,6.937249036,7.990149049,497,20,456,27,517,483
43,1000,80,7.7,28,30,958,24,6,12,42,7.614284865,91,841,82.10201042,9.69297395,6.612837856,8.584190237,483,9,475,33,492,508
42,1000,80,7.7,28,35,960,24,5,11,40,7.620171909,97,803,81.94809822,9.596239475,7.085603385,8.142062919,479,15,481,25,494,506
47,1000,80,7.7,28,4,947,29,10,14,53,7.238238607,115,830,80.3055156,8.979931811,6.201377786,8.150364291,452,16,495,37,468,532
41,1000,80,7.7,28,45,959,23,6,12,41,7.85708613,113,811,82.07275304,10.47189646,7.189498078,8.571667959,497,20,462,21,517,483
40,1000,80,7.7,28,45,968,20,6,6,32,7.465433603,116,843,82.47407267,10.38292207,7.194669488,7.752946015,502,13,466,19,515,485
46,1000,80,7.7,28,19,947,28,10,15,53,7.588696452,114,814,80.91256036,9.373038839,6.646197451,8.531195454,484,16,463,37,500,500
44,1000,80,7.7,28,24,946,25,14,15,54,7.604940392,105,811,81.19182695,9.552133786,7.112603776,8.095311592,480,19,466,35,499,501
45,1000,80,7.7,28,20,953,22,11,14,47,7.438786296,91,825,81.22517143,9.523060597,6.924534119,7.98923842,497,20,456,27,517,483
43,1000,80,7.7,28,31,959,23,6,12,41,7.619878308,99,822,82.16803484,9.722411415,6.669557729,8.54026753,483,9,476,32,492,508
42,1000,80,7.7,28,36,958,27,5,10,42,7.652774358,104,831,82.01083897,9.620802863,7.106889118,8.185713703,478,16,480,26,494,506
47,1000,80,7.7,28,5,951,25,10,14,49,7.230054708,95,810,80.35115174,9.022308251,6.187554077,8.147141729,453,15,498,34,468,532
41,1000,80,7.7,28,46,958,24,6,12,42,7.847079523,109,832,82.10552951,10.52415859,7.181368834,8.559651835,497,20,461,22,517,483
46,1000,80,7.7,28,20,946,29,10,15,54,7.576954682,99,811,80.96508635,9.405645468,6.632120793,8.521788571,483,17,463,37,500,500
44,1000,80,7.7,28,25,947,24,14,15,53,7.601313889,103,826,81.24834486,9.575092731,7.120196476,8.080510673,480,19,467,34,499,501
40,1000,80,7.7,28,46,969,19,5,7,31,7.475859318,109,842,82.51085113,10.41953252,7.20247719,7.766151681,503,12,466,19,515,485
45,1000,80,7.7,28,21,952,23,11,14,48,7.467262345,95,835,81.26865559,9.555383601,6.932935452,8.039202312,497,20,455,28,517,483
43,1000,80,7.7,28,32,960,23,6,11,40,7.613859457,112,832,82.22746381,9.747185202,6.698069844,8.500805302,483,9,477,31,492,508
42,1000,80,7.7,28,37,957,28,5,10,43,7.679267182,110,827,82.05004335,9.665772974,7.123866877,8.221495939,478,16,479,27,494,506
41,1000,80,7.7,28,47,957,24,7,12,43,7.877864483,118,845,82.17781283,10.52711234,7.223465512,8.578328806,497,20,460,23,517,483
47,1000,80,7.7,28,6,952,23,11,14,48,7.220849716,93,799,80.40286759,9.044715779,6.19411032,8.124071591,453,15,499,33,468,532
44,1000,80,7.7,28,26,948,24,14,14,52,7.626185654,91,823,81.30141244,9.578988978,7.140125869,8.110305081,480,19,468,33,499,501
46,1000,80,7.7,28,21,945,30,10,15,55,7.60422907,102,835,81.01648496,9.481115289,6.650873678,8.557584461,483,17,462,38,500,500
40,1000,80,7.7,28,47,969,20,5,6,31,7.448254987,119,823,82.57167427,10.43169196,7.150355317,7.764581441,503,12,466,19,515,485
45,1000,80,7.7,28,22,952,22,12,14,48,7.497287765,83,818,81.32463572,9.576877424,6.961329408,8.07097404,497,20,455,28,517,483
43,1000,80,7.7,28,33,960,23,6,11,40,7.597602183,113,841,82.27402975,9.768170834,6.686279035,8.48022224,483,9,477,31,492,508
42,1000,80,7.7,28,38,957,27,6,10,43,7.703009405,96,832,82.07157543,9.693343442,7.126147844,8.266190453,478,16,479,27,494,506
41,1000,80,7.7,28,48,958,24,7,11,42,7.892221918,100,826,82.22639662,10.54149144,7.260625006,8.568279067,497,20,461,22,517,483
47,1000,80,7.7,28,7,953,23,12,12,47,7.21108196,100,815,80.47096338,9.075844775,6.17542175,8.122151467,454,14,499,33,468,532
44,1000,80,7.7,28,27,948,24,14,14,52,7.667674365,93,811,81.35265484,9.595444117,7.172909128,8.160464493,480,19,468,33,499,501
46,1000,80,7.7,28,22,947,30,9,14,53,7.590883211,110,804,81.09054011,9.520158773,6.63602254,8.545743882,485,15,462,38,500,500
45,1000,80,7.7,28,23,952,22,12,14,48,7.532399559,99,808,81.34162301,9.600753995,6.996424518,8.106103692,497,20,455,28,517,483
42,1000,80,7.7,28,39,957,28,6,9,43,7.723782072,98,823,82.17375707,9.716727181,7.185500505,8.249298069,478,16,479,27,494,506
40,1000,80,7.7,28,48,969,20,5,6,31,7.477052254,86,844,82.62337797,10.45564174,7.171694571,7.801298041,503,12,466,19,515,485
43,1000,80,7.7,28,34,960,23,6,11,40,7.615332294,107,824,82.32164267,9.781877005,6.700166946,8.501673535,483,9,477,31,492,508
41,1000,80,7.7,28,49,958,22,9,11,42,7.888555948,131,809,82.28801503,10.56836355,7.263356233,8.557765581,497,20,461,22,517,483
47,1000,80,7.7,28,8,954,21,13,12,46,7.225186838,90,819,80.51685999,9.089765166,6.19532944,8.131151616,454,14,500,32,468,532
44,1000,80,7.7,28,28,949,23,14,14,51,7.678942922,105,813,81.42015391,9.627671609,7.203849523,8.152139741,480,19,469,32,499,501
46,1000,80,7.7,28,23,947,30,9,14,53,7.672430079,80,813,81.13725769,9.56288776,6.725137093,8.619723066,485,15,462,38,500,500
42,1000,80,7.7,28,40,956,29,6,9,44,7.747810172,100,828,82.23104853,9.746601239,7.217541556,8.265503248,478,16,478,28,494,506
45,1000,80,7.7,28,24,952,21,13,14,48,7.573116038,100,813,81.43086423,9.624486121,7.034327267,8.149831968,497,20,455,28,517,483
43,1000,80,7.7,28,35,960,24,5,11,40,7.636224006,112,835,82.37071579,9.811996597,6.72023718,8.523360854,483,9,477,31,492,508
40,1000,80,7.7,28,49,969,20,5,6,31,7.470581262,108,815,82.64930761,10.48489777,7.162435305,7.797787794,503,12,466,19,515,485
41,1000,80,7.7,28,50,959,20,10,11,41,7.903528337,116,817,82.29999612,10.5941974,7.283805056,8.566876031,497,20,462,21,517,483
47,1000,80,7.7,28,9,955,21,13,11,45,7.206378277,93,820,80.56967695,9.111353882,6.177528469,8.111456679,454,14,501,31,468,532
44,1000,80,7.7,28,29,949,25,13,13,51,7.679935991,90,810,81.47951638,9.638235977,7.18114241,8.17673838,481,18,468,33,499,501
42,1000,80,7.7,28,41,956,30,6,8,44,7.731816266,113,808,82.32237,9.799764822,7.170290222,8.280025487,478,16,478,28,494,506
46,1000,80,7.7,28,24,949,29,8,14,51,7.6938533,97,798,81.17148746,9.582591974,6.754750473,8.632956127,485,15,464,36,500,500
45,1000,80,7.7,28,25,953,20,13,14,47,7.595414874,116,818,81.46616512,9.674601634,7.078727014,8.148474137,497,20,456,27,517,483
43,1000,80,7.7,28,36,960,24,5,11,40,7.652957175,98,845,82.46283583,9.859189252,6.745046456,8.532272281,483,9,477,31,492,508
41,1000,80,7.7,28,51,959,21,10,10,41,7.935553778,102,849,82.32855905,10.5907407,7.301778619,8.613942509,498,19,461,22,517,483
40,1000,80,7.7,28,50,971,19,3,7,29,7.490820392,102,838,82.68412512,10.50750343,7.174471771,7.826736968,504,11,467,18,515,485
47,1000,80,7.7,28,10,955,22,12,11,45,7.216525047,101,823,80.61484532,9.146650566,6.240678819,8.07497624,453,15,502,30,468,532
42,1000,80,7.7,28,42,956,29,7,8,44,7.751402405,95,824,82.36858403,9.815378234,7.15517872,8.333486398,479,15,477,29,494,506
44,1000,80,7.7,28,30,951,26,11,12,49,7.680456007,102,824,81.54126503,9.645251643,7.1676118,8.191252932,483,16,468,33,499,501
46,1000,80,7.7,28,25,948,30,8,14,52,7.741046078,97,819,81.20319762,9.581929101,6.840389799,8.641702357,484,16,464,36,500,500
45,1000,80,7.7,28,26,951,22,13,14,49,7.598770054,103,810,81.52763229,9.720842278,7.078663237,8.155488945,496,21,455,28,517,483
41,1000,80,7.7,28,52,960,21,9,10,40,7.918360058,108,820,82.38243289,10.65093157,7.291797778,8.589028171,497,20,463,20,517,483
43,1000,80,7.7,28,37,961,23,5,11,39,7.640963885,122,824,82.53730856,9.898159275,6.770740859,8.483778311,483,9,478,30,492,508
40,1000,80,7.7,28,51,969,21,3,7,31,7.487579708,113,838,82.71556251,10.52011463,7.140821799,7.855786559,503,12,466,19,515,485
42,1000,80,7.7,28,43,956,29,7,8,44,7.771959632,103,824,82.38689102,9.852402985,7.190567663,8.33956365,479,15,477,29,494,506
47,1000,80,7.7,28,11,954,22,13,11,46,7.253949072,92,815,80.65854293,9.183016443,6.297101235,8.095687394,452,16,502,30,468,532
44,1000,80,7.7,28,31,952,26,10,12,48,7.67732673,121,824,81.56787685,9.64422068,7.120896777,8.231535405,484,15,468,33,499,501
46,1000,80,7.7,28,26,948,29,9,14,52,7.777942136,90,823,81.2553337,9.608849104,6.903451367,8.652432904,484,16,464,36,500,500
41,1000,80,7.7,28,53,962,18,10,10,38,7.935972993,102,827,82.43943982,10.68725586,7.29594835,8.62105113,498,19,464,19,517,483
45,1000,80,7.7,28,27,950,22,14,14,50,7.625384455,103,826,81.55860256,9.766881032,7.075727961,8.213733125,496,21,454,29,517,483
43,1000,80,7.7,28,38,961,24,4,11,39,7.595904175,108,822,82.58774734,9.91993596,6.736243828,8.428488606,484,8,477,31,492,508
42,1000,80,7.7,28,44,958,29,6,7,42,7.735143128,108,812,82.44490999,9.88978707,7.213058403,8.244846396,479,15,479,27,494,506
40,1000,80,7.7,28,52,970,20,3,7,30,7.482187773,99,828,82.76955961,10.53864152,7.139429822,7.846147248,504,11,466,19,515,485
47,1000,80,7.7,28,12,953,23,13,11,47,7.274482952,108,823,80.69335544,9.219060312,6.310165158,8.12279259,451,17,502,30,468,532
44,1000,80,7.7,28,32,955,24,9,12,45,7.706767615,103,825,81.6298773,9.671697779,7.149518877,8.261791808,486,13,469,32,499,501
41,1000,80,7.7,28,54,962,18,10,10,38,7.937375561,109,833,82.5019853,10.70991992,7.320976335,8.597165207,498,19,464,19,517,483
46,1000,80,7.7,28,27,951,27,8,14,49,7.768042621,95,825,81.33594648,9.659481166,6.880755567,8.655329675,485,15,466,34,500,500
45,1000,80,7.7,28,28,948,24,14,14,52,7.652439508,116,810,81.60602198,9.81084043,7.102785998,8.240784983,495,22,453,30,517,483
43,1000,80,7.7,28,39,959,25,5,11,41,7.627271332,110,832,82.66759301,9.949234421,6.7874307,8.44066029,483,9,476,32,492,508
42,1000,80,7.7,28,45,956,31,6,7,44,7.784228286,93,824,82.49793307,9.895697726,7.256290691,8.299645622,478,16,478,28,494,506
47,1000,80,7.7,28,13,954,23,12,11,46,7.289948084,85,800,80.75122616,9.241997688,6.304978492,8.156425093,452,16,502,30,468,532
44,1000,80,7.7,28,33,955,24,10,11,45,7.717504532,95,817,81.70267053,9.684634519,7.130358931,8.302306239,486,13,469,32,499,501
40,1000,80,7.7,28,53,970,19,4,7,30,7.500229554,126,841,82.80653409,10.57954351,7.188584729,7.831151379,503,12,467,18,515,485
41,1000,80,7.7,28,55,961,19,10,10,39,7.95636235,112,826,82.5225575,10.7507125,7.358230013,8.59659924,497,20,464,19,517,483
46,1000,80,7.7,28,28,951,27,8,14,49,7.774763263,95,829,81.39011909,9.691944959,6.917699471,8.631827056,485,15,466,34,500,500
45,1000,80,7.7,28,29,948,24,14,14,52,7.659898605,109,808,81.69137706,9.83517176,7.125746146,8.231651859,495,22,453,30,517,483
43,1000,80,7.7,28,40,956,28,5,11,44,7.654674654,108,815,82.72475224,9.970537457,6.825672428,8.457566573,482,10,474,34,492,508
42,1000,80,7.7,28,46,956,31,6,7,44,7.789222802,113,848,82.53993245,9.947104026,7.263034358,8.302932469,478,16,478,28,494,506
44,1000,80,7.7,28,34,956,23,10,11,44,7.692307532,105,816,81.74476843,9.73498702,7.087202876,8.294996601,487,12,469,32,499,501
47,1000,80,7.7,28,14,954,23,12,11,46,7.296877106,88,827,80.83013466,9.299623825,6.297554969,8.175980038,452,16,502,30,468,532
41,1000,80,7.7,28,56,960,20,10,10,40,7.97330543,99,817,82.55724456,10.75409792,7.402815028,8.583954576,496,21,464,19,517,483
40,1000,80,7.7,28,54,970,19,4,7,30,7.540756203,95,863,82.86628505,10.57282757,7.265986507,7.832521963,503,12,467,18,515,485
46,1000,80,7.7,28,29,955,24,8,13,45,7.748851643,95,819,81.44799556,9.710391676,6.914743494,8.582959791,486,14,469,31,500,500
45,1000,80,7.7,28,30,948,25,13,14,52,7.655438378,96,824,81.72488818,9.871717914,7.132063534,8.215655342,495,22,453,30,517,483
42,1000,80,7.7,28,47,955,32,6,7,45,7.822809335,111,837,82.61282945,9.988389126,7.283731991,8.349102236,477,17,478,28,494,506
43,1000,80,7.7,28,41,956,29,4,11,44,7.674211742,110,836,82.74610103,10.0243325,6.836810613,8.485238032,483,9,473,35,492,508
44,1000,80,7.7,28,35,955,23,11,11,45,7.704534959,96,827,81.79411321,9.75171376,7.094605238,8.312029832,486,13,469,32,499,501
41,1000,80,7.7,28,57,961,19,10,10,39,7.963456278,118,830,82.62172685,10.78802321,7.411687737,8.554065668,497,20,464,19,517,483
47,1000,80,7.7,28,15,954,23,13,10,46,7.290365554,106,823,80.88966284,9.347679468,6.272769878,8.185543706,452,16,502,30,468,532
46,1000,80,7.7,28,30,954,24,9,13,46,7.739607967,120,815,81.46427964,9.738623212,6.908707218,8.570508716,485,15,469,31,500,500
40,1000,80,7.7,28,55,970,19,4,7,30,7.560620671,101,841,82.90308279,10.61034935,7.30134725,7.835931623,502,13,468,17,515,485
45,1000,80,7.7,28,31,950,24,12,14,50,7.668478049,100,806,81.76135759,9.908565681,7.13938102,8.234820002,495,22,455,28,517,483
42,1000,80,7.7,28,48,954,33,6,7,46,7.84248264,97,821,82.64668233,10.01858268,7.30553561,8.366695748,477,17,477,29,494,506
43,1000,80,7.7,28,42,957,28,4,11,43,7.711201359,116,834,82.77732258,10.07611988,6.865787221,8.529988281,483,9,474,34,492,508
41,1000,80,7.7,28,58,962,18,10,10,38,7.993130849,101,824,82.66009802,10.80240343,7.462751362,8.560845538,497,20,465,18,517,483
44,1000,80,7.7,28,36,956,22,11,11,44,7.699148616,91,822,81.88183132,9.771464134,7.090153153,8.305712959,486,13,470,31,499,501
47,1000,80,7.7,28,16,953,24,13,10,47,7.329516471,89,821,80.94698139,9.364941277,6.308246462,8.227926931,452,16,501,31,468,532
46,1000,80,7.7,28,31,955,23,9,13,45,7.761646083,98,808,81.50376826,9.785475369,6.943708822,8.579583345,485,15,470,30,500,500
42,1000,80,7.7,28,49,956,30,8,6,44,7.809678806,125,835,82.67597826,10.05033878,7.293496337,8.313619794,478,16,478,28,494,506
40,1000,80,7.7,28,56,970,19,4,7,30,7.582753392,114,819,82.95856468,10.64474111,7.338080152,7.84256106,502,13,468,17,515,485
45,1000,80,7.7,28,32,949,25,12,14,51,7.728356952,95,827,81.78848945,9.94302703,7.191846275,8.302634426,494,23,455,28,517,483
43,1000,80,7.7,28,43,957,29,4,10,43,7.701927424,100,860,82.82658158,10.09477059,6.872910698,8.504833387,483,9,474,34,492,508
41,1000,80,7.7,28,59,960,19,11,10,40,8.05573866,109,819,82.73424496,10.83664909,7.524238282,8.624653144,497,20,463,20,517,483
44,1000,80,7.7,28,37,956,22,11,11,44,7.682555509,108,827,81.96106935,9.798393419,7.084252425,8.278470157,486,13,470,31,499,501
47,1000,80,7.7,28,17,954,23,13,10,46,7.359331096,94,830,80.98978043,9.393846054,6.3284601,8.266187536,453,15,501,31,468,532
42,1000,80,7.7,28,50,957,29,8,6,43,7.83619179,109,824,82.73083087,10.05772582,7.355917058,8.305076608,478,16,479,27,494,506
46,1000,80,7.7,28,32,954,25,9,12,46,7.754671156,111,821,81.55340732,9.817974939,7.00271592,8.506626392,484,16,470,30,500,500
45,1000,80,7.7,28,33,949,25,12,14,51,7.742171932,132,831,81.81607195,9.948852962,7.205517972,8.316602774,494,23,455,28,517,483
40,1000,80,7.7,28,57,970,19,4,7,30,7.559535199,119,824,83.03075684,10.72440291,7.334499165,7.798490989,502,13,468,17,515,485
43,1000,80,7.7,28,44,957,30,4,9,43,7.702257912,114,844,82.87475859,10.11009317,6.80305414,8.573140305,483,9,474,34,492,508
41,1000,80,7.7,28,60,961,18,11,10,39,8.048692468,121,817,82.81103524,10.86741088,7.525451205,8.60876645,498,19,463,20,517,483
44,1000,80,7.7,28,38,955,23,12,10,45,7.74088836,94,824,82.01813956,9.846454817,7.143100666,8.336289675,486,13,469,32,499,501
47,1000,80,7.7,28,18,952,24,13,11,48,7.407949938,95,832,81.03942148,9.424394363,6.359929017,8.329893155,453,15,499,33,468,532
42,1000,80,7.7,28,51,958,27,9,6,42,7.825428674,107,820,82.78493444,10.08697566,7.343120188,8.296299014,478,16,480,26,494,506
46,1000,80,7.7,28,33,954,26,9,11,46,7.775709789,111,824,81.60441063,9.86721343,7.045581969,8.505837608,484,16,470,30,500,500
45,1000,80,7.7,28,34,948,27,11,14,52,7.767247156,94,829,81.88124618,9.988121617,7.248239047,8.322789997,493,24,455,28,517,483
41,1000,80,7.7,28,61,960,19,11,10,40,8.099238562,105,829,82.88967855,10.87220371,7.592957012,8.64115898,498,19,462,21,517,483
43,1000,80,7.7,28,45,956,31,4,9,44,7.738798442,85,836,82.93782369,10.12623812,6.866975358,8.583162532,482,10,474,34,492,508
40,1000,80,7.7,28,58,971,17,5,7,29,7.548328977,114,827,83.07629647,10.76634689,7.357874271,7.750564387,502,13,469,16,515,485
44,1000,80,7.7,28,39,955,23,12,10,45,7.718094115,110,842,82.08140773,9.889953113,7.111143599,8.322621674,486,13,469,32,499,501
42,1000,80,7.7,28,52,958,27,9,6,42,7.86773839,106,856,82.81013581,10.13032866,7.382096135,8.341863438,478,16,480,26,494,506
47,1000,80,7.7,28,19,952,24,13,11,48,7.438029234,93,834,81.1008779,9.482106464,6.397253322,8.353599021,453,15,499,33,468,532
46,1000,80,7.7,28,34,956,24,8,12,44,7.804445996,94,827,81.6760495,9.89633297,7.035538307,8.573353684,486,14,470,30,500,500
45,1000,80,7.7,28,35,949,25,11,15,51,7.800748176,97,835,81.91276263,10.02619628,7.297398101,8.339530762,494,23,455,28,517,483
41,1000,80,7.7,28,62,960,20,11,9,40,8.131752233,96,834,82.91796601,10.88318226,7.586741152,8.715128483,499,18,461,22,517,483
43,1000,80,7.7,28,46,958,30,3,9,42,7.741137019,107,841,82.97919395,10.15561812,6.937182407,8.519770225,481,11,477,31,492,508
40,1000,80,7.7,28,59,970,18,5,7,30,7.555879749,132,826,83.17039789,10.82393138,7.388330232,7.733793153,502,13,468,17,515,485
44,1000,80,7.7,28,40,956,24,11,9,44,7.734008154,110,812,82.12421428,9.916461147,7.127233893,8.338360163,486,13,470,31,499,501
42,1000,80,7.7,28,53,958,27,9,6,42,7.902233243,111,824,82.85516086,10.16386785,7.411993426,8.38084682,478,16,480,26,494,506
47,1000,80,7.7,28,20,953,23,13,11,47,7.446013727,93,809,81.15761137,9.495766669,6.407257295,8.35980698,453,15,500,32,468,532
46,1000,80,7.7,28,35,957,23,7,13,43,7.823504946,108,828,81.71548145,9.896221629,7.079976159,8.567033734,486,14,471,29,500,500
41,1000,80,7.7,28,63,960,20,11,9,40,8.137835825,110,841,83.01282548,10.93068132,7.573341277,8.742067049,499,18,461,22,517,483
45,1000,80,7.7,28,36,949,25,11,15,51,7.826184284,116,824,81.96692107,10.04288237,7.359078725,8.32617098,494,23,455,28,517,483
43,1000,80,7.7,28,47,958,30,3,9,42,7.789851888,83,830,83.0187494,10.16993552,6.999448135,8.555361036,481,11,477,31,492,508
42,1000,80,7.7,28,54,958,27,9,6,42,7.943602837,99,831,82.90718825,10.17739561,7.415491289,8.45919,479,15,479,27,494,506
44,1000,80,7.7,28,41,956,23,12,9,44,7.742466386,100,813,82.18287684,9.939450605,7.158403143,8.324198039,486,13,470,31,499,501
40,1000,80,7.7,28,60,970,18,6,6,30,7.566000967,106,835,83.22347218,10.84002008,7.392749454,7.749969069,502,13,468,17,515,485
47,1000,80,7.7,28,21,954,22,13,11,46,7.47100687,109,803,81.1948508,9.526085529,6.403642402,8.40996659,454,14,500,32,468,532
41,1000,80,7.7,28,64,959,20,12,9,41,8.171338069,125,817,83.0541424,10.94126846,7.572228494,8.812620989,500,17,459,24,517,483
46,1000,80,7.7,28,36,955,26,7,12,45,7.847051861,112,834,81.78364103,9.941574612,7.137404523,8.556699199,486,14,469,31,500,500
45,1000,80,7.7,28,37,948,25,11,16,52,7.84533071,101,833,82.00719228,10.07766617,7.352234585,8.373137536,494,23,454,29,517,483
42,1000,80,7.7,28,55,958,27,9,6,42,7.954410772,104,830,82.95367216,10.20317249,7.457878939,8.439167146,479,15,479,27,494,506
43,1000,80,7.7,28,48,958,30,3,9,42,7.813143663,112,816,83.07848363,10.20904388,7.041063961,8.560905895,481,11,477,31,492,508
44,1000,80,7.7,28,42,956,21,14,9,44,7.771872644,95,825,82.23536469,9.973021426,7.189903222,8.351518834,486,13,470,31,499,501
40,1000,80,7.7,28,61,971,19,5,5,29,7.568965842,115,828,83.29272217,10.84883178,7.440156143,7.70574315,502,13,469,16,515,485
47,1000,80,7.7,28,22,955,21,12,12,45,7.541769215,96,817,81.26844572,9.55890643,6.466441892,8.487733853,455,13,500,32,468,532
41,1000,80,7.7,28,65,960,19,12,9,40,8.162852208,111,813,83.11863577,10.97474694,7.587859332,8.778320774,500,17,460,23,517,483
46,1000,80,7.7,28,37,954,27,7,12,46,7.868884429,103,810,81.8409846,9.986588834,7.142078274,8.595690584,486,14,468,32,500,500
45,1000,80,7.7,28,38,948,25,12,15,52,7.913039663,92,830,82.0764474,10.10019748,7.455064423,8.403253324,493,24,455,28,517,483
42,1000,80,7.7,28,56,958,27,9,6,42,7.952651367,122,831,83.03440663,10.24464462,7.463459798,8.430241555,479,15,479,27,494,506
43,1000,80,7.7,28,49,956,33,3,8,44,7.832923172,103,827,83.13457025,10.25984495,7.062331984,8.579243771,480,12,476,32,492,508
44,1000,80,7.7,28,43,956,21,14,9,44,7.775315003,98,831,82.26793691,10.01607512,7.213042681,8.335342725,486,13,470,31,499,501
47,1000,80,7.7,28,23,955,22,12,11,45,7.512483892,127,825,81.30733849,9.575258462,6.430843691,8.464001963,455,13,500,32,468,532
41,1000,80,7.7,28,66,959,20,12,9,41,8.178300183,105,836,83.16709317,10.98307543,7.593225063,8.804560715,500,17,459,24,517,483
40,1000,80,7.7,28,62,971,18,6,5,29,7.581706662,116,851,83.39181036,10.87025076,7.445503787,7.726334458,502,13,469,16,515,485
46,1000,80,7.7,28,38,953,27,8,12,47,7.903544303,90,821,81.8943659,10.00937608,7.172956075,8.63413253,484,16,469,31,500,500
42,1000,80,7.7,28,57,957,28,9,6,43,7.996059057,126,829,83.06566381,10.29270106,7.559700814,8.422068882,477,17,480,26,494,506
45,1000,80,7.7,28,39,948,25,12,15,52,7.888173506,113,819,82.15437491,10.14120864,7.4308548,8.37768442,493,24,455,28,517,483
43,1000,80,7.7,28,50,958,31,3,8,42,7.825428734,91,823,83.1785008,10.28674231,7.072236723,8.554898163,481,11,477,31,492,508
44,1000,80,7.7,28,44,956,21,14,9,44,7.788743924,99,823,82.32662271,10.06620113,7.219019191,8.356194307,486,13,470,31,499,501
41,1000,80,7.7,28,67,956,23,12,9,44,8.211051905,114,829,83.19366754,11.003306,7.624528801,8.838862349,498,19,458,25,517,483
47,1000,80,7.7,28,24,954,23,12,11,46,7.56237411,98,817,81.36247115,9.606355783,6.448127054,8.542576408,455,13,499,33,468,532
40,1000,80,7.7,28,63,972,17,6,5,28,7.611261663,109,838,83.45483127,10.8995607,7.46420691,7.767412585,504,11,468,17,515,485
42,1000,80,7.7,28,58,957,27,10,6,43,8.021284668,115,835,83.14387315,10.32376108,7.568218907,8.463605786,477,17,480,26,494,506
46,1000,80,7.7,28,39,953,27,8,12,47,7.93077214,99,827,81.92402774,10.03918688,7.194508732,8.667035547,484,16,469,31,500,500
45,1000,80,7.7,28,40,945,28,12,15,55,7.919590997,117,816,82.21281788,10.15693299,7.457594963,8.41410849,492,25,453,30,517,483
44,1000,80,7.7,28,45,955,22,14,9,45,7.80537747,100,828,82.38800645,10.10540781,7.227441775,8.381006037,485,14,470,31,499,501
43,1000,80,7.7,28,51,959,30,3,8,41,7.820645864,105,820,83.23257545,10.31281386,7.086799306,8.531379144,481,11,478,30,492,508
41,1000,80,7.7,28,68,956,23,12,9,44,8.224754381,115,842,83.28645941,11.03031548,7.654122898,8.83555454,498,19,458,25,517,483
47,1000,80,7.7,28,25,956,22,11,11,44,7.564843004,113,814,81.43487229,9.626351818,6.441061264,8.553432956,457,11,499,33,468,532
42,1000,80,7.7,28,59,957,27,10,6,43,8.048438034,116,853,83.18436677,10.336763,7.589572094,8.496421777,477,17,480,26,494,506
40,1000,80,7.7,28,64,972,17,6,5,28,7.609343527,110,848,83.51850639,10.9295009,7.426770991,7.803209209,504,11,468,17,515,485
46,1000,80,7.7,28,40,952,28,8,12,48,7.975261816,100,840,81.95927611,10.06666787,7.241131629,8.709392002,484,16,468,32,500,500
45,1000,80,7.7,28,41,945,27,13,15,55,7.946885135,99,856,82.28934374,10.18015879,7.478820946,8.447897942,492,25,453,30,517,483
44,1000,80,7.7,28,46,957,22,13,8,43,7.820681466,112,830,82.41630872,10.12007328,7.230508757,8.408498196,486,13,471,30,499,501
43,1000,80,7.7,28,52,958,31,3,8,42,7.850828851,106,839,83.29254833,10.34680929,7.145334631,8.53410278,481,11,477,31,492,508
41,1000,80,7.7,28,69,956,22,12,10,44,8.236641573,123,837,83.34137004,11.04611709,7.662991524,8.850672786,499,18,457,26,517,483
42,1000,80,7.7,28,60,957,27,10,6,43,8.058812066,133,849,83.22580549,10.36473137,7.595878564,8.510766908,477,17,480,26,494,506
47,1000,80,7.7,28,26,957,22,10,11,43,7.544334773,109,798,81.50548124,9.653476318,6.427892726,8.526468003,458,10,499,33,468,532
46,1000,80,7.7,28,41,953,28,6,13,47,7.998882482,105,846,82.02323797,10.11401006,7.229040539,8.768724424,485,15,468,32,500,500
40,1000,80,7.7,28,65,973,15,7,5,27,7.645914899,119,841,83.59839229,10.98832551,7.494017068,7.807208472,505,10,468,17,515,485
45,1000,80,7.7,28,42,944,28,13,15,56,7.978464722,102,841,82.35143276,10.21397742,7.49744258,8.493347637,491,26,453,30,517,483
44,1000,80,7.7,28,47,956,23,13,8,44,7.849550497,108,823,82.47995898,10.16187446,7.293234232,8.403645939,485,14,471,30,499,501
43,1000,80,7.7,28,53,960,29,3,8,40,7.85553641,99,837,83.34607829,10.39030946,7.193585124,8.496638837,481,11,479,29,492,508
41,1000,80,7.7,28,70,954,24,12,10,46,8.273040229,111,830,83.3761294,11.07953546,7.701255964,8.885074318,498,19,456,27,517,483
42,1000,80,7.7,28,61,957,27,10,6,43,8.085146216,111,832,83.25762779,10.41080483,7.600122932,8.558666972,477,17,480,26,494,506
47,1000,80,7.7,28,27,959,20,10,11,41,7.534174603,111,820,81.55946547,9.66413281,6.413606156,8.519937823,459,9,500,32,468,532
46,1000,80,7.7,28,42,953,28,6,13,47,8.008266499,117,827,82.08389268,10.14897307,7.238143985,8.778389012,485,15,468,32,500,500
45,1000,80,7.7,28,43,944,29,13,14,56,7.96982643,93,823,82.3956065,10.2458402,7.486795947,8.486859059,491,26,453,30,517,483
40,1000,80,7.7,28,66,972,16,7,5,28,7.636473894,129,839,83.66680545,11.01251706,7.494224276,7.787522458,504,11,468,17,515,485
44,1000,80,7.7,28,48,956,22,13,9,44,7.86978221,104,821,82.51635129,10.1935356,7.283603226,8.453621159,485,14,471,30,499,501
43,1000,80,7.7,28,54,961,29,3,7,39,7.866518387,113,827,83.37435512,10.41722196,7.266728403,8.447417347,481,11,480,28,492,508
41,1000,80,7.7,28,71,954,24,12,10,46,8.282158344,115,835,83.4161329,11.12466696,7.751158554,8.850537002,498,19,456,27,517,483
42,1000,80,7.7,28,62,957,27,10,6,43,8.113556308,114,833,83.31698459,10.4338325,7.641961393,8.573967153,477,17,480,26,494,506
47,1000,80,7.7,28,28,960,21,9,10,40,7.538965942,103,809,81.61238732,9.692489875,6.443064138,8.503029936,460,8,500,32,468,532
46,1000,80,7.7,28,43,952,28,7,13,48,8.035810214,105,819,82.12294566,10.1946398,7.251493417,8.820127011,484,16,468,32,500,500
45,1000,80,7.7,28,44,945,28,13,14,55,8.017354199,100,832,82.45147322,10.25578411,7.521166816,8.548469886,492,25,453,30,517,483
44,1000,80,7.7,28,49,954,24,13,9,46,7.887350001,117,818,82.54368674,10.2376077,7.306235425,8.466144759,484,15,470,31,499,501
41,1000,80,7.7,28,72,952,26,12,10,48,8.330263476,110,843,83.44587261,11.1403742,7.821084566,8.875285207,497,20,455,28,517,483
40,1000,80,7.7,28,67,970,18,7,5,30,7.670814764,122,833,83.77287816,11.04527475,7.527507838,7.822986036,503,12,467,18,515,485
43,1000,80,7.7,28,55,961,28,4,7,39,7.873769657,128,842,83.42544611,10.42743195,7.27000418,8.458518899,481,11,480,28,492,508
42,1000,80,7.7,28,63,957,27,10,6,43,8.126213397,106,852,83.38351546,10.48707424,7.663619604,8.577836586,477,17,480,26,494,506
47,1000,80,7.7,28,29,960,21,9,10,40,7.560809315,99,838,81.63280937,9.722473573,6.472048353,8.518591514,460,8,500,32,468,532
46,1000,80,7.7,28,44,952,28,7,13,48,8.060760027,98,834,82.19233243,10.221928,7.287104981,8.834415072,484,16,468,32,500,500
45,1000,80,7.7,28,45,945,28,14,13,55,8.0404736,120,830,82.53281886,10.30543262,7.612877302,8.498169845,492,25,453,30,517,483
41,1000,80,7.7,28,73,952,26,12,10,48,8.33611928,122,849,83.50776306,11.16292176,7.817452202,8.891297085,497,20,455,28,517,483
44,1000,80,7.7,28,50,955,23,13,9,45,7.894727817,117,820,82.63534307,10.2643147,7.342885622,8.444367048,484,15,471,30,499,501
42,1000,80,7.7,28,64,956,28,10,6,44,8.165914831,101,845,83.41769918,10.51667704,7.711132703,8.609911613,476,18,480,26,494,506
43,1000,80,7.7,28,56,961,27,5,7,39,7.9329028,95,843,83.46227614,10.47405003,7.341603843,8.505578168,481,11,480,28,492,508
40,1000,80,7.7,28,68,971,17,7,5,29,7.6671754,114,855,83.82094606,11.07291647,7.515153919,7.828600272,503,12,468,17,515,485
47,1000,80,7.7,28,30,960,21,9,10,40,7.580543638,94,811,81.66455655,9.743271552,6.474494085,8.553534598,460,8,500,32,468,532
41,1000,80,7.7,28,74,951,27,12,10,49,8.39519717,121,840,83.54641771,11.18276632,7.889611182,8.936373062,497,20,454,29,517,483
46,1000,80,7.7,28,45,953,28,6,13,47,8.079833657,99,821,82.24048615,10.25405202,7.354665943,8.80500137,484,16,469,31,500,500
42,1000,80,7.7,28,65,953,31,10,6,47,8.224499478,107,837,83.47983997,10.56237732,7.754556031,8.683298021,475,19,478,28,494,506
45,1000,80,7.7,28,46,945,28,14,13,55,8.053834155,96,839,82.5826209,10.33716626,7.629475098,8.508065278,492,25,453,30,517,483
44,1000,80,7.7,28,51,955,23,13,9,45,7.945959337,108,827,82.65107961,10.30723974,7.350971618,8.538571856,484,15,471,30,499,501
43,1000,80,7.7,28,57,962,25,6,7,38,7.914371072,115,839,83.52328856,10.50409683,7.363874478,8.447529191,481,11,481,27,492,508
40,1000,80,7.7,28,69,971,16,8,5,29,7.650731032,115,855,83.86311158,11.0958158,7.503820348,7.806728975,503,12,468,17,515,485
47,1000,80,7.7,28,31,960,21,8,11,40,7.602418476,109,827,81.70209712,9.781880922,6.508098732,8.565090732,460,8,500,32,468,532
41,1000,80,7.7,28,75,952,27,12,9,48,8.382725513,116,825,83.63691683,11.2117278,7.905792226,8.893231743,497,20,455,28,517,483
42,1000,80,7.7,28,66,954,29,11,6,46,8.205883427,111,817,83.53077357,10.6215117,7.714451633,8.685660711,476,18,478,28,494,506
46,1000,80,7.7,28,46,952,27,7,14,48,8.090817262,116,832,82.29670659,10.29334246,7.356486335,8.825148188,483,17,469,31,500,500
44,1000,80,7.7,28,52,954,25,13,8,46,7.935415993,111,839,82.70464783,10.33851946,7.340687996,8.527769825,483,16,471,30,499,501
45,1000,80,7.7,28,47,944,29,14,13,56,8.087618204,106,853,82.60948829,10.37987954,7.676472968,8.527705341,491,26,453,30,517,483
43,1000,80,7.7,28,58,962,24,7,7,38,7.934831324,101,842,83.55206896,10.5240827,7.373974249,8.47802361,481,11,481,27,492,508
40,1000,80,7.7,28,70,970,18,7,5,30,7.65663204,123,849,83.91732825,11.12880845,7.501537735,7.821319807,502,13,468,17,515,485
47,1000,80,7.7,28,32,962,20,8,10,38,7.602102422,94,821,81.75392192,9.801081074,6.533410244,8.542230127,460,8,502,30,468,532
41,1000,80,7.7,28,76,952,27,12,9,48,8.390251778,115,824,83.67249703,11.25466055,7.911247356,8.902974938,497,20,455,28,517,483
42,1000,80,7.7,28,67,954,29,11,6,46,8.212711632,108,821,83.60690231,10.65968823,7.731513081,8.682498359,477,17,477,29,494,506
44,1000,80,7.7,28,53,954,24,14,8,46,7.944669135,116,836,82.75589168,10.36497388,7.358221061,8.5287761,483,16,471,30,499,501
46,1000,80,7.7,28,47,952,27,7,14,48,8.106807376,107,829,82.37967913,10.31333987,7.3713189,8.842295852,483,17,469,31,500,500
45,1000,80,7.7,28,48,944,28,16,12,56,8.069084571,111,832,82.6549652,10.40913873,7.64998692,8.517683919,492,25,452,31,517,483
43,1000,80,7.7,28,59,963,23,7,7,37,7.951298673,110,839,83.61227502,10.5407114,7.388121832,8.496737661,481,11,482,26,492,508
47,1000,80,7.7,28,33,963,20,7,10,37,7.623178222,97,810,81.82191372,9.824820492,6.584474216,8.536925356,460,8,503,29,468,532
40,1000,80,7.7,28,71,970,18,7,5,30,7.650583937,122,845,83.99484375,11.17939001,7.525321042,7.783595052,502,13,468,17,515,485
42,1000,80,7.7,28,68,954,29,11,6,46,8.254338192,102,830,83.66956538,10.70069378,7.778209313,8.719175477,477,17,477,29,494,506
41,1000,80,7.7,28,77,952,27,12,9,48,8.408904606,109,853,83.74066145,11.29500372,7.932215993,8.91914894,497,20,455,28,517,483
44,1000,80,7.7,28,54,955,24,13,8,45,7.942717416,121,823,82.80280787,10.39881066,7.353559154,8.529523749,484,15,471,30,499,501
46,1000,80,7.7,28,48,952,27,7,14,48,8.139656354,99,804,82.44438404,10.3732072,7.400694221,8.878618488,483,17,469,31,500,500
45,1000,80,7.7,28,49,945,29,15,11,55,8.064293045,97,846,82.67266632,10.42356843,7.670382605,8.48593217,492,25,453,30,517,483
43,1000,80,7.7,28,60,961,26,7,6,39,7.973027,103,838,83.66247659,10.55474494,7.418335308,8.510248088,480,12,481,27,492,508
42,1000,80,7.7,28,69,957,27,10,6,43,8.237620533,105,827,83.72760942,10.73547099,7.791507992,8.67315333,478,16,479,27,494,506
41,1000,80,7.7,28,78,951,28,11,10,49,8.417569849,115,834,83.78574202,11.31176114,7.956410636,8.911191615,496,21,455,28,517,483
47,1000,80,7.7,28,34,963,20,6,11,37,7.630109548,115,838,81.87761964,9.895681433,6.624224048,8.514986266,459,9,504,28,468,532
40,1000,80,7.7,28,72,970,18,7,5,30,7.707118292,117,859,84.04230508,11.19155891,7.55203638,7.871792899,502,13,468,17,515,485
44,1000,80,7.7,28,55,955,24,13,8,45,7.9464021,111,824,82.85295721,10.43269502,7.383817561,8.506740793,484,15,471,30,499,501
46,1000,80,7.7,28,49,952,27,7,14,48,8.163707784,112,808,82.5045818,10.41287066,7.410846315,8.916569253,483,17,469,31,500,500
45,1000,80,7.7,28,50,945,28,16,11,55,8.090273349,99,801,82.72049464,10.44023195,7.686442735,8.522530961,492,25,453,30,517,483
43,1000,80,7.7,28,61,960,27,7,6,40,8.00027484,88,843,83.73432952,10.61636382,7.435803792,8.546967271,480,12,480,28,492,508
42,1000,80,7.7,28,70,956,27,11,6,44,8.228415927,121,850,83.75587883,10.77109771,7.773435026,8.672606766,477,17,479,27,494,506
41,1000,80,7.7,28,79,952,28,10,10,48,8.404638591,111,824,83.84387752,11.35450453,7.937275345,8.904901114,496,21,456,27,517,483
47,1000,80,7.7,28,35,963,20,6,11,37,7.625408165,97,842,81.93504932,9.921182305,6.619546256,8.510264129,459,9,504,28,468,532
40,1000,80,7.7,28,73,968,20,7,5,32,7.759505056,108,850,84.10212054,11.22714865,7.56719085,7.963714986,501,14,467,18,515,485
44,1000,80,7.7,28,56,955,24,13,8,45,7.945515177,136,854,82.88800634,10.47585982,7.395269916,8.49356385,484,15,471,30,499,501
46,1000,80,7.7,28,50,951,28,7,14,49,8.184708492,107,820,82.53520095,10.42971011,7.429397851,8.940019133,483,17,468,32,500,500
45,1000,80,7.7,28,51,945,28,16,11,55,8.103708494,124,829,82.77668842,10.48738281,7.704952809,8.530533937,492,25,453,30,517,483
43,1000,80,7.7,28,62,960,27,7,6,40,7.951209194,112,849,83.76565249,10.65040053,7.360885676,8.522939845,479,13,481,27,492,508
42,1000,80,7.7,28,71,954,29,11,6,46,8.250071124,128,846,83.78722913,10.82966467,7.812176818,8.677580585,477,17,477,29,494,506
41,1000,80,7.7,28,80,953,28,9,10,47,8.402351907,108,840,83.87739969,11.3741892,7.933571412,8.904131443,496,21,457,26,517,483
47,1000,80,7.7,28,36,963,19,7,11,37,7.607533063,102,829,81.99523085,9.982377335,6.590387867,8.502314926,459,9,504,28,468,532
44,1000,80,7.7,28,57,955,24,13,8,45,7.963462816,97,816,82.94285997,10.50752641,7.42355848,8.501211846,484,15,471,30,499,501
40,1000,80,7.7,28,74,968,19,8,5,32,7.756493901,103,854,84.15344311,11.24191313,7.585173776,7.938411148,501,14,467,18,515,485
46,1000,80,7.7,28,51,950,29,7,14,50,8.21607661,115,826,82.58510246,10.4680626,7.479568546,8.952584673,482,18,468,32,500,500
45,1000,80,7.7,28,52,945,29,16,10,55,8.140707568,113,828,82.8290731,10.51836334,7.720879185,8.590089089,492,25,453,30,517,483
42,1000,80,7.7,28,72,955,27,12,6,45,8.25089618,109,842,83.86916011,10.84157711,7.815676367,8.675794574,477,17,478,28,494,506
43,1000,80,7.7,28,63,960,27,7,6,40,7.968883106,110,827,83.8178729,10.66270324,7.370900079,8.548032021,479,13,481,27,492,508
41,1000,80,7.7,28,81,953,28,9,10,47,8.436182695,112,842,83.92834189,11.40898604,7.952397812,8.954022828,496,21,457,26,517,483
47,1000,80,7.7,28,37,963,19,7,11,37,7.650598129,90,834,82.04609626,10.00265161,6.654656276,8.526727428,459,9,504,28,468,532
44,1000,80,7.7,28,58,953,26,13,8,47,7.999149526,105,840,82.98135207,10.53917451,7.444119538,8.551963826,484,15,469,32,499,501
40,1000,80,7.7,28,75,969,18,8,5,31,7.765397106,106,856,84.20830371,11.29662385,7.576998309,7.965449436,501,14,468,17,515,485
42,1000,80,7.7,28,73,956,27,10,7,44,8.253570427,116,845,83.90497841,10.87544073,7.842012668,8.655367923,477,17,479,27,494,506
45,1000,80,7.7,28,53,945,29,16,10,55,8.123401787,121,840,82.8769939,10.55379258,7.699979883,8.576629788,492,25,453,30,517,483
46,1000,80,7.7,28,52,950,30,7,13,50,8.2209456,103,826,82.65222821,10.5002011,7.491541938,8.950349261,482,18,468,32,500,500
41,1000,80,7.7,28,82,952,29,9,10,48,8.409117617,127,857,84.00059416,11.45384259,7.914699083,8.938339941,495,22,457,26,517,483
43,1000,80,7.7,28,64,960,27,7,6,40,7.974909907,125,878,83.90338911,10.68926913,7.371799274,8.559024931,479,13,481,27,492,508
47,1000,80,7.7,28,38,963,20,7,10,37,7.659672223,91,812,82.06987643,10.0371239,6.687878055,8.514558822,459,9,504,28,468,532
44,1000,80,7.7,28,59,951,28,13,8,49,8.029399598,128,846,83.08514851,10.56203289,7.486941369,8.569692325,483,16,468,33,499,501
42,1000,80,7.7,28,74,956,27,10,7,44,8.28678143,122,835,83.93909119,10.89867735,7.894157972,8.670093659,477,17,479,27,494,506
45,1000,80,7.7,28,54,945,29,16,10,55,8.129990601,119,827,82.95980474,10.58570849,7.706725525,8.583050734,492,25,453,30,517,483
46,1000,80,7.7,28,53,950,29,8,13,50,8.244087801,121,855,82.69231499,10.53846175,7.508193016,8.979982586,482,18,468,32,500,500
41,1000,80,7.7,28,83,952,29,8,11,48,8.40465373,136,839,84.06020324,11.48072515,7.953439105,8.887630875,495,22,457,26,517,483
40,1000,80,7.7,28,76,969,17,8,6,31,7.789499561,139,840,84.25762395,11.3385778,7.593980124,7.997112983,501,14,468,17,515,485
43,1000,80,7.7,28,65,961,25,8,6,39,7.997545651,114,836,83.95417216,10.71256933,7.386651633,8.589198912,480,12,481,27,492,508
47,1000,80,7.7,28,39,964,19,7,10,36,7.657450356,97,831,82.13534559,10.11410759,6.700565679,8.499221087,459,9,505,27,468,532
44,1000,80,7.7,28,60,951,28,13,8,49,8.047376901,107,861,83.17136906,10.57632627,7.526091582,8.566581242,483,16,468,33,499,501
42,1000,80,7.7,28,75,956,27,10,7,44,8.298197082,121,828,84.00595596,10.92344466,7.913644899,8.673629451,477,17,479,27,494,506
41,1000,80,7.7,28,84,953,29,7,11,47,8.408344011,110,849,84.10660959,11.50391669,7.951689179,8.897144317,496,21,457,26,517,483
45,1000,80,7.7,28,55,944,30,16,10,56,8.142791075,107,822,83.00706193,10.61964457,7.710723742,8.605273087,492,25,452,31,517,483
46,1000,80,7.7,28,54,951,27,9,13,49,8.266388924,116,821,82.74074797,10.57663455,7.526463456,9.006314392,482,18,469,31,500,500
43,1000,80,7.7,28,66,960,26,8,6,40,8.020916719,108,839,83.98065296,10.76111162,7.411975311,8.61067887,480,12,480,28,492,508
40,1000,80,7.7,28,77,969,18,7,6,31,7.822560252,120,813,84.3064199,11.35523022,7.625727296,8.031568444,501,14,468,17,515,485
47,1000,80,7.7,28,40,964,20,5,11,36,7.690792706,101,790,82.17923573,10.15175242,6.788315016,8.484701652,458,10,506,26,468,532
42,1000,80,7.7,28,76,956,26,11,7,44,8.323616104,132,839,84.05051028,10.94005423,7.970730758,8.668132627,477,17,479,27,494,506
44,1000,80,7.7,28,61,951,28,13,8,49,8.063279441,107,835,83.27634318,10.60022184,7.552817538,8.571703572,483,16,468,33,499,501
41,1000,80,7.7,28,85,952,30,7,11,48,8.455830553,118,855,84.17590271,11.55100718,8.016708561,8.925863823,495,22,457,26,517,483
45,1000,80,7.7,28,56,945,30,16,9,55,8.170167542,95,826,83.06993949,10.65494639,7.743059923,8.627340708,492,25,453,30,517,483
46,1000,80,7.7,28,55,951,26,10,13,49,8.284672578,121,855,82.78001922,10.6068944,7.544005889,9.025339267,482,18,469,31,500,500
43,1000,80,7.7,28,67,961,25,8,6,39,8.024856379,122,841,84.04522487,10.79409394,7.414554442,8.615936208,481,11,480,28,492,508
40,1000,80,7.7,28,78,969,18,7,6,31,7.810017142,125,846,84.34585682,11.40092954,7.588222764,8.045530761,502,13,467,18,515,485
47,1000,80,7.7,28,41,964,20,6,10,36,7.731827309,113,829,82.2464386,10.16460994,6.845988204,8.511099303,457,11,507,25,468,532
42,1000,80,7.7,28,77,954,28,11,7,46,8.359855697,113,860,84.1071497,10.97765066,8.00327016,8.70798466,476,18,478,28,494,506
44,1000,80,7.7,28,62,950,31,12,7,50,8.038185015,103,844,83.3153626,10.65772082,7.541905914,8.532482963,484,15,466,35,499,501
41,1000,80,7.7,28,86,953,29,7,11,47,8.465439992,133,826,84.24471557,11.59294013,8.024872069,8.937020978,497,20,456,27,517,483
45,1000,80,7.7,28,57,949,26,16,9,51,8.144175748,130,833,83.13247707,10.690933,7.719819446,8.598403923,493,24,456,27,517,483
46,1000,80,7.7,28,56,950,26,11,13,50,8.327058511,107,819,82.84003336,10.61366998,7.546217316,9.107899705,482,18,468,32,500,500
43,1000,80,7.7,28,68,959,27,8,6,41,8.052574919,112,849,84.11294095,10.81342704,7.428205411,8.657279246,480,12,479,29,492,508
42,1000,80,7.7,28,78,954,28,11,7,46,8.373453497,118,844,84.16271405,11.04768987,8.009921966,8.728363727,475,19,479,27,494,506
40,1000,80,7.7,28,79,968,19,7,6,32,7.861113221,122,844,84.39427049,11.44373184,7.628233899,8.108397449,501,14,467,18,515,485
47,1000,80,7.7,28,42,965,19,6,10,35,7.730324107,89,833,82.28431868,10.18104734,6.834128417,8.518706782,457,11,508,24,468,532
44,1000,80,7.7,28,63,951,30,12,7,49,8.029595742,116,845,83.37353218,10.68737555,7.546313487,8.510948727,484,15,467,34,499,501
41,1000,80,7.7,28,87,952,30,7,11,48,8.477979768,117,826,84.29684183,11.64253147,8.062018167,8.923222311,496,21,456,27,517,483
45,1000,80,7.7,28,58,951,25,15,9,49,8.127688125,113,857,83.20706749,10.74002972,7.694190363,8.591701257,494,23,457,26,517,483
46,1000,80,7.7,28,57,949,27,12,12,51,8.320449246,116,824,82.87908032,10.64054524,7.592677776,9.048220716,481,19,468,32,500,500
43,1000,80,7.7,28,69,959,27,8,6,41,8.083540576,108,829,84.16692308,10.8353133,7.484491304,8.663722155,480,12,479,29,492,508
42,1000,80,7.7,28,79,955,28,10,7,45,8.368032201,116,827,84.2253424,11.06263267,8.014739844,8.712946082,475,19,480,26,494,506
47,1000,80,7.7,28,43,966,19,6,9,34,7.738147707,109,834,82.33009818,10.20936718,6.81721059,8.548295397,458,10,508,24,468,532
40,1000,80,7.7,28,80,966,21,7,6,34,7.867566541,107,837,84.46105551,11.45506877,7.622980475,8.127281643,499,16,467,18,515,485
41,1000,80,7.7,28,88,952,29,8,11,48,8.491109881,110,852,84.39237599,11.67588949,8.06931714,8.942594037,497,20,455,28,517,483
44,1000,80,7.7,28,64,952,30,11,7,48,8.056580869,106,831,83.43465264,10.72304425,7.580829378,8.530433152,484,15,468,33,499,501
45,1000,80,7.7,28,59,950,26,15,9,50,8.156445199,115,858,83.24994643,10.76385694,7.743820135,8.598116334,494,23,456,27,517,483
46,1000,80,7.7,28,58,949,27,12,12,51,8.352768472,94,835,82.94111763,10.6683841,7.63444954,9.071087404,481,19,468,32,500,500
42,1000,80,7.7,28,80,955,28,10,7,45,8.401793967,112,840,84.31913743,11.09367023,8.06114156,8.734367661,475,19,480,26,494,506
43,1000,80,7.7,28,70,959,27,8,6,41,8.096678887,124,842,84.23535445,10.85669909,7.4902426,8.68401482,481,11,478,30,492,508
41,1000,80,7.7,28,89,953,28,8,11,47,8.473582891,120,830,84.45050309,11.67963299,8.070404214,8.905142675,497,20,456,27,517,483
47,1000,80,7.7,28,44,965,19,6,10,35,7.755539119,99,813,82.39479452,10.24128211,6.826321071,8.572971536,458,10,507,25,468,532
44,1000,80,7.7,28,65,952,30,11,7,48,8.057552057,109,818,83.49211119,10.74801381,7.602927914,8.510361332,484,15,468,33,499,501
40,1000,80,7.7,28,81,966,21,7,6,34,7.881935306,126,867,84.51109644,11.47654414,7.660117311,8.117474001,499,16,467,18,515,485
42,1000,80,7.7,28,81,954,28,9,9,46,8.402765942,114,833,84.36750015,11.10838278,8.078213061,8.719621916,474,20,480,26,494,506
45,1000,80,7.7,28,60,951,26,14,9,49,8.160123743,109,841,83.31810923,10.7808983,7.734452317,8.615759617,495,22,456,27,517,483
46,1000,80,7.7,28,59,950,28,11,11,50,8.336576872,100,835,82.97326045,10.67614797,7.601001642,9.072152103,482,18,468,32,500,500
43,1000,80,7.7,28,71,959,28,8,5,41,8.087705093,102,846,84.27632638,10.87614662,7.482199964,8.674139194,481,11,478,30,492,508
41,1000,80,7.7,28,90,953,28,8,11,47,8.490059967,105,846,84.48300239,11.68915318,8.093542736,8.914489385,497,20,456,27,517,483
47,1000,80,7.7,28,45,965,19,6,10,35,7.795183082,105,829,82.43941439,10.25532051,6.899018938,8.583538005,458,10,507,25,468,532
44,1000,80,7.7,28,66,954,28,11,7,46,8.046011447,117,861,83.52753715,10.80805237,7.612793975,8.477499507,485,14,469,32,499,501
40,1000,80,7.7,28,82,966,21,7,6,34,7.899716188,118,848,84.5618419,11.50877509,7.677954486,8.135195109,499,16,467,18,515,485
42,1000,80,7.7,28,82,953,28,10,9,47,8.406118201,118,853,84.43483613,11.14720038,8.074992101,8.729391509,474,20,479,27,494,506
45,1000,80,7.7,28,61,952,26,13,9,48,8.151309275,121,825,83.36304394,10.805203,7.734712029,8.597232206,496,21,456,27,517,483
46,1000,80,7.7,28,60,948,30,11,11,52,8.365215278,109,819,83.03343686,10.68918126,7.656110137,9.074320419,480,20,468,32,500,500
43,1000,80,7.7,28,72,962,25,8,5,38,8.049797953,105,853,84.3492665,10.90044408,7.443638044,8.636866212,482,10,480,28,492,508
41,1000,80,7.7,28,91,952,28,8,12,48,8.502896867,120,857,84.55901409,11.7097461,8.104954892,8.928851321,497,20,455,28,517,483
47,1000,80,7.7,28,46,964,20,6,10,36,7.811374274,95,849,82.47842889,10.27125307,6.945757928,8.572856322,457,11,507,25,468,532
44,1000,80,7.7,28,67,954,28,11,7,46,8.066188332,112,849,83.5782141,10.82749932,7.643784947,8.486905476,485,14,469,32,499,501
42,1000,80,7.7,28,83,954,28,9,9,46,8.405241699,114,849,84.4780417,11.18111582,8.079032492,8.723714719,474,20,480,26,494,506
40,1000,80,7.7,28,83,963,24,7,6,37,7.92953523,117,843,84.61891279,11.53143077,7.685691803,8.188461756,497,18,466,19,515,485
45,1000,80,7.7,28,62,951,27,13,9,49,8.150525208,105,836,83.4046111,10.81805589,7.756267173,8.572536398,495,22,456,27,517,483
41,1000,80,7.7,28,92,950,29,8,13,50,8.521439275,133,831,84.58309883,11.74224815,8.117946909,8.95333483,497,20,453,30,517,483
46,1000,80,7.7,28,61,948,29,12,11,52,8.376634062,111,828,83.07288202,10.6959851,7.648269292,9.104998833,480,20,468,32,500,500
43,1000,80,7.7,28,73,961,26,8,5,39,8.081371811,122,841,84.39862236,10.93295164,7.462164831,8.68107621,482,10,479,29,492,508
44,1000,80,7.7,28,68,953,30,11,6,47,8.060047061,126,828,83.63177785,10.84078844,7.612422007,8.505885189,485,14,468,33,499,501
47,1000,80,7.7,28,47,964,20,6,10,36,7.843274862,94,823,82.50215717,10.29375787,6.958467651,8.621639101,457,11,507,25,468,532
42,1000,80,7.7,28,84,952,31,9,8,48,8.40736784,111,865,84.55964702,11.2060262,8.119524499,8.688384857,473,21,479,27,494,506
40,1000,80,7.7,28,84,963,24,7,6,37,7.945335674,109,863,84.66700474,11.54012039,7.696929097,8.209107607,497,18,466,19,515,485
41,1000,80,7.7,28,93,951,27,9,13,49,8.507751855,117,836,84.63885599,11.76627849,8.115799125,8.927295462,497,20,454,29,517,483
45,1000,80,7.7,28,63,952,27,13,8,48,8.169609565,125,835,83.46747359,10.87950807,7.803208787,8.56180253,495,22,457,26,517,483
46,1000,80,7.7,28,62,949,29,11,11,51,8.403442485,113,849,83.10619781,10.71142734,7.670814422,9.136070548,480,20,469,31,500,500
43,1000,80,7.7,28,74,960,27,8,5,40,8.090868392,109,844,84.46940964,10.95979469,7.4938929,8.669041508,482,10,478,30,492,508
44,1000,80,7.7,28,69,953,30,10,7,47,8.078202116,106,853,83.66989121,10.87360573,7.610137643,8.544398067,485,14,468,33,499,501
47,1000,80,7.7,28,48,963,21,6,10,37,7.882221386,121,824,82.5474389,10.31726975,7.009834306,8.649659643,456,12,507,25,468,532
42,1000,80,7.7,28,85,953,31,9,7,47,8.395557909,114,858,84.62968041,11.23124221,8.096825397,8.687205854,474,20,479,27,494,506
41,1000,80,7.7,28,94,952,27,8,13,48,8.520337683,123,852,84.70553341,11.7793515,8.125077015,8.943422084,497,20,455,28,517,483
45,1000,80,7.7,28,64,950,29,13,8,50,8.158460533,126,859,83.52281597,10.90834437,7.812847497,8.528402437,494,23,456,27,517,483
40,1000,80,7.7,28,85,963,24,7,6,37,7.963894295,124,852,84.72578606,11.55922444,7.730853421,8.211350069,497,18,466,19,515,485
46,1000,80,7.7,28,63,950,29,10,11,50,8.442579338,116,834,83.15631539,10.73774663,7.71875612,9.166402556,480,20,470,30,500,500
43,1000,80,7.7,28,75,960,27,8,5,40,8.123422834,105,847,84.52730314,10.99658415,7.520188265,8.707657889,482,10,478,30,492,508
44,1000,80,7.7,28,70,953,29,11,7,47,8.127401001,124,833,83.68901839,10.89174812,7.667158585,8.585806122,485,14,468,33,499,501
47,1000,80,7.7,28,49,964,20,6,10,36,7.871222589,122,812,82.56768383,10.33316308,6.985344335,8.650529023,456,12,508,24,468,532
42,1000,80,7.7,28,86,951,33,9,7,49,8.394674421,99,836,84.67507554,11.27139448,8.071257753,8.710421129,474,20,477,29,494,506
41,1000,80,7.7,28,95,950,28,10,12,50,8.525116797,115,857,84.76790593,11.8222998,8.136774191,8.940796151,497,20,453,30,517,483
45,1000,80,7.7,28,65,952,27,13,8,48,8.149095456,106,854,83.57842267,10.91863165,7.789912937,8.533562045,496,21,456,27,517,483
46,1000,80,7.7,28,64,951,28,10,11,49,8.414953927,117,846,83.20831699,10.7773682,7.689047902,9.140859953,480,20,471,29,500,500
43,1000,80,7.7,28,76,961,26,7,6,39,8.123362432,110,842,84.54535525,11.03592461,7.530559706,8.697494206,482,10,479,29,492,508
40,1000,80,7.7,28,86,964,23,7,6,36,7.982837373,118,847,84.75806393,11.58140284,7.766251471,8.212820341,497,18,467,18,515,485
42,1000,80,7.7,28,87,951,33,9,7,49,8.411632994,130,856,84.73262984,11.30038032,8.092416089,8.723279537,474,20,477,29,494,506
44,1000,80,7.7,28,71,952,30,10,8,48,8.175235065,128,834,83.74996167,10.92419576,7.7243311,8.624339015,485,14,467,34,499,501
47,1000,80,7.7,28,50,965,19,6,10,35,7.864528702,117,840,82.60683056,10.34828186,6.98009156,8.642567391,456,12,509,23,468,532
41,1000,80,7.7,28,96,951,28,10,11,49,8.540177086,122,842,84.84866499,11.83434808,8.162112207,8.944855227,497,20,454,29,517,483
45,1000,80,7.7,28,66,952,27,13,8,48,8.148585628,132,841,83.63701375,10.9690873,7.790896282,8.531453935,496,21,456,27,517,483
46,1000,80,7.7,28,65,951,27,10,12,49,8.414777084,124,841,83.27835575,10.81752631,7.678672654,9.150881514,480,20,471,29,500,500
43,1000,80,7.7,28,77,962,26,7,5,38,8.10642139,118,845,84.62815758,11.05895619,7.615903176,8.581490211,480,12,482,26,492,508
42,1000,80,7.7,28,88,952,34,9,5,48,8.427203534,119,825,84.80594128,11.34550863,8.080304721,8.765875499,474,20,478,28,494,506
40,1000,80,7.7,28,87,964,23,7,6,36,8.007830257,133,863,84.81403344,11.59272338,7.817943777,8.209462292,497,18,467,18,515,485
44,1000,80,7.7,28,72,953,31,8,8,47,8.202481813,111,846,83.80116674,10.93934944,7.770835419,8.632405069,485,14,468,33,499,501
47,1000,80,7.7,28,51,965,18,7,10,35,7.867887824,105,831,82.66931254,10.35709005,6.982113612,8.647102731,456,12,509,23,468,532
41,1000,80,7.7,28,97,948,29,11,12,52,8.600827752,127,866,84.9422925,11.85329923,8.184737205,9.046208317,497,20,451,32,517,483
45,1000,80,7.7,28,67,952,27,12,9,48,8.139329176,110,865,83.67951331,11.00313632,7.832817116,8.467417654,495,22,457,26,517,483
42,1000,80,7.7,28,89,952,33,9,6,48,8.435366806,114,854,84.85923033,11.39228794,8.084348126,8.778060932,474,20,478,28,494,506
46,1000,80,7.7,28,66,951,27,10,12,49,8.427590934,113,845,83.35080307,10.87029356,7.674426294,9.180755574,480,20,471,29,500,500
43,1000,80,7.7,28,78,960,28,7,5,40,8.161883322,111,852,84.65529115,11.0832259,7.63062386,8.676410203,480,12,480,28,492,508
44,1000,80,7.7,28,73,951,33,8,8,49,8.251734178,103,844,83.89740627,10.97687005,7.836358544,8.665451625,484,15,467,34,499,501
40,1000,80,7.7,28,88,964,22,8,6,36,8.046655889,109,841,84.8540778,11.60603363,7.857480138,8.247533232,497,18,467,18,515,485
47,1000,80,7.7,28,52,965,19,6,10,35,7.905929348,103,830,82.70091288,10.41031256,7.014394271,8.690212085,456,12,509,23,468,532
41,1000,80,7.7,28,98,948,29,10,13,52,8.62448527,114,858,85.03734529,11.89088281,8.201533312,9.077210244,497,20,451,32,517,483
42,1000,80,7.7,28,90,952,32,10,6,48,8.465024624,111,851,84.90465654,11.41651861,8.161559075,8.761293361,474,20,478,28,494,506
45,1000,80,7.7,28,68,952,28,12,8,48,8.138910665,123,829,83.75461245,11.02693234,7.844033673,8.454545043,495,22,457,26,517,483
43,1000,80,7.7,28,79,961,26,7,6,39,8.156117821,120,828,84.7275684,11.11430681,7.686410162,8.611031538,479,13,482,26,492,508
46,1000,80,7.7,28,67,951,27,10,12,49,8.465794253,95,846,83.41413121,10.89146115,7.695072753,9.236515752,480,20,471,29,500,500
44,1000,80,7.7,28,74,953,32,8,7,47,8.237220576,117,849,83.93438113,11.02501077,7.810319113,8.662417842,486,13,467,34,499,501
47,1000,80,7.7,28,53,965,19,6,10,35,7.913854326,117,836,82.7608998,10.44628782,7.038510789,8.683893377,456,12,509,23,468,532
41,1000,80,7.7,28,99,945,31,11,13,55,8.610375447,119,868,85.07316535,11.92966218,8.181858947,9.06905667,496,21,449,34,517,483
40,1000,80,7.7,28,89,964,20,9,7,36,8.071798374,114,863,84.90824764,11.62151453,7.885085598,8.270060393,498,17,466,19,515,485
42,1000,80,7.7,28,91,953,31,10,6,47,8.471481205,126,835,84.99366094,11.43590918,8.14756619,8.787714441,474,20,479,27,494,506
45,1000,80,7.7,28,69,950,28,14,8,50,8.175085985,116,840,83.80717453,11.07218191,7.872997263,8.498439752,494,23,456,27,517,483
43,1000,80,7.7,28,80,961,26,7,6,39,8.162824696,107,854,84.73299846,11.14750508,7.696224296,8.61472902,479,13,482,26,492,508
46,1000,80,7.7,28,68,952,26,10,12,48,8.495259638,126,844,83.45220485,10.91654203,7.740217807,9.250301469,480,20,472,28,500,500
44,1000,80,7.7,28,75,953,31,9,7,47,8.252204883,117,838,83.96696254,11.06835288,7.798188122,8.704409202,486,13,467,34,499,501
41,1000,80,7.7,28,100,945,31,11,13,55,8.629118747,102,843,85.11435081,11.95107487,8.177199695,9.112849907,496,21,449,34,517,483
47,1000,80,7.7,28,54,964,18,8,10,36,7.931099153,114,836,82.82307657,10.46351839,7.074033927,8.685058787,455,13,509,23,468,532
40,1000,80,7.7,28,90,964,21,9,6,36,8.075579521,120,850,85.0021193,11.63313522,7.919253968,8.241574696,498,17,466,19,515,485
42,1000,80,7.7,28,92,953,30,11,6,47,8.50756512,113,856,85.01143565,11.46578709,8.184336776,8.823127969,474,20,479,27,494,506
45,1000,80,7.7,28,70,949,29,14,8,51,8.200469763,110,843,83.85297634,11.13930053,7.93868142,8.48068627,494,23,455,28,517,483
43,1000,80,7.7,28,81,960,27,7,6,40,8.21659308,133,853,84.77452968,11.17503133,7.779264761,8.640147278,478,14,482,26,492,508
46,1000,80,7.7,28,69,953,25,10,12,47,8.479556305,119,841,83.50238546,10.93068567,7.74148363,9.217628981,480,20,473,27,500,500
44,1000,80,7.7,28,76,953,31,9,7,47,8.254371063,106,833,84.03714845,11.07327197,7.815730686,8.69126038,486,13,467,34,499,501
41,1000,80,7.7,28,101,945,31,11,13,55,8.653516261,131,850,85.1776312,11.97673998,8.220558204,9.116951696,496,21,449,34,517,483
47,1000,80,7.7,28,55,965,19,7,9,35,7.948812943,114,846,82.92155834,10.48795792,7.11853402,8.679208687,456,12,509,23,468,532
42,1000,80,7.7,28,93,953,30,11,6,47,8.518854004,126,866,85.07608814,11.49598017,8.163886897,8.865402918,474,20,479,27,494,506
40,1000,80,7.7,28,91,962,23,9,6,38,8.080154607,122,848,85.05958732,11.63206015,7.934724382,8.234580515,497,18,465,20,515,485
45,1000,80,7.7,28,71,949,29,15,7,51,8.242067554,108,849,83.8577824,11.16206068,7.985819947,8.516353294,494,23,455,28,517,483
43,1000,80,7.7,28,82,958,29,7,6,42,8.26066321,122,851,84.81674734,11.20572325,7.81130359,8.695869772,477,15,481,27,492,508
44,1000,80,7.7,28,77,952,32,9,7,48,8.265707361,129,852,84.08930449,11.06973373,7.821120425,8.708519499,486,13,466,35,499,501
41,1000,80,7.7,28,102,947,30,11,12,53,8.673913271,126,856,85.18434305,12.00629105,8.260002014,9.116961138,496,21,451,32,517,483
46,1000,80,7.7,28,70,954,25,10,11,46,8.488663412,111,841,83.55257402,10.98589509,7.768664847,9.208661976,480,20,474,26,500,500
47,1000,80,7.7,28,56,964,20,7,9,36,7.976566871,107,827,82.98002426,10.49384974,7.156296506,8.698158094,455,13,509,23,468,532
42,1000,80,7.7,28,94,953,30,11,6,47,8.518982249,118,854,85.13232462,11.53500509,8.153972622,8.875335522,474,20,479,27,494,506
40,1000,80,7.7,28,92,960,25,9,6,40,8.085576366,127,861,85.10375473,11.68689961,7.933882642,8.246653206,496,19,464,21,515,485
41,1000,80,7.7,28,103,948,29,11,12,52,8.673974704,130,860,85.26453783,12.04255217,8.265208175,9.111515688,496,21,452,31,517,483
44,1000,80,7.7,28,78,952,32,9,7,48,8.298904093,107,853,84.14238113,11.11922607,7.840084195,8.755892374,486,13,466,35,499,501
43,1000,80,7.7,28,83,958,30,6,6,42,8.262094601,129,837,84.8802565,11.23477807,7.819022801,8.691211384,477,15,481,27,492,508
45,1000,80,7.7,28,72,948,29,16,7,52,8.312005682,123,845,83.92195997,11.20420384,8.048111999,8.594475732,494,23,454,29,517,483
46,1000,80,7.7,28,71,952,27,10,11,48,8.481437999,114,846,83.62233418,11.00357511,7.796740933,9.166135065,479,21,473,27,500,500
42,1000,80,7.7,28,95,954,29,12,5,46,8.522790944,128,879,85.17059458,11.58974863,8.144397173,8.89221095,475,19,479,27,494,506
47,1000,80,7.7,28,57,962,19,10,9,38,8.026142024,110,828,83.03136081,10.51648558,7.217996311,8.737067201,454,14,508,24,468,532
40,1000,80,7.7,28,93,960,25,9,6,40,8.101192042,130,831,85.17962887,11.70771546,7.956185684,8.255167866,496,19,464,21,515,485
41,1000,80,7.7,28,104,948,29,11,12,52,8.678377892,128,853,85.27431859,12.08866123,8.269246258,9.116309683,496,21,452,31,517,483
48,1000,80,7.7,28,0,938,32,19,11,62,7.174,89,825,80.13585214,9.046571419,6.128364389,8.150870406,464,19,474,43,483,517
44,1000,80,7.7,28,79,951,32,10,7,49,8.341983901,105,838,84.17747081,11.13254127,7.902111678,8.780100147,485,14,466,35,499,501
45,1000,80,7.7,28,73,948,29,16,7,52,8.335754327,121,815,83.99649845,11.22935218,8.076658675,8.613088597,494,23,454,29,517,483
43,1000,80,7.7,28,84,959,29,6,6,41,8.247748443,136,850,84.94492493,11.26853814,7.830407993,8.651944313,477,15,482,26,492,508
46,1000,80,7.7,28,72,952,28,9,11,48,8.49606203,117,839,83.66081151,11.03040707,7.822774192,9.169349868,479,21,473,27,500,500
42,1000,80,7.7,28,96,954,29,12,5,46,8.537129464,103,858,85.18865297,11.61834278,8.16332065,8.902073246,475,19,479,27,494,506
47,1000,80,7.7,28,58,961,20,10,9,39,8.054699285,95,812,83.11076586,10.5516349,7.259154321,8.754539591,454,14,507,25,468,532
48,1000,80,7.7,28,1,938,31,19,12,62,7.189901943,101,833,80.15452871,9.080649862,6.133557293,8.176777119,464,19,474,43,483,517
40,1000,80,7.7,28,94,959,26,9,6,41,8.140155861,129,860,85.2162087,11.74138428,7.977899181,8.312449036,497,18,462,23,515,485
44,1000,80,7.7,28,80,950,33,10,7,50,8.408578176,121,834,84.22513262,11.16592326,7.992489618,8.823005701,483,16,467,34,499,501
45,1000,80,7.7,28,74,948,29,16,7,52,8.367261843,127,842,84.05550175,11.25117268,8.17268451,8.575536131,493,24,455,28,517,483
42,1000,80,7.7,28,97,954,29,12,5,46,8.561513969,132,842,85.22702484,11.67492726,8.204436222,8.91012347,475,19,479,27,494,506
43,1000,80,7.7,28,85,959,28,7,6,41,8.314722946,116,866,85.00788124,11.3111444,7.883466617,8.732396398,477,15,482,26,492,508
46,1000,80,7.7,28,73,949,30,10,11,51,8.539354937,114,846,83.67728305,11.07483719,7.872616146,9.206093727,478,22,471,29,500,500
47,1000,80,7.7,28,59,959,21,11,9,41,8.081918532,110,847,83.1621867,10.60955533,7.26458633,8.800925056,453,15,506,26,468,532
48,1000,80,7.7,28,2,939,31,18,12,61,7.198331863,75,837,80.20509189,9.116537613,6.147415984,8.180135285,464,19,475,42,483,517
44,1000,80,7.7,28,81,951,32,9,8,49,8.438347729,116,844,84.28082156,11.1978236,8.005708507,8.869259848,483,16,468,33,499,501
42,1000,80,7.7,28,98,953,31,12,4,47,8.577873291,121,860,85.27376835,11.71776644,8.218973561,8.928261565,474,20,479,27,494,506
40,1000,80,7.7,28,95,960,26,8,6,40,8.14225653,119,852,85.26948552,11.77275336,7.968065274,8.327222502,498,17,462,23,515,485
45,1000,80,7.7,28,75,948,29,16,7,52,8.367628747,114,851,84.09353447,11.29725304,8.176142886,8.572593945,493,24,455,28,517,483
43,1000,80,7.7,28,86,959,28,7,6,41,8.321392941,93,848,85.03974811,11.34814179,7.912283493,8.717617051,477,15,482,26,492,508
46,1000,80,7.7,28,74,949,30,10,11,51,8.528421081,130,828,83.73616632,11.11125505,7.857406498,9.199435664,478,22,471,29,500,500
47,1000,80,7.7,28,60,959,21,12,8,41,8.063850378,103,853,83.19901449,10.63169806,7.211070886,8.814039855,453,15,506,26,468,532
42,1000,80,7.7,28,99,953,31,12,4,47,8.582010226,107,854,85.3470032,11.73733067,8.188490073,8.966197886,474,20,479,27,494,506
44,1000,80,7.7,28,82,953,31,7,9,47,8.43472586,123,864,84.32767673,11.20146473,8.004534832,8.863199558,484,15,469,32,499,501
48,1000,80,7.7,28,3,939,32,18,11,61,7.173472125,100,794,80.2576276,9.139227116,6.111317385,8.165775295,463,20,476,41,483,517
43,1000,80,7.7,28,87,959,28,7,6,41,8.333464037,128,867,85.11568118,11.37689443,7.932820105,8.721489261,477,15,482,26,492,508
45,1000,80,7.7,28,76,949,29,15,7,51,8.361306121,125,848,84.10709481,11.31299546,8.169222389,8.566911275,494,23,455,28,517,483
46,1000,80,7.7,28,75,949,31,9,11,51,8.526614319,121,855,83.76002953,11.13052686,7.861388337,9.1918403,478,22,471,29,500,500
40,1000,80,7.7,28,96,959,28,7,6,41,8.17042175,138,860,85.29807368,11.8358702,7.996059113,8.355569705,498,17,461,24,515,485
47,1000,80,7.7,28,61,959,21,12,8,41,8.059803638,96,855,83.27734892,10.6643086,7.193845957,8.821585958,453,15,506,26,468,532
42,1000,80,7.7,28,100,953,31,11,5,47,8.596975626,118,849,85.44472964,11.78815031,8.195655524,8.988778256,474,20,479,27,494,506
44,1000,80,7.7,28,83,952,32,7,9,48,8.466600041,121,845,84.38483031,11.22851425,8.018011468,8.913397842,484,15,468,33,499,501
48,1000,80,7.7,28,4,944,31,14,11,56,7.150037519,104,817,80.30903592,9.155228563,6.103963168,8.127317812,464,19,480,37,483,517
43,1000,80,7.7,28,88,959,29,7,5,41,8.328192133,109,857,85.18160268,11.41932515,7.917264184,8.72617747,477,15,482,26,492,508
45,1000,80,7.7,28,77,948,30,15,7,52,8.365884446,126,852,84.1648924,11.32937906,8.183574423,8.561027887,494,23,454,29,517,483
46,1000,80,7.7,28,76,949,30,10,11,51,8.522746745,107,838,83.80079333,11.17156198,7.826039815,9.219453675,478,22,471,29,500,500
40,1000,80,7.7,28,97,959,28,7,6,41,8.217133865,146,871,85.35033974,11.86773897,8.023201386,8.423062168,498,17,461,24,515,485
47,1000,80,7.7,28,62,959,20,12,9,41,8.050086125,111,832,83.34741106,10.71026958,7.194182505,8.803023896,453,15,506,26,468,532
42,1000,80,7.7,28,101,950,34,11,5,50,8.595716271,120,870,85.52204783,11.80182643,8.228911989,8.953821637,472,22,478,28,494,506
44,1000,80,7.7,28,84,951,32,8,9,49,8.47436699,109,850,84.45780421,11.26270306,8.024393463,8.922544216,484,15,467,34,499,501
48,1000,80,7.7,28,5,945,31,13,11,55,7.167305632,94,792,80.33201486,9.160857372,6.129151756,8.137186333,464,19,481,36,483,517
43,1000,80,7.7,28,89,958,31,7,4,42,8.338084258,108,847,85.20374636,11.45702987,7.944907907,8.718877101,476,16,482,26,492,508
46,1000,80,7.7,28,77,948,32,10,10,52,8.513229525,129,853,83.8566588,11.20092561,7.837932951,9.1885261,478,22,470,30,500,500
45,1000,80,7.7,28,78,948,31,15,6,52,8.346156752,117,858,84.24394766,11.34986886,8.145299842,8.561152657,494,23,454,29,517,483
47,1000,80,7.7,28,63,958,21,12,9,42,8.048343664,125,824,83.42638385,10.73846174,7.217028554,8.779650941,452,16,506,26,468,532
40,1000,80,7.7,28,98,959,28,7,6,41,8.237934806,137,851,85.40727978,11.88694506,8.026849286,8.462077162,498,17,461,24,515,485
42,1000,80,7.7,28,102,950,34,11,5,50,8.597226299,123,848,85.59745184,11.81839498,8.268018426,8.918626871,471,23,479,27,494,506
44,1000,80,7.7,28,85,950,33,8,9,50,8.530804424,136,853,84.5193973,11.28614054,8.057266188,9.002452289,484,15,466,35,499,501
48,1000,80,7.7,28,6,944,33,12,11,56,7.18309231,91,812,80.38401902,9.206800548,6.163348712,8.135773466,464,19,480,37,483,517
43,1000,80,7.7,28,90,957,32,7,4,43,8.335081316,113,835,85.2642297,11.50820471,7.925411846,8.73184781,476,16,481,27,492,508
46,1000,80,7.7,28,78,948,32,10,10,52,8.516315038,105,845,83.92984271,11.25657747,7.846595916,9.186034161,478,22,470,30,500,500
45,1000,80,7.7,28,79,948,31,16,5,52,8.337576231,101,852,84.29285502,11.36395147,8.150887385,8.537406735,494,23,454,29,517,483
47,1000,80,7.7,28,64,957,21,13,9,43,8.042733648,119,810,83.50915227,10.78441356,7.214585426,8.771255016,452,16,505,27,468,532
42,1000,80,7.7,28,103,950,33,12,5,50,8.641574107,113,851,85.67185861,11.85474512,8.310911505,8.964394908,471,23,479,27,494,506
40,1000,80,7.7,28,99,958,30,7,5,42,8.227168696,120,863,85.42817366,11.90135016,8.011361787,8.456324486,498,17,460,25,515,485
44,1000,80,7.7,28,86,949,34,8,9,51,8.586738949,107,858,84.61642716,11.31387182,8.120308707,9.051307193,484,15,465,36,499,501
48,1000,80,7.7,28,7,944,34,13,9,56,7.192340382,93,809,80.43161416,9.247754557,6.218652225,8.101994888,464,19,480,37,483,517
43,1000,80,7.7,28,91,958,31,7,4,42,8.303044197,130,841,85.33938387,11.54808676,7.913448731,8.680368939,477,15,481,27,492,508
45,1000,80,7.7,28,80,948,31,16,5,52,8.35016792,107,858,84.30467077,11.38999576,8.167351937,8.545852937,494,23,454,29,517,483
46,1000,80,7.7,28,79,948,32,10,10,52,8.544727872,113,834,83.99990978,11.29863913,7.865924529,9.223531214,478,22,470,30,500,500
47,1000,80,7.7,28,65,958,21,13,8,42,8.026857324,125,838,83.6220754,10.79444388,7.197323143,8.75659792,453,15,505,27,468,532
42,1000,80,7.7,28,104,952,30,12,6,48,8.644397172,114,867,85.72524374,11.90516662,8.329518803,8.951808069,472,22,480,26,494,506
49,1000,80,7.7,28,0,943,34,10,13,57,7.129,105,790,79.82174981,8.909348117,6.528571429,7.705882353,471,19,472,38,490,510
40,1000,80,7.7,28,100,959,29,6,6,41,8.243439996,131,856,85.52726619,11.92479153,8.014348486,8.486702115,498,17,461,24,515,485
44,1000,80,7.7,28,87,950,33,8,9,50,8.622742551,108,860,84.68844723,11.37249641,8.133183307,9.110347466,484,15,466,35,499,501
48,1000,80,7.7,28,8,945,33,13,9,55,7.237232057,103,807,80.52015064,9.248677478,6.308158947,8.105205582,464,19,481,36,483,517
43,1000,80,7.7,28,92,958,30,8,4,42,8.27801856,129,858,85.3608771,11.58834776,7.918250077,8.626455751,477,15,481,27,492,508
46,1000,80,7.7,28,80,947,33,10,10,53,8.567736393,117,843,84.05488381,11.32991778,7.895288975,9.24018381,477,23,470,30,500,500
45,1000,80,7.7,28,81,948,31,16,5,52,8.367286268,130,844,84.36217879,11.39453259,8.182297297,8.565297238,493,24,455,28,517,483
47,1000,80,7.7,28,66,958,21,13,8,42,8.049555586,134,837,83.64013363,10.82483271,7.23936056,8.762283541,453,15,505,27,468,532
49,1000,80,7.7,28,1,942,34,10,14,58,7.195352163,102,808,79.8820386,8.920751531,6.590665998,7.776325145,471,19,471,39,490,510
44,1000,80,7.7,28,88,950,32,8,10,50,8.651769734,125,831,84.74863143,11.39739053,8.122806733,9.178621106,484,15,466,35,499,501
40,1000,80,7.7,28,101,959,29,6,6,41,8.237878066,149,863,85.57511259,11.95470332,8.008487679,8.481457548,497,18,462,23,515,485
48,1000,80,7.7,28,9,945,33,13,9,55,7.256601992,103,795,80.57460499,9.296925163,6.318739193,8.13278716,464,19,481,36,483,517
43,1000,80,7.7,28,93,957,30,8,5,43,8.310453174,127,848,85.41931848,11.62279233,7.952758193,8.656882172,477,15,480,28,492,508
46,1000,80,7.7,28,81,948,32,10,10,52,8.586137228,129,842,84.14463908,11.38660755,7.909366001,9.262908455,478,22,470,30,500,500
45,1000,80,7.7,28,82,947,31,17,5,53,8.372178909,116,863,84.42863764,11.44355279,8.178065834,8.579956258,493,24,454,29,517,483
47,1000,80,7.7,28,67,959,21,12,8,41,8.074929965,107,826,83.69780653,10.87476784,7.234812902,8.813980313,453,15,506,26,468,532
49,1000,80,7.7,28,2,942,34,10,14,58,7.195439013,93,795,79.96655485,8.943126941,6.584781098,7.782149558,470,20,472,38,490,510
44,1000,80,7.7,28,89,949,33,8,10,51,8.672349478,125,848,84.78672537,11.427668,8.131056989,9.21148112,484,15,465,36,499,501
40,1000,80,7.7,28,102,958,30,6,6,42,8.243464771,116,860,85.62178421,11.98880046,8.005079791,8.496595214,497,18,461,24,515,485
48,1000,80,7.7,28,10,943,35,13,9,57,7.292339075,102,814,80.61771039,9.322689066,6.321191022,8.199620525,464,19,479,38,483,517
43,1000,80,7.7,28,94,958,29,8,5,42,8.322131457,122,849,85.4477823,11.65409637,7.932306814,8.69967816,478,14,480,28,492,508
46,1000,80,7.7,28,82,948,32,10,10,52,8.597741579,105,843,84.17942399,11.4209291,7.930293404,9.265189755,478,22,470,30,500,500
45,1000,80,7.7,28,83,945,32,18,5,55,8.407625957,102,859,84.50373795,11.47051646,8.193846159,8.636454436,493,24,452,31,517,483
47,1000,80,7.7,28,68,957,23,11,9,43,8.097602272,114,839,83.75592578,10.90283601,7.249049022,8.844073928,453,15,504,28,468,532
49,1000,80,7.7,28,3,943,33,9,15,57,7.212471426,91,815,80.00708007,8.969609279,6.609340037,7.791950603,471,19,472,38,490,510
44,1000,80,7.7,28,90,950,32,8,10,50,8.63416277,128,874,84.86464495,11.45537651,8.11771338,9.148550486,483,16,467,34,499,501
48,1000,80,7.7,28,11,942,36,13,9,58,7.298525862,92,830,80.64702358,9.354078872,6.321104474,8.211668088,464,19,478,39,483,517
40,1000,80,7.7,28,103,959,29,6,6,41,8.254956319,119,862,85.67644009,12.00570259,8.019776543,8.504683297,497,18,462,23,515,485
43,1000,80,7.7,28,95,957,30,8,5,43,8.335859032,114,862,85.50207903,11.69144327,7.963815238,8.696184911,477,15,480,28,492,508
46,1000,80,7.7,28,83,947,32,11,10,53,8.612795786,132,836,84.26261706,11.45709615,7.918663307,9.306928265,478,22,469,31,500,500
45,1000,80,7.7,28,84,947,31,17,5,53,8.397027295,117,855,84.56227472,11.49998991,8.213123672,8.593876516,493,24,454,29,517,483
47,1000,80,7.7,28,69,957,22,12,9,43,8.127099115,112,843,83.81433366,10.95979729,7.231454468,8.914997037,454,14,503,29,468,532
49,1000,80,7.7,28,4,943,33,9,15,57,7.24428131,92,812,80.04502911,8.981889688,6.653026468,7.812349687,471,19,472,38,490,510
44,1000,80,7.7,28,91,951,31,8,10,49,8.63870531,108,844,84.93348028,11.50104713,8.124689763,9.150668899,483,16,468,33,499,501
48,1000,80,7.7,28,12,941,37,13,9,59,7.306993093,98,801,80.67088734,9.364269423,6.350121254,8.20093719,464,19,477,40,483,517
40,1000,80,7.7,28,104,958,30,6,6,42,8.27497447,131,836,85.74005638,12.04972733,8.043327197,8.52095044,497,18,461,24,515,485
43,1000,80,7.7,28,96,956,31,8,5,44,8.375077504,119,871,85.55464257,11.71220973,8.027168074,8.712029156,476,16,480,28,492,508
50,1000,80,7.7,28,0,946,31,11,12,54,6.971,104,834,79.99849415,8.834356906,6.25,7.625954198,457,19,489,35,476,524
45,1000,80,7.7,28,85,947,30,18,5,53,8.421171544,138,854,84.60845215,11.54440615,8.26579747,8.587482923,492,25,455,28,517,483
46,1000,80,7.7,28,84,947,32,11,10,53,8.635728457,112,853,84.31205739,11.48058512,7.948174985,9.323281928,478,22,469,31,500,500
47,1000,80,7.7,28,70,958,22,11,9,42,8.133751218,115,857,83.84688316,10.99402697,7.236692216,8.922893347,454,14,504,28,468,532
49,1000,80,7.7,28,5,944,32,9,15,56,7.25352901,81,789,80.07269588,9.02372385,6.673912793,7.81041518,471,19,473,37,490,510
44,1000,80,7.7,28,92,949,32,9,10,51,8.663990175,119,843,85.00551951,11.52911381,8.170554096,9.155456449,481,18,468,33,499,501
48,1000,80,7.7,28,13,942,37,12,9,58,7.321103264,97,791,80.71047259,9.388442847,6.360643459,8.218399367,464,19,478,39,483,517
43,1000,80,7.7,28,97,956,31,8,5,44,8.399460689,140,850,85.61368151,11.73726659,8.0605287,8.727717654,476,16,480,28,492,508
45,1000,80,7.7,28,86,946,32,18,4,54,8.441776198,115,827,84.69463896,11.56411224,8.300703002,8.592780012,491,26,455,28,517,483
46,1000,80,7.7,28,85,947,32,11,10,53,8.649671621,125,838,84.38416485,11.51135732,7.977671005,9.321672236,478,22,469,31,500,500
50,1000,80,7.7,28,1,946,30,12,12,54,7.026201734,93,796,80.04146659,8.909167308,6.300735442,7.685213098,457,19,489,35,476,524
47,1000,80,7.7,28,71,958,22,11,9,42,8.126929969,131,850,83.91651001,11.00529647,7.248319606,8.899842845,454,14,504,28,468,532
49,1000,80,7.7,28,6,946,31,8,15,54,7.240960072,91,778,80.11490362,9.063852401,6.691239583,7.769122895,472,18,474,36,490,510
44,1000,80,7.7,28,93,949,32,9,10,51,8.677527243,128,851,85.06254047,11.58963996,8.162834643,9.190165182,481,18,468,33,499,501
48,1000,80,7.7,28,14,943,38,12,7,57,7.290041762,79,800,80.79353117,9.418709905,6.363261848,8.1558729,464,19,479,38,483,517
43,1000,80,7.7,28,98,954,33,8,5,46,8.391076174,125,867,85.68445485,11.77958395,8.068657429,8.703339998,475,17,479,29,492,508
45,1000,80,7.7,28,87,946,32,18,4,54,8.485186864,130,841,84.71203853,11.58856751,8.353029294,8.626647451,491,26,455,28,517,483
46,1000,80,7.7,28,86,949,31,10,10,51,8.66721251,108,858,84.45074031,11.5431041,8.034588647,9.299836373,478,22,471,29,500,500
47,1000,80,7.7,28,72,958,21,12,9,42,8.181121936,110,845,83.9785078,11.03914003,7.291804228,8.963454055,454,14,504,28,468,532
50,1000,80,7.7,28,2,946,30,11,13,54,7.064249548,95,787,80.0768051,8.92903812,6.31361064,7.746127641,457,19,489,35,476,524
49,1000,80,7.7,28,7,946,31,8,15,54,7.250158035,91,820,80.14822745,9.093254426,6.663978328,7.813350303,473,17,473,37,490,510
44,1000,80,7.7,28,94,946,35,9,10,54,8.738059389,107,856,85.1299244,11.62542247,8.242875546,9.231266449,478,21,468,33,499,501
48,1000,80,7.7,28,15,942,40,11,7,58,7.321080742,104,796,80.85321881,9.474962444,6.397957859,8.18349535,465,18,477,40,483,517
43,1000,80,7.7,28,99,953,33,9,5,47,8.395951955,130,855,85.73370443,11.79713365,8.081208461,8.700782267,475,17,478,30,492,508
46,1000,80,7.7,28,87,948,31,10,11,52,8.676360547,115,866,84.50307728,11.58369518,8.049890455,9.302830639,478,22,470,30,500,500
45,1000,80,7.7,28,88,948,30,18,4,52,8.461928697,127,840,84.75911737,11.61912951,8.330334573,8.602786174,492,25,456,27,517,483
47,1000,80,7.7,28,73,958,21,12,9,42,8.207392154,111,833,84.02897078,11.05448259,7.327964402,8.981024087,454,14,504,28,468,532
49,1000,80,7.7,28,8,946,31,8,15,54,7.290739857,80,805,80.20552085,9.117733251,6.711146932,7.847603649,473,17,473,37,490,510
44,1000,80,7.7,28,95,947,34,9,10,53,8.733358742,127,857,85.19318981,11.68427576,8.249938319,9.214849342,478,21,469,32,499,501
50,1000,80,7.7,28,3,947,30,11,12,53,7.083425105,88,806,80.15886439,8.942188262,6.350359993,7.749339215,458,18,489,35,476,524
48,1000,80,7.7,28,16,941,41,11,7,59,7.366052385,97,805,80.88035456,9.509688444,6.436813587,8.234180702,465,18,476,41,483,517
43,1000,80,7.7,28,100,953,32,10,5,47,8.427556763,120,852,85.78184833,11.80867541,8.094299499,8.750317735,475,17,478,30,492,508
45,1000,80,7.7,28,89,948,30,18,4,52,8.475982583,113,850,84.83509829,11.6652062,8.335115267,8.626766024,492,25,456,27,517,483
46,1000,80,7.7,28,88,946,32,10,12,54,8.721381458,124,851,84.55564649,11.61114919,8.115397881,9.327365034,477,23,469,31,500,500
47,1000,80,7.7,28,74,959,21,11,9,41,8.182379629,118,845,84.07321817,11.08285725,7.310757442,8.949145012,454,14,505,27,468,532
49,1000,80,7.7,28,9,946,31,8,15,54,7.29772213,107,804,80.2295237,9.141639871,6.711897658,7.860573093,474,16,472,38,490,510
44,1000,80,7.7,28,96,946,35,9,10,54,8.75151736,126,859,85.2705275,11.73007184,8.226340691,9.274597517,478,21,468,33,499,501
50,1000,80,7.7,28,4,949,30,11,10,51,7.072454059,93,796,80.23807988,8.965278244,6.365260949,7.71486612,458,18,491,33,476,524
48,1000,80,7.7,28,17,941,41,10,8,59,7.365729922,107,814,80.92569414,9.553438298,6.433471831,8.236678971,465,18,476,41,483,517
43,1000,80,7.7,28,101,952,34,9,5,48,8.439541419,118,869,85.82006159,11.83860561,8.107450377,8.7611729,474,18,478,30,492,508
45,1000,80,7.7,28,90,950,27,19,4,50,8.473690193,103,859,84.9053755,11.69481175,8.307057275,8.652052964,494,23,456,27,517,483
46,1000,80,7.7,28,89,946,32,10,12,54,8.732610826,117,846,84.61514295,11.65047647,8.14615689,9.319064762,477,23,469,31,500,500
47,1000,80,7.7,28,75,960,20,11,9,40,8.195642693,106,837,84.12390384,11.11071128,7.30382082,8.980177723,455,13,505,27,468,532
49,1000,80,7.7,28,10,945,32,8,15,55,7.327196349,92,800,80.28209218,9.158115325,6.720513984,7.910087249,474,16,471,39,490,510
44,1000,80,7.7,28,97,946,35,8,11,54,8.784026306,124,853,85.3631487,11.78481834,8.270701707,9.295301706,478,21,468,33,499,501
50,1000,80,7.7,28,5,949,29,12,10,51,7.090527786,94,790,80.30892771,8.987104054,6.378585814,7.737253699,458,18,491,33,476,524
48,1000,80,7.7,28,18,940,42,9,9,60,7.382528302,107,836,80.97468072,9.587360802,6.450755103,8.253024347,465,18,475,42,483,517
43,1000,80,7.7,28,102,952,34,9,5,48,8.443948216,118,868,85.90486587,11.87828737,8.115426896,8.762122408,474,18,478,30,492,508
45,1000,80,7.7,28,91,951,25,20,4,49,8.460319368,125,843,84.9607714,11.75309597,8.244539556,8.691288649,495,22,456,27,517,483
46,1000,80,7.7,28,90,945,33,10,12,55,8.743331748,130,839,84.6692312,11.67114966,8.15547389,9.331189605,477,23,468,32,500,500
47,1000,80,7.7,28,76,960,20,11,9,40,8.259610788,115,832,84.19360805,11.12992063,7.353567127,9.056656716,455,13,505,27,468,532
44,1000,80,7.7,28,98,946,35,7,12,54,8.816590124,132,866,85.39893894,11.83774471,8.284761004,9.346296174,478,21,468,33,499,501
49,1000,80,7.7,28,11,945,32,8,15,55,7.347959201,87,810,80.34928178,9.18155812,6.726490963,7.945056135,474,16,471,39,490,510
48,1000,80,7.7,28,19,940,41,10,9,60,7.391127859,100,829,81.07683805,9.630949302,6.516567882,8.208173253,465,18,475,42,483,517
50,1000,80,7.7,28,6,949,30,11,10,51,7.125053306,87,822,80.3296617,9.013569208,6.417954721,7.767379502,458,18,491,33,476,524
43,1000,80,7.7,28,103,951,35,9,5,49,8.462054767,117,858,85.99612999,11.91814188,8.11633464,8.796886071,473,19,478,30,492,508
45,1000,80,7.7,28,92,950,26,19,5,50,8.449653934,122,852,85.02771389,11.79993361,8.235144952,8.679262927,495,22,455,28,517,483
46,1000,80,7.7,28,91,945,33,9,13,55,8.757225966,138,852,84.69507589,11.68348737,8.154551919,9.359900014,477,23,468,32,500,500
47,1000,80,7.7,28,77,960,19,11,10,40,8.272799276,114,844,84.2536724,11.15127643,7.384807732,9.05396477,456,12,504,28,468,532
44,1000,80,7.7,28,99,946,34,8,12,54,8.82229465,116,870,85.45907257,11.87349422,8.288402053,9.354055938,478,21,468,33,499,501
49,1000,80,7.7,28,12,944,33,8,15,56,7.377431608,94,807,80.40637463,9.203352216,6.741530491,7.988395425,473,17,471,39,490,510
48,1000,80,7.7,28,20,941,39,11,9,59,7.404629662,110,843,81.13666816,9.648752613,6.547146676,8.205721117,465,18,476,41,483,517
50,1000,80,7.7,28,7,949,30,11,10,51,7.13616705,88,816,80.36592492,9.050759395,6.420380501,7.786385366,458,18,491,33,476,524
43,1000,80,7.7,28,104,952,34,10,4,48,8.498503482,117,864,86.03425535,11.94937246,8.152840063,8.833279864,473,19,479,29,492,508
45,1000,80,7.7,28,93,950,26,19,5,50,8.4422354,118,851,85.05697969,11.82599743,8.211843056,8.688845839,495,22,455,28,517,483
46,1000,80,7.7,28,92,945,33,9,13,55,8.75669769,138,870,84.74423097,11.69713587,8.145131561,9.368263819,477,23,468,32,500,500
47,1000,80,7.7,28,78,962,17,11,10,38,8.279746973,125,846,84.27725165,11.18154076,7.421087636,9.035108946,456,12,506,26,468,532
44,1000,80,7.7,28,100,944,34,10,12,56,8.861263059,138,876,85.47843446,11.8948504,8.345594175,9.374873385,478,21,466,35,499,501
49,1000,80,7.7,28,13,945,32,8,15,55,7.387838028,116,793,80.45836688,9.227498576,6.764189183,7.987030055,473,17,472,38,490,510
48,1000,80,7.7,28,21,943,37,11,9,57,7.413447602,102,828,81.21284693,9.694994228,6.553921519,8.216447792,465,18,478,39,483,517
46,1000,80,7.7,28,93,945,34,9,12,55,8.757124524,138,859,84.79245143,11.71083106,8.167986901,9.346262148,477,23,468,32,500,500
45,1000,80,7.7,28,94,950,26,20,4,50,8.459010487,113,857,85.11174313,11.87523628,8.257873825,8.674305837,494,23,456,27,517,483
50,1000,80,7.7,28,8,948,31,11,10,52,7.136963536,98,822,80.416378,9.10077152,6.424169817,7.784463173,459,17,489,35,476,524
47,1000,80,7.7,28,79,961,18,11,10,39,8.287125095,117,854,84.37326167,11.19788471,7.424529167,9.045950084,455,13,506,26,468,532
44,1000,80,7.7,28,101,944,34,10,12,56,8.832450182,117,881,85.53261076,11.9385907,8.336876726,9.326045301,478,21,466,35,499,501
49,1000,80,7.7,28,14,945,32,8,15,55,7.420058819,98,806,80.51050435,9.253450098,6.777356319,8.037557299,473,17,472,38,490,510
48,1000,80,7.7,28,22,944,36,11,9,56,7.45278995,110,822,81.26434463,9.725269679,6.608650083,8.241415784,465,18,479,38,483,517
44,1000,80,7.7,28,102,944,34,10,12,56,8.860360126,118,874,85.57893322,11.96626485,8.319844296,9.398718209,479,20,465,36,499,501
46,1000,80,7.7,28,94,945,34,10,11,55,8.770604918,134,857,84.8371837,11.75221123,8.156464734,9.384745103,477,23,468,32,500,500
45,1000,80,7.7,28,95,950,26,19,5,50,8.502687928,113,847,85.18398076,11.91313855,8.321361306,8.696778743,494,23,456,27,517,483
50,1000,80,7.7,28,9,949,30,11,10,51,7.17175545,87,807,80.48560099,9.125090911,6.470785222,7.808514665,460,16,489,35,476,524
47,1000,80,7.7,28,80,957,22,11,10,43,8.313190328,106,849,84.42513484,11.2360851,7.450801219,9.071833378,453,15,504,28,468,532
49,1000,80,7.7,28,15,946,32,7,15,54,7.453256413,101,802,80.56205182,9.287152924,6.803429029,8.077600369,473,17,473,37,490,510
48,1000,80,7.7,28,23,946,34,11,9,54,7.46477271,104,844,81.29495935,9.76695875,6.63605431,8.238991255,466,17,480,37,483,517
44,1000,80,7.7,28,103,944,33,11,12,56,8.870325438,136,857,85.65594133,11.9889995,8.286249037,9.452070196,479,20,465,36,499,501
46,1000,80,7.7,28,95,944,34,11,11,56,8.795722687,136,851,84.86431035,11.80617295,8.183684872,9.407760502,476,24,468,32,500,500
50,1000,80,7.7,28,10,951,27,12,10,49,7.17574638,123,819,80.52136157,9.164648674,6.476186912,7.811224064,460,16,491,33,476,524
45,1000,80,7.7,28,96,951,26,18,5,49,8.51247319,118,849,85.25363292,11.95664173,8.35234795,8.683870186,493,24,458,25,517,483
47,1000,80,7.7,28,81,956,24,10,10,44,8.286943897,116,856,84.51007509,11.24855336,7.430626609,9.040245571,453,15,503,29,468,532
49,1000,80,7.7,28,16,947,30,7,16,53,7.492361893,100,808,80.61883292,9.336296132,6.8054713,8.1523156,474,16,473,37,490,510
48,1000,80,7.7,28,24,946,34,11,9,54,7.462379522,111,806,81.36045732,9.816876747,6.62243402,8.247086827,466,17,480,37,483,517
44,1000,80,7.7,28,104,945,33,11,11,55,8.851027671,131,876,85.69341661,12.00799657,8.258929195,9.44076248,480,19,465,36,499,501
46,1000,80,7.7,28,96,942,36,10,12,58,8.834760357,124,832,84.92085592,11.84294841,8.220923688,9.448597026,476,24,466,34,500,500
45,1000,80,7.7,28,97,949,27,19,5,51,8.570531194,122,874,85.30899663,11.97891562,8.425598986,8.72566567,492,25,457,26,517,483
47,1000,80,7.7,28,82,956,24,10,10,44,8.299754963,121,842,84.52684509,11.27484319,7.428476051,9.066218367,453,15,503,29,468,532
50,1000,80,7.7,28,11,952,27,12,9,48,7.169224428,102,798,80.5355876,9.194869136,6.487779576,7.78824685,461,15,491,33,476,524
49,1000,80,7.7,28,17,946,31,7,16,54,7.482733541,88,795,80.65336515,9.380932065,6.819846178,8.11962532,473,17,473,37,490,510
48,1000,80,7.7,28,25,944,36,9,11,56,7.529152385,102,816,81.43604729,9.856546504,6.684702599,8.318067756,466,17,478,39,483,517
45,1000,80,7.7,28,98,949,28,19,4,51,8.579964895,116,881,85.38403697,12.02340487,8.455522332,8.713167389,492,25,457,26,517,483
46,1000,80,7.7,28,97,943,33,10,14,57,8.840775703,109,845,84.98103921,11.86148379,8.240176143,9.441375264,478,22,465,35,500,500
47,1000,80,7.7,28,83,956,25,9,10,44,8.3161972,119,838,84.56719641,11.30822518,7.447894489,9.080042441,453,15,503,29,468,532
48,1000,80,7.7,28,26,945,34,10,11,55,7.571004558,105,817,81.50734201,9.867161046,6.754318279,8.333982261,467,16,478,39,483,517
49,1000,80,7.7,28,18,946,30,8,16,54,7.504060849,103,827,80.67067338,9.403640331,6.83282803,8.148970812,473,17,473,37,490,510
50,1000,80,7.7,28,12,954,25,12,9,46,7.163624987,98,818,80.59274051,9.226057874,6.45984631,7.802935389,462,14,492,32,476,524
45,1000,80,7.7,28,99,949,28,18,5,51,8.59335236,137,872,85.47937046,12.04126026,8.458865228,8.737306496,492,25,457,26,517,483
46,1000,80,7.7,28,98,944,33,10,13,56,8.815440755,120,858,85.06497868,11.88613656,8.220080789,9.410800721,479,21,465,35,500,500
47,1000,80,7.7,28,84,956,24,10,10,44,8.328570189,123,845,84.6072797,11.34202224,7.486493097,9.069344774,453,15,503,29,468,532
48,1000,80,7.7,28,27,944,33,12,11,56,7.640766589,97,808,81.53339819,9.901756874,6.843947718,8.385183445,466,17,478,39,483,517
49,1000,80,7.7,28,19,946,30,8,16,54,7.536237491,99,815,80.75177515,9.428460902,6.859671891,8.186271107,473,17,473,37,490,510
50,1000,80,7.7,28,13,953,26,11,10,47,7.204109103,98,814,80.63699561,9.269414341,6.497482916,7.846006173,462,14,491,33,476,524
45,1000,80,7.7,28,100,950,28,17,5,50,8.587751076,130,853,85.50555947,12.07953069,8.44465481,8.740920371,493,24,457,26,517,483
46,1000,80,7.7,28,99,945,32,10,13,55,8.804931355,125,862,85.14274746,11.91018829,8.238668637,9.371194074,479,21,466,34,500,500
48,1000,80,7.7,28,28,944,33,12,11,56,7.664288503,116,822,81.60171307,9.915830759,6.899695402,8.378598885,466,17,478,39,483,517
47,1000,80,7.7,28,85,958,22,10,10,42,8.311554064,139,843,84.69285139,11.36878657,7.516227265,9.011202452,453,15,505,27,468,532
49,1000,80,7.7,28,20,948,30,6,16,52,7.53145739,99,812,80.79756912,9.448506742,6.896323282,8.141684279,472,18,476,34,490,510
48,1000,80,7.7,28,29,944,33,12,11,56,7.652557272,94,831,81.66006503,9.929779472,6.915509035,8.341134252,466,17,478,39,483,517
50,1000,80,7.7,28,14,953,27,11,9,47,7.203284694,101,816,80.69771766,9.294727155,6.499096931,7.842966707,461,15,492,32,476,524
45,1000,80,7.7,28,101,949,29,17,5,51,8.615535082,121,861,85.55915629,12.10142161,8.463178588,8.778616464,492,25,457,26,517,483
46,1000,80,7.7,28,100,944,33,10,13,56,8.820189813,121,870,85.18872217,11.95204504,8.260534345,9.37984528,478,22,466,34,500,500
47,1000,80,7.7,28,86,957,23,10,10,43,8.359796576,116,852,84.74595688,11.41850425,7.582276556,9.043780353,453,15,504,28,468,532
49,1000,80,7.7,28,21,948,30,6,16,52,7.5900417,105,804,80.88682391,9.471113627,6.977714768,8.178355811,472,18,476,34,490,510
48,1000,80,7.7,28,30,945,31,13,11,55,7.667102174,107,833,81.69742191,9.944162418,6.953603242,8.333678546,466,17,479,38,483,517
45,1000,80,7.7,28,102,952,27,16,5,48,8.629956336,140,868,85.64436985,12.13108383,8.406031227,8.86964429,495,22,457,26,517,483
50,1000,80,7.7,28,15,952,28,11,9,48,7.246430912,84,828,80.72850073,9.321137144,6.55600965,7.873607479,461,15,491,33,476,524
47,1000,80,7.7,28,87,959,21,10,10,41,8.385873208,113,859,84.78808154,11.46086443,7.583457335,9.091757848,454,14,505,27,468,532
49,1000,80,7.7,28,22,947,31,6,16,53,7.624419644,103,821,80.94387885,9.488167338,7.076714249,8.150646396,471,19,476,34,490,510
46,1000,80,7.7,28,101,944,33,10,13,56,8.813887215,124,866,85.29818274,11.99968716,8.263153475,9.364620955,478,22,466,34,500,500
48,1000,80,7.7,28,31,946,30,13,11,54,7.710980367,106,813,81.7383984,9.983471476,6.955242372,8.417017992,467,16,479,38,483,517
45,1000,80,7.7,28,103,952,27,16,5,48,8.676942811,134,856,85.6582174,12.19083851,8.506060461,8.859854146,495,22,457,26,517,483
47,1000,80,7.7,28,88,958,22,10,10,42,8.41911511,126,843,84.83860143,11.48855115,7.626199628,9.116642264,453,15,505,27,468,532
50,1000,80,7.7,28,16,953,27,11,9,47,7.273416276,84,829,80.77047131,9.366090573,6.615463502,7.871098567,462,14,491,33,476,524
49,1000,80,7.7,28,23,946,32,6,16,54,7.636256945,93,831,81.0162303,9.518099185,7.102199111,8.149371335,471,19,475,35,490,510
46,1000,80,7.7,28,102,943,34,10,13,57,8.867536687,122,852,85.33358967,12.01506348,8.300232548,9.434840827,477,23,466,34,500,500
45,1000,80,7.7,28,104,951,28,15,6,49,8.74335242,128,857,85.72032369,12.22599828,8.593100582,8.904180991,494,23,457,26,517,483
48,1000,80,7.7,28,32,945,31,13,11,55,7.748509131,96,808,81.74994411,10.02165265,7.026997108,8.42257162,467,16,478,39,483,517
47,1000,80,7.7,28,89,958,22,10,10,42,8.428192554,121,861,84.87896666,11.51046957,7.611953296,9.146237615,453,15,505,27,468,532
49,1000,80,7.7,28,24,946,32,6,16,54,7.63992138,100,801,81.08098581,9.552998014,7.092588292,8.165790426,471,19,475,35,490,510
46,1000,80,7.7,28,103,943,34,10,13,57,8.841587394,131,854,85.38117389,12.02704532,8.282136005,9.401038783,477,23,466,34,500,500
50,1000,80,7.7,28,17,954,26,11,9,46,7.299663866,103,790,80.79849094,9.414094935,6.654378132,7.885839456,463,13,491,33,476,524
48,1000,80,7.7,28,33,947,31,11,11,53,7.756645411,107,840,81.8348736,10.05356174,7.066655924,8.401258414,467,16,480,37,483,517
47,1000,80,7.7,28,90,958,22,10,10,42,8.434835389,103,862,84.90912885,11.55987508,7.615937749,9.155219027,453,15,505,27,468,532
50,1000,80,7.7,28,18,954,26,11,9,46,7.298648845,110,798,80.83779431,9.452775189,6.640367376,7.896629722,463,13,491,33,476,524
49,1000,80,7.7,28,25,948,32,6,14,52,7.660954486,103,807,81.16054027,9.589518841,7.143024442,8.158573548,471,19,477,33,490,510
46,1000,80,7.7,28,104,942,35,10,13,58,8.863612527,122,835,85.42213378,12.04235858,8.313932545,9.413292508,476,24,466,34,500,500
48,1000,80,7.7,28,34,947,30,12,11,53,7.806041144,101,833,81.87947242,10.07659369,7.112844393,8.453650487,467,16,480,37,483,517
47,1000,80,7.7,28,91,958,21,11,10,42,8.457472368,115,860,85.00545149,11.56141816,7.633405109,9.182403717,453,15,505,27,468,532
49,1000,80,7.7,28,26,946,33,8,13,54,7.679145919,108,811,81.16067447,9.617257566,7.173130511,8.165317585,470,20,476,34,490,510
47,1000,80,7.7,28,92,958,20,12,10,42,8.448316813,126,852,85.05897758,11.60364151,7.641085887,9.158437252,453,15,505,27,468,532
50,1000,80,7.7,28,19,953,25,13,9,47,7.347860467,93,831,80.87319094,9.485767406,6.713367057,7.924232344,463,13,490,34,476,524
48,1000,80,7.7,28,35,947,30,11,12,53,7.837819034,90,803,81.951266,10.09774932,7.15605432,8.474748157,467,16,480,37,483,517
49,1000,80,7.7,28,27,946,33,8,13,54,7.700431032,108,817,81.18844912,9.654743215,7.200985826,8.180290151,470,20,476,34,490,510
47,1000,80,7.7,28,93,956,22,12,10,44,8.470334501,123,875,85.08388002,11.63811165,7.680281818,9.165343251,453,15,503,29,468,532
48,1000,80,7.7,28,36,946,30,12,12,54,7.871361489,104,841,82.0040316,10.14056584,7.173673764,8.523166462,466,17,480,37,483,517
49,1000,80,7.7,28,28,947,34,8,11,53,7.701913911,91,809,81.2472021,9.684773004,7.24984378,8.136255801,471,19,476,34,490,510
50,1000,80,7.7,28,20,953,25,13,9,47,7.358756199,102,817,80.9162787,9.510271194,6.751264552,7.910599756,462,14,491,33,476,524
47,1000,80,7.7,28,94,959,20,11,10,41,8.462836888,113,862,85.13331305,11.66572943,7.700837362,9.133167299,454,14,505,27,468,532
49,1000,80,7.7,28,29,947,34,8,11,53,7.735480191,97,805,81.29173955,9.703475975,7.25982772,8.192479625,471,19,476,34,490,510
48,1000,80,7.7,28,37,948,30,10,12,52,7.852328801,95,835,82.02994822,10.16214763,7.19759606,8.464003682,466,17,482,35,483,517
50,1000,80,7.7,28,21,955,24,12,9,45,7.358666563,97,828,80.95737107,9.520159784,6.784878168,7.879894189,461,15,494,30,476,524
47,1000,80,7.7,28,95,959,21,11,9,41,8.477068695,109,849,85.15938493,11.67936909,7.712219835,9.149905663,454,14,505,27,468,532
48,1000,80,7.7,28,38,950,28,10,12,50,7.863348098,125,817,82.08251986,10.2024023,7.205510686,8.477923474,467,16,483,34,483,517
49,1000,80,7.7,28,30,949,32,8,11,51,7.729350052,95,823,81.3316584,9.739247393,7.214082783,8.224410761,472,18,477,33,490,510
50,1000,80,7.7,28,22,957,24,10,9,43,7.355529538,92,830,81.01358155,9.593868006,6.812210661,7.849078747,461,15,496,28,476,524
47,1000,80,7.7,28,96,959,21,11,9,41,8.510318946,117,876,85.2034274,11.71606521,7.729206295,9.197463158,454,14,505,27,468,532
49,1000,80,7.7,28,31,948,33,8,11,52,7.767880918,103,835,81.35958645,9.770723927,7.251623068,8.263893361,472,18,476,34,490,510
48,1000,80,7.7,28,39,951,27,10,12,49,7.873077819,115,815,82.14934368,10.25415386,7.223911002,8.479552814,467,16,484,33,483,517
50,1000,80,7.7,28,23,957,24,10,9,43,7.414197541,104,826,81.08028215,9.600027955,6.88671952,7.893356966,461,15,496,28,476,524
49,1000,80,7.7,28,32,947,35,7,11,53,7.77004388,103,808,81.41814773,9.789133759,7.256555705,8.263395264,471,19,476,34,490,510
47,1000,80,7.7,28,97,959,20,12,9,41,8.535517608,128,861,85.24559755,11.74035811,7.746112353,9.229956817,454,14,505,27,468,532
48,1000,80,7.7,28,40,952,27,10,11,48,7.897066681,95,821,82.19404502,10.29250037,7.273355348,8.479760246,467,16,485,32,483,517
50,1000,80,7.7,28,24,957,25,10,8,43,7.421493701,113,792,81.13490229,9.660297365,6.887042641,7.906987412,461,15,496,28,476,524
47,1000,80,7.7,28,98,959,20,12,9,41,8.565702745,120,872,85.29268406,11.75877243,7.772113455,9.263822646,454,14,505,27,468,532
49,1000,80,7.7,28,33,948,34,7,11,52,7.818719534,109,804,81.45994839,9.802514906,7.298196337,8.318830057,472,18,476,34,490,510
48,1000,80,7.7,28,41,950,29,10,11,50,7.915478188,105,807,82.24106339,10.31776567,7.277453748,8.511543573,467,16,483,34,483,517
50,1000,80,7.7,28,25,959,24,10,7,41,7.445040654,107,804,81.18754474,9.688914816,6.894376934,7.945261897,461,15,498,26,476,524
47,1000,80,7.7,28,99,960,19,12,9,40,8.585131374,110,847,85.37246788,11.79277202,7.80538982,9.271069433,454,14,506,26,468,532
49,1000,80,7.7,28,34,949,32,7,12,51,7.841419748,116,821,81.49132965,9.820260791,7.332206315,8.330664026,472,18,477,33,490,510
48,1000,80,7.7,28,42,950,29,10,11,50,7.956115858,100,848,82.26565118,10.34007583,7.312495846,8.55740883,467,16,483,34,483,517
50,1000,80,7.7,28,26,959,25,9,7,41,7.455680891,105,815,81.2174972,9.718651294,6.887626366,7.971699887,462,14,497,27,476,524
49,1000,80,7.7,28,35,951,30,7,12,49,7.850042921,102,823,81.52512221,9.842361138,7.382373275,8.29937258,472,18,479,31,490,510
47,1000,80,7.7,28,100,960,19,12,9,40,8.595421006,118,841,85.43220078,11.8251222,7.786122989,9.307359864,454,14,506,26,468,532
48,1000,80,7.7,28,43,949,30,10,11,51,7.949369505,116,827,82.30485484,10.3578964,7.303508912,8.552755707,467,16,482,35,483,517
50,1000,80,7.7,28,27,958,26,9,7,42,7.463654473,101,821,81.23496738,9.744606505,6.947936544,7.932131064,461,15,497,27,476,524
49,1000,80,7.7,28,36,951,29,8,12,49,7.878665523,110,803,81.5705933,9.856951136,7.407394019,8.331455792,472,18,479,31,490,510
47,1000,80,7.7,28,101,959,20,12,9,41,8.614280596,113,862,85.49424637,11.8437748,7.783253883,9.345334171,454,14,505,27,468,532
48,1000,80,7.7,28,44,949,30,10,11,51,7.950827142,103,827,82.34607992,10.36961285,7.308656141,8.550766396,467,16,482,35,483,517
49,1000,80,7.7,28,37,952,28,9,11,48,7.88553327,126,833,81.61393815,9.878206074,7.386239201,8.365247178,473,17,479,31,490,510
50,1000,80,7.7,28,28,958,26,9,7,42,7.507021521,91,833,81.27307329,9.77260785,6.999250443,7.968279218,461,15,497,27,476,524
47,1000,80,7.7,28,102,958,20,13,9,42,8.63097049,109,866,85.5286571,11.87856154,7.804827186,9.357728133,454,14,504,28,468,532
48,1000,80,7.7,28,45,949,31,10,10,51,8.008800323,96,839,82.36832737,10.39619978,7.383382295,8.593088345,466,17,483,34,483,517
49,1000,80,7.7,28,38,952,28,9,11,48,7.890187467,108,825,81.67317613,9.926708976,7.409762526,8.351772213,473,17,479,31,490,510
50,1000,80,7.7,28,29,958,25,10,7,42,7.526435253,92,824,81.36239871,9.820070146,6.996873307,8.007487707,461,15,497,27,476,524
48,1000,80,7.7,28,46,949,32,9,10,51,8.024654396,122,807,82.39058285,10.41591556,7.417401827,8.591971592,466,17,483,34,483,517
47,1000,80,7.7,28,103,958,20,14,8,42,8.666882026,116,863,85.5895327,11.91100003,7.868795581,9.368958071,454,14,504,28,468,532
49,1000,80,7.7,28,39,952,28,9,11,48,7.90332037,102,831,81.74302559,9.928293263,7.434538209,8.353718917,473,17,479,31,490,510
50,1000,80,7.7,28,30,959,25,9,7,41,7.527277138,97,826,81.42408161,9.880337111,7.003639651,8.002947833,461,15,498,26,476,524
48,1000,80,7.7,28,47,949,32,9,10,51,8.033758768,119,843,82.46404789,10.43583203,7.455054525,8.574405091,466,17,483,34,483,517
47,1000,80,7.7,28,104,959,21,13,7,41,8.634550252,126,853,85.63295401,11.94290357,7.897462595,9.28296571,454,14,505,27,468,532
49,1000,80,7.7,28,40,951,28,10,11,49,7.916796774,99,815,81.76273194,9.953929995,7.436593746,8.378168312,472,18,479,31,490,510
50,1000,80,7.7,28,31,959,25,9,7,41,7.579126445,101,829,81.46744151,9.933876011,7.071175605,8.040547437,461,15,498,26,476,524
49,1000,80,7.7,28,41,948,30,11,11,52,7.978524317,108,818,81.81096066,10.0037198,7.52340535,8.415795482,470,20,478,32,490,510
48,1000,80,7.7,28,48,949,32,9,10,51,8.020843907,112,845,82.51742448,10.48902507,7.465864324,8.539325799,467,16,482,35,483,517
50,1000,80,7.7,28,32,959,24,10,7,41,7.619332116,79,825,81.5107517,9.956151136,7.127779075,8.065857397,461,15,498,26,476,524
49,1000,80,7.7,28,42,947,31,11,11,53,7.995358448,102,826,81.85815321,10.02554426,7.55998106,8.413662212,470,20,477,33,490,510
48,1000,80,7.7,28,49,951,31,8,10,49,8.03126061,100,823,82.57286918,10.53815822,7.530745019,8.498860281,467,16,484,33,483,517
50,1000,80,7.7,28,33,957,26,10,7,43,7.652527802,102,828,81.543501,9.993824245,7.145411712,8.11319051,460,16,497,27,476,524
49,1000,80,7.7,28,43,948,30,11,11,52,8.015548869,101,827,81.91384704,10.0514787,7.583531355,8.430624519,470,20,478,32,490,510
48,1000,80,7.7,28,50,952,29,9,10,48,8.051755417,93,851,82.63881207,10.56061806,7.531145999,8.538127465,468,15,484,33,483,517
49,1000,80,7.7,28,44,947,30,12,11,53,8.050993214,119,815,81.98815546,10.07561296,7.637352937,8.448412303,469,21,478,32,490,510
50,1000,80,7.7,28,34,955,28,10,7,45,7.686457968,113,829,81.57451456,10.01862848,7.172728422,8.153128319,460,16,495,29,476,524
48,1000,80,7.7,28,51,953,29,8,10,47,8.054599711,100,825,82.70938982,10.58130315,7.52814165,8.546435771,469,14,484,33,483,517
49,1000,80,7.7,28,45,950,28,13,9,50,8.025801854,114,846,82.05414516,10.13835252,7.639447874,8.397004698,469,21,481,29,490,510
48,1000,80,7.7,28,52,953,29,8,10,47,8.030917406,111,842,82.77997406,10.62734886,7.522123027,8.506251419,468,15,485,32,483,517
50,1000,80,7.7,28,35,953,31,10,6,47,7.714244101,108,820,81.62919759,10.01994771,7.209562608,8.172695228,459,17,494,30,476,524
49,1000,80,7.7,28,46,951,28,12,9,49,8.031313365,106,826,82.12463174,10.15600878,7.639717661,8.407552374,469,21,482,28,490,510
48,1000,80,7.7,28,53,950,32,6,12,50,8.030520764,119,832,82.81582827,10.6610734,7.516117503,8.511094797,468,15,482,35,483,517
50,1000,80,7.7,28,36,954,30,10,6,46,7.703667159,110,832,81.69721235,10.05875595,7.169436701,8.188960475,459,17,495,29,476,524
49,1000,80,7.7,28,47,951,28,13,8,49,8.042613849,99,832,82.19717313,10.17596031,7.623805107,8.444998719,470,20,481,29,490,510
48,1000,80,7.7,28,54,951,32,6,11,49,8.030305773,118,830,82.87196874,10.68998617,7.498116844,8.527495817,468,15,483,34,483,517
50,1000,80,7.7,28,37,955,29,10,6,45,7.706856814,105,812,81.71015432,10.08467704,7.217196615,8.151662644,459,17,496,28,476,524
49,1000,80,7.7,28,48,951,27,14,8,49,8.069687326,95,835,82.25295462,10.21455417,7.6814998,8.442651811,470,20,481,29,490,510
48,1000,80,7.7,28,55,951,32,6,11,49,8.034070969,90,822,82.93135407,10.69687562,7.494599629,8.538064504,468,15,483,34,483,517
50,1000,80,7.7,28,38,954,30,10,6,46,7.718669047,99,829,81.75309608,10.10331217,7.245991538,8.148047853,458,18,496,28,476,524
49,1000,80,7.7,28,49,949,29,13,9,51,8.107615224,108,810,82.29813065,10.25839458,7.722899219,8.477244328,468,22,481,29,490,510
48,1000,80,7.7,28,56,951,32,6,11,49,8.087078642,111,821,82.98029221,10.70677576,7.554507219,8.584626025,468,15,483,34,483,517
50,1000,80,7.7,28,39,953,31,10,6,47,7.770272812,112,826,81.79948899,10.14170957,7.281868371,8.213937914,458,18,495,29,476,524
48,1000,80,7.7,28,57,952,32,5,11,48,8.068035705,129,833,83.05200397,10.74607378,7.564633014,8.53833261,468,15,484,33,483,517
49,1000,80,7.7,28,50,949,29,13,9,51,8.131839241,118,811,82.36200778,10.2815035,7.752091747,8.496694677,468,22,481,29,490,510
48,1000,80,7.7,28,58,952,33,5,10,48,8.068437812,132,828,83.15609182,10.78214674,7.549735911,8.553027789,468,15,484,33,483,517
50,1000,80,7.7,28,40,953,31,10,6,47,7.815548902,110,801,81.85638512,10.16661629,7.29268799,8.290514158,459,17,494,30,476,524
49,1000,80,7.7,28,51,949,29,13,9,51,8.139783716,83,809,82.41272944,10.30317609,7.774059876,8.491165445,468,22,481,29,490,510
48,1000,80,7.7,28,59,953,32,5,10,47,8.100201474,102,843,83.21161279,10.80042748,7.605725395,8.562158817,468,15,485,32,483,517
49,1000,80,7.7,28,52,950,29,14,7,50,8.144498041,121,852,82.45479652,10.33556804,7.770208236,8.504109815,468,22,482,28,490,510
50,1000,80,7.7,28,41,954,30,10,6,46,7.870738962,110,821,81.89979362,10.18944253,7.376716364,8.319507582,460,16,494,30,476,524
48,1000,80,7.7,28,60,953,32,5,10,47,8.131817151,123,832,83.25441742,10.83615144,7.637198293,8.593907884,468,15,485,32,483,517
49,1000,80,7.7,28,53,951,28,14,7,49,8.162321515,114,826,82.50357893,10.36725792,7.776134832,8.533363622,469,21,482,28,490,510
50,1000,80,7.7,28,42,954,30,9,7,46,7.880058787,107,833,81.9430227,10.20085362,7.380309766,8.334029272,460,16,494,30,476,524
48,1000,80,7.7,28,61,953,32,5,10,47,8.154200692,112,846,83.32337464,10.86583086,7.651295892,8.624032449,468,15,485,32,483,517
49,1000,80,7.7,28,54,950,29,14,7,50,8.176543414,89,825,82.55482415,10.42322734,7.799606746,8.538698251,468,22,482,28,490,510
50,1000,80,7.7,28,43,955,29,9,7,45,7.88360926,115,843,81.97463422,10.23164117,7.409987547,8.313845779,460,16,495,29,476,524
48,1000,80,7.7,28,62,952,33,5,10,48,8.159026337,115,841,83.38187786,10.87042212,7.648748227,8.635746505,468,15,484,33,483,517
49,1000,80,7.7,28,55,949,30,13,8,51,8.214303619,130,837,82.60174155,10.46647956,7.820005192,8.593139363,467,23,482,28,490,510
50,1000,80,7.7,28,44,956,28,9,7,44,7.880073448,102,843,82.04575632,10.23263461,7.411098518,8.306088842,460,16,496,28,476,524
48,1000,80,7.7,28,63,953,33,5,9,47,8.185064242,102,836,83.4386419,10.90133863,7.677521113,8.659229293,469,14,484,33,483,517
49,1000,80,7.7,28,56,947,31,14,8,53,8.282737925,108,824,82.67070387,10.46866061,7.891386802,8.658741945,467,23,480,30,490,510
50,1000,80,7.7,28,45,959,26,8,7,41,7.894236604,105,825,82.11620965,10.23512968,7.472738159,8.277124505,460,16,499,25,476,524
48,1000,80,7.7,28,64,952,34,5,9,48,8.188477192,122,828,83.49942571,10.97312098,7.693313099,8.651077302,469,14,483,34,483,517
49,1000,80,7.7,28,57,948,31,14,7,52,8.290643879,107,821,82.71643587,10.50650009,7.920058661,8.646696343,466,24,482,28,490,510
50,1000,80,7.7,28,46,960,25,8,7,40,7.898819557,109,839,82.21274924,10.26042448,7.495406449,8.265278793,460,16,500,24,476,524
48,1000,80,7.7,28,65,951,35,6,8,49,8.187038508,123,847,83.57652335,11.00447274,7.648803767,8.689876766,469,14,482,35,483,517
49,1000,80,7.7,28,58,948,31,14,7,52,8.326690605,100,823,82.7645367,10.52885202,7.953825826,8.684933236,466,24,482,28,490,510
50,1000,80,7.7,28,47,959,26,8,7,41,7.962259076,106,815,82.30069267,10.28333815,7.552933855,8.334088857,460,16,499,25,476,524
48,1000,80,7.7,28,66,949,37,6,8,51,8.202595004,105,835,83.61096993,11.04888563,7.685328989,8.685843526,469,14,480,37,483,517
49,1000,80,7.7,28,59,947,33,14,6,53,8.345312986,118,817,82.83060631,10.55647063,7.975912235,8.700227433,466,24,481,29,490,510
48,1000,80,7.7,28,67,946,40,6,8,54,8.25343306,119,834,83.66066382,11.06901858,7.719201476,8.752531426,468,15,478,39,483,517
50,1000,80,7.7,28,48,959,27,8,6,41,7.971264216,111,823,82.33531982,10.31128359,7.535161212,8.367418852,461,15,498,26,476,524
49,1000,80,7.7,28,60,946,34,14,6,54,8.348890194,117,829,82.88922777,10.57878347,7.956983169,8.725428317,465,25,481,29,490,510
48,1000,80,7.7,28,68,946,40,6,8,54,8.256434118,119,822,83.71206715,11.12416656,7.718594752,8.758903004,468,15,478,39,483,517
50,1000,80,7.7,28,49,957,29,8,6,43,7.972104341,108,839,82.37041503,10.34439265,7.507446546,8.394198063,461,15,496,28,476,524
49,1000,80,7.7,28,61,947,34,13,6,53,8.349022206,103,823,82.93495365,10.6137865,7.916381392,8.764696714,466,24,481,29,490,510
48,1000,80,7.7,28,69,946,41,5,8,54,8.266884554,116,870,83.77609505,11.16934228,7.743622515,8.755734777,468,15,478,39,483,517
49,1000,80,7.7,28,62,948,32,14,6,52,8.364745642,91,838,82.96024476,10.652946,7.939253521,8.773551797,466,24,482,28,490,510
50,1000,80,7.7,28,50,957,28,9,6,43,7.965210826,117,840,82.43278781,10.37628967,7.514167764,8.374936967,461,15,496,28,476,524
48,1000,80,7.7,28,70,946,41,5,8,54,8.29174227,105,858,83.8289038,11.18603558,7.784445028,8.765677605,468,15,478,39,483,517
49,1000,80,7.7,28,63,945,35,14,6,55,8.358516272,122,845,82.99496417,10.65458255,7.90815852,8.791212935,466,24,479,31,490,510
50,1000,80,7.7,28,51,957,27,9,7,43,8.022577218,121,824,82.50843261,10.42197383,7.592638787,8.413131977,461,15,496,28,476,524
48,1000,80,7.7,28,71,948,39,5,8,52,8.30440711,116,848,83.88305883,11.22244757,7.811585485,8.764818802,469,14,479,38,483,517
49,1000,80,7.7,28,64,945,36,13,6,55,8.368748477,115,833,83.03275957,10.69430359,7.916724696,8.803045836,465,25,480,30,490,510
50,1000,80,7.7,28,52,958,27,8,7,42,8.014281013,97,816,82.55025822,10.43463803,7.586580803,8.402802578,462,14,496,28,476,524
48,1000,80,7.7,28,72,947,40,5,8,53,8.360283999,113,857,83.92223394,11.23488355,7.891604806,8.798140963,468,15,479,38,483,517
49,1000,80,7.7,28,65,944,38,13,5,56,8.401583526,123,833,83.07141094,10.7237305,7.975986213,8.810490749,464,26,480,30,490,510
48,1000,80,7.7,28,73,947,40,5,8,53,8.393593421,126,863,83.96421213,11.26397965,7.942600833,8.814926922,468,15,479,38,483,517
50,1000,80,7.7,28,53,959,26,8,7,41,8.032229316,113,816,82.61642252,10.4653303,7.606526731,8.418936245,462,14,497,27,476,524
49,1000,80,7.7,28,66,942,39,14,5,58,8.456329295,102,854,83.10174825,10.78554357,8.043893161,8.852591464,462,28,480,30,490,510
48,1000,80,7.7,28,74,947,40,5,8,53,8.396870097,119,841,84.03374989,11.29946804,8.010011698,8.758287132,468,15,479,38,483,517
50,1000,80,7.7,28,54,959,26,8,7,41,8.048697909,105,827,82.63638693,10.46420714,7.640933189,8.419110136,462,14,497,27,476,524
49,1000,80,7.7,28,67,943,38,14,5,57,8.472446757,113,832,83.13739429,10.78513762,8.064925893,8.863986411,462,28,481,29,490,510
48,1000,80,7.7,28,75,947,39,6,8,53,8.434318671,105,856,84.11011162,11.35778895,8.05548681,8.788237024,468,15,479,38,483,517
49,1000,80,7.7,28,68,945,38,12,5,55,8.436504171,109,846,83.15638887,10.82078983,8.013577528,8.842845456,464,26,481,29,490,510
50,1000,80,7.7,28,55,959,26,8,7,41,8.07029235,114,835,82.65395612,10.49759621,7.677965014,8.426681304,462,14,497,27,476,524
48,1000,80,7.7,28,76,946,40,6,8,54,8.472745878,117,852,84.16393581,11.39709948,8.114406215,8.807519684,467,16,479,38,483,517
49,1000,80,7.7,28,69,942,40,13,5,58,8.457209913,130,847,83.18642353,10.86350136,8.065563272,8.833497863,463,27,479,31,490,510
50,1000,80,7.7,28,56,957,28,8,7,43,8.09597597,116,855,82.74048462,10.5522433,7.690500062,8.464309047,461,15,496,28,476,524
48,1000,80,7.7,28,77,945,41,6,8,55,8.453342343,123,844,84.21835153,11.41397805,8.082963468,8.799363613,467,16,478,39,483,517
49,1000,80,7.7,28,70,944,39,12,5,56,8.440631378,117,845,83.24962968,10.90401759,8.070584262,8.796166842,464,26,480,30,490,510
50,1000,80,7.7,28,57,957,28,8,7,43,8.121930342,114,823,82.78823308,10.57116459,7.734254921,8.47409351,461,15,496,28,476,524
48,1000,80,7.7,28,78,944,41,7,8,56,8.457683968,127,852,84.28020858,11.44736483,8.094677972,8.796817229,466,17,478,39,483,517
49,1000,80,7.7,28,71,944,38,13,5,56,8.483829438,121,829,83.32622574,10.93573652,8.122457358,8.831030063,464,26,480,30,490,510
50,1000,80,7.7,28,58,957,29,7,7,43,8.132177474,120,859,82.84300876,10.61808873,7.721362609,8.505360442,461,15,496,28,476,524
48,1000,80,7.7,28,79,944,42,7,7,56,8.447376084,109,852,84.32464941,11.46534105,8.117512699,8.755546326,465,18,479,38,483,517
49,1000,80,7.7,28,72,944,37,14,5,56,8.507240369,125,849,83.37613412,10.97904788,8.173135491,8.828243094,464,26,480,30,490,510
48,1000,80,7.7,28,80,941,44,8,7,59,8.471727256,122,845,84.38637552,11.49098344,8.124219099,8.796381879,464,19,477,40,483,517
50,1000,80,7.7,28,59,955,31,7,7,45,8.169457645,100,844,82.86695364,10.65318475,7.7986962,8.50625621,458,18,497,27,476,524
49,1000,80,7.7,28,73,944,37,13,6,56,8.484061637,103,852,83.43964075,10.99365243,8.152187673,8.802920935,465,25,479,31,490,510
48,1000,80,7.7,28,81,941,42,11,6,59,8.506669914,129,855,84.46822034,11.52048106,8.127976806,8.860458639,464,19,477,40,483,517
50,1000,80,7.7,28,60,956,30,7,7,44,8.196955916,111,832,82.93017163,10.66479625,7.827007403,8.533016014,458,18,498,26,476,524
49,1000,80,7.7,28,74,943,38,13,6,57,8.514227136,128,849,83.51209045,11.03082333,8.183879246,8.831620207,465,25,478,32,490,510
48,1000,80,7.7,28,82,941,42,11,6,59,8.496150273,129,862,84.49933775,11.55047931,8.10060981,8.865678404,464,19,477,40,483,517
50,1000,80,7.7,28,61,956,29,8,7,44,8.213140334,110,844,82.9895213,10.6933408,7.826557782,8.564310744,458,18,498,26,476,524
49,1000,80,7.7,28,75,940,39,15,6,60,8.559238003,122,842,83.54548288,11.0419922,8.218184313,8.886917039,465,25,475,35,490,510
48,1000,80,7.7,28,83,941,41,12,6,59,8.529715491,132,853,84.58308147,11.59190427,8.157792036,8.877179763,464,19,477,40,483,517
50,1000,80,7.7,28,62,955,30,8,7,45,8.254220883,114,824,83.0074477,10.70410869,7.864997305,8.607790393,457,19,498,26,476,524
49,1000,80,7.7,28,76,940,37,17,6,60,8.571457061,108,844,83.5985146,11.07795169,8.258095689,8.872529751,465,25,475,35,490,510
48,1000,80,7.7,28,84,943,40,12,5,57,8.519423234,123,849,84.6671423,11.62098175,8.151558132,8.863096046,465,18,478,39,483,517
49,1000,80,7.7,28,77,941,36,16,7,59,8.566233274,120,841,83.61792483,11.10909654,8.270451102,8.850416146,465,25,476,34,490,510
50,1000,80,7.7,28,63,955,30,8,7,45,8.283024689,109,840,83.09395186,10.74940454,7.879078341,8.649968317,458,18,497,27,476,524
48,1000,80,7.7,28,85,943,40,12,5,57,8.556369314,129,860,84.7190106,11.6488863,8.181644633,8.906450592,465,18,478,39,483,517
49,1000,80,7.7,28,78,942,36,15,7,58,8.58162692,120,864,83.66255066,11.14827927,8.292395104,8.859516311,465,25,477,33,490,510
50,1000,80,7.7,28,64,958,29,7,6,42,8.274438797,116,825,83.14454008,10.79640695,7.905978044,8.60914742,460,16,498,26,476,524
48,1000,80,7.7,28,86,944,39,12,5,56,8.55783533,136,854,84.73353119,11.67117443,8.195055256,8.896757528,465,18,479,38,483,517
49,1000,80,7.7,28,79,942,36,14,8,58,8.608334927,132,860,83.7303104,11.19118312,8.321840395,8.883594379,465,25,477,33,490,510
50,1000,80,7.7,28,65,957,30,7,6,43,8.292279039,110,842,83.19214205,10.8350145,7.950578062,8.602679163,459,17,498,26,476,524
48,1000,80,7.7,28,87,943,41,12,4,57,8.555210742,120,856,84.75690036,11.71756413,8.21402997,8.873954093,465,18,478,39,483,517
49,1000,80,7.7,28,80,941,37,14,8,59,8.632377278,133,853,83.78639008,11.21973201,8.369677156,8.884775434,464,26,477,33,490,510
48,1000,80,7.7,28,88,943,40,13,4,57,8.541078305,124,858,84.80834048,11.73379606,8.215819097,8.844947158,465,18,478,39,483,517
50,1000,80,7.7,28,66,956,31,7,6,44,8.328912822,112,859,83.22630487,10.8342989,7.999928891,8.62776082,458,18,498,26,476,524
49,1000,80,7.7,28,81,940,38,14,8,60,8.657814592,114,854,83.82376589,11.25346413,8.399409217,8.906086423,463,27,477,33,490,510
48,1000,80,7.7,28,89,943,39,14,4,57,8.552555586,126,831,84.89641252,11.80014519,8.201746102,8.880294427,465,18,478,39,483,517
50,1000,80,7.7,28,67,955,31,8,6,45,8.350207284,103,837,83.28341443,10.85342908,7.991487068,8.676067634,457,19,498,26,476,524
49,1000,80,7.7,28,82,939,39,13,9,61,8.678585501,114,835,83.87165854,11.28141563,8.427902481,8.919437814,462,28,477,33,490,510
48,1000,80,7.7,28,90,943,39,14,4,57,8.557501072,136,845,84.92063966,11.81308807,8.208218278,8.883813625,465,18,478,39,483,517
49,1000,80,7.7,28,83,939,39,13,9,61,8.712441553,110,832,83.92776483,11.31416631,8.450979198,8.963650482,462,28,477,33,490,510
50,1000,80,7.7,28,68,957,30,7,6,43,8.349214443,117,846,83.34288437,10.88102771,8.001160007,8.66538603,457,19,500,24,476,524
48,1000,80,7.7,28,91,943,39,14,4,57,8.570903909,130,838,84.99457763,11.83187713,8.217190306,8.901355882,466,17,477,40,483,517
50,1000,80,7.7,28,69,958,30,6,6,42,8.376660539,107,826,83.38430788,10.91398487,8.084790685,8.641794224,457,19,501,23,476,524
49,1000,80,7.7,28,84,940,39,13,8,60,8.690623488,129,841,83.97786286,11.33915598,8.431668613,8.939423271,463,27,477,33,490,510
48,1000,80,7.7,28,92,943,39,14,4,57,8.580488922,117,847,85.0497434,11.88183521,8.227804518,8.90997938,466,17,477,40,483,517
49,1000,80,7.7,28,85,939,40,13,8,61,8.678603673,112,855,84.01614788,11.36971542,8.456429275,8.89206535,461,29,478,32,490,510
50,1000,80,7.7,28,70,959,29,6,6,41,8.36530224,107,841,83.42825756,10.9302312,8.080738057,8.623799475,458,18,501,23,476,524
48,1000,80,7.7,28,93,942,40,14,4,58,8.555748022,139,878,85.12106288,11.91121463,8.234688478,8.855693399,466,17,476,41,483,517
49,1000,80,7.7,28,86,942,37,13,8,58,8.66462753,130,851,84.07865665,11.38958646,8.493634733,8.828914726,461,29,481,29,490,510
50,1000,80,7.7,28,71,958,30,6,6,42,8.408891392,104,846,83.49723242,10.98949939,8.135270548,8.657447731,458,18,500,24,476,524
48,1000,80,7.7,28,94,940,41,15,4,60,8.588599713,157,854,85.16262864,11.94136237,8.295864626,8.862083363,465,18,475,42,483,517
49,1000,80,7.7,28,87,943,37,12,8,57,8.684407873,119,843,84.10921319,11.40822863,8.509299714,8.852649047,461,29,482,28,490,510
50,1000,80,7.7,28,72,957,30,7,6,43,8.459339896,110,836,83.53318935,11.01970323,8.184687678,8.708833132,458,18,499,25,476,524
48,1000,80,7.7,28,95,940,41,15,4,60,8.599708591,146,869,85.21270989,11.98962135,8.299240756,8.880416452,465,18,475,42,483,517
49,1000,80,7.7,28,88,944,35,13,8,56,8.687947684,134,850,84.16381433,11.45153119,8.518619404,8.850635639,460,30,484,26,490,510
50,1000,80,7.7,28,73,957,30,7,6,43,8.46336327,115,849,83.56671941,11.08017023,8.234857482,8.670937231,457,19,500,24,476,524
48,1000,80,7.7,28,96,939,41,16,4,61,8.633122639,111,856,85.26779956,12.03371014,8.359597496,8.888659669,464,19,475,42,483,517
49,1000,80,7.7,28,89,943,36,14,7,57,8.732718691,136,848,84.2086947,11.483549,8.584531279,8.875094833,459,31,484,26,490,510
48,1000,80,7.7,28,97,941,40,15,4,59,8.622912282,125,870,85.35665026,12.07450372,8.32246895,8.903597253,465,18,476,41,483,517
50,1000,80,7.7,28,74,958,31,6,5,42,8.481234708,117,830,83.63956212,11.11636076,8.267828229,8.675092503,457,19,501,23,476,524
49,1000,80,7.7,28,90,943,36,14,7,57,8.74433385,114,853,84.25959389,11.57161955,8.59207085,8.890625752,459,31,484,26,490,510
50,1000,80,7.7,28,75,959,30,6,5,41,8.510202763,126,840,83.67536467,11.15375663,8.337074062,8.667472347,457,19,502,22,476,524
48,1000,80,7.7,28,98,941,39,16,4,59,8.588313322,109,854,85.41174428,12.11509059,8.273073542,8.882821667,465,18,476,41,483,517
49,1000,80,7.7,28,91,942,36,15,7,58,8.78306829,133,834,84.28683709,11.60050792,8.628421211,8.931650778,459,31,483,27,490,510
48,1000,80,7.7,28,99,940,39,17,4,60,8.568677931,122,859,85.46835043,12.15615489,8.278172144,8.840078888,464,19,476,41,483,517
50,1000,80,7.7,28,76,960,29,6,5,40,8.49486901,113,849,83.71433684,11.17560488,8.278814046,8.691132679,458,18,502,22,476,524
49,1000,80,7.7,28,92,941,37,15,7,59,8.805171729,124,841,84.33198918,11.61611379,8.652673699,8.951689445,458,32,483,27,490,510
48,1000,80,7.7,28,100,941,38,16,5,59,8.569527348,115,878,85.50113071,12.20235706,8.247311237,8.870553231,464,19,477,40,483,517
49,1000,80,7.7,28,93,940,38,15,7,60,8.813991313,124,858,84.39359273,11.64924217,8.675268877,8.947273653,457,33,483,27,490,510
50,1000,80,7.7,28,77,959,29,7,5,41,8.526405226,106,851,83.73170664,11.20447627,8.302351854,8.729934625,457,19,502,22,476,524
48,1000,80,7.7,28,101,942,38,15,5,58,8.596508157,143,849,85.52963688,12.24603595,8.292743372,8.880296148,464,19,478,39,483,517
49,1000,80,7.7,28,94,941,38,14,7,59,8.826585123,121,856,84.45593274,11.66933045,8.694818528,8.953184402,458,32,483,27,490,510
50,1000,80,7.7,28,78,958,30,7,5,42,8.572585499,113,846,83.79066625,11.23407495,8.317765191,8.804063488,457,19,501,23,476,524
48,1000,80,7.7,28,102,940,40,15,5,60,8.6219467,112,847,85.55675576,12.28867148,8.323080001,8.901158723,463,20,477,40,483,517
49,1000,80,7.7,28,95,941,38,14,7,59,8.848789042,123,850,84.50950251,11.70109179,8.719807103,8.972712865,458,32,483,27,490,510
50,1000,80,7.7,28,79,956,32,7,5,44,8.583621843,139,838,83.85038817,11.25852185,8.321518502,8.821715717,455,21,501,23,476,524
48,1000,80,7.7,28,103,941,39,15,5,59,8.606671599,141,852,85.56691449,12.33473537,8.331563561,8.863687426,464,19,477,40,483,517
49,1000,80,7.7,28,96,941,38,14,7,59,8.846549518,125,856,84.5617938,11.71388756,8.703163786,8.984312281,458,32,483,27,490,510
50,1000,80,7.7,28,80,956,32,7,5,44,8.573650802,131,847,83.93910055,11.2939594,8.356948146,8.770502832,455,21,501,23,476,524
48,1000,80,7.7,28,104,940,39,16,5,60,8.613165167,136,844,85.61640396,12.36547954,8.325035979,8.882345822,464,19,476,41,483,517
49,1000,80,7.7,28,97,941,38,14,7,59,8.883266135,119,856,84.64133946,11.73228751,8.71299559,9.046859404,458,32,483,27,490,510
50,1000,80,7.7,28,81,953,34,8,5,47,8.553828484,115,839,83.99620449,11.32072198,8.357681654,8.732007666,453,23,500,24,476,524
49,1000,80,7.7,28,98,939,40,14,7,61,8.883798047,122,859,84.70763324,11.75151096,8.690699061,9.069324524,457,33,482,28,490,510
50,1000,80,7.7,28,82,952,35,8,5,48,8.572955184,111,823,84.0859234,11.33370046,8.370379532,8.756974288,452,24,500,24,476,524
49,1000,80,7.7,28,99,939,41,13,7,61,8.940288551,131,842,84.75441871,11.79034391,8.733133031,9.139320325,458,32,481,29,490,510
50,1000,80,7.7,28,83,953,34,8,5,47,8.591142809,134,834,84.10135063,11.38061913,8.37134189,8.790809292,452,24,501,23,476,524
49,1000,80,7.7,28,100,938,41,14,7,62,9.005422928,118,842,84.81916944,11.82966182,8.737197196,9.263130005,458,32,480,30,490,510
50,1000,80,7.7,28,84,953,34,8,5,47,8.59482871,118,842,84.11858741,11.4283512,8.372049078,8.797201048,452,24,501,23,476,524
49,1000,80,7.7,28,101,938,41,15,6,62,9.019200972,124,848,84.86118268,11.84309787,8.780874703,9.248181112,457,33,481,29,490,510
49,1000,80,7.7,28,102,939,40,15,6,61,9.014726143,144,842,84.92282309,11.88938478,8.777464607,9.242683305,458,32,481,29,490,510
50,1000,80,7.7,28,85,952,34,8,6,48,8.615858071,116,853,84.1867735,11.45693494,8.411957785,8.801080468,451,25,501,23,476,524
49,1000,80,7.7,28,103,941,40,13,6,59,9.019876694,122,862,84.95549138,11.9149523,8.785647359,9.244920564,459,31,482,28,490,510
50,1000,80,7.7,28,86,952,33,8,7,48,8.661119091,138,857,84.23321747,11.47911646,8.463839277,8.84032747,451,25,501,23,476,524
49,1000,80,7.7,28,104,941,39,14,6,59,9.040584865,127,845,85.01068322,11.96253905,8.795480457,9.276077336,459,31,482,28,490,510
50,1000,80,7.7,28,87,952,33,8,7,48,8.687015663,123,833,84.2624457,11.50896123,8.547441522,8.813804387,451,25,501,23,476,524
50,1000,80,7.7,28,88,950,35,8,7,50,8.717740951,111,859,84.30229515,11.52565404,8.616099503,8.810071732,449,27,501,23,476,524
50,1000,80,7.7,28,89,951,33,9,7,49,8.720708043,116,848,84.31944442,11.55568713,8.651868117,8.783242022,449,27,502,22,476,524
50,1000,80,7.7,28,90,951,33,9,7,49,8.716823962,129,858,84.40144876,11.60279552,8.627813802,8.797680518,449,27,502,22,476,524
50,1000,80,7.7,28,91,950,34,10,6,50,8.73201001,125,877,84.45062236,11.64386343,8.686565847,8.773291349,448,28,502,22,476,524
50,1000,80,7.7,28,92,949,35,10,6,51,8.768450704,117,852,84.50095123,11.66380367,8.723469576,8.809311422,448,28,501,23,476,524
50,1000,80,7.7,28,93,949,35,10,6,51,8.761883417,122,863,84.56604212,11.68283205,8.687648885,8.82931784,448,28,501,23,476,524
50,1000,80,7.7,28,94,949,34,10,7,51,8.792301077,130,840,84.64334457,11.70876152,8.683156651,8.891447539,448,28,501,23,476,524
50,1000,80,7.7,28,95,950,33,10,7,50,8.820273832,144,837,84.67797629,11.73309252,8.663283163,8.962883677,449,27,501,23,476,524
50,1000,80,7.7,28,96,949,33,10,8,51,8.842820767,132,852,84.70659664,11.75559516,8.700433395,8.972165021,448,28,501,23,476,524
50,1000,80,7.7,28,97,949,32,11,8,51,8.865647514,121,840,84.76390155,11.7937481,8.720022385,8.997932937,448,28,501,23,476,524
50,1000,80,7.7,28,98,949,32,11,8,51,8.862155528,131,854,84.86601217,11.82370941,8.739721534,8.973374195,447,29,502,22,476,524
50,1000,80,7.7,28,99,948,32,11,9,52,8.863057436,133,869,84.9611766,11.84042426,8.737379567,8.977222828,448,28,500,24,476,524
50,1000,80,7.7,28,100,948,32,11,9,52,8.862658886,113,828,85.03206996,11.86540517,8.738720143,8.975244462,448,28,500,24,476,524
50,1000,80,7.7,28,101,949,31,11,9,51,8.877994829,131,854,85.07307414,11.87531539,8.765492491,8.980191608,448,28,501,23,476,524
50,1000,80,7.7,28,102,949,29,13,9,51,8.890972996,139,858,85.11960976,11.93567857,8.752659685,9.016616386,448,28,501,23,476,524
50,1000,80,7.7,28,103,946,32,13,9,54,8.908136706,115,850,85.18292148,11.94317843,8.775064439,9.029019147,445,31,501,23,476,524
50,1000,80,7.7,28,104,946,32,13,9,54,8.908287244,124,864,85.20399434,11.98274556,8.768762815,9.035030809,445,31,501,23,476,524
