[run number],initial-people,environment,healthy-treatment-chance,dep-treatment-chance,[step],"count turtles with [ severity = ""No Depression"" ]","count turtles with [ severity = ""Mild Depression"" ]","count turtles with [ severity = ""Moderate Depression"" ]","count turtles with [ severity = ""Severe Depression"" ]","count turtles with [ severity != ""No Depression"" ]",mean [ dep-score ] of turtles,count turtles with [ treatment? ],count turtles with [ talks? ],mean [ prob-of-talking ] of turtles,mean [ prob-of-treatment ] of turtles,"mean [ dep-score ] of turtles with [ gender? = ""male"" ]","mean [ dep-score ] of turtles with [ gender? = ""female"" ]","count turtles with [ severity = ""No Depression"" and gender? = ""male"" ]","count turtles with [ severity != ""No Depression"" and gender? = ""male"" ]","count turtles with [ severity = ""No Depression"" and gender? = ""female"" ]","count turtles with [ severity != ""No Depression"" and gender? = ""female"" ]","count turtles with [ gender? = ""male"" ]","count turtles with [ gender? = ""female"" ]"
2,1000,50,7.7,28,0,954,16,19,11,46,6.86,70,517,50.04469376,8.639704518,5.946954813,7.806517312,492,17,462,29,509,491
3,1000,50,7.7,28,0,945,28,15,12,55,7.246,98,504,49.81605309,8.778724758,6.39,8.102,481,19,464,36,500,500
5,1000,50,7.7,28,0,945,27,10,18,55,7.203,98,519,50.13805163,8.778025917,6.383673469,7.990196078,472,18,473,37,490,510
7,1000,50,7.7,28,0,940,34,10,16,60,7.16,109,484,49.96295015,8.863775664,6.374493927,7.92687747,472,22,468,38,494,506
6,1000,50,7.7,28,0,940,29,13,18,60,7.355,92,487,49.92424338,8.926116858,6.596348884,8.09270217,470,23,470,37,493,507
8,1000,50,7.7,28,0,944,27,18,11,56,7.28,81,490,49.94115428,8.741363196,6.675944334,7.891348089,483,20,461,36,503,497
4,1000,50,7.7,28,0,942,28,15,15,58,7.342,89,518,49.87549705,8.958684703,6.226993865,8.409001957,475,14,467,44,489,511
1,1000,50,7.7,28,0,945,29,14,12,55,7.206,95,485,50.30580704,8.80530312,6.481557377,7.896484375,475,13,470,42,488,512
3,1000,50,7.7,28,1,946,27,15,12,54,7.244929861,90,529,49.86941366,8.778035646,6.384066687,8.105793035,481,19,465,35,500,500
2,1000,50,7.7,28,1,952,18,19,11,48,6.88578826,105,520,50.09331435,8.644819609,5.978728468,7.826100754,491,18,461,30,509,491
8,1000,50,7.7,28,1,944,27,18,11,56,7.298498905,81,490,49.95347065,8.752927761,6.682734768,7.921696814,483,20,461,36,503,497
4,1000,50,7.7,28,1,944,27,14,15,56,7.404387136,103,502,49.90598665,8.975411406,6.275242447,8.484918942,477,12,467,44,489,511
6,1000,50,7.7,28,1,942,28,12,18,58,7.384593173,92,488,49.98557217,8.955835814,6.652911203,8.096070907,471,22,471,36,493,507
1,1000,50,7.7,28,1,945,27,16,12,55,7.22376389,96,498,50.34719604,8.836220414,6.484921494,7.927973048,475,13,470,42,488,512
5,1000,50,7.7,28,1,944,26,12,18,56,7.23367321,97,508,50.17456653,8.792712262,6.391837715,8.042495548,472,18,472,38,490,510
3,1000,50,7.7,28,2,948,26,15,11,52,7.21982417,82,475,49.91986589,8.79675097,6.351286441,8.0883619,482,18,466,34,500,500
7,1000,50,7.7,28,1,939,35,10,16,61,7.160050453,85,510,50.01646403,8.88106153,6.379248041,7.922335811,472,22,467,39,494,506
2,1000,50,7.7,28,2,952,19,18,11,48,6.901640335,85,475,50.12322846,8.674008564,6.027800242,7.807515298,491,18,461,30,509,491
8,1000,50,7.7,28,2,946,27,17,10,54,7.29014931,76,520,49.9948593,8.766394252,6.716572193,7.870650898,483,20,463,34,503,497
4,1000,50,7.7,28,2,946,25,14,15,54,7.416190006,96,517,49.95074384,8.989619546,6.310013691,8.474742291,478,11,468,43,489,511
6,1000,50,7.7,28,2,942,27,13,18,58,7.405027533,112,506,49.99769088,8.972710099,6.649335528,8.139852303,472,21,470,37,493,507
5,1000,50,7.7,28,2,944,26,13,17,56,7.25612287,94,511,50.191575,8.834592649,6.447479333,8.033054897,472,18,472,38,490,510
3,1000,50,7.7,28,3,947,27,15,11,53,7.209389158,111,488,49.95014585,8.825567537,6.325265443,8.093512874,482,18,465,35,500,500
7,1000,50,7.7,28,2,938,35,11,16,62,7.19879493,104,499,50.02528319,8.909590904,6.422406605,7.956770883,472,22,466,40,494,506
1,1000,50,7.7,28,2,946,26,14,14,54,7.244776022,100,497,50.35324205,8.841466387,6.512494528,7.942731822,475,13,471,41,488,512
8,1000,50,7.7,28,3,948,26,16,10,52,7.318771068,97,496,49.97963009,8.789827036,6.719664612,7.925110197,484,19,464,33,503,497
2,1000,50,7.7,28,3,955,18,17,10,45,6.88555289,85,498,50.14953427,8.698071139,5.991444758,7.812438916,493,16,462,29,509,491
4,1000,50,7.7,28,3,948,23,14,15,52,7.404869195,93,491,49.97365772,9.008800751,6.314060019,8.44871594,478,11,470,41,489,511
6,1000,50,7.7,28,3,943,26,13,18,57,7.417616806,89,535,50.03532332,8.977486713,6.652593522,8.161515186,473,20,470,37,493,507
5,1000,50,7.7,28,3,945,26,12,17,55,7.279013244,94,533,50.23686146,8.851943881,6.476128527,8.050412286,472,18,473,37,490,510
3,1000,50,7.7,28,4,948,26,15,11,52,7.212696841,92,518,49.99604871,8.858847874,6.366455002,8.05893868,482,18,466,34,500,500
7,1000,50,7.7,28,3,937,36,11,16,63,7.233891816,102,529,50.04688158,8.918944218,6.497201203,7.953111506,471,23,466,40,494,506
1,1000,50,7.7,28,3,947,25,13,15,53,7.310141146,89,567,50.40170745,8.853224458,6.607560546,7.979788281,475,13,472,40,488,512
8,1000,50,7.7,28,4,949,25,16,10,51,7.32500048,78,493,50.03111217,8.795774605,6.726442069,7.930784949,485,18,464,33,503,497
2,1000,50,7.7,28,4,955,18,17,10,45,6.9010367,85,515,50.19099098,8.72345712,5.989295222,7.84620251,493,16,462,29,509,491
4,1000,50,7.7,28,4,948,23,14,15,52,7.446054646,90,488,50.01292496,9.029430012,6.420353241,8.427596695,478,11,470,41,489,511
6,1000,50,7.7,28,4,943,25,14,18,57,7.441693373,96,540,50.05733051,8.994386658,6.688126819,8.174451382,473,20,470,37,493,507
5,1000,50,7.7,28,4,946,27,12,15,54,7.30689552,84,483,50.27262569,8.863936833,6.471922292,8.1091247,473,17,473,37,490,510
3,1000,50,7.7,28,5,949,26,14,11,51,7.235844395,104,499,50.02376505,8.90204273,6.368264552,8.103424237,483,17,466,34,500,500
7,1000,50,7.7,28,4,939,35,9,17,61,7.254908695,99,498,50.07973467,8.94260975,6.501569743,7.9903819,472,22,467,39,494,506
1,1000,50,7.7,28,4,946,26,13,15,54,7.353899011,96,515,50.42920188,8.876086915,6.636612856,8.037562378,475,13,471,41,488,512
8,1000,50,7.7,28,5,948,26,17,9,52,7.369008128,92,494,50.07150769,8.811610485,6.771200017,7.974033238,485,18,463,34,503,497
2,1000,50,7.7,28,5,955,19,16,10,45,6.943088277,86,491,50.22765634,8.734738792,6.014847771,7.905357966,493,16,462,29,509,491
4,1000,50,7.7,28,5,950,23,12,15,50,7.4495974,90,512,50.04193551,9.057330828,6.443317918,8.412553694,478,11,472,39,489,511
5,1000,50,7.7,28,5,947,27,12,14,53,7.322790781,93,512,50.30127581,8.891720947,6.499655656,8.113646096,473,17,474,36,490,510
6,1000,50,7.7,28,5,942,26,14,18,58,7.489781119,99,513,50.10421135,9.030758983,6.756089358,8.203213148,472,21,470,37,493,507
3,1000,50,7.7,28,6,950,26,13,11,50,7.241915559,97,502,50.0951791,8.908507372,6.439714895,8.044116223,483,17,467,33,500,500
7,1000,50,7.7,28,5,940,34,9,17,60,7.299250126,89,496,50.11881928,8.94669873,6.55560133,8.025262981,472,22,468,38,494,506
1,1000,50,7.7,28,5,946,26,13,15,54,7.404352607,91,524,50.4908122,8.898115963,6.679644018,8.095090482,475,13,471,41,488,512
8,1000,50,7.7,28,6,949,26,17,8,51,7.358416123,97,471,50.08795956,8.817558003,6.79716914,7.926438723,485,18,464,33,503,497
2,1000,50,7.7,28,6,954,21,15,10,46,6.931711475,91,505,50.28671623,8.770282601,6.010059777,7.887150811,492,17,462,29,509,491
4,1000,50,7.7,28,6,950,22,13,15,50,7.466476088,91,514,50.05332648,9.07473897,6.459296185,8.430294038,478,11,472,39,489,511
7,1000,50,7.7,28,6,940,34,9,17,60,7.334648856,90,494,50.15047808,8.961210554,6.561362377,8.089596526,472,22,468,38,494,506
5,1000,50,7.7,28,6,947,26,13,14,53,7.351453014,80,506,50.35155329,8.915099683,6.523826402,8.146623679,474,16,473,37,490,510
6,1000,50,7.7,28,6,943,26,13,18,57,7.523026873,95,506,50.12305486,9.049959781,6.825041454,8.201738533,472,21,471,36,493,507
3,1000,50,7.7,28,7,951,25,13,11,49,7.289007626,97,500,50.13065022,8.926650242,6.482141023,8.09587423,484,16,467,33,500,500
1,1000,50,7.7,28,6,947,26,12,15,53,7.44690496,75,501,50.50707356,8.938794636,6.718288416,8.141367604,475,13,472,40,488,512
2,1000,50,7.7,28,7,953,22,15,10,47,6.946650845,101,532,50.36291976,8.777629933,6.02459606,7.902508045,492,17,461,30,509,491
8,1000,50,7.7,28,7,948,27,17,8,52,7.379265829,93,499,50.10947283,8.853288418,6.8057194,7.959736359,485,18,463,34,503,497
5,1000,50,7.7,28,7,947,26,12,15,53,7.408717156,88,532,50.3748017,8.950207711,6.563895893,8.220408173,475,15,472,38,490,510
7,1000,50,7.7,28,7,940,34,9,17,60,7.337178515,104,518,50.19353259,8.956406154,6.545411642,8.110168309,472,22,468,38,494,506
6,1000,50,7.7,28,7,945,24,12,19,55,7.532844767,79,514,50.15004645,9.06885407,6.878138642,8.169472222,471,22,474,33,493,507
4,1000,50,7.7,28,7,950,22,13,15,50,7.476775954,109,477,50.07456617,9.083809506,6.460385283,8.449408123,478,11,472,39,489,511
3,1000,50,7.7,28,8,955,22,12,11,45,7.26746907,81,511,50.17637276,8.926163878,6.466933954,8.068004186,485,15,470,30,500,500
1,1000,50,7.7,28,7,950,25,11,14,50,7.42979219,90,501,50.5440775,8.975179219,6.728109608,8.098583401,476,12,474,38,488,512
2,1000,50,7.7,28,8,953,22,15,10,47,6.955154954,98,550,50.41505614,8.802387242,6.032689764,7.911437604,492,17,461,30,509,491
7,1000,50,7.7,28,8,940,33,10,17,60,7.359133069,108,507,50.24318993,8.989546121,6.543961735,8.154972278,472,22,468,38,494,506
5,1000,50,7.7,28,8,946,28,13,13,54,7.423379369,100,528,50.43692486,8.963925,6.616180138,8.198923728,475,15,471,39,490,510
8,1000,50,7.7,28,8,949,27,18,6,51,7.404560586,106,498,50.13884689,8.873993855,6.858502333,7.957211093,485,18,464,33,503,497
6,1000,50,7.7,28,8,946,24,12,18,54,7.573755444,92,469,50.16318566,9.081445468,6.96526046,8.165447806,471,22,475,32,493,507
4,1000,50,7.7,28,8,950,23,12,15,50,7.478400911,88,519,50.08899809,9.101383533,6.451579002,8.461015223,479,10,471,40,489,511
3,1000,50,7.7,28,9,956,20,12,12,44,7.287967885,81,517,50.19244806,8.950214197,6.512143216,8.063792553,484,16,472,28,500,500
1,1000,50,7.7,28,8,952,25,10,13,48,7.433213475,103,522,50.61848994,8.992353428,6.770806482,8.064570142,476,12,476,36,488,512
5,1000,50,7.7,28,9,950,25,12,13,50,7.417890031,87,501,50.47672916,8.989936706,6.62684043,8.177918079,477,13,473,37,490,510
7,1000,50,7.7,28,9,941,32,10,17,59,7.415721605,91,492,50.27173379,9.025602745,6.559022751,8.25210349,473,21,468,38,494,506
2,1000,50,7.7,28,9,954,22,14,10,46,6.984154683,95,522,50.44710281,8.817515829,6.055878552,7.946461304,493,16,461,30,509,491
4,1000,50,7.7,28,9,949,24,12,15,51,7.501408973,93,521,50.11732138,9.112230689,6.507338441,8.452681948,478,11,471,40,489,511
8,1000,50,7.7,28,9,950,26,18,6,50,7.429485697,81,489,50.15660749,8.904754933,6.907875418,7.957393082,485,18,465,32,503,497
6,1000,50,7.7,28,9,947,23,11,19,53,7.607362747,91,491,50.19751519,9.104881075,7.047897287,8.151379457,471,22,476,31,493,507
3,1000,50,7.7,28,10,955,23,12,10,45,7.299869765,75,495,50.24479242,8.978972778,6.531591413,8.068148117,484,16,471,29,500,500
5,1000,50,7.7,28,10,950,25,12,13,50,7.430477603,94,508,50.51613015,8.989646639,6.669780467,8.16134348,476,14,474,36,490,510
7,1000,50,7.7,28,10,942,31,10,17,58,7.446825869,98,486,50.29928695,9.030854231,6.545811124,8.326472675,475,19,467,39,494,506
1,1000,50,7.7,28,9,952,24,11,13,48,7.438729481,100,491,50.65676409,9.029582706,6.788889172,8.058108526,476,12,476,36,488,512
2,1000,50,7.7,28,10,956,21,13,10,44,7.001474831,103,510,50.48985085,8.827082193,6.118124514,7.917208663,494,15,462,29,509,491
4,1000,50,7.7,28,10,949,22,13,16,51,7.531412006,106,520,50.19012913,9.14266091,6.512323139,8.506626206,478,11,471,40,489,511
8,1000,50,7.7,28,10,950,26,18,6,50,7.422806194,104,531,50.18873516,8.907369227,6.899975421,7.951948808,485,18,465,32,503,497
3,1000,50,7.7,28,11,956,23,11,10,44,7.343728575,95,502,50.28709563,8.987851306,6.578690354,8.108766796,485,15,471,29,500,500
6,1000,50,7.7,28,10,947,23,11,19,53,7.623472492,93,506,50.21063577,9.11968395,7.062231976,8.169215242,471,22,476,31,493,507
5,1000,50,7.7,28,11,953,25,10,12,47,7.443085982,92,513,50.55632427,8.998007681,6.743065086,8.115655078,476,14,477,33,490,510
7,1000,50,7.7,28,11,941,32,10,17,59,7.475983634,103,502,50.34679386,9.061379772,6.599266266,8.331909286,475,19,466,40,494,506
2,1000,50,7.7,28,11,956,22,12,10,44,7.041166714,95,499,50.52134625,8.848617998,6.157443426,7.957287189,494,15,462,29,509,491
4,1000,50,7.7,28,11,949,22,13,16,51,7.566055651,104,510,50.221059,9.138773602,6.539878006,8.548053436,478,11,471,40,489,511
1,1000,50,7.7,28,10,954,23,11,12,46,7.438469876,93,509,50.70477208,9.051442137,6.766458656,8.07898057,478,10,476,36,488,512
6,1000,50,7.7,28,11,948,22,11,19,52,7.638362075,81,529,50.24812708,9.142382377,7.101582116,8.160319708,471,22,477,30,493,507
3,1000,50,7.7,28,12,956,22,13,9,44,7.388074514,82,508,50.31708019,9.0069468,6.591434465,8.184714563,485,15,471,29,500,500
8,1000,50,7.7,28,11,950,26,18,6,50,7.449472402,98,521,50.23475222,8.951412521,6.914550337,7.990852279,485,18,465,32,503,497
5,1000,50,7.7,28,12,953,26,10,11,47,7.472123136,90,520,50.58762929,9.014215264,6.736624745,8.178778453,477,13,476,34,490,510
7,1000,50,7.7,28,12,941,33,10,16,59,7.496442994,95,537,50.39545478,9.064315763,6.650311097,8.322508522,475,19,466,40,494,506
2,1000,50,7.7,28,12,955,23,12,10,45,7.052645207,112,512,50.54294739,8.872047288,6.172282094,7.965282324,493,16,462,29,509,491
4,1000,50,7.7,28,12,947,23,14,16,53,7.601330646,99,491,50.27283365,9.168309224,6.555991413,8.601665059,478,11,469,42,489,511
6,1000,50,7.7,28,12,948,23,10,19,52,7.652176827,95,499,50.26598514,9.155114982,7.115858812,8.173685272,472,21,476,31,493,507
3,1000,50,7.7,28,13,957,22,13,8,43,7.380557558,93,477,50.36921752,9.040869123,6.605694258,8.155420858,486,14,471,29,500,500
1,1000,50,7.7,28,11,954,24,9,13,46,7.45969598,105,502,50.73868304,9.083927423,6.790850953,8.097188896,479,9,475,37,488,512
8,1000,50,7.7,28,12,952,26,16,6,48,7.486177425,93,516,50.25715918,8.960906384,6.912766579,8.066510735,486,17,466,31,503,497
5,1000,50,7.7,28,13,956,23,10,11,44,7.472264655,88,518,50.61663608,9.037038063,6.71036169,8.204289073,479,11,477,33,490,510
7,1000,50,7.7,28,13,941,33,10,16,59,7.517850411,96,486,50.40993397,9.073806205,6.67136245,8.344263558,475,19,466,40,494,506
2,1000,50,7.7,28,13,955,24,11,10,45,7.077422608,85,494,50.57302705,8.88026415,6.218534876,7.967797059,494,15,461,30,509,491
4,1000,50,7.7,28,13,946,24,14,16,54,7.638368028,85,507,50.33084529,9.181512522,6.630871921,8.602488569,477,12,469,42,489,511
3,1000,50,7.7,28,14,960,20,12,8,40,7.347179741,98,531,50.39154749,9.025990968,6.599529155,8.094830327,486,14,474,26,500,500
6,1000,50,7.7,28,13,947,24,10,19,53,7.682805202,104,513,50.29326025,9.166505497,7.191821105,8.160231553,472,21,475,32,493,507
8,1000,50,7.7,28,13,952,27,13,8,48,7.541041668,81,508,50.32811075,8.968533339,6.9912353,8.097485538,486,17,466,31,503,497
1,1000,50,7.7,28,12,956,23,8,13,44,7.455154698,101,514,50.76449819,9.112053716,6.782663106,8.096123246,479,9,477,35,488,512
5,1000,50,7.7,28,14,955,23,10,12,45,7.482435345,102,500,50.66663685,9.057057504,6.697843296,8.236259079,479,11,476,34,490,510
7,1000,50,7.7,28,14,941,33,10,16,59,7.516831066,100,512,50.44325458,9.094353675,6.67725272,8.336498462,475,19,466,40,494,506
4,1000,50,7.7,28,14,948,24,12,16,52,7.649316924,112,484,50.35279213,9.19585464,6.661131016,8.594958625,478,11,470,41,489,511
2,1000,50,7.7,28,14,955,24,10,11,45,7.131412938,96,511,50.59031715,8.895526845,6.260609464,8.034139962,494,15,461,30,509,491
3,1000,50,7.7,28,15,960,19,13,8,40,7.388394055,83,492,50.42056389,9.050949982,6.61649859,8.16028952,486,14,474,26,500,500
6,1000,50,7.7,28,14,948,24,10,18,52,7.681113776,97,488,50.28635412,9.183521808,7.172513025,8.175670326,473,20,475,32,493,507
8,1000,50,7.7,28,14,953,27,12,8,47,7.565702576,100,489,50.39806982,8.986761213,7.022465987,8.115497353,488,15,465,32,503,497
1,1000,50,7.7,28,13,957,22,8,13,43,7.434332295,101,523,50.78914824,9.129630335,6.734893961,8.100984458,479,9,478,34,488,512
5,1000,50,7.7,28,15,957,23,9,11,43,7.491511985,105,518,50.70075583,9.085951631,6.712477255,8.239996333,479,11,478,32,490,510
4,1000,50,7.7,28,15,948,24,12,16,52,7.677429256,96,530,50.37587803,9.230384946,6.710624691,8.602610141,478,11,470,41,489,511
7,1000,50,7.7,28,15,942,30,11,17,58,7.554190641,106,498,50.47317708,9.109681857,6.688777145,8.399080496,475,19,467,39,494,506
2,1000,50,7.7,28,15,954,25,10,11,46,7.17500837,88,518,50.6301085,8.90798232,6.324563486,8.056630461,493,16,461,30,509,491
3,1000,50,7.7,28,16,961,18,13,8,39,7.409640505,94,511,50.4463898,9.076733912,6.659086777,8.160194233,486,14,475,25,500,500
6,1000,50,7.7,28,15,946,26,10,18,54,7.716278697,102,500,50.29937961,9.1904947,7.224385448,8.194589094,473,20,473,34,493,507
8,1000,50,7.7,28,15,951,29,12,8,49,7.614592971,104,494,50.4341154,8.998118693,7.067479744,8.168311186,486,17,465,32,503,497
5,1000,50,7.7,28,16,958,24,7,11,42,7.52679148,104,519,50.71240254,9.107667735,6.816475794,8.20925165,478,12,480,30,490,510
1,1000,50,7.7,28,14,958,22,7,13,42,7.460494878,93,547,50.8289807,9.143768984,6.77218095,8.11654409,479,9,479,33,488,512
4,1000,50,7.7,28,16,948,24,12,16,52,7.674312471,103,488,50.40278417,9.243062319,6.709221135,8.597853886,478,11,470,41,489,511
2,1000,50,7.7,28,16,953,26,9,12,47,7.22459721,84,536,50.66969633,8.9264409,6.362529943,8.118267758,493,16,460,31,509,491
7,1000,50,7.7,28,16,943,30,11,16,57,7.612591205,98,510,50.4924572,9.130519961,6.769668257,8.435523886,475,19,468,38,494,506
3,1000,50,7.7,28,17,959,20,13,8,41,7.456753543,108,497,50.51302895,9.093100843,6.730817361,8.182689725,484,16,475,25,500,500
6,1000,50,7.7,28,16,945,27,10,18,55,7.744130529,88,511,50.33849396,9.208421579,7.275690764,8.199635075,473,20,472,35,493,507
8,1000,50,7.7,28,16,951,30,11,8,49,7.63542033,103,502,50.46972449,9.010022788,7.08218752,8.195332008,486,17,465,32,503,497
5,1000,50,7.7,28,17,960,24,6,10,40,7.551008329,96,517,50.74796693,9.126772343,6.873380269,8.202062739,478,12,482,28,490,510
1,1000,50,7.7,28,15,958,22,7,13,42,7.501589145,96,552,50.85720551,9.148895737,6.813746541,8.157189127,479,9,479,33,488,512
4,1000,50,7.7,28,17,947,25,12,16,53,7.700352435,106,511,50.45856489,9.300256012,6.758857332,8.601313503,477,12,470,41,489,511
2,1000,50,7.7,28,17,953,27,9,11,47,7.20741343,105,525,50.70757248,8.953530003,6.375109138,8.070229896,493,16,460,31,509,491
7,1000,50,7.7,28,17,941,32,11,16,59,7.624270411,93,510,50.51006208,9.14557311,6.781299062,8.447250345,475,19,466,40,494,506
3,1000,50,7.7,28,18,961,17,14,8,39,7.45897179,102,501,50.55172938,9.122259979,6.708292748,8.209650832,486,14,475,25,500,500
6,1000,50,7.7,28,17,945,26,9,20,55,7.767797831,118,520,50.3721375,9.22455597,7.291060169,8.23137114,473,20,472,35,493,507
5,1000,50,7.7,28,18,960,24,6,10,40,7.598557132,97,520,50.76606333,9.150538913,6.897220861,8.27239002,478,12,482,28,490,510
8,1000,50,7.7,28,17,950,32,10,8,50,7.687773637,103,495,50.49960261,9.020236132,7.158681692,8.223253009,485,18,465,32,503,497
1,1000,50,7.7,28,16,956,24,7,13,44,7.551416305,100,517,50.87918876,9.193805931,6.876268996,8.194916084,478,10,478,34,488,512
4,1000,50,7.7,28,18,949,24,11,16,51,7.676636016,97,516,50.5150297,9.34032569,6.760269824,8.553550043,477,12,472,39,489,511
2,1000,50,7.7,28,18,953,27,9,11,47,7.198452791,104,518,50.72957834,8.989908116,6.379933986,8.046978396,493,16,460,31,509,491
7,1000,50,7.7,28,18,943,31,11,15,57,7.602043975,93,504,50.52686249,9.162744683,6.781957981,8.40268129,476,18,467,39,494,506
3,1000,50,7.7,28,19,961,17,14,8,39,7.504868671,85,521,50.5748151,9.148941619,6.754467205,8.255270136,486,14,475,25,500,500
6,1000,50,7.7,28,18,946,24,10,20,54,7.789758067,96,515,50.40286154,9.249553568,7.291810658,8.273955448,474,19,472,35,493,507
5,1000,50,7.7,28,19,963,22,6,9,37,7.62562033,94,490,50.81137385,9.155225643,6.882099552,8.33998343,480,10,483,27,490,510
8,1000,50,7.7,28,18,950,31,11,8,50,7.71022915,99,522,50.48313591,9.054170468,7.180023987,8.246835181,485,18,465,32,503,497
4,1000,50,7.7,28,19,949,24,11,16,51,7.679813796,107,490,50.54226404,9.350584534,6.756061481,8.563795953,477,12,472,39,489,511
1,1000,50,7.7,28,17,956,24,7,13,44,7.564392746,106,525,50.91292384,9.220501836,6.888037449,8.209043888,479,9,477,35,488,512
2,1000,50,7.7,28,19,954,27,8,11,46,7.211821124,94,507,50.74815633,9.000739234,6.410507166,8.042511154,493,16,461,30,509,491
7,1000,50,7.7,28,19,944,30,12,14,56,7.609332776,100,526,50.5530614,9.221325051,6.765815381,8.432845806,476,18,468,38,494,506
3,1000,50,7.7,28,20,962,16,14,8,38,7.527839922,107,493,50.6074625,9.17665452,6.787089393,8.26859045,487,13,475,25,500,500
5,1000,50,7.7,28,20,963,23,6,8,37,7.646923148,99,518,50.84931471,9.165481623,6.92175177,8.343656432,480,10,483,27,490,510
6,1000,50,7.7,28,19,946,24,11,19,54,7.773981435,109,508,50.41672104,9.237946072,7.281461493,8.25290122,474,19,472,35,493,507
8,1000,50,7.7,28,19,950,32,11,7,50,7.759353077,85,514,50.52267922,9.074363112,7.214710798,8.310570513,486,17,464,33,503,497
4,1000,50,7.7,28,20,949,24,11,16,51,7.694729909,113,524,50.59508784,9.376034637,6.758557755,8.590597196,478,11,471,40,489,511
2,1000,50,7.7,28,20,953,28,8,11,47,7.25995066,110,528,50.75392948,9.033311662,6.480948874,8.067510557,492,17,461,30,509,491
3,1000,50,7.7,28,21,963,16,12,9,37,7.567880836,104,512,50.68654657,9.190924497,6.872553034,8.263208639,487,13,476,24,500,500
7,1000,50,7.7,28,20,946,31,10,13,54,7.587697046,101,485,50.58056288,9.257123484,6.773623106,8.382464884,476,18,470,36,494,506
1,1000,50,7.7,28,18,956,24,7,13,44,7.598198724,89,506,50.94968651,9.230655088,6.92009684,8.244514583,479,9,477,35,488,512
5,1000,50,7.7,28,21,964,22,6,8,36,7.676417875,83,509,50.89319453,9.189519652,6.935583514,8.388199908,480,10,484,26,490,510
6,1000,50,7.7,28,20,946,26,10,18,54,7.788019618,91,534,50.42631853,9.246598427,7.294398192,8.268010471,474,19,472,35,493,507
8,1000,50,7.7,28,20,950,32,11,7,50,7.800106158,95,503,50.55992941,9.111992961,7.27688039,8.329648536,486,17,464,33,503,497
4,1000,50,7.7,28,21,949,24,11,16,51,7.719840724,97,510,50.62549342,9.405362667,6.799077298,8.600962672,478,11,471,40,489,511
2,1000,50,7.7,28,21,954,25,10,11,46,7.286717542,82,542,50.77887393,9.047757231,6.512391983,8.089429782,492,17,462,29,509,491
3,1000,50,7.7,28,22,964,16,11,9,36,7.565387733,101,517,50.69626483,9.227360066,6.89558321,8.235192255,487,13,477,23,500,500
7,1000,50,7.7,28,21,946,31,10,13,54,7.588271379,83,517,50.63254425,9.271981175,6.7762837,8.381002434,476,18,470,36,494,506
5,1000,50,7.7,28,22,964,22,6,8,36,7.702484164,101,505,50.93791712,9.185772108,6.962730409,8.413227967,480,10,484,26,490,510
1,1000,50,7.7,28,19,958,22,7,13,42,7.612509846,103,512,51.00195714,9.260440724,6.916196855,8.276183165,479,9,479,33,488,512
6,1000,50,7.7,28,21,946,26,10,18,54,7.779191504,90,503,50.44450123,9.260201866,7.317701427,8.227938266,473,20,473,34,493,507
8,1000,50,7.7,28,21,953,30,10,7,47,7.802781138,91,507,50.59894474,9.13086319,7.312459839,8.299021808,486,17,467,30,503,497
4,1000,50,7.7,28,22,948,25,11,16,52,7.742810379,92,522,50.64799981,9.422026552,6.796511972,8.648367954,478,11,470,41,489,511
2,1000,50,7.7,28,22,954,25,10,11,46,7.303212627,80,494,50.80800204,9.061427017,6.534740919,8.099856414,492,17,462,29,509,491
3,1000,50,7.7,28,23,964,17,11,8,36,7.58936926,93,475,50.72149218,9.268176956,6.930478792,8.248259727,487,13,477,23,500,500
5,1000,50,7.7,28,23,964,21,7,8,36,7.721515857,106,493,50.96713628,9.214716884,6.979614112,8.434323415,480,10,484,26,490,510
7,1000,50,7.7,28,22,946,32,10,12,54,7.607734571,95,496,50.67666775,9.288486269,6.83423853,8.362886831,476,18,470,36,494,506
6,1000,50,7.7,28,22,949,25,8,18,51,7.783705213,99,519,50.50083744,9.291558109,7.288004955,8.265717495,476,17,473,34,493,507
1,1000,50,7.7,28,20,958,21,8,13,42,7.613240172,106,506,51.0167981,9.264059499,6.874187448,8.317649799,479,9,479,33,488,512
8,1000,50,7.7,28,22,955,28,10,7,45,7.829121337,100,505,50.64014449,9.168421408,7.344803434,8.319286136,487,16,468,29,503,497
4,1000,50,7.7,28,23,950,24,11,15,50,7.740784602,102,521,50.67612536,9.435885912,6.835999233,8.606616394,478,11,472,39,489,511
2,1000,50,7.7,28,23,954,24,11,11,46,7.333596237,115,515,50.84873793,9.080502602,6.579873613,8.114950239,491,18,463,28,509,491
3,1000,50,7.7,28,24,964,17,11,8,36,7.620426932,112,502,50.73813621,9.28864555,6.984023391,8.256830472,487,13,477,23,500,500
5,1000,50,7.7,28,24,965,20,7,8,35,7.711028271,105,514,50.98399584,9.23403164,6.962677394,8.430032054,480,10,485,25,490,510
7,1000,50,7.7,28,23,949,29,10,12,51,7.626374368,113,483,50.71389181,9.334627081,6.831087505,8.402800674,479,15,470,36,494,506
6,1000,50,7.7,28,23,949,24,9,18,51,7.816352539,110,510,50.54603468,9.333973402,7.294190134,8.324096259,477,16,472,35,493,507
1,1000,50,7.7,28,21,958,21,8,13,42,7.648031344,94,531,51.07034601,9.254829456,6.948381232,8.314885356,479,9,479,33,488,512
8,1000,50,7.7,28,23,954,30,10,6,46,7.839649884,93,490,50.65337177,9.195960349,7.360925394,8.324153744,486,17,468,29,503,497
4,1000,50,7.7,28,24,950,24,11,15,50,7.742886116,103,523,50.70633097,9.472825072,6.843495524,8.60355539,478,11,472,39,489,511
3,1000,50,7.7,28,25,963,18,11,8,37,7.672417,104,531,50.80402117,9.29788615,7.001352358,8.343481642,487,13,476,24,500,500
2,1000,50,7.7,28,24,955,24,10,11,45,7.349087237,114,490,50.8844262,9.09272538,6.622577702,8.102230523,491,18,464,27,509,491
5,1000,50,7.7,28,25,966,19,7,8,34,7.712759436,101,528,51.01894131,9.253130298,6.986666099,8.410378525,480,10,486,24,490,510
7,1000,50,7.7,28,24,949,31,10,10,51,7.655885297,96,526,50.72635326,9.353808179,6.877072192,8.416228527,479,15,470,36,494,506
6,1000,50,7.7,28,24,948,25,9,18,52,7.834823066,93,526,50.54412716,9.338763421,7.307731744,8.347359597,476,17,472,35,493,507
8,1000,50,7.7,28,24,954,30,10,6,46,7.883014471,96,506,50.69182665,9.219604344,7.46718112,8.303867942,485,18,469,28,503,497
1,1000,50,7.7,28,22,959,20,7,14,41,7.64698799,94,523,51.11059834,9.262067086,6.94682858,8.314327428,480,8,479,33,488,512
4,1000,50,7.7,28,25,949,26,10,15,51,7.78584485,98,493,50.75010365,9.492470556,6.881150564,8.65158948,477,12,472,39,489,511
3,1000,50,7.7,28,26,962,19,11,8,38,7.679583487,112,518,50.83598601,9.342004782,7.032293157,8.326873818,486,14,476,24,500,500
2,1000,50,7.7,28,25,956,23,10,11,44,7.381717938,99,528,50.9357517,9.112758292,6.673596202,8.11579933,491,18,465,26,509,491
5,1000,50,7.7,28,26,966,19,7,8,34,7.744248029,87,509,51.07043908,9.260841373,7.050512168,8.410778562,480,10,486,24,490,510
7,1000,50,7.7,28,25,950,30,10,10,50,7.655368649,85,530,50.75961488,9.386233157,6.893757508,8.398917867,479,15,471,35,494,506
6,1000,50,7.7,28,25,948,26,9,17,52,7.831264242,97,546,50.55707873,9.336952066,7.301884373,8.346026125,476,17,472,35,493,507
4,1000,50,7.7,28,26,948,27,10,15,52,7.810561075,86,496,50.79296742,9.478872136,6.943635341,8.640163196,477,12,471,40,489,511
8,1000,50,7.7,28,25,954,30,8,8,46,7.907683658,113,548,50.71613876,9.255368185,7.473543001,8.347065449,485,18,469,28,503,497
1,1000,50,7.7,28,23,959,20,7,14,41,7.667447363,89,532,51.12029555,9.28278571,6.951040689,8.350272474,480,8,479,33,488,512
3,1000,50,7.7,28,27,961,20,11,8,39,7.689275408,97,506,50.86141741,9.35908332,7.073972408,8.304578407,485,15,476,24,500,500
2,1000,50,7.7,28,26,957,22,10,11,43,7.408698091,103,484,50.97680748,9.133151487,6.676148502,8.168102858,491,18,466,25,509,491
5,1000,50,7.7,28,27,966,19,7,8,34,7.748081347,86,521,51.09853937,9.301327433,7.070437329,8.399151091,480,10,486,24,490,510
7,1000,50,7.7,28,26,951,30,9,10,49,7.672949086,133,503,50.75969155,9.405046268,6.936784739,8.39165499,479,15,472,34,494,506
6,1000,50,7.7,28,26,948,28,9,15,52,7.84258789,101,516,50.59822815,9.347760411,7.320308406,8.350445455,475,18,473,34,493,507
4,1000,50,7.7,28,27,947,28,9,16,53,7.860168628,99,508,50.86595455,9.495451924,6.983608073,8.698990764,477,12,470,41,489,511
8,1000,50,7.7,28,26,953,31,7,9,47,7.971039322,123,529,50.73862841,9.268674663,7.570371237,8.376544446,485,18,468,29,503,497
3,1000,50,7.7,28,28,961,20,11,8,39,7.705965783,103,522,50.90101708,9.403531284,7.098472538,8.313459029,485,15,476,24,500,500
2,1000,50,7.7,28,27,957,22,10,11,43,7.419103913,101,541,51.03515932,9.150809292,6.699438568,8.165152102,491,18,466,25,509,491
1,1000,50,7.7,28,24,960,20,6,14,40,7.680947046,90,526,51.1760678,9.32636737,6.988145672,8.341273356,480,8,480,32,488,512
5,1000,50,7.7,28,28,966,18,8,8,34,7.76383186,85,496,51.12785167,9.315134503,7.068296635,8.432091194,480,10,486,24,490,510
7,1000,50,7.7,28,27,953,29,8,10,47,7.703253725,91,534,50.81537648,9.415684625,6.935003617,8.453284463,480,14,473,33,494,506
6,1000,50,7.7,28,27,947,29,9,15,53,7.883503865,102,505,50.65997394,9.37233863,7.326428463,8.425196514,475,18,472,35,493,507
4,1000,50,7.7,28,28,948,28,8,16,52,7.873184699,100,512,50.9171687,9.512077653,6.993850156,8.714661395,477,12,471,40,489,511
8,1000,50,7.7,28,27,955,29,7,9,45,7.981051604,104,541,50.75632071,9.301986722,7.527901786,8.439672043,486,17,469,28,503,497
3,1000,50,7.7,28,29,961,20,11,8,39,7.722739104,104,537,50.94046298,9.41097529,7.104978802,8.340499406,485,15,476,24,500,500
2,1000,50,7.7,28,28,958,21,10,11,42,7.449446437,87,513,51.06506189,9.180691993,6.70382404,8.22240326,492,17,466,25,509,491
5,1000,50,7.7,28,29,967,17,8,8,33,7.748679574,101,500,51.17109786,9.349393335,7.056534442,8.413681758,480,10,487,23,490,510
1,1000,50,7.7,28,25,958,22,6,14,42,7.711820033,102,530,51.22635848,9.359453107,7.020471439,8.370761661,479,9,479,33,488,512
7,1000,50,7.7,28,28,952,30,8,10,48,7.695398003,107,511,50.85696339,9.422086068,6.923143012,8.449338647,480,14,472,34,494,506
4,1000,50,7.7,28,29,946,30,8,16,54,7.909790498,89,534,50.96472627,9.528884762,7.033851759,8.74801759,477,12,469,42,489,511
6,1000,50,7.7,28,28,948,29,8,15,52,7.892582278,117,519,50.66926433,9.407370792,7.350765244,8.419437894,475,18,473,34,493,507
8,1000,50,7.7,28,28,956,27,8,9,44,7.978913415,100,496,50.78989252,9.313551032,7.504536762,8.45901695,486,17,470,27,503,497
3,1000,50,7.7,28,30,960,20,12,8,40,7.768096232,76,501,50.96439978,9.418993687,7.161290476,8.374901988,485,15,475,25,500,500
2,1000,50,7.7,28,29,960,19,10,11,40,7.468630963,97,517,51.10413568,9.229930655,6.700509537,8.264911628,493,16,467,24,509,491
5,1000,50,7.7,28,30,967,17,8,8,33,7.776647406,82,518,51.19910553,9.369253457,7.074034426,8.451706936,480,10,487,23,490,510
1,1000,50,7.7,28,26,960,21,5,14,40,7.697791122,97,521,51.26369977,9.383496182,7.018768006,8.34498503,479,9,481,31,488,512
7,1000,50,7.7,28,29,952,30,8,10,48,7.707838747,110,500,50.88873995,9.425514248,6.951319848,8.446416486,479,15,473,33,494,506
4,1000,50,7.7,28,30,946,31,7,16,54,7.933629324,95,539,50.99091118,9.550635966,7.075490009,8.754823306,477,12,469,42,489,511
6,1000,50,7.7,28,29,947,31,9,13,53,7.877696346,79,540,50.71211031,9.441448701,7.297908668,8.441474108,474,19,473,34,493,507
3,1000,50,7.7,28,31,960,19,13,8,40,7.79877559,95,543,50.99624667,9.433016093,7.177664588,8.419886592,485,15,475,25,500,500
8,1000,50,7.7,28,29,957,25,9,9,43,7.99601723,127,520,50.80728839,9.335510489,7.515814699,8.482016975,486,17,471,26,503,497
2,1000,50,7.7,28,30,959,20,10,11,41,7.513074106,84,513,51.1186064,9.252514696,6.756029106,8.297872284,493,16,466,25,509,491
5,1000,50,7.7,28,31,967,17,9,7,33,7.798177245,93,534,51.2227292,9.40404018,7.123964152,8.44595061,480,10,487,23,490,510
4,1000,50,7.7,28,31,946,32,7,15,54,7.93398091,90,502,51.02235703,9.588354083,7.09639187,8.735509366,477,12,469,42,489,511
1,1000,50,7.7,28,27,959,21,5,15,41,7.742077659,104,517,51.28640707,9.405677056,7.072814235,8.379969359,480,8,479,33,488,512
7,1000,50,7.7,28,30,950,32,7,11,50,7.76664786,95,530,50.90936461,9.457241702,6.985612104,8.529161028,478,16,472,34,494,506
3,1000,50,7.7,28,32,959,19,13,9,41,7.84793713,88,512,50.98655128,9.461277751,7.213337154,8.482537105,485,15,474,26,500,500
6,1000,50,7.7,28,30,949,30,9,12,51,7.874344894,92,522,50.74761267,9.442841273,7.338300623,8.395587153,474,19,475,32,493,507
8,1000,50,7.7,28,30,957,25,9,9,43,7.990791649,112,501,50.84915411,9.370879041,7.522562763,8.464673199,486,17,471,26,503,497
2,1000,50,7.7,28,31,959,20,10,11,41,7.542989626,88,496,51.14328213,9.264761587,6.816115723,8.296510637,493,16,466,25,509,491
5,1000,50,7.7,28,32,968,16,9,7,32,7.820294028,92,532,51.23806596,9.42661045,7.135549995,8.478185354,480,10,488,22,490,510
4,1000,50,7.7,28,32,946,32,7,15,54,7.934898104,125,502,51.06104126,9.60906968,7.078115827,8.754793474,477,12,469,42,489,511
7,1000,50,7.7,28,31,950,32,7,11,50,7.849790342,83,516,50.94109836,9.456670749,7.049174124,8.631419614,478,16,472,34,494,506
6,1000,50,7.7,28,31,951,28,9,12,49,7.878603931,84,512,50.78983594,9.45480056,7.340530975,8.401818857,475,18,476,31,493,507
3,1000,50,7.7,28,33,959,20,13,8,41,7.886578903,91,527,50.99830102,9.504792634,7.239921124,8.533236682,485,15,474,26,500,500
8,1000,50,7.7,28,31,958,25,9,8,42,7.98789118,117,479,50.91315272,9.39996987,7.518696256,8.462750429,486,17,472,25,503,497
1,1000,50,7.7,28,28,958,22,5,15,42,7.768948877,86,533,51.31724299,9.412869971,7.104390674,8.402355915,480,8,478,34,488,512
5,1000,50,7.7,28,33,967,17,9,7,33,7.87196898,91,515,51.26409625,9.452468079,7.174319549,8.54225961,480,10,487,23,490,510
2,1000,50,7.7,28,32,959,20,9,12,41,7.567509091,107,527,51.15151491,9.279289804,6.813536436,8.349122292,493,16,466,25,509,491
4,1000,50,7.7,28,33,944,33,9,14,56,7.956065012,92,512,51.07280397,9.612070497,7.121724406,8.754484888,476,13,468,43,489,511
6,1000,50,7.7,28,32,953,27,10,10,47,7.857097483,100,514,50.84767518,9.4968982,7.303731008,8.395183621,477,16,476,31,493,507
7,1000,50,7.7,28,32,948,34,7,11,52,7.867397268,105,521,50.97283174,9.478593818,7.029488151,8.685435022,478,16,470,36,494,506
3,1000,50,7.7,28,34,959,20,10,11,41,7.947403751,94,559,51.03650265,9.529619757,7.287332635,8.607474867,485,15,474,26,500,500
5,1000,50,7.7,28,34,967,17,9,7,33,7.867980634,110,527,51.30749852,9.474298844,7.17153036,8.537119133,480,10,487,23,490,510
1,1000,50,7.7,28,29,959,21,5,15,41,7.771845292,94,548,51.35042094,9.442565629,7.107960085,8.404610879,480,8,479,33,488,512
8,1000,50,7.7,28,32,957,26,8,9,43,8.016034126,106,526,50.94371174,9.433329903,7.568510272,8.468960683,485,18,472,25,503,497
2,1000,50,7.7,28,33,957,21,10,12,43,7.598562617,91,539,51.18088023,9.287953264,6.838419943,8.386572029,493,16,464,27,509,491
4,1000,50,7.7,28,34,944,33,9,14,56,7.941795441,105,516,51.12234922,9.649033325,7.090747223,8.756203618,476,13,468,43,489,511
3,1000,50,7.7,28,35,959,19,11,11,41,7.970753609,95,506,51.08973103,9.522373813,7.303742098,8.637765119,485,15,474,26,500,500
7,1000,50,7.7,28,33,948,35,6,11,52,7.847889188,99,502,50.98902156,9.510224251,7.018867129,8.657250645,478,16,470,36,494,506
5,1000,50,7.7,28,35,967,17,9,7,33,7.845385486,102,537,51.36512487,9.51061224,7.117929976,8.54431333,480,10,487,23,490,510
6,1000,50,7.7,28,33,952,27,11,10,48,7.888834498,89,530,50.87846078,9.494914002,7.316587472,8.44527983,476,17,476,31,493,507
8,1000,50,7.7,28,33,956,27,8,9,44,8.020637439,96,504,50.98960214,9.449090767,7.605899712,8.44038206,484,19,472,25,503,497
1,1000,50,7.7,28,30,959,21,5,15,41,7.758446836,88,517,51.3982891,9.454892969,7.156511088,8.332166846,480,8,479,33,488,512
2,1000,50,7.7,28,34,959,21,9,11,41,7.604757567,106,513,51.22304728,9.32629913,6.876890214,8.359308447,494,15,465,26,509,491
4,1000,50,7.7,28,35,946,31,9,14,54,7.963712584,102,511,51.16330187,9.671181118,7.086427424,8.803228129,477,12,469,42,489,511
3,1000,50,7.7,28,36,959,19,11,11,41,8.005304387,100,529,51.12359584,9.526479899,7.323396275,8.687212498,485,15,474,26,500,500
5,1000,50,7.7,28,36,966,17,10,7,34,7.908754448,110,513,51.36957355,9.521469772,7.13588204,8.651318134,480,10,486,24,490,510
7,1000,50,7.7,28,34,947,36,6,11,53,7.867407564,104,521,51.00260405,9.512253395,7.046647661,8.668702805,477,17,470,36,494,506
6,1000,50,7.7,28,34,951,28,11,10,49,7.900897155,107,506,50.93265911,9.526391997,7.344377942,8.442048974,476,17,475,32,493,507
8,1000,50,7.7,28,34,955,28,8,9,45,8.049786914,96,501,51.05228069,9.464611768,7.648122121,8.45630078,483,20,472,25,503,497
2,1000,50,7.7,28,35,959,20,10,11,41,7.639415965,95,521,51.25858343,9.344114136,6.924400882,8.380643414,493,16,466,25,509,491
1,1000,50,7.7,28,31,959,22,6,13,41,7.764906705,88,526,51.41385159,9.459324371,7.150952846,8.350081478,480,8,479,33,488,512
4,1000,50,7.7,28,36,945,31,10,14,55,7.954029394,113,501,51.19399075,9.693037019,7.095930164,8.775185018,477,12,468,43,489,511
3,1000,50,7.7,28,37,960,18,11,11,40,8.036586534,104,495,51.13976725,9.533273909,7.316636502,8.756536566,485,15,475,25,500,500
5,1000,50,7.7,28,37,966,17,10,7,34,7.905850354,102,561,51.39048986,9.575312633,7.127161773,8.654002127,480,10,486,24,490,510
7,1000,50,7.7,28,35,946,37,6,11,54,7.920300293,98,517,51.04535299,9.543436801,7.089748247,8.731155452,476,18,470,36,494,506
6,1000,50,7.7,28,35,952,26,12,10,48,7.929591448,96,509,50.94647795,9.56025056,7.365875411,8.477741362,477,16,475,32,493,507
2,1000,50,7.7,28,36,956,21,12,11,44,7.679256979,97,534,51.29365113,9.349720846,6.961119428,8.423721366,492,17,464,27,509,491
8,1000,50,7.7,28,35,955,27,9,9,45,8.078454006,95,489,51.07687915,9.476471087,7.649126654,8.512964384,483,20,472,25,503,497
1,1000,50,7.7,28,32,960,22,6,12,40,7.764142786,102,531,51.46536189,9.459553767,7.115761237,8.38213145,481,7,479,33,488,512
4,1000,50,7.7,28,37,946,31,10,13,54,7.961233823,109,481,51.2375124,9.719456406,7.121394901,8.764915297,477,12,469,42,489,511
3,1000,50,7.7,28,38,958,19,12,11,42,8.069115573,90,520,51.18491647,9.540982512,7.343624798,8.794606348,484,16,474,26,500,500
5,1000,50,7.7,28,38,967,17,9,7,33,7.907276917,95,501,51.40871898,9.605187034,7.123519486,8.660298762,480,10,487,23,490,510
7,1000,50,7.7,28,36,945,37,7,11,55,7.90679091,81,518,51.09896174,9.551644193,7.073571955,8.720249732,476,18,469,37,494,506
6,1000,50,7.7,28,36,951,27,13,9,49,7.992865835,87,504,50.98057725,9.578979179,7.445017725,8.525585989,477,16,474,33,493,507
2,1000,50,7.7,28,37,956,22,11,11,44,7.690731521,116,521,51.34940605,9.375926251,6.950857982,8.457728733,493,16,463,28,509,491
8,1000,50,7.7,28,36,955,27,9,9,45,8.119604467,86,528,51.08025903,9.501928273,7.695145358,8.549187831,483,20,472,25,503,497
1,1000,50,7.7,28,33,960,21,7,12,40,7.770469076,109,523,51.49319636,9.466451945,7.099274504,8.410201402,481,7,479,33,488,512
4,1000,50,7.7,28,38,948,31,9,12,52,7.952482063,99,525,51.26712353,9.733429655,7.102137718,8.766216671,477,12,471,40,489,511
3,1000,50,7.7,28,39,956,21,12,11,44,8.12492258,115,521,51.18933603,9.537430083,7.406760029,8.843085131,482,18,474,26,500,500
5,1000,50,7.7,28,39,968,16,8,8,32,7.891967392,91,539,51.42650971,9.61469978,7.098200914,8.654605772,480,10,488,22,490,510
2,1000,50,7.7,28,38,956,22,11,11,44,7.746663555,100,532,51.41312057,9.40310983,6.983228184,8.538086374,493,16,463,28,509,491
6,1000,50,7.7,28,37,951,28,12,9,49,8.036372298,97,525,50.98802696,9.627088779,7.460476452,8.596365694,477,16,474,33,493,507
7,1000,50,7.7,28,37,944,38,7,11,56,7.906080275,106,519,51.14657351,9.580591787,7.068435356,8.723860098,476,18,468,38,494,506
8,1000,50,7.7,28,37,954,27,10,9,46,8.160593754,92,509,51.11673344,9.518235549,7.765940355,8.56001158,482,21,472,25,503,497
4,1000,50,7.7,28,39,950,30,8,12,50,7.938178532,122,479,51.30238696,9.764184805,7.079071637,8.760298436,478,11,472,39,489,511
1,1000,50,7.7,28,34,960,22,7,11,40,7.748077861,100,537,51.52131312,9.456995442,7.115681735,8.350830419,481,7,479,33,488,512
3,1000,50,7.7,28,40,957,22,11,10,43,8.115713182,102,521,51.22088859,9.560389357,7.441494811,8.789931553,481,19,476,24,500,500
5,1000,50,7.7,28,40,968,17,8,7,32,7.913538758,94,520,51.44298374,9.631114737,7.098580751,8.696537628,480,10,488,22,490,510
2,1000,50,7.7,28,39,956,22,11,11,44,7.746007106,105,522,51.42406453,9.441681117,6.982788685,8.537205022,493,16,463,28,509,491
8,1000,50,7.7,28,38,954,27,11,8,46,8.189661582,101,498,51.13265664,9.533139419,7.776499587,8.607811447,482,21,472,25,503,497
6,1000,50,7.7,28,38,950,30,11,9,50,8.074049654,98,529,51.00895693,9.654957507,7.476247129,8.655344811,477,16,473,34,493,507
7,1000,50,7.7,28,38,943,39,7,11,57,7.931742667,101,515,51.16798319,9.596640547,7.077810089,8.76542388,476,18,467,39,494,506
4,1000,50,7.7,28,40,949,32,7,12,51,7.945656046,108,520,51.3117413,9.777651684,7.079868309,8.774169164,478,11,471,40,489,511
3,1000,50,7.7,28,41,957,22,11,10,43,8.121619629,98,528,51.23382599,9.580801347,7.457213512,8.786025745,481,19,476,24,500,500
5,1000,50,7.7,28,41,968,17,8,7,32,7.918651105,112,497,51.48367675,9.656705572,7.091195959,8.713657029,480,10,488,22,490,510
1,1000,50,7.7,28,35,959,23,7,11,41,7.781814998,91,551,51.53648459,9.463616762,7.157543609,8.376823666,480,8,479,33,488,512
2,1000,50,7.7,28,40,955,22,12,11,45,7.783419811,100,510,51.4420252,9.472288851,6.99084937,8.605045788,492,17,463,28,509,491
8,1000,50,7.7,28,39,952,25,14,9,48,8.249956864,89,519,51.15715109,9.553160448,7.825538799,8.679498688,481,22,471,26,503,497
7,1000,50,7.7,28,39,943,39,7,11,57,7.965627913,100,518,51.20788813,9.611426577,7.126052063,8.785292874,476,18,467,39,494,506
6,1000,50,7.7,28,39,951,30,11,8,49,8.064034518,95,524,51.0167838,9.68550371,7.471482123,8.640224519,478,15,473,34,493,507
4,1000,50,7.7,28,41,948,34,5,13,52,7.979593588,103,518,51.35314312,9.776781846,7.116638137,8.805396358,477,12,471,40,489,511
5,1000,50,7.7,28,42,968,17,8,7,32,7.942825691,107,535,51.54990856,9.678152312,7.103712807,8.749032187,480,10,488,22,490,510
3,1000,50,7.7,28,42,956,23,11,10,44,8.148890912,110,553,51.29517479,9.60173837,7.488833983,8.808947842,481,19,475,25,500,500
1,1000,50,7.7,28,36,959,23,6,12,41,7.791650132,117,513,51.58988617,9.473164378,7.187030388,8.367928325,480,8,479,33,488,512
2,1000,50,7.7,28,41,954,23,12,11,46,7.80789332,95,531,51.45998645,9.48293391,6.992791572,8.652876599,492,17,462,29,509,491
7,1000,50,7.7,28,40,942,39,8,11,58,7.992463541,85,515,51.21771923,9.619502807,7.172686497,8.792799232,475,19,467,39,494,506
6,1000,50,7.7,28,40,952,29,11,8,48,8.071124918,108,511,51.05235608,9.713410882,7.493186075,8.633104898,479,14,473,34,493,507
8,1000,50,7.7,28,40,952,25,14,9,48,8.249214222,102,541,51.20278149,9.555743177,7.833775978,8.669667818,481,22,471,26,503,497
4,1000,50,7.7,28,42,947,35,5,13,53,8.041971664,95,509,51.38747744,9.789450347,7.178821401,8.867960859,477,12,470,41,489,511
5,1000,50,7.7,28,43,968,17,8,7,32,7.99111595,98,514,51.57105577,9.68513544,7.187757085,8.762970546,480,10,488,22,490,510
3,1000,50,7.7,28,43,956,24,11,9,44,8.182420146,100,531,51.32524115,9.642957606,7.54820831,8.816631983,481,19,475,25,500,500
2,1000,50,7.7,28,42,956,22,12,10,44,7.808585717,115,512,51.50383194,9.51471042,6.989357036,8.657847222,493,16,463,28,509,491
1,1000,50,7.7,28,37,958,24,6,12,42,7.80710988,102,498,51.65064182,9.489179175,7.24516156,8.342716873,479,9,479,33,488,512
7,1000,50,7.7,28,41,944,38,7,11,56,7.988198939,100,509,51.22298795,9.64929365,7.160541942,8.796227707,477,17,467,39,494,506
8,1000,50,7.7,28,41,951,26,13,10,49,8.282052331,114,534,51.24082668,9.569615215,7.863291191,8.705868937,481,22,470,27,503,497
6,1000,50,7.7,28,41,952,29,11,8,48,8.06233841,95,490,51.07478083,9.715693097,7.484329601,8.624386422,479,14,473,34,493,507
4,1000,50,7.7,28,43,948,34,6,12,52,8.036083995,117,494,51.43119073,9.781854699,7.169806235,8.865066041,477,12,471,40,489,511
5,1000,50,7.7,28,44,969,17,7,7,31,8.006788251,95,529,51.6245142,9.703060452,7.220683838,8.76206504,480,10,489,21,490,510
3,1000,50,7.7,28,44,957,24,11,8,43,8.203298588,115,517,51.37437879,9.652129766,7.581758762,8.824838414,481,19,476,24,500,500
2,1000,50,7.7,28,43,956,22,12,10,44,7.845967196,100,504,51.5410062,9.527862195,7.025456419,8.696557798,493,16,463,28,509,491
1,1000,50,7.7,28,38,958,24,6,12,42,7.838968335,100,520,51.68933304,9.501059906,7.273565254,8.377868146,479,9,479,33,488,512
7,1000,50,7.7,28,42,946,36,7,11,54,7.977714258,104,500,51.25070454,9.655732749,7.158452047,8.777547327,478,16,468,38,494,506
8,1000,50,7.7,28,42,951,26,13,10,49,8.289913708,106,500,51.27816296,9.572247853,7.87183118,8.713043511,482,21,469,28,503,497
6,1000,50,7.7,28,42,951,30,12,7,49,8.074058838,109,527,51.11729708,9.725599879,7.521702276,8.61116295,478,15,473,34,493,507
4,1000,50,7.7,28,44,948,34,6,12,52,8.022834025,87,510,51.45691302,9.792830831,7.131001977,8.876270174,477,12,471,40,489,511
5,1000,50,7.7,28,45,969,17,7,7,31,8.032158956,96,515,51.65853686,9.723904346,7.237932849,8.795238942,480,10,489,21,490,510
3,1000,50,7.7,28,45,954,26,12,8,46,8.247394217,85,561,51.41003067,9.685621334,7.634876268,8.859912166,481,19,473,27,500,500
2,1000,50,7.7,28,44,957,21,12,10,43,7.873365822,87,521,51.56446113,9.549305761,7.03321909,8.74431223,494,15,463,28,509,491
7,1000,50,7.7,28,43,946,36,7,11,54,7.998789475,105,526,51.28056211,9.67814958,7.130315516,8.846667213,478,16,468,38,494,506
1,1000,50,7.7,28,39,958,24,6,12,42,7.828181674,122,531,51.72520889,9.511228276,7.279330591,8.351305363,479,9,479,33,488,512
6,1000,50,7.7,28,43,953,28,12,7,47,8.120873656,110,525,51.1324286,9.737461097,7.518699088,8.70642013,480,13,473,34,493,507
8,1000,50,7.7,28,43,952,25,13,10,48,8.266498662,120,513,51.31122058,9.608478646,7.860645099,8.677251865,481,22,471,26,503,497
4,1000,50,7.7,28,45,948,33,7,12,52,8.036274626,100,544,51.46328101,9.810171349,7.124240096,8.909043482,477,12,471,40,489,511
5,1000,50,7.7,28,46,967,19,8,6,33,8.061788159,100,535,51.70231775,9.748399112,7.28268737,8.810335975,479,11,488,22,490,510
3,1000,50,7.7,28,46,954,26,12,8,46,8.248980642,90,519,51.41686064,9.694922049,7.657895919,8.840065366,481,19,473,27,500,500
2,1000,50,7.7,28,45,956,22,12,10,44,7.884014794,110,527,51.61114933,9.574245679,7.043759408,8.755073839,493,16,463,28,509,491
7,1000,50,7.7,28,44,944,38,7,11,56,8.036150893,89,508,51.30821218,9.687501989,7.171175241,8.880613288,477,17,467,39,494,506
4,1000,50,7.7,28,46,949,31,8,12,51,8.01883753,88,526,51.51498107,9.804033407,7.13172538,8.867756985,477,12,472,39,489,511
6,1000,50,7.7,28,44,952,30,11,7,48,8.118227757,102,492,51.17736601,9.753928129,7.486571381,8.732441944,480,13,472,35,493,507
1,1000,50,7.7,28,40,960,24,4,12,40,7.848083266,109,486,51.75469033,9.542523986,7.32628303,8.345424116,479,9,481,31,488,512
8,1000,50,7.7,28,44,952,25,13,10,48,8.291664335,103,527,51.34914798,9.652562437,7.863791608,8.724702529,481,22,471,26,503,497
5,1000,50,7.7,28,47,966,20,8,6,34,8.078023601,98,515,51.73284329,9.757048311,7.339696288,8.787396902,478,12,488,22,490,510
3,1000,50,7.7,28,47,954,26,11,9,46,8.263125005,98,509,51.46009197,9.706266911,7.650863366,8.875386644,481,19,473,27,500,500
2,1000,50,7.7,28,46,956,22,12,10,44,7.912551434,96,543,51.62867303,9.579312008,7.054888263,8.801656431,493,16,463,28,509,491
7,1000,50,7.7,28,45,943,38,8,11,57,8.069576984,106,487,51.34203895,9.706176189,7.216627084,8.902298823,477,17,466,40,494,506
5,1000,50,7.7,28,48,966,20,8,6,34,8.116590517,107,491,51.78121788,9.755620723,7.396682001,8.808267326,478,12,488,22,490,510
4,1000,50,7.7,28,47,949,31,8,12,51,8.025220541,91,527,51.5531354,9.824324042,7.13968707,8.872629283,478,11,471,40,489,511
6,1000,50,7.7,28,45,952,29,11,8,48,8.108885887,121,494,51.22144152,9.776896881,7.507747049,8.693425231,480,13,472,35,493,507
1,1000,50,7.7,28,41,961,24,4,11,39,7.863779881,81,549,51.7888947,9.549890482,7.37389011,8.33070607,479,9,482,30,488,512
8,1000,50,7.7,28,45,952,25,13,10,48,8.30123701,102,512,51.3983673,9.69065259,7.853313198,8.754568353,481,22,471,26,503,497
3,1000,50,7.7,28,48,950,30,11,9,50,8.30495811,97,545,51.48364293,9.753313704,7.67700491,8.93291131,481,19,469,31,500,500
2,1000,50,7.7,28,47,956,22,12,10,44,7.946799843,86,527,51.68066945,9.599519007,7.106023078,8.818399381,493,16,463,28,509,491
7,1000,50,7.7,28,46,943,38,8,11,57,8.116357551,105,521,51.3917685,9.721585327,7.27880192,8.934050202,477,17,466,40,494,506
4,1000,50,7.7,28,48,947,33,8,12,53,8.064862829,106,518,51.56043462,9.832870073,7.197139796,8.895227923,477,12,470,41,489,511
5,1000,50,7.7,28,49,963,23,8,6,37,8.138966186,133,524,51.8221081,9.776660654,7.406422046,8.842783106,477,13,486,24,490,510
8,1000,50,7.7,28,46,952,25,13,10,48,8.318423199,104,508,51.42916598,9.70320204,7.875491178,8.766702488,481,22,471,26,503,497
3,1000,50,7.7,28,49,948,32,11,9,52,8.318806734,95,523,51.49637567,9.766844453,7.677605043,8.960008425,480,20,468,32,500,500
1,1000,50,7.7,28,42,961,24,4,11,39,7.892435753,87,513,51.79791365,9.577017952,7.40168731,8.360180363,479,9,482,30,488,512
6,1000,50,7.7,28,46,954,27,11,8,46,8.138537628,108,507,51.23259445,9.799700299,7.505022453,8.754559286,481,12,473,34,493,507
2,1000,50,7.7,28,48,957,22,12,9,43,7.984833163,107,520,51.70690359,9.622311302,7.15983637,8.840074238,494,15,463,28,509,491
7,1000,50,7.7,28,47,940,41,8,11,60,8.122771863,90,535,51.44248423,9.725506278,7.29739679,8.928572824,476,18,464,42,494,506
4,1000,50,7.7,28,49,948,31,9,12,52,8.076793298,99,508,51.57337403,9.84924364,7.246233012,8.871595606,477,12,471,40,489,511
5,1000,50,7.7,28,50,962,22,10,6,38,8.170581514,112,537,51.86812761,9.795007535,7.428233107,8.883818219,476,14,486,24,490,510
3,1000,50,7.7,28,50,949,31,11,9,51,8.298601728,94,503,51.5096378,9.804568395,7.663781696,8.93342176,481,19,468,32,500,500
8,1000,50,7.7,28,47,951,26,13,10,49,8.363573089,100,504,51.4509099,9.731903232,7.880506349,8.852471622,481,22,470,27,503,497
6,1000,50,7.7,28,47,952,29,11,8,48,8.143105984,105,505,51.26764475,9.808968522,7.514592664,8.754263906,481,12,471,36,493,507
1,1000,50,7.7,28,43,963,24,3,10,37,7.920427474,87,532,51.83970681,9.577306165,7.453760326,8.365219599,480,8,483,29,488,512
2,1000,50,7.7,28,49,958,22,11,9,42,8.03001269,105,534,51.74077707,9.647307696,7.150202657,8.94207645,496,13,462,29,509,491
7,1000,50,7.7,28,48,941,41,9,9,59,8.118742028,99,526,51.47618965,9.730050249,7.302234644,8.915885601,476,18,465,41,494,506
4,1000,50,7.7,28,50,947,32,9,12,53,8.10763534,103,524,51.59504623,9.895028636,7.286978473,8.8929606,476,13,471,40,489,511
5,1000,50,7.7,28,51,960,23,11,6,40,8.195367445,93,563,51.89774967,9.823625595,7.478342679,8.884273593,475,15,485,25,490,510
3,1000,50,7.7,28,51,948,32,12,8,52,8.311601484,91,529,51.55784704,9.831936413,7.675754923,8.947448046,481,19,467,33,500,500
6,1000,50,7.7,28,48,954,27,11,8,46,8.183362147,112,543,51.28128304,9.833313016,7.557157282,8.792275358,482,11,472,35,493,507
8,1000,50,7.7,28,48,952,26,12,10,48,8.39533178,115,522,51.486598,9.744184386,7.883465652,8.913377378,482,21,470,27,503,497
1,1000,50,7.7,28,44,961,26,3,10,39,7.955412023,91,555,51.86016137,9.596729711,7.502757252,8.386848601,479,9,482,30,488,512
2,1000,50,7.7,28,50,957,22,12,9,43,8.042414245,95,514,51.79302799,9.669133486,7.164146363,8.95287932,496,13,461,30,509,491
5,1000,50,7.7,28,52,960,23,11,6,40,8.231715067,107,534,51.92990044,9.846331187,7.545268456,8.891242204,475,15,485,25,490,510
7,1000,50,7.7,28,49,939,42,10,9,61,8.14994341,113,495,51.49376229,9.764634868,7.340371347,8.940316136,475,19,464,42,494,506
4,1000,50,7.7,28,51,948,31,9,12,52,8.097965009,118,517,51.63201005,9.920916786,7.285775744,8.875187221,476,13,472,39,489,511
3,1000,50,7.7,28,52,948,31,13,8,52,8.328497732,100,544,51.59012823,9.841029199,7.690642636,8.966352827,481,19,467,33,500,500
6,1000,50,7.7,28,49,954,27,11,8,46,8.191778392,107,518,51.27484238,9.849187068,7.586477252,8.780365102,482,11,472,35,493,507
8,1000,50,7.7,28,49,950,29,11,10,50,8.428119922,101,537,51.5266138,9.748684305,7.956754442,8.905175931,480,23,470,27,503,497
2,1000,50,7.7,28,51,958,22,11,9,42,8.068418356,114,536,51.8102194,9.668128135,7.199185193,8.969517501,496,13,462,29,509,491
1,1000,50,7.7,28,45,961,26,3,10,39,7.97829023,110,523,51.88999099,9.6380724,7.503450659,8.430871696,479,9,482,30,488,512
5,1000,50,7.7,28,53,960,23,11,6,40,8.260604381,108,516,51.97871136,9.85617967,7.559151255,8.934549541,475,15,485,25,490,510
7,1000,50,7.7,28,50,939,43,10,8,61,8.139965944,108,521,51.5325886,9.790968458,7.359075527,8.902337221,475,19,464,42,494,506
4,1000,50,7.7,28,52,948,32,9,11,52,8.111587544,120,535,51.66038644,9.940171296,7.291417868,8.896446587,477,12,471,40,489,511
3,1000,50,7.7,28,53,949,32,12,7,51,8.341884075,134,500,51.61376258,9.865112354,7.739871737,8.943896413,480,20,469,31,500,500
6,1000,50,7.7,28,50,954,27,11,8,46,8.210164914,103,518,51.31167276,9.864699104,7.611570408,8.792230184,482,11,472,35,493,507
8,1000,50,7.7,28,50,951,29,11,9,49,8.430218161,114,521,51.57341439,9.766697204,7.967568241,8.898453392,481,22,470,27,503,497
2,1000,50,7.7,28,52,958,21,12,9,42,8.141563537,99,546,51.85965857,9.678937137,7.289117117,9.025260538,496,13,462,29,509,491
1,1000,50,7.7,28,46,962,25,3,10,38,7.969670398,96,525,51.9105766,9.663007871,7.495031684,8.422060423,480,8,482,30,488,512
5,1000,50,7.7,28,54,959,24,11,6,41,8.338152342,101,555,51.99412437,9.877687801,7.622815215,9.025437033,474,16,485,25,490,510
7,1000,50,7.7,28,51,940,43,10,7,60,8.129003761,108,508,51.57706456,9.820011537,7.338163512,8.901088904,476,18,464,42,494,506
4,1000,50,7.7,28,53,948,32,8,12,52,8.113040726,110,546,51.67379574,9.951840697,7.299868887,8.891203209,477,12,471,40,489,511
3,1000,50,7.7,28,54,949,32,12,7,51,8.334718619,100,530,51.65976441,9.886012341,7.703599148,8.96583809,480,20,469,31,500,500
8,1000,50,7.7,28,51,951,29,11,9,49,8.440320124,112,530,51.62009628,9.779530353,7.991858958,8.894195309,481,22,470,27,503,497
6,1000,50,7.7,28,51,954,27,11,8,46,8.234585324,99,504,51.33438493,9.882929537,7.668124114,8.785404607,482,11,472,35,493,507
2,1000,50,7.7,28,53,959,20,12,9,41,8.149888807,95,513,51.89527126,9.701857825,7.277258531,9.054509602,497,12,462,29,509,491
4,1000,50,7.7,28,54,948,32,8,12,52,8.142259394,105,490,51.69633974,9.972154383,7.30121947,8.947090162,477,12,471,40,489,511
5,1000,50,7.7,28,55,960,24,10,6,40,8.379112138,100,521,52.00782792,9.881305244,7.668960738,9.061414464,474,16,486,24,490,510
1,1000,50,7.7,28,47,963,24,3,10,37,7.967060136,107,539,51.93585441,9.691458569,7.483130468,8.4283056,480,8,483,29,488,512
3,1000,50,7.7,28,55,948,33,12,7,52,8.354603187,109,525,51.68205888,9.922047258,7.705880747,9.003325626,480,20,468,32,500,500
8,1000,50,7.7,28,52,950,30,11,9,50,8.436595622,108,515,51.65607716,9.824334743,7.988634545,8.88996468,481,22,469,28,503,497
7,1000,50,7.7,28,52,939,43,11,7,61,8.174459464,110,525,51.60089369,9.852075763,7.388806397,8.941480443,476,18,463,43,494,506
6,1000,50,7.7,28,52,954,28,10,8,46,8.253164792,108,499,51.39864087,9.90221458,7.664832857,8.825250875,482,11,472,35,493,507
2,1000,50,7.7,28,54,959,20,12,9,41,8.18808317,106,522,51.92772268,9.732916915,7.303028218,9.105584129,497,12,462,29,509,491
4,1000,50,7.7,28,55,949,32,7,12,51,8.139969348,96,507,51.73587818,9.989308879,7.327069979,8.917871093,477,12,472,39,489,511
3,1000,50,7.7,28,56,949,32,12,7,51,8.363226407,115,521,51.70550166,9.935277407,7.709270739,9.017182076,481,19,468,32,500,500
1,1000,50,7.7,28,48,961,26,3,10,39,8.005630191,106,549,51.96726966,9.699245559,7.50640519,8.48145402,479,9,482,30,488,512
8,1000,50,7.7,28,53,949,31,11,9,51,8.487000391,102,525,51.72263228,9.831352674,8.029862694,8.949656852,480,23,469,28,503,497
5,1000,50,7.7,28,56,960,24,10,6,40,8.374053082,101,525,52.02812892,9.918348824,7.654662432,9.065232333,474,16,486,24,490,510
2,1000,50,7.7,28,55,959,20,12,9,41,8.19819697,100,535,51.93852775,9.756787424,7.300679747,9.128617065,497,12,462,29,509,491
7,1000,50,7.7,28,53,940,41,11,8,60,8.18012263,109,518,51.64265032,9.855600199,7.398252578,8.943450309,476,18,464,42,494,506
4,1000,50,7.7,28,56,946,33,8,13,54,8.187472401,97,555,51.73640018,9.995981032,7.36371514,8.975764574,476,13,470,41,489,511
6,1000,50,7.7,28,53,954,28,10,8,46,8.255351112,109,519,51.43904201,9.912805439,7.674765118,8.819905146,482,11,472,35,493,507
3,1000,50,7.7,28,57,948,33,11,8,52,8.40036348,101,518,51.72100221,9.962264996,7.742532996,9.058193964,480,20,468,32,500,500
1,1000,50,7.7,28,49,961,26,3,10,39,7.990690895,95,517,52.00088387,9.714327167,7.502849993,8.455664254,479,9,482,30,488,512
8,1000,50,7.7,28,54,950,31,11,8,50,8.47100962,103,526,51.73312662,9.849345905,8.04138258,8.905823304,480,23,470,27,503,497
4,1000,50,7.7,28,57,946,33,8,13,54,8.200909824,97,540,51.76386991,10.02293575,7.384082044,8.98257085,476,13,470,41,489,511
5,1000,50,7.7,28,57,960,24,10,6,40,8.393728185,102,507,52.05799823,9.94301413,7.701420008,9.058887021,474,16,486,24,490,510
2,1000,50,7.7,28,56,958,21,12,9,42,8.220636945,91,504,51.94406389,9.796496366,7.332155069,9.141690457,497,12,461,30,509,491
7,1000,50,7.7,28,54,942,39,11,8,58,8.160068885,91,537,51.68254399,9.843796836,7.38431702,8.917423472,477,17,465,41,494,506
6,1000,50,7.7,28,54,954,27,11,8,46,8.238664354,103,509,51.4769869,9.935984091,7.655327298,8.805893484,482,11,472,35,493,507
3,1000,50,7.7,28,58,949,34,10,7,51,8.393961725,94,528,51.71491312,9.959089708,7.72310698,9.064816471,482,18,467,33,500,500
1,1000,50,7.7,28,50,963,25,3,9,37,7.997354975,88,525,52.01271318,9.71518563,7.54565054,8.427885765,479,9,484,28,488,512
5,1000,50,7.7,28,58,958,26,10,6,42,8.443226697,99,531,52.10542331,9.964492931,7.74007743,9.118801483,474,16,484,26,490,510
4,1000,50,7.7,28,58,946,34,7,13,54,8.232663225,102,514,51.7615043,10.06162891,7.403687686,9.025949014,476,13,470,41,489,511
2,1000,50,7.7,28,57,958,20,13,9,42,8.216365862,95,495,51.96456189,9.806153202,7.334162167,9.130911037,497,12,461,30,509,491
7,1000,50,7.7,28,55,942,38,12,8,58,8.17286508,109,497,51.70014976,9.859663829,7.385214481,8.941836218,477,17,465,41,494,506
8,1000,50,7.7,28,55,949,30,13,8,51,8.500065864,137,542,51.79103431,9.863202665,8.099761037,8.905203346,480,23,469,28,503,497
6,1000,50,7.7,28,55,954,26,12,8,46,8.269575586,100,502,51.50044974,9.954822551,7.692621417,8.83059808,482,11,472,35,493,507
3,1000,50,7.7,28,59,949,34,10,7,51,8.403793759,94,534,51.70908462,9.983846064,7.722586443,9.085001075,483,17,466,34,500,500
1,1000,50,7.7,28,51,964,24,3,9,36,8.004581791,102,498,52.07630898,9.749947846,7.520612369,8.465865147,480,8,484,28,488,512
5,1000,50,7.7,28,59,957,27,9,7,43,8.47800225,102,522,52.13130004,9.997939187,7.748691271,9.178712799,474,16,483,27,490,510
4,1000,50,7.7,28,59,947,33,7,13,53,8.220846735,105,530,51.79640699,10.08332484,7.409313297,8.997441356,476,13,471,40,489,511
2,1000,50,7.7,28,58,958,20,13,9,42,8.214623522,89,529,52.01416853,9.818264727,7.337709973,9.123684615,497,12,461,30,509,491
8,1000,50,7.7,28,56,951,30,11,8,49,8.468822628,93,522,51.83724981,9.877640703,8.050397983,8.892298677,481,22,470,27,503,497
7,1000,50,7.7,28,56,940,39,12,9,60,8.217593463,108,537,51.73315646,9.882937977,7.420539972,8.995744499,476,18,464,42,494,506
6,1000,50,7.7,28,56,954,25,13,8,46,8.288016654,114,511,51.5445073,9.973096952,7.714426876,8.845767661,482,11,472,35,493,507
3,1000,50,7.7,28,60,949,34,10,7,51,8.446230056,108,518,51.74100902,9.997681727,7.760757252,9.131702861,483,17,466,34,500,500
4,1000,50,7.7,28,60,948,32,7,13,52,8.207850104,117,508,51.80345995,10.11779862,7.388815481,8.991622963,476,13,472,39,489,511
2,1000,50,7.7,28,59,957,21,13,9,43,8.208631712,100,551,52.047056,9.843548951,7.352522458,9.096125826,496,13,461,30,509,491
8,1000,50,7.7,28,57,951,30,11,8,49,8.507534858,77,539,51.86720247,9.891321152,8.095226113,8.924821173,481,22,470,27,503,497
1,1000,50,7.7,28,52,964,24,3,9,36,8.001636824,118,530,52.14128468,9.753229714,7.510090511,8.470141904,480,8,484,28,488,512
5,1000,50,7.7,28,60,959,27,7,7,41,8.448716777,100,534,52.15310662,10.00326559,7.682236817,9.1851387,476,14,483,27,490,510
3,1000,50,7.7,28,61,950,34,10,6,50,8.421992482,120,509,51.79311837,10.03023864,7.749277702,9.094707263,483,17,467,33,500,500
4,1000,50,7.7,28,61,949,31,7,13,51,8.215594439,118,534,51.83246592,10.12316956,7.415949362,8.980812526,476,13,473,38,489,511
7,1000,50,7.7,28,57,941,37,13,9,59,8.253095595,107,521,51.73494384,9.901455194,7.474862441,9.012872626,475,19,466,40,494,506
6,1000,50,7.7,28,57,955,25,12,8,45,8.293792889,98,525,51.6018363,9.98143203,7.715335824,8.856276782,483,10,472,35,493,507
2,1000,50,7.7,28,60,957,21,13,9,43,8.210092044,112,528,52.0920949,9.862873798,7.363114743,9.08811943,496,13,461,30,509,491
8,1000,50,7.7,28,58,951,30,11,8,49,8.510173225,115,525,51.90465525,9.928409468,8.085766569,8.939703503,481,22,470,27,503,497
3,1000,50,7.7,28,62,950,34,10,6,50,8.424815516,103,516,51.80949983,10.03780141,7.740075846,9.109555185,483,17,467,33,500,500
5,1000,50,7.7,28,61,959,26,8,7,41,8.49423863,126,541,52.18833113,10.0082695,7.732264232,9.226331678,476,14,483,27,490,510
1,1000,50,7.7,28,53,964,24,3,9,36,8.016034654,98,552,52.16502619,9.76059316,7.55807619,8.452526316,480,8,484,28,488,512
4,1000,50,7.7,28,62,950,29,8,13,50,8.222978607,109,515,51.85956407,10.15097447,7.430032685,8.981785956,476,13,474,37,489,511
2,1000,50,7.7,28,61,959,20,12,9,41,8.211871719,117,566,52.11143053,9.890585042,7.394262606,9.059454282,497,12,462,29,509,491
6,1000,50,7.7,28,58,953,27,12,8,47,8.331591178,107,522,51.6364402,9.990488685,7.748587566,8.898496072,482,11,471,36,493,507
7,1000,50,7.7,28,58,941,37,12,10,59,8.247693799,77,507,51.75848199,9.919439261,7.471439236,9.005539163,475,19,466,40,494,506
8,1000,50,7.7,28,59,954,28,10,8,46,8.503135872,111,548,51.96516597,9.969150236,8.078055501,8.933347997,482,21,472,25,503,497
3,1000,50,7.7,28,63,949,35,10,6,51,8.453367632,111,531,51.84079719,10.06129365,7.791281374,9.115453891,482,18,467,33,500,500
5,1000,50,7.7,28,62,957,27,9,7,43,8.514164247,103,502,52.20563441,10.04564419,7.700859259,9.295574921,475,15,482,28,490,510
4,1000,50,7.7,28,63,949,29,10,12,51,8.293839013,89,520,51.88711156,10.18114106,7.480904202,9.071774673,475,14,474,37,489,511
1,1000,50,7.7,28,54,965,23,3,9,35,8.03520165,102,549,52.16507838,9.77357061,7.587677659,8.461747953,480,8,485,27,488,512
2,1000,50,7.7,28,62,959,20,12,9,41,8.301141745,101,522,52.10910716,9.898500497,7.530205226,9.100340701,496,13,463,28,509,491
6,1000,50,7.7,28,59,953,27,12,8,47,8.345944463,119,502,51.68252143,10.03181106,7.760935788,8.914799053,482,11,471,36,493,507
7,1000,50,7.7,28,59,940,37,13,10,60,8.270167008,99,527,51.80345265,9.940583083,7.515848189,9.006596842,474,20,466,40,494,506
8,1000,50,7.7,28,60,954,28,10,8,46,8.518657145,111,509,51.99549808,9.982186709,8.105002831,8.937305274,482,21,472,25,503,497
3,1000,50,7.7,28,64,950,35,9,6,50,8.458978262,109,525,51.87679118,10.0869435,7.762904166,9.155052359,483,17,467,33,500,500
4,1000,50,7.7,28,64,947,31,10,12,53,8.335999464,97,528,51.90603543,10.18117287,7.521359069,9.115567279,474,15,473,38,489,511
5,1000,50,7.7,28,63,954,29,10,7,46,8.523182992,104,544,52.24490794,10.07124312,7.685372591,9.328138082,475,15,479,31,490,510
2,1000,50,7.7,28,63,959,20,12,9,41,8.310760797,109,515,52.15269755,9.921538542,7.557887597,9.091234237,495,14,464,27,509,491
1,1000,50,7.7,28,55,966,22,3,9,34,8.078062496,97,521,52.18254284,9.797251979,7.675910859,8.461363274,480,8,486,26,488,512
6,1000,50,7.7,28,60,951,29,12,8,49,8.368012502,94,512,51.72382361,10.03396737,7.75371484,8.96534731,481,12,470,37,493,507
8,1000,50,7.7,28,61,953,28,11,8,47,8.552215263,107,541,52.01688864,10.0007817,8.155712952,8.953504323,482,21,471,26,503,497
7,1000,50,7.7,28,60,939,39,13,9,61,8.269042315,110,555,51.8257728,9.942187396,7.517742102,9.002525131,474,20,465,41,494,506
3,1000,50,7.7,28,65,950,35,9,6,50,8.479639666,103,552,51.91104177,10.08998934,7.806434997,9.152844334,484,16,466,34,500,500
4,1000,50,7.7,28,65,949,28,11,12,51,8.346469466,106,534,51.94602717,10.19674624,7.544579119,9.113836158,474,15,475,36,489,511
5,1000,50,7.7,28,64,953,29,11,7,47,8.56820451,103,498,52.28333918,10.08435175,7.75613891,9.348424399,475,15,478,32,490,510
2,1000,50,7.7,28,64,959,20,12,9,41,8.329741489,112,527,52.1698357,9.936548176,7.541111506,9.147282551,495,14,464,27,509,491
1,1000,50,7.7,28,56,965,22,4,9,35,8.091549982,94,551,52.21364414,9.813288405,7.708817613,8.456341771,479,9,486,26,488,512
6,1000,50,7.7,28,61,953,28,12,7,47,8.359154221,109,521,51.74991917,10.06713137,7.709743396,8.990632597,483,10,470,37,493,507
7,1000,50,7.7,28,61,940,39,12,9,60,8.282931466,96,529,51.85961833,9.971653201,7.553014285,8.995538357,473,21,467,39,494,506
3,1000,50,7.7,28,66,950,35,9,6,50,8.471539154,124,517,51.94217721,10.12099392,7.794551097,9.148527211,484,16,466,34,500,500
8,1000,50,7.7,28,62,952,29,11,8,48,8.570837896,90,524,52.07218603,10.01552721,8.172014033,8.974476534,482,21,470,27,503,497
4,1000,50,7.7,28,66,948,28,11,13,52,8.399664413,88,504,51.99774703,10.23517221,7.602837915,9.162185269,473,16,475,36,489,511
5,1000,50,7.7,28,65,953,29,11,7,47,8.596033751,109,500,52.3047785,10.10698341,7.783820375,9.376395623,475,15,478,32,490,510
2,1000,50,7.7,28,65,959,21,11,9,41,8.34338989,122,573,52.19000246,9.965288185,7.583333103,9.131310265,495,14,464,27,509,491
1,1000,50,7.7,28,57,964,22,5,9,36,8.125207388,117,534,52.25850616,9.830878936,7.726659904,8.505072959,478,10,486,26,488,512
3,1000,50,7.7,28,67,950,35,9,6,50,8.481749693,106,534,51.97299042,10.15158275,7.816703104,9.146796282,483,17,467,33,500,500
4,1000,50,7.7,28,67,950,30,10,10,50,8.344053201,96,534,52.03671378,10.26488211,7.540220613,9.113278515,474,15,476,35,489,511
7,1000,50,7.7,28,62,942,39,10,9,58,8.282940316,102,539,51.9193053,9.968072224,7.557630336,8.991049269,473,21,469,37,494,506
8,1000,50,7.7,28,63,953,29,11,7,47,8.570635289,93,524,52.1166658,10.03549512,8.202355166,8.943361451,481,22,472,25,503,497
6,1000,50,7.7,28,62,953,27,13,7,47,8.338989651,97,484,51.76368632,10.07434044,7.666377153,8.993029023,483,10,470,37,493,507
5,1000,50,7.7,28,66,952,29,12,7,48,8.603318755,102,533,52.34405076,10.13585513,7.802691035,9.372549308,475,15,477,33,490,510
2,1000,50,7.7,28,66,959,21,11,9,41,8.322773372,122,536,52.20971625,10.00792447,7.567156303,9.106091272,495,14,464,27,509,491
3,1000,50,7.7,28,68,951,34,9,6,49,8.493794664,100,539,52.02226478,10.15974895,7.836182126,9.151407202,483,17,468,32,500,500
4,1000,50,7.7,28,68,950,30,10,10,50,8.406550138,110,501,52.06703444,10.28471972,7.614358469,9.164635709,474,15,476,35,489,511
1,1000,50,7.7,28,58,965,22,4,9,35,8.140375092,95,530,52.29171764,9.836173048,7.763250698,8.499821781,478,10,487,25,488,512
8,1000,50,7.7,28,64,954,29,10,7,46,8.582929812,102,524,52.10131158,10.06195241,8.217841797,8.952425327,481,22,473,24,503,497
7,1000,50,7.7,28,63,943,39,10,8,57,8.272397144,90,529,51.9379326,9.992028018,7.572850361,8.955353884,474,20,469,37,494,506
5,1000,50,7.7,28,67,953,30,11,6,47,8.590966644,106,527,52.36368142,10.16545131,7.852376967,9.300592019,475,15,478,32,490,510
6,1000,50,7.7,28,63,952,28,13,7,48,8.347537811,101,531,51.78487167,10.09640419,7.690480313,8.98645171,482,11,470,37,493,507
2,1000,50,7.7,28,67,959,21,11,9,41,8.348272027,111,516,52.22551937,10.02883215,7.602205084,9.121689693,495,14,464,27,509,491
3,1000,50,7.7,28,69,951,35,8,6,49,8.511926837,102,529,52.07000214,10.19440073,7.864896953,9.15895672,483,17,468,32,500,500
4,1000,50,7.7,28,69,949,31,10,10,51,8.416219767,110,559,52.10852777,10.31317326,7.613515137,9.184365686,474,15,475,36,489,511
8,1000,50,7.7,28,65,955,28,10,7,45,8.603168369,101,531,52.15915258,10.0952925,8.24900601,8.961606331,481,22,474,23,503,497
7,1000,50,7.7,28,64,944,38,10,8,56,8.301970275,100,511,51.98189228,10.00485693,7.62120048,8.966595332,474,20,470,36,494,506
5,1000,50,7.7,28,68,952,30,12,6,48,8.582500564,93,532,52.39611114,10.19516956,7.852145101,9.284214637,476,14,476,34,490,510
1,1000,50,7.7,28,59,963,23,5,9,37,8.194867543,101,537,52.36716609,9.85719309,7.804152093,8.567268206,477,11,486,26,488,512
6,1000,50,7.7,28,64,952,28,12,8,48,8.360513013,114,524,51.81784839,10.11943961,7.693934691,9.008684832,482,11,470,37,493,507
2,1000,50,7.7,28,68,959,22,11,8,41,8.366494101,122,533,52.25343263,10.04670296,7.601283406,9.159757326,495,14,464,27,509,491
3,1000,50,7.7,28,70,953,34,6,7,47,8.503697339,104,536,52.11683593,10.20543837,7.846485576,9.160909102,484,16,469,31,500,500
4,1000,50,7.7,28,70,950,29,11,10,50,8.446633142,113,525,52.10431118,10.30485693,7.655054862,9.204131731,475,14,475,36,489,511
8,1000,50,7.7,28,66,956,27,10,7,44,8.615546096,102,555,52.201406,10.11818292,8.270783811,8.964470501,481,22,475,22,503,497
5,1000,50,7.7,28,69,952,30,11,7,48,8.621841579,117,535,52.46844482,10.21475472,7.895473125,9.319724996,476,14,476,34,490,510
7,1000,50,7.7,28,65,945,36,11,8,55,8.311078903,107,510,52.00616225,10.02546784,7.636535587,8.969625145,474,20,471,35,494,506
1,1000,50,7.7,28,60,963,23,5,9,37,8.2280953,92,513,52.38796548,9.868225965,7.810906965,8.625727931,477,11,486,26,488,512
2,1000,50,7.7,28,69,960,22,11,7,40,8.346870828,104,543,52.28023164,10.07251299,7.599991796,9.121130354,495,14,465,26,509,491
6,1000,50,7.7,28,65,953,27,12,8,47,8.408875019,96,534,51.84634566,10.13973966,7.739220027,9.060038551,482,11,471,36,493,507
3,1000,50,7.7,28,71,953,31,9,7,47,8.537659207,102,527,52.1148454,10.21609315,7.888510677,9.186807737,483,17,470,30,500,500
4,1000,50,7.7,28,71,949,30,10,11,51,8.497710666,119,516,52.11443048,10.34048544,7.719325667,9.242583981,475,14,474,37,489,511
8,1000,50,7.7,28,67,958,25,10,7,42,8.631694935,105,526,52.2135802,10.12809365,8.297528928,8.96989514,482,21,476,21,503,497
5,1000,50,7.7,28,70,952,29,12,7,48,8.657208799,103,524,52.52057145,10.20344016,7.929140932,9.356724985,476,14,476,34,490,510
2,1000,50,7.7,28,70,959,23,10,8,41,8.361017677,106,531,52.32993368,10.06893547,7.621131439,9.128028054,494,15,465,26,509,491
7,1000,50,7.7,28,66,944,37,11,8,56,8.353870339,92,512,52.04316695,10.04592296,7.675280886,9.016366762,473,21,471,35,494,506
6,1000,50,7.7,28,66,953,28,12,7,47,8.429099911,122,501,51.88150922,10.163619,7.74399312,9.095288565,482,11,471,36,493,507
1,1000,50,7.7,28,61,962,24,5,9,38,8.235107283,121,553,52.3850382,9.890465765,7.844034852,8.607848195,476,12,486,26,488,512
3,1000,50,7.7,28,72,953,31,9,7,47,8.525444625,97,527,52.15088957,10.25789116,7.870523228,9.180366021,483,17,470,30,500,500
4,1000,50,7.7,28,72,951,28,10,11,49,8.517791443,93,553,52.20396335,10.33965092,7.76116251,9.241845354,475,14,476,35,489,511
8,1000,50,7.7,28,68,958,26,8,8,42,8.637521311,115,530,52.24240085,10.1614418,8.258509322,9.021108897,483,20,475,22,503,497
5,1000,50,7.7,28,71,952,28,13,7,48,8.687650501,117,533,52.56970971,10.22167368,7.959642059,9.387109592,477,13,475,35,490,510
2,1000,50,7.7,28,71,959,22,11,8,41,8.385567036,112,534,52.38957455,10.07408267,7.660638029,9.137071851,494,15,465,26,509,491
6,1000,50,7.7,28,67,954,28,12,6,46,8.439570609,102,523,51.92802172,10.18488665,7.767920422,9.092674242,482,11,472,35,493,507
7,1000,50,7.7,28,67,944,37,11,8,56,8.387464685,107,496,52.10402611,10.07714159,7.756732217,9.003239071,473,21,471,35,494,506
3,1000,50,7.7,28,73,952,32,9,7,48,8.559136032,91,551,52.19436411,10.30177985,7.93226091,9.186011154,482,18,470,30,500,500
4,1000,50,7.7,28,73,952,27,10,11,48,8.535862625,106,531,52.2703421,10.34206452,7.796751348,9.243153063,475,14,477,34,489,511
1,1000,50,7.7,28,62,963,24,4,9,37,8.272840653,108,535,52.42199928,9.91676534,7.888713147,8.638962182,476,12,487,25,488,512
8,1000,50,7.7,28,69,958,26,8,8,42,8.6351675,102,498,52.29923627,10.19140435,8.268887014,9.005869883,483,20,475,22,503,497
2,1000,50,7.7,28,72,958,23,11,8,42,8.438779174,94,540,52.44972123,10.0816445,7.709928542,9.194349381,493,16,465,26,509,491
3,1000,50,7.7,28,74,952,32,9,7,48,8.59188343,94,522,52.23116846,10.29241001,7.94031818,9.243448679,483,17,469,31,500,500
5,1000,50,7.7,28,72,951,29,13,7,49,8.720600201,106,573,52.6255036,10.2332706,8.00837066,9.404899172,476,14,475,35,490,510
4,1000,50,7.7,28,74,951,28,10,11,49,8.575882837,110,541,52.29721206,10.37995962,7.844227405,9.276038426,474,15,477,34,489,511
6,1000,50,7.7,28,68,955,28,11,6,45,8.429216416,105,505,51.93673578,10.22196697,7.772992462,9.067319787,483,10,472,35,493,507
7,1000,50,7.7,28,68,943,36,13,8,57,8.419528215,93,516,52.12270809,10.10100782,7.79739125,9.026910943,472,22,471,35,494,506
1,1000,50,7.7,28,63,964,23,4,9,36,8.265444564,97,534,52.46289921,9.921960124,7.90134008,8.612481651,476,12,488,24,488,512
8,1000,50,7.7,28,70,959,26,7,8,41,8.626719395,93,525,52.33008011,10.20862375,8.26167092,8.996174893,484,19,475,22,503,497
2,1000,50,7.7,28,73,958,23,11,8,42,8.447628695,98,533,52.46921293,10.08924488,7.675083033,9.248495786,494,15,464,27,509,491
3,1000,50,7.7,28,75,951,33,9,7,49,8.608820884,108,535,52.27457693,10.30582745,7.928946689,9.288695079,482,18,469,31,500,500
4,1000,50,7.7,28,75,949,29,10,12,51,8.634762936,111,536,52.33628638,10.40177176,7.869560696,9.367021047,473,16,476,35,489,511
5,1000,50,7.7,28,73,951,29,13,7,49,8.71664516,105,510,52.66002794,10.23186851,8.041249128,9.365555074,476,14,475,35,490,510
7,1000,50,7.7,28,69,943,35,14,8,57,8.450028736,103,527,52.16100405,10.12638684,7.806150274,9.078637354,473,21,470,36,494,506
6,1000,50,7.7,28,69,952,30,12,6,48,8.424058899,126,555,51.95808258,10.24270111,7.752367771,9.077202343,482,11,470,37,493,507
8,1000,50,7.7,28,71,959,26,7,8,41,8.678476918,109,525,52.35413159,10.23641348,8.312148083,9.049228235,484,19,475,22,503,497
1,1000,50,7.7,28,64,963,24,4,9,37,8.326080134,112,540,52.4794648,9.955090926,7.983610708,8.652496305,474,14,489,23,488,512
2,1000,50,7.7,28,74,960,23,9,8,40,8.42977334,100,543,52.47905243,10.09634799,7.694585093,9.191913499,494,15,466,25,509,491
3,1000,50,7.7,28,76,952,35,8,5,48,8.573644008,132,520,52.29166578,10.33984127,7.941578209,9.205709807,482,18,470,30,500,500
4,1000,50,7.7,28,76,949,29,10,12,51,8.634900662,114,508,52.36152841,10.41454047,7.878977843,9.358278858,473,16,476,35,489,511
5,1000,50,7.7,28,74,950,28,14,8,50,8.753869332,102,523,52.69974664,10.23907023,8.052473308,9.427759629,476,14,474,36,490,510
8,1000,50,7.7,28,72,957,27,8,8,43,8.675282153,115,524,52.39391337,10.25586714,8.28043628,9.074894777,483,20,474,23,503,497
6,1000,50,7.7,28,70,952,30,12,6,48,8.451612694,120,485,51.97097587,10.24626465,7.760446606,9.123693328,483,10,469,38,493,507
7,1000,50,7.7,28,70,943,35,14,8,57,8.456473416,104,571,52.20830804,10.146131,7.84868406,9.049848794,473,21,470,36,494,506
2,1000,50,7.7,28,75,959,23,10,8,41,8.467532478,122,543,52.51981076,10.12917117,7.731443935,9.230605937,493,16,466,25,509,491
3,1000,50,7.7,28,77,952,36,6,6,48,8.579090713,104,537,52.30767696,10.36265097,7.960903536,9.197277889,481,19,471,29,500,500
4,1000,50,7.7,28,77,950,27,11,12,50,8.618030119,107,516,52.41246857,10.3980292,7.874140828,9.329892866,473,16,477,34,489,511
1,1000,50,7.7,28,65,962,25,4,9,38,8.324892887,96,528,52.5275952,9.997025838,8.026285489,8.609503063,473,15,489,23,488,512
5,1000,50,7.7,28,75,952,26,14,8,48,8.766329138,123,524,52.73298819,10.27461825,8.103603932,9.403065119,477,13,475,35,490,510
8,1000,50,7.7,28,73,957,27,8,8,43,8.69861422,111,531,52.41859704,10.27389994,8.303208944,9.098793001,483,20,474,23,503,497
7,1000,50,7.7,28,71,943,35,14,8,57,8.471115015,106,525,52.24844403,10.16161874,7.857632607,9.070048433,473,21,470,36,494,506
6,1000,50,7.7,28,71,952,30,12,6,48,8.469623041,108,495,51.99728469,10.27063656,7.775055988,9.145010729,483,10,469,38,493,507
2,1000,50,7.7,28,76,959,24,10,7,41,8.504441952,106,530,52.54529427,10.15947205,7.813700571,9.220505828,493,16,466,25,509,491
3,1000,50,7.7,28,78,952,35,7,6,48,8.633030368,122,524,52.35809885,10.36282863,8.055977987,9.210082749,481,19,471,29,500,500
4,1000,50,7.7,28,78,950,27,11,12,50,8.611086461,99,563,52.41403956,10.40653664,7.878829525,9.311817658,473,16,477,34,489,511
1,1000,50,7.7,28,66,960,27,4,9,40,8.353188821,98,547,52.58214236,9.995614557,8.044131764,8.647758828,471,17,489,23,488,512
5,1000,50,7.7,28,76,952,26,14,8,48,8.753041838,115,521,52.75402933,10.28564058,8.066518615,9.412642582,477,13,475,35,490,510
8,1000,50,7.7,28,74,956,28,8,8,44,8.699392687,105,536,52.45833303,10.28680088,8.280431038,9.123412223,482,21,474,23,503,497
6,1000,50,7.7,28,72,952,30,12,6,48,8.495592115,104,511,52.0188643,10.29023806,7.793391866,9.17840222,483,10,469,38,493,507
3,1000,50,7.7,28,79,951,36,7,6,49,8.663399776,98,520,52.39200644,10.40472104,8.097360804,9.229438749,481,19,470,30,500,500
7,1000,50,7.7,28,72,944,34,14,8,56,8.46025754,118,538,52.25984754,10.18382216,7.832893724,9.072743162,474,20,470,36,494,506
2,1000,50,7.7,28,77,959,24,10,7,41,8.518056302,105,539,52.57687681,10.1906361,7.839298883,9.221696885,493,16,466,25,509,491
4,1000,50,7.7,28,79,951,28,10,11,49,8.602635274,83,539,52.43711609,10.45865438,7.910966728,9.264525526,473,16,478,33,489,511
1,1000,50,7.7,28,67,960,27,4,9,40,8.384155581,93,546,52.61712814,10.01654982,8.100194827,8.654805674,471,17,489,23,488,512
5,1000,50,7.7,28,77,952,25,15,8,48,8.760892577,96,527,52.80581143,10.30342373,8.092757317,9.402826455,477,13,475,35,490,510
3,1000,50,7.7,28,80,950,35,9,6,50,8.74907483,103,516,52.43108588,10.43000322,8.180052675,9.318096984,480,20,470,30,500,500
8,1000,50,7.7,28,75,958,27,7,8,42,8.71993513,109,519,52.52146562,10.29122669,8.301360605,9.143562869,483,20,475,22,503,497
7,1000,50,7.7,28,73,942,36,13,9,58,8.521545046,114,518,52.30722354,10.21276114,7.892054302,9.136107155,474,20,468,38,494,506
6,1000,50,7.7,28,73,951,31,12,6,49,8.520495115,109,530,52.07087953,10.29118791,7.76953422,9.250719418,483,10,468,39,493,507
2,1000,50,7.7,28,78,958,25,10,7,42,8.542128077,93,544,52.64230365,10.21096044,7.88260846,9.225825602,493,16,465,26,509,491
4,1000,50,7.7,28,80,952,27,10,11,48,8.593880553,127,500,52.42810128,10.4606214,7.883383331,9.273788853,474,15,478,33,489,511
5,1000,50,7.7,28,78,951,25,15,9,49,8.773865465,124,528,52.8233948,10.31009095,8.084797591,9.435911069,476,14,475,35,490,510
1,1000,50,7.7,28,68,960,29,3,8,40,8.43196676,126,535,52.657652,10.03488904,8.185971216,8.666431262,470,18,490,22,488,512
3,1000,50,7.7,28,81,950,35,9,6,50,8.752312086,116,523,52.44793517,10.46476147,8.188118199,9.316505974,479,21,471,29,500,500
7,1000,50,7.7,28,74,941,38,11,10,59,8.554457486,88,471,52.35030069,10.24899702,7.927485075,9.166560985,474,20,467,39,494,506
6,1000,50,7.7,28,74,952,32,11,5,48,8.553622798,104,539,52.14897921,10.29118232,7.804559628,9.282001778,483,10,469,38,493,507
4,1000,50,7.7,28,81,951,28,10,11,49,8.609807984,114,549,52.46774867,10.50280944,7.924608405,9.265507776,473,16,478,33,489,511
8,1000,50,7.7,28,76,957,27,8,8,43,8.70736903,100,525,52.5654542,10.31306663,8.325044039,9.094309614,482,21,475,22,503,497
2,1000,50,7.7,28,79,959,25,9,7,41,8.557390302,97,514,52.69280752,10.243158,7.924309484,9.213679786,493,16,466,25,509,491
5,1000,50,7.7,28,79,949,27,15,9,51,8.806921336,125,550,52.83743533,10.34192846,8.089553007,9.496157572,475,15,474,36,490,510
3,1000,50,7.7,28,82,951,34,9,6,49,8.74402593,121,539,52.47060992,10.48193148,8.172491471,9.31556039,480,20,471,29,500,500
1,1000,50,7.7,28,69,959,30,3,8,41,8.431589662,92,541,52.71556768,10.06012735,8.157319337,8.693003567,471,17,488,24,488,512
6,1000,50,7.7,28,75,952,31,11,6,48,8.551862611,99,538,52.18638632,10.30418053,7.757286801,9.324497472,483,10,469,38,493,507
7,1000,50,7.7,28,75,941,37,12,10,59,8.542557872,122,509,52.3620888,10.27027297,7.915621111,9.154626567,473,21,468,38,494,506
4,1000,50,7.7,28,82,952,27,10,11,48,8.655030681,108,520,52.5395406,10.53167045,7.949231395,9.330443304,474,15,478,33,489,511
2,1000,50,7.7,28,80,959,24,9,8,41,8.560376194,115,542,52.73170253,10.27198975,7.928609969,9.21530289,493,16,466,25,509,491
8,1000,50,7.7,28,77,957,27,7,9,43,8.747301033,107,569,52.60398698,10.33031515,8.386403313,9.112555666,482,21,475,22,503,497
5,1000,50,7.7,28,80,946,30,15,9,54,8.827264925,105,559,52.87329957,10.38288914,8.151007137,9.4770028,472,18,474,36,490,510
3,1000,50,7.7,28,83,952,33,9,6,48,8.745942159,107,531,52.47508711,10.51552812,8.183165898,9.30871842,481,19,471,29,500,500
6,1000,50,7.7,28,76,950,33,12,5,50,8.577457721,115,554,52.19098228,10.34059325,7.753840072,9.378332476,483,10,467,40,493,507
1,1000,50,7.7,28,70,959,30,3,8,41,8.430740404,105,538,52.75354651,10.0966478,8.148933166,8.699337928,471,17,488,24,488,512
4,1000,50,7.7,28,83,952,27,10,11,48,8.635290866,113,533,52.61313645,10.55215799,7.961572898,9.280003363,474,15,478,33,489,511
2,1000,50,7.7,28,81,960,23,9,8,40,8.5693243,95,501,52.75852047,10.29681714,7.935537474,9.226345675,494,15,466,25,509,491
7,1000,50,7.7,28,76,941,37,12,10,59,8.560834482,103,500,52.39876424,10.28963459,7.936313005,9.170545173,473,21,468,38,494,506
8,1000,50,7.7,28,78,956,28,8,8,44,8.736371801,97,529,52.64281766,10.35115626,8.385582094,9.091396393,482,21,474,23,503,497
5,1000,50,7.7,28,81,946,30,15,9,54,8.828911025,98,545,52.89791457,10.38834943,8.155593217,9.475824212,472,18,474,36,490,510
3,1000,50,7.7,28,84,951,34,9,6,49,8.743730366,98,525,52.535048,10.53865302,8.191957561,9.295503171,480,20,471,29,500,500
6,1000,50,7.7,28,77,952,32,11,5,48,8.567699843,116,537,52.21758864,10.3791784,7.760172806,9.352928304,483,10,469,38,493,507
4,1000,50,7.7,28,84,952,27,10,11,48,8.663618906,115,510,52.62665155,10.57200455,8.020359288,9.279184373,474,15,478,33,489,511
2,1000,50,7.7,28,82,961,22,9,8,39,8.623361093,109,531,52.79162718,10.3171069,7.954098739,9.317158522,495,14,466,25,509,491
7,1000,50,7.7,28,77,942,36,12,10,58,8.576136031,122,498,52.43975518,10.32274066,7.975224987,9.162796221,473,21,469,37,494,506
8,1000,50,7.7,28,79,956,28,6,10,44,8.747592093,105,522,52.69350971,10.38509155,8.39686769,9.102550593,482,21,474,23,503,497
1,1000,50,7.7,28,71,956,33,3,8,44,8.467124333,96,559,52.76775714,10.11459493,8.206988053,8.715066726,469,19,487,25,488,512
5,1000,50,7.7,28,82,945,31,15,9,55,8.848279546,108,519,52.92302761,10.38841796,8.163486446,9.506218015,472,18,473,37,490,510
3,1000,50,7.7,28,85,952,33,9,6,48,8.745080783,103,516,52.57483191,10.5919206,8.199879701,9.290281865,480,20,472,28,500,500
4,1000,50,7.7,28,85,953,28,9,10,47,8.649049212,126,544,52.65053127,10.59013801,8.055570745,9.216976747,473,16,480,31,489,511
6,1000,50,7.7,28,78,951,33,11,5,49,8.599005691,110,524,52.23698081,10.37379152,7.812965642,9.363340492,481,12,470,37,493,507
2,1000,50,7.7,28,83,960,23,9,8,40,8.656812327,111,546,52.82240737,10.33717828,7.994382351,9.343526904,494,15,466,25,509,491
7,1000,50,7.7,28,78,944,34,12,10,56,8.584305664,132,520,52.47393874,10.32456697,7.98637368,9.168057442,473,21,471,35,494,506
8,1000,50,7.7,28,80,953,31,6,10,47,8.776543103,110,554,52.75682064,10.40545477,8.41750833,9.1399123,480,23,473,24,503,497
1,1000,50,7.7,28,72,956,33,3,8,44,8.483737466,103,537,52.79213182,10.10613041,8.202764957,8.751539388,469,19,487,25,488,512
5,1000,50,7.7,28,83,944,32,15,9,56,8.847779794,110,556,52.94762557,10.38626753,8.182201019,9.487257441,471,19,473,37,490,510
3,1000,50,7.7,28,86,952,33,9,6,48,8.772859538,120,545,52.61143818,10.59943685,8.238148782,9.307570293,480,20,472,28,500,500
4,1000,50,7.7,28,86,953,28,9,10,47,8.66986081,96,550,52.69655452,10.62039256,8.079187255,9.235104193,473,16,480,31,489,511
6,1000,50,7.7,28,79,951,33,11,5,49,8.611467971,99,512,52.24913594,10.39591852,7.809068946,9.39171002,482,11,469,38,493,507
2,1000,50,7.7,28,84,958,25,8,9,42,8.722228565,113,546,52.84400737,10.35876238,8.04882353,9.420320547,492,17,466,25,509,491
7,1000,50,7.7,28,79,946,32,12,10,54,8.5999853,129,537,52.53132069,10.33369462,8.061251001,9.12594329,473,21,473,33,494,506
8,1000,50,7.7,28,81,953,31,6,10,47,8.818883968,107,501,52.80151593,10.43877807,8.492489016,9.149219301,480,23,473,24,503,497
5,1000,50,7.7,28,84,944,30,17,9,56,8.877227253,92,532,52.98219268,10.38437009,8.247736896,9.482031715,471,19,473,37,490,510
1,1000,50,7.7,28,73,957,32,3,8,43,8.515541798,97,535,52.84769919,10.1256572,8.204276296,8.81221673,470,18,487,25,488,512
3,1000,50,7.7,28,87,953,32,9,6,47,8.77918934,111,545,52.68405954,10.59003749,8.250100594,9.308278086,480,20,473,27,500,500
4,1000,50,7.7,28,87,954,28,8,10,46,8.681200171,114,540,52.72372143,10.65190651,8.097464821,9.239804058,474,15,480,31,489,511
6,1000,50,7.7,28,80,953,32,10,5,47,8.605079716,90,515,52.31070666,10.40400091,7.817072275,9.371327584,482,11,471,36,493,507
2,1000,50,7.7,28,85,958,25,8,9,42,8.744599203,105,523,52.87605052,10.37123676,8.066305065,9.44775952,492,17,466,25,509,491
7,1000,50,7.7,28,80,946,32,12,10,54,8.632565227,127,533,52.57070073,10.36044411,8.104297323,9.148305039,473,21,473,33,494,506
5,1000,50,7.7,28,85,944,30,17,9,56,8.915396306,115,512,53.04230078,10.40874037,8.277368717,9.528403206,471,19,473,37,490,510
8,1000,50,7.7,28,82,953,31,5,11,47,8.824412824,111,550,52.85192418,10.46021415,8.51026673,9.142351425,480,23,473,24,503,497
1,1000,50,7.7,28,74,956,33,3,8,44,8.562286133,107,525,52.88756633,10.17146268,8.246781274,8.863001702,469,19,487,25,488,512
3,1000,50,7.7,28,88,953,33,8,6,47,8.778055728,114,557,52.72708827,10.60964977,8.227204779,9.328906676,480,20,473,27,500,500
4,1000,50,7.7,28,88,952,29,9,10,48,8.688065446,119,526,52.74589747,10.68267759,8.080838009,9.269150019,473,16,479,32,489,511
6,1000,50,7.7,28,81,953,31,11,5,47,8.631985654,107,528,52.33342709,10.4242645,7.827198758,9.414549637,482,11,471,36,493,507
2,1000,50,7.7,28,86,957,26,8,9,43,8.780277176,95,536,52.92498812,10.41142276,8.115751653,9.469164123,492,17,465,26,509,491
7,1000,50,7.7,28,81,946,32,13,9,54,8.661491667,100,494,52.59709619,10.40077733,8.154600027,9.156362161,472,22,474,32,494,506
5,1000,50,7.7,28,86,946,28,17,9,54,8.926962963,111,527,53.05393199,10.42624981,8.285795417,9.542986683,472,18,474,36,490,510
8,1000,50,7.7,28,83,954,30,5,11,46,8.814748692,94,527,52.89273432,10.48097033,8.487041874,9.146411729,481,22,473,24,503,497
1,1000,50,7.7,28,75,956,33,3,8,44,8.559130473,111,519,52.90661016,10.18109168,8.245273843,8.858275073,469,19,487,25,488,512
3,1000,50,7.7,28,89,953,31,10,6,47,8.774651954,107,564,52.7569906,10.63338915,8.191104075,9.358199834,481,19,472,28,500,500
4,1000,50,7.7,28,89,952,30,9,9,48,8.689085847,112,513,52.78504391,10.7200386,8.091866608,9.260593102,473,16,479,32,489,511
6,1000,50,7.7,28,82,955,27,13,5,45,8.639967026,113,523,52.35971365,10.4349982,7.878628576,9.380282323,482,11,473,34,493,507
2,1000,50,7.7,28,87,956,27,8,9,44,8.7952524,107,517,52.93734545,10.40867438,8.15193586,9.462152846,492,17,464,27,509,491
5,1000,50,7.7,28,87,946,28,17,9,54,8.938901085,115,549,53.126431,10.44353148,8.317184223,9.536236895,472,18,474,36,490,510
8,1000,50,7.7,28,84,954,30,5,11,46,8.828506743,128,501,52.91122032,10.49864601,8.50194423,9.159011661,481,22,473,24,503,497
7,1000,50,7.7,28,82,946,32,13,9,54,8.648505967,121,551,52.62007561,10.41432777,8.123070114,9.16148089,472,22,474,32,494,506
3,1000,50,7.7,28,90,954,29,11,6,46,8.797576937,112,530,52.77542483,10.64275426,8.222234357,9.372919517,481,19,473,27,500,500
4,1000,50,7.7,28,90,953,29,9,9,47,8.671470052,103,524,52.80719375,10.73944844,8.028854865,9.286418833,474,15,479,32,489,511
2,1000,50,7.7,28,88,955,28,8,9,45,8.828406158,114,520,52.95958819,10.42962126,8.198121635,9.481796834,492,17,463,28,509,491
8,1000,50,7.7,28,85,953,31,5,11,47,8.832305435,128,536,52.9266384,10.50052239,8.493630955,9.175068541,480,23,473,24,503,497
1,1000,50,7.7,28,76,957,33,3,7,43,8.563885247,98,550,52.95299564,10.1984884,8.269201435,8.844755755,469,19,488,24,488,512
5,1000,50,7.7,28,88,946,27,18,9,54,8.969277357,102,534,53.1334345,10.45544183,8.346670732,9.567468036,472,18,474,36,490,510
6,1000,50,7.7,28,83,955,28,12,5,45,8.655241064,91,503,52.37623616,10.46861029,7.894416263,9.395056896,481,12,474,33,493,507
7,1000,50,7.7,28,83,946,31,14,9,54,8.674028867,100,527,52.6633108,10.42900078,8.161343005,9.17455617,472,22,474,32,494,506
3,1000,50,7.7,28,91,953,29,12,6,47,8.797206589,119,523,52.81886204,10.67997508,8.202167646,9.392245533,481,19,472,28,500,500
4,1000,50,7.7,28,91,951,31,9,9,49,8.714949974,100,541,52.86458616,10.79815281,8.074224298,9.328090592,473,16,478,33,489,511
2,1000,50,7.7,28,89,954,29,8,9,46,8.864506554,90,513,53.01360368,10.45493968,8.251909434,9.499561409,492,17,462,29,509,491
8,1000,50,7.7,28,86,954,29,6,11,46,8.84899794,117,529,52.96200482,10.52155289,8.491673513,9.210636142,481,22,473,24,503,497
6,1000,50,7.7,28,84,955,28,12,5,45,8.65749223,108,511,52.37838168,10.50716147,7.929576518,9.365307706,481,12,474,33,493,507
1,1000,50,7.7,28,77,957,32,4,7,43,8.593083678,122,545,53.00166037,10.24173274,8.29884264,8.873532166,469,19,488,24,488,512
5,1000,50,7.7,28,89,943,30,19,8,57,8.979365356,113,524,53.17516905,10.47597435,8.3802905,9.55494708,470,20,473,37,490,510
3,1000,50,7.7,28,92,954,28,12,6,46,8.831140442,97,541,52.87478017,10.67910077,8.164114017,9.498166867,482,18,472,28,500,500
4,1000,50,7.7,28,92,950,31,10,9,50,8.701457,101,555,52.90666599,10.81528961,8.094295588,9.28247839,472,17,478,33,489,511
7,1000,50,7.7,28,84,946,31,14,9,54,8.653555767,109,521,52.66613815,10.43975078,8.192245554,9.103925817,471,23,475,31,494,506
2,1000,50,7.7,28,90,955,28,8,9,45,8.880286716,117,553,53.06754214,10.46491392,8.273015737,9.509820175,492,17,463,28,509,491
8,1000,50,7.7,28,87,954,29,6,11,46,8.884016854,102,548,53.00723834,10.54944206,8.529468732,9.242845236,481,22,473,24,503,497
4,1000,50,7.7,28,93,949,32,10,9,51,8.714026941,113,520,52.91568789,10.81820008,8.140941719,9.262439219,470,19,479,32,489,511
3,1000,50,7.7,28,93,955,28,11,6,45,8.834272499,117,559,52.90205071,10.71045351,8.156429828,9.512115169,482,18,473,27,500,500
5,1000,50,7.7,28,90,943,30,19,8,57,8.99947978,100,570,53.18306319,10.47062987,8.386072069,9.588832287,470,20,473,37,490,510
2,1000,50,7.7,28,91,956,27,8,9,44,8.87982879,115,539,53.08148665,10.48961571,8.257904643,9.5245526,493,16,463,28,509,491
6,1000,50,7.7,28,85,953,29,13,5,47,8.655246654,123,527,52.4156209,10.51143699,7.951640703,9.339423644,480,13,473,34,493,507
1,1000,50,7.7,28,78,956,33,4,7,44,8.63078451,108,567,53.01625256,10.25052855,8.381233695,8.86863763,468,20,488,24,488,512
7,1000,50,7.7,28,85,947,31,14,8,53,8.652530163,118,544,52.7151705,10.46650268,8.163172175,9.130282824,473,21,474,32,494,506
8,1000,50,7.7,28,88,954,29,6,11,46,8.901431129,122,529,53.0351769,10.55358747,8.531816157,9.275508254,481,22,473,24,503,497
5,1000,50,7.7,28,91,942,32,19,7,58,8.989709314,112,515,53.1910242,10.50142142,8.388324029,9.567510862,470,20,472,38,490,510
4,1000,50,7.7,28,94,948,33,10,9,52,8.739108957,113,507,52.95534829,10.81642573,8.171997332,9.281804817,469,20,479,32,489,511
3,1000,50,7.7,28,94,954,29,11,6,46,8.876510031,97,525,52.94976505,10.70162395,8.204169814,9.548850248,481,19,473,27,500,500
6,1000,50,7.7,28,86,954,29,12,5,46,8.688069227,92,522,52.45742187,10.53048128,7.987798315,9.369003269,480,13,474,33,493,507
2,1000,50,7.7,28,92,954,29,8,9,46,8.910549817,115,554,53.11661124,10.49037351,8.281827109,9.562321424,492,17,462,29,509,491
1,1000,50,7.7,28,79,957,32,4,7,43,8.632595185,122,522,53.04641337,10.26381714,8.397817068,8.856368078,469,19,488,24,488,512
7,1000,50,7.7,28,86,945,31,16,8,55,8.673695977,115,514,52.7301112,10.47983023,8.170521779,9.164937191,472,22,473,33,494,506
8,1000,50,7.7,28,89,955,28,6,11,45,8.934939121,127,552,53.07554991,10.57274888,8.560041764,9.314362402,482,21,473,24,503,497
5,1000,50,7.7,28,92,943,31,17,9,57,9.02449186,109,535,53.2195724,10.5040411,8.432288361,9.593471693,471,19,472,38,490,510
3,1000,50,7.7,28,95,954,29,11,6,46,8.889571811,107,535,52.95889755,10.70246359,8.211131449,9.568012173,481,19,473,27,500,500
4,1000,50,7.7,28,95,947,34,10,9,53,8.749242587,135,514,53.00486759,10.81806998,8.161121405,9.312043482,468,21,479,32,489,511
2,1000,50,7.7,28,93,952,30,9,9,48,8.960363262,104,544,53.16234901,10.48358194,8.288346821,9.657015743,490,19,462,29,509,491
6,1000,50,7.7,28,87,955,28,12,5,45,8.714523042,128,523,52.52048858,10.55652468,8.049508433,9.361174329,481,12,474,33,493,507
7,1000,50,7.7,28,87,943,33,15,9,57,8.704617495,122,510,52.75801219,10.4957131,8.157708294,9.238556516,471,23,472,34,494,506
1,1000,50,7.7,28,80,957,32,4,7,43,8.686157477,107,551,53.09203934,10.31336787,8.453015441,8.908370981,469,19,488,24,488,512
5,1000,50,7.7,28,93,943,31,17,9,57,9.072274322,113,529,53.23559293,10.52983956,8.475311719,9.645826626,471,19,472,38,490,510
8,1000,50,7.7,28,90,956,27,6,11,44,8.960199604,122,539,53.10129482,10.59797852,8.612103325,9.312498252,483,20,473,24,503,497
6,1000,50,7.7,28,88,954,28,12,6,46,8.758152954,112,532,52.55451503,10.59401993,8.105020285,9.393250401,481,12,473,34,493,507
3,1000,50,7.7,28,96,953,30,11,6,47,8.931097434,106,528,52.98862789,10.72538082,8.239919922,9.622274946,481,19,472,28,500,500
4,1000,50,7.7,28,96,947,34,10,9,53,8.774228882,118,521,53.03405316,10.83766898,8.174506082,9.348131914,468,21,479,32,489,511
7,1000,50,7.7,28,88,943,33,15,9,57,8.722910761,120,488,52.80054051,10.50809917,8.193683475,9.239587202,471,23,472,34,494,506
2,1000,50,7.7,28,94,952,30,9,9,48,8.943137778,103,550,53.19394673,10.48784579,8.300746897,9.609078631,490,19,462,29,509,491
1,1000,50,7.7,28,81,957,33,4,6,43,8.716357839,109,549,53.1284808,10.34037771,8.467986631,8.953086647,469,19,488,24,488,512
5,1000,50,7.7,28,94,944,30,16,10,56,9.070333287,114,547,53.25356694,10.54524825,8.461387215,9.655399121,472,18,472,38,490,510
6,1000,50,7.7,28,89,955,28,11,6,45,8.76316747,113,529,52.57521365,10.62228428,8.118724954,9.389814729,481,12,474,33,493,507
8,1000,50,7.7,28,91,955,28,6,11,45,8.968567089,117,544,53.10600713,10.60949926,8.604584765,9.336943567,482,21,473,24,503,497
3,1000,50,7.7,28,97,954,28,12,6,46,8.929617389,115,512,53.07733319,10.77013078,8.235463446,9.623771332,481,19,473,27,500,500
7,1000,50,7.7,28,89,943,32,16,9,57,8.767787377,97,529,52.8364925,10.5154444,8.284512146,9.239601535,470,24,473,33,494,506
4,1000,50,7.7,28,97,948,33,10,9,52,8.812696321,125,527,53.0539747,10.84518804,8.281277978,9.321235597,467,22,481,30,489,511
5,1000,50,7.7,28,95,944,30,15,11,56,9.11273222,114,552,53.27031302,10.58250116,8.502257798,9.699266467,472,18,472,38,490,510
1,1000,50,7.7,28,82,959,30,5,6,41,8.728918031,103,531,53.15775109,10.35237299,8.501911068,8.945284043,470,18,489,23,488,512
2,1000,50,7.7,28,95,953,29,9,9,47,8.973563853,106,563,53.25685239,10.50055085,8.342549752,9.627710854,490,19,463,28,509,491
6,1000,50,7.7,28,90,954,29,11,6,46,8.741692405,132,557,52.60273944,10.6318511,8.081969488,9.383198121,481,12,473,34,493,507
7,1000,50,7.7,28,90,942,32,17,9,58,8.783478978,116,520,52.8529347,10.5436176,8.284353574,9.270767415,470,24,472,34,494,506
3,1000,50,7.7,28,98,951,31,12,6,49,8.990014712,120,529,53.11028725,10.79810459,8.25601343,9.724015994,479,21,472,28,500,500
8,1000,50,7.7,28,92,955,28,6,11,45,9.002782712,113,520,53.12419335,10.61740391,8.655178691,9.35458316,482,21,473,24,503,497
4,1000,50,7.7,28,98,949,33,10,8,51,8.855234431,115,529,53.0872265,10.85569275,8.363532483,9.325767215,467,22,482,29,489,511
5,1000,50,7.7,28,96,944,30,15,11,56,9.110840404,105,534,53.30445516,10.61697352,8.456008383,9.739992737,473,17,471,39,490,510
1,1000,50,7.7,28,83,958,31,5,6,42,8.7837334,108,542,53.23203363,10.40433025,8.563621624,8.993527436,470,18,488,24,488,512
2,1000,50,7.7,28,96,953,28,10,9,47,9.026160044,101,568,53.26775155,10.52932352,8.44843885,9.625060426,490,19,463,28,509,491
6,1000,50,7.7,28,91,953,30,11,6,47,8.797825841,82,522,52.64707395,10.67169008,8.189441775,9.389410347,480,13,473,34,493,507
3,1000,50,7.7,28,99,949,33,12,6,51,8.981395011,105,562,53.12930123,10.81012787,8.228340898,9.734449125,480,20,469,31,500,500
7,1000,50,7.7,28,91,943,32,17,8,57,8.804575176,100,559,52.89424809,10.56153034,8.296434701,9.300664889,470,24,473,33,494,506
4,1000,50,7.7,28,99,947,33,12,8,53,8.877240284,101,549,53.1304033,10.89637796,8.362446395,9.369870835,467,22,480,31,489,511
8,1000,50,7.7,28,93,953,29,7,11,47,9.042966688,107,548,53.14308484,10.65788197,8.681650394,9.408644949,482,21,471,26,503,497
5,1000,50,7.7,28,97,943,30,16,11,57,9.128734997,113,566,53.33831933,10.64317985,8.48182314,9.750277762,473,17,470,40,490,510
2,1000,50,7.7,28,97,951,29,11,9,49,9.073058605,86,535,53.3399209,10.55312467,8.495158594,9.672144359,488,21,463,28,509,491
1,1000,50,7.7,28,84,957,32,5,6,43,8.807800047,135,527,53.25996461,10.43192617,8.604248229,9.001810373,469,19,488,24,488,512
6,1000,50,7.7,28,92,952,31,11,6,48,8.807893057,106,516,52.6917258,10.70011513,8.211760397,9.387564461,480,13,472,35,493,507
3,1000,50,7.7,28,100,950,33,12,5,50,8.986070518,120,516,53.14992364,10.83370389,8.248255802,9.723885235,480,20,470,30,500,500
4,1000,50,7.7,28,100,950,31,11,8,50,8.806419346,129,548,53.16361171,10.92721573,8.36256123,9.23116811,466,23,484,27,489,511
7,1000,50,7.7,28,92,942,33,17,8,58,8.814215041,110,526,52.93773015,10.58900453,8.304748306,9.311599561,469,25,473,33,494,506
5,1000,50,7.7,28,98,943,29,16,12,57,9.140424527,108,530,53.36023347,10.65770559,8.475664585,9.779115451,473,17,470,40,490,510
8,1000,50,7.7,28,94,953,28,8,11,47,9.046982911,99,565,53.18542184,10.67432226,8.67946644,9.4189362,482,21,471,26,503,497
2,1000,50,7.7,28,98,951,29,11,9,49,9.101580198,119,515,53.36473721,10.57540497,8.523671449,9.70067501,488,21,463,28,509,491
1,1000,50,7.7,28,85,955,34,5,6,45,8.835452944,112,553,53.33682786,10.4388398,8.605122961,9.05498621,467,21,488,24,488,512
6,1000,50,7.7,28,93,952,31,11,6,48,8.818633704,114,533,52.7577229,10.72488976,8.221838209,9.39894964,480,13,472,35,493,507
3,1000,50,7.7,28,101,950,32,12,6,50,9.005118115,118,532,53.2027039,10.85517297,8.29642985,9.71380638,479,21,471,29,500,500
5,1000,50,7.7,28,99,943,29,15,13,57,9.155736635,110,552,53.38922106,10.69180941,8.505056528,9.780899874,473,17,470,40,490,510
4,1000,50,7.7,28,101,949,32,11,8,51,8.815721729,121,509,53.22072001,10.94956095,8.384381118,9.228491902,466,23,483,28,489,511
7,1000,50,7.7,28,93,943,33,15,9,57,8.796970766,117,539,52.98077868,10.61160608,8.336070992,9.246940109,469,25,474,32,494,506
8,1000,50,7.7,28,95,953,28,8,11,47,9.110744056,118,514,53.23287201,10.70091332,8.767559293,9.458071895,482,21,471,26,503,497
2,1000,50,7.7,28,99,951,30,10,9,49,9.126119012,124,547,53.4084093,10.60684834,8.580715382,9.691517072,487,22,464,27,509,491
6,1000,50,7.7,28,94,951,32,11,6,49,8.857113594,115,532,52.76646475,10.7425127,8.254276566,9.443304235,479,14,472,35,493,507
1,1000,50,7.7,28,86,955,34,5,6,45,8.816252919,115,569,53.32478418,10.46129473,8.58324341,9.038340108,467,21,488,24,488,512
3,1000,50,7.7,28,102,949,33,12,6,51,9.02241523,107,541,53.24797895,10.87716084,8.283217646,9.761612814,479,21,470,30,500,500
5,1000,50,7.7,28,100,943,29,15,13,57,9.16287203,105,530,53.43473493,10.71782755,8.485655284,9.813531257,473,17,470,40,490,510
4,1000,50,7.7,28,102,948,33,11,8,52,8.876078389,108,542,53.25046203,10.98407045,8.453946339,9.280036456,465,24,483,28,489,511
7,1000,50,7.7,28,94,940,35,16,9,60,8.817321241,108,564,53.00055113,10.62980048,8.373726957,9.250395502,467,27,473,33,494,506
8,1000,50,7.7,28,96,952,27,10,11,48,9.142944204,93,554,53.25854029,10.69032192,8.794426411,9.495669454,481,22,471,26,503,497
2,1000,50,7.7,28,100,950,30,10,10,50,9.150262172,109,511,53.45891322,10.63455914,8.61311742,9.707098585,486,23,464,27,509,491
6,1000,50,7.7,28,95,953,31,10,6,47,8.821350141,113,533,52.776668,10.76744894,8.259237614,9.367940824,480,13,473,34,493,507
1,1000,50,7.7,28,87,956,32,5,7,44,8.84604617,115,551,53.35249963,10.47844124,8.553624055,9.124760999,468,20,488,24,488,512
5,1000,50,7.7,28,101,943,28,16,13,57,9.180895167,104,554,53.49573162,10.72468332,8.519418284,9.81643178,473,17,470,40,490,510
3,1000,50,7.7,28,103,948,33,13,6,52,9.070914845,109,529,53.24680337,10.89893925,8.317173924,9.824655766,478,22,470,30,500,500
4,1000,50,7.7,28,103,948,33,11,8,52,8.903267919,122,520,53.30637756,11.02933066,8.487170517,9.301451147,465,24,483,28,489,511
7,1000,50,7.7,28,95,940,36,15,9,60,8.81778544,105,527,53.00238421,10.63693531,8.368696789,9.256223767,467,27,473,33,494,506
2,1000,50,7.7,28,101,950,31,9,10,50,9.181919805,113,532,53.47902016,10.67083829,8.658905122,9.724108143,486,23,464,27,509,491
8,1000,50,7.7,28,97,953,25,11,11,47,9.168769266,115,548,53.30739529,10.71278241,8.859456789,9.481815897,481,22,472,25,503,497
6,1000,50,7.7,28,96,953,31,10,6,47,8.836826398,114,546,52.82146808,10.78949823,8.281699969,9.376623892,480,13,473,34,493,507
5,1000,50,7.7,28,102,942,29,16,13,58,9.19666071,124,553,53.53093395,10.74326921,8.520534536,9.846272133,473,17,469,41,490,510
1,1000,50,7.7,28,88,956,32,5,7,44,8.856835394,95,554,53.37550317,10.49234088,8.561641636,9.138191946,468,20,488,24,488,512
3,1000,50,7.7,28,104,947,33,13,7,53,9.10189753,99,529,53.27182371,10.90639054,8.32072401,9.883071051,478,22,469,31,500,500
9,1000,50,7.7,28,0,924,40,17,19,76,7.801,97,505,50.61848122,9.275264717,6.888888889,8.632887189,447,30,477,46,477,523
4,1000,50,7.7,28,104,948,33,11,8,52,8.884791473,122,524,53.35664356,11.05514921,8.472699157,9.279142045,465,24,483,28,489,511
10,1000,50,7.7,28,0,942,23,21,14,58,6.997,98,479,50.05439666,8.840666019,6.281496063,7.735772358,482,26,460,32,508,492
7,1000,50,7.7,28,96,940,36,14,10,60,8.867233502,103,535,53.01980009,10.64783577,8.407850367,9.315722175,467,27,473,33,494,506
2,1000,50,7.7,28,102,950,31,9,10,50,9.195463975,110,543,53.51681569,10.6706624,8.683411696,9.726288029,486,23,464,27,509,491
8,1000,50,7.7,28,98,953,25,11,11,47,9.152449515,108,552,53.33929373,10.71624185,8.866898559,9.441447767,480,23,473,24,503,497
5,1000,50,7.7,28,103,945,28,15,12,55,9.182536031,111,532,53.56199088,10.76960424,8.518025601,9.820987227,474,16,471,39,490,510
6,1000,50,7.7,28,97,951,33,10,6,49,8.861756008,120,527,52.87704353,10.81555298,8.32218768,9.386425014,479,14,472,35,493,507
9,1000,50,7.7,28,1,924,40,17,19,76,7.841484029,110,529,50.66003773,9.325197436,6.945429983,8.658726439,447,30,477,46,477,523
1,1000,50,7.7,28,89,955,32,6,7,45,8.888122733,109,534,53.38685757,10.50231566,8.617938743,9.145641849,467,21,488,24,488,512
10,1000,50,7.7,28,1,942,23,21,14,58,7.016979167,101,527,50.08691083,8.860138167,6.283580349,7.774228353,483,25,459,33,508,492
7,1000,50,7.7,28,97,941,34,15,10,59,8.894189381,104,516,53.05940634,10.68169375,8.445122456,9.332606497,468,26,473,33,494,506
2,1000,50,7.7,28,103,949,30,11,10,51,9.205661694,123,548,53.55760367,10.69310441,8.698538518,9.731375943,485,24,464,27,509,491
8,1000,50,7.7,28,99,953,25,11,11,47,9.177850159,121,527,53.38937595,10.70438657,8.907654567,9.45130767,480,23,473,24,503,497
5,1000,50,7.7,28,104,943,30,15,12,57,9.179531554,120,553,53.60069987,10.78408555,8.507781024,9.824938925,473,17,470,40,490,510
11,1000,50,7.7,28,0,940,37,12,11,60,7.114,101,503,50.02134166,8.900699153,6.23943662,7.978131213,472,25,468,35,497,503
6,1000,50,7.7,28,98,951,33,11,5,49,8.860661336,127,514,52.91223676,10.83414812,8.282991856,9.422379391,480,13,471,36,493,507
9,1000,50,7.7,28,2,927,39,15,19,73,7.810436189,91,525,50.70157508,9.344065701,6.906978323,8.634431221,449,28,478,45,477,523
1,1000,50,7.7,28,90,957,30,6,7,43,8.891474836,111,530,53.41809952,10.52952123,8.64619161,9.125260411,467,21,490,22,488,512
10,1000,50,7.7,28,2,942,24,20,14,58,7.034781975,90,533,50.10396891,8.845980255,6.302583499,7.790791783,483,25,459,33,508,492
7,1000,50,7.7,28,98,940,35,15,10,60,8.927736999,117,561,53.09041184,10.69667632,8.467957804,9.37661234,467,27,473,33,494,506
2,1000,50,7.7,28,104,951,29,10,10,49,9.212393183,111,540,53.59019145,10.71738348,8.695829513,9.747894013,487,22,464,27,509,491
8,1000,50,7.7,28,100,952,26,11,11,48,9.161942139,127,531,53.42160052,10.73371856,8.909266914,9.417667768,480,23,472,25,503,497
12,1000,50,7.7,28,0,933,34,20,13,67,7.177,89,525,50.34338742,9.093351597,6.095238095,8.372631579,502,23,431,44,525,475
11,1000,50,7.7,28,1,942,35,12,11,58,7.142287488,95,546,50.04752915,8.951519222,6.278587671,7.995684723,473,24,469,34,497,503
6,1000,50,7.7,28,99,950,33,12,5,50,8.89111325,115,522,52.95675526,10.8641311,8.301736301,9.464215491,480,13,470,37,493,507
9,1000,50,7.7,28,3,928,37,16,19,72,7.818941838,97,511,50.7110078,9.362649612,6.891456939,8.664850628,449,28,479,44,477,523
7,1000,50,7.7,28,99,942,32,15,11,58,8.926800892,109,503,53.14385626,10.71291328,8.475844818,9.367062356,467,27,475,31,494,506
10,1000,50,7.7,28,3,942,25,20,13,58,7.047872051,84,494,50.10799595,8.86812264,6.31612017,7.803420741,483,25,459,33,508,492
1,1000,50,7.7,28,91,955,31,7,7,45,8.926895113,111,527,53.41086056,10.54398437,8.67119576,9.170608559,466,22,489,23,488,512
12,1000,50,7.7,28,1,933,35,19,13,67,7.188302782,97,485,50.36953154,9.090801028,6.147192958,8.339003114,502,23,431,44,525,475
8,1000,50,7.7,28,101,952,26,11,11,48,9.183270973,104,537,53.45418506,10.75343893,8.972789582,9.396293386,480,23,472,25,503,497
11,1000,50,7.7,28,2,942,34,13,11,58,7.180806116,86,496,50.10967912,8.967937218,6.331566936,8.019915206,473,24,469,34,497,503
6,1000,50,7.7,28,100,951,33,10,6,49,8.911118342,114,527,52.99555751,10.87155948,8.300493092,9.504882144,481,12,470,37,493,507
9,1000,50,7.7,28,4,932,35,15,18,68,7.813448222,101,511,50.76453966,9.397232313,6.891128124,8.654646476,451,26,481,42,477,523
10,1000,50,7.7,28,4,941,26,20,13,59,7.077363139,91,490,50.13501887,8.891165562,6.354883573,7.823337976,483,25,458,34,508,492
7,1000,50,7.7,28,100,942,32,15,11,58,8.932415964,114,502,53.15645491,10.71566025,8.471175561,9.382717859,467,27,475,31,494,506
12,1000,50,7.7,28,2,933,35,19,13,67,7.221065793,95,486,50.41406185,9.107813292,6.20814878,8.340605649,502,23,431,44,525,475
1,1000,50,7.7,28,92,954,32,7,7,46,8.948272942,109,536,53.42074823,10.58381147,8.663543823,9.219655384,466,22,488,24,488,512
8,1000,50,7.7,28,102,952,26,11,11,48,9.2205493,98,532,53.54126647,10.76158692,9.017728973,9.425818162,480,23,472,25,503,497
11,1000,50,7.7,28,3,944,32,14,10,56,7.187387897,93,518,50.13994439,8.984557521,6.389380486,7.975876334,473,24,471,32,497,503
6,1000,50,7.7,28,101,952,31,11,6,48,8.945030892,112,551,53.03655477,10.88494958,8.349354612,9.524258517,481,12,471,36,493,507
9,1000,50,7.7,28,5,933,37,11,19,67,7.846817499,95,518,50.79346407,9.427043908,6.874692749,8.733439881,453,24,480,43,477,523
10,1000,50,7.7,28,5,942,26,19,13,58,7.085586693,95,505,50.17271041,8.911472017,6.385607662,7.80832927,483,25,459,33,508,492
7,1000,50,7.7,28,101,942,32,14,12,58,8.978400383,106,544,53.18934982,10.73518002,8.523118644,9.422884926,467,27,475,31,494,506
11,1000,50,7.7,28,4,944,32,15,9,56,7.200878806,91,496,50.15966289,9.000411282,6.451261042,7.941554808,472,25,472,31,497,503
12,1000,50,7.7,28,3,936,31,20,13,64,7.231092226,95,531,50.43742379,9.12063022,6.203797204,8.366523565,504,21,432,43,525,475
1,1000,50,7.7,28,93,954,32,7,7,46,8.963499254,106,535,53.45017185,10.62124951,8.687583196,9.226481746,466,22,488,24,488,512
8,1000,50,7.7,28,103,952,26,11,11,48,9.237770845,124,567,53.61404085,10.78673321,9.02106247,9.457095418,481,22,471,26,503,497
6,1000,50,7.7,28,102,952,32,10,6,48,8.952858333,127,555,53.06528199,10.92187899,8.388681947,9.501455884,480,13,472,35,493,507
9,1000,50,7.7,28,6,937,33,11,19,63,7.834860557,102,509,50.83719183,9.452408487,6.864076926,8.720259776,455,22,482,41,477,523
10,1000,50,7.7,28,6,940,28,19,13,60,7.120600774,83,492,50.1905927,8.943446485,6.433393238,7.830156522,483,25,457,35,508,492
11,1000,50,7.7,28,5,945,31,15,9,55,7.20505763,101,510,50.20062347,9.013032423,6.447763617,7.953318315,472,25,473,30,497,503
7,1000,50,7.7,28,102,939,36,13,12,61,8.997988482,135,536,53.20545183,10.76072966,8.525753042,9.459024663,466,28,473,33,494,506
12,1000,50,7.7,28,4,936,31,20,13,64,7.264567882,105,533,50.48413013,9.149630166,6.229134589,8.408994152,504,21,432,43,525,475
1,1000,50,7.7,28,94,954,32,7,7,46,8.967491802,111,546,53.47150655,10.6367436,8.730065975,9.193788293,466,22,488,24,488,512
8,1000,50,7.7,28,104,951,27,11,11,49,9.258822376,104,544,53.61738658,10.79769227,9.051222338,9.468928653,480,23,471,26,503,497
13,1000,50,7.7,28,0,945,25,8,22,55,7.247,102,513,49.78623585,8.752921953,6.506,7.988,478,22,467,33,500,500
9,1000,50,7.7,28,7,937,33,10,20,63,7.851779974,101,518,50.85143051,9.476493952,6.880866023,8.737298052,455,22,482,41,477,523
10,1000,50,7.7,28,7,940,28,19,13,60,7.149559171,101,497,50.21825774,8.963004497,6.45442556,7.867298754,483,25,457,35,508,492
6,1000,50,7.7,28,103,951,32,11,6,49,8.988890126,108,543,53.08829736,10.93706769,8.394786576,9.566588449,479,14,472,35,493,507
11,1000,50,7.7,28,6,943,34,14,9,57,7.222295761,80,509,50.23639629,9.031063099,6.424622192,8.010454338,473,24,470,33,497,503
7,1000,50,7.7,28,103,938,36,14,12,62,9.036990352,122,553,53.22496178,10.79009896,8.554769014,9.507775611,466,28,472,34,494,506
12,1000,50,7.7,28,5,936,32,19,13,64,7.255753897,87,505,50.53504498,9.184153223,6.222638792,8.39761796,504,21,432,43,525,475
9,1000,50,7.7,28,8,937,33,10,20,63,7.86843995,98,518,50.90438961,9.485526015,6.917461203,8.735776206,455,22,482,41,477,523
1,1000,50,7.7,28,95,953,33,7,7,47,8.979339479,107,542,53.50751294,10.63774758,8.743192837,9.204416747,466,22,487,25,488,512
10,1000,50,7.7,28,8,940,28,19,13,60,7.201728198,75,515,50.24577804,8.984662807,6.512552825,7.91331578,483,25,457,35,508,492
13,1000,50,7.7,28,1,944,27,8,21,56,7.290135865,86,496,49.80188689,8.762735728,6.550440504,8.029831227,478,22,466,34,500,500
6,1000,50,7.7,28,104,951,32,11,6,49,8.994801173,110,530,53.10021402,10.93251875,8.378541878,9.594043446,479,14,472,35,493,507
14,1000,50,7.7,28,0,937,28,18,17,63,7.287,97,499,49.87265196,9.07395178,6.492063492,8.094758065,485,19,452,44,504,496
11,1000,50,7.7,28,7,945,33,14,8,55,7.253999891,86,498,50.25274333,9.051736779,6.443804708,8.054530717,474,23,471,32,497,503
7,1000,50,7.7,28,104,938,35,15,12,62,9.049401367,123,560,53.23353533,10.78843999,8.591945407,9.496008569,466,28,472,34,494,506
15,1000,50,7.7,28,0,950,24,10,16,50,6.776,97,488,50.06430247,8.749411791,6.130252101,7.36259542,459,17,491,33,476,524
12,1000,50,7.7,28,6,936,32,19,13,64,7.296473731,111,490,50.59397872,9.192453419,6.288210182,8.410870286,504,21,432,43,525,475
9,1000,50,7.7,28,9,938,32,10,20,62,7.88149176,92,513,50.92545428,9.495123596,6.911163416,8.766475738,456,21,482,41,477,523
10,1000,50,7.7,28,9,940,27,20,13,60,7.287745429,91,507,50.28689394,8.983157448,6.61486466,7.982508499,482,26,458,34,508,492
13,1000,50,7.7,28,2,943,28,8,21,57,7.292121345,72,522,49.8365666,8.765929638,6.598800187,7.985442503,477,23,466,34,500,500
1,1000,50,7.7,28,96,953,33,7,7,47,8.979560962,97,549,53.56463875,10.65077206,8.771969171,9.177421889,466,22,487,25,488,512
11,1000,50,7.7,28,8,945,32,15,8,55,7.270232743,93,504,50.28894521,9.08860836,6.471491039,8.059446714,473,24,472,31,497,503
14,1000,50,7.7,28,1,939,27,17,17,61,7.29091458,106,534,49.89226319,9.08982905,6.507143588,8.087327041,486,18,453,43,504,496
15,1000,50,7.7,28,1,952,23,10,15,48,6.737470245,93,501,50.10981786,8.75614908,6.122187872,7.296390873,459,17,493,31,476,524
12,1000,50,7.7,28,7,941,29,17,13,59,7.27247662,111,503,50.65602122,9.213437645,6.326788695,8.317710643,504,21,437,38,525,475
10,1000,50,7.7,28,10,940,27,20,13,60,7.31721474,85,507,50.2982038,9.00478238,6.636614856,8.019947954,482,26,458,34,508,492
9,1000,50,7.7,28,10,941,32,10,17,59,7.87290699,98,499,50.97961588,9.50335576,6.93607498,8.727340773,457,20,484,39,477,523
11,1000,50,7.7,28,9,945,32,14,9,55,7.315596303,97,516,50.33053858,9.106117747,6.513170234,8.10845069,474,23,471,32,497,503
13,1000,50,7.7,28,3,944,29,7,20,56,7.334414582,101,502,49.88209473,8.791943052,6.655724831,8.013104333,477,23,467,33,500,500
1,1000,50,7.7,28,97,953,32,8,7,47,8.993237669,112,556,53.57983267,10.67465358,8.80821973,9.169582892,466,22,487,25,488,512
14,1000,50,7.7,28,2,939,27,17,17,61,7.307088691,101,492,49.93934093,9.113156652,6.51602814,8.110908283,486,18,453,43,504,496
12,1000,50,7.7,28,8,941,28,18,13,59,7.34423531,100,526,50.69199225,9.22279759,6.378463607,8.411667192,504,21,437,38,525,475
15,1000,50,7.7,28,2,952,23,10,15,48,6.768170936,91,493,50.14097798,8.777449519,6.184936831,7.297979016,459,17,493,31,476,524
9,1000,50,7.7,28,11,941,32,10,17,59,7.873256118,90,507,51.00832207,9.534116183,6.934942078,8.729041582,457,20,484,39,477,523
10,1000,50,7.7,28,11,942,26,19,13,58,7.311021261,106,524,50.32880292,9.00947124,6.68212834,7.960365983,482,26,460,32,508,492
11,1000,50,7.7,28,10,947,32,13,8,53,7.323164388,94,513,50.37340107,9.114906103,6.55478057,8.082382593,475,22,472,31,497,503
13,1000,50,7.7,28,4,944,28,8,20,56,7.384342873,83,487,49.92648685,8.834178433,6.696491007,8.072194739,477,23,467,33,500,500
1,1000,50,7.7,28,98,953,32,8,7,47,8.994535269,107,547,53.6429458,10.6935062,8.832031182,9.149421977,466,22,487,25,488,512
12,1000,50,7.7,28,9,943,27,17,13,57,7.33661499,90,520,50.74333811,9.243278385,6.377463426,8.396729877,505,20,438,37,525,475
14,1000,50,7.7,28,3,940,26,17,17,60,7.359952021,91,515,49.96788306,9.141903237,6.581063525,8.151403235,486,18,454,42,504,496
9,1000,50,7.7,28,12,940,32,10,18,60,7.953809146,104,534,51.0118189,9.553238464,7.037457837,8.789563591,458,19,482,41,477,523
10,1000,50,7.7,28,12,943,25,19,13,57,7.35361374,89,529,50.37017792,9.029932516,6.691958149,8.036786586,483,25,460,32,508,492
15,1000,50,7.7,28,3,952,23,10,15,48,6.810248054,87,499,50.19627771,8.773186353,6.201208219,7.363497981,459,17,493,31,476,524
11,1000,50,7.7,28,11,948,32,12,8,52,7.34185265,94,522,50.40465893,9.141166804,6.536941234,8.137162736,476,21,472,31,497,503
13,1000,50,7.7,28,5,945,29,7,19,55,7.390724971,96,536,49.97702738,8.862985239,6.730722163,8.050727779,477,23,468,32,500,500
9,1000,50,7.7,28,13,940,32,10,18,60,7.952824064,94,509,51.05971704,9.582362129,7.063193397,8.764208056,458,19,482,41,477,523
1,1000,50,7.7,28,99,951,34,8,7,49,9.013594606,128,538,53.6851092,10.73057564,8.847361144,9.172035876,464,24,487,25,488,512
12,1000,50,7.7,28,10,945,27,16,12,55,7.349239922,109,501,50.78798117,9.270101544,6.382002386,8.418291935,505,20,440,35,525,475
10,1000,50,7.7,28,13,946,23,18,13,54,7.366015974,106,517,50.44454389,9.04527117,6.71252522,8.040758459,484,24,462,30,508,492
14,1000,50,7.7,28,4,940,27,17,16,60,7.344476933,100,512,50.03632828,9.167566451,6.608433387,8.092392149,486,18,454,42,504,496
11,1000,50,7.7,28,12,948,32,11,9,52,7.391076523,87,528,50.44128274,9.171473279,6.616836199,8.156081376,476,21,472,31,497,503
15,1000,50,7.7,28,4,953,24,7,16,47,6.822388367,96,502,50.25100491,8.795854952,6.269925621,7.324243839,459,17,494,30,476,524
13,1000,50,7.7,28,6,947,29,6,18,53,7.417880231,92,499,50.01637203,8.87164212,6.743723629,8.092036833,479,21,468,32,500,500
10,1000,50,7.7,28,14,946,23,18,13,54,7.379258572,89,534,50.47502421,9.044801465,6.721831653,8.058065228,484,24,462,30,508,492
9,1000,50,7.7,28,14,939,33,10,18,61,7.976031423,100,505,51.11575846,9.6319031,7.073738953,8.79896356,457,20,482,41,477,523
12,1000,50,7.7,28,11,945,27,16,12,55,7.385992207,105,502,50.8168702,9.284207711,6.414879005,8.459327851,505,20,440,35,525,475
11,1000,50,7.7,28,13,949,32,11,8,51,7.449041817,99,516,50.48065325,9.189236681,6.69051169,8.19852387,476,21,473,30,497,503
1,1000,50,7.7,28,100,950,35,8,7,50,9.030121633,114,521,53.71051861,10.74095316,8.884182852,9.169219534,463,25,487,25,488,512
14,1000,50,7.7,28,5,944,24,16,16,56,7.335327194,89,542,50.06928844,9.186233999,6.585707602,8.097037425,488,16,456,40,504,496
15,1000,50,7.7,28,5,953,24,7,16,47,6.8296814,105,515,50.28199269,8.809557856,6.297960043,7.312695456,459,17,494,30,476,524
13,1000,50,7.7,28,7,946,30,6,18,54,7.454368394,97,513,50.04553411,8.88657586,6.783594382,8.125142407,478,22,468,32,500,500
9,1000,50,7.7,28,15,939,34,10,17,61,8.000442301,97,498,51.16925172,9.665469879,7.082849892,8.837328685,457,20,482,41,477,523
10,1000,50,7.7,28,15,946,23,18,13,54,7.396823724,96,507,50.49536736,9.045664943,6.741643353,8.073310775,484,24,462,30,508,492
11,1000,50,7.7,28,14,950,31,12,7,50,7.471772756,92,537,50.50167494,9.221330935,6.735990117,8.198778664,476,21,474,29,497,503
12,1000,50,7.7,28,12,946,27,15,12,54,7.399374981,105,518,50.85136587,9.308498125,6.450784703,8.447816868,506,19,440,35,525,475
1,1000,50,7.7,28,101,949,36,7,8,51,9.083497445,107,561,53.7384268,10.76661405,8.901631019,9.256838881,462,26,487,25,488,512
14,1000,50,7.7,28,6,945,23,16,16,55,7.357743122,85,523,50.08955889,9.206503637,6.608505648,8.119065072,488,16,457,39,504,496
15,1000,50,7.7,28,6,954,23,7,16,46,6.834404583,80,527,50.31748426,8.815674632,6.301715417,7.318297795,459,17,495,29,476,524
13,1000,50,7.7,28,8,946,30,7,17,54,7.457323259,96,498,50.09768933,8.913704579,6.804799708,8.10984681,477,23,469,31,500,500
10,1000,50,7.7,28,16,947,23,17,13,53,7.409501325,94,517,50.53540066,9.083838278,6.7486237,8.091870906,485,23,462,30,508,492
11,1000,50,7.7,28,15,950,31,12,7,50,7.483400884,91,501,50.52567767,9.255365239,6.733880584,8.223980583,477,20,473,30,497,503
9,1000,50,7.7,28,16,939,35,10,16,61,8.015991504,100,482,51.20723687,9.677485434,7.136783694,8.817869372,457,20,482,41,477,523
12,1000,50,7.7,28,13,946,27,15,12,54,7.440366822,99,498,50.91099499,9.330190893,6.52467581,8.452446362,506,19,440,35,525,475
14,1000,50,7.7,28,7,945,23,16,16,55,7.358181545,100,513,50.1644357,9.22774669,6.616806086,8.111514673,488,16,457,39,504,496
1,1000,50,7.7,28,102,949,36,7,8,51,9.101382507,108,565,53.76701485,10.7763725,8.879895104,9.312487688,462,26,487,25,488,512
15,1000,50,7.7,28,7,954,23,7,16,46,6.860743082,91,509,50.34321976,8.826889992,6.348920417,7.325681229,459,17,495,29,476,524
10,1000,50,7.7,28,17,947,23,17,13,53,7.437026713,81,497,50.56008671,9.095160929,6.763037134,8.132934652,486,22,461,31,508,492
11,1000,50,7.7,28,16,950,31,12,7,50,7.513258155,99,495,50.58969796,9.274281636,6.784118765,8.233700057,477,20,473,30,497,503
9,1000,50,7.7,28,17,941,35,10,14,59,8.008861971,113,552,51.26446797,9.693664683,7.14647959,8.795394277,458,19,483,40,477,523
13,1000,50,7.7,28,9,946,29,7,18,54,7.471018535,93,502,50.16376802,8.939593746,6.838146641,8.103890428,476,24,470,30,500,500
12,1000,50,7.7,28,14,946,26,15,13,54,7.447766399,88,528,50.96986909,9.34766449,6.529915583,8.462233089,505,20,441,34,525,475
14,1000,50,7.7,28,8,945,24,16,15,55,7.386080143,96,491,50.20352456,9.222045648,6.635572452,8.148692796,489,15,456,40,504,496
1,1000,50,7.7,28,103,948,37,7,8,52,9.112914244,118,535,53.8150996,10.80170263,8.892095794,9.323381829,461,27,487,25,488,512
9,1000,50,7.7,28,18,942,33,11,14,58,8.023442144,97,529,51.34375404,9.707938034,7.179342359,8.793299883,458,19,484,39,477,523
10,1000,50,7.7,28,18,947,24,17,12,53,7.466821687,101,522,50.59197813,9.097732301,6.799795347,8.15553994,486,22,461,31,508,492
15,1000,50,7.7,28,8,955,22,7,16,45,6.857566897,89,521,50.3841451,8.880735755,6.372463042,7.298233757,459,17,496,28,476,524
11,1000,50,7.7,28,17,949,32,13,6,51,7.534110319,76,527,50.60669357,9.287740072,6.768427194,8.290660047,477,20,472,31,497,503
13,1000,50,7.7,28,10,947,29,7,17,53,7.469141221,89,511,50.21332396,8.961182826,6.815221238,8.123061205,477,23,470,30,500,500
12,1000,50,7.7,28,15,947,25,15,13,53,7.429008907,111,497,50.98644125,9.378510989,6.510280686,8.444445363,505,20,442,33,525,475
14,1000,50,7.7,28,9,945,24,16,15,55,7.41944013,82,525,50.25430085,9.233046299,6.684901333,8.165826328,489,15,456,40,504,496
15,1000,50,7.7,28,9,957,21,7,15,43,6.836689359,89,488,50.46445739,8.903232296,6.383630659,7.248246498,459,17,498,26,476,524
9,1000,50,7.7,28,19,942,33,10,15,58,8.053227459,107,551,51.35520016,9.713032757,7.215193097,8.817553253,459,18,483,40,477,523
1,1000,50,7.7,28,104,949,36,7,8,51,9.156347462,125,565,53.85369113,10.8272164,8.954319317,9.348905536,462,26,487,25,488,512
10,1000,50,7.7,28,19,947,24,17,12,53,7.510453339,87,521,50.60847821,9.097591424,6.871527401,8.170157356,486,22,461,31,508,492
16,1000,50,7.7,28,0,947,18,14,21,53,6.979,99,510,50.0293275,8.7286615,6.478515625,7.504098361,493,19,454,34,512,488
11,1000,50,7.7,28,18,949,33,12,6,51,7.553208656,80,503,50.64399827,9.328508206,6.790010897,8.307302665,477,20,472,31,497,503
13,1000,50,7.7,28,11,947,30,8,15,53,7.437271119,93,513,50.22338803,8.976765455,6.785270534,8.089271704,478,22,469,31,500,500
12,1000,50,7.7,28,16,946,26,15,13,54,7.452124813,92,517,51.01422715,9.410034782,6.543465727,8.456432223,505,20,441,34,525,475
14,1000,50,7.7,28,10,944,24,17,15,56,7.47338645,94,506,50.30786234,9.229576923,6.741292515,8.217288351,489,15,455,41,504,496
10,1000,50,7.7,28,20,949,22,17,12,51,7.520695809,90,523,50.65507118,9.122092754,6.871405396,8.191101357,488,20,461,31,508,492
15,1000,50,7.7,28,10,958,20,7,15,42,6.867396926,95,487,50.49828805,8.951559213,6.431594457,7.263278559,459,17,499,25,476,524
9,1000,50,7.7,28,20,942,32,11,15,58,8.078303939,115,537,51.39493244,9.748364014,7.265419239,8.819692088,459,18,483,40,477,523
11,1000,50,7.7,28,19,949,33,12,6,51,7.566470138,98,526,50.67298149,9.367836496,6.824218019,8.299868355,477,20,472,31,497,503
16,1000,50,7.7,28,1,948,18,14,20,52,6.96680856,79,531,50.06222482,8.743745426,6.506579218,7.449672131,493,19,455,33,512,488
13,1000,50,7.7,28,12,949,28,7,16,51,7.448142527,94,512,50.25877658,9.006921411,6.774963726,8.121321328,480,20,469,31,500,500
12,1000,50,7.7,28,17,947,25,15,13,53,7.497411245,90,518,51.04970091,9.443949311,6.564096026,8.528970171,507,18,440,35,525,475
14,1000,50,7.7,28,11,946,23,17,14,54,7.489850207,98,529,50.34043456,9.221594054,6.783120908,8.207978367,489,15,457,39,504,496
15,1000,50,7.7,28,11,959,19,7,15,41,6.916820738,102,524,50.51261023,8.956851193,6.470422977,7.322327101,460,16,499,25,476,524
10,1000,50,7.7,28,21,949,22,16,13,51,7.534821566,106,506,50.6879615,9.151260655,6.86742566,8.223921404,488,20,461,31,508,492
9,1000,50,7.7,28,21,941,32,12,15,59,8.115563817,96,517,51.43987587,9.752391705,7.311752995,8.848676173,458,19,483,40,477,523
11,1000,50,7.7,28,20,949,34,11,6,51,7.58011685,103,484,50.70675156,9.388725028,6.824682861,8.326539699,477,20,472,31,497,503
13,1000,50,7.7,28,13,949,28,6,17,51,7.455326606,93,505,50.29931155,9.033268004,6.77521995,8.135433262,480,20,469,31,500,500
12,1000,50,7.7,28,18,947,25,15,13,53,7.506453898,82,508,51.0874289,9.472205069,6.577685674,8.532987198,507,18,440,35,525,475
14,1000,50,7.7,28,12,945,24,17,14,55,7.512762721,90,474,50.37752985,9.236602193,6.820271965,8.216422682,488,16,457,39,504,496
16,1000,50,7.7,28,2,951,16,15,18,49,6.945586302,82,497,50.09503241,8.739759937,6.432303394,7.484112632,495,17,456,32,512,488
10,1000,50,7.7,28,22,949,24,14,13,51,7.517707195,108,508,50.71553563,9.16274321,6.880164445,8.175983042,489,19,460,32,508,492
9,1000,50,7.7,28,22,941,32,11,16,59,8.12890629,101,533,51.46119406,9.767918673,7.31383243,8.872291053,458,19,483,40,477,523
13,1000,50,7.7,28,14,949,28,6,17,51,7.501550207,84,525,50.31922818,9.033214762,6.799806335,8.203294078,480,20,469,31,500,500
15,1000,50,7.7,28,12,959,18,8,15,41,6.967570647,103,500,50.54325082,8.963212879,6.520488433,7.373698764,460,16,499,25,476,524
11,1000,50,7.7,28,21,949,34,11,6,51,7.576168075,110,534,50.76157682,9.390625242,6.834852028,8.308641387,477,20,472,31,497,503
12,1000,50,7.7,28,19,949,23,15,13,51,7.502298063,89,527,51.1045149,9.50131637,6.587695951,8.513174082,507,18,442,33,525,475
10,1000,50,7.7,28,23,948,24,14,14,52,7.562897741,99,527,50.76440729,9.177024773,6.910968437,8.236027998,489,19,459,33,508,492
9,1000,50,7.7,28,23,940,34,11,15,60,8.131556701,94,520,51.46993237,9.771094392,7.269755333,8.917559096,458,19,482,41,477,523
14,1000,50,7.7,28,13,945,25,16,14,55,7.53629401,100,518,50.4391534,9.252527918,6.854984871,8.228592007,487,17,458,38,504,496
13,1000,50,7.7,28,15,948,29,6,17,52,7.567598934,84,521,50.36973796,9.033273443,6.878189877,8.257007991,480,20,468,32,500,500
16,1000,50,7.7,28,3,950,17,15,18,50,6.975296723,85,517,50.11594654,8.772808851,6.444001545,7.532721172,494,18,456,32,512,488
15,1000,50,7.7,28,13,959,20,7,14,41,6.986465665,101,516,50.5616398,8.987458798,6.539215156,7.392746662,461,15,498,26,476,524
11,1000,50,7.7,28,22,952,32,10,6,48,7.541040731,98,503,50.79041645,9.407624345,6.81009965,8.263262832,479,18,473,30,497,503
12,1000,50,7.7,28,20,950,21,15,14,50,7.53384348,106,506,51.17149331,9.536709581,6.630465273,8.532314129,507,18,443,32,525,475
10,1000,50,7.7,28,24,949,22,14,15,51,7.5750394,102,490,50.8137981,9.210866098,6.939837717,8.230898049,489,19,460,32,508,492
9,1000,50,7.7,28,24,941,35,10,14,59,8.134374374,111,536,51.49291636,9.800448476,7.271718362,8.921156243,459,18,482,41,477,523
13,1000,50,7.7,28,16,948,29,6,17,52,7.572694898,91,503,50.40323582,9.050099978,6.895861616,8.24952818,479,21,469,31,500,500
14,1000,50,7.7,28,14,944,26,16,14,56,7.567305559,80,522,50.47079619,9.259950487,6.865309374,8.280624262,487,17,457,39,504,496
12,1000,50,7.7,28,21,952,19,15,14,48,7.551324733,93,548,51.19841219,9.56726205,6.673808004,8.521211644,509,16,443,32,525,475
11,1000,50,7.7,28,23,952,32,10,6,48,7.554398443,92,489,50.8121821,9.443812894,6.827914575,8.272216499,479,18,473,30,497,503
10,1000,50,7.7,28,25,950,22,13,15,50,7.588729489,76,518,50.8639194,9.244344022,6.955915272,8.242123029,490,18,460,32,508,492
15,1000,50,7.7,28,14,959,20,7,14,41,7.005845604,99,518,50.57464588,8.986007745,6.574363967,7.397802204,461,15,498,26,476,524
9,1000,50,7.7,28,25,942,35,11,12,58,8.113235,103,530,51.54751992,9.833446817,7.250002637,8.900542528,459,18,483,40,477,523
16,1000,50,7.7,28,4,949,18,15,18,51,7.032187239,87,502,50.13615493,8.781935448,6.525328012,7.563973969,493,19,456,32,512,488
13,1000,50,7.7,28,17,948,28,7,17,52,7.596123795,106,481,50.40849578,9.059818222,6.903289049,8.288958542,479,21,469,31,500,500
12,1000,50,7.7,28,22,952,19,15,14,48,7.613261374,100,507,51.2295588,9.591426225,6.745397834,8.572478969,509,16,443,32,525,475
14,1000,50,7.7,28,15,946,24,16,14,54,7.588034687,86,518,50.5061746,9.286218763,6.871761331,8.315860838,488,16,458,38,504,496
11,1000,50,7.7,28,24,952,30,12,6,48,7.579209019,105,526,50.85550222,9.454045243,6.867953647,8.281980231,479,18,473,30,497,503
10,1000,50,7.7,28,26,949,23,13,15,51,7.638160133,88,510,50.86823787,9.246883006,7.021862409,8.274500058,490,18,459,33,508,492
15,1000,50,7.7,28,15,960,19,7,14,40,7.028366236,85,518,50.60306669,8.994293795,6.599575504,7.417878427,462,14,498,26,476,524
9,1000,50,7.7,28,26,941,37,10,12,59,8.146388997,96,487,51.59649287,9.883060588,7.310180723,8.909049316,457,20,484,39,477,523
13,1000,50,7.7,28,18,948,28,7,17,52,7.609071254,113,520,50.41921111,9.065648198,6.931271185,8.286871323,479,21,469,31,500,500
16,1000,50,7.7,28,5,950,16,16,18,50,7.051296122,96,486,50.17801302,8.78098848,6.568215533,7.558134772,493,19,457,31,512,488
14,1000,50,7.7,28,16,945,24,17,14,55,7.667698277,80,496,50.52458281,9.314668118,6.962658869,8.384109288,488,16,457,39,504,496
12,1000,50,7.7,28,23,953,19,14,14,47,7.612906667,118,544,51.27771332,9.618570542,6.760486603,8.555055158,509,16,444,31,525,475
11,1000,50,7.7,28,25,952,29,13,6,48,7.616930603,102,545,50.89102601,9.470214469,6.924030368,8.301565627,479,18,473,30,497,503
15,1000,50,7.7,28,16,961,17,8,14,39,7.049191237,77,482,50.6403603,9.013360704,6.660879527,7.401932409,462,14,499,25,476,524
10,1000,50,7.7,28,27,949,23,14,14,51,7.643884799,85,534,50.90076048,9.275376058,7.040548711,8.266841573,490,18,459,33,508,492
9,1000,50,7.7,28,27,942,36,10,12,58,8.182903781,118,535,51.63705817,9.899457885,7.339825555,8.951829811,457,20,485,38,477,523
13,1000,50,7.7,28,19,950,27,7,16,50,7.613146921,101,507,50.45299004,9.085170318,6.931152995,8.295140847,481,19,469,31,500,500
16,1000,50,7.7,28,6,952,14,15,19,48,7.071005219,106,507,50.20188081,8.799710053,6.608109028,7.556666796,493,19,459,29,512,488
14,1000,50,7.7,28,17,946,23,17,14,54,7.697453836,105,530,50.54138221,9.32476034,6.96233314,8.444431319,489,15,457,39,504,496
11,1000,50,7.7,28,26,954,28,12,6,46,7.628041173,90,497,50.90415416,9.493056727,6.941530894,8.306362463,479,18,475,28,497,503
12,1000,50,7.7,28,24,952,19,15,14,48,7.642459456,115,503,51.34306746,9.678324399,6.781312706,8.594253233,508,17,444,31,525,475
15,1000,50,7.7,28,17,961,17,8,14,39,7.053836136,84,517,50.65763002,9.021054075,6.685869423,7.388095974,462,14,499,25,476,524
10,1000,50,7.7,28,28,948,23,15,14,52,7.684714604,94,535,50.92115957,9.281513135,7.085231838,8.303692745,490,18,458,34,508,492
9,1000,50,7.7,28,28,942,34,12,12,58,8.223693858,82,534,51.68585898,9.920931994,7.425866208,8.951349288,457,20,485,38,477,523
14,1000,50,7.7,28,18,945,24,17,14,55,7.704425598,101,504,50.56463575,9.381664207,6.989039309,8.431350377,488,16,457,39,504,496
13,1000,50,7.7,28,20,953,25,7,15,47,7.599920757,97,477,50.46990575,9.110383181,6.915903894,8.28393762,482,18,471,29,500,500
16,1000,50,7.7,28,7,953,13,15,19,47,7.096044384,90,540,50.24310374,8.821868809,6.636726851,7.577951304,493,19,460,28,512,488
11,1000,50,7.7,28,27,955,27,12,6,45,7.685774391,85,528,50.95474408,9.51669358,7.027053025,8.336638245,479,18,476,27,497,503
15,1000,50,7.7,28,18,961,17,8,14,39,7.069090248,94,502,50.69594697,9.027072635,6.710486999,7.394844345,462,14,499,25,476,524
12,1000,50,7.7,28,25,952,20,14,14,48,7.702111024,99,502,51.34996967,9.727113337,6.82734007,8.668963131,509,16,443,32,525,475
10,1000,50,7.7,28,29,949,23,14,14,51,7.691669229,83,522,50.96253456,9.290625505,7.076819179,8.326514402,491,17,458,34,508,492
14,1000,50,7.7,28,19,946,24,16,14,54,7.710886867,100,518,50.61782291,9.410159316,7.021089705,8.411809789,487,17,459,37,504,496
9,1000,50,7.7,28,29,943,34,11,12,57,8.219717004,103,536,51.70317987,9.932545605,7.415921031,8.952815816,457,20,486,37,477,523
11,1000,50,7.7,28,28,953,28,12,7,47,7.715422928,94,487,51.01887517,9.558510644,7.087903625,8.335456912,478,19,475,28,497,503
15,1000,50,7.7,28,19,962,16,8,14,38,7.064987733,88,521,50.71498016,9.047128842,6.730762418,7.36859699,462,14,500,24,476,524
16,1000,50,7.7,28,8,953,14,15,18,47,7.119361794,80,540,50.30097799,8.839859785,6.68446507,7.575646882,493,19,460,28,512,488
13,1000,50,7.7,28,21,954,24,6,16,46,7.642357506,82,515,50.49577983,9.124468932,6.935035099,8.349679913,483,17,471,29,500,500
12,1000,50,7.7,28,26,955,18,13,14,45,7.687062773,104,519,51.39760159,9.742751387,6.816037852,8.649774529,510,15,445,30,525,475
14,1000,50,7.7,28,20,945,25,15,15,55,7.726620083,91,517,50.68113785,9.418594323,7.079558059,8.384118592,486,18,459,37,504,496
10,1000,50,7.7,28,30,949,23,14,14,51,7.710323243,95,501,50.99856764,9.309269622,7.08047573,8.360653601,491,17,458,34,508,492
11,1000,50,7.7,28,29,953,28,12,7,47,7.724953913,101,528,51.04444291,9.585613378,7.052469343,8.389416799,478,19,475,28,497,503
9,1000,50,7.7,28,30,942,35,11,12,58,8.250773954,104,521,51.72568127,9.933799975,7.405430314,9.021766146,457,20,485,38,477,523
15,1000,50,7.7,28,20,961,16,8,15,39,7.114587979,107,501,50.77442923,9.057230759,6.768518338,7.428956583,461,15,500,24,476,524
13,1000,50,7.7,28,22,953,25,6,16,47,7.647212481,90,502,50.51986044,9.146545985,6.979715048,8.314709913,483,17,470,30,500,500
16,1000,50,7.7,28,9,953,13,16,18,47,7.137942787,92,488,50.33100882,8.871870905,6.687657825,7.610372911,493,19,460,28,512,488
12,1000,50,7.7,28,27,955,17,13,15,45,7.747480661,103,496,51.42078664,9.751426561,6.851760505,8.737487149,510,15,445,30,525,475
14,1000,50,7.7,28,21,945,26,15,14,55,7.746023772,108,491,50.71902945,9.440128027,7.09744558,8.405062904,486,18,459,37,504,496
10,1000,50,7.7,28,31,948,23,15,14,52,7.75190587,87,528,51.01902197,9.328184848,7.121931187,8.402367535,491,17,457,35,508,492
11,1000,50,7.7,28,30,953,28,12,7,47,7.730751944,103,506,51.07653092,9.601810146,7.040901586,8.41237347,478,19,475,28,497,503
9,1000,50,7.7,28,31,944,33,11,12,56,8.252731513,100,510,51.76307166,9.952469863,7.458139902,8.977435525,457,20,487,36,477,523
15,1000,50,7.7,28,21,960,16,9,15,40,7.144255544,88,508,50.80780837,9.066340048,6.774954467,7.479727514,461,15,499,25,476,524
13,1000,50,7.7,28,23,953,24,7,16,47,7.695437904,81,525,50.54677735,9.162903174,7.042121863,8.348753944,483,17,470,30,500,500
12,1000,50,7.7,28,28,954,18,13,15,46,7.760413623,114,533,51.46101632,9.784373197,6.844267895,8.772995745,510,15,444,31,525,475
14,1000,50,7.7,28,22,946,25,15,14,54,7.786962278,104,530,50.73364482,9.456766076,7.114687385,8.470080314,486,18,460,36,504,496
16,1000,50,7.7,28,10,953,13,15,19,47,7.188400822,86,504,50.35312686,8.904559054,6.73784549,7.661114613,493,19,460,28,512,488
10,1000,50,7.7,28,32,948,23,15,14,52,7.777452242,99,553,51.04576097,9.363327904,7.167565449,8.407172752,492,16,456,36,508,492
11,1000,50,7.7,28,31,953,27,13,7,47,7.745686697,94,502,51.11763408,9.626580734,7.07528429,8.408092256,478,19,475,28,497,503
9,1000,50,7.7,28,32,944,32,12,12,56,8.276641778,97,537,51.81254388,9.978830182,7.461205837,9.020356775,457,20,487,36,477,523
15,1000,50,7.7,28,22,959,17,9,15,41,7.162318584,97,511,50.81576375,9.103932159,6.847603921,7.448204423,460,16,499,25,476,524
13,1000,50,7.7,28,24,954,22,8,16,46,7.754488189,97,503,50.55726941,9.179263809,7.095278901,8.413697477,483,17,471,29,500,500
12,1000,50,7.7,28,29,955,18,12,15,45,7.779018252,94,540,51.49560122,9.810947639,6.881616024,8.770883873,511,14,444,31,525,475
14,1000,50,7.7,28,23,948,23,15,14,52,7.781410856,106,504,50.7628467,9.464780071,7.128681018,8.444668594,487,17,461,35,504,496
10,1000,50,7.7,28,33,948,24,13,15,52,7.814434699,76,478,51.08154907,9.382891882,7.19389711,8.455152372,492,16,456,36,508,492
16,1000,50,7.7,28,11,953,13,14,20,47,7.205674521,98,525,50.35876124,8.934546904,6.754984438,7.678529689,493,19,460,28,512,488
11,1000,50,7.7,28,32,952,28,13,7,48,7.762035419,102,497,51.1251344,9.641782021,7.081650887,8.434304032,478,19,474,29,497,503
9,1000,50,7.7,28,33,945,31,12,12,55,8.284171625,111,532,51.8548317,9.995244688,7.461544346,9.034445453,457,20,488,35,477,523
15,1000,50,7.7,28,23,958,18,8,16,42,7.191653873,91,503,50.83129903,9.12317234,6.886834008,7.468551308,459,17,499,25,476,524
13,1000,50,7.7,28,25,954,22,8,16,46,7.780401825,82,501,50.57368952,9.198258569,7.12324743,8.437556219,483,17,471,29,500,500
12,1000,50,7.7,28,30,956,18,11,15,44,7.783371199,110,521,51.54313728,9.821024648,6.889376459,8.771470649,512,13,444,31,525,475
14,1000,50,7.7,28,24,950,23,13,14,50,7.795719165,98,525,50.81403014,9.519736062,7.171878775,8.429621496,487,17,463,33,504,496
10,1000,50,7.7,28,34,950,24,12,14,50,7.827807624,97,490,51.11318868,9.386468407,7.196291599,8.479860756,493,15,457,35,508,492
11,1000,50,7.7,28,33,953,27,13,7,47,7.739414752,96,537,51.13948439,9.659274165,7.062782141,8.407976199,479,18,474,29,497,503
9,1000,50,7.7,28,34,944,32,13,11,56,8.302077412,104,534,51.87304707,10.00340928,7.475148836,9.056274221,456,21,488,35,477,523
16,1000,50,7.7,28,12,953,15,14,18,47,7.1752719,110,491,50.39404705,8.945883602,6.725511833,7.647151315,493,19,460,28,512,488
15,1000,50,7.7,28,24,958,18,8,16,42,7.205833319,109,498,50.85886586,9.16754207,6.852528635,7.526774215,459,17,499,25,476,524
13,1000,50,7.7,28,26,953,24,7,16,47,7.839222649,81,525,50.59119242,9.235957902,7.169073978,8.509371319,483,17,470,30,500,500
12,1000,50,7.7,28,31,958,16,11,15,42,7.771937785,114,528,51.56852009,9.831844353,6.90274748,8.732621805,513,12,445,30,525,475
14,1000,50,7.7,28,25,950,23,14,13,50,7.795763215,114,498,50.8293576,9.550351103,7.218072823,8.382771194,486,18,464,32,504,496
10,1000,50,7.7,28,35,950,24,12,14,50,7.855304927,93,539,51.12436843,9.450196677,7.211796918,8.519740026,493,15,457,35,508,492
11,1000,50,7.7,28,34,954,27,12,7,46,7.748911695,97,522,51.17113215,9.655368397,7.012936571,8.476107793,481,16,473,30,497,503
9,1000,50,7.7,28,35,944,32,13,11,56,8.274994655,113,535,51.90029912,10.0150041,7.47181754,9.007529041,456,21,488,35,477,523
16,1000,50,7.7,28,13,952,16,14,18,48,7.21857435,94,508,50.41482396,8.987131511,6.787078821,7.671290971,493,19,459,29,512,488
15,1000,50,7.7,28,25,959,18,7,16,41,7.213165355,91,500,50.88285196,9.200165986,6.90182786,7.495983385,459,17,500,24,476,524
12,1000,50,7.7,28,32,960,15,11,14,40,7.760931033,105,540,51.60857504,9.860418158,6.888928676,8.724723113,513,12,447,28,525,475
13,1000,50,7.7,28,27,954,24,6,16,46,7.881460434,98,542,50.61293125,9.259560914,7.265380598,8.49754027,483,17,471,29,500,500
14,1000,50,7.7,28,26,950,23,14,13,50,7.820599302,82,512,50.85824238,9.577249839,7.241433568,8.409106418,486,18,464,32,504,496
10,1000,50,7.7,28,36,950,23,13,14,50,7.879921435,121,525,51.18429761,9.462673127,7.236511295,8.544255481,493,15,457,35,508,492
11,1000,50,7.7,28,35,953,26,12,9,47,7.773041287,105,506,51.18721836,9.68661897,7.036980543,8.500321981,481,16,472,31,497,503
9,1000,50,7.7,28,36,945,30,14,11,55,8.323858885,106,533,51.90311235,10.03033187,7.547709608,9.031742643,456,21,489,34,477,523
12,1000,50,7.7,28,33,958,17,11,14,42,7.786602091,106,530,51.6312676,9.896849556,6.927932461,8.735657999,511,14,447,28,525,475
13,1000,50,7.7,28,28,954,25,6,15,46,7.874732401,88,523,50.61997107,9.294484558,7.284976563,8.464488238,483,17,471,29,500,500
15,1000,50,7.7,28,26,961,17,7,15,39,7.227867486,90,519,50.89950999,9.223021474,6.907126077,7.519228002,461,15,500,24,476,524
16,1000,50,7.7,28,14,952,16,15,17,48,7.236316744,107,494,50.42109013,9.006604126,6.854420601,7.636994664,493,19,459,29,512,488
14,1000,50,7.7,28,27,951,23,12,14,49,7.849425473,91,514,50.89870841,9.609168738,7.247326905,8.461235308,486,18,465,31,504,496
10,1000,50,7.7,28,37,949,24,13,14,51,7.876019742,101,526,51.2352892,9.473591654,7.204026219,8.569866712,493,15,456,36,508,492
9,1000,50,7.7,28,37,945,30,14,11,55,8.327023198,97,538,51.95865985,10.05284829,7.553804658,9.032233988,456,21,489,34,477,523
11,1000,50,7.7,28,36,953,26,12,9,47,7.79722514,112,509,51.2044016,9.713656331,7.038185446,8.547210684,481,16,472,31,497,503
12,1000,50,7.7,28,34,959,17,9,15,41,7.829250206,93,524,51.68526653,9.918515614,6.981684604,8.76603324,512,13,447,28,525,475
13,1000,50,7.7,28,29,957,23,7,13,43,7.844448541,89,505,50.65905498,9.311943065,7.306944645,8.381952438,484,16,473,27,500,500
10,1000,50,7.7,28,38,948,25,12,15,52,7.869133773,93,525,51.26146105,9.478581081,7.178288895,8.582445151,493,15,455,37,508,492
15,1000,50,7.7,28,27,961,16,8,15,39,7.254920528,91,493,50.9445925,9.238904941,6.946550534,7.535042888,461,15,500,24,476,524
14,1000,50,7.7,28,28,949,22,15,14,51,7.865546275,96,476,50.92343552,9.62189442,7.229547661,8.511802932,487,17,462,34,504,496
9,1000,50,7.7,28,38,947,28,14,11,53,8.354113447,115,517,51.97925434,10.08333428,7.602175131,9.039915698,457,20,490,33,477,523
16,1000,50,7.7,28,15,954,13,16,17,46,7.259875334,95,523,50.45438251,9.043758084,6.867136683,7.671929,494,18,460,28,512,488
12,1000,50,7.7,28,35,959,17,9,15,41,7.856522404,124,530,51.72522038,9.921969441,6.99181899,8.81224723,512,13,447,28,525,475
11,1000,50,7.7,28,37,954,25,12,9,46,7.856855302,106,520,51.25913252,9.730999802,7.09687677,8.607768484,482,15,472,31,497,503
13,1000,50,7.7,28,30,959,21,7,13,41,7.869065245,91,523,50.67741954,9.320888046,7.342125361,8.396005129,485,15,474,26,500,500
10,1000,50,7.7,28,39,950,24,10,16,50,7.903365119,98,504,51.28453174,9.494906823,7.215146258,8.613965082,495,13,455,37,508,492
15,1000,50,7.7,28,28,962,15,8,15,38,7.218584631,87,525,50.99606638,9.246041487,6.935431003,7.475800522,461,15,501,23,476,524
14,1000,50,7.7,28,29,948,23,16,13,52,7.879350757,100,521,50.96724728,9.628862135,7.273221967,8.495255818,487,17,461,35,504,496
9,1000,50,7.7,28,39,946,29,14,11,54,8.407847208,86,521,52.02454943,10.11603676,7.665420051,9.084974845,457,20,489,34,477,523
12,1000,50,7.7,28,36,960,18,8,14,40,7.852296658,114,512,51.76952968,9.940176897,6.963113877,8.835077627,513,12,447,28,525,475
13,1000,50,7.7,28,31,959,21,7,13,41,7.880506944,105,547,50.68901733,9.327929931,7.334034754,8.426979135,486,14,473,27,500,500
11,1000,50,7.7,28,38,953,26,12,9,47,7.887287828,90,501,51.2810742,9.767461756,7.147524657,8.618226787,481,16,472,31,497,503
16,1000,50,7.7,28,16,954,13,17,16,46,7.285527703,103,498,50.48857781,9.062305338,6.925127565,7.663652438,493,19,461,27,512,488
10,1000,50,7.7,28,40,948,26,10,16,52,7.966458062,94,532,51.279446,9.5199822,7.292173308,8.662670775,494,14,454,38,508,492
9,1000,50,7.7,28,40,946,29,14,11,54,8.434803223,108,508,52.07359122,10.13175016,7.693112166,9.111259502,457,20,489,34,477,523
15,1000,50,7.7,28,29,961,17,7,15,39,7.245387159,95,527,51.02869985,9.287100492,6.94718224,7.516275596,460,16,501,23,476,524
14,1000,50,7.7,28,30,949,21,17,13,51,7.891793251,99,515,50.98508406,9.643380244,7.250560151,8.543368821,488,16,461,35,504,496
12,1000,50,7.7,28,37,960,18,8,14,40,7.85853076,104,527,51.77589087,9.960136485,6.952356141,8.860092182,513,12,447,28,525,475
11,1000,50,7.7,28,39,953,26,12,9,47,7.880225279,107,523,51.29526739,9.79583822,7.163074009,8.58882206,481,16,472,31,497,503
13,1000,50,7.7,28,32,960,20,7,13,40,7.887131657,77,511,50.68848383,9.336447279,7.366589604,8.40767371,486,14,474,26,500,500
10,1000,50,7.7,28,41,948,27,10,15,52,7.964183288,93,512,51.33144507,9.517533957,7.297090804,8.652969836,494,14,454,38,508,492
16,1000,50,7.7,28,17,952,16,16,16,48,7.347048227,85,512,50.52395033,9.056172597,6.960484034,7.752623773,492,20,460,28,512,488
9,1000,50,7.7,28,41,946,30,14,10,54,8.467392355,117,538,52.09205146,10.16507986,7.709286518,9.158819668,457,20,489,34,477,523
14,1000,50,7.7,28,31,948,22,16,14,52,7.909773474,106,528,51.04224418,9.656260786,7.271718263,8.558119898,488,16,460,36,504,496
15,1000,50,7.7,28,30,960,18,7,15,40,7.265475656,83,532,51.06121673,9.302700024,6.962188205,7.54098105,459,17,501,23,476,524
12,1000,50,7.7,28,38,959,19,8,14,41,7.901841958,105,523,51.79741292,9.978380323,6.996427706,8.902562974,513,12,446,29,525,475
13,1000,50,7.7,28,33,961,20,6,13,39,7.893244556,113,507,50.7010802,9.330990788,7.407600555,8.378888557,486,14,475,25,500,500
11,1000,50,7.7,28,40,951,27,13,9,49,7.925429251,102,502,51.3403734,9.808928676,7.230730594,8.611841244,480,17,471,32,497,503
10,1000,50,7.7,28,42,950,26,9,15,50,7.972025554,93,534,51.35116577,9.521408733,7.337258177,8.627435771,494,14,456,36,508,492
16,1000,50,7.7,28,18,952,17,15,16,48,7.368565508,91,503,50.55273877,9.072191798,6.970773111,7.785921465,492,20,460,28,512,488
9,1000,50,7.7,28,42,947,29,14,10,53,8.480835308,104,521,52.1262102,10.1787224,7.755351274,9.14251004,457,20,490,33,477,523
14,1000,50,7.7,28,32,948,22,16,14,52,7.909996167,101,524,51.03264734,9.664567468,7.25483347,8.575726005,488,16,460,36,504,496
12,1000,50,7.7,28,39,959,19,8,14,41,7.933759781,105,543,51.81524908,10.00262754,6.998323713,8.967662803,513,12,446,29,525,475
15,1000,50,7.7,28,31,961,18,7,14,39,7.286551974,107,501,51.10515791,9.307481546,6.953694489,7.588918697,460,16,501,23,476,524
11,1000,50,7.7,28,41,953,26,10,11,47,7.918058227,105,524,51.36742882,9.828524251,7.248133917,8.579991392,480,17,473,30,497,503
13,1000,50,7.7,28,34,960,21,6,13,40,7.933633977,97,493,50.72354343,9.369196757,7.439953607,8.427314348,486,14,474,26,500,500
10,1000,50,7.7,28,43,949,27,9,15,51,7.99018731,96,534,51.37035139,9.533732019,7.363344487,8.637415266,493,15,456,36,508,492
16,1000,50,7.7,28,19,952,18,15,15,48,7.371701456,102,497,50.5892674,9.107421604,6.96865238,7.794572617,492,20,460,28,512,488
9,1000,50,7.7,28,43,949,28,14,9,51,8.462466009,113,554,52.13339152,10.19204405,7.689140631,9.16777424,459,18,490,33,477,523
14,1000,50,7.7,28,33,948,23,15,14,52,7.895955027,89,512,51.07626081,9.690130622,7.237947439,8.564575639,488,16,460,36,504,496
12,1000,50,7.7,28,40,959,20,7,14,41,7.98321862,95,531,51.82982931,10.02432762,7.050489963,9.014129241,512,13,447,28,525,475
15,1000,50,7.7,28,32,963,17,7,13,37,7.316777941,98,560,51.14884353,9.331990594,6.959356624,7.641458374,461,15,502,22,476,524
11,1000,50,7.7,28,42,953,27,9,11,47,7.925349699,107,526,51.39941761,9.840104835,7.267912227,8.574944975,480,17,473,30,497,503
13,1000,50,7.7,28,35,960,20,7,13,40,7.956604213,107,523,50.78431865,9.403148494,7.433488265,8.479720161,486,14,474,26,500,500
10,1000,50,7.7,28,44,948,26,10,16,52,8.029470083,106,516,51.40213338,9.562865565,7.377015089,8.703143127,493,15,455,37,508,492
9,1000,50,7.7,28,44,947,29,15,9,53,8.466774354,99,523,52.18181789,10.21582707,7.697495549,9.168391925,458,19,489,34,477,523
14,1000,50,7.7,28,34,949,22,13,16,51,7.900590121,126,521,51.14394426,9.683783506,7.285610258,8.525489013,488,16,461,35,504,496
12,1000,50,7.7,28,41,960,20,7,13,40,7.987721137,101,528,51.86315293,10.03551706,7.096297636,8.972978691,512,13,448,27,525,475
16,1000,50,7.7,28,20,953,17,15,15,47,7.386930698,111,493,50.63126253,9.116413701,7.010043806,7.782353011,492,20,461,27,512,488
11,1000,50,7.7,28,43,955,25,9,11,45,7.913059177,110,537,51.42463984,9.871077458,7.275276551,8.543234057,481,16,474,29,497,503
15,1000,50,7.7,28,33,963,18,7,12,37,7.31046619,95,548,51.19214909,9.364516709,6.934117654,7.65234005,461,15,502,22,476,524
13,1000,50,7.7,28,36,961,21,5,13,39,7.963146936,112,493,50.82188482,9.425919751,7.469007158,8.457286713,486,14,475,25,500,500
10,1000,50,7.7,28,45,948,26,10,16,52,8.040014332,101,534,51.41667174,9.57532231,7.401975093,8.698802815,493,15,455,37,508,492
9,1000,50,7.7,28,45,945,31,15,9,55,8.513125901,106,519,52.1881184,10.25473635,7.806453367,9.157643681,457,20,488,35,477,523
14,1000,50,7.7,28,35,952,21,11,16,48,7.879541382,89,514,51.24433143,9.708347927,7.259423589,8.509661074,489,15,463,33,504,496
11,1000,50,7.7,28,44,956,25,8,11,44,7.956678419,106,552,51.43074072,9.89125055,7.371097247,8.535274526,482,15,474,29,497,503
12,1000,50,7.7,28,42,958,22,7,13,42,8.012207517,110,520,51.92705626,10.05784917,7.168658904,8.94455072,510,15,448,27,525,475
15,1000,50,7.7,28,34,962,18,7,13,38,7.336221341,105,528,51.2440611,9.387701684,6.937111756,7.698771269,461,15,501,23,476,524
16,1000,50,7.7,28,21,952,18,15,15,48,7.425367632,72,535,50.64385757,9.106095568,7.042253684,7.827323249,492,20,460,28,512,488
13,1000,50,7.7,28,37,962,20,5,13,38,7.952310099,103,505,50.82604698,9.428628444,7.460907258,8.44371294,486,14,476,24,500,500
10,1000,50,7.7,28,46,947,27,10,16,53,8.0422715,109,532,51.44714534,9.581237614,7.357322866,8.749494886,493,15,454,38,508,492
9,1000,50,7.7,28,46,943,33,15,9,57,8.558529608,117,538,52.23372497,10.27901682,7.838681005,9.215064566,457,20,486,37,477,523
11,1000,50,7.7,28,45,953,27,9,11,47,7.974772088,121,516,51.47587732,9.92005764,7.367285266,8.575012546,481,16,472,31,497,503
14,1000,50,7.7,28,36,956,19,10,15,44,7.855266929,115,531,51.26662636,9.729879251,7.252044815,8.468218431,490,14,466,30,504,496
12,1000,50,7.7,28,43,958,21,8,13,42,8.023439962,106,505,51.94071684,10.07645675,7.171170396,8.965422113,511,14,447,28,525,475
15,1000,50,7.7,28,35,961,19,7,13,39,7.346976568,104,535,51.28857496,9.403535012,6.974602516,7.685240019,460,16,501,23,476,524
10,1000,50,7.7,28,47,948,26,10,16,52,8.061790363,96,517,51.45725324,9.58131655,7.357435004,8.789051586,493,15,455,37,508,492
13,1000,50,7.7,28,38,963,19,6,12,37,7.964023375,80,521,50.86010309,9.452802745,7.471337723,8.456709028,487,13,476,24,500,500
16,1000,50,7.7,28,22,953,17,15,15,47,7.428676015,99,487,50.70060549,9.149178782,7.049670943,7.826320682,493,19,460,28,512,488
11,1000,50,7.7,28,46,951,29,10,10,49,7.979767926,100,488,51.51780117,9.940142624,7.430827368,8.522160486,480,17,471,32,497,503
14,1000,50,7.7,28,37,955,20,10,15,45,7.879366322,104,512,51.26601884,9.736124876,7.269922044,8.498640346,490,14,465,31,504,496
12,1000,50,7.7,28,44,959,21,7,13,41,8.023782243,120,495,51.95606229,10.09756856,7.209818015,8.923426916,511,14,448,27,525,475
9,1000,50,7.7,28,47,943,32,16,9,57,8.57853865,110,534,52.25951061,10.33724963,7.807197686,9.282037005,457,20,486,37,477,523
15,1000,50,7.7,28,36,961,20,7,12,39,7.394510422,102,517,51.31393649,9.419505193,6.991728603,7.760396196,461,15,500,24,476,524
10,1000,50,7.7,28,48,946,28,10,16,54,8.139672377,98,507,51.45719726,9.579419512,7.434754966,8.867513931,491,17,455,37,508,492
13,1000,50,7.7,28,39,963,18,7,12,37,7.995623754,98,489,50.89209445,9.454094173,7.525707596,8.465539912,487,13,476,24,500,500
16,1000,50,7.7,28,23,955,16,14,15,45,7.423946773,100,539,50.7216301,9.163386021,7.046970301,7.819463071,493,19,462,26,512,488
11,1000,50,7.7,28,47,950,30,11,9,50,8.001444478,107,523,51.56401622,9.978970146,7.476028385,8.520593182,479,18,471,32,497,503
12,1000,50,7.7,28,45,959,21,7,13,41,8.064200605,118,517,51.98215113,10.11747934,7.254013374,8.959670701,510,15,449,26,525,475
14,1000,50,7.7,28,38,955,20,10,15,45,7.931586519,105,522,51.32403673,9.744691,7.343102197,8.529562523,490,14,465,31,504,496
9,1000,50,7.7,28,48,942,33,15,10,58,8.584473653,121,500,52.27201731,10.3491162,7.818460936,9.283112402,457,20,485,38,477,523
15,1000,50,7.7,28,37,961,20,8,11,39,7.398096447,84,505,51.36013119,9.422955305,7.023025762,7.738809513,461,15,500,24,476,524
13,1000,50,7.7,28,40,962,19,7,12,38,8.005602362,111,505,50.93589778,9.478782228,7.531789684,8.47941504,487,13,475,25,500,500
10,1000,50,7.7,28,49,948,28,9,15,52,8.146471051,91,532,51.50024251,9.598176959,7.434668283,8.881421878,492,16,456,36,508,492
16,1000,50,7.7,28,24,955,16,14,15,45,7.479625589,113,504,50.75945838,9.187555321,7.105496155,7.872154831,493,19,462,26,512,488
12,1000,50,7.7,28,46,959,21,7,13,41,8.113211556,91,513,52.02696241,10.13721168,7.304216801,9.007363654,510,15,449,26,525,475
9,1000,50,7.7,28,49,943,33,14,10,57,8.570334392,129,528,52.29096081,10.3741296,7.835274206,9.240743013,457,20,486,37,477,523
11,1000,50,7.7,28,48,951,30,10,9,49,8.030014701,111,521,51.58934121,9.989443206,7.507220565,8.546572724,479,18,472,31,497,503
14,1000,50,7.7,28,39,958,18,8,16,42,7.912418083,103,506,51.3566057,9.768154238,7.337311696,8.49680038,491,13,467,29,504,496
10,1000,50,7.7,28,50,951,25,10,14,49,8.138709472,109,520,51.53852931,9.603536821,7.47569287,8.82328759,492,16,459,33,508,492
13,1000,50,7.7,28,41,961,20,6,13,39,8.031117485,100,534,50.98201188,9.487772177,7.5322076,8.530027371,487,13,474,26,500,500
15,1000,50,7.7,28,38,960,20,9,11,40,7.41826765,103,558,51.35743707,9.459940017,7.077531644,7.727791197,461,15,499,25,476,524
12,1000,50,7.7,28,47,959,20,8,13,41,8.168579725,96,510,52.06527387,10.1539063,7.367617597,9.053853656,510,15,449,26,525,475
9,1000,50,7.7,28,50,943,33,14,10,57,8.598297133,109,521,52.31589487,10.38593644,7.879921797,9.253488405,458,19,485,38,477,523
13,1000,50,7.7,28,42,961,21,5,13,39,8.054176721,84,516,51.00665842,9.50420336,7.582027588,8.526325854,486,14,475,25,500,500
16,1000,50,7.7,28,25,955,15,15,15,45,7.477002717,84,501,50.76108817,9.201429276,7.105754968,7.866508552,492,20,463,25,512,488
10,1000,50,7.7,28,51,953,23,10,14,47,8.155155482,97,504,51.59013002,9.628830546,7.479754829,8.852520383,493,15,460,32,508,492
11,1000,50,7.7,28,49,951,30,10,9,49,8.045071726,114,532,51.62109594,10.00856628,7.547291914,8.536913807,479,18,472,31,497,503
14,1000,50,7.7,28,40,957,19,8,16,43,7.941860633,94,503,51.40431327,9.770921018,7.367799278,8.525181041,491,13,466,30,504,496
12,1000,50,7.7,28,48,960,20,9,11,40,8.125719546,105,528,52.1010061,10.17890664,7.318451589,9.017963078,511,14,449,26,525,475
15,1000,50,7.7,28,39,960,19,10,11,40,7.425412817,101,552,51.35875607,9.468265326,7.099704132,7.721285593,461,15,499,25,476,524
9,1000,50,7.7,28,51,942,34,13,11,58,8.648407665,103,524,52.34360084,10.40478179,7.959821817,9.276429557,458,19,484,39,477,523
13,1000,50,7.7,28,43,961,21,5,13,39,8.086848417,91,521,51.03556214,9.507646463,7.585089236,8.588607599,486,14,475,25,500,500
10,1000,50,7.7,28,52,955,21,10,14,45,8.168769575,103,516,51.63536887,9.630157574,7.441167764,8.920033233,495,13,460,32,508,492
11,1000,50,7.7,28,50,952,29,9,10,48,8.05905552,113,530,51.64679052,10.00979329,7.595479396,8.517101908,479,18,473,30,497,503
12,1000,50,7.7,28,49,958,20,10,12,42,8.151096179,104,521,52.14671997,10.20526818,7.323370478,9.0659509,509,16,449,26,525,475
16,1000,50,7.7,28,26,956,15,14,15,44,7.514103205,95,512,50.78718825,9.215681674,7.144887387,7.901477178,493,19,463,25,512,488
14,1000,50,7.7,28,41,958,19,7,16,42,7.941849361,100,497,51.45385538,9.807521115,7.393118493,8.499430727,491,13,467,29,504,496
9,1000,50,7.7,28,52,942,34,13,11,58,8.684495081,102,529,52.363804,10.41755935,7.97509923,9.331496651,458,19,484,39,477,523
13,1000,50,7.7,28,44,960,20,7,13,40,8.142521639,98,490,51.09104406,9.54105563,7.641317835,8.643725443,486,14,474,26,500,500
10,1000,50,7.7,28,53,954,22,10,14,46,8.205542757,98,544,51.68295688,9.6532279,7.49942602,8.93462264,494,14,460,32,508,492
15,1000,50,7.7,28,40,960,19,10,11,40,7.443080536,106,492,51.38413871,9.488561828,7.126791143,7.730396855,461,15,499,25,476,524
12,1000,50,7.7,28,50,958,20,10,12,42,8.181164936,105,507,52.17889279,10.24533675,7.330071097,9.121847601,509,16,449,26,525,475
11,1000,50,7.7,28,51,951,30,9,10,49,8.058198548,109,505,51.68590263,10.03838947,7.606241047,8.504764907,479,18,472,31,497,503
9,1000,50,7.7,28,53,942,33,14,11,58,8.712965277,106,520,52.39071571,10.41987376,8.004240164,9.359355103,458,19,484,39,477,523
14,1000,50,7.7,28,42,957,20,7,16,43,7.957373829,88,528,51.51623432,9.836655796,7.407578235,8.516037094,491,13,466,30,504,496
16,1000,50,7.7,28,27,957,16,14,13,43,7.528678897,96,495,50.82731549,9.227956483,7.167367421,7.907759791,493,19,464,24,512,488
13,1000,50,7.7,28,45,960,19,9,12,40,8.158030485,89,496,51.14546782,9.560985437,7.664472312,8.651588659,486,14,474,26,500,500
10,1000,50,7.7,28,54,954,23,10,13,46,8.214523028,115,521,51.71587615,9.664341884,7.526358316,8.925067081,493,15,461,31,508,492
15,1000,50,7.7,28,41,960,19,10,11,40,7.442178013,92,530,51.41752993,9.531996477,7.105486443,7.748027607,461,15,499,25,476,524
12,1000,50,7.7,28,51,959,20,10,11,41,8.182493367,113,535,52.20450801,10.26173502,7.334275306,9.119997539,509,16,450,25,525,475
11,1000,50,7.7,28,52,952,30,9,9,48,8.06598045,113,514,51.69098063,10.06355526,7.543592311,8.582137318,480,17,472,31,497,503
14,1000,50,7.7,28,43,957,20,7,16,43,7.961683748,96,506,51.61425811,9.871966756,7.422786521,8.509272867,491,13,466,30,504,496
9,1000,50,7.7,28,54,942,34,13,11,58,8.71989338,115,519,52.43756302,10.44629583,7.995554264,9.380523893,458,19,484,39,477,523
13,1000,50,7.7,28,46,960,20,9,11,40,8.179141447,89,534,51.15669307,9.604687705,7.702169001,8.656113893,486,14,474,26,500,500
16,1000,50,7.7,28,28,957,16,14,13,43,7.55398132,99,534,50.84790127,9.24241782,7.220325783,7.904046145,493,19,464,24,512,488
10,1000,50,7.7,28,55,953,24,11,12,47,8.230080235,105,504,51.75868162,9.678409338,7.571269497,8.910315713,493,15,460,32,508,492
15,1000,50,7.7,28,42,959,20,10,11,41,7.468486943,99,550,51.47961938,9.540746078,7.125049471,7.780464494,460,16,499,25,476,524
12,1000,50,7.7,28,52,960,19,10,11,40,8.182709166,112,534,52.24081241,10.27771935,7.337317601,9.117089317,509,16,451,24,525,475
11,1000,50,7.7,28,53,951,31,9,9,49,8.10099786,114,513,51.73043999,10.0849124,7.573028521,8.622669355,480,17,471,32,497,503
14,1000,50,7.7,28,44,958,20,6,16,42,7.960514939,105,516,51.68236311,9.899214646,7.443091855,8.486283557,491,13,467,29,504,496
9,1000,50,7.7,28,55,942,34,13,11,58,8.723010818,110,517,52.50847223,10.45490627,7.974267575,9.405899015,458,19,484,39,477,523
13,1000,50,7.7,28,47,960,20,10,10,40,8.210435247,114,537,51.17609304,9.65609047,7.730255552,8.690614942,486,14,474,26,500,500
16,1000,50,7.7,28,29,956,17,14,13,44,7.577776948,90,528,50.8746811,9.247781886,7.259895319,7.911292099,493,19,463,25,512,488
15,1000,50,7.7,28,43,959,20,11,10,41,7.464626898,101,527,51.50107105,9.558067393,7.078700981,7.815200822,460,16,499,25,476,524
10,1000,50,7.7,28,56,953,25,11,11,47,8.22156567,108,529,51.78847598,9.717711086,7.626033224,8.836465024,492,16,461,31,508,492
11,1000,50,7.7,28,54,951,32,9,8,49,8.117106285,95,479,51.75306799,10.1016369,7.599902806,8.628140339,479,18,472,31,497,503
14,1000,50,7.7,28,45,957,19,6,18,43,8.015345641,111,526,51.71592509,9.937650518,7.469166069,8.570334561,491,13,466,30,504,496
12,1000,50,7.7,28,53,960,19,10,11,40,8.213511241,91,546,52.26918934,10.27685735,7.354162971,9.163317223,509,16,451,24,525,475
9,1000,50,7.7,28,56,942,34,13,11,58,8.705584031,121,517,52.54417227,10.49091959,7.9849965,9.362792927,458,19,484,39,477,523
16,1000,50,7.7,28,30,956,18,13,13,44,7.599509427,87,496,50.91668972,9.255100755,7.265852552,7.949575657,494,18,462,26,512,488
13,1000,50,7.7,28,48,959,21,10,10,41,8.204899162,122,518,51.2150181,9.682416439,7.709883265,8.699915059,486,14,473,27,500,500
15,1000,50,7.7,28,44,959,20,11,10,41,7.464615031,105,522,51.5407398,9.603501156,7.075844922,7.817772611,460,16,499,25,476,524
11,1000,50,7.7,28,55,950,33,9,8,50,8.118770666,115,547,51.75615487,10.12936837,7.609840335,8.621630257,479,18,471,32,497,503
10,1000,50,7.7,28,57,954,26,10,10,46,8.191228282,107,524,51.81830687,9.714150083,7.580807101,8.821500559,493,15,461,31,508,492
14,1000,50,7.7,28,46,957,19,6,18,43,8.030546569,115,534,51.72404948,9.949693307,7.496488593,8.573218383,491,13,466,30,504,496
12,1000,50,7.7,28,54,958,21,10,11,42,8.253390164,116,533,52.32648379,10.3008534,7.406613291,9.189301445,508,17,450,25,525,475
15,1000,50,7.7,28,45,959,20,11,10,41,7.484304514,107,496,51.58516442,9.621770011,7.106977905,7.827066854,461,15,498,26,476,524
11,1000,50,7.7,28,56,949,34,9,8,51,8.137220499,129,545,51.78431115,10.14714429,7.595116435,8.672858113,479,18,470,33,497,503
16,1000,50,7.7,28,31,955,19,13,13,45,7.643533431,104,517,50.95150466,9.284458381,7.32225683,7.98061052,494,18,461,27,512,488
9,1000,50,7.7,28,57,942,34,13,11,58,8.715143255,111,535,52.57753866,10.50948774,8.013756653,9.354840022,458,19,484,39,477,523
13,1000,50,7.7,28,49,958,22,10,10,42,8.222015697,106,534,51.22586834,9.717963209,7.739239085,8.704792309,486,14,472,28,500,500
14,1000,50,7.7,28,47,957,19,6,18,43,8.065659011,114,511,51.76170833,9.964028536,7.533802494,8.606093859,491,13,466,30,504,496
10,1000,50,7.7,28,58,954,28,9,9,46,8.199199451,95,502,51.80161492,9.725086914,7.621108931,8.796089662,493,15,461,31,508,492
12,1000,50,7.7,28,55,957,21,11,11,43,8.282392907,94,533,52.38035979,10.32856719,7.446715903,9.206035912,508,17,449,26,525,475
11,1000,50,7.7,28,57,947,36,9,8,53,8.177208028,117,534,51.81632077,10.13813559,7.662795117,8.685484802,479,18,468,35,497,503
15,1000,50,7.7,28,46,959,19,12,10,41,7.464937671,99,513,51.61051832,9.646841747,7.09815862,7.79811864,461,15,498,26,476,524
9,1000,50,7.7,28,58,946,31,13,10,54,8.696483829,106,529,52.5970479,10.52641806,8.047093275,9.288757815,459,18,487,36,477,523
13,1000,50,7.7,28,50,958,22,10,10,42,8.233619087,84,520,51.25648772,9.745112642,7.750604586,8.716633589,486,14,472,28,500,500
16,1000,50,7.7,28,32,957,18,12,13,43,7.675964513,100,533,51.01246013,9.331807778,7.331548345,8.037319182,495,17,462,26,512,488
10,1000,50,7.7,28,59,955,27,9,9,45,8.191558532,102,499,51.87039055,9.739540179,7.612624671,8.78931951,493,15,462,30,508,492
14,1000,50,7.7,28,48,957,19,6,18,43,8.10567175,101,535,51.77627544,9.978090235,7.576743628,8.643130971,491,13,466,30,504,496
12,1000,50,7.7,28,56,957,21,11,11,43,8.269283337,97,518,52.3953358,10.34908024,7.44562745,9.179639844,508,17,449,26,525,475
11,1000,50,7.7,28,58,948,35,9,8,52,8.188246771,109,513,51.82500819,10.15623426,7.683610078,8.68686394,479,18,469,34,497,503
9,1000,50,7.7,28,59,946,30,15,9,54,8.704389522,106,543,52.62317607,10.53124708,8.106313797,9.249862027,459,18,487,36,477,523
15,1000,50,7.7,28,47,958,20,12,10,42,7.484259179,105,524,51.63643658,9.67986148,7.10529148,7.82851228,460,16,498,26,476,524
13,1000,50,7.7,28,51,956,23,11,10,44,8.275462554,101,483,51.29224061,9.752316347,7.786112853,8.764812254,486,14,470,30,500,500
10,1000,50,7.7,28,60,952,30,9,9,48,8.235557591,88,516,51.88268956,9.779023282,7.660139572,8.829688391,492,16,460,32,508,492
14,1000,50,7.7,28,49,957,18,7,18,43,8.141984935,94,530,51.80794714,10.00431736,7.60321088,8.689448894,491,13,466,30,504,496
16,1000,50,7.7,28,33,957,18,12,13,43,7.68555292,88,518,51.03937077,9.337254664,7.33248664,8.055983116,495,17,462,26,512,488
12,1000,50,7.7,28,57,956,22,11,11,44,8.286386903,98,518,52.42805802,10.39189245,7.443801123,9.217665923,508,17,448,27,525,475
11,1000,50,7.7,28,59,948,34,10,8,52,8.200930045,100,507,51.85538922,10.16944823,7.684264605,8.711432477,479,18,469,34,497,503
9,1000,50,7.7,28,60,944,32,15,9,56,8.736376924,103,543,52.64127609,10.55532346,8.136435798,9.283550762,457,20,487,36,477,523
15,1000,50,7.7,28,48,957,21,12,10,43,7.487314585,88,496,51.68394838,9.706137191,7.112954733,7.827381931,459,17,498,26,476,524
10,1000,50,7.7,28,61,952,30,9,9,48,8.277752062,117,500,51.93404288,9.80432293,7.727178845,8.846230098,492,16,460,32,508,492
13,1000,50,7.7,28,52,957,22,11,10,43,8.302084058,103,477,51.3148494,9.770142629,7.804204928,8.799963188,487,13,470,30,500,500
14,1000,50,7.7,28,50,955,19,8,18,45,8.15469555,120,528,51.83643246,10.01308779,7.636590056,8.681157584,490,14,465,31,504,496
16,1000,50,7.7,28,34,957,19,11,13,43,7.701901072,96,507,51.07087207,9.322721337,7.382679204,8.036822376,494,18,463,25,512,488
12,1000,50,7.7,28,58,957,21,11,11,43,8.291597929,114,548,52.4687896,10.4056685,7.443761451,9.228680352,509,16,448,27,525,475
11,1000,50,7.7,28,60,950,32,10,8,50,8.185892942,99,529,51.87285802,10.18524823,7.706216154,8.659847939,479,18,471,32,497,503
9,1000,50,7.7,28,61,943,33,15,9,57,8.794642394,103,534,52.63958636,10.5831555,8.192520488,9.343805203,456,21,487,36,477,523
10,1000,50,7.7,28,62,952,30,9,9,48,8.295737649,109,523,51.97789455,9.808882679,7.738325034,8.871277503,492,16,460,32,508,492
13,1000,50,7.7,28,53,955,23,11,11,45,8.331514463,98,531,51.34079328,9.769565703,7.828225501,8.834803425,485,15,470,30,500,500
15,1000,50,7.7,28,49,957,20,13,10,43,7.502552249,113,506,51.71844853,9.714863446,7.111121529,7.858126721,459,17,498,26,476,524
14,1000,50,7.7,28,51,955,20,8,17,45,8.145903819,84,498,51.8660421,10.04020279,7.626351229,8.673836289,490,14,465,31,504,496
12,1000,50,7.7,28,59,956,21,12,11,44,8.33310467,109,507,52.53681173,10.41902369,7.506942043,9.246231784,509,16,447,28,525,475
16,1000,50,7.7,28,35,959,19,9,13,41,7.718900751,112,526,51.12469973,9.340190205,7.406101117,8.047083975,495,17,464,24,512,488
11,1000,50,7.7,28,61,949,33,9,9,51,8.225271368,120,532,51.90747399,10.19444257,7.754713731,8.690215992,479,18,470,33,497,503
9,1000,50,7.7,28,62,943,32,15,10,57,8.818794236,110,535,52.64804982,10.60791789,8.208694788,9.375232929,456,21,487,36,477,523
13,1000,50,7.7,28,54,955,24,10,11,45,8.334729108,108,526,51.36043547,9.782741284,7.840206127,8.829252088,486,14,469,31,500,500
10,1000,50,7.7,28,63,952,29,10,9,48,8.31599867,100,514,52.01658424,9.844277881,7.754341503,8.89592111,492,16,460,32,508,492
14,1000,50,7.7,28,52,954,21,8,17,46,8.157913982,99,508,51.90698707,10.04798135,7.656789953,8.667120657,490,14,464,32,504,496
15,1000,50,7.7,28,50,957,20,13,10,43,7.530616621,101,517,51.76827822,9.736260081,7.134763458,7.890208426,459,17,498,26,476,524
12,1000,50,7.7,28,60,956,22,11,11,44,8.322906071,113,536,52.57197065,10.42857388,7.483938256,9.250186288,509,16,447,28,525,475
16,1000,50,7.7,28,36,959,19,9,13,41,7.718149922,108,519,51.14282762,9.384620413,7.384700243,8.067998766,495,17,464,24,512,488
11,1000,50,7.7,28,62,949,34,8,9,51,8.237722935,104,507,51.93285252,10.20030065,7.739309841,8.730190744,480,17,469,34,497,503
9,1000,50,7.7,28,63,942,33,15,10,58,8.813647377,119,511,52.68577965,10.61173511,8.236716049,9.339835224,456,21,486,37,477,523
10,1000,50,7.7,28,64,951,28,12,9,49,8.329605288,99,520,52.08219989,9.861471351,7.767893364,8.909584267,491,17,460,32,508,492
13,1000,50,7.7,28,55,955,24,10,11,45,8.337606078,112,518,51.37281529,9.81503941,7.836822227,8.83838993,486,14,469,31,500,500
14,1000,50,7.7,28,53,954,21,8,17,46,8.167541131,105,512,51.95914278,10.06394091,7.659307929,8.683971644,490,14,464,32,504,496
15,1000,50,7.7,28,51,958,19,13,10,42,7.542590378,100,544,51.80685389,9.752887617,7.126912461,7.920190929,459,17,499,25,476,524
12,1000,50,7.7,28,61,955,22,11,12,45,8.346490828,114,508,52.63082145,10.45872898,7.516296085,9.264074491,509,16,446,29,525,475
11,1000,50,7.7,28,63,949,34,8,9,51,8.256248988,111,518,51.9522159,10.22660979,7.771094825,8.735616024,480,17,469,34,497,503
9,1000,50,7.7,28,64,942,33,15,10,58,8.822181788,138,508,52.72782671,10.62437444,8.246444432,9.347280677,455,22,487,36,477,523
16,1000,50,7.7,28,37,960,19,8,13,40,7.721327519,99,531,51.18028444,9.395063615,7.386542525,8.072577348,495,17,465,23,512,488
13,1000,50,7.7,28,56,955,24,9,12,45,8.341767037,94,513,51.40492076,9.838277973,7.830783301,8.852750773,486,14,469,31,500,500
10,1000,50,7.7,28,65,950,29,12,9,50,8.383123247,117,512,52.12490674,9.870731529,7.819629061,8.964942448,491,17,459,33,508,492
14,1000,50,7.7,28,54,956,21,8,15,44,8.144336697,108,508,52.01876925,10.06618201,7.6219845,8.675113928,491,13,465,31,504,496
15,1000,50,7.7,28,52,957,20,13,10,43,7.555079886,109,542,51.83992529,9.770860308,7.132556529,7.938898813,459,17,498,26,476,524
12,1000,50,7.7,28,62,954,23,10,13,46,8.341474481,103,543,52.68804354,10.45628394,7.504679637,9.266352993,508,17,446,29,525,475
11,1000,50,7.7,28,64,949,34,8,9,51,8.284960696,100,509,51.99565012,10.26375203,7.795776874,8.768309323,480,17,469,34,497,503
9,1000,50,7.7,28,65,942,33,15,10,58,8.845432936,105,543,52.78003291,10.63891636,8.251501889,9.387125306,455,22,487,36,477,523
13,1000,50,7.7,28,57,955,23,10,12,45,8.330780948,127,519,51.44563127,9.841798397,7.79891447,8.862647425,486,14,469,31,500,500
10,1000,50,7.7,28,66,951,28,12,9,49,8.432793609,94,542,52.16822797,9.882817829,7.881665626,9.001844454,491,17,460,32,508,492
16,1000,50,7.7,28,38,963,17,7,13,37,7.689510329,101,493,51.23562805,9.412074399,7.360964836,8.034213797,497,15,466,22,512,488
14,1000,50,7.7,28,55,955,22,8,15,45,8.162979926,114,531,52.03600299,10.09260979,7.663448056,8.670568762,489,15,466,30,504,496
12,1000,50,7.7,28,63,953,24,10,13,47,8.374234017,129,558,52.72077737,10.47854501,7.532754833,9.304289957,507,18,446,29,525,475
15,1000,50,7.7,28,53,957,20,13,10,43,7.593547126,106,516,51.85408186,9.805160059,7.178218563,7.970830324,459,17,498,26,476,524
9,1000,50,7.7,28,66,943,32,15,10,57,8.829004084,119,526,52.79587014,10.67295067,8.221414439,9.383153722,456,21,487,36,477,523
11,1000,50,7.7,28,65,949,34,8,9,51,8.278070323,122,522,52.03348003,10.28233651,7.789854677,8.760462324,479,18,470,33,497,503
13,1000,50,7.7,28,58,954,23,10,13,46,8.357246705,123,533,51.48004973,9.852051452,7.801428269,8.91306514,486,14,468,32,500,500
10,1000,50,7.7,28,67,952,27,12,9,48,8.455904105,105,557,52.2046832,9.881099322,7.896849715,9.033139125,492,16,460,32,508,492
12,1000,50,7.7,28,64,952,25,10,13,48,8.419905625,105,520,52.77404426,10.4837386,7.565455468,9.364297904,506,19,446,29,525,475
14,1000,50,7.7,28,56,956,24,8,12,44,8.140042414,111,523,52.0643669,10.09938501,7.689339167,8.598015069,489,15,467,29,504,496
16,1000,50,7.7,28,39,962,20,7,11,38,7.697360541,92,548,51.28902797,9.449848294,7.372607369,8.038085181,497,15,465,23,512,488
15,1000,50,7.7,28,54,957,19,14,10,43,7.624438873,101,478,51.90068137,9.812963641,7.225232324,7.987076883,459,17,498,26,476,524
9,1000,50,7.7,28,67,942,33,15,10,58,8.868236837,117,501,52.84330933,10.66470213,8.263906361,9.419413964,456,21,486,37,477,523
13,1000,50,7.7,28,59,953,24,10,13,47,8.408331729,110,540,51.50420936,9.881106277,7.862135889,8.95452757,486,14,467,33,500,500
10,1000,50,7.7,28,68,950,28,13,9,50,8.505167438,100,526,52.22571873,9.891696997,7.907888167,9.121870424,491,17,459,33,508,492
11,1000,50,7.7,28,66,949,33,9,9,51,8.314536416,110,514,52.05983663,10.30944504,7.855425972,8.768170393,479,18,470,33,497,503
12,1000,50,7.7,28,65,951,25,11,13,49,8.472494235,107,518,52.80706489,10.52583023,7.61197149,9.423598321,507,18,444,31,525,475
14,1000,50,7.7,28,57,955,25,8,12,45,8.193316312,95,516,52.0831845,10.11663592,7.731498425,8.662582874,489,15,466,30,504,496
16,1000,50,7.7,28,40,963,19,7,11,37,7.740855724,93,515,51.33353112,9.46366549,7.447804821,8.048318967,498,14,465,23,512,488
9,1000,50,7.7,28,68,941,34,15,10,59,8.912138774,100,538,52.85534029,10.67217677,8.346444487,9.428077922,455,22,486,37,477,523
13,1000,50,7.7,28,60,954,23,10,13,46,8.40169551,99,505,51.53389506,9.899032039,7.862347974,8.941043045,486,14,468,32,500,500
10,1000,50,7.7,28,69,951,29,12,8,49,8.51095926,115,541,52.27412381,9.898638173,7.904431473,9.137211529,491,17,460,32,508,492
15,1000,50,7.7,28,55,957,19,14,10,43,7.622238654,112,519,51.93080865,9.881967231,7.229130119,7.979337246,459,17,498,26,476,524
11,1000,50,7.7,28,67,947,35,9,9,53,8.321228442,108,527,52.11135618,10.32398172,7.889774008,8.747536303,478,19,469,34,497,503
12,1000,50,7.7,28,66,950,26,10,14,50,8.494218047,102,518,52.83796536,10.56145381,7.658855102,9.417513934,506,19,444,31,525,475
14,1000,50,7.7,28,58,956,25,8,11,44,8.190735788,120,523,52.12325401,10.13557337,7.755512169,8.632979142,489,15,467,29,504,496
9,1000,50,7.7,28,69,938,36,16,10,62,8.898961223,127,560,52.87406943,10.71563559,8.30403177,9.441564185,454,23,484,39,477,523
16,1000,50,7.7,28,41,963,17,9,11,37,7.774062811,107,503,51.34979864,9.470645459,7.475087864,8.087741443,498,14,465,23,512,488
10,1000,50,7.7,28,70,950,30,12,8,50,8.540584147,107,540,52.337241,9.913904847,7.955099825,9.145108609,490,18,460,32,508,492
13,1000,50,7.7,28,61,953,24,10,13,47,8.41450702,128,522,51.5879737,9.912376664,7.827037178,9.001976862,486,14,467,33,500,500
11,1000,50,7.7,28,68,949,33,9,9,51,8.326698196,99,513,52.15187363,10.33458113,7.885919302,8.76221929,479,18,470,33,497,503
15,1000,50,7.7,28,56,958,19,12,11,42,7.658342788,112,518,51.97156842,9.916721783,7.276884274,8.004858537,460,16,498,26,476,524
12,1000,50,7.7,28,67,950,25,11,14,50,8.521764207,111,519,52.90634774,10.59058364,7.673906546,9.458870043,506,19,444,31,525,475
14,1000,50,7.7,28,59,956,24,10,10,44,8.19581772,109,506,52.17724022,10.15288461,7.775475534,8.622939619,489,15,467,29,504,496
10,1000,50,7.7,28,71,951,29,12,8,49,8.589045259,102,504,52.35284482,9.938743594,8.005049509,9.192032741,490,18,461,31,508,492
9,1000,50,7.7,28,70,939,35,16,10,61,8.900091875,121,530,52.88974471,10.75720827,8.313978147,9.43465449,454,23,485,38,477,523
13,1000,50,7.7,28,62,950,27,10,13,50,8.402945754,116,546,51.61687354,9.94121453,7.805700115,9.000191394,485,15,465,35,500,500
11,1000,50,7.7,28,69,949,33,9,9,51,8.34534312,111,523,52.21709482,10.34938788,7.895877191,8.789447627,479,18,470,33,497,503
15,1000,50,7.7,28,57,958,19,12,11,42,7.665832332,121,507,52.02690141,9.931700577,7.26350252,8.031307505,460,16,498,26,476,524
16,1000,50,7.7,28,42,965,16,8,11,35,7.769205474,100,530,51.37886333,9.500626072,7.472074858,8.080949071,500,12,465,23,512,488
12,1000,50,7.7,28,68,951,25,10,14,49,8.540284137,111,556,52.93882948,10.61392601,7.681790461,9.489145568,507,18,444,31,525,475
14,1000,50,7.7,28,60,956,25,10,9,44,8.187052683,112,511,52.21441548,10.17178848,7.771014671,8.609800986,489,15,467,29,504,496
10,1000,50,7.7,28,72,950,30,14,6,50,8.580481658,97,559,52.39096932,9.932360441,8.032466362,9.14631859,489,19,461,31,508,492
9,1000,50,7.7,28,71,941,34,15,10,59,8.891206734,111,504,52.91262492,10.77529057,8.309577563,9.421679227,454,23,487,36,477,523
13,1000,50,7.7,28,63,949,28,10,13,51,8.403930154,108,504,51.63452045,9.939097846,7.796255402,9.011604907,485,15,464,36,500,500
11,1000,50,7.7,28,70,950,32,9,9,50,8.377870279,100,515,52.26382907,10.41395167,7.911543249,8.838634761,480,17,470,33,497,503
15,1000,50,7.7,28,58,961,19,10,10,39,7.672504624,113,523,52.06511388,9.96006964,7.310571837,8.001283262,460,16,501,23,476,524
16,1000,50,7.7,28,43,965,16,8,11,35,7.795649235,89,486,51.41890979,9.497339478,7.493939501,8.112197152,500,12,465,23,512,488
12,1000,50,7.7,28,69,953,24,9,14,47,8.537096979,99,502,52.96109142,10.59636477,7.660193639,9.506305934,508,17,445,30,525,475
14,1000,50,7.7,28,61,956,24,11,9,44,8.200734163,110,558,52.26507568,10.19007788,7.800523696,8.607399637,488,16,468,28,504,496
10,1000,50,7.7,28,73,954,27,13,6,46,8.568533861,103,549,52.44083656,9.938615357,8.001449158,9.154060343,492,16,462,30,508,492
11,1000,50,7.7,28,71,947,35,9,9,53,8.428537464,109,531,52.31771299,10.4593905,7.954116053,8.897299772,480,17,467,36,497,503
13,1000,50,7.7,28,64,951,25,12,12,49,8.432298953,102,539,51.65653531,9.960173956,7.842323402,9.022274504,485,15,466,34,500,500
9,1000,50,7.7,28,72,941,34,15,10,59,8.911922896,122,520,52.96514,10.78430406,8.370526111,9.405701609,453,24,488,35,477,523
15,1000,50,7.7,28,59,960,20,10,10,40,7.696624212,100,521,52.09354091,9.986192546,7.310571837,8.047313012,460,16,500,24,476,524
12,1000,50,7.7,28,70,953,24,9,14,47,8.544805503,113,520,52.98616504,10.61068565,7.695642489,9.483354098,508,17,445,30,525,475
16,1000,50,7.7,28,44,965,17,7,11,35,7.859760761,105,521,51.43631935,9.516593743,7.57486837,8.158664254,500,12,465,23,512,488
14,1000,50,7.7,28,62,955,27,10,8,45,8.176490382,121,530,52.29879765,10.19667283,7.722833281,8.637464532,488,16,467,29,504,496
10,1000,50,7.7,28,74,954,26,14,6,46,8.590493983,118,529,52.47612839,9.955119504,8.01174485,9.188064226,492,16,462,30,508,492
13,1000,50,7.7,28,65,952,25,11,12,48,8.440639519,122,529,51.70684274,10.00599447,7.820505809,9.060773229,485,15,467,33,500,500
9,1000,50,7.7,28,73,940,36,14,10,60,8.940358181,101,554,53.03681267,10.80622243,8.430930628,9.404979486,452,25,488,35,477,523
11,1000,50,7.7,28,72,947,35,9,9,53,8.460310825,106,497,52.33378636,10.47735652,7.984143865,8.930797861,479,18,468,35,497,503
12,1000,50,7.7,28,71,953,23,10,14,47,8.574694623,91,529,53.0288798,10.62716715,7.723479429,9.515511416,508,17,445,30,525,475
15,1000,50,7.7,28,60,959,22,10,9,41,7.721959469,110,493,52.11136794,10.00496437,7.35637363,8.054056529,459,17,500,24,476,524
16,1000,50,7.7,28,45,965,17,7,11,35,7.885138545,93,506,51.46706374,9.535767602,7.6041576,8.179938225,500,12,465,23,512,488
14,1000,50,7.7,28,63,956,27,10,7,44,8.205375143,105,523,52.3382767,10.2256448,7.689378829,8.729693978,489,15,467,29,504,496
10,1000,50,7.7,28,75,953,28,14,5,47,8.604893183,116,548,52.47937771,9.98157848,8.08806551,9.138528261,491,17,462,30,508,492
13,1000,50,7.7,28,66,953,24,11,12,47,8.453979729,107,509,51.75118124,10.03404927,7.827575464,9.080383993,485,15,468,32,500,500
9,1000,50,7.7,28,74,939,37,15,9,61,8.9439647,105,548,53.09297157,10.83227069,8.439734603,9.403845686,452,25,487,36,477,523
11,1000,50,7.7,28,73,947,35,9,9,53,8.445667445,112,506,52.35138866,10.48929046,7.971025609,8.91464755,479,18,468,35,497,503
12,1000,50,7.7,28,72,953,23,10,14,47,8.580645485,126,569,53.05941589,10.64442703,7.739713446,9.510096687,508,17,445,30,525,475
15,1000,50,7.7,28,61,959,23,9,9,41,7.749007655,111,516,52.15323185,10.03317538,7.383392368,8.081131466,459,17,500,24,476,524
14,1000,50,7.7,28,64,955,28,10,7,45,8.229460025,91,544,52.36572285,10.22963558,7.71305218,8.754197029,489,15,466,30,504,496
16,1000,50,7.7,28,46,966,16,7,11,34,7.884641645,107,516,51.53828515,9.574359457,7.60115221,8.182073182,501,11,465,23,512,488
10,1000,50,7.7,28,76,952,29,14,5,48,8.667710731,108,528,52.50438621,9.9833429,8.127658109,9.22532604,491,17,461,31,508,492
13,1000,50,7.7,28,67,953,24,11,12,47,8.459411952,96,560,51.7726554,10.0450985,7.854053659,9.064770246,485,15,468,32,500,500
9,1000,50,7.7,28,75,939,36,15,10,61,8.930334276,109,508,53.14862946,10.85820473,8.440559348,9.377031487,452,25,487,36,477,523
11,1000,50,7.7,28,74,948,34,8,10,52,8.474594211,103,523,52.38744899,10.54195503,8.01276346,8.930916046,480,17,468,35,497,503
12,1000,50,7.7,28,73,953,23,9,15,47,8.549997682,114,527,53.08457703,10.66667452,7.721442613,9.465769075,508,17,445,30,525,475
15,1000,50,7.7,28,62,959,23,10,8,41,7.804765367,88,528,52.20608539,10.07239571,7.420629138,8.153713544,459,17,500,24,476,524
14,1000,50,7.7,28,65,955,28,10,7,45,8.241586475,111,561,52.4062648,10.22115493,7.746226817,8.744935805,489,15,466,30,504,496
16,1000,50,7.7,28,47,966,17,6,11,34,7.859031993,94,515,51.59802621,9.593213509,7.566137741,8.16633088,501,11,465,23,512,488
10,1000,50,7.7,28,77,952,29,14,5,48,8.689530879,108,542,52.5312795,10.00498533,8.124400957,9.27303901,491,17,461,31,508,492
13,1000,50,7.7,28,68,952,25,11,12,48,8.512713164,94,528,51.77442148,10.06458043,7.873073753,9.152352575,485,15,467,33,500,500
11,1000,50,7.7,28,75,947,34,9,10,53,8.544311583,113,546,52.42033022,10.57769831,8.101583576,8.98175854,479,18,468,35,497,503
9,1000,50,7.7,28,76,941,35,13,11,59,8.964354046,116,546,53.17552476,10.87305458,8.461529418,9.422953181,452,25,489,34,477,523
12,1000,50,7.7,28,74,953,23,9,15,47,8.600612124,111,525,53.09363832,10.71294591,7.768460849,9.52035827,508,17,445,30,525,475
15,1000,50,7.7,28,63,958,23,10,9,42,7.84032296,105,516,52.21785565,10.0709669,7.472747848,8.174227069,459,17,499,25,476,524
14,1000,50,7.7,28,66,955,28,10,7,45,8.273421179,93,544,52.45095288,10.22762695,7.801388174,8.753067619,489,15,466,30,504,496
13,1000,50,7.7,28,69,952,25,11,12,48,8.486208509,105,519,51.79897238,10.10330615,7.842459434,9.129957583,485,15,467,33,500,500
10,1000,50,7.7,28,78,952,29,14,5,48,8.704884395,95,545,52.56605449,10.01002454,8.175550291,9.251432617,491,17,461,31,508,492
11,1000,50,7.7,28,76,947,33,10,10,53,8.587416753,113,507,52.45485601,10.60466123,8.174702699,8.995207776,479,18,468,35,497,503
16,1000,50,7.7,28,48,965,19,6,10,35,7.875160305,95,554,51.64474851,9.607586746,7.602586191,8.161139703,500,12,465,23,512,488
9,1000,50,7.7,28,77,943,34,12,11,57,8.955966701,117,521,53.22463541,10.87346092,8.477649671,9.392213783,453,24,490,33,477,523
12,1000,50,7.7,28,75,952,24,9,15,48,8.637650119,120,534,53.12592782,10.73338236,7.776402864,9.58955498,508,17,444,31,525,475
15,1000,50,7.7,28,64,958,23,10,9,42,7.830989763,105,518,52.28196202,10.08785032,7.460630951,8.167422576,459,17,499,25,476,524
14,1000,50,7.7,28,67,953,30,10,7,47,8.299631039,112,574,52.47020538,10.25716911,7.81849349,8.78852887,489,15,464,32,504,496
10,1000,50,7.7,28,79,952,29,14,5,48,8.693754982,102,533,52.59260036,10.03194278,8.179692755,9.22453468,491,17,461,31,508,492
11,1000,50,7.7,28,77,947,32,11,10,53,8.62978385,106,527,52.52002893,10.61408868,8.234619213,9.020234794,479,18,468,35,497,503
13,1000,50,7.7,28,70,953,25,10,12,47,8.501687193,107,526,51.8361581,10.11315867,7.848551984,9.154822402,486,14,467,33,500,500
9,1000,50,7.7,28,78,943,33,13,11,57,8.941692005,117,524,53.26712667,10.89598237,8.49004435,9.353615392,452,25,491,32,477,523
12,1000,50,7.7,28,76,951,26,9,14,49,8.660021631,99,532,53.18339622,10.75564893,7.802233969,9.608102731,507,18,444,31,525,475
16,1000,50,7.7,28,49,965,19,6,10,35,7.89085117,107,520,51.70183747,9.628017954,7.617027922,8.178141136,500,12,465,23,512,488
15,1000,50,7.7,28,65,958,22,11,9,42,7.865792925,92,516,52.30518394,10.08152022,7.497743413,8.200127979,459,17,499,25,476,524
14,1000,50,7.7,28,68,954,30,9,7,46,8.284028366,118,494,52.49008242,10.27307352,7.795803214,8.780128118,490,14,464,32,504,496
10,1000,50,7.7,28,80,952,29,14,5,48,8.735677819,109,535,52.61360166,10.06679105,8.243138253,9.244234932,491,17,461,31,508,492
11,1000,50,7.7,28,78,948,32,10,10,52,8.638272781,131,543,52.56386823,10.62291862,8.222459723,9.049125843,481,16,467,36,497,503
13,1000,50,7.7,28,71,952,26,10,12,48,8.494605186,121,528,51.86589516,10.14836598,7.874271018,9.114939355,485,15,467,33,500,500
9,1000,50,7.7,28,79,940,34,15,11,60,8.940098343,117,533,53.30160329,10.90651638,8.500717742,9.340833614,450,27,490,33,477,523
12,1000,50,7.7,28,77,950,27,9,14,50,8.678418327,116,550,53.22516136,10.76180321,7.856450298,9.586909308,506,19,444,31,525,475
16,1000,50,7.7,28,50,965,20,6,9,35,7.854609202,103,519,51.73111149,9.650716257,7.596241573,8.125683435,500,12,465,23,512,488
15,1000,50,7.7,28,66,959,21,11,9,41,7.875861161,94,547,52.33365826,10.09966184,7.508409462,8.209653162,459,17,500,24,476,524
14,1000,50,7.7,28,69,952,32,9,7,48,8.322353668,119,535,52.53056226,10.31838901,7.844293892,8.808124086,489,15,463,33,504,496
10,1000,50,7.7,28,81,953,29,14,4,47,8.756672026,84,565,52.61682734,10.0873998,8.274816197,9.254197963,491,17,462,30,508,492
13,1000,50,7.7,28,72,951,26,11,12,49,8.514383393,120,545,51.89920757,10.17610556,7.919448426,9.10931836,485,15,466,34,500,500
11,1000,50,7.7,28,79,947,33,10,10,53,8.642910665,120,527,52.60746188,10.62559985,8.205658525,9.074947073,480,17,467,36,497,503
12,1000,50,7.7,28,78,952,27,8,13,48,8.654180058,120,552,53.26904107,10.77508654,7.877584661,9.512522338,506,19,446,29,525,475
9,1000,50,7.7,28,80,939,35,15,11,61,8.94924677,115,529,53.33401183,10.91688743,8.494627623,9.363880293,450,27,489,34,477,523
15,1000,50,7.7,28,67,957,23,11,9,43,7.912705553,108,563,52.38674952,10.11346884,7.538635781,8.252509392,458,18,499,25,476,524
16,1000,50,7.7,28,51,964,21,6,9,36,7.879950493,111,514,51.75917299,9.663771884,7.614765107,8.158177784,499,13,465,23,512,488
14,1000,50,7.7,28,70,952,32,9,7,48,8.347955584,97,530,52.56452002,10.34119259,7.917848033,8.785000355,489,15,463,33,504,496
10,1000,50,7.7,28,82,953,31,12,4,47,8.765349288,94,515,52.63980523,10.10511029,8.249128462,9.298357783,493,15,460,32,508,492
13,1000,50,7.7,28,73,950,27,11,12,50,8.555519885,91,493,51.92313375,10.16781147,7.9801451,9.13089467,484,16,466,34,500,500
12,1000,50,7.7,28,79,952,27,7,14,48,8.705319003,117,537,53.33846428,10.78586195,7.940481617,9.550665587,506,19,446,29,525,475
9,1000,50,7.7,28,81,938,36,15,11,62,8.976528024,100,519,53.35437133,10.94643354,8.512704944,9.399555957,449,28,489,34,477,523
11,1000,50,7.7,28,80,946,32,12,10,54,8.631646512,109,518,52.65140249,10.67062666,8.193603878,9.064463986,479,18,467,36,497,503
15,1000,50,7.7,28,68,957,23,11,9,43,7.93881525,104,521,52.42116938,10.12794218,7.556922025,8.285725889,458,18,499,25,476,524
10,1000,50,7.7,28,83,955,29,12,4,45,8.746676793,110,554,52.69222536,10.09356856,8.226366003,9.28390826,493,15,462,30,508,492
14,1000,50,7.7,28,71,951,33,9,7,49,8.377785382,122,523,52.59501237,10.36534869,7.958109365,8.804230367,489,15,462,34,504,496
16,1000,50,7.7,28,52,965,19,7,9,35,7.893556379,106,526,51.78627168,9.676157831,7.651030171,8.148010104,499,13,466,22,512,488
13,1000,50,7.7,28,74,951,26,11,12,49,8.595813177,98,535,51.95740604,10.1834788,7.985350135,9.206276219,484,16,467,33,500,500
12,1000,50,7.7,28,80,952,27,7,14,48,8.707238635,130,540,53.3512744,10.794475,7.963812255,9.528920422,506,19,446,29,525,475
9,1000,50,7.7,28,82,939,35,16,10,61,8.975945031,109,542,53.38524478,10.96661359,8.526380032,9.38596894,449,28,490,33,477,523
11,1000,50,7.7,28,81,944,32,13,11,56,8.647080575,101,517,52.69985219,10.70938461,8.225610812,9.063522865,477,20,467,36,497,503
10,1000,50,7.7,28,84,955,30,12,3,45,8.773182567,118,531,52.7136709,10.12755671,8.263374117,9.299570153,494,14,461,31,508,492
15,1000,50,7.7,28,69,960,21,12,7,40,7.923989149,104,505,52.42788171,10.16078952,7.540556852,8.272297878,460,16,500,24,476,524
14,1000,50,7.7,28,72,951,33,10,6,49,8.392785243,117,545,52.62184306,10.38674955,7.976984484,8.815292466,491,13,460,36,504,496
13,1000,50,7.7,28,75,951,26,11,12,49,8.623618227,90,522,52.01359219,10.21015385,7.997611052,9.249625402,484,16,467,33,500,500
12,1000,50,7.7,28,81,953,26,7,14,47,8.738315374,119,535,53.39859854,10.80432328,8.00637382,9.547303408,506,19,447,28,525,475
16,1000,50,7.7,28,53,964,20,7,9,36,7.93783321,85,491,51.81936374,9.693621968,7.727631999,8.158372186,498,14,466,22,512,488
9,1000,50,7.7,28,83,938,36,16,10,62,8.971122876,123,523,53.42546795,10.97885293,8.492211522,9.407912007,449,28,489,34,477,523
11,1000,50,7.7,28,82,946,30,13,11,54,8.641563738,110,543,52.77294607,10.7511691,8.229782352,9.048433218,477,20,469,34,497,503
10,1000,50,7.7,28,85,955,30,12,3,45,8.820482068,109,525,52.75118903,10.16208262,8.311402993,9.34611656,494,14,461,31,508,492
15,1000,50,7.7,28,70,960,21,12,7,40,7.922357242,110,517,52.43038161,10.1558665,7.568042346,8.244215811,460,16,500,24,476,524
14,1000,50,7.7,28,73,951,32,11,6,49,8.43438924,117,526,52.66417585,10.41397026,8.060683582,8.814122408,491,13,460,36,504,496
13,1000,50,7.7,28,76,951,26,11,12,49,8.68489801,100,545,52.05960683,10.24268262,8.040715996,9.329080024,484,16,467,33,500,500
12,1000,50,7.7,28,82,952,26,8,14,48,8.783175954,112,540,53.42800722,10.81995647,8.042696189,9.601600957,506,19,446,29,525,475
9,1000,50,7.7,28,84,939,34,17,10,61,9.003417044,114,503,53.44730432,10.99347231,8.55074723,9.416272686,449,28,490,33,477,523
11,1000,50,7.7,28,83,946,30,13,11,54,8.662773351,115,542,52.81372822,10.77895532,8.261493652,9.059266414,477,20,469,34,497,503
16,1000,50,7.7,28,54,963,21,7,9,37,7.992910659,88,524,51.84351671,9.733304352,7.771020444,8.225713508,497,15,466,22,512,488
10,1000,50,7.7,28,86,955,31,12,2,45,8.822298454,113,547,52.79356207,10.17587289,8.358399717,9.301283328,494,14,461,31,508,492
14,1000,50,7.7,28,74,950,32,12,6,50,8.477277348,108,541,52.68489867,10.43225527,8.122457796,8.837819796,490,14,460,36,504,496
13,1000,50,7.7,28,77,951,26,12,11,49,8.68553177,115,527,52.11234564,10.25342222,8.030084278,9.340979262,484,16,467,33,500,500
15,1000,50,7.7,28,71,960,21,12,7,40,7.937038317,105,525,52.4568012,10.16704175,7.609119068,8.234919161,460,16,500,24,476,524
12,1000,50,7.7,28,83,953,26,7,14,47,8.80138933,101,532,53.46326153,10.85078006,8.05446065,9.626942081,506,19,447,28,525,475
9,1000,50,7.7,28,85,939,34,17,10,61,9.030816691,119,525,53.49408743,11.03626275,8.57281979,9.448530881,449,28,490,33,477,523
11,1000,50,7.7,28,84,946,30,13,11,54,8.651381325,121,530,52.8410588,10.77057292,8.220522358,9.077100822,477,20,469,34,497,503
16,1000,50,7.7,28,55,963,20,8,9,37,8.010435242,82,507,51.86530561,9.757851314,7.796898642,8.234473643,497,15,466,22,512,488
10,1000,50,7.7,28,87,954,32,12,2,46,8.842407321,92,536,52.81419387,10.20910328,8.416448603,9.282218355,493,15,461,31,508,492
14,1000,50,7.7,28,75,951,32,11,6,49,8.499736001,132,532,52.73086216,10.44388666,8.150836711,8.854262699,490,14,461,35,504,496
13,1000,50,7.7,28,78,950,27,12,11,50,8.672460796,109,521,52.14507252,10.25713198,8.047072744,9.297848847,483,17,467,33,500,500
12,1000,50,7.7,28,84,952,27,7,14,48,8.843392895,121,510,53.51555899,10.88961694,8.066576987,9.701978899,506,19,446,29,525,475
15,1000,50,7.7,28,72,958,24,12,6,42,7.987526403,105,542,52.46377553,10.19331997,7.670378962,8.27562217,459,17,499,25,476,524
9,1000,50,7.7,28,86,940,34,16,10,60,9.021084093,101,508,53.53253915,11.08094789,8.523057812,9.475306916,450,27,490,33,477,523
11,1000,50,7.7,28,85,945,31,13,11,55,8.704782148,100,513,52.90214803,10.77918053,8.265310312,9.139011775,476,21,469,34,497,503
16,1000,50,7.7,28,56,965,19,7,9,35,8.01657213,108,534,51.87449215,9.756386037,7.803380476,8.240248619,498,14,467,21,512,488
10,1000,50,7.7,28,88,954,32,12,2,46,8.873700912,109,540,52.83546038,10.25538941,8.444137182,9.317234194,493,15,461,31,508,492
14,1000,50,7.7,28,76,951,32,11,6,49,8.52094272,96,535,52.77800738,10.45984659,8.202888969,8.844126371,490,14,461,35,504,496
13,1000,50,7.7,28,79,950,27,12,11,50,8.676008011,99,501,52.20020546,10.27537337,8.078033322,9.2739827,483,17,467,33,500,500
12,1000,50,7.7,28,85,952,26,8,14,48,8.889943791,118,569,53.55123432,10.91573554,8.139115171,9.719807004,506,19,446,29,525,475
15,1000,50,7.7,28,73,958,25,11,6,42,8.037565702,109,530,52.47734647,10.19389315,7.76919908,8.281349121,458,18,500,24,476,524
9,1000,50,7.7,28,87,939,35,16,10,61,9.014063307,119,524,53.57844109,11.0790463,8.482399563,9.498965039,450,27,489,34,477,523
11,1000,50,7.7,28,86,945,31,13,11,55,8.745872198,106,535,52.93766911,10.78965197,8.286428304,9.199835649,476,21,469,34,497,503
10,1000,50,7.7,28,89,953,32,13,2,47,8.924493615,102,524,52.87315103,10.26890577,8.506609359,9.355967603,492,16,461,31,508,492
14,1000,50,7.7,28,77,950,33,11,6,50,8.576012531,103,520,52.80898411,10.49917879,8.244286903,8.913088573,490,14,460,36,504,496
16,1000,50,7.7,28,57,966,18,7,9,34,8.012300909,108,508,51.90431531,9.781342735,7.818460269,8.215674694,498,14,468,20,512,488
13,1000,50,7.7,28,80,949,28,11,12,51,8.702078477,102,517,52.22771745,10.28595529,8.099618496,9.304538459,483,17,466,34,500,500
12,1000,50,7.7,28,86,952,26,8,14,48,8.891458285,115,538,53.58801819,10.93001931,8.155788881,9.704566573,506,19,446,29,525,475
9,1000,50,7.7,28,88,938,36,16,10,62,9.033038713,109,520,53.60936949,11.115415,8.479217583,9.538148998,449,28,489,34,477,523
15,1000,50,7.7,28,74,958,25,11,6,42,8.055778502,104,508,52.50842072,10.23345245,7.731501315,8.350350908,459,17,499,25,476,524
11,1000,50,7.7,28,87,945,31,13,11,55,8.784788075,99,549,52.98068309,10.81345982,8.316197875,9.247788729,476,21,469,34,497,503
10,1000,50,7.7,28,90,953,29,16,2,47,8.956910708,95,563,52.8936266,10.27266855,8.567590163,9.358892084,490,18,463,29,508,492
14,1000,50,7.7,28,78,951,31,12,6,49,8.63033159,105,516,52.83692251,10.50971343,8.341007272,8.924322429,490,14,461,35,504,496
13,1000,50,7.7,28,81,949,28,11,12,51,8.736477674,107,524,52.25618235,10.31017311,8.113123128,9.359832221,483,17,466,34,500,500
12,1000,50,7.7,28,87,952,26,8,14,48,8.899768654,108,516,53.6473485,10.98490402,8.175870261,9.699866878,506,19,446,29,525,475
16,1000,50,7.7,28,58,967,18,7,8,33,8.023315611,98,534,51.92561667,9.802328899,7.822335675,8.234179807,498,14,469,19,512,488
9,1000,50,7.7,28,89,938,36,16,10,62,9.103660324,108,525,53.64021681,11.1613327,8.539026836,9.618631976,449,28,489,34,477,523
15,1000,50,7.7,28,75,958,25,11,6,42,8.068495812,95,522,52.53510576,10.23215476,7.729883999,8.376089749,459,17,499,25,476,524
11,1000,50,7.7,28,88,945,31,13,11,55,8.787490905,111,533,53.04010146,10.83664783,8.319598337,9.249802249,476,21,469,34,497,503
10,1000,50,7.7,28,91,954,27,17,2,46,8.946401124,134,523,52.92015508,10.31114773,8.573248353,9.331688944,490,18,464,28,508,492
13,1000,50,7.7,28,82,948,29,10,13,52,8.760932096,102,519,52.27957972,10.32359152,8.14975897,9.372105222,483,17,465,35,500,500
12,1000,50,7.7,28,88,952,26,8,14,48,8.890379149,123,560,53.65670825,11.02267933,8.176902096,9.678959049,506,19,446,29,525,475
14,1000,50,7.7,28,79,951,31,12,6,49,8.636713526,107,578,52.87124115,10.54090427,8.384940309,8.892547601,489,15,462,34,504,496
9,1000,50,7.7,28,90,940,35,14,11,60,9.118088512,100,563,53.66726273,11.19496605,8.535839884,9.64912598,450,27,490,33,477,523
16,1000,50,7.7,28,59,968,18,6,8,32,8.06243642,115,547,51.94561672,9.816097519,7.862628164,8.272071312,498,14,470,18,512,488
15,1000,50,7.7,28,76,956,27,11,6,44,8.124848034,108,512,52.56611321,10.24632319,7.793554132,8.425794403,459,17,497,27,476,524
11,1000,50,7.7,28,89,946,31,12,11,54,8.807681662,122,523,53.06919057,10.86456603,8.336138519,9.273600036,476,21,470,33,497,503
10,1000,50,7.7,28,92,953,28,17,2,47,8.96506421,121,545,52.96477652,10.35925506,8.612612492,9.328977773,489,19,464,28,508,492
13,1000,50,7.7,28,83,946,31,10,13,54,8.787878647,110,518,52.29369051,10.33069006,8.165470423,9.410286872,482,18,464,36,500,500
12,1000,50,7.7,28,89,951,28,9,12,49,8.879602941,106,567,53.70003899,11.05709233,8.213214013,9.616138073,504,21,447,28,525,475
14,1000,50,7.7,28,80,951,30,13,6,49,8.697432714,132,560,52.92735754,10.54479293,8.468184869,8.930378104,489,15,462,34,504,496
9,1000,50,7.7,28,91,940,35,14,11,60,9.130481051,114,544,53.69584634,11.20092684,8.553546121,9.656672182,450,27,490,33,477,523
11,1000,50,7.7,28,90,945,32,12,11,55,8.859249908,116,557,53.11197942,10.87594368,8.41211315,9.301053027,476,21,469,34,497,503
16,1000,50,7.7,28,60,968,18,7,7,32,8.093826154,92,515,51.97572003,9.858029764,7.912511976,8.284057422,498,14,470,18,512,488
15,1000,50,7.7,28,77,956,28,10,6,44,8.093451014,109,535,52.59423055,10.26625432,7.744122703,8.410779785,459,17,497,27,476,524
10,1000,50,7.7,28,93,952,27,19,2,48,9.004099616,113,519,52.99107337,10.39182427,8.626470986,9.394008853,489,19,463,29,508,492
12,1000,50,7.7,28,90,951,27,10,12,49,8.890033209,115,561,53.73484961,11.10359451,8.239671626,9.608853906,504,21,447,28,525,475
13,1000,50,7.7,28,84,945,32,10,13,55,8.794167601,108,528,52.31659325,10.35452227,8.177848292,9.410486911,482,18,463,37,500,500
14,1000,50,7.7,28,81,952,30,13,5,48,8.68532535,110,508,52.97780349,10.57091636,8.487418805,8.886423936,489,15,463,33,504,496
9,1000,50,7.7,28,92,939,36,13,12,61,9.141879274,108,548,53.72402061,11.21910954,8.58906283,9.646073239,449,28,490,33,477,523
11,1000,50,7.7,28,91,945,32,12,11,55,8.890960912,107,552,53.14551303,10.87706933,8.44099716,9.335557304,476,21,469,34,497,503
15,1000,50,7.7,28,78,957,27,10,6,43,8.087657152,98,538,52.63711337,10.26601757,7.726079503,8.416113184,460,16,497,27,476,524
16,1000,50,7.7,28,61,968,17,6,9,32,8.117708541,107,507,52.02325433,9.8981747,7.956385308,8.286965704,498,14,470,18,512,488
10,1000,50,7.7,28,94,951,28,18,3,49,9.034794526,98,545,53.04988009,10.42213426,8.666505059,9.415060886,489,19,462,30,508,492
12,1000,50,7.7,28,91,950,29,9,12,50,8.915148623,106,580,53.7519296,11.10906507,8.261708921,9.637371451,504,21,446,29,525,475
13,1000,50,7.7,28,85,945,32,11,12,55,8.788088071,99,561,52.34152855,10.36764255,8.197506174,9.378669967,481,19,464,36,500,500
14,1000,50,7.7,28,82,951,31,13,5,49,8.72310989,110,538,53.01570618,10.58342347,8.539767472,8.909409444,488,16,463,33,504,496
9,1000,50,7.7,28,93,938,35,15,12,62,9.174647778,115,529,53.76643438,11.23398715,8.646885708,9.655991004,448,29,490,33,477,523
11,1000,50,7.7,28,92,945,32,11,12,55,8.901015681,114,520,53.18351071,10.88400981,8.420035174,9.376258846,476,21,469,34,497,503
15,1000,50,7.7,28,79,957,27,10,6,43,8.119589269,106,508,52.64205757,10.29750736,7.76202889,8.444396025,460,16,497,27,476,524
10,1000,50,7.7,28,95,950,29,18,3,50,9.051724577,113,518,53.06616778,10.45571573,8.691661574,9.423496946,489,19,461,31,508,492
12,1000,50,7.7,28,92,949,29,10,12,51,8.939634164,117,520,53.7974186,11.13185602,8.272453277,9.677044618,504,21,445,30,525,475
16,1000,50,7.7,28,62,968,18,6,8,32,8.126453832,101,540,52.06059223,9.938425173,7.95998328,8.301111461,498,14,470,18,512,488
13,1000,50,7.7,28,86,945,32,12,11,55,8.817819857,101,516,52.36366812,10.36587151,8.200054598,9.435585115,481,19,464,36,500,500
9,1000,50,7.7,28,94,938,35,15,12,62,9.214226873,131,497,53.77941489,11.24792948,8.685397299,9.696543712,448,29,490,33,477,523
14,1000,50,7.7,28,83,953,29,13,5,47,8.70523326,103,558,53.06824848,10.59338686,8.53730982,8.875865144,489,15,464,32,504,496
11,1000,50,7.7,28,93,945,32,11,12,55,8.940419364,128,541,53.2081991,10.91910332,8.478189992,9.397135065,476,21,469,34,497,503
15,1000,50,7.7,28,80,957,27,9,7,43,8.155510166,99,505,52.67037753,10.3081642,7.850142657,8.432905079,460,16,497,27,476,524
10,1000,50,7.7,28,96,950,29,18,3,50,9.064519594,111,522,53.07759744,10.49421181,8.703746946,9.437024685,489,19,461,31,508,492
12,1000,50,7.7,28,93,950,28,10,12,50,8.976342488,117,559,53.84163063,11.13528481,8.315922645,9.706280209,504,21,446,29,525,475
13,1000,50,7.7,28,87,945,31,12,12,55,8.853902994,117,526,52.42909332,10.37550842,8.25141165,9.456394338,481,19,464,36,500,500
16,1000,50,7.7,28,63,968,18,6,8,32,8.135997055,128,531,52.06203503,9.974349382,7.965572612,8.314803028,498,14,470,18,512,488
9,1000,50,7.7,28,95,938,35,15,12,62,9.236661068,111,535,53.80852328,11.26235187,8.71307554,9.714195097,448,29,490,33,477,523
14,1000,50,7.7,28,84,953,29,12,6,47,8.715604957,126,550,53.10698921,10.62246198,8.571500618,8.862033559,489,15,464,32,504,496
11,1000,50,7.7,28,94,945,32,11,12,55,8.950897023,124,535,53.23018832,10.93778966,8.484272813,9.411955139,476,21,469,34,497,503
15,1000,50,7.7,28,81,957,26,10,7,43,8.207536011,106,543,52.69662446,10.34161529,7.882701883,8.502614341,460,16,497,27,476,524
10,1000,50,7.7,28,97,948,32,18,2,52,9.059342832,111,533,53.13075283,10.52103114,8.698147114,9.432284752,488,20,460,32,508,492
12,1000,50,7.7,28,94,950,28,10,12,50,8.992280145,127,566,53.89057053,11.1660446,8.33943276,9.713848306,504,21,446,29,525,475
13,1000,50,7.7,28,88,943,33,12,12,57,8.896932781,104,538,52.43537691,10.37328836,8.293350417,9.500515145,479,21,464,36,500,500
9,1000,50,7.7,28,96,937,35,15,13,63,9.236976349,108,569,53.81347751,11.28626148,8.701633439,9.72523365,449,28,488,35,477,523
14,1000,50,7.7,28,85,954,29,11,6,46,8.720041846,120,530,53.1188344,10.66561519,8.598957836,8.843078824,490,14,464,32,504,496
16,1000,50,7.7,28,64,967,19,6,8,33,8.154644576,101,522,52.12528917,9.984823109,7.960919063,8.357897574,498,14,469,19,512,488
11,1000,50,7.7,28,95,945,33,11,11,55,8.945803698,105,548,53.24467957,10.94996169,8.481966661,9.404107888,476,21,469,34,497,503
10,1000,50,7.7,28,98,946,33,19,2,54,9.080452154,103,536,53.16276427,10.52393123,8.679267164,9.49468381,486,22,460,32,508,492
12,1000,50,7.7,28,95,949,29,10,12,51,9.008526007,122,540,53.9387427,11.18803242,8.368512338,9.715909536,504,21,445,30,525,475
15,1000,50,7.7,28,82,956,26,11,7,44,8.204093944,105,504,52.72255791,10.36763157,7.869230813,8.50828259,460,16,496,28,476,524
13,1000,50,7.7,28,89,942,34,12,12,58,8.943678107,108,533,52.47673462,10.40386836,8.327710298,9.559645916,479,21,463,37,500,500
9,1000,50,7.7,28,97,937,35,16,12,63,9.306192024,121,564,53.85265249,11.30605592,8.752347122,9.81132399,449,28,488,35,477,523
14,1000,50,7.7,28,86,952,30,12,6,48,8.77569668,103,542,53.16098601,10.68533338,8.610451958,8.943606639,490,14,462,34,504,496
11,1000,50,7.7,28,96,946,31,12,11,54,8.93046092,110,535,53.27137486,10.96505174,8.476616913,9.37889128,476,21,470,33,497,503
16,1000,50,7.7,28,65,967,18,7,8,33,8.20186859,100,534,52.14407481,10.00103965,7.990766662,8.42335258,498,14,469,19,512,488
12,1000,50,7.7,28,96,948,28,13,11,52,9.024214766,113,549,53.96816533,11.21137983,8.340835345,9.779528862,504,21,444,31,525,475
10,1000,50,7.7,28,99,946,36,17,1,54,9.080486468,114,529,53.19344013,10.54723279,8.661202063,9.513406138,485,23,461,31,508,492
15,1000,50,7.7,28,83,957,24,12,7,43,8.216843779,109,535,52.76538561,10.39008217,7.899325248,8.505276643,460,16,497,27,476,524
13,1000,50,7.7,28,90,941,34,13,12,59,8.955384021,97,534,52.53412824,10.42140632,8.330708518,9.580059524,479,21,462,38,500,500
9,1000,50,7.7,28,98,938,34,16,12,62,9.308062123,121,537,53.87117958,11.31056172,8.765595575,9.802816509,449,28,489,34,477,523
14,1000,50,7.7,28,87,955,29,11,5,45,8.777559292,103,540,53.21077584,10.67912429,8.627283391,8.930258997,491,13,464,32,504,496
11,1000,50,7.7,28,97,945,31,13,11,55,8.972613411,116,560,53.30579501,10.9522731,8.49788968,9.441674434,476,21,469,34,497,503
12,1000,50,7.7,28,97,948,27,14,11,52,9.017513451,144,554,54.01708234,11.25125138,8.311643159,9.797685879,504,21,444,31,525,475
10,1000,50,7.7,28,100,945,35,19,1,55,9.067025198,92,530,53.21785748,10.55308152,8.642026818,9.505844664,484,24,461,31,508,492
16,1000,50,7.7,28,66,966,19,7,8,34,8.243479346,118,542,52.18500709,10.00641608,8.023533839,8.474241845,497,15,469,19,512,488
15,1000,50,7.7,28,84,957,25,10,8,43,8.241681826,105,526,52.83105633,10.42382474,7.915913198,8.537609053,459,17,498,26,476,524
13,1000,50,7.7,28,91,940,35,13,12,60,8.99432133,115,528,52.57694527,10.44006558,8.379620934,9.609021726,478,22,462,38,500,500
9,1000,50,7.7,28,99,939,35,14,12,61,9.280569615,135,551,53.87774678,11.34589658,8.761235452,9.754226202,449,28,490,33,477,523
14,1000,50,7.7,28,88,953,30,12,5,47,8.805624007,103,527,53.24881071,10.68958621,8.660293935,8.953298112,491,13,462,34,504,496
11,1000,50,7.7,28,98,944,32,13,11,56,9.000160462,113,525,53.34584303,10.96905194,8.531827656,9.462906793,475,22,469,34,497,503
12,1000,50,7.7,28,98,948,27,14,11,52,9.060565641,129,543,54.04660604,11.27005784,8.402577342,9.787815866,504,21,444,31,525,475
10,1000,50,7.7,28,101,945,35,19,1,55,9.092658027,116,544,53.26908824,10.55520136,8.671323496,9.527694493,484,24,461,31,508,492
15,1000,50,7.7,28,85,957,25,10,8,43,8.264369492,124,562,52.84536549,10.44479255,7.920140851,8.577065738,459,17,498,26,476,524
13,1000,50,7.7,28,92,942,35,11,12,58,9.001775804,104,536,52.60687984,10.44483168,8.400556108,9.602995499,479,21,463,37,500,500
16,1000,50,7.7,28,67,966,19,8,7,34,8.272166832,112,514,52.19109917,10.03403758,8.027707302,8.528648961,497,15,469,19,512,488
9,1000,50,7.7,28,100,939,35,14,12,61,9.258660463,110,559,53.9296724,11.36781863,8.724940719,9.745437362,449,28,490,33,477,523
14,1000,50,7.7,28,89,952,31,12,5,48,8.794183707,108,526,53.29099519,10.7118811,8.655493136,8.935111222,491,13,461,35,504,496
11,1000,50,7.7,28,99,944,32,14,10,56,8.994411005,111,519,53.37976715,10.97675389,8.519226428,9.463927377,475,22,469,34,497,503
12,1000,50,7.7,28,99,948,27,13,12,52,9.069158367,100,573,54.06239809,11.28661241,8.372690285,9.838938879,504,21,444,31,525,475
10,1000,50,7.7,28,102,947,32,19,2,53,9.093132813,116,558,53.30559536,10.56934087,8.692442901,9.506853291,485,23,462,30,508,492
13,1000,50,7.7,28,93,939,37,11,13,61,9.061146249,121,506,52.63883848,10.45504761,8.479121063,9.643171434,478,22,461,39,500,500
9,1000,50,7.7,28,101,939,34,15,12,61,9.269699694,112,570,53.9549491,11.38194308,8.762197354,9.732565116,449,28,490,33,477,523
15,1000,50,7.7,28,86,956,26,10,8,44,8.287336418,98,519,52.88088359,10.45288629,7.944836362,8.598462424,458,18,498,26,476,524
16,1000,50,7.7,28,68,966,19,8,7,34,8.282835469,116,533,52.23658779,10.07682752,8.031216126,8.546829534,497,15,469,19,512,488
14,1000,50,7.7,28,90,951,32,12,5,49,8.783826504,122,541,53.33666896,10.73092737,8.661334527,8.908294158,491,13,460,36,504,496
12,1000,50,7.7,28,100,948,27,13,12,52,9.056701914,127,553,54.08238849,11.30585023,8.340001072,9.84884495,505,20,443,32,525,475
10,1000,50,7.7,28,103,948,32,18,2,52,9.125931985,115,537,53.33481183,10.59774661,8.733537163,9.531087614,485,23,463,29,508,492
11,1000,50,7.7,28,100,944,32,14,10,56,9.027057828,140,558,53.40280312,11.00888153,8.51503342,9.532974589,475,22,469,34,497,503
13,1000,50,7.7,28,94,939,38,11,12,61,9.059595577,102,537,52.66314912,10.49751034,8.446634088,9.672557066,478,22,461,39,500,500
9,1000,50,7.7,28,102,938,35,15,12,62,9.287046135,106,543,53.95929572,11.40025767,8.781594468,9.74804125,449,28,489,34,477,523
15,1000,50,7.7,28,87,956,26,9,9,44,8.301008168,128,523,52.92089683,10.48286279,7.929303459,8.63866359,458,18,498,26,476,524
16,1000,50,7.7,28,69,963,21,9,7,37,8.334988183,97,521,52.25408634,10.07260282,8.094768644,8.587021796,496,16,467,21,512,488
14,1000,50,7.7,28,91,952,30,13,5,48,8.809246812,108,524,53.3680694,10.76314027,8.671794457,8.948916139,492,12,460,36,504,496
12,1000,50,7.7,28,101,947,27,14,12,53,9.063117781,112,538,54.12620541,11.34755176,8.363840882,9.836002774,504,21,443,32,525,475
10,1000,50,7.7,28,104,944,36,18,2,56,9.172966287,123,565,53.37256969,10.60590399,8.755288594,9.604226995,485,23,459,33,508,492
17,1000,50,7.7,28,0,937,35,16,12,63,7.212,111,507,49.9008465,8.994058026,6.290258449,8.144869215,483,20,454,43,503,497
11,1000,50,7.7,28,101,944,33,13,10,56,9.052522409,116,563,53.42104442,11.01804786,8.574495065,9.524847639,474,23,470,33,497,503
13,1000,50,7.7,28,95,940,37,11,12,60,9.053635942,121,531,52.70471542,10.51376994,8.439798626,9.667473259,478,22,462,38,500,500
9,1000,50,7.7,28,103,938,35,14,13,62,9.285174479,118,504,53.9621203,11.39949776,8.761271374,9.762998152,450,27,488,35,477,523
15,1000,50,7.7,28,88,956,27,8,9,44,8.335697104,106,519,52.94965315,10.51845907,8.000884018,8.639840289,457,19,499,25,476,524
14,1000,50,7.7,28,92,953,29,12,6,47,8.799473053,127,539,53.41934328,10.76701531,8.682996119,8.917828647,493,11,460,36,504,496
12,1000,50,7.7,28,102,949,27,12,12,51,9.065025535,101,544,54.15182786,11.37597307,8.389648992,9.811494346,505,20,444,31,525,475
16,1000,50,7.7,28,70,963,21,9,7,37,8.31659392,107,549,52.30237685,10.07173873,8.096859085,8.547135387,496,16,467,21,512,488
11,1000,50,7.7,28,102,943,34,12,11,57,9.056628389,119,559,53.44865929,11.05034231,8.612678409,9.495282742,473,24,470,33,497,503
17,1000,50,7.7,28,1,938,34,16,12,62,7.232777147,88,508,49.93071007,9.027256058,6.289335569,8.187608361,484,19,454,43,503,497
13,1000,50,7.7,28,96,940,37,11,12,60,9.093996962,109,543,52.74100599,10.56002627,8.489123031,9.698870893,478,22,462,38,500,500
9,1000,50,7.7,28,104,940,34,14,12,60,9.292202032,123,525,53.9660185,11.40584957,8.818360368,9.724367373,450,27,490,33,477,523
18,1000,50,7.7,28,0,952,25,15,8,48,6.917,92,516,50.22419284,8.628227775,6.162109375,7.709016393,494,18,458,30,512,488
15,1000,50,7.7,28,89,958,26,8,8,42,8.346194259,97,539,52.98194813,10.56520937,7.986547292,8.672896465,459,17,499,25,476,524
12,1000,50,7.7,28,103,947,29,12,12,53,9.057780086,118,522,54.19445641,11.38959939,8.365839849,9.822556138,504,21,443,32,525,475
14,1000,50,7.7,28,93,950,31,12,7,50,8.80073119,123,521,53.44408911,10.76755998,8.702663189,8.900380932,490,14,460,36,504,496
17,1000,50,7.7,28,2,938,34,16,12,62,7.228245938,108,501,49.94846019,9.046965867,6.283112571,8.184789365,484,19,454,43,503,497
11,1000,50,7.7,28,103,944,32,13,11,56,9.061721073,116,523,53.49646055,11.05351892,8.630715042,9.487585878,473,24,471,32,497,503
13,1000,50,7.7,28,97,939,38,11,12,61,9.110019031,113,513,52.77703595,10.58395999,8.489143722,9.73089434,477,23,462,38,500,500
16,1000,50,7.7,28,71,964,20,10,6,36,8.313391988,120,532,52.34021479,10.09707888,8.080731675,8.557494611,496,16,468,20,512,488
18,1000,50,7.7,28,1,951,26,15,8,49,6.949222672,80,527,50.2637417,8.655059696,6.225253622,7.708796757,493,19,458,30,512,488
12,1000,50,7.7,28,104,945,31,12,12,55,9.061847672,111,559,54.23008823,11.41714228,8.358389874,9.83935366,504,21,441,34,525,475
15,1000,50,7.7,28,90,957,27,8,8,43,8.37725463,110,528,52.99988053,10.58587622,7.995138723,8.724367554,460,16,497,27,476,524
19,1000,50,7.7,28,0,941,29,12,18,59,7.224,94,533,50.02521817,8.954886684,6.321011673,8.179012346,496,18,445,41,514,486
14,1000,50,7.7,28,94,950,31,12,7,50,8.794126983,118,575,53.48906977,10.78347296,8.711441836,8.878145761,490,14,460,36,504,496
17,1000,50,7.7,28,3,938,34,16,12,62,7.230786255,86,498,49.98964663,9.067343046,6.293119203,8.179773231,484,19,454,43,503,497
11,1000,50,7.7,28,104,944,31,14,11,56,9.093005959,117,524,53.53144994,11.05677198,8.67827169,9.502793099,473,24,471,32,497,503
20,1000,50,7.7,28,0,952,25,9,14,48,7.321,101,497,50.16253683,8.691191332,6.558185404,8.105476673,489,18,463,30,507,493
13,1000,50,7.7,28,98,938,39,11,12,62,9.146278821,98,531,52.8252292,10.57918607,8.524947047,9.767610595,477,23,461,39,500,500
16,1000,50,7.7,28,72,963,20,11,6,37,8.31877361,101,500,52.37241173,10.1202802,8.06378195,8.586305843,496,16,467,21,512,488
18,1000,50,7.7,28,2,952,27,13,8,48,6.966565354,88,512,50.3005672,8.66571762,6.255365266,7.712742495,492,20,460,28,512,488
14,1000,50,7.7,28,95,950,31,12,7,50,8.812438354,99,531,53.52869692,10.81387459,8.739209155,8.88684867,490,14,460,36,504,496
15,1000,50,7.7,28,91,957,27,8,8,43,8.375483873,120,537,53.04851581,10.59311882,7.98416586,8.730955962,460,16,497,27,476,524
19,1000,50,7.7,28,1,942,28,12,18,58,7.219549037,103,498,50.0308617,8.977091226,6.301696181,8.190282305,496,18,446,40,514,486
17,1000,50,7.7,28,4,938,35,15,12,62,7.241288598,113,493,50.03724255,9.085052771,6.301116316,8.192811048,485,18,453,44,503,497
13,1000,50,7.7,28,99,939,38,11,12,61,9.189201996,107,537,52.86019456,10.58050726,8.5558022,9.822601792,477,23,462,38,500,500
20,1000,50,7.7,28,1,952,25,10,13,48,7.35142188,99,487,50.1978439,8.70582095,6.633269776,8.089967755,489,18,463,30,507,493
16,1000,50,7.7,28,73,959,23,12,6,41,8.363522105,105,549,52.42444597,10.14489156,8.101646518,8.638276819,494,18,465,23,512,488
18,1000,50,7.7,28,3,952,26,14,8,48,7.012719178,105,521,50.33542779,8.685978719,6.334882533,7.723892052,492,20,460,28,512,488
14,1000,50,7.7,28,96,950,32,10,8,50,8.847039765,117,531,53.54243912,10.81328633,8.799874953,8.8949653,489,15,461,35,504,496
15,1000,50,7.7,28,92,957,29,8,6,43,8.360068636,98,514,53.07449853,10.60968907,7.928070464,8.752494455,461,15,496,28,476,524
17,1000,50,7.7,28,5,938,34,16,12,62,7.283286164,109,508,50.0747669,9.105502722,6.329653414,8.248431583,484,19,454,43,503,497
19,1000,50,7.7,28,2,941,29,12,18,59,7.24942632,82,524,50.06214713,8.999667506,6.329222663,8.222645825,495,19,446,40,514,486
13,1000,50,7.7,28,100,937,40,11,12,63,9.200119749,105,514,52.89715069,10.58389525,8.566416319,9.83382318,477,23,460,40,500,500
20,1000,50,7.7,28,2,953,24,9,14,47,7.358520883,88,531,50.23734465,8.730281947,6.640526528,8.096904529,489,18,464,29,507,493
16,1000,50,7.7,28,74,959,24,11,6,41,8.381415748,117,501,52.47869347,10.15409915,8.110357944,8.665804264,494,18,465,23,512,488
18,1000,50,7.7,28,4,954,25,13,8,46,7.045835439,98,529,50.36154699,8.70236952,6.372254283,7.752543536,492,20,462,26,512,488
17,1000,50,7.7,28,6,938,34,16,12,62,7.296572784,103,469,50.10653657,9.121655626,6.337361979,8.267363598,484,19,454,43,503,497
15,1000,50,7.7,28,93,957,27,10,6,43,8.383875113,118,522,53.11705703,10.62635176,7.929529078,8.796601663,461,15,496,28,476,524
14,1000,50,7.7,28,97,949,32,11,8,51,8.857428287,125,525,53.56422204,10.85387279,8.809419376,8.906211536,489,15,460,36,504,496
19,1000,50,7.7,28,3,941,30,11,18,59,7.290109223,103,487,50.09344772,9.023863856,6.38268248,8.249815696,495,19,446,40,514,486
13,1000,50,7.7,28,101,938,39,11,12,62,9.207370423,119,535,52.91751411,10.59629656,8.569741319,9.844999527,478,22,460,40,500,500
20,1000,50,7.7,28,3,953,25,9,13,47,7.384066376,95,522,50.28013962,8.754946994,6.680615226,8.107493827,488,19,465,28,507,493
17,1000,50,7.7,28,7,940,32,15,13,60,7.319857445,104,501,50.12400635,9.146350903,6.395593348,8.255279661,485,18,455,42,503,497
14,1000,50,7.7,28,98,950,30,11,9,50,8.895163332,116,544,53.5987109,10.88484437,8.826385505,8.965050479,489,15,461,35,504,496
15,1000,50,7.7,28,94,958,25,11,6,42,8.421045283,115,538,53.15243465,10.64226428,7.920654666,8.875598592,462,14,496,28,476,524
18,1000,50,7.7,28,5,955,24,12,9,45,7.057125793,103,501,50.36977345,8.714148319,6.38592693,7.761334436,492,20,463,25,512,488
13,1000,50,7.7,28,102,939,38,9,14,61,9.265343602,117,519,52.94418776,10.61618887,8.629741029,9.900946175,478,22,461,39,500,500
16,1000,50,7.7,28,75,958,25,11,6,42,8.375879968,98,522,52.49736155,10.19196935,8.070967504,8.695788126,494,18,464,24,512,488
19,1000,50,7.7,28,4,941,30,11,18,59,7.285592511,97,487,50.10036381,9.034542135,6.396956637,8.225425513,495,19,446,40,514,486
20,1000,50,7.7,28,4,954,23,10,13,46,7.392908129,93,524,50.31419439,8.772224114,6.657415781,8.14928667,489,18,465,28,507,493
17,1000,50,7.7,28,8,940,31,16,13,60,7.353576091,112,494,50.15458882,9.152353602,6.452108942,8.265926144,485,18,455,42,503,497
14,1000,50,7.7,28,99,949,31,11,9,51,8.884089137,125,556,53.64744097,10.89975426,8.837216925,8.931717352,489,15,460,36,504,496
18,1000,50,7.7,28,6,956,24,12,8,44,7.094466904,97,503,50.40200318,8.730597478,6.46881351,7.750890137,492,20,464,24,512,488
15,1000,50,7.7,28,95,958,25,11,6,42,8.433421739,113,531,53.19162495,10.67474361,7.947161568,8.875138993,462,14,496,28,476,524
13,1000,50,7.7,28,103,939,38,9,14,61,9.284559722,111,541,52.95859429,10.60594816,8.626732024,9.94238742,478,22,461,39,500,500
19,1000,50,7.7,28,5,942,29,11,18,58,7.295229138,103,497,50.14343324,9.032210353,6.385815446,8.257037035,496,18,446,40,514,486
16,1000,50,7.7,28,76,958,25,10,7,42,8.400522272,100,542,52.53391075,10.21978607,8.093397614,8.722751421,494,18,464,24,512,488
17,1000,50,7.7,28,9,941,30,16,13,59,7.391104415,86,499,50.18625508,9.174182306,6.51702071,8.275740439,485,18,456,41,503,497
20,1000,50,7.7,28,5,954,24,9,13,46,7.420818743,99,508,50.34227449,8.788916233,6.681835364,8.180787452,490,17,464,29,507,493
14,1000,50,7.7,28,100,949,32,11,8,51,8.913263103,103,526,53.68422194,10.91987234,8.879570205,8.947499435,489,15,460,36,504,496
13,1000,50,7.7,28,104,938,39,9,14,62,9.305255611,105,534,52.99463138,10.62595631,8.655836247,9.954674975,477,23,461,39,500,500
21,1000,50,7.7,28,0,948,28,15,9,52,7.093,87,506,49.73245275,8.731282007,6.473581213,7.740286299,490,21,458,31,511,489
15,1000,50,7.7,28,96,957,26,11,6,43,8.457244664,110,562,53.22729518,10.69162315,7.949775736,8.918227889,462,14,495,29,476,524
18,1000,50,7.7,28,7,956,25,12,7,44,7.092431354,99,506,50.43548511,8.742227325,6.495235875,7.718997103,492,20,464,24,512,488
19,1000,50,7.7,28,6,945,28,10,17,55,7.281814279,119,501,50.16362352,9.051696582,6.371760252,8.244299401,498,16,447,39,514,486
16,1000,50,7.7,28,77,957,26,10,7,43,8.422411884,99,528,52.5706748,10.22049554,8.075190747,8.786709471,494,18,463,25,512,488
17,1000,50,7.7,28,10,942,30,16,12,58,7.396341578,97,495,50.20640727,9.208505683,6.513170222,8.290174963,485,18,457,40,503,497
14,1000,50,7.7,28,101,949,32,11,8,51,8.937701703,107,560,53.7183497,10.9325013,8.869227549,9.007280278,490,14,459,37,504,496
20,1000,50,7.7,28,6,952,26,9,13,48,7.455961871,102,513,50.36578962,8.795090861,6.702542421,8.230776598,489,18,463,30,507,493
21,1000,50,7.7,28,1,946,31,15,8,54,7.140699733,107,489,49.75550815,8.753481703,6.528381728,7.780565788,489,22,457,32,511,489
18,1000,50,7.7,28,8,957,24,12,7,43,7.129124603,89,536,50.46692346,8.751426834,6.535454508,7.751991589,492,20,465,23,512,488
15,1000,50,7.7,28,97,956,27,11,6,44,8.478118697,109,542,53.24251097,10.6974662,8.012137375,8.901414707,462,14,494,30,476,524
19,1000,50,7.7,28,7,945,27,11,17,55,7.298218308,88,521,50.22369594,9.059431511,6.389269179,8.259534876,498,16,447,39,514,486
17,1000,50,7.7,28,11,941,31,16,12,59,7.417696904,90,557,50.22754987,9.212567749,6.539630227,8.306363983,484,19,457,40,503,497
16,1000,50,7.7,28,78,958,24,9,9,42,8.445821532,106,536,52.58251531,10.23074542,8.099710307,8.808954621,496,16,462,26,512,488
14,1000,50,7.7,28,102,944,37,10,9,56,8.974582204,114,544,53.75585535,10.94318448,8.910306004,9.039895117,488,16,456,40,504,496
21,1000,50,7.7,28,2,946,31,15,8,54,7.147977768,86,501,49.77973441,8.792338753,6.528613866,7.795206712,489,22,457,32,511,489
20,1000,50,7.7,28,7,951,27,9,13,49,7.460144416,88,504,50.40797458,8.832269794,6.721224806,8.220047545,488,19,463,30,507,493
18,1000,50,7.7,28,9,957,24,12,7,43,7.185426092,93,498,50.49246637,8.749064111,6.594214433,7.805713734,493,19,464,24,512,488
15,1000,50,7.7,28,98,956,26,12,6,44,8.535714951,106,543,53.27420804,10.72552493,8.102686935,8.929076278,462,14,494,30,476,524
19,1000,50,7.7,28,8,946,26,11,17,54,7.307201343,100,507,50.2472124,9.08121327,6.389856153,8.277397697,498,16,448,38,514,486
17,1000,50,7.7,28,12,942,30,16,12,58,7.431217723,97,507,50.25774565,9.239160105,6.552556966,8.320486054,485,18,457,40,503,497
16,1000,50,7.7,28,79,956,26,9,9,44,8.484911355,105,531,52.61995822,10.25394066,8.110611201,8.877619714,494,18,462,26,512,488
14,1000,50,7.7,28,103,943,38,9,10,57,8.992935452,122,550,53.82252657,10.95453773,8.9117798,9.075400065,488,16,455,41,504,496
21,1000,50,7.7,28,3,946,32,14,8,54,7.189941066,102,513,49.799801,8.795699658,6.571780439,7.8359126,489,22,457,32,511,489
18,1000,50,7.7,28,10,957,25,11,7,43,7.210583063,91,518,50.55275384,8.749440968,6.598568913,7.852696269,494,18,463,25,512,488
20,1000,50,7.7,28,8,952,26,9,13,48,7.484167585,100,530,50.44331004,8.866527033,6.74456671,8.244771324,488,19,464,29,507,493
17,1000,50,7.7,28,13,944,28,16,12,56,7.439306044,111,521,50.28831449,9.267953307,6.553874802,8.335426597,486,17,458,39,503,497
19,1000,50,7.7,28,9,946,26,11,17,54,7.35898423,104,490,50.26977509,9.11516242,6.446478142,8.324062685,498,16,448,38,514,486
15,1000,50,7.7,28,99,956,25,13,6,44,8.527742979,94,533,53.32281376,10.74230806,8.102630895,8.913913497,462,14,494,30,476,524
16,1000,50,7.7,28,80,955,27,9,9,45,8.482721601,102,527,52.63432455,10.27475863,8.082950324,8.90215376,493,19,462,26,512,488
14,1000,50,7.7,28,104,941,39,10,10,59,9.007088335,112,509,53.88837922,10.97367905,8.900047246,9.115855894,487,17,454,42,504,496
22,1000,50,7.7,28,0,936,36,12,16,64,7.31,101,495,50.00312081,9.031980831,6.398467433,8.305439331,500,22,436,42,522,478
18,1000,50,7.7,28,11,957,25,11,7,43,7.188657883,94,510,50.54891189,8.76762292,6.594127192,7.812427789,494,18,463,25,512,488
21,1000,50,7.7,28,4,945,33,14,8,55,7.275458196,98,489,49.84616721,8.812249456,6.639069799,7.940477564,488,23,457,32,511,489
20,1000,50,7.7,28,9,952,26,9,13,48,7.517058936,88,513,50.46481955,8.903668138,6.814050409,8.240031195,488,19,464,29,507,493
17,1000,50,7.7,28,14,945,28,15,12,55,7.452762991,105,512,50.33885962,9.310690937,6.613125758,8.302536691,486,17,459,38,503,497
19,1000,50,7.7,28,10,945,27,11,17,55,7.38437649,85,483,50.30026013,9.13359721,6.48613437,8.334369184,497,17,448,38,514,486
15,1000,50,7.7,28,100,956,25,13,6,44,8.502296318,119,520,53.35612179,10.77325764,8.082674555,8.883479445,462,14,494,30,476,524
18,1000,50,7.7,28,12,958,24,11,7,42,7.209318844,94,507,50.57621083,8.788507806,6.587043222,7.862198184,495,17,463,25,512,488
16,1000,50,7.7,28,81,955,26,10,9,45,8.50253834,116,543,52.68362401,10.28812413,8.155478639,8.866666551,493,19,462,26,512,488
21,1000,50,7.7,28,5,947,32,13,8,53,7.279092002,90,487,49.86861743,8.835844444,6.636765602,7.950316523,490,21,457,32,511,489
22,1000,50,7.7,28,1,936,35,13,16,64,7.365715702,81,496,50.03820508,9.065887506,6.442877389,8.373501474,500,22,436,42,522,478
17,1000,50,7.7,28,15,948,26,15,11,52,7.410591479,114,495,50.39566194,9.346450004,6.578144175,8.253088449,488,15,460,37,503,497
20,1000,50,7.7,28,10,952,26,9,13,48,7.537109362,79,523,50.50248398,8.923075884,6.869667006,8.223505457,488,19,464,29,507,493
19,1000,50,7.7,28,11,944,28,11,17,56,7.415233568,85,522,50.36379261,9.160949653,6.510448914,8.372145733,497,17,447,39,514,486
15,1000,50,7.7,28,101,956,25,13,6,44,8.544349785,106,527,53.38564508,10.79117462,8.133454098,8.917606172,462,14,494,30,476,524
18,1000,50,7.7,28,13,958,24,11,7,42,7.21990021,73,499,50.63625012,8.790114034,6.609504398,7.860315487,495,17,463,25,512,488
21,1000,50,7.7,28,6,947,32,13,8,53,7.27806786,104,532,49.90925515,8.847786177,6.61675585,7.969132148,491,20,456,33,511,489
17,1000,50,7.7,28,16,949,25,15,11,51,7.447622972,92,510,50.41418371,9.368300162,6.637578775,8.267446374,488,15,461,36,503,497
16,1000,50,7.7,28,82,954,28,9,9,46,8.50284839,107,533,52.72187773,10.31588607,8.131201886,8.892772591,494,18,460,28,512,488
19,1000,50,7.7,28,12,943,28,11,18,57,7.445674616,95,503,50.38741452,9.175428318,6.552783466,8.390008056,496,18,447,39,514,486
20,1000,50,7.7,28,11,951,26,10,13,49,7.561468874,103,499,50.53891356,8.911722603,6.880422722,8.261855078,488,19,463,30,507,493
22,1000,50,7.7,28,2,938,33,13,16,62,7.372524611,95,527,50.05769173,9.097335516,6.475362188,8.352271022,500,22,438,40,522,478
18,1000,50,7.7,28,14,957,24,13,6,43,7.258497906,91,508,50.67702386,8.826090129,6.650098131,7.896818981,494,18,463,25,512,488
15,1000,50,7.7,28,102,956,24,14,6,44,8.53967036,110,548,53.40527894,10.81395127,8.140232346,8.902518632,462,14,494,30,476,524
21,1000,50,7.7,28,7,947,32,13,8,53,7.291717177,85,523,49.92740147,8.86760239,6.645650327,7.966850429,491,20,456,33,511,489
17,1000,50,7.7,28,17,951,24,14,11,49,7.428971669,89,506,50.43995016,9.39217375,6.630527077,8.237055431,488,15,463,34,503,497
20,1000,50,7.7,28,12,952,25,10,13,48,7.548828651,92,502,50.56963881,8.913962258,6.870216053,8.246712194,488,19,464,29,507,493
19,1000,50,7.7,28,13,941,30,11,18,59,7.482956536,79,518,50.41391669,9.188902195,6.580575022,8.437327108,495,19,446,40,514,486
16,1000,50,7.7,28,83,953,29,9,9,47,8.536901624,118,509,52.765781,10.33855384,8.141781459,8.951453929,494,18,459,29,512,488
22,1000,50,7.7,28,3,940,31,13,16,60,7.379942468,76,502,50.09249713,9.110730983,6.510980756,8.328892286,500,22,440,38,522,478
18,1000,50,7.7,28,15,957,24,13,6,43,7.307461899,92,509,50.72417605,8.848114478,6.749654835,7.892702096,494,18,463,25,512,488
15,1000,50,7.7,28,103,956,24,14,6,44,8.557644652,117,523,53.45146257,10.83432007,8.159746042,8.919094535,463,13,493,31,476,524
21,1000,50,7.7,28,8,946,31,15,8,54,7.340224943,91,502,49.99112144,8.887006771,6.684977767,8.024951541,491,20,455,34,511,489
17,1000,50,7.7,28,18,951,24,14,11,49,7.442468675,91,496,50.46858105,9.410286769,6.64872519,8.245794576,488,15,463,34,503,497
20,1000,50,7.7,28,13,952,25,10,13,48,7.599659703,94,525,50.60078314,8.932952228,6.922939651,8.295596957,488,19,464,29,507,493
19,1000,50,7.7,28,14,944,29,11,16,56,7.469624637,93,484,50.44214945,9.205642292,6.614827838,8.373668988,495,19,449,37,514,486
18,1000,50,7.7,28,16,958,23,13,6,42,7.331537296,84,500,50.76497496,8.856008291,6.813873229,7.87466025,494,18,464,24,512,488
16,1000,50,7.7,28,84,956,29,9,6,44,8.524174302,120,541,52.79479348,10.36072316,8.167786239,8.898089648,495,17,461,27,512,488
22,1000,50,7.7,28,4,941,30,13,16,59,7.386261316,97,477,50.16368845,9.14865295,6.48201324,8.373745617,501,21,440,38,522,478
21,1000,50,7.7,28,9,949,30,14,7,51,7.336137269,90,511,50.04192109,8.898148601,6.665659016,8.036780188,493,18,456,33,511,489
17,1000,50,7.7,28,19,952,24,13,11,48,7.456765782,99,507,50.50887388,9.41901106,6.677045335,8.245899352,488,15,464,33,503,497
15,1000,50,7.7,28,104,957,23,14,6,43,8.552129002,117,546,53.46716528,10.85826717,8.162322113,8.906228389,463,13,494,30,476,524
23,1000,50,7.7,28,0,939,31,17,13,61,7.297,90,507,50.0233156,8.882312113,6.39637827,8.186878728,477,20,462,41,497,503
20,1000,50,7.7,28,14,952,25,10,13,48,7.647641216,79,498,50.65928497,8.923589452,6.993563373,8.320293277,488,19,464,29,507,493
19,1000,50,7.7,28,15,946,27,11,16,54,7.456630617,109,510,50.47448342,9.231099838,6.601221469,8.361322597,496,18,450,36,514,486
18,1000,50,7.7,28,17,958,23,13,6,42,7.35345594,94,508,50.78992724,8.876948128,6.849773272,7.881909887,494,18,464,24,512,488
17,1000,50,7.7,28,20,952,24,13,11,48,7.530373627,81,514,50.54350994,9.433207413,6.74680042,8.32340647,488,15,464,33,503,497
21,1000,50,7.7,28,10,949,30,14,7,51,7.356840467,87,497,50.03967071,8.932200773,6.673244887,8.071190859,493,18,456,33,511,489
22,1000,50,7.7,28,5,943,29,12,16,57,7.382958048,89,530,50.22206112,9.140207335,6.490474804,8.35759456,502,20,441,37,522,478
16,1000,50,7.7,28,85,956,29,9,6,44,8.551346285,110,504,52.85465722,10.37155397,8.19371975,8.92656101,495,17,461,27,512,488
23,1000,50,7.7,28,1,942,30,15,13,58,7.327372046,89,485,50.03883657,8.890839014,6.455383662,8.188958978,477,20,465,38,497,503
20,1000,50,7.7,28,15,952,23,12,13,48,7.671696388,90,500,50.70796121,8.927630489,7.020333304,8.341556597,487,20,465,28,507,493
18,1000,50,7.7,28,18,959,23,12,6,41,7.358447392,108,529,50.81209792,8.901548803,6.836077911,7.906507176,495,17,464,24,512,488
19,1000,50,7.7,28,16,950,25,10,15,50,7.4670416,109,522,50.51722653,9.232039255,6.639697182,8.34205195,496,18,454,32,514,486
17,1000,50,7.7,28,21,953,24,13,10,47,7.561613606,99,521,50.56146368,9.46487343,6.794000255,8.338493919,488,15,465,32,503,497
21,1000,50,7.7,28,11,948,32,13,7,52,7.379689187,89,504,50.07780295,8.957399797,6.687745421,8.102763348,492,19,456,33,511,489
22,1000,50,7.7,28,6,943,28,13,16,57,7.418192593,110,498,50.2580365,9.141318147,6.537186251,8.380295754,502,20,441,37,522,478
16,1000,50,7.7,28,86,957,28,9,6,43,8.553659199,100,555,52.89983867,10.39446625,8.184910355,8.940543232,495,17,462,26,512,488
23,1000,50,7.7,28,2,943,30,14,13,57,7.336387103,95,509,50.0643896,8.902974752,6.512260139,8.150683526,478,19,465,38,497,503
20,1000,50,7.7,28,16,952,24,12,12,48,7.717909495,99,496,50.7504834,8.949334397,7.079624501,8.374320229,487,20,465,28,507,493
18,1000,50,7.7,28,19,957,25,11,7,43,7.383297331,100,519,50.85264671,8.923746119,6.846343232,7.946659008,495,17,462,26,512,488
19,1000,50,7.7,28,17,949,26,10,15,51,7.538269936,97,530,50.55997401,9.246162276,6.709077888,8.415234366,495,19,454,32,514,486
17,1000,50,7.7,28,22,953,25,13,9,47,7.620134012,94,517,50.60369979,9.483230427,6.879612472,8.369595449,488,15,465,32,503,497
21,1000,50,7.7,28,12,949,32,12,7,51,7.389076745,97,509,50.1056922,8.977401947,6.737186378,8.070295512,492,19,457,32,511,489
22,1000,50,7.7,28,7,941,30,13,16,59,7.448840678,88,501,50.27779168,9.171364662,6.5327424,8.449265994,502,20,439,39,522,478
16,1000,50,7.7,28,87,957,27,10,6,43,8.583458402,110,513,52.9466488,10.41952054,8.210468189,8.974792396,495,17,462,26,512,488
20,1000,50,7.7,28,17,953,23,12,12,47,7.736655382,94,519,50.76811703,8.941937776,7.106010316,8.385209233,487,20,466,27,507,493
18,1000,50,7.7,28,20,959,24,10,7,41,7.375692172,115,518,50.87277516,8.941048773,6.848140726,7.929188771,496,16,463,25,512,488
23,1000,50,7.7,28,3,943,30,14,13,57,7.363939499,94,530,50.10134859,8.931090591,6.533833175,8.184143959,478,19,465,38,497,503
17,1000,50,7.7,28,23,953,24,13,10,47,7.684627447,94,489,50.62935434,9.513255204,6.934389665,8.443922426,488,15,465,32,503,497
19,1000,50,7.7,28,18,949,26,10,15,51,7.56593653,87,502,50.60748118,9.27735293,6.723827329,8.456562311,495,19,454,32,514,486
21,1000,50,7.7,28,13,949,32,13,6,51,7.439580014,101,496,50.13269786,8.973233636,6.771612769,8.137598955,492,19,457,32,511,489
22,1000,50,7.7,28,8,940,31,13,16,60,7.459324671,92,515,50.31800433,9.195482244,6.498106826,8.509022819,502,20,438,40,522,478
20,1000,50,7.7,28,18,954,23,11,12,46,7.763423905,102,525,50.78212747,8.94668061,7.131598981,8.413191118,488,19,466,27,507,493
18,1000,50,7.7,28,21,960,23,10,7,40,7.381677129,89,511,50.87030605,8.949425789,6.845501602,7.944221944,497,15,463,25,512,488
16,1000,50,7.7,28,88,956,29,10,5,44,8.598307532,117,537,52.9552606,10.43854304,8.211231223,9.004420382,494,18,462,26,512,488
23,1000,50,7.7,28,4,944,29,13,14,56,7.354018613,91,485,50.10492558,8.949428319,6.540850976,8.157486437,478,19,466,37,497,503
17,1000,50,7.7,28,24,953,23,14,10,47,7.674904534,98,531,50.65374148,9.529032993,6.946835531,8.411763103,488,15,465,32,503,497
19,1000,50,7.7,28,19,951,22,12,15,49,7.564301636,98,553,50.67654443,9.312453845,6.658583917,8.522200622,496,18,455,31,514,486
21,1000,50,7.7,28,14,949,32,13,6,51,7.459426087,99,502,50.15535726,8.985452166,6.766677357,8.183341426,493,18,456,33,511,489
22,1000,50,7.7,28,9,940,32,13,15,60,7.473236948,84,539,50.34935215,9.205133046,6.528269109,8.505189274,501,21,439,39,522,478
18,1000,50,7.7,28,22,960,23,10,7,40,7.403399714,99,524,50.92107276,8.976260469,6.871209562,7.961763153,497,15,463,25,512,488
20,1000,50,7.7,28,19,955,22,11,12,45,7.783667294,86,506,50.80545056,8.958066596,7.141028892,8.444555061,488,19,467,26,507,493
23,1000,50,7.7,28,5,945,28,13,14,55,7.386720777,93,528,50.1298401,8.981188401,6.603209647,8.16088585,478,19,467,36,497,503
17,1000,50,7.7,28,25,953,23,14,10,47,7.719945341,94,490,50.67972409,9.5350735,6.982873968,8.465914961,488,15,465,32,503,497
16,1000,50,7.7,28,89,956,29,10,5,44,8.61430374,116,540,53.00545762,10.46323868,8.2296374,9.017888096,493,19,463,25,512,488
21,1000,50,7.7,28,15,948,31,16,5,52,7.50636333,104,499,50.21442233,9.00102349,6.812043569,8.231920381,493,18,455,34,511,489
19,1000,50,7.7,28,20,951,22,12,15,49,7.564483906,93,527,50.70077459,9.354412623,6.667794235,8.51283471,496,18,455,31,514,486
20,1000,50,7.7,28,20,956,22,10,12,44,7.814348887,85,533,50.84660164,8.957318535,7.17424643,8.472628696,489,18,467,26,507,493
18,1000,50,7.7,28,23,961,23,10,6,39,7.415305237,90,514,50.952234,8.9927894,6.87750959,7.979549849,498,14,463,25,512,488
22,1000,50,7.7,28,10,941,31,13,15,59,7.454959214,93,502,50.3761411,9.231727282,6.519921044,8.476067843,501,21,440,38,522,478
17,1000,50,7.7,28,26,953,23,14,10,47,7.71679083,112,499,50.73440298,9.5419464,6.992359315,8.449967997,488,15,465,32,503,497
23,1000,50,7.7,28,6,944,29,13,14,56,7.396890661,92,514,50.17228563,9.01995192,6.609090542,8.175293562,478,19,466,37,497,503
21,1000,50,7.7,28,16,947,31,17,5,53,7.519752548,107,503,50.24886559,9.025366559,6.842886686,8.227070454,493,18,454,35,511,489
16,1000,50,7.7,28,90,953,31,11,5,47,8.63399818,117,532,53.06838181,10.47246723,8.274236307,9.011453259,491,21,462,26,512,488
19,1000,50,7.7,28,21,950,23,12,15,50,7.573428857,97,495,50.71981342,9.371390699,6.706491627,8.490313087,495,19,455,31,514,486
22,1000,50,7.7,28,11,939,32,14,15,61,7.522755148,96,478,50.38938187,9.264745022,6.632049293,8.495450664,500,22,439,39,522,478
18,1000,50,7.7,28,24,963,21,10,6,37,7.438711796,83,515,50.9557189,9.03624427,6.903411774,8.000338048,499,13,464,24,512,488
20,1000,50,7.7,28,21,956,21,11,12,44,7.763033874,107,516,50.88436294,8.995662949,7.165066231,8.377982343,489,18,467,26,507,493
17,1000,50,7.7,28,27,952,25,14,9,48,7.720149991,116,528,50.74499212,9.551210441,7.004045716,8.444899387,487,16,465,32,503,497
23,1000,50,7.7,28,7,946,28,12,14,54,7.401526493,99,492,50.21276011,9.028828339,6.636760896,8.157169638,478,19,468,35,497,503
21,1000,50,7.7,28,17,947,31,17,5,53,7.565823568,100,506,50.28667482,9.039088007,6.906747569,8.254551248,493,18,454,35,511,489
19,1000,50,7.7,28,22,953,21,12,14,47,7.59663645,96,488,50.74020903,9.383628392,6.717000696,8.526950808,496,18,457,29,514,486
16,1000,50,7.7,28,91,955,29,11,5,45,8.63592774,101,522,53.09684661,10.49718756,8.276921554,9.012589968,493,19,462,26,512,488
18,1000,50,7.7,28,25,964,20,10,6,36,7.425452379,89,498,50.95932562,9.07386459,6.878112464,7.999710651,500,12,464,24,512,488
22,1000,50,7.7,28,12,939,32,14,15,61,7.514696237,99,484,50.41008427,9.289164263,6.61192785,8.500564643,500,22,439,39,522,478
20,1000,50,7.7,28,22,956,21,11,12,44,7.78471994,95,491,50.88269482,9.036541207,7.176444961,8.410268448,489,18,467,26,507,493
17,1000,50,7.7,28,28,953,24,14,9,47,7.744396392,107,506,50.77513552,9.559876129,7.036890598,8.460443504,487,16,466,31,503,497
23,1000,50,7.7,28,8,946,28,12,14,54,7.402785857,101,521,50.24905148,9.037582731,6.630164524,8.166191032,479,18,467,36,497,503
21,1000,50,7.7,28,18,949,30,16,5,51,7.599512167,109,496,50.31523998,9.069903158,6.954131332,8.273928541,493,18,456,33,511,489
19,1000,50,7.7,28,23,954,21,11,14,46,7.633013161,97,507,50.78974292,9.385098114,6.753558754,8.563135723,496,18,458,28,514,486
16,1000,50,7.7,28,92,957,29,9,5,43,8.622652262,120,573,53.13307385,10.50484917,8.218712426,9.04645799,495,17,462,26,512,488
18,1000,50,7.7,28,26,963,21,10,6,37,7.440367132,95,510,51.00248501,9.109750173,6.863717344,8.045376745,500,12,463,25,512,488
22,1000,50,7.7,28,13,940,32,13,15,60,7.510810704,88,522,50.42217579,9.312401066,6.642312208,8.459254669,500,22,440,38,522,478
20,1000,50,7.7,28,23,956,22,11,11,44,7.780057432,109,495,50.90397649,9.037594888,7.126644086,8.452026127,490,17,466,27,507,493
17,1000,50,7.7,28,29,956,22,13,9,44,7.747988682,116,493,50.80173158,9.58026634,7.03686772,8.467694605,489,14,467,30,503,497
23,1000,50,7.7,28,9,946,28,12,14,54,7.425017247,78,534,50.27328389,9.070081133,6.712084475,8.129445851,479,18,467,36,497,503
21,1000,50,7.7,28,19,949,29,17,5,51,7.598103814,79,505,50.35292216,9.090477999,6.951850858,8.273431545,492,19,457,32,511,489
19,1000,50,7.7,28,24,954,21,11,14,46,7.642164099,85,521,50.82481536,9.423504616,6.745141415,8.590867102,496,18,458,28,514,486
18,1000,50,7.7,28,27,961,22,11,6,39,7.498152918,91,516,51.04190272,9.128950856,6.934062845,8.089985126,498,14,463,25,512,488
22,1000,50,7.7,28,14,939,33,13,15,61,7.525962448,85,543,50.46713659,9.323441383,6.646144259,8.486768086,499,23,440,38,522,478
20,1000,50,7.7,28,24,955,23,11,11,45,7.777318358,108,507,50.95347118,9.066824541,7.152866883,8.419502735,489,18,466,27,507,493
16,1000,50,7.7,28,93,955,33,8,4,45,8.59909354,106,540,53.1819704,10.53010434,8.194393614,9.023696741,494,18,461,27,512,488
17,1000,50,7.7,28,30,956,23,12,9,44,7.787970838,124,520,50.85664271,9.593014966,7.089117314,8.495261225,488,15,468,29,503,497
23,1000,50,7.7,28,10,949,25,12,14,51,7.417612571,95,494,50.33604465,9.106662942,6.685402734,8.141088293,481,16,468,35,497,503
21,1000,50,7.7,28,20,948,30,17,5,52,7.623103511,90,495,50.39280865,9.10769892,6.958089198,8.318036669,493,18,455,34,511,489
19,1000,50,7.7,28,25,953,23,11,13,47,7.644512358,107,527,50.81500978,9.423618362,6.763338858,8.576453056,495,19,458,28,514,486
18,1000,50,7.7,28,28,962,20,12,6,38,7.535734468,79,513,51.03009692,9.147025822,6.991100419,8.107153798,498,14,464,24,512,488
22,1000,50,7.7,28,15,941,32,12,15,59,7.542470803,82,495,50.47959069,9.340849777,6.631682765,8.537097071,500,22,441,37,522,478
20,1000,50,7.7,28,25,955,24,11,10,45,7.77391383,104,506,51.0237362,9.086217382,7.140526097,8.425288233,489,18,466,27,507,493
17,1000,50,7.7,28,31,956,23,12,9,44,7.774051669,102,519,50.94002926,9.640025635,7.071357559,8.485229008,488,15,468,29,503,497
16,1000,50,7.7,28,94,955,31,10,4,45,8.588589694,115,541,53.21567019,10.5494754,8.151677105,9.046989788,494,18,461,27,512,488
23,1000,50,7.7,28,11,949,24,13,14,51,7.470905224,68,523,50.35920619,9.126587345,6.77370204,8.159791868,481,16,468,35,497,503
21,1000,50,7.7,28,21,948,30,17,5,52,7.637494947,100,515,50.42158672,9.125151137,6.965444853,8.339780424,493,18,455,34,511,489
19,1000,50,7.7,28,26,953,24,11,12,47,7.643743129,95,503,50.88032208,9.436861157,6.783043537,8.55403035,495,19,458,28,514,486
18,1000,50,7.7,28,29,960,22,12,6,40,7.566861333,91,504,51.04693348,9.188997126,6.994447126,8.167427059,499,13,461,27,512,488
22,1000,50,7.7,28,16,941,32,12,15,59,7.55492749,100,499,50.49880405,9.341320806,6.637549892,8.556749889,500,22,441,37,522,478
20,1000,50,7.7,28,26,954,24,12,10,46,7.814005935,84,518,51.05649876,9.108685817,7.159177727,8.48742967,489,18,465,28,507,493
17,1000,50,7.7,28,32,956,23,12,9,44,7.798330278,94,516,50.98035388,9.667298262,7.110047751,8.494922051,488,15,468,29,503,497
21,1000,50,7.7,28,22,949,29,17,5,51,7.652557639,97,499,50.44914801,9.130570344,6.992396095,8.342419702,493,18,456,33,511,489
23,1000,50,7.7,28,12,952,23,12,13,48,7.462024107,98,483,50.38549061,9.139350171,6.77312977,8.142701017,482,15,470,33,497,503
16,1000,50,7.7,28,95,954,31,11,4,46,8.624853368,92,555,53.22914619,10.54728642,8.207168991,9.063079599,493,19,461,27,512,488
18,1000,50,7.7,28,30,959,22,12,7,41,7.622902788,85,549,51.08415574,9.219681175,7.044306911,8.229954199,499,13,460,28,512,488
19,1000,50,7.7,28,27,952,25,11,12,48,7.653665725,95,508,50.90947348,9.44868566,6.805108666,8.551110845,494,20,458,28,514,486
22,1000,50,7.7,28,17,941,32,12,15,59,7.627257223,105,531,50.54622075,9.350846882,6.711672354,8.627121871,500,22,441,37,522,478
17,1000,50,7.7,28,33,957,23,11,9,43,7.823606767,106,518,51.01609025,9.67257221,7.170806062,8.484288366,488,15,469,28,503,497
20,1000,50,7.7,28,27,953,24,12,11,47,7.84813394,100,511,51.09965048,9.126236211,7.160082584,8.55572428,489,18,464,29,507,493
21,1000,50,7.7,28,23,948,29,18,5,52,7.676109297,89,500,50.4753338,9.180491857,6.99333598,8.389600433,493,18,455,34,511,489
23,1000,50,7.7,28,13,954,22,11,13,46,7.487029502,80,514,50.42581345,9.158926668,6.785241238,8.180446535,483,14,471,32,497,503
16,1000,50,7.7,28,96,956,29,11,4,44,8.617576773,131,507,53.25179476,10.5589053,8.232661388,9.021422423,493,19,463,25,512,488
18,1000,50,7.7,28,31,959,22,12,7,41,7.657651804,102,506,51.12840296,9.241706116,7.086991223,8.256377658,499,13,460,28,512,488
22,1000,50,7.7,28,18,942,31,12,15,58,7.647237506,84,505,50.58997778,9.341804692,6.751300608,8.625645582,500,22,442,36,522,478
19,1000,50,7.7,28,28,954,23,11,12,46,7.669117602,96,514,50.93466991,9.476205781,6.833545347,8.552829822,495,19,459,27,514,486
17,1000,50,7.7,28,34,958,24,9,9,42,7.800572382,111,523,51.03727405,9.690861625,7.173590695,8.435123265,488,15,470,27,503,497
20,1000,50,7.7,28,28,953,24,12,11,47,7.867954418,89,501,51.13690483,9.144608138,7.164933159,8.59093977,489,18,464,29,507,493
21,1000,50,7.7,28,24,947,30,18,5,53,7.722619486,79,536,50.51967774,9.206470039,7.058234988,8.416894494,492,19,455,34,511,489
23,1000,50,7.7,28,14,956,21,10,13,44,7.495991715,108,494,50.4640387,9.177341904,6.787501306,8.196030945,483,14,473,30,497,503
18,1000,50,7.7,28,32,959,22,12,7,41,7.688306798,101,516,51.15621005,9.23877391,7.124443518,8.279901058,499,13,460,28,512,488
16,1000,50,7.7,28,97,955,30,11,4,45,8.605859264,127,564,53.29251874,10.58931477,8.22663644,9.003732392,492,20,463,25,512,488
17,1000,50,7.7,28,35,958,24,9,9,42,7.824221991,87,534,51.06277096,9.709869697,7.209387531,8.446479,488,15,470,27,503,497
22,1000,50,7.7,28,19,944,29,12,15,56,7.642901818,91,512,50.5948213,9.352538791,6.737153413,8.632024552,502,20,442,36,522,478
19,1000,50,7.7,28,29,955,22,11,12,45,7.675753673,106,484,50.95815375,9.483058498,6.828408538,8.571917047,495,19,460,26,514,486
20,1000,50,7.7,28,29,954,22,13,11,46,7.906734205,94,512,51.14958271,9.182652187,7.168329574,8.66610773,490,17,464,29,507,493
21,1000,50,7.7,28,25,947,29,19,5,53,7.753055392,93,480,50.55203337,9.225100716,7.109482245,8.425582751,493,18,454,35,511,489
23,1000,50,7.7,28,15,956,21,10,13,44,7.530010778,95,512,50.48183402,9.207943992,6.827516378,8.224125523,483,14,473,30,497,503
18,1000,50,7.7,28,33,959,23,11,7,41,7.684897388,90,508,51.16732928,9.260900811,7.112434349,8.285514346,500,12,459,29,512,488
17,1000,50,7.7,28,36,958,24,9,9,42,7.817427348,108,483,51.10092612,9.736668764,7.200130567,8.442176404,488,15,470,27,503,497
22,1000,50,7.7,28,20,944,29,12,15,56,7.638490674,106,527,50.61144167,9.393969005,6.754200553,8.604179886,502,20,442,36,522,478
20,1000,50,7.7,28,30,956,21,13,10,44,7.888856993,100,509,51.15760546,9.211908419,7.211440245,8.585510728,491,16,465,28,507,493
16,1000,50,7.7,28,98,956,29,11,4,44,8.601936886,106,519,53.35085711,10.59796581,8.263137185,8.957398868,492,20,464,24,512,488
19,1000,50,7.7,28,30,956,21,11,12,44,7.664139208,99,518,51.0176304,9.5248055,6.811870797,8.565509502,495,19,461,25,514,486
21,1000,50,7.7,28,26,947,29,18,6,53,7.756210685,100,483,50.58642103,9.253001628,7.113173137,8.428178348,493,18,454,35,511,489
23,1000,50,7.7,28,16,958,20,9,13,42,7.525371617,100,519,50.51896881,9.234671706,6.809065783,8.233133047,484,13,474,29,497,503
18,1000,50,7.7,28,34,961,22,11,6,39,7.698320747,99,510,51.19814919,9.270791409,7.137578998,8.28663996,500,12,461,27,512,488
17,1000,50,7.7,28,37,956,26,9,9,44,7.841712559,88,526,51.12765382,9.78756724,7.215022918,8.475967869,488,15,468,29,503,497
20,1000,50,7.7,28,31,955,22,13,10,45,7.921759438,92,496,51.15804733,9.223008254,7.214287199,8.649322168,491,16,464,29,507,493
22,1000,50,7.7,28,21,944,29,12,15,56,7.658448878,104,490,50.63097236,9.412024647,6.776896911,8.621147888,502,20,442,36,522,478
19,1000,50,7.7,28,31,955,22,10,13,45,7.679401387,98,498,51.03614391,9.527781056,6.830228397,8.577497924,494,20,461,25,514,486
16,1000,50,7.7,28,99,957,27,12,4,43,8.616835994,124,549,53.36417648,10.63216465,8.288310192,8.961518803,493,19,464,24,512,488
21,1000,50,7.7,28,27,946,31,17,6,54,7.777061085,97,509,50.6069236,9.256969392,7.137695626,8.445191451,493,18,453,36,511,489
23,1000,50,7.7,28,17,959,19,9,13,41,7.55661177,85,538,50.56590671,9.226931628,6.801249138,8.302964113,485,12,474,29,497,503
18,1000,50,7.7,28,35,960,23,11,6,40,7.725133233,81,512,51.2287769,9.297308525,7.157362964,8.320826631,500,12,460,28,512,488
17,1000,50,7.7,28,38,956,26,9,9,44,7.831532591,97,512,51.15977956,9.822330853,7.19979645,8.470895325,488,15,468,29,503,497
20,1000,50,7.7,28,32,955,23,12,10,45,7.957396763,86,518,51.18060293,9.219543929,7.260495464,8.674088363,490,17,465,28,507,493
22,1000,50,7.7,28,22,944,29,12,15,56,7.679254052,103,490,50.66133655,9.424496201,6.805734863,8.633180865,502,20,442,36,522,478
19,1000,50,7.7,28,32,954,24,10,12,46,7.684196148,129,517,51.06176151,9.555740199,6.790230069,8.629666447,493,21,461,25,514,486
21,1000,50,7.7,28,28,946,31,17,6,54,7.786055624,97,494,50.64048206,9.282087379,7.171395828,8.428368825,493,18,453,36,511,489
16,1000,50,7.7,28,100,955,29,12,4,45,8.630096133,117,554,53.4001209,10.68961495,8.310829297,8.965064617,494,18,461,27,512,488
23,1000,50,7.7,28,18,960,19,8,13,40,7.548229117,102,510,50.60612323,9.228926832,6.827053519,8.260802223,485,12,475,28,497,503
18,1000,50,7.7,28,36,960,23,11,6,40,7.74538125,105,534,51.28659968,9.312482643,7.171251278,8.347747122,500,12,460,28,512,488
17,1000,50,7.7,28,39,956,25,10,9,44,7.853334982,86,509,51.1527252,9.851267121,7.200139394,8.514416232,488,15,468,29,503,497
22,1000,50,7.7,28,23,944,29,12,15,56,7.699019771,98,521,50.72319144,9.444676217,6.852056284,8.623946424,502,20,442,36,522,478
20,1000,50,7.7,28,33,955,23,12,10,45,8.000895923,78,515,51.22079765,9.264906515,7.312821429,8.708510057,490,17,465,28,507,493
19,1000,50,7.7,28,33,953,25,10,12,47,7.720314932,114,505,51.08881096,9.581769523,6.834008136,8.657684671,493,21,460,26,514,486
21,1000,50,7.7,28,29,945,31,17,7,55,7.828646973,96,511,50.65681847,9.307604085,7.2105755,8.474525343,492,19,453,36,511,489
16,1000,50,7.7,28,101,953,30,13,4,47,8.656690677,108,538,53.40826419,10.70501735,8.372231233,8.955139929,493,19,460,28,512,488
23,1000,50,7.7,28,19,958,22,8,12,42,7.56784165,91,520,50.65998237,9.264192686,6.855383047,8.271801741,484,13,474,29,497,503
18,1000,50,7.7,28,37,960,24,10,6,40,7.761814717,95,533,51.30742637,9.335622518,7.183907721,8.368143368,499,13,461,27,512,488
17,1000,50,7.7,28,40,956,25,9,10,44,7.889112616,113,488,51.1577352,9.857343049,7.228446178,8.557754906,488,15,468,29,503,497
22,1000,50,7.7,28,24,945,30,11,14,55,7.719290749,105,497,50.77376256,9.472446317,6.918919723,8.593336096,501,21,444,34,522,478
20,1000,50,7.7,28,34,955,23,12,10,45,8.034527194,106,488,51.24583361,9.306511184,7.342438337,8.746269689,490,17,465,28,507,493
21,1000,50,7.7,28,30,948,29,16,7,52,7.822009945,113,536,50.69586263,9.317858453,7.196972496,8.475167688,492,19,456,33,511,489
19,1000,50,7.7,28,34,952,24,12,12,48,7.75400362,121,502,51.12140179,9.596029772,6.830504698,8.730708242,493,21,459,27,514,486
18,1000,50,7.7,28,38,960,24,10,6,40,7.801855065,91,518,51.31732975,9.365232049,7.247844785,8.383111753,499,13,461,27,512,488
23,1000,50,7.7,28,20,958,22,8,12,42,7.603930462,100,501,50.71536742,9.279774499,6.93152753,8.268312683,484,13,474,29,497,503
17,1000,50,7.7,28,41,957,24,9,10,43,7.914366315,114,522,51.21387814,9.8967775,7.245776887,8.591027246,488,15,469,28,503,497
16,1000,50,7.7,28,102,955,30,11,4,45,8.625932446,103,540,53.45382226,10.72534214,8.308064396,8.959433351,495,17,460,28,512,488
22,1000,50,7.7,28,25,946,29,11,14,54,7.732319788,96,517,50.81883275,9.488289857,6.949689208,8.586991677,501,21,445,33,522,478
20,1000,50,7.7,28,35,954,24,12,10,46,8.092343107,78,512,51.26537469,9.315195196,7.390758538,8.813850969,489,18,465,28,507,493
21,1000,50,7.7,28,31,949,28,16,7,51,7.837674896,98,505,50.73657581,9.328376088,7.192471245,8.511906113,493,18,456,33,511,489
19,1000,50,7.7,28,35,950,26,12,12,50,7.787265309,103,510,51.14844544,9.623067333,6.877045631,8.749925627,493,21,457,29,514,486
18,1000,50,7.7,28,39,960,24,9,7,40,7.806010862,102,521,51.37206206,9.366360728,7.272636766,8.365616471,499,13,461,27,512,488
17,1000,50,7.7,28,42,957,24,9,10,43,7.927958043,111,519,51.24787833,9.897986744,7.286121029,8.577543593,488,15,469,28,503,497
23,1000,50,7.7,28,21,960,21,7,12,40,7.621893765,91,531,50.75221553,9.314668558,6.938912617,8.296728022,485,12,475,28,497,503
16,1000,50,7.7,28,103,954,30,12,4,46,8.665442207,119,556,53.48176178,10.73682143,8.33280028,9.014443573,494,18,460,28,512,488
22,1000,50,7.7,28,26,946,28,11,15,54,7.745150434,108,515,50.85451965,9.513414326,6.944497873,8.61950323,501,21,445,33,522,478
20,1000,50,7.7,28,36,954,22,14,10,46,8.108208856,102,519,51.31822753,9.349272059,7.438440331,8.796997178,489,18,465,28,507,493
21,1000,50,7.7,28,32,950,27,15,8,50,7.879435561,83,516,50.79347457,9.358174081,7.240408317,8.547212497,493,18,457,32,511,489
19,1000,50,7.7,28,36,949,27,12,12,51,7.803343736,101,520,51.17891205,9.611522826,6.875272141,8.784884475,493,21,456,30,514,486
18,1000,50,7.7,28,40,961,23,9,7,39,7.809075308,94,550,51.39057495,9.378697131,7.295410563,8.348002253,499,13,462,26,512,488
17,1000,50,7.7,28,43,956,25,10,9,44,7.939480495,92,520,51.28064617,9.923105963,7.290574171,8.596220699,488,15,468,29,503,497
23,1000,50,7.7,28,22,962,18,8,12,38,7.615777031,101,485,50.77157233,9.333059401,6.949614587,8.273993202,485,12,477,26,497,503
16,1000,50,7.7,28,104,953,31,12,4,47,8.678096785,113,547,53.49449319,10.77275299,8.363200098,9.008480194,493,19,460,28,512,488
20,1000,50,7.7,28,37,953,24,13,10,47,8.144592353,94,509,51.33243558,9.386615039,7.46262733,8.845923522,489,18,464,29,507,493
24,1000,50,7.7,28,0,941,27,15,17,59,7.387,88,519,49.73500117,8.912040492,6.452716298,8.310139165,474,23,467,36,497,503
22,1000,50,7.7,28,27,946,28,11,15,54,7.735089085,95,499,50.8935491,9.522286345,6.955262365,8.586699019,501,21,445,33,522,478
21,1000,50,7.7,28,33,951,27,14,8,49,7.886286499,93,529,50.81112139,9.368693911,7.292586307,8.50669713,492,19,459,30,511,489
19,1000,50,7.7,28,37,949,26,13,12,51,7.812309326,108,518,51.22696617,9.625625256,6.872119353,8.806666623,493,21,456,30,514,486
18,1000,50,7.7,28,41,962,23,8,7,38,7.792989642,98,519,51.44394913,9.404644606,7.302798025,8.307289043,499,13,463,25,512,488
17,1000,50,7.7,28,44,958,23,10,9,42,7.916729189,107,513,51.3335071,9.922133104,7.251048315,8.590446451,489,14,469,28,503,497
23,1000,50,7.7,28,23,963,19,8,10,37,7.583424709,113,506,50.79935286,9.331723138,6.937565771,8.221579565,486,11,477,26,497,503
21,1000,50,7.7,28,34,951,27,14,8,49,7.877816039,108,539,50.84539338,9.405364651,7.29864598,8.48304283,492,19,459,30,511,489
22,1000,50,7.7,28,28,945,29,11,15,55,7.749660535,104,521,50.94516584,9.534797571,6.998119563,8.570381011,501,21,444,34,522,478
20,1000,50,7.7,28,38,953,25,13,9,47,8.152473432,103,531,51.38696399,9.394328144,7.489252866,8.834527847,489,18,464,29,507,493
24,1000,50,7.7,28,1,940,28,14,18,60,7.430826093,82,509,49.79024236,8.917676796,6.499665343,8.350879557,474,23,466,37,497,503
19,1000,50,7.7,28,38,950,25,13,12,50,7.783645019,116,516,51.27279147,9.657201108,6.878725172,8.740700165,493,21,457,29,514,486
18,1000,50,7.7,28,42,961,23,9,7,39,7.812607958,117,521,51.47001747,9.405024863,7.321810492,8.327543004,498,14,463,25,512,488
17,1000,50,7.7,28,45,957,22,12,9,43,7.949151947,107,524,51.37298886,9.93013959,7.293269205,8.61295279,488,15,469,28,503,497
23,1000,50,7.7,28,24,963,19,8,10,37,7.589244651,98,536,50.84288871,9.350127722,6.922908263,8.247632693,486,11,477,26,497,503
21,1000,50,7.7,28,35,951,27,13,9,49,7.909582567,96,516,50.86692067,9.430482567,7.356271562,8.487786909,492,19,459,30,511,489
22,1000,50,7.7,28,29,944,29,12,15,56,7.784232454,94,498,51.01678328,9.552144657,7.047208035,8.589100125,501,21,443,35,522,478
20,1000,50,7.7,28,39,952,27,12,9,48,8.161482506,97,516,51.40839857,9.395897021,7.498634106,8.843154188,490,17,462,31,507,493
17,1000,50,7.7,28,46,957,22,12,9,43,7.969180984,98,490,51.41325235,9.954423174,7.313562472,8.632714408,487,16,470,27,503,497
18,1000,50,7.7,28,43,961,23,9,7,39,7.779465428,106,526,51.51807383,9.412954159,7.280640269,8.302822972,498,14,463,25,512,488
19,1000,50,7.7,28,39,950,25,13,12,50,7.778473649,100,504,51.29276501,9.665372953,6.874252367,8.734789983,493,21,457,29,514,486
24,1000,50,7.7,28,2,941,27,14,18,59,7.445102164,96,510,49.85444237,8.952680179,6.502304117,8.376654112,474,23,467,36,497,503
21,1000,50,7.7,28,36,950,29,12,9,50,7.928008996,84,520,50.90810248,9.425249888,7.376968001,8.503841201,492,19,458,31,511,489
23,1000,50,7.7,28,25,961,20,9,10,39,7.599778838,106,512,50.91743538,9.38739473,6.931224632,8.260358243,485,12,476,27,497,503
22,1000,50,7.7,28,30,945,28,12,15,55,7.818834169,109,509,51.02809457,9.568716582,7.072055889,8.634353546,502,20,443,35,522,478
20,1000,50,7.7,28,40,952,27,11,10,48,8.183136802,82,518,51.45497023,9.399506252,7.506661286,8.878822577,491,16,461,32,507,493
17,1000,50,7.7,28,47,957,22,11,10,43,7.977930576,104,532,51.43304749,9.978661869,7.324412002,8.639338711,487,16,470,27,503,497
18,1000,50,7.7,28,44,962,23,8,7,38,7.812024082,100,520,51.54327334,9.422283699,7.364150036,8.281924721,498,14,464,24,512,488
19,1000,50,7.7,28,40,949,26,13,12,51,7.78145757,104,536,51.33911124,9.692624776,6.87080805,8.744572494,492,22,457,29,514,486
24,1000,50,7.7,28,3,940,28,15,17,60,7.451608479,78,515,49.88717008,8.972712185,6.477688478,8.413911144,475,22,465,38,497,503
21,1000,50,7.7,28,37,952,27,12,9,48,7.965573662,91,526,50.95460385,9.436739504,7.417520795,8.538283303,491,20,461,28,511,489
23,1000,50,7.7,28,26,960,21,9,10,40,7.616540217,89,509,50.93316532,9.412087027,6.965499589,8.259814952,485,12,475,28,497,503
17,1000,50,7.7,28,48,959,20,11,10,41,7.967211939,107,501,51.43869521,10.00216145,7.302943724,8.639499487,488,15,471,26,503,497
20,1000,50,7.7,28,41,952,26,12,10,48,8.212307649,107,512,51.46812156,9.422101737,7.529792742,8.914204319,491,16,461,32,507,493
18,1000,50,7.7,28,45,962,23,8,7,38,7.805793641,97,492,51.55564395,9.429641761,7.376344121,8.25636363,498,14,464,24,512,488
22,1000,50,7.7,28,31,946,26,13,15,54,7.842101137,110,514,51.05026254,9.552077766,7.07640064,8.678284525,502,20,444,34,522,478
19,1000,50,7.7,28,41,949,25,14,12,51,7.797651514,116,524,51.37985057,9.73040078,6.925282168,8.720280821,491,23,458,28,514,486
21,1000,50,7.7,28,38,953,27,11,9,47,7.99155165,104,500,50.98996156,9.463701155,7.45344133,8.553871432,491,20,462,27,511,489
24,1000,50,7.7,28,4,941,27,15,17,59,7.46311277,98,476,49.96021535,9.019262794,6.485022594,8.429535867,476,21,465,38,497,503
23,1000,50,7.7,28,27,959,22,9,10,41,7.640359232,90,511,50.9683779,9.421858116,6.95831845,8.314264339,485,12,474,29,497,503
17,1000,50,7.7,28,49,959,19,12,10,41,7.976911585,100,520,51.48493072,10.01143131,7.323663212,8.638046256,488,15,471,26,503,497
20,1000,50,7.7,28,42,953,26,11,10,47,8.23720616,100,509,51.48623011,9.445343363,7.545093719,8.948972911,492,15,461,32,507,493
18,1000,50,7.7,28,46,960,24,9,7,40,7.833666235,105,539,51.58048308,9.472713629,7.390708561,8.298408713,496,16,464,24,512,488
22,1000,50,7.7,28,32,945,28,12,15,55,7.868719806,98,503,51.0976049,9.564150558,7.109842962,8.697451423,502,20,443,35,522,478
19,1000,50,7.7,28,42,949,26,14,11,51,7.819239333,90,483,51.4055747,9.739866157,6.967850018,8.719679884,491,23,458,28,514,486
21,1000,50,7.7,28,39,955,25,11,9,45,8.003501925,103,491,51.02642545,9.505185564,7.457384539,8.574189009,492,19,463,26,511,489
23,1000,50,7.7,28,28,959,21,10,10,41,7.676588089,104,500,50.98859661,9.477724719,6.979797291,8.365067266,484,13,475,28,497,503
17,1000,50,7.7,28,50,960,20,11,9,40,7.955696691,118,502,51.53332464,10.05430251,7.334687896,8.584202573,488,15,472,25,503,497
20,1000,50,7.7,28,43,953,26,11,10,47,8.247156007,94,549,51.51706441,9.482301571,7.564599981,8.949094962,492,15,461,32,507,493
18,1000,50,7.7,28,47,961,24,9,6,39,7.861820627,105,551,51.62686735,9.498939768,7.411812236,8.333960577,496,16,465,23,512,488
24,1000,50,7.7,28,5,943,25,16,16,57,7.513756493,82,537,49.99085558,9.037937615,6.569854082,8.44639963,477,20,466,37,497,503
22,1000,50,7.7,28,33,946,28,12,14,54,7.88746542,107,502,51.11262819,9.578180832,7.123422662,8.721838474,502,20,444,34,522,478
19,1000,50,7.7,28,43,949,27,14,10,51,7.824570293,85,514,51.39835158,9.742180928,6.974516601,8.723598271,491,23,458,28,514,486
21,1000,50,7.7,28,40,957,24,10,9,43,8.02663644,95,538,51.04910612,9.512721352,7.522375817,8.553583635,492,19,465,24,511,489
17,1000,50,7.7,28,51,961,19,11,9,39,7.983841549,107,544,51.54210956,10.07066161,7.366669432,8.608464436,488,15,473,24,503,497
23,1000,50,7.7,28,29,959,21,10,10,41,7.695947608,90,510,51.00925032,9.483486829,6.977245435,8.406076793,484,13,475,28,497,503
18,1000,50,7.7,28,48,960,25,9,6,40,7.853081907,105,537,51.66343802,9.525782064,7.420873862,8.306546087,495,17,465,23,512,488
20,1000,50,7.7,28,44,953,25,12,10,47,8.199150149,96,530,51.55352784,9.504237548,7.529471913,8.887845617,492,15,461,32,507,493
22,1000,50,7.7,28,34,946,28,12,14,54,7.907923394,93,502,51.15389573,9.583093746,7.153288693,8.732022376,502,20,444,34,522,478
24,1000,50,7.7,28,6,943,24,17,16,57,7.505134986,92,511,50.00142578,9.073780831,6.583977585,8.415304425,477,20,466,37,497,503
19,1000,50,7.7,28,44,949,27,13,11,51,7.878584174,112,516,51.42890289,9.7449645,7.033487123,8.772369944,491,23,458,28,514,486
21,1000,50,7.7,28,41,957,25,9,9,43,8.046500353,100,544,51.07665804,9.545367103,7.541108737,8.574629424,492,19,465,24,511,489
17,1000,50,7.7,28,52,962,18,11,9,38,7.994306845,112,509,51.56415785,10.09853495,7.423783202,8.571718097,488,15,474,23,503,497
23,1000,50,7.7,28,30,956,24,10,10,44,7.723895771,102,499,51.03883892,9.506741679,7.017602822,8.421763754,483,14,473,30,497,503
18,1000,50,7.7,28,49,959,26,9,6,41,7.867016406,100,530,51.70818612,9.527975711,7.429120031,8.326448669,495,17,464,24,512,488
20,1000,50,7.7,28,45,953,25,12,10,47,8.234495448,97,515,51.57490716,9.539408479,7.601488126,8.885478637,492,15,461,32,507,493
22,1000,50,7.7,28,35,946,27,13,14,54,7.896745505,116,533,51.16834432,9.612133319,7.132015878,8.731868654,502,20,444,34,522,478
24,1000,50,7.7,28,7,941,26,17,16,59,7.57562715,104,511,50.03059735,9.081137424,6.626239217,8.513690376,476,21,465,38,497,503
19,1000,50,7.7,28,45,948,28,13,11,52,7.898365326,87,508,51.47493488,9.763468545,7.086296325,8.757220195,490,24,458,28,514,486
21,1000,50,7.7,28,42,957,25,10,8,43,8.080944902,107,512,51.13206352,9.552175832,7.597202299,8.586450975,491,20,466,23,511,489
17,1000,50,7.7,28,53,962,18,11,9,38,8.005141335,120,506,51.57616429,10.10148809,7.421460404,8.595868716,488,15,474,23,503,497
18,1000,50,7.7,28,50,958,27,10,5,42,7.866334716,87,546,51.76954516,9.527375566,7.448392711,8.304831245,495,17,463,25,512,488
20,1000,50,7.7,28,46,952,26,12,10,48,8.259196278,107,547,51.61304142,9.571911948,7.604110349,8.932885053,491,16,461,32,507,493
23,1000,50,7.7,28,31,954,27,10,9,46,7.723087362,106,546,51.08309386,9.515569249,7.018392018,8.419376797,482,15,472,31,497,503
22,1000,50,7.7,28,36,944,30,12,14,56,7.909458627,107,494,51.18486439,9.647330207,7.134892778,8.755323425,500,22,444,34,522,478
19,1000,50,7.7,28,46,948,28,13,11,52,7.92775933,98,530,51.49665115,9.796096299,7.129433004,8.772079765,490,24,458,28,514,486
24,1000,50,7.7,28,8,942,26,16,16,58,7.609462332,91,509,50.04620678,9.111304832,6.690716576,8.517248895,476,21,466,37,497,503
21,1000,50,7.7,28,43,954,28,10,8,46,8.10620636,105,541,51.16494416,9.555995053,7.616413013,8.618035399,491,20,463,26,511,489
17,1000,50,7.7,28,54,961,19,11,9,39,8.045734609,108,523,51.60816857,10.09289852,7.451177829,8.647469137,487,16,474,23,503,497
18,1000,50,7.7,28,51,958,28,10,4,42,7.84875899,106,534,51.78959665,9.563763896,7.464275952,8.25215103,494,18,464,24,512,488
20,1000,50,7.7,28,47,954,24,12,10,46,8.247752663,109,495,51.63525442,9.608826853,7.562902768,8.952050628,493,14,461,32,507,493
23,1000,50,7.7,28,32,954,26,10,10,46,7.791202737,107,498,51.12763215,9.541185069,7.118088153,8.456288122,482,15,472,31,497,503
22,1000,50,7.7,28,37,944,30,12,14,56,7.925209914,117,549,51.23335339,9.667257195,7.196930641,8.720527447,499,23,445,33,522,478
21,1000,50,7.7,28,44,954,28,10,8,46,8.121311763,94,520,51.210535,9.602179972,7.632234842,8.632392145,491,20,463,26,511,489
19,1000,50,7.7,28,47,949,28,13,10,51,7.935353457,108,521,51.55212229,9.829089322,7.141402252,8.775046707,490,24,459,27,514,486
17,1000,50,7.7,28,55,960,22,10,8,40,8.047305874,93,525,51.63150852,10.1047814,7.496565064,8.604695466,485,18,475,22,503,497
18,1000,50,7.7,28,52,958,28,10,4,42,7.851843391,112,519,51.81537034,9.588408853,7.455111155,8.268087047,494,18,464,24,512,488
24,1000,50,7.7,28,9,945,23,16,16,55,7.608971248,91,498,50.05705496,9.132496017,6.662393335,8.544257973,478,19,467,36,497,503
20,1000,50,7.7,28,48,953,24,13,10,47,8.279439289,99,524,51.65909125,9.616083338,7.582505012,8.996164805,493,14,460,33,507,493
23,1000,50,7.7,28,33,952,28,10,10,48,7.82147427,95,534,51.15508298,9.556986814,7.154055529,8.480931754,480,17,472,31,497,503
22,1000,50,7.7,28,38,944,30,12,14,56,7.930111492,112,532,51.23650817,9.662651349,7.275607328,8.644862901,498,24,446,32,522,478
21,1000,50,7.7,28,45,955,29,10,6,45,8.139176919,104,498,51.24662457,9.593151047,7.645671119,8.654885435,490,21,465,24,511,489
17,1000,50,7.7,28,56,961,20,11,8,39,8.049645998,116,519,51.63948396,10.1231869,7.502325435,8.603574053,486,17,475,22,503,497
19,1000,50,7.7,28,48,946,31,13,10,54,7.98922345,93,529,51.58129496,9.83619067,7.204717136,8.818927658,489,25,457,29,514,486
18,1000,50,7.7,28,53,958,27,11,4,42,7.861337558,99,523,51.85706811,9.589664011,7.451608152,8.29121759,495,17,463,25,512,488
24,1000,50,7.7,28,10,947,22,15,16,53,7.623259748,96,512,50.08154841,9.142905753,6.71453931,8.521140578,479,18,468,35,497,503
23,1000,50,7.7,28,34,953,28,9,10,47,7.866975919,99,517,51.17731532,9.565246152,7.215255692,8.510922147,480,17,473,30,497,503
20,1000,50,7.7,28,49,953,25,12,10,47,8.294443963,103,512,51.70278012,9.639040191,7.609223213,8.999123315,493,14,460,33,507,493
22,1000,50,7.7,28,39,946,29,12,13,54,7.940989248,114,535,51.25434586,9.672248624,7.299888848,8.641103074,499,23,447,31,522,478
21,1000,50,7.7,28,46,955,29,10,6,45,8.140652828,102,512,51.27066049,9.599456485,7.656199009,8.646902117,490,21,465,24,511,489
17,1000,50,7.7,28,57,961,20,11,8,39,8.042872117,97,529,51.68415914,10.15069309,7.53319801,8.558699232,485,18,476,21,503,497
19,1000,50,7.7,28,49,946,31,13,10,54,8.013181126,110,537,51.59652743,9.834678614,7.206218,8.866635955,489,25,457,29,514,486
18,1000,50,7.7,28,54,956,29,11,4,44,7.893740368,112,519,51.88240466,9.631284009,7.522655282,8.283075541,493,19,463,25,512,488
20,1000,50,7.7,28,50,955,22,13,10,45,8.289253478,93,517,51.7204656,9.652507517,7.612982502,8.984728904,493,14,462,31,507,493
23,1000,50,7.7,28,35,954,26,11,9,46,7.889731289,93,507,51.23260416,9.568003181,7.254539292,8.517346442,480,17,474,29,497,503
24,1000,50,7.7,28,11,946,23,16,15,54,7.674021742,99,476,50.13442735,9.175961883,6.795159266,8.542400769,480,17,466,37,497,503
22,1000,50,7.7,28,40,946,28,13,13,54,7.965390854,89,555,51.29199957,9.702887733,7.331468176,8.657666247,499,23,447,31,522,478
17,1000,50,7.7,28,58,961,20,11,8,39,8.079007564,117,541,51.70034304,10.14957819,7.576860399,8.587216868,485,18,476,21,503,497
21,1000,50,7.7,28,47,954,29,11,6,46,8.142112823,116,521,51.2969894,9.610990278,7.650471894,8.655872568,489,22,465,24,511,489
18,1000,50,7.7,28,55,956,30,10,4,44,7.930184053,108,516,51.94268556,9.656066816,7.542833247,8.336584899,493,19,463,25,512,488
19,1000,50,7.7,28,50,946,30,13,11,54,8.050266386,96,509,51.60681496,9.85122108,7.254472325,8.891908663,489,25,457,29,514,486
20,1000,50,7.7,28,51,956,22,13,9,44,8.284258289,114,496,51.75430499,9.675879775,7.638149136,8.948715369,493,14,463,30,507,493
23,1000,50,7.7,28,36,954,26,11,9,46,7.886848876,107,543,51.26182592,9.592923651,7.271802942,8.494558278,480,17,474,29,497,503
22,1000,50,7.7,28,41,947,27,13,13,53,7.979174695,91,524,51.31303105,9.72004889,7.352380595,8.663665324,499,23,448,30,522,478
17,1000,50,7.7,28,59,960,21,11,8,40,8.133966909,108,505,51.71785098,10.15990938,7.595038606,8.679401388,485,18,475,22,503,497
21,1000,50,7.7,28,48,954,29,11,6,46,8.171128219,86,506,51.34601288,9.640914406,7.695483835,8.668171736,489,22,465,24,511,489
24,1000,50,7.7,28,12,947,23,15,15,53,7.659007592,112,527,50.14494056,9.184392742,6.803016415,8.504788139,480,17,467,36,497,503
18,1000,50,7.7,28,56,956,30,10,4,44,7.943108739,99,514,51.96074845,9.679387712,7.551386621,8.354095879,493,19,463,25,512,488
19,1000,50,7.7,28,51,945,30,14,11,55,8.083984898,69,508,51.63210811,9.881821777,7.282088785,8.932080788,488,26,457,29,514,486
20,1000,50,7.7,28,52,956,21,14,9,44,8.317048327,83,510,51.78421305,9.696253299,7.678716147,8.973507588,493,14,463,30,507,493
23,1000,50,7.7,28,37,956,24,11,9,44,7.879472329,103,487,51.29792664,9.604480488,7.294345166,8.457619845,480,17,476,27,497,503
17,1000,50,7.7,28,60,961,21,11,7,39,8.156583661,89,526,51.75693316,10.17864144,7.653688617,8.665549873,485,18,476,21,503,497
22,1000,50,7.7,28,42,947,28,12,13,53,7.999724308,120,508,51.33909667,9.724992103,7.385723848,8.67024364,499,23,448,30,522,478
21,1000,50,7.7,28,49,955,28,11,6,45,8.202500098,101,540,51.40422822,9.67837726,7.735093634,8.690935075,490,21,465,24,511,489
18,1000,50,7.7,28,57,956,30,10,4,44,7.982761565,103,525,52.00867937,9.697627035,7.616734595,8.366789861,493,19,463,25,512,488
19,1000,50,7.7,28,52,945,30,14,11,55,8.10518699,94,522,51.68782056,9.934459117,7.306591686,8.949791899,488,26,457,29,514,486
24,1000,50,7.7,28,13,947,24,15,14,53,7.667860211,104,492,50.16864704,9.204944152,6.83345128,8.492315954,480,17,467,36,497,503
20,1000,50,7.7,28,53,955,22,14,9,45,8.330574695,98,531,51.8092893,9.706343111,7.675263317,9.00449532,492,15,463,30,507,493
23,1000,50,7.7,28,38,958,22,12,8,42,7.861625152,106,535,51.34922735,9.617687366,7.31555386,8.401182672,480,17,478,25,497,503
17,1000,50,7.7,28,61,962,21,10,7,38,8.205296813,106,508,51.77200338,10.20914978,7.693279444,8.723495478,485,18,477,20,503,497
21,1000,50,7.7,28,50,956,28,10,6,44,8.212036103,91,492,51.42673366,9.68831335,7.727729882,8.718131151,491,20,465,24,511,489
22,1000,50,7.7,28,43,947,28,12,13,53,8.033248356,110,527,51.38170352,9.752196753,7.460065292,8.659193042,499,23,448,30,522,478
18,1000,50,7.7,28,58,955,31,10,4,45,8.005610729,97,533,52.06391729,9.710176392,7.640240134,8.38895037,493,19,462,26,512,488
19,1000,50,7.7,28,53,943,32,14,11,57,8.123431077,86,544,51.69569712,9.928358811,7.3373501,8.954800669,487,27,456,30,514,486
24,1000,50,7.7,28,14,947,24,15,14,53,7.680030381,95,510,50.21147711,9.233513147,6.832080057,8.517865989,480,17,467,36,497,503
20,1000,50,7.7,28,54,955,22,14,9,45,8.346055396,101,541,51.854008,9.713403437,7.682663567,9.028285938,492,15,463,30,507,493
17,1000,50,7.7,28,62,963,19,11,7,37,8.219687477,91,536,51.77342716,10.23566246,7.71103409,8.734481548,485,18,478,19,503,497
23,1000,50,7.7,28,39,959,22,11,8,41,7.881786928,105,500,51.37566591,9.627990849,7.294872691,8.461700201,481,16,478,25,497,503
21,1000,50,7.7,28,51,957,27,9,7,43,8.245511989,93,512,51.4336285,9.714091179,7.759187639,8.753715961,491,20,466,23,511,489
18,1000,50,7.7,28,59,956,30,10,4,44,8.050233825,102,522,52.12018662,9.740096946,7.692115538,8.425964486,493,19,463,25,512,488
22,1000,50,7.7,28,44,945,30,12,13,55,8.036961104,101,546,51.41568612,9.783119867,7.463000046,8.663755398,498,24,447,31,522,478
19,1000,50,7.7,28,54,943,32,14,11,57,8.160241219,89,532,51.72850164,9.963011369,7.365542849,9.00072468,487,27,456,30,514,486
24,1000,50,7.7,28,15,946,25,15,14,54,7.720188964,104,542,50.22977124,9.253814964,6.87436263,8.555925917,480,17,466,37,497,503
17,1000,50,7.7,28,63,963,21,9,7,37,8.25212627,121,537,51.77165933,10.26871443,7.742035349,8.768375231,486,17,477,20,503,497
20,1000,50,7.7,28,55,953,23,13,11,47,8.365352094,108,563,51.888514,9.749057783,7.729620333,9.01913709,490,17,463,30,507,493
23,1000,50,7.7,28,40,959,22,11,8,41,7.86334746,101,547,51.3944346,9.656408418,7.268773463,8.450829123,481,16,478,25,497,503
21,1000,50,7.7,28,52,958,26,9,7,42,8.269103824,101,527,51.44393692,9.730393299,7.779189505,8.781059278,491,20,467,22,511,489
18,1000,50,7.7,28,60,956,30,10,4,44,8.098386873,113,518,52.14814606,9.750976054,7.716318034,8.499245982,493,19,463,25,512,488
22,1000,50,7.7,28,45,944,31,12,13,56,8.084029173,100,499,51.42751292,9.786343612,7.520467878,8.699466402,498,24,446,32,522,478
19,1000,50,7.7,28,55,943,32,13,12,57,8.194710518,91,533,51.7866822,9.996961042,7.402739652,9.032309336,486,28,457,29,514,486
17,1000,50,7.7,28,64,963,21,9,7,37,8.275685065,115,517,51.81337543,10.26614906,7.773624215,8.783807011,486,17,477,20,503,497
20,1000,50,7.7,28,56,954,22,13,11,46,8.380415935,99,511,51.90314994,9.79851686,7.750436934,9.028284806,491,16,463,30,507,493
24,1000,50,7.7,28,16,946,26,14,14,54,7.757135375,90,523,50.27291775,9.280969886,6.933210722,8.571231902,480,17,466,37,497,503
23,1000,50,7.7,28,41,959,22,12,7,41,7.852655922,101,519,51.43137624,9.684843488,7.291689036,8.406931355,481,16,478,25,497,503
21,1000,50,7.7,28,53,958,26,9,7,42,8.291218316,96,525,51.48051221,9.748568626,7.801699109,8.802760882,491,20,467,22,511,489
18,1000,50,7.7,28,61,957,29,10,4,43,8.133160779,98,542,52.18816821,9.773134292,7.786408292,8.496966666,493,19,464,24,512,488
22,1000,50,7.7,28,46,947,30,12,11,53,8.090963369,102,506,51.47759255,9.809550899,7.559519684,8.671326556,498,24,449,29,522,478
19,1000,50,7.7,28,56,943,32,13,12,57,8.218437264,117,569,51.83141305,10.01142987,7.415681453,9.067442382,486,28,457,29,514,486
17,1000,50,7.7,28,65,964,20,9,7,36,8.300393304,122,524,51.86559438,10.2921269,7.751604194,8.855807635,486,17,478,19,503,497
20,1000,50,7.7,28,57,954,22,13,11,46,8.42090562,111,525,51.94201919,9.814099784,7.808006462,9.051209623,491,16,463,30,507,493
21,1000,50,7.7,28,54,956,28,9,7,44,8.316208178,95,528,51.50785509,9.761284786,7.817180332,8.837687174,491,20,465,24,511,489
23,1000,50,7.7,28,42,960,22,11,7,40,7.852951531,100,519,51.45644579,9.715440774,7.270641079,8.428315933,482,15,478,25,497,503
18,1000,50,7.7,28,62,958,29,9,4,42,8.108485931,93,534,52.21913347,9.806626394,7.734187,8.501193008,494,18,464,24,512,488
24,1000,50,7.7,28,17,945,27,14,14,55,7.752105689,100,496,50.29848657,9.314158635,6.948142499,8.546478862,480,17,465,38,497,503
22,1000,50,7.7,28,47,946,31,12,11,54,8.105949579,103,516,51.55391662,9.837124894,7.573512248,8.687397877,498,24,448,30,522,478
19,1000,50,7.7,28,57,943,32,13,12,57,8.247359913,108,531,51.85675408,10.02987417,7.428114376,9.113804782,486,28,457,29,514,486
17,1000,50,7.7,28,66,965,19,9,7,35,8.309965436,96,521,51.8912214,10.29469342,7.743253091,8.883519379,487,16,478,19,503,497
20,1000,50,7.7,28,58,953,23,13,11,47,8.420251139,106,522,51.98488448,9.812830696,7.850668857,9.006008171,489,18,464,29,507,493
21,1000,50,7.7,28,55,956,28,9,7,44,8.332301147,104,524,51.5377302,9.795272032,7.817277515,8.870495575,491,20,465,24,511,489
18,1000,50,7.7,28,63,958,30,8,4,42,8.159430998,126,540,52.23334725,9.827727471,7.816517728,8.519208855,493,19,465,23,512,488
23,1000,50,7.7,28,43,960,22,11,7,40,7.882020066,104,510,51.48147417,9.732468983,7.320377108,8.436963506,481,16,479,24,497,503
22,1000,50,7.7,28,48,946,31,11,12,54,8.111819966,109,511,51.60427621,9.851139736,7.602865583,8.667623707,498,24,448,30,522,478
24,1000,50,7.7,28,18,946,26,13,15,54,7.760287831,93,498,50.3587039,9.337373069,6.920003328,8.590549059,481,16,465,38,497,503
19,1000,50,7.7,28,58,945,30,13,12,55,8.251053476,96,544,51.90142736,10.05697711,7.415529503,9.134714634,486,28,459,27,514,486
17,1000,50,7.7,28,67,965,18,9,8,35,8.383205974,91,517,51.92030073,10.31665095,7.80844614,8.964904558,487,16,478,19,503,497
21,1000,50,7.7,28,56,956,28,10,6,44,8.337843472,83,500,51.57198503,9.806111474,7.832252263,8.866181115,490,21,466,23,511,489
18,1000,50,7.7,28,64,956,32,8,4,44,8.179479714,120,538,52.28093681,9.851856601,7.861782253,8.512801639,491,21,465,23,512,488
20,1000,50,7.7,28,59,953,24,13,10,47,8.429662336,107,548,52.02168476,9.826857129,7.895218497,8.979283078,488,19,465,28,507,493
23,1000,50,7.7,28,44,959,23,11,7,41,7.889286593,96,503,51.5160588,9.729059099,7.345162759,8.426919883,481,16,478,25,497,503
22,1000,50,7.7,28,49,945,32,10,13,55,8.150423652,107,529,51.65480067,9.875651809,7.623754396,8.725572924,498,24,447,31,522,478
24,1000,50,7.7,28,19,948,25,12,15,52,7.745744775,104,520,50.39395303,9.356465894,6.912707421,8.568845302,483,14,465,38,497,503
17,1000,50,7.7,28,68,965,18,9,8,35,8.413049532,101,536,51.97214445,10.34469666,7.869576637,8.963083468,487,16,478,19,503,497
19,1000,50,7.7,28,59,945,30,13,12,55,8.277631998,104,489,51.96150436,10.08447155,7.447847738,9.155222759,486,28,459,27,514,486
18,1000,50,7.7,28,65,954,33,9,4,46,8.226626984,108,536,52.33362787,9.876313183,7.88135537,8.588879169,489,23,465,23,512,488
21,1000,50,7.7,28,57,956,27,10,7,44,8.333968067,111,485,51.59056768,9.822423331,7.827576615,8.863141956,490,21,466,23,511,489
20,1000,50,7.7,28,60,952,24,14,10,48,8.446592749,94,516,52.06721557,9.863320896,7.903206478,9.005409868,487,20,465,28,507,493
23,1000,50,7.7,28,45,959,22,12,7,41,7.919171903,116,533,51.58236209,9.751628771,7.378606899,8.453288816,481,16,478,25,497,503
22,1000,50,7.7,28,50,944,32,11,13,56,8.163231936,110,524,51.69954511,9.894590957,7.622667034,8.753555949,498,24,446,32,522,478
17,1000,50,7.7,28,69,964,19,9,8,36,8.421467085,106,503,52.01929043,10.34094077,7.872366692,8.977196456,487,16,477,20,503,497
24,1000,50,7.7,28,20,948,25,12,15,52,7.767690706,108,496,50.41139899,9.372750169,6.920583338,8.604693414,483,14,465,38,497,503
19,1000,50,7.7,28,60,945,30,13,12,55,8.332953275,105,499,52.0008617,10.10662827,7.5410157,9.170516882,486,28,459,27,514,486
18,1000,50,7.7,28,66,953,34,9,4,47,8.235242249,132,531,52.3848093,9.893680832,7.897389469,8.589710739,488,24,465,23,512,488
21,1000,50,7.7,28,58,955,27,11,7,45,8.383079593,110,503,51.63535907,9.837413794,7.886014848,8.902507168,490,21,465,24,511,489
20,1000,50,7.7,28,61,950,25,15,10,50,8.451009552,96,508,52.09103042,9.87445491,7.902748198,9.014840194,486,21,464,29,507,493
23,1000,50,7.7,28,46,958,24,11,7,42,7.936568115,100,526,51.63500141,9.769559711,7.418954075,8.448007832,481,16,477,26,497,503
22,1000,50,7.7,28,51,945,31,11,13,55,8.183457111,93,507,51.75044652,9.887601342,7.629228279,8.788702824,498,24,447,31,522,478
17,1000,50,7.7,28,70,964,19,9,8,36,8.397154624,94,516,52.09257732,10.3498823,7.8699986,8.930674704,486,17,478,19,503,497
18,1000,50,7.7,28,67,952,35,9,4,48,8.24062504,94,542,52.41763703,9.910779221,7.896346918,8.601834872,488,24,464,24,512,488
19,1000,50,7.7,28,61,946,28,15,11,54,8.299258926,106,499,52.02012125,10.09414842,7.494892012,9.149967967,486,28,460,26,514,486
21,1000,50,7.7,28,59,955,27,11,7,45,8.40166751,112,539,51.67657654,9.842007979,7.937904142,8.886295488,490,21,465,24,511,489
24,1000,50,7.7,28,21,949,24,12,15,51,7.781147934,91,514,50.44685877,9.385623046,6.933785529,8.618402637,484,13,465,38,497,503
20,1000,50,7.7,28,62,951,25,15,9,49,8.469934573,99,512,52.11110567,9.885475742,7.929437937,9.025779997,487,20,464,29,507,493
23,1000,50,7.7,28,47,959,23,11,7,41,7.976292335,113,527,51.69123044,9.774329842,7.456439918,8.48994373,482,15,477,26,497,503
22,1000,50,7.7,28,52,946,29,11,14,54,8.228342683,88,515,51.7644262,9.897550384,7.714049374,8.789976798,498,24,448,30,522,478
17,1000,50,7.7,28,71,964,19,8,9,36,8.410480703,111,526,52.11989997,10.38906464,7.87706939,8.950331589,486,17,478,19,503,497
18,1000,50,7.7,28,68,952,35,9,4,48,8.233468801,108,530,52.43459103,9.898284598,7.869935717,8.614880562,488,24,464,24,512,488
21,1000,50,7.7,28,60,955,27,11,7,45,8.399059142,101,525,51.71938104,9.864024799,7.928811793,8.890462814,490,21,465,24,511,489
19,1000,50,7.7,28,62,946,28,15,11,54,8.325316216,103,518,52.05310812,10.0985193,7.520010219,9.177018444,486,28,460,26,514,486
20,1000,50,7.7,28,63,951,25,15,9,49,8.48153239,112,522,52.14066702,9.917462096,7.93299611,9.045645765,487,20,464,29,507,493
24,1000,50,7.7,28,22,949,24,12,15,51,7.806644914,98,505,50.50950092,9.385211207,6.973927796,8.629429025,484,13,465,38,497,503
23,1000,50,7.7,28,48,959,23,11,7,41,8.010137252,93,512,51.7264382,9.809219752,7.499930998,8.514257547,482,15,477,26,497,503
22,1000,50,7.7,28,53,946,29,11,14,54,8.235999494,97,523,51.79452122,9.939037969,7.741554634,8.775958106,498,24,448,30,522,478
17,1000,50,7.7,28,72,963,20,8,9,37,8.466420282,104,535,52.15531321,10.40314861,7.958112086,8.980864996,485,18,478,19,503,497
18,1000,50,7.7,28,69,952,35,9,4,48,8.262070899,99,521,52.46715795,9.894439861,7.936187633,8.603981212,487,25,465,23,512,488
21,1000,50,7.7,28,61,956,28,10,6,44,8.37199731,94,509,51.76934206,9.88960487,7.983228852,8.778256372,490,21,466,23,511,489
19,1000,50,7.7,28,63,945,27,17,11,55,8.344194477,97,534,52.08030366,10.09457019,7.523899291,9.211749468,486,28,459,27,514,486
20,1000,50,7.7,28,64,950,26,15,9,50,8.513937809,101,536,52.17588411,9.928166409,7.940424621,9.103737376,487,20,463,30,507,493
23,1000,50,7.7,28,49,960,22,11,7,40,8.05218074,107,537,51.75971403,9.826980382,7.532410386,8.56575105,482,15,478,25,497,503
24,1000,50,7.7,28,23,949,23,13,15,51,7.827933207,101,485,50.52142353,9.41054785,7.010297489,8.635815815,484,13,465,38,497,503
22,1000,50,7.7,28,54,947,29,10,14,53,8.225510157,120,513,51.85062511,9.965038136,7.75862983,8.735366916,498,24,449,29,522,478
17,1000,50,7.7,28,73,965,20,6,9,35,8.457711726,105,502,52.19556942,10.42777213,7.934677613,8.987060134,486,17,479,18,503,497
18,1000,50,7.7,28,70,951,36,8,5,49,8.28464434,91,539,52.49858634,9.909887288,7.931657983,8.654990681,487,25,464,24,512,488
21,1000,50,7.7,28,62,955,27,12,6,45,8.408149174,98,514,51.82015909,9.922827918,8.002717179,8.831821464,490,21,465,24,511,489
20,1000,50,7.7,28,65,949,27,15,9,51,8.558143149,84,523,52.20164865,9.965624362,7.981288444,9.151379123,487,20,462,31,507,493
19,1000,50,7.7,28,64,944,28,16,12,56,8.37175806,115,530,52.10715088,10.10338496,7.554688102,9.235902008,485,29,459,27,514,486
23,1000,50,7.7,28,50,961,21,11,7,39,8.055552026,103,514,51.8158223,9.847024765,7.53887181,8.566069058,483,14,478,25,497,503
22,1000,50,7.7,28,55,947,29,10,14,53,8.231385449,100,509,51.89170013,9.988164153,7.750709714,8.756307485,498,24,449,29,522,478
17,1000,50,7.7,28,74,965,19,7,9,35,8.464130953,122,515,52.23513663,10.44454135,7.919981127,9.014849991,486,17,479,18,503,497
24,1000,50,7.7,28,24,950,23,14,13,50,7.842632575,92,500,50.5274661,9.427242373,7.042160557,8.633556218,484,13,466,37,497,503
18,1000,50,7.7,28,71,952,35,8,5,48,8.321341118,118,509,52.56317699,9.926069772,7.990772983,8.668166702,488,24,464,24,512,488
21,1000,50,7.7,28,63,956,26,12,6,44,8.443086738,117,508,51.85373077,9.936952472,8.020277808,8.884917748,491,20,465,24,511,489
20,1000,50,7.7,28,66,948,27,14,11,52,8.570812268,90,549,52.23346657,9.981246886,7.987367645,9.170825298,487,20,461,32,507,493
19,1000,50,7.7,28,65,942,30,16,12,58,8.415302214,110,523,52.11694631,10.14571589,7.579516072,9.299240643,485,29,457,29,514,486
23,1000,50,7.7,28,51,960,22,11,7,40,8.084858994,108,543,51.8462025,9.883095078,7.618633493,8.545523158,482,15,478,25,497,503
17,1000,50,7.7,28,75,965,18,7,10,35,8.46040324,112,516,52.26149562,10.48587368,7.876251098,9.051607521,486,17,479,18,503,497
22,1000,50,7.7,28,56,948,28,11,13,52,8.281845102,103,510,51.92758242,9.992257774,7.812564474,8.794323109,499,23,449,29,522,478
18,1000,50,7.7,28,72,951,36,8,5,49,8.3357185,96,542,52.61045932,9.956592523,8.019737826,8.667239208,488,24,463,25,512,488
21,1000,50,7.7,28,64,955,26,13,6,45,8.440808686,130,533,51.90504781,9.961309794,8.026800236,8.873443283,491,20,464,25,511,489
24,1000,50,7.7,28,25,949,24,14,13,51,7.874763741,111,526,50.54700616,9.463220448,7.105200771,8.635147034,484,13,465,38,497,503
20,1000,50,7.7,28,67,946,29,14,11,54,8.603191002,105,527,52.26624684,10.01986726,8.020540498,9.202387363,487,20,459,34,507,493
19,1000,50,7.7,28,66,942,30,16,12,58,8.436116252,115,520,52.1351294,10.17236816,7.594845223,9.32585557,485,29,457,29,514,486
17,1000,50,7.7,28,76,965,18,8,9,35,8.502811338,129,511,52.28822277,10.51841059,7.9182004,9.094479954,487,16,478,19,503,497
23,1000,50,7.7,28,52,960,23,12,5,40,8.076439619,82,551,51.89063624,9.909335732,7.638599131,8.509057357,482,15,478,25,497,503
22,1000,50,7.7,28,57,949,27,11,13,51,8.308128651,115,521,51.94703246,10.03192736,7.840210683,8.819118565,500,22,449,29,522,478
18,1000,50,7.7,28,73,948,38,9,5,52,8.378866757,93,527,52.65777841,9.967409123,8.052442173,8.721345009,486,26,462,26,512,488
21,1000,50,7.7,28,65,956,25,13,6,44,8.461273017,111,527,51.95169893,9.989651566,8.033010917,8.908802532,492,19,464,25,511,489
20,1000,50,7.7,28,68,946,31,13,10,54,8.610392274,108,529,52.31538266,10.03103051,8.090499191,9.145049056,485,22,461,32,507,493
24,1000,50,7.7,28,26,950,22,15,13,50,7.893524811,89,502,50.58570913,9.495651408,7.140383436,8.637682391,484,13,466,37,497,503
19,1000,50,7.7,28,67,944,29,15,12,56,8.440242728,127,533,52.19256807,10.18531071,7.608416919,9.319992657,486,28,458,28,514,486
17,1000,50,7.7,28,77,962,21,9,8,38,8.546606971,108,536,52.30843951,10.5399111,7.955061464,9.145293873,486,17,476,21,503,497
22,1000,50,7.7,28,58,949,27,11,13,51,8.319408226,116,530,51.94578181,10.06248339,7.848349189,8.833828347,500,22,449,29,522,478
23,1000,50,7.7,28,53,962,21,12,5,38,8.093097402,96,522,51.92307909,9.949670259,7.678109499,8.503135151,482,15,480,23,497,503
18,1000,50,7.7,28,74,949,37,9,5,51,8.380096332,100,535,52.69890712,9.996127973,8.031779406,8.745543599,487,25,462,26,512,488
21,1000,50,7.7,28,66,956,25,13,6,44,8.481980324,111,543,51.99784357,10.02900993,8.026069836,8.958402122,492,19,464,25,511,489
20,1000,50,7.7,28,69,946,31,13,10,54,8.601318037,107,524,52.36564893,10.04864745,8.080282228,9.137149994,485,22,461,32,507,493
19,1000,50,7.7,28,68,945,28,15,12,55,8.432614854,106,558,52.24792315,10.20653503,7.615847985,9.296438252,487,27,458,28,514,486
24,1000,50,7.7,28,27,951,22,15,12,49,7.907603829,100,529,50.62027002,9.528610242,7.208234728,8.598630555,485,12,466,37,497,503
17,1000,50,7.7,28,78,960,21,11,8,40,8.559944003,94,527,52.33992582,10.56874396,7.951622785,9.175609139,486,17,474,23,503,497
22,1000,50,7.7,28,59,947,28,12,13,53,8.356882075,123,528,51.98112393,10.06139026,7.880107511,8.877543838,499,23,448,30,522,478
18,1000,50,7.7,28,75,949,37,9,5,51,8.418902539,82,543,52.73873393,10.02928709,8.077641995,8.776946389,487,25,462,26,512,488
23,1000,50,7.7,28,54,962,21,12,5,38,8.095755244,114,529,51.96109996,9.960937106,7.710644397,8.476272324,482,15,480,23,497,503
21,1000,50,7.7,28,67,956,23,14,7,44,8.524479719,88,517,52.03438556,10.03982761,8.064832537,9.004806325,493,18,463,26,511,489
20,1000,50,7.7,28,70,945,32,13,10,55,8.60594981,104,544,52.40677634,10.07876243,8.076945192,9.149976871,485,22,460,33,507,493
19,1000,50,7.7,28,69,946,27,15,12,54,8.456636732,115,490,52.28309233,10.2301844,7.626818135,9.334263807,486,28,460,26,514,486
17,1000,50,7.7,28,79,962,20,10,8,38,8.553837121,128,506,52.36863113,10.58158698,7.968608432,9.146130945,486,17,476,21,503,497
24,1000,50,7.7,28,28,952,21,15,12,48,7.9401291,100,499,50.67753578,9.568218237,7.270696598,8.601576324,485,12,467,36,497,503
18,1000,50,7.7,28,76,946,40,9,5,54,8.442888747,122,546,52.76648793,10.05771821,8.07964845,8.82399332,486,26,460,28,512,488
22,1000,50,7.7,28,60,946,29,11,14,54,8.388508896,86,524,52.00659037,10.08570221,7.911938982,8.90894717,498,24,448,30,522,478
21,1000,50,7.7,28,68,954,26,13,7,46,8.573922196,104,517,52.07603576,10.06628417,8.115824168,9.05262995,491,20,463,26,511,489
23,1000,50,7.7,28,55,961,22,12,5,39,8.138073233,111,539,52.01298517,9.994208105,7.709046891,8.561981964,482,15,479,24,497,503
20,1000,50,7.7,28,71,945,32,13,10,55,8.627312843,99,504,52.41964118,10.11074121,8.094328298,9.175432851,485,22,460,33,507,493
19,1000,50,7.7,28,70,947,26,16,11,53,8.458393317,107,531,52.30320179,10.27118254,7.654311529,9.308800806,486,28,461,25,514,486
17,1000,50,7.7,28,80,962,20,10,8,38,8.602842952,103,537,52.39052523,10.58522884,8.056355732,9.155927604,486,17,476,21,503,497
18,1000,50,7.7,28,77,946,40,9,5,54,8.470855773,103,526,52.78581894,10.07978183,8.078317853,8.882698838,486,26,460,28,512,488
22,1000,50,7.7,28,61,948,27,11,14,52,8.378563388,95,523,52.03661256,10.11655343,7.922434795,8.876678713,498,24,450,28,522,478
24,1000,50,7.7,28,29,950,23,15,12,50,7.95048701,123,494,50.69496886,9.567937761,7.29528017,8.597878262,484,13,466,37,497,503
21,1000,50,7.7,28,69,951,29,13,7,49,8.582164964,111,533,52.11771656,10.08416637,8.104238468,9.081593264,491,20,460,29,511,489
23,1000,50,7.7,28,56,961,22,12,5,39,8.159036732,103,515,52.05628483,10.00264003,7.759578297,8.553730256,482,15,479,24,497,503
20,1000,50,7.7,28,72,943,35,12,10,57,8.646074617,111,509,52.44364647,10.10616541,8.14453021,9.161861664,482,25,461,32,507,493
17,1000,50,7.7,28,81,961,21,10,8,39,8.604663918,96,514,52.44853526,10.58576497,8.063013021,9.152853861,485,18,476,21,503,497
19,1000,50,7.7,28,71,946,26,17,11,54,8.468539489,108,546,52.31049973,10.30019949,7.655263315,9.32867108,486,28,460,26,514,486
18,1000,50,7.7,28,78,946,39,10,5,54,8.508428963,97,538,52.79223929,10.10865533,8.143729366,8.891064605,486,26,460,28,512,488
22,1000,50,7.7,28,62,948,27,11,14,52,8.401157518,97,519,52.08914838,10.15438976,7.932286335,8.913188392,498,24,450,28,522,478
21,1000,50,7.7,28,70,951,29,13,7,49,8.580253993,91,554,52.12713392,10.09544376,8.104870333,9.077025056,492,19,459,30,511,489
23,1000,50,7.7,28,57,961,22,12,5,39,8.191033886,115,526,52.10874912,10.01321105,7.791333267,8.585966704,482,15,479,24,497,503
24,1000,50,7.7,28,30,950,23,15,12,50,7.972437499,113,492,50.73130127,9.58339436,7.303187456,8.63370444,484,13,466,37,497,503
20,1000,50,7.7,28,73,942,36,12,10,58,8.666304879,117,533,52.50102392,10.11202719,8.195490437,9.150489306,481,26,461,32,507,493
17,1000,50,7.7,28,82,961,21,10,8,39,8.602059364,102,542,52.47661276,10.62559328,8.045333422,9.165506344,485,18,476,21,503,497
19,1000,50,7.7,28,72,946,27,16,11,54,8.500164691,130,503,52.35506146,10.31585541,7.690572162,9.356400411,486,28,460,26,514,486
18,1000,50,7.7,28,79,946,39,10,5,54,8.527467855,92,528,52.82559985,10.12509131,8.110475811,8.964967705,486,26,460,28,512,488
22,1000,50,7.7,28,63,949,27,10,14,51,8.376358979,118,564,52.1423216,10.15039374,7.952574351,8.83915307,497,25,452,26,522,478
21,1000,50,7.7,28,71,951,28,14,7,49,8.625915531,114,512,52.17740772,10.13231163,8.136294341,9.137564668,492,19,459,30,511,489
23,1000,50,7.7,28,58,961,22,12,5,39,8.182436131,110,515,52.15065189,10.042316,7.79831,8.561980241,482,15,479,24,497,503
20,1000,50,7.7,28,74,943,36,12,9,57,8.689780978,112,539,52.53666048,10.14412828,8.21768903,9.175279189,481,26,462,31,507,493
17,1000,50,7.7,28,83,959,24,10,7,41,8.614015787,119,520,52.48254447,10.6473417,8.070926389,9.163661597,484,19,475,22,503,497
24,1000,50,7.7,28,31,950,22,16,12,50,7.996086289,95,520,50.73309213,9.604724277,7.280197713,8.70343544,484,13,466,37,497,503
19,1000,50,7.7,28,73,945,28,16,11,55,8.518591677,98,528,52.39138743,10.33646948,7.729369264,9.353283694,486,28,459,27,514,486
18,1000,50,7.7,28,80,944,41,10,5,56,8.52247975,111,527,52.86261898,10.14820785,8.094857543,8.971132558,484,28,460,28,512,488
22,1000,50,7.7,28,64,949,27,10,14,51,8.390539099,112,545,52.16075799,10.18235919,7.965058504,8.855185271,497,25,452,26,522,478
21,1000,50,7.7,28,72,950,30,12,8,50,8.648991791,101,514,52.20106081,10.1519948,8.178001103,9.141172244,491,20,459,30,511,489
23,1000,50,7.7,28,59,960,23,12,5,40,8.206369162,109,534,52.17206521,10.06557958,7.813869383,8.594187035,481,16,479,24,497,503
20,1000,50,7.7,28,75,943,35,13,9,57,8.735251754,119,509,52.55862724,10.16690941,8.25422461,9.229938897,481,26,462,31,507,493
17,1000,50,7.7,28,84,960,23,10,7,40,8.625896069,121,532,52.49828409,10.66053558,8.057401851,9.201253395,485,18,475,22,503,497
18,1000,50,7.7,28,81,944,42,9,5,56,8.537927646,100,534,52.89743829,10.16817806,8.151311053,8.943558171,483,29,461,27,512,488
24,1000,50,7.7,28,32,950,22,16,12,50,7.993825198,90,545,50.76938748,9.622650423,7.261830783,8.71708807,484,13,466,37,497,503
19,1000,50,7.7,28,74,944,29,16,11,56,8.565037723,101,533,52.43660645,10.3601099,7.799402889,9.374783206,486,28,458,28,514,486
22,1000,50,7.7,28,65,950,27,10,13,50,8.398050877,104,519,52.22217277,10.20676029,7.983452208,8.85081344,497,25,453,25,522,478
21,1000,50,7.7,28,73,950,29,13,8,50,8.671205602,115,532,52.25626911,10.16974871,8.20220958,9.161301649,491,20,459,30,511,489
23,1000,50,7.7,28,60,959,23,13,5,41,8.229901344,97,543,52.18394414,10.0994085,7.8430882,8.612100416,481,16,478,25,497,503
17,1000,50,7.7,28,85,960,23,10,7,40,8.653365619,114,541,52.52123917,10.70463404,8.095804217,9.217658145,485,18,475,22,503,497
20,1000,50,7.7,28,76,941,36,14,9,59,8.769673833,114,511,52.59055626,10.17053596,8.31517405,9.237080304,479,28,462,31,507,493
18,1000,50,7.7,28,82,943,43,10,4,57,8.56049056,127,534,52.90633462,10.18993215,8.168504517,8.971754605,482,30,461,27,512,488
19,1000,50,7.7,28,75,944,30,15,11,56,8.577830569,124,545,52.47118454,10.36926661,7.79930013,9.401214614,485,29,459,27,514,486
22,1000,50,7.7,28,66,949,28,10,13,51,8.40288275,109,512,52.26562225,10.21877046,7.98781167,8.85616121,496,26,453,25,522,478
24,1000,50,7.7,28,33,950,23,15,12,50,8.029573905,126,511,50.77344752,9.646230355,7.2921768,8.758175021,485,12,465,38,497,503
21,1000,50,7.7,28,74,948,31,13,8,52,8.659409895,99,530,52.28575087,10.17459046,8.170204741,9.170624279,490,21,458,31,511,489
23,1000,50,7.7,28,61,960,21,13,6,40,8.259779924,94,528,52.23022906,10.1168112,7.901668227,8.61361991,481,16,479,24,497,503
17,1000,50,7.7,28,86,960,24,10,6,40,8.646524212,118,533,52.53384016,10.72959227,8.077280011,9.222640577,485,18,475,22,503,497
20,1000,50,7.7,28,77,943,34,13,10,57,8.753903723,103,528,52.61187217,10.19060515,8.271788559,9.249709783,481,26,462,31,507,493
18,1000,50,7.7,28,83,945,40,11,4,55,8.573813448,115,515,52.9228127,10.21230109,8.202550464,8.963335267,482,30,463,25,512,488
19,1000,50,7.7,28,76,942,32,15,11,58,8.623875947,116,519,52.52499127,10.40140077,7.868255583,9.423029994,485,29,457,29,514,486
22,1000,50,7.7,28,67,950,27,10,13,50,8.38790938,121,523,52.29336419,10.24211362,7.987264121,8.825434119,496,26,454,24,522,478
21,1000,50,7.7,28,75,948,32,13,7,52,8.66242486,118,496,52.29739858,10.18024593,8.203926649,9.141550803,490,21,458,31,511,489
24,1000,50,7.7,28,34,950,23,15,12,50,8.026925589,107,498,50.797006,9.680527935,7.276740843,8.768161808,485,12,465,38,497,503
17,1000,50,7.7,28,87,960,25,10,5,40,8.645645251,100,551,52.6026026,10.73795698,8.121187747,9.176434234,484,19,476,21,503,497
23,1000,50,7.7,28,62,959,22,13,6,41,8.276989707,107,526,52.29441855,10.14007479,7.936269736,8.613645425,481,16,478,25,497,503
20,1000,50,7.7,28,78,942,34,13,11,58,8.761870488,121,515,52.63609306,10.21318329,8.288417106,9.248768793,480,27,462,31,507,493
18,1000,50,7.7,28,84,946,40,11,3,54,8.577513263,118,536,52.95318056,10.23438221,8.20438412,8.96899302,483,29,463,25,512,488
19,1000,50,7.7,28,77,944,31,14,11,56,8.6161388,111,518,52.53922382,10.41170632,7.856443839,9.419602194,487,27,457,29,514,486
22,1000,50,7.7,28,68,950,25,12,13,50,8.437588182,85,515,52.36545309,10.26131423,8.063655137,8.845941842,496,26,454,24,522,478
21,1000,50,7.7,28,76,947,32,14,7,53,8.73406341,94,503,52.33978708,10.18931226,8.27233457,9.216565325,489,22,458,31,511,489
17,1000,50,7.7,28,88,959,25,11,5,41,8.681430034,114,523,52.62861483,10.76958556,8.191651207,9.177121684,483,20,476,21,503,497
23,1000,50,7.7,28,63,959,22,13,6,41,8.292190849,112,528,52.33492702,10.16126524,7.92183067,8.658133213,482,15,477,26,497,503
24,1000,50,7.7,28,35,949,25,14,12,51,8.078771481,105,506,50.7965865,9.693422471,7.352988713,8.795896801,485,12,464,39,497,503
18,1000,50,7.7,28,85,947,41,9,3,53,8.582019773,123,539,52.95535188,10.26704378,8.183191593,9.000462453,485,27,462,26,512,488
20,1000,50,7.7,28,79,942,34,13,11,58,8.760921236,100,521,52.62857813,10.22768481,8.281853308,9.253593527,480,27,462,31,507,493
19,1000,50,7.7,28,78,944,31,14,11,56,8.620261289,109,519,52.56893687,10.44905957,7.864715849,9.419336096,487,27,457,29,514,486
21,1000,50,7.7,28,77,947,33,14,6,53,8.762743019,112,538,52.37040428,10.20505331,8.307161334,9.238821221,489,22,458,31,511,489
22,1000,50,7.7,28,69,951,24,12,13,49,8.459356876,110,539,52.40736951,10.27286083,8.081747089,8.871725723,497,25,454,24,522,478
17,1000,50,7.7,28,89,960,24,11,5,40,8.693941587,110,511,52.66808199,10.78266399,8.221010652,9.172581949,483,20,477,20,503,497
23,1000,50,7.7,28,64,958,23,13,6,42,8.313059428,112,530,52.39513622,10.15808016,7.9316683,8.689901159,483,14,475,28,497,503
24,1000,50,7.7,28,36,949,26,14,11,51,8.065207078,95,514,50.82097389,9.707985759,7.372537526,8.74961417,484,13,465,38,497,503
18,1000,50,7.7,28,86,947,41,9,3,53,8.619049551,104,533,53.01841362,10.29001993,8.271662992,8.983520695,485,27,462,26,512,488
20,1000,50,7.7,28,80,941,34,14,11,59,8.765262613,105,520,52.6820626,10.23532649,8.311770397,9.231632904,479,28,462,31,507,493
21,1000,50,7.7,28,78,947,33,14,6,53,8.810787314,100,541,52.38413432,10.2246373,8.349600326,9.292723,489,22,458,31,511,489
22,1000,50,7.7,28,70,951,24,12,13,49,8.479904971,105,531,52.41261326,10.27530121,8.094274078,8.901033268,497,25,454,24,522,478
19,1000,50,7.7,28,79,943,32,14,11,57,8.677168989,123,530,52.57844206,10.46903492,7.93825429,9.458654904,486,28,457,29,514,486
17,1000,50,7.7,28,90,960,24,11,5,40,8.701844328,110,528,52.74435077,10.79561565,8.265021619,9.14394055,483,20,477,20,503,497
23,1000,50,7.7,28,65,958,22,14,6,42,8.319871973,116,544,52.43659798,10.18677003,7.911259481,8.72361036,483,14,475,28,497,503
18,1000,50,7.7,28,87,948,41,7,4,52,8.650759339,120,523,53.07693892,10.31484731,8.320880611,8.996861611,485,27,463,25,512,488
20,1000,50,7.7,28,81,941,34,13,12,59,8.799783745,100,522,52.6996878,10.24380043,8.342677507,9.269870687,479,28,462,31,507,493
24,1000,50,7.7,28,37,949,27,13,11,51,8.079956747,103,510,50.8442126,9.713423221,7.387186732,8.764463104,483,14,466,37,497,503
21,1000,50,7.7,28,79,947,33,14,6,53,8.79919544,111,511,52.41481995,10.26042841,8.314366653,9.305836565,489,22,458,31,511,489
22,1000,50,7.7,28,71,951,24,12,13,49,8.487059773,94,531,52.47068093,10.30879811,8.067409196,8.945339274,498,24,453,25,522,478
19,1000,50,7.7,28,80,942,33,13,12,58,8.7177552,100,557,52.61776338,10.48913322,8.015821195,9.460129847,485,29,457,29,514,486
17,1000,50,7.7,28,91,961,23,11,5,39,8.687463584,103,523,52.77540224,10.82855892,8.271496686,9.108452215,483,20,478,19,503,497
23,1000,50,7.7,28,66,957,23,14,6,43,8.349887201,91,506,52.48818845,10.19641392,7.960452588,8.734676471,482,15,475,28,497,503
18,1000,50,7.7,28,88,948,40,8,4,52,8.674173757,119,531,53.08497044,10.33174595,8.387285213,8.975171572,484,28,464,24,512,488
20,1000,50,7.7,28,82,945,31,12,12,55,8.778048744,124,514,52.75034878,10.26087098,8.285222415,9.284870142,483,24,462,31,507,493
24,1000,50,7.7,28,38,949,27,11,13,51,8.116088931,110,507,50.86511381,9.720459791,7.44396095,8.78019948,483,14,466,37,497,503
21,1000,50,7.7,28,80,948,33,13,6,52,8.784182163,128,520,52.44911103,10.27866431,8.3423607,9.245881074,489,22,459,30,511,489
22,1000,50,7.7,28,72,949,27,11,13,51,8.487277453,121,507,52.50990115,10.32757565,8.079065306,8.933065613,497,25,452,26,522,478
17,1000,50,7.7,28,92,964,23,10,3,36,8.662190117,102,510,52.80580344,10.84647776,8.226476098,9.103164265,485,18,479,18,503,497
19,1000,50,7.7,28,81,943,33,12,12,57,8.77937376,91,530,52.62824851,10.4848579,8.10492085,9.492684039,485,29,458,28,514,486
23,1000,50,7.7,28,67,958,22,14,6,42,8.355663241,95,547,52.50979258,10.22101879,7.951344178,8.755159412,483,14,475,28,497,503
18,1000,50,7.7,28,89,948,40,8,4,52,8.686231861,112,542,53.10365004,10.35775175,8.410158367,8.975882741,484,28,464,24,512,488
20,1000,50,7.7,28,83,945,31,12,12,55,8.784755969,113,539,52.79399662,10.27162423,8.279794289,9.304057333,483,24,462,31,507,493
21,1000,50,7.7,28,81,948,33,13,6,52,8.798964035,111,507,52.48059136,10.3077991,8.382579815,9.234081286,489,22,459,30,511,489
17,1000,50,7.7,28,93,963,23,11,3,37,8.698046306,112,536,52.82273436,10.85990073,8.223151372,9.178674379,485,18,478,19,503,497
19,1000,50,7.7,28,82,943,34,11,12,57,8.742372814,109,537,52.68265688,10.50704233,8.067055144,9.456597675,486,28,457,29,514,486
22,1000,50,7.7,28,73,948,27,12,13,52,8.524493243,108,548,52.50897255,10.35575055,8.109795014,8.977364531,496,26,452,26,522,478
24,1000,50,7.7,28,39,949,27,11,13,51,8.140454628,90,512,50.88135434,9.729086761,7.468165242,8.804724657,483,14,466,37,497,503
18,1000,50,7.7,28,90,948,39,9,4,52,8.699084389,117,533,53.12752922,10.37449284,8.432425544,8.978857602,484,28,464,24,512,488
23,1000,50,7.7,28,68,959,21,14,6,41,8.378908216,99,525,52.53684808,10.23710765,7.96441537,8.788456815,484,13,475,28,497,503
20,1000,50,7.7,28,84,945,31,12,12,55,8.823297513,116,531,52.80732392,10.31182617,8.284918282,9.376965403,484,23,461,32,507,493
21,1000,50,7.7,28,82,948,33,13,6,52,8.814633079,102,509,52.54471578,10.33239915,8.393572887,9.254636676,489,22,459,30,511,489
17,1000,50,7.7,28,94,961,25,11,3,39,8.753150778,122,548,52.85655572,10.86444866,8.280274944,9.231735374,484,19,477,20,503,497
19,1000,50,7.7,28,83,943,34,11,12,57,8.768397228,98,534,52.71126709,10.49418506,8.087311405,9.488722564,486,28,457,29,514,486
22,1000,50,7.7,28,74,948,26,13,13,52,8.539571043,106,543,52.54706513,10.36528012,8.147696983,8.967517193,496,26,452,26,522,478
18,1000,50,7.7,28,91,948,39,9,4,52,8.724159892,93,510,53.1714638,10.3847934,8.458807761,9.002562128,485,27,463,25,512,488
23,1000,50,7.7,28,69,960,20,14,6,40,8.415352355,122,527,52.56934593,10.25732426,7.986513382,8.839075953,484,13,476,27,497,503
20,1000,50,7.7,28,85,945,31,12,12,55,8.827341149,114,532,52.85623224,10.32567483,8.345760323,9.322597698,484,23,461,32,507,493
24,1000,50,7.7,28,40,948,28,11,13,52,8.179616774,89,540,50.91225501,9.745818307,7.496123849,8.854956703,484,13,464,39,497,503
21,1000,50,7.7,28,83,949,32,12,7,51,8.795237893,113,511,52.60396662,10.33309568,8.347605337,9.263009338,490,21,459,30,511,489
17,1000,50,7.7,28,95,962,24,11,3,38,8.744210613,121,552,52.88199757,10.90310339,8.308076797,9.185609626,484,19,478,19,503,497
19,1000,50,7.7,28,84,942,35,11,12,58,8.775430593,115,541,52.7048662,10.50270524,8.073283214,9.518030908,487,27,455,31,514,486
22,1000,50,7.7,28,75,948,27,12,13,52,8.524382503,107,521,52.56700183,10.37756533,8.103823131,8.983654453,497,25,451,27,522,478
18,1000,50,7.7,28,92,948,39,9,4,52,8.731472056,113,589,53.22729671,10.39530418,8.464671244,9.01139422,485,27,463,25,512,488
23,1000,50,7.7,28,70,961,21,11,7,39,8.418673862,111,530,52.58803979,10.26979422,8.028493982,8.804199508,483,14,478,25,497,503
20,1000,50,7.7,28,86,946,29,13,12,54,8.859980329,110,548,52.89015459,10.32570251,8.376919852,9.356758548,485,22,461,32,507,493
21,1000,50,7.7,28,84,949,32,12,7,51,8.799623729,106,535,52.63092906,10.34630732,8.335836125,9.284277034,490,21,459,30,511,489
24,1000,50,7.7,28,41,949,27,11,13,51,8.228199386,94,524,50.94145577,9.774973577,7.516860086,8.931053526,484,13,465,38,497,503
17,1000,50,7.7,28,96,961,25,10,4,39,8.73958535,112,540,52.91627094,10.90803994,8.28388916,9.200782901,485,18,476,21,503,497
19,1000,50,7.7,28,85,943,35,10,12,57,8.795188006,102,542,52.73964894,10.50601763,8.079733,9.551862641,488,26,455,31,514,486
18,1000,50,7.7,28,93,949,36,11,4,51,8.727820963,114,539,53.24791628,10.40237473,8.461407199,9.007337043,485,27,464,24,512,488
22,1000,50,7.7,28,76,949,27,11,13,51,8.531612657,110,535,52.60915086,10.39415485,8.121007933,8.980013633,498,24,451,27,522,478
23,1000,50,7.7,28,71,961,22,10,7,39,8.444156131,109,545,52.61967101,10.30330375,8.072277299,8.811599032,482,15,479,24,497,503
20,1000,50,7.7,28,87,945,30,13,12,55,8.882689285,113,538,52.91304838,10.36522944,8.402489356,9.376525722,485,22,460,33,507,493
21,1000,50,7.7,28,85,949,32,12,7,51,8.817645573,107,546,52.66111289,10.39725396,8.35856011,9.297385187,490,21,459,30,511,489
17,1000,50,7.7,28,97,959,27,10,4,41,8.781376315,101,515,52.92904815,10.93184728,8.339857173,9.228225667,485,18,474,23,503,497
24,1000,50,7.7,28,42,949,28,11,12,51,8.232933071,108,540,50.98319375,9.787211979,7.521613532,8.935767686,484,13,465,38,497,503
19,1000,50,7.7,28,86,941,37,11,11,59,8.816863076,117,554,52.75780478,10.51015388,8.092516393,9.582941667,487,27,454,32,514,486
18,1000,50,7.7,28,94,949,36,11,4,51,8.745917099,126,536,53.26811836,10.44168734,8.439674698,9.067220602,486,26,463,25,512,488
22,1000,50,7.7,28,77,947,28,12,13,53,8.568207683,102,542,52.66334109,10.39793522,8.196984811,8.973601699,496,26,451,27,522,478
23,1000,50,7.7,28,72,961,23,9,7,39,8.442984663,99,537,52.66035629,10.32290708,8.087082267,8.794641702,481,16,480,23,497,503
20,1000,50,7.7,28,88,946,31,12,11,54,8.873987242,124,535,52.93297066,10.37660975,8.40258107,9.358780202,485,22,461,32,507,493
21,1000,50,7.7,28,86,949,32,12,7,51,8.863052512,97,549,52.68192086,10.42064759,8.382566851,9.365155115,490,21,459,30,511,489
17,1000,50,7.7,28,98,957,29,10,4,43,8.821289111,108,533,52.98060162,10.95504059,8.366512796,9.281555684,485,18,472,25,503,497
24,1000,50,7.7,28,43,949,27,12,12,51,8.253060141,91,495,50.9973472,9.797656507,7.526853854,8.970603927,484,13,465,38,497,503
18,1000,50,7.7,28,95,949,35,12,4,51,8.774413204,109,548,53.31942354,10.47769806,8.478321946,9.085066328,486,26,463,25,512,488
19,1000,50,7.7,28,87,942,37,11,10,58,8.802347631,100,521,52.78433637,10.51783164,8.053733553,9.594091737,488,26,454,32,514,486
22,1000,50,7.7,28,78,947,28,12,13,53,8.547420976,113,509,52.7039816,10.40892254,8.189580056,8.938201228,496,26,451,27,522,478
23,1000,50,7.7,28,73,959,25,8,8,41,8.482946031,113,548,52.7186635,10.34768672,8.154150051,8.807819992,481,16,478,25,497,503
20,1000,50,7.7,28,89,945,31,13,11,55,8.890342792,116,530,52.98610536,10.39957215,8.403381115,9.391132996,486,21,459,34,507,493
21,1000,50,7.7,28,87,949,33,12,6,51,8.849958272,129,524,52.69268382,10.45379931,8.390685123,9.329894018,490,21,459,30,511,489
17,1000,50,7.7,28,99,958,28,10,4,42,8.832596146,96,517,53.07126518,10.96594592,8.367734877,9.303069423,486,17,472,25,503,497
18,1000,50,7.7,28,96,949,35,11,5,51,8.79932112,104,531,53.37107758,10.52269543,8.513578572,9.099116581,486,26,463,25,512,488
19,1000,50,7.7,28,88,941,37,12,10,59,8.790344054,106,568,52.79788658,10.53631989,8.051775952,9.571463405,487,27,454,32,514,486
24,1000,50,7.7,28,44,950,26,12,12,50,8.271493958,106,525,51.01943719,9.848526615,7.567785815,8.966807968,484,13,466,37,497,503
22,1000,50,7.7,28,79,946,29,10,15,54,8.551062733,99,529,52.73401804,10.4349358,8.207526304,8.926221762,496,26,450,28,522,478
20,1000,50,7.7,28,90,945,31,12,12,55,8.908648238,99,537,53.00136407,10.43511955,8.410708252,9.420728506,485,22,460,33,507,493
21,1000,50,7.7,28,88,949,33,12,6,51,8.873013784,100,529,52.7124355,10.47288544,8.427180471,9.338905037,490,21,459,30,511,489
17,1000,50,7.7,28,100,957,29,10,4,43,8.819626404,115,518,53.10398859,10.95706106,8.353339985,9.291542036,486,17,471,26,503,497
23,1000,50,7.7,28,74,959,24,9,8,41,8.480543274,126,540,52.75979919,10.3814392,8.193574545,8.764088918,480,17,479,24,497,503
18,1000,50,7.7,28,97,949,35,11,5,51,8.816964481,108,531,53.40881632,10.56402677,8.556107447,9.090650549,486,26,463,25,512,488
22,1000,50,7.7,28,80,945,30,10,15,55,8.614653739,116,538,52.75597434,10.46339914,8.281686998,8.978270138,495,27,450,28,522,478
19,1000,50,7.7,28,89,942,37,11,10,58,8.781523573,96,550,52.83799519,10.54084763,8.036197539,9.569790202,488,26,454,32,514,486
17,1000,50,7.7,28,101,957,28,11,4,43,8.859084727,118,531,53.14274534,10.98781684,8.416894769,9.306612994,485,18,472,25,503,497
24,1000,50,7.7,28,45,950,26,12,12,50,8.267106374,95,515,51.05068966,9.885339317,7.574430335,8.951519875,484,13,466,37,497,503
20,1000,50,7.7,28,91,945,31,12,12,55,8.927260788,118,557,53.01924206,10.46251238,8.416220503,9.452813373,485,22,460,33,507,493
21,1000,50,7.7,28,89,948,33,13,6,52,8.902956238,113,543,52.74980476,10.48041208,8.487930981,9.336653388,489,22,459,30,511,489
23,1000,50,7.7,28,75,959,24,9,8,41,8.504961981,106,558,52.78938065,10.3734722,8.237280372,8.769450569,480,17,479,24,497,503
18,1000,50,7.7,28,98,948,36,11,5,52,8.832364291,98,536,53.41637349,10.57576395,8.56435884,9.113550338,486,26,462,26,512,488
22,1000,50,7.7,28,81,946,29,10,15,54,8.657958731,93,533,52.78423263,10.5074029,8.329642473,9.016496569,496,26,450,28,522,478
19,1000,50,7.7,28,90,944,34,12,10,56,8.79074273,114,546,52.83874891,10.5768682,8.059462531,9.564154299,489,25,455,31,514,486
17,1000,50,7.7,28,102,955,30,11,4,45,8.863027359,124,553,53.18604958,11.01094461,8.434422661,9.296806359,484,19,471,26,503,497
21,1000,50,7.7,28,90,947,34,14,5,53,8.912972213,111,548,52.78454724,10.50828952,8.531509286,9.311597071,488,23,459,30,511,489
20,1000,50,7.7,28,92,944,32,12,12,56,8.926534052,112,539,53.04492395,10.49998193,8.41984727,9.447609506,485,22,459,34,507,493
23,1000,50,7.7,28,76,961,24,7,8,39,8.502367847,103,522,52.81125635,10.37649527,8.251615977,8.750128641,480,17,481,22,497,503
24,1000,50,7.7,28,46,949,26,13,12,51,8.297484415,99,520,51.08503165,9.895859189,7.616731011,8.9701175,484,13,465,38,497,503
18,1000,50,7.7,28,99,948,36,10,6,52,8.837384164,110,534,53.4595759,10.5881997,8.567377671,9.120669663,486,26,462,26,512,488
22,1000,50,7.7,28,82,945,31,10,14,55,8.678642396,102,526,52.83235094,10.51737427,8.353233652,9.034005082,496,26,449,29,522,478
17,1000,50,7.7,28,103,956,30,11,3,44,8.823217052,113,545,53.18854895,11.02471457,8.423416901,9.227843764,484,19,472,25,503,497
21,1000,50,7.7,28,91,947,33,14,6,53,8.940077077,110,537,52.81238199,10.5238118,8.56110159,9.336102586,488,23,459,30,511,489
19,1000,50,7.7,28,91,943,35,12,10,57,8.812727971,104,532,52.86322409,10.61540652,8.086151143,9.581165192,488,26,455,31,514,486
20,1000,50,7.7,28,93,945,33,10,12,55,8.947557477,107,547,53.08972206,10.51923419,8.396846764,9.513907034,485,22,460,33,507,493
23,1000,50,7.7,28,77,959,26,7,8,41,8.548712458,108,546,52.86034936,10.41273315,8.318180868,8.776494167,479,18,480,23,497,503
24,1000,50,7.7,28,47,949,25,14,12,51,8.323255385,108,503,51.11149715,9.897742622,7.622484036,9.015667632,484,13,465,38,497,503
18,1000,50,7.7,28,100,948,36,10,6,52,8.876511521,109,546,53.48750378,10.58905349,8.601510519,9.165037162,486,26,462,26,512,488
17,1000,50,7.7,28,104,955,31,11,3,45,8.872381624,105,544,53.2327529,11.03279483,8.491891362,9.257465329,483,20,472,25,503,497
25,1000,50,7.7,28,0,946,32,10,12,54,7.006,108,500,49.87139203,8.824549181,6.054368932,8.016494845,495,20,451,34,515,485
21,1000,50,7.7,28,92,948,33,13,6,52,8.971742711,112,525,52.83298752,10.53775517,8.580608288,9.380474183,489,22,459,30,511,489
22,1000,50,7.7,28,83,945,31,10,14,55,8.688366459,119,542,52.84609155,10.52417022,8.342875571,9.065659856,496,26,449,29,522,478
20,1000,50,7.7,28,94,945,33,10,12,55,8.948992958,116,535,53.13813253,10.52086145,8.41186994,9.501368962,485,22,460,33,507,493
19,1000,50,7.7,28,92,944,35,11,10,56,8.816793591,114,519,52.88297185,10.63268576,8.056750246,9.62062544,489,25,455,31,514,486
18,1000,50,7.7,28,101,948,36,10,6,52,8.870661617,119,538,53.51172334,10.59275078,8.589722915,9.165416977,486,26,462,26,512,488
23,1000,50,7.7,28,78,959,26,7,8,41,8.526309754,122,512,52.89485253,10.44436497,8.287456723,8.762313643,479,18,480,23,497,503
24,1000,50,7.7,28,48,951,23,14,12,49,8.346492817,98,511,51.13201316,9.910290166,7.681970896,9.003088035,485,12,466,37,497,503
21,1000,50,7.7,28,93,948,31,15,6,52,8.966024898,113,511,52.88374739,10.56882994,8.566891731,9.383114977,489,22,459,30,511,489
22,1000,50,7.7,28,84,943,33,11,13,57,8.710834731,103,540,52.89394219,10.55555461,8.355332106,9.099061446,495,27,448,30,522,478
25,1000,50,7.7,28,1,946,32,11,11,54,7.018195774,111,500,49.92158039,8.869057317,6.082432877,8.011840912,495,20,451,34,515,485
20,1000,50,7.7,28,95,944,34,10,12,56,8.978617955,102,515,53.18015393,10.51998662,8.425636218,9.547303028,485,22,459,34,507,493
18,1000,50,7.7,28,102,948,34,12,6,52,8.870603491,93,560,53.52132003,10.61086818,8.588217569,9.166877246,486,26,462,26,512,488
19,1000,50,7.7,28,93,942,38,10,10,58,8.831014462,124,516,52.90063565,10.63854794,8.091008908,9.61365408,488,26,454,32,514,486
23,1000,50,7.7,28,79,958,27,7,8,42,8.532714542,101,548,52.91900152,10.46863832,8.262050042,8.80015044,480,17,478,25,497,503
21,1000,50,7.7,28,94,948,30,16,6,52,8.960104666,131,548,52.88216094,10.58648349,8.565352396,9.372616752,489,22,459,30,511,489
24,1000,50,7.7,28,49,952,22,14,12,48,8.350002648,106,496,51.14607914,9.90912974,7.682794397,9.009252153,485,12,467,36,497,503
22,1000,50,7.7,28,85,942,33,12,13,58,8.749736373,90,548,52.91444336,10.57767666,8.391955247,9.140451326,495,27,447,31,522,478
25,1000,50,7.7,28,2,946,32,11,11,54,7.038087693,84,507,49.95571925,8.883481152,6.116694681,8.016474087,494,21,452,33,515,485
20,1000,50,7.7,28,96,943,33,13,11,57,9.000244485,97,534,53.23506029,10.56519062,8.450680208,9.56541505,485,22,458,35,507,493
18,1000,50,7.7,28,103,948,34,11,7,52,8.909145214,111,549,53.53182683,10.62040426,8.589793503,9.244202748,486,26,462,26,512,488
19,1000,50,7.7,28,94,943,38,9,10,57,8.867462628,107,563,52.95719864,10.66506858,8.114312636,9.664003976,489,25,454,32,514,486
23,1000,50,7.7,28,80,956,29,8,7,44,8.543224311,120,535,52.95608143,10.49329539,8.250172664,8.832780314,479,18,477,26,497,503
21,1000,50,7.7,28,95,946,32,16,6,54,8.975651151,119,526,52.89669693,10.60642302,8.582738054,9.38624132,488,23,458,31,511,489
22,1000,50,7.7,28,86,937,36,14,13,63,8.78051909,99,548,52.94476929,10.6040283,8.405114068,9.190480222,491,31,446,32,522,478
24,1000,50,7.7,28,50,952,22,14,12,48,8.357213878,96,521,51.17916544,9.936406541,7.692786366,9.013715814,485,12,467,36,497,503
20,1000,50,7.7,28,97,943,34,12,11,57,8.96643667,111,537,53.27646968,10.58148992,8.422680382,9.525634314,485,22,458,35,507,493
25,1000,50,7.7,28,3,946,33,11,10,54,7.062255627,90,504,49.96284814,8.898597353,6.128913798,8.05332994,494,21,452,33,515,485
18,1000,50,7.7,28,104,949,33,10,8,51,8.912296822,106,520,53.55071045,10.63795965,8.595381009,9.244798659,486,26,463,25,512,488
26,1000,50,7.7,28,0,955,25,7,13,45,7.031,82,524,50.12594459,8.710263929,6.416326531,7.621568627,473,17,482,28,490,510
23,1000,50,7.7,28,81,956,29,8,7,44,8.564033839,102,550,52.97142089,10.49716806,8.295227403,8.829633837,479,18,477,26,497,503
19,1000,50,7.7,28,95,942,39,9,10,58,8.876580267,103,551,53.01009551,10.68189918,8.141045889,9.654491111,488,26,454,32,514,486
21,1000,50,7.7,28,96,943,35,16,6,57,9.014278921,115,542,52.91763805,10.64189346,8.619435018,9.426886763,486,25,457,32,511,489
22,1000,50,7.7,28,87,936,37,14,13,64,8.832475176,116,562,52.95224713,10.6216196,8.436039334,9.265403021,491,31,445,33,522,478
20,1000,50,7.7,28,98,943,34,12,11,57,8.999366678,98,546,53.29820567,10.60298055,8.458390241,9.555705528,485,22,458,35,507,493
25,1000,50,7.7,28,4,946,33,11,10,54,7.086607463,86,523,49.97463824,8.931534929,6.152498682,8.078496168,494,21,452,33,515,485
24,1000,50,7.7,28,51,951,22,15,12,49,8.370831691,109,522,51.22513631,9.949753433,7.717051692,9.01681312,484,13,467,36,497,503
26,1000,50,7.7,28,1,955,26,7,12,45,7.069266422,95,502,50.17857101,8.739474207,6.434860252,7.678793918,473,17,482,28,490,510
23,1000,50,7.7,28,82,956,29,8,7,44,8.574372268,115,516,52.99442113,10.49618551,8.295895333,8.84952741,479,18,477,26,497,503
19,1000,50,7.7,28,96,943,38,9,10,57,8.888634884,131,563,53.07086265,10.69788201,8.15596576,9.663515397,489,25,454,32,514,486
21,1000,50,7.7,28,97,941,36,17,6,59,8.989118243,108,525,52.96215159,10.66279314,8.60899952,9.386338423,485,26,456,33,511,489
22,1000,50,7.7,28,88,936,37,14,13,64,8.829464419,115,559,52.95282377,10.62663442,8.421416893,9.275072805,491,31,445,33,522,478
20,1000,50,7.7,28,99,943,35,11,11,57,8.979871491,121,549,53.34351102,10.64280875,8.416401816,9.559342333,485,22,458,35,507,493
25,1000,50,7.7,28,5,946,33,11,10,54,7.127656315,84,505,49.98984052,8.942598553,6.187631959,8.125826507,494,21,452,33,515,485
23,1000,50,7.7,28,83,956,29,8,7,44,8.630720129,126,540,53.01905586,10.5320175,8.343418394,8.914594806,479,18,477,26,497,503
26,1000,50,7.7,28,2,953,27,8,12,47,7.102376504,89,510,50.22325066,8.764553627,6.456613407,7.722815558,472,18,481,29,490,510
19,1000,50,7.7,28,97,943,36,11,10,57,8.928000307,105,506,53.1152779,10.71287056,8.221169454,9.675553925,489,25,454,32,514,486
24,1000,50,7.7,28,52,950,23,15,12,50,8.404776297,113,512,51.26247927,9.962390226,7.74594166,9.055752072,483,14,467,36,497,503
21,1000,50,7.7,28,98,941,36,17,6,59,9.045980775,122,550,53.01758128,10.70505546,8.635315294,9.475122004,485,26,456,33,511,489
22,1000,50,7.7,28,89,936,37,13,14,64,8.859447587,106,565,52.94710474,10.63111682,8.465772915,9.289360095,491,31,445,33,522,478
20,1000,50,7.7,28,100,943,35,11,11,57,8.997945565,109,533,53.39430331,10.66673169,8.422023329,9.59022259,485,22,458,35,507,493
23,1000,50,7.7,28,84,955,30,8,7,45,8.632788415,129,520,53.02723564,10.56008864,8.365992,8.896402367,479,18,476,27,497,503
25,1000,50,7.7,28,6,946,34,10,10,54,7.138376943,96,535,50.01407184,8.957769231,6.155440223,8.182113872,494,21,452,33,515,485
19,1000,50,7.7,28,98,942,37,11,10,58,8.945104975,123,551,53.13220571,10.74338258,8.237915304,9.693038084,489,25,453,33,514,486
26,1000,50,7.7,28,3,954,27,7,12,46,7.132156283,101,511,50.25114887,8.777576117,6.49651596,7.742869535,472,18,482,28,490,510
21,1000,50,7.7,28,99,938,38,18,6,62,9.090109564,110,541,53.07083429,10.73069441,8.6982626,9.499585635,482,29,456,33,511,489
24,1000,50,7.7,28,53,951,23,15,11,49,8.398566206,105,515,51.28012498,10.01517881,7.753985981,9.035457602,483,14,468,35,497,503
22,1000,50,7.7,28,90,936,37,13,14,64,8.843879427,138,522,52.96845412,10.64362456,8.492384948,9.227729046,491,31,445,33,522,478
20,1000,50,7.7,28,101,945,34,11,10,55,9.016546903,116,516,53.41449958,10.69293164,8.458429019,9.590513976,486,21,459,34,507,493
25,1000,50,7.7,28,7,947,33,10,10,53,7.153803415,91,524,50.05255608,8.960657107,6.180699297,8.187099539,494,21,453,32,515,485
23,1000,50,7.7,28,85,955,30,8,7,45,8.618790708,116,552,53.05228873,10.59512113,8.373523384,8.861132377,478,19,477,26,497,503
26,1000,50,7.7,28,4,955,27,7,11,45,7.154634198,107,493,50.29802289,8.803725536,6.547530698,7.737929718,472,18,483,27,490,510
21,1000,50,7.7,28,100,938,38,17,7,62,9.135524455,112,549,53.09885509,10.75303127,8.748100601,9.540378422,482,29,456,33,511,489
19,1000,50,7.7,28,99,939,40,11,10,61,8.997039969,111,555,53.16521349,10.76614613,8.274993851,9.760685451,489,25,450,36,514,486
22,1000,50,7.7,28,91,936,37,13,14,64,8.839939974,119,524,53.01832106,10.66343505,8.468697937,9.245354918,491,31,445,33,522,478
24,1000,50,7.7,28,54,951,23,14,12,49,8.412165477,104,511,51.31770998,10.04539951,7.791578089,9.025350231,483,14,468,35,497,503
20,1000,50,7.7,28,102,945,34,11,10,55,9.043012803,107,545,53.42875199,10.69885349,8.514969902,9.586050838,486,21,459,34,507,493
25,1000,50,7.7,28,8,948,32,10,10,52,7.176857561,84,494,50.09086725,8.985681689,6.20548817,8.208311655,494,21,454,31,515,485
26,1000,50,7.7,28,5,956,26,7,11,44,7.148732415,91,523,50.32377145,8.813259824,6.562213386,7.712250698,472,18,484,26,490,510
23,1000,50,7.7,28,86,955,31,8,6,45,8.648016338,114,538,53.09635692,10.61920363,8.435343157,8.858152662,478,19,477,26,497,503
21,1000,50,7.7,28,101,940,37,15,8,60,9.149467487,95,535,53.13660251,10.76107975,8.78699661,9.528245847,482,29,458,31,511,489
19,1000,50,7.7,28,100,938,40,12,10,62,9.027749579,115,534,53.21552105,10.79212962,8.298469673,9.799045611,489,25,449,37,514,486
22,1000,50,7.7,28,92,937,38,12,13,63,8.782633304,109,521,53.08506879,10.67273469,8.376186542,9.226493576,491,31,446,32,522,478
20,1000,50,7.7,28,103,944,35,11,10,56,9.071041682,110,552,53.44967093,10.72433364,8.53911718,9.618071545,486,21,458,35,507,493
24,1000,50,7.7,28,55,951,22,15,12,49,8.446246855,95,534,51.34862847,10.0629615,7.829486931,9.055649801,483,14,468,35,497,503
25,1000,50,7.7,28,9,948,32,10,10,52,7.211836818,108,530,50.12033408,9.003491951,6.269268991,8.212707808,494,21,454,31,515,485
26,1000,50,7.7,28,6,955,27,7,11,45,7.188476227,96,491,50.36042197,8.81473634,6.607369749,7.746794216,471,19,484,26,490,510
21,1000,50,7.7,28,102,939,38,15,8,61,9.174529461,123,542,53.16823398,10.79743179,8.814375073,9.550887115,482,29,457,32,511,489
23,1000,50,7.7,28,87,954,32,8,6,46,8.637301673,112,544,53.15293673,10.66011457,8.409118307,8.86276317,478,19,476,27,497,503
19,1000,50,7.7,28,101,938,40,12,10,62,9.05502271,104,548,53.25524457,10.82823662,8.35936452,9.790759972,489,25,449,37,514,486
22,1000,50,7.7,28,93,938,37,12,13,62,8.813578318,120,532,53.13257055,10.68128719,8.39135932,9.274662663,492,30,446,32,522,478
20,1000,50,7.7,28,104,942,36,12,10,58,9.102254549,108,501,53.47136144,10.74313723,8.560989871,9.658889827,485,22,457,36,507,493
27,1000,50,7.7,28,0,955,23,10,12,45,6.457,93,505,49.84996157,8.674491515,5.876953125,7.06557377,494,18,461,27,512,488
26,1000,50,7.7,28,7,957,24,8,11,43,7.192376631,83,515,50.37936308,8.822865337,6.636457643,7.726494874,471,19,486,24,490,510
25,1000,50,7.7,28,10,947,33,9,11,53,7.209547024,99,500,50.15681927,9.037467085,6.268154977,8.209169506,494,21,453,32,515,485
21,1000,50,7.7,28,103,936,41,15,8,64,9.216599239,114,531,53.19593225,10.83090964,8.829893724,9.620702548,481,30,455,34,511,489
24,1000,50,7.7,28,56,950,23,15,12,50,8.463833777,88,523,51.38695459,10.08120258,7.839134203,9.081081665,483,14,467,36,497,503
23,1000,50,7.7,28,88,954,32,8,6,46,8.692267067,116,526,53.17686053,10.676916,8.469077222,8.912794607,478,19,476,27,497,503
19,1000,50,7.7,28,102,936,41,13,10,64,9.084435539,100,550,53.30598179,10.83675409,8.394057666,9.81458827,489,25,447,39,514,486
22,1000,50,7.7,28,94,938,37,12,13,62,8.817126228,110,532,53.19930103,10.7002874,8.409755766,9.261995226,492,30,446,32,522,478
26,1000,50,7.7,28,8,956,25,7,12,44,7.246077353,90,471,50.42807594,8.849584479,6.662549659,7.806721607,471,19,485,25,490,510
27,1000,50,7.7,28,1,955,23,10,12,45,6.436943688,108,519,49.88947171,8.714132952,5.847288019,7.055598817,495,17,460,28,512,488
25,1000,50,7.7,28,11,947,33,8,12,53,7.231295049,87,494,50.18715843,9.062472293,6.263709165,8.258731606,494,21,453,32,515,485
21,1000,50,7.7,28,104,936,41,15,8,64,9.227908818,94,507,53.21286802,10.85795908,8.853533688,9.619127,481,30,455,34,511,489
28,1000,50,7.7,28,0,929,32,13,26,71,7.546,98,489,49.74348702,9.260370355,6.764023211,8.383022774,491,26,438,45,517,483
23,1000,50,7.7,28,89,954,32,8,6,46,8.691006079,113,528,53.21623856,10.69317854,8.450804087,8.928342839,479,18,475,28,497,503
24,1000,50,7.7,28,57,950,23,15,12,50,8.483139324,115,544,51.43505319,10.0892943,7.886785844,9.072379244,483,14,467,36,497,503
19,1000,50,7.7,28,103,936,40,14,10,64,9.12826586,104,535,53.33891546,10.84994367,8.498322778,9.794501958,488,26,448,38,514,486
22,1000,50,7.7,28,95,937,38,12,13,63,8.861242159,109,501,53.24699824,10.72768937,8.465956745,9.292913678,491,31,446,32,522,478
26,1000,50,7.7,28,9,958,23,7,12,42,7.242776614,99,526,50.46166141,8.8545925,6.704898205,7.759561752,471,19,487,23,490,510
25,1000,50,7.7,28,12,948,33,8,11,52,7.240264613,113,489,50.2055821,9.077683129,6.281701936,8.258119827,495,20,453,32,515,485
27,1000,50,7.7,28,2,955,22,11,12,45,6.469093749,89,504,49.92787884,8.721642692,5.871979281,7.095574502,494,18,461,27,512,488
28,1000,50,7.7,28,1,929,32,13,26,71,7.610257063,92,502,49.75380645,9.285769903,6.84161186,8.433009795,491,26,438,45,517,483
23,1000,50,7.7,28,90,954,32,8,6,46,8.688381966,110,536,53.24707832,10.69916335,8.44793323,8.925962527,479,18,475,28,497,503
19,1000,50,7.7,28,104,936,40,14,10,64,9.148890369,98,542,53.40308381,10.86942467,8.53876758,9.794164266,487,27,449,37,514,486
29,1000,50,7.7,28,0,943,27,14,16,57,7.142,103,532,50.0690055,8.911556179,6.423300971,7.905154639,492,23,451,34,515,485
24,1000,50,7.7,28,58,953,21,14,12,47,8.50832103,117,503,51.4890066,10.1188477,7.93988172,9.069979752,483,14,470,33,497,503
22,1000,50,7.7,28,96,936,39,12,13,64,8.892051399,126,530,53.26985822,10.74936479,8.487440894,9.333906385,491,31,445,33,522,478
26,1000,50,7.7,28,10,958,23,7,12,42,7.274282585,79,529,50.48978062,8.873430735,6.736757256,7.790728489,471,19,487,23,490,510
25,1000,50,7.7,28,13,948,33,8,11,52,7.262398929,90,501,50.22610166,9.094671639,6.295563926,8.289038158,495,20,453,32,515,485
27,1000,50,7.7,28,3,955,23,11,11,45,6.516126812,103,518,49.98248866,8.751013224,5.921569959,7.139924165,494,18,461,27,512,488
23,1000,50,7.7,28,91,954,32,8,6,46,8.694022633,96,505,53.28932026,10.70781204,8.450985855,8.934160364,479,18,475,28,497,503
28,1000,50,7.7,28,2,930,31,13,26,70,7.647341842,85,509,49.8019831,9.32769345,6.882132862,8.466416465,491,26,439,44,517,483
29,1000,50,7.7,28,1,944,27,14,15,56,7.141980685,88,528,50.07877157,8.937412004,6.453438224,7.873113402,492,23,452,33,515,485
22,1000,50,7.7,28,97,935,38,14,13,65,8.898462958,124,544,53.32220406,10.76368459,8.497013729,9.336865673,490,32,445,33,522,478
24,1000,50,7.7,28,59,950,24,14,12,50,8.572562079,111,516,51.51408387,10.1280463,8.047483171,9.09137762,480,17,470,33,497,503
26,1000,50,7.7,28,11,958,23,7,12,42,7.266846503,95,514,50.54043411,8.893204429,6.740768542,7.772293956,471,19,487,23,490,510
25,1000,50,7.7,28,14,948,33,8,11,52,7.269610147,87,523,50.26559146,9.113767984,6.300641119,8.298515404,495,20,453,32,515,485
27,1000,50,7.7,28,4,954,25,10,11,46,6.547137428,88,510,50.00214387,8.755553332,5.998019338,7.123261326,492,20,462,26,512,488
23,1000,50,7.7,28,92,954,32,8,6,46,8.688309425,126,574,53.34929775,10.71323993,8.459336096,8.914551462,478,19,476,27,497,503
28,1000,50,7.7,28,3,931,30,13,26,69,7.645465081,100,498,49.81440372,9.359719597,6.950786577,8.389044349,491,26,440,43,517,483
22,1000,50,7.7,28,98,935,38,14,13,65,8.90220769,102,550,53.37885068,10.79609394,8.499837355,9.341616298,490,32,445,33,522,478
29,1000,50,7.7,28,2,944,27,14,15,56,7.163983653,94,504,50.10258686,8.959474965,6.46110538,7.910338932,492,23,452,33,515,485
26,1000,50,7.7,28,12,959,22,7,12,41,7.30794988,87,501,50.56171406,8.905021984,6.745340049,7.848496581,472,18,487,23,490,510
24,1000,50,7.7,28,60,955,21,14,10,45,8.571696882,106,526,51.57195833,10.15494545,8.088674662,9.048957405,482,15,473,30,497,503
25,1000,50,7.7,28,15,948,33,8,11,52,7.315919827,86,489,50.28000704,9.133406166,6.353650568,8.337710897,495,20,453,32,515,485
27,1000,50,7.7,28,5,953,26,10,11,47,6.585552342,88,504,50.0505781,8.759568422,6.08140561,7.114493177,491,21,462,26,512,488
23,1000,50,7.7,28,93,955,32,8,5,45,8.695360811,122,549,53.37353897,10.71760072,8.444711503,8.943020267,479,18,476,27,497,503
28,1000,50,7.7,28,4,931,30,13,26,69,7.646787921,105,487,49.83546228,9.367736238,6.93611198,8.40749074,491,26,440,43,517,483
22,1000,50,7.7,28,99,935,37,15,13,65,8.923807449,110,536,53.43393768,10.81329878,8.536016734,9.347294379,490,32,445,33,522,478
26,1000,50,7.7,28,13,958,23,7,12,42,7.323242718,88,508,50.58876872,8.901665012,6.751808508,7.872267744,472,18,486,24,490,510
29,1000,50,7.7,28,3,944,26,15,15,56,7.19091891,85,516,50.10872313,8.959449569,6.484755293,7.940762751,492,23,452,33,515,485
25,1000,50,7.7,28,16,947,32,10,11,53,7.349651731,90,521,50.28501229,9.16148677,6.370487288,8.389383046,495,20,452,33,515,485
24,1000,50,7.7,28,61,954,23,14,9,46,8.618225547,112,524,51.59042099,10.17727058,8.100977562,9.129303576,482,15,472,31,497,503
27,1000,50,7.7,28,6,953,26,10,11,47,6.6143715,95,501,50.07222213,8.776647618,6.136487987,7.115757481,490,22,463,25,512,488
23,1000,50,7.7,28,94,951,34,9,6,49,8.752253931,112,524,53.41396519,10.73080116,8.509733025,8.991881943,477,20,474,29,497,503
28,1000,50,7.7,28,5,932,29,13,26,68,7.663156367,99,501,49.89243803,9.373818382,6.948935482,8.427653671,491,26,441,42,517,483
22,1000,50,7.7,28,100,936,36,15,13,64,8.925790041,108,555,53.49683089,10.81906413,8.554434938,9.331328459,491,31,445,33,522,478
26,1000,50,7.7,28,14,958,23,7,12,42,7.358624653,92,515,50.61034656,8.913032165,6.797091025,7.898137355,472,18,486,24,490,510
29,1000,50,7.7,28,4,945,26,14,15,55,7.190053761,82,522,50.12326227,8.974344887,6.498350795,7.924542477,491,24,454,31,515,485
25,1000,50,7.7,28,17,950,32,8,10,50,7.361289084,89,517,50.31146606,9.19041704,6.361751359,8.422653885,496,19,454,31,515,485
27,1000,50,7.7,28,7,954,25,11,10,46,6.608720558,96,549,50.1028215,8.784318695,6.154221095,7.085572454,491,21,463,25,512,488
24,1000,50,7.7,28,62,953,24,14,9,47,8.640857882,111,547,51.64444914,10.20393533,8.119439161,9.156056897,481,16,472,31,497,503
23,1000,50,7.7,28,95,951,33,10,6,49,8.810980858,107,553,53.45139117,10.77068765,8.529691296,9.088915076,477,20,474,29,497,503
28,1000,50,7.7,28,6,931,31,12,26,69,7.66671981,84,473,49.92580541,9.401345974,6.945312383,8.438909541,491,26,440,43,517,483
22,1000,50,7.7,28,101,937,36,14,13,63,8.966387009,138,536,53.5448512,10.85284708,8.584540252,9.38338284,492,30,445,33,522,478
26,1000,50,7.7,28,15,959,22,7,12,41,7.377954705,81,502,50.67398971,8.932021298,6.816360356,7.917525747,472,18,487,23,490,510
25,1000,50,7.7,28,18,952,31,9,8,48,7.368070619,106,517,50.33066827,9.212277162,6.370209495,8.427655113,498,17,454,31,515,485
29,1000,50,7.7,28,5,945,26,14,15,55,7.211992562,91,497,50.14871339,9.004592049,6.519778518,7.947023968,491,24,454,31,515,485
27,1000,50,7.7,28,8,953,26,11,10,47,6.645130685,100,484,50.15312959,8.817122865,6.206573333,7.105256431,491,21,462,26,512,488
23,1000,50,7.7,28,96,950,34,10,6,50,8.830235752,129,496,53.48670401,10.78921033,8.547095978,9.109998113,477,20,473,30,497,503
24,1000,50,7.7,28,63,952,25,14,9,48,8.695716219,95,507,51.67928868,10.21769079,8.203688256,9.181875061,481,16,471,32,497,503
28,1000,50,7.7,28,7,931,31,13,25,69,7.683047786,97,488,49.95588412,9.414244645,6.962838417,8.453955123,491,26,440,43,517,483
26,1000,50,7.7,28,16,957,24,7,12,43,7.404227803,89,523,50.69409717,8.974555742,6.865676447,7.921659498,471,19,486,24,490,510
22,1000,50,7.7,28,102,936,38,13,13,64,8.967065602,109,531,53.57506387,10.88172664,8.632706284,9.332202765,490,32,446,32,522,478
25,1000,50,7.7,28,19,953,31,8,8,47,7.383111536,109,489,50.3562779,9.223140721,6.385328138,8.442613496,499,16,454,31,515,485
29,1000,50,7.7,28,6,947,25,13,15,53,7.211308446,88,484,50.16427407,9.028146006,6.567304508,7.895147679,491,24,456,29,515,485
27,1000,50,7.7,28,9,954,25,11,10,46,6.663784651,92,483,50.17284062,8.8435762,6.257740465,7.089798223,491,21,463,25,512,488
23,1000,50,7.7,28,97,950,34,10,6,50,8.84580354,111,535,53.52580079,10.81523264,8.575155732,9.113222944,476,21,474,29,497,503
28,1000,50,7.7,28,8,933,30,13,24,67,7.700436712,103,537,49.998739,9.431365801,7.009474977,8.440037576,492,25,441,42,517,483
26,1000,50,7.7,28,17,958,24,7,11,42,7.420475623,95,500,50.73236765,8.991093154,6.910934419,7.91003482,471,19,487,23,490,510
22,1000,50,7.7,28,103,936,38,13,13,64,8.995398295,112,532,53.607564,10.90805279,8.647041724,9.375821161,491,31,445,33,522,478
24,1000,50,7.7,28,64,953,24,14,9,47,8.706297352,105,527,51.70886557,10.24590602,8.204414869,9.202193166,482,15,471,32,497,503
25,1000,50,7.7,28,20,951,34,7,8,49,7.405168756,112,525,50.3835964,9.233485806,6.407421437,8.464632403,498,17,453,32,515,485
29,1000,50,7.7,28,7,946,25,15,14,54,7.232476836,110,475,50.17016245,9.058602296,6.602630907,7.901282307,490,25,456,29,515,485
27,1000,50,7.7,28,10,954,26,9,11,46,6.697461771,91,515,50.21262908,8.853735965,6.348202617,7.063897604,490,22,464,24,512,488
23,1000,50,7.7,28,98,951,34,9,6,49,8.828921121,120,536,53.54843464,10.84697657,8.53783224,9.116537768,477,20,474,29,497,503
28,1000,50,7.7,28,9,932,31,13,24,68,7.745587495,103,513,50.00693137,9.425477862,7.051254329,8.488797115,492,25,440,43,517,483
26,1000,50,7.7,28,18,957,25,7,11,43,7.447727606,90,534,50.77080488,8.982286455,6.918312167,7.956381657,471,19,486,24,490,510
22,1000,50,7.7,28,104,935,38,13,14,65,8.999182668,129,526,53.63614566,10.93707675,8.652510779,9.377765776,491,31,444,34,522,478
30,1000,50,7.7,28,0,931,29,16,24,69,7.745,90,530,49.8919968,9.05627143,6.557539683,8.951612903,482,22,449,47,504,496
25,1000,50,7.7,28,21,950,34,8,8,50,7.413475709,86,491,50.39770354,9.247526149,6.410061766,8.478956493,498,17,452,33,515,485
24,1000,50,7.7,28,65,952,23,16,9,48,8.706918809,111,504,51.72079069,10.25154886,8.220789356,9.187249501,482,15,470,33,497,503
27,1000,50,7.7,28,11,953,27,9,11,47,6.70559173,104,523,50.26889715,8.873515976,6.349466119,7.079231715,490,22,463,25,512,488
29,1000,50,7.7,28,8,948,23,15,14,52,7.244688863,96,485,50.21343529,9.070088888,6.621663599,7.906251772,490,25,458,27,515,485
23,1000,50,7.7,28,99,951,34,9,6,49,8.825213045,121,550,53.59582917,10.86998951,8.51592656,9.130810228,477,20,474,29,497,503
28,1000,50,7.7,28,10,932,31,13,24,68,7.742384327,106,494,50.06135457,9.437861289,7.062803124,8.469803545,492,25,440,43,517,483
26,1000,50,7.7,28,19,956,25,8,11,44,7.45784305,94,522,50.81691294,9.007314562,6.912525287,7.981775803,471,19,485,25,490,510
25,1000,50,7.7,28,22,951,34,7,8,49,7.431513929,112,503,50.44476379,9.259750783,6.425613801,8.499634682,499,16,452,33,515,485
30,1000,50,7.7,28,1,931,30,16,23,69,7.733423922,105,524,49.90974066,9.071067706,6.554164844,8.931703308,482,22,449,47,504,496
27,1000,50,7.7,28,12,953,27,10,10,47,6.696556974,93,516,50.28444636,8.90611533,6.353178021,7.056823417,490,22,463,25,512,488
29,1000,50,7.7,28,9,951,22,14,13,49,7.196479699,99,516,50.2556028,9.069642651,6.605424283,7.824095244,491,24,460,25,515,485
24,1000,50,7.7,28,66,949,27,17,7,51,8.690923161,106,514,51.74104995,10.25994766,8.186175922,9.189649557,481,16,468,35,497,503
23,1000,50,7.7,28,100,951,34,9,6,49,8.814456381,116,520,53.63253168,10.89145772,8.4785548,9.146351185,477,20,474,29,497,503
28,1000,50,7.7,28,11,933,31,13,23,67,7.748265014,81,508,50.08330043,9.455599634,7.06539563,8.479203879,492,25,441,42,517,483
26,1000,50,7.7,28,20,956,25,8,11,44,7.514945489,79,524,50.8498264,9.036785572,6.994459208,8.015020543,471,19,485,25,490,510
25,1000,50,7.7,28,23,953,31,6,10,47,7.444404865,97,526,50.46233621,9.279471436,6.441405434,8.509445499,499,16,454,31,515,485
30,1000,50,7.7,28,2,936,27,14,23,64,7.708311948,98,503,49.92173926,9.080912608,6.488697221,8.94759788,485,19,451,45,504,496
27,1000,50,7.7,28,13,954,28,10,8,46,6.660192157,90,518,50.30129513,8.907271426,6.32577856,7.011052325,490,22,464,24,512,488
29,1000,50,7.7,28,10,953,23,12,12,47,7.196452749,96,505,50.28348212,9.087260191,6.589569855,7.840874791,492,23,461,24,515,485
24,1000,50,7.7,28,67,950,28,16,6,50,8.677050502,98,544,51.78079688,10.29026125,8.172121068,9.175956921,482,15,468,35,497,503
23,1000,50,7.7,28,101,950,34,10,6,50,8.814787322,102,535,53.66251711,10.89741178,8.463033505,9.162345267,477,20,473,30,497,503
26,1000,50,7.7,28,21,956,25,8,11,44,7.530259724,83,523,50.85541852,9.065644266,6.989689102,8.049631497,471,19,485,25,490,510
28,1000,50,7.7,28,12,931,33,13,23,69,7.755584547,82,505,50.10393825,9.459444956,7.056950319,8.503397995,491,26,440,43,517,483
25,1000,50,7.7,28,24,956,30,6,8,44,7.414879678,114,522,50.49888977,9.277715298,6.393240439,8.499713097,500,15,456,29,515,485
27,1000,50,7.7,28,14,953,27,12,8,47,6.733303019,101,503,50.30982688,8.916665592,6.404326227,7.078458998,489,23,464,24,512,488
30,1000,50,7.7,28,3,937,27,15,21,63,7.702203954,109,550,49.98562937,9.100602195,6.520940602,8.90251994,485,19,452,44,504,496
29,1000,50,7.7,28,11,954,23,11,12,46,7.183253226,93,494,50.30370942,9.132179378,6.601662349,7.800818796,493,22,461,24,515,485
26,1000,50,7.7,28,22,955,26,8,11,45,7.569133241,113,482,50.8613108,9.096625629,7.009912618,8.106423643,470,20,485,25,490,510
24,1000,50,7.7,28,68,948,30,16,6,52,8.711999134,109,507,51.82697972,10.3256881,8.214179863,9.203880203,481,16,467,36,497,503
28,1000,50,7.7,28,13,933,30,13,24,67,7.752910053,95,495,50.13057192,9.49125475,7.080549987,8.472599813,491,26,442,41,517,483
23,1000,50,7.7,28,102,951,32,11,6,49,8.827593354,123,555,53.67120425,10.89182131,8.492271171,9.15891567,477,20,474,29,497,503
25,1000,50,7.7,28,25,956,30,6,8,44,7.424477521,93,496,50.52886053,9.313764267,6.399487326,8.512869171,500,15,456,29,515,485
27,1000,50,7.7,28,15,953,26,13,8,47,6.749210371,104,523,50.35308423,8.925550136,6.441861364,7.071674903,489,23,464,24,512,488
30,1000,50,7.7,28,4,937,27,15,21,63,7.748688253,99,504,50.02824549,9.116019036,6.554256267,8.962385271,485,19,452,44,504,496
29,1000,50,7.7,28,12,954,23,11,12,46,7.183839857,75,498,50.31364505,9.169138252,6.599925769,7.803872343,493,22,461,24,515,485
26,1000,50,7.7,28,23,956,25,8,11,44,7.573216714,95,520,50.90534545,9.096976857,7.024579562,8.100338684,470,20,486,24,490,510
28,1000,50,7.7,28,14,931,32,14,23,69,7.752260508,90,528,50.14210807,9.514924279,7.104152519,8.445991006,490,27,441,42,517,483
23,1000,50,7.7,28,103,952,31,11,6,48,8.829083891,100,554,53.71887987,10.90972525,8.524500926,9.13003366,477,20,475,28,497,503
25,1000,50,7.7,28,26,956,29,7,8,44,7.447635475,97,501,50.5954323,9.324199866,6.406238265,8.553449009,500,15,456,29,515,485
24,1000,50,7.7,28,69,947,31,15,7,53,8.753240981,89,507,51.87471766,10.35983504,8.247303368,9.253143553,481,16,466,37,497,503
27,1000,50,7.7,28,16,952,27,13,8,48,6.783538831,102,533,50.39185448,8.927349016,6.456270603,7.126902218,489,23,463,25,512,488
30,1000,50,7.7,28,5,936,29,15,20,64,7.776840329,99,512,50.04084881,9.127827502,6.581111875,8.991854726,485,19,451,45,504,496
29,1000,50,7.7,28,13,950,27,12,11,50,7.24116976,95,521,50.32711591,9.194346903,6.667859509,7.849942502,490,25,460,25,515,485
26,1000,50,7.7,28,24,960,21,8,11,40,7.583304923,87,488,50.95352569,9.130229687,7.063209826,8.083004133,471,19,489,21,490,510
28,1000,50,7.7,28,15,932,32,13,23,68,7.806011582,98,506,50.15964487,9.515861437,7.147107156,8.511298513,491,26,441,42,517,483
25,1000,50,7.7,28,27,955,30,7,8,45,7.460837214,108,481,50.62723061,9.336226412,6.436098843,8.548961463,499,16,456,29,515,485
23,1000,50,7.7,28,104,952,29,13,6,48,8.845555499,118,527,53.72322512,10.9243685,8.545115584,9.142411637,477,20,475,28,497,503
31,1000,50,7.7,28,0,940,36,9,15,60,6.875,87,532,50.08358721,8.932597466,6.394285714,7.406315789,500,25,440,35,525,475
24,1000,50,7.7,28,70,946,32,15,7,54,8.824215936,93,518,51.90138553,10.37603469,8.372795008,9.270252122,480,17,466,37,497,503
27,1000,50,7.7,28,17,952,28,13,7,48,6.781145756,88,523,50.39996906,8.93037828,6.434593255,7.144741823,489,23,463,25,512,488
30,1000,50,7.7,28,6,938,28,12,22,62,7.792422388,99,495,50.09122031,9.160250855,6.571635318,9.032899573,486,18,452,44,504,496
26,1000,50,7.7,28,25,958,24,8,10,42,7.615756036,104,516,50.98808513,9.148265793,7.075690589,8.134642446,471,19,487,23,490,510
28,1000,50,7.7,28,16,934,31,12,23,66,7.809493457,119,524,50.16115335,9.525317705,7.140699745,8.525365816,492,25,442,41,517,483
29,1000,50,7.7,28,14,950,27,12,11,50,7.26145394,91,495,50.34940144,9.211709494,6.690687083,7.867525963,490,25,460,25,515,485
25,1000,50,7.7,28,28,955,30,7,8,45,7.510625719,87,523,50.67426614,9.360870963,6.503886884,8.579637059,499,16,456,29,515,485
31,1000,50,7.7,28,1,940,35,10,15,60,6.899469972,94,530,50.11082349,8.954333086,6.429602088,7.418797634,500,25,440,35,525,475
27,1000,50,7.7,28,18,953,27,13,7,47,6.781641,76,535,50.45535541,8.96289367,6.435374427,7.144937077,490,22,463,25,512,488
24,1000,50,7.7,28,71,947,30,16,7,53,8.807891449,132,547,51.94637034,10.38640377,8.300671539,9.309061023,481,16,466,37,497,503
30,1000,50,7.7,28,7,938,29,12,21,62,7.793442898,98,507,50.14649051,9.178394384,6.609256031,8.996729553,485,19,453,43,504,496
26,1000,50,7.7,28,26,959,21,10,10,41,7.638837652,102,495,51.01648381,9.174625183,7.134431987,8.123462703,471,19,488,22,490,510
28,1000,50,7.7,28,17,936,29,12,23,64,7.804607136,101,499,50.1844413,9.541500946,7.122524448,8.534703926,493,24,443,40,517,483
25,1000,50,7.7,28,29,954,32,6,8,46,7.530012664,90,535,50.70906589,9.385161747,6.539408311,8.581891514,499,16,455,30,515,485
29,1000,50,7.7,28,15,951,26,12,11,49,7.278634926,87,508,50.38043086,9.218316659,6.71533844,7.876774493,491,24,460,25,515,485
27,1000,50,7.7,28,19,954,27,12,7,46,6.806968577,88,515,50.46764696,8.99276033,6.474246106,7.156054448,490,22,464,24,512,488
31,1000,50,7.7,28,2,941,34,10,15,59,6.911695215,98,501,50.14277953,8.984115901,6.454751084,7.416738729,501,24,440,35,525,475
26,1000,50,7.7,28,27,958,22,10,10,42,7.66119012,94,517,51.04750358,9.199461985,7.158709046,8.143966053,470,20,488,22,490,510
24,1000,50,7.7,28,72,946,29,17,8,54,8.83920093,109,532,51.99227794,10.38907921,8.325654621,9.346621439,481,16,465,38,497,503
30,1000,50,7.7,28,8,941,26,12,21,59,7.784195959,107,517,50.17508212,9.174402382,6.595727071,8.991833701,486,18,455,41,504,496
28,1000,50,7.7,28,18,936,30,12,22,64,7.789365588,113,510,50.20488649,9.55786642,7.144054993,8.480101774,493,24,443,40,517,483
25,1000,50,7.7,28,30,956,31,5,8,44,7.553452334,100,515,50.72793809,9.401935563,6.546641072,8.622540581,499,16,457,28,515,485
29,1000,50,7.7,28,16,950,26,13,11,50,7.330366027,91,505,50.41261665,9.233133766,6.747388524,7.949403995,490,25,460,25,515,485
27,1000,50,7.7,28,20,954,26,13,7,46,6.788563644,89,504,50.49824713,8.996105913,6.475588276,7.116931244,490,22,464,24,512,488
31,1000,50,7.7,28,3,941,34,10,15,59,6.941725163,93,525,50.15898449,8.999030445,6.508499904,7.42055308,501,24,440,35,525,475
26,1000,50,7.7,28,28,957,22,11,10,43,7.681040207,94,514,51.05036438,9.217763826,7.16538729,8.17647144,470,20,487,23,490,510
28,1000,50,7.7,28,19,936,30,12,22,64,7.826645822,104,495,50.25306046,9.581622671,7.181538655,8.517164261,493,24,443,40,517,483
25,1000,50,7.7,28,31,955,32,5,8,45,7.580181659,106,502,50.77566145,9.421581029,6.569358741,8.653529706,499,16,456,29,515,485
30,1000,50,7.7,28,9,940,28,12,20,60,7.796967741,97,476,50.19712859,9.179782003,6.601628112,9.011587041,486,18,454,42,504,496
24,1000,50,7.7,28,73,945,30,17,8,55,8.851043394,90,534,52.04372815,10.42057099,8.375067476,9.321341667,481,16,464,39,497,503
29,1000,50,7.7,28,17,950,25,14,11,50,7.379540852,94,511,50.43081318,9.223313625,6.81129375,7.98293726,490,25,460,25,515,485
27,1000,50,7.7,28,21,955,25,13,7,45,6.784308372,96,515,50.53784749,9.024573311,6.453185932,7.131715522,491,21,464,24,512,488
31,1000,50,7.7,28,4,942,33,10,15,58,6.987693046,84,500,50.1935819,9.015646671,6.559083545,7.461419336,502,23,440,35,525,475
26,1000,50,7.7,28,29,955,24,11,10,45,7.738445227,105,520,51.07944645,9.235146268,7.219292823,8.237238713,470,20,485,25,490,510
28,1000,50,7.7,28,20,935,30,14,21,65,7.843711168,97,506,50.30305734,9.585502091,7.229198592,8.501481358,491,26,444,39,517,483
25,1000,50,7.7,28,32,957,31,4,8,43,7.603723635,110,508,50.81063353,9.427167265,6.607928412,8.66111444,500,15,457,28,515,485
30,1000,50,7.7,28,10,941,29,11,19,59,7.788036288,88,511,50.22850677,9.184579494,6.64176098,8.952799908,486,18,455,41,504,496
29,1000,50,7.7,28,18,950,25,14,11,50,7.411182401,96,494,50.43439018,9.248444632,6.878357562,7.976965478,490,25,460,25,515,485
24,1000,50,7.7,28,74,944,29,19,8,56,8.869433022,102,498,52.06561784,10.46208083,8.355678907,9.377058857,481,16,463,40,497,503
27,1000,50,7.7,28,22,957,23,13,7,43,6.801817301,108,523,50.55761721,9.046646073,6.451083302,7.169800512,493,19,464,24,512,488
26,1000,50,7.7,28,30,955,24,11,10,45,7.770804784,96,508,51.10934119,9.248027146,7.264188268,8.257553986,470,20,485,25,490,510
31,1000,50,7.7,28,5,943,32,10,15,57,7.023634932,112,519,50.22950692,9.032163357,6.594000211,7.49849436,503,22,440,35,525,475
25,1000,50,7.7,28,33,958,29,6,7,42,7.591952413,98,508,50.84584766,9.433297512,6.598021064,8.647364051,502,13,456,29,515,485
28,1000,50,7.7,28,21,934,31,14,21,66,7.879346178,105,512,50.35125082,9.635759339,7.256539232,8.545994608,491,26,443,40,517,483
30,1000,50,7.7,28,11,940,29,12,19,60,7.831777674,93,488,50.26422393,9.202151233,6.68517589,8.996873036,485,19,455,41,504,496
29,1000,50,7.7,28,19,950,25,14,11,50,7.405389459,98,524,50.46470471,9.261414032,6.917379613,7.92358548,490,25,460,25,515,485
27,1000,50,7.7,28,23,957,24,13,6,43,6.813553685,88,496,50.6070118,9.065371721,6.475335007,7.168406068,493,19,464,24,512,488
24,1000,50,7.7,28,75,945,29,19,7,55,8.840375765,107,518,52.09469537,10.47617702,8.373104274,9.302073441,481,16,464,39,497,503
31,1000,50,7.7,28,6,944,33,9,14,56,7.050703474,94,483,50.25196711,9.042447869,6.628519296,7.517328092,502,23,442,33,525,475
26,1000,50,7.7,28,31,956,23,11,10,44,7.802273095,93,509,51.17785669,9.241421095,7.258309979,8.324904323,471,19,485,25,490,510
28,1000,50,7.7,28,22,936,29,16,19,64,7.849807698,114,494,50.36512774,9.647400523,7.228957401,8.514361742,491,26,445,38,517,483
25,1000,50,7.7,28,34,959,29,5,7,41,7.603768416,106,505,50.84942696,9.455968571,6.597077548,8.672728822,503,12,456,29,515,485
30,1000,50,7.7,28,12,940,29,11,20,60,7.826659685,84,512,50.33540003,9.221060378,6.65706974,9.015113985,485,19,455,41,504,496
27,1000,50,7.7,28,24,956,26,13,5,44,6.813851699,95,515,50.65295059,9.069595984,6.478394607,7.165806681,493,19,463,25,512,488
29,1000,50,7.7,28,20,951,24,14,11,49,7.427439978,84,516,50.50712737,9.261961063,6.940907834,7.944066894,490,25,461,24,515,485
31,1000,50,7.7,28,7,944,33,9,14,56,7.073368082,108,507,50.2733732,9.057315286,6.64809503,7.543406719,502,23,442,33,525,475
24,1000,50,7.7,28,76,946,29,18,7,54,8.833608879,114,509,52.12831793,10.51124257,8.413961962,9.248250068,481,16,465,38,497,503
26,1000,50,7.7,28,32,952,27,11,10,48,7.834137076,90,511,51.19517384,9.254993205,7.316496197,8.331478312,469,21,483,27,490,510
28,1000,50,7.7,28,23,937,28,16,19,63,7.878902372,98,521,50.37013567,9.693245127,7.269421147,8.531287037,491,26,446,37,517,483
25,1000,50,7.7,28,35,959,29,5,7,41,7.622815643,112,517,50.89005041,9.469595336,6.626429242,8.680834192,503,12,456,29,515,485
30,1000,50,7.7,28,13,939,30,11,20,61,7.866258771,94,496,50.37071609,9.234067693,6.700321463,9.051001519,485,19,454,42,504,496
27,1000,50,7.7,28,25,954,28,13,5,46,6.860924454,98,520,50.68852296,9.096725025,6.525985955,7.212335339,492,20,462,26,512,488
29,1000,50,7.7,28,21,951,24,15,10,49,7.434949371,99,512,50.54915118,9.259454111,6.98493907,7.912795362,490,25,461,24,515,485
26,1000,50,7.7,28,33,952,27,12,9,48,7.834252892,100,532,51.24368994,9.27881609,7.339403932,8.309696011,469,21,483,27,490,510
31,1000,50,7.7,28,8,945,32,9,14,55,7.082476065,92,514,50.29029033,9.08263416,6.655367595,7.554543322,503,22,442,33,525,475
28,1000,50,7.7,28,24,938,27,15,20,62,7.903576429,102,514,50.38412847,9.719419482,7.297467364,8.552351556,491,26,447,36,517,483
25,1000,50,7.7,28,36,958,30,5,7,42,7.618557541,119,506,50.93388433,9.499804698,6.622107583,8.676643579,503,12,455,30,515,485
24,1000,50,7.7,28,77,947,26,20,7,53,8.84956541,116,533,52.16943559,10.53499662,8.422023913,9.272007008,482,15,465,38,497,503
30,1000,50,7.7,28,14,940,30,11,19,60,7.820678675,106,523,50.38274717,9.27226619,6.681264781,8.978470212,485,19,455,41,504,496
27,1000,50,7.7,28,26,953,28,14,5,47,6.890759564,96,518,50.69215233,9.114450101,6.551503413,7.246700444,492,20,461,27,512,488
29,1000,50,7.7,28,22,952,23,15,10,48,7.45573194,78,524,50.57143034,9.261555869,6.990531566,7.949707594,490,25,462,23,515,485
26,1000,50,7.7,28,34,953,27,11,9,47,7.828670693,87,516,51.29551676,9.320390771,7.36672407,8.272501763,469,21,484,26,490,510
31,1000,50,7.7,28,9,945,32,9,14,55,7.116487305,91,497,50.33563201,9.113641011,6.699396165,7.577482775,503,22,442,33,525,475
28,1000,50,7.7,28,25,939,26,15,20,61,7.91996792,103,523,50.42939662,9.757980246,7.301648158,8.581813296,492,25,447,36,517,483
25,1000,50,7.7,28,37,958,30,5,7,42,7.665448689,110,525,50.9839014,9.532697443,6.703840281,8.686538029,503,12,455,30,515,485
24,1000,50,7.7,28,78,947,26,20,7,53,8.877014552,111,558,52.20563501,10.54606382,8.458175552,9.290857461,482,15,465,38,497,503
27,1000,50,7.7,28,27,955,25,15,5,45,6.898051222,98,493,50.73121044,9.125988027,6.55907493,7.25369848,494,18,461,27,512,488
30,1000,50,7.7,28,15,938,32,11,19,62,7.846216344,100,522,50.41425356,9.303978953,6.676509341,9.034789588,485,19,453,43,504,496
29,1000,50,7.7,28,23,956,20,14,10,44,7.451235617,100,485,50.58932974,9.283353695,6.982896271,7.948544407,493,22,463,22,515,485
26,1000,50,7.7,28,35,953,27,11,9,47,7.835577951,97,525,51.31947384,9.35078374,7.385833351,8.267685507,469,21,484,26,490,510
31,1000,50,7.7,28,10,947,30,9,14,53,7.124740907,106,482,50.35622142,9.143586765,6.70737794,7.586036818,505,20,442,33,525,475
28,1000,50,7.7,28,26,940,26,13,21,60,7.91725743,99,539,50.45462756,9.76347915,7.277370929,8.6021877,492,25,448,35,517,483
25,1000,50,7.7,28,38,958,30,5,7,42,7.65330514,114,534,50.99749625,9.542484237,6.70382251,8.661518653,503,12,455,30,515,485
27,1000,50,7.7,28,28,956,25,14,5,44,6.953651646,89,520,50.77888005,9.156411293,6.610145963,7.314051051,494,18,462,26,512,488
24,1000,50,7.7,28,79,947,27,19,7,53,8.860743003,104,534,52.21185244,10.5671884,8.443812598,9.272700082,483,14,464,39,497,503
30,1000,50,7.7,28,16,937,34,11,18,63,7.869564376,74,514,50.44682026,9.325539583,6.707445005,9.050427607,484,20,453,43,504,496
26,1000,50,7.7,28,36,951,29,11,9,49,7.85753239,86,526,51.3514549,9.379664374,7.375824516,8.320349759,469,21,482,28,490,510
29,1000,50,7.7,28,24,957,18,15,10,43,7.45566607,107,515,50.65477343,9.29611235,6.995705139,7.944078193,494,21,463,22,515,485
25,1000,50,7.7,28,39,956,32,5,7,44,7.697263715,83,518,51.03215725,9.567311187,6.787057788,8.663771039,501,14,455,30,515,485
28,1000,50,7.7,28,27,938,26,15,21,62,7.952684517,111,520,50.51267847,9.782333894,7.324593705,8.624988762,491,26,447,36,517,483
31,1000,50,7.7,28,11,946,31,9,14,54,7.145345359,90,535,50.39723528,9.131383134,6.721766964,7.613510953,504,21,442,33,525,475
27,1000,50,7.7,28,29,957,25,13,5,43,6.985537967,97,538,50.78793213,9.161672671,6.667321711,7.319404202,495,17,462,26,512,488
26,1000,50,7.7,28,37,951,29,11,9,49,7.859854135,101,499,51.39719433,9.404013795,7.40657718,8.295355523,469,21,482,28,490,510
30,1000,50,7.7,28,17,937,34,12,17,63,7.891208502,105,485,50.4537275,9.357479014,6.725203937,9.076019593,484,20,453,43,504,496
24,1000,50,7.7,28,80,947,27,18,8,53,8.859740012,98,516,52.23218842,10.58498213,8.435460417,9.278958617,482,15,465,38,497,503
28,1000,50,7.7,28,28,938,27,14,21,62,7.995396947,107,504,50.53502447,9.792572852,7.358266943,8.677376681,492,25,446,37,517,483
25,1000,50,7.7,28,40,956,31,6,7,44,7.724306312,101,527,51.05568945,9.59295041,6.821798578,8.682639267,501,14,455,30,515,485
29,1000,50,7.7,28,25,957,18,15,10,43,7.460590957,106,493,50.6960349,9.319885072,7.005483613,7.94384927,494,21,463,22,515,485
31,1000,50,7.7,28,12,945,32,9,14,55,7.186302999,91,523,50.42540427,9.136562824,6.769440294,7.647045989,503,22,442,33,525,475
27,1000,50,7.7,28,30,956,27,13,4,44,7.008761284,93,499,50.83763271,9.170899726,6.70049636,7.332186777,494,18,462,26,512,488
26,1000,50,7.7,28,38,952,29,10,9,48,7.851683591,91,518,51.40916454,9.425882294,7.425184703,8.261457033,469,21,483,27,490,510
25,1000,50,7.7,28,41,956,31,6,7,44,7.748602076,95,513,51.1016723,9.623886243,6.842588547,8.710657679,501,14,455,30,515,485
28,1000,50,7.7,28,29,939,27,13,21,61,7.998987015,106,499,50.56414496,9.82269418,7.362185587,8.680615044,492,25,447,36,517,483
30,1000,50,7.7,28,18,937,34,12,17,63,7.933112253,95,525,50.49447208,9.378951353,6.767095385,9.117935845,484,20,453,43,504,496
31,1000,50,7.7,28,13,948,30,8,14,52,7.192574212,108,538,50.4556011,9.159730709,6.753599363,7.67775694,505,20,443,32,525,475
29,1000,50,7.7,28,26,957,18,15,10,43,7.473108831,85,512,50.71778595,9.347325844,7.021516567,7.952634637,494,21,463,22,515,485
24,1000,50,7.7,28,81,950,26,15,9,50,8.855198606,130,503,52.2674584,10.58739706,8.411418402,9.29368521,483,14,467,36,497,503
27,1000,50,7.7,28,31,955,28,12,5,45,7.081552001,94,523,50.86607985,9.227094699,6.766685882,7.411903338,494,18,461,27,512,488
26,1000,50,7.7,28,39,951,30,10,9,49,7.872900678,91,532,51.45458345,9.461794599,7.446046618,8.283015363,469,21,482,28,490,510
25,1000,50,7.7,28,42,956,31,6,7,44,7.783511217,100,524,51.14602368,9.632626039,6.92010937,8.700319364,501,14,455,30,515,485
28,1000,50,7.7,28,30,941,25,13,21,59,8.018334108,108,511,50.58299792,9.825769805,7.407760216,8.671888357,493,24,448,35,517,483
31,1000,50,7.7,28,14,948,30,8,14,52,7.207947802,104,487,50.46222911,9.174499134,6.776963103,7.684299312,505,20,443,32,525,475
30,1000,50,7.7,28,19,938,33,12,17,62,7.973397182,94,498,50.50873192,9.403324765,6.802689945,9.162986795,484,20,454,42,504,496
29,1000,50,7.7,28,27,959,17,14,10,41,7.510318749,103,520,50.72298987,9.345685813,7.057653221,7.990984206,494,21,465,20,515,485
24,1000,50,7.7,28,82,947,29,14,10,53,8.891766191,107,530,52.28786362,10.58713456,8.440881168,9.337272863,482,15,465,38,497,503
27,1000,50,7.7,28,32,955,27,13,5,45,7.136232227,104,497,50.91544456,9.254729566,6.830812569,7.456672523,494,18,461,27,512,488
26,1000,50,7.7,28,40,952,29,10,9,48,7.872041782,108,532,51.49034567,9.478549662,7.449234018,8.278268849,469,21,483,27,490,510
25,1000,50,7.7,28,43,955,32,6,7,45,7.80045688,88,531,51.18356533,9.677620867,6.951225475,8.702218063,500,15,455,30,515,485
28,1000,50,7.7,28,31,943,24,12,21,57,8.009970746,101,564,50.59440272,9.841576317,7.414186119,8.647694664,494,23,449,34,517,483
31,1000,50,7.7,28,15,950,29,7,14,50,7.206108212,96,503,50.50622897,9.224022284,6.776220597,7.681247155,505,20,445,30,525,475
29,1000,50,7.7,28,28,958,19,14,9,42,7.507642321,84,506,50.76858384,9.341051487,7.069490756,7.972896044,493,22,465,20,515,485
30,1000,50,7.7,28,20,937,33,13,17,63,8.016385569,91,493,50.54983465,9.43178831,6.824714114,9.227277532,484,20,453,43,504,496
24,1000,50,7.7,28,83,945,30,15,10,55,8.9000563,105,523,52.30768292,10.59663866,8.452479138,9.34229457,481,16,464,39,497,503
27,1000,50,7.7,28,33,956,26,14,4,44,7.121461024,107,528,50.97194619,9.284850531,6.837626093,7.419255051,495,17,461,27,512,488
25,1000,50,7.7,28,44,953,33,7,7,47,7.855079424,124,494,51.24421147,9.696418666,7.022476725,8.739183322,499,16,454,31,515,485
26,1000,50,7.7,28,41,953,28,10,9,47,7.888376451,97,523,51.52560049,9.496874021,7.453528309,8.306171725,469,21,484,26,490,510
28,1000,50,7.7,28,32,943,27,12,18,57,7.984295742,97,487,50.64125947,9.878398107,7.390593592,8.619790591,494,23,449,34,517,483
31,1000,50,7.7,28,16,951,28,7,14,49,7.204245712,90,510,50.5487925,9.229892876,6.784988704,7.667635037,506,19,445,30,525,475
29,1000,50,7.7,28,29,956,21,14,9,44,7.556953197,90,496,50.80201911,9.359667547,7.114475595,8.026800548,492,23,464,21,515,485
30,1000,50,7.7,28,21,937,33,13,17,63,8.055267165,105,504,50.57136998,9.447430885,6.865946208,9.263770718,484,20,453,43,504,496
27,1000,50,7.7,28,34,956,26,14,4,44,7.155924187,87,528,51.00429179,9.281335389,6.849292178,7.477636458,495,17,461,27,512,488
25,1000,50,7.7,28,45,954,32,7,7,46,7.861588752,89,516,51.27926907,9.720574392,7.064384462,8.708104648,499,16,455,30,515,485
26,1000,50,7.7,28,42,951,29,11,9,49,7.923057278,109,518,51.57605174,9.50485284,7.451240175,8.37637175,468,22,483,27,490,510
24,1000,50,7.7,28,84,944,30,16,10,56,8.908596827,113,545,52.33214708,10.61471298,8.470613059,9.341356136,481,16,463,40,497,503
28,1000,50,7.7,28,33,946,27,10,17,54,7.951841859,109,549,50.6791759,9.923427149,7.375271546,8.568998902,496,21,450,33,517,483
31,1000,50,7.7,28,17,951,28,7,14,49,7.25477006,109,483,50.59965722,9.241003004,6.829172935,7.725166883,506,19,445,30,525,475
29,1000,50,7.7,28,30,956,21,14,9,44,7.587889335,106,511,50.82617243,9.385438856,7.158566128,8.043768615,491,24,465,20,515,485
30,1000,50,7.7,28,22,938,33,13,16,62,8.06783158,105,517,50.60018991,9.45307667,6.876730758,9.278143707,484,20,454,42,504,496
27,1000,50,7.7,28,35,956,26,14,4,44,7.168834872,83,532,51.03476127,9.314609877,6.864625923,7.488004916,495,17,461,27,512,488
25,1000,50,7.7,28,46,954,32,7,7,46,7.879257026,106,536,51.31687461,9.730289227,7.092569923,8.714605187,499,16,455,30,515,485
26,1000,50,7.7,28,43,951,29,11,9,49,7.954262637,98,546,51.61676302,9.545359688,7.503139802,8.38769438,468,22,483,27,490,510
28,1000,50,7.7,28,34,946,27,10,17,54,7.997851468,105,517,50.70156818,9.9344717,7.46626437,8.566858775,496,21,450,33,517,483
31,1000,50,7.7,28,18,950,29,7,14,50,7.296353139,104,517,50.64343583,9.271447009,6.821371657,7.821332673,505,20,445,30,525,475
24,1000,50,7.7,28,85,944,30,16,10,56,8.895425363,133,531,52.33138314,10.64364482,8.472839563,9.312970379,481,16,463,40,497,503
29,1000,50,7.7,28,31,957,21,13,9,43,7.575113172,88,519,50.87531846,9.407499059,7.160252478,8.015635352,492,23,465,20,515,485
30,1000,50,7.7,28,23,941,30,13,16,59,8.069548449,82,498,50.61210767,9.451664897,6.908076837,9.249753475,484,20,457,39,504,496
27,1000,50,7.7,28,36,956,25,15,4,44,7.248305212,95,499,51.06279824,9.326702232,6.950262558,7.561005701,495,17,461,27,512,488
25,1000,50,7.7,28,47,954,32,6,8,46,7.878539998,103,535,51.35327547,9.741832115,7.066995206,8.740283437,499,16,455,30,515,485
26,1000,50,7.7,28,44,951,29,11,9,49,7.943939354,88,543,51.64759332,9.547404325,7.502845623,8.367735292,468,22,483,27,490,510
28,1000,50,7.7,28,35,945,28,11,16,55,8.036221447,94,508,50.75026754,9.946351059,7.501766535,8.608298443,496,21,449,34,517,483
31,1000,50,7.7,28,19,951,28,8,13,49,7.299627785,102,515,50.66436105,9.262316515,6.839503545,7.808186156,506,19,445,30,525,475
24,1000,50,7.7,28,86,944,30,16,10,56,8.92145239,123,533,52.36646424,10.67861319,8.500908408,9.336979943,482,15,462,41,497,503
29,1000,50,7.7,28,32,958,22,10,10,42,7.562870274,103,514,50.90120054,9.418781209,7.178174204,7.971361978,491,24,467,18,515,485
30,1000,50,7.7,28,24,941,29,14,16,59,8.094807598,93,523,50.67048429,9.466859103,6.913562249,9.295105291,484,20,457,39,504,496
27,1000,50,7.7,28,37,956,25,14,5,44,7.283346293,90,513,51.08119474,9.357945375,7.009234353,7.570939148,495,17,461,27,512,488
25,1000,50,7.7,28,48,954,32,6,8,46,7.890855479,113,534,51.38615917,9.779918253,7.092295879,8.738810519,500,15,454,31,515,485
26,1000,50,7.7,28,45,953,29,10,8,47,7.94320413,100,556,51.68006709,9.561783638,7.507752948,8.361578796,469,21,484,26,490,510
28,1000,50,7.7,28,36,945,28,12,15,55,8.042582968,115,510,50.79132269,9.962745693,7.490832625,8.63317288,496,21,449,34,517,483
31,1000,50,7.7,28,20,951,28,8,13,49,7.331345769,85,527,50.69374298,9.27919056,6.888950809,7.820308619,506,19,445,30,525,475
24,1000,50,7.7,28,87,944,30,16,10,56,8.899360559,114,533,52.41039771,10.71287427,8.454534273,9.338880766,483,14,461,42,497,503
29,1000,50,7.7,28,33,957,23,10,10,43,7.587779932,91,501,50.92381602,9.430732326,7.185125593,8.015340724,491,24,466,19,515,485
27,1000,50,7.7,28,38,957,24,14,5,43,7.310644615,95,524,51.12556781,9.40129512,7.072670018,7.560322882,495,17,462,26,512,488
26,1000,50,7.7,28,46,954,28,10,8,46,7.969665848,95,515,51.68689647,9.591384779,7.539910052,8.382568476,469,21,485,25,490,510
25,1000,50,7.7,28,49,955,31,6,8,45,7.891801265,100,521,51.39675785,9.80116161,7.133087148,8.697446153,500,15,455,30,515,485
30,1000,50,7.7,28,25,942,28,14,16,58,8.086621437,100,519,50.69497382,9.489162634,6.931266234,9.260611403,484,20,458,38,504,496
28,1000,50,7.7,28,37,946,26,12,16,54,8.079434555,98,536,50.83652485,9.961710308,7.528107416,8.669571473,497,20,449,34,517,483
31,1000,50,7.7,28,21,950,30,7,13,50,7.35779492,94,506,50.72910184,9.297224451,6.943629836,7.81555633,506,19,444,31,525,475
24,1000,50,7.7,28,88,944,30,16,10,56,8.906122232,129,531,52.45873421,10.73743482,8.457694493,9.349200933,483,14,461,42,497,503
27,1000,50,7.7,28,39,956,24,15,5,44,7.371801929,84,528,51.14277814,9.407911579,7.131681423,7.62373164,495,17,461,27,512,488
26,1000,50,7.7,28,47,955,27,8,10,45,7.971454509,119,515,51.69956346,9.617181177,7.589135479,8.338780636,469,21,486,24,490,510
29,1000,50,7.7,28,34,959,22,9,10,41,7.552377224,117,524,50.94386917,9.437330621,7.147025605,7.98280214,493,22,466,19,515,485
25,1000,50,7.7,28,50,956,30,6,8,44,7.907071817,101,540,51.42396032,9.815971931,7.175629521,8.683757965,500,15,456,29,515,485
28,1000,50,7.7,28,38,948,24,12,16,52,8.137147538,112,530,50.87079908,9.975684886,7.572571654,8.741465824,498,19,450,33,517,483
30,1000,50,7.7,28,26,941,29,15,15,59,8.091711338,105,508,50.72114727,9.491389561,6.97769082,9.223699928,483,21,458,38,504,496
31,1000,50,7.7,28,22,951,29,7,13,49,7.39542104,101,510,50.79721195,9.315302239,6.987174258,7.846641167,506,19,445,30,525,475
25,1000,50,7.7,28,51,952,34,6,8,48,7.933609894,97,544,51.47410926,9.823779267,7.213207233,8.698573545,498,17,454,31,515,485
26,1000,50,7.7,28,48,955,27,8,10,45,7.996001281,114,522,51.75335661,9.647236487,7.607566769,8.369203066,469,21,486,24,490,510
27,1000,50,7.7,28,40,956,23,16,5,44,7.391396864,93,547,51.1502148,9.452491213,7.151768481,7.642810249,495,17,461,27,512,488
29,1000,50,7.7,28,35,961,20,9,10,39,7.564971752,106,519,51.00578294,9.467341163,7.163563463,7.991209419,494,21,467,18,515,485
24,1000,50,7.7,28,89,944,31,16,9,56,8.895389537,99,533,52.5028984,10.75605997,8.464821204,9.320821865,483,14,461,42,497,503
28,1000,50,7.7,28,39,946,25,12,17,54,8.178956439,106,473,50.89234969,9.965718075,7.559146661,8.842396719,498,19,448,35,517,483
30,1000,50,7.7,28,27,942,30,14,14,58,8.114072262,97,517,50.74656758,9.508020116,7.017723424,9.228104145,483,21,459,37,504,496
31,1000,50,7.7,28,23,952,28,7,13,48,7.402046616,92,521,50.80490727,9.332583476,6.951335657,7.900200833,507,18,445,30,525,475
25,1000,50,7.7,28,52,952,34,6,8,48,7.998936518,98,520,51.52554862,9.840798037,7.233116786,8.812126544,498,17,454,31,515,485
26,1000,50,7.7,28,49,956,28,8,8,44,7.993922492,105,548,51.7884069,9.663431406,7.636769004,8.337069961,469,21,487,23,490,510
27,1000,50,7.7,28,41,957,22,15,6,43,7.413345024,116,524,51.1860737,9.497452872,7.154780921,7.684625395,495,17,462,26,512,488
28,1000,50,7.7,28,40,948,24,12,16,52,8.177559519,116,500,50.89909271,9.96918893,7.580480281,8.816669179,498,19,450,33,517,483
29,1000,50,7.7,28,36,959,22,9,10,41,7.57791938,98,481,51.06775333,9.482594268,7.177599179,8.003001655,494,21,465,20,515,485
31,1000,50,7.7,28,24,953,27,7,13,47,7.43389049,105,520,50.82778137,9.35025972,7.026386402,7.884289746,507,18,446,29,525,475
24,1000,50,7.7,28,90,945,30,16,9,55,8.910525085,107,528,52.53650977,10.78692659,8.499101587,9.317040947,483,14,462,41,497,503
30,1000,50,7.7,28,28,940,33,14,13,60,8.133571826,99,497,50.78255326,9.514217038,7.014699801,9.270490174,482,22,458,38,504,496
25,1000,50,7.7,28,53,951,35,6,8,49,8.015169258,101,502,51.58582402,9.864207247,7.262570442,8.814320578,497,18,454,31,515,485
26,1000,50,7.7,28,50,956,28,8,8,44,8.035292961,97,516,51.83177989,9.685764677,7.684826068,8.372016055,469,21,487,23,490,510
27,1000,50,7.7,28,42,957,22,15,6,43,7.436603384,98,492,51.20352818,9.50507267,7.189205485,7.696168393,495,17,462,26,512,488
28,1000,50,7.7,28,41,949,24,11,16,51,8.185573702,103,512,50.94774304,9.989675304,7.612745086,8.798725658,497,20,452,31,517,483
29,1000,50,7.7,28,37,960,22,9,9,40,7.58333391,106,536,51.09059762,9.509420067,7.188440919,8.002653271,495,20,465,20,515,485
31,1000,50,7.7,28,25,954,26,7,13,46,7.435402346,95,505,50.82855775,9.370353773,7.03403069,7.879023649,507,18,447,28,525,475
30,1000,50,7.7,28,29,938,34,15,13,62,8.190747998,95,522,50.80739071,9.548232902,7.080448912,9.318955134,481,23,457,39,504,496
24,1000,50,7.7,28,91,946,30,15,9,54,8.927102653,100,527,52.63534703,10.82823365,8.53339034,9.316118596,483,14,463,40,497,503
25,1000,50,7.7,28,54,951,35,6,8,49,8.021947546,92,531,51.6108328,9.914389963,7.273542009,8.816646208,496,19,455,30,515,485
26,1000,50,7.7,28,51,957,28,7,8,43,8.062670517,113,517,51.87901746,9.689540363,7.722556596,8.389446638,469,21,488,22,490,510
27,1000,50,7.7,28,43,957,22,15,6,43,7.473183952,96,520,51.20666395,9.491579465,7.23464213,7.723457339,495,17,462,26,512,488
28,1000,50,7.7,28,42,950,22,11,17,50,8.184572443,90,512,50.97151891,10.00939416,7.615783724,8.793400119,497,20,453,30,517,483
31,1000,50,7.7,28,26,953,27,7,13,47,7.474041068,94,499,50.85038907,9.369471483,7.10004462,7.887405563,507,18,446,29,525,475
29,1000,50,7.7,28,38,961,21,9,9,39,7.598175153,97,537,51.1291929,9.525349913,7.211586507,8.008676499,496,19,465,20,515,485
30,1000,50,7.7,28,30,939,32,16,13,61,8.183376155,108,515,50.865614,9.571787617,7.113494522,9.270513943,482,22,457,39,504,496
24,1000,50,7.7,28,92,947,29,15,9,53,8.905211394,116,531,52.66736171,10.82406054,8.527623145,9.278295609,483,14,464,39,497,503
26,1000,50,7.7,28,52,956,29,7,8,44,8.083380093,108,529,51.90391318,9.708237075,7.750504631,8.403201616,469,21,487,23,490,510
25,1000,50,7.7,28,55,951,33,7,9,49,8.073244481,101,534,51.6667949,9.957079899,7.300466569,8.893823088,496,19,455,30,515,485
27,1000,50,7.7,28,44,957,22,14,7,43,7.502789621,105,522,51.22344065,9.504200701,7.245334141,7.772906847,495,17,462,26,512,488
28,1000,50,7.7,28,43,949,23,12,16,51,8.180309796,107,551,50.99423106,10.04637531,7.612902252,8.787659071,496,21,453,30,517,483
31,1000,50,7.7,28,27,953,27,7,13,47,7.493542449,109,478,50.87330025,9.383672009,7.102068916,7.926223721,507,18,446,29,525,475
29,1000,50,7.7,28,39,962,22,8,8,38,7.620587702,83,507,51.18068798,9.551191488,7.274709299,7.987860645,495,20,467,18,515,485
30,1000,50,7.7,28,31,939,31,16,14,61,8.252368304,112,511,50.87846791,9.583404,7.211174093,9.31035597,481,23,458,38,504,496
26,1000,50,7.7,28,53,957,28,7,8,43,8.089674941,119,514,51.94463887,9.728257742,7.694147364,8.469691633,471,19,486,24,490,510
25,1000,50,7.7,28,56,949,35,7,9,51,8.139018479,95,530,51.69377044,9.966066819,7.362048947,8.964047981,494,21,455,30,515,485
24,1000,50,7.7,28,93,945,31,15,9,55,8.948334184,97,544,52.68526296,10.82952741,8.540686474,9.351119297,483,14,462,41,497,503
27,1000,50,7.7,28,45,958,19,16,7,42,7.525394302,110,518,51.27064835,9.525162723,7.264566675,7.799049517,496,16,462,26,512,488
28,1000,50,7.7,28,44,949,23,12,16,51,8.189696919,117,526,51.03160748,10.06977732,7.609471143,8.810766745,496,21,453,30,517,483
31,1000,50,7.7,28,28,952,28,7,13,48,7.520343105,104,510,50.9028476,9.396763021,7.123888641,7.958529618,507,18,445,30,525,475
29,1000,50,7.7,28,40,962,22,8,8,38,7.673359713,114,508,51.20585044,9.578310691,7.291197025,8.079161331,495,20,467,18,515,485
30,1000,50,7.7,28,32,939,30,17,14,61,8.275925821,98,489,50.92987629,9.585327325,7.250813895,9.31757181,481,23,458,38,504,496
26,1000,50,7.7,28,54,956,29,7,8,44,8.130466363,94,508,51.96977228,9.74706266,7.73147676,8.513809314,471,19,485,25,490,510
25,1000,50,7.7,28,57,948,35,8,9,52,8.148219151,108,528,51.72265654,9.975810209,7.375953867,8.968253423,493,22,455,30,515,485
27,1000,50,7.7,28,46,958,19,16,7,42,7.542336013,95,515,51.29501347,9.538808965,7.240243526,7.859285506,496,16,462,26,512,488
24,1000,50,7.7,28,94,944,31,16,9,56,8.986555019,104,560,52.72450451,10.85416018,8.590441694,9.377943334,482,15,462,41,497,503
28,1000,50,7.7,28,45,948,24,12,16,52,8.222410525,102,505,51.06117427,10.07933905,7.659123726,8.825348983,495,22,453,30,517,483
31,1000,50,7.7,28,29,953,27,7,13,47,7.539572255,107,509,50.95177974,9.439204985,7.120038908,8.003267007,507,18,446,29,525,475
29,1000,50,7.7,28,41,962,22,8,8,38,7.685644685,97,507,51.23308018,9.600743436,7.280315299,8.116045992,495,20,467,18,515,485
30,1000,50,7.7,28,33,937,32,17,14,63,8.318677028,110,493,50.95459937,9.599109697,7.30734391,9.346321969,480,24,457,39,504,496
26,1000,50,7.7,28,55,955,30,7,8,45,8.118799738,101,521,52.0065777,9.776309915,7.72015023,8.501815933,471,19,484,26,490,510
25,1000,50,7.7,28,58,948,35,8,9,52,8.17225352,110,539,51.76149394,10.01643638,7.397184194,8.995265278,493,22,455,30,515,485
27,1000,50,7.7,28,47,959,18,15,8,41,7.592441952,91,517,51.33456001,9.546116783,7.290222782,7.90952436,496,16,463,25,512,488
28,1000,50,7.7,28,46,946,26,13,15,54,8.192119679,119,534,51.10011615,10.08964578,7.62463967,8.799546521,495,22,451,32,517,483
31,1000,50,7.7,28,30,954,28,6,12,46,7.54061315,91,515,50.95617955,9.478050488,7.157621584,7.963919618,507,18,447,28,525,475
24,1000,50,7.7,28,95,945,31,15,9,55,9.002190744,115,518,52.77537582,10.86529148,8.645965139,9.354167137,482,15,463,40,497,503
29,1000,50,7.7,28,42,962,22,8,8,38,7.706200067,139,506,51.2624052,9.619367484,7.251416171,8.189114926,495,20,467,18,515,485
26,1000,50,7.7,28,56,955,30,7,8,45,8.13528817,113,535,52.04406519,9.802529527,7.747277648,8.508082592,471,19,484,26,490,510
30,1000,50,7.7,28,34,938,31,17,14,62,8.307295573,103,506,50.96535289,9.616282696,7.252300737,9.379306455,482,22,456,40,504,496
25,1000,50,7.7,28,59,949,35,8,8,51,8.158327588,99,523,51.81020304,10.02015511,7.393001717,8.970993203,493,22,456,29,515,485
27,1000,50,7.7,28,48,959,20,14,7,41,7.596779964,93,523,51.390873,9.563284786,7.314432854,7.893012997,496,16,463,25,512,488
28,1000,50,7.7,28,47,946,26,13,15,54,8.211552293,132,509,51.14485637,10.11753588,7.641632137,8.821591053,495,22,451,32,517,483
31,1000,50,7.7,28,31,954,28,6,12,46,7.571411119,108,530,51.0140884,9.517105064,7.199963452,7.98195854,507,18,447,28,525,475
24,1000,50,7.7,28,96,944,31,16,9,56,9.013400399,119,531,52.80972374,10.89121285,8.659798351,9.36278453,483,14,461,42,497,503
29,1000,50,7.7,28,43,961,23,8,8,39,7.729926224,102,532,51.2854412,9.615824034,7.256687373,8.232437581,494,21,467,18,515,485
26,1000,50,7.7,28,57,955,29,8,8,45,8.11540774,108,547,52.0570907,9.812354337,7.688540167,8.525535409,471,19,484,26,490,510
25,1000,50,7.7,28,60,947,37,8,8,53,8.18339092,93,523,51.83805315,10.04067013,7.42452074,8.989201523,491,24,456,29,515,485
30,1000,50,7.7,28,35,938,32,16,14,62,8.311429134,82,542,50.97964823,9.606404529,7.298865891,9.340324041,480,24,458,38,504,496
27,1000,50,7.7,28,49,957,22,14,7,43,7.634658758,96,526,51.41770014,9.58148142,7.335075626,7.948975486,495,17,462,26,512,488
28,1000,50,7.7,28,48,948,25,12,15,52,8.222648742,104,512,51.20228179,10.12860172,7.662038272,8.822722475,496,21,452,31,517,483
31,1000,50,7.7,28,32,956,28,6,10,44,7.601188739,100,530,51.07939368,9.543990682,7.256445724,7.982220492,509,16,447,28,525,475
29,1000,50,7.7,28,44,962,22,8,8,38,7.751625725,92,498,51.31994452,9.620650139,7.277470197,8.25511046,495,20,467,18,515,485
26,1000,50,7.7,28,58,956,28,8,8,44,8.142198517,103,486,52.05104867,9.852495092,7.712883017,8.554678115,472,18,484,26,490,510
25,1000,50,7.7,28,61,945,39,8,8,55,8.252503802,105,531,51.84626813,10.05020235,7.518690372,9.031707753,489,26,456,29,515,485
24,1000,50,7.7,28,97,945,30,16,9,55,9.018214219,116,521,52.82806285,10.92346092,8.657101184,9.375019742,483,14,462,41,497,503
27,1000,50,7.7,28,50,957,22,14,7,43,7.625446319,92,525,51.45003808,9.606923339,7.290677591,7.976679083,495,17,462,26,512,488
30,1000,50,7.7,28,36,939,32,15,14,61,8.342619284,102,488,51.01789092,9.615658593,7.335070976,9.366418371,480,24,459,37,504,496
28,1000,50,7.7,28,49,948,25,12,15,52,8.219799604,105,512,51.23697599,10.14264983,7.620638999,8.861137146,496,21,452,31,517,483
31,1000,50,7.7,28,33,955,29,6,10,45,7.626607028,79,497,51.11382943,9.553808605,7.27492307,8.015310351,508,17,447,28,525,475
26,1000,50,7.7,28,59,956,28,8,8,44,8.121297942,107,535,52.07209053,9.878540077,7.72952022,8.497711833,471,19,485,25,490,510
29,1000,50,7.7,28,45,963,22,7,8,37,7.748043343,96,527,51.36629151,9.642477525,7.315597128,8.207238808,495,20,468,17,515,485
25,1000,50,7.7,28,62,945,39,8,8,55,8.271156564,112,550,51.86192121,10.07141598,7.530371737,9.057763132,489,26,456,29,515,485
27,1000,50,7.7,28,51,956,25,13,6,44,7.690063165,101,527,51.47572986,9.647484986,7.386927603,8.008107033,493,19,463,25,512,488
24,1000,50,7.7,28,98,946,29,16,9,54,9.006475823,116,518,52.84518859,10.94851156,8.692325375,9.316878949,483,14,463,40,497,503
28,1000,50,7.7,28,50,948,25,13,14,52,8.213171534,120,511,51.25200934,10.14175068,7.640303159,8.826366048,496,21,452,31,517,483
30,1000,50,7.7,28,37,938,33,16,13,62,8.395076237,100,513,51.0667979,9.640985171,7.373034488,9.43360253,480,24,458,38,504,496
31,1000,50,7.7,28,34,955,29,6,10,45,7.653659797,103,524,51.14895203,9.590663897,7.31730897,8.025415974,508,17,447,28,525,475
26,1000,50,7.7,28,60,955,28,10,7,45,8.118832731,110,551,52.10488222,9.883882796,7.733224175,8.489319383,471,19,484,26,490,510
25,1000,50,7.7,28,63,945,39,8,8,55,8.295816213,125,534,51.9057462,10.08968607,7.525075869,9.114231217,489,26,456,29,515,485
29,1000,50,7.7,28,46,963,22,7,8,37,7.764766337,105,513,51.40448906,9.630667843,7.318397955,8.238745134,495,20,468,17,515,485
27,1000,50,7.7,28,52,956,25,13,6,44,7.697136068,89,526,51.49137062,9.695921089,7.414243969,7.993940892,493,19,463,25,512,488
28,1000,50,7.7,28,51,950,24,13,13,50,8.194486835,102,513,51.27927012,10.15568333,7.636524335,8.791726198,496,21,454,29,517,483
31,1000,50,7.7,28,35,955,29,6,10,45,7.681296974,92,504,51.17177266,9.607692589,7.321167476,8.07933484,508,17,447,28,525,475
30,1000,50,7.7,28,38,936,35,16,13,64,8.441837998,105,548,51.10465334,9.662713211,7.399403024,9.501086439,479,25,457,39,504,496
24,1000,50,7.7,28,99,946,29,16,9,54,9.008934903,115,544,52.89018142,10.969002,8.700208107,9.313979074,482,15,464,39,497,503
26,1000,50,7.7,28,61,953,29,10,8,47,8.165065847,96,526,52.15098142,9.939208013,7.774002092,8.540793769,470,20,483,27,490,510
25,1000,50,7.7,28,64,946,38,8,8,54,8.286524359,106,568,51.92076591,10.12795199,7.551085285,9.06745451,490,25,456,29,515,485
29,1000,50,7.7,28,47,964,22,7,7,36,7.766354599,109,514,51.44193257,9.634724324,7.312803629,8.24796027,495,20,469,16,515,485
27,1000,50,7.7,28,53,954,27,13,6,46,7.764757592,107,518,51.53792958,9.712273801,7.477574653,8.066064281,493,19,461,27,512,488
28,1000,50,7.7,28,52,949,27,11,13,51,8.242922804,108,550,51.3278012,10.16410652,7.729629482,8.792348576,495,22,454,29,517,483
31,1000,50,7.7,28,36,955,29,6,10,45,7.731433333,111,492,51.22278044,9.633969085,7.4006516,8.097034196,508,17,447,28,525,475
30,1000,50,7.7,28,39,935,35,17,13,65,8.472762833,112,522,51.13678164,9.695297011,7.450953692,9.511052768,479,25,456,40,504,496
24,1000,50,7.7,28,100,946,29,16,9,54,9.022303461,113,506,52.93410081,10.98601816,8.694837419,9.345863347,482,15,464,39,497,503
26,1000,50,7.7,28,62,953,30,10,7,47,8.165965662,104,525,52.21445307,9.971701628,7.803179731,8.514524694,470,20,483,27,490,510
25,1000,50,7.7,28,65,946,38,8,8,54,8.264787345,127,535,51.95351659,10.12320995,7.499525567,9.077384904,491,24,455,30,515,485
29,1000,50,7.7,28,48,964,22,7,7,36,7.779713488,87,539,51.48806117,9.648390715,7.327575747,8.259818512,495,20,469,16,515,485
27,1000,50,7.7,28,54,956,26,12,6,44,7.768690687,104,542,51.55646229,9.737942903,7.495347705,8.055476766,494,18,462,26,512,488
28,1000,50,7.7,28,53,950,27,11,12,50,8.241007631,106,529,51.39307431,10.17514935,7.734234852,8.783453857,496,21,454,29,517,483
31,1000,50,7.7,28,37,956,28,6,10,44,7.735936402,98,515,51.27155163,9.652178206,7.386735327,8.121895485,509,16,447,28,525,475
30,1000,50,7.7,28,40,935,33,19,13,65,8.501552656,100,535,51.17343427,9.683147894,7.457017912,9.562934735,479,25,456,40,504,496
26,1000,50,7.7,28,63,952,31,10,7,48,8.209816814,109,569,52.25366023,9.980450072,7.852146285,8.553461047,469,21,483,27,490,510
24,1000,50,7.7,28,101,944,30,17,9,56,9.068023211,119,558,53.00168045,10.9934815,8.74853745,9.383698008,480,17,464,39,497,503
25,1000,50,7.7,28,66,947,37,8,8,53,8.235927844,118,503,51.96538115,10.13720802,7.499423031,9.017989656,491,24,456,29,515,485
29,1000,50,7.7,28,49,965,22,7,6,35,7.774366878,113,506,51.52459453,9.652899124,7.328888166,8.247400974,495,20,470,15,515,485
27,1000,50,7.7,28,55,956,26,12,6,44,7.808110153,96,528,51.56095286,9.774142055,7.536101482,8.0934963,494,18,462,26,512,488
28,1000,50,7.7,28,54,949,27,11,13,51,8.285111144,102,507,51.42444292,10.19717996,7.754573782,8.852994821,496,21,453,30,517,483
31,1000,50,7.7,28,38,955,29,7,9,45,7.74815971,91,523,51.3063682,9.669925238,7.382798216,8.151980308,509,16,446,29,525,475
30,1000,50,7.7,28,41,935,33,18,14,65,8.503983479,90,501,51.2040873,9.709467233,7.455075164,9.56980967,481,23,454,42,504,496
26,1000,50,7.7,28,64,950,33,10,7,50,8.229837122,107,530,52.31092224,9.986196124,7.86181546,8.583426563,468,22,482,28,490,510
25,1000,50,7.7,28,67,947,37,8,8,53,8.270021292,107,496,51.97334235,10.13658115,7.552307346,9.032129915,491,24,456,29,515,485
24,1000,50,7.7,28,102,943,31,17,9,57,9.094480103,129,531,53.01654574,11.02389349,8.770348562,9.414745264,480,17,463,40,497,503
29,1000,50,7.7,28,50,967,21,6,6,33,7.767347031,119,525,51.54092439,9.67143219,7.307085601,8.256078241,497,18,470,15,515,485
27,1000,50,7.7,28,56,955,26,12,7,45,7.842353723,110,533,51.58514544,9.800992796,7.595110625,8.101756317,493,19,462,26,512,488
28,1000,50,7.7,28,55,949,27,10,14,51,8.329143057,112,498,51.45249677,10.19437493,7.814204107,8.880330297,496,21,453,30,517,483
31,1000,50,7.7,28,39,955,29,7,9,45,7.784438538,123,522,51.34813726,9.692961933,7.434024567,8.171738189,509,16,446,29,525,475
26,1000,50,7.7,28,65,949,34,10,7,51,8.224473102,98,506,52.34656887,10.00594962,7.852904446,8.581470438,468,22,481,29,490,510
25,1000,50,7.7,28,68,948,38,8,6,52,8.240964588,121,497,52.00188839,10.14434769,7.58464807,8.937878004,491,24,457,28,515,485
30,1000,50,7.7,28,42,934,34,18,14,66,8.578639996,98,511,51.25150624,9.720613403,7.495451194,9.679299584,480,24,454,42,504,496
27,1000,50,7.7,28,57,956,25,12,7,44,7.877892811,104,513,51.61276105,9.809133813,7.602107014,8.167241843,493,19,463,25,512,488
29,1000,50,7.7,28,51,966,22,6,6,34,7.766069194,91,552,51.5821462,9.701108479,7.287519766,8.274219617,497,18,469,16,515,485
28,1000,50,7.7,28,56,952,25,10,13,48,8.301985189,101,532,51.50718802,10.20855699,7.797247753,8.842252796,497,20,455,28,517,483
24,1000,50,7.7,28,103,943,31,16,10,57,9.103814978,116,507,53.07118303,11.02773486,8.771344486,9.432319619,480,17,463,40,497,503
31,1000,50,7.7,28,40,957,26,8,9,43,7.807811511,108,509,51.38761901,9.710249066,7.475684822,8.174898905,510,15,447,28,525,475
26,1000,50,7.7,28,66,950,33,10,7,50,8.20744343,128,505,52.38214128,10.03664511,7.841731104,8.558814095,468,22,482,28,490,510
25,1000,50,7.7,28,69,948,38,8,6,52,8.270298505,107,525,52.03030322,10.15968977,7.64053646,8.939014903,491,24,457,28,515,485
30,1000,50,7.7,28,43,936,32,18,14,64,8.554792241,100,532,51.2659051,9.734010609,7.554659359,9.571056299,480,24,456,40,504,496
27,1000,50,7.7,28,58,955,26,12,7,45,7.893001885,99,543,51.62455094,9.825058197,7.603280692,8.19697166,493,19,462,26,512,488
28,1000,50,7.7,28,57,951,27,10,12,49,8.312760482,85,503,51.5361532,10.21857252,7.803256776,8.858129873,497,20,454,29,517,483
31,1000,50,7.7,28,41,958,25,8,9,42,7.846879901,106,519,51.40692919,9.737874293,7.510420543,8.218756033,511,14,447,28,525,475
29,1000,50,7.7,28,52,965,23,6,6,35,7.806236439,87,495,51.62211994,9.728097713,7.320767264,8.321734635,497,18,468,17,515,485
24,1000,50,7.7,28,104,944,30,17,9,56,9.11787649,128,528,53.11555808,11.06472168,8.794236636,9.437655829,480,17,464,39,497,503
32,1000,50,7.7,28,0,950,25,13,12,50,6.976,91,488,50.04756587,8.694357884,6.223684211,7.831196581,511,21,439,29,532,468
26,1000,50,7.7,28,67,950,31,12,7,50,8.239297649,82,553,52.40611138,10.05150262,7.846893802,8.61631311,468,22,482,28,490,510
25,1000,50,7.7,28,70,948,37,8,7,52,8.297421175,96,532,52.070084,10.18328416,7.679129829,8.953957347,491,24,457,28,515,485
28,1000,50,7.7,28,58,950,28,10,12,50,8.360285342,120,534,51.57143015,10.22501663,7.834480384,8.923103485,496,21,454,29,517,483
31,1000,50,7.7,28,42,957,26,8,9,43,7.853218828,107,546,51.4580054,9.774487539,7.545429375,8.193407172,510,15,447,28,525,475
30,1000,50,7.7,28,44,937,31,18,14,63,8.587936962,115,539,51.26381024,9.747815781,7.570366327,9.621920026,480,24,457,39,504,496
29,1000,50,7.7,28,53,965,23,6,6,35,7.847358413,96,536,51.63575622,9.763593199,7.374995996,8.348939123,497,18,468,17,515,485
27,1000,50,7.7,28,59,955,25,13,7,45,7.941411262,91,521,51.64387847,9.835182219,7.622833525,8.275656756,494,18,461,27,512,488
26,1000,50,7.7,28,68,949,31,13,7,51,8.286188928,96,558,52.43877631,10.07564732,7.913809241,8.64396549,467,23,482,28,490,510
25,1000,50,7.7,28,71,947,38,8,7,53,8.299107372,120,534,52.1229212,10.19408596,7.719411028,8.914661221,490,25,457,28,515,485
32,1000,50,7.7,28,1,950,25,13,12,50,7.024525415,87,510,50.06071647,8.709727284,6.275912182,7.875513108,511,21,439,29,532,468
28,1000,50,7.7,28,59,949,29,10,12,51,8.399868765,91,509,51.61609636,10.2142085,7.860272523,8.977449008,495,22,454,29,517,483
29,1000,50,7.7,28,54,964,24,5,7,36,7.892471885,110,532,51.65981635,9.792592584,7.393974326,8.421804344,497,18,467,18,515,485
27,1000,50,7.7,28,60,956,24,13,7,44,7.99392691,108,530,51.67374387,9.861178028,7.644293971,8.360754911,495,17,461,27,512,488
30,1000,50,7.7,28,45,938,30,18,14,62,8.596418557,103,526,51.29625868,9.751279081,7.572299682,9.637055479,481,23,457,39,504,496
31,1000,50,7.7,28,43,957,27,7,9,43,7.853602162,99,520,51.48908381,9.785142616,7.519798308,8.222543263,510,15,447,28,525,475
25,1000,50,7.7,28,72,948,37,8,7,52,8.32354099,125,534,52.16951449,10.21398431,7.746081961,8.936719135,491,24,457,28,515,485
26,1000,50,7.7,28,69,947,33,13,7,53,8.311516703,100,528,52.46680707,10.10603159,7.928994683,8.67903786,466,24,481,29,490,510
28,1000,50,7.7,28,60,949,29,10,12,51,8.418714501,102,517,51.65834196,10.21741051,7.893106411,8.981321919,495,22,454,29,517,483
29,1000,50,7.7,28,55,963,25,5,7,37,7.910039048,104,508,51.6957428,9.797948613,7.380871428,8.471938686,497,18,466,19,515,485
32,1000,50,7.7,28,2,950,25,13,12,50,7.04729562,101,529,50.08054556,8.730925642,6.320236826,7.873781258,510,22,440,28,532,468
31,1000,50,7.7,28,44,957,26,8,9,43,7.83479845,113,487,51.52616338,9.810572971,7.501125639,8.203594715,510,15,447,28,525,475
27,1000,50,7.7,28,61,956,24,13,7,44,8.021790924,114,536,51.71820639,9.895512793,7.661558575,8.399739617,495,17,461,27,512,488
30,1000,50,7.7,28,46,938,30,18,14,62,8.630622262,104,497,51.34411607,9.772065946,7.600290305,9.677572477,481,23,457,39,504,496
25,1000,50,7.7,28,73,948,37,8,7,52,8.356307717,109,538,52.20002309,10.23047222,7.791058568,8.956520732,491,24,457,28,515,485
26,1000,50,7.7,28,70,946,34,13,7,54,8.335220502,110,503,52.48229326,10.13439895,7.955136053,8.700399679,466,24,480,30,490,510
28,1000,50,7.7,28,61,949,29,10,12,51,8.441603519,113,522,51.68860835,10.23624188,7.897894138,9.023586438,496,21,453,30,517,483
29,1000,50,7.7,28,56,964,24,5,7,36,7.904401658,103,511,51.71146793,9.809136552,7.363042751,8.479246682,498,17,466,19,515,485
31,1000,50,7.7,28,45,959,25,7,9,41,7.823784234,100,520,51.56414027,9.843357751,7.519219463,8.160408455,510,15,449,26,525,475
27,1000,50,7.7,28,62,955,25,14,6,45,8.027889732,101,514,51.73600088,9.898732504,7.657488861,8.416507039,495,17,460,28,512,488
26,1000,50,7.7,28,71,944,36,13,7,56,8.38013484,107,514,52.51739093,10.15409423,7.988947709,8.7559813,465,25,479,31,490,510
25,1000,50,7.7,28,74,949,37,7,7,51,8.372627385,114,545,52.22562636,10.24643992,7.78099077,9.000860078,492,23,457,28,515,485
32,1000,50,7.7,28,3,951,24,13,12,49,7.091981932,87,502,50.10168255,8.742148938,6.36217826,7.921587816,511,21,440,28,532,468
30,1000,50,7.7,28,47,936,32,19,13,64,8.601401905,98,524,51.37902404,9.800879417,7.618370241,9.600288918,481,23,455,41,504,496
28,1000,50,7.7,28,62,948,31,11,10,52,8.460237821,123,534,51.73378528,10.27741616,7.901210008,9.058617488,495,22,453,30,517,483
29,1000,50,7.7,28,57,966,22,5,7,34,7.894061876,130,510,51.72162073,9.815544172,7.389534027,8.429797632,499,16,467,18,515,485
31,1000,50,7.7,28,46,959,25,7,9,41,7.842162659,97,514,51.60473307,9.855305385,7.533584712,8.183222494,510,15,449,26,525,475
27,1000,50,7.7,28,63,954,26,14,6,46,8.05063444,122,530,51.78404976,9.895303182,7.700113595,8.418394016,494,18,460,28,512,488
26,1000,50,7.7,28,72,944,36,13,7,56,8.409110453,95,505,52.57963717,10.16753162,8.013536572,8.789171634,465,25,479,31,490,510
25,1000,50,7.7,28,75,949,37,7,7,51,8.401941475,111,517,52.25221811,10.25587554,7.8339269,9.005090972,492,23,457,28,515,485
32,1000,50,7.7,28,4,951,24,13,12,49,7.129563147,85,510,50.12735669,8.765345598,6.401430724,7.957269235,511,21,440,28,532,468
30,1000,50,7.7,28,48,936,33,19,12,64,8.653345234,94,518,51.45545112,9.808016467,7.676399983,9.646047665,481,23,455,41,504,496
28,1000,50,7.7,28,63,946,33,11,10,54,8.462335384,87,542,51.79365293,10.28766421,7.901580497,9.062563699,493,24,453,30,517,483
31,1000,50,7.7,28,47,958,25,8,9,42,7.879618057,119,539,51.63425439,9.872303666,7.622297827,8.164024627,510,15,448,27,525,475
29,1000,50,7.7,28,58,965,23,5,7,35,7.896383016,106,514,51.73963049,9.830743685,7.377595003,8.447261008,499,16,466,19,515,485
26,1000,50,7.7,28,73,947,34,12,7,53,8.424836985,114,536,52.59773759,10.17393604,8.027961674,8.806148557,467,23,480,30,490,510
25,1000,50,7.7,28,76,949,37,7,7,51,8.413227252,90,504,52.29593385,10.2683102,7.848770529,9.012598823,492,23,457,28,515,485
27,1000,50,7.7,28,64,951,29,14,6,49,8.098452072,104,532,51.7904802,9.899680037,7.769383092,8.443704772,492,20,459,29,512,488
32,1000,50,7.7,28,5,953,22,13,12,47,7.120771727,99,515,50.15301809,8.792461806,6.384738995,7.957458509,512,20,441,27,532,468
28,1000,50,7.7,28,64,945,34,11,10,55,8.511933444,131,511,51.81871616,10.28942038,7.976527372,9.085028557,493,24,452,31,517,483
30,1000,50,7.7,28,49,937,33,18,12,63,8.695021116,90,510,51.48130194,9.831181174,7.74313969,9.662255468,481,23,456,40,504,496
31,1000,50,7.7,28,48,958,24,9,9,42,7.898725918,83,512,51.68712937,9.871564153,7.653985588,8.169228388,510,15,448,27,525,475
26,1000,50,7.7,28,74,947,34,11,8,53,8.461595341,106,555,52.635053,10.21280914,8.093473217,8.815281303,467,23,480,30,490,510
29,1000,50,7.7,28,59,964,24,5,7,36,7.940357711,95,498,51.77974715,9.838662829,7.442504216,8.469006266,499,16,465,20,515,485
25,1000,50,7.7,28,77,949,36,8,7,51,8.422201081,96,534,52.35144775,10.2988673,7.84281053,9.037430224,492,23,457,28,515,485
27,1000,50,7.7,28,65,950,30,14,6,50,8.123987965,92,500,51.815797,9.922333409,7.801426181,8.462413443,491,21,459,29,512,488
28,1000,50,7.7,28,65,946,33,11,10,54,8.520982628,112,528,51.8328357,10.32328337,7.984374058,9.095364885,494,23,452,31,517,483
30,1000,50,7.7,28,50,937,34,17,12,63,8.710988202,98,516,51.53400155,9.852884479,7.775840997,9.661218426,481,23,456,40,504,496
32,1000,50,7.7,28,6,955,21,12,12,45,7.100226409,108,480,50.20368603,8.793079794,6.338913963,7.965649959,514,18,441,27,532,468
31,1000,50,7.7,28,49,957,25,9,9,43,7.910912059,124,554,51.71985596,9.888815676,7.662860687,8.185074103,510,15,447,28,525,475
26,1000,50,7.7,28,75,946,35,11,8,54,8.464114337,130,529,52.67876581,10.2309951,8.08131508,8.831901859,467,23,479,31,490,510
29,1000,50,7.7,28,60,963,25,5,7,37,7.95983867,110,488,51.78690651,9.855169049,7.427374268,8.525239015,499,16,464,21,515,485
25,1000,50,7.7,28,78,949,37,8,6,51,8.41757171,123,519,52.37029373,10.33423302,7.795782656,9.077821942,492,23,457,28,515,485
27,1000,50,7.7,28,66,948,31,15,6,52,8.140449558,109,528,51.87168094,9.941544978,7.799041661,8.498648008,491,21,457,31,512,488
28,1000,50,7.7,28,66,946,33,11,10,54,8.556520863,106,531,51.88044924,10.34339574,8.033485045,9.116374939,494,23,452,31,517,483
30,1000,50,7.7,28,51,938,33,17,12,62,8.727633309,110,543,51.57229774,9.850248062,7.799639073,9.670595194,481,23,457,39,504,496
31,1000,50,7.7,28,50,956,27,9,8,44,7.976748787,95,497,51.76535401,9.885645008,7.740931258,8.237389214,509,16,447,28,525,475
26,1000,50,7.7,28,76,947,35,10,8,53,8.490931389,109,506,52.71248308,10.24027752,8.075292022,8.890271173,467,23,480,30,490,510
32,1000,50,7.7,28,7,955,21,13,11,45,7.147611897,92,514,50.22106543,8.806771326,6.363855421,8.038548746,514,18,441,27,532,468
25,1000,50,7.7,28,79,948,38,8,6,52,8.419001685,119,528,52.37981356,10.31454446,7.826242514,9.048426372,491,24,457,28,515,485
29,1000,50,7.7,28,61,963,25,4,8,37,7.99107938,102,530,51.80974921,9.859392934,7.450541426,8.565052673,499,16,464,21,515,485
27,1000,50,7.7,28,67,947,32,15,6,53,8.172879663,117,511,51.90351076,9.977435028,7.819880095,8.543239865,491,21,456,32,512,488
28,1000,50,7.7,28,67,947,32,11,10,53,8.578417489,91,529,51.93036095,10.36923822,8.034549595,9.160570079,495,22,452,31,517,483
30,1000,50,7.7,28,52,938,33,17,12,62,8.732608863,98,531,51.6132929,9.881781213,7.817601346,9.662374566,481,23,457,39,504,496
26,1000,50,7.7,28,77,946,36,10,8,54,8.487249964,117,517,52.75343815,10.25282417,8.093854594,8.865218065,466,24,480,30,490,510
31,1000,50,7.7,28,51,956,28,8,8,44,8.018294681,126,545,51.83132594,9.876693506,7.786751633,8.274210681,508,17,448,27,525,475
25,1000,50,7.7,28,80,950,36,8,6,50,8.454684191,105,550,52.40477103,10.33194858,7.856063767,9.090332682,493,22,457,28,515,485
27,1000,50,7.7,28,68,947,33,14,6,53,8.221499055,91,530,51.93160071,9.980041952,7.857876318,8.603004878,491,21,456,32,512,488
32,1000,50,7.7,28,8,955,20,14,11,45,7.183932832,92,514,50.27649448,8.822298706,6.402518603,8.072207127,514,18,441,27,532,468
29,1000,50,7.7,28,62,963,25,4,8,37,8.000756604,98,528,51.86043704,9.883008022,7.486561416,8.546757679,499,16,464,21,515,485
28,1000,50,7.7,28,68,946,33,11,10,54,8.61815663,113,503,51.93993083,10.40116462,8.050842941,9.225405443,494,23,452,31,517,483
26,1000,50,7.7,28,78,946,36,11,7,54,8.475541408,106,530,52.77190428,10.26128527,8.109494907,8.827233144,466,24,480,30,490,510
31,1000,50,7.7,28,52,957,27,7,9,43,8.047026968,100,542,51.84804986,9.900137185,7.8413045,8.274404432,508,17,449,26,525,475
25,1000,50,7.7,28,81,951,34,9,6,49,8.448913576,122,512,52.42202686,10.38637933,7.8602779,9.073959706,493,22,458,27,515,485
30,1000,50,7.7,28,53,938,33,17,12,62,8.769261704,107,532,51.6328463,9.90114554,7.865626947,9.687471214,481,23,457,39,504,496
27,1000,50,7.7,28,69,948,33,13,6,52,8.240634124,88,508,51.95563016,9.99464773,7.92054507,8.576465263,490,22,458,30,512,488
29,1000,50,7.7,28,63,963,25,4,8,37,8.015586138,109,485,51.89866782,9.892170637,7.500193093,8.562859165,499,16,464,21,515,485
32,1000,50,7.7,28,9,955,20,14,11,45,7.223937115,84,498,50.31141219,8.844112616,6.476391751,8.073710906,514,18,441,27,532,468
28,1000,50,7.7,28,69,946,33,11,10,54,8.614402887,101,536,51.96211607,10.44108377,8.034971047,9.234622891,494,23,452,31,517,483
26,1000,50,7.7,28,79,947,35,10,8,53,8.503644685,111,538,52.7932744,10.27402687,8.175038118,8.81936472,466,24,481,29,490,510
31,1000,50,7.7,28,53,956,27,8,9,44,8.076389871,111,527,51.89458429,9.921007382,7.872691003,8.301530724,506,19,450,25,525,475
25,1000,50,7.7,28,82,951,34,9,6,49,8.459467976,111,527,52.43367205,10.4002734,7.871354589,9.083959512,493,22,458,27,515,485
27,1000,50,7.7,28,70,949,31,14,6,51,8.236077906,112,526,52.00541801,10.00406405,7.894307492,8.594656701,491,21,458,30,512,488
30,1000,50,7.7,28,54,936,35,17,12,64,8.817196175,102,492,51.66570827,9.923697528,7.900087932,9.749096487,480,24,456,40,504,496
29,1000,50,7.7,28,64,964,24,4,8,36,7.988656202,114,530,51.90720766,9.92880811,7.496421022,8.511338918,499,16,465,20,515,485
28,1000,50,7.7,28,70,946,33,12,9,54,8.634100401,106,538,52.0050914,10.45459069,8.091535581,9.214858189,493,24,453,30,517,483
32,1000,50,7.7,28,10,957,19,13,11,43,7.221836016,85,510,50.3580043,8.87649482,6.468945922,8.077685438,514,18,443,25,532,468
26,1000,50,7.7,28,80,946,36,10,8,54,8.5004506,115,520,52.81719656,10.29123471,8.201541168,8.787638093,466,24,480,30,490,510
25,1000,50,7.7,28,83,951,35,9,5,49,8.443157833,110,516,52.46136948,10.42540409,7.876659416,9.044697389,493,22,458,27,515,485
27,1000,50,7.7,28,71,949,31,14,6,51,8.253307074,99,542,52.03792739,10.0032834,7.912059397,8.611337423,491,21,458,30,512,488
31,1000,50,7.7,28,54,955,28,8,9,45,8.152539414,117,531,51.94776325,9.940996848,7.954752472,8.371146033,505,20,450,25,525,475
30,1000,50,7.7,28,55,937,34,17,12,63,8.81778028,102,508,51.68818135,9.954748637,7.908266534,9.741963602,480,24,457,39,504,496
29,1000,50,7.7,28,65,964,24,4,8,36,8.022918237,115,532,51.94366693,9.946308424,7.538719484,8.537067429,499,16,465,20,515,485
28,1000,50,7.7,28,71,947,32,12,9,53,8.618079991,92,534,52.03414518,10.46814555,8.077613,9.196592276,494,23,453,30,517,483
32,1000,50,7.7,28,11,958,20,12,10,42,7.256084004,81,499,50.3624795,8.885675721,6.489331133,8.127691967,515,17,443,25,532,468
26,1000,50,7.7,28,81,945,37,10,8,55,8.506571307,95,529,52.88536112,10.29877993,8.196750051,8.80424271,465,25,480,30,490,510
25,1000,50,7.7,28,84,953,34,8,5,47,8.427072251,108,488,52.49945786,10.45266265,7.858441782,9.030875739,495,20,458,27,515,485
31,1000,50,7.7,28,55,955,28,8,9,45,8.198970956,103,515,51.98678233,9.941070541,8.027658924,8.388315834,505,20,450,25,525,475
27,1000,50,7.7,28,72,949,31,14,6,51,8.272198025,120,575,52.06995031,10.03067784,7.924166545,8.637345808,491,21,458,30,512,488
30,1000,50,7.7,28,56,937,34,17,12,63,8.836794243,101,496,51.70668601,9.951690599,7.97211469,9.71542024,479,25,458,38,504,496
29,1000,50,7.7,28,66,963,25,4,8,37,8.051158859,106,547,51.97303791,9.985179531,7.59655843,8.533878902,498,17,465,20,515,485
28,1000,50,7.7,28,72,947,33,11,9,53,8.622138801,107,532,52.04858226,10.50869718,8.12088156,9.158681231,494,23,453,30,517,483
26,1000,50,7.7,28,82,945,37,10,8,55,8.56185332,105,534,52.94510635,10.31357976,8.238731116,8.872304065,465,25,480,30,490,510
25,1000,50,7.7,28,85,951,36,8,5,49,8.470799143,110,525,52.51601837,10.47601618,7.913301027,9.062781678,493,22,458,27,515,485
31,1000,50,7.7,28,56,956,27,8,9,44,8.222339667,112,516,51.99614469,9.960830436,8.061153278,8.400493044,505,20,451,24,525,475
27,1000,50,7.7,28,73,948,32,14,6,52,8.273600529,99,525,52.07533781,10.05454489,7.934063302,8.629836308,491,21,457,31,512,488
32,1000,50,7.7,28,12,958,20,12,10,42,7.296564685,96,522,50.37063436,8.906271603,6.537487092,8.15944776,515,17,443,25,532,468
30,1000,50,7.7,28,57,937,35,16,12,63,8.882696779,93,515,51.73695063,9.974258322,8.015901445,9.763472682,478,26,459,37,504,496
28,1000,50,7.7,28,73,947,33,11,9,53,8.65455549,88,524,52.06673487,10.53745309,8.147836974,9.196943633,494,23,453,30,517,483
29,1000,50,7.7,28,67,961,26,4,9,39,8.097138885,92,539,52.02100609,10.00197392,7.65507637,8.566545473,497,18,464,21,515,485
26,1000,50,7.7,28,83,944,37,10,9,56,8.580725372,99,512,52.97671268,10.32023415,8.20201575,8.944583636,465,25,479,31,490,510
25,1000,50,7.7,28,86,951,35,9,5,49,8.479089995,120,509,52.55782354,10.51580439,7.911024079,9.082294009,493,22,458,27,515,485
31,1000,50,7.7,28,57,957,26,7,10,43,8.238310115,104,525,52.01322965,9.98755931,8.103529205,8.387278489,505,20,452,23,525,475
27,1000,50,7.7,28,74,947,33,13,7,53,8.305653294,103,531,52.12015091,10.05911744,7.95353751,8.675086247,490,22,457,31,512,488
32,1000,50,7.7,28,13,957,21,12,10,43,7.296292985,108,519,50.38389589,8.925210099,6.561392368,8.131692831,515,17,442,26,532,468
30,1000,50,7.7,28,58,936,36,16,12,64,8.917273256,131,531,51.75514194,9.990071462,8.07089801,9.777299716,477,27,459,37,504,496
28,1000,50,7.7,28,74,947,33,11,9,53,8.669086715,94,523,52.11430276,10.55594254,8.131282065,9.244749249,495,22,452,31,517,483
29,1000,50,7.7,28,68,960,27,4,9,40,8.11987121,103,509,52.05435067,10.02084644,7.700209876,8.565490978,497,18,463,22,515,485
26,1000,50,7.7,28,84,944,35,12,9,56,8.603305578,113,545,53.02379261,10.31995861,8.225308922,8.966478836,465,25,479,31,490,510
25,1000,50,7.7,28,87,951,35,9,5,49,8.503748958,106,519,52.59237336,10.51827468,7.943303878,9.098860744,493,22,458,27,515,485
27,1000,50,7.7,28,75,947,32,14,7,53,8.320780268,99,548,52.15609092,10.07162823,8.000028464,8.65730675,490,22,457,31,512,488
31,1000,50,7.7,28,58,957,25,8,10,43,8.256985407,91,516,52.03472919,10.00539359,8.108423877,8.421184993,505,20,452,23,525,475
28,1000,50,7.7,28,75,947,31,13,9,53,8.681902865,95,529,52.138541,10.57892841,8.170976842,9.228794694,495,22,452,31,517,483
32,1000,50,7.7,28,14,958,21,11,10,42,7.343431175,96,530,50.42558982,8.927693158,6.604546125,8.183360335,516,16,442,26,532,468
30,1000,50,7.7,28,59,937,36,16,11,63,8.882226822,111,522,51.78926593,10.00995291,8.046848421,9.731079068,477,27,460,36,504,496
29,1000,50,7.7,28,69,961,26,4,9,39,8.154158292,108,516,52.05951595,10.05210285,7.728578578,8.606062523,498,17,463,22,515,485
25,1000,50,7.7,28,88,951,35,9,5,49,8.53176275,118,526,52.64761941,10.52039941,7.969696575,9.128595904,493,22,458,27,515,485
26,1000,50,7.7,28,85,944,35,12,9,56,8.621477095,111,564,53.081647,10.33349418,8.282732308,8.946937774,465,25,479,31,490,510
27,1000,50,7.7,28,76,948,30,15,7,52,8.327216848,99,522,52.20797428,10.08735907,8.030081769,8.638965127,490,22,458,30,512,488
31,1000,50,7.7,28,59,959,23,8,10,41,8.289297818,104,533,52.09374102,10.0127846,8.152570579,8.440417398,506,19,453,22,525,475
28,1000,50,7.7,28,76,948,29,14,9,52,8.709861287,106,519,52.18311764,10.62403884,8.18238105,9.274472639,495,22,453,30,517,483
30,1000,50,7.7,28,60,936,37,16,11,64,8.925690055,94,530,51.82127304,10.01377285,8.099055435,9.765657491,476,28,460,36,504,496
29,1000,50,7.7,28,70,961,26,4,9,39,8.164478644,103,564,52.0906129,10.09119863,7.74863569,8.606043843,498,17,463,22,515,485
32,1000,50,7.7,28,15,960,19,11,10,40,7.360324097,96,505,50.46437178,8.941162266,6.587202734,8.239171459,518,14,442,26,532,468
26,1000,50,7.7,28,86,944,35,12,9,56,8.672851484,109,534,53.11567271,10.33815826,8.3600612,8.973375482,465,25,479,31,490,510
25,1000,50,7.7,28,89,951,35,9,5,49,8.545111773,102,510,52.68467351,10.52565076,7.999536515,9.124433955,493,22,458,27,515,485
31,1000,50,7.7,28,60,958,23,9,10,42,8.348608137,102,510,52.13299744,10.03562589,8.194171636,8.519301113,505,20,453,22,525,475
27,1000,50,7.7,28,77,948,29,16,7,52,8.350702075,98,540,52.22609135,10.11455248,8.066602077,8.648774204,489,23,459,29,512,488
28,1000,50,7.7,28,77,949,28,15,8,51,8.751356624,126,547,52.212078,10.64664341,8.212755284,9.32787193,495,22,454,29,517,483
30,1000,50,7.7,28,61,934,40,14,12,66,8.954847202,109,513,51.86195608,10.04970749,8.142665947,9.780128154,475,29,459,37,504,496
29,1000,50,7.7,28,71,961,25,5,9,39,8.182935683,106,500,52.12340531,10.12911736,7.761940651,8.629971646,498,17,463,22,515,485
26,1000,50,7.7,28,87,943,36,12,9,57,8.709825176,107,545,53.15167515,10.35856642,8.39696344,9.010417824,465,25,478,32,490,510
25,1000,50,7.7,28,90,953,32,10,5,47,8.544895539,104,513,52.73182918,10.54918702,8.008934425,9.114008888,493,22,460,25,515,485
27,1000,50,7.7,28,78,947,29,16,8,53,8.379101551,111,530,52.26260808,10.11686203,8.095309506,8.676850583,489,23,458,30,512,488
31,1000,50,7.7,28,61,958,23,9,10,42,8.344624629,102,534,52.16670403,10.06257098,8.179992086,8.526586913,505,20,453,22,525,475
32,1000,50,7.7,28,16,962,18,11,9,38,7.36600879,117,513,50.52180946,8.945583805,6.610079675,8.225312827,518,14,444,24,532,468
28,1000,50,7.7,28,78,949,27,17,7,51,8.784065921,115,543,52.25554234,10.67180929,8.245250995,9.360809849,495,22,454,29,517,483
26,1000,50,7.7,28,88,944,34,12,10,56,8.733437998,115,559,53.199381,10.37196401,8.448900989,9.006816693,464,26,480,30,490,510
25,1000,50,7.7,28,91,954,31,10,5,46,8.570130868,114,534,52.76569952,10.56764526,8.026158568,9.147750939,494,21,460,25,515,485
29,1000,50,7.7,28,72,960,24,7,9,40,8.234998566,95,518,52.13430275,10.15740139,7.820542675,8.675090903,497,18,463,22,515,485
30,1000,50,7.7,28,62,934,40,13,13,66,8.984369468,110,542,51.87112861,10.0803918,8.19323379,9.788265399,475,29,459,37,504,496
27,1000,50,7.7,28,79,948,28,16,8,52,8.375872667,99,545,52.26748887,10.12925857,8.114224369,8.650388914,490,22,458,30,512,488
31,1000,50,7.7,28,62,956,25,9,10,44,8.383977464,102,521,52.20912812,10.11118438,8.214206857,8.57161866,505,20,451,24,525,475
32,1000,50,7.7,28,17,961,19,11,9,39,7.40078209,106,494,50.53698174,8.954539585,6.632548274,8.274073522,517,15,444,24,532,468
28,1000,50,7.7,28,79,949,28,16,7,51,8.812258775,114,513,52.28801105,10.6836045,8.276604554,9.385619504,495,22,454,29,517,483
26,1000,50,7.7,28,89,942,36,10,12,58,8.793668517,98,530,53.21336691,10.37581672,8.503256971,9.072691374,462,28,480,30,490,510
25,1000,50,7.7,28,92,952,33,9,6,48,8.596457156,107,530,52.82227197,10.57658019,8.033798316,9.193919636,493,22,459,26,515,485
27,1000,50,7.7,28,80,949,28,15,8,51,8.382224599,103,503,52.28460597,10.15779297,8.123528486,8.653643472,490,22,459,29,512,488
30,1000,50,7.7,28,63,935,39,13,13,65,8.983876917,110,510,51.8883769,10.09143556,8.170909729,9.809956478,476,28,459,37,504,496
29,1000,50,7.7,28,73,960,25,6,9,40,8.232297462,118,524,52.16402358,10.19588381,7.8176666,8.672575593,497,18,463,22,515,485
31,1000,50,7.7,28,63,957,24,9,10,43,8.363000203,102,519,52.26362108,10.13281312,8.199029295,8.544231207,506,19,451,24,525,475
28,1000,50,7.7,28,80,949,28,15,8,51,8.820539445,118,533,52.30617404,10.71437284,8.269737834,9.41011384,495,22,454,29,517,483
32,1000,50,7.7,28,18,962,18,11,9,38,7.438077368,105,483,50.54647504,8.958011261,6.701285944,8.275626593,517,15,445,23,532,468
26,1000,50,7.7,28,90,943,35,10,12,57,8.804607825,104,515,53.24838735,10.41444384,8.547409446,9.051719994,462,28,481,29,490,510
25,1000,50,7.7,28,93,952,34,8,6,48,8.615176699,108,503,52.86938329,10.61640192,8.076844599,9.186807692,493,22,459,26,515,485
27,1000,50,7.7,28,81,947,30,15,8,53,8.422197829,111,506,52.31114406,10.1704539,8.16872974,8.688131562,489,23,458,30,512,488
31,1000,50,7.7,28,64,958,24,9,9,42,8.379686377,105,542,52.30578008,10.14785353,8.217710589,8.558712247,507,18,451,24,525,475
30,1000,50,7.7,28,64,934,39,14,13,66,8.986738827,111,528,51.9105385,10.12915676,8.176421216,9.810126077,476,28,458,38,504,496
29,1000,50,7.7,28,74,961,25,5,9,39,8.217840001,122,540,52.18202539,10.23736984,7.849590872,8.608867426,497,18,464,21,515,485
28,1000,50,7.7,28,81,948,29,15,8,52,8.863998714,110,518,52.33382797,10.72883802,8.302834459,9.464665215,495,22,453,30,517,483
32,1000,50,7.7,28,19,962,18,11,9,38,7.455465622,108,508,50.56329573,8.986873411,6.717740032,8.294076763,517,15,445,23,532,468
26,1000,50,7.7,28,91,943,33,12,12,57,8.860083569,98,559,53.2763895,10.41756559,8.617875867,9.09279293,462,28,481,29,490,510
25,1000,50,7.7,28,94,952,33,9,6,48,8.625484021,116,528,52.95458976,10.65189008,8.097299252,9.186340014,493,22,459,26,515,485
27,1000,50,7.7,28,82,948,28,15,9,52,8.427157581,104,536,52.33668378,10.19177031,8.149406079,8.718568993,490,22,458,30,512,488
31,1000,50,7.7,28,65,958,24,9,9,42,8.409042344,105,516,52.32922177,10.17168795,8.256060895,8.578127104,507,18,451,24,525,475
29,1000,50,7.7,28,75,963,21,7,9,37,8.28567575,93,521,52.22571036,10.24621134,7.95014803,8.641957762,498,17,465,20,515,485
30,1000,50,7.7,28,65,933,40,14,13,67,9.0104609,90,531,51.96554039,10.15564103,8.203624699,9.830310588,476,28,457,39,504,496
28,1000,50,7.7,28,82,948,29,15,8,52,8.890286474,127,511,52.40031183,10.72920084,8.307608929,9.513980658,496,21,452,31,517,483
26,1000,50,7.7,28,92,943,34,11,12,57,8.85910809,101,534,53.28187817,10.44778885,8.626856534,9.082251742,463,27,480,30,490,510
25,1000,50,7.7,28,95,952,33,9,6,48,8.671970544,101,545,52.98948704,10.65743497,8.169909898,9.205086487,493,22,459,26,515,485
27,1000,50,7.7,28,83,948,29,14,9,52,8.451885754,105,515,52.37124042,10.2006282,8.165272746,8.752594484,489,23,459,29,512,488
32,1000,50,7.7,28,20,962,18,11,9,38,7.502078556,93,522,50.57458477,8.993396167,6.765988041,8.338831022,517,15,445,23,532,468
31,1000,50,7.7,28,66,957,24,9,10,43,8.474018899,94,532,52.36651824,10.17307567,8.33644384,8.626075543,506,19,451,24,525,475
29,1000,50,7.7,28,76,962,22,7,9,38,8.321262257,110,529,52.27857496,10.27176078,8.022900475,8.638079407,497,18,465,20,515,485
30,1000,50,7.7,28,66,932,41,13,14,68,9.02571258,100,518,51.99221708,10.17917027,8.223009447,9.841362537,475,29,457,39,504,496
28,1000,50,7.7,28,83,949,30,13,8,51,8.897790836,105,538,52.40122756,10.74534067,8.3035508,9.533861433,497,20,452,31,517,483
26,1000,50,7.7,28,93,941,36,11,12,59,8.897759278,104,526,53.33370804,10.47623374,8.647890683,9.137829104,463,27,478,32,490,510
25,1000,50,7.7,28,96,953,33,8,6,47,8.701128767,99,513,53.00340779,10.70320176,8.176409868,9.258304505,494,21,459,26,515,485
27,1000,50,7.7,28,84,948,29,13,10,52,8.505138449,113,525,52.38486641,10.20353355,8.207839534,8.817058623,489,23,459,29,512,488
31,1000,50,7.7,28,67,957,24,9,10,43,8.487903471,105,566,52.40859608,10.20473739,8.349169137,8.641241418,506,19,451,24,525,475
32,1000,50,7.7,28,21,962,17,12,9,38,7.565611231,96,484,50.59557362,9.039896207,6.83332991,8.398033588,517,15,445,23,532,468
29,1000,50,7.7,28,77,962,22,7,9,38,8.348924825,129,523,52.33715699,10.28659909,8.069127679,8.64602901,497,18,465,20,515,485
30,1000,50,7.7,28,67,933,39,14,14,67,8.993894837,112,521,52.01486802,10.18911532,8.191288237,9.809446705,474,30,459,37,504,496
28,1000,50,7.7,28,84,949,30,13,8,51,8.912137607,98,527,52.45156356,10.79697166,8.33785795,9.526842746,497,20,452,31,517,483
26,1000,50,7.7,28,94,942,36,10,12,58,8.904790499,101,541,53.34116743,10.49070779,8.642608022,9.156691311,463,27,479,31,490,510
25,1000,50,7.7,28,97,953,33,8,6,47,8.716326268,112,550,53.04217939,10.72271913,8.179729038,9.286115079,494,21,459,26,515,485
31,1000,50,7.7,28,68,957,24,9,10,43,8.504617469,119,546,52.42366702,10.23268963,8.34053976,8.685966516,506,19,451,24,525,475
27,1000,50,7.7,28,85,946,30,14,10,54,8.51440536,116,531,52.41475869,10.22717425,8.211433753,8.83227721,489,23,457,31,512,488
32,1000,50,7.7,28,22,963,17,12,8,37,7.632898584,103,502,50.61258007,9.046091064,6.90767564,8.457297315,518,14,445,23,532,468
29,1000,50,7.7,28,78,962,22,7,9,38,8.380504303,112,509,52.37249979,10.29252591,8.072976351,8.707054602,497,18,465,20,515,485
30,1000,50,7.7,28,68,933,39,14,14,67,9.006388099,97,526,52.01636356,10.23460001,8.212984071,9.812588965,474,30,459,37,504,496
28,1000,50,7.7,28,85,948,31,13,8,52,8.92392661,102,545,52.45689956,10.79494722,8.331526861,9.558027376,497,20,451,32,517,483
26,1000,50,7.7,28,95,941,37,10,12,59,8.943602062,111,525,53.38293743,10.52165188,8.678846829,9.197974737,462,28,479,31,490,510
25,1000,50,7.7,28,98,952,34,8,6,48,8.725994798,101,530,53.07324487,10.73885671,8.169321125,9.317101894,493,22,459,26,515,485
31,1000,50,7.7,28,69,959,23,9,9,41,8.486560163,101,551,52.47339276,10.24392155,8.337114472,8.65173698,507,18,452,23,525,475
27,1000,50,7.7,28,86,947,29,14,10,53,8.513806186,107,531,52.43723613,10.24867488,8.247590251,8.793114708,489,23,458,30,512,488
29,1000,50,7.7,28,79,961,24,7,8,39,8.404144544,110,521,52.40106068,10.32572416,8.118381088,8.707584091,497,18,464,21,515,485
30,1000,50,7.7,28,69,932,39,15,14,68,9.00046587,106,515,52.06268546,10.26654359,8.189822956,9.824183669,474,30,458,38,504,496
28,1000,50,7.7,28,86,948,31,13,8,52,8.92451269,118,544,52.47756393,10.80676767,8.314963538,9.576970063,497,20,451,32,517,483
32,1000,50,7.7,28,23,964,16,11,9,36,7.650831533,88,519,50.64306414,9.037679329,6.912308376,8.49034931,519,13,445,23,532,468
26,1000,50,7.7,28,96,939,38,11,12,61,8.953509018,94,532,53.42214457,10.55546265,8.72266518,9.175300156,461,29,478,32,490,510
25,1000,50,7.7,28,99,952,34,8,6,48,8.728596701,130,519,53.09476174,10.73897143,8.183649591,9.307251879,493,22,459,26,515,485
31,1000,50,7.7,28,70,960,22,9,9,40,8.482532705,112,527,52.51689187,10.2740088,8.362539146,8.615157164,507,18,453,22,525,475
27,1000,50,7.7,28,87,946,30,14,10,54,8.500220839,84,532,52.47691113,10.28837223,8.260069959,8.752182418,488,24,458,30,512,488
29,1000,50,7.7,28,80,963,23,7,7,37,8.387488434,96,531,52.42175431,10.3549554,8.092641569,8.700573249,498,17,465,20,515,485
28,1000,50,7.7,28,87,948,31,13,8,52,8.951126296,94,529,52.52004797,10.83996021,8.33043351,9.615511742,497,20,451,32,517,483
30,1000,50,7.7,28,70,934,37,15,14,66,8.978834536,98,491,52.09913359,10.28839801,8.152963903,9.818025663,475,29,459,37,504,496
32,1000,50,7.7,28,24,964,16,11,9,36,7.693929729,110,534,50.6651552,9.055205773,6.954629574,8.53433076,519,13,445,23,532,468
26,1000,50,7.7,28,97,938,39,11,12,62,8.975577692,99,527,53.47704479,10.59067645,8.761742238,9.181027443,461,29,477,33,490,510
25,1000,50,7.7,28,100,953,33,8,6,47,8.717265815,107,549,53.14895513,10.75224571,8.158599829,9.310488459,494,21,459,26,515,485
31,1000,50,7.7,28,71,960,21,10,9,40,8.493280078,121,545,52.53747495,10.29118506,8.351109903,8.650415534,507,18,453,22,525,475
27,1000,50,7.7,28,88,945,31,14,10,55,8.521254214,94,545,52.53831675,10.30459311,8.29305048,8.760681083,487,25,458,30,512,488
28,1000,50,7.7,28,88,946,34,13,7,54,8.938977637,109,525,52.55837174,10.87330493,8.320381566,9.601118772,496,21,450,33,517,483
29,1000,50,7.7,28,81,964,22,7,7,36,8.400937086,111,504,52.46024555,10.37883166,8.101232042,8.719180587,499,16,465,20,515,485
30,1000,50,7.7,28,71,934,37,16,13,66,8.990559886,108,518,52.12617395,10.33131396,8.131663087,9.863309859,474,30,460,36,504,496
26,1000,50,7.7,28,98,938,39,11,12,62,8.9919715,103,539,53.51301081,10.60214311,8.792290618,9.183821759,461,29,477,33,490,510
25,1000,50,7.7,28,101,954,31,8,7,46,8.731351687,127,549,53.18605492,10.76146033,8.184561,9.311964478,495,20,459,26,515,485
27,1000,50,7.7,28,89,946,30,14,10,54,8.523180976,98,548,52.59963791,10.33601929,8.299302182,8.758070202,487,25,459,29,512,488
31,1000,50,7.7,28,72,958,23,10,9,42,8.545348909,106,552,52.54494281,10.3184149,8.380281022,8.727792364,507,18,451,24,525,475
32,1000,50,7.7,28,25,965,14,12,9,35,7.725564312,98,549,50.69184622,9.080542713,6.9587132,8.597283951,520,12,445,23,532,468
28,1000,50,7.7,28,89,946,34,14,6,54,8.936508991,107,537,52.56745458,10.91853674,8.347871424,9.566582742,496,21,450,33,517,483
29,1000,50,7.7,28,82,964,22,7,7,36,8.398984884,90,541,52.47918554,10.39651067,8.12939598,8.68524939,499,16,465,20,515,485
26,1000,50,7.7,28,99,938,39,11,12,62,9.002294377,102,524,53.54049129,10.61849279,8.78531328,9.210766411,461,29,477,33,490,510
30,1000,50,7.7,28,72,934,37,15,14,66,8.995683169,113,519,52.17064706,10.36266926,8.143474789,9.861636847,474,30,460,36,504,496
25,1000,50,7.7,28,102,953,32,8,7,47,8.710912834,97,531,53.20807123,10.77587784,8.175909665,9.279008982,495,20,458,27,515,485
27,1000,50,7.7,28,90,947,30,14,9,53,8.522295555,107,514,52.63059539,10.35236261,8.281852461,8.774563718,488,24,459,29,512,488
31,1000,50,7.7,28,73,957,24,10,9,43,8.571664582,117,498,52.56574999,10.35044774,8.41903629,8.74035901,506,19,451,24,525,475
32,1000,50,7.7,28,26,964,17,11,8,36,7.723264918,113,538,50.72248694,9.09617027,6.940299586,8.613302431,521,11,443,25,532,468
28,1000,50,7.7,28,90,946,34,14,6,54,8.968443115,123,527,52.58958174,10.94175878,8.369625985,9.609413002,496,21,450,33,517,483
29,1000,50,7.7,28,83,963,22,8,7,37,8.407281322,103,530,52.53385218,10.40566989,8.108009928,8.725064349,498,17,465,20,515,485
26,1000,50,7.7,28,100,937,39,12,12,63,9.053536688,108,533,53.60431171,10.64768917,8.864996678,9.234682972,461,29,476,34,490,510
25,1000,50,7.7,28,103,953,32,8,7,47,8.713429451,110,530,53.23101433,10.78596838,8.144069003,9.318008071,496,19,457,28,515,485
30,1000,50,7.7,28,73,933,38,15,14,67,9.009471555,95,555,52.19695908,10.38749679,8.184197635,9.848056344,474,30,459,37,504,496
27,1000,50,7.7,28,91,948,28,15,9,52,8.55526492,128,532,52.65144141,10.37706573,8.34122529,8.77983109,488,24,460,28,512,488
31,1000,50,7.7,28,74,957,24,10,9,43,8.57478628,110,515,52.63897427,10.37221182,8.448082277,8.714827547,505,20,452,23,525,475
32,1000,50,7.7,28,27,963,17,12,8,37,7.754915225,100,504,50.75288376,9.126015007,6.987591597,8.627172,521,11,442,26,532,468
28,1000,50,7.7,28,91,945,35,14,6,55,9.003777197,105,555,52.59965081,10.94617543,8.449703725,9.596853771,495,22,450,33,517,483
29,1000,50,7.7,28,84,963,22,8,7,37,8.412475105,108,537,52.56555085,10.44810409,8.122328628,8.720568788,498,17,465,20,515,485
25,1000,50,7.7,28,104,954,31,8,7,46,8.700097392,105,549,53.25088091,10.78259884,8.154657453,9.279275884,496,19,458,27,515,485
26,1000,50,7.7,28,101,937,38,13,12,63,9.061254998,101,551,53.62770026,10.65962627,8.87002452,9.244986241,461,29,476,34,490,510
33,1000,50,7.7,28,0,945,26,11,18,55,7.116,86,494,49.8692811,8.761575478,6.05465587,8.152173913,475,19,470,36,494,506
31,1000,50,7.7,28,75,957,25,10,8,43,8.558396087,127,554,52.64790459,10.38031437,8.451211553,8.676863203,505,20,452,23,525,475
27,1000,50,7.7,28,92,948,28,15,9,52,8.606193274,106,522,52.70083374,10.37101916,8.391819787,8.83110972,488,24,460,28,512,488
30,1000,50,7.7,28,74,935,35,16,14,65,9.030049754,112,507,52.23003412,10.41660051,8.190489259,9.883151547,474,30,461,35,504,496
28,1000,50,7.7,28,92,943,36,15,6,57,9.027247375,117,520,52.64927825,10.95926434,8.455547965,9.639190637,495,22,448,35,517,483
32,1000,50,7.7,28,28,963,16,13,8,37,7.783124108,84,494,50.77970856,9.127312643,7.025427257,8.644437623,521,11,442,26,532,468
26,1000,50,7.7,28,102,938,37,14,11,62,9.038571829,138,543,53.66572495,10.67944426,8.897786562,9.173836106,461,29,477,33,490,510
29,1000,50,7.7,28,85,962,22,9,7,38,8.421826308,106,508,52.58816632,10.46694445,8.154555451,8.705629382,498,17,464,21,515,485
33,1000,50,7.7,28,1,945,26,11,18,55,7.146615572,90,500,49.9056994,8.788695926,6.102645535,8.165827426,475,19,470,36,494,506
31,1000,50,7.7,28,76,956,26,11,7,44,8.533767074,115,520,52.66433395,10.38625091,8.427316491,8.651422981,504,21,452,23,525,475
27,1000,50,7.7,28,93,948,28,15,9,52,8.635628334,95,549,52.70043264,10.38318957,8.407346458,8.875137188,488,24,460,28,512,488
30,1000,50,7.7,28,75,934,36,17,13,66,9.029992618,128,540,52.29499543,10.41418335,8.180140541,9.893551985,473,31,461,35,504,496
28,1000,50,7.7,28,93,944,35,15,6,56,8.995507131,105,530,52.65143936,10.98518387,8.452949678,9.576257034,495,22,449,34,517,483
26,1000,50,7.7,28,103,938,37,14,11,62,9.025624758,115,549,53.68178142,10.69584826,8.891595093,9.154398357,461,29,477,33,490,510
32,1000,50,7.7,28,29,960,20,13,7,40,7.838621449,98,513,50.78818776,9.140624607,7.079647711,8.701386467,521,11,439,29,532,468
29,1000,50,7.7,28,86,963,21,9,7,37,8.435672466,108,543,52.62825107,10.49860992,8.147011137,8.742189134,498,17,465,20,515,485
31,1000,50,7.7,28,77,956,26,11,7,44,8.560299448,105,549,52.65623369,10.41228303,8.435048721,8.698734463,504,21,452,23,525,475
33,1000,50,7.7,28,2,945,26,11,18,55,7.191690502,90,521,49.92054605,8.818117821,6.159387221,8.199512282,475,19,470,36,494,506
27,1000,50,7.7,28,94,948,27,16,9,52,8.662478194,109,552,52.72908889,10.41328201,8.467100044,8.867465105,488,24,460,28,512,488
30,1000,50,7.7,28,76,935,33,19,13,65,9.070090879,125,550,52.34892675,10.4228566,8.266298712,9.886847435,473,31,462,34,504,496
28,1000,50,7.7,28,94,943,36,16,5,57,9.005567639,109,546,52.7257213,10.99194139,8.469218606,9.579672092,494,23,449,34,517,483
26,1000,50,7.7,28,104,938,36,14,12,62,9.050904713,129,557,53.72556918,10.70757442,8.91046519,9.185836803,461,29,477,33,490,510
34,1000,50,7.7,28,0,946,29,12,13,54,7.243,96,530,50.15524665,8.692061625,6.716632444,7.742690058,466,21,480,33,487,513
29,1000,50,7.7,28,87,963,21,9,7,37,8.474447572,121,518,52.65889181,10.53654129,8.159730711,8.808631455,497,18,466,19,515,485
31,1000,50,7.7,28,78,954,28,12,6,46,8.614222526,105,552,52.70443415,10.4364585,8.429520288,8.818367106,504,21,450,25,525,475
27,1000,50,7.7,28,95,947,28,16,9,53,8.694686962,107,571,52.74714861,10.41891609,8.528156118,8.869407847,487,25,460,28,512,488
33,1000,50,7.7,28,3,945,26,11,18,55,7.247647428,69,479,49.96219919,8.821259449,6.227344024,8.243753912,475,19,470,36,494,506
32,1000,50,7.7,28,30,959,21,13,7,41,7.85403995,97,496,50.79070037,9.141457405,7.12338773,8.684610421,519,13,440,28,532,468
28,1000,50,7.7,28,95,942,37,16,5,58,8.992108999,122,525,52.76247467,10.99250528,8.450173462,9.572193206,494,23,448,35,517,483
30,1000,50,7.7,28,77,936,32,19,13,64,9.085094034,110,552,52.40223932,10.44112406,8.288739753,9.894292738,473,31,463,33,504,496
34,1000,50,7.7,28,1,948,28,11,13,52,7.246330099,95,516,50.20186991,8.707878378,6.740734766,7.726300718,467,20,481,32,487,513
29,1000,50,7.7,28,88,962,22,9,7,38,8.470999608,119,517,52.71421971,10.58507834,8.150767198,8.811040209,497,18,465,20,515,485
31,1000,50,7.7,28,79,955,27,12,6,45,8.602919518,108,540,52.72288839,10.46528787,8.430987197,8.792949979,505,20,450,25,525,475
27,1000,50,7.7,28,96,948,28,15,9,52,8.728955925,111,550,52.79091771,10.43828175,8.547872841,8.918944735,488,24,460,28,512,488
33,1000,50,7.7,28,4,944,27,11,18,56,7.280661713,94,504,49.96359758,8.837841628,6.251403361,8.285510777,475,19,469,37,494,506
32,1000,50,7.7,28,31,958,22,12,8,42,7.888103799,90,535,50.83055876,9.145603303,7.167364889,8.707405295,519,13,439,29,532,468
28,1000,50,7.7,28,96,941,37,16,6,59,9.061079064,129,535,52.80350809,11.0090619,8.535200526,9.623975968,493,24,448,35,517,483
34,1000,50,7.7,28,2,948,28,11,13,52,7.251745366,87,515,50.22078955,8.72999484,6.75647349,7.721915743,467,20,481,32,487,513
30,1000,50,7.7,28,78,936,32,18,14,64,9.095863866,124,533,52.41897678,10.45404267,8.321072988,9.88315137,473,31,463,33,504,496
29,1000,50,7.7,28,89,961,22,10,7,39,8.476914897,104,541,52.73873934,10.60759497,8.124809847,8.850799641,497,18,464,21,515,485
31,1000,50,7.7,28,80,954,28,12,6,46,8.632130382,106,561,52.72416779,10.47444503,8.463940761,8.818024174,503,22,451,24,525,475
27,1000,50,7.7,28,97,948,28,15,9,52,8.765917827,117,544,52.82808648,10.44944782,8.601101212,8.938840178,488,24,460,28,512,488
33,1000,50,7.7,28,5,943,28,11,18,57,7.356869272,104,485,49.98939482,8.866172763,6.331221001,8.358193869,474,20,469,37,494,506
28,1000,50,7.7,28,97,941,39,14,6,59,9.074072696,126,527,52.81841871,11.02421072,8.557352677,9.627166381,492,25,449,34,517,483
32,1000,50,7.7,28,32,959,22,11,8,41,7.873846938,108,529,50.83470249,9.154114196,7.131655856,8.717534235,520,12,439,29,532,468
34,1000,50,7.7,28,3,949,27,11,13,51,7.274103638,87,514,50.23364939,8.752493937,6.783587394,7.739759409,467,20,482,31,487,513
30,1000,50,7.7,28,79,936,32,17,15,64,9.137604622,127,516,52.44583335,10.49736785,8.340058575,9.948014316,473,31,463,33,504,496
29,1000,50,7.7,28,90,961,22,10,7,39,8.497464748,114,539,52.77945524,10.62466384,8.137208569,8.880004813,497,18,464,21,515,485
31,1000,50,7.7,28,81,954,28,12,6,46,8.62681144,107,546,52.7513988,10.49057886,8.474963845,8.794642992,503,22,451,24,525,475
27,1000,50,7.7,28,98,946,30,15,9,54,8.807191401,106,559,52.87285035,10.4440491,8.622975502,9.000467099,488,24,458,30,512,488
33,1000,50,7.7,28,6,944,27,11,18,56,7.368329955,95,516,50.01811579,8.882549616,6.341379258,8.37092609,474,20,470,36,494,506
28,1000,50,7.7,28,98,942,38,14,6,58,9.066887477,129,508,52.84338349,11.0168186,8.54884587,9.621395779,492,25,450,33,517,483
34,1000,50,7.7,28,4,949,28,10,13,51,7.305928257,97,527,50.28288182,8.789320966,6.841234946,7.74706986,466,21,483,30,487,513
32,1000,50,7.7,28,33,960,22,11,7,40,7.856089427,108,511,50.85572876,9.167663988,7.118438411,8.694615795,520,12,440,28,532,468
27,1000,50,7.7,28,99,946,29,16,9,54,8.784572287,114,535,52.91339464,10.44064695,8.582792049,8.996276143,488,24,458,30,512,488
31,1000,50,7.7,28,82,953,29,12,6,47,8.666771437,123,514,52.79227453,10.50108257,8.536012954,8.811293971,502,23,451,24,525,475
30,1000,50,7.7,28,80,936,32,17,15,64,9.163058458,111,526,52.46917464,10.52182961,8.371240876,9.967647291,473,31,463,33,504,496
29,1000,50,7.7,28,91,961,22,10,7,39,8.508287149,101,536,52.81836731,10.65408242,8.172971499,8.864343974,497,18,464,21,515,485
33,1000,50,7.7,28,7,944,27,11,18,56,7.400051771,79,516,50.03673475,8.898138409,6.3618236,8.41365793,474,20,470,36,494,506
28,1000,50,7.7,28,99,941,38,15,6,59,9.071088109,120,534,52.90819992,11.0220289,8.550445552,9.628380452,492,25,449,34,517,483
34,1000,50,7.7,28,5,949,28,10,13,51,7.352994037,101,502,50.30771749,8.792734716,6.931242691,7.75337007,466,21,483,30,487,513
27,1000,50,7.7,28,100,945,30,16,9,55,8.810111019,125,537,52.97078793,10.45909416,8.559484367,9.073063572,489,23,456,32,512,488
32,1000,50,7.7,28,34,961,20,12,7,39,7.874604762,94,506,50.86546325,9.175607184,7.099145006,8.756110297,521,11,440,28,532,468
29,1000,50,7.7,28,92,962,21,11,6,38,8.499320611,121,534,52.8202851,10.67103434,8.127992762,8.893617192,497,18,465,20,515,485
31,1000,50,7.7,28,83,953,30,12,5,47,8.662885676,107,531,52.83715804,10.52538453,8.514932619,8.82641274,501,24,452,23,525,475
30,1000,50,7.7,28,81,937,30,16,17,63,9.156141205,110,543,52.51863332,10.5371486,8.387455509,9.937225057,473,31,464,32,504,496
28,1000,50,7.7,28,100,941,38,15,6,59,9.08003228,106,516,52.94342135,11.04599736,8.573259842,9.622478141,492,25,449,34,517,483
33,1000,50,7.7,28,8,945,26,10,19,55,7.443817033,90,504,50.09051016,8.926425995,6.364261765,8.497770199,475,19,470,36,494,506
34,1000,50,7.7,28,6,949,28,11,12,51,7.389524047,107,533,50.33707088,8.833461,7.009105409,7.750662208,466,21,483,30,487,513
27,1000,50,7.7,28,101,945,30,16,9,55,8.838178476,119,533,53.01967713,10.50371331,8.601171977,9.086841033,490,22,455,33,512,488
29,1000,50,7.7,28,93,961,22,11,6,39,8.494343153,101,543,52.86989983,10.69319983,8.126631315,8.884800052,497,18,464,21,515,485
31,1000,50,7.7,28,84,951,32,12,5,49,8.722058017,117,559,52.85798633,10.53951276,8.524549151,8.940357289,501,24,450,25,525,475
32,1000,50,7.7,28,35,958,23,12,7,42,7.922835004,98,491,50.91919988,9.189058689,7.140818,8.811794505,519,13,439,29,532,468
28,1000,50,7.7,28,101,943,38,13,6,57,9.109493285,123,546,52.98250374,11.10502671,8.610574564,9.643532578,492,25,451,32,517,483
30,1000,50,7.7,28,82,937,29,17,17,63,9.224811174,106,531,52.56704592,10.55588215,8.501492042,9.959796744,473,31,464,32,504,496
33,1000,50,7.7,28,9,945,27,10,18,55,7.474513993,102,526,50.15350571,8.95827446,6.399164366,8.524361258,475,19,470,36,494,506
34,1000,50,7.7,28,7,949,28,11,12,51,7.407582314,101,518,50.39479731,8.847391792,7.033261827,7.762931392,466,21,483,30,487,513
27,1000,50,7.7,28,102,943,32,17,8,57,8.853153868,121,548,53.06290027,10.52510644,8.607533356,9.110854077,489,23,454,34,512,488
31,1000,50,7.7,28,85,949,34,12,5,51,8.765116599,97,511,52.88533585,10.56372031,8.591704352,8.956782767,501,24,448,27,525,475
29,1000,50,7.7,28,94,961,22,11,6,39,8.506590369,102,529,52.90279133,10.74281226,8.144821685,8.890736498,497,18,464,21,515,485
28,1000,50,7.7,28,102,943,36,14,7,57,9.120821051,114,534,53.00228835,11.11619059,8.643174373,9.632090891,492,25,451,32,517,483
30,1000,50,7.7,28,83,937,30,16,17,63,9.240573879,124,532,52.59844352,10.59890514,8.502787564,9.990259973,473,31,464,32,504,496
32,1000,50,7.7,28,36,958,22,13,7,42,7.963911333,93,516,50.95274757,9.21280948,7.16877443,8.867784908,519,13,439,29,532,468
33,1000,50,7.7,28,10,945,28,10,17,55,7.48268706,98,491,50.16144215,8.972195914,6.417512002,8.52260105,475,19,470,36,494,506
34,1000,50,7.7,28,8,950,27,11,12,50,7.437879114,89,504,50.412471,8.859281502,7.057051638,7.799405393,466,21,484,29,487,513
27,1000,50,7.7,28,103,944,31,17,8,56,8.834368741,114,571,53.10535032,10.52982389,8.58920006,9.091594899,489,23,455,33,512,488
31,1000,50,7.7,28,86,949,34,11,6,51,8.772438711,108,534,52.93581919,10.57597733,8.595841488,8.967625115,501,24,448,27,525,475
28,1000,50,7.7,28,103,946,34,13,7,54,9.096600374,108,523,53.04619635,11.13469118,8.654995872,9.569290907,493,24,453,30,517,483
29,1000,50,7.7,28,95,959,23,12,6,41,8.548952834,132,522,52.94506447,10.75451125,8.202896742,8.916414457,495,20,464,21,515,485
30,1000,50,7.7,28,84,938,29,16,17,62,9.287553808,111,556,52.59683405,10.62400527,8.581152446,10.00534874,474,30,464,32,504,496
33,1000,50,7.7,28,11,946,27,10,17,54,7.489638752,96,491,50.19985897,9.003125088,6.462591499,8.492329153,475,19,471,35,494,506
32,1000,50,7.7,28,37,958,22,13,7,42,8.016851952,90,517,50.97034652,9.223293249,7.236578224,8.903829779,519,13,439,29,532,468
34,1000,50,7.7,28,9,952,27,9,12,48,7.44011737,80,518,50.44896953,8.874584996,7.03467806,7.825008098,467,20,485,28,487,513
27,1000,50,7.7,28,104,944,32,17,7,56,8.841125463,90,523,53.14305214,10.55855516,8.624591191,9.068308963,488,24,456,32,512,488
35,1000,50,7.7,28,0,943,39,7,11,57,6.958,90,499,49.91450948,8.721465665,5.934693878,7.941176471,474,16,469,41,490,510
31,1000,50,7.7,28,87,951,32,11,6,49,8.811542513,107,544,52.9277571,10.57671743,8.664170994,8.974426824,501,24,450,25,525,475
28,1000,50,7.7,28,104,946,35,12,7,54,9.080595745,127,556,53.08071276,11.16867898,8.670689189,9.519357007,492,25,454,29,517,483
36,1000,50,7.7,28,0,949,25,10,16,51,7.168,94,508,49.79432618,8.69553381,6.556935818,7.738878143,469,14,480,37,483,517
29,1000,50,7.7,28,96,958,24,12,6,42,8.584106937,119,511,52.99647951,10.78170485,8.239195503,8.950353098,495,20,463,22,515,485
30,1000,50,7.7,28,85,937,29,17,17,63,9.296425873,117,569,52.62047776,10.63903163,8.564479735,10.04017759,474,30,463,33,504,496
33,1000,50,7.7,28,12,948,25,10,17,52,7.510794606,88,479,50.21398045,9.020874752,6.502902129,8.494784494,476,18,472,34,494,506
34,1000,50,7.7,28,10,952,27,9,12,48,7.483703608,88,526,50.48179032,8.904728081,7.113520305,7.835125185,466,21,486,27,487,513
32,1000,50,7.7,28,38,959,22,12,7,41,8.013629119,96,511,50.99721016,9.239271353,7.253851285,8.877308196,519,13,440,28,532,468
35,1000,50,7.7,28,1,942,40,7,11,58,7.008997175,100,502,49.94892881,8.750226497,6.000015587,7.978410858,473,17,469,41,490,510
31,1000,50,7.7,28,88,951,32,11,6,49,8.831148444,97,549,52.97549999,10.57695255,8.677920138,9.000506047,501,24,450,25,525,475
36,1000,50,7.7,28,1,950,24,10,16,50,7.194331265,69,519,49.85841989,8.728131926,6.622476127,7.728578908,469,14,481,36,483,517
29,1000,50,7.7,28,97,957,24,12,7,43,8.60515191,113,535,53.00916261,10.79919591,8.266771141,8.964463449,495,20,462,23,515,485
30,1000,50,7.7,28,86,936,30,17,17,64,9.319605346,138,546,52.64181097,10.66279763,8.606064721,10.04465469,473,31,463,33,504,496
33,1000,50,7.7,28,13,948,24,11,17,52,7.504285192,117,507,50.22101596,9.044446054,6.503776914,8.481066002,476,18,472,34,494,506
34,1000,50,7.7,28,11,953,26,9,12,47,7.484365964,97,493,50.52472777,8.922449565,7.115086706,7.834929314,467,20,486,27,487,513
32,1000,50,7.7,28,39,959,22,12,7,41,8.038574692,98,521,51.02908203,9.253033237,7.298945766,8.879349454,519,13,440,28,532,468
31,1000,50,7.7,28,89,952,31,11,6,48,8.852962353,101,518,53.02081402,10.60018041,8.708145546,9.013023034,501,24,451,24,525,475
35,1000,50,7.7,28,2,940,41,8,11,60,7.058724239,89,478,49.96613229,8.788324913,6.054523832,8.023544239,472,18,468,42,490,510
29,1000,50,7.7,28,98,957,24,12,7,43,8.613737813,106,541,53.03758828,10.81433187,8.302200645,8.944545322,495,20,462,23,515,485
36,1000,50,7.7,28,2,949,23,12,16,51,7.203276283,88,489,49.87225535,8.731300414,6.61597923,7.751950319,468,15,481,36,483,517
30,1000,50,7.7,28,87,937,30,16,17,63,9.309572389,130,534,52.67992575,10.68818463,8.60890352,10.02154237,473,31,464,32,504,496
34,1000,50,7.7,28,12,953,27,8,12,47,7.495787106,98,501,50.58001274,8.945153729,7.097644579,7.87375087,468,19,485,28,487,513
33,1000,50,7.7,28,14,948,25,10,17,52,7.512387408,90,524,50.24384834,9.074405732,6.511757151,8.489287304,476,18,472,34,494,506
31,1000,50,7.7,28,90,951,31,12,6,49,8.887141505,132,517,53.05367473,10.61516752,8.712220799,9.080474916,501,24,450,25,525,475
32,1000,50,7.7,28,40,958,24,11,7,42,8.03870312,96,504,51.073578,9.264635807,7.312289958,8.864454833,519,13,439,29,532,468
35,1000,50,7.7,28,3,941,40,8,11,59,7.10302109,96,494,50.00502607,8.803998011,6.105538619,8.061386602,472,18,469,41,490,510
29,1000,50,7.7,28,99,957,24,12,7,43,8.60321143,113,539,53.08116453,10.83032576,8.289207423,8.936638366,495,20,462,23,515,485
36,1000,50,7.7,28,3,949,24,12,15,51,7.2305354,100,491,49.88350458,8.736073499,6.640226948,7.782022793,469,14,480,37,483,517
34,1000,50,7.7,28,13,952,28,8,12,48,7.501836373,97,528,50.61484181,8.931127291,7.147877783,7.837855542,468,19,484,29,487,513
30,1000,50,7.7,28,88,936,31,14,19,64,9.355929132,99,527,52.7051058,10.7174211,8.65436528,10.06880853,472,32,464,32,504,496
33,1000,50,7.7,28,15,951,23,9,17,49,7.525300739,95,512,50.27576667,9.097251009,6.51428575,8.512339088,477,17,474,32,494,506
31,1000,50,7.7,28,91,951,31,12,6,49,8.89372905,111,553,53.06136643,10.62087047,8.746616383,9.056327262,501,24,450,25,525,475
35,1000,50,7.7,28,4,940,40,9,11,60,7.142141921,76,521,50.0197743,8.819085953,6.144791273,8.10038078,472,18,468,42,490,510
32,1000,50,7.7,28,41,958,25,11,6,42,8.07386722,101,495,51.11522403,9.274704414,7.394267463,8.846403695,519,13,439,29,532,468
36,1000,50,7.7,28,4,949,24,12,15,51,7.234287467,91,500,49.93425591,8.731626372,6.668906658,7.762486559,469,14,480,37,483,517
29,1000,50,7.7,28,100,957,24,12,7,43,8.617439986,133,522,53.13097546,10.8151922,8.316080383,8.937440389,495,20,462,23,515,485
34,1000,50,7.7,28,14,955,27,7,11,45,7.519758596,101,509,50.64996831,8.966082285,7.180406753,7.841911321,470,17,485,28,487,513
30,1000,50,7.7,28,89,936,31,14,19,64,9.3340233,92,544,52.73815387,10.74790935,8.623437977,10.05606968,472,32,464,32,504,496
33,1000,50,7.7,28,16,953,22,8,17,47,7.568145944,110,490,50.29117287,9.133772988,6.53507763,8.576714614,479,15,474,32,494,506
31,1000,50,7.7,28,92,952,31,11,6,48,8.89058167,113,501,53.09330573,10.64286024,8.754106745,9.041422376,501,24,451,24,525,475
36,1000,50,7.7,28,5,949,24,12,15,51,7.252855168,86,489,49.94554377,8.725132556,6.692456621,7.776399652,469,14,480,37,483,517
29,1000,50,7.7,28,101,955,26,11,8,45,8.661062021,116,568,53.17690733,10.82045329,8.351593769,8.98967264,494,21,461,24,515,485
35,1000,50,7.7,28,5,941,38,10,11,59,7.183651139,92,495,50.08320678,8.842019788,6.199112936,8.129580001,472,18,469,41,490,510
34,1000,50,7.7,28,15,954,27,9,10,46,7.545913371,103,534,50.67381025,8.990478122,7.190391594,7.883416501,470,17,484,29,487,513
32,1000,50,7.7,28,42,958,25,11,6,42,8.07084436,92,511,51.13168971,9.310996719,7.389446314,8.845425044,519,13,439,29,532,468
33,1000,50,7.7,28,17,955,21,6,18,45,7.61403657,105,512,50.33059669,9.156466894,6.590764847,8.613040978,479,15,476,30,494,506
30,1000,50,7.7,28,90,935,31,15,19,65,9.361435455,100,522,52.7312954,10.75003449,8.628228785,10.10646804,472,32,463,33,504,496
31,1000,50,7.7,28,93,952,31,11,6,48,8.893406041,115,500,53.0893885,10.63688895,8.756983568,9.044188774,501,24,451,24,525,475
36,1000,50,7.7,28,6,947,26,12,15,53,7.290077285,84,532,49.95128849,8.753205185,6.750838377,7.793853673,466,17,481,36,483,517
29,1000,50,7.7,28,102,956,25,11,8,44,8.666339015,95,525,53.22660617,10.85917654,8.399653762,8.949520263,494,21,462,23,515,485
34,1000,50,7.7,28,16,953,28,9,10,47,7.575779084,86,537,50.69662355,9.035947394,7.23799724,7.896441379,469,18,484,29,487,513
35,1000,50,7.7,28,6,940,39,10,11,60,7.255131178,102,488,50.1204572,8.852775537,6.254176281,8.216832942,472,18,468,42,490,510
32,1000,50,7.7,28,43,958,25,11,6,42,8.114998384,111,514,51.16703845,9.347771244,7.450698999,8.870142129,519,13,439,29,532,468
33,1000,50,7.7,28,18,956,21,5,18,44,7.624870273,101,500,50.3447954,9.185321668,6.5767857,8.648099085,480,14,476,30,494,506
30,1000,50,7.7,28,91,935,31,16,18,65,9.323947523,119,547,52.74367799,10.77139903,8.640629077,10.01828723,472,32,463,33,504,496
31,1000,50,7.7,28,94,951,31,12,6,49,8.916429339,119,535,53.13593081,10.65691744,8.81610701,9.027311913,500,25,451,24,525,475
36,1000,50,7.7,28,7,948,25,11,16,52,7.30939996,97,499,49.97084448,8.774719844,6.827836794,7.759293594,466,17,482,35,483,517
29,1000,50,7.7,28,103,956,26,11,7,44,8.658711524,128,568,53.24782565,10.87843739,8.431091789,8.90041083,494,21,462,23,515,485
34,1000,50,7.7,28,17,954,27,10,9,46,7.576782696,96,514,50.69100562,9.049136606,7.254092765,7.883117972,469,18,485,28,487,513
35,1000,50,7.7,28,7,940,38,11,11,60,7.306489245,88,491,50.16639469,8.877555251,6.278340551,8.294318383,472,18,468,42,490,510
33,1000,50,7.7,28,19,957,20,5,18,43,7.624948409,81,503,50.37108227,9.199707409,6.54226095,8.681959487,481,13,476,30,494,506
31,1000,50,7.7,28,95,950,32,12,6,50,8.918951501,99,536,53.17300128,10.66623397,8.810585294,9.038724676,499,26,451,24,525,475
32,1000,50,7.7,28,44,958,25,11,6,42,8.109591071,103,516,51.21593266,9.355981912,7.469072412,8.837702025,519,13,439,29,532,468
30,1000,50,7.7,28,92,935,32,15,18,65,9.338088197,99,558,52.75254582,10.7896021,8.657642507,10.02950882,472,32,463,33,504,496
36,1000,50,7.7,28,8,948,25,11,16,52,7.301019039,85,469,50.02124148,8.782726754,6.839928493,7.731786415,466,17,482,35,483,517
34,1000,50,7.7,28,18,951,29,11,9,49,7.638581507,90,512,50.69801562,9.108050378,7.320197429,7.94082916,466,21,485,28,487,513
29,1000,50,7.7,28,104,956,27,10,7,44,8.654155564,101,550,53.30469549,10.91169493,8.416708044,8.906290559,494,21,462,23,515,485
37,1000,50,7.7,28,0,940,25,18,17,60,7.435,87,522,50.08677397,8.868589918,6.888211382,7.964566929,471,21,469,39,492,508
35,1000,50,7.7,28,8,941,37,11,11,59,7.288209918,85,498,50.22419948,8.879909299,6.274565041,8.262104015,472,18,469,41,490,510
31,1000,50,7.7,28,96,950,33,11,6,50,8.932221743,113,541,53.25730319,10.67753042,8.796524723,9.08220266,500,25,450,25,525,475
33,1000,50,7.7,28,20,957,19,6,18,43,7.658011402,97,523,50.36568419,9.203427775,6.579134347,8.711302438,481,13,476,30,494,506
30,1000,50,7.7,28,93,933,34,15,18,67,9.355707055,117,527,52.77904676,10.80096001,8.712773754,10.00901025,470,34,463,33,504,496
32,1000,50,7.7,28,45,955,28,10,7,45,8.181303723,95,541,51.23502544,9.369052705,7.545048734,8.90456794,517,15,438,30,532,468
36,1000,50,7.7,28,9,948,25,12,15,52,7.310723436,93,514,50.04277131,8.779963025,6.858572418,7.733139183,466,17,482,35,483,517
34,1000,50,7.7,28,19,950,30,11,9,50,7.652938234,88,486,50.71516102,9.111592935,7.313667443,7.975014015,466,21,484,29,487,513
37,1000,50,7.7,28,1,941,25,18,16,59,7.455011593,101,474,50.09884371,8.877683574,6.925105659,7.968227577,471,21,470,38,492,508
31,1000,50,7.7,28,97,950,33,11,6,50,8.923271904,112,530,53.29057849,10.69111463,8.790162596,9.070392717,500,25,450,25,525,475
35,1000,50,7.7,28,9,939,41,10,10,61,7.29180956,89,516,50.28541247,8.922068216,6.318391887,8.227053991,470,20,469,41,490,510
36,1000,50,7.7,28,10,948,25,12,15,52,7.352826245,103,507,50.08458881,8.786666323,6.886783478,7.788220164,466,17,482,35,483,517
33,1000,50,7.7,28,21,957,19,6,18,43,7.667828081,107,511,50.4275475,9.205583373,6.59144075,8.718688439,481,13,476,30,494,506
30,1000,50,7.7,28,94,933,34,15,18,67,9.377261907,121,534,52.8134277,10.81384098,8.746521826,10.01817521,470,34,463,33,504,496
34,1000,50,7.7,28,20,951,29,11,9,49,7.672718106,92,500,50.74368374,9.140525971,7.309013514,8.017989326,467,20,484,29,487,513
32,1000,50,7.7,28,46,955,28,10,7,45,8.22778065,108,526,51.30075962,9.399513896,7.590591301,8.952107004,517,15,438,30,532,468
37,1000,50,7.7,28,2,940,24,20,16,60,7.512619796,95,505,50.1231582,8.881276414,6.924814969,8.081911085,471,21,469,39,492,508
31,1000,50,7.7,28,98,950,33,11,6,50,8.93484496,107,529,53.29987602,10.70053413,8.818103733,9.063874738,500,25,450,25,525,475
36,1000,50,7.7,28,11,950,23,12,15,50,7.341215475,89,519,50.11622892,8.800926258,6.905741106,7.748051297,467,16,483,34,483,517
35,1000,50,7.7,28,10,940,40,10,10,60,7.305207882,88,524,50.31132103,8.925247403,6.331867154,8.240378385,470,20,470,40,490,510
34,1000,50,7.7,28,21,952,28,12,8,48,7.688950789,112,526,50.76622209,9.16579054,7.296160665,8.061833422,467,20,485,28,487,513
33,1000,50,7.7,28,22,957,20,7,16,43,7.642411856,87,490,50.45557816,9.21545549,6.583126644,8.676575681,481,13,476,30,494,506
32,1000,50,7.7,28,47,955,29,9,7,45,8.2240924,100,510,51.33785191,9.441074972,7.611465166,8.920497718,515,17,440,28,532,468
37,1000,50,7.7,28,3,941,24,19,16,59,7.525586987,91,532,50.16062086,8.883628547,6.965360397,8.068168646,472,20,469,39,492,508
30,1000,50,7.7,28,95,932,35,15,18,68,9.42147602,103,521,52.83387192,10.81274453,8.771798751,10.08163195,469,35,463,33,504,496
31,1000,50,7.7,28,99,948,35,11,6,52,8.945570737,119,547,53.37582831,10.70934016,8.796965727,9.109818379,499,26,449,26,525,475
36,1000,50,7.7,28,12,950,23,12,15,50,7.387692256,90,505,50.1586185,8.828327623,6.942507673,7.80359971,467,16,483,34,483,517
34,1000,50,7.7,28,22,953,28,12,7,47,7.705726468,85,518,50.79309452,9.18514968,7.345924276,8.047293071,467,20,486,27,487,513
35,1000,50,7.7,28,11,939,41,10,10,61,7.321344802,81,514,50.33774659,8.926760836,6.354643849,8.250135914,469,21,470,40,490,510
33,1000,50,7.7,28,23,957,21,8,14,43,7.645207007,108,496,50.49695023,9.240403275,6.568336161,8.696539414,481,13,476,30,494,506
32,1000,50,7.7,28,48,952,31,10,7,48,8.283783657,104,514,51.37911046,9.472687539,7.655104185,8.99843639,515,17,437,31,532,468
30,1000,50,7.7,28,96,932,35,15,18,68,9.431628734,112,524,52.87099694,10.82511392,8.826274874,10.04674637,469,35,463,33,504,496
37,1000,50,7.7,28,4,941,25,18,16,59,7.529662253,102,504,50.21966978,8.917618124,6.943270904,8.097584582,473,19,468,40,492,508
31,1000,50,7.7,28,100,948,36,9,7,52,8.950999557,123,534,53.40675646,10.73841483,8.839699908,9.074014957,499,26,449,26,525,475
36,1000,50,7.7,28,13,949,24,12,15,51,7.390433206,109,502,50.23000875,8.865146471,6.920614248,7.829354978,467,16,482,35,483,517
34,1000,50,7.7,28,23,953,28,12,7,47,7.744013757,89,507,50.83637228,9.197122963,7.378168898,8.091316771,467,20,486,27,487,513
35,1000,50,7.7,28,12,939,40,11,10,61,7.355242758,114,524,50.36874757,8.949919229,6.391091576,8.281584091,469,21,470,40,490,510
33,1000,50,7.7,28,24,956,22,8,14,44,7.661093672,108,501,50.49448233,9.252990326,6.572876247,8.723503569,481,13,475,31,494,506
31,1000,50,7.7,28,101,948,35,10,7,52,8.981966957,126,544,53.41127893,10.74575472,8.85238551,9.125188556,499,26,449,26,525,475
36,1000,50,7.7,28,14,950,24,12,14,50,7.415090457,98,521,50.2495242,8.898855783,6.945206284,7.854073156,468,15,482,35,483,517
37,1000,50,7.7,28,5,943,24,17,16,57,7.556212763,82,538,50.253615,8.926394484,6.967505386,8.126378175,474,18,469,39,492,508
30,1000,50,7.7,28,97,933,35,14,18,67,9.450638988,113,526,52.91398824,10.86250403,8.815466295,10.0960564,470,34,463,33,504,496
32,1000,50,7.7,28,49,952,31,10,7,48,8.270096519,116,506,51.40337352,9.495001395,7.651237327,8.973586027,515,17,437,31,532,468
34,1000,50,7.7,28,24,953,28,12,7,47,7.774240887,90,523,50.86813739,9.204402455,7.427076585,8.103810117,467,20,486,27,487,513
35,1000,50,7.7,28,13,943,37,10,10,57,7.359119799,98,516,50.39618408,8.950230663,6.368437782,8.310951541,472,18,471,39,490,510
33,1000,50,7.7,28,25,958,21,7,14,42,7.711317419,83,509,50.53214788,9.259997034,6.610140808,8.786379169,482,12,476,30,494,506
31,1000,50,7.7,28,102,947,36,10,7,53,9.012041571,116,575,53.45649036,10.76957451,8.910802107,9.123937821,498,27,449,26,525,475
36,1000,50,7.7,28,15,950,24,11,15,50,7.440169207,100,503,50.28634984,8.928163811,6.936374036,7.91083278,469,14,481,36,483,517
37,1000,50,7.7,28,6,945,23,16,16,55,7.547357532,96,508,50.32451122,8.9400377,6.95601811,8.120072091,475,17,470,38,492,508
30,1000,50,7.7,28,98,934,34,14,18,66,9.442434194,111,539,52.93757589,10.89780614,8.831623291,10.06309688,470,34,464,32,504,496
34,1000,50,7.7,28,25,952,30,12,6,48,7.817849225,88,509,50.91003742,9.237415458,7.452444874,8.164734056,466,21,486,27,487,513
32,1000,50,7.7,28,50,951,32,10,7,49,8.290757628,119,531,51.46478489,9.497893281,7.676690892,8.988799301,514,18,437,31,532,468
35,1000,50,7.7,28,14,945,35,10,10,55,7.352668192,109,496,50.43100793,8.955065877,6.358997814,8.307371105,473,17,472,38,490,510
33,1000,50,7.7,28,26,958,22,7,13,42,7.741869684,88,520,50.55935116,9.273743461,6.658299897,8.799742164,482,12,476,30,494,506
31,1000,50,7.7,28,103,947,37,10,6,53,9.010973371,113,544,53.49897068,10.79440065,8.872727611,9.163771316,498,27,449,26,525,475
36,1000,50,7.7,28,16,951,23,11,15,49,7.469321355,100,516,50.33179392,8.964375142,6.982867169,7.923784357,469,14,482,35,483,517
37,1000,50,7.7,28,7,945,23,15,17,55,7.58098265,82,532,50.373738,8.992086568,6.9865308,8.156711608,475,17,470,38,492,508
34,1000,50,7.7,28,26,952,31,11,6,48,7.82666461,87,521,50.94004467,9.230681544,7.470938966,8.164361273,467,20,485,28,487,513
30,1000,50,7.7,28,99,933,35,14,18,67,9.482040383,121,530,53.00833153,10.92448977,8.866429549,10.10758042,470,34,463,33,504,496
32,1000,50,7.7,28,51,951,32,10,7,49,8.33652318,86,512,51.49509573,9.521803897,7.705027617,9.054377111,514,18,437,31,532,468
31,1000,50,7.7,28,104,947,36,11,6,53,9.055120732,110,542,53.54715586,10.839517,8.904134834,9.221999881,498,27,449,26,525,475
35,1000,50,7.7,28,15,945,35,10,10,55,7.401167411,92,504,50.44906819,8.983367395,6.43680868,8.327708154,472,18,473,37,490,510
36,1000,50,7.7,28,17,951,23,11,15,49,7.503751858,89,508,50.38095793,8.970488192,7.043356823,7.933869464,469,14,482,35,483,517
38,1000,50,7.7,28,0,931,29,20,20,69,7.446,94,503,50.21139349,9.107740743,6.404210526,8.388571429,456,19,475,50,475,525
33,1000,50,7.7,28,27,958,22,7,13,42,7.776616895,102,487,50.61509466,9.278797624,6.672011722,8.855025897,482,12,476,30,494,506
37,1000,50,7.7,28,8,945,25,14,16,55,7.569112606,80,501,50.43207915,9.022995372,6.970458397,8.148911564,476,16,469,39,492,508
34,1000,50,7.7,28,27,953,31,12,4,47,7.804798285,112,521,50.95803381,9.262814081,7.445955709,8.145453908,468,19,485,28,487,513
30,1000,50,7.7,28,100,934,34,14,18,66,9.512876897,109,513,53.0472302,10.94713509,8.913471257,10.12195037,470,34,464,32,504,496
32,1000,50,7.7,28,52,952,31,10,7,48,8.361915501,104,519,51.52302579,9.557947541,7.721348967,9.090080876,515,17,437,31,532,468
36,1000,50,7.7,28,18,950,22,12,16,50,7.543041509,81,512,50.40386904,8.978333673,7.057747658,7.996420484,469,14,481,36,483,517
35,1000,50,7.7,28,16,945,36,10,9,55,7.43992386,91,481,50.48051788,9.008169023,6.502624527,8.340466356,471,19,474,36,490,510
38,1000,50,7.7,28,1,931,30,19,20,69,7.456372082,105,551,50.23401369,9.127916285,6.442988894,8.373242585,457,18,474,51,475,525
33,1000,50,7.7,28,28,958,23,7,12,42,7.796429002,91,522,50.6398676,9.288367767,6.696591929,8.870182982,482,12,476,30,494,506
34,1000,50,7.7,28,28,951,32,13,4,49,7.862924837,84,568,50.98226442,9.280764843,7.54648678,8.163325098,466,21,485,28,487,513
37,1000,50,7.7,28,9,944,26,14,16,56,7.601996494,85,488,50.4871437,9.050964185,6.991928677,8.192849577,475,17,469,39,492,508
30,1000,50,7.7,28,101,934,34,14,18,66,9.553065202,120,535,53.07678096,10.98198384,8.933504406,10.18261892,470,34,464,32,504,496
32,1000,50,7.7,28,53,952,29,12,7,48,8.392499654,119,525,51.53065182,9.571731026,7.756468699,9.115509201,515,17,437,31,532,468
36,1000,50,7.7,28,19,949,23,11,17,51,7.560862957,88,518,50.4277615,8.981674847,7.059159551,8.029572328,469,14,480,37,483,517
38,1000,50,7.7,28,2,933,30,17,20,67,7.481375495,81,506,50.25853544,9.148152497,6.486542873,8.381462153,457,18,476,49,475,525
35,1000,50,7.7,28,17,946,34,11,9,54,7.463652601,110,492,50.49335104,9.038024776,6.562894134,8.329087207,471,19,475,35,490,510
33,1000,50,7.7,28,29,957,24,7,12,43,7.811809722,92,518,50.67954899,9.316810605,6.732669438,8.865357746,482,12,475,31,494,506
34,1000,50,7.7,28,29,952,31,13,4,48,7.848908912,98,518,51.00850877,9.283224645,7.523122601,8.158183636,467,20,485,28,487,513
37,1000,50,7.7,28,10,944,26,13,17,56,7.654348657,101,470,50.52975652,9.076155327,7.022044059,8.266738149,475,17,469,39,492,508
30,1000,50,7.7,28,102,933,35,14,18,67,9.542816286,112,531,53.08008064,10.99658724,8.933751114,10.16170509,469,35,464,32,504,496
36,1000,50,7.7,28,20,950,22,11,17,50,7.591362048,86,524,50.45249544,8.997507864,7.066167475,8.082017712,470,13,480,37,483,517
32,1000,50,7.7,28,54,951,28,14,7,49,8.408655741,107,517,51.56235056,9.591033178,7.768073357,9.136839135,515,17,436,32,532,468
35,1000,50,7.7,28,18,946,34,11,9,54,7.456152036,90,511,50.50816957,9.052604901,6.55029688,8.32648346,471,19,475,35,490,510
33,1000,50,7.7,28,30,956,25,7,12,44,7.856579715,102,501,50.70548022,9.344568392,6.7644022,8.922855787,481,13,475,31,494,506
34,1000,50,7.7,28,30,955,30,11,4,45,7.834045346,101,501,51.04063177,9.282712375,7.515420652,8.13652142,468,19,487,26,487,513
38,1000,50,7.7,28,3,933,31,16,20,67,7.50203755,112,484,50.27259661,9.163245402,6.5206096,8.389996172,456,19,477,48,475,525
37,1000,50,7.7,28,11,944,27,12,17,56,7.681688048,90,536,50.57521536,9.103215281,7.058742309,8.285013449,475,17,469,39,492,508
30,1000,50,7.7,28,103,932,36,14,18,68,9.5626982,102,540,53.13052991,11.01955103,8.913481792,10.22238584,469,35,463,33,504,496
36,1000,50,7.7,28,21,950,22,12,16,50,7.606338683,106,524,50.47052214,9.013649242,7.070660128,8.106788861,470,13,480,37,483,517
34,1000,50,7.7,28,31,955,30,11,4,45,7.877338822,94,525,51.06530509,9.298665217,7.562544581,8.17617858,467,20,488,25,487,513
35,1000,50,7.7,28,19,947,32,12,9,53,7.480424644,106,505,50.54244244,9.071529722,6.613338478,8.31350743,471,19,476,34,490,510
33,1000,50,7.7,28,31,955,26,8,11,45,7.879274215,105,512,50.73442239,9.363362239,6.755023229,8.976863122,481,13,474,32,494,506
32,1000,50,7.7,28,55,950,29,14,7,50,8.419498339,91,515,51.57241823,9.590648857,7.785661603,9.140013604,514,18,436,32,532,468
38,1000,50,7.7,28,4,934,31,15,20,66,7.493674269,100,528,50.30754431,9.185323555,6.527744583,8.367610653,457,18,477,48,475,525
37,1000,50,7.7,28,12,945,27,11,17,55,7.705152658,95,508,50.60880501,9.111918113,7.099050974,8.292164525,475,17,470,38,492,508
30,1000,50,7.7,28,104,933,36,14,17,67,9.537961483,121,523,53.16261177,11.02303833,8.886865611,10.1995589,470,34,463,33,504,496
36,1000,50,7.7,28,22,949,23,12,16,51,7.655000869,101,513,50.49782104,9.034780688,7.117195127,8.157438342,469,14,480,37,483,517
39,1000,50,7.7,28,0,942,31,11,16,58,7.337,97,518,50.16239348,8.968116433,6.153846154,8.433526012,462,19,480,39,481,519
34,1000,50,7.7,28,32,954,31,11,4,46,7.87502536,98,486,51.10029889,9.314088764,7.578408575,8.156608936,467,20,487,26,487,513
35,1000,50,7.7,28,20,948,31,12,9,52,7.463650557,103,540,50.57250861,9.105046003,6.609391905,8.284408871,472,18,476,34,490,510
33,1000,50,7.7,28,32,953,27,9,11,47,7.917697573,98,497,50.74575259,9.374547172,6.843595145,8.966327216,478,16,475,31,494,506
32,1000,50,7.7,28,56,950,29,14,7,50,8.453108787,93,516,51.57948242,9.612108111,7.809121317,9.185162918,514,18,436,32,532,468
38,1000,50,7.7,28,5,936,30,15,19,64,7.499640024,85,509,50.31909515,9.19882747,6.536231135,8.371295685,458,17,478,47,475,525
37,1000,50,7.7,28,13,945,27,11,17,55,7.672942999,112,505,50.63907945,9.129662932,7.094997274,8.23268571,475,17,470,38,492,508
36,1000,50,7.7,28,23,949,24,11,16,51,7.664135459,86,490,50.53290746,9.044129164,7.159980934,8.135134754,468,15,481,36,483,517
39,1000,50,7.7,28,1,944,29,11,16,56,7.346343148,92,534,50.18407377,8.993366689,6.164801246,8.441375238,462,19,482,37,481,519
34,1000,50,7.7,28,33,953,31,12,4,47,7.917844135,99,504,51.14003909,9.333204403,7.614854059,8.205477989,466,21,487,26,487,513
33,1000,50,7.7,28,33,954,27,9,10,46,7.943530502,116,493,50.75599718,9.421617037,6.935210161,8.927938107,478,16,476,30,494,506
38,1000,50,7.7,28,6,935,30,16,19,65,7.54179484,107,513,50.35588289,9.197273093,6.565617439,8.425002965,458,17,477,48,475,525
35,1000,50,7.7,28,21,950,29,13,8,50,7.451705953,95,538,50.62362891,9.117983433,6.605161496,8.265052589,474,16,476,34,490,510
37,1000,50,7.7,28,14,945,27,11,17,55,7.676813748,86,510,50.69522052,9.11089776,7.063147714,8.271151717,475,17,470,38,492,508
32,1000,50,7.7,28,57,950,30,12,8,50,8.479978739,101,518,51.60898413,9.625594692,7.802609486,9.249979684,515,17,435,33,532,468
36,1000,50,7.7,28,24,949,24,11,16,51,7.716027455,75,516,50.55724678,9.06343158,7.231991993,8.168230798,468,15,481,36,483,517
39,1000,50,7.7,28,2,944,29,12,15,56,7.392774269,91,513,50.2047768,9.012690703,6.242092745,8.459205509,462,19,482,37,481,519
34,1000,50,7.7,28,34,955,28,13,4,45,7.926980734,88,521,51.16623298,9.347088343,7.627623163,8.211166185,467,20,488,25,487,513
33,1000,50,7.7,28,34,952,29,10,9,48,7.956658675,94,516,50.79527269,9.434828113,6.971123688,8.91882129,478,16,474,32,494,506
38,1000,50,7.7,28,7,932,33,16,19,68,7.584043985,94,491,50.38323549,9.216836794,6.613474923,8.462177899,455,20,477,48,475,525
35,1000,50,7.7,28,22,952,30,13,5,48,7.446846286,105,510,50.65865914,9.136463,6.573041983,8.286383753,475,15,477,33,490,510
37,1000,50,7.7,28,15,945,28,11,16,55,7.710586036,108,528,50.75885093,9.128293829,7.117675054,8.284822655,475,17,470,38,492,508
36,1000,50,7.7,28,25,950,23,12,15,50,7.724003765,89,510,50.58540009,9.070777689,7.250122202,8.166720971,469,14,481,36,483,517
32,1000,50,7.7,28,58,948,32,12,8,52,8.517523008,101,515,51.65513411,9.666472596,7.844195441,9.282929558,514,18,434,34,532,468
34,1000,50,7.7,28,35,953,30,13,4,47,7.953803948,106,534,51.17702021,9.370013791,7.64127702,8.250491304,465,22,488,25,487,513
39,1000,50,7.7,28,3,943,29,13,15,57,7.463428522,107,490,50.23957842,9.018881205,6.324608554,8.518866681,461,20,482,37,481,519
33,1000,50,7.7,28,35,951,30,10,9,49,7.973119358,100,490,50.84408081,9.4351304,6.994669799,8.92836458,477,17,474,32,494,506
36,1000,50,7.7,28,26,950,24,12,14,50,7.73419973,102,530,50.62181422,9.091101259,7.275366388,8.162858346,469,14,481,36,483,517
35,1000,50,7.7,28,23,952,29,14,5,48,7.463004264,110,503,50.7015316,9.154528811,6.602809662,8.289465743,475,15,477,33,490,510
38,1000,50,7.7,28,8,931,34,16,19,69,7.601766322,111,518,50.41103697,9.238065419,6.688082779,8.428432386,454,21,477,48,475,525
37,1000,50,7.7,28,16,943,30,11,16,57,7.80147558,104,530,50.80335205,9.153162663,7.205203905,8.378967045,473,19,470,38,492,508
34,1000,50,7.7,28,36,955,29,12,4,45,7.966762147,80,497,51.20073968,9.373945834,7.650604187,8.266896507,466,21,489,24,487,513
32,1000,50,7.7,28,59,949,32,11,8,51,8.521575766,100,537,51.68825785,9.694935095,7.86219845,9.27112434,515,17,434,34,532,468
39,1000,50,7.7,28,4,943,29,13,15,57,7.45724946,101,523,50.28348718,9.019680546,6.338425962,8.494155244,461,20,482,37,481,519
33,1000,50,7.7,28,36,952,29,11,8,48,8.002584214,107,527,50.8862599,9.45005521,7.034867255,8.947351364,477,17,475,31,494,506
36,1000,50,7.7,28,27,953,21,12,14,47,7.754029394,98,492,50.68268575,9.115185218,7.292057639,8.185620029,470,13,483,34,483,517
38,1000,50,7.7,28,9,931,35,15,19,69,7.606486805,116,540,50.42654618,9.250712345,6.708843809,8.418639992,454,21,477,48,475,525
37,1000,50,7.7,28,17,943,31,11,15,57,7.804313459,103,530,50.84005795,9.147630214,7.254715803,8.336600953,473,19,470,38,492,508
35,1000,50,7.7,28,24,951,29,15,5,49,7.471636581,90,523,50.73276505,9.181077673,6.592246842,8.316540448,475,15,476,34,490,510
34,1000,50,7.7,28,37,956,29,11,4,44,7.970794181,99,506,51.21585806,9.396081841,7.691565904,8.235870537,466,21,490,23,487,513
32,1000,50,7.7,28,60,948,34,11,7,52,8.513782822,96,543,51.69523808,9.705275551,7.875876858,9.238923791,515,17,433,35,532,468
39,1000,50,7.7,28,5,944,28,13,15,56,7.474449325,92,523,50.30165851,9.037235038,6.374928938,8.49346533,461,20,483,36,481,519
33,1000,50,7.7,28,37,952,29,11,8,48,8.010630006,103,519,50.91774788,9.444345818,7.043282573,8.955036392,477,17,475,31,494,506
36,1000,50,7.7,28,28,952,22,12,14,48,7.795098034,88,526,50.69136116,9.156452393,7.324481317,8.234765102,470,13,482,35,483,517
38,1000,50,7.7,28,10,931,35,15,19,69,7.613749731,102,499,50.44869848,9.274166267,6.706294999,8.434780202,453,22,478,47,475,525
37,1000,50,7.7,28,18,945,29,11,15,55,7.811392025,111,502,50.89408859,9.171087677,7.251661912,8.353492843,475,17,470,38,492,508
35,1000,50,7.7,28,25,953,27,15,5,47,7.477531387,110,510,50.76716977,9.21469378,6.58337542,8.336622413,478,12,475,35,490,510
34,1000,50,7.7,28,38,957,26,13,4,43,7.966828134,95,542,51.23580883,9.443953713,7.716811388,8.204173467,468,19,489,24,487,513
39,1000,50,7.7,28,6,944,30,11,15,56,7.486212755,102,519,50.32516756,9.045943496,6.395013569,8.497516818,460,21,484,35,481,519
36,1000,50,7.7,28,29,951,24,11,14,49,7.82689732,104,548,50.72424188,9.185831839,7.382057401,8.242482777,468,15,483,34,483,517
32,1000,50,7.7,28,61,950,33,9,8,50,8.509694497,102,515,51.71441099,9.72143037,7.855461322,9.253395456,517,15,433,35,532,468
33,1000,50,7.7,28,38,952,28,12,8,48,8.028015064,90,521,50.94095438,9.489046919,7.051183273,8.981680885,477,17,475,31,494,506
34,1000,50,7.7,28,39,958,25,13,4,42,7.948114809,103,527,51.28384499,9.47213223,7.710889046,8.173317434,468,19,490,23,487,513
38,1000,50,7.7,28,11,930,37,14,19,70,7.670529999,94,494,50.49149137,9.275913736,6.731373376,8.520243134,454,21,476,49,475,525
37,1000,50,7.7,28,19,946,28,11,15,54,7.822179122,100,507,50.94579983,9.186665575,7.279933455,8.347346185,476,16,470,38,492,508
35,1000,50,7.7,28,26,953,27,15,5,47,7.536130887,103,513,50.81139605,9.232685745,6.665392514,8.372722658,478,12,475,35,490,510
39,1000,50,7.7,28,7,943,30,12,15,57,7.510296812,86,485,50.37926429,9.062097375,6.434637655,8.507198651,460,21,483,36,481,519
36,1000,50,7.7,28,30,950,25,11,14,50,7.865190127,80,507,50.73282689,9.192123727,7.393829956,8.305551756,468,15,482,35,483,517
33,1000,50,7.7,28,39,951,29,12,8,49,8.069771383,108,530,50.93371479,9.507294809,7.089361367,9.026930568,476,18,475,31,494,506
32,1000,50,7.7,28,62,951,31,10,8,49,8.548734293,107,511,51.74469764,9.737979522,7.893547896,9.29351883,518,14,433,35,532,468
34,1000,50,7.7,28,40,958,26,12,4,42,7.973119569,111,513,51.31337462,9.490914764,7.756365486,8.178888064,468,19,490,23,487,513
38,1000,50,7.7,28,12,927,38,15,20,73,7.695416726,100,501,50.52625692,9.295508885,6.779008137,8.524548307,452,23,475,50,475,525
37,1000,50,7.7,28,20,945,28,12,15,55,7.804659664,115,534,50.9680682,9.190109186,7.268812019,8.323630218,475,17,470,38,492,508
35,1000,50,7.7,28,27,954,26,14,6,46,7.55749808,97,497,50.88892226,9.233384443,6.708266166,8.373426782,478,12,476,34,490,510
36,1000,50,7.7,28,31,951,24,12,13,49,7.869790434,92,535,50.7528523,9.213738975,7.394568468,8.313759892,468,15,483,34,483,517
39,1000,50,7.7,28,8,943,29,13,15,57,7.528105098,106,521,50.41853888,9.088851951,6.45136754,8.52600638,460,21,483,36,481,519
34,1000,50,7.7,28,41,958,25,12,5,42,8.041857679,88,532,51.33094947,9.52676902,7.874303831,8.20091952,468,19,490,23,487,513
33,1000,50,7.7,28,40,952,28,12,8,48,8.06828959,87,508,50.98825126,9.519760249,7.088991293,9.024363421,476,18,476,30,494,506
32,1000,50,7.7,28,63,950,32,10,8,50,8.581771859,100,514,51.78434093,9.776975698,7.965823382,9.281952607,518,14,432,36,532,468
37,1000,50,7.7,28,21,945,27,13,15,55,7.828954245,92,520,51.00976414,9.193568265,7.308511085,8.333005495,475,17,470,38,492,508
38,1000,50,7.7,28,13,926,39,15,20,74,7.719768329,100,485,50.54741427,9.294704367,6.809939091,8.542947163,452,23,474,51,475,525
35,1000,50,7.7,28,28,953,27,14,6,47,7.572607816,91,502,50.93586781,9.237071335,6.753897771,8.359211585,478,12,475,35,490,510
36,1000,50,7.7,28,32,952,23,12,13,48,7.889105476,102,515,50.79920923,9.218290103,7.383415648,8.361539107,469,14,483,34,483,517
34,1000,50,7.7,28,42,957,26,11,6,43,8.11349356,72,535,51.37660398,9.545444693,7.985618944,8.234887201,467,20,490,23,487,513
39,1000,50,7.7,28,9,942,30,11,17,58,7.553427015,105,534,50.4465503,9.088036113,6.473080015,8.554673464,459,22,483,36,481,519
33,1000,50,7.7,28,41,953,27,12,8,47,8.08167161,98,513,51.03733715,9.516537471,7.127976734,9.012749216,477,17,476,30,494,506
37,1000,50,7.7,28,22,946,25,14,15,54,7.847677297,84,524,51.05033751,9.203309167,7.342486228,8.336956836,475,17,471,37,492,508
32,1000,50,7.7,28,64,949,32,11,8,51,8.599853637,79,513,51.79860305,9.813152966,7.973649743,9.311692252,518,14,431,37,532,468
36,1000,50,7.7,28,33,951,23,13,13,49,7.901297819,104,476,50.81114533,9.234452417,7.432942936,8.338851801,468,15,483,34,483,517
38,1000,50,7.7,28,14,927,36,17,20,73,7.7818435,108,496,50.5684557,9.333976271,6.825221455,8.647358684,453,22,474,51,475,525
35,1000,50,7.7,28,29,953,26,15,6,47,7.578060823,95,516,50.95843329,9.257656548,6.770763718,8.353699217,478,12,475,35,490,510
34,1000,50,7.7,28,43,956,27,11,6,44,8.171399986,97,536,51.37474592,9.567467894,8.040009431,8.29613137,467,20,489,24,487,513
39,1000,50,7.7,28,10,943,28,12,17,57,7.569710207,110,514,50.48519559,9.106563024,6.495126278,8.565615544,459,22,484,35,481,519
33,1000,50,7.7,28,42,954,27,12,7,46,8.086653668,112,514,51.08035213,9.530621997,7.128183121,9.022393688,478,16,476,30,494,506
37,1000,50,7.7,28,23,948,25,12,15,52,7.852767847,73,508,51.09840281,9.207819588,7.372599431,8.317812849,475,17,473,35,492,508
36,1000,50,7.7,28,34,951,23,12,14,49,7.91747037,89,515,50.83426366,9.217871792,7.45535218,8.349197809,468,15,483,34,483,517
32,1000,50,7.7,28,65,948,33,11,8,52,8.621122738,96,515,51.84041524,9.83708736,7.990590753,9.337881318,518,14,430,38,532,468
38,1000,50,7.7,28,15,927,34,19,20,73,7.790005565,101,492,50.59624285,9.367378733,6.845721598,8.644357726,453,22,474,51,475,525
35,1000,50,7.7,28,30,952,27,14,7,48,7.619183175,88,515,51.00327619,9.281817427,6.813698554,8.393080165,477,13,475,35,490,510
34,1000,50,7.7,28,44,956,26,12,6,44,8.198203511,113,526,51.41761311,9.596139502,8.052762582,8.336273165,467,20,489,24,487,513
33,1000,50,7.7,28,43,954,27,12,7,46,8.107035044,103,512,51.11064629,9.55191589,7.188130268,9.004147611,477,17,477,29,494,506
39,1000,50,7.7,28,11,943,28,13,16,57,7.593513169,101,525,50.52210265,9.103594115,6.526688957,8.582226939,459,22,484,35,481,519
36,1000,50,7.7,28,35,951,23,12,14,49,7.951266825,87,498,50.87781857,9.2489765,7.490324733,8.381895511,468,15,483,34,483,517
38,1000,50,7.7,28,16,929,33,18,20,71,7.781597969,92,493,50.61291713,9.394123137,6.821767132,8.650016346,453,22,476,49,475,525
37,1000,50,7.7,28,24,949,24,12,15,51,7.875920232,94,526,51.11583353,9.241903095,7.427870715,8.309857953,475,17,474,34,492,508
35,1000,50,7.7,28,31,951,28,13,8,49,7.632735262,118,499,51.03273489,9.298128386,6.816197858,8.417251592,476,14,475,35,490,510
34,1000,50,7.7,28,45,955,27,12,6,45,8.227323618,88,529,51.42493437,9.624167541,8.094690156,8.353234917,467,20,488,25,487,513
32,1000,50,7.7,28,66,948,33,11,8,52,8.629452504,90,511,51.89182356,9.868548924,8.002092284,9.342605574,518,14,430,38,532,468
33,1000,50,7.7,28,44,953,29,11,7,47,8.123311081,83,501,51.13470726,9.565476202,7.229346695,8.99607473,477,17,476,30,494,506
39,1000,50,7.7,28,12,947,26,11,16,53,7.570072356,109,527,50.53747964,9.119788255,6.452957963,8.605394173,462,19,485,34,481,519
36,1000,50,7.7,28,36,950,23,12,15,50,7.990381223,89,476,50.94283588,9.245057946,7.566085596,8.386773462,467,16,483,34,483,517
37,1000,50,7.7,28,25,948,25,12,15,52,7.895539736,99,508,51.14423295,9.251129338,7.462680512,8.314765599,474,18,474,34,492,508
34,1000,50,7.7,28,46,955,26,13,6,45,8.252260033,117,509,51.46591131,9.648306937,8.124352612,8.373684818,467,20,488,25,487,513
38,1000,50,7.7,28,17,929,33,18,20,71,7.783688891,100,526,50.62304769,9.422782121,6.876523985,8.604457138,453,22,476,49,475,525
35,1000,50,7.7,28,32,951,28,13,8,49,7.644576552,95,499,51.10217669,9.325514931,6.804925857,8.451299768,476,14,475,35,490,510
32,1000,50,7.7,28,67,947,34,11,8,53,8.611040238,96,492,51.93100554,9.878789252,8.016568772,9.286806947,518,14,429,39,532,468
33,1000,50,7.7,28,45,953,27,13,7,47,8.145533214,110,489,51.18167519,9.577079656,7.26537596,9.004817173,477,17,476,30,494,506
36,1000,50,7.7,28,37,951,22,12,15,49,7.978628016,96,523,50.97608842,9.258292838,7.540381908,8.388053297,467,16,484,33,483,517
39,1000,50,7.7,28,13,947,26,11,16,53,7.62518089,73,520,50.56311843,9.134911121,6.457938792,8.706960175,462,19,485,34,481,519
34,1000,50,7.7,28,47,956,26,12,6,44,8.200417796,116,517,51.49413451,9.661276306,8.090336299,8.304920113,467,20,489,24,487,513
37,1000,50,7.7,28,26,948,25,13,14,52,7.940014513,102,508,51.18280677,9.25414674,7.510913222,8.355600802,473,19,475,33,492,508
38,1000,50,7.7,28,18,928,34,18,20,72,7.814387663,103,483,50.62494725,9.438500508,6.92898626,8.615465124,452,23,476,49,475,525
35,1000,50,7.7,28,33,952,26,14,8,48,7.68028677,105,509,51.11212906,9.334937099,6.847196675,8.480706665,476,14,476,34,490,510
32,1000,50,7.7,28,68,945,36,11,8,55,8.65371033,118,520,51.9514212,9.907653025,8.055337026,9.333912461,517,15,428,40,532,468
36,1000,50,7.7,28,38,951,23,10,16,49,7.997156412,89,533,50.98247496,9.255913577,7.603943368,8.364510184,466,17,485,32,483,517
33,1000,50,7.7,28,46,952,29,12,7,48,8.180232718,94,491,51.2177584,9.589744713,7.257413124,9.081167262,477,17,475,31,494,506
34,1000,50,7.7,28,48,956,27,11,6,44,8.21027671,98,517,51.56103006,9.680993326,8.082223237,8.331840144,468,19,488,25,487,513
39,1000,50,7.7,28,14,948,26,10,16,52,7.590327905,95,522,50.58790885,9.150906779,6.468495359,8.630022422,462,19,486,33,481,519
37,1000,50,7.7,28,27,948,25,13,14,52,7.951534002,83,517,51.21904362,9.245959392,7.524842168,8.364786724,473,19,475,33,492,508
38,1000,50,7.7,28,19,929,31,20,20,71,7.823770178,101,506,50.69531469,9.444479512,6.949755294,8.61454555,452,23,477,48,475,525
36,1000,50,7.7,28,39,951,22,11,16,49,8.03455578,94,502,51.03250778,9.275261769,7.628217335,8.414171773,466,17,485,32,483,517
35,1000,50,7.7,28,34,953,25,13,9,47,7.706123141,98,516,51.14359185,9.353532841,6.910453399,8.470590149,475,15,478,32,490,510
32,1000,50,7.7,28,69,945,36,11,8,55,8.682191648,99,507,51.96583737,9.92688263,8.073789408,9.373794193,517,15,428,40,532,468
33,1000,50,7.7,28,47,952,30,11,7,48,8.185528693,110,512,51.26647678,9.602955991,7.269761489,9.079578098,477,17,475,31,494,506
34,1000,50,7.7,28,49,955,28,11,6,45,8.254794389,96,485,51.58591101,9.707683887,8.147954293,8.356219587,468,19,487,26,487,513
39,1000,50,7.7,28,15,948,27,9,16,52,7.626232171,89,514,50.61348607,9.164485193,6.484623393,8.68425495,462,19,486,33,481,519
37,1000,50,7.7,28,28,950,23,12,15,50,7.989735951,96,516,51.20845045,9.247180562,7.587474156,8.379328084,475,17,475,33,492,508
36,1000,50,7.7,28,40,952,22,10,16,48,8.061995325,100,537,51.07963662,9.302776383,7.634653165,8.461233745,468,15,484,33,483,517
38,1000,50,7.7,28,20,931,31,19,19,69,7.808579919,105,490,50.71697495,9.481391945,6.959762087,8.576557958,452,23,479,46,475,525
35,1000,50,7.7,28,35,952,26,13,9,48,7.720041962,89,514,51.17493655,9.375024419,6.917495898,8.49111563,474,16,478,32,490,510
33,1000,50,7.7,28,48,947,34,12,7,53,8.210549966,103,507,51.30559502,9.623881403,7.281206896,9.11785328,477,17,470,36,494,506
34,1000,50,7.7,28,50,954,29,11,6,46,8.262967572,100,536,51.62382978,9.714170263,8.143078191,8.376780688,468,19,486,27,487,513
32,1000,50,7.7,28,70,946,35,11,8,54,8.716318431,89,550,52.0016991,9.938988684,8.109835953,9.405738684,517,15,429,39,532,468
39,1000,50,7.7,28,16,949,27,9,15,51,7.632043702,122,502,50.65877642,9.189336127,6.513715912,8.668490075,462,19,487,32,481,519
37,1000,50,7.7,28,29,949,24,12,15,51,8.012013529,85,505,51.25408124,9.234829603,7.602718528,8.40841735,474,18,475,33,492,508
36,1000,50,7.7,28,41,953,21,10,16,47,8.088182166,109,527,51.10849322,9.330713954,7.657681925,8.490370979,468,15,485,32,483,517
35,1000,50,7.7,28,36,952,26,11,11,48,7.759432346,96,515,51.21788285,9.385527222,6.945127277,8.541803882,474,16,478,32,490,510
33,1000,50,7.7,28,49,948,33,12,7,52,8.191343108,100,525,51.33889766,9.633856535,7.300386483,9.061170327,478,16,470,36,494,506
34,1000,50,7.7,28,51,955,28,11,6,45,8.267528475,94,525,51.68664156,9.725593368,8.13516465,8.393183802,469,18,486,27,487,513
38,1000,50,7.7,28,21,930,32,18,20,70,7.85469285,104,517,50.76113545,9.506573083,7.01372289,8.615570434,451,24,479,46,475,525
32,1000,50,7.7,28,71,946,35,11,8,54,8.760494953,103,524,52.0485395,9.975540853,8.162308333,9.440484872,517,15,429,39,532,468
37,1000,50,7.7,28,30,948,25,12,15,52,8.03106764,102,512,51.29115885,9.254116016,7.630005027,8.41949836,474,18,474,34,492,508
39,1000,50,7.7,28,17,949,28,9,14,51,7.685186787,81,511,50.70329899,9.200192631,6.526116644,8.75939245,463,18,486,33,481,519
36,1000,50,7.7,28,42,953,21,10,16,47,8.114768074,95,500,51.12024997,9.362288235,7.692699613,8.509079615,468,15,485,32,483,517
34,1000,50,7.7,28,52,954,29,11,6,46,8.282517141,97,510,51.69327858,9.734398094,8.12135542,8.435510823,468,19,486,27,487,513
35,1000,50,7.7,28,37,953,26,10,11,47,7.78440416,118,518,51.25971679,9.42797544,6.975919203,8.561183826,474,16,479,31,490,510
33,1000,50,7.7,28,50,947,34,13,6,53,8.198598771,102,499,51.37660556,9.647319834,7.342082931,9.034801982,477,17,470,36,494,506
38,1000,50,7.7,28,22,932,31,17,20,68,7.904975092,100,529,50.77674403,9.514555013,7.07855668,8.652686989,451,24,481,44,475,525
32,1000,50,7.7,28,72,946,35,11,8,54,8.799196195,104,554,52.07363055,9.99416915,8.177713744,9.505667698,517,15,429,39,532,468
36,1000,50,7.7,28,43,951,23,10,16,49,8.140726664,95,543,51.18695972,9.381352406,7.713934994,8.539450796,468,15,483,34,483,517
37,1000,50,7.7,28,31,947,26,13,14,53,8.046078267,90,510,51.31018279,9.261569788,7.669037588,8.411243649,472,20,475,33,492,508
39,1000,50,7.7,28,18,949,28,9,14,51,7.690482672,97,500,50.76105501,9.227682674,6.557158775,8.740827169,463,18,486,33,481,519
34,1000,50,7.7,28,53,954,30,10,6,46,8.281085509,126,533,51.72518277,9.741363191,8.145699119,8.40961021,467,20,487,26,487,513
33,1000,50,7.7,28,51,946,35,13,6,54,8.231110572,113,538,51.40930196,9.701514899,7.383233294,9.058880089,476,18,470,36,494,506
35,1000,50,7.7,28,38,952,27,10,11,48,7.810580827,101,505,51.29860379,9.434096013,7.03463378,8.556098577,473,17,479,31,490,510
36,1000,50,7.7,28,44,952,22,10,16,48,8.171859353,94,506,51.21643753,9.389840274,7.759728922,8.556886429,468,15,484,33,483,517
38,1000,50,7.7,28,23,933,29,18,20,67,7.937705315,97,496,50.80159145,9.522506603,7.091605798,8.703223926,452,23,481,44,475,525
37,1000,50,7.7,28,32,947,26,12,15,53,8.054912347,100,529,51.33755082,9.278074415,7.637375977,8.459297966,472,20,475,33,492,508
32,1000,50,7.7,28,73,946,35,11,8,54,8.806095339,95,523,52.10968668,10.02881983,8.19997948,9.495098838,517,15,429,39,532,468
39,1000,50,7.7,28,19,948,29,10,13,52,7.729828219,105,506,50.77854206,9.225210772,6.585633331,8.790247759,463,18,485,34,481,519
34,1000,50,7.7,28,54,954,30,9,7,46,8.27680261,115,516,51.76567576,9.743801499,8.138748564,8.407859764,467,20,487,26,487,513
33,1000,50,7.7,28,52,947,34,13,6,53,8.238534133,108,509,51.44532384,9.736377867,7.392527369,9.064477496,476,18,471,35,494,506
35,1000,50,7.7,28,39,952,27,9,12,48,7.852180317,101,522,51.37039096,9.462360084,7.049972827,8.622928691,473,17,479,31,490,510
36,1000,50,7.7,28,45,951,21,12,16,49,8.20145487,104,532,51.25116256,9.382475893,7.778676635,8.596429507,468,15,483,34,483,517
38,1000,50,7.7,28,24,932,33,17,18,68,7.948222874,91,508,50.82999439,9.539263965,7.116029426,8.701159804,451,24,481,44,475,525
37,1000,50,7.7,28,33,950,23,14,13,50,8.003913962,100,526,51.36641986,9.278445919,7.622469359,8.373344561,473,19,477,31,492,508
34,1000,50,7.7,28,55,955,30,9,6,45,8.28171997,87,540,51.79067431,9.762624296,8.176291716,8.381804882,467,20,488,25,487,513
39,1000,50,7.7,28,20,949,29,10,12,51,7.74306074,92,518,50.79571775,9.256735507,6.611254813,8.791998411,463,18,486,33,481,519
32,1000,50,7.7,28,74,948,35,9,8,52,8.806861873,117,555,52.13984784,10.04316416,8.179603864,9.519898755,519,13,429,39,532,468
33,1000,50,7.7,28,53,948,33,13,6,52,8.268315601,103,482,51.48428234,9.731971887,7.404807645,9.111345107,477,17,471,35,494,506
36,1000,50,7.7,28,46,952,21,12,15,48,8.247172005,91,512,51.31985325,9.397480373,7.774879144,8.688404987,468,15,484,33,483,517
35,1000,50,7.7,28,40,952,27,9,12,48,7.867210325,112,524,51.41002132,9.487729152,7.078005276,8.625466156,473,17,479,31,490,510
38,1000,50,7.7,28,25,932,33,17,18,68,8.00826307,109,511,50.8545501,9.550643588,7.163029753,8.772997976,451,24,481,44,475,525
37,1000,50,7.7,28,34,950,23,13,14,50,8.048055745,103,489,51.38966085,9.302931864,7.659217574,8.424647044,473,19,477,31,492,508
34,1000,50,7.7,28,56,954,31,9,6,46,8.296683948,92,553,51.81898457,9.762833416,8.194914457,8.393295531,467,20,487,26,487,513
39,1000,50,7.7,28,21,946,32,10,12,54,7.768826228,107,480,50.82240269,9.27639186,6.641745196,8.81338495,462,19,484,35,481,519
32,1000,50,7.7,28,75,947,36,9,8,53,8.853977513,108,535,52.18406977,10.0415071,8.240592212,9.551244564,519,13,428,40,532,468
33,1000,50,7.7,28,54,948,32,13,7,52,8.275992361,99,517,51.51626294,9.757100427,7.423653341,9.108117808,477,17,471,35,494,506
36,1000,50,7.7,28,47,952,21,12,15,48,8.282875325,93,490,51.34271875,9.432337923,7.795564707,8.738138435,468,15,484,33,483,517
35,1000,50,7.7,28,41,952,27,9,12,48,7.871592917,97,518,51.44978499,9.506451945,7.076907771,8.635113939,473,17,479,31,490,510
38,1000,50,7.7,28,26,933,32,17,18,67,8.029267927,114,539,50.88960769,9.560936409,7.161751612,8.81416364,451,24,482,43,475,525
34,1000,50,7.7,28,57,954,32,9,5,46,8.283032081,97,524,51.83317164,9.771798051,8.182133534,8.378816861,467,20,487,26,487,513
37,1000,50,7.7,28,35,950,23,13,14,50,8.046955679,97,509,51.4227295,9.309017441,7.675431224,8.406778577,473,19,477,31,492,508
39,1000,50,7.7,28,22,946,32,10,12,54,7.811640587,103,498,50.87280658,9.293301399,6.66130954,8.877747011,462,19,484,35,481,519
36,1000,50,7.7,28,48,951,22,12,15,49,8.311637364,94,525,51.38377873,9.436950621,7.844720632,8.747847773,467,16,484,33,483,517
33,1000,50,7.7,28,55,949,31,13,7,51,8.28172526,118,542,51.55093107,9.772449816,7.479523035,9.064902926,477,17,472,34,494,506
32,1000,50,7.7,28,76,945,38,9,8,55,8.854714848,108,537,52.19510441,10.0435584,8.240878886,9.552494189,517,15,428,40,532,468
35,1000,50,7.7,28,42,951,29,10,10,49,7.9118238,99,513,51.49677725,9.506853436,7.135594177,8.657613046,473,17,478,32,490,510
34,1000,50,7.7,28,58,953,33,9,5,47,8.303583763,124,547,51.86160077,9.779915538,8.229568206,8.373848044,466,21,487,26,487,513
38,1000,50,7.7,28,27,935,32,16,17,65,8.0374328,95,508,50.92803028,9.558194681,7.182647377,8.810810086,451,24,484,41,475,525
37,1000,50,7.7,28,36,950,21,16,13,50,8.048358488,90,487,51.49311139,9.300859264,7.711264502,8.37483534,473,19,477,31,492,508
36,1000,50,7.7,28,49,950,23,12,15,50,8.340469564,98,515,51.44209687,9.458868043,7.878425916,8.772127362,466,17,484,33,483,517
39,1000,50,7.7,28,23,946,32,10,12,54,7.836866441,95,513,50.87803163,9.298889292,6.720910521,8.871114606,462,19,484,35,481,519
33,1000,50,7.7,28,56,947,33,13,7,53,8.321858042,104,526,51.56849183,9.773194174,7.515514776,9.109078543,477,17,470,36,494,506
32,1000,50,7.7,28,77,945,39,8,8,55,8.838234322,104,535,52.23545812,10.06928088,8.239218736,9.519166569,516,16,429,39,532,468
35,1000,50,7.7,28,43,950,30,10,10,50,7.945227768,96,524,51.50211937,9.539515401,7.187393009,8.673343517,473,17,477,33,490,510
34,1000,50,7.7,28,59,951,32,12,5,49,8.33854984,113,500,51.88064253,9.801984535,8.275196868,8.39869194,464,23,487,26,487,513
38,1000,50,7.7,28,28,935,32,16,17,65,8.038752281,111,515,50.94229157,9.565200898,7.210695323,8.787946671,450,25,485,40,475,525
37,1000,50,7.7,28,37,949,22,16,13,51,8.072856458,94,501,51.49951492,9.306172964,7.77511923,8.361216135,472,20,477,31,492,508
36,1000,50,7.7,28,50,950,23,12,15,50,8.350981275,99,533,51.46330793,9.466961348,7.885762156,8.785605712,466,17,484,33,483,517
39,1000,50,7.7,28,24,946,32,10,12,54,7.873424648,90,501,50.89991597,9.319026813,6.751139459,8.913538667,462,19,484,35,481,519
33,1000,50,7.7,28,57,947,33,13,7,53,8.330936882,101,520,51.60875601,9.78026358,7.519623478,9.123009652,477,17,470,36,494,506
34,1000,50,7.7,28,60,950,31,14,5,50,8.364987988,104,513,51.88791518,9.793288456,8.299436529,8.42721715,464,23,486,27,487,513
32,1000,50,7.7,28,78,945,39,8,8,55,8.87176563,105,558,52.26216644,10.07954797,8.300024815,9.521693222,515,17,430,38,532,468
35,1000,50,7.7,28,44,950,30,10,10,50,7.961522099,104,567,51.58257575,9.558333637,7.212887127,8.680798838,473,17,477,33,490,510
38,1000,50,7.7,28,29,935,32,16,17,65,8.06731319,119,527,50.97686292,9.567122602,7.211832735,8.841319316,450,25,485,40,475,525
37,1000,50,7.7,28,38,948,23,16,13,52,8.117987268,87,511,51.53125271,9.331147321,7.812646327,8.413711171,472,20,476,32,492,508
36,1000,50,7.7,28,51,950,23,12,15,50,8.347969739,125,518,51.49832006,9.483569683,7.802205372,8.857842445,467,16,483,34,483,517
33,1000,50,7.7,28,58,949,31,13,7,51,8.336361892,113,497,51.60364229,9.800638502,7.526139891,9.127369141,477,17,472,34,494,506
39,1000,50,7.7,28,25,948,29,11,12,52,7.868861002,99,524,50.93242023,9.333282173,6.786095197,8.872349156,462,19,486,33,481,519
34,1000,50,7.7,28,61,946,34,15,5,54,8.416688307,102,546,51.94203472,9.801902491,8.353504172,8.476670128,462,25,484,29,487,513
35,1000,50,7.7,28,45,950,31,10,9,50,7.959209564,94,527,51.61482064,9.591876479,7.232516001,8.65740534,473,17,477,33,490,510
32,1000,50,7.7,28,79,946,39,8,7,54,8.848764766,115,525,52.29373731,10.1038237,8.287698453,9.486558096,514,18,432,36,532,468
38,1000,50,7.7,28,30,935,32,16,17,65,8.084597344,111,515,51.02659037,9.59386164,7.246535288,8.842843967,450,25,485,40,475,525
36,1000,50,7.7,28,52,951,22,12,15,49,8.366606303,100,528,51.51932454,9.491923034,7.848616409,8.850531098,467,16,484,33,483,517
37,1000,50,7.7,28,39,949,22,16,13,51,8.146765836,87,526,51.55523883,9.351366503,7.856722406,8.42767404,472,20,477,31,492,508
33,1000,50,7.7,28,59,950,32,11,7,50,8.341016993,105,538,51.66265015,9.818906348,7.562921957,9.100659183,477,17,473,33,494,506
39,1000,50,7.7,28,26,947,30,11,12,53,7.928695603,93,516,50.96341235,9.348371333,6.870889501,8.909051548,463,18,484,35,481,519
34,1000,50,7.7,28,62,948,32,14,6,52,8.405722921,110,510,51.98024088,9.814912696,8.334050708,8.473762624,464,23,484,29,487,513
35,1000,50,7.7,28,46,948,33,10,9,52,7.987743134,98,522,51.63304495,9.619159032,7.288994877,8.659089499,470,20,478,32,490,510
36,1000,50,7.7,28,53,950,23,12,15,50,8.397407984,107,482,51.56400069,9.514549565,7.917131924,8.846099158,466,17,484,33,483,517
32,1000,50,7.7,28,80,947,39,7,7,53,8.863973645,112,531,52.3477102,10.12020335,8.300338533,9.504687063,515,17,432,36,532,468
38,1000,50,7.7,28,31,935,33,16,16,65,8.095844833,92,485,51.05814659,9.596332569,7.300726454,8.815237652,449,26,486,39,475,525
37,1000,50,7.7,28,40,950,21,15,14,50,8.168950785,78,541,51.58700105,9.392097777,7.878229309,8.45051568,472,20,478,30,492,508
33,1000,50,7.7,28,60,950,31,11,8,50,8.394460618,101,512,51.69083537,9.828559521,7.634268672,9.136624296,477,17,473,33,494,506
39,1000,50,7.7,28,27,946,31,10,13,54,7.973353534,96,511,50.98215653,9.37110833,6.914797727,8.954404292,462,19,484,35,481,519
34,1000,50,7.7,28,63,948,32,14,6,52,8.414098275,98,529,52.02977589,9.838768909,8.351786289,8.473252149,464,23,484,29,487,513
36,1000,50,7.7,28,54,949,24,12,15,51,8.438515727,101,513,51.60076766,9.541671937,7.966427409,8.879557618,465,18,484,33,483,517
35,1000,50,7.7,28,47,948,33,10,9,52,7.959138613,112,528,51.63612016,9.614751666,7.291047286,8.601030281,470,20,478,32,490,510
38,1000,50,7.7,28,32,936,33,16,15,64,8.106890136,109,541,51.08840663,9.617981879,7.323655741,8.815530779,449,26,487,38,475,525
32,1000,50,7.7,28,81,946,39,8,7,54,8.880448215,110,545,52.36834096,10.13540129,8.304606995,9.535036952,514,18,432,36,532,468
37,1000,50,7.7,28,41,949,22,15,14,51,8.199347833,79,527,51.60559613,9.416016286,7.901616109,8.48770218,472,20,477,31,492,508
34,1000,50,7.7,28,64,948,30,16,6,52,8.430320345,100,517,52.064265,9.86409961,8.405497747,8.453884877,463,24,485,28,487,513
33,1000,50,7.7,28,61,949,30,13,8,51,8.389930899,101,525,51.72211817,9.834538599,7.626357584,9.135395757,477,17,472,34,494,506
39,1000,50,7.7,28,28,947,30,10,13,53,7.965234404,120,527,50.99725353,9.368322217,6.895233738,8.956892053,462,19,485,34,481,519
36,1000,50,7.7,28,55,950,23,12,15,50,8.494997834,84,521,51.63870245,9.579212286,8.040668303,8.919448828,465,18,485,32,483,517
35,1000,50,7.7,28,48,948,33,10,9,52,7.972592043,104,500,51.66389677,9.641451387,7.283997542,8.634182837,470,20,478,32,490,510
38,1000,50,7.7,28,33,934,35,16,15,66,8.135828109,90,520,51.11298135,9.608602827,7.352363113,8.84467739,449,26,485,40,475,525
37,1000,50,7.7,28,42,950,21,15,14,50,8.242755364,98,529,51.61253179,9.426826756,7.953003504,8.523381181,472,20,478,30,492,508
34,1000,50,7.7,28,65,947,31,15,7,53,8.44657822,97,485,52.07138516,9.89160558,8.441373498,8.451519154,463,24,484,29,487,513
32,1000,50,7.7,28,82,944,40,8,8,56,8.928162248,91,523,52.41394208,10.16436826,8.331311316,9.606633821,512,20,432,36,532,468
33,1000,50,7.7,28,62,948,31,13,8,52,8.41249815,89,485,51.7533792,9.862745042,7.664676672,9.142584731,476,18,472,34,494,506
39,1000,50,7.7,28,29,947,27,13,13,53,8.00372051,103,519,51.01246734,9.37244704,6.949745837,8.980525555,462,19,485,34,481,519
36,1000,50,7.7,28,56,950,23,11,16,50,8.500600255,114,519,51.65444205,9.607954315,8.02698143,8.943072,465,18,485,32,483,517
35,1000,50,7.7,28,49,948,33,11,8,52,7.96329241,100,501,51.71571852,9.661971344,7.299929431,8.600641156,470,20,478,32,490,510
38,1000,50,7.7,28,34,933,36,16,15,67,8.147030742,98,500,51.14730728,9.633536809,7.379023547,8.841894395,449,26,484,41,475,525
34,1000,50,7.7,28,66,946,32,15,7,54,8.500960793,94,518,52.11440578,9.915752146,8.498158496,8.503621064,463,24,483,30,487,513
37,1000,50,7.7,28,43,949,21,16,14,51,8.271497101,98,541,51.64130009,9.461706408,7.969551399,8.563932702,472,20,477,31,492,508
33,1000,50,7.7,28,63,948,31,13,8,52,8.430044021,115,521,51.80403034,9.888252641,7.66532852,9.176623976,476,18,472,34,494,506
39,1000,50,7.7,28,30,947,28,12,13,53,7.997820016,102,526,51.03657973,9.39912091,6.957724422,8.961762176,462,19,485,34,481,519
32,1000,50,7.7,28,83,946,38,8,8,54,8.948319051,112,546,52.47654948,10.18111263,8.316322268,9.666742743,514,18,432,36,532,468
36,1000,50,7.7,28,57,951,23,11,15,49,8.476109193,118,528,51.67676597,9.624277991,7.944714925,8.972556835,466,17,485,32,483,517
35,1000,50,7.7,28,50,949,32,11,8,51,7.953409467,106,549,51.71603814,9.688265415,7.313487905,8.568236066,470,20,479,31,490,510
38,1000,50,7.7,28,35,934,35,16,15,66,8.15319636,90,511,51.17692713,9.637242369,7.357205447,8.873378615,450,25,484,41,475,525
37,1000,50,7.7,28,44,951,20,15,14,49,8.276117853,107,528,51.68445105,9.477764922,7.944038513,8.597738,473,19,478,30,492,508
34,1000,50,7.7,28,67,946,32,15,7,54,8.54017251,97,556,52.1603537,9.925539878,8.55015873,8.530692415,463,24,483,30,487,513
33,1000,50,7.7,28,64,947,33,13,7,53,8.440428106,83,550,51.82844393,9.916436522,7.69587774,9.167321151,475,19,472,34,494,506
36,1000,50,7.7,28,58,950,24,11,15,50,8.503332654,96,511,51.74153768,9.637029874,7.965867077,9.005452332,466,17,484,33,483,517
39,1000,50,7.7,28,31,948,28,11,13,52,7.975796373,106,516,51.10093023,9.40890599,6.975356673,8.902986154,462,19,486,33,481,519
32,1000,50,7.7,28,84,947,37,8,8,53,8.98030173,112,509,52.49617495,10.19564629,8.355851008,9.690147423,514,18,433,35,532,468
35,1000,50,7.7,28,51,946,34,12,8,54,7.99759199,106,480,51.73200552,9.699224938,7.341275982,8.628170115,468,22,478,32,490,510
34,1000,50,7.7,28,68,947,31,15,7,53,8.555779179,112,502,52.174751,9.927296632,8.578758178,8.533964808,464,23,483,30,487,513
37,1000,50,7.7,28,45,951,19,15,15,49,8.273753295,102,526,51.68805293,9.479820586,7.93638568,8.600495158,473,19,478,30,492,508
38,1000,50,7.7,28,36,935,34,16,15,65,8.193314477,103,515,51.19160982,9.660232214,7.406811412,8.904912488,451,24,484,41,475,525
33,1000,50,7.7,28,65,949,31,13,7,51,8.424335281,104,523,51.85807339,9.94228426,7.679575759,9.151432522,476,18,473,33,494,506
36,1000,50,7.7,28,59,950,24,11,15,50,8.524438876,105,522,51.73836242,9.650989317,7.96289829,9.049050294,466,17,484,33,483,517
39,1000,50,7.7,28,32,950,26,11,13,50,7.989736954,94,517,51.12203478,9.407613671,6.983631886,8.922177297,463,18,487,32,481,519
32,1000,50,7.7,28,85,946,39,8,7,54,8.973258337,102,505,52.50659711,10.19665632,8.36584981,9.663731277,514,18,432,36,532,468
35,1000,50,7.7,28,52,947,32,13,8,53,8.035740767,100,511,51.76943593,9.728408459,7.361780745,8.683270984,468,22,479,31,490,510
34,1000,50,7.7,28,69,947,31,15,7,53,8.605117924,93,525,52.21939429,9.950995783,8.656983697,8.555880826,465,22,482,31,487,513
38,1000,50,7.7,28,37,935,34,16,15,65,8.191606144,84,511,51.23038571,9.679830765,7.397409729,8.910164806,451,24,484,41,475,525
37,1000,50,7.7,28,46,951,19,16,14,49,8.267788261,117,504,51.71339304,9.490277388,7.909088377,8.615190511,473,19,478,30,492,508
36,1000,50,7.7,28,60,950,24,11,15,50,8.551685355,81,516,51.78621552,9.689055867,7.977683222,9.087938798,466,17,484,33,483,517
33,1000,50,7.7,28,66,948,32,14,6,52,8.432348006,104,517,51.88873596,9.949930041,7.684266513,9.162688437,476,18,472,34,494,506
39,1000,50,7.7,28,33,952,24,11,13,48,7.987645674,95,523,51.13055142,9.416270512,6.939817162,8.958754565,465,16,487,32,481,519
34,1000,50,7.7,28,70,947,31,15,7,53,8.602633611,107,542,52.22891546,9.967821506,8.672251623,8.536543998,466,21,481,32,487,513
35,1000,50,7.7,28,53,945,33,14,8,55,8.029851251,108,498,51.78606261,9.751805554,7.368676103,8.665097961,468,22,477,33,490,510
32,1000,50,7.7,28,86,946,40,7,7,54,8.953030662,113,523,52.55065996,10.21670114,8.352980674,9.635138769,513,19,433,35,532,468
38,1000,50,7.7,28,38,936,33,17,14,64,8.18139172,118,515,51.26175127,9.700474538,7.422923365,8.867624994,452,23,484,41,475,525
36,1000,50,7.7,28,61,950,24,12,14,50,8.568086283,113,534,51.81252048,9.716556128,8.005520029,9.093655916,466,17,484,33,483,517
37,1000,50,7.7,28,47,950,21,16,13,50,8.289476064,102,512,51.73469531,9.496060803,7.9135356,8.653575885,473,19,477,31,492,508
33,1000,50,7.7,28,67,946,34,15,5,54,8.414060085,106,543,51.9026728,9.967198531,7.685971165,9.124882073,476,18,470,36,494,506
39,1000,50,7.7,28,34,952,22,13,13,48,8.018603717,111,482,51.1675911,9.429718866,6.929882041,9.027611668,465,16,487,32,481,519
34,1000,50,7.7,28,71,947,31,15,7,53,8.598077753,110,534,52.26914665,9.999708391,8.668859875,8.53088303,466,21,481,32,487,513
35,1000,50,7.7,28,54,944,34,14,8,56,8.033981068,112,534,51.79695593,9.768793714,7.340629514,8.700142366,468,22,476,34,490,510
36,1000,50,7.7,28,62,950,24,12,14,50,8.606572659,90,521,51.85773276,9.715988552,8.028568159,9.146565257,467,16,483,34,483,517
37,1000,50,7.7,28,48,949,22,16,13,51,8.32594964,106,535,51.75093328,9.519275608,7.933848087,8.705701538,473,19,476,32,492,508
38,1000,50,7.7,28,39,935,32,19,14,65,8.243611059,107,498,51.30479104,9.708719742,7.524182171,8.894522909,452,23,483,42,475,525
32,1000,50,7.7,28,87,945,41,7,7,55,8.983793238,112,554,52.6101644,10.24849735,8.366620181,9.685366029,512,20,433,35,532,468
33,1000,50,7.7,28,68,947,33,15,5,53,8.416951942,112,520,51.9621101,9.996832433,7.638005532,9.177425314,477,17,470,36,494,506
39,1000,50,7.7,28,35,953,21,13,13,47,8.039992532,83,492,51.17741601,9.449146412,6.95705316,9.043641545,465,16,488,31,481,519
34,1000,50,7.7,28,72,947,31,15,7,53,8.62572413,95,531,52.33483016,9.981973404,8.666694931,8.586829822,466,21,481,32,487,513
36,1000,50,7.7,28,63,949,24,13,14,51,8.624884888,109,518,51.87911896,9.73182258,8.041222349,9.170163431,467,16,482,35,483,517
35,1000,50,7.7,28,55,943,35,14,8,57,8.047680012,103,527,51.83478925,9.778684182,7.394881014,8.674879048,467,23,476,34,490,510
37,1000,50,7.7,28,49,948,24,15,13,52,8.344840073,98,516,51.76275468,9.533734007,7.983884283,8.694427177,472,20,476,32,492,508
33,1000,50,7.7,28,69,949,32,14,5,51,8.434698763,86,538,52.00084097,10.0142767,7.684123673,9.167473653,477,17,472,34,494,506
38,1000,50,7.7,28,40,935,31,20,14,65,8.282441776,101,500,51.33886144,9.745276655,7.59317486,8.906064223,452,23,483,42,475,525
32,1000,50,7.7,28,88,944,42,7,7,56,9.007552289,113,530,52.63922825,10.25475487,8.417043269,9.678814679,511,21,433,35,532,468
34,1000,50,7.7,28,73,947,31,15,7,53,8.650882378,99,535,52.34259482,9.998372458,8.723932074,8.581535006,466,21,481,32,487,513
36,1000,50,7.7,28,64,947,26,13,14,53,8.646288084,113,550,51.94867431,9.754126443,8.049790544,9.203557546,466,17,481,36,483,517
39,1000,50,7.7,28,36,954,21,13,12,46,8.035109295,97,496,51.20325001,9.478608427,6.969377884,9.022810274,465,16,489,30,481,519
35,1000,50,7.7,28,56,942,36,14,8,58,8.071439195,104,530,51.88470084,9.780477808,7.444432976,8.673856936,466,24,476,34,490,510
37,1000,50,7.7,28,50,949,23,15,13,51,8.355316976,103,539,51.79801484,9.542732223,7.975267565,8.723396328,473,19,476,32,492,508
33,1000,50,7.7,28,70,948,33,15,4,52,8.44067353,108,540,52.03112304,10.02407073,7.675780695,9.187426614,477,17,471,35,494,506
38,1000,50,7.7,28,41,935,32,20,13,65,8.30664388,93,518,51.39549425,9.751509071,7.650783561,8.900041311,452,23,483,42,475,525
32,1000,50,7.7,28,89,945,42,7,6,55,9.03505533,100,521,52.6823279,10.27588949,8.429320855,9.723625288,511,21,434,34,532,468
34,1000,50,7.7,28,74,948,30,15,7,52,8.637500209,108,538,52.37027784,10.00545434,8.677230657,8.599783389,467,20,481,32,487,513
36,1000,50,7.7,28,65,947,26,14,13,53,8.652112209,107,543,51.95955563,9.7670794,8.027955757,9.235221621,466,17,481,36,483,517
39,1000,50,7.7,28,37,954,21,13,12,46,8.056992438,111,530,51.23154677,9.49685936,7.010175646,9.027163684,465,16,489,30,481,519
35,1000,50,7.7,28,57,942,36,14,8,58,8.07859492,104,512,51.92303729,9.787660876,7.44805649,8.684406353,466,24,476,34,490,510
37,1000,50,7.7,28,51,948,24,15,13,52,8.37019331,96,546,51.79930534,9.548532156,7.981240828,8.746895319,472,20,476,32,492,508
33,1000,50,7.7,28,71,948,32,16,4,52,8.492085815,113,487,52.0563539,10.04280349,7.706598264,9.258945203,477,17,471,35,494,506
38,1000,50,7.7,28,42,935,33,19,13,65,8.325800606,105,497,51.43496082,9.773472096,7.693238077,8.898119084,451,24,484,41,475,525
34,1000,50,7.7,28,75,947,31,15,7,53,8.645714763,88,516,52.41490543,10.0149744,8.679882649,8.613278583,466,21,481,32,487,513
36,1000,50,7.7,28,66,947,26,14,13,53,8.673045864,94,533,51.99200292,9.805581699,8.051181882,9.254013569,466,17,481,36,483,517
32,1000,50,7.7,28,90,946,44,5,5,54,9.016921883,116,520,52.70474055,10.28087923,8.426269558,9.688347175,511,21,435,33,532,468
39,1000,50,7.7,28,38,954,21,12,13,46,8.120930124,94,516,51.27403124,9.488764328,7.043447986,9.11952147,465,16,489,30,481,519
35,1000,50,7.7,28,58,942,35,15,8,58,8.108242524,107,498,51.94125011,9.813540794,7.441605268,8.748737142,468,22,474,36,490,510
37,1000,50,7.7,28,52,947,26,14,13,53,8.366961672,87,532,51.82868915,9.557340102,7.984107576,8.737757372,471,21,476,32,492,508
33,1000,50,7.7,28,72,949,31,16,4,51,8.47643299,115,543,52.08495121,10.03760219,7.724618837,9.210417558,477,17,472,34,494,506
38,1000,50,7.7,28,43,935,34,19,12,65,8.325127453,118,503,51.48111861,9.78543242,7.678491297,8.910179212,451,24,484,41,475,525
36,1000,50,7.7,28,67,947,26,13,14,53,8.687104594,92,536,52.02641924,9.832912487,8.085415393,9.249224292,465,18,482,35,483,517
34,1000,50,7.7,28,76,947,30,16,7,53,8.673405383,96,507,52.42054927,10.03164922,8.708950212,8.639662045,466,21,481,32,487,513
32,1000,50,7.7,28,91,945,46,4,5,55,9.03070937,99,528,52.76193375,10.29959797,8.437125949,9.705466591,510,22,435,33,532,468
39,1000,50,7.7,28,39,954,22,11,13,46,8.144734923,86,515,51.279952,9.531018597,7.05206101,9.157405737,465,16,489,30,481,519
35,1000,50,7.7,28,59,943,35,15,7,57,8.109267761,108,516,51.97349746,9.831978794,7.439805667,8.75247644,468,22,475,35,490,510
37,1000,50,7.7,28,53,948,26,13,13,52,8.358011658,109,518,51.85689511,9.577592958,7.956008896,8.747352915,471,21,477,31,492,508
33,1000,50,7.7,28,73,948,32,16,4,52,8.518531258,112,519,52.10398418,10.0950292,7.765481598,9.253722032,477,17,471,35,494,506
36,1000,50,7.7,28,68,947,26,13,14,53,8.698179574,104,511,52.08487818,9.837098275,8.126740246,9.232038752,465,18,482,35,483,517
34,1000,50,7.7,28,77,947,29,17,7,53,8.69081343,104,516,52.45606955,10.04121165,8.765207763,8.62018957,465,22,482,31,487,513
38,1000,50,7.7,28,44,934,32,22,12,66,8.394845982,106,537,51.53706896,9.822258826,7.705427712,9.01860537,451,24,483,42,475,525
39,1000,50,7.7,28,40,955,22,10,13,45,8.173416169,110,520,51.31761486,9.550174455,7.065006345,9.200670745,466,15,489,30,481,519
32,1000,50,7.7,28,92,943,48,4,5,57,9.068625359,91,561,52.79489398,10.31772962,8.468838686,9.750434141,510,22,433,35,532,468
35,1000,50,7.7,28,60,943,35,15,7,57,8.151841255,106,540,51.99017866,9.843095031,7.514794047,8.76390622,468,22,475,35,490,510
37,1000,50,7.7,28,54,948,26,13,13,52,8.381275,107,542,51.87596172,9.601385682,7.98299054,8.767015067,471,21,477,31,492,508
36,1000,50,7.7,28,69,947,25,15,13,53,8.722925851,103,511,52.11569768,9.844090558,8.19658755,9.214650028,464,19,483,34,483,517
34,1000,50,7.7,28,78,947,30,17,6,53,8.715318106,108,523,52.51631951,10.06378992,8.796452067,8.638296198,465,22,482,31,487,513
33,1000,50,7.7,28,74,949,32,15,4,51,8.527114964,103,508,52.13286262,10.08573661,7.779295947,9.257199142,477,17,472,34,494,506
38,1000,50,7.7,28,45,936,30,21,13,64,8.404086614,103,522,51.55084007,9.832486715,7.721821521,9.021374079,451,24,485,40,475,525
39,1000,50,7.7,28,41,955,22,10,13,45,8.204983711,107,511,51.36344704,9.580510837,7.132890592,9.19858061,465,16,490,29,481,519
32,1000,50,7.7,28,93,943,48,4,5,57,9.119608266,94,535,52.82678407,10.31721549,8.516390518,9.80531733,510,22,433,35,532,468
34,1000,50,7.7,28,79,944,31,19,6,56,8.744225109,105,527,52.55176353,10.06776643,8.849564856,8.644224219,462,25,482,31,487,513
36,1000,50,7.7,28,70,944,27,15,14,56,8.743713788,113,547,52.15962818,9.839397231,8.196994314,9.254478789,463,20,481,36,483,517
37,1000,50,7.7,28,55,949,25,13,13,51,8.406038889,102,556,51.9227433,9.619391326,7.98210468,8.816620839,472,20,477,31,492,508
33,1000,50,7.7,28,75,949,32,15,4,51,8.533661654,111,532,52.14370374,10.09674312,7.7985224,9.251366776,477,17,472,34,494,506
35,1000,50,7.7,28,61,944,33,15,8,56,8.187216079,103,511,52.04861176,9.859411273,7.554578831,8.795044023,468,22,476,34,490,510
38,1000,50,7.7,28,46,936,30,21,13,64,8.419336783,106,536,51.56519901,9.846229201,7.767781125,9.008839522,451,24,485,40,475,525
36,1000,50,7.7,28,71,942,28,16,14,58,8.818196656,94,535,52.18562001,9.86744904,8.266035994,9.334045011,461,22,481,36,483,517
34,1000,50,7.7,28,80,941,33,20,6,59,8.744426241,113,549,52.61220205,10.08154254,8.825463729,8.667495917,461,26,480,33,487,513
39,1000,50,7.7,28,42,954,22,11,13,46,8.222796325,104,536,51.40702928,9.581826422,7.156109214,9.21138303,465,16,489,30,481,519
37,1000,50,7.7,28,56,949,25,13,13,51,8.425511015,92,506,51.99901332,9.657816646,8.013999188,8.82406184,472,20,477,31,492,508
33,1000,50,7.7,28,76,950,31,15,4,50,8.538438319,100,511,52.2372236,10.09542885,7.806647253,9.252874657,477,17,473,33,494,506
35,1000,50,7.7,28,62,942,35,15,8,58,8.170970651,105,529,52.09924929,9.894186429,7.555198511,8.762594864,467,23,475,35,490,510
32,1000,50,7.7,28,94,943,48,4,5,57,9.116259317,102,518,52.87587097,10.3204199,8.523347852,9.790252692,510,22,433,35,532,468
38,1000,50,7.7,28,47,939,29,20,12,61,8.401567141,119,542,51.61854145,9.862582518,7.777369673,8.96631723,451,24,488,37,475,525
36,1000,50,7.7,28,72,942,28,16,14,58,8.837236229,92,513,52.19960302,9.8925627,8.28225532,9.35571936,461,22,481,36,483,517
34,1000,50,7.7,28,81,939,35,20,6,61,8.78087363,105,529,52.64418959,10.10546439,8.852367301,8.713003421,459,28,480,33,487,513
39,1000,50,7.7,28,43,956,21,11,12,44,8.229077206,104,526,51.44075281,9.605949043,7.155334124,9.224203261,466,15,490,29,481,519
37,1000,50,7.7,28,57,948,26,13,13,52,8.470315733,106,524,52.01953501,9.704755035,8.048330244,8.879010339,472,20,476,32,492,508
33,1000,50,7.7,28,77,951,29,16,4,49,8.569029446,90,531,52.29171392,10.11398317,7.861178891,9.260093032,477,17,474,32,494,506
35,1000,50,7.7,28,63,942,35,15,8,58,8.197710501,99,521,52.12132306,9.917563564,7.581732813,8.789532201,467,23,475,35,490,510
32,1000,50,7.7,28,95,940,51,4,5,60,9.166347457,121,558,52.88408688,10.32460177,8.563306992,9.851854994,508,24,432,36,532,468
38,1000,50,7.7,28,48,939,29,20,12,61,8.418693851,94,523,51.66163745,9.862912831,7.827456041,8.953623299,451,24,488,37,475,525
36,1000,50,7.7,28,73,942,29,15,14,58,8.856279165,105,537,52.2214616,9.934160046,8.31662598,9.360442585,460,23,482,35,483,517
34,1000,50,7.7,28,82,938,36,20,6,62,8.76801318,106,549,52.66363169,10.12278052,8.850626954,8.68958646,459,28,479,34,487,513
33,1000,50,7.7,28,78,949,32,16,3,51,8.571480916,107,531,52.32568667,10.12409103,7.868674615,9.257619873,475,19,474,32,494,506
39,1000,50,7.7,28,44,956,21,12,11,44,8.235620413,93,534,51.49805954,9.624398518,7.178533394,9.215309925,466,15,490,29,481,519
37,1000,50,7.7,28,58,948,26,13,13,52,8.489858957,105,536,52.07787463,9.730125981,8.059061974,8.90708753,472,20,476,32,492,508
35,1000,50,7.7,28,64,942,35,15,8,58,8.243983898,101,517,52.15461152,9.934859021,7.612267141,8.850927449,467,23,475,35,490,510
32,1000,50,7.7,28,96,941,49,5,5,59,9.16033936,116,522,52.90938409,10.34698513,8.599231129,9.798180341,508,24,433,35,532,468
36,1000,50,7.7,28,74,943,29,14,14,57,8.89973094,124,528,52.26702069,9.951925096,8.380562302,9.384756959,460,23,483,34,483,517
34,1000,50,7.7,28,83,938,36,20,6,62,8.78185365,97,537,52.70151524,10.14668904,8.8685077,8.699591423,459,28,479,34,487,513
38,1000,50,7.7,28,49,939,30,18,13,61,8.471988727,98,504,51.68462236,9.885009862,7.890541026,8.998060456,451,24,488,37,475,525
33,1000,50,7.7,28,79,950,31,16,3,50,8.585425955,105,542,52.35447057,10.14806713,7.872784962,9.281166371,475,19,475,31,494,506
39,1000,50,7.7,28,45,956,22,12,10,44,8.211227978,107,518,51.5202818,9.621975421,7.143684219,9.200608611,466,15,490,29,481,519
37,1000,50,7.7,28,59,947,26,14,13,53,8.529125831,97,522,52.09861649,9.732808879,8.074219172,8.96970472,471,21,476,32,492,508
35,1000,50,7.7,28,65,943,33,16,8,57,8.258951327,94,524,52.19624579,9.947712261,7.640813557,8.8528484,468,22,475,35,490,510
32,1000,50,7.7,28,97,943,48,4,5,57,9.13000943,118,550,52.95609674,10.35431555,8.580463932,9.75470645,509,23,434,34,532,468
36,1000,50,7.7,28,75,944,29,13,14,56,8.926157923,96,501,52.28673147,9.979737991,8.44498129,9.375690445,460,23,484,33,483,517
34,1000,50,7.7,28,84,938,36,20,6,62,8.786369109,123,527,52.71791874,10.18773836,8.821032866,8.75346219,460,27,478,35,487,513
38,1000,50,7.7,28,50,938,30,19,13,62,8.503216883,108,511,51.71535514,9.887828105,7.945093392,9.008185756,451,24,487,38,475,525
33,1000,50,7.7,28,80,947,33,17,3,53,8.646058438,95,525,52.40133523,10.15609355,7.994813996,9.281858348,472,22,475,31,494,506
37,1000,50,7.7,28,60,949,26,13,12,51,8.540890322,86,536,52.1382395,9.762078675,8.095925658,8.971840351,472,20,477,31,492,508
39,1000,50,7.7,28,46,956,22,12,10,44,8.249736145,97,522,51.55716188,9.611316977,7.178714714,9.242339823,466,15,490,29,481,519
35,1000,50,7.7,28,66,943,33,16,8,57,8.269643409,106,513,52.21665857,9.951671323,7.684913554,8.831442682,467,23,476,34,490,510
36,1000,50,7.7,28,76,945,30,13,12,55,8.965929032,102,531,52.33175885,9.972966156,8.505436707,9.396137529,461,22,484,33,483,517
34,1000,50,7.7,28,85,938,37,19,6,62,8.781853149,126,518,52.75271279,10.18472432,8.791733283,8.772473762,460,27,478,35,487,513
32,1000,50,7.7,28,98,943,49,4,4,57,9.163819424,117,545,52.9637912,10.36852224,8.606688399,9.797139307,509,23,434,34,532,468
38,1000,50,7.7,28,51,939,30,18,13,61,8.509229492,111,546,51.75642161,9.902744075,7.958996182,9.007059629,452,23,487,38,475,525
37,1000,50,7.7,28,61,950,25,14,11,50,8.541142,100,531,52.13747123,9.776714512,8.076976777,8.990687847,473,19,477,31,492,508
33,1000,50,7.7,28,81,946,35,16,3,54,8.673092946,91,542,52.43559137,10.18022654,8.036577966,9.294512708,471,23,475,31,494,506
39,1000,50,7.7,28,47,956,21,13,10,44,8.274778185,87,526,51.5850333,9.621823567,7.176291637,9.292836045,466,15,490,29,481,519
35,1000,50,7.7,28,67,944,31,17,8,56,8.280213221,118,521,52.25057472,9.991036226,7.711914642,8.826225582,467,23,477,33,490,510
36,1000,50,7.7,28,77,946,30,12,12,54,8.976671453,102,530,52.36367411,9.974316074,8.539520245,9.385073838,461,22,485,32,483,517
34,1000,50,7.7,28,86,938,37,19,6,62,8.816439201,104,536,52.78315918,10.18959796,8.807201818,8.825208413,460,27,478,35,487,513
32,1000,50,7.7,28,99,942,50,4,4,58,9.173987733,115,552,52.97847873,10.40190838,8.598251059,9.828457626,509,23,433,35,532,468
38,1000,50,7.7,28,52,939,30,18,13,61,8.526859943,99,498,51.79582575,9.926692635,7.950253531,9.048551459,452,23,487,38,475,525
37,1000,50,7.7,28,62,951,24,14,11,49,8.558909246,107,553,52.16381844,9.789117057,8.110784086,8.992920228,474,18,477,31,492,508
33,1000,50,7.7,28,82,946,35,15,4,54,8.676811143,105,517,52.45681779,10.19264413,8.072447331,9.266842216,471,23,475,31,494,506
39,1000,50,7.7,28,48,954,23,13,10,46,8.281652711,103,517,51.60817127,9.622312734,7.155229523,9.325601754,465,16,489,30,481,519
35,1000,50,7.7,28,68,944,31,17,8,56,8.281418773,119,531,52.27481349,10.03110844,7.722410402,8.818505247,467,23,477,33,490,510
36,1000,50,7.7,28,78,947,30,12,11,53,8.976584758,114,526,52.39409698,9.979560809,8.519739632,9.40338591,461,22,486,31,483,517
34,1000,50,7.7,28,87,936,39,19,6,64,8.823088514,103,579,52.82128444,10.21038076,8.827313204,8.819077941,457,30,479,34,487,513
38,1000,50,7.7,28,53,939,30,19,12,61,8.531152083,109,528,51.83095555,9.926999361,7.928946226,9.076005001,452,23,487,38,475,525
32,1000,50,7.7,28,100,942,50,4,4,58,9.175513075,120,550,53.03801494,10.41354824,8.598930248,9.830944835,509,23,433,35,532,468
37,1000,50,7.7,28,63,951,24,14,11,49,8.556780904,124,531,52.20153589,9.810935391,8.111607685,8.987932918,474,18,477,31,492,508
33,1000,50,7.7,28,83,947,34,15,4,53,8.702596179,113,502,52.48855518,10.20639988,8.075607242,9.314715814,472,22,475,31,494,506
39,1000,50,7.7,28,49,954,23,12,11,46,8.30850645,110,520,51.64015218,9.640893846,7.140674147,9.390832728,466,15,488,31,481,519
36,1000,50,7.7,28,79,946,29,14,11,54,9.011113093,123,538,52.45136767,10.01860186,8.57014867,9.423077922,461,22,485,32,483,517
34,1000,50,7.7,28,88,937,37,20,6,63,8.825723355,108,542,52.83275418,10.24254276,8.805371352,8.845043873,457,30,480,33,487,513
35,1000,50,7.7,28,69,947,28,17,8,53,8.258431427,110,567,52.30738721,10.04206639,7.719020139,8.776689331,468,22,479,31,490,510
38,1000,50,7.7,28,54,939,30,19,12,61,8.567450817,112,505,51.83023855,9.931407984,7.978283288,9.100507153,452,23,487,38,475,525
33,1000,50,7.7,28,84,947,34,15,4,53,8.731780625,100,517,52.51970957,10.21287313,8.085882121,9.362361378,473,21,474,32,494,506
32,1000,50,7.7,28,101,943,49,4,4,57,9.179211362,124,557,53.06359782,10.45331296,8.575510315,9.865469817,510,22,433,35,532,468
36,1000,50,7.7,28,80,946,29,14,11,54,9.027365429,105,557,52.46957044,10.05691289,8.581582215,9.443832145,461,22,485,32,483,517
37,1000,50,7.7,28,64,951,24,14,11,49,8.578711887,92,559,52.2434945,9.823532477,8.1416977,9.001961849,473,19,478,30,492,508
34,1000,50,7.7,28,89,937,37,20,6,63,8.870943157,101,521,52.84786461,10.25972742,8.834503701,8.905535778,457,30,480,33,487,513
39,1000,50,7.7,28,50,954,23,12,11,46,8.324403108,106,496,51.66571644,9.659613721,7.177483189,9.387348159,466,15,488,31,481,519
35,1000,50,7.7,28,70,946,29,17,8,54,8.277114311,107,529,52.33966168,10.08030991,7.758050034,8.775823126,468,22,478,32,490,510
36,1000,50,7.7,28,81,943,31,15,11,57,9.060406853,103,557,52.50369508,10.07369439,8.610954438,9.48030147,459,24,484,33,483,517
38,1000,50,7.7,28,55,942,28,18,12,58,8.537262908,109,578,51.86412748,9.944825339,7.993985071,9.028799998,452,23,490,35,475,525
37,1000,50,7.7,28,65,950,27,13,10,50,8.588940293,116,539,52.28699246,9.843733179,8.119354857,9.043735635,474,18,476,32,492,508
34,1000,50,7.7,28,90,937,37,21,5,63,8.870089499,116,542,52.8921663,10.25860771,8.842828843,8.895968524,458,29,479,34,487,513
33,1000,50,7.7,28,85,947,34,15,4,53,8.741877733,142,521,52.58397531,10.21584931,8.07695886,9.391027779,473,21,474,32,494,506
32,1000,50,7.7,28,102,943,48,5,4,57,9.195454957,100,520,53.1015352,10.4766937,8.599928619,9.872420794,510,22,433,35,532,468
39,1000,50,7.7,28,51,954,23,13,10,46,8.339770688,107,512,51.72640133,9.66430678,7.196961297,9.398906173,467,14,487,32,481,519
35,1000,50,7.7,28,71,946,29,16,9,54,8.31883715,93,549,52.3449905,10.10772782,7.807869579,8.809766777,468,22,478,32,490,510
36,1000,50,7.7,28,82,943,31,15,11,57,9.074789379,103,512,52.53976582,10.11295262,8.602459454,9.516056987,460,23,483,34,483,517
34,1000,50,7.7,28,91,936,38,21,5,64,8.901448078,108,540,52.94495845,10.26071637,8.878082882,8.923629074,457,30,479,34,487,513
37,1000,50,7.7,28,66,951,26,13,10,49,8.614713734,82,514,52.33712832,9.886426274,8.13004199,9.084120227,475,17,476,32,492,508
38,1000,50,7.7,28,56,945,27,16,12,55,8.525598509,108,525,51.90862824,9.979661371,8.001351934,8.999916838,454,21,491,34,475,525
33,1000,50,7.7,28,86,947,34,15,4,53,8.782031266,113,538,52.62054784,10.23077673,8.13519629,9.413526283,473,21,474,32,494,506
32,1000,50,7.7,28,103,945,46,5,4,55,9.212051754,113,514,53.1425399,10.50501605,8.614817112,9.890959509,510,22,435,33,532,468
35,1000,50,7.7,28,72,946,30,14,10,54,8.35048284,124,529,52.37625419,10.11895303,7.82413627,8.856188367,468,22,478,32,490,510
39,1000,50,7.7,28,52,955,22,13,10,45,8.350007014,77,529,51.74674256,9.673661345,7.221402797,9.395977396,467,14,488,31,481,519
36,1000,50,7.7,28,83,945,30,14,11,55,9.058042593,106,520,52.57082104,10.1448445,8.562006378,9.521457471,461,22,484,33,483,517
34,1000,50,7.7,28,92,936,38,21,5,64,8.908767949,101,540,52.97106998,10.25452797,8.900789924,8.916341628,457,30,479,34,487,513
33,1000,50,7.7,28,87,949,34,14,3,51,8.767180863,105,539,52.6626495,10.23271357,8.154881263,9.364959524,473,21,476,30,494,506
37,1000,50,7.7,28,67,950,27,13,10,50,8.635872919,115,528,52.34980386,9.911420154,8.17586006,9.081397184,474,18,476,32,492,508
38,1000,50,7.7,28,57,945,27,16,12,55,8.521654128,99,463,51.96144527,10.00199429,8.011908148,8.982852872,454,21,491,34,475,525
35,1000,50,7.7,28,73,945,31,14,10,55,8.397299187,115,508,52.38250802,10.14307931,7.819293886,8.952637613,468,22,477,33,490,510
39,1000,50,7.7,28,53,957,22,12,9,43,8.345982664,94,535,51.80536859,9.683989522,7.233896734,9.37664419,468,13,489,30,481,519
32,1000,50,7.7,28,104,945,46,4,5,55,9.214164307,96,538,53.18169506,10.48644884,8.62403067,9.88499998,510,22,435,33,532,468
40,1000,50,7.7,28,0,951,26,15,8,49,6.874,76,516,49.74445535,8.683958099,5.950095969,7.878914405,504,17,447,32,521,479
36,1000,50,7.7,28,84,944,31,14,11,56,9.074069942,118,532,52.59865647,10.17031701,8.54942845,9.564208899,462,21,482,35,483,517
34,1000,50,7.7,28,93,935,38,21,6,65,8.920023936,118,561,53.01592025,10.25961341,8.930557632,8.910024112,456,31,479,34,487,513
37,1000,50,7.7,28,68,949,28,12,11,51,8.67223861,104,527,52.40680773,9.928064673,8.201701467,9.127955686,474,18,475,33,492,508
33,1000,50,7.7,28,88,949,34,13,4,51,8.79611002,112,537,52.72621164,10.26503824,8.187003915,9.39077092,474,20,475,31,494,506
38,1000,50,7.7,28,58,946,27,15,12,54,8.545444654,117,513,52.01430198,10.00787084,8.024406298,9.016860309,455,20,491,34,475,525
35,1000,50,7.7,28,74,945,31,14,10,55,8.420356173,118,540,52.43869247,10.15459921,7.828208213,8.989282644,468,22,477,33,490,510
39,1000,50,7.7,28,54,956,23,12,9,44,8.384663153,89,560,51.80585342,9.709858551,7.261047225,9.426010477,468,13,488,31,481,519
40,1000,50,7.7,28,1,950,27,15,8,50,6.92389193,70,509,49.81297016,8.703375723,6.005607803,7.922693663,504,17,446,33,521,479
36,1000,50,7.7,28,85,943,32,13,12,57,9.089559045,110,532,52.65036162,10.17676291,8.582030448,9.563710519,461,22,482,35,483,517
34,1000,50,7.7,28,94,934,38,22,6,66,8.954534071,80,540,53.0453059,10.26181284,8.923285223,8.984199156,456,31,478,35,487,513
33,1000,50,7.7,28,89,949,34,13,4,51,8.798984005,123,553,52.75624652,10.27102235,8.208733301,9.375236668,474,20,475,31,494,506
37,1000,50,7.7,28,69,950,28,11,11,50,8.676048888,108,538,52.44846477,9.938244362,8.198649883,9.138411704,474,18,476,32,492,508
38,1000,50,7.7,28,59,947,25,16,12,53,8.575651488,101,530,52.06800963,10.02705627,8.053021304,9.048507368,455,20,492,33,475,525
35,1000,50,7.7,28,75,947,30,14,9,53,8.396584703,110,549,52.46018569,10.18340418,7.858219823,8.913837235,468,22,479,31,490,510
39,1000,50,7.7,28,55,954,24,13,9,46,8.397258295,110,501,51.80436597,9.743300793,7.277871097,9.434686508,467,14,487,32,481,519
36,1000,50,7.7,28,86,942,32,14,12,58,9.108670492,116,515,52.67038663,10.20254423,8.583904339,9.598925911,461,22,481,36,483,517
34,1000,50,7.7,28,95,933,38,23,6,67,9.025223908,114,536,53.07737042,10.27646469,8.987550097,9.060988325,455,32,478,35,487,513
40,1000,50,7.7,28,2,950,27,15,8,50,6.949486199,97,486,49.85094735,8.709346639,6.046094873,7.93208929,504,17,446,33,521,479
33,1000,50,7.7,28,90,947,36,13,4,53,8.799898874,120,535,52.78794282,10.27935959,8.208911505,9.376870732,473,21,474,32,494,506
37,1000,50,7.7,28,70,950,29,11,10,50,8.726433337,113,532,52.47583122,9.943810616,8.272562946,9.166008598,474,18,476,32,492,508
38,1000,50,7.7,28,60,946,26,16,12,54,8.622234988,104,528,52.09467696,10.03639135,8.112545057,9.083383021,454,21,492,33,475,525
35,1000,50,7.7,28,76,948,28,15,9,52,8.418074674,102,520,52.48756821,10.19237733,7.861013684,8.953290135,469,21,479,31,490,510
36,1000,50,7.7,28,87,941,33,14,12,59,9.127620526,106,515,52.7229543,10.22128367,8.604412134,9.61642063,461,22,480,37,483,517
39,1000,50,7.7,28,56,955,24,12,9,45,8.424196629,104,522,51.81005229,9.773290935,7.286817653,9.478299303,468,13,487,32,481,519
34,1000,50,7.7,28,96,932,37,25,6,68,9.033638351,108,534,53.10913581,10.30710233,9.012785168,9.053434647,454,33,478,35,487,513
40,1000,50,7.7,28,3,951,26,15,8,49,6.960989228,74,480,49.89245165,8.731802001,6.050075847,7.951773928,505,16,446,33,521,479
33,1000,50,7.7,28,91,945,38,13,4,55,8.823330211,115,538,52.82211623,10.32571279,8.253488118,9.379658263,470,24,475,31,494,506
37,1000,50,7.7,28,71,951,29,10,10,49,8.732910477,100,526,52.50820203,9.967269155,8.286207422,9.165544145,474,18,477,31,492,508
38,1000,50,7.7,28,61,946,26,15,13,54,8.64711168,90,513,52.13842053,10.07076751,8.138614337,9.107180704,454,21,492,33,475,525
36,1000,50,7.7,28,88,942,32,14,12,58,9.153203902,99,526,52.75759494,10.22283584,8.64358706,9.629306289,462,21,480,37,483,517
35,1000,50,7.7,28,77,946,30,15,9,54,8.409950731,120,538,52.55372509,10.19412569,7.869144886,8.929548504,468,22,478,32,490,510
34,1000,50,7.7,28,97,932,36,26,6,68,9.067833983,106,546,53.13527365,10.32875451,9.078821526,9.057403315,454,33,478,35,487,513
39,1000,50,7.7,28,57,955,24,12,9,45,8.442471352,111,523,51.82886687,9.787463967,7.304205409,9.497396051,468,13,487,32,481,519
40,1000,50,7.7,28,4,952,24,16,8,48,6.977339188,99,497,49.9021128,8.761338108,6.049330454,7.986718208,506,15,446,33,521,479
33,1000,50,7.7,28,92,946,37,13,4,54,8.836303469,107,542,52.8625987,10.35463639,8.29952101,9.360355909,470,24,476,30,494,506
37,1000,50,7.7,28,72,951,28,10,11,49,8.747471605,102,526,52.54058317,9.973178239,8.337784295,9.144255377,474,18,477,31,492,508
38,1000,50,7.7,28,62,947,25,16,12,53,8.708301211,95,555,52.18644607,10.11088587,8.206773187,9.162064661,454,21,493,32,475,525
36,1000,50,7.7,28,89,942,32,14,12,58,9.164062903,115,544,52.76862589,10.25003896,8.676552725,9.619512451,462,21,480,37,483,517
34,1000,50,7.7,28,98,931,37,26,6,69,9.099864956,125,526,53.16109504,10.34560671,9.127996332,9.073159341,454,33,477,36,487,513
35,1000,50,7.7,28,78,946,29,16,9,54,8.420073411,101,527,52.57261475,10.21921908,7.877170069,8.941686426,468,22,478,32,490,510
39,1000,50,7.7,28,58,954,25,12,9,46,8.462688897,103,535,51.85581339,9.810008172,7.319850646,9.521851128,467,14,487,32,481,519
40,1000,50,7.7,28,5,952,24,15,9,48,7.001174781,72,517,49.9328712,8.7964518,6.076581922,8.006838413,506,15,446,33,521,479
33,1000,50,7.7,28,93,947,37,12,4,53,8.844050225,109,511,52.87517213,10.38577016,8.28831918,9.386601877,471,23,476,30,494,506
37,1000,50,7.7,28,73,949,30,10,11,51,8.776130512,93,526,52.57616135,10.0117454,8.349450023,9.189372245,474,18,475,33,492,508
36,1000,50,7.7,28,90,941,31,17,11,59,9.195062208,107,530,52.79642225,10.26634429,8.699572395,9.657966618,462,21,479,38,483,517
38,1000,50,7.7,28,63,946,26,16,12,54,8.742370632,89,524,52.21709119,10.14496653,8.23090874,9.205121869,454,21,492,33,475,525
34,1000,50,7.7,28,99,931,38,26,5,69,9.135579958,120,550,53.18484511,10.37392173,9.130766305,9.140149645,455,32,476,37,487,513
39,1000,50,7.7,28,59,955,25,11,9,45,8.453279186,122,509,51.88792743,9.817632052,7.328126791,9.49605048,467,14,488,31,481,519
35,1000,50,7.7,28,79,945,30,16,9,55,8.436571658,110,530,52.62156193,10.23228824,7.898180188,8.953849737,467,23,478,32,490,510
36,1000,50,7.7,28,91,941,31,17,11,59,9.195808905,103,525,52.83127799,10.28034148,8.687977621,9.67024316,462,21,479,38,483,517
33,1000,50,7.7,28,94,945,39,12,4,55,8.883192391,111,520,52.88219914,10.40712261,8.275733062,9.476245569,471,23,474,32,494,506
40,1000,50,7.7,28,6,952,23,16,9,48,7.04202606,79,533,49.97816087,8.809195184,6.137097226,8.026301472,506,15,446,33,521,479
37,1000,50,7.7,28,74,949,30,10,11,51,8.779230457,91,531,52.59272152,10.04388187,8.33652045,9.207996843,473,19,476,32,492,508
34,1000,50,7.7,28,100,931,37,27,5,69,9.145019353,85,539,53.23866409,10.3904843,9.135972969,9.153607246,455,32,476,37,487,513
38,1000,50,7.7,28,64,946,26,16,12,54,8.765246725,90,522,52.25671455,10.15948419,8.235393336,9.244637885,454,21,492,33,475,525
39,1000,50,7.7,28,60,956,26,10,8,44,8.436814823,101,510,51.93411514,9.845516602,7.325308564,9.46693912,467,14,489,30,481,519
35,1000,50,7.7,28,80,945,31,15,9,55,8.425819137,107,510,52.66484604,10.25428305,7.907465486,8.923845194,466,24,479,31,490,510
36,1000,50,7.7,28,92,941,32,16,11,59,9.154459286,115,524,52.85345816,10.29456775,8.680611673,9.597144773,461,22,480,37,483,517
34,1000,50,7.7,28,101,930,38,27,5,70,9.176021771,104,548,53.264648,10.4241889,9.175763057,9.176267372,454,33,476,37,487,513
33,1000,50,7.7,28,95,945,39,11,5,55,8.893991671,99,530,52.89972061,10.42244293,8.25762663,9.515265051,471,23,474,32,494,506
37,1000,50,7.7,28,75,950,28,11,11,50,8.782812775,109,555,52.61041922,10.06014107,8.360149805,9.192163524,473,19,477,31,492,508
40,1000,50,7.7,28,7,953,23,15,9,47,7.07770493,92,499,50.01505352,8.835651727,6.173507032,8.061185316,506,15,447,32,521,479
38,1000,50,7.7,28,65,947,27,15,11,53,8.728190267,115,525,52.30601188,10.17091507,8.195747116,9.209924547,454,21,493,32,475,525
39,1000,50,7.7,28,61,956,25,11,8,44,8.515028104,99,522,51.97931587,9.85651431,7.418276306,9.531478229,467,14,489,30,481,519
35,1000,50,7.7,28,81,945,30,16,9,55,8.418708643,116,513,52.67647213,10.27452132,7.871752629,8.944215402,467,23,478,32,490,510
36,1000,50,7.7,28,93,942,31,16,11,58,9.187423221,115,542,52.89766542,10.30673158,8.700208321,9.642596909,462,21,480,37,483,517
34,1000,50,7.7,28,102,930,38,27,5,70,9.198884025,117,527,53.29112728,10.45095852,9.185104258,9.211965403,454,33,476,37,487,513
33,1000,50,7.7,28,96,945,39,11,5,55,8.915947768,113,547,52.92097188,10.46886398,8.272812298,9.543831014,471,23,474,32,494,506
37,1000,50,7.7,28,76,950,27,12,11,50,8.821311759,113,548,52.63488932,10.09521406,8.435368094,9.195099718,473,19,477,31,492,508
38,1000,50,7.7,28,66,946,27,15,12,54,8.752248512,108,526,52.36847718,10.19444298,8.239816631,9.215877356,453,22,493,32,475,525
40,1000,50,7.7,28,8,953,23,15,9,47,7.128935745,70,493,50.05117201,8.871995325,6.23789833,8.098101702,506,15,447,32,521,479
39,1000,50,7.7,28,62,957,24,11,8,43,8.535447612,104,518,52.0256568,9.888060542,7.42858724,9.561266185,468,13,489,30,481,519
35,1000,50,7.7,28,82,945,30,16,9,55,8.429487355,109,535,52.72134878,10.2926481,7.892517659,8.945399416,467,23,478,32,490,510
36,1000,50,7.7,28,94,942,31,16,11,58,9.197354234,105,525,52.92689757,10.30870214,8.699768053,9.662217145,462,21,480,37,483,517
34,1000,50,7.7,28,103,931,37,27,5,69,9.214246586,97,550,53.31576406,10.4557329,9.172811402,9.253581742,455,32,476,37,487,513
33,1000,50,7.7,28,97,946,38,11,5,54,8.919965537,103,530,52.96626068,10.49462299,8.264362241,9.560020928,472,22,474,32,494,506
37,1000,50,7.7,28,77,952,28,10,10,48,8.817223402,105,542,52.68410112,10.13818717,8.437798668,9.18469775,474,18,478,30,492,508
38,1000,50,7.7,28,67,947,28,14,11,53,8.735231974,121,549,52.42273261,10.21533532,8.250125002,9.174138283,453,22,494,31,475,525
39,1000,50,7.7,28,63,957,24,10,9,43,8.553095861,104,536,52.04967673,9.89923808,7.450355042,9.575096504,468,13,489,30,481,519
35,1000,50,7.7,28,83,945,29,17,9,55,8.495378009,100,534,52.75602242,10.31612327,7.966621372,9.003399092,467,23,478,32,490,510
40,1000,50,7.7,28,9,953,23,15,9,47,7.141835888,93,468,50.06636516,8.901363787,6.292820813,8.065294874,506,15,447,32,521,479
36,1000,50,7.7,28,95,941,31,18,10,59,9.181735748,108,529,52.97571225,10.33605535,8.636407427,9.691201085,462,21,479,38,483,517
34,1000,50,7.7,28,104,930,38,27,5,70,9.258542129,112,541,53.34964676,10.45830428,9.18352414,9.329758036,455,32,475,38,487,513
41,1000,50,7.7,28,0,940,27,17,16,60,7.059,84,485,49.99084747,8.919234034,5.587398374,8.484251969,474,18,466,42,492,508
33,1000,50,7.7,28,98,944,39,12,5,56,8.963546084,98,554,53.02766728,10.52385008,8.315076017,9.596637415,471,23,473,33,494,506
37,1000,50,7.7,28,78,948,32,10,10,52,8.856694378,107,530,52.7316601,10.1449484,8.459458299,9.241419084,473,19,475,33,492,508
38,1000,50,7.7,28,68,947,27,15,11,53,8.778034707,93,523,52.44055809,10.23624059,8.277975203,9.230469497,453,22,494,31,475,525
36,1000,50,7.7,28,96,942,31,18,9,58,9.200493623,125,530,53.00562923,10.35166656,8.695350463,9.672416536,462,21,480,37,483,517
39,1000,50,7.7,28,64,956,25,10,9,44,8.562542009,118,509,52.08472779,9.9087168,7.49023347,9.556338555,468,13,488,31,481,519
35,1000,50,7.7,28,84,943,31,18,8,57,8.52952587,101,551,52.79144492,10.32963343,7.992105821,9.045870623,467,23,476,34,490,510
40,1000,50,7.7,28,10,953,24,15,8,47,7.181049003,113,528,50.10508201,8.922360395,6.343566933,8.09196374,506,15,447,32,521,479
41,1000,50,7.7,28,1,942,26,16,16,58,7.060483329,95,499,50.01903007,8.923875762,5.59146568,8.483232705,476,16,466,42,492,508
33,1000,50,7.7,28,99,943,40,12,5,57,8.992003287,101,536,53.07231681,10.52813005,8.321404553,9.646698493,471,23,472,34,494,506
37,1000,50,7.7,28,79,948,32,10,10,52,8.888557689,94,521,52.74722033,10.1890878,8.509569373,9.255609364,473,19,475,33,492,508
38,1000,50,7.7,28,69,947,27,14,12,53,8.788219021,93,536,52.47534588,10.27147366,8.296530296,9.23308025,453,22,494,31,475,525
36,1000,50,7.7,28,97,945,29,17,9,55,9.211615088,101,511,53.01174948,10.35823287,8.736522891,9.65546331,464,19,481,36,483,517
39,1000,50,7.7,28,65,954,27,10,9,46,8.584619384,117,493,52.12738961,9.957528913,7.505047928,9.585147073,467,14,487,32,481,519
35,1000,50,7.7,28,85,945,31,17,7,55,8.509898295,100,563,52.84636991,10.32977986,8.030740731,8.970265366,467,23,478,32,490,510
40,1000,50,7.7,28,11,953,24,14,9,47,7.161324141,98,508,50.1513766,8.952025316,6.330541304,8.064952237,506,15,447,32,521,479
41,1000,50,7.7,28,2,943,25,16,16,57,7.090402524,93,498,50.03416075,8.908728621,5.668522796,8.467498639,476,16,467,41,492,508
37,1000,50,7.7,28,80,947,33,10,10,53,8.909844,97,543,52.80122742,10.19265704,8.506001539,9.300967013,473,19,474,34,492,508
33,1000,50,7.7,28,100,944,39,12,5,56,9.033611336,109,563,53.14488258,10.55300545,8.407334872,9.645035393,471,23,473,33,494,506
36,1000,50,7.7,28,98,944,30,17,9,56,9.256358811,108,552,53.07059124,10.3642977,8.774833491,9.706217089,464,19,480,37,483,517
38,1000,50,7.7,28,70,947,28,13,12,53,8.833281378,100,516,52.52589492,10.26891028,8.359167328,9.26224171,453,22,494,31,475,525
39,1000,50,7.7,28,66,953,27,9,11,47,8.613835521,111,526,52.1654963,9.982866665,7.514066399,9.633082049,467,14,486,33,481,519
35,1000,50,7.7,28,86,947,30,15,8,53,8.48417777,118,536,52.85751898,10.35742014,8.046725623,8.904474931,467,23,480,30,490,510
40,1000,50,7.7,28,12,953,24,14,9,47,7.188105992,94,490,50.18591038,8.977046495,6.380581489,8.066436402,505,16,448,31,521,479
41,1000,50,7.7,28,3,944,24,17,15,56,7.082054234,92,516,50.05115562,8.917813177,5.685770861,8.434360177,476,16,468,40,492,508
37,1000,50,7.7,28,81,947,33,9,11,53,8.890468761,114,542,52.85060802,10.19601916,8.482932427,9.285169304,472,20,475,33,492,508
33,1000,50,7.7,28,101,945,38,12,5,55,9.029360632,102,555,53.17658331,10.59286242,8.43175782,9.612791046,472,22,473,33,494,506
36,1000,50,7.7,28,99,941,32,18,9,59,9.280048967,104,542,53.11770291,10.39748756,8.780465229,9.746778069,464,19,477,40,483,517
38,1000,50,7.7,28,71,947,28,13,12,53,8.816582445,125,558,52.56443984,10.2901146,8.362050318,9.227825798,453,22,494,31,475,525
39,1000,50,7.7,28,67,955,25,9,11,45,8.656515793,95,541,52.18948678,10.01770967,7.555669404,9.676760712,468,13,487,32,481,519
35,1000,50,7.7,28,87,945,32,15,8,55,8.493399421,115,511,52.92819652,10.37846402,8.038711633,8.930256315,467,23,478,32,490,510
41,1000,50,7.7,28,4,946,24,17,13,54,7.061007675,110,504,50.05226566,8.931838896,5.670219926,8.407991086,477,15,469,39,492,508
40,1000,50,7.7,28,13,951,26,13,10,49,7.235883949,98,498,50.20700565,8.979327475,6.454187663,8.086121453,504,17,447,32,521,479
37,1000,50,7.7,28,82,947,33,9,11,53,8.919839408,106,540,52.88950796,10.22725034,8.49657902,9.329768761,471,21,476,32,492,508
36,1000,50,7.7,28,100,940,33,18,9,60,9.296927032,105,549,53.1560981,10.41177992,8.810275044,9.751574828,463,20,477,40,483,517
33,1000,50,7.7,28,102,945,39,11,5,55,9.044196509,110,550,53.19343619,10.60572036,8.455405269,9.619024322,472,22,473,33,494,506
39,1000,50,7.7,28,68,955,25,10,10,45,8.622912848,92,540,52.22633878,10.03487975,7.531662685,9.634264156,468,13,487,32,481,519
38,1000,50,7.7,28,72,946,29,13,12,54,8.841133962,109,523,52.58611909,10.31208809,8.401480532,9.238915637,453,22,493,32,475,525
35,1000,50,7.7,28,88,945,32,15,8,55,8.52163416,92,540,52.96781771,10.39628037,8.07791336,8.947954144,467,23,478,32,490,510
41,1000,50,7.7,28,5,946,26,16,12,54,7.076260463,107,526,50.1313312,8.957111838,5.688021152,8.420775701,477,15,469,39,492,508
36,1000,50,7.7,28,101,940,32,19,9,60,9.375526317,116,522,53.19041933,10.42902826,8.886293667,9.83258506,463,20,477,40,483,517
37,1000,50,7.7,28,83,946,33,8,13,54,8.964300352,103,514,52.90603732,10.26280206,8.552112222,9.363506178,470,22,476,32,492,508
40,1000,50,7.7,28,14,954,24,12,10,46,7.254794929,97,504,50.24670568,8.974950172,6.452980283,8.126914827,507,14,447,32,521,479
33,1000,50,7.7,28,103,945,38,12,5,55,9.053823305,107,558,53.23159844,10.61849645,8.472157837,9.621694334,472,22,473,33,494,506
39,1000,50,7.7,28,69,953,28,10,9,47,8.650068027,107,519,52.26382588,10.06765716,7.548175912,9.671282107,467,14,486,33,481,519
38,1000,50,7.7,28,73,946,28,14,12,54,8.881355969,98,520,52.58633089,10.33822186,8.434983661,9.285216629,453,22,493,32,475,525
35,1000,50,7.7,28,89,945,32,15,8,55,8.527542915,120,523,52.97162032,10.41335181,8.079310334,8.958197747,467,23,478,32,490,510
41,1000,50,7.7,28,6,947,25,16,12,53,7.105715277,97,497,50.14845146,8.995289198,5.715355338,8.452284351,477,15,470,38,492,508
36,1000,50,7.7,28,102,939,33,19,9,61,9.392293526,124,549,53.24584173,10.4632884,8.872881694,9.877546746,462,21,477,40,483,517
37,1000,50,7.7,28,84,944,33,10,13,56,8.934910695,118,555,52.91922524,10.30746156,8.487789399,9.36794943,471,21,473,35,492,508
33,1000,50,7.7,28,104,946,37,12,5,54,9.084349107,113,546,53.27395274,10.64468716,8.521575683,9.633776126,472,22,474,32,494,506
42,1000,50,7.7,28,0,942,33,13,12,58,6.882,98,498,50.15580743,8.896104148,6.163461538,7.660416667,502,18,440,40,520,480
40,1000,50,7.7,28,15,953,25,12,10,47,7.281220494,83,533,50.29148633,8.997587603,6.458566992,8.176006453,506,15,447,32,521,479
38,1000,50,7.7,28,74,946,28,14,12,54,8.905629754,107,533,52.62399214,10.35361123,8.454765791,9.313554292,453,22,493,32,475,525
39,1000,50,7.7,28,70,952,29,10,9,48,8.665947489,111,522,52.28112389,10.09128669,7.547726194,9.702295163,467,14,485,34,481,519
41,1000,50,7.7,28,7,949,24,15,12,51,7.13113246,109,525,50.19866786,9.028952736,5.720871579,8.496975676,478,14,471,37,492,508
35,1000,50,7.7,28,90,944,33,15,8,56,8.534367174,102,533,52.99670938,10.41737284,8.093992944,8.957471825,466,24,478,32,490,510
36,1000,50,7.7,28,103,939,33,19,9,61,9.400879047,114,542,53.28263666,10.47502338,8.881506547,9.886095522,462,21,477,40,483,517
37,1000,50,7.7,28,85,944,33,10,13,56,8.95633653,107,531,52.94412053,10.3344755,8.507541664,9.390996125,471,21,473,35,492,508
42,1000,50,7.7,28,1,941,34,13,12,59,6.923013499,104,491,50.18984052,8.927398022,6.178682242,7.729372361,502,18,439,41,520,480
38,1000,50,7.7,28,75,945,29,15,11,55,8.891793436,123,564,52.65556654,10.3662363,8.469326251,9.274025652,453,22,492,33,475,525
41,1000,50,7.7,28,8,949,26,14,11,51,7.09491063,103,493,50.23706545,9.050544178,5.700764632,8.445146518,478,14,471,37,492,508
40,1000,50,7.7,28,16,953,24,13,10,47,7.300661519,108,513,50.28999006,9.013153639,6.482379745,8.190692426,506,15,447,32,521,479
39,1000,50,7.7,28,71,954,27,10,9,46,8.654278388,93,518,52.30890333,10.09886487,7.518564125,9.706838235,468,13,486,33,481,519
35,1000,50,7.7,28,91,945,32,15,8,55,8.550211948,103,554,53.01831609,10.44379611,8.102624109,8.980247323,467,23,478,32,490,510
36,1000,50,7.7,28,104,940,32,19,9,60,9.41706594,95,522,53.33988741,10.49759209,8.958999464,9.845008121,462,21,478,39,483,517
43,1000,50,7.7,28,0,934,32,15,19,66,7.507,99,517,50.08777537,8.985076298,6.997920998,7.978805395,455,26,479,40,481,519
37,1000,50,7.7,28,86,944,33,10,13,56,8.974167043,114,546,52.99366492,10.35586478,8.569042771,9.366531495,471,21,473,35,492,508
41,1000,50,7.7,28,9,949,26,14,11,51,7.105153606,113,487,50.25132367,9.070942073,5.708783913,8.457543152,478,14,471,37,492,508
42,1000,50,7.7,28,2,941,34,13,12,59,6.967346901,84,495,50.20550549,8.940463762,6.219599691,7.777406378,502,18,439,41,520,480
38,1000,50,7.7,28,76,945,29,15,11,55,8.908333206,90,514,52.69622909,10.38752368,8.472983817,9.302220748,453,22,492,33,475,525
40,1000,50,7.7,28,17,953,24,12,11,47,7.348793375,98,524,50.32100696,9.031471598,6.577192823,8.188049926,506,15,447,32,521,479
39,1000,50,7.7,28,72,953,28,10,9,47,8.680825445,109,544,52.37110368,10.11309447,7.542675419,9.735642714,468,13,485,34,481,519
35,1000,50,7.7,28,92,944,33,15,8,56,8.554421103,131,533,53.03614378,10.47748412,8.133282183,8.959044772,466,24,478,32,490,510
43,1000,50,7.7,28,1,938,28,15,19,62,7.509403448,83,491,50.11243741,9.019606176,6.961723454,8.016983558,457,24,481,38,481,519
37,1000,50,7.7,28,87,942,35,10,13,58,9.039374766,105,542,53.04009285,10.3805523,8.598700559,9.466169471,471,21,471,37,492,508
41,1000,50,7.7,28,10,950,27,12,11,50,7.111304179,103,499,50.28605537,9.112571574,5.770219523,8.410149949,478,14,472,36,492,508
42,1000,50,7.7,28,3,942,34,12,12,58,6.988920637,91,502,50.24659479,8.979776936,6.262527758,7.775846257,502,18,440,40,520,480
38,1000,50,7.7,28,77,945,29,15,11,55,8.932537051,110,552,52.75506521,10.40545677,8.513156358,9.311976726,453,22,492,33,475,525
39,1000,50,7.7,28,73,953,28,10,9,47,8.719467552,93,552,52.40509549,10.12820686,7.593948748,9.762578429,468,13,485,34,481,519
35,1000,50,7.7,28,93,942,36,15,7,58,8.595931888,90,551,53.0761877,10.48775647,8.229944821,8.94756652,463,27,479,31,490,510
40,1000,50,7.7,28,18,954,23,12,11,46,7.365362308,103,483,50.35933293,9.053853256,6.610172577,8.186769094,506,15,448,31,521,479
43,1000,50,7.7,28,2,941,26,16,17,59,7.483534726,107,505,50.15780312,9.037109651,6.95643615,7.972040342,457,24,484,35,481,519
37,1000,50,7.7,28,88,941,36,10,13,59,9.044483548,103,543,53.07128078,10.39549397,8.621234426,9.454401989,470,22,471,37,492,508
41,1000,50,7.7,28,11,952,26,11,11,48,7.142777044,104,505,50.33826344,9.15354387,5.837608023,8.406838379,478,14,474,34,492,508
42,1000,50,7.7,28,4,943,34,11,12,57,6.98963764,98,504,50.2855244,9.002667613,6.306482797,7.729722053,502,18,441,39,520,480
38,1000,50,7.7,28,78,946,28,15,11,54,8.935289778,100,514,52.79575991,10.43035422,8.503699765,9.325775981,454,21,492,33,475,525
39,1000,50,7.7,28,74,953,28,10,9,47,8.705869325,101,549,52.44205701,10.1305405,7.558923997,9.768837924,468,13,485,34,481,519
35,1000,50,7.7,28,94,943,36,14,7,57,8.592059379,112,528,53.09837533,10.50741333,8.232002106,8.937996759,463,27,480,30,490,510
40,1000,50,7.7,28,19,954,23,12,11,46,7.413691737,110,483,50.38573931,9.081105862,6.643717359,8.251179527,506,15,448,31,521,479
43,1000,50,7.7,28,3,943,23,17,17,57,7.508499194,98,482,50.20806889,9.07133859,6.972771534,8.005002092,457,24,486,33,481,519
41,1000,50,7.7,28,12,953,25,11,11,47,7.15291436,99,515,50.33524176,9.19041048,5.861293616,8.403854136,478,14,475,33,492,508
37,1000,50,7.7,28,89,940,39,10,11,60,9.041236628,101,547,53.08964881,10.42141636,8.585876027,9.482255163,469,23,471,37,492,508
42,1000,50,7.7,28,5,942,35,11,12,58,7.020107063,77,490,50.33972901,9.037317409,6.363587513,7.731336575,501,19,441,39,520,480
38,1000,50,7.7,28,79,947,28,15,10,53,8.943270444,103,546,52.82672536,10.46109866,8.496722787,9.347289753,454,21,493,32,475,525
35,1000,50,7.7,28,95,943,37,13,7,57,8.624776428,105,552,53.14322455,10.52144307,8.247891533,8.986881523,464,26,479,31,490,510
39,1000,50,7.7,28,75,953,28,10,9,47,8.724354486,97,555,52.46350346,10.12599303,7.579633433,9.785261666,468,13,485,34,481,519
43,1000,50,7.7,28,4,943,22,17,18,57,7.528874558,89,504,50.20624251,9.057603107,6.962813497,8.053489915,457,24,486,33,481,519
40,1000,50,7.7,28,20,955,23,11,11,45,7.459139737,88,531,50.3948339,9.103013029,6.664644546,8.323298389,507,14,448,31,521,479
41,1000,50,7.7,28,13,953,25,11,11,47,7.24509645,86,518,50.37762235,9.207357721,5.948882774,8.500484499,478,14,475,33,492,508
37,1000,50,7.7,28,90,939,40,10,11,61,9.058411457,97,521,53.13259131,10.42473255,8.587474331,9.514515918,468,24,471,37,492,508
38,1000,50,7.7,28,80,944,31,14,11,56,8.986395179,115,539,52.86608006,10.48117169,8.523177288,9.405497081,452,23,492,33,475,525
42,1000,50,7.7,28,6,942,33,13,12,58,7.05310026,91,512,50.36696038,9.05243725,6.428613535,7.729627546,501,19,441,39,520,480
35,1000,50,7.7,28,96,942,38,12,8,58,8.632588105,110,525,53.17637781,10.52671275,8.280777608,8.970602112,463,27,479,31,490,510
39,1000,50,7.7,28,76,951,31,9,9,49,8.768215734,108,517,52.48363418,10.15367245,7.681010539,9.775818236,468,13,483,36,481,519
43,1000,50,7.7,28,5,944,23,16,17,56,7.541888331,103,488,50.22172542,9.060689764,6.970394564,8.071538625,458,23,486,33,481,519
41,1000,50,7.7,28,14,953,25,11,11,47,7.223663979,109,515,50.40650978,9.219622911,5.938284615,8.468558953,478,14,475,33,492,508
40,1000,50,7.7,28,21,954,24,12,10,46,7.478421442,90,502,50.3975533,9.120199037,6.723143405,8.299924276,506,15,448,31,521,479
37,1000,50,7.7,28,91,939,40,10,11,61,9.074645702,114,543,53.17529039,10.45470077,8.597844068,9.536429963,468,24,471,37,492,508
38,1000,50,7.7,28,81,946,30,13,11,54,8.970107372,112,537,52.91850983,10.49395276,8.525303467,9.372549001,453,22,493,32,475,525
42,1000,50,7.7,28,7,942,31,15,12,58,7.114359985,95,491,50.40170181,9.083886188,6.460062228,7.823182555,502,18,440,40,520,480
41,1000,50,7.7,28,15,951,26,12,11,49,7.247809998,83,516,50.43944083,9.252357038,5.934722102,8.519540794,478,14,473,35,492,508
35,1000,50,7.7,28,97,941,39,12,8,59,8.652994079,118,519,53.23484128,10.54310799,8.267160709,9.023696729,463,27,478,32,490,510
39,1000,50,7.7,28,77,950,31,10,9,50,8.817107002,105,528,52.4913886,10.14771239,7.72864591,9.825873448,467,14,483,36,481,519
43,1000,50,7.7,28,6,945,22,16,17,55,7.562560962,99,502,50.24427343,9.091946783,6.954740231,8.125878441,459,22,486,33,481,519
37,1000,50,7.7,28,92,939,41,9,11,61,9.101651813,109,512,53.21210313,10.47451301,8.645798034,9.543147994,468,24,471,37,492,508
40,1000,50,7.7,28,22,954,23,13,10,46,7.522431358,96,491,50.41077493,9.130386253,6.75840482,8.353449784,506,15,448,31,521,479
38,1000,50,7.7,28,82,945,30,14,11,55,8.981580984,114,523,52.94786728,10.54219487,8.559016891,9.363900877,452,23,493,32,475,525
41,1000,50,7.7,28,16,950,27,12,11,50,7.274403742,93,504,50.46824337,9.264119669,5.998356317,8.510260696,477,15,473,35,492,508
35,1000,50,7.7,28,98,940,40,12,8,60,8.695167252,107,541,53.24470721,10.54967321,8.302440823,9.072492645,463,27,477,33,490,510
43,1000,50,7.7,28,7,943,24,16,17,57,7.608193408,86,525,50.27684226,9.10362746,7.01498095,8.157972199,458,23,485,34,481,519
42,1000,50,7.7,28,8,942,31,15,12,58,7.130721606,90,483,50.42601375,9.120267536,6.491327737,7.823398297,501,19,441,39,520,480
39,1000,50,7.7,28,78,950,33,8,9,50,8.841200965,116,524,52.53194987,10.16821738,7.802384444,9.803957702,466,15,484,35,481,519
37,1000,50,7.7,28,93,940,41,8,11,60,9.109670925,104,574,53.21592389,10.50007479,8.653995362,9.550994502,469,23,471,37,492,508
41,1000,50,7.7,28,17,950,28,10,12,50,7.306441248,107,519,50.52042219,9.274844553,5.991688855,8.579784118,476,16,474,34,492,508
40,1000,50,7.7,28,23,954,23,13,10,46,7.561430581,99,533,50.45552488,9.149209575,6.788095667,8.402573567,507,14,447,32,521,479
38,1000,50,7.7,28,83,947,28,14,11,53,8.962572641,107,512,52.97001826,10.55614029,8.517565982,9.365197712,453,22,494,31,475,525
43,1000,50,7.7,28,8,944,23,15,18,56,7.633412146,101,528,50.29088301,9.133628687,7.045551441,8.178231027,458,23,486,33,481,519
42,1000,50,7.7,28,9,944,30,14,12,56,7.152298056,97,488,50.43881834,9.116320831,6.517309284,7.84020256,503,17,441,39,520,480
37,1000,50,7.7,28,94,942,37,10,11,58,9.11728856,122,537,53.24700959,10.50964869,8.682079723,9.538790032,469,23,473,35,492,508
39,1000,50,7.7,28,79,951,32,8,9,49,8.864898146,98,518,52.57201269,10.18955836,7.825070439,9.828592032,466,15,485,34,481,519
35,1000,50,7.7,28,99,940,40,12,8,60,8.727011087,113,520,53.26974477,10.57527563,8.331522145,9.106990658,463,27,477,33,490,510
41,1000,50,7.7,28,18,951,27,10,12,49,7.351301847,92,490,50.55657678,9.284716691,6.066865871,8.595283146,476,16,475,33,492,508
40,1000,50,7.7,28,24,955,23,12,10,45,7.576284933,95,491,50.50026224,9.147894322,6.826932988,8.391342059,506,15,449,30,521,479
38,1000,50,7.7,28,84,947,28,14,11,53,8.978798183,116,530,52.9815992,10.57166023,8.523283805,9.39093024,453,22,494,31,475,525
42,1000,50,7.7,28,10,944,30,14,12,56,7.180436506,100,549,50.48427451,9.133855295,6.564390752,7.847819406,503,17,441,39,520,480
43,1000,50,7.7,28,9,943,24,15,18,57,7.689209403,87,524,50.34193173,9.134912781,7.074246595,8.259146032,458,23,485,34,481,519
39,1000,50,7.7,28,80,952,31,8,9,48,8.876092014,116,522,52.60447986,10.19537673,7.839265931,9.83700405,466,15,486,33,481,519
37,1000,50,7.7,28,95,940,39,9,12,60,9.127834043,112,542,53.27393312,10.53679278,8.692969057,9.549002493,468,24,472,36,492,508
35,1000,50,7.7,28,100,940,41,12,7,60,8.724234991,116,518,53.30345958,10.60340161,8.314411927,9.117986564,463,27,477,33,490,510
41,1000,50,7.7,28,19,952,26,10,12,48,7.383843746,111,513,50.62466566,9.307063049,6.117430775,8.610369694,476,16,476,32,492,508
38,1000,50,7.7,28,85,946,29,14,11,54,8.990363593,111,528,53.01339943,10.59434199,8.525896025,9.410596155,452,23,494,31,475,525
40,1000,50,7.7,28,25,957,22,11,10,43,7.585365958,97,497,50.5233193,9.170614867,6.859110768,8.375301144,506,15,451,28,521,479
42,1000,50,7.7,28,11,944,30,14,12,56,7.179588668,96,477,50.53406877,9.17658521,6.563573067,7.846938903,503,17,441,39,520,480
43,1000,50,7.7,28,10,943,24,15,18,57,7.696739567,87,535,50.35238911,9.175257854,7.101634427,8.248272462,458,23,485,34,481,519
39,1000,50,7.7,28,81,952,31,9,8,48,8.864339032,107,508,52.6451048,10.21756145,7.876354411,9.779985666,466,15,486,33,481,519
37,1000,50,7.7,28,96,939,40,9,12,61,9.16957319,96,562,53.29602527,10.55676568,8.776069994,9.550682585,468,24,471,37,492,508
35,1000,50,7.7,28,101,938,43,12,7,62,8.746933188,98,552,53.36518118,10.62703131,8.325860583,9.151493142,463,27,475,35,490,510
41,1000,50,7.7,28,20,952,26,10,12,48,7.40351196,100,532,50.64936808,9.329877469,6.177140107,8.591257927,476,16,476,32,492,508
38,1000,50,7.7,28,86,948,28,13,11,52,8.939520551,117,535,53.02958709,10.60638431,8.454587334,9.378269653,453,22,495,30,475,525
42,1000,50,7.7,28,12,943,32,14,11,57,7.199706706,92,485,50.55898798,9.210107504,6.585344229,7.865266058,502,18,441,39,520,480
43,1000,50,7.7,28,11,944,24,14,18,56,7.705256013,107,492,50.36112411,9.208475693,7.104252009,8.26225587,459,22,485,34,481,519
40,1000,50,7.7,28,26,958,20,12,10,42,7.60319675,101,532,50.56531951,9.196443855,6.868145663,8.40269908,506,15,452,27,521,479
37,1000,50,7.7,28,97,938,41,9,12,62,9.163526312,105,528,53.33765873,10.61134298,8.721988522,9.5911574,468,24,470,38,492,508
39,1000,50,7.7,28,82,951,31,9,9,49,8.928304439,119,522,52.68321001,10.22801413,7.88523831,9.894999638,466,15,485,34,481,519
35,1000,50,7.7,28,102,937,43,13,7,63,8.755720388,115,558,53.39365071,10.64217637,8.336018077,9.158963784,463,27,474,36,490,510
41,1000,50,7.7,28,21,953,26,8,13,47,7.414921195,111,510,50.6741389,9.34425095,6.191955938,8.599367861,477,15,476,32,492,508
38,1000,50,7.7,28,87,948,28,13,11,52,8.959535779,114,534,53.08309224,10.63397934,8.488321507,9.385872501,453,22,495,30,475,525
42,1000,50,7.7,28,13,944,30,15,11,56,7.222149662,80,519,50.59790161,9.229025226,6.632513152,7.860922548,502,18,442,38,520,480
43,1000,50,7.7,28,12,945,23,14,18,55,7.747898459,95,488,50.40844445,9.236329477,7.141994549,8.309439462,459,22,486,33,481,519
37,1000,50,7.7,28,98,937,42,10,11,63,9.173759076,101,548,53.35905213,10.65005043,8.759839588,9.574641731,467,25,470,38,492,508
41,1000,50,7.7,28,22,954,25,8,13,46,7.462315725,103,504,50.69193862,9.362508574,6.27460352,8.612619671,477,15,477,31,492,508
39,1000,50,7.7,28,83,950,32,9,9,50,8.937093208,117,542,52.73207199,10.24007632,7.907056892,9.891712607,465,16,485,34,481,519
35,1000,50,7.7,28,103,937,43,12,8,63,8.799924944,107,547,53.43495515,10.64910697,8.411912278,9.172721426,463,27,474,36,490,510
40,1000,50,7.7,28,27,956,22,12,10,44,7.665857476,99,498,50.60145223,9.229963298,6.94025343,8.455084424,505,16,451,28,521,479
38,1000,50,7.7,28,88,948,27,14,11,52,9.000469269,106,560,53.11938732,10.63706017,8.516202686,9.438615226,453,22,495,30,475,525
41,1000,50,7.7,28,23,954,24,8,14,46,7.487814971,100,527,50.75155305,9.383202555,6.275615691,8.661834745,478,14,476,32,492,508
42,1000,50,7.7,28,14,943,31,15,11,57,7.245764897,95,517,50.61538691,9.233185123,6.674177868,7.864984178,501,19,442,38,520,480
43,1000,50,7.7,28,13,944,24,14,18,56,7.781654517,100,536,50.44628154,9.25541202,7.172764973,8.345962553,459,22,485,34,481,519
37,1000,50,7.7,28,99,934,45,10,11,66,9.213502349,100,540,53.44329939,10.66549508,8.814488869,9.599948476,465,27,469,39,492,508
39,1000,50,7.7,28,84,950,32,9,9,50,8.940066567,120,504,52.74754803,10.26592853,7.888731888,9.914424911,465,16,485,34,481,519
35,1000,50,7.7,28,104,937,43,12,8,63,8.825061069,107,527,53.46425637,10.67041986,8.426569304,9.207925707,463,27,474,36,490,510
44,1000,50,7.7,28,0,932,32,21,15,68,7.349,91,515,50.24162472,9.067774157,6.533057851,8.114341085,464,20,468,48,484,516
40,1000,50,7.7,28,28,955,23,12,10,45,7.701549573,96,512,50.63262112,9.260784876,6.981315676,8.484935501,504,17,451,28,521,479
38,1000,50,7.7,28,89,947,29,14,10,53,9.000786962,105,518,53.14373288,10.65364153,8.535091304,9.422130652,451,24,496,29,475,525
41,1000,50,7.7,28,24,955,25,8,12,45,7.486178974,101,528,50.8001101,9.429788363,6.310515371,8.624813802,478,14,477,31,492,508
42,1000,50,7.7,28,15,943,31,15,11,57,7.267225951,96,542,50.67102481,9.244546801,6.707513015,7.87358163,501,19,442,38,520,480
43,1000,50,7.7,28,14,942,26,14,18,58,7.841428153,79,527,50.47213959,9.280555209,7.230184548,8.407917891,459,22,483,36,481,519
37,1000,50,7.7,28,100,934,46,10,10,66,9.214305358,113,533,53.45929401,10.68396748,8.821046222,9.595178381,465,27,469,39,492,508
39,1000,50,7.7,28,85,949,32,9,10,51,8.970313091,111,531,52.81113131,10.30868405,7.90949538,9.953460141,465,16,484,35,481,519
44,1000,50,7.7,28,1,934,30,21,15,66,7.336383924,113,527,50.28027546,9.088432828,6.506028793,8.115244164,465,19,469,47,484,516
40,1000,50,7.7,28,29,955,23,12,10,45,7.744120765,106,541,50.64584453,9.300356237,7.034225415,8.516261636,503,18,452,27,521,479
41,1000,50,7.7,28,25,955,25,8,12,45,7.488391389,81,490,50.83925308,9.428318501,6.31444525,8.625362847,478,14,477,31,492,508
38,1000,50,7.7,28,90,946,29,14,11,54,9.049758564,97,553,53.1691493,10.66580503,8.582047713,9.472925524,451,24,495,30,475,525
43,1000,50,7.7,28,15,945,25,12,18,55,7.792003654,114,486,50.50918818,9.301421047,7.209783601,8.331594879,459,22,486,33,481,519
42,1000,50,7.7,28,16,944,31,14,11,56,7.276903376,105,497,50.69890641,9.257426361,6.717611195,7.882803239,502,18,442,38,520,480
37,1000,50,7.7,28,101,934,45,11,10,66,9.24446217,105,564,53.46482933,10.69504363,8.865769473,9.611227539,464,28,470,38,492,508
39,1000,50,7.7,28,86,947,33,10,10,53,9.026145296,93,527,52.8468582,10.31764643,7.96836373,10.0064785,464,17,483,36,481,519
44,1000,50,7.7,28,2,936,29,20,15,64,7.356336553,94,507,50.3248324,9.121272443,6.54186233,8.120300746,465,19,471,45,484,516
40,1000,50,7.7,28,30,954,25,12,9,46,7.732834648,92,515,50.6975314,9.325348141,7.043320056,8.482807723,502,19,452,27,521,479
41,1000,50,7.7,28,26,953,26,9,12,47,7.516588377,109,521,50.85988789,9.458304861,6.38980364,8.607883832,477,15,476,32,492,508
38,1000,50,7.7,28,91,946,29,14,11,54,9.04476123,115,544,53.2019226,10.67499932,8.593008775,9.453489642,451,24,495,30,475,525
42,1000,50,7.7,28,17,945,30,14,11,55,7.286294026,92,515,50.72657912,9.272318263,6.739244712,7.878930784,502,18,443,37,520,480
43,1000,50,7.7,28,16,946,24,12,18,54,7.803428333,100,518,50.53539678,9.29333372,7.237775932,8.327664951,459,22,487,32,481,519
37,1000,50,7.7,28,102,935,42,12,11,65,9.21279527,119,531,53.51698078,10.71472559,8.823754544,9.589582745,464,28,471,37,492,508
39,1000,50,7.7,28,87,947,33,10,10,53,9.04606447,101,530,52.87428195,10.33623339,7.997341466,10.01800236,464,17,483,36,481,519
44,1000,50,7.7,28,3,937,28,20,15,63,7.39977295,100,537,50.33320511,9.14179882,6.606925945,8.143451148,466,18,471,45,484,516
41,1000,50,7.7,28,27,952,27,8,13,48,7.559789258,103,497,50.87348415,9.49849979,6.41225361,8.671182051,476,16,476,32,492,508
38,1000,50,7.7,28,92,946,29,15,10,54,9.037470202,110,519,53.20826889,10.69896091,8.616743267,9.418127905,452,23,494,31,475,525
40,1000,50,7.7,28,31,954,26,11,9,46,7.737233976,111,490,50.73276169,9.336534191,7.054182426,8.480177311,502,19,452,27,521,479
42,1000,50,7.7,28,18,945,30,14,11,55,7.29814485,106,483,50.7631625,9.289692171,6.742571816,7.900015638,502,18,443,37,520,480
43,1000,50,7.7,28,17,948,24,11,17,52,7.802639236,116,490,50.58592893,9.294617292,7.222881931,8.339948029,460,21,488,31,481,519
37,1000,50,7.7,28,103,936,41,12,11,64,9.22046128,130,484,53.56449605,10.74303941,8.870257942,9.559634591,464,28,472,36,492,508
39,1000,50,7.7,28,88,945,35,10,10,55,9.067726257,104,508,52.92531849,10.36103024,8.011918938,10.04622976,463,18,482,37,481,519
44,1000,50,7.7,28,4,938,28,19,15,62,7.41437145,89,497,50.37016849,9.164149358,6.627523443,8.152422681,467,17,471,45,484,516
41,1000,50,7.7,28,28,952,27,8,13,48,7.573693848,119,530,50.88683216,9.507418581,6.436869301,8.674712898,476,16,476,32,492,508
38,1000,50,7.7,28,93,945,30,15,10,55,9.076906396,120,542,53.26814431,10.73905888,8.69402553,9.423322417,451,24,494,31,475,525
40,1000,50,7.7,28,32,954,27,9,10,46,7.742049396,85,505,50.77152102,9.355241015,7.034090769,8.512083727,503,18,451,28,521,479
43,1000,50,7.7,28,18,949,23,11,17,51,7.80004989,100,534,50.62325506,9.291908297,7.227176762,8.33097855,461,20,488,31,481,519
42,1000,50,7.7,28,19,948,27,14,11,52,7.274630086,95,530,50.78483801,9.294995277,6.762396903,7.829549367,502,18,446,34,520,480
37,1000,50,7.7,28,104,935,41,12,12,65,9.240750334,120,524,53.60949224,10.74111231,8.865597077,9.604087741,464,28,471,37,492,508
45,1000,50,7.7,28,0,943,28,12,17,57,7.204,82,510,50.01309257,8.780621597,6.17357002,8.263691684,489,18,454,39,507,493
39,1000,50,7.7,28,89,945,34,12,9,55,9.070031779,93,529,52.94662182,10.37209108,8.024681834,10.03884358,463,18,482,37,481,519
44,1000,50,7.7,28,5,941,26,18,15,59,7.442739837,113,518,50.39986514,9.164311214,6.646312552,8.189776283,469,15,472,44,484,516
41,1000,50,7.7,28,29,953,26,8,13,47,7.575523189,88,496,50.94643162,9.535322366,6.432203547,8.682832763,476,16,477,31,492,508
38,1000,50,7.7,28,94,943,31,17,9,57,9.124496778,120,529,53.3272551,10.75804871,8.767624697,9.447381043,450,25,493,32,475,525
43,1000,50,7.7,28,19,950,21,12,17,50,7.821589955,100,522,50.63577333,9.291228333,7.255333264,8.346386619,462,19,488,31,481,519
42,1000,50,7.7,28,20,948,27,15,10,52,7.302824349,106,524,50.83322607,9.313111804,6.829941766,7.815113814,502,18,446,34,520,480
40,1000,50,7.7,28,33,954,27,8,11,46,7.753699035,94,526,50.78595674,9.372282983,7.027367149,8.543717641,503,18,451,28,521,479
45,1000,50,7.7,28,1,943,28,12,17,57,7.247343016,78,487,50.05006985,8.79322029,6.210962392,8.313154327,489,18,454,39,507,493
39,1000,50,7.7,28,90,943,36,12,9,57,9.072493675,114,559,52.98253956,10.3955447,8.056836733,10.01378653,462,19,481,38,481,519
41,1000,50,7.7,28,30,955,24,8,13,45,7.543545705,113,490,50.98288735,9.551208673,6.380538271,8.669922983,477,15,478,30,492,508
44,1000,50,7.7,28,6,943,24,18,15,57,7.407934221,100,530,50.42770801,9.167943009,6.602016831,8.163872239,469,15,474,42,484,516
38,1000,50,7.7,28,95,945,30,16,9,55,9.105599675,118,537,53.37140642,10.78006021,8.764039461,9.414630346,451,24,494,31,475,525
43,1000,50,7.7,28,20,951,20,12,17,49,7.857064645,71,496,50.67321911,9.292056584,7.272367032,8.398952029,463,18,488,31,481,519
42,1000,50,7.7,28,21,948,27,14,11,52,7.310657854,94,525,50.86254153,9.318523991,6.853739276,7.805652981,502,18,446,34,520,480
41,1000,50,7.7,28,31,956,23,8,13,44,7.551878693,85,507,50.98685916,9.584394856,6.424674508,8.643580383,477,15,479,29,492,508
45,1000,50,7.7,28,2,942,29,12,17,58,7.260962679,101,507,50.11467175,8.826983443,6.227997148,8.323261917,488,19,454,39,507,493
39,1000,50,7.7,28,91,943,36,12,9,57,9.101642358,107,522,53.00812876,10.43355773,8.109391245,10.0212431,462,19,481,38,481,519
40,1000,50,7.7,28,34,952,28,9,11,48,7.755479832,103,520,50.80730787,9.358228377,7.028684303,8.546002736,501,20,451,28,521,479
44,1000,50,7.7,28,7,945,24,15,16,55,7.438480685,89,485,50.43045838,9.187204937,6.64504082,8.182714977,470,14,475,41,484,516
38,1000,50,7.7,28,96,946,31,13,10,54,9.106978198,116,554,53.41214078,10.7665316,8.757836439,9.42286836,452,23,494,31,475,525
41,1000,50,7.7,28,32,955,23,9,13,45,7.549939203,99,486,51.0229916,9.592667164,6.458930496,8.606585431,476,16,479,29,492,508
43,1000,50,7.7,28,21,951,20,13,16,49,7.844554797,93,526,50.70474597,9.352068721,7.283983087,8.364082722,463,18,488,31,481,519
42,1000,50,7.7,28,22,946,28,15,11,54,7.357749507,102,528,50.94060923,9.326046803,6.90063215,7.852959978,501,19,445,35,520,480
45,1000,50,7.7,28,3,943,26,14,17,57,7.302419038,83,508,50.11908947,8.869351236,6.24534609,8.389510284,489,18,454,39,507,493
40,1000,50,7.7,28,35,951,28,10,11,49,7.783539221,101,485,50.84910921,9.393519678,7.024606404,8.609017295,501,20,450,29,521,479
39,1000,50,7.7,28,92,943,35,13,9,57,9.101021109,112,528,53.01768692,10.46865387,8.098606411,10.03004128,462,19,481,38,481,519
44,1000,50,7.7,28,8,944,26,15,15,56,7.459586156,91,531,50.46348595,9.203326046,6.688261337,8.183076878,469,15,475,41,484,516
41,1000,50,7.7,28,33,955,23,9,13,45,7.554824948,121,522,51.02360246,9.6090055,6.457509155,8.617579613,476,16,479,29,492,508
43,1000,50,7.7,28,22,951,20,14,15,49,7.799005254,105,516,50.7321182,9.379454849,7.278593543,8.281313602,463,18,488,31,481,519
42,1000,50,7.7,28,23,946,27,16,11,54,7.42135636,82,512,50.97362989,9.326126219,6.954274964,7.927361206,501,19,445,35,520,480
45,1000,50,7.7,28,4,944,25,14,17,56,7.339057199,105,510,50.12747628,8.884130874,6.274813917,8.4335224,489,18,455,38,507,493
38,1000,50,7.7,28,97,946,31,13,10,54,9.101688924,105,552,53.41567117,10.77556463,8.741908477,9.427204566,452,23,494,31,475,525
39,1000,50,7.7,28,93,945,34,12,9,55,9.111319952,97,525,53.04416401,10.48113453,8.098531992,10.04995388,463,18,482,37,481,519
40,1000,50,7.7,28,36,951,28,9,12,49,7.817158471,103,531,50.88973825,9.422926818,7.05830123,8.642554342,501,20,450,29,521,479
44,1000,50,7.7,28,9,943,27,16,14,57,7.456989755,90,491,50.47938336,9.209246386,6.716106782,8.151926498,468,16,475,41,484,516
41,1000,50,7.7,28,34,955,23,9,13,45,7.561467411,88,511,51.08200206,9.60566259,6.445333587,8.642447415,476,16,479,29,492,508
43,1000,50,7.7,28,23,951,20,14,15,49,7.812255115,79,495,50.74230305,9.38259836,7.267449742,8.317171078,463,18,488,31,481,519
42,1000,50,7.7,28,24,947,27,15,11,53,7.454741681,84,498,51.01088331,9.375515771,7.005103991,7.941849179,502,18,445,35,520,480
45,1000,50,7.7,28,5,944,25,14,17,56,7.350606202,106,511,50.16401819,8.872067286,6.298303157,8.432792092,489,18,455,38,507,493
38,1000,50,7.7,28,98,946,33,13,8,54,9.067544159,121,542,53.44081211,10.78752914,8.68938317,9.409689815,452,23,494,31,475,525
39,1000,50,7.7,28,94,946,32,13,9,54,9.132219006,105,543,53.07189762,10.49344291,8.135621053,10.05584832,464,17,482,37,481,519
41,1000,50,7.7,28,35,955,23,9,13,45,7.595497368,110,515,51.12777858,9.621351431,6.517311894,8.639724245,476,16,479,29,492,508
40,1000,50,7.7,28,37,949,31,9,11,51,7.853252749,97,515,50.94089416,9.441039589,7.118320103,8.652626253,500,21,449,30,521,479
44,1000,50,7.7,28,10,943,26,17,14,57,7.451844884,101,484,50.51832283,9.214404114,6.714549047,8.143416948,469,15,474,42,484,516
43,1000,50,7.7,28,24,950,21,14,15,50,7.825664053,95,499,50.77566478,9.395052953,7.279660547,8.331690424,463,18,487,32,481,519
42,1000,50,7.7,28,25,948,27,15,10,52,7.46516714,85,491,51.02398743,9.415852352,7.04590414,7.919368723,502,18,446,34,520,480
45,1000,50,7.7,28,6,945,23,15,17,55,7.401768647,94,509,50.21141403,8.8808421,6.327041433,8.507015499,490,17,455,38,507,493
38,1000,50,7.7,28,99,943,37,12,8,57,9.080381681,122,526,53.48423929,10.84167612,8.686418794,9.436824293,450,25,493,32,475,525
41,1000,50,7.7,28,36,954,23,10,13,46,7.608084455,107,529,51.17386066,9.64025496,6.530060952,8.652154463,476,16,478,30,492,508
39,1000,50,7.7,28,95,944,33,14,9,56,9.152616489,112,547,53.10235161,10.48145252,8.16228651,10.07043676,463,18,481,38,481,519
44,1000,50,7.7,28,11,944,27,16,13,56,7.42593318,102,507,50.60304933,9.229277626,6.703683703,8.103391992,469,15,475,41,484,516
40,1000,50,7.7,28,38,949,30,10,11,51,7.849971352,102,513,50.99402735,9.45689587,7.118288299,8.64581033,500,21,449,30,521,479
43,1000,50,7.7,28,25,948,23,14,15,52,7.855603476,111,523,50.79400972,9.426403502,7.315294558,8.356352204,462,19,486,33,481,519
42,1000,50,7.7,28,26,948,27,15,10,52,7.497823647,96,512,51.07837437,9.425400714,7.097559406,7.931443241,502,18,446,34,520,480
45,1000,50,7.7,28,7,945,23,15,17,55,7.42627828,93,496,50.23078362,8.896350562,6.380904605,8.501338024,490,17,455,38,507,493
38,1000,50,7.7,28,100,943,37,12,8,57,9.09791461,118,551,53.50915356,10.84048888,8.739051797,9.422600012,450,25,493,32,475,525
41,1000,50,7.7,28,37,953,23,11,13,47,7.62248049,105,517,51.21158888,9.653497115,6.562177697,8.64938792,475,17,478,30,492,508
39,1000,50,7.7,28,96,943,34,14,9,57,9.143796082,114,561,53.11719622,10.5016445,8.159895079,10.05565809,462,19,481,38,481,519
44,1000,50,7.7,28,12,945,27,15,13,55,7.44568154,102,541,50.63731222,9.254799987,6.777826244,8.072119454,469,15,476,40,484,516
40,1000,50,7.7,28,39,950,29,10,11,50,7.871332634,100,520,51.04917792,9.467529479,7.148882423,8.65712921,500,21,450,29,521,479
43,1000,50,7.7,28,26,948,23,14,15,52,7.891294107,89,536,50.80708168,9.458186934,7.373415707,8.371254627,462,19,486,33,481,519
42,1000,50,7.7,28,27,950,26,15,9,50,7.513040944,92,518,51.09848447,9.420218972,7.114697741,7.944579414,502,18,448,32,520,480
45,1000,50,7.7,28,8,946,22,15,17,54,7.44806793,97,501,50.25670785,8.931616885,6.405343187,8.520403517,490,17,456,37,507,493
41,1000,50,7.7,28,38,952,24,11,13,48,7.619925396,105,521,51.24419892,9.668000722,6.60559022,8.602313007,475,17,477,31,492,508
38,1000,50,7.7,28,101,943,37,12,8,57,9.112945376,118,535,53.53131692,10.86250763,8.76231437,9.430182953,450,25,493,32,475,525
39,1000,50,7.7,28,97,943,34,13,10,57,9.158069924,101,489,53.16026181,10.51840598,8.148896797,10.09335369,462,19,481,38,481,519
44,1000,50,7.7,28,13,948,25,14,13,52,7.440004057,94,493,50.67211737,9.298586005,6.727747496,8.108089669,471,13,477,39,484,516
43,1000,50,7.7,28,27,947,23,15,15,53,7.960236592,107,518,50.82349302,9.479310099,7.407726825,8.47229285,461,20,486,33,481,519
42,1000,50,7.7,28,28,950,27,14,9,50,7.515937316,94,517,51.13334734,9.430552062,7.083370396,7.98455148,502,18,448,32,520,480
45,1000,50,7.7,28,9,947,21,15,17,53,7.452291259,102,507,50.27818926,8.956726455,6.424248415,8.509528017,490,17,457,36,507,493
40,1000,50,7.7,28,40,950,28,10,12,50,7.88817897,103,503,51.09877368,9.46514935,7.159890491,8.680325729,500,21,450,29,521,479
41,1000,50,7.7,28,39,954,22,11,13,46,7.627910386,108,506,51.26166568,9.684295356,6.584425325,8.638529775,476,16,478,30,492,508
38,1000,50,7.7,28,102,942,37,13,8,58,9.106360031,113,570,53.61958802,10.86770225,8.7796987,9.40191076,449,26,493,32,475,525
39,1000,50,7.7,28,98,942,35,13,10,58,9.187484836,105,536,53.23059217,10.54477135,8.198806482,10.10377441,462,19,480,39,481,519
44,1000,50,7.7,28,14,950,24,13,13,50,7.440034126,96,530,50.71375066,9.337779733,6.709491639,8.125271652,471,13,479,37,484,516
43,1000,50,7.7,28,28,948,23,14,15,52,7.998374369,102,501,50.86553581,9.491357546,7.471241707,8.486911576,461,20,487,32,481,519
42,1000,50,7.7,28,29,950,27,14,9,50,7.566877502,74,536,51.16652411,9.482274917,7.121612797,8.049247598,502,18,448,32,520,480
45,1000,50,7.7,28,10,948,20,15,17,52,7.460486719,99,506,50.32553281,8.997408744,6.466176145,8.483033294,490,17,458,35,507,493
41,1000,50,7.7,28,40,954,22,11,13,46,7.621043253,100,498,51.29751797,9.715278716,6.573474705,8.635617516,476,16,478,30,492,508
40,1000,50,7.7,28,41,950,29,9,12,50,7.884895335,90,515,51.12846646,9.474219638,7.156165081,8.677522605,500,21,450,29,521,479
38,1000,50,7.7,28,103,942,37,12,9,58,9.115061841,103,558,53.64865505,10.9082064,8.765654684,9.431192127,449,26,493,32,475,525
39,1000,50,7.7,28,99,942,35,13,10,58,9.217964703,112,546,53.24003911,10.55499665,8.226525053,10.1368134,462,19,480,39,481,519
44,1000,50,7.7,28,15,952,24,12,12,48,7.426444597,106,536,50.76880159,9.368265786,6.712760574,8.095869145,471,13,481,35,484,516
43,1000,50,7.7,28,29,949,21,15,15,51,8.02064473,100,529,50.93398472,9.515545468,7.512046115,8.492004911,462,19,487,32,481,519
41,1000,50,7.7,28,41,953,24,10,13,47,7.623462445,106,541,51.33953744,9.740928999,6.562427754,8.651078721,475,17,478,30,492,508
42,1000,50,7.7,28,30,949,28,13,10,51,7.587167727,87,513,51.21800773,9.495029095,7.121310355,8.091846547,502,18,447,33,520,480
45,1000,50,7.7,28,11,950,19,15,16,50,7.425426901,98,513,50.36287155,8.997584674,6.488383989,8.389079552,490,17,460,33,507,493
40,1000,50,7.7,28,42,949,30,9,12,51,7.937672713,93,522,51.1592206,9.50061347,7.222169501,8.715913158,500,21,449,30,521,479
38,1000,50,7.7,28,104,942,37,12,9,58,9.140002011,123,539,53.68416787,10.93560257,8.791648745,9.455178776,449,26,493,32,475,525
46,1000,50,7.7,28,0,946,26,12,16,54,7.279,90,508,50.21431253,8.750482946,6.522267206,8.017786561,476,18,470,36,494,506
39,1000,50,7.7,28,100,943,34,13,10,57,9.216837208,121,488,53.28090877,10.58272979,8.239954119,10.12219514,462,19,481,38,481,519
44,1000,50,7.7,28,16,952,24,12,12,48,7.435406505,104,516,50.80600123,9.397851571,6.678407991,8.145459375,471,13,481,35,484,516
41,1000,50,7.7,28,42,956,22,10,12,44,7.598289945,100,500,51.36973188,9.784187177,6.566227961,8.597846039,475,17,481,27,492,508
43,1000,50,7.7,28,30,949,21,15,15,51,8.066962572,100,503,50.96295944,9.55267559,7.540085552,8.555262855,462,19,487,32,481,519
42,1000,50,7.7,28,31,949,28,12,11,51,7.625748768,99,535,51.24999343,9.510737873,7.149161605,8.142051529,502,18,447,33,520,480
45,1000,50,7.7,28,12,953,17,14,16,47,7.43426073,103,522,50.3977768,9.004464425,6.531412314,8.362747842,491,16,462,31,507,493
46,1000,50,7.7,28,1,945,27,12,16,55,7.357450608,98,500,50.243439,8.764970529,6.570054108,8.126173673,476,18,469,37,494,506
40,1000,50,7.7,28,43,948,31,9,12,52,7.958143076,95,519,51.19331192,9.510670379,7.225984793,8.754498953,500,21,448,31,521,479
39,1000,50,7.7,28,101,941,36,14,9,59,9.25230865,102,538,53.27797167,10.61493857,8.213787024,10.21479208,461,20,480,39,481,519
44,1000,50,7.7,28,17,953,23,11,13,47,7.484772221,95,504,50.82885241,9.396762327,6.704204619,8.216932529,471,13,482,34,484,516
41,1000,50,7.7,28,43,956,23,10,11,44,7.628854559,94,496,51.3982364,9.794139778,6.607509157,8.618031601,475,17,481,27,492,508
43,1000,50,7.7,28,31,951,20,14,15,49,8.099377854,101,512,50.99297379,9.557534777,7.562041485,8.597371676,463,18,488,31,481,519
42,1000,50,7.7,28,32,948,29,12,11,52,7.667358551,101,522,51.29638047,9.538546838,7.179397572,8.195982945,501,19,447,33,520,480
45,1000,50,7.7,28,13,953,17,14,16,47,7.450509757,89,507,50.44745163,9.012409326,6.563051168,8.363170008,491,16,462,31,507,493
46,1000,50,7.7,28,2,945,27,12,16,55,7.387642634,71,481,50.2749184,8.775026004,6.571997457,8.183944447,476,18,469,37,494,506
40,1000,50,7.7,28,44,949,30,9,12,51,7.974787841,91,533,51.20172342,9.526094311,7.225099035,8.790211365,501,20,448,31,521,479
39,1000,50,7.7,28,102,940,36,15,9,60,9.241068796,109,536,53.29242141,10.62475925,8.201530986,10.20449401,462,19,478,41,481,519
41,1000,50,7.7,28,44,957,23,10,10,43,7.666750799,81,504,51.4381409,9.802041972,6.615940384,8.684464822,475,17,482,26,492,508
44,1000,50,7.7,28,18,954,23,10,13,46,7.493039679,115,491,50.86746269,9.399929659,6.694628587,8.241936906,472,12,482,34,484,516
43,1000,50,7.7,28,32,954,17,14,15,46,8.104818766,107,520,51.02572297,9.588458143,7.568108694,8.602232146,464,17,490,29,481,519
42,1000,50,7.7,28,33,947,30,12,11,53,7.70045981,104,527,51.34309399,9.537739788,7.204108946,8.238173247,501,19,446,34,520,480
45,1000,50,7.7,28,14,953,18,14,15,47,7.461647823,96,530,50.48215659,9.051202306,6.59721212,8.350631395,491,16,462,31,507,493
46,1000,50,7.7,28,3,946,27,11,16,54,7.426857512,91,516,50.28539872,8.789759293,6.584601756,8.249138823,477,17,469,37,494,506
41,1000,50,7.7,28,45,959,23,8,10,41,7.671082363,127,499,51.47483129,9.826696665,6.604161431,8.704399486,475,17,484,24,492,508
39,1000,50,7.7,28,103,941,35,15,9,59,9.224046177,100,519,53.3329079,10.64839046,8.217282737,10.15709669,462,19,479,40,481,519
40,1000,50,7.7,28,45,949,28,11,12,51,7.996068555,107,517,51.20927148,9.537082226,7.249803443,8.807768185,501,20,448,31,521,479
44,1000,50,7.7,28,19,954,23,10,13,46,7.527010705,112,481,50.89985509,9.416298823,6.711766919,8.291696738,473,11,481,35,484,516
42,1000,50,7.7,28,34,949,28,12,11,51,7.699939166,107,526,51.34499443,9.549593459,7.219552461,8.220358095,502,18,447,33,520,480
43,1000,50,7.7,28,33,954,17,14,15,46,8.121036304,101,508,51.05787475,9.600221985,7.579444038,8.622974415,464,17,490,29,481,519
45,1000,50,7.7,28,15,953,18,14,15,47,7.47631833,80,519,50.51588292,9.12943488,6.630183907,8.346480911,491,16,462,31,507,493
41,1000,50,7.7,28,46,958,24,8,10,42,7.703692118,98,536,51.49829418,9.85209846,6.631197715,8.742407169,475,17,483,25,492,508
46,1000,50,7.7,28,4,945,28,11,16,55,7.413394944,100,520,50.30590093,8.802040706,6.600053894,8.207447274,477,17,468,38,494,506
39,1000,50,7.7,28,104,942,34,16,8,58,9.205806891,140,545,53.37466339,10.66898264,8.182085665,10.15457358,462,19,480,39,481,519
44,1000,50,7.7,28,20,954,24,9,13,46,7.561640206,98,513,50.91159388,9.415620002,6.78277573,8.292203009,472,12,482,34,484,516
47,1000,50,7.7,28,0,946,27,11,16,54,7.252,80,523,50.11555425,8.829975116,6.392649903,8.17184265,496,21,450,33,517,483
40,1000,50,7.7,28,46,952,26,10,12,48,8.014079537,92,533,51.25870091,9.555215552,7.301023954,8.789657738,501,20,451,28,521,479
42,1000,50,7.7,28,35,951,26,12,11,49,7.695696013,95,541,51.38651756,9.574382079,7.238998771,8.190451358,502,18,449,31,520,480
43,1000,50,7.7,28,34,954,16,15,15,46,8.159241449,99,534,51.07902551,9.617463652,7.635834468,8.64432576,464,17,490,29,481,519
45,1000,50,7.7,28,16,955,17,13,15,45,7.442884467,97,488,50.55272479,9.157291423,6.596758537,8.313038315,492,15,463,30,507,493
41,1000,50,7.7,28,47,958,24,8,10,42,7.743006425,103,514,51.53903549,9.870551471,6.671714412,8.780556957,475,17,483,25,492,508
46,1000,50,7.7,28,5,946,28,9,17,54,7.452225314,92,529,50.32533836,8.802237325,6.657392918,8.22820793,478,16,468,38,494,506
44,1000,50,7.7,28,21,955,22,10,13,45,7.557999112,110,500,50.93534016,9.416651253,6.792460037,8.276062896,472,12,483,33,484,516
47,1000,50,7.7,28,1,944,29,11,16,56,7.268939812,104,508,50.14876701,8.848881991,6.374185553,8.226678843,497,20,447,36,517,483
40,1000,50,7.7,28,47,949,29,10,12,51,8.045214598,97,514,51.27913078,9.556978416,7.300180801,8.855574949,500,21,449,30,521,479
42,1000,50,7.7,28,36,952,26,11,11,48,7.708255923,112,505,51.44513355,9.59497372,7.297760741,8.152959036,502,18,450,30,520,480
43,1000,50,7.7,28,35,955,16,14,15,45,8.168774053,112,527,51.12317615,9.669614186,7.675056223,8.626342987,464,17,491,28,481,519
45,1000,50,7.7,28,17,954,18,13,15,46,7.463933731,95,502,50.58226001,9.172453617,6.602939975,8.349377614,492,15,462,31,507,493
41,1000,50,7.7,28,48,958,24,8,10,42,7.766874525,109,503,51.57336662,9.862706005,6.716241929,8.784416329,475,17,483,25,492,508
46,1000,50,7.7,28,6,949,26,8,17,51,7.487750499,106,507,50.3388584,8.829913198,6.725091296,8.232322922,478,16,471,35,494,506
44,1000,50,7.7,28,22,956,22,9,13,44,7.600967661,97,517,50.97033166,9.423574795,6.811501668,8.341474523,473,11,483,33,484,516
47,1000,50,7.7,28,2,945,27,12,16,55,7.281381907,95,519,50.184981,8.859412777,6.405328762,8.21910339,497,20,448,35,517,483
42,1000,50,7.7,28,37,954,24,11,11,46,7.691980835,96,549,51.47819624,9.590298952,7.251543736,8.169121024,503,17,451,29,520,480
43,1000,50,7.7,28,36,954,17,15,14,46,8.205098882,103,540,51.17744284,9.70214317,7.681288632,8.690556937,464,17,490,29,481,519
40,1000,50,7.7,28,48,949,29,10,12,51,8.074337797,96,512,51.28425044,9.5709393,7.338594542,8.874592986,500,21,449,30,521,479
41,1000,50,7.7,28,49,957,25,8,10,43,7.797421692,88,490,51.5932501,9.855509047,6.752000566,8.809916168,475,17,482,26,492,508
45,1000,50,7.7,28,18,954,19,12,15,46,7.48011073,105,498,50.60951905,9.204210425,6.634008307,8.350240403,491,16,463,30,507,493
46,1000,50,7.7,28,7,951,24,8,17,49,7.50954497,82,532,50.37457546,8.882928224,6.737141731,8.263630346,478,16,473,33,494,506
44,1000,50,7.7,28,23,956,22,8,14,44,7.633977452,103,480,51.00925302,9.442659867,6.877823715,8.343237934,473,11,483,33,484,516
47,1000,50,7.7,28,3,944,31,9,16,56,7.277135195,104,516,50.19628319,8.877672506,6.410441968,8.204837884,497,20,447,36,517,483
42,1000,50,7.7,28,38,954,24,11,11,46,7.738011404,100,525,51.51108348,9.593330589,7.279653932,8.234565333,503,17,451,29,520,480
43,1000,50,7.7,28,37,954,18,15,13,46,8.223682615,102,526,51.18756877,9.72827842,7.73483112,8.676741514,464,17,490,29,481,519
41,1000,50,7.7,28,50,958,23,8,11,42,7.832934131,94,566,51.62789012,9.885279908,6.789951682,8.843066739,475,17,483,25,492,508
45,1000,50,7.7,28,19,954,20,12,14,46,7.467507269,106,513,50.62665007,9.211920386,6.661982984,8.295906482,491,16,463,30,507,493
40,1000,50,7.7,28,49,950,28,10,12,50,8.123923687,85,517,51.32375633,9.583832519,7.406840938,8.903882166,500,21,450,29,521,479
46,1000,50,7.7,28,8,949,26,9,16,51,7.559222939,100,497,50.42098553,8.909701091,6.776389346,8.323491309,476,18,473,33,494,506
47,1000,50,7.7,28,4,944,32,9,15,56,7.280484231,105,507,50.24028152,8.925830129,6.429318038,8.191566884,497,20,447,36,517,483
44,1000,50,7.7,28,24,957,23,6,14,43,7.618145702,115,505,51.06082569,9.461927014,6.877301173,8.313046385,473,11,484,32,484,516
41,1000,50,7.7,28,51,958,23,8,11,42,7.802770494,116,540,51.65889515,9.893295206,6.777153845,8.796084256,475,17,483,25,492,508
43,1000,50,7.7,28,38,955,18,15,12,45,8.219011619,103,502,51.20943146,9.733712992,7.783502052,8.622634166,464,17,491,28,481,519
42,1000,50,7.7,28,39,954,24,11,11,46,7.747280037,94,503,51.54506602,9.623225309,7.291347912,8.241206505,503,17,451,29,520,480
45,1000,50,7.7,28,20,954,20,12,14,46,7.496006471,105,506,50.6542755,9.237099866,6.698630499,8.316025981,491,16,463,30,507,493
40,1000,50,7.7,28,50,950,27,11,12,50,8.148478962,96,520,51.32103982,9.609288626,7.443110889,8.915695592,500,21,450,29,521,479
44,1000,50,7.7,28,25,955,25,6,14,45,7.617137251,115,516,51.10259969,9.493670627,6.90558489,8.284562334,472,12,483,33,484,516
47,1000,50,7.7,28,5,946,29,10,15,54,7.293116231,79,524,50.271944,8.938507878,6.397370379,8.251916656,499,18,447,36,517,483
46,1000,50,7.7,28,9,949,27,8,16,51,7.567747357,102,499,50.45937071,8.921398321,6.794693204,8.322468209,476,18,473,33,494,506
41,1000,50,7.7,28,52,956,25,7,12,44,7.867974632,106,532,51.69160404,9.933138865,6.818386825,8.884504556,474,18,482,26,492,508
42,1000,50,7.7,28,40,953,25,11,11,47,7.777121181,104,527,51.57458159,9.635206739,7.320235396,8.272080782,502,18,451,29,520,480
43,1000,50,7.7,28,39,955,19,14,12,45,8.231695089,118,505,51.24005205,9.728096004,7.777461319,8.652670896,464,17,491,28,481,519
45,1000,50,7.7,28,21,956,19,11,14,44,7.488239107,113,513,50.68670214,9.257979639,6.655109978,8.345027076,493,14,463,30,507,493
40,1000,50,7.7,28,51,950,27,12,11,50,8.145730087,98,486,51.33796818,9.607407053,7.451183549,8.901176322,500,21,450,29,521,479
41,1000,50,7.7,28,53,956,25,7,12,44,7.91352165,104,529,51.75151083,9.96023626,6.870456543,8.923734313,473,19,483,25,492,508
44,1000,50,7.7,28,26,953,27,6,14,47,7.661458968,92,504,51.11681506,9.519697203,6.946724377,8.331868934,471,13,482,34,484,516
46,1000,50,7.7,28,10,947,28,9,16,53,7.581171681,102,513,50.49226313,8.948493107,6.844522401,8.300351018,475,19,472,34,494,506
47,1000,50,7.7,28,6,947,27,11,15,53,7.335447931,117,506,50.29163135,8.965629808,6.453682189,8.279284138,500,17,447,36,517,483
42,1000,50,7.7,28,41,951,27,11,11,49,7.801018271,95,516,51.6014008,9.67058537,7.346837146,8.293047824,500,20,451,29,520,480
43,1000,50,7.7,28,40,955,19,14,12,45,8.253962951,110,497,51.27089303,9.756460942,7.761448693,8.710416435,464,17,491,28,481,519
45,1000,50,7.7,28,22,956,19,12,13,44,7.504313663,95,497,50.69949668,9.272221963,6.698793697,8.332708435,493,14,463,30,507,493
41,1000,50,7.7,28,54,956,25,7,12,44,7.940708277,106,523,51.81417561,9.990366334,6.902706512,8.946017072,473,19,483,25,492,508
40,1000,50,7.7,28,52,950,27,11,12,50,8.158900465,109,504,51.35984169,9.606848171,7.456891464,8.922463492,500,21,450,29,521,479
44,1000,50,7.7,28,27,954,26,6,14,46,7.681766133,107,497,51.15696094,9.54817891,6.922941563,8.393531815,472,12,482,34,484,516
46,1000,50,7.7,28,11,947,29,9,15,53,7.580551086,103,492,50.50792062,8.976681389,6.816334123,8.326644327,475,19,472,34,494,506
47,1000,50,7.7,28,7,947,26,12,15,53,7.356070649,91,521,50.29643975,8.978523384,6.484955479,8.288506556,500,17,447,36,517,483
42,1000,50,7.7,28,42,951,27,12,10,49,7.831750202,91,518,51.65131342,9.712751594,7.392302348,8.307818712,500,20,451,29,520,480
43,1000,50,7.7,28,41,957,17,15,11,43,8.251441364,93,507,51.30744481,9.778625127,7.756064078,8.710548251,464,17,493,26,481,519
45,1000,50,7.7,28,23,955,19,13,13,45,7.528181344,91,510,50.74889369,9.290331318,6.745231187,8.333365379,493,14,462,31,507,493
41,1000,50,7.7,28,55,957,24,7,12,43,7.959305392,121,567,51.83985337,10.02445664,6.912156886,8.973472843,473,19,484,24,492,508
44,1000,50,7.7,28,28,954,26,6,14,46,7.71811591,99,514,51.24766854,9.560241976,6.971495085,8.418434669,472,12,482,34,484,516
46,1000,50,7.7,28,12,947,29,8,16,53,7.608575411,90,488,50.55673065,8.998360135,6.863963551,8.335528493,475,19,472,34,494,506
40,1000,50,7.7,28,53,950,27,11,12,50,8.175357388,102,507,51.40312512,9.661225986,7.463197019,8.949961882,502,19,448,31,521,479
47,1000,50,7.7,28,8,947,26,12,15,53,7.378352234,94,518,50.29480403,9.006173204,6.511065025,8.306690718,500,17,447,36,517,483
42,1000,50,7.7,28,43,950,27,12,11,50,7.8833748,112,500,51.67944414,9.731358322,7.420354959,8.384979628,500,20,450,30,520,480
43,1000,50,7.7,28,42,957,17,14,12,43,8.244420047,102,510,51.34142219,9.792254136,7.709395594,8.740271227,464,17,493,26,481,519
45,1000,50,7.7,28,24,956,19,12,13,44,7.550367852,102,516,50.76439512,9.320015681,6.747693998,8.375835689,494,13,462,31,507,493
41,1000,50,7.7,28,56,958,22,8,12,42,8.008998392,116,539,51.85771426,10.04324307,6.957721108,9.027164579,473,19,485,23,492,508
46,1000,50,7.7,28,13,949,28,8,15,51,7.646535678,94,497,50.5929458,9.018756543,6.971380185,8.305679579,475,19,474,32,494,506
44,1000,50,7.7,28,29,954,26,6,14,46,7.725000955,98,521,51.28932691,9.572292223,7.0251911,8.381411748,472,12,482,34,484,516
47,1000,50,7.7,28,9,947,25,13,15,53,7.401704354,95,517,50.34735286,9.022483025,6.516578829,8.349136852,500,17,447,36,517,483
42,1000,50,7.7,28,44,950,27,12,11,50,7.889125886,90,539,51.70868463,9.717711592,7.425851637,8.391006321,500,20,450,30,520,480
43,1000,50,7.7,28,43,957,17,14,12,43,8.235770142,87,517,51.37675513,9.821363412,7.695204908,8.736756419,463,18,494,25,481,519
40,1000,50,7.7,28,54,951,25,13,11,49,8.206280958,117,550,51.42967135,9.670525794,7.466712816,9.010696412,503,18,448,31,521,479
45,1000,50,7.7,28,25,957,19,11,13,43,7.552009085,99,475,50.79675346,9.308927227,6.75694797,8.369648001,494,13,463,30,507,493
41,1000,50,7.7,28,57,958,22,8,12,42,8.047510891,101,508,51.88945328,10.06035571,7.009533442,9.052796137,473,19,485,23,492,508
46,1000,50,7.7,28,14,949,27,9,15,51,7.671969369,100,499,50.60024895,9.034919399,6.98256647,8.345022793,475,19,474,32,494,506
44,1000,50,7.7,28,30,955,25,6,14,45,7.711564422,102,508,51.30319477,9.55099374,7.019346961,8.360853669,472,12,483,33,484,516
47,1000,50,7.7,28,10,950,22,13,15,50,7.385937641,89,522,50.39675018,9.046033516,6.554355225,8.27605795,500,17,450,33,517,483
42,1000,50,7.7,28,45,950,27,13,10,50,7.93020495,127,539,51.74790829,9.7476758,7.459643641,8.439979702,500,20,450,30,520,480
43,1000,50,7.7,28,44,957,17,14,12,43,8.267434061,113,514,51.39806407,9.816712665,7.715811195,8.778668354,463,18,494,25,481,519
45,1000,50,7.7,28,26,958,18,11,13,42,7.567116793,79,508,50.83883874,9.335861998,6.754779775,8.402522205,495,12,463,30,507,493
41,1000,50,7.7,28,58,957,23,8,12,43,8.073029253,96,508,51.90476281,10.07331499,7.058446679,9.05565647,473,19,484,24,492,508
40,1000,50,7.7,28,55,951,25,13,11,49,8.249508528,117,516,51.43452239,9.689158479,7.481238095,9.085142965,503,18,448,31,521,479
46,1000,50,7.7,28,15,949,27,9,15,51,7.70279438,102,507,50.63429574,9.061732191,6.996420455,8.392416355,476,18,473,33,494,506
44,1000,50,7.7,28,31,956,24,7,13,44,7.711611988,105,522,51.34859827,9.559162925,7.042857672,8.338893168,472,12,484,32,484,516
47,1000,50,7.7,28,11,950,23,13,14,50,7.384249077,82,511,50.42559379,9.08817205,6.573174391,8.252418046,500,17,450,33,517,483
42,1000,50,7.7,28,46,950,27,13,10,50,7.928742006,110,549,51.78253487,9.745487079,7.488958489,8.405174148,500,20,450,30,520,480
43,1000,50,7.7,28,45,958,17,13,12,42,8.278752955,96,543,51.41704307,9.842884535,7.738426726,8.779517725,463,18,495,24,481,519
45,1000,50,7.7,28,27,958,18,11,13,42,7.578069571,115,546,50.88755899,9.365531682,6.751356339,8.428259446,495,12,463,30,507,493
41,1000,50,7.7,28,59,960,22,7,11,40,8.073292706,96,517,51.93683684,10.09591514,7.07720587,9.038006728,474,18,486,22,492,508
40,1000,50,7.7,28,56,951,26,13,10,49,8.265386817,97,515,51.47217847,9.726267204,7.509858109,9.087162301,503,18,448,31,521,479
46,1000,50,7.7,28,16,949,27,9,15,51,7.717490196,104,505,50.69444889,9.064810633,7.045661615,8.373386083,476,18,473,33,494,506
44,1000,50,7.7,28,32,954,26,7,13,46,7.746191425,106,524,51.37407881,9.561339591,7.053282857,8.39612892,472,12,482,34,484,516
42,1000,50,7.7,28,47,949,27,13,11,51,7.909391187,103,547,51.81370283,9.778025263,7.477046605,8.377764485,500,20,449,31,520,480
47,1000,50,7.7,28,12,952,23,11,14,48,7.405043415,91,514,50.46135018,9.098939852,6.607847211,8.25835695,501,16,451,32,517,483
43,1000,50,7.7,28,46,959,17,12,12,41,8.276032239,111,514,51.47934382,9.856859207,7.741203383,8.771702142,464,17,495,24,481,519
41,1000,50,7.7,28,60,961,22,6,11,39,8.086296205,106,503,51.96801489,10.1102308,7.090125801,9.051091162,474,18,487,21,492,508
45,1000,50,7.7,28,28,956,21,11,12,44,7.610949791,124,512,50.92025142,9.370892083,6.814794828,8.429713616,493,14,463,30,507,493
40,1000,50,7.7,28,57,951,26,13,10,49,8.255371269,116,511,51.50553317,9.748458613,7.48775382,9.090295467,503,18,448,31,521,479
46,1000,50,7.7,28,17,949,26,10,15,51,7.746487122,90,495,50.76142457,9.117960858,7.079774742,8.397388141,476,18,473,33,494,506
44,1000,50,7.7,28,33,954,26,7,13,46,7.768737879,92,517,51.44892525,9.575517004,7.093444033,8.402153037,472,12,482,34,484,516
41,1000,50,7.7,28,61,961,21,7,11,39,8.090515566,106,511,52.00342308,10.11340005,7.067677957,9.081137817,474,18,487,21,492,508
42,1000,50,7.7,28,48,949,27,13,11,51,7.946591336,103,506,51.84710391,9.803578091,7.50537207,8.424578875,500,20,449,31,520,480
47,1000,50,7.7,28,13,953,23,11,13,47,7.430311223,99,505,50.49947244,9.111818556,6.666042558,8.248379339,501,16,452,31,517,483
43,1000,50,7.7,28,47,958,19,12,11,42,8.283687238,99,502,51.52200274,9.873444527,7.785258185,8.74562245,464,17,494,25,481,519
45,1000,50,7.7,28,29,956,21,11,12,44,7.622374434,87,516,50.94405753,9.386057699,6.804547364,8.463425802,493,14,463,30,507,493
40,1000,50,7.7,28,58,951,26,12,11,49,8.282791984,106,499,51.53610981,9.757899268,7.52666843,9.105214472,503,18,448,31,521,479
46,1000,50,7.7,28,18,949,26,10,15,51,7.76054676,82,516,50.81850781,9.161368979,7.079379374,8.425559978,476,18,473,33,494,506
41,1000,50,7.7,28,62,961,21,7,11,39,8.118393358,89,504,52.03782579,10.13503219,7.099474948,9.10521985,474,18,487,21,492,508
47,1000,50,7.7,28,14,954,23,9,14,46,7.454107792,95,500,50.5213919,9.12946283,6.733131746,8.225835775,502,15,452,31,517,483
42,1000,50,7.7,28,49,950,27,13,10,50,7.955992926,98,518,51.84137894,9.813792876,7.524416978,8.423533538,501,19,449,31,520,480
44,1000,50,7.7,28,34,953,27,7,13,47,7.752568264,99,507,51.47485886,9.576317118,7.119051375,8.346797285,471,13,482,34,484,516
43,1000,50,7.7,28,48,956,20,11,13,44,8.33431771,104,497,51.54545903,9.884333984,7.849139785,8.78397201,462,19,494,25,481,519
45,1000,50,7.7,28,30,957,20,11,12,43,7.636858412,94,531,50.97885739,9.416009725,6.841358082,8.454949015,493,14,464,29,507,493
41,1000,50,7.7,28,63,963,19,7,11,37,8.106398031,92,536,52.08739473,10.14917955,7.122581629,9.059228089,474,18,489,19,492,508
46,1000,50,7.7,28,19,949,25,11,15,51,7.793239025,96,488,50.84914257,9.19348675,7.094970392,8.474947927,476,18,473,33,494,506
40,1000,50,7.7,28,59,951,26,12,11,49,8.290532442,104,505,51.55716976,9.776162252,7.548294312,9.097851996,503,18,448,31,521,479
47,1000,50,7.7,28,15,955,23,7,15,45,7.47511793,99,505,50.5477632,9.149370749,6.777959838,8.221351332,501,16,454,29,517,483
43,1000,50,7.7,28,49,954,22,12,12,46,8.35607076,98,501,51.56324692,9.917509222,7.866317737,8.80996518,461,20,493,26,481,519
42,1000,50,7.7,28,50,949,28,12,11,51,7.990987581,98,532,51.86453731,9.82193655,7.562102711,8.455612857,500,20,449,31,520,480
44,1000,50,7.7,28,35,953,27,7,13,47,7.768452554,105,496,51.52488092,9.612163863,7.168120269,8.331554929,471,13,482,34,484,516
45,1000,50,7.7,28,31,957,20,11,12,43,7.678574081,109,499,51.02959764,9.438632569,6.897075015,8.482265818,493,14,464,29,507,493
41,1000,50,7.7,28,64,962,18,9,11,38,8.135265437,99,531,52.10699362,10.17611429,7.195489967,9.045441679,473,19,489,19,492,508
46,1000,50,7.7,28,20,949,25,11,15,51,7.820871345,100,518,50.85758107,9.227584954,7.117168009,8.507886064,476,18,473,33,494,506
42,1000,50,7.7,28,51,949,26,14,11,51,8.023333222,98,524,51.90443627,9.856058338,7.593889565,8.48856385,500,20,449,31,520,480
43,1000,50,7.7,28,50,955,21,13,11,45,8.347099837,98,516,51.59461399,9.931128507,7.88215242,8.778004861,461,20,494,25,481,519
40,1000,50,7.7,28,60,948,29,12,11,52,8.373795558,94,521,51.61978025,9.817120932,7.610810623,9.203681051,502,19,446,33,521,479
47,1000,50,7.7,28,16,956,23,6,15,44,7.475091462,87,505,50.57734012,9.184977131,6.74915794,8.252125894,502,15,454,29,517,483
44,1000,50,7.7,28,36,954,26,7,13,46,7.78022334,100,532,51.55006308,9.633596355,7.176250664,8.346740346,472,12,482,34,484,516
45,1000,50,7.7,28,32,957,19,12,12,43,7.673588977,125,514,51.06692963,9.451822042,6.88902966,8.480427869,493,14,464,29,507,493
41,1000,50,7.7,28,65,962,18,9,11,38,8.146403564,107,529,52.12218393,10.18223363,7.213709135,9.049721791,473,19,489,19,492,508
46,1000,50,7.7,28,21,948,25,11,16,52,7.854988419,89,525,50.89087013,9.245221474,7.164303966,8.529293003,476,18,472,34,494,506
42,1000,50,7.7,28,52,949,26,14,11,51,8.049157499,116,525,51.94490002,9.852213397,7.601203914,8.534440549,500,20,449,31,520,480
44,1000,50,7.7,28,37,953,27,7,13,47,7.830291515,104,544,51.56202054,9.664601239,7.234200378,8.38941576,471,13,482,34,484,516
47,1000,50,7.7,28,17,957,21,7,15,43,7.538207951,101,550,50.60579746,9.201105823,6.822433619,8.304368054,502,15,455,28,517,483
43,1000,50,7.7,28,51,953,23,13,11,47,8.364883806,115,520,51.5943431,9.942212697,7.912023619,8.784586599,460,21,493,26,481,519
45,1000,50,7.7,28,33,959,16,13,12,41,7.698439551,114,516,51.09795238,9.467252677,6.907297517,8.512048093,493,14,466,27,507,493
40,1000,50,7.7,28,61,947,29,13,11,53,8.423330657,104,515,51.65147425,9.859922821,7.639453729,9.275940008,502,19,445,34,521,479
41,1000,50,7.7,28,66,961,18,10,11,39,8.198320725,100,521,52.14651556,10.20472019,7.275583767,9.091995102,473,19,488,20,492,508
46,1000,50,7.7,28,22,950,24,10,16,50,7.862764056,103,511,50.92378635,9.25987849,7.207045258,8.50293221,477,17,473,33,494,506
42,1000,50,7.7,28,53,948,27,14,11,52,8.07185033,99,519,51.97560464,9.844774202,7.626342,8.554484353,500,20,448,32,520,480
44,1000,50,7.7,28,38,954,25,7,14,46,7.838488971,107,542,51.60869336,9.687094666,7.270110584,8.371619085,470,14,484,32,484,516
43,1000,50,7.7,28,52,953,22,14,11,47,8.389952544,103,527,51.63068411,9.954425756,7.934802677,8.811777373,460,21,493,26,481,519
47,1000,50,7.7,28,18,960,19,6,15,40,7.517454344,97,540,50.62918099,9.244718469,6.799404794,8.286049826,503,14,457,26,517,483
45,1000,50,7.7,28,34,959,16,13,12,41,7.701465083,99,531,51.10605059,9.502711228,6.961293544,8.462655692,493,14,466,27,507,493
41,1000,50,7.7,28,67,961,17,11,11,39,8.202742796,114,519,52.17436588,10.22149832,7.262105557,9.113753666,473,19,488,20,492,508
40,1000,50,7.7,28,62,945,31,13,11,55,8.446070786,105,538,51.70321617,9.877073762,7.652335613,9.309402779,500,21,445,34,521,479
46,1000,50,7.7,28,23,953,21,10,16,47,7.844174418,95,489,50.95571744,9.282982266,7.145930061,8.52585962,479,15,474,32,494,506
42,1000,50,7.7,28,54,948,27,13,12,52,8.063988972,84,540,51.99119034,9.864350989,7.626327659,8.538122061,500,20,448,32,520,480
43,1000,50,7.7,28,53,953,22,14,11,47,8.381771166,98,527,51.64866988,9.978073604,7.940254205,8.79096126,460,21,493,26,481,519
47,1000,50,7.7,28,19,962,16,8,14,38,7.514460615,102,507,50.63316928,9.260878821,6.825394283,8.252032651,504,13,458,25,517,483
44,1000,50,7.7,28,39,956,23,7,14,44,7.849779812,83,513,51.65631811,9.703644884,7.319209408,8.347446625,470,14,486,30,484,516
41,1000,50,7.7,28,68,961,17,12,10,39,8.19389186,110,519,52.18880107,10.21999481,7.2711504,9.087570598,473,19,488,20,492,508
45,1000,50,7.7,28,35,961,17,11,11,39,7.692093696,96,483,51.16967296,9.516322921,7.010479824,8.393063743,493,14,468,25,507,493
40,1000,50,7.7,28,63,943,32,14,11,57,8.455399889,98,514,51.74245257,9.91346094,7.689630878,9.288313573,499,22,444,35,521,479
46,1000,50,7.7,28,24,952,22,9,17,48,7.892637712,89,507,51.00317289,9.307151702,7.190707867,8.577920999,479,15,473,33,494,506
42,1000,50,7.7,28,55,947,29,12,12,53,8.103587844,102,541,52.02543508,9.87807122,7.638472542,8.607462753,499,21,448,32,520,480
43,1000,50,7.7,28,54,952,23,14,11,48,8.418751,100,514,51.69468212,9.991880105,7.998548309,8.808187406,459,22,493,26,481,519
47,1000,50,7.7,28,20,962,17,7,14,38,7.540833045,92,515,50.67256716,9.27655726,6.860364615,8.269201945,504,13,458,25,517,483
44,1000,50,7.7,28,40,955,24,7,14,45,7.829465261,100,522,51.70109672,9.72914198,7.290330608,8.335165206,470,14,485,31,484,516
41,1000,50,7.7,28,69,961,17,12,10,39,8.203587716,99,523,52.25365724,10.25301987,7.300853638,9.077889225,473,19,488,20,492,508
45,1000,50,7.7,28,36,961,17,11,11,39,7.707475475,98,489,51.22628932,9.545523679,7.025931973,8.408373153,493,14,468,25,507,493
40,1000,50,7.7,28,64,943,32,14,11,57,8.486957471,96,516,51.76013071,9.949356101,7.692195477,9.35140632,499,22,444,35,521,479
46,1000,50,7.7,28,25,954,20,10,16,46,7.898587532,115,523,51.04393301,9.318093914,7.179237238,8.600878134,481,13,473,33,494,506
41,1000,50,7.7,28,70,961,18,11,10,39,8.25683498,104,559,52.31290865,10.2777308,7.29490673,9.188466277,473,19,488,20,492,508
42,1000,50,7.7,28,56,948,27,13,12,52,8.118987596,89,533,52.04293354,9.895130247,7.651661288,8.625257762,500,20,448,32,520,480
43,1000,50,7.7,28,55,953,23,14,10,47,8.441441663,113,546,51.75329238,10.02139267,8.012811131,8.838688842,459,22,494,25,481,519
47,1000,50,7.7,28,21,962,16,8,14,38,7.578654394,97,515,50.70936918,9.293012779,6.884300034,8.3218867,504,13,458,25,517,483
44,1000,50,7.7,28,41,955,24,7,14,45,7.860809093,102,529,51.73119199,9.753966267,7.30443815,8.382676411,469,15,486,30,484,516
45,1000,50,7.7,28,37,959,19,11,11,41,7.72469375,93,520,51.2760799,9.555537524,7.055518984,8.41287145,492,15,467,26,507,493
46,1000,50,7.7,28,26,955,19,10,16,45,7.950413127,86,506,51.09575109,9.355982202,7.196659339,8.686291331,482,12,473,33,494,506
40,1000,50,7.7,28,65,943,32,14,11,57,8.514582571,103,512,51.79957877,9.973414724,7.70724738,9.392707068,499,22,444,35,521,479
41,1000,50,7.7,28,71,962,18,10,10,38,8.239469583,109,524,52.33655517,10.28782252,7.316631436,9.133241961,473,19,489,19,492,508
42,1000,50,7.7,28,57,949,27,12,12,51,8.164995808,94,523,52.05192338,9.908870815,7.687800072,8.681957855,500,20,449,31,520,480
47,1000,50,7.7,28,22,962,16,8,14,38,7.610015191,108,517,50.72143297,9.308960051,6.901571269,8.368328872,504,13,458,25,517,483
43,1000,50,7.7,28,56,952,23,15,10,48,8.474237572,107,504,51.78455102,10.04367651,8.025126464,8.890465785,458,23,494,25,481,519
44,1000,50,7.7,28,42,955,24,8,13,45,7.867710167,93,504,51.75906729,9.766762114,7.344666584,8.358316938,469,15,486,30,484,516
45,1000,50,7.7,28,38,961,17,11,11,39,7.763785404,92,525,51.33644234,9.559325975,7.119292983,8.426579841,493,14,468,25,507,493
46,1000,50,7.7,28,27,955,19,10,16,45,7.990578583,99,529,51.12576312,9.369927479,7.259241799,8.704571411,482,12,473,33,494,506
41,1000,50,7.7,28,72,960,20,10,10,40,8.253133869,127,526,52.34986461,10.30429302,7.360638106,9.117519529,472,20,488,20,492,508
40,1000,50,7.7,28,66,942,32,15,11,58,8.55673385,105,538,51.83384929,10.01096118,7.766558216,9.416194196,498,23,444,35,521,479
42,1000,50,7.7,28,58,949,26,13,12,51,8.195011791,110,503,52.10284508,9.937371509,7.720380396,8.709195801,500,20,449,31,520,480
43,1000,50,7.7,28,57,951,23,15,11,49,8.532091515,94,524,51.82111559,10.05366036,8.064096345,8.965821142,458,23,493,26,481,519
44,1000,50,7.7,28,43,956,24,7,13,44,7.857468675,103,518,51.77728991,9.788210712,7.326269572,8.355725197,469,15,487,29,484,516
47,1000,50,7.7,28,23,963,15,8,14,37,7.600179848,89,500,50.75676623,9.300654019,6.87089909,8.38079714,505,12,458,25,517,483
45,1000,50,7.7,28,39,960,18,10,12,40,7.774943198,111,495,51.35396259,9.575044442,7.139128063,8.428813935,493,14,467,26,507,493
41,1000,50,7.7,28,73,962,19,10,9,38,8.240118525,126,520,52.3855152,10.33090111,7.365844837,9.086856034,472,20,490,18,492,508
46,1000,50,7.7,28,28,955,20,9,16,45,8.012702394,106,520,51.17206478,9.374587408,7.329332544,8.679865843,482,12,473,33,494,506
42,1000,50,7.7,28,59,947,27,14,12,53,8.205833321,125,570,52.13335648,9.951886726,7.739842257,8.710656973,498,22,449,31,520,480
43,1000,50,7.7,28,58,951,22,16,11,49,8.536235767,115,507,51.85596993,10.07372932,8.0613604,8.97634184,458,23,493,26,481,519
40,1000,50,7.7,28,67,943,32,14,11,57,8.579098959,107,521,51.86027419,10.033834,7.797890791,9.428805546,498,23,445,34,521,479
44,1000,50,7.7,28,44,956,24,7,13,44,7.867784415,114,525,51.8128674,9.795148682,7.32027593,8.381338887,469,15,487,29,484,516
47,1000,50,7.7,28,24,961,15,10,14,39,7.659692177,87,514,50.74695915,9.328490264,6.927330309,8.443607468,504,13,457,26,517,483
45,1000,50,7.7,28,40,959,19,10,12,41,7.809562983,96,494,51.36251889,9.593387912,7.164128806,8.473325919,492,15,467,26,507,493
41,1000,50,7.7,28,74,963,19,10,8,37,8.254642313,116,550,52.41838263,10.35632556,7.388325287,9.093673763,473,19,490,18,492,508
46,1000,50,7.7,28,29,956,21,8,15,44,7.998650373,106,536,51.17909093,9.40660585,7.337313758,8.644303115,482,12,474,32,494,506
42,1000,50,7.7,28,60,947,27,14,12,53,8.214580688,110,524,52.19765788,9.964290583,7.75149046,8.716261769,498,22,449,31,520,480
43,1000,50,7.7,28,59,954,20,15,11,46,8.540648055,101,523,51.87872041,10.08523611,8.081927321,8.965782301,460,21,494,25,481,519
44,1000,50,7.7,28,45,956,24,7,13,44,7.899855565,97,561,51.82506373,9.827816785,7.368564921,8.398197953,469,15,487,29,484,516
47,1000,50,7.7,28,25,960,16,10,14,40,7.677452389,105,530,50.80119776,9.367696655,6.923154955,8.484847365,504,13,456,27,517,483
45,1000,50,7.7,28,41,958,21,10,11,42,7.806366574,108,517,51.38913273,9.611164704,7.143621078,8.487932429,492,15,466,27,507,493
40,1000,50,7.7,28,68,944,31,15,10,56,8.581465606,110,516,51.89559914,10.07187744,7.810421289,9.42011715,498,23,446,33,521,479
41,1000,50,7.7,28,75,963,19,10,8,37,8.270051766,124,517,52.45771438,10.36825658,7.443739551,9.0703384,473,19,490,18,492,508
46,1000,50,7.7,28,30,956,22,6,16,44,8.053099579,96,512,51.21062859,9.420810811,7.420426112,8.670768932,482,12,474,32,494,506
42,1000,50,7.7,28,61,945,29,14,12,55,8.273590813,95,525,52.21187881,9.971310683,7.819169817,8.765880224,497,23,448,32,520,480
43,1000,50,7.7,28,60,955,20,15,10,45,8.566663311,98,520,51.89711294,10.13225922,8.085502727,9.01259441,461,20,494,25,481,519
44,1000,50,7.7,28,46,957,24,6,13,43,7.901600855,97,517,51.85715954,9.831632631,7.391337008,8.380220433,469,15,488,28,484,516
47,1000,50,7.7,28,26,962,17,9,12,38,7.641148727,127,489,50.86660049,9.369712713,6.947033243,8.384125342,504,13,458,25,517,483
45,1000,50,7.7,28,42,958,21,10,11,42,7.829422019,90,508,51.40280657,9.610434215,7.172302121,8.505202523,492,15,466,27,507,493
40,1000,50,7.7,28,69,944,30,16,10,56,8.597273927,127,499,51.93653139,10.09526411,7.817620834,9.445289087,498,23,446,33,521,479
41,1000,50,7.7,28,76,963,19,10,8,37,8.272521404,109,507,52.49054934,10.3966446,7.468134638,9.051573154,473,19,490,18,492,508
46,1000,50,7.7,28,31,956,22,6,16,44,8.093657445,104,523,51.23815946,9.441754649,7.446278669,8.725683364,482,12,474,32,494,506
42,1000,50,7.7,28,62,946,29,14,11,54,8.253701917,99,513,52.2483295,9.986420547,7.810215106,8.734145964,497,23,449,31,520,480
43,1000,50,7.7,28,61,954,22,15,9,46,8.544325489,107,526,51.93299262,10.13456062,8.07381494,8.980386325,460,21,494,25,481,519
44,1000,50,7.7,28,47,956,24,7,13,44,7.915662963,114,497,51.87511961,9.853812753,7.398093186,8.40113539,468,16,488,28,484,516
47,1000,50,7.7,28,27,962,17,9,12,38,7.667753127,97,480,50.88818934,9.383821617,6.940859441,8.445815314,504,13,458,25,517,483
45,1000,50,7.7,28,43,958,22,10,10,42,7.839018663,110,535,51.43482881,9.618636659,7.213344266,8.48246069,492,15,466,27,507,493
41,1000,50,7.7,28,77,963,19,10,8,37,8.288716097,119,514,52.50382623,10.44596999,7.450929126,9.100116077,474,18,489,19,492,508
40,1000,50,7.7,28,70,946,29,14,11,54,8.595514029,109,525,51.98322616,10.12189428,7.848402186,9.408134634,499,22,447,32,521,479
46,1000,50,7.7,28,32,954,24,6,16,46,8.125279151,107,521,51.28708231,9.437599464,7.498771979,8.736928444,481,13,473,33,494,506
43,1000,50,7.7,28,62,956,22,13,9,44,8.51293855,123,515,51.95888064,10.15833775,8.019386042,8.970354266,461,20,495,24,481,519
42,1000,50,7.7,28,63,945,31,14,10,55,8.238283513,109,538,52.2473336,10.00120915,7.802101685,8.710813826,496,24,449,31,520,480
44,1000,50,7.7,28,48,956,25,7,12,44,7.944448621,102,509,51.89381062,9.853435568,7.399918514,8.45520942,468,16,488,28,484,516
45,1000,50,7.7,28,44,959,21,10,10,41,7.825235495,100,509,51.46416124,9.621106594,7.213493374,8.454349604,493,14,466,27,507,493
41,1000,50,7.7,28,78,963,19,10,8,37,8.28625652,123,505,52.57186547,10.4565845,7.438185582,9.107616563,475,17,488,20,492,508
47,1000,50,7.7,28,28,960,19,9,12,40,7.665705762,100,514,50.91965532,9.385871001,6.937157674,8.445538808,504,13,456,27,517,483
40,1000,50,7.7,28,71,946,29,14,11,54,8.592547076,114,526,52.01533004,10.13947144,7.837117122,9.414215146,499,22,447,32,521,479
46,1000,50,7.7,28,33,952,26,6,16,48,8.139163361,107,521,51.34841523,9.471171431,7.546743859,8.71753339,480,14,472,34,494,506
42,1000,50,7.7,28,64,947,29,14,10,53,8.261489881,110,542,52.3266619,10.00913665,7.841307758,8.71668718,497,23,450,30,520,480
43,1000,50,7.7,28,63,956,22,13,9,44,8.558273308,111,539,51.97842155,10.16886774,8.053139277,9.026422574,461,20,495,24,481,519
44,1000,50,7.7,28,49,956,24,8,12,44,7.979851912,109,521,51.94334404,9.890968639,7.409625572,8.514715378,468,16,488,28,484,516
41,1000,50,7.7,28,79,962,19,12,7,38,8.324206876,108,562,52.61359909,10.47077469,7.482407584,9.139492805,475,17,487,21,492,508
45,1000,50,7.7,28,45,961,20,9,10,39,7.843821281,119,538,51.54446049,9.656712695,7.229425447,8.47566446,495,12,466,27,507,493
47,1000,50,7.7,28,29,959,20,9,12,41,7.711891034,91,486,50.95364511,9.407467947,6.970536608,8.505431899,504,13,455,28,517,483
40,1000,50,7.7,28,72,947,29,13,11,53,8.606470617,103,543,52.03831857,10.14305443,7.859777781,9.418635477,499,22,448,31,521,479
46,1000,50,7.7,28,34,952,28,6,14,48,8.104631117,107,531,51.38056022,9.487408317,7.480838106,8.713630618,479,15,473,33,494,506
42,1000,50,7.7,28,65,946,30,14,10,54,8.311413779,98,512,52.38314114,10.02741162,7.854971713,8.805892684,497,23,449,31,520,480
43,1000,50,7.7,28,64,955,21,14,10,45,8.564166266,111,523,52.01394492,10.1921258,8.041467128,9.048594561,461,20,494,25,481,519
41,1000,50,7.7,28,80,960,21,12,7,40,8.348061028,113,523,52.6453243,10.50442819,7.514543921,9.155325629,474,18,486,22,492,508
44,1000,50,7.7,28,50,955,25,8,12,45,8.014470263,99,529,51.98020452,9.924023597,7.397233372,8.593428898,468,16,487,29,484,516
45,1000,50,7.7,28,46,961,20,9,10,39,7.849328545,89,520,51.59556727,9.682749021,7.242441235,8.473449979,494,13,467,26,507,493
47,1000,50,7.7,28,30,960,19,9,12,40,7.712000877,98,490,51.00335223,9.421134014,6.981266973,8.494173607,504,13,456,27,517,483
46,1000,50,7.7,28,35,952,28,6,14,48,8.133135324,99,503,51.41448857,9.509054881,7.511814269,8.739721492,478,16,474,32,494,506
40,1000,50,7.7,28,73,949,28,13,10,51,8.597211305,103,519,52.04198684,10.17273406,7.881383196,9.375805134,499,22,450,29,521,479
41,1000,50,7.7,28,81,960,21,12,7,40,8.357171569,114,527,52.67045534,10.53563404,7.563263785,9.126074383,474,18,486,22,492,508
42,1000,50,7.7,28,66,945,31,14,10,55,8.360072639,101,547,52.41491157,10.03930024,7.88210924,8.87786632,496,24,449,31,520,480
43,1000,50,7.7,28,65,953,23,14,10,47,8.593284072,109,507,52.06757471,10.1907032,8.064160434,9.083666481,460,21,493,26,481,519
44,1000,50,7.7,28,51,955,25,8,12,45,8.045931698,115,527,52.0163744,9.930478398,7.447640016,8.60712002,468,16,487,29,484,516
45,1000,50,7.7,28,47,960,20,10,10,40,7.862392375,88,540,51.64054411,9.684993036,7.270068828,8.471536469,494,13,466,27,507,493
47,1000,50,7.7,28,31,960,19,9,12,40,7.736896062,105,483,51.02046509,9.443612017,7.0106213,8.514295756,504,13,456,27,517,483
46,1000,50,7.7,28,36,953,28,6,13,47,8.127184556,109,519,51.46669115,9.51578129,7.530594747,8.70962599,478,16,475,31,494,506
41,1000,50,7.7,28,82,959,22,12,7,41,8.390856558,116,537,52.69413704,10.54372766,7.625952262,9.131669381,474,18,485,23,492,508
42,1000,50,7.7,28,67,945,30,15,10,55,8.380258877,84,536,52.45595339,10.07198269,7.901275409,8.899157634,496,24,449,31,520,480
40,1000,50,7.7,28,74,951,27,12,10,49,8.620181599,113,478,52.07269559,10.21242981,7.925650306,9.375611251,499,22,452,27,521,479
43,1000,50,7.7,28,66,950,25,14,11,50,8.650741006,112,524,52.1153338,10.2146138,8.12374172,9.139154603,458,23,492,27,481,519
44,1000,50,7.7,28,52,955,25,8,12,45,8.05786119,113,527,52.04795388,9.961621039,7.422010504,8.654279275,468,16,487,29,484,516
45,1000,50,7.7,28,48,961,21,9,9,39,7.857161583,96,525,51.66960218,9.707616388,7.265160042,8.465974527,495,12,466,27,507,493
47,1000,50,7.7,28,32,959,20,9,12,41,7.773204925,93,531,51.06085904,9.443216552,7.028800564,8.570010422,504,13,455,28,517,483
41,1000,50,7.7,28,83,959,23,12,6,41,8.378598443,109,534,52.71254625,10.57112718,7.604776517,9.128048025,474,18,485,23,492,508
46,1000,50,7.7,28,37,950,31,6,13,50,8.165686396,105,529,51.50578061,9.53819114,7.588106434,8.72956881,476,18,474,32,494,506
42,1000,50,7.7,28,68,944,31,16,9,56,8.39324538,95,531,52.48239919,10.08044745,7.893462512,8.934676821,496,24,448,32,520,480
43,1000,50,7.7,28,67,949,26,14,11,51,8.667191364,108,520,52.13422445,10.23713549,8.090484218,9.201673324,458,23,491,28,481,519
45,1000,50,7.7,28,49,961,21,8,10,39,7.860522091,111,508,51.69826447,9.726056488,7.280516139,8.456998799,495,12,466,27,507,493
40,1000,50,7.7,28,75,949,29,11,11,51,8.644815654,96,510,52.11263434,10.23784958,7.951686956,9.398719729,497,24,452,27,521,479
44,1000,50,7.7,28,53,956,24,8,12,44,8.075396914,100,502,52.08103666,9.991388955,7.422593271,8.687716611,469,15,487,29,484,516
47,1000,50,7.7,28,33,961,19,9,11,39,7.763602654,94,529,51.09005064,9.458492145,7.038139229,8.540133897,505,12,456,27,517,483
41,1000,50,7.7,28,84,960,22,12,6,40,8.366513799,112,518,52.74722713,10.60896495,7.623680364,9.085950905,474,18,486,22,492,508
46,1000,50,7.7,28,38,948,32,8,12,52,8.181353027,95,514,51.5400508,9.536200223,7.579306112,8.76912215,475,19,473,33,494,506
42,1000,50,7.7,28,69,946,29,16,9,54,8.407093189,125,508,52.51886662,10.10184624,7.887747778,8.969717384,498,22,448,32,520,480
43,1000,50,7.7,28,68,947,28,14,11,53,8.725918397,109,533,52.15109271,10.26941949,8.147904276,9.261611638,457,24,490,29,481,519
45,1000,50,7.7,28,50,961,22,7,10,39,7.87014202,104,549,51.74198334,9.74241995,7.308084546,8.448160559,495,12,466,27,507,493
44,1000,50,7.7,28,54,956,25,7,12,44,8.088690271,98,516,52.14796011,9.993619405,7.442795253,8.694529784,469,15,487,29,484,516
47,1000,50,7.7,28,34,960,20,9,11,40,7.808084561,116,537,51.12688083,9.465657405,7.064299536,8.604227125,505,12,455,28,517,483
40,1000,50,7.7,28,76,951,27,11,11,49,8.64868013,119,538,52.14286461,10.22021732,7.941830547,9.417508173,498,23,453,26,521,479
41,1000,50,7.7,28,85,960,22,12,6,40,8.386027611,92,541,52.7624027,10.60220911,7.627212429,9.120943102,474,18,486,22,492,508
46,1000,50,7.7,28,39,948,31,9,12,52,8.204543094,114,532,51.58616624,9.563975223,7.603072831,8.79174924,475,19,473,33,494,506
42,1000,50,7.7,28,70,943,32,15,10,57,8.476829499,127,535,52.55101523,10.11400647,7.963298956,9.033154255,496,24,447,33,520,480
43,1000,50,7.7,28,69,947,28,14,11,53,8.755465834,111,531,52.17116277,10.29437324,8.160633846,9.306745577,458,23,489,30,481,519
45,1000,50,7.7,28,51,963,23,6,8,37,7.909259211,109,524,51.76834802,9.754647475,7.364053542,8.469947395,495,12,468,25,507,493
44,1000,50,7.7,28,55,956,26,6,12,44,8.097286749,113,531,52.17535546,10.00840996,7.456898346,8.697961142,469,15,487,29,484,516
47,1000,50,7.7,28,35,960,20,9,11,40,7.823274545,93,543,51.16904737,9.476743443,7.069106296,8.630531242,505,12,455,28,517,483
41,1000,50,7.7,28,86,959,24,12,5,41,8.418156256,105,533,52.79490788,10.62329672,7.657911811,9.154455994,474,18,485,23,492,508
40,1000,50,7.7,28,77,952,25,12,11,48,8.653999268,125,504,52.1612127,10.24166804,7.993396124,9.37252586,498,23,454,25,521,479
46,1000,50,7.7,28,40,949,30,9,12,51,8.26425092,87,542,51.63079919,9.582962011,7.63010464,8.883358158,475,19,474,32,494,506
42,1000,50,7.7,28,71,940,34,16,10,60,8.500577004,100,537,52.58323303,10.13016255,7.971330424,9.073927466,496,24,444,36,520,480
43,1000,50,7.7,28,70,947,28,14,11,53,8.756355925,119,522,52.20658864,10.34375232,8.150978666,9.317408838,458,23,489,30,481,519
45,1000,50,7.7,28,52,963,23,6,8,37,7.907469732,95,536,51.79002731,9.776446946,7.381479008,8.448397313,495,12,468,25,507,493
47,1000,50,7.7,28,36,960,21,8,11,40,7.880058543,118,499,51.21098236,9.503548442,7.166074841,8.644301968,505,12,455,28,517,483
44,1000,50,7.7,28,56,957,26,6,11,43,8.107937499,110,531,52.20558851,10.03570801,7.487630429,8.689775914,469,15,488,28,484,516
41,1000,50,7.7,28,87,960,23,12,5,40,8.42581065,117,512,52.8417992,10.66728611,7.71284421,9.116321453,474,18,486,22,492,508
40,1000,50,7.7,28,78,950,25,14,11,50,8.66607571,105,530,52.21875878,10.25991236,7.974010203,9.41882337,497,24,453,26,521,479
46,1000,50,7.7,28,41,949,30,9,12,51,8.293692424,84,498,51.68007944,9.598973224,7.687417878,8.885588917,475,19,474,32,494,506
42,1000,50,7.7,28,72,939,35,16,10,61,8.523975058,113,526,52.60767625,10.14555036,7.99322984,9.098949043,495,25,444,36,520,480
45,1000,50,7.7,28,53,962,24,6,8,38,7.912759283,105,541,51.82146992,9.781129384,7.360344569,8.48086123,495,12,467,26,507,493
44,1000,50,7.7,28,57,955,27,7,11,45,8.15438213,103,498,52.23182663,10.06376306,7.54578159,8.725240001,468,16,487,29,484,516
41,1000,50,7.7,28,88,960,23,12,5,40,8.439688288,108,553,52.89011572,10.71202587,7.733529974,9.123605395,474,18,486,22,492,508
43,1000,50,7.7,28,71,947,28,14,11,53,8.774054035,93,535,52.23965538,10.37710301,8.168359198,9.335401273,459,22,488,31,481,519
47,1000,50,7.7,28,37,959,22,8,11,41,7.911155888,101,520,51.24912204,9.544059082,7.196900519,8.675690103,504,13,455,28,517,483
40,1000,50,7.7,28,79,950,25,14,11,50,8.693898888,103,496,52.25226591,10.32282233,7.999193944,9.449517417,497,24,453,26,521,479
46,1000,50,7.7,28,42,950,30,9,11,50,8.281518877,94,524,51.73301791,9.612777842,7.666008472,8.882432198,476,18,474,32,494,506
42,1000,50,7.7,28,73,939,35,16,10,61,8.536411274,117,521,52.62744006,10.15012065,7.986930193,9.131682446,496,24,443,37,520,480
41,1000,50,7.7,28,89,958,25,12,5,42,8.479354915,109,558,52.89023886,10.74286737,7.785642393,9.151218223,473,19,485,23,492,508
45,1000,50,7.7,28,54,959,28,6,7,41,7.956939132,109,493,51.85485271,9.800930324,7.423135243,8.505901753,492,15,467,26,507,493
44,1000,50,7.7,28,58,956,25,8,11,44,8.165211911,126,531,52.27223177,10.0807535,7.595640148,8.699461394,468,16,488,28,484,516
43,1000,50,7.7,28,72,948,27,14,11,52,8.790717777,110,536,52.27339346,10.38306601,8.205335882,9.333239341,459,22,489,30,481,519
47,1000,50,7.7,28,38,959,22,8,11,41,7.904232229,101,533,51.25821596,9.557274883,7.205452136,8.65220181,504,13,455,28,517,483
46,1000,50,7.7,28,43,951,29,9,11,49,8.287532857,111,518,51.7745472,9.623927316,7.655570387,8.904508076,477,17,474,32,494,506
40,1000,50,7.7,28,80,949,25,15,11,51,8.730194115,109,526,52.28144229,10.34575861,8.055422766,9.464131219,497,24,452,27,521,479
42,1000,50,7.7,28,74,939,35,16,10,61,8.533868418,107,562,52.64551526,10.16999744,7.985618275,9.127806073,496,24,443,37,520,480
41,1000,50,7.7,28,90,958,25,12,5,42,8.49121591,131,517,52.93631505,10.76312464,7.8036997,9.157078065,473,19,485,23,492,508
45,1000,50,7.7,28,55,959,28,6,7,41,7.946027629,106,528,51.91093802,9.827070059,7.426482652,8.480326419,492,15,467,26,507,493
43,1000,50,7.7,28,73,946,29,13,12,54,8.822511063,103,518,52.29425222,10.40689784,8.294359703,9.311992382,458,23,488,31,481,519
44,1000,50,7.7,28,59,956,25,8,11,44,8.189018571,90,528,52.28340689,10.09441473,7.613212243,8.729115979,468,16,488,28,484,516
47,1000,50,7.7,28,39,959,20,10,11,41,7.900159843,92,534,51.29046614,9.576357925,7.211036191,8.637793234,503,14,456,27,517,483
46,1000,50,7.7,28,44,951,29,10,10,49,8.276386205,98,525,51.78261073,9.62054289,7.659353901,8.878785332,477,17,474,32,494,506
42,1000,50,7.7,28,75,938,36,16,10,62,8.560548388,104,513,52.67223889,10.18421063,8.006856448,9.160381323,497,23,441,39,520,480
41,1000,50,7.7,28,91,956,27,12,5,44,8.522723959,109,527,52.92138487,10.7725242,7.815701494,9.207478,472,20,484,24,492,508
40,1000,50,7.7,28,81,949,25,15,11,51,8.734659951,107,561,52.31280292,10.35969043,8.071330774,9.456151602,497,24,452,27,521,479
45,1000,50,7.7,28,56,960,27,6,7,40,7.989832156,96,535,51.91788786,9.855313115,7.446827493,8.548256831,492,15,468,25,507,493
44,1000,50,7.7,28,60,956,24,9,11,44,8.207106257,105,533,52.30448906,10.11893924,7.61938165,8.758382826,468,16,488,28,484,516
43,1000,50,7.7,28,74,947,30,10,13,53,8.830253027,121,535,52.30146821,10.40743502,8.32686814,9.296781216,458,23,489,30,481,519
47,1000,50,7.7,28,40,956,23,10,11,44,7.93140356,103,494,51.31179323,9.603129026,7.229913614,8.68227375,502,15,454,29,517,483
41,1000,50,7.7,28,92,958,24,13,5,42,8.525384328,114,529,52.93454223,10.78964106,7.830898987,9.197996115,473,19,485,23,492,508
46,1000,50,7.7,28,45,950,30,10,10,50,8.286710396,114,520,51.80649177,9.643793552,7.675916023,8.883019527,477,17,473,33,494,506
42,1000,50,7.7,28,76,940,33,17,10,60,8.566248944,110,564,52.74816826,10.20765715,8.045560448,9.130328148,497,23,443,37,520,480
40,1000,50,7.7,28,82,949,25,15,11,51,8.735804738,102,533,52.3322957,10.41382256,8.079281768,9.449893397,497,24,452,27,521,479
45,1000,50,7.7,28,57,960,27,6,7,40,8.003922318,101,546,51.96521781,9.869222186,7.473911455,8.548984199,492,15,468,25,507,493
44,1000,50,7.7,28,61,952,27,10,11,48,8.259422444,110,520,52.3523675,10.16503268,7.632378221,8.847580204,468,16,484,32,484,516
43,1000,50,7.7,28,75,948,29,10,13,52,8.803442366,109,538,52.34481588,10.43438062,8.31166985,9.259208416,458,23,490,29,481,519
47,1000,50,7.7,28,41,957,23,9,11,43,7.964741169,88,496,51.34211146,9.614890127,7.272282426,8.70594442,502,15,455,28,517,483
46,1000,50,7.7,28,46,950,29,11,10,50,8.309617553,115,538,51.81387947,9.666570103,7.671563891,8.932539506,477,17,473,33,494,506
41,1000,50,7.7,28,93,957,25,12,6,43,8.547025031,133,538,52.96912322,10.80645468,7.849934628,9.22215983,473,19,484,24,492,508
42,1000,50,7.7,28,77,939,34,17,10,61,8.591336375,97,553,52.78393102,10.23358394,8.081591073,9.143560453,496,24,443,37,520,480
45,1000,50,7.7,28,58,959,28,6,7,41,8.025809302,94,534,52.01811513,9.896613242,7.493861009,8.572863631,492,15,467,26,507,493
43,1000,50,7.7,28,76,947,30,10,13,53,8.804951018,108,516,52.40224257,10.45696052,8.304590267,9.268676492,458,23,489,30,481,519
40,1000,50,7.7,28,83,948,26,15,11,52,8.783938785,127,503,52.35116456,10.46660212,8.136771958,9.487850928,497,24,451,28,521,479
44,1000,50,7.7,28,62,952,27,11,10,48,8.290691539,106,521,52.37102907,10.18706403,7.681984355,8.86164944,468,16,484,32,484,516
47,1000,50,7.7,28,42,959,21,9,11,41,8.000313613,120,529,51.35814594,9.615671279,7.34797719,8.698570199,502,15,457,26,517,483
41,1000,50,7.7,28,94,956,26,12,6,44,8.541901015,115,526,53.00727073,10.84604826,7.862068295,9.200321681,472,20,484,24,492,508
46,1000,50,7.7,28,47,949,30,11,10,51,8.345859246,90,521,51.88338514,9.692253686,7.715313937,8.961450911,476,18,473,33,494,506
42,1000,50,7.7,28,78,939,34,17,10,61,8.613973595,115,536,52.8129998,10.2241863,8.120719523,9.148332172,496,24,443,37,520,480
45,1000,50,7.7,28,59,958,28,7,7,42,8.073895342,108,521,52.08348966,9.919346819,7.5678161,8.594346003,491,16,467,26,507,493
43,1000,50,7.7,28,77,947,30,10,13,53,8.839282565,108,554,52.44377119,10.47361283,8.339752217,9.302238436,458,23,489,30,481,519
40,1000,50,7.7,28,84,947,27,15,11,53,8.782032883,112,538,52.36002083,10.47795997,8.121360328,9.500634974,496,25,451,28,521,479
47,1000,50,7.7,28,43,959,21,9,11,41,8.013679955,97,513,51.42839335,9.64778791,7.377224301,8.694937871,502,15,457,26,517,483
44,1000,50,7.7,28,63,953,26,11,10,47,8.290279801,94,550,52.40728382,10.2082003,7.68374021,8.859204534,468,16,485,31,484,516
41,1000,50,7.7,28,95,954,28,12,6,46,8.593688601,86,564,53.05411155,10.87901438,7.906176564,9.259546716,471,21,483,25,492,508
46,1000,50,7.7,28,48,948,31,12,9,52,8.371583527,92,518,51.89451579,9.713580108,7.726952946,9.000926425,475,19,473,33,494,506
42,1000,50,7.7,28,79,939,34,17,10,61,8.623963006,92,529,52.84385882,10.2425472,8.175872846,9.109394013,495,25,444,36,520,480
45,1000,50,7.7,28,60,958,29,6,7,42,8.090809706,99,550,52.13524332,9.94913096,7.627209759,8.567574763,491,16,467,26,507,493
43,1000,50,7.7,28,78,946,31,10,13,54,8.873820058,111,531,52.47861753,10.46416537,8.337075327,9.37126556,458,23,488,31,481,519
47,1000,50,7.7,28,44,959,22,9,10,41,8.036354127,116,526,51.45651355,9.673634936,7.402916458,8.714381612,502,15,457,26,517,483
44,1000,50,7.7,28,64,953,26,11,10,47,8.304470464,104,519,52.44931993,10.21166054,7.674248803,8.895608611,468,16,485,31,484,516
40,1000,50,7.7,28,85,949,25,15,11,51,8.790515313,112,503,52.36537242,10.50776085,8.17076652,9.464605336,496,25,453,26,521,479
41,1000,50,7.7,28,96,954,28,11,7,46,8.649901432,110,577,53.08392187,10.90356303,7.985701901,9.293181293,471,21,483,25,492,508
46,1000,50,7.7,28,49,949,30,12,9,51,8.419450256,97,528,51.95942143,9.711101814,7.829870754,8.995047636,475,19,474,32,494,506
42,1000,50,7.7,28,80,938,35,17,10,62,8.669220838,109,514,52.88396394,10.25751019,8.207719455,9.169180668,495,25,443,37,520,480
45,1000,50,7.7,28,61,958,28,7,7,42,8.129804756,100,510,52.17972398,9.983954244,7.625981585,8.647935279,491,16,467,26,507,493
43,1000,50,7.7,28,79,945,32,10,13,55,8.888865508,101,527,52.516181,10.49310432,8.370920175,9.368888062,457,24,488,31,481,519
47,1000,50,7.7,28,45,959,21,10,10,41,8.074201493,96,522,51.51945569,9.685953784,7.472472715,8.718287991,502,15,457,26,517,483
44,1000,50,7.7,28,65,952,26,12,10,48,8.321786206,92,528,52.48691777,10.25351585,7.665533494,8.937341077,468,16,484,32,484,516
41,1000,50,7.7,28,97,954,28,11,7,46,8.630181292,119,531,53.1025006,10.94662953,8.011799528,9.229086466,471,21,483,25,492,508
40,1000,50,7.7,28,86,947,27,15,11,53,8.832365473,94,518,52.40417093,10.52373804,8.252346539,9.463242017,495,26,452,27,521,479
46,1000,50,7.7,28,50,948,31,12,9,52,8.431609296,104,517,51.96169839,9.716375864,7.812786223,9.035756723,475,19,473,33,494,506
42,1000,50,7.7,28,81,937,37,16,10,63,8.677385043,108,528,52.90406793,10.27885626,8.219525937,9.173399075,495,25,442,38,520,480
45,1000,50,7.7,28,62,957,29,7,7,43,8.171999445,101,520,52.18940918,9.986612478,7.675241252,8.682864362,490,17,467,26,507,493
41,1000,50,7.7,28,98,953,28,12,7,47,8.637338323,117,538,53.13592156,10.96648851,8.016111003,9.238999428,471,21,482,26,492,508
43,1000,50,7.7,28,80,945,32,11,12,55,8.877254547,95,545,52.51962262,10.5191848,8.367008361,9.350141668,457,24,488,31,481,519
47,1000,50,7.7,28,46,958,22,10,10,42,8.111816265,95,526,51.52996921,9.682334078,7.506218506,8.760044095,502,15,456,27,517,483
44,1000,50,7.7,28,66,953,25,12,10,47,8.321738676,131,548,52.52706151,10.27893212,7.674646158,8.928701427,468,16,485,31,484,516
46,1000,50,7.7,28,51,948,31,12,9,52,8.45169094,123,512,52.03657678,9.738914735,7.796727269,9.091121877,474,20,474,32,494,506
40,1000,50,7.7,28,87,946,28,15,11,54,8.887260097,119,500,52.41573753,10.54005585,8.299321123,9.526751132,495,26,451,28,521,479
42,1000,50,7.7,28,82,938,35,17,10,62,8.678484006,94,545,52.92425979,10.31264932,8.218336919,9.176976684,496,24,442,38,520,480
45,1000,50,7.7,28,63,957,30,6,7,43,8.214396149,115,533,52.25309968,10.0248857,7.719906321,8.722928286,490,17,467,26,507,493
41,1000,50,7.7,28,99,954,27,12,7,46,8.663233764,109,514,53.1780454,10.99022425,7.999365829,9.306192472,472,20,482,26,492,508
43,1000,50,7.7,28,81,946,31,11,12,54,8.901496142,87,502,52.56863767,10.54024743,8.411671881,9.355456585,457,24,489,30,481,519
47,1000,50,7.7,28,47,961,19,10,10,39,8.070575158,107,529,51.56140664,9.709023537,7.49213779,8.689730684,502,15,459,24,517,483
44,1000,50,7.7,28,67,954,24,12,10,46,8.339986758,110,526,52.56398756,10.29109448,7.66780847,8.970479572,469,15,485,31,484,516
46,1000,50,7.7,28,52,948,32,11,9,52,8.453351488,129,546,52.07002125,9.768620559,7.830508115,9.061423872,473,21,475,31,494,506
40,1000,50,7.7,28,88,946,28,15,11,54,8.884267662,109,537,52.4540065,10.57115606,8.330700073,9.486373535,495,26,451,28,521,479
42,1000,50,7.7,28,83,938,36,17,9,62,8.650369397,112,536,52.93371622,10.34064977,8.207406008,9.130246401,496,24,442,38,520,480
41,1000,50,7.7,28,100,953,27,13,7,47,8.676902996,102,524,53.21719052,10.98924334,7.999956615,9.332528232,471,21,482,26,492,508
45,1000,50,7.7,28,64,955,32,6,7,45,8.226490986,93,536,52.30065476,10.07257872,7.740695091,8.726082302,489,18,466,27,507,493
43,1000,50,7.7,28,82,945,31,12,12,55,8.92261985,114,510,52.61845104,10.56948026,8.451818519,9.358950178,457,24,488,31,481,519
47,1000,50,7.7,28,48,961,19,10,10,39,8.089578692,92,518,51.58203831,9.747030375,7.53800375,8.679980856,502,15,459,24,517,483
44,1000,50,7.7,28,68,949,28,12,11,51,8.359636058,98,531,52.57697571,10.30556924,7.68029827,8.996844371,467,17,482,34,484,516
46,1000,50,7.7,28,53,948,32,11,9,52,8.468299339,101,538,52.10328031,9.762872668,7.838066537,9.083585908,473,21,475,31,494,506
42,1000,50,7.7,28,84,939,35,17,9,61,8.659543585,99,529,52.95745821,10.37853888,8.201946592,9.15527366,496,24,443,37,520,480
41,1000,50,7.7,28,101,950,29,14,7,50,8.715472979,121,537,53.24679435,11.01448073,8.020473538,9.388582673,471,21,479,29,492,508
40,1000,50,7.7,28,89,946,28,15,11,54,8.874406859,103,513,52.47445015,10.59854366,8.312905293,9.485142382,495,26,451,28,521,479
45,1000,50,7.7,28,65,956,30,7,7,44,8.276508462,108,526,52.34213243,10.06796534,7.790397437,8.776423856,490,17,466,27,507,493
43,1000,50,7.7,28,83,944,32,12,12,56,8.941708034,104,553,52.6318022,10.58465345,8.440086477,9.406602,457,24,487,32,481,519
47,1000,50,7.7,28,49,960,21,10,9,40,8.10265523,111,530,51.62225877,9.776502967,7.546914788,8.697516118,502,15,458,25,517,483
44,1000,50,7.7,28,69,949,28,12,11,51,8.374829037,124,534,52.59771295,10.33932908,7.657678048,9.047505546,468,16,481,35,484,516
46,1000,50,7.7,28,54,949,33,10,8,51,8.460088374,97,512,52.17221583,9.767631847,7.809624679,9.095126052,473,21,476,30,494,506
41,1000,50,7.7,28,102,950,29,14,7,50,8.734256966,112,526,53.27268428,11.02258328,8.014666767,9.431182906,471,21,479,29,492,508
42,1000,50,7.7,28,85,939,35,16,10,61,8.687009895,100,546,53.02382331,10.41043484,8.224669688,9.187878453,496,24,443,37,520,480
40,1000,50,7.7,28,90,947,27,15,11,53,8.893626708,118,538,52.49798208,10.64746625,8.310386871,9.528006572,496,25,451,28,521,479
45,1000,50,7.7,28,66,955,31,7,7,45,8.292939829,101,524,52.37019654,10.0936024,7.788581767,8.811620433,490,17,465,28,507,493
43,1000,50,7.7,28,84,944,32,12,12,56,8.959650602,88,533,52.6532845,10.59235268,8.484195453,9.400294005,457,24,487,32,481,519
47,1000,50,7.7,28,50,960,22,10,8,40,8.117401288,101,522,51.67869144,9.794237308,7.530933306,8.745152731,503,14,457,26,517,483
44,1000,50,7.7,28,70,948,29,11,12,52,8.406283945,103,523,52.66845629,10.37120422,7.662850614,9.103612882,468,16,480,36,484,516
41,1000,50,7.7,28,103,950,29,14,7,50,8.765559992,121,546,53.31797308,11.03643003,8.022623842,9.485096578,471,21,479,29,492,508
46,1000,50,7.7,28,55,950,32,10,8,50,8.477871905,102,497,52.21100539,9.791125502,7.81223003,9.127727808,474,20,476,30,494,506
42,1000,50,7.7,28,86,939,35,16,10,61,8.741035181,99,524,53.0626085,10.42743557,8.251832105,9.27100518,496,24,443,37,520,480
45,1000,50,7.7,28,67,956,30,7,7,44,8.305633403,118,516,52.41390345,10.11517739,7.80715381,8.818268603,490,17,466,27,507,493
40,1000,50,7.7,28,91,949,26,14,11,51,8.902121022,97,533,52.51591031,10.66433101,8.329140011,9.525342539,498,23,451,28,521,479
43,1000,50,7.7,28,85,945,31,12,12,55,8.979694349,111,547,52.70948795,10.60863008,8.528714686,9.397654307,457,24,488,31,481,519
44,1000,50,7.7,28,71,949,28,11,12,51,8.434368428,113,531,52.70810245,10.37654984,7.685297513,9.136985334,468,16,481,35,484,516
47,1000,50,7.7,28,51,960,21,11,8,40,8.125860505,104,530,51.73543011,9.81485828,7.521940186,8.772292814,503,14,457,26,517,483
41,1000,50,7.7,28,104,951,28,13,8,49,8.758445612,123,517,53.35283418,11.06265861,8.031003652,9.462976014,471,21,480,28,492,508
48,1000,50,7.7,28,0,924,34,24,18,76,7.721,98,515,50.08234229,9.186951934,6.474747475,8.942574257,474,21,450,55,495,505
46,1000,50,7.7,28,56,951,32,9,8,49,8.483313448,101,512,52.23844507,9.789335636,7.825066337,9.125949956,474,20,477,29,494,506
42,1000,50,7.7,28,87,938,35,17,10,62,8.789596948,102,541,53.09996916,10.44825741,8.290541039,9.33024085,496,24,442,38,520,480
45,1000,50,7.7,28,68,956,29,8,7,44,8.368476031,108,546,52.4480238,10.14678271,7.855075684,8.896455699,490,17,466,27,507,493
43,1000,50,7.7,28,86,947,29,12,12,53,8.986608885,104,503,52.78094845,10.63344011,8.55318081,9.388302341,458,23,489,30,481,519
40,1000,50,7.7,28,92,948,27,14,11,52,8.886076045,133,540,52.53056984,10.70355509,8.317309649,9.504713398,497,24,451,28,521,479
44,1000,50,7.7,28,72,950,28,11,11,50,8.452387798,113,546,52.7626012,10.37864259,7.734709537,9.12555888,468,16,482,34,484,516
47,1000,50,7.7,28,52,960,20,12,8,40,8.167010259,104,510,51.78753956,9.83271186,7.553203377,8.824025079,503,14,457,26,517,483
48,1000,50,7.7,28,1,925,33,24,18,75,7.729356765,91,502,50.12117076,9.198214071,6.51313361,8.921496294,474,21,451,54,495,505
46,1000,50,7.7,28,57,951,31,10,8,49,8.49296766,97,530,52.2797668,9.814876437,7.854300693,9.116488375,474,20,477,29,494,506
42,1000,50,7.7,28,88,937,36,17,10,63,8.816432522,123,524,53.13527484,10.47542014,8.34696829,9.325018773,496,24,441,39,520,480
45,1000,50,7.7,28,69,956,29,8,7,44,8.383056054,92,536,52.47780222,10.15238015,7.901531867,8.878254355,490,17,466,27,507,493
43,1000,50,7.7,28,87,947,28,13,12,53,9.035135132,114,524,52.82003348,10.63455837,8.573724573,9.462762258,458,23,489,30,481,519
44,1000,50,7.7,28,73,948,30,11,11,52,8.479577968,97,511,52.7886623,10.4115236,7.718471174,9.19348434,467,17,481,35,484,516
47,1000,50,7.7,28,53,959,20,12,9,41,8.230794849,93,513,51.83609435,9.850927301,7.610824434,8.894407074,503,14,456,27,517,483
40,1000,50,7.7,28,93,947,27,15,11,53,8.929360142,109,531,52.55511229,10.71135198,8.355734812,9.553282473,497,24,450,29,521,479
48,1000,50,7.7,28,2,928,31,22,19,72,7.721600093,96,535,50.15155648,9.224221078,6.525248094,8.894261953,475,20,453,52,495,505
46,1000,50,7.7,28,58,953,30,9,8,47,8.497413944,110,548,52.3095097,9.842837166,7.864195189,9.115615654,474,20,479,27,494,506
42,1000,50,7.7,28,89,937,34,18,11,63,8.840176201,128,546,53.17649393,10.50756344,8.385707385,9.332517419,496,24,441,39,520,480
45,1000,50,7.7,28,70,956,30,7,7,44,8.416549014,88,543,52.5089759,10.14666846,7.937608367,8.909090411,490,17,466,27,507,493
43,1000,50,7.7,28,88,947,28,13,12,53,9.038388567,109,527,52.83226762,10.66858845,8.562578051,9.47936132,458,23,489,30,481,519
44,1000,50,7.7,28,74,947,31,11,11,53,8.50365305,111,509,52.81627791,10.44515038,7.745974489,9.214343794,467,17,480,36,484,516
47,1000,50,7.7,28,54,958,21,12,9,42,8.262666979,109,498,51.84928464,9.865274133,7.652786771,8.915478713,503,14,455,28,517,483
48,1000,50,7.7,28,3,929,29,23,19,71,7.748048855,100,496,50.16699771,9.23557236,6.543057652,8.929178847,476,19,453,52,495,505
40,1000,50,7.7,28,94,947,27,14,12,53,8.935768533,116,505,52.59597857,10.71814643,8.382824345,9.537196346,497,24,450,29,521,479
46,1000,50,7.7,28,59,953,30,9,8,47,8.526773082,111,554,52.33594474,9.861262784,7.9099378,9.12897986,474,20,479,27,494,506
42,1000,50,7.7,28,90,938,34,17,11,62,8.82441207,102,524,53.22130886,10.53503166,8.372227963,9.314278186,495,25,443,37,520,480
45,1000,50,7.7,28,71,957,30,7,6,43,8.425935241,113,506,52.55869533,10.17470449,7.935708249,8.930083486,490,17,467,26,507,493
43,1000,50,7.7,28,89,948,28,12,12,52,9.044830988,103,518,52.87876575,10.68599995,8.56738381,9.48732057,459,22,489,30,481,519
44,1000,50,7.7,28,75,947,30,11,12,53,8.538251416,120,520,52.8444008,10.4663067,7.809123955,9.222161671,467,17,480,36,484,516
47,1000,50,7.7,28,55,959,21,12,8,41,8.258847928,106,519,51.88676355,9.88464521,7.641379152,8.919782414,504,13,455,28,517,483
48,1000,50,7.7,28,4,928,31,23,18,72,7.764376921,92,510,50.18220174,9.256591816,6.607180749,8.898658316,476,19,452,53,495,505
46,1000,50,7.7,28,60,954,29,10,7,46,8.509067075,115,539,52.35818589,9.87276505,7.917469266,9.086634897,474,20,480,26,494,506
40,1000,50,7.7,28,95,947,27,12,14,53,8.941604928,118,547,52.64273374,10.74499394,8.384363836,9.547706407,497,24,450,29,521,479
42,1000,50,7.7,28,91,938,33,18,11,62,8.825144622,105,535,53.27962863,10.55028593,8.387944162,9.298778453,495,25,443,37,520,480
45,1000,50,7.7,28,72,957,30,7,6,43,8.392816594,128,542,52.59540222,10.22725744,7.896959823,8.902754491,491,16,466,27,507,493
43,1000,50,7.7,28,90,946,30,11,13,54,9.062139928,122,556,52.89550496,10.70710367,8.571144743,9.517185563,458,23,488,31,481,519
44,1000,50,7.7,28,76,947,29,12,12,53,8.589038664,97,523,52.85514366,10.48493725,7.871850557,9.261749989,467,17,480,36,484,516
48,1000,50,7.7,28,5,929,31,23,17,71,7.752676946,106,508,50.20545753,9.267387756,6.630438424,8.852692924,475,20,454,51,495,505
47,1000,50,7.7,28,56,956,24,12,8,44,8.317844382,114,524,51.94903903,9.891473348,7.695369504,8.984137367,502,15,454,29,517,483
46,1000,50,7.7,28,61,953,30,11,6,47,8.524324574,102,522,52.37502179,9.884401284,7.988159648,9.047774126,473,21,480,26,494,506
42,1000,50,7.7,28,92,939,32,18,11,61,8.805790326,126,529,53.32036056,10.55678014,8.356301101,9.292736986,496,24,443,37,520,480
40,1000,50,7.7,28,96,947,27,12,14,53,8.940717252,93,540,52.67544535,10.77610971,8.384034689,9.54621123,497,24,450,29,521,479
45,1000,50,7.7,28,73,954,33,6,7,46,8.421904941,119,562,52.60622805,10.26405919,7.911156497,8.947157398,489,18,465,28,507,493
43,1000,50,7.7,28,91,950,28,9,13,50,9.034234087,119,528,52.91449984,10.73728943,8.522130766,9.508842366,460,21,490,29,481,519
48,1000,50,7.7,28,6,930,32,21,17,70,7.781180214,101,489,50.24104802,9.308338607,6.698875939,8.842052722,475,20,455,50,495,505
44,1000,50,7.7,28,77,948,28,12,12,52,8.587994741,118,530,52.89285068,10.5030043,7.888428445,9.244177081,467,17,481,35,484,516
47,1000,50,7.7,28,57,957,23,12,8,43,8.31891709,93,535,51.97795441,9.890087141,7.70563807,8.975366889,502,15,455,28,517,483
46,1000,50,7.7,28,62,952,31,11,6,48,8.548503044,92,488,52.3808802,9.899516741,7.995534434,9.088357773,473,21,479,27,494,506
42,1000,50,7.7,28,93,940,33,17,10,60,8.804751356,133,570,53.35440992,10.57268471,8.372302653,9.273237451,496,24,444,36,520,480
40,1000,50,7.7,28,97,947,27,12,14,53,8.96125512,107,574,52.68846084,10.79542401,8.442111677,9.525918447,497,24,450,29,521,479
43,1000,50,7.7,28,92,950,28,8,14,50,9.0569556,121,516,52.92723252,10.76464351,8.550057774,9.52673952,459,22,491,28,481,519
48,1000,50,7.7,28,7,931,32,21,16,69,7.797646352,78,512,50.26975121,9.318078363,6.722921237,8.85108978,475,20,456,49,495,505
45,1000,50,7.7,28,74,955,33,5,7,45,8.427370766,111,557,52.6690329,10.30432232,7.934424312,8.934315699,489,18,466,27,507,493
44,1000,50,7.7,28,78,948,29,11,12,52,8.573157008,114,510,52.92482662,10.51270856,7.90638209,9.198581544,466,18,482,34,484,516
47,1000,50,7.7,28,58,957,23,12,8,43,8.366828857,96,502,52.02721872,9.893003451,7.728970744,9.049587954,502,15,455,28,517,483
46,1000,50,7.7,28,63,951,31,11,7,49,8.607610991,105,534,52.40953239,9.929008411,8.033810738,9.167803334,473,21,478,28,494,506
42,1000,50,7.7,28,94,940,32,18,10,60,8.796677708,97,535,53.3562429,10.56604361,8.381549189,9.246400269,496,24,444,36,520,480
48,1000,50,7.7,28,8,933,30,21,16,67,7.826150327,96,512,50.31672973,9.326927421,6.763552051,8.867707053,475,20,458,47,495,505
43,1000,50,7.7,28,93,950,28,8,14,50,9.079030199,111,549,52.99201316,10.78719338,8.581342035,9.540278767,459,22,491,28,481,519
40,1000,50,7.7,28,98,947,27,12,14,53,8.973649185,111,526,52.71974676,10.83574722,8.481385909,9.509075421,497,24,450,29,521,479
45,1000,50,7.7,28,75,956,31,6,7,44,8.4566893,104,562,52.71562145,10.33128678,7.964326219,8.963034294,489,18,467,26,507,493
44,1000,50,7.7,28,79,948,28,12,12,52,8.576308241,96,552,52.96955315,10.51898312,7.943674718,9.169708677,466,18,482,34,484,516
47,1000,50,7.7,28,59,956,24,12,8,44,8.391932036,98,503,52.05416022,9.914688764,7.761103751,9.067166451,502,15,454,29,517,483
46,1000,50,7.7,28,64,949,33,11,7,51,8.610234416,77,508,52.42685367,9.948287675,8.054433948,9.152853846,472,22,477,29,494,506
42,1000,50,7.7,28,95,941,31,18,10,59,8.81738769,112,547,53.38874186,10.57944492,8.387968277,9.282592053,496,24,445,35,520,480
48,1000,50,7.7,28,9,934,30,21,15,66,7.798313296,101,507,50.3642127,9.357141851,6.74250587,8.833213644,475,20,459,46,495,505
43,1000,50,7.7,28,94,950,28,8,14,50,9.072273123,109,520,53.0378684,10.80551286,8.613860018,9.497122263,459,22,491,28,481,519
45,1000,50,7.7,28,76,955,32,6,7,45,8.455078941,107,526,52.74283653,10.32226433,7.961279707,8.962900872,489,18,466,27,507,493
40,1000,50,7.7,28,99,945,28,13,14,55,8.977395915,127,546,52.73641012,10.85905785,8.473417068,9.525564975,496,25,449,30,521,479
44,1000,50,7.7,28,80,948,28,12,12,52,8.592463493,119,549,53.02578668,10.53322765,7.950052313,9.19503522,466,18,482,34,484,516
46,1000,50,7.7,28,65,949,33,11,7,51,8.638310306,95,527,52.45066366,9.984858077,8.099246638,9.164589856,472,22,477,29,494,506
47,1000,50,7.7,28,60,956,24,12,8,44,8.418496183,91,527,52.0934646,9.938989976,7.76359544,9.119497599,502,15,454,29,517,483
42,1000,50,7.7,28,96,940,31,19,10,60,8.848717698,110,544,53.45241312,10.61635629,8.406149366,9.328166724,495,25,445,35,520,480
48,1000,50,7.7,28,10,936,28,20,16,64,7.803968949,90,533,50.42679805,9.35405339,6.71771482,8.868713095,476,19,460,45,495,505
43,1000,50,7.7,28,95,949,28,9,14,51,9.083787182,112,538,53.06041904,10.83513161,8.637546716,9.497354936,458,23,491,28,481,519
45,1000,50,7.7,28,77,952,34,6,8,48,8.516664349,100,529,52.77036445,10.32041265,8.020339121,9.027084006,488,19,464,29,507,493
40,1000,50,7.7,28,100,944,29,13,14,56,8.982941353,117,545,52.74682391,10.88872597,8.496263851,9.51229204,496,25,448,31,521,479
44,1000,50,7.7,28,81,948,27,14,11,52,8.610729503,109,519,53.07388037,10.56073207,7.992994392,9.190155459,466,18,482,34,484,516
46,1000,50,7.7,28,66,950,32,11,7,50,8.660132625,101,515,52.50062783,10.00891222,8.129815226,9.177873327,472,22,478,28,494,506
47,1000,50,7.7,28,61,957,23,12,8,43,8.447027772,99,521,52.11688391,9.949616328,7.82260689,9.115403748,502,15,455,28,517,483
42,1000,50,7.7,28,97,941,31,18,10,59,8.857641377,116,504,53.47009549,10.66256939,8.389406464,9.364895866,496,24,445,35,520,480
48,1000,50,7.7,28,11,935,28,21,16,65,7.839599952,90,489,50.45834113,9.356872161,6.778089346,8.880090545,475,20,460,45,495,505
43,1000,50,7.7,28,96,949,28,10,13,51,9.105731602,113,543,53.08351157,10.84165447,8.638091459,9.539132197,458,23,491,28,481,519
45,1000,50,7.7,28,78,951,35,6,8,49,8.512227427,117,510,52.79368903,10.34127649,8.061799088,8.975446835,487,20,464,29,507,493
40,1000,50,7.7,28,101,943,29,13,15,57,8.983100267,103,515,52.79882796,10.89450043,8.527794874,9.478328053,495,26,448,31,521,479
44,1000,50,7.7,28,82,948,27,14,11,52,8.62588228,105,534,53.11666647,10.57396605,8.036195574,9.178999268,466,18,482,34,484,516
46,1000,50,7.7,28,67,949,33,11,7,51,8.680126481,104,530,52.55196748,10.02181604,8.115609897,9.231255319,473,21,476,30,494,506
47,1000,50,7.7,28,62,958,22,12,8,42,8.451186269,111,545,52.13050319,9.965666289,7.84298789,9.102197786,502,15,456,27,517,483
48,1000,50,7.7,28,12,935,29,20,16,65,7.839656959,84,474,50.48858333,9.385749506,6.814726592,8.844291675,474,21,461,44,495,505
42,1000,50,7.7,28,98,940,30,19,11,60,8.89108026,111,551,53.52233928,10.68222681,8.402132394,9.420773782,496,24,444,36,520,480
43,1000,50,7.7,28,97,948,30,11,11,52,9.111977424,117,515,53.14168897,10.87011291,8.620864519,9.56713216,458,23,490,29,481,519
45,1000,50,7.7,28,79,950,35,7,8,50,8.567558782,109,557,52.80880461,10.35236606,8.109417859,9.038709792,487,20,463,30,507,493
44,1000,50,7.7,28,83,947,29,13,11,53,8.623104656,112,535,53.13041305,10.61483238,8.030262083,9.179181799,467,17,480,36,484,516
40,1000,50,7.7,28,102,943,29,14,14,57,8.976006644,137,543,52.84906999,10.90662921,8.520190846,9.47178959,496,25,447,32,521,479
48,1000,50,7.7,28,13,935,29,21,15,65,7.832977613,101,508,50.51979021,9.402716977,6.850330429,8.796166436,474,21,461,44,495,505
46,1000,50,7.7,28,68,949,33,11,7,51,8.655075435,113,545,52.5744051,10.04902681,8.111482494,9.185776845,473,21,476,30,494,506
47,1000,50,7.7,28,63,958,21,13,8,42,8.462991366,116,557,52.15306593,9.997484656,7.851027754,9.118033162,503,14,455,28,517,483
42,1000,50,7.7,28,99,939,31,19,11,61,8.92114901,108,541,53.5392763,10.68129272,8.41300158,9.471642059,497,23,442,38,520,480
43,1000,50,7.7,28,98,947,31,10,12,53,9.145623501,87,513,53.16979634,10.91326161,8.652786361,9.602376225,458,23,489,30,481,519
45,1000,50,7.7,28,80,950,35,6,9,50,8.599858998,107,527,52.81051673,10.38877518,8.106736333,9.106985146,487,20,463,30,507,493
44,1000,50,7.7,28,84,946,29,14,11,54,8.593819381,96,534,53.14536103,10.62418594,7.971876135,9.177192504,467,17,479,37,484,516
48,1000,50,7.7,28,14,935,29,20,16,65,7.866003952,119,470,50.54743157,9.417143011,6.85398847,8.857979523,474,21,461,44,495,505
46,1000,50,7.7,28,69,949,32,12,7,51,8.653931531,95,521,52.60611392,10.07945686,8.099901113,9.194822887,473,21,476,30,494,506
40,1000,50,7.7,28,103,943,29,13,15,57,8.987207275,114,543,52.89187597,10.9126679,8.527969069,9.486712714,496,25,447,32,521,479
47,1000,50,7.7,28,64,959,21,13,7,41,8.468382644,112,517,52.20755795,10.00714061,7.833397573,9.148066457,504,13,455,28,517,483
42,1000,50,7.7,28,100,940,30,19,11,60,8.951061074,93,535,53.57302567,10.69445142,8.421418898,9.524840098,497,23,443,37,520,480
43,1000,50,7.7,28,99,946,32,10,12,54,9.142640539,122,531,53.22278189,10.95241665,8.667676682,9.582828623,458,23,488,31,481,519
45,1000,50,7.7,28,81,950,34,7,9,50,8.651180647,99,535,52.83724417,10.41293871,8.17930057,9.136460971,487,20,463,30,507,493
48,1000,50,7.7,28,15,935,30,19,16,65,7.896151426,82,527,50.5677858,9.427810443,6.893518484,8.878930251,474,21,461,44,495,505
44,1000,50,7.7,28,85,945,29,16,10,55,8.628693047,115,518,53.17881019,10.6424693,7.998809772,9.219513792,467,17,478,38,484,516
46,1000,50,7.7,28,70,949,32,12,7,51,8.671337361,106,522,52.65855258,10.09955457,8.130196144,9.19964519,473,21,476,30,494,506
47,1000,50,7.7,28,65,959,21,13,7,41,8.507544731,108,551,52.22370109,10.02992521,7.853690944,9.207425493,504,13,455,28,517,483
42,1000,50,7.7,28,101,940,30,19,11,60,8.970577005,101,548,53.6032549,10.69992979,8.412414022,9.57525357,498,22,442,38,520,480
40,1000,50,7.7,28,104,943,29,13,15,57,8.997718343,123,531,52.90001266,10.91950163,8.541551528,9.493883083,496,25,447,32,521,479
49,1000,50,7.7,28,0,934,37,12,17,66,7.256,101,516,49.78318018,9.097173523,6.054216867,8.448207171,475,23,459,43,498,502
43,1000,50,7.7,28,100,946,33,9,12,54,9.161837722,118,539,53.24350707,10.97766602,8.695364682,9.594156666,458,23,488,31,481,519
45,1000,50,7.7,28,82,951,33,7,9,49,8.67929975,101,557,52.85220488,10.41381692,8.20752362,9.164473173,488,19,463,30,507,493
48,1000,50,7.7,28,16,935,29,20,16,65,7.916801088,96,495,50.60463305,9.475282093,6.919333611,8.894516734,474,21,461,44,495,505
44,1000,50,7.7,28,86,944,29,15,12,56,8.654935129,114,513,53.20254476,10.64102399,8.014979784,9.255203321,467,17,477,39,484,516
46,1000,50,7.7,28,71,950,31,12,7,50,8.677965977,105,534,52.67251718,10.11453353,8.133018402,9.209989895,473,21,477,29,494,506
47,1000,50,7.7,28,66,958,22,13,7,42,8.489921557,108,547,52.23811621,10.05809135,7.847525396,9.177538153,504,13,454,29,517,483
42,1000,50,7.7,28,102,939,30,19,12,61,8.990390762,115,548,53.6484374,10.70905952,8.432619031,9.594643471,498,22,441,39,520,480
49,1000,50,7.7,28,1,936,36,11,17,64,7.279051635,99,505,49.81364048,9.122549178,6.099545059,8.449159752,476,22,460,42,498,502
43,1000,50,7.7,28,101,947,32,10,11,53,9.170717443,111,558,53.3000349,11.01216316,8.68985357,9.616373555,459,22,488,31,481,519
45,1000,50,7.7,28,83,950,34,7,9,50,8.68530746,98,528,52.91002314,10.41843946,8.232251226,9.151229387,487,20,463,30,507,493
48,1000,50,7.7,28,17,937,28,20,15,63,7.938593327,102,530,50.6312033,9.488000186,6.977573552,8.880583009,475,20,462,43,495,505
44,1000,50,7.7,28,87,944,30,15,11,56,8.674711392,113,541,53.25553642,10.64615566,8.071380011,9.240626874,467,17,477,39,484,516
46,1000,50,7.7,28,72,951,30,12,7,49,8.681118603,111,544,52.70368091,10.11282773,8.130634987,9.218547272,473,21,478,28,494,506
47,1000,50,7.7,28,67,958,22,13,7,42,8.512210559,112,521,52.26148432,10.07506378,7.878506729,9.190522941,504,13,454,29,517,483
42,1000,50,7.7,28,103,939,30,19,12,61,8.986518292,116,522,53.66298727,10.71845491,8.429790674,9.589639877,498,22,441,39,520,480
43,1000,50,7.7,28,102,946,31,11,12,54,9.211205356,118,560,53.3628557,11.04210605,8.769926696,9.620174595,458,23,488,31,481,519
45,1000,50,7.7,28,84,950,34,6,10,50,8.72021348,108,531,52.97135408,10.44342755,8.296285878,9.156179593,487,20,463,30,507,493
49,1000,50,7.7,28,2,936,36,11,17,64,7.299134091,107,485,49.83487491,9.131118025,6.118368238,8.470491451,477,21,459,43,498,502
48,1000,50,7.7,28,18,939,26,21,14,61,7.919508386,111,506,50.65542536,9.509714644,6.981466521,8.838975165,476,19,463,42,495,505
46,1000,50,7.7,28,73,951,31,11,7,49,8.706137521,113,538,52.75469962,10.12931563,8.154213646,9.244972292,474,20,477,29,494,506
44,1000,50,7.7,28,88,945,30,15,10,55,8.687322019,107,537,53.28299872,10.67186142,8.063601098,9.272362573,468,16,477,39,484,516
47,1000,50,7.7,28,68,959,22,12,7,41,8.544049655,115,538,52.28263182,10.08174604,7.957120175,9.172295082,504,13,455,28,517,483
42,1000,50,7.7,28,104,941,29,18,12,59,8.965413713,103,528,53.710432,10.71387892,8.411623371,9.56535325,499,21,442,38,520,480
50,1000,50,7.7,28,0,934,34,13,19,66,7.33,88,489,49.85684564,9.135827146,6.87704918,7.76171875,459,29,475,37,488,512
43,1000,50,7.7,28,103,946,31,11,12,54,9.226970422,106,520,53.3981238,11.06014049,8.748577736,9.670336282,458,23,488,31,481,519
48,1000,50,7.7,28,19,938,27,21,14,62,7.945169652,104,517,50.68304724,9.52195234,7.028789186,8.84340397,475,20,463,42,495,505
45,1000,50,7.7,28,85,950,34,6,10,50,8.736477081,108,528,53.0072421,10.45310244,8.318747915,9.166068738,487,20,463,30,507,493
49,1000,50,7.7,28,3,934,39,10,17,66,7.360337537,114,487,49.85595369,9.12897701,6.191990425,8.519375111,475,23,459,43,498,502
46,1000,50,7.7,28,74,951,31,11,7,49,8.711659863,108,504,52.7940174,10.13861485,8.135446635,9.274207955,474,20,477,29,494,506
44,1000,50,7.7,28,89,944,31,15,10,56,8.685676927,109,550,53.28254528,10.70756331,8.075544619,9.257971572,467,17,477,39,484,516
47,1000,50,7.7,28,69,958,22,12,8,42,8.576495759,91,509,52.31230711,10.08695326,7.970667292,9.224970536,504,13,454,29,517,483
50,1000,50,7.7,28,1,935,33,13,19,65,7.367447751,98,506,49.85999531,9.161513896,6.874390408,7.837393032,459,29,476,36,488,512
48,1000,50,7.7,28,20,939,26,22,13,61,7.991472414,90,511,50.71843995,9.548058743,7.110318493,8.855177743,476,19,463,42,495,505
43,1000,50,7.7,28,104,943,34,11,12,57,9.286161841,89,545,53.41376344,11.08520274,8.799488074,9.737202462,456,25,487,32,481,519
45,1000,50,7.7,28,86,951,33,6,10,49,8.767065879,113,523,53.03687946,10.45480024,8.34268546,9.203497668,488,19,463,30,507,493
49,1000,50,7.7,28,4,934,38,11,17,66,7.400608088,92,520,49.90782509,9.134305434,6.221692438,8.570129987,475,23,459,43,498,502
46,1000,50,7.7,28,75,952,30,11,7,48,8.734134199,106,534,52.81520269,10.16176212,8.200709803,9.254908214,474,20,478,28,494,506
44,1000,50,7.7,28,90,944,31,14,11,56,8.690336839,112,527,53.30187217,10.72775776,8.091899906,9.251661405,466,18,478,38,484,516
47,1000,50,7.7,28,70,955,25,13,7,45,8.603287777,115,549,52.34069122,10.12085892,7.997692349,9.251513111,502,15,453,30,517,483
50,1000,50,7.7,28,2,937,32,13,18,63,7.363332771,101,503,49.88568295,9.164851877,6.859295598,7.843743201,460,28,477,35,488,512
48,1000,50,7.7,28,21,939,26,22,13,61,8.039820678,104,512,50.75671684,9.571946,7.151969218,8.910090921,476,19,463,42,495,505
45,1000,50,7.7,28,87,950,33,7,10,50,8.842106197,108,515,53.04971869,10.44040547,8.397477195,9.299361579,487,20,463,30,507,493
46,1000,50,7.7,28,76,952,30,11,7,48,8.729861022,106,503,52.83571402,10.18420879,8.205551831,9.241736004,474,20,478,28,494,506
49,1000,50,7.7,28,5,934,38,11,17,66,7.421708142,93,496,49.92787647,9.1402701,6.223252997,8.610613843,474,24,460,42,498,502
44,1000,50,7.7,28,91,943,32,14,11,57,8.713072781,89,540,53.36671617,10.74315679,8.102556591,9.285727503,465,19,478,38,484,516
47,1000,50,7.7,28,71,954,25,14,7,46,8.595748561,115,531,52.38420961,10.12422952,8.011743492,9.220863717,502,15,452,31,517,483
50,1000,50,7.7,28,3,938,31,13,18,62,7.380771693,92,507,49.92611079,9.165670996,6.883346941,7.854879659,460,28,478,34,488,512
48,1000,50,7.7,28,22,941,27,19,13,59,8.047826915,98,525,50.78900208,9.588403348,7.158528607,8.919515355,477,18,464,41,495,505
46,1000,50,7.7,28,77,951,31,11,7,49,8.746649951,105,560,52.84130389,10.21528699,8.202377105,9.27801514,474,20,477,29,494,506
45,1000,50,7.7,28,88,950,33,7,10,50,8.857673126,118,544,53.11903932,10.46822893,8.425802047,9.301808293,487,20,463,30,507,493
44,1000,50,7.7,28,92,944,32,14,10,56,8.695008103,121,545,53.39954461,10.75528398,8.116399828,9.237733696,465,19,479,37,484,516
49,1000,50,7.7,28,6,935,37,11,17,65,7.449533885,106,524,49.96436417,9.15917968,6.226332085,8.662989056,475,23,460,42,498,502
50,1000,50,7.7,28,4,940,29,12,19,60,7.370532933,115,518,49.95120131,9.174676231,6.875757402,7.842115861,461,27,479,33,488,512
47,1000,50,7.7,28,72,953,26,14,7,47,8.631087777,92,532,52.40471479,10.15072655,8.04023567,9.263531958,501,16,452,31,517,483
48,1000,50,7.7,28,23,941,28,19,12,59,8.095947002,97,499,50.83447715,9.610015851,7.226765707,8.947916785,476,19,465,40,495,505
46,1000,50,7.7,28,78,951,29,12,8,49,8.787022499,101,554,52.86403672,10.24905139,8.238794611,9.322248935,474,20,477,29,494,506
45,1000,50,7.7,28,89,951,30,9,10,49,8.882308464,99,533,53.13477691,10.47989781,8.424130726,9.353497333,488,19,463,30,507,493
44,1000,50,7.7,28,93,945,31,13,11,55,8.697339923,116,563,53.42386085,10.77911298,8.152956296,9.207963325,465,19,480,36,484,516
50,1000,50,7.7,28,5,943,28,11,18,57,7.370118065,96,490,49.9750386,9.190726603,6.872969789,7.843962514,463,25,480,32,488,512
47,1000,50,7.7,28,73,952,27,14,7,48,8.680795949,112,558,52.42174371,10.1740639,8.084111934,9.319482565,500,17,452,31,517,483
49,1000,50,7.7,28,7,935,38,10,17,65,7.434873015,111,520,49.99489541,9.153838342,6.215437008,8.6445924,475,23,460,42,498,502
48,1000,50,7.7,28,24,944,26,17,13,56,8.094348638,99,513,50.88483324,9.627622967,7.224477366,8.946994737,477,18,467,38,495,505
46,1000,50,7.7,28,79,950,30,12,8,50,8.77996915,100,546,52.91759513,10.27606363,8.239254675,9.307860356,474,20,476,30,494,506
45,1000,50,7.7,28,90,952,29,8,11,48,8.852978763,109,522,53.16820654,10.5076732,8.429620962,9.288358896,488,19,464,29,507,493
47,1000,50,7.7,28,74,951,28,14,7,49,8.723598348,96,512,52.48397451,10.20547169,8.140662781,9.347568717,500,17,451,32,517,483
50,1000,50,7.7,28,6,942,29,11,18,58,7.422656478,89,513,49.98995441,9.216357762,6.90271616,7.918224593,462,26,480,32,488,512
44,1000,50,7.7,28,94,944,32,13,11,56,8.710346653,100,536,53.45606491,10.77923885,8.182131915,9.205803887,465,19,479,37,484,516
48,1000,50,7.7,28,25,943,27,17,13,57,8.105011006,105,540,50.919213,9.635399758,7.220115709,8.972383624,477,18,466,39,495,505
49,1000,50,7.7,28,8,937,35,11,17,63,7.43077853,102,501,50.02771604,9.154582493,6.227585994,8.624383874,476,22,461,41,498,502
46,1000,50,7.7,28,80,952,28,12,8,48,8.790020152,120,549,52.92924898,10.29269927,8.255686942,9.311681427,475,19,477,29,494,506
45,1000,50,7.7,28,91,953,28,8,11,47,8.873788142,103,533,53.22230601,10.53227605,8.441065089,9.318799477,489,18,464,29,507,493
47,1000,50,7.7,28,75,950,27,17,6,50,8.727079451,114,529,52.53149618,10.23198761,8.157149779,9.337128395,499,18,451,32,517,483
50,1000,50,7.7,28,7,945,26,11,18,55,7.414640513,116,538,50.04040475,9.241149165,6.912955204,7.892809324,464,24,481,31,488,512
44,1000,50,7.7,28,95,941,35,12,12,59,8.760732187,116,526,53.5098985,10.79089827,8.251088824,9.238769761,463,21,478,38,484,516
48,1000,50,7.7,28,26,943,27,17,13,57,8.166400992,96,497,50.93944346,9.663489528,7.271536459,9.043545436,477,18,466,39,495,505
49,1000,50,7.7,28,9,941,30,12,17,59,7.456531566,95,521,50.05778281,9.181473043,6.249533589,8.653912029,479,19,462,40,498,502
46,1000,50,7.7,28,81,951,29,11,9,49,8.834673326,103,518,52.94224587,10.31485241,8.276412151,9.379695105,475,19,476,30,494,506
45,1000,50,7.7,28,92,952,28,9,11,48,8.916162073,107,498,53.22402043,10.54245596,8.510266081,9.333584524,488,19,464,29,507,493
47,1000,50,7.7,28,76,949,28,16,7,51,8.773826674,117,547,52.5679871,10.25574626,8.189633341,9.399143347,498,19,451,32,517,483
50,1000,50,7.7,28,8,945,26,11,18,55,7.443736021,97,522,50.06072165,9.241105584,6.931731551,7.93174028,464,24,481,31,488,512
48,1000,50,7.7,28,27,943,27,17,13,57,8.197444821,94,526,50.95226541,9.682606343,7.304994724,9.07222264,477,18,466,39,495,505
44,1000,50,7.7,28,96,941,34,13,12,59,8.781848398,112,534,53.50995766,10.80838675,8.280540568,9.252067372,463,21,478,38,484,516
46,1000,50,7.7,28,82,951,29,11,9,49,8.864720376,103,531,53.02338822,10.32386908,8.289283169,9.426510852,476,18,475,31,494,506
49,1000,50,7.7,28,10,941,30,12,17,59,7.482198392,92,511,50.08147179,9.180318233,6.263454897,8.691230783,479,19,462,40,498,502
45,1000,50,7.7,28,93,953,27,10,10,47,8.921663397,99,542,53.25593865,10.55371395,8.512063742,9.342894685,489,18,464,29,507,493
47,1000,50,7.7,28,77,949,28,16,7,51,8.752381129,113,519,52.60912926,10.275966,8.207706454,9.335397293,498,19,451,32,517,483
48,1000,50,7.7,28,28,944,25,18,13,56,8.235289321,97,530,50.99031288,9.691409639,7.29348428,9.158444756,478,17,466,39,495,505
50,1000,50,7.7,28,9,944,27,11,18,56,7.457246719,95,531,50.08424069,9.250922646,6.950692469,7.940056239,464,24,480,32,488,512
44,1000,50,7.7,28,97,940,34,14,12,60,8.820916947,117,557,53.54507033,10.83959217,8.34716471,9.265289201,462,22,478,38,484,516
46,1000,50,7.7,28,83,950,30,10,10,50,8.847244711,123,545,53.0448001,10.37214657,8.300896207,9.380636334,475,19,475,31,494,506
45,1000,50,7.7,28,94,952,28,10,10,48,8.949322696,109,554,53.29615602,10.57936498,8.560812815,9.348865312,488,19,464,29,507,493
49,1000,50,7.7,28,11,943,28,12,17,57,7.472397488,92,499,50.12964438,9.202382703,6.232246629,8.702666667,481,17,462,40,498,502
48,1000,50,7.7,28,29,947,23,18,12,53,8.213689572,116,528,51.02259873,9.701508782,7.32413838,9.08562589,478,17,469,36,495,505
47,1000,50,7.7,28,78,949,28,16,7,51,8.784643687,113,542,52.63321546,10.30448879,8.234672812,9.373328867,498,19,451,32,517,483
50,1000,50,7.7,28,10,944,27,11,18,56,7.484285087,95,491,50.09669761,9.266417493,6.969621482,7.974823835,464,24,480,32,488,512
44,1000,50,7.7,28,98,942,32,14,12,58,8.830227285,117,550,53.5655866,10.87624439,8.332080471,9.297481273,464,20,478,38,484,516
46,1000,50,7.7,28,84,949,31,9,11,51,8.85004927,114,515,53.09216784,10.39232392,8.307451551,9.379779059,474,20,475,31,494,506
45,1000,50,7.7,28,95,951,29,10,10,49,8.957146413,127,524,53.31402372,10.60801827,8.537759678,9.38844271,488,19,463,30,507,493
49,1000,50,7.7,28,12,941,28,13,18,59,7.522897413,111,517,50.14541273,9.222304606,6.278027326,8.757848217,479,19,462,40,498,502
48,1000,50,7.7,28,30,946,24,18,12,54,8.210437843,100,545,51.0282236,9.727252103,7.328263533,9.075143355,478,17,468,37,495,505
47,1000,50,7.7,28,79,951,27,15,7,49,8.774348439,90,538,52.67883858,10.32016362,8.234123154,9.352602005,499,18,452,31,517,483
50,1000,50,7.7,28,11,945,25,13,17,55,7.50261356,108,509,50.1458142,9.296206453,6.974183019,8.006273919,465,23,480,32,488,512
44,1000,50,7.7,28,99,942,32,14,12,58,8.840498314,102,532,53.60633819,10.88642013,8.338594267,9.311276528,464,20,478,38,484,516
46,1000,50,7.7,28,85,949,31,9,11,51,8.869879446,115,513,53.12158098,10.4204936,8.334782209,9.39228663,474,20,475,31,494,506
45,1000,50,7.7,28,96,949,31,10,10,51,8.995203808,128,578,53.34664351,10.63168583,8.552461609,9.450518808,488,19,461,32,507,493
48,1000,50,7.7,28,31,947,25,16,12,53,8.250532364,105,503,51.07202731,9.735741564,7.341033583,9.142021268,479,16,468,37,495,505
49,1000,50,7.7,28,13,944,25,13,18,56,7.513264858,92,562,50.18173225,9.22331236,6.260851709,8.75569862,481,17,463,39,498,502
47,1000,50,7.7,28,80,951,27,15,7,49,8.763591658,104,503,52.70142406,10.32581255,8.192801954,9.374561177,500,17,451,32,517,483
50,1000,50,7.7,28,12,944,26,14,16,56,7.543481191,106,510,50.21317042,9.311864632,7.019312878,8.043079115,465,23,479,33,488,512
46,1000,50,7.7,28,86,950,30,9,11,50,8.863084017,110,544,53.13769845,10.41069213,8.299989315,9.412824694,475,19,475,31,494,506
44,1000,50,7.7,28,100,942,33,13,12,58,8.819055348,128,512,53.61941476,10.90795687,8.326170013,9.28137415,463,21,479,37,484,516
45,1000,50,7.7,28,97,950,30,10,10,50,9.000375185,118,532,53.40721602,10.65252571,8.551159248,9.462347761,489,18,461,32,507,493
48,1000,50,7.7,28,32,946,26,16,12,54,8.267667831,88,525,51.09883838,9.746600863,7.358837158,9.158501856,478,17,468,37,495,505
49,1000,50,7.7,28,14,945,25,12,18,55,7.58345561,88,506,50.24933171,9.218743568,6.379843678,8.777477009,481,17,464,38,498,502
50,1000,50,7.7,28,13,943,27,14,16,57,7.601226433,103,513,50.23572679,9.325913572,7.060802844,8.116317667,465,23,478,34,488,512
47,1000,50,7.7,28,81,950,28,15,7,50,8.76628556,116,536,52.74298381,10.34242345,8.188053004,9.385221858,499,18,451,32,517,483
46,1000,50,7.7,28,87,950,29,10,11,50,8.875301806,97,547,53.15885207,10.42912802,8.306710357,9.430408873,475,19,475,31,494,506
44,1000,50,7.7,28,101,942,33,13,12,58,8.877451346,103,518,53.64609239,10.92332175,8.396996815,9.328110248,463,21,479,37,484,516
45,1000,50,7.7,28,98,950,30,10,10,50,8.99409485,116,542,53.43544113,10.6775549,8.54315887,9.457836313,489,18,461,32,507,493
48,1000,50,7.7,28,33,946,26,17,11,54,8.263705697,111,498,51.13415857,9.793554083,7.308544795,9.199952521,478,17,468,37,495,505
50,1000,50,7.7,28,14,942,27,14,17,58,7.634792551,95,516,50.27398055,9.346537529,7.054176037,8.188192665,465,23,477,35,488,512
47,1000,50,7.7,28,82,950,27,16,7,50,8.748656356,104,531,52.77180654,10.39601562,8.156126012,9.38289691,499,18,451,32,517,483
49,1000,50,7.7,28,15,947,24,11,18,53,7.577170603,103,499,50.25462253,9.226954052,6.402065091,8.742912726,480,18,467,35,498,502
46,1000,50,7.7,28,88,952,27,10,11,48,8.843444578,128,544,53.15220698,10.45550148,8.285655062,9.388005884,475,19,477,29,494,506
44,1000,50,7.7,28,102,941,34,13,12,59,8.880973483,127,567,53.65341289,10.94862357,8.391061175,9.340503633,463,21,478,38,484,516
45,1000,50,7.7,28,99,948,31,11,10,52,8.99658828,123,523,53.4745303,10.7162264,8.552809541,9.452969255,489,18,459,34,507,493
48,1000,50,7.7,28,34,947,25,17,11,53,8.27309285,110,525,51.15529243,9.83544066,7.314703993,9.21250371,479,16,468,37,495,505
50,1000,50,7.7,28,15,944,26,12,18,56,7.647048377,91,514,50.29977316,9.356262139,7.072158131,8.194990643,466,22,478,34,488,512
46,1000,50,7.7,28,89,950,28,11,11,50,8.815814356,115,551,53.18918981,10.47485452,8.270924551,9.347781873,474,20,476,30,494,506
47,1000,50,7.7,28,83,949,26,18,7,51,8.77701047,110,529,52.83443688,10.41181481,8.210710651,9.383174043,498,19,451,32,517,483
49,1000,50,7.7,28,16,948,24,11,17,52,7.59399879,94,518,50.30867477,9.236456412,6.419256581,8.759380503,481,17,467,35,498,502
44,1000,50,7.7,28,103,941,33,14,12,59,8.887047363,115,553,53.68021263,10.95754685,8.405237654,9.338977399,463,21,478,38,484,516
48,1000,50,7.7,28,35,948,24,17,11,52,8.264809052,113,490,51.17806486,9.831839407,7.339339214,9.171952754,479,16,469,36,495,505
45,1000,50,7.7,28,100,948,31,11,10,52,9.007838594,106,530,53.51208469,10.7430322,8.563937046,9.464345865,489,18,459,34,507,493
50,1000,50,7.7,28,16,944,26,12,18,56,7.652945134,80,513,50.30213227,9.373635337,7.079718663,8.199301614,466,22,478,34,488,512
46,1000,50,7.7,28,90,950,28,11,11,50,8.818990587,125,516,53.21398296,10.50511683,8.260290617,9.364440755,474,20,476,30,494,506
47,1000,50,7.7,28,84,949,25,19,7,51,8.803342013,110,567,52.86346385,10.4164484,8.243348078,9.402755811,498,19,451,32,517,483
44,1000,50,7.7,28,104,942,34,14,10,58,8.874903907,139,565,53.72659681,10.97574558,8.428072997,9.294024374,463,21,479,37,484,516
49,1000,50,7.7,28,17,949,24,10,17,51,7.629913499,102,505,50.3290282,9.259037919,6.45579305,8.794678407,481,17,468,34,498,502
48,1000,50,7.7,28,36,949,23,17,11,51,8.288575056,96,509,51.19002316,9.832986451,7.395647998,9.163820389,479,16,470,35,495,505
45,1000,50,7.7,28,101,947,31,12,10,53,9.016826973,122,591,53.56071022,10.7415675,8.585073851,9.460840832,488,19,459,34,507,493
50,1000,50,7.7,28,17,944,25,14,17,56,7.664896386,104,541,50.33656929,9.38720212,7.076231642,8.225967471,465,23,479,33,488,512
47,1000,50,7.7,28,85,949,25,19,7,51,8.809501538,108,542,52.88366669,10.42109834,8.292671416,9.362713076,498,19,451,32,517,483
46,1000,50,7.7,28,91,953,25,11,11,47,8.842647317,95,553,53.23736568,10.52421784,8.304341138,9.368187342,475,19,478,28,494,506
49,1000,50,7.7,28,18,950,23,11,16,50,7.668766717,100,505,50.35473478,9.290920896,6.474141761,8.853872749,482,16,468,34,498,502
48,1000,50,7.7,28,37,949,23,17,11,51,8.318791822,87,510,51.18779885,9.834113519,7.421667348,9.198151455,479,16,470,35,495,505
45,1000,50,7.7,28,102,947,31,11,11,53,9.079250413,103,522,53.58384594,10.75594921,8.683404364,9.486337527,488,19,459,34,507,493
50,1000,50,7.7,28,18,945,25,13,17,55,7.681671876,101,531,50.37619411,9.409912461,7.092178816,8.243532449,465,23,480,32,488,512
47,1000,50,7.7,28,86,948,26,19,7,52,8.802466661,119,527,52.91637724,10.42783819,8.294173766,9.346540008,497,20,451,32,517,483
46,1000,50,7.7,28,92,952,26,12,10,48,8.888604166,107,526,53.28824551,10.55105258,8.318804969,9.44489034,475,19,477,29,494,506
48,1000,50,7.7,28,38,951,22,16,11,49,8.329153983,110,519,51.20045975,9.860405458,7.449497852,9.191391181,479,16,472,33,495,505
49,1000,50,7.7,28,19,950,23,10,17,50,7.689130407,95,468,50.38848388,9.326724529,6.509078924,8.859779089,482,16,468,34,498,502
45,1000,50,7.7,28,103,947,30,12,11,53,9.101511992,117,510,53.61385941,10.78641757,8.711941916,9.502144908,488,19,459,34,507,493
46,1000,50,7.7,28,93,951,27,11,11,49,8.935557404,99,541,53.31676197,10.56583741,8.361754957,9.495751889,474,20,477,29,494,506
50,1000,50,7.7,28,19,947,23,13,17,53,7.674604317,95,508,50.39949652,9.429681556,7.11499188,8.207984922,465,23,482,30,488,512
47,1000,50,7.7,28,87,949,26,17,8,51,8.823561571,103,532,52.91836243,10.45567474,8.309933702,9.37334544,497,20,452,31,517,483
48,1000,50,7.7,28,39,948,24,17,11,52,8.328610451,99,514,51.21487899,9.879773127,7.441413087,9.19823955,478,17,470,35,495,505
45,1000,50,7.7,28,104,944,33,11,12,56,9.167213697,103,547,53.65854379,10.82013392,8.76622301,9.579591542,487,20,457,36,507,493
49,1000,50,7.7,28,20,949,25,10,16,51,7.704914669,90,504,50.42110519,9.320416334,6.560507946,8.840202612,481,17,468,34,498,502
48,1000,50,7.7,28,40,948,24,17,11,52,8.36798583,101,524,51.26420198,9.892573208,7.486784186,9.231737937,478,17,470,35,495,505
50,1000,50,7.7,28,20,949,21,13,17,51,7.66413215,95,498,50.44881556,9.444796955,7.08993234,8.211416344,467,21,482,30,488,512
46,1000,50,7.7,28,94,950,27,12,11,50,8.96337417,109,550,53.36053766,10.60253122,8.386380007,9.526684678,474,20,476,30,494,506
47,1000,50,7.7,28,88,950,25,17,8,50,8.794605813,116,535,52.94525282,10.49041044,8.302724821,9.321111969,497,20,453,30,517,483
49,1000,50,7.7,28,21,952,24,8,16,48,7.708064517,114,501,50.44104747,9.347176705,6.576454421,8.830657799,481,17,471,31,498,502
50,1000,50,7.7,28,21,948,22,13,17,52,7.689899585,108,517,50.45460204,9.467181343,7.117503444,8.235464658,466,22,482,30,488,512
48,1000,50,7.7,28,41,949,23,17,11,51,8.381260266,120,546,51.28931506,9.935155372,7.4846037,9.260161256,479,16,470,35,495,505
47,1000,50,7.7,28,89,948,27,17,8,52,8.841830853,113,538,52.99445496,10.52378885,8.320502311,9.399857471,497,20,451,32,517,483
46,1000,50,7.7,28,95,950,27,12,11,50,8.972634888,130,552,53.38976401,10.63221062,8.393301234,9.538229404,474,20,476,30,494,506
49,1000,50,7.7,28,22,953,24,7,16,47,7.737613822,114,499,50.45535709,9.348669471,6.643949696,8.822563492,482,16,471,31,498,502
48,1000,50,7.7,28,42,951,23,16,10,49,8.39994352,106,509,51.3287134,9.926115183,7.465426127,9.315955618,480,15,471,34,495,505
50,1000,50,7.7,28,22,949,21,12,18,51,7.686551083,110,525,50.48451162,9.495533237,7.080363671,8.26432346,467,21,482,30,488,512
47,1000,50,7.7,28,90,947,28,17,8,53,8.872916475,106,553,53.04733028,10.54739971,8.348661948,9.434075048,497,20,450,33,517,483
46,1000,50,7.7,28,96,948,28,13,11,52,9.004343292,92,538,53.43098548,10.66694439,8.412677,9.581977973,473,21,475,31,494,506
48,1000,50,7.7,28,43,951,23,16,10,49,8.427062182,99,519,51.34684809,9.933025485,7.507141428,9.328766683,480,15,471,34,495,505
49,1000,50,7.7,28,23,953,24,7,16,47,7.75893373,96,502,50.47922049,9.37104823,6.643845133,8.865137159,482,16,471,31,498,502
50,1000,50,7.7,28,23,949,21,12,18,51,7.720694148,84,543,50.51135987,9.532378188,7.1025334,8.309878612,467,21,482,30,488,512
47,1000,50,7.7,28,91,947,28,16,9,53,8.94801061,106,524,53.07874018,10.56268825,8.404643834,9.529626807,497,20,450,33,517,483
46,1000,50,7.7,28,97,946,29,14,11,54,9.028828273,102,540,53.44168945,10.69016808,8.427412524,9.615981199,472,22,474,32,494,506
48,1000,50,7.7,28,44,951,23,16,10,49,8.459431101,113,498,51.39176733,9.95627341,7.516730058,9.383464797,480,15,471,34,495,505
47,1000,50,7.7,28,92,948,27,16,9,52,8.955313087,113,518,53.10240585,10.58290182,8.400547998,9.549129963,498,19,450,33,517,483
50,1000,50,7.7,28,24,950,21,11,18,50,7.744382013,93,510,50.52010058,9.538079134,7.119059048,8.340392964,468,20,482,30,488,512
49,1000,50,7.7,28,24,952,25,7,16,48,7.774245173,94,482,50.50775418,9.410617067,6.668837086,8.870845227,482,16,470,32,498,502
46,1000,50,7.7,28,98,944,30,15,11,56,9.026678496,108,530,53.48796822,10.69783745,8.440350129,9.599101842,472,22,472,34,494,506
48,1000,50,7.7,28,45,950,24,15,11,50,8.462578945,89,513,51.41595953,9.963825313,7.52774613,9.378900219,480,15,470,35,495,505
47,1000,50,7.7,28,93,948,26,17,9,52,8.988116938,122,521,53.14263973,10.59807722,8.437038952,9.577987164,498,19,450,33,517,483
50,1000,50,7.7,28,25,950,21,11,18,50,7.758989659,109,520,50.58159725,9.562150917,7.141547096,8.347489601,468,20,482,30,488,512
49,1000,50,7.7,28,25,953,24,7,16,47,7.783178366,100,500,50.5625173,9.454164856,6.683450581,8.874143379,483,15,470,32,498,502
46,1000,50,7.7,28,99,945,29,15,11,55,9.045242429,113,535,53.51163363,10.70376087,8.467975475,9.608819258,473,21,472,34,494,506
48,1000,50,7.7,28,46,949,25,15,11,51,8.510382372,108,546,51.4590474,9.978476396,7.595931219,9.406725583,479,16,470,35,495,505
47,1000,50,7.7,28,94,949,26,16,9,51,8.993224776,123,523,53.15489701,10.59946934,8.45417685,9.570218104,498,19,451,32,517,483
50,1000,50,7.7,28,26,950,21,12,17,50,7.769170491,94,486,50.63996599,9.564738627,7.105048999,8.402161288,468,20,482,30,488,512
49,1000,50,7.7,28,26,953,24,7,16,47,7.779201667,100,496,50.60218176,9.45950768,6.705762668,8.844087367,483,15,470,32,498,502
48,1000,50,7.7,28,47,948,26,15,11,52,8.533071031,112,530,51.4863712,10.01339813,7.623683435,9.424450952,478,17,470,35,495,505
46,1000,50,7.7,28,100,944,30,15,11,56,9.062072119,103,550,53.52567321,10.69993523,8.517839067,9.593398458,472,22,472,34,494,506
47,1000,50,7.7,28,95,948,27,16,9,52,8.981473692,107,552,53.19729996,10.63528366,8.452626859,9.547547838,497,20,451,32,517,483
50,1000,50,7.7,28,27,950,22,11,17,50,7.776737333,102,535,50.65812443,9.583566966,7.10216599,8.419688145,469,19,481,31,488,512
48,1000,50,7.7,28,48,947,27,15,11,53,8.530591157,111,497,51.52282527,10.03463035,7.630185289,9.413167206,478,17,469,36,495,505
46,1000,50,7.7,28,101,944,30,15,11,56,9.084877191,122,523,53.57525883,10.71942034,8.534428207,9.622272049,472,22,472,34,494,506
49,1000,50,7.7,28,27,953,24,7,16,47,7.778633798,102,498,50.61501182,9.474021505,6.670169641,8.878265571,484,14,469,33,498,502
47,1000,50,7.7,28,96,949,26,16,9,51,9.012488871,125,516,53.24809636,10.6327395,8.472308202,9.59069468,497,20,452,31,517,483
50,1000,50,7.7,28,28,951,21,11,17,49,7.777579164,90,509,50.67647949,9.584391411,7.087902853,8.434926898,469,19,482,30,488,512
48,1000,50,7.7,28,49,950,25,14,11,50,8.502706217,107,517,51.54611433,10.04197183,7.594332582,9.393092255,480,15,470,35,495,505
46,1000,50,7.7,28,102,942,29,16,13,58,9.140497302,107,528,53.5857581,10.74145945,8.574412958,9.693156721,471,23,471,35,494,506
49,1000,50,7.7,28,28,952,24,8,16,48,7.830926347,105,516,50.67140578,9.482132911,6.719233518,8.933761065,483,15,469,33,498,502
47,1000,50,7.7,28,97,948,27,17,8,52,8.98074171,115,568,53.28045674,10.65591476,8.427080234,9.573377286,497,20,451,32,517,483
50,1000,50,7.7,28,29,953,20,10,17,47,7.795739973,106,511,50.73010957,9.621874138,7.116321171,8.443311019,470,18,483,29,488,512
48,1000,50,7.7,28,50,950,25,14,11,50,8.523505158,135,519,51.53466763,10.07278439,7.640367026,9.389155406,480,15,470,35,495,505
46,1000,50,7.7,28,103,943,29,15,13,57,9.165212422,121,552,53.62217929,10.76731051,8.570173415,9.746139831,472,22,471,35,494,506
49,1000,50,7.7,28,29,952,25,8,15,48,7.839471961,109,494,50.70763818,9.494924928,6.718333018,8.951677526,483,15,469,33,498,502
47,1000,50,7.7,28,98,947,28,17,8,53,9.001494643,122,535,53.32268017,10.66211542,8.437223045,9.605487223,497,20,450,33,517,483
50,1000,50,7.7,28,30,953,20,11,16,47,7.811018405,113,495,50.76157247,9.622691367,7.125500974,8.464402205,471,17,482,30,488,512
48,1000,50,7.7,28,51,951,24,14,11,49,8.56550208,98,509,51.59077301,10.09395568,7.648235357,9.464605105,481,14,470,35,495,505
46,1000,50,7.7,28,104,944,27,16,13,56,9.177466089,101,543,53.64707798,10.78754672,8.626865625,9.715008834,472,22,472,34,494,506
47,1000,50,7.7,28,99,947,29,16,8,53,9.021129474,113,540,53.34957331,10.6839262,8.454807746,9.627316499,497,20,450,33,517,483
49,1000,50,7.7,28,30,952,24,9,15,48,7.853521809,89,521,50.7115283,9.503165966,6.73996063,8.958209992,483,15,469,33,498,502
48,1000,50,7.7,28,52,951,23,15,11,49,8.588897447,108,498,51.6291401,10.09591197,7.646695779,9.512441656,481,14,470,35,495,505
50,1000,50,7.7,28,31,952,21,11,16,48,7.828234071,104,516,50.78983924,9.619461357,7.142153767,8.482154359,471,17,481,31,488,512
47,1000,50,7.7,28,100,946,30,16,8,54,9.028565629,118,533,53.38677668,10.69384171,8.482838059,9.612708804,496,21,450,33,517,483
48,1000,50,7.7,28,53,950,25,15,10,50,8.656701906,103,525,51.6784971,10.11867518,7.713350333,9.581373249,481,14,469,36,495,505
50,1000,50,7.7,28,32,953,21,10,16,47,7.808564197,102,490,50.8256276,9.63001082,7.150692861,8.435597814,471,17,482,30,488,512
49,1000,50,7.7,28,31,952,25,9,14,48,7.861009204,103,513,50.7335039,9.498897175,6.77645093,8.936925578,483,15,469,33,498,502
47,1000,50,7.7,28,101,947,29,16,8,53,9.021508408,110,556,53.41510435,10.69201176,8.482302307,9.598671046,496,21,451,32,517,483
48,1000,50,7.7,28,54,948,27,14,11,52,8.673712977,99,510,51.71491235,10.14013672,7.800440186,9.529693237,479,16,469,36,495,505
49,1000,50,7.7,28,32,952,25,9,14,48,7.882387269,112,483,50.76169836,9.500769086,6.809648481,8.946578337,483,15,469,33,498,502
50,1000,50,7.7,28,33,954,20,10,16,46,7.819403976,97,511,50.86046189,9.651730588,7.178903344,8.429881142,471,17,483,29,488,512
47,1000,50,7.7,28,102,947,29,16,8,53,9.061614306,126,558,53.45588753,10.72170593,8.534392982,9.625948518,496,21,451,32,517,483
48,1000,50,7.7,28,55,950,26,13,11,50,8.660882921,101,536,51.71884619,10.16259512,7.773726405,9.530471981,480,15,470,35,495,505
50,1000,50,7.7,28,34,952,21,11,16,48,7.848064709,111,525,50.89123365,9.670234656,7.17298151,8.491503382,471,17,481,31,488,512
49,1000,50,7.7,28,33,953,24,9,14,47,7.894991523,98,501,50.77633965,9.535008387,6.817885415,8.963515112,483,15,470,32,498,502
48,1000,50,7.7,28,56,951,25,13,11,49,8.675300859,108,529,51.75597847,10.18247503,7.801990943,9.531317508,480,15,471,34,495,505
47,1000,50,7.7,28,103,949,27,15,9,51,9.108770758,126,522,53.50979552,10.71981408,8.560874897,9.695234858,496,21,453,30,517,483
50,1000,50,7.7,28,35,952,22,10,16,48,7.867738323,113,517,50.92801287,9.699065248,7.25644101,8.450381073,470,18,482,30,488,512
49,1000,50,7.7,28,34,953,24,10,13,47,7.884930285,85,524,50.8017376,9.543898382,6.867190619,8.894560471,483,15,470,32,498,502
47,1000,50,7.7,28,104,949,27,15,9,51,9.125151518,125,550,53.54840521,10.73112509,8.576654518,9.712259073,496,21,453,30,517,483
48,1000,50,7.7,28,57,952,25,12,11,48,8.686844522,116,513,51.78542673,10.22706222,7.796967959,9.559099768,481,14,471,34,495,505
50,1000,50,7.7,28,36,952,21,11,16,48,7.892187939,101,522,50.94451299,9.700839704,7.294896826,8.461481031,470,18,482,30,488,512
48,1000,50,7.7,28,58,952,25,12,11,48,8.712785622,106,511,51.80121993,10.24514073,7.858820143,9.549840894,481,14,471,34,495,505
49,1000,50,7.7,28,35,952,25,10,13,48,7.923924045,97,490,50.84524188,9.565516366,6.892527612,8.947102179,483,15,469,33,498,502
50,1000,50,7.7,28,37,952,21,11,16,48,7.885010749,108,508,50.96347689,9.710351287,7.304133469,8.438659406,470,18,482,30,488,512
48,1000,50,7.7,28,59,951,25,13,11,49,8.758111427,109,498,51.84738882,10.27448023,7.917933726,9.581651945,481,14,470,35,495,505
49,1000,50,7.7,28,36,952,26,10,12,48,7.941902751,88,475,50.86628848,9.602701213,6.936120759,8.939670544,483,15,469,33,498,502
50,1000,50,7.7,28,38,952,21,11,16,48,7.968496634,85,478,50.97589058,9.722184492,7.388455093,8.521348728,470,18,482,30,488,512
48,1000,50,7.7,28,60,950,27,13,10,50,8.772248675,111,545,51.88567041,10.27827604,7.924119795,9.603582923,480,15,470,35,495,505
49,1000,50,7.7,28,37,952,26,10,12,48,7.958307317,114,527,50.9010018,9.627757474,6.958584932,8.950063786,483,15,469,33,498,502
50,1000,50,7.7,28,39,952,22,12,14,48,8.001230708,109,504,51.0089341,9.725719024,7.39145349,8.582424618,470,18,482,30,488,512
48,1000,50,7.7,28,61,952,25,13,10,48,8.785960012,118,536,51.91511769,10.31464216,7.950015887,9.605350788,480,15,472,33,495,505
49,1000,50,7.7,28,38,952,25,11,12,48,7.976385244,85,496,50.92069244,9.640909491,6.987106637,8.957781153,483,15,469,33,498,502
50,1000,50,7.7,28,40,952,22,12,14,48,8.049075579,92,515,51.0277547,9.766222245,7.440793536,8.628844401,469,19,483,29,488,512
48,1000,50,7.7,28,62,950,27,12,11,50,8.809924458,105,510,51.94401919,10.35094097,7.980550344,9.622875321,478,17,472,33,495,505
50,1000,50,7.7,28,41,952,22,11,15,48,8.088611151,109,549,51.04516077,9.766584054,7.513461999,8.636800185,469,19,483,29,488,512
48,1000,50,7.7,28,63,951,26,12,11,49,8.779924728,109,512,51.94602915,10.38129228,7.950102335,9.593314995,479,16,472,33,495,505
49,1000,50,7.7,28,39,953,24,11,12,47,8.004945996,97,525,50.93283282,9.653607029,7.023552482,8.978519641,483,15,470,32,498,502
50,1000,50,7.7,28,42,953,21,11,15,47,8.0880542,97,504,51.09286965,9.789504749,7.547603362,8.603171405,469,19,484,28,488,512
48,1000,50,7.7,28,64,950,27,12,11,50,8.816770705,116,518,51.98037016,10.3877046,7.974472932,9.642389314,478,17,472,33,495,505
49,1000,50,7.7,28,40,951,25,12,12,49,8.021344352,100,507,50.95252017,9.671533575,7.070468978,8.96464303,482,16,469,33,498,502
48,1000,50,7.7,28,65,950,27,12,11,50,8.807616155,107,506,52.02739315,10.41635609,8.00545013,9.593897705,477,18,473,32,495,505
50,1000,50,7.7,28,43,953,21,11,15,47,8.112627632,99,495,51.13403324,9.806924754,7.565590309,8.634022581,469,19,484,28,488,512
49,1000,50,7.7,28,41,951,25,12,12,49,8.046605076,110,522,50.98353084,9.698003163,7.090350936,8.995239661,482,16,469,33,498,502
48,1000,50,7.7,28,66,950,27,12,11,50,8.810282099,109,530,52.05055939,10.43635242,8.018867869,9.58602476,478,17,472,33,495,505
50,1000,50,7.7,28,44,951,23,11,15,49,8.124685567,98,507,51.15003584,9.83129901,7.621086882,8.604678064,468,20,483,29,488,512
49,1000,50,7.7,28,42,951,24,13,12,49,8.07518394,101,521,51.01294714,9.729860748,7.132431047,9.010424858,482,16,469,33,498,502
48,1000,50,7.7,28,67,951,26,12,11,49,8.806241908,114,515,52.120452,10.46784119,8.045755337,9.551669339,479,16,472,33,495,505
50,1000,50,7.7,28,45,950,24,10,16,50,8.152853836,114,497,51.18662966,9.862496801,7.643947184,8.637905488,468,20,482,30,488,512
49,1000,50,7.7,28,43,951,23,14,12,49,8.08841005,105,528,51.04134823,9.738612476,7.147938105,9.021388196,481,17,470,32,498,502
48,1000,50,7.7,28,68,950,27,11,12,50,8.843619,108,521,52.14229895,10.49024066,8.088368372,9.58391417,479,16,471,34,495,505
50,1000,50,7.7,28,46,950,24,10,16,50,8.213358751,98,511,51.22771399,9.875913097,7.689052147,8.713088482,469,19,481,31,488,512
49,1000,50,7.7,28,44,953,23,12,12,47,8.056146598,97,492,51.0777164,9.731662741,7.116662105,8.988145158,481,17,472,30,498,502
48,1000,50,7.7,28,69,948,30,10,12,52,8.882776872,105,521,52.17155664,10.50342008,8.099344714,9.650695523,478,17,470,35,495,505
50,1000,50,7.7,28,47,949,25,9,17,51,8.221894049,115,514,51.28636656,9.921361602,7.715389147,8.704656534,468,20,481,31,488,512
48,1000,50,7.7,28,70,947,31,9,13,53,8.90162068,92,523,52.19180026,10.51919452,8.145716704,9.642556259,477,18,470,35,495,505
49,1000,50,7.7,28,45,953,24,12,11,47,8.074503185,124,531,51.10427135,9.751843597,7.149967623,8.99167193,481,17,472,30,498,502
50,1000,50,7.7,28,48,949,25,9,17,51,8.236925696,80,484,51.30403841,9.960435763,7.707287912,8.74173671,468,20,481,31,488,512
48,1000,50,7.7,28,71,948,30,9,13,52,8.894168283,104,528,52.20912127,10.5219399,8.147125682,9.626417962,477,18,471,34,495,505
49,1000,50,7.7,28,46,951,24,13,12,49,8.11438869,96,532,51.14103408,9.799192224,7.168019797,9.053216794,481,17,470,32,498,502
50,1000,50,7.7,28,49,949,25,9,17,51,8.28753533,96,540,51.31099129,9.998883704,7.705506067,8.842281971,468,20,481,31,488,512
48,1000,50,7.7,28,72,948,32,9,11,52,8.903028616,104,513,52.21679459,10.57195401,8.228073227,9.564618552,476,19,472,33,495,505
49,1000,50,7.7,28,47,952,23,14,11,48,8.117239253,102,507,51.19137096,9.81729982,7.185730541,9.041325584,481,17,471,31,498,502
50,1000,50,7.7,28,50,948,26,8,18,52,8.317095884,121,524,51.33647898,10.02366072,7.730986439,8.875731448,468,20,480,32,488,512
48,1000,50,7.7,28,73,947,32,10,11,53,8.916349218,119,523,52.24129538,10.56498659,8.234162708,9.585027084,476,19,471,34,495,505
49,1000,50,7.7,28,48,951,25,14,10,49,8.133882559,98,523,51.23527327,9.850167502,7.22811218,9.032435643,480,18,471,31,498,502
50,1000,50,7.7,28,51,951,25,7,17,49,8.302470658,98,515,51.38276414,10.03922193,7.713466973,8.863864795,470,18,481,31,488,512
48,1000,50,7.7,28,74,947,33,10,10,53,8.899352269,117,519,52.25585711,10.60399422,8.233844344,9.55168182,475,20,472,33,495,505
50,1000,50,7.7,28,52,951,26,7,16,49,8.33886352,94,508,51.39350394,10.04061323,7.670161271,8.976220352,471,17,480,32,488,512
49,1000,50,7.7,28,49,951,25,14,10,49,8.153456234,106,494,51.2530781,9.868295308,7.253620601,9.046121862,480,18,471,31,498,502
48,1000,50,7.7,28,75,948,33,10,9,52,8.934133938,105,506,52.2803815,10.62170116,8.26590666,9.589128992,475,20,473,32,495,505
50,1000,50,7.7,28,53,950,27,7,16,50,8.37711012,104,512,51.43884667,10.03655567,7.685760399,9.036052824,471,17,479,33,488,512
49,1000,50,7.7,28,50,949,27,14,10,51,8.192177724,96,539,51.27231543,9.891760548,7.29724131,9.079983171,480,18,469,33,498,502
48,1000,50,7.7,28,76,949,32,10,9,51,8.936136525,126,537,52.29316005,10.63456394,8.28049722,9.578792874,474,21,475,30,495,505
50,1000,50,7.7,28,54,949,28,7,16,51,8.407882709,108,509,51.46779385,10.0426187,7.705429312,9.077408603,471,17,478,34,488,512
48,1000,50,7.7,28,77,948,34,9,9,52,8.910468429,116,520,52.34951514,10.67988534,8.234162062,9.573382591,474,21,474,31,495,505
49,1000,50,7.7,28,51,949,28,13,10,51,8.253463563,85,535,51.30331476,9.893111269,7.363650525,9.136186456,481,17,468,34,498,502
50,1000,50,7.7,28,55,948,29,7,16,52,8.401350149,103,546,51.52503222,10.03866016,7.687419366,9.081815427,471,17,477,35,488,512
48,1000,50,7.7,28,78,948,33,10,9,52,8.938959389,113,554,52.35032569,10.71271433,8.242054181,9.622064495,474,21,474,31,495,505
49,1000,50,7.7,28,52,950,30,11,9,50,8.225293021,102,533,51.35668182,9.910370378,7.350643613,9.092973111,481,17,469,33,498,502
50,1000,50,7.7,28,56,948,28,7,17,52,8.421866332,107,499,51.54496787,10.0645545,7.713450771,9.097074913,471,17,477,35,488,512
48,1000,50,7.7,28,79,947,35,10,8,53,8.926716395,110,534,52.38096962,10.7152074,8.218613919,9.62079704,473,22,474,31,495,505
49,1000,50,7.7,28,53,949,31,11,9,51,8.22820963,101,505,51.37585701,9.965590237,7.376247615,9.073383103,481,17,468,34,498,502
48,1000,50,7.7,28,80,948,35,10,7,52,8.956471329,110,521,52.44708522,10.74922877,8.279313146,9.620220439,473,22,475,30,495,505
50,1000,50,7.7,28,57,948,29,7,16,52,8.415278441,100,528,51.59299636,10.0923626,7.665455863,9.129953086,471,17,477,35,488,512
49,1000,50,7.7,28,54,950,30,11,9,50,8.23207872,102,517,51.42835205,9.983797194,7.428287488,9.029465241,481,17,469,33,498,502
48,1000,50,7.7,28,81,948,35,9,8,52,8.979252661,124,549,52.44954692,10.75388667,8.341607702,9.604270988,473,22,475,30,495,505
50,1000,50,7.7,28,58,949,28,8,15,51,8.412452654,101,534,51.62834032,10.11553717,7.664449263,9.125393387,471,17,478,34,488,512
49,1000,50,7.7,28,55,951,29,11,9,49,8.268144881,123,518,51.46321515,9.987531852,7.44739078,9.08235911,482,16,469,33,498,502
48,1000,50,7.7,28,82,948,35,9,8,52,8.968050551,126,541,52.48001571,10.7554528,8.314213254,9.608940575,473,22,475,30,495,505
50,1000,50,7.7,28,59,948,30,8,14,52,8.457199417,102,519,51.66803404,10.11987009,7.709709506,9.169650739,471,17,477,35,488,512
48,1000,50,7.7,28,83,947,36,9,8,53,8.986021908,112,523,52.52573307,10.76782291,8.348054925,9.611355882,472,23,475,30,495,505
50,1000,50,7.7,28,60,947,33,6,14,53,8.438313727,109,524,51.71877664,10.13834702,7.743114763,9.10092524,469,19,478,34,488,512
49,1000,50,7.7,28,56,949,32,10,9,51,8.313312888,101,532,51.51018638,10.01290157,7.485743603,9.134287995,481,17,468,34,498,502
48,1000,50,7.7,28,84,948,36,9,7,52,8.973680001,108,526,52.56942147,10.79039299,8.354789524,9.580315221,472,23,476,29,495,505
50,1000,50,7.7,28,61,947,34,6,13,53,8.445580636,110,526,51.76533907,10.16603437,7.75427454,9.10448176,469,19,478,34,488,512
49,1000,50,7.7,28,57,951,30,10,9,49,8.328185385,107,509,51.52770318,10.05224771,7.547223231,9.102924733,481,17,470,32,498,502
48,1000,50,7.7,28,85,948,36,9,7,52,9.002997455,114,520,52.60108587,10.81593063,8.381082098,9.612597655,472,23,476,29,495,505
50,1000,50,7.7,28,62,948,35,6,11,52,8.427894837,104,525,51.77906627,10.17682025,7.75983794,9.064636567,468,20,480,32,488,512
49,1000,50,7.7,28,58,951,30,10,9,49,8.339075106,101,517,51.51278194,10.05090436,7.579343594,9.09275298,481,17,470,32,498,502
48,1000,50,7.7,28,86,949,35,9,7,51,9.01595212,133,537,52.6363324,10.83410786,8.387001391,9.632448379,473,22,476,29,495,505
50,1000,50,7.7,28,63,947,36,6,11,53,8.437691236,116,515,51.82755208,10.1889103,7.743409566,9.099428452,467,21,480,32,488,512
49,1000,50,7.7,28,59,950,31,10,9,50,8.355694316,88,508,51.52859114,10.07617181,7.588850995,9.116427332,481,17,469,33,498,502
48,1000,50,7.7,28,87,948,33,12,7,52,9.040958619,124,522,52.67101031,10.84841548,8.406301239,9.663048525,472,23,476,29,495,505
50,1000,50,7.7,28,64,947,36,7,10,53,8.458816713,118,535,51.83175239,10.23165174,7.745621588,9.138580817,467,21,480,32,488,512
49,1000,50,7.7,28,60,950,31,10,9,50,8.355122861,95,512,51.56756902,10.09786517,7.5633323,9.140604335,482,16,468,34,498,502
48,1000,50,7.7,28,88,949,33,11,7,51,9.03143965,122,555,52.71320971,10.85028019,8.427894257,9.623033649,472,23,477,28,495,505
50,1000,50,7.7,28,65,947,36,7,10,53,8.465339091,110,545,51.88679958,10.24847518,7.728786996,9.167365307,467,21,480,32,488,512
48,1000,50,7.7,28,89,949,33,10,8,51,9.048123405,119,555,52.74905032,10.84197209,8.424784647,9.659118822,472,23,477,28,495,505
49,1000,50,7.7,28,61,951,29,11,9,49,8.342377841,103,505,51.6322297,10.11188182,7.557071076,9.121427182,482,16,469,33,498,502
50,1000,50,7.7,28,66,948,34,8,10,52,8.504066732,110,534,51.90753659,10.25492033,7.718928675,9.252401443,468,20,480,32,488,512
48,1000,50,7.7,28,90,948,34,10,8,52,9.067686107,128,522,52.78483222,10.8740507,8.459189484,9.664133292,472,23,476,29,495,505
50,1000,50,7.7,28,67,948,33,9,10,52,8.537696283,105,537,51.94594269,10.26937216,7.748565971,9.289836112,468,20,480,32,488,512
49,1000,50,7.7,28,62,952,28,11,9,48,8.352218362,92,539,51.6602109,10.12692334,7.58129235,9.117001538,482,16,470,32,498,502
48,1000,50,7.7,28,91,949,32,11,8,51,9.064601969,113,515,52.81258488,10.8992053,8.414286938,9.702039474,473,22,476,29,495,505
50,1000,50,7.7,28,68,947,33,10,10,53,8.567978558,122,529,51.97885392,10.29008734,7.761706985,9.336456151,468,20,479,33,488,512
49,1000,50,7.7,28,63,953,26,12,9,47,8.364073433,107,532,51.67071656,10.14817129,7.610071034,9.112067845,483,15,470,32,498,502
48,1000,50,7.7,28,92,951,30,11,8,49,9.09384783,101,529,52.85018187,10.91210613,8.448610591,9.726308093,474,21,477,28,495,505
50,1000,50,7.7,28,69,947,33,11,9,53,8.602639773,102,522,52.01064357,10.31706688,7.806879158,9.361099109,468,20,479,33,488,512
49,1000,50,7.7,28,64,954,26,12,8,46,8.377569441,128,494,51.71419462,10.1766406,7.616350186,9.132723205,484,14,470,32,498,502
48,1000,50,7.7,28,93,951,30,11,8,49,9.106164797,119,535,52.89481404,10.93930266,8.457845603,9.741645987,474,21,477,28,495,505
50,1000,50,7.7,28,70,948,33,10,9,52,8.590770733,112,543,52.04314619,10.35803295,7.796505168,9.347805099,469,19,479,33,488,512
48,1000,50,7.7,28,94,951,31,11,7,49,9.107892974,109,532,52.94373172,10.95075721,8.444422479,9.758225439,474,21,477,28,495,505
49,1000,50,7.7,28,65,953,27,12,8,47,8.399534123,108,517,51.75463703,10.21407217,7.635988555,9.156995663,483,15,470,32,498,502
50,1000,50,7.7,28,71,948,34,9,9,52,8.576411633,107,575,52.0696216,10.38889336,7.814963738,9.302166657,468,20,480,32,488,512
48,1000,50,7.7,28,95,950,32,10,8,50,9.130783596,110,514,52.99438225,10.97110252,8.469149109,9.779316411,474,21,476,29,495,505
49,1000,50,7.7,28,66,953,23,16,8,47,8.436911732,117,529,51.77928153,10.24233307,7.692889638,9.175005362,483,15,470,32,498,502
50,1000,50,7.7,28,72,950,30,11,9,50,8.563537335,126,559,52.08872815,10.40552139,7.804548785,9.286948296,469,19,481,31,488,512
48,1000,50,7.7,28,96,949,33,10,8,51,9.13464469,112,530,53.02615838,10.97533032,8.472880838,9.783304308,473,22,476,29,495,505
49,1000,50,7.7,28,67,952,24,16,8,48,8.46478528,110,536,51.8276102,10.2622603,7.701150491,9.222335329,483,15,469,33,498,502
50,1000,50,7.7,28,73,952,27,12,9,48,8.550674033,114,517,52.10772287,10.43834553,7.789167699,9.276484757,471,17,481,31,488,512
48,1000,50,7.7,28,97,946,35,11,8,54,9.169508821,100,534,53.05125425,10.97612898,8.4872679,9.838240022,473,22,473,32,495,505
49,1000,50,7.7,28,68,952,24,16,8,48,8.485243035,116,544,51.85812407,10.28654576,7.710732763,9.25358191,483,15,469,33,498,502
50,1000,50,7.7,28,74,952,27,12,9,48,8.551030746,112,519,52.12346493,10.45805507,7.802481038,9.264492187,470,18,482,30,488,512
48,1000,50,7.7,28,98,945,36,11,8,55,9.187661224,101,556,53.08134424,11.00602351,8.49397744,9.867608696,473,22,472,33,495,505
50,1000,50,7.7,28,75,952,28,12,8,48,8.542356996,112,527,52.1240472,10.46916904,7.767786673,9.280619334,471,17,481,31,488,512
49,1000,50,7.7,28,69,952,24,17,7,48,8.502970711,111,514,51.90958127,10.289962,7.768632026,9.231458093,483,15,469,33,498,502
48,1000,50,7.7,28,99,944,37,11,8,56,9.224415748,93,531,53.11487861,10.99618169,8.513655721,9.921101318,473,22,471,34,495,505
50,1000,50,7.7,28,76,952,28,12,8,48,8.562439291,105,520,52.1768325,10.48996439,7.767893044,9.319741182,471,17,481,31,488,512
48,1000,50,7.7,28,100,942,39,11,8,58,9.242717603,107,515,53.14083289,11.0056298,8.495883897,9.974762524,473,22,469,36,495,505
49,1000,50,7.7,28,70,953,23,18,6,47,8.525404585,119,527,51.91860073,10.30546585,7.794975465,9.250013553,483,15,470,32,498,502
50,1000,50,7.7,28,77,952,29,11,8,48,8.599160552,110,527,52.1878408,10.49346105,7.846550947,9.316491583,470,18,482,30,488,512
48,1000,50,7.7,28,101,941,39,12,8,59,9.278308398,107,530,53.19762711,11.04270987,8.539729888,10.00226159,472,23,469,36,495,505
49,1000,50,7.7,28,71,954,22,18,6,46,8.519000626,111,527,51.94834662,10.31284442,7.781156184,9.25096583,483,15,471,31,498,502
50,1000,50,7.7,28,78,952,28,12,8,48,8.606267522,104,522,52.19830002,10.50602473,7.847341365,9.329619014,470,18,482,30,488,512
48,1000,50,7.7,28,102,942,38,12,8,58,9.260274568,124,560,53.24331741,11.05403255,8.542310185,9.964021836,472,23,470,35,495,505
49,1000,50,7.7,28,72,953,23,18,6,47,8.529902725,102,521,51.97508603,10.32896299,7.808077976,9.245975882,482,16,471,31,498,502
50,1000,50,7.7,28,79,952,29,12,7,48,8.612423054,114,562,52.20680424,10.53138196,7.810466393,9.376787997,471,17,481,31,488,512
48,1000,50,7.7,28,103,941,38,14,7,59,9.247664296,105,535,53.27139073,11.0701015,8.565504311,9.916316162,471,24,470,35,495,505
49,1000,50,7.7,28,73,953,23,18,6,47,8.547340948,100,518,51.99073994,10.34258708,7.815323605,9.273525484,482,16,471,31,498,502
50,1000,50,7.7,28,80,950,31,12,7,50,8.62373539,110,535,52.25320511,10.55787894,7.82004502,9.389752775,470,18,480,32,488,512
48,1000,50,7.7,28,104,941,38,14,7,59,9.250002984,104,549,53.28478809,11.1031607,8.58681929,9.900054327,471,24,470,35,495,505
49,1000,50,7.7,28,74,954,23,17,6,46,8.564203259,117,529,52.03427184,10.37257629,7.842584548,9.28007202,483,15,471,31,498,502
50,1000,50,7.7,28,81,949,31,12,8,51,8.661607401,94,519,52.28707226,10.57657129,7.862492078,9.423264193,470,18,479,33,488,512
49,1000,50,7.7,28,75,955,23,16,6,45,8.580835728,123,489,52.05192826,10.38650469,7.904788963,9.251495665,482,16,473,29,498,502
50,1000,50,7.7,28,82,950,30,12,8,50,8.645117367,122,496,52.31348123,10.60951207,7.874552095,9.379562391,471,17,479,33,488,512
50,1000,50,7.7,28,83,949,30,11,10,51,8.648323551,108,502,52.35511193,10.63005895,7.856452418,9.403075725,471,17,478,34,488,512
49,1000,50,7.7,28,76,954,24,16,6,46,8.61277718,115,512,52.08265589,10.4100313,7.914876476,9.305116922,482,16,472,30,498,502
50,1000,50,7.7,28,84,950,30,11,9,50,8.66374839,102,519,52.38900267,10.64249549,7.886031568,9.405009736,471,17,479,33,488,512
49,1000,50,7.7,28,77,954,23,17,6,46,8.636840759,110,511,52.16026674,10.45287514,7.942072574,9.326072942,482,16,472,30,498,502
50,1000,50,7.7,28,85,950,30,11,9,50,8.684222335,122,533,52.42066367,10.66016706,7.898576599,9.433040927,471,17,479,33,488,512
49,1000,50,7.7,28,78,953,24,17,6,47,8.656588191,106,505,52.15375431,10.48499018,7.965211269,9.342456132,482,16,471,31,498,502
50,1000,50,7.7,28,86,951,29,11,9,49,8.681672852,109,531,52.48068018,10.66877976,7.897533553,9.42905562,472,16,479,33,488,512
49,1000,50,7.7,28,79,951,27,17,5,49,8.675471561,108,548,52.1730224,10.50429348,8.029830908,9.315967668,480,18,471,31,498,502
50,1000,50,7.7,28,87,950,29,12,9,50,8.689320378,111,553,52.51828574,10.68477129,7.897760629,9.443775764,472,16,478,34,488,512
49,1000,50,7.7,28,80,952,25,18,5,48,8.704205735,110,527,52.22620283,10.54453695,8.068796154,9.334552292,481,17,471,31,498,502
50,1000,50,7.7,28,88,950,29,12,9,50,8.733058709,115,532,52.57048387,10.71164306,7.921268044,9.506796687,472,16,478,34,488,512
49,1000,50,7.7,28,81,950,27,18,5,50,8.753000662,98,533,52.25562065,10.54699101,8.101750262,9.399061815,481,17,469,33,498,502
50,1000,50,7.7,28,89,950,29,12,9,50,8.727173662,100,536,52.6318635,10.74817186,7.92817715,9.488717212,472,16,478,34,488,512
49,1000,50,7.7,28,82,951,28,16,5,49,8.749968554,110,509,52.29784025,10.57549412,8.114781424,9.380094431,480,18,471,31,498,502
50,1000,50,7.7,28,90,949,30,12,9,51,8.747566187,115,553,52.66536525,10.75970148,7.989825883,9.469787415,471,17,478,34,488,512
50,1000,50,7.7,28,91,949,30,11,10,51,8.780391534,104,527,52.72062151,10.78419437,8.045784297,9.480564057,471,17,478,34,488,512
49,1000,50,7.7,28,83,950,29,16,5,50,8.76671905,111,517,52.33963321,10.61459448,8.147984461,9.380523484,480,18,470,32,498,502
50,1000,50,7.7,28,92,950,30,10,10,50,8.809461345,121,537,52.73573206,10.81547431,8.087462855,9.497616155,471,17,479,33,488,512
49,1000,50,7.7,28,84,953,29,13,5,47,8.733450418,128,516,52.38852156,10.63052753,8.085545873,9.376192377,483,15,470,32,498,502
50,1000,50,7.7,28,93,951,30,9,10,49,8.804491736,115,528,52.7522326,10.83918878,8.112244673,9.464289717,471,17,480,32,488,512
49,1000,50,7.7,28,85,954,28,13,5,46,8.738888942,112,538,52.42836313,10.66821759,8.12854819,9.344366421,483,15,471,31,498,502
50,1000,50,7.7,28,94,950,31,9,10,50,8.805242544,135,518,52.80437349,10.86669799,8.128705501,9.450066914,470,18,480,32,488,512
49,1000,50,7.7,28,86,954,28,12,6,46,8.761527238,112,526,52.47261793,10.70436696,8.157941461,9.360303566,482,16,472,30,498,502
50,1000,50,7.7,28,95,948,33,9,10,52,8.835233579,114,512,52.87089698,10.86237476,8.185218292,9.4547794,469,19,479,33,488,512
49,1000,50,7.7,28,87,955,28,11,6,45,8.782671892,109,534,52.5088327,10.70947375,8.207334474,9.353424948,482,16,473,29,498,502
50,1000,50,7.7,28,96,951,32,7,10,49,8.843627401,108,526,52.88408712,10.86329477,8.178742689,9.477345643,471,17,480,32,488,512
49,1000,50,7.7,28,88,952,29,12,7,48,8.802754731,111,528,52.54725474,10.72589469,8.205776798,9.394975867,482,16,470,32,498,502
50,1000,50,7.7,28,97,952,30,8,10,48,8.867542796,116,541,52.91689325,10.86786395,8.204209203,9.499782627,472,16,480,32,488,512
49,1000,50,7.7,28,89,953,28,12,7,47,8.780340795,96,545,52.59762126,10.75974031,8.182270808,9.373645284,483,15,470,32,498,502
50,1000,50,7.7,28,98,952,30,8,10,48,8.88366626,130,526,52.9519633,10.8979053,8.179471215,9.554852163,472,16,480,32,488,512
50,1000,50,7.7,28,99,951,32,7,10,49,8.90611074,102,528,52.98506177,10.909611,8.200628869,9.578523149,472,16,479,33,488,512
49,1000,50,7.7,28,90,954,27,12,7,46,8.786943857,106,536,52.63161469,10.76903193,8.181369496,9.387692924,483,15,471,31,498,502
50,1000,50,7.7,28,100,950,32,8,10,50,8.926356574,116,552,53.03253454,10.94909113,8.26780109,9.55404227,471,17,479,33,488,512
49,1000,50,7.7,28,91,953,27,13,7,47,8.810961098,111,540,52.64882879,10.7713937,8.216653547,9.40053313,483,15,470,32,498,502
50,1000,50,7.7,28,101,950,32,8,10,50,8.962452285,108,538,53.03983473,10.9802696,8.287716238,9.60556008,471,17,479,33,488,512
49,1000,50,7.7,28,92,954,27,13,6,46,8.80804445,106,546,52.72159028,10.77970494,8.22171013,9.389706784,484,14,470,32,498,502
50,1000,50,7.7,28,102,950,32,8,10,50,9.002479822,115,548,53.08395151,10.98971512,8.322580692,9.650508681,470,18,480,32,488,512
49,1000,50,7.7,28,93,954,27,13,6,46,8.819460599,119,538,52.77107317,10.78320738,8.238176104,9.396113344,484,14,470,32,498,502
50,1000,50,7.7,28,103,951,32,7,10,49,8.992346195,127,532,53.10875382,11.01156858,8.311726124,9.6410622,471,17,480,32,488,512
49,1000,50,7.7,28,94,953,28,12,7,47,8.866514541,114,550,52.80313311,10.79702695,8.270833087,9.457449528,484,14,469,33,498,502
50,1000,50,7.7,28,104,949,34,7,10,51,9.004349124,108,531,53.12892617,11.01729692,8.300592028,9.675117606,471,17,478,34,488,512
49,1000,50,7.7,28,95,951,29,13,7,49,8.909992194,103,497,52.83911001,10.79048442,8.329639872,9.485720195,483,15,468,34,498,502
49,1000,50,7.7,28,96,949,29,12,10,51,8.913765088,117,528,52.88727274,10.81163426,8.309207368,9.513505616,483,15,466,36,498,502
49,1000,50,7.7,28,97,949,29,12,10,51,8.916321128,115,540,52.91401268,10.80796409,8.357102517,9.471083813,482,16,467,35,498,502
49,1000,50,7.7,28,98,949,28,12,11,51,8.926439326,106,560,52.95080233,10.83172203,8.352381804,9.495922684,482,16,467,35,498,502
49,1000,50,7.7,28,99,949,28,12,11,51,8.943154006,93,534,52.98330367,10.84908411,8.393190339,9.488735493,481,17,468,34,498,502
49,1000,50,7.7,28,100,949,28,12,11,51,8.997541169,109,553,52.99546422,10.86399127,8.471273107,9.51961586,481,17,468,34,498,502
49,1000,50,7.7,28,101,949,27,13,11,51,9.0399765,104,521,53.01735431,10.85711407,8.481418502,9.594083836,481,17,468,34,498,502
49,1000,50,7.7,28,102,948,28,13,11,52,9.043498403,116,550,53.03357247,10.86349734,8.488955164,9.59362297,480,18,468,34,498,502
49,1000,50,7.7,28,103,946,30,13,11,54,9.085465536,113,524,53.07297221,10.89494124,8.532109547,9.634412313,478,20,468,34,498,502
49,1000,50,7.7,28,104,945,31,13,11,55,9.113944666,121,524,53.09030729,10.90971338,8.562180881,9.661311926,476,22,469,33,498,502
