[run number],initial-people,environment,healthy-treatment-chance,dep-treatment-chance,[step],"count turtles with [ severity = ""No Depression"" ]","count turtles with [ severity = ""Mild Depression"" ]","count turtles with [ severity = ""Moderate Depression"" ]","count turtles with [ severity = ""Severe Depression"" ]","count turtles with [ severity != ""No Depression"" ]",mean [ dep-score ] of turtles,count turtles with [ treatment? ],count turtles with [ talks? ],mean [ prob-of-talking ] of turtles,mean [ prob-of-treatment ] of turtles,"mean [ dep-score ] of turtles with [ gender? = ""male"" ]","mean [ dep-score ] of turtles with [ gender? = ""female"" ]","count turtles with [ severity = ""No Depression"" and gender? = ""male"" ]","count turtles with [ severity != ""No Depression"" and gender? = ""male"" ]","count turtles with [ severity = ""No Depression"" and gender? = ""female"" ]","count turtles with [ severity != ""No Depression"" and gender? = ""female"" ]","count turtles with [ gender? = ""male"" ]","count turtles with [ gender? = ""female"" ]"
5,1000,10,7.7,28,0,935,37,15,13,65,7.265,98,113,10.32678903,8.981808559,6.523305085,7.928030303,448,24,487,41,472,528
6,1000,10,7.7,28,0,949,23,13,15,51,7.152,99,107,10.01535311,8.765336777,6.363992172,7.975460123,493,18,456,33,511,489
3,1000,10,7.7,28,0,942,33,14,11,58,7.158,84,88,10.21892064,8.876238052,6.279069767,7.94686907,456,17,486,41,473,527
4,1000,10,7.7,28,0,943,28,11,18,57,7.041,100,121,10.36788463,8.83690686,6.061023622,8.052845528,491,17,452,40,508,492
8,1000,10,7.7,28,0,938,37,17,8,62,7.254,91,108,9.870036939,8.929996784,6.547717842,7.911196911,454,28,484,34,482,518
2,1000,10,7.7,28,0,943,25,15,17,57,7.074,106,118,9.987042679,8.884049095,6.592975207,7.525193798,466,18,477,39,484,516
7,1000,10,7.7,28,0,949,26,12,13,51,7.009,96,114,10.08380504,8.823133893,6.17791411,7.804305284,475,14,474,37,489,511
1,1000,10,7.7,28,0,945,28,15,12,55,7.057,106,109,10.2230072,8.815873981,6.3722334,7.73359841,478,19,467,36,497,503
5,1000,10,7.7,28,1,934,38,15,13,66,7.302939979,76,102,10.33512303,8.989960227,6.559545458,7.967489626,448,24,486,42,472,528
2,1000,10,7.7,28,1,943,25,15,17,57,7.089314615,82,98,9.992340092,8.899449767,6.604724901,7.543852254,466,18,477,39,484,516
6,1000,10,7.7,28,1,951,23,12,14,49,7.15671484,91,108,10.03380013,8.766180956,6.370025826,7.978796816,493,18,458,31,511,489
3,1000,10,7.7,28,1,943,33,13,11,57,7.165111043,90,113,10.2278077,8.887992874,6.310506293,7.932147185,456,17,487,40,473,527
7,1000,10,7.7,28,1,949,26,12,13,51,7.038054925,83,87,10.09987274,8.850760736,6.184695386,7.854674914,475,14,474,37,489,511
8,1000,10,7.7,28,1,940,37,15,8,60,7.25427516,98,125,9.882699154,8.936465554,6.567273075,7.893531927,453,29,487,31,482,518
1,1000,10,7.7,28,1,947,27,14,12,53,7.056672477,95,115,10.22231015,8.818544608,6.385583925,7.719755997,478,19,469,34,497,503
4,1000,10,7.7,28,1,943,28,11,18,57,7.066863562,74,124,10.37676517,8.838316595,6.090325436,8.075159025,491,17,452,40,508,492
5,1000,10,7.7,28,2,934,38,15,13,66,7.302242341,97,120,10.31701276,8.981389052,6.553411765,7.971651493,448,24,486,42,472,528
2,1000,10,7.7,28,2,943,25,15,17,57,7.094148315,98,123,10.0081056,8.900238697,6.584542992,7.572150207,467,17,476,40,484,516
3,1000,10,7.7,28,2,944,31,14,11,56,7.194019865,103,114,10.25448149,8.884946359,6.350363408,7.951229551,456,17,488,39,473,527
6,1000,10,7.7,28,2,951,23,12,14,49,7.184904656,95,100,10.03496009,8.787486008,6.387475038,8.018210454,493,18,458,31,511,489
7,1000,10,7.7,28,2,948,27,12,13,52,7.062470919,98,113,10.10989772,8.864982433,6.212189342,7.876145461,475,14,473,38,489,511
8,1000,10,7.7,28,2,939,39,14,8,61,7.274521125,87,99,9.887155797,8.940284467,6.596331095,7.905578257,452,30,487,31,482,518
1,1000,10,7.7,28,2,948,26,14,12,52,7.042262829,94,112,10.21070227,8.829986969,6.38086487,7.69577135,479,18,469,34,497,503
4,1000,10,7.7,28,2,944,28,10,18,56,7.084717847,101,106,10.37841205,8.833350507,6.066595523,8.13594984,492,16,452,40,508,492
5,1000,10,7.7,28,3,934,38,14,14,66,7.31916939,94,124,10.32889337,8.984069854,6.550557596,8.006261751,448,24,486,42,472,528
2,1000,10,7.7,28,3,944,26,12,18,56,7.113758337,81,104,10.00121645,8.908163808,6.558930163,7.634178563,469,15,475,41,484,516
3,1000,10,7.7,28,3,943,31,15,11,57,7.256052944,86,107,10.26385962,8.899930437,6.379446622,8.042836227,456,17,487,40,473,527
6,1000,10,7.7,28,3,952,22,12,14,48,7.205341077,93,97,10.02176642,8.770978376,6.403784721,8.042959272,493,18,459,30,511,489
7,1000,10,7.7,28,3,948,27,12,13,52,7.075799619,87,126,10.11838657,8.875139964,6.208834826,7.905439118,475,14,473,38,489,511
8,1000,10,7.7,28,3,942,38,12,8,58,7.300241739,101,106,9.886818046,8.943851845,6.632923311,7.921182825,453,29,489,29,482,518
4,1000,10,7.7,28,3,944,28,10,18,56,7.123038167,94,121,10.37273423,8.822627132,6.108903624,8.170152695,491,17,453,39,508,492
5,1000,10,7.7,28,4,936,38,13,13,64,7.312607057,97,115,10.34520065,9.002839098,6.500109356,8.038930759,450,22,486,42,472,528
1,1000,10,7.7,28,3,951,24,13,12,49,7.065880483,91,105,10.19509713,8.828959872,6.403126582,7.720728772,480,17,471,32,497,503
2,1000,10,7.7,28,4,944,26,12,18,56,7.139909941,102,119,10.01254431,8.902600569,6.589093391,7.656567325,469,15,475,41,484,516
3,1000,10,7.7,28,4,943,30,16,11,57,7.293984413,97,103,10.25294142,8.910783354,6.421654804,8.076929204,456,17,487,40,473,527
6,1000,10,7.7,28,4,952,23,12,13,48,7.208605377,100,86,10.04537251,8.780066237,6.427883542,8.024451711,493,18,459,30,511,489
7,1000,10,7.7,28,4,946,28,13,13,54,7.118993564,100,124,10.11572447,8.867691256,6.252463511,7.948217039,473,16,473,38,489,511
8,1000,10,7.7,28,4,942,37,13,8,58,7.327997937,96,96,9.876881123,8.934191942,6.690572713,7.921123339,453,29,489,29,482,518
5,1000,10,7.7,28,5,938,38,12,12,62,7.329651181,82,106,10.36546546,8.999355927,6.557913772,8.019537652,450,22,488,40,472,528
4,1000,10,7.7,28,4,945,26,12,17,55,7.102540562,98,91,10.37504704,8.82961047,6.097389304,8.140379667,492,16,453,39,508,492
2,1000,10,7.7,28,5,945,26,11,18,55,7.1408956,79,103,10.01762792,8.899453331,6.615995326,7.633243919,469,15,476,40,484,516
1,1000,10,7.7,28,4,951,25,13,11,49,7.095368992,87,107,10.19969999,8.828746243,6.419758709,7.762920305,480,17,471,32,497,503
3,1000,10,7.7,28,5,946,27,15,12,54,7.321670452,99,107,10.26544356,8.910269299,6.483735289,8.073745086,456,17,490,37,473,527
6,1000,10,7.7,28,5,952,23,11,14,48,7.229645909,102,102,10.06112573,8.781000436,6.460743802,8.033140749,493,18,459,30,511,489
7,1000,10,7.7,28,5,944,30,12,14,56,7.12813288,102,102,10.1137378,8.870146008,6.268014538,7.951220686,472,17,472,39,489,511
8,1000,10,7.7,28,5,943,36,12,9,57,7.342040042,88,98,9.893002023,8.921926777,6.704525521,7.935248535,453,29,490,28,482,518
5,1000,10,7.7,28,6,940,37,11,12,60,7.360013568,95,119,10.36230322,9.021859364,6.574494485,8.06222002,452,20,488,40,472,528
4,1000,10,7.7,28,5,945,26,12,17,55,7.098064723,93,115,10.39863596,8.831964252,6.099844577,8.128747312,492,16,453,39,508,492
2,1000,10,7.7,28,6,945,27,11,17,55,7.136037585,105,126,10.01820067,8.890457192,6.600466635,7.638394832,469,15,476,40,484,516
1,1000,10,7.7,28,5,952,24,13,11,48,7.127303487,76,109,10.22902748,8.832830042,6.453220885,7.793345342,481,16,471,32,497,503
3,1000,10,7.7,28,6,947,27,14,12,53,7.342621886,110,114,10.30290141,8.90551678,6.528458821,8.073360274,456,17,491,36,473,527
6,1000,10,7.7,28,6,951,24,11,14,49,7.287745335,94,109,10.07202972,8.802481991,6.501230005,8.109645814,493,18,458,31,511,489
8,1000,10,7.7,28,6,942,36,13,9,58,7.380201328,102,113,9.891315462,8.930424372,6.708573757,8.005152079,452,30,490,28,482,518
7,1000,10,7.7,28,6,945,29,11,15,55,7.14636733,90,96,10.12958061,8.875626898,6.305235475,7.951286073,472,17,473,38,489,511
5,1000,10,7.7,28,7,940,36,11,13,60,7.41678098,87,123,10.36306258,9.030498004,6.610688109,8.137379153,452,20,488,40,472,528
4,1000,10,7.7,28,6,944,26,12,18,56,7.129254287,106,109,10.41856399,8.829496208,6.126189204,8.164939372,491,17,453,39,508,492
2,1000,10,7.7,28,7,946,26,11,17,54,7.145037552,104,104,10.01788746,8.893401708,6.606630814,7.650054725,469,15,477,39,484,516
1,1000,10,7.7,28,6,950,26,13,11,50,7.178395047,94,104,10.24618166,8.840131447,6.511826922,7.83701206,480,17,470,33,497,503
6,1000,10,7.7,28,7,952,24,10,14,48,7.293210954,94,102,10.07407975,8.793870044,6.539964827,8.080345455,493,18,459,30,511,489
3,1000,10,7.7,28,7,948,26,14,12,52,7.345201584,92,104,10.30922756,8.883539652,6.534073541,8.073215938,457,16,491,36,473,527
8,1000,10,7.7,28,7,942,36,13,9,58,7.420928744,74,104,9.893056539,8.934852996,6.723656483,8.069741928,452,30,490,28,482,518
7,1000,10,7.7,28,7,945,29,11,15,55,7.136029586,91,105,10.14745474,8.880211323,6.259128046,7.975178027,472,17,473,38,489,511
4,1000,10,7.7,28,7,946,24,12,18,54,7.155857199,90,114,10.43970014,8.847371951,6.124659759,8.220589514,492,16,454,38,508,492
5,1000,10,7.7,28,8,940,36,11,13,60,7.474236005,97,106,10.35853713,9.027745467,6.67771065,8.186281399,452,20,488,40,472,528
2,1000,10,7.7,28,8,948,25,10,17,52,7.139816014,99,114,10.03048984,8.915097937,6.635529707,7.612828751,469,15,479,37,484,516
1,1000,10,7.7,28,7,950,26,14,10,50,7.17017004,98,94,10.2548013,8.841466274,6.52537388,7.807274795,480,17,470,33,497,503
6,1000,10,7.7,28,8,952,24,10,14,48,7.303679644,91,97,10.06395882,8.789542584,6.531282735,8.110826516,493,18,459,30,511,489
3,1000,10,7.7,28,8,950,24,14,12,50,7.345197254,99,112,10.30926372,8.888074818,6.535624253,8.071815906,458,15,492,35,473,527
8,1000,10,7.7,28,8,941,35,15,9,59,7.440716931,107,92,9.894592958,8.929404219,6.743533112,8.089447821,451,31,490,28,482,518
7,1000,10,7.7,28,8,947,28,10,15,53,7.124186798,110,111,10.15189159,8.900323897,6.274491486,7.937300315,472,17,475,36,489,511
5,1000,10,7.7,28,9,941,36,11,12,59,7.472015496,118,116,10.36385957,9.029325936,6.690968873,8.170223841,452,20,489,39,472,528
4,1000,10,7.7,28,8,948,25,10,17,52,7.127704599,84,109,10.44457007,8.869698608,6.150578533,8.136607122,492,16,456,36,508,492
2,1000,10,7.7,28,9,949,25,10,16,51,7.141248653,104,111,10.03973944,8.915900182,6.661269298,7.591461847,469,15,480,36,484,516
1,1000,10,7.7,28,8,950,25,15,10,50,7.191644437,110,119,10.25638282,8.852608559,6.537140011,7.838341653,480,17,470,33,497,503
6,1000,10,7.7,28,9,952,23,11,14,48,7.349703993,82,120,10.08479508,8.78917102,6.567533068,8.167064612,493,18,459,30,511,489
3,1000,10,7.7,28,9,950,24,14,12,50,7.384253445,97,106,10.32099508,8.878902736,6.536975072,8.144713921,458,15,492,35,473,527
8,1000,10,7.7,28,9,941,36,13,10,59,7.46781474,89,111,9.890992231,8.930174812,6.72875691,8.155509477,452,30,489,29,482,518
7,1000,10,7.7,28,9,947,28,10,15,53,7.154519818,91,95,10.17501572,8.907839634,6.313471595,7.959358529,473,16,474,37,489,511
5,1000,10,7.7,28,10,942,35,11,12,58,7.461496597,87,95,10.38627204,9.009895497,6.704421944,8.138275454,452,20,490,38,472,528
4,1000,10,7.7,28,9,949,25,9,17,51,7.165206681,98,107,10.43774293,8.861973088,6.191548389,8.170528657,493,15,456,36,508,492
3,1000,10,7.7,28,10,950,23,15,12,50,7.460930832,95,100,10.33284827,8.891728451,6.638904511,8.198726753,457,16,493,34,473,527
2,1000,10,7.7,28,10,949,24,10,17,51,7.153346127,81,94,10.04884456,8.915890348,6.666033223,7.610438075,469,15,480,36,484,516
6,1000,10,7.7,28,10,954,21,11,14,46,7.35276964,89,115,10.09853714,8.779191377,6.559457987,8.181772205,494,17,460,29,511,489
1,1000,10,7.7,28,9,951,25,14,10,49,7.198253077,99,90,10.25976526,8.854371877,6.562315503,7.826604914,480,17,471,32,497,503
8,1000,10,7.7,28,10,947,32,11,10,53,7.454442307,101,114,9.893716396,8.916807346,6.740752857,8.118531718,454,28,493,25,482,518
7,1000,10,7.7,28,10,948,27,10,15,52,7.150294975,95,108,10.18346756,8.915909689,6.322234697,7.942704909,474,15,474,37,489,511
5,1000,10,7.7,28,11,942,34,12,12,58,7.497550889,94,105,10.39350075,9.004679057,6.733511741,8.180555581,452,20,490,38,472,528
4,1000,10,7.7,28,10,949,25,9,17,51,7.164544466,93,121,10.45600835,8.852824314,6.168637525,8.192838625,493,15,456,36,508,492
3,1000,10,7.7,28,11,950,23,15,12,50,7.485311481,110,106,10.35377843,8.87920266,6.66075936,8.225374391,457,16,493,34,473,527
6,1000,10,7.7,28,11,954,21,11,14,46,7.39109224,94,111,10.11986469,8.783177348,6.609922058,8.207407093,494,17,460,29,511,489
2,1000,10,7.7,28,11,950,23,10,17,50,7.153614045,99,113,10.05725486,8.897858732,6.676155625,7.601462641,469,15,481,35,484,516
8,1000,10,7.7,28,11,946,33,11,10,54,7.503540613,104,103,9.906317533,8.903521259,6.819620955,8.139929175,453,29,493,25,482,518
1,1000,10,7.7,28,10,953,22,15,10,47,7.232145787,80,114,10.25034966,8.865725011,6.59016865,7.866465145,480,17,473,30,497,503
7,1000,10,7.7,28,11,947,28,10,15,53,7.167744051,93,126,10.19071724,8.92807016,6.32778862,7.971537017,474,15,473,38,489,511
5,1000,10,7.7,28,12,942,34,12,12,58,7.521215304,92,111,10.38679501,9.011513116,6.791698038,8.173359527,451,21,491,37,472,528
4,1000,10,7.7,28,11,946,28,9,17,54,7.22622847,77,90,10.48581802,8.860683775,6.24085312,8.243648548,490,18,456,36,508,492
3,1000,10,7.7,28,12,949,24,16,11,51,7.483491548,104,99,10.35809802,8.875180372,6.677504938,8.206891294,457,16,492,35,473,527
8,1000,10,7.7,28,12,945,34,10,11,55,7.526466071,102,97,9.929269268,8.908256781,6.863825338,8.143054553,452,30,493,25,482,518
6,1000,10,7.7,28,12,952,23,10,15,48,7.409209528,99,114,10.13468105,8.777910033,6.615196026,8.238945518,494,17,458,31,511,489
2,1000,10,7.7,28,12,950,24,10,16,50,7.178624545,106,111,10.06417039,8.897597348,6.681641705,7.644786743,469,15,481,35,484,516
7,1000,10,7.7,28,12,946,29,9,16,54,7.242353996,104,114,10.18734319,8.930992466,6.424072841,8.025405825,474,15,472,39,489,511
5,1000,10,7.7,28,13,942,34,12,12,58,7.528620258,117,103,10.4117308,9.006144088,6.780993891,8.19695292,452,20,490,38,472,528
1,1000,10,7.7,28,11,951,23,16,10,49,7.226213014,86,113,10.27038047,8.884096496,6.58977118,7.855063097,478,19,473,30,497,503
4,1000,10,7.7,28,12,949,27,8,16,51,7.179732439,92,124,10.48839791,8.866165692,6.199337372,8.192010272,491,17,458,34,508,492
3,1000,10,7.7,28,13,949,24,15,12,51,7.494122445,109,108,10.37800679,8.880228495,6.708970025,8.198822815,457,16,492,35,473,527
8,1000,10,7.7,28,13,945,34,10,11,55,7.575986172,89,117,9.950153868,8.903919442,6.909142146,8.196485826,452,30,493,25,482,518
6,1000,10,7.7,28,13,952,22,11,15,48,7.405115962,95,111,10.12577402,8.806267346,6.606930892,8.239211199,494,17,458,31,511,489
2,1000,10,7.7,28,13,951,24,9,16,49,7.161085313,83,106,10.06479552,8.898704028,6.66926341,7.622406634,469,15,482,34,484,516
7,1000,10,7.7,28,13,946,30,9,15,54,7.275576699,108,111,10.22290515,8.92569894,6.485105613,8.032015763,474,15,472,39,489,511
5,1000,10,7.7,28,14,943,33,12,12,57,7.519651699,101,101,10.41858296,9.017857414,6.794074895,8.168273386,453,19,490,38,472,528
4,1000,10,7.7,28,13,948,26,10,16,52,7.189097101,99,122,10.5151532,8.870879728,6.230936674,8.178417218,491,17,457,35,508,492
1,1000,10,7.7,28,12,952,22,17,9,48,7.233584903,98,114,10.28458833,8.872989415,6.60822591,7.851484345,478,19,474,29,497,503
3,1000,10,7.7,28,14,947,26,15,12,53,7.550067553,94,125,10.3849051,8.872609856,6.764006051,8.255583853,456,17,491,36,473,527
8,1000,10,7.7,28,14,942,36,11,11,58,7.605890513,85,108,9.952759187,8.902752326,6.929367604,8.235396387,451,31,491,27,482,518
6,1000,10,7.7,28,14,951,22,12,15,49,7.427485721,78,111,10.15288342,8.821385526,6.604664777,8.287325195,493,18,458,31,511,489
2,1000,10,7.7,28,14,951,23,10,16,49,7.249744343,85,92,10.0771521,8.891032321,6.79907765,7.672462715,468,16,483,33,484,516
7,1000,10,7.7,28,14,947,30,9,14,53,7.290796345,86,108,10.24659105,8.934058229,6.490957369,8.056199983,474,15,473,38,489,511
5,1000,10,7.7,28,15,944,32,12,12,56,7.555070003,94,95,10.41589187,9.004315312,6.809362215,8.22168757,453,19,491,37,472,528
4,1000,10,7.7,28,14,949,27,9,15,51,7.222378048,89,116,10.52956041,8.866597548,6.307153985,8.167365495,491,17,458,34,508,492
1,1000,10,7.7,28,13,951,23,18,8,49,7.248101319,94,115,10.28982541,8.891305703,6.610207229,7.878386335,478,19,473,30,497,503
3,1000,10,7.7,28,15,947,26,15,12,53,7.576660924,96,104,10.38111378,8.86171795,6.788541329,8.284024432,456,17,491,36,473,527
8,1000,10,7.7,28,15,945,32,12,11,55,7.65102653,94,91,9.969959165,8.927536432,6.997077337,8.259527516,453,29,492,26,482,518
6,1000,10,7.7,28,15,951,22,13,14,49,7.457825888,94,109,10.16214857,8.807189804,6.646996506,8.305134301,493,18,458,31,511,489
2,1000,10,7.7,28,15,951,23,10,16,49,7.292186013,95,119,10.09033127,8.890737402,6.82168667,7.733507102,468,16,483,33,484,516
5,1000,10,7.7,28,16,943,33,12,12,57,7.613645025,111,119,10.43784399,9.001511666,6.878323518,8.270977887,452,20,491,37,472,528
7,1000,10,7.7,28,15,946,30,10,14,54,7.333359363,100,109,10.23275902,8.953065025,6.566588416,8.067118646,474,15,472,39,489,511
4,1000,10,7.7,28,15,950,26,9,15,50,7.235622698,91,103,10.54036207,8.858275786,6.297773678,8.203970875,492,16,458,34,508,492
3,1000,10,7.7,28,16,948,25,14,13,52,7.608609601,93,115,10.40535599,8.869577635,6.830477423,8.30700907,456,17,492,35,473,527
8,1000,10,7.7,28,16,945,33,11,11,55,7.644734489,91,101,9.963057406,8.950843932,6.971615931,8.271072606,454,28,491,27,482,518
1,1000,10,7.7,28,14,951,23,18,8,49,7.263735776,94,113,10.28298263,8.883233991,6.607664017,7.911981629,479,18,472,31,497,503
6,1000,10,7.7,28,16,951,22,14,13,49,7.466826624,94,128,10.16298743,8.816450423,6.647469535,8.323046404,493,18,458,31,511,489
2,1000,10,7.7,28,16,951,23,10,16,49,7.317259861,81,114,10.08358927,8.900093459,6.8414859,7.76352846,468,16,483,33,484,516
5,1000,10,7.7,28,17,944,30,14,12,56,7.635407921,105,112,10.45236514,9.006184354,6.900778236,8.292122336,453,19,491,37,472,528
7,1000,10,7.7,28,16,945,31,10,14,55,7.375623746,98,104,10.21489384,8.955986232,6.612406436,8.105982385,474,15,471,40,489,511
4,1000,10,7.7,28,16,949,27,9,15,51,7.291557733,81,100,10.54434138,8.879854041,6.32011744,8.294589581,491,17,458,34,508,492
3,1000,10,7.7,28,17,949,24,14,13,51,7.621053338,106,99,10.40827681,8.867297318,6.843647006,8.318801337,456,17,493,34,473,527
8,1000,10,7.7,28,17,945,35,11,9,55,7.644116612,96,105,9.963863775,8.93315893,6.984618017,8.257781327,454,28,491,27,482,518
6,1000,10,7.7,28,17,952,21,14,13,48,7.472944965,99,102,10.18700014,8.824230914,6.677345529,8.304338242,493,18,459,30,511,489
1,1000,10,7.7,28,15,953,22,18,7,47,7.261039428,98,93,10.29081421,8.882704498,6.587992135,7.926058323,481,16,472,31,497,503
5,1000,10,7.7,28,18,944,30,14,12,56,7.692765843,98,89,10.4557414,9.029344305,6.962682006,8.345416547,453,19,491,37,472,528
2,1000,10,7.7,28,17,953,22,9,16,47,7.324365064,57,103,10.08628582,8.90245469,6.840204463,7.778500201,469,15,484,32,484,516
7,1000,10,7.7,28,17,945,31,9,15,55,7.390778744,93,105,10.24475724,8.950952204,6.645053614,8.104398291,473,16,472,39,489,511
4,1000,10,7.7,28,17,950,25,10,15,50,7.29108807,97,109,10.57372996,8.904894433,6.386499434,8.225094222,491,17,459,33,508,492
3,1000,10,7.7,28,18,949,25,13,13,51,7.636304243,84,98,10.4049774,8.860028305,6.879078738,8.31593928,456,17,493,34,473,527
8,1000,10,7.7,28,18,946,35,10,9,54,7.620924271,99,111,9.980009797,8.928726691,6.962105175,8.233956712,455,27,491,27,482,518
6,1000,10,7.7,28,18,952,21,15,12,48,7.498657349,86,108,10.18660096,8.835969995,6.68473588,8.349196962,494,17,458,31,511,489
5,1000,10,7.7,28,19,947,29,12,12,53,7.677776836,95,103,10.46584005,9.029986258,6.944595712,8.333196326,455,17,492,36,472,528
2,1000,10,7.7,28,18,955,21,9,15,45,7.295768747,95,96,10.10907704,8.918462054,6.845372724,7.718233234,470,14,485,31,484,516
7,1000,10,7.7,28,18,946,30,9,15,54,7.381662585,100,126,10.27352347,8.966670289,6.638243798,8.093075085,473,16,473,38,489,511
1,1000,10,7.7,28,16,952,23,17,8,48,7.292393132,83,109,10.30030182,8.884409181,6.631937588,7.944970479,480,17,472,31,497,503
4,1000,10,7.7,28,18,951,24,10,15,49,7.342679344,95,122,10.58724993,8.915734003,6.483900038,8.229386433,491,17,460,32,508,492
3,1000,10,7.7,28,19,949,24,14,13,51,7.677006652,99,95,10.41799029,8.856995222,6.87883336,8.393393687,457,16,492,35,473,527
8,1000,10,7.7,28,19,946,34,11,9,54,7.638856526,94,115,10.00312243,8.925001784,7.002205975,8.231261094,455,27,491,27,482,518
6,1000,10,7.7,28,19,954,19,15,12,46,7.519577738,78,113,10.19017506,8.825376328,6.740842056,8.333348564,495,16,459,30,511,489
5,1000,10,7.7,28,20,949,27,12,12,51,7.665061576,106,111,10.46483427,9.059432233,6.925319056,8.326346557,455,17,494,34,472,528
7,1000,10,7.7,28,19,944,31,10,15,56,7.405106042,96,110,10.28508649,8.972607696,6.634889078,8.142162981,473,16,471,40,489,511
2,1000,10,7.7,28,19,955,20,10,15,45,7.304837593,99,118,10.11042399,8.925655443,6.844946463,7.736208343,470,14,485,31,484,516
1,1000,10,7.7,28,17,955,22,15,8,45,7.30424334,104,124,10.31056667,8.906982166,6.656659646,7.944102377,480,17,475,28,497,503
4,1000,10,7.7,28,19,950,26,9,15,50,7.324882924,99,95,10.59500117,8.907129236,6.455141166,8.222908967,492,16,458,34,508,492
3,1000,10,7.7,28,20,949,23,15,13,51,7.733197137,100,94,10.41890544,8.875642231,6.919190696,8.463794949,457,16,492,35,473,527
8,1000,10,7.7,28,20,945,35,11,9,55,7.669173868,104,102,9.986949537,8.909408549,7.065661578,8.230743219,453,29,492,26,482,518
6,1000,10,7.7,28,20,954,18,16,12,46,7.565751487,97,112,10.20516595,8.823626721,6.780777921,8.386040838,495,16,459,30,511,489
5,1000,10,7.7,28,21,949,27,12,12,51,7.694627994,94,102,10.47450389,9.060848917,6.949883068,8.360384823,455,17,494,34,472,528
7,1000,10,7.7,28,20,943,33,9,15,57,7.410203253,81,107,10.29414628,9.003461807,6.626672206,8.160001066,473,16,470,41,489,511
2,1000,10,7.7,28,20,956,22,9,13,44,7.284779676,87,119,10.10068513,8.923988672,6.823201414,7.71773293,470,14,486,30,484,516
1,1000,10,7.7,28,18,954,23,15,8,46,7.31160493,85,119,10.32730511,8.925058061,6.678831815,7.936830056,480,17,474,29,497,503
3,1000,10,7.7,28,21,949,23,15,13,51,7.74340083,96,113,10.40856949,8.880303643,6.935561408,8.468463537,457,16,492,35,473,527
4,1000,10,7.7,28,20,950,26,9,15,50,7.323531437,96,114,10.62169573,8.900627011,6.46240768,8.212659218,492,16,458,34,508,492
8,1000,10,7.7,28,21,946,35,10,9,54,7.679456985,99,120,9.986372433,8.931572079,7.086320374,8.231371747,453,29,493,25,482,518
5,1000,10,7.7,28,22,949,28,11,12,51,7.712472536,102,105,10.49570214,9.06756592,7.013426668,8.337377176,454,18,495,33,472,528
6,1000,10,7.7,28,21,953,21,15,11,47,7.59580647,99,108,10.21633769,8.837926506,6.826149651,8.400089975,494,17,459,30,511,489
7,1000,10,7.7,28,21,944,34,8,14,56,7.395265146,113,125,10.29355542,8.999350782,6.652807707,8.105757685,473,16,471,40,489,511
2,1000,10,7.7,28,21,956,22,9,13,44,7.328971916,96,110,10.12236485,8.912979744,6.852529865,7.775867173,470,14,486,30,484,516
3,1000,10,7.7,28,22,947,24,15,14,53,7.78430021,89,116,10.42265764,8.89514764,6.95677296,8.527033396,456,17,491,36,473,527
4,1000,10,7.7,28,21,950,27,8,15,50,7.330910442,110,118,10.62377274,8.923839081,6.474223963,8.215456644,492,16,458,34,508,492
8,1000,10,7.7,28,22,945,36,9,10,55,7.737873999,89,96,9.99882888,8.935257448,7.13490503,8.298937788,452,30,493,25,482,518
1,1000,10,7.7,28,19,955,23,14,8,45,7.312487227,91,116,10.32238146,8.916852801,6.6857815,7.931717338,480,17,475,28,497,503
5,1000,10,7.7,28,23,948,29,11,12,52,7.733718422,96,102,10.492757,9.081162346,7.031266474,8.361667891,453,19,495,33,472,528
6,1000,10,7.7,28,22,955,20,15,10,45,7.581304799,97,128,10.23912404,8.862795923,6.771499214,8.427543356,496,15,459,30,511,489
7,1000,10,7.7,28,22,945,32,9,14,55,7.475748419,94,106,10.29868277,9.003954978,6.75753437,8.163041316,473,16,472,39,489,511
2,1000,10,7.7,28,22,954,25,9,12,46,7.375830429,79,125,10.12458031,8.920415683,6.91706916,7.806141386,469,15,485,31,484,516
3,1000,10,7.7,28,23,945,26,15,14,55,7.805449965,89,104,10.41307422,8.904779011,6.983675081,8.543020211,455,18,490,37,473,527
4,1000,10,7.7,28,22,952,26,7,15,48,7.325330701,108,120,10.62010922,8.944550315,6.497200196,8.18039228,492,16,460,32,508,492
8,1000,10,7.7,28,23,944,37,8,11,56,7.754165594,75,120,10.00211958,8.93350067,7.124798861,8.339792555,453,29,491,27,482,518
1,1000,10,7.7,28,20,955,23,15,7,45,7.328515757,115,116,10.33577967,8.917745032,6.675759348,7.973485807,480,17,475,28,497,503
5,1000,10,7.7,28,24,948,29,11,12,52,7.777685766,103,119,10.49747348,9.082774821,7.075720725,8.405199969,452,20,496,32,472,528
6,1000,10,7.7,28,23,955,20,15,10,45,7.609310222,83,111,10.25631832,8.87470789,6.810247474,8.444322624,496,15,459,30,511,489
7,1000,10,7.7,28,23,943,34,9,14,57,7.497236096,93,102,10.30959662,9.018959415,6.754402182,8.208088902,472,17,471,40,489,511
2,1000,10,7.7,28,23,954,25,9,12,46,7.393487955,95,104,10.12338322,8.916525019,6.973914717,7.787041148,469,15,485,31,484,516
3,1000,10,7.7,28,24,946,24,16,14,54,7.833893392,91,96,10.42887168,8.909309502,7.039352168,8.547020526,455,18,491,36,473,527
8,1000,10,7.7,28,24,947,34,8,11,53,7.748798981,96,99,10.00375239,8.922000244,7.121033575,8.332935903,455,27,492,26,482,518
4,1000,10,7.7,28,23,953,26,7,14,47,7.348334963,109,114,10.62017984,8.949419965,6.523295376,8.200205106,492,16,461,31,508,492
5,1000,10,7.7,28,25,947,30,11,12,53,7.794628882,82,108,10.4947465,9.079087096,7.102501053,8.413349215,451,21,496,32,472,528
1,1000,10,7.7,28,21,956,23,14,7,44,7.32991463,102,106,10.3480449,8.918974065,6.716923771,7.935593471,480,17,476,27,497,503
6,1000,10,7.7,28,24,956,20,14,10,44,7.646972975,107,111,10.25095161,8.875925968,6.877150439,8.451429655,496,15,460,29,511,489
7,1000,10,7.7,28,24,943,32,11,14,57,7.522505125,83,119,10.32162595,9.035078564,6.778120163,8.234842202,472,17,471,40,489,511
2,1000,10,7.7,28,24,953,26,9,12,47,7.450545791,96,122,10.14894534,8.910776041,7.050328677,7.825943239,468,16,485,31,484,516
3,1000,10,7.7,28,25,945,26,16,13,55,7.849401762,104,112,10.43802742,8.912091133,7.051517417,8.565529456,455,18,490,37,473,527
8,1000,10,7.7,28,25,948,33,8,11,52,7.750176795,104,103,9.984275953,8.918864725,7.102946369,8.352425956,456,26,492,26,482,518
4,1000,10,7.7,28,24,955,24,7,14,45,7.357318544,78,106,10.63799573,8.953315255,6.574871188,8.165211344,492,16,463,29,508,492
5,1000,10,7.7,28,26,947,30,11,12,53,7.77896442,87,91,10.51192,9.090028889,7.077092296,8.40639556,451,21,496,32,472,528
6,1000,10,7.7,28,25,956,21,13,10,44,7.680633388,88,108,10.26383249,8.876681811,6.922633087,8.472735952,495,16,461,28,511,489
1,1000,10,7.7,28,22,956,23,14,7,44,7.362631576,99,103,10.3665762,8.911210628,6.751011557,7.966955929,480,17,476,27,497,503
7,1000,10,7.7,28,25,944,33,10,13,56,7.539682639,108,127,10.33096875,9.029534633,6.78573036,8.261175132,473,16,471,40,489,511
2,1000,10,7.7,28,25,954,26,9,11,46,7.465406517,95,95,10.15634675,8.906229142,7.092628883,7.815066158,468,16,486,30,484,516
3,1000,10,7.7,28,26,944,27,16,13,56,7.863900182,81,128,10.44365793,8.913758692,7.088843897,8.559538935,455,18,489,38,473,527
8,1000,10,7.7,28,26,948,33,8,11,52,7.815929471,70,111,10.00993322,8.923619121,7.158845068,8.427347776,456,26,492,26,482,518
4,1000,10,7.7,28,25,954,24,8,14,46,7.400199674,95,126,10.65297074,8.964056663,6.60307388,8.223248259,491,17,463,29,508,492
5,1000,10,7.7,28,27,947,29,12,12,53,7.795058562,99,116,10.52719281,9.092157373,7.096561331,8.419472753,451,21,496,32,472,528
6,1000,10,7.7,28,26,956,21,13,10,44,7.694125477,86,100,10.26878971,8.876146313,6.9553337,8.466155329,495,16,461,28,511,489
7,1000,10,7.7,28,26,946,30,11,13,54,7.569174365,96,116,10.33701001,9.026924335,6.849693085,8.257679935,473,16,473,38,489,511
1,1000,10,7.7,28,23,956,22,14,8,44,7.377653296,120,120,10.37983801,8.92364715,6.753717346,7.99414667,479,18,477,26,497,503
2,1000,10,7.7,28,26,952,27,9,12,48,7.518117008,86,117,10.15521673,8.922883002,7.163331745,7.850900085,467,17,485,31,484,516
3,1000,10,7.7,28,27,945,27,13,15,55,7.86893485,95,126,10.44583866,8.933288839,7.130023712,8.532132133,455,18,490,37,473,527
8,1000,10,7.7,28,27,948,33,8,11,52,7.845272587,82,93,9.994717972,8.917827063,7.158693022,8.484136196,456,26,492,26,482,518
4,1000,10,7.7,28,26,953,26,8,13,47,7.429207935,89,122,10.66043711,8.971088649,6.621747114,8.262927644,490,18,463,29,508,492
5,1000,10,7.7,28,28,948,28,13,11,52,7.812904985,99,114,10.52765414,9.092758986,7.123094721,8.429553555,451,21,497,31,472,528
6,1000,10,7.7,28,27,957,20,12,11,43,7.722222859,88,121,10.26642551,8.881844247,6.993680156,8.483542535,495,16,462,27,511,489
7,1000,10,7.7,28,27,946,30,11,13,54,7.598919246,85,101,10.3442879,9.026628064,6.885730649,8.281403049,473,16,473,38,489,511
2,1000,10,7.7,28,27,952,27,8,13,48,7.526919897,108,108,10.14062355,8.925593313,7.193287518,7.839861895,467,17,485,31,484,516
3,1000,10,7.7,28,28,943,29,13,15,57,7.921238722,97,92,10.44494163,8.947200455,7.198240138,8.570153959,455,18,488,39,473,527
1,1000,10,7.7,28,24,956,22,14,8,44,7.393926978,94,119,10.40509372,8.913189615,6.738562156,8.041474327,481,16,475,28,497,503
8,1000,10,7.7,28,28,949,34,8,9,51,7.842728931,109,103,10.00325271,8.932851379,7.192130738,8.448111806,456,26,493,25,482,518
4,1000,10,7.7,28,27,951,27,8,14,49,7.459470802,98,118,10.65450933,8.969256753,6.619982299,8.326259744,490,18,461,31,508,492
5,1000,10,7.7,28,29,948,28,13,11,52,7.835475762,110,99,10.53240484,9.11281607,7.148566245,8.449531239,451,21,497,31,472,528
6,1000,10,7.7,28,28,955,22,12,11,45,7.776930392,80,106,10.25744479,8.889469437,7.031924083,8.555454368,493,18,462,27,511,489
7,1000,10,7.7,28,28,946,30,11,13,54,7.618085729,83,120,10.3527495,9.023350277,6.925989713,8.280385048,473,16,473,38,489,511
3,1000,10,7.7,28,29,942,31,12,15,58,7.957755733,92,112,10.44755719,8.954112446,7.205907431,8.63256455,454,19,488,39,473,527
2,1000,10,7.7,28,28,953,26,8,13,47,7.537791627,107,98,10.15311397,8.928007573,7.193655657,7.860585831,467,17,486,30,484,516
8,1000,10,7.7,28,29,951,32,8,9,49,7.83635177,95,105,10.02584959,8.932253676,7.19130151,8.436572282,458,24,493,25,482,518
1,1000,10,7.7,28,25,956,22,14,8,44,7.427269225,90,104,10.43026906,8.927910291,6.797520401,8.049506135,481,16,475,28,497,503
4,1000,10,7.7,28,28,950,28,8,14,50,7.50765249,90,107,10.64114091,8.969289521,6.676611823,8.365718871,490,18,460,32,508,492
5,1000,10,7.7,28,30,947,30,13,10,53,7.863915665,103,109,10.53054903,9.140279654,7.199494882,8.457867577,450,22,497,31,472,528
6,1000,10,7.7,28,29,954,22,12,12,46,7.811771045,98,99,10.26875319,8.906209713,7.039654611,8.618624823,492,19,462,27,511,489
7,1000,10,7.7,28,29,946,30,10,14,54,7.635916453,93,79,10.36235264,9.019844135,6.976621537,8.266826851,473,16,473,38,489,511
3,1000,10,7.7,28,30,941,32,12,15,59,7.971588374,73,95,10.46038565,8.95857747,7.201591916,8.662685765,454,19,487,40,473,527
2,1000,10,7.7,28,29,953,26,8,13,47,7.566677421,77,110,10.16366352,8.915542988,7.238527997,7.874476493,467,17,486,30,484,516
8,1000,10,7.7,28,30,952,31,8,9,48,7.876123345,79,109,10.02507516,8.918316267,7.276137395,8.434411431,458,24,494,24,482,518
4,1000,10,7.7,28,29,951,26,9,14,49,7.538888924,87,107,10.66042237,8.965571334,6.695763183,8.409433388,491,17,460,32,508,492
5,1000,10,7.7,28,31,947,30,13,10,53,7.907653495,86,117,10.52537133,9.138043151,7.265577803,8.48163025,450,22,497,31,472,528
1,1000,10,7.7,28,26,958,20,14,8,42,7.433718833,95,95,10.44344007,8.927797625,6.825891716,8.034295527,481,16,477,26,497,503
6,1000,10,7.7,28,30,955,22,11,12,45,7.818980177,91,90,10.29689586,8.910624656,7.082343767,8.588757693,492,19,463,26,511,489
3,1000,10,7.7,28,31,940,32,13,15,60,7.970717752,103,105,10.4587799,8.942556796,7.206413879,8.656705858,454,19,486,41,473,527
7,1000,10,7.7,28,30,947,30,9,14,53,7.678848655,74,102,10.36233995,9.022510643,7.02877993,8.300930076,474,15,473,38,489,511
2,1000,10,7.7,28,30,954,25,8,13,46,7.542149625,104,116,10.1616656,8.912126347,7.219198245,7.845073013,468,16,486,30,484,516
8,1000,10,7.7,28,31,952,31,8,9,48,7.922837003,79,114,10.03720996,8.913080408,7.355404854,8.450833714,458,24,494,24,482,518
5,1000,10,7.7,28,32,948,29,13,10,52,7.913425201,97,114,10.5254103,9.13669321,7.277486523,8.481915838,450,22,498,30,472,528
4,1000,10,7.7,28,30,953,25,8,14,47,7.537056881,79,97,10.65186856,8.956164659,6.673465416,8.428732622,492,16,461,31,508,492
1,1000,10,7.7,28,27,958,20,13,9,42,7.459571064,95,110,10.44616118,8.93015786,6.863302945,8.048726641,481,16,477,26,497,503
6,1000,10,7.7,28,31,956,21,11,12,44,7.797594032,107,107,10.30614531,8.906282813,7.048126301,8.580780147,493,18,463,26,511,489
3,1000,10,7.7,28,32,941,31,13,15,59,7.986196765,106,110,10.46525455,8.952428554,7.215060555,8.67831712,455,18,486,41,473,527
7,1000,10,7.7,28,31,948,30,9,13,52,7.685812175,90,110,10.36326792,9.030150664,7.002937706,8.339286961,475,14,473,38,489,511
8,1000,10,7.7,28,32,951,32,8,9,49,7.938365114,94,108,10.04202736,8.908723152,7.335428319,8.499398966,458,24,493,25,482,518
2,1000,10,7.7,28,31,954,26,8,12,46,7.543787009,95,107,10.15584012,8.933425573,7.251073438,7.8183478,468,16,486,30,484,516
4,1000,10,7.7,28,31,955,23,8,14,45,7.569047489,102,112,10.64915606,8.964650327,6.734807218,8.430417525,493,15,462,30,508,492
5,1000,10,7.7,28,33,948,29,13,10,52,7.96236111,99,120,10.51788406,9.137944811,7.351056306,8.508830556,450,22,498,30,472,528
1,1000,10,7.7,28,28,960,19,12,9,40,7.436095888,101,110,10.45251585,8.937746835,6.831563156,8.033417493,482,15,478,25,497,503
3,1000,10,7.7,28,33,941,32,13,14,59,7.997668819,103,124,10.4557632,8.951423485,7.238847964,8.678735735,455,18,486,41,473,527
6,1000,10,7.7,28,32,953,25,10,12,47,7.832694818,103,107,10.30832771,8.90893695,7.066086962,8.633792189,491,20,462,27,511,489
7,1000,10,7.7,28,32,948,30,10,12,52,7.687730987,102,104,10.37242965,9.036737387,7.043207675,8.304505741,475,14,473,38,489,511
8,1000,10,7.7,28,33,953,29,9,9,47,7.943450468,86,128,10.05765721,8.925316167,7.365400713,8.481326881,458,24,495,23,482,518
2,1000,10,7.7,28,32,955,24,9,12,45,7.580858214,100,110,10.15821857,8.939284055,7.267190174,7.875073973,469,15,486,30,484,516
5,1000,10,7.7,28,34,949,28,13,10,51,8.006634922,103,111,10.51702965,9.146712921,7.429855638,8.522240646,451,21,498,30,472,528
4,1000,10,7.7,28,32,956,22,8,14,44,7.601419516,91,113,10.63223077,8.966555808,6.778657962,8.450937544,493,15,463,29,508,492
3,1000,10,7.7,28,34,941,32,13,14,59,7.984843869,101,105,10.46204465,8.950697222,7.213274657,8.677352858,455,18,486,41,473,527
6,1000,10,7.7,28,33,953,25,11,11,47,7.848979268,86,100,10.30642551,8.915551826,7.078113002,8.654526634,491,20,462,27,511,489
1,1000,10,7.7,28,29,961,18,12,9,39,7.413015057,103,112,10.48986775,8.965206903,6.806014869,8.012774687,483,14,478,25,497,503
7,1000,10,7.7,28,33,948,30,10,12,52,7.721240686,98,111,10.37446217,9.052561874,7.086798618,8.328368222,475,14,473,38,489,511
8,1000,10,7.7,28,34,954,30,9,7,46,7.92672464,100,96,10.06049734,8.917107258,7.335961744,8.476430655,458,24,496,22,482,518
2,1000,10,7.7,28,33,955,24,8,13,45,7.598145055,90,112,10.15773435,8.928288694,7.290056876,7.887126991,469,15,486,30,484,516
5,1000,10,7.7,28,35,948,29,13,10,52,8.044076657,91,96,10.53425822,9.168548509,7.446897051,8.577919032,451,21,497,31,472,528
4,1000,10,7.7,28,33,955,23,8,14,45,7.631228876,88,100,10.64310025,8.976405912,6.818825505,8.47005187,492,16,463,29,508,492
3,1000,10,7.7,28,35,940,34,13,13,60,7.986442459,99,109,10.46434615,8.965189972,7.220509544,8.673892685,454,19,486,41,473,527
7,1000,10,7.7,28,34,949,29,10,12,51,7.735929198,93,99,10.38065299,9.076359557,7.107112066,8.337673969,475,14,474,37,489,511
6,1000,10,7.7,28,34,952,26,11,11,48,7.894652112,83,102,10.30400072,8.91356177,7.104432853,8.720423158,491,20,461,28,511,489
1,1000,10,7.7,28,30,960,18,12,10,40,7.44410663,103,115,10.49696322,8.966381652,6.796515772,8.083972745,483,14,477,26,497,503
8,1000,10,7.7,28,35,956,28,8,8,44,7.924195829,89,115,10.06986783,8.933380963,7.341011419,8.466850048,459,23,497,21,482,518
5,1000,10,7.7,28,36,948,30,12,10,52,8.050432215,102,122,10.52883773,9.17763413,7.468150388,8.570956879,451,21,497,31,472,528
2,1000,10,7.7,28,34,955,24,8,13,45,7.628248551,102,110,10.18647117,8.926315868,7.311466492,7.925385211,469,15,486,30,484,516
4,1000,10,7.7,28,34,957,22,7,14,43,7.64029804,108,100,10.66709469,8.979607508,6.817798852,8.489545168,492,16,465,27,508,492
3,1000,10,7.7,28,36,941,33,13,13,59,8.03338155,86,105,10.44119618,8.971076896,7.266709044,8.721495582,454,19,487,40,473,527
7,1000,10,7.7,28,35,949,29,10,12,51,7.753135884,81,107,10.38561239,9.099337606,7.151422416,8.328943879,475,14,474,37,489,511
8,1000,10,7.7,28,36,957,27,8,8,43,7.935310214,89,111,10.08664724,8.93365404,7.352527139,8.477590989,459,23,498,20,482,518
5,1000,10,7.7,28,37,947,31,12,10,53,8.066912365,111,112,10.54537526,9.19368602,7.503869496,8.570238567,450,22,497,31,472,528
6,1000,10,7.7,28,35,952,26,11,11,48,7.916463504,90,103,10.30791511,8.905988314,7.141283312,8.726518878,491,20,461,28,511,489
2,1000,10,7.7,28,35,954,25,8,13,46,7.646787907,100,114,10.18971425,8.938109279,7.338564809,7.935896394,468,16,486,30,484,516
1,1000,10,7.7,28,31,961,17,12,10,39,7.484768933,104,106,10.48846597,8.982240194,6.841857128,8.12001181,483,14,478,25,497,503
4,1000,10,7.7,28,35,958,22,6,14,42,7.646597433,94,92,10.67010099,9.000716505,6.842055847,8.477302974,491,17,467,25,508,492
3,1000,10,7.7,28,37,942,33,13,12,58,8.012610629,89,102,10.43832269,8.978192606,7.240204307,8.705870952,455,18,487,40,473,527
7,1000,10,7.7,28,36,950,28,10,12,50,7.755074284,111,90,10.40705835,9.115595211,7.121245652,8.361614794,476,13,474,37,489,511
8,1000,10,7.7,28,37,956,28,8,8,44,7.970979322,87,101,10.0755029,8.941374291,7.393399662,8.50841831,459,23,497,21,482,518
5,1000,10,7.7,28,38,947,31,12,10,53,8.061552296,90,128,10.5433674,9.193129739,7.499200974,8.564260296,450,22,497,31,472,528
2,1000,10,7.7,28,36,954,24,9,13,46,7.641400275,102,89,10.18231294,8.930229626,7.387875147,7.879202915,468,16,486,30,484,516
6,1000,10,7.7,28,36,952,28,8,12,48,7.965164416,104,112,10.31896959,8.906960378,7.162114409,8.804343462,490,21,462,27,511,489
4,1000,10,7.7,28,36,958,22,6,14,42,7.633809991,94,105,10.70398508,9.007097687,6.846247538,8.446984232,491,17,467,25,508,492
3,1000,10,7.7,28,38,941,34,12,13,59,7.998168209,92,122,10.43793571,8.997951673,7.248293162,8.671205965,455,18,486,41,473,527
1,1000,10,7.7,28,32,962,17,11,10,38,7.470453553,85,107,10.47755121,8.983033698,6.825014384,8.108193646,484,13,478,25,497,503
7,1000,10,7.7,28,37,950,27,11,12,50,7.788805791,119,121,10.41788886,9.116275666,7.165981907,8.38481534,476,13,474,37,489,511
8,1000,10,7.7,28,38,958,27,7,8,42,7.990717556,97,98,10.06463398,8.928747517,7.393039875,8.546857792,461,21,497,21,482,518
5,1000,10,7.7,28,39,946,32,12,10,54,8.088409721,103,101,10.56075933,9.207050721,7.514142227,8.601770057,449,23,497,31,472,528
6,1000,10,7.7,28,37,952,28,8,12,48,7.99571723,91,108,10.3178855,8.910300663,7.186696532,8.841135586,491,20,461,28,511,489
2,1000,10,7.7,28,37,956,24,7,13,44,7.651664448,95,102,10.17916691,8.928830346,7.395034901,7.892378984,468,16,488,28,484,516
4,1000,10,7.7,28,37,958,22,6,14,42,7.645622162,101,119,10.73726334,9.00340739,6.848041829,8.469140068,491,17,467,25,508,492
3,1000,10,7.7,28,39,942,34,11,13,58,7.991109622,93,100,10.43339233,9.001083151,7.242336211,8.663158623,456,17,486,41,473,527
1,1000,10,7.7,28,33,963,17,10,10,37,7.482468926,99,105,10.46736247,8.992060878,6.862002858,8.095533809,484,13,479,24,497,503
7,1000,10,7.7,28,38,951,25,12,12,49,7.816820543,96,115,10.44212693,9.116214435,7.213881349,8.393801494,476,13,475,36,489,511
5,1000,10,7.7,28,40,944,33,13,10,56,8.130567196,93,111,10.56789025,9.217269835,7.551715193,8.648025805,449,23,495,33,472,528
8,1000,10,7.7,28,39,957,29,7,7,43,8.001696531,99,102,10.07395817,8.905026664,7.435716883,8.528341686,461,21,496,22,482,518
6,1000,10,7.7,28,38,953,28,7,12,47,7.991037327,100,106,10.32739833,8.905114392,7.19578325,8.822069705,491,20,462,27,511,489
2,1000,10,7.7,28,38,956,24,7,13,44,7.687475826,91,116,10.18250954,8.939328322,7.448711137,7.911433404,468,16,488,28,484,516
3,1000,10,7.7,28,40,942,34,11,13,58,8.061148175,100,120,10.43576016,9.000302424,7.332740105,8.714918606,456,17,486,41,473,527
4,1000,10,7.7,28,38,958,22,7,13,42,7.661212165,79,117,10.74495966,9.028820756,6.911007851,8.435813367,491,17,467,25,508,492
7,1000,10,7.7,28,39,951,26,11,12,49,7.824887559,89,105,10.43796945,9.114600945,7.244635635,8.380157991,476,13,475,36,489,511
5,1000,10,7.7,28,41,944,32,14,10,56,8.168117192,95,118,10.57889772,9.209208202,7.573021094,8.700097038,449,23,495,33,472,528
8,1000,10,7.7,28,40,955,31,7,7,45,8.018357774,92,116,10.07987484,8.913787427,7.463531702,8.534624504,461,21,494,24,482,518
1,1000,10,7.7,28,34,964,16,10,10,36,7.505718544,89,102,10.4964067,9.011490053,6.893100606,8.111028913,484,13,480,23,497,503
6,1000,10,7.7,28,39,953,27,8,12,47,8.000890846,99,119,10.32692663,8.923837233,7.196735445,8.841225017,491,20,462,27,511,489
2,1000,10,7.7,28,39,956,24,7,13,44,7.726439592,119,101,10.18603778,8.914393431,7.494438519,7.944053002,468,16,488,28,484,516
3,1000,10,7.7,28,41,940,36,11,13,60,8.1238824,103,110,10.445403,8.994939213,7.356604083,8.812540168,455,18,485,42,473,527
4,1000,10,7.7,28,39,958,22,7,13,42,7.69506384,91,122,10.74832344,9.033036787,6.953201338,8.461051953,491,17,467,25,508,492
7,1000,10,7.7,28,40,951,26,11,12,49,7.872456264,97,104,10.43983897,9.120962038,7.292806973,8.427150008,476,13,475,36,489,511
5,1000,10,7.7,28,42,944,32,13,11,56,8.21125749,92,126,10.59873391,9.21614409,7.597564314,8.759861996,449,23,495,33,472,528
8,1000,10,7.7,28,41,955,31,7,7,45,8.016744723,91,106,10.0906595,8.929781854,7.454566352,8.539852782,461,21,494,24,482,518
1,1000,10,7.7,28,35,964,17,9,10,36,7.492195023,104,104,10.52446354,9.003232959,6.873087126,8.103917935,483,14,481,22,497,503
6,1000,10,7.7,28,40,953,28,9,10,47,8.028021821,87,107,10.34767887,8.941779685,7.241215557,8.850226321,492,19,461,28,511,489
2,1000,10,7.7,28,40,957,23,7,13,43,7.718842876,117,102,10.18937219,8.916098772,7.506811294,7.917725213,468,16,489,27,484,516
3,1000,10,7.7,28,42,941,36,11,12,59,8.168462935,98,112,10.45630738,9.00411186,7.370695197,8.884485971,455,18,486,41,473,527
4,1000,10,7.7,28,40,957,23,7,13,43,7.679072863,108,104,10.76200795,9.048153232,6.935901023,8.446412893,490,18,467,25,508,492
7,1000,10,7.7,28,41,952,26,10,12,48,7.888758564,110,118,10.45617079,9.116432835,7.305981562,8.446445362,477,12,475,36,489,511
5,1000,10,7.7,28,43,945,31,13,11,55,8.189830949,99,111,10.62201056,9.221981265,7.596825383,8.719941985,449,23,496,32,472,528
8,1000,10,7.7,28,42,955,30,8,7,45,8.042636129,84,107,10.09862892,8.924670393,7.483106688,8.563279353,461,21,494,24,482,518
6,1000,10,7.7,28,41,952,28,10,10,48,8.043751913,77,99,10.33607687,8.940412384,7.289518912,8.831917688,491,20,461,28,511,489
2,1000,10,7.7,28,41,956,24,7,13,44,7.781174541,101,94,10.19553457,8.927829663,7.554414563,7.993871885,468,16,488,28,484,516
1,1000,10,7.7,28,36,965,17,9,9,35,7.519148025,99,107,10.54350267,9.015350409,6.889463512,8.14132139,484,13,481,22,497,503
3,1000,10,7.7,28,43,941,35,12,12,59,8.188133325,102,124,10.46369763,8.991619054,7.368596148,8.923695156,455,18,486,41,473,527
4,1000,10,7.7,28,41,956,24,7,13,44,7.714217421,85,108,10.76835542,9.048940926,6.98007675,8.472232586,489,19,467,25,508,492
7,1000,10,7.7,28,42,953,26,10,11,47,7.893351926,113,99,10.44411673,9.116772717,7.267897244,8.491879008,478,11,475,36,489,511
5,1000,10,7.7,28,44,946,31,13,10,54,8.172653479,98,117,10.60749284,9.221931084,7.596886379,8.68735437,449,23,497,31,472,528
8,1000,10,7.7,28,43,955,30,8,7,45,8.047381004,106,117,10.09984391,8.913029403,7.464864863,8.589413399,461,21,494,24,482,518
6,1000,10,7.7,28,42,954,27,10,9,46,8.01754956,95,103,10.35177343,8.935507975,7.259315399,8.809896506,491,20,463,26,511,489
2,1000,10,7.7,28,42,954,26,7,13,46,7.825235018,95,119,10.18911349,8.923054505,7.605861109,8.031004344,468,16,486,30,484,516
3,1000,10,7.7,28,44,940,37,11,12,60,8.231630188,111,123,10.48442548,9.003745079,7.422019782,8.958282412,455,18,485,42,473,527
1,1000,10,7.7,28,37,965,17,9,9,35,7.555352164,86,97,10.55084601,9.012565153,6.921277674,8.181863142,484,13,481,22,497,503
4,1000,10,7.7,28,42,957,23,7,13,43,7.691293138,92,116,10.77710581,9.034497693,6.978650996,8.427110635,490,18,467,25,508,492
5,1000,10,7.7,28,45,946,32,12,10,54,8.196343119,92,119,10.60848292,9.206801845,7.645159977,8.689067444,449,23,497,31,472,528
7,1000,10,7.7,28,43,952,27,10,11,48,7.916345342,91,91,10.48541472,9.134405754,7.27600595,8.529116308,478,11,474,37,489,511
8,1000,10,7.7,28,44,956,28,9,7,44,8.094295567,86,107,10.07466106,8.910638627,7.53152414,8.617955466,461,21,495,23,482,518
6,1000,10,7.7,28,43,954,27,10,9,46,8.028877478,89,111,10.34638946,8.932316584,7.283593233,8.807691893,491,20,463,26,511,489
3,1000,10,7.7,28,45,939,38,11,12,61,8.285791017,90,101,10.46278915,9.000688343,7.453494181,9.032805065,455,18,484,43,473,527
2,1000,10,7.7,28,43,954,26,7,13,46,7.851919845,92,117,10.1994724,8.935366819,7.64956991,8.041720947,468,16,486,30,484,516
4,1000,10,7.7,28,43,958,24,6,12,42,7.699953658,84,124,10.77904236,9.038160619,7.019238354,8.402806045,489,19,469,23,508,492
1,1000,10,7.7,28,38,965,18,8,9,35,7.550281754,102,115,10.54884597,9.007270599,6.93417663,8.159037712,484,13,481,22,497,503
5,1000,10,7.7,28,46,944,34,12,10,56,8.214281074,107,127,10.63155692,9.200962722,7.660744849,8.709108912,449,23,495,33,472,528
7,1000,10,7.7,28,44,952,28,10,10,48,7.944196266,86,82,10.50320933,9.156839937,7.307586193,8.553398468,478,11,474,37,489,511
8,1000,10,7.7,28,45,957,27,9,7,43,8.087521685,87,103,10.08447667,8.920149725,7.570966133,8.568177623,462,20,495,23,482,518
6,1000,10,7.7,28,44,954,27,8,11,46,8.071502405,100,110,10.35284203,8.911971318,7.317178939,8.859762715,491,20,463,26,511,489
3,1000,10,7.7,28,46,942,37,10,11,58,8.276017307,92,101,10.45739937,8.993990754,7.466657258,9.002444827,457,16,485,42,473,527
2,1000,10,7.7,28,44,953,27,8,12,47,7.908588686,99,104,10.22232289,8.943429526,7.69956478,8.104649869,467,17,486,30,484,516
4,1000,10,7.7,28,44,957,25,6,12,43,7.721112421,87,118,10.80864891,9.045538176,7.042983673,8.421294137,489,19,468,24,508,492
5,1000,10,7.7,28,47,944,34,12,10,56,8.247062327,83,130,10.63887113,9.193393337,7.702518308,8.733851678,449,23,495,33,472,528
7,1000,10,7.7,28,45,952,28,10,10,48,7.952771331,105,114,10.50342719,9.153486055,7.314687977,8.563383385,478,11,474,37,489,511
1,1000,10,7.7,28,39,964,19,8,9,36,7.559622338,85,110,10.53423261,9.012978728,6.940593229,8.171267402,483,14,481,22,497,503
8,1000,10,7.7,28,46,958,26,9,7,42,8.096996798,95,99,10.07308789,8.943090245,7.574147577,8.583509006,462,20,496,22,482,518
6,1000,10,7.7,28,45,953,28,8,11,47,8.093911875,92,92,10.35092948,8.912930953,7.339265182,8.882509952,490,21,463,26,511,489
3,1000,10,7.7,28,47,943,36,10,11,57,8.290255815,80,117,10.47528332,8.982872173,7.429476323,9.062833994,458,15,485,42,473,527
2,1000,10,7.7,28,45,951,29,8,12,49,7.93500863,96,87,10.22695313,8.939239981,7.736211207,8.121477531,465,19,486,30,484,516
4,1000,10,7.7,28,45,957,23,8,12,43,7.759468292,90,114,10.82821367,9.062698208,7.12647784,8.413043799,489,19,468,24,508,492
5,1000,10,7.7,28,48,943,36,11,10,57,8.252986203,94,118,10.63069978,9.199191607,7.750968064,8.701759994,447,25,496,32,472,528
7,1000,10,7.7,28,46,951,29,10,10,49,7.995931201,96,103,10.51469855,9.146434976,7.351434887,8.612680121,477,12,474,37,489,511
8,1000,10,7.7,28,47,957,27,9,7,43,8.130141427,95,131,10.0745226,8.944872208,7.619716928,8.605092409,461,21,496,22,482,518
1,1000,10,7.7,28,40,964,19,8,9,36,7.596352926,94,104,10.53483218,9.013378185,6.9987078,8.186869084,483,14,481,22,497,503
6,1000,10,7.7,28,46,953,29,6,12,47,8.104431649,75,116,10.3607532,8.920313797,7.378155698,8.863382592,490,21,463,26,511,489
3,1000,10,7.7,28,48,942,38,9,11,58,8.301545936,91,117,10.49606024,8.984054413,7.458459923,9.058243629,456,17,486,41,473,527
2,1000,10,7.7,28,46,951,29,8,12,49,7.956218167,92,97,10.24132553,8.931906929,7.752161319,8.147620327,465,19,486,30,484,516
4,1000,10,7.7,28,46,957,23,8,12,43,7.796825406,68,118,10.82698164,9.04305284,7.195271476,8.417942065,489,19,468,24,508,492
5,1000,10,7.7,28,49,945,35,11,9,55,8.277992909,91,110,10.63789112,9.208397564,7.787795083,8.716200057,448,24,497,31,472,528
7,1000,10,7.7,28,47,950,30,10,10,50,8.052722798,83,115,10.51306386,9.168452062,7.405322128,8.672251032,477,12,473,38,489,511
8,1000,10,7.7,28,48,958,24,11,7,42,8.137787603,93,114,10.05612171,8.946850567,7.619405881,8.620142797,462,20,496,22,482,518
6,1000,10,7.7,28,47,953,29,6,12,47,8.121523375,85,122,10.37434801,8.930853494,7.413613563,8.86128189,490,21,463,26,511,489
3,1000,10,7.7,28,49,944,37,9,10,56,8.328695551,87,98,10.48086735,8.985556761,7.514539184,9.059427927,456,17,488,39,473,527
1,1000,10,7.7,28,41,964,19,8,9,36,7.589468271,72,91,10.55157975,9.011484267,7.008342767,8.163661861,483,14,481,22,497,503
2,1000,10,7.7,28,47,953,27,7,13,47,7.932249186,92,103,10.25371179,8.936528772,7.716079956,8.135012572,467,17,486,30,484,516
4,1000,10,7.7,28,47,957,23,8,12,43,7.848966254,96,104,10.82870124,9.041019503,7.266084466,8.450803546,489,19,468,24,508,492
5,1000,10,7.7,28,50,943,37,11,9,57,8.266742183,101,93,10.61942127,9.198175553,7.763019482,8.71703975,447,25,496,32,472,528
7,1000,10,7.7,28,48,951,29,10,10,49,8.046041299,108,128,10.51405687,9.161077418,7.387323983,8.676398965,477,12,474,37,489,511
8,1000,10,7.7,28,49,958,24,11,7,42,8.129252776,100,88,10.04967901,8.953164435,7.596967914,8.624544867,462,20,496,22,482,518
6,1000,10,7.7,28,48,954,29,6,11,46,8.115232071,92,97,10.37203119,8.933888038,7.421431494,8.840246581,490,21,464,25,511,489
3,1000,10,7.7,28,50,942,39,8,11,58,8.405020223,94,114,10.47752289,8.996035264,7.629271714,9.101280269,454,19,488,39,473,527
1,1000,10,7.7,28,42,963,20,7,10,37,7.6220971,81,108,10.56270257,9.031302161,7.008327491,8.228545401,483,14,480,23,497,503
2,1000,10,7.7,28,48,954,25,8,13,46,7.944065422,89,105,10.25966627,8.942864191,7.707373943,8.16607836,468,16,486,30,484,516
4,1000,10,7.7,28,48,957,23,7,13,43,7.873113246,82,113,10.85169326,9.056817268,7.311695057,8.452788937,489,19,468,24,508,492
5,1000,10,7.7,28,51,943,35,13,9,57,8.313834971,102,112,10.61281665,9.187926191,7.820555096,8.754797283,447,25,496,32,472,528
7,1000,10,7.7,28,49,947,33,10,10,53,8.085765001,93,104,10.52522359,9.167419348,7.425518788,8.717585741,476,13,471,40,489,511
8,1000,10,7.7,28,50,958,24,11,7,42,8.159447255,91,88,10.05586689,8.964043656,7.618000072,8.663264903,462,20,496,22,482,518
6,1000,10,7.7,28,49,952,31,7,10,48,8.106918054,92,103,10.35959659,8.947944303,7.435561819,8.808478455,490,21,462,27,511,489
3,1000,10,7.7,28,51,942,40,7,11,58,8.436952133,89,139,10.48961035,9.000429543,7.664008393,9.130694807,454,19,488,39,473,527
2,1000,10,7.7,28,49,953,25,9,13,47,7.985937157,103,100,10.26906116,8.93440849,7.800204196,8.160151795,467,17,486,30,484,516
1,1000,10,7.7,28,43,965,20,6,9,35,7.592237825,96,118,10.55541853,9.045508927,6.970499304,8.206559982,483,14,482,21,497,503
4,1000,10,7.7,28,49,956,22,9,13,44,7.909095995,91,124,10.8563363,9.051160533,7.338832179,8.497904976,488,20,468,24,508,492
5,1000,10,7.7,28,52,943,35,14,8,57,8.306372713,96,116,10.62977726,9.198993774,7.816673705,8.744133948,447,25,496,32,472,528
7,1000,10,7.7,28,50,947,33,10,10,53,8.125255414,110,101,10.53756974,9.154194338,7.428049867,8.792444284,475,14,472,39,489,511
8,1000,10,7.7,28,51,959,22,12,7,41,8.228049422,75,97,10.04297725,8.986147506,7.689999008,8.728706371,463,19,496,22,482,518
6,1000,10,7.7,28,50,951,31,8,10,49,8.138699911,114,126,10.34860383,8.958812141,7.490109409,8.816470354,490,21,461,28,511,489
3,1000,10,7.7,28,52,942,40,7,11,58,8.447628911,97,102,10.49175927,9.007751645,7.662683313,9.15214365,454,19,488,39,473,527
2,1000,10,7.7,28,50,953,25,9,13,47,8.003069549,92,95,10.26530204,8.93672753,7.78483644,8.207768822,467,17,486,30,484,516
1,1000,10,7.7,28,44,965,21,6,8,35,7.61544343,92,108,10.56367268,9.053738267,6.991901173,8.231547807,483,14,482,21,497,503
4,1000,10,7.7,28,50,952,25,10,13,48,7.93786731,81,102,10.85371262,9.047489651,7.387252999,8.506387777,485,23,467,25,508,492
5,1000,10,7.7,28,53,942,36,15,7,58,8.329823344,110,115,10.62729393,9.206369336,7.834249622,8.772836217,447,25,495,33,472,528
7,1000,10,7.7,28,51,947,32,11,10,53,8.145304104,92,97,10.5257824,9.15472265,7.467985738,8.793461992,474,15,473,38,489,511
8,1000,10,7.7,28,52,960,21,12,7,40,8.244572349,104,89,10.05616267,8.985131048,7.690944744,8.759723905,464,18,496,22,482,518
6,1000,10,7.7,28,51,950,32,8,10,50,8.142769143,94,115,10.36024229,8.951905492,7.489829131,8.825084779,490,21,460,29,511,489
3,1000,10,7.7,28,53,943,39,7,11,57,8.454312131,107,109,10.49651961,9.00064886,7.671347065,9.157049279,455,18,488,39,473,527
2,1000,10,7.7,28,51,954,24,9,13,46,8.029366206,87,99,10.26962775,8.953925024,7.830991486,8.215438618,467,17,487,29,484,516
5,1000,10,7.7,28,54,941,37,15,7,59,8.339477097,109,110,10.6193406,9.215845993,7.860391925,8.767750205,447,25,494,34,472,528
4,1000,10,7.7,28,51,955,23,10,12,45,7.93721773,112,118,10.87456544,9.062189865,7.399427549,8.492497022,486,22,469,23,508,492
7,1000,10,7.7,28,52,946,32,12,10,54,8.177443808,109,111,10.52638157,9.165506154,7.478046023,8.846730534,474,15,472,39,489,511
1,1000,10,7.7,28,45,964,23,5,8,36,7.660820206,94,98,10.56659299,9.056802708,7.053565097,8.260831714,483,14,481,22,497,503
8,1000,10,7.7,28,53,957,24,12,7,43,8.267491485,84,103,10.05128215,9.009534159,7.738789348,8.759449844,462,20,495,23,482,518
6,1000,10,7.7,28,52,948,33,9,10,52,8.178538527,94,106,10.36516536,8.943012434,7.514403624,8.87255271,490,21,458,31,511,489
3,1000,10,7.7,28,54,943,40,6,11,57,8.47497022,81,101,10.4902018,9.028534743,7.696430358,9.173735598,455,18,488,39,473,527
2,1000,10,7.7,28,52,955,24,8,13,45,8.046330988,101,97,10.29967787,8.952394581,7.864005758,8.217349227,467,17,488,28,484,516
5,1000,10,7.7,28,55,943,36,14,7,57,8.345559472,93,106,10.63281172,9.230226822,7.87723772,8.764210735,448,24,495,33,472,528
4,1000,10,7.7,28,52,955,23,10,12,45,7.953606797,114,123,10.87131729,9.070240575,7.454492002,8.468952968,486,22,469,23,508,492
8,1000,10,7.7,28,54,957,24,12,7,43,8.280265972,83,104,10.05616495,9.011312124,7.765292434,8.759449844,462,20,495,23,482,518
7,1000,10,7.7,28,53,944,33,13,10,56,8.230575037,110,111,10.53169596,9.160155833,7.547167782,8.884559671,473,16,471,40,489,511
6,1000,10,7.7,28,53,949,32,10,9,51,8.185190011,84,108,10.38019548,8.955076943,7.509840236,8.890923621,491,20,458,31,511,489
1,1000,10,7.7,28,46,965,23,4,8,35,7.666501546,99,121,10.5830338,9.070048857,7.061550501,8.264236475,483,14,482,21,497,503
3,1000,10,7.7,28,55,943,40,5,12,57,8.51365573,119,102,10.50642416,9.041508797,7.718745397,9.227114151,455,18,488,39,473,527
2,1000,10,7.7,28,53,954,24,9,13,46,8.064961866,92,92,10.33188414,8.954007007,7.873353075,8.24468794,467,17,487,29,484,516
4,1000,10,7.7,28,53,952,26,10,12,48,8.0048296,86,117,10.88796441,9.075962232,7.504155076,8.521786223,486,22,466,26,508,492
5,1000,10,7.7,28,56,944,35,14,7,56,8.381765299,95,105,10.64383907,9.237827874,7.957757722,8.760802376,448,24,496,32,472,528
7,1000,10,7.7,28,54,946,34,11,9,54,8.199455787,86,96,10.53953142,9.153570331,7.543916064,8.826772664,474,15,472,39,489,511
8,1000,10,7.7,28,55,957,24,12,7,43,8.308397973,108,122,10.06827892,9.017106667,7.803737007,8.777985976,462,20,495,23,482,518
6,1000,10,7.7,28,54,950,31,10,9,50,8.186591095,84,108,10.39715085,8.944339837,7.529190388,8.873568113,491,20,459,30,511,489
1,1000,10,7.7,28,47,965,23,4,8,35,7.67154976,99,108,10.58020437,9.097104643,7.10124988,8.235046857,483,14,482,21,497,503
3,1000,10,7.7,28,56,943,40,5,12,57,8.528628408,87,117,10.51746932,9.030946242,7.763890941,9.215005678,454,19,489,38,473,527
5,1000,10,7.7,28,57,944,36,14,6,56,8.392515015,104,102,10.64058054,9.227754568,7.983343189,8.75828983,448,24,496,32,472,528
2,1000,10,7.7,28,54,953,25,9,13,47,8.095927652,96,117,10.34864469,8.948160065,7.940152477,8.242042351,466,18,487,29,484,516
4,1000,10,7.7,28,54,953,26,11,10,47,7.985423424,97,111,10.9127064,9.078896281,7.483311695,8.503863991,487,21,466,26,508,492
7,1000,10,7.7,28,55,945,35,11,9,55,8.236680608,86,123,10.55456361,9.141605512,7.605856997,8.840345473,474,15,471,40,489,511
8,1000,10,7.7,28,56,957,24,12,7,43,8.348171797,95,109,10.05642079,9.007978912,7.841582402,8.819554208,462,20,495,23,482,518
6,1000,10,7.7,28,55,949,32,10,9,51,8.203855607,89,113,10.40862505,8.961630851,7.537300771,8.900398595,491,20,458,31,511,489
3,1000,10,7.7,28,57,941,42,5,12,59,8.540493001,103,118,10.52054348,9.034156138,7.788577103,9.215362488,453,20,488,39,473,527
1,1000,10,7.7,28,48,966,23,4,7,34,7.689355631,85,106,10.59315704,9.099714697,7.097804834,8.273850157,484,13,482,21,497,503
5,1000,10,7.7,28,58,945,34,15,6,55,8.410312113,101,123,10.66581939,9.233843944,7.984893705,8.790610387,449,23,496,32,472,528
2,1000,10,7.7,28,55,954,24,9,13,46,8.123453408,98,111,10.3620293,8.95359013,7.95815921,8.278496802,467,17,487,29,484,516
7,1000,10,7.7,28,56,947,35,9,9,53,8.256663156,95,91,10.56078836,9.123474592,7.627918454,8.858338613,474,15,473,38,489,511
4,1000,10,7.7,28,55,954,24,11,11,46,7.997291474,89,120,10.93354962,9.072866689,7.479040172,8.532396477,488,20,466,26,508,492
8,1000,10,7.7,28,57,955,26,12,7,45,8.374894753,86,114,10.05736515,9.004133024,7.872110278,8.842736678,460,22,495,23,482,518
6,1000,10,7.7,28,56,948,33,10,9,52,8.243560909,98,100,10.40986937,8.975872974,7.562595318,8.95516299,490,21,458,31,511,489
3,1000,10,7.7,28,58,941,43,5,11,59,8.56681052,77,104,10.51402887,9.039681907,7.864392315,9.197254184,453,20,488,39,473,527
5,1000,10,7.7,28,59,946,32,16,6,54,8.422884164,93,118,10.6700594,9.245688654,7.996378617,8.804154275,449,23,497,31,472,528
1,1000,10,7.7,28,49,965,23,5,7,35,7.735655012,99,125,10.59816402,9.114136953,7.137814656,8.326364072,484,13,481,22,497,503
2,1000,10,7.7,28,56,951,27,9,13,49,8.169810531,113,102,10.40398897,8.966282878,7.995410994,8.333394593,465,19,486,30,484,516
4,1000,10,7.7,28,56,953,25,11,11,47,8.060585397,99,106,10.95598212,9.067388093,7.526635804,8.611899203,488,20,465,27,508,492
7,1000,10,7.7,28,57,946,36,9,9,54,8.31018115,90,108,10.57158923,9.122458115,7.658616318,8.933694267,474,15,472,39,489,511
8,1000,10,7.7,28,58,956,25,12,7,44,8.369087988,115,107,10.06854307,8.999744882,7.873271171,8.830446495,461,21,495,23,482,518
6,1000,10,7.7,28,57,947,33,11,9,53,8.285551788,92,104,10.40722837,8.984583381,7.614513888,8.986779532,489,22,458,31,511,489
3,1000,10,7.7,28,59,940,43,6,11,60,8.59799808,87,109,10.52490815,9.038196999,7.8634414,9.257287093,453,20,487,40,473,527
5,1000,10,7.7,28,60,946,32,16,6,54,8.469114721,98,96,10.68074471,9.274574819,8.02875626,8.862768496,449,23,497,31,472,528
2,1000,10,7.7,28,57,951,27,9,13,49,8.193313146,102,129,10.39589522,8.978858121,8.035577075,8.341267135,465,19,486,30,484,516
1,1000,10,7.7,28,50,964,24,5,7,36,7.753226888,90,106,10.59701393,9.117274801,7.129949583,8.369069473,484,13,480,23,497,503
4,1000,10,7.7,28,57,954,24,11,11,46,8.088045606,113,97,10.95180958,9.072343288,7.576483635,8.616243738,487,21,467,25,508,492
7,1000,10,7.7,28,58,947,35,9,9,53,8.344225368,101,111,10.58578521,9.132521708,7.711714864,8.949504499,474,15,473,38,489,511
8,1000,10,7.7,28,59,955,25,13,7,45,8.397280832,100,99,10.05836242,9.006002893,7.894492529,8.865126319,460,22,495,23,482,518
6,1000,10,7.7,28,58,948,32,11,9,52,8.265230509,91,94,10.39635535,8.998411372,7.616520326,8.943126016,488,23,460,29,511,489
3,1000,10,7.7,28,60,938,44,6,12,62,8.580338639,92,96,10.52930509,9.038170159,7.845384848,9.239984072,453,20,485,42,473,527
5,1000,10,7.7,28,61,945,33,16,6,55,8.499893376,99,92,10.68356817,9.269957105,8.052106224,8.900187951,449,23,496,32,472,528
4,1000,10,7.7,28,58,954,24,11,11,46,8.129306814,102,114,10.95510246,9.064129355,7.633633991,8.641099078,487,21,467,25,508,492
2,1000,10,7.7,28,58,952,26,9,13,48,8.214483138,90,107,10.4191441,8.988869407,8.049530356,8.36920629,465,19,487,29,484,516
7,1000,10,7.7,28,59,949,35,6,10,51,8.362028406,90,111,10.58836311,9.125339786,7.763744163,8.934554815,474,15,475,36,489,511
1,1000,10,7.7,28,51,964,25,5,6,36,7.762958164,99,101,10.60551336,9.108229503,7.120505957,8.397746925,484,13,480,23,497,503
8,1000,10,7.7,28,60,955,26,12,7,45,8.417570735,80,111,10.06638267,9.003823714,7.859246563,8.937092456,461,21,494,24,482,518
3,1000,10,7.7,28,61,939,43,6,12,61,8.604089536,87,115,10.52622955,9.039465163,7.807720645,9.318857061,455,18,484,43,473,527
6,1000,10,7.7,28,59,947,31,13,9,53,8.280290979,85,120,10.40339405,8.995355864,7.617681827,8.972710766,488,23,459,30,511,489
5,1000,10,7.7,28,62,945,33,15,7,55,8.511097985,112,116,10.70345824,9.277192988,8.104148098,8.87488652,449,23,496,32,472,528
2,1000,10,7.7,28,59,952,27,8,13,48,8.251930423,101,107,10.42397332,8.983555563,8.074822918,8.418054518,466,18,486,30,484,516
7,1000,10,7.7,28,60,947,36,7,10,53,8.394207686,97,101,10.59384176,9.138835254,7.780153879,8.981824735,474,15,473,38,489,511
4,1000,10,7.7,28,59,955,23,11,11,45,8.155726927,89,125,10.9743561,9.072552834,7.684816066,8.641951963,487,21,468,24,508,492
8,1000,10,7.7,28,61,955,27,12,6,45,8.429785459,93,96,10.07822638,9.018828167,7.876747611,8.944388244,461,21,494,24,482,518
1,1000,10,7.7,28,52,963,26,5,6,37,7.763260431,116,95,10.6100076,9.112895303,7.140620621,8.378473127,483,14,480,23,497,503
3,1000,10,7.7,28,62,935,48,6,11,65,8.640421994,84,110,10.53227088,9.024877955,7.858798747,9.341954813,455,18,480,47,473,527
6,1000,10,7.7,28,60,948,30,13,9,52,8.305832328,73,112,10.40528739,8.996660722,7.648977352,8.992239061,488,23,460,29,511,489
5,1000,10,7.7,28,63,944,34,15,7,56,8.532140218,95,107,10.68767605,9.290523644,8.119773731,8.900770866,449,23,495,33,472,528
2,1000,10,7.7,28,60,951,28,8,13,49,8.29641149,84,118,10.42500843,8.99434021,8.125373796,8.456842195,465,19,486,30,484,516
4,1000,10,7.7,28,60,955,23,11,11,45,8.190019246,95,108,10.97330604,9.067298181,7.698375915,8.697650978,488,20,467,25,508,492
7,1000,10,7.7,28,61,945,37,9,9,55,8.43395067,86,86,10.60890126,9.163864593,7.779465247,9.060258639,473,16,472,39,489,511
3,1000,10,7.7,28,63,934,49,5,12,66,8.703983742,97,100,10.53586025,9.052726769,7.945792243,9.384485789,454,19,480,47,473,527
8,1000,10,7.7,28,62,955,27,12,6,45,8.448324986,98,119,10.07795643,9.021508011,7.931755967,8.928993455,461,21,494,24,482,518
6,1000,10,7.7,28,61,948,30,13,9,52,8.319610481,100,87,10.41068161,8.986656233,7.676846279,8.9912925,488,23,460,29,511,489
1,1000,10,7.7,28,53,962,26,7,5,38,7.825260336,93,122,10.61967534,9.112007416,7.217272472,8.42599586,483,14,479,24,497,503
5,1000,10,7.7,28,64,944,35,15,6,56,8.560688975,105,124,10.69261881,9.291052736,8.159311838,8.919495809,448,24,496,32,472,528
2,1000,10,7.7,28,61,951,28,7,14,49,8.335097281,97,143,10.43359255,8.999350504,8.164614702,8.495007297,465,19,486,30,484,516
4,1000,10,7.7,28,61,954,24,11,11,46,8.222818654,91,110,10.99200998,9.058434046,7.717888117,8.744169696,488,20,466,26,508,492
8,1000,10,7.7,28,63,955,27,12,6,45,8.447821977,96,116,10.07960403,9.02316474,7.901530822,8.956146951,463,19,492,26,482,518
7,1000,10,7.7,28,62,945,38,8,9,55,8.456198371,99,113,10.59602418,9.16573749,7.827828732,9.057514915,472,17,473,38,489,511
3,1000,10,7.7,28,64,935,48,5,12,65,8.755086414,99,111,10.55347877,9.048378675,8.006495879,9.426971277,455,18,480,47,473,527
6,1000,10,7.7,28,62,948,30,14,8,52,8.339890381,83,117,10.41140186,8.992807089,7.680180483,9.029280478,489,22,459,30,511,489
5,1000,10,7.7,28,65,944,35,15,6,56,8.576555588,106,98,10.68334018,9.311039329,8.153165891,8.955040318,448,24,496,32,472,528
1,1000,10,7.7,28,54,960,28,7,5,40,7.835409674,92,114,10.63059915,9.097300119,7.218942336,8.444523524,483,14,477,26,497,503
4,1000,10,7.7,28,62,954,24,11,11,46,8.248930045,102,122,11.00096122,9.065157557,7.732167123,8.782498266,488,20,466,26,508,492
3,1000,10,7.7,28,65,935,48,5,12,65,8.802491228,97,116,10.55464314,9.051907254,8.017188492,9.507326511,455,18,480,47,473,527
7,1000,10,7.7,28,63,945,38,8,9,55,8.474781693,92,101,10.60085282,9.180137376,7.896500029,9.02816669,471,18,474,37,489,511
2,1000,10,7.7,28,62,951,28,7,14,49,8.376329266,84,120,10.45072979,9.019670049,8.211258649,8.531162945,465,19,486,30,484,516
8,1000,10,7.7,28,64,955,27,12,6,45,8.498371872,82,101,10.07841723,9.018109454,7.946951986,9.01146914,463,19,492,26,482,518
6,1000,10,7.7,28,63,947,30,14,9,53,8.366348377,94,102,10.4135806,8.995397318,7.688353358,9.07484624,489,22,458,31,511,489
5,1000,10,7.7,28,66,947,33,14,6,53,8.589111967,91,138,10.6856095,9.325511164,8.117573255,9.010638997,451,21,496,32,472,528
1,1000,10,7.7,28,55,959,29,6,6,41,7.869367139,109,117,10.65822058,9.102736777,7.25787537,8.473564771,482,15,477,26,497,503
3,1000,10,7.7,28,66,935,48,5,12,65,8.825291796,112,118,10.54720612,9.050973322,8.063380083,9.509132859,454,19,481,46,473,527
4,1000,10,7.7,28,63,954,25,11,10,46,8.239824511,107,101,11.01027526,9.074289326,7.705201679,8.791833452,489,19,465,27,508,492
7,1000,10,7.7,28,64,945,37,9,9,55,8.493429171,107,105,10.61257654,9.182736137,7.928145482,9.034375793,472,17,473,38,489,511
2,1000,10,7.7,28,63,951,28,7,14,49,8.391937003,97,135,10.4507586,9.015947325,8.219495383,8.553684568,465,19,486,30,484,516
8,1000,10,7.7,28,65,955,27,12,6,45,8.506860611,111,112,10.08989448,9.018630383,7.931292145,9.04242818,463,19,492,26,482,518
6,1000,10,7.7,28,64,947,31,14,8,53,8.376687347,91,103,10.41263088,8.995744159,7.709824116,9.073552604,489,22,458,31,511,489
5,1000,10,7.7,28,67,946,34,14,6,54,8.605245702,106,103,10.68439624,9.32580279,8.118611074,9.040267567,451,21,495,33,472,528
3,1000,10,7.7,28,67,937,45,6,12,63,8.829700007,103,115,10.5468223,9.067224961,8.087255168,9.496068905,455,18,482,45,473,527
4,1000,10,7.7,28,64,953,27,11,9,47,8.243951418,94,88,10.99484207,9.065311389,7.714189594,8.79094127,487,21,466,26,508,492
2,1000,10,7.7,28,64,952,27,7,14,48,8.442301891,84,123,10.4539839,9.021137374,8.275677116,8.598593347,466,18,486,30,484,516
1,1000,10,7.7,28,56,958,30,6,6,42,7.900333672,100,97,10.65564252,9.093762816,7.318028878,8.475692485,481,16,477,26,497,503
7,1000,10,7.7,28,65,944,38,9,9,56,8.520755553,95,113,10.60916403,9.176314053,7.928567759,9.087447983,472,17,472,39,489,511
8,1000,10,7.7,28,66,956,25,13,6,44,8.502774403,100,111,10.10004181,9.035118886,7.920315251,9.044753769,463,19,493,25,482,518
6,1000,10,7.7,28,65,947,31,14,8,53,8.412632406,86,103,10.41402919,8.99320897,7.736045481,9.119658823,489,22,458,31,511,489
5,1000,10,7.7,28,68,946,34,14,6,54,8.624850194,102,135,10.68520401,9.344782595,8.127057792,9.069846433,451,21,495,33,472,528
3,1000,10,7.7,28,68,938,44,6,12,62,8.854451786,95,112,10.54190446,9.06850872,8.102246632,9.52958089,455,18,483,44,473,527
4,1000,10,7.7,28,65,952,27,12,9,48,8.267781929,99,120,10.99153507,9.055197667,7.732901527,8.820056816,487,21,465,27,508,492
2,1000,10,7.7,28,65,952,27,7,14,48,8.469779969,90,107,10.43403979,9.024837707,8.315209788,8.614764402,466,18,486,30,484,516
7,1000,10,7.7,28,66,941,41,9,9,59,8.554660478,98,120,10.60622084,9.150394527,7.949185243,9.134068286,471,18,470,41,489,511
1,1000,10,7.7,28,57,958,30,6,6,42,7.901421424,104,109,10.66901473,9.089097379,7.329069481,8.466946108,481,16,477,26,497,503
6,1000,10,7.7,28,66,946,31,15,8,54,8.449263171,93,105,10.41286131,8.979330596,7.770884593,9.158161848,488,23,458,31,511,489
5,1000,10,7.7,28,69,947,33,14,6,53,8.651239214,92,111,10.68788129,9.338602326,8.13660332,9.111292513,452,20,495,33,472,528
8,1000,10,7.7,28,67,956,24,14,6,44,8.513765874,98,107,10.10416308,9.021366461,7.923776903,9.062751751,463,19,493,25,482,518
3,1000,10,7.7,28,69,938,43,7,12,62,8.831429118,110,108,10.57627085,9.069015897,8.112186469,9.47697328,454,19,484,43,473,527
4,1000,10,7.7,28,66,952,27,12,9,48,8.272598304,87,117,11.00953422,9.072338746,7.764075626,8.797658304,487,21,465,27,508,492
7,1000,10,7.7,28,67,943,39,10,8,57,8.528508231,92,122,10.60133896,9.142427928,7.943141328,9.088673428,471,18,472,39,489,511
2,1000,10,7.7,28,66,952,27,7,14,48,8.514418976,93,110,10.45202637,9.044257133,8.355206222,8.663758071,466,18,486,30,484,516
6,1000,10,7.7,28,67,945,31,16,8,55,8.466995904,94,109,10.41801262,8.9867247,7.793313615,9.170987007,488,23,457,32,511,489
1,1000,10,7.7,28,58,959,29,6,6,41,7.903427685,101,103,10.65252394,9.080115206,7.348513304,8.451722808,481,16,478,25,497,503
8,1000,10,7.7,28,68,954,25,15,6,46,8.55603098,102,122,10.11684266,9.020222904,7.987212426,9.085317742,462,20,492,26,482,518
5,1000,10,7.7,28,70,947,33,14,6,53,8.648962814,94,91,10.71058613,9.324048632,8.121309386,9.120653,452,20,495,33,472,528
3,1000,10,7.7,28,70,938,42,8,12,62,8.873427174,80,109,10.57205358,9.083958367,8.118582314,9.550925502,455,18,483,44,473,527
4,1000,10,7.7,28,67,952,27,12,9,48,8.31585151,86,117,11.00918301,9.068639303,7.823702562,8.824005303,487,21,465,27,508,492
7,1000,10,7.7,28,68,943,38,11,8,57,8.544487229,104,113,10.58443346,9.145203023,7.963911869,9.100067173,471,18,472,39,489,511
2,1000,10,7.7,28,67,953,26,7,14,47,8.506981353,97,91,10.45502744,9.056931371,8.331013098,8.672036847,466,18,487,29,484,516
6,1000,10,7.7,28,68,947,31,14,8,53,8.467105228,106,114,10.43261056,8.991336866,7.792193305,9.172381287,489,22,458,31,511,489
5,1000,10,7.7,28,71,948,32,15,5,52,8.711216465,86,100,10.70637738,9.325254937,8.14874675,9.214030301,453,19,495,33,472,528
8,1000,10,7.7,28,69,955,25,14,6,45,8.582700448,106,111,10.12783551,9.016303841,8.045837728,9.082252245,462,20,493,25,482,518
1,1000,10,7.7,28,59,960,28,6,6,40,7.934914232,87,111,10.65489067,9.075997427,7.356343038,8.506583981,481,16,479,24,497,503
3,1000,10,7.7,28,71,938,42,8,12,62,8.901723683,96,126,10.57609067,9.09677015,8.17432072,9.554591998,455,18,483,44,473,527
4,1000,10,7.7,28,68,950,29,12,9,50,8.344076944,102,131,11.03050666,9.06735022,7.890708896,8.812188667,485,23,465,27,508,492
7,1000,10,7.7,28,69,942,39,11,8,58,8.553144187,100,125,10.58856607,9.143193409,7.991161406,9.090932015,469,20,473,38,489,511
2,1000,10,7.7,28,68,954,26,7,13,46,8.48734915,86,101,10.4687802,9.067998788,8.295133844,8.667644127,467,17,487,29,484,516
5,1000,10,7.7,28,72,947,33,15,5,53,8.7484565,93,111,10.71649183,9.318809679,8.138422319,9.293790087,453,19,494,34,472,528
6,1000,10,7.7,28,69,948,30,13,9,52,8.455917354,104,107,10.44091434,9.013730532,7.769109998,9.173624018,490,21,458,31,511,489
8,1000,10,7.7,28,70,955,24,15,6,45,8.604392413,96,112,10.12552329,9.037067463,8.077481643,9.094683901,462,20,493,25,482,518
3,1000,10,7.7,28,72,937,43,8,12,63,8.910552364,98,117,10.59841351,9.099931281,8.176734311,9.569178435,455,18,482,45,473,527
1,1000,10,7.7,28,60,960,28,6,6,40,7.94447869,99,111,10.68597893,9.089187928,7.39305567,8.489324099,481,16,479,24,497,503
4,1000,10,7.7,28,69,948,31,12,9,52,8.350526639,110,111,11.04561059,9.065219289,7.900942293,8.814731615,485,23,463,29,508,492
7,1000,10,7.7,28,70,939,41,11,9,61,8.557589194,117,107,10.59216791,9.172039675,7.972594195,9.117398499,468,21,471,40,489,511
2,1000,10,7.7,28,69,954,27,7,12,46,8.494099661,90,130,10.47642301,9.046893742,8.298790092,8.677297009,467,17,487,29,484,516
5,1000,10,7.7,28,73,948,33,14,5,52,8.773863334,91,109,10.72745633,9.328897219,8.174935059,9.309268913,453,19,495,33,472,528
6,1000,10,7.7,28,70,951,28,13,8,49,8.460168596,98,126,10.44604705,9.005289687,7.770443909,9.180923842,491,20,460,29,511,489
8,1000,10,7.7,28,71,955,24,14,7,45,8.653629147,84,106,10.13916234,9.038399484,8.117780992,9.15223689,462,20,493,25,482,518
3,1000,10,7.7,28,73,938,42,8,12,62,8.915186172,89,107,10.6093902,9.099294402,8.220319661,9.538851939,455,18,483,44,473,527
1,1000,10,7.7,28,61,961,27,6,6,39,7.924161589,90,110,10.69445544,9.06770872,7.388015351,8.453912444,481,16,480,23,497,503
4,1000,10,7.7,28,70,948,32,12,8,52,8.355626385,105,104,11.06632327,9.066247844,7.91669052,8.808836586,485,23,463,29,508,492
2,1000,10,7.7,28,70,954,28,6,12,46,8.494134401,106,122,10.47925774,9.053153832,8.282264177,8.692865386,467,17,487,29,484,516
7,1000,10,7.7,28,71,938,42,10,10,62,8.55031487,99,128,10.60464993,9.17190005,7.963379128,9.111981363,467,22,471,40,489,511
5,1000,10,7.7,28,74,948,33,14,5,52,8.804554795,104,101,10.756002,9.343703426,8.17910921,9.363665243,453,19,495,33,472,528
6,1000,10,7.7,28,71,951,28,13,8,49,8.490761398,97,98,10.41208015,8.996828267,7.790040446,9.223007627,491,20,460,29,511,489
8,1000,10,7.7,28,72,954,25,14,7,46,8.679810872,97,106,10.15710272,9.054984946,8.127319448,9.193905208,461,21,493,25,482,518
3,1000,10,7.7,28,74,938,42,8,12,62,8.932293908,85,117,10.63107733,9.112361643,8.25007422,9.544608733,455,18,483,44,473,527
4,1000,10,7.7,28,71,949,30,13,8,51,8.375032192,86,93,11.06964301,9.089887548,7.942000491,8.822146225,485,23,464,28,508,492
1,1000,10,7.7,28,62,960,28,6,6,40,7.962034181,107,112,10.703103,9.075460405,7.408918223,8.508552334,481,16,479,24,497,503
7,1000,10,7.7,28,72,938,43,9,10,62,8.558298322,102,112,10.62196727,9.181198913,7.961405707,9.129493016,466,23,472,39,489,511
2,1000,10,7.7,28,71,954,28,6,12,46,8.502077592,94,95,10.51154779,9.054377454,8.298675729,8.692865386,467,17,487,29,484,516
5,1000,10,7.7,28,75,948,33,14,5,52,8.837686942,118,115,10.765514,9.344810985,8.255180365,9.358412519,453,19,495,33,472,528
6,1000,10,7.7,28,72,951,28,13,8,49,8.51025947,88,113,10.41387438,9.007129633,7.827111662,9.224141944,491,20,460,29,511,489
3,1000,10,7.7,28,75,939,41,8,12,61,8.943856861,96,124,10.62960715,9.11059363,8.257373902,9.559998113,455,18,484,43,473,527
8,1000,10,7.7,28,73,954,24,15,7,46,8.683468957,103,120,10.16392881,9.080192273,8.127488577,9.200809773,461,21,493,25,482,518
4,1000,10,7.7,28,72,948,31,14,7,52,8.381241252,103,121,11.08021653,9.089115398,7.981129349,8.794364924,484,24,464,28,508,492
5,1000,10,7.7,28,76,946,34,13,7,54,8.879728828,92,107,10.76551554,9.349924903,8.28526781,9.411140951,452,20,494,34,472,528
2,1000,10,7.7,28,72,952,29,7,12,48,8.507522576,90,115,10.54061824,9.046480786,8.293591016,8.708187062,467,17,485,31,484,516
7,1000,10,7.7,28,73,937,42,10,11,63,8.620903704,90,119,10.62316318,9.178963283,8.019697177,9.196226583,465,24,472,39,489,511
1,1000,10,7.7,28,63,958,30,7,5,42,7.992369632,87,109,10.71551991,9.075991753,7.446000312,8.532221625,480,17,478,25,497,503
6,1000,10,7.7,28,73,951,29,13,7,49,8.537715776,90,110,10.41269319,9.02432255,7.862689813,9.243111005,491,20,460,29,511,489
3,1000,10,7.7,28,76,937,43,8,12,63,8.986223132,100,127,10.63645145,9.11736266,8.262199413,9.636058464,456,17,481,46,473,527
8,1000,10,7.7,28,74,955,22,16,7,45,8.687467423,91,103,10.16673311,9.095194124,8.155946692,9.182048489,461,21,494,24,482,518
4,1000,10,7.7,28,73,949,30,14,7,51,8.40123354,106,116,11.07236676,9.09363754,7.996312612,8.819322628,484,24,465,27,508,492
5,1000,10,7.7,28,77,946,34,13,7,54,8.899423384,94,115,10.7811275,9.332711496,8.294701979,9.44000767,452,20,494,34,472,528
2,1000,10,7.7,28,73,952,29,7,12,48,8.54885331,94,104,10.56583692,9.04945158,8.33871348,8.745961211,467,17,485,31,484,516
7,1000,10,7.7,28,74,936,42,11,11,64,8.67346835,102,110,10.64175004,9.199288047,8.071713544,9.249315903,465,24,471,40,489,511
6,1000,10,7.7,28,74,949,30,13,8,51,8.593591374,79,96,10.44744632,9.038822946,7.91163551,9.306228279,490,21,459,30,511,489
3,1000,10,7.7,28,77,937,44,8,11,63,8.966832216,85,117,10.62946976,9.119361339,8.245510374,9.614242523,456,17,481,46,473,527
1,1000,10,7.7,28,64,958,30,7,5,42,8.056257653,94,109,10.71426933,9.084238684,7.485744717,8.619965266,480,17,478,25,497,503
8,1000,10,7.7,28,75,954,25,15,6,46,8.682587888,104,95,10.16563319,9.091999838,8.133305873,9.193695862,461,21,493,25,482,518
5,1000,10,7.7,28,78,946,34,13,7,54,8.915527702,90,111,10.78969069,9.341248244,8.310249973,9.456609309,452,20,494,34,472,528
4,1000,10,7.7,28,74,949,30,14,7,51,8.432328563,96,114,11.08428808,9.089412172,8.049311713,8.827801244,484,24,465,27,508,492
7,1000,10,7.7,28,75,936,42,11,11,64,8.673149984,105,84,10.64484863,9.205845181,8.101608828,9.22008467,465,24,471,40,489,511
2,1000,10,7.7,28,74,952,28,8,12,48,8.566302875,94,114,10.56001535,9.070467828,8.340491452,8.778110489,467,17,485,31,484,516
6,1000,10,7.7,28,75,948,31,13,8,52,8.603335588,98,98,10.45879443,9.027492288,7.953010072,9.282919103,489,22,459,30,511,489
3,1000,10,7.7,28,78,939,42,8,11,61,8.965705078,96,102,10.6451643,9.098894731,8.248510651,9.609410891,457,16,482,45,473,527
8,1000,10,7.7,28,76,952,25,16,7,48,8.76476997,90,107,10.17312263,9.100690427,8.196083225,9.293934083,461,21,491,27,482,518
1,1000,10,7.7,28,65,958,30,7,5,42,8.072059427,91,120,10.70707919,9.08370364,7.476348515,8.660664443,480,17,478,25,497,503
5,1000,10,7.7,28,79,946,33,13,8,54,8.955708812,95,128,10.77911521,9.36153293,8.34316675,9.503284293,453,19,493,35,472,528
4,1000,10,7.7,28,75,950,30,14,6,50,8.467319651,109,113,11.08160934,9.087668512,8.100014873,8.846569299,484,24,466,26,508,492
7,1000,10,7.7,28,76,936,42,11,11,64,8.719421235,105,126,10.65428098,9.208331446,8.122531198,9.290613463,465,24,471,40,489,511
2,1000,10,7.7,28,75,950,31,8,11,50,8.574024017,104,99,10.56563699,9.064490663,8.305519759,8.825876849,466,18,484,32,484,516
3,1000,10,7.7,28,79,939,41,9,11,61,8.977113731,105,106,10.6526265,9.099690662,8.213143621,9.662802273,457,16,482,45,473,527
6,1000,10,7.7,28,76,947,32,13,8,53,8.615702828,85,97,10.44933414,9.043624849,7.972606182,9.287732247,489,22,458,31,511,489
8,1000,10,7.7,28,77,951,26,16,7,49,8.769846111,100,107,10.18052221,9.100407402,8.209003047,9.291711665,461,21,490,28,482,518
1,1000,10,7.7,28,66,957,31,7,5,43,8.094469438,86,101,10.70967381,9.099261807,7.489286013,8.692433975,480,17,477,26,497,503
5,1000,10,7.7,28,80,945,34,13,8,55,9.000802044,96,122,10.80129056,9.36215139,8.388331364,9.548313712,453,19,492,36,472,528
4,1000,10,7.7,28,76,951,29,14,6,49,8.450224176,103,106,11.10532997,9.079632014,8.048522706,8.864989108,485,23,466,26,508,492
7,1000,10,7.7,28,77,936,42,12,10,64,8.712000801,106,117,10.66743923,9.196195709,8.159588212,9.24063046,465,24,471,40,489,511
2,1000,10,7.7,28,76,950,32,8,10,50,8.572137545,86,101,10.5821961,9.052871711,8.281158592,8.845071292,466,18,484,32,484,516
3,1000,10,7.7,28,80,938,42,9,11,62,9.0338413,91,115,10.65033415,9.108679073,8.296264192,9.695841247,456,17,482,45,473,527
6,1000,10,7.7,28,77,947,32,13,8,53,8.64924217,77,104,10.45075674,9.054960779,7.969643641,9.359415684,489,22,458,31,511,489
8,1000,10,7.7,28,78,950,27,15,8,50,8.800955314,118,115,10.19529687,9.099191636,8.262493871,9.301994726,460,22,490,28,482,518
5,1000,10,7.7,28,81,944,35,13,8,56,9.051161885,93,119,10.81608932,9.360210649,8.434617762,9.602314965,453,19,491,37,472,528
1,1000,10,7.7,28,67,956,32,7,5,44,8.103372486,95,134,10.71760515,9.119442807,7.490400874,8.709032309,480,17,476,27,497,503
4,1000,10,7.7,28,77,950,30,14,6,50,8.480193111,89,125,11.10600003,9.084984245,8.066594118,8.907242477,485,23,465,27,508,492
7,1000,10,7.7,28,78,937,42,11,10,63,8.736904845,91,117,10.68427376,9.20261183,8.227247015,9.224620459,465,24,472,39,489,511
3,1000,10,7.7,28,81,937,43,9,11,63,9.059157323,97,118,10.66721099,9.12315642,8.32613492,9.71706927,456,17,481,46,473,527
2,1000,10,7.7,28,77,950,32,7,11,50,8.607192747,97,111,10.61228896,9.069080426,8.314701329,8.881545161,466,18,484,32,484,516
6,1000,10,7.7,28,78,948,31,13,8,52,8.656895147,92,116,10.45472404,9.071612285,7.9617495,9.38331524,490,21,458,31,511,489
8,1000,10,7.7,28,79,950,27,15,8,50,8.811185594,91,109,10.202455,9.094542765,8.280286156,9.305188547,460,22,490,28,482,518
5,1000,10,7.7,28,82,945,33,14,8,55,9.07053485,106,104,10.81623895,9.385482933,8.467203765,9.609876275,454,18,491,37,472,528
1,1000,10,7.7,28,68,958,29,8,5,42,8.107224999,103,133,10.70862221,9.114875431,7.481667978,8.725320108,481,16,477,26,497,503
3,1000,10,7.7,28,82,937,42,10,11,63,9.077107587,107,99,10.67436582,9.14714111,8.308746215,9.766737432,456,17,481,46,473,527
4,1000,10,7.7,28,78,951,29,14,6,49,8.485435402,87,119,11.09805419,9.08558314,8.056766172,8.928045095,486,22,465,27,508,492
7,1000,10,7.7,28,79,937,43,10,10,63,8.732090218,102,108,10.69979293,9.209908393,8.232474633,9.210195935,464,25,473,38,489,511
2,1000,10,7.7,28,78,949,33,7,11,51,8.625354439,96,108,10.61318108,9.070283508,8.335236477,8.897480589,466,18,483,33,484,516
6,1000,10,7.7,28,79,948,31,13,8,52,8.660547103,81,117,10.46458519,9.082011184,7.968652946,9.383569423,490,21,458,31,511,489
8,1000,10,7.7,28,80,951,27,14,8,49,8.822923256,91,99,10.20625708,9.078493114,8.352026734,9.261093379,460,22,491,27,482,518
5,1000,10,7.7,28,83,945,33,14,8,55,9.106729895,100,120,10.82739231,9.396627059,8.510338018,9.639868088,454,18,491,37,472,528
3,1000,10,7.7,28,83,937,41,11,11,63,9.097571027,101,138,10.68005332,9.158161828,8.32617946,9.789920574,456,17,481,46,473,527
4,1000,10,7.7,28,79,951,29,14,6,49,8.502796476,101,126,11.10434269,9.087229314,8.103093174,8.91549826,486,22,465,27,508,492
7,1000,10,7.7,28,80,938,43,8,11,62,8.753058277,84,105,10.70539106,9.217310784,8.219916438,9.263246846,465,24,473,38,489,511
1,1000,10,7.7,28,69,958,28,9,5,42,8.153338166,96,121,10.71009235,9.102341717,7.54306187,8.756334826,481,16,477,26,497,503
2,1000,10,7.7,28,79,950,32,6,12,50,8.611625779,97,109,10.61086084,9.065743489,8.310584135,8.893998172,467,17,483,33,484,516
6,1000,10,7.7,28,80,948,31,13,8,52,8.713076016,95,111,10.46551952,9.06553138,8.051368634,9.404553465,490,21,458,31,511,489
8,1000,10,7.7,28,81,950,28,14,8,50,8.854489209,104,107,10.21696506,9.069837573,8.372298244,9.303168834,460,22,490,28,482,518
5,1000,10,7.7,28,84,944,34,14,8,56,9.101494563,88,103,10.84444295,9.39369311,8.51951436,9.621749594,453,19,491,37,472,528
3,1000,10,7.7,28,84,936,44,9,11,64,9.141815638,108,133,10.69937144,9.1521776,8.400023806,9.80759844,456,17,480,47,473,527
4,1000,10,7.7,28,80,951,28,15,6,49,8.535101956,97,128,11.10559397,9.086809092,8.148402805,8.934376688,485,23,466,26,508,492
7,1000,10,7.7,28,81,937,43,9,11,63,8.775690753,114,115,10.68763723,9.223018223,8.274616911,9.255191945,465,24,472,39,489,511
2,1000,10,7.7,28,80,951,31,5,13,49,8.649664785,111,87,10.60021848,9.073647496,8.339574119,8.940525022,468,16,483,33,484,516
6,1000,10,7.7,28,81,947,31,14,8,53,8.723564251,103,111,10.4656774,9.070856209,8.064517891,9.412260958,490,21,457,32,511,489
1,1000,10,7.7,28,70,957,29,9,5,43,8.189206184,94,108,10.74550573,9.095231504,7.596979377,8.774368655,481,16,476,27,497,503
8,1000,10,7.7,28,82,947,30,15,8,53,8.899169318,88,80,10.22015305,9.051411287,8.439656824,9.326746581,459,23,488,30,482,518
5,1000,10,7.7,28,85,944,34,14,8,56,9.089279511,94,106,10.85931091,9.407753183,8.508109814,9.608809997,454,18,490,38,472,528
3,1000,10,7.7,28,85,939,41,9,11,61,9.154964255,115,129,10.69167021,9.162475339,8.427579527,9.807816202,457,16,482,45,473,527
7,1000,10,7.7,28,82,938,42,8,12,62,8.746124999,95,93,10.67900594,9.230175077,8.277286323,9.19477884,465,24,473,38,489,511
4,1000,10,7.7,28,81,949,30,15,6,51,8.569377183,95,109,11.09808571,9.084701382,8.19935985,8.9514276,484,24,465,27,508,492
6,1000,10,7.7,28,82,947,31,14,8,53,8.770903635,91,124,10.48970564,9.082940822,8.109203603,9.462373403,490,21,457,32,511,489
2,1000,10,7.7,28,81,951,30,6,13,49,8.639171988,96,105,10.62592985,9.081221056,8.336937955,8.922662825,468,16,483,33,484,516
8,1000,10,7.7,28,83,948,30,15,7,52,8.908847797,88,121,10.21038806,9.072778916,8.439489985,9.345586148,460,22,488,30,482,518
5,1000,10,7.7,28,86,944,34,14,8,56,9.106779399,93,123,10.86840204,9.397555922,8.547012134,9.607177409,454,18,490,38,472,528
1,1000,10,7.7,28,71,956,30,9,5,44,8.205610686,86,97,10.7808729,9.098881444,7.620382672,8.783857848,480,17,476,27,497,503
3,1000,10,7.7,28,86,939,41,9,11,61,9.180575493,81,121,10.71163168,9.158107672,8.490540168,9.799905112,456,17,483,44,473,527
7,1000,10,7.7,28,83,937,43,8,12,63,8.757008988,85,115,10.69848427,9.239030594,8.300994781,9.19339049,465,24,472,39,489,511
4,1000,10,7.7,28,82,949,30,14,7,51,8.587954357,88,116,11.10865363,9.090152485,8.225099215,8.962609665,484,24,465,27,508,492
6,1000,10,7.7,28,83,947,30,15,8,53,8.771336298,91,104,10.50949061,9.076730378,8.087446519,9.485994126,490,21,457,32,511,489
2,1000,10,7.7,28,82,953,27,8,12,47,8.686140574,102,115,10.64325827,9.076436796,8.342881156,9.008112587,468,16,485,31,484,516
8,1000,10,7.7,28,84,948,29,16,7,52,8.966525142,88,88,10.21203077,9.082998168,8.507373779,9.393766371,460,22,488,30,482,518
5,1000,10,7.7,28,87,944,34,14,8,56,9.114095691,100,114,10.88007431,9.407662154,8.581923764,9.58982514,454,18,490,38,472,528
1,1000,10,7.7,28,72,956,30,9,5,44,8.19893647,109,106,10.79044883,9.114010814,7.638375486,8.752810841,480,17,476,27,497,503
3,1000,10,7.7,28,87,939,41,8,12,61,9.220548228,97,120,10.72439669,9.165243208,8.555844775,9.817141651,456,17,483,44,473,527
7,1000,10,7.7,28,84,937,43,8,12,63,8.798806852,101,110,10.70242675,9.22955285,8.359572547,9.219130875,465,24,472,39,489,511
4,1000,10,7.7,28,83,950,29,14,7,50,8.579602645,106,89,11.10792848,9.087111047,8.25753758,8.91214137,484,24,466,26,508,492
6,1000,10,7.7,28,84,948,28,16,8,52,8.789020928,99,100,10.51303353,9.093256192,8.087514224,9.522088261,491,20,457,32,511,489
2,1000,10,7.7,28,83,952,29,8,11,48,8.67884549,87,117,10.66620506,9.073153546,8.338231179,8.998336432,468,16,484,32,484,516
5,1000,10,7.7,28,88,945,33,13,9,55,9.114316958,111,112,10.89152819,9.413156317,8.577709583,9.59401143,455,17,490,38,472,528
8,1000,10,7.7,28,85,946,30,17,7,54,9.017642743,99,109,10.24068778,9.086804773,8.538114196,9.463844981,459,23,487,31,482,518
1,1000,10,7.7,28,73,956,30,10,4,44,8.233052561,100,125,10.78129796,9.103563261,7.696388594,8.763314969,480,17,476,27,497,503
3,1000,10,7.7,28,88,939,40,9,12,61,9.248214974,104,116,10.74363122,9.182103781,8.564912463,9.861501667,456,17,483,44,473,527
7,1000,10,7.7,28,85,937,43,8,12,63,8.839656655,113,107,10.70226572,9.231943188,8.413120975,9.247828764,465,24,472,39,489,511
4,1000,10,7.7,28,84,951,30,13,6,49,8.536373318,96,112,11.11210246,9.085626524,8.215124619,8.86806913,484,24,467,25,508,492
6,1000,10,7.7,28,85,947,29,16,8,53,8.832654984,72,104,10.53880192,9.115968367,8.145380793,9.550849487,490,21,457,32,511,489
2,1000,10,7.7,28,84,953,28,8,11,47,8.693814565,101,105,10.65174222,9.071853685,8.383806702,8.984597135,468,16,485,31,484,516
5,1000,10,7.7,28,89,944,33,14,9,56,9.136169733,89,117,10.90419335,9.415972121,8.595836325,9.619195051,455,17,489,39,472,528
8,1000,10,7.7,28,86,945,31,17,7,55,9.037562186,90,117,10.23071901,9.093192241,8.55759287,9.484174562,459,23,486,32,482,518
3,1000,10,7.7,28,89,938,41,9,12,62,9.273982122,84,114,10.7649068,9.197542049,8.614802243,9.865617954,455,18,483,44,473,527
1,1000,10,7.7,28,74,957,29,10,4,43,8.276951381,96,90,10.78448095,9.102384741,7.712872643,8.834301545,481,16,476,27,497,503
7,1000,10,7.7,28,86,937,42,9,12,63,8.842867215,113,115,10.73145735,9.225329813,8.431304311,9.236711169,464,25,473,38,489,511
4,1000,10,7.7,28,85,951,30,14,5,49,8.547878098,110,115,11.09575837,9.071481728,8.197213791,8.909946123,485,23,466,26,508,492
6,1000,10,7.7,28,86,945,31,16,8,55,8.854133084,100,100,10.54194873,9.114572892,8.183915476,9.554503631,488,23,457,32,511,489
2,1000,10,7.7,28,85,951,30,8,11,49,8.742893108,102,102,10.66451391,9.063909699,8.41804576,9.047594884,467,17,484,32,484,516
5,1000,10,7.7,28,90,944,32,14,10,56,9.179857695,87,113,10.92969969,9.436024129,8.625998866,9.674973922,454,18,490,38,472,528
8,1000,10,7.7,28,87,945,32,16,7,55,9.052960028,93,94,10.23423424,9.099198933,8.551211236,9.519838248,459,23,486,32,482,518
3,1000,10,7.7,28,90,939,39,10,12,61,9.280834777,99,113,10.75088519,9.198385815,8.614452432,9.878935059,456,17,483,44,473,527
7,1000,10,7.7,28,87,939,41,8,12,61,8.824233991,94,121,10.73227773,9.224404468,8.401456711,9.22880951,466,23,473,38,489,511
1,1000,10,7.7,28,75,957,29,10,4,43,8.35529596,89,110,10.77443561,9.107503094,7.821943694,8.882286171,480,17,477,26,497,503
4,1000,10,7.7,28,86,952,28,15,5,48,8.577962951,107,118,11.1105205,9.052534382,8.202463958,8.965673294,486,22,466,26,508,492
6,1000,10,7.7,28,87,942,32,18,8,58,8.899994653,88,99,10.54076205,9.109633318,8.2410022,9.588635027,487,24,455,34,511,489
5,1000,10,7.7,28,91,942,34,14,10,58,9.187555533,125,109,10.94810336,9.441186849,8.659932239,9.659218781,455,17,487,41,472,528
2,1000,10,7.7,28,86,950,30,9,11,50,8.78561857,109,114,10.67999947,9.061880498,8.448537713,9.101795188,466,18,484,32,484,516
8,1000,10,7.7,28,88,944,33,16,7,56,9.126388402,106,122,10.23426282,9.113137037,8.631437848,9.586940848,459,23,485,33,482,518
3,1000,10,7.7,28,91,940,38,10,12,60,9.29856402,99,131,10.74611258,9.198294941,8.594090504,9.930852393,456,17,484,43,473,527
7,1000,10,7.7,28,88,939,41,8,12,61,8.835399505,94,113,10.74391267,9.239689666,8.438445392,9.215263617,465,24,474,37,489,511
4,1000,10,7.7,28,87,951,29,15,5,49,8.587012156,95,91,11.11158284,9.061730058,8.201819128,8.984731787,485,23,466,26,508,492
6,1000,10,7.7,28,88,943,31,18,8,57,8.930502919,96,116,10.53623427,9.122306839,8.268189056,9.622614134,488,23,455,34,511,489
1,1000,10,7.7,28,76,957,29,10,4,43,8.345454201,86,99,10.77265737,9.116136292,7.78598658,8.898248252,480,17,477,26,497,503
5,1000,10,7.7,28,92,941,34,15,10,59,9.237432409,92,117,10.95551963,9.456632116,8.672890059,9.742099056,455,17,486,42,472,528
2,1000,10,7.7,28,87,948,31,10,11,52,8.836821984,93,103,10.69991316,9.08277178,8.522939033,9.131239326,464,20,484,32,484,516
8,1000,10,7.7,28,89,943,34,16,7,57,9.163560603,93,107,10.24726358,9.12963041,8.643809489,9.647190018,459,23,484,34,482,518
3,1000,10,7.7,28,92,939,37,11,13,61,9.32451548,118,113,10.72695701,9.204076057,8.628366222,9.949332556,455,18,484,43,473,527
7,1000,10,7.7,28,89,939,41,8,12,61,8.887288633,105,114,10.74196442,9.251933698,8.498314134,9.259516675,465,24,474,37,489,511
4,1000,10,7.7,28,88,950,28,17,5,50,8.666212761,98,134,11.13210731,9.059808726,8.284139281,9.060711394,485,23,465,27,508,492
6,1000,10,7.7,28,89,941,33,17,9,59,8.927946553,97,111,10.56266045,9.129433466,8.279034289,9.606053234,488,23,453,36,511,489
5,1000,10,7.7,28,93,944,32,14,10,56,9.240080915,101,111,10.94729197,9.457834529,8.669458746,9.750182551,458,14,486,42,472,528
2,1000,10,7.7,28,88,947,32,9,12,53,8.884846755,104,109,10.71810869,9.078839945,8.532788915,9.215071551,464,20,483,33,484,516
8,1000,10,7.7,28,90,942,35,16,7,58,9.169953412,104,126,10.2553601,9.130005664,8.673585819,9.631824416,459,23,483,35,482,518
1,1000,10,7.7,28,77,957,28,11,4,43,8.383723134,93,104,10.78728436,9.142276709,7.80576569,8.954786453,481,16,476,27,497,503
3,1000,10,7.7,28,93,940,36,11,13,60,9.320470159,90,97,10.72971724,9.217113918,8.660535986,9.912782993,455,18,485,42,473,527
7,1000,10,7.7,28,90,940,40,8,12,60,8.925657619,82,117,10.73856206,9.282229993,8.549292024,9.285819607,465,24,475,36,489,511
4,1000,10,7.7,28,89,948,30,17,5,52,8.698088392,97,104,11.14114613,9.06010875,8.328631166,9.079560486,485,23,463,29,508,492
6,1000,10,7.7,28,90,941,33,17,9,59,8.897176759,101,101,10.55977868,9.137489431,8.258976909,9.564089077,488,23,453,36,511,489
5,1000,10,7.7,28,94,943,33,14,10,57,9.244730951,95,107,10.96891263,9.455326662,8.651791626,9.774782772,458,14,485,43,472,528
8,1000,10,7.7,28,91,941,36,16,7,59,9.185783263,93,109,10.26215046,9.135262919,8.674186911,9.661824655,459,23,482,36,482,518
2,1000,10,7.7,28,89,946,33,8,13,54,8.896727605,104,118,10.73613825,9.076613394,8.523423367,9.246881193,464,20,482,34,484,516
1,1000,10,7.7,28,78,957,28,11,4,43,8.416437175,104,105,10.78767691,9.121967128,7.83877109,8.987212611,481,16,476,27,497,503
3,1000,10,7.7,28,94,940,35,11,14,60,9.347787564,98,134,10.74325657,9.227488936,8.700020862,9.929179689,455,18,485,42,473,527
7,1000,10,7.7,28,91,939,41,8,12,61,8.957154449,103,132,10.74549048,9.31483384,8.608642603,9.290661871,465,24,474,37,489,511
4,1000,10,7.7,28,90,948,30,17,5,52,8.70757924,88,115,11.16700659,9.074053405,8.338183867,9.088987471,484,24,464,28,508,492
6,1000,10,7.7,28,91,942,32,17,9,58,8.898596786,96,114,10.5696778,9.138711509,8.288625102,9.536010959,488,23,454,35,511,489
5,1000,10,7.7,28,95,943,32,15,10,57,9.253085553,85,121,10.98798074,9.444787826,8.681553827,9.764000277,457,15,486,42,472,528
8,1000,10,7.7,28,92,940,38,16,6,60,9.182301391,104,113,10.24174185,9.143459675,8.70564779,9.625828486,458,24,482,36,482,518
2,1000,10,7.7,28,90,945,34,8,13,55,8.948440141,94,100,10.73352331,9.090168211,8.575993003,9.297789782,464,20,481,35,484,516
3,1000,10,7.7,28,95,941,33,12,14,59,9.368473305,99,100,10.74674162,9.217839404,8.744305804,9.928684364,456,17,485,42,473,527
1,1000,10,7.7,28,79,959,27,10,4,41,8.43344331,97,115,10.77493731,9.115127206,7.863982753,8.996111096,481,16,478,25,497,503
7,1000,10,7.7,28,92,939,41,8,12,61,8.969845198,100,116,10.75629128,9.322079889,8.618458422,9.306103775,465,24,474,37,489,511
4,1000,10,7.7,28,91,948,29,18,5,52,8.695651207,114,103,11.17534904,9.060573132,8.34452896,9.058192064,484,24,464,28,508,492
6,1000,10,7.7,28,92,940,34,17,9,60,8.908895578,105,106,10.57191259,9.141793063,8.319470059,9.524839218,487,24,453,36,511,489
5,1000,10,7.7,28,96,943,32,16,9,57,9.290905238,96,119,10.99163663,9.467587487,8.715784976,9.805027896,456,16,487,41,472,528
8,1000,10,7.7,28,93,937,41,16,6,63,9.230004288,111,141,10.22866334,9.156832295,8.742142815,9.683960331,456,26,481,37,482,518
2,1000,10,7.7,28,91,949,32,7,12,51,8.9490614,93,108,10.73279387,9.090135279,8.600286406,9.276206936,465,19,484,32,484,516
3,1000,10,7.7,28,96,941,33,12,14,59,9.374925568,107,126,10.75610777,9.23004615,8.757520732,9.92906691,456,17,485,42,473,527
1,1000,10,7.7,28,80,958,28,10,4,42,8.454810578,108,117,10.78513698,9.096165945,7.878521519,9.024225414,481,16,477,26,497,503
7,1000,10,7.7,28,93,940,40,9,11,60,8.95557258,97,120,10.77480376,9.328495624,8.641364151,9.256253444,465,24,475,36,489,511
4,1000,10,7.7,28,92,947,30,18,5,53,8.705169751,112,109,11.1849442,9.071241639,8.367355872,9.053969447,484,24,463,29,508,492
6,1000,10,7.7,28,93,939,36,17,8,61,8.926301973,99,120,10.57220396,9.146381501,8.34270267,9.536157277,487,24,452,37,511,489
5,1000,10,7.7,28,97,942,32,17,9,58,9.321566166,103,117,10.99728806,9.457543686,8.775974078,9.809292427,456,16,486,42,472,528
8,1000,10,7.7,28,94,937,41,16,6,63,9.225366065,101,121,10.24353775,9.157096779,8.697331656,9.716703101,456,26,481,37,482,518
2,1000,10,7.7,28,92,949,32,7,12,51,8.989615171,99,112,10.74433806,9.07707408,8.591792289,9.362766867,466,18,483,33,484,516
3,1000,10,7.7,28,97,941,34,11,14,59,9.374792458,98,107,10.74643052,9.248147421,8.727378238,9.955868218,456,17,485,42,473,527
7,1000,10,7.7,28,94,939,41,9,11,61,8.980041315,85,110,10.78118442,9.339311616,8.675075683,9.27187731,463,26,476,35,489,511
1,1000,10,7.7,28,81,959,27,10,4,41,8.45985579,103,108,10.7990293,9.094025214,7.87979904,9.032993374,481,16,478,25,497,503
4,1000,10,7.7,28,93,946,31,18,5,54,8.718286843,103,136,11.1885831,9.08051637,8.383685114,9.063769929,483,25,463,29,508,492
6,1000,10,7.7,28,94,939,35,18,8,61,8.96253646,103,115,10.57197003,9.16233061,8.37418241,9.577360426,487,24,452,37,511,489
5,1000,10,7.7,28,98,942,32,17,9,58,9.326363515,108,101,11.01862237,9.459855684,8.81306037,9.785225417,456,16,486,42,472,528
8,1000,10,7.7,28,95,938,41,15,6,62,9.249110153,104,96,10.25661021,9.168114851,8.695731369,9.764030179,457,25,481,37,482,518
2,1000,10,7.7,28,93,950,32,7,11,50,8.99281419,91,119,10.75863431,9.081291282,8.602936501,9.358513418,465,19,485,31,484,516
3,1000,10,7.7,28,98,942,33,11,14,58,9.394278878,102,114,10.75270381,9.255220797,8.773557317,9.951397091,456,17,486,41,473,527
7,1000,10,7.7,28,95,940,40,9,11,60,8.968043418,95,118,10.79676002,9.342061852,8.691350726,9.232823704,463,26,477,34,489,511
4,1000,10,7.7,28,94,946,32,17,5,54,8.734141877,92,105,11.1843375,9.09257307,8.395713193,9.083576372,483,25,463,29,508,492
5,1000,10,7.7,28,99,942,33,16,9,58,9.323732042,103,122,11.03183054,9.457962765,8.780773096,9.809104432,457,15,485,43,472,528
6,1000,10,7.7,28,95,940,34,18,8,60,8.982395013,86,116,10.56337094,9.178779684,8.399977089,9.591015789,487,24,453,36,511,489
8,1000,10,7.7,28,96,938,41,15,6,62,9.288440227,105,99,10.27589671,9.161866835,8.737872055,9.800744974,457,25,481,37,482,518
1,1000,10,7.7,28,82,959,27,10,4,41,8.505106958,97,109,10.80918355,9.089330817,7.946218885,9.057328373,481,16,478,25,497,503
2,1000,10,7.7,28,94,952,31,6,11,48,8.985232468,116,105,10.74443454,9.079858707,8.629771828,9.318649038,465,19,487,29,484,516
3,1000,10,7.7,28,99,941,34,13,12,59,9.422566143,99,113,10.74596276,9.2515705,8.803231444,9.978439601,456,17,485,42,473,527
7,1000,10,7.7,28,96,939,42,9,10,61,9.022279013,92,119,10.8259715,9.367711833,8.761742417,9.271598769,461,28,478,33,489,511
4,1000,10,7.7,28,95,947,31,16,6,53,8.750198537,83,120,11.18565248,9.095233983,8.378934905,9.133535782,484,24,463,29,508,492
5,1000,10,7.7,28,100,941,34,16,9,59,9.354039581,92,105,11.01812428,9.461707691,8.812304524,9.83831789,457,15,484,44,472,528
6,1000,10,7.7,28,96,939,34,19,8,61,8.992473188,85,96,10.57558266,9.187890689,8.409088856,9.602103851,486,25,453,36,511,489
8,1000,10,7.7,28,97,937,41,16,6,63,9.302119341,101,102,10.28331727,9.161428101,8.790961014,9.777753152,456,26,481,37,482,518
1,1000,10,7.7,28,83,961,26,10,3,39,8.50110699,92,115,10.82492108,9.070605179,7.932512943,9.062918602,482,15,479,24,497,503
2,1000,10,7.7,28,95,954,30,5,11,46,8.989112452,93,105,10.74601798,9.119255854,8.637191684,9.319208676,465,19,489,27,484,516
3,1000,10,7.7,28,100,940,33,15,12,60,9.480545435,89,123,10.76389841,9.255668712,8.871896514,10.02682805,455,18,485,42,473,527
7,1000,10,7.7,28,97,939,40,11,10,61,9.066937052,121,136,10.83567654,9.384683478,8.798346861,9.323963672,460,29,479,32,489,511
4,1000,10,7.7,28,96,947,31,16,6,53,8.762192433,87,116,11.20336063,9.11278691,8.391128967,9.145323003,484,24,463,29,508,492
5,1000,10,7.7,28,101,939,35,17,9,61,9.384721028,121,108,11.02622834,9.468162868,8.86017206,9.853636014,455,17,484,44,472,528
8,1000,10,7.7,28,98,937,40,17,6,63,9.351570522,101,119,10.2783263,9.139578603,8.851615421,9.816779709,456,26,481,37,482,518
6,1000,10,7.7,28,97,940,34,18,8,60,8.976551894,94,100,10.58419151,9.186925621,8.410198489,9.56838541,486,25,454,35,511,489
3,1000,10,7.7,28,101,940,36,14,10,60,9.477590015,95,126,10.76252637,9.257882685,8.931269427,9.967930884,455,18,485,42,473,527
2,1000,10,7.7,28,96,955,30,4,11,45,8.996398044,94,113,10.75532532,9.12493767,8.666512878,9.305825216,465,19,490,26,484,516
1,1000,10,7.7,28,84,962,25,10,3,38,8.520214423,97,104,10.82604291,9.059810968,7.931430693,9.101974888,483,14,479,24,497,503
7,1000,10,7.7,28,98,939,40,11,10,61,9.08784118,94,116,10.84824128,9.389312967,8.796140998,9.366982841,460,29,479,32,489,511
4,1000,10,7.7,28,97,946,30,16,8,54,8.801964811,95,134,11.2096481,9.12265551,8.406870679,9.209907532,484,24,462,30,508,492
5,1000,10,7.7,28,102,938,34,18,10,62,9.397884845,116,123,11.02204324,9.485099238,8.881299799,9.859680567,454,18,484,44,472,528
8,1000,10,7.7,28,99,937,40,17,6,63,9.36074725,86,103,10.28573961,9.151432423,8.847989635,9.837869201,456,26,481,37,482,518
6,1000,10,7.7,28,98,941,34,17,8,59,8.991221187,86,105,10.61484232,9.180220437,8.429141531,9.578588681,486,25,455,34,511,489
3,1000,10,7.7,28,102,941,35,14,10,59,9.484495112,92,99,10.75860051,9.268525002,8.952653314,9.961840787,455,18,486,41,473,527
2,1000,10,7.7,28,97,954,30,5,11,46,9.013993255,92,114,10.75526735,9.133506988,8.696681555,9.31162671,464,20,490,26,484,516
1,1000,10,7.7,28,85,960,26,11,3,40,8.541204595,91,118,10.82942292,9.057506324,7.938148472,9.137067207,483,14,477,26,497,503
7,1000,10,7.7,28,99,939,39,11,11,61,9.106748409,104,129,10.8683732,9.401320109,8.797384729,9.402793104,460,29,479,32,489,511
4,1000,10,7.7,28,98,947,31,15,7,53,8.804678645,105,112,11.21503125,9.125335813,8.421383393,9.200438783,484,24,463,29,508,492
5,1000,10,7.7,28,103,938,35,17,10,62,9.412224315,105,125,11.03724044,9.472904923,8.895873073,9.873811031,453,19,485,43,472,528
8,1000,10,7.7,28,100,936,42,17,5,64,9.378985009,98,109,10.29184305,9.14493426,8.833767799,9.886310675,457,25,479,39,482,518
6,1000,10,7.7,28,99,942,32,18,8,58,9.020699104,109,109,10.6365697,9.19918283,8.472329925,9.593739288,485,26,457,32,511,489
3,1000,10,7.7,28,103,942,35,14,9,58,9.477104902,102,103,10.75030576,9.274597163,8.988189448,9.915922757,456,17,486,41,473,527
2,1000,10,7.7,28,98,952,32,5,11,48,9.027172269,95,116,10.75128566,9.152538235,8.711728851,9.323053305,464,20,488,28,484,516
1,1000,10,7.7,28,86,960,26,11,3,40,8.581454912,79,114,10.82669538,9.061601616,7.983746123,9.172033974,483,14,477,26,497,503
7,1000,10,7.7,28,100,939,39,11,11,61,9.13153231,96,121,10.89303583,9.393871038,8.848381358,9.40249281,460,29,479,32,489,511
4,1000,10,7.7,28,99,948,30,15,7,52,8.823132658,95,126,11.20337967,9.117766115,8.443874177,9.214724748,484,24,464,28,508,492
5,1000,10,7.7,28,104,937,36,16,11,63,9.44451534,102,118,11.0557969,9.484571364,8.962040378,9.875818714,452,20,485,43,472,528
9,1000,10,7.7,28,0,947,31,12,10,53,7.054,99,121,10.21252884,8.836580586,6.397683398,7.7593361,499,19,448,34,518,482
8,1000,10,7.7,28,101,935,43,17,5,65,9.386276875,98,109,10.30014933,9.149210127,8.831871933,9.902151744,457,25,478,40,482,518
6,1000,10,7.7,28,100,942,31,18,9,58,9.034373355,97,94,10.65225911,9.201949011,8.467741946,9.626497383,485,26,457,32,511,489
3,1000,10,7.7,28,104,942,35,14,9,58,9.491998856,91,106,10.75692057,9.292851797,9.009115502,9.925402701,456,17,486,41,473,527
10,1000,10,7.7,28,0,931,35,15,19,69,7.554,96,122,10.08064103,9.178661445,6.644710579,8.466933868,478,23,453,46,501,499
2,1000,10,7.7,28,99,952,32,5,11,48,9.035574388,87,103,10.78421828,9.152185674,8.741245633,9.311650197,464,20,488,28,484,516
7,1000,10,7.7,28,101,939,40,11,10,61,9.166358065,92,116,10.88801082,9.380091581,8.868791467,9.451113577,459,30,480,31,489,511
4,1000,10,7.7,28,100,949,30,14,7,51,8.848863299,116,113,11.19315483,9.12364664,8.463600023,9.246655462,485,23,464,28,508,492
1,1000,10,7.7,28,87,960,26,11,3,40,8.617920373,99,106,10.83052419,9.063230882,8.048038581,9.18100437,483,14,477,26,497,503
8,1000,10,7.7,28,102,937,40,17,6,63,9.415579611,93,106,10.33045744,9.139589012,8.871471405,9.921873347,456,26,481,37,482,518
9,1000,10,7.7,28,1,947,30,13,10,53,7.12683091,88,99,10.21420308,8.834174483,6.442334551,7.862451479,499,19,448,34,518,482
6,1000,10,7.7,28,101,943,29,18,10,57,9.019436184,90,104,10.65244674,9.199887193,8.48974933,9.572953531,485,26,458,31,511,489
10,1000,10,7.7,28,1,934,34,13,19,66,7.55812949,85,103,10.07673955,9.16607915,6.626291651,8.49370215,480,21,454,45,501,499
2,1000,10,7.7,28,100,951,33,5,11,49,9.070059596,96,118,10.79676028,9.151471355,8.777298582,9.344664889,464,20,487,29,484,516
7,1000,10,7.7,28,102,939,40,10,11,61,9.185625082,95,106,10.89193125,9.390626306,8.895493502,9.463265674,459,30,480,31,489,511
4,1000,10,7.7,28,101,948,31,14,7,52,8.872544311,101,111,11.21218854,9.1288267,8.49127372,9.266213946,484,24,464,28,508,492
8,1000,10,7.7,28,103,936,41,17,6,64,9.450922335,108,116,10.33505397,9.137832304,8.915191337,9.949421062,456,26,480,38,482,518
1,1000,10,7.7,28,88,960,27,11,2,40,8.595497623,96,118,10.85121015,9.052106997,8.068895899,9.115817816,483,14,477,26,497,503
6,1000,10,7.7,28,102,944,29,17,10,56,9.01902832,98,102,10.6656477,9.209299446,8.520157456,9.540343271,485,26,459,30,511,489
9,1000,10,7.7,28,2,947,31,13,9,53,7.139722658,93,132,10.21618284,8.832082065,6.461293058,7.868823348,499,19,448,34,518,482
10,1000,10,7.7,28,2,934,34,13,19,66,7.573749501,89,114,10.07492453,9.174160717,6.674059136,8.477045839,480,21,454,45,501,499
2,1000,10,7.7,28,101,952,31,6,11,48,9.058960448,97,101,10.79944448,9.147526834,8.786744039,9.314295219,464,20,488,28,484,516
7,1000,10,7.7,28,103,939,38,12,11,61,9.246841709,98,97,10.88472794,9.387822432,8.947042031,9.533734159,459,30,480,31,489,511
4,1000,10,7.7,28,102,947,31,15,7,53,8.884394728,95,120,11.20084371,9.132387077,8.479691222,9.302259324,484,24,463,29,508,492
8,1000,10,7.7,28,104,935,42,17,6,65,9.486089948,102,106,10.3340976,9.110762556,8.969032206,9.967213174,456,26,479,39,482,518
11,1000,10,7.7,28,0,934,33,17,16,66,7.284,86,100,9.971746338,9.062018199,6.59765625,8.004098361,492,20,442,46,512,488
6,1000,10,7.7,28,103,942,30,17,11,58,9.048138563,93,119,10.66635342,9.203521622,8.564593232,9.55343849,483,28,459,30,511,489
9,1000,10,7.7,28,3,946,33,13,8,54,7.187705794,99,113,10.25326788,8.830289688,6.540498341,7.883252394,499,19,447,35,518,482
1,1000,10,7.7,28,89,960,27,11,2,40,8.578790487,122,131,10.85622615,9.054401018,8.069977152,9.081534478,483,14,477,26,497,503
10,1000,10,7.7,28,3,935,34,12,19,65,7.622306851,94,113,10.09113157,9.19217779,6.754541298,8.493550423,480,21,455,44,501,499
2,1000,10,7.7,28,102,951,33,5,11,49,9.062004476,93,106,10.80526551,9.157679536,8.785801375,9.321078703,463,21,488,28,484,516
7,1000,10,7.7,28,104,940,37,12,11,60,9.267675268,90,103,10.89546473,9.413079469,8.962331465,9.559873154,460,29,480,31,489,511
12,1000,10,7.7,28,0,939,34,17,10,61,7.181,78,103,10.15549547,8.922265315,6.83014862,7.493383743,446,25,493,36,471,529
4,1000,10,7.7,28,103,946,31,16,7,54,8.928463196,108,117,11.214127,9.12313448,8.52855379,9.341377786,483,25,463,29,508,492
6,1000,10,7.7,28,104,942,30,17,11,58,9.046335136,93,112,10.6812458,9.213611586,8.58623419,9.527135919,483,28,459,30,511,489
11,1000,10,7.7,28,1,934,32,18,16,66,7.312412643,97,99,9.986385311,9.075956517,6.639487122,8.018432862,492,20,442,46,512,488
13,1000,10,7.7,28,0,930,35,17,18,70,7.386,90,111,10.26657051,9.026212801,6.242971888,8.519920319,472,26,458,44,498,502
9,1000,10,7.7,28,4,945,34,13,8,55,7.272721195,84,104,10.26762276,8.851226874,6.659532181,7.931708559,498,20,447,35,518,482
1,1000,10,7.7,28,90,962,26,10,2,38,8.570311566,91,108,10.86522066,9.069430052,8.077647882,9.057098546,483,14,479,24,497,503
2,1000,10,7.7,28,103,954,30,4,12,46,9.059958333,102,126,10.80829527,9.163126519,8.780192604,9.322374249,464,20,490,26,484,516
10,1000,10,7.7,28,4,936,33,12,19,64,7.606173972,104,114,10.10931635,9.197986796,6.771689665,8.444002905,480,21,456,43,501,499
4,1000,10,7.7,28,104,946,31,16,7,54,8.932937198,93,123,11.2213602,9.116534907,8.511522158,9.368056791,483,25,463,29,508,492
12,1000,10,7.7,28,1,940,34,17,9,60,7.215640246,95,121,10.16790349,8.911409391,6.892235742,7.503586411,446,25,494,35,471,529
14,1000,10,7.7,28,0,938,32,12,18,62,7.273,103,118,10.26751301,8.864308053,6.266384778,8.176470588,452,21,486,41,473,527
11,1000,10,7.7,28,2,935,31,17,17,65,7.333568576,104,107,9.991055575,9.111621144,6.639534191,8.061735798,492,20,443,45,512,488
13,1000,10,7.7,28,1,930,35,17,18,70,7.431937222,94,103,10.28398495,9.026968759,6.266921932,8.587669522,472,26,458,44,498,502
9,1000,10,7.7,28,5,945,34,12,9,55,7.32208459,94,113,10.26949939,8.876360005,6.69292171,7.998238888,498,20,447,35,518,482
2,1000,10,7.7,28,104,953,31,4,12,47,9.053474329,109,112,10.80580051,9.163326197,8.785127561,9.305179438,464,20,489,27,484,516
15,1000,10,7.7,28,0,943,30,13,14,57,7.094,92,111,10.06014352,8.987064993,6.064393939,8.245762712,508,20,435,37,528,472
1,1000,10,7.7,28,91,963,26,9,2,37,8.565601838,77,109,10.87843032,9.069589385,8.07703695,9.048338913,483,14,480,23,497,503
10,1000,10,7.7,28,5,937,33,11,19,63,7.619215321,102,103,10.12295144,9.208640699,6.787430036,8.454334415,480,21,457,42,501,499
12,1000,10,7.7,28,2,941,33,17,9,59,7.234966844,89,103,10.1700974,8.91623209,6.908130582,7.525968506,447,24,494,35,471,529
14,1000,10,7.7,28,1,937,34,12,17,63,7.307199052,108,126,10.27535843,8.864558667,6.292520419,8.21790682,451,22,486,41,473,527
11,1000,10,7.7,28,3,935,31,17,17,65,7.340299019,101,109,9.995690125,9.115225588,6.660449652,8.053583602,492,20,443,45,512,488
13,1000,10,7.7,28,2,931,32,19,18,69,7.509093507,97,113,10.29357252,9.061618025,6.404745652,8.604641777,473,25,458,44,498,502
9,1000,10,7.7,28,6,946,34,11,9,54,7.344113549,85,105,10.29053242,8.894622791,6.761210881,7.970552517,498,20,448,34,518,482
15,1000,10,7.7,28,1,945,29,12,14,55,7.109478195,104,113,10.06273783,8.98340559,6.069564375,8.272771621,509,19,436,36,528,472
1,1000,10,7.7,28,92,963,25,10,2,37,8.58729544,81,110,10.88392608,9.080182598,8.126315989,9.042776131,483,14,480,23,497,503
10,1000,10,7.7,28,6,939,33,10,18,61,7.613770681,97,104,10.15388829,9.21503008,6.770791759,8.460128277,481,20,458,41,501,499
12,1000,10,7.7,28,3,941,33,17,9,59,7.251013859,99,91,10.17055603,8.92743308,6.882931345,7.5787395,448,23,493,36,471,529
14,1000,10,7.7,28,2,937,34,12,17,63,7.32005223,76,96,10.27515331,8.872500035,6.312895369,8.224008957,451,22,486,41,473,527
11,1000,10,7.7,28,4,937,29,17,17,63,7.344355922,86,104,9.988110172,9.125758894,6.66651009,8.055538435,492,20,445,43,512,488
13,1000,10,7.7,28,3,931,33,17,19,69,7.535022462,107,126,10.31140243,9.080240626,6.414722112,8.646396116,472,26,459,43,498,502
9,1000,10,7.7,28,7,944,36,11,9,56,7.381358556,98,101,10.29365175,8.884474351,6.778107367,8.02966585,498,20,446,36,518,482
15,1000,10,7.7,28,2,945,28,13,14,55,7.148052001,93,87,10.062027,8.988219957,6.096839746,8.323984354,509,19,436,36,528,472
1,1000,10,7.7,28,93,963,25,9,3,37,8.603797865,84,113,10.90009673,9.087100862,8.141867847,9.060217782,483,14,480,23,497,503
10,1000,10,7.7,28,7,940,32,10,18,60,7.638598095,99,103,10.16553521,9.219609439,6.839093217,8.441307402,482,19,458,41,501,499
12,1000,10,7.7,28,4,942,31,18,9,58,7.245010875,93,105,10.17954966,8.933035383,6.874818905,7.57461469,448,23,494,35,471,529
14,1000,10,7.7,28,3,937,34,12,17,63,7.3229097,93,111,10.28165072,8.878841653,6.310843988,8.231272285,451,22,486,41,473,527
11,1000,10,7.7,28,5,937,29,17,17,63,7.366630144,100,110,10.00487235,9.130047374,6.678357025,8.088752762,492,20,445,43,512,488
13,1000,10,7.7,28,4,933,31,17,19,67,7.568595062,99,108,10.3189115,9.094543589,6.38613071,8.741637388,474,24,459,43,498,502
9,1000,10,7.7,28,8,944,35,12,9,56,7.431597582,89,103,10.30866558,8.89744469,6.841650261,8.065607359,498,20,446,36,518,482
15,1000,10,7.7,28,3,947,27,12,14,53,7.163877495,106,108,10.08203708,8.999192124,6.109865691,8.342941545,510,18,437,35,528,472
10,1000,10,7.7,28,8,940,32,10,18,60,7.644633142,113,109,10.17757499,9.207958731,6.851987512,8.440455708,482,19,458,41,501,499
1,1000,10,7.7,28,94,963,25,9,3,37,8.610077264,95,108,10.89864462,9.109530089,8.154224897,9.060492029,483,14,480,23,497,503
12,1000,10,7.7,28,5,941,33,17,9,59,7.273627332,94,108,10.15625394,8.925661443,6.901213409,7.605209482,448,23,493,36,471,529
11,1000,10,7.7,28,6,937,29,18,16,63,7.366381762,88,118,10.01248921,9.12469044,6.667520467,8.099613283,492,20,445,43,512,488
14,1000,10,7.7,28,4,939,33,12,16,61,7.336182346,83,120,10.29894991,8.87645738,6.375718891,8.19823019,452,21,487,40,473,527
13,1000,10,7.7,28,5,932,32,17,19,68,7.617220429,85,117,10.31618418,9.087492911,6.435622053,8.789403678,474,24,458,44,498,502
9,1000,10,7.7,28,9,943,36,12,9,57,7.461307247,94,114,10.3081702,8.882916726,6.854294419,8.113657134,499,19,444,38,518,482
15,1000,10,7.7,28,4,947,27,12,14,53,7.220125799,101,117,10.06521113,9.005807149,6.175157685,8.38907318,510,18,437,35,528,472
10,1000,10,7.7,28,9,943,30,9,18,57,7.675510554,86,123,10.19780718,9.211485799,6.904636519,8.449474266,482,19,461,38,501,499
12,1000,10,7.7,28,6,941,33,17,9,59,7.264285764,84,120,10.14619438,8.939962412,6.901888424,7.586949558,448,23,493,36,471,529
1,1000,10,7.7,28,95,964,25,8,3,36,8.616686588,102,117,10.87844508,9.115654311,8.19309528,9.035225118,483,14,481,22,497,503
11,1000,10,7.7,28,7,938,28,18,16,62,7.359845917,104,98,10.03292555,9.135620393,6.68004467,8.073080013,492,20,446,42,512,488
14,1000,10,7.7,28,5,939,33,12,16,61,7.34939653,93,99,10.3162675,8.877565458,6.368714501,8.229591216,452,21,487,40,473,527
13,1000,10,7.7,28,6,934,31,16,19,66,7.643355796,85,114,10.31868057,9.088882009,6.474486276,8.802911615,474,24,460,42,498,502
9,1000,10,7.7,28,10,945,34,12,9,55,7.457144588,88,112,10.31805342,8.895812232,6.861935747,8.096808861,500,18,445,37,518,482
15,1000,10,7.7,28,5,947,26,13,14,53,7.262718591,95,108,10.07016014,8.996634567,6.226373841,8.422019498,510,18,437,35,528,472
10,1000,10,7.7,28,10,946,28,8,18,54,7.697858821,101,103,10.20147791,9.230118677,6.935643945,8.463128667,482,19,464,35,501,499
12,1000,10,7.7,28,7,940,34,17,9,60,7.290111888,101,79,10.14668344,8.930323173,6.95629304,7.58733056,447,24,493,36,471,529
1,1000,10,7.7,28,96,963,25,9,3,37,8.616243241,92,120,10.90351693,9.1266883,8.160272053,9.066775409,483,14,480,23,497,503
11,1000,10,7.7,28,8,938,29,18,15,62,7.385220114,91,104,10.03341075,9.122486898,6.689973754,8.114658917,492,20,446,42,512,488
14,1000,10,7.7,28,6,940,32,11,17,60,7.385312042,86,120,10.3168678,8.87190682,6.414695462,8.256472654,451,22,489,38,473,527
13,1000,10,7.7,28,7,934,30,16,20,66,7.677611469,76,107,10.32604742,9.085623025,6.516165012,8.829803372,474,24,460,42,498,502
9,1000,10,7.7,28,11,947,32,12,9,53,7.454710913,76,95,10.31424847,8.887394928,6.853737899,8.100569878,502,16,445,37,518,482
15,1000,10,7.7,28,6,947,26,14,13,53,7.253903975,108,105,10.09300536,8.999180775,6.222316768,8.407882885,510,18,437,35,528,472
10,1000,10,7.7,28,11,946,29,8,17,54,7.706249334,99,114,10.2069293,9.221163121,6.918032537,8.497625315,482,19,464,35,501,499
12,1000,10,7.7,28,8,941,34,17,8,59,7.317252724,80,103,10.16925649,8.923192565,6.98966877,7.6089201,448,23,493,36,471,529
11,1000,10,7.7,28,9,941,27,18,14,59,7.358999744,78,125,10.05432504,9.13861473,6.655863642,8.096716309,493,19,448,40,512,488
1,1000,10,7.7,28,97,964,24,9,3,36,8.611129418,91,111,10.90555582,9.115720891,8.171036867,9.045972356,483,14,481,22,497,503
14,1000,10,7.7,28,7,940,32,11,17,60,7.422769612,90,117,10.31673754,8.872252998,6.485257539,8.264217828,450,23,490,37,473,527
13,1000,10,7.7,28,8,933,31,16,20,67,7.718426994,90,111,10.30663942,9.093143609,6.572914225,8.85481217,474,24,459,43,498,502
9,1000,10,7.7,28,12,948,31,11,10,52,7.473101378,93,108,10.32265458,8.889605334,6.863973557,8.127724224,502,16,446,36,518,482
15,1000,10,7.7,28,7,945,29,12,14,55,7.298754753,88,113,10.08149322,8.976939966,6.24467114,8.477899134,509,19,436,36,528,472
12,1000,10,7.7,28,9,943,32,16,9,57,7.345428994,90,104,10.18413585,8.930531291,7.02348753,7.632072528,449,22,494,35,471,529
10,1000,10,7.7,28,12,946,31,8,15,54,7.723580131,93,109,10.21342925,9.220240345,6.97784926,8.472299903,481,20,465,34,501,499
11,1000,10,7.7,28,10,941,27,18,14,59,7.410900687,83,112,10.06287914,9.135171359,6.721075734,8.134651458,493,19,448,40,512,488
14,1000,10,7.7,28,8,939,33,11,17,61,7.483339636,80,101,10.33485087,8.886658769,6.553034968,8.318318968,450,23,489,38,473,527
1,1000,10,7.7,28,98,964,24,9,3,36,8.628801928,107,120,10.91304655,9.098882317,8.167199296,9.084898365,484,13,480,23,497,503
13,1000,10,7.7,28,9,933,31,16,20,67,7.726528112,113,94,10.3272207,9.10036004,6.588007178,8.855977165,475,23,458,44,498,502
9,1000,10,7.7,28,13,949,31,11,9,51,7.494775698,87,119,10.31189713,8.881718426,6.891112057,8.143526249,502,16,447,35,518,482
15,1000,10,7.7,28,8,944,30,12,14,56,7.311287625,105,105,10.09395239,8.992376091,6.241261543,8.508265954,509,19,435,37,528,472
12,1000,10,7.7,28,10,949,29,13,9,51,7.308408718,101,101,10.195656,8.92945062,7.015289474,7.569390124,450,21,499,30,471,529
10,1000,10,7.7,28,13,946,32,7,15,54,7.754403816,109,120,10.2185039,9.225952638,6.989540327,8.52233289,481,20,465,34,501,499
11,1000,10,7.7,28,11,940,28,18,14,60,7.483093078,104,90,10.05191046,9.129318775,6.802454863,8.197205304,493,19,447,41,512,488
14,1000,10,7.7,28,9,939,33,11,17,61,7.499518991,92,93,10.33878139,8.894211115,6.606976238,8.300605751,450,23,489,38,473,527
13,1000,10,7.7,28,10,935,29,16,20,65,7.72725959,84,104,10.33452692,9.109139689,6.576760605,8.868591252,476,22,459,43,498,502
9,1000,10,7.7,28,14,950,30,11,9,50,7.515844893,93,129,10.29965889,8.893376196,6.920745444,8.155391604,503,15,447,35,518,482
15,1000,10,7.7,28,9,942,32,12,14,58,7.357716611,92,117,10.09617867,8.992017191,6.288291115,8.554023097,508,20,434,38,528,472
1,1000,10,7.7,28,99,964,24,9,3,36,8.640767646,92,115,10.92160714,9.105278607,8.146572839,9.129067484,484,13,480,23,497,503
12,1000,10,7.7,28,11,952,26,13,9,48,7.29554819,93,123,10.18208382,8.942645103,7.012727542,7.547360148,451,20,501,28,471,529
11,1000,10,7.7,28,12,943,25,18,14,57,7.505873255,110,115,10.04106711,9.127814368,6.868636364,8.174449666,493,19,450,38,512,488
10,1000,10,7.7,28,14,947,32,7,14,53,7.771567809,99,114,10.21686948,9.229723179,7.003187188,8.543028112,482,19,465,34,501,499
14,1000,10,7.7,28,10,937,34,12,17,63,7.550837472,101,106,10.34622333,8.892779756,6.687255673,8.325930813,448,25,489,38,473,527
13,1000,10,7.7,28,11,936,30,15,19,64,7.718489443,98,109,10.33761487,9.13184871,6.560634314,8.867118634,477,21,459,43,498,502
9,1000,10,7.7,28,15,950,29,12,9,50,7.527559334,82,125,10.30474827,8.887509861,6.891118476,8.211535194,503,15,447,35,518,482
15,1000,10,7.7,28,10,941,33,12,14,59,7.421643787,100,103,10.12044238,8.997879979,6.342528043,8.628790212,508,20,433,39,528,472
1,1000,10,7.7,28,100,965,24,8,3,35,8.664811605,79,137,10.92198494,9.115696022,8.128135396,9.195086109,485,12,480,23,497,503
12,1000,10,7.7,28,12,951,27,13,9,49,7.276717577,103,117,10.17580328,8.958217206,7.029993051,7.496391022,451,20,500,29,471,529
11,1000,10,7.7,28,13,944,25,17,14,56,7.523499816,78,108,10.05335377,9.130361502,6.909307762,8.167898038,493,19,451,37,512,488
10,1000,10,7.7,28,15,948,31,7,14,52,7.767411356,102,110,10.20934893,9.219647716,6.968386451,8.569638765,483,18,465,34,501,499
14,1000,10,7.7,28,11,938,33,12,17,62,7.567524124,103,104,10.33131636,8.90322206,6.709931731,8.337241775,447,26,491,36,473,527
13,1000,10,7.7,28,12,933,33,15,19,67,7.766383031,103,108,10.35145034,9.143890993,6.634035576,8.889707798,475,23,458,44,498,502
9,1000,10,7.7,28,16,950,29,12,9,50,7.515508921,92,121,10.31100172,8.89200829,6.903966108,8.172727132,502,16,448,34,518,482
15,1000,10,7.7,28,11,939,35,12,14,61,7.448334947,94,98,10.11795732,9.00231398,6.414242957,8.605115817,507,21,432,40,528,472
1,1000,10,7.7,28,101,962,26,9,3,38,8.691822204,83,132,10.91999665,9.128400926,8.171882935,9.205559414,483,14,479,24,497,503
11,1000,10,7.7,28,14,944,24,18,14,56,7.533095807,89,97,10.0632624,9.107142521,6.912235672,8.184490047,493,19,451,37,512,488
12,1000,10,7.7,28,13,950,28,13,9,50,7.298126632,95,127,10.18474208,8.952468676,7.017207227,7.548245799,452,19,498,31,471,529
10,1000,10,7.7,28,16,948,30,8,14,52,7.79903579,96,116,10.22128261,9.211568067,7.001132246,8.600137345,484,17,464,35,501,499
14,1000,10,7.7,28,12,939,34,10,17,61,7.561232947,100,104,10.33786554,8.909027676,6.678471963,8.353540244,449,24,490,37,473,527
13,1000,10,7.7,28,13,933,34,14,19,67,7.782937995,84,109,10.34303379,9.13262193,6.69899769,8.858241326,474,24,459,43,498,502
9,1000,10,7.7,28,17,950,28,12,10,50,7.521119524,103,88,10.3279847,8.889087468,6.865737536,8.225451204,503,15,447,35,518,482
15,1000,10,7.7,28,12,939,35,12,14,61,7.463655879,104,123,10.13015346,8.997748958,6.421787874,8.629135341,508,20,431,41,528,472
11,1000,10,7.7,28,15,945,22,19,14,55,7.574745753,83,109,10.08089123,9.110417724,6.948975638,8.231291446,493,19,452,36,512,488
12,1000,10,7.7,28,14,951,28,12,9,49,7.316388753,89,107,10.20531981,8.956116539,7.103089592,7.506301617,452,19,499,30,471,529
10,1000,10,7.7,28,17,950,29,9,12,50,7.83529793,108,103,10.23906995,9.235431777,7.042106973,8.631668009,485,16,465,34,501,499
1,1000,10,7.7,28,102,963,25,9,3,37,8.696883021,86,118,10.9099428,9.131949551,8.189085279,9.198623533,483,14,480,23,497,503
14,1000,10,7.7,28,13,939,35,10,16,61,7.551305622,108,102,10.33180246,8.897159505,6.69576476,8.319181955,449,24,490,37,473,527
13,1000,10,7.7,28,14,933,34,14,19,67,7.794858503,103,109,10.3519047,9.126695998,6.679909923,8.900923031,474,24,459,43,498,502
9,1000,10,7.7,28,18,950,28,12,10,50,7.569597161,96,111,10.36014742,8.913737173,6.914040399,8.274116669,503,15,447,35,518,482
15,1000,10,7.7,28,13,939,36,11,14,61,7.470403754,95,104,10.13113905,9.006031119,6.39480095,8.67362045,508,20,431,41,528,472
12,1000,10,7.7,28,15,952,28,11,9,48,7.329675252,98,130,10.20629479,8.957024504,7.087861471,7.544976368,453,18,499,30,471,529
11,1000,10,7.7,28,16,946,21,19,14,54,7.585117702,86,117,10.08633154,9.117033998,6.961965043,8.238917212,494,18,452,36,512,488
10,1000,10,7.7,28,18,950,27,11,12,50,7.903836585,104,109,10.23579822,9.239646115,7.081028941,8.729942055,485,16,465,34,501,499
14,1000,10,7.7,28,14,941,33,10,16,59,7.574037604,89,94,10.32152731,8.881164908,6.691327079,8.366299612,451,22,490,37,473,527
13,1000,10,7.7,28,15,935,34,12,19,65,7.791241778,94,103,10.3698491,9.125352637,6.67180488,8.901758861,475,23,460,42,498,502
1,1000,10,7.7,28,103,963,25,9,3,37,8.73025956,93,120,10.92309703,9.14110703,8.236486488,9.218142694,483,14,480,23,497,503
9,1000,10,7.7,28,19,950,29,12,9,50,7.579896769,101,105,10.38139457,8.919731088,6.916879756,8.292433726,503,15,447,35,518,482
15,1000,10,7.7,28,14,940,35,11,14,60,7.443949194,90,118,10.14534619,9.002388359,6.395011466,8.61733716,509,19,431,41,528,472
12,1000,10,7.7,28,16,952,28,11,9,48,7.327284287,93,116,10.2128035,8.967451677,7.068113623,7.558039263,453,18,499,30,471,529
11,1000,10,7.7,28,17,944,23,19,14,56,7.609629196,92,98,10.0933587,9.135766438,6.978902518,8.27137522,494,18,450,38,512,488
10,1000,10,7.7,28,19,950,27,11,12,50,7.936003685,89,114,10.26393605,9.238291384,7.137004712,8.738205059,485,16,465,34,501,499
14,1000,10,7.7,28,15,943,31,10,16,57,7.581594683,90,104,10.31499857,8.895282388,6.720872423,8.354121493,451,22,492,35,473,527
13,1000,10,7.7,28,16,936,33,12,19,64,7.77820006,106,121,10.38638018,9.128729589,6.63648268,8.910820089,476,22,460,42,498,502
9,1000,10,7.7,28,20,951,26,14,9,49,7.585942668,84,108,10.39798948,8.924309432,6.917087726,8.304753581,503,15,448,34,518,482
1,1000,10,7.7,28,104,965,22,10,3,35,8.711627136,96,112,10.95434617,9.164292041,8.209601798,9.2076641,484,13,481,22,497,503
16,1000,10,7.7,28,0,927,36,15,22,73,7.129,101,96,10.0043234,9.17534573,6.096525097,8.238589212,494,24,433,49,518,482
15,1000,10,7.7,28,15,943,31,12,14,57,7.448284082,96,104,10.1503683,8.996985242,6.399115847,8.621929905,510,18,433,39,528,472
12,1000,10,7.7,28,17,953,27,11,9,47,7.334248377,97,121,10.21656009,8.965609234,7.062247669,7.576426702,453,18,500,29,471,529
11,1000,10,7.7,28,18,947,21,17,15,53,7.636789679,98,110,10.10248792,9.141038471,7.023548724,8.280190025,496,16,451,37,512,488
10,1000,10,7.7,28,20,950,27,11,12,50,7.974724325,108,102,10.25755221,9.246029872,7.168423875,8.78425644,485,16,465,34,501,499
14,1000,10,7.7,28,16,942,32,10,16,58,7.605325604,85,104,10.3109875,8.903619136,6.766191021,8.358476756,451,22,491,36,473,527
9,1000,10,7.7,28,21,953,25,13,9,47,7.588123938,88,100,10.42218458,8.91704051,6.900674917,8.3269177,505,13,448,34,518,482
13,1000,10,7.7,28,17,938,30,13,19,62,7.786510526,98,118,10.37537421,9.137590814,6.638910483,8.924966345,477,21,461,41,498,502
15,1000,10,7.7,28,16,944,30,12,14,56,7.460347333,87,85,10.15358573,9.002793476,6.41030969,8.634965714,510,18,434,38,528,472
16,1000,10,7.7,28,1,928,35,15,22,72,7.150691981,92,103,10.02534557,9.161493882,6.094559149,8.285706105,495,23,433,49,518,482
12,1000,10,7.7,28,18,953,27,11,9,47,7.355335007,91,103,10.22535465,8.966562703,7.082165283,7.598554174,453,18,500,29,471,529
11,1000,10,7.7,28,19,947,22,17,14,53,7.62205191,99,85,10.11238111,9.140549687,7.071501146,8.19967894,496,16,451,37,512,488
10,1000,10,7.7,28,21,950,26,12,12,50,7.992360615,94,106,10.26217015,9.257136923,7.156041614,8.832031596,485,16,465,34,501,499
14,1000,10,7.7,28,17,939,35,10,16,61,7.651397095,87,115,10.32741855,8.893314342,6.811729686,8.405026478,450,23,489,38,473,527
9,1000,10,7.7,28,22,952,26,13,9,48,7.593564711,104,94,10.43115595,8.913437236,6.913702265,8.324205265,504,14,448,34,518,482
13,1000,10,7.7,28,18,939,29,13,19,61,7.804872212,107,95,10.36977301,9.1449164,6.684033863,8.916779578,477,21,462,40,498,502
15,1000,10,7.7,28,17,946,28,12,14,54,7.453231482,81,96,10.15862868,9.014437982,6.383073783,8.650357044,512,16,434,38,528,472
11,1000,10,7.7,28,20,947,22,17,14,53,7.633414036,94,98,10.1127258,9.145645597,7.088797636,8.204814849,496,16,451,37,512,488
12,1000,10,7.7,28,19,954,26,11,9,46,7.389995757,88,99,10.22103872,8.946353483,7.078560759,7.667284763,454,17,500,29,471,529
16,1000,10,7.7,28,2,929,33,16,22,71,7.173069874,96,94,10.03304476,9.149476608,6.105504546,8.320370373,495,23,434,48,518,482
10,1000,10,7.7,28,22,951,27,11,11,49,7.977675766,106,103,10.28518947,9.238930406,7.160592325,8.798034091,485,16,466,33,501,499
14,1000,10,7.7,28,18,939,36,10,15,61,7.681025686,68,107,10.34476839,8.880986144,6.843759265,8.432500102,450,23,489,38,473,527
9,1000,10,7.7,28,23,952,25,14,9,48,7.623264749,94,100,10.45519757,8.918480592,6.966426575,8.329161376,504,14,448,34,518,482
13,1000,10,7.7,28,19,940,27,14,19,60,7.84140947,95,108,10.3915913,9.151842753,6.728863888,8.945090147,478,20,462,40,498,502
15,1000,10,7.7,28,18,944,30,12,14,56,7.479708185,85,99,10.15570463,9.003746521,6.4282166,8.655953009,511,17,433,39,528,472
11,1000,10,7.7,28,21,946,22,16,16,54,7.668255839,100,107,10.1301498,9.164467781,7.113987695,8.249783072,495,17,451,37,512,488
12,1000,10,7.7,28,20,954,26,10,10,46,7.433613323,96,103,10.23490209,8.945429225,7.094365345,7.73566587,454,17,500,29,471,529
10,1000,10,7.7,28,23,951,28,11,10,49,7.954485866,117,109,10.27772213,9.247710481,7.111762685,8.800586696,485,16,466,33,501,499
14,1000,10,7.7,28,19,939,37,10,14,61,7.67561825,79,106,10.36542145,8.892220228,6.840925379,8.424782819,450,23,489,38,473,527
16,1000,10,7.7,28,3,929,33,16,22,71,7.219330039,79,107,10.02551518,9.154397081,6.126440009,8.393846711,496,22,433,49,518,482
9,1000,10,7.7,28,24,954,24,13,9,46,7.636079962,99,110,10.48280781,8.934180051,6.982695534,8.338264887,505,13,449,33,518,482
13,1000,10,7.7,28,20,942,26,13,19,58,7.866172822,87,89,10.39705868,9.155132047,6.759900581,8.963630144,478,20,464,38,498,502
15,1000,10,7.7,28,19,945,29,12,14,55,7.515464606,106,92,10.15316568,8.99830957,6.484798415,8.668413227,511,17,434,38,528,472
11,1000,10,7.7,28,22,946,22,16,16,54,7.710587952,97,119,10.133241,9.14991913,7.135611133,8.31384232,495,17,451,37,512,488
12,1000,10,7.7,28,21,954,26,10,10,46,7.446155707,112,107,10.24804532,8.928924004,7.107269119,7.747886488,454,17,500,29,471,529
10,1000,10,7.7,28,24,952,29,10,9,48,7.968941715,96,104,10.28424072,9.257666099,7.124914508,8.816351796,486,15,466,33,501,499
14,1000,10,7.7,28,20,940,36,10,14,60,7.692466474,86,96,10.35851721,8.892670647,6.841013601,8.456673702,450,23,490,37,473,527
9,1000,10,7.7,28,25,955,23,13,9,45,7.637522272,96,117,10.49261392,8.969290753,6.998051399,8.324754455,505,13,450,32,518,482
13,1000,10,7.7,28,21,943,25,13,19,57,7.862606185,99,97,10.40706235,9.16373263,6.771388219,8.945129186,477,21,466,36,498,502
16,1000,10,7.7,28,4,930,32,16,22,70,7.214942265,85,112,10.01958554,9.183316062,6.130028788,8.380886625,497,21,433,49,518,482
15,1000,10,7.7,28,20,944,30,12,14,56,7.516819498,92,93,10.2036837,9.003607563,6.503345072,8.650536653,510,18,434,38,528,472
11,1000,10,7.7,28,23,949,20,15,16,51,7.704606945,96,125,10.13369806,9.155106352,7.14633005,8.29034008,495,17,454,34,512,488
12,1000,10,7.7,28,22,954,26,10,10,46,7.48655071,99,108,10.25885998,8.945473016,7.161964629,7.775548904,454,17,500,29,471,529
10,1000,10,7.7,28,25,952,30,9,9,48,7.984530746,95,103,10.28278207,9.262896701,7.133043699,8.839430567,486,15,466,33,501,499
14,1000,10,7.7,28,21,940,36,10,14,60,7.721875223,103,121,10.360422,8.900686661,6.872023503,8.484645363,449,24,491,36,473,527
9,1000,10,7.7,28,26,956,23,12,9,44,7.620274483,109,108,10.51148942,8.992213889,6.99835033,8.288649402,505,13,451,31,518,482
13,1000,10,7.7,28,22,943,26,13,18,57,7.850191207,82,110,10.42173929,9.18785957,6.788291751,8.903629313,478,20,465,37,498,502
15,1000,10,7.7,28,21,945,31,9,15,55,7.523049258,81,97,10.20190934,8.977227451,6.499176161,8.668398824,511,17,434,38,528,472
16,1000,10,7.7,28,5,930,31,17,22,70,7.265423803,84,100,10.0244974,9.174107913,6.173189915,8.439235327,497,21,433,49,518,482
11,1000,10,7.7,28,24,949,20,15,16,51,7.72029194,97,114,10.12058487,9.172662233,7.18536712,8.281524539,495,17,454,34,512,488
12,1000,10,7.7,28,23,955,24,11,10,45,7.512836609,96,107,10.26863751,8.942919219,7.21309154,7.779717379,455,16,500,29,471,529
14,1000,10,7.7,28,22,941,35,10,14,59,7.763263422,101,109,10.33709461,8.909496505,6.897085816,8.540686586,450,23,491,36,473,527
10,1000,10,7.7,28,26,950,31,10,9,50,8.005916964,96,110,10.30300838,9.260429359,7.107602799,8.907831586,487,14,463,36,501,499
9,1000,10,7.7,28,27,957,22,12,9,43,7.620209367,102,112,10.53715759,9.013020472,7.008850889,8.277229473,505,13,452,30,518,482
13,1000,10,7.7,28,23,943,29,12,16,57,7.864068794,98,123,10.41781738,9.200749753,6.761284296,8.958066164,478,20,465,37,498,502
15,1000,10,7.7,28,22,946,31,9,14,54,7.528360493,87,102,10.21646907,8.969241426,6.502107668,8.676372127,512,16,434,38,528,472
16,1000,10,7.7,28,6,929,32,17,22,71,7.29817919,113,102,10.04039028,9.168864417,6.197515494,8.481050134,497,21,432,50,518,482
11,1000,10,7.7,28,25,952,20,14,14,48,7.669424153,98,111,10.11823736,9.185393254,7.112151613,8.254103538,497,15,455,33,512,488
12,1000,10,7.7,28,24,955,24,11,10,45,7.534422137,95,107,10.26234112,8.944913713,7.246332116,7.790925729,455,16,500,29,471,529
14,1000,10,7.7,28,23,941,35,9,15,59,7.79729682,92,109,10.35861911,8.920075458,6.926649334,8.578731849,450,23,491,36,473,527
10,1000,10,7.7,28,27,950,31,10,9,50,8.021617936,107,115,10.31684145,9.257248665,7.124989691,8.921839882,487,14,463,36,501,499
9,1000,10,7.7,28,28,956,22,13,9,44,7.660558254,92,132,10.55883184,9.016843134,7.035506466,8.332294407,505,13,451,31,518,482
13,1000,10,7.7,28,24,945,28,11,16,55,7.861028668,100,94,10.42931466,9.214649415,6.771209713,8.942163807,479,19,466,36,498,502
15,1000,10,7.7,28,23,946,32,9,13,54,7.543270533,79,128,10.23303737,8.982988381,6.528583009,8.678344712,512,16,434,38,528,472
11,1000,10,7.7,28,26,953,20,13,14,47,7.671740138,102,94,10.12344602,9.192684782,7.153507643,8.215459478,497,15,456,32,512,488
16,1000,10,7.7,28,7,930,33,17,20,70,7.318513045,112,108,10.03591521,9.191825996,6.244562403,8.472675769,497,21,433,49,518,482
12,1000,10,7.7,28,25,955,23,12,10,45,7.554600795,76,117,10.25425604,8.949123018,7.252663228,7.823433676,454,17,501,28,471,529
14,1000,10,7.7,28,24,943,34,8,15,57,7.7885853,97,111,10.35964122,8.93538647,6.947484578,8.543501128,450,23,493,34,473,527
10,1000,10,7.7,28,28,949,33,10,8,51,8.034969786,72,116,10.32296937,9.256264956,7.146283397,8.927218045,487,14,462,37,501,499
13,1000,10,7.7,28,25,946,27,11,16,54,7.860654096,109,117,10.42953002,9.225096446,6.78986074,8.922915234,480,18,466,36,498,502
9,1000,10,7.7,28,29,956,21,13,10,44,7.690192693,110,120,10.58205224,9.017330375,7.018364413,8.412199019,505,13,451,31,518,482
15,1000,10,7.7,28,24,948,30,9,13,52,7.534762897,100,105,10.2267467,8.982271898,6.537388655,8.650469676,512,16,436,36,528,472
11,1000,10,7.7,28,27,953,20,13,14,47,7.67083061,88,114,10.14062883,9.194785579,7.129561512,8.2387195,497,15,456,32,512,488
12,1000,10,7.7,28,26,956,24,10,10,44,7.59579407,100,100,10.24645385,8.9651595,7.29058955,7.867535713,454,17,502,27,471,529
10,1000,10,7.7,28,29,949,33,10,8,51,8.053280981,93,110,10.33185912,9.264295571,7.165945548,8.944172869,487,14,462,37,501,499
14,1000,10,7.7,28,25,942,34,9,15,58,7.792323501,87,115,10.36488992,8.95110964,6.960723527,8.538712092,450,23,492,35,473,527
16,1000,10,7.7,28,8,931,33,17,19,69,7.344450956,106,123,10.05432053,9.194270151,6.296735483,8.470419037,497,21,434,48,518,482
13,1000,10,7.7,28,26,945,28,10,17,55,7.891309653,105,108,10.45609171,9.235604394,6.826473063,8.947661489,479,19,466,36,498,502
9,1000,10,7.7,28,30,955,22,13,10,45,7.749865061,80,106,10.58513413,9.019613937,7.046708553,8.505539483,504,14,451,31,518,482
15,1000,10,7.7,28,25,948,30,9,13,52,7.573401038,96,100,10.23819539,8.975518484,6.563784631,8.702802442,512,16,436,36,528,472
11,1000,10,7.7,28,28,951,22,13,14,49,7.668684746,99,107,10.15624839,9.212480029,7.0991665,8.266212086,496,16,455,33,512,488
12,1000,10,7.7,28,27,956,23,11,10,44,7.619181684,104,104,10.25423156,8.964810229,7.285129917,7.916607737,454,17,502,27,471,529
10,1000,10,7.7,28,30,950,33,9,8,50,8.067458245,102,106,10.35236669,9.260139998,7.166499397,8.97202815,487,14,463,36,501,499
14,1000,10,7.7,28,26,944,33,8,15,56,7.804109439,72,116,10.37847006,8.964996396,6.994714798,8.530568006,450,23,494,33,473,527
13,1000,10,7.7,28,27,944,29,10,17,56,7.908053158,89,113,10.47632161,9.242617123,6.86185438,8.94591569,479,19,465,37,498,502
9,1000,10,7.7,28,31,954,22,14,10,46,7.770589126,102,109,10.60691597,9.041192064,7.061765769,8.532353647,504,14,450,32,518,482
16,1000,10,7.7,28,9,933,33,16,18,67,7.348497723,88,97,10.04936648,9.186026705,6.347954088,8.423770758,497,21,436,46,518,482
15,1000,10,7.7,28,26,948,29,9,14,52,7.632204439,90,127,10.23484781,8.971785422,6.610081502,8.775596199,512,16,436,36,528,472
11,1000,10,7.7,28,29,950,23,13,14,50,7.7418212,98,108,10.16561044,9.231018549,7.197364521,8.313054437,496,16,454,34,512,488
12,1000,10,7.7,28,28,954,25,11,10,46,7.668185775,93,112,10.25238321,8.958164871,7.288698281,8.006065945,452,19,502,27,471,529
10,1000,10,7.7,28,31,951,30,11,8,49,8.087845067,108,112,10.35637629,9.280343635,7.189951522,8.989337384,488,13,463,36,501,499
14,1000,10,7.7,28,27,943,34,8,15,57,7.833760616,99,102,10.37843348,8.973103968,7.006767551,8.576014354,450,23,493,34,473,527
13,1000,10,7.7,28,28,944,30,10,16,56,7.905361764,92,100,10.48653518,9.258447499,6.86206138,8.940348997,478,20,466,36,498,502
9,1000,10,7.7,28,32,955,22,13,10,45,7.81531409,99,120,10.61873837,9.045624594,7.113629744,8.569406397,505,13,450,32,518,482
15,1000,10,7.7,28,27,947,30,9,14,53,7.646724893,102,112,10.23417366,8.992776305,6.662976829,8.747188829,512,16,435,37,528,472
16,1000,10,7.7,28,10,935,31,16,18,65,7.342661441,109,100,10.06214463,9.186843879,6.348346936,8.411240099,498,20,437,45,518,482
11,1000,10,7.7,28,30,949,25,12,14,51,7.750648764,97,110,10.15893195,9.215810622,7.242223868,8.284078162,494,18,455,33,512,488
10,1000,10,7.7,28,32,951,30,11,8,49,8.117896442,95,105,10.35084922,9.284231051,7.196999039,9.042484816,488,13,463,36,501,499
12,1000,10,7.7,28,29,953,26,11,10,47,7.678193367,93,96,10.27022341,8.960774414,7.275687421,8.036568227,452,19,501,28,471,529
14,1000,10,7.7,28,28,943,34,8,15,57,7.88528965,84,114,10.3720506,8.985161705,7.055019307,8.630484854,450,23,493,34,473,527
13,1000,10,7.7,28,29,946,29,9,16,54,7.914759851,93,119,10.47691876,9.264907434,6.859428351,8.961682335,479,19,467,35,498,502
9,1000,10,7.7,28,33,954,23,13,10,46,7.855867292,92,126,10.62923802,9.047500414,7.152849844,8.611392267,505,13,449,33,518,482
15,1000,10,7.7,28,28,946,32,9,13,54,7.639440124,94,106,10.22599024,8.991780978,6.655321679,8.740318385,511,17,435,37,528,472
16,1000,10,7.7,28,11,939,29,15,17,61,7.327015546,97,110,10.07303539,9.183000243,6.373555245,8.35168865,500,18,439,43,518,482
11,1000,10,7.7,28,31,949,26,10,15,51,7.770379702,105,93,10.17126901,9.22736315,7.309349517,8.254083503,493,19,456,32,512,488
10,1000,10,7.7,28,33,952,31,10,7,48,8.097332995,101,91,10.34905639,9.28832743,7.153064104,9.045386531,489,12,463,36,501,499
12,1000,10,7.7,28,30,954,25,11,10,46,7.724143386,97,112,10.27839112,8.984124986,7.356976528,8.051053765,452,19,502,27,471,529
14,1000,10,7.7,28,29,944,33,8,15,56,7.90830247,95,102,10.38366747,9.00956919,7.088795903,8.643836828,450,23,494,33,473,527
13,1000,10,7.7,28,30,949,27,10,14,51,7.945587143,96,103,10.4755952,9.26433503,6.879959534,9.002723696,481,17,468,34,498,502
9,1000,10,7.7,28,34,953,24,13,10,47,7.899975732,91,108,10.62949679,9.050566116,7.215072436,8.636033631,504,14,449,33,518,482
15,1000,10,7.7,28,29,946,34,8,12,54,7.628646172,102,112,10.22564681,8.979823411,6.680116659,8.689713085,511,17,435,37,528,472
11,1000,10,7.7,28,32,947,28,10,15,53,7.840949997,77,92,10.17442448,9.22731716,7.404145394,8.299236793,491,21,456,32,512,488
16,1000,10,7.7,28,12,938,29,16,17,62,7.360325451,116,119,10.09124171,9.18637995,6.426881402,8.363487312,499,19,439,43,518,482
10,1000,10,7.7,28,34,951,32,10,7,49,8.107418816,89,95,10.39063701,9.284333181,7.172525193,9.046059507,489,12,462,37,501,499
14,1000,10,7.7,28,30,944,32,8,16,56,7.950524655,103,90,10.4045368,9.00163858,7.128262182,8.68853253,450,23,494,33,473,527
12,1000,10,7.7,28,31,952,27,11,10,48,7.749423505,100,118,10.28265844,8.99627192,7.415846884,8.046426508,450,21,502,27,471,529
13,1000,10,7.7,28,31,949,28,9,14,51,7.926678418,106,119,10.49602765,9.262780655,6.822809249,9.021751817,482,16,467,35,498,502
9,1000,10,7.7,28,35,952,25,13,10,48,7.900790708,103,114,10.62578708,9.037027502,7.209661707,8.643539303,504,14,448,34,518,482
15,1000,10,7.7,28,30,947,34,8,11,53,7.617414083,107,99,10.2367111,8.986788952,6.685157136,8.660277785,510,18,437,35,528,472
11,1000,10,7.7,28,33,949,26,10,15,51,7.858813562,88,108,10.18121213,9.232320707,7.445508786,8.292444803,491,21,458,30,512,488
10,1000,10,7.7,28,35,950,32,11,7,50,8.135702777,81,107,10.39061992,9.302828393,7.210848169,9.064264216,488,13,462,37,501,499
14,1000,10,7.7,28,31,945,32,8,15,55,7.981578647,99,94,10.40454682,9.016600762,7.230153374,8.656007782,450,23,495,32,473,527
16,1000,10,7.7,28,13,938,28,17,17,62,7.385319472,100,96,10.09151742,9.197028993,6.479793777,8.358477792,499,19,439,43,518,482
12,1000,10,7.7,28,32,953,27,10,10,47,7.765820665,80,105,10.3028126,9.004593211,7.413103106,8.079865977,450,21,503,26,471,529
13,1000,10,7.7,28,32,950,27,10,13,50,7.949241315,108,106,10.5096351,9.265072308,6.866055828,9.023795842,482,16,468,34,498,502
9,1000,10,7.7,28,36,954,23,13,10,46,7.926143726,80,112,10.63744671,9.034552011,7.292161985,8.6074768,504,14,450,32,518,482
15,1000,10,7.7,28,31,948,33,8,11,52,7.664525949,79,97,10.23908469,9.007085418,6.71512209,8.726570945,510,18,438,34,528,472
11,1000,10,7.7,28,34,950,25,9,16,50,7.857129628,94,93,10.18253142,9.249682432,7.45814435,8.275737133,491,21,459,29,512,488
10,1000,10,7.7,28,36,949,34,10,7,51,8.154838901,98,108,10.39185426,9.303161805,7.231475868,9.081902787,487,14,462,37,501,499
14,1000,10,7.7,28,32,944,31,9,16,56,8.009731247,99,108,10.41594222,9.050378631,7.249797679,8.691796861,449,24,495,32,473,527
12,1000,10,7.7,28,33,955,26,10,9,45,7.77333366,97,97,10.31223823,9.005068296,7.441364189,8.068905722,450,21,505,24,471,529
13,1000,10,7.7,28,33,950,27,10,13,50,7.987409413,102,104,10.52386012,9.272454807,6.88722275,9.078829648,482,16,468,34,498,502
16,1000,10,7.7,28,14,938,28,17,17,62,7.397415808,101,94,10.09316014,9.194172282,6.544071315,8.314495575,499,19,439,43,518,482
9,1000,10,7.7,28,37,952,25,14,9,48,7.940452475,103,98,10.63500811,9.036593397,7.316922814,8.610552815,503,15,449,33,518,482
15,1000,10,7.7,28,32,947,34,8,11,53,7.657453356,101,111,10.25264328,9.01374519,6.729155741,8.695887977,510,18,437,35,528,472
11,1000,10,7.7,28,35,952,24,8,16,48,7.871649649,103,107,10.18654817,9.240248053,7.461162167,8.30232504,492,20,460,28,512,488
10,1000,10,7.7,28,37,950,34,9,7,50,8.151764721,107,93,10.38339164,9.309156202,7.211990518,9.095305554,487,14,463,36,501,499
14,1000,10,7.7,28,33,943,32,9,16,57,8.071698738,88,108,10.43051795,9.055255404,7.296320831,8.767626157,448,25,495,32,473,527
12,1000,10,7.7,28,34,956,25,11,8,44,7.776836526,101,117,10.34119876,9.012008599,7.449021342,8.068709781,450,21,506,23,471,529
13,1000,10,7.7,28,34,950,26,11,13,50,7.994126286,93,126,10.51682013,9.284742574,6.853866727,9.125300112,482,16,468,34,498,502
9,1000,10,7.7,28,38,951,26,14,9,49,7.974416973,105,117,10.64952815,9.031412184,7.336373994,8.660114615,503,15,448,34,518,482
15,1000,10,7.7,28,33,948,33,8,11,52,7.644524002,97,98,10.26730529,9.018844022,6.729843209,8.667726244,510,18,438,34,528,472
16,1000,10,7.7,28,15,937,29,17,17,63,7.434209234,95,101,10.11294278,9.194629652,6.570417413,8.362516627,498,20,439,43,518,482
10,1000,10,7.7,28,38,950,35,9,6,50,8.174709621,95,128,10.37142834,9.317406199,7.239165633,9.114003285,487,14,463,36,501,499
11,1000,10,7.7,28,36,950,27,8,15,50,7.896626994,77,110,10.1851628,9.226771824,7.473913681,8.340129487,491,21,459,29,512,488
14,1000,10,7.7,28,34,944,31,9,16,56,8.074327816,88,110,10.44039619,9.064203643,7.350865059,8.723659663,448,25,496,31,473,527
12,1000,10,7.7,28,35,957,23,12,8,43,7.8250105,86,94,10.34802886,9.021835558,7.480916072,8.131378129,451,20,506,23,471,529
13,1000,10,7.7,28,35,950,26,11,13,50,8.043533931,94,112,10.51989225,9.299747509,6.892800652,9.185098019,482,16,468,34,498,502
9,1000,10,7.7,28,39,951,27,13,9,49,8.015600191,87,111,10.66190032,9.038359096,7.411134119,8.665213106,502,16,449,33,518,482
15,1000,10,7.7,28,34,949,30,10,11,51,7.655417652,102,94,10.30621983,9.014082062,6.73847832,8.681146396,510,18,439,33,528,472
16,1000,10,7.7,28,16,936,30,17,17,64,7.442705574,86,113,10.11000693,9.196411572,6.589877949,8.359229869,497,21,439,43,518,482
10,1000,10,7.7,28,39,949,36,9,6,51,8.192855915,100,101,10.39453609,9.32667556,7.27317693,9.116220989,486,15,463,36,501,499
11,1000,10,7.7,28,37,950,27,8,15,50,7.903090887,92,119,10.1900588,9.238090471,7.451568672,8.376819114,491,21,459,29,512,488
14,1000,10,7.7,28,35,943,32,9,16,57,8.059416722,102,108,10.42888531,9.044807959,7.340235184,8.704906034,447,26,496,31,473,527
12,1000,10,7.7,28,36,958,24,10,8,42,7.858532182,90,88,10.36419561,9.021835325,7.484197253,8.191824717,452,19,506,23,471,529
13,1000,10,7.7,28,36,949,28,11,12,51,8.033081883,109,111,10.53045769,9.299329511,6.906394727,9.150791452,481,17,468,34,498,502
9,1000,10,7.7,28,40,950,28,13,9,50,8.054029209,112,93,10.66994955,9.017639889,7.452287688,8.70071408,502,16,448,34,518,482
15,1000,10,7.7,28,35,950,30,8,12,50,7.673965047,87,112,10.30480623,9.017381597,6.786670384,8.66653196,510,18,440,32,528,472
10,1000,10,7.7,28,40,949,36,9,6,51,8.234301932,103,102,10.38519837,9.333231704,7.346071106,9.126092802,486,15,463,36,501,499
11,1000,10,7.7,28,38,950,27,8,15,50,7.914506854,114,107,10.17427852,9.253351545,7.44843552,8.40349973,491,21,459,29,512,488
16,1000,10,7.7,28,17,938,29,16,17,62,7.439400375,86,106,10.12510018,9.19273017,6.565391901,8.37868749,498,20,440,42,518,482
14,1000,10,7.7,28,36,942,32,10,16,58,8.09123832,98,115,10.43740109,9.037200432,7.34905013,8.757376867,447,26,495,32,473,527
12,1000,10,7.7,28,37,959,24,10,7,41,7.838465835,92,97,10.37089038,9.012366764,7.467646439,8.168628284,452,19,507,22,471,529
13,1000,10,7.7,28,37,949,29,11,11,51,8.045168053,102,101,10.51911499,9.305746531,6.899413378,9.181793208,481,17,468,34,498,502
9,1000,10,7.7,28,41,950,28,13,9,50,8.040461453,106,115,10.70691396,9.03166411,7.454909799,8.669747254,502,16,448,34,518,482
15,1000,10,7.7,28,36,949,31,8,12,51,7.675820623,87,114,10.33909466,9.011709832,6.805772167,8.649095166,509,19,440,32,528,472
10,1000,10,7.7,28,41,947,38,9,6,53,8.255989857,115,98,10.39349995,9.341573858,7.376749863,9.13875386,485,16,462,37,501,499
11,1000,10,7.7,28,39,950,27,8,15,50,7.935263006,108,106,10.17976879,9.260685049,7.46945123,8.423983558,492,20,458,30,512,488
14,1000,10,7.7,28,37,942,32,10,16,58,8.124108398,104,111,10.42404895,9.04364055,7.384946268,8.787530955,447,26,495,32,473,527
16,1000,10,7.7,28,18,937,30,16,17,63,7.480614321,111,104,10.113184,9.202808863,6.608101021,8.41829459,497,21,440,42,518,482
12,1000,10,7.7,28,38,959,25,9,7,41,7.847744326,123,121,10.38905908,9.013096655,7.51149156,8.14713006,452,19,507,22,471,529
13,1000,10,7.7,28,38,950,28,11,11,50,8.030976758,111,108,10.54026234,9.300214124,6.89107944,9.161791229,480,18,470,32,498,502
9,1000,10,7.7,28,42,950,29,13,8,50,8.049842509,86,118,10.72222034,9.035337439,7.495744559,8.645325367,502,16,448,34,518,482
15,1000,10,7.7,28,37,949,31,8,12,51,7.702680838,97,128,10.36391936,9.023334163,6.825069313,8.684415764,509,19,440,32,528,472
10,1000,10,7.7,28,42,948,37,9,6,52,8.29053139,96,114,10.41551624,9.355193183,7.358212753,9.226586775,486,15,462,37,501,499
11,1000,10,7.7,28,40,949,28,8,15,51,7.971333675,103,112,10.19666933,9.271138404,7.513774767,8.45139548,491,21,458,30,512,488
14,1000,10,7.7,28,38,942,32,10,16,58,8.115031292,95,108,10.41010987,9.062717528,7.401012267,8.755887077,446,27,496,31,473,527
12,1000,10,7.7,28,39,959,25,9,7,41,7.858459748,110,121,10.38362672,9.039878484,7.555887444,8.127857773,452,19,507,22,471,529
13,1000,10,7.7,28,39,950,27,11,12,50,8.07093152,103,102,10.55147331,9.291918783,6.916534174,9.21613048,480,18,470,32,498,502
9,1000,10,7.7,28,43,952,28,12,8,48,8.043008202,93,108,10.72919955,9.008639077,7.474034583,8.654477776,504,14,448,34,518,482
16,1000,10,7.7,28,19,938,29,16,17,62,7.467741366,98,110,10.11739595,9.215051611,6.626554753,8.371755194,497,21,441,41,518,482
15,1000,10,7.7,28,38,949,31,8,12,51,7.716677672,95,127,10.36994303,9.021816913,6.864601622,8.669847491,509,19,440,32,528,472
10,1000,10,7.7,28,43,949,37,9,5,51,8.282667667,91,108,10.42385524,9.340716629,7.362129569,9.206895296,486,15,463,36,501,499
11,1000,10,7.7,28,41,945,31,9,15,55,8.016984262,111,104,10.19910938,9.287428138,7.534043905,8.523675784,488,24,457,31,512,488
14,1000,10,7.7,28,39,942,33,9,16,58,8.135183768,84,101,10.41864078,9.065341392,7.412654181,8.783678065,447,26,495,32,473,527
12,1000,10,7.7,28,40,960,23,9,8,40,7.858180043,85,118,10.37448901,9.032409294,7.529928536,8.150441782,454,17,506,23,471,529
13,1000,10,7.7,28,40,950,27,11,12,50,8.076841328,121,107,10.55786537,9.311149864,6.930072092,9.21447296,480,18,470,32,498,502
9,1000,10,7.7,28,44,952,28,12,8,48,8.043933039,121,119,10.73063296,9.006524925,7.49194239,8.637151206,504,14,448,34,518,482
15,1000,10,7.7,28,39,951,30,8,11,49,7.714924797,77,117,10.37982155,9.045039614,6.912162559,8.612930012,509,19,442,30,528,472
16,1000,10,7.7,28,20,940,27,16,17,60,7.491975727,97,102,10.11472996,9.218959206,6.637950333,8.40978725,498,20,442,40,518,482
10,1000,10,7.7,28,44,950,37,8,5,50,8.273129605,100,110,10.43622506,9.348551987,7.384104668,9.165717767,487,14,463,36,501,499
11,1000,10,7.7,28,42,945,30,10,15,55,8.051272907,88,100,10.20048922,9.303065173,7.619855949,8.503907091,488,24,457,31,512,488
14,1000,10,7.7,28,40,943,33,9,15,57,8.142132336,108,107,10.42516195,9.062971384,7.398672567,8.809412167,447,26,496,31,473,527
12,1000,10,7.7,28,41,959,24,9,8,41,7.911126495,97,111,10.37582454,9.024629098,7.592213382,8.195073709,454,17,505,24,471,529
13,1000,10,7.7,28,41,950,27,11,12,50,8.124553683,111,128,10.56408071,9.31059607,6.977165864,9.262798969,481,17,469,33,498,502
9,1000,10,7.7,28,45,952,27,12,9,48,8.096404948,100,133,10.72655771,9.020412864,7.554566667,8.678712479,504,14,448,34,518,482
15,1000,10,7.7,28,40,950,32,9,9,50,7.719962715,96,108,10.37873559,9.053695234,6.90437423,8.632315934,509,19,441,31,528,472
16,1000,10,7.7,28,21,940,27,16,17,60,7.482528561,85,115,10.14220593,9.239098977,6.62374817,8.405450226,498,20,442,40,518,482
10,1000,10,7.7,28,45,950,36,8,6,50,8.302629688,97,131,10.44207948,9.353787348,7.408071106,9.200773675,487,14,463,36,501,499
11,1000,10,7.7,28,43,945,30,10,15,55,8.08194288,126,98,10.19458551,9.310632808,7.622448365,8.564035487,488,24,457,31,512,488
14,1000,10,7.7,28,41,941,34,10,15,59,8.182442492,89,104,10.42665393,9.072805064,7.460863896,8.830083244,447,26,494,33,473,527
12,1000,10,7.7,28,42,959,23,10,8,41,7.946410901,92,121,10.38456317,9.019183791,7.604415876,8.250909307,454,17,505,24,471,529
13,1000,10,7.7,28,42,949,28,11,12,51,8.133541362,92,105,10.57663441,9.29653699,6.98583761,9.272100065,480,18,469,33,498,502
9,1000,10,7.7,28,46,952,27,12,9,48,8.140199438,94,117,10.7250386,9.031200187,7.640319266,8.677415058,504,14,448,34,518,482
15,1000,10,7.7,28,41,951,31,9,9,49,7.753974971,87,98,10.37036997,9.037898658,6.933051608,8.672296021,510,18,441,31,528,472
10,1000,10,7.7,28,46,949,36,9,6,51,8.33466891,113,112,10.442215,9.386106107,7.413971073,9.259056918,486,15,463,36,501,499
16,1000,10,7.7,28,22,939,28,17,16,61,7.475484073,97,111,10.14166399,9.231584665,6.588662039,8.428541778,499,19,440,42,518,482
11,1000,10,7.7,28,44,945,30,10,15,55,8.112967151,90,99,10.21371856,9.297894298,7.670012457,8.577706501,488,24,457,31,512,488
14,1000,10,7.7,28,42,939,37,11,13,61,8.172292916,95,124,10.41422303,9.067888467,7.457125137,8.814179746,445,28,494,33,473,527
12,1000,10,7.7,28,43,955,26,11,8,45,7.974184083,103,109,10.40526432,9.018193342,7.639218026,8.272424184,451,20,504,25,471,529
13,1000,10,7.7,28,43,947,29,12,12,53,8.157905102,102,119,10.56756465,9.290056109,6.99826389,9.308306146,480,18,467,35,498,502
9,1000,10,7.7,28,47,953,26,12,9,47,8.153744837,91,95,10.73436909,9.037025943,7.648876942,8.696320706,504,14,449,33,518,482
15,1000,10,7.7,28,42,949,31,11,9,51,7.78607299,80,116,10.37762355,9.036609403,6.967236217,8.70205989,509,19,440,32,528,472
10,1000,10,7.7,28,47,947,37,10,6,53,8.365775477,113,106,10.46450769,9.38507609,7.410609284,9.324769992,486,15,461,38,501,499
11,1000,10,7.7,28,45,944,31,10,15,56,8.13241247,109,108,10.22182864,9.328836812,7.683175791,8.603742757,488,24,456,32,512,488
14,1000,10,7.7,28,43,939,37,11,13,61,8.191213167,93,97,10.41474058,9.08431002,7.522916943,8.79103122,445,28,494,33,473,527
16,1000,10,7.7,28,23,942,26,17,15,58,7.482097617,102,140,10.16202899,9.213824841,6.616617085,8.412219848,501,17,441,41,518,482
12,1000,10,7.7,28,44,957,24,11,8,43,7.970207546,103,123,10.40486287,9.003713289,7.614556568,8.286864656,452,19,505,24,471,529
13,1000,10,7.7,28,44,947,29,12,12,53,8.217647029,90,104,10.5734308,9.283218383,7.081587155,9.344654633,480,18,467,35,498,502
9,1000,10,7.7,28,48,953,26,12,9,47,8.213946781,108,107,10.73277769,9.049081808,7.732327569,8.731537551,504,14,449,33,518,482
15,1000,10,7.7,28,43,949,31,11,9,51,7.775673072,101,95,10.39893181,9.049031271,6.943891872,8.706140176,509,19,440,32,528,472
10,1000,10,7.7,28,48,947,37,10,6,53,8.371400743,89,119,10.48339078,9.371743195,7.451543626,9.294944661,486,15,461,38,501,499
11,1000,10,7.7,28,46,941,33,12,14,59,8.144068469,92,101,10.23212607,9.328221096,7.727854423,8.580752058,486,26,455,33,512,488
14,1000,10,7.7,28,44,938,38,13,11,62,8.222482369,102,107,10.40167078,9.092315968,7.601222124,8.78008407,444,29,494,33,473,527
12,1000,10,7.7,28,45,956,25,11,8,44,7.99153099,95,97,10.4172842,8.999198209,7.649290575,8.296247882,450,21,506,23,471,529
13,1000,10,7.7,28,45,947,29,12,12,53,8.239023639,94,139,10.57523816,9.280335071,7.091181009,9.377720113,480,18,467,35,498,502
9,1000,10,7.7,28,49,953,27,12,8,47,8.24071085,96,110,10.73517375,9.049640312,7.742021418,8.776646796,504,14,449,33,518,482
16,1000,10,7.7,28,24,942,26,17,15,58,7.514207379,100,99,10.18901989,9.203002244,6.648187204,8.444909558,501,17,441,41,518,482
15,1000,10,7.7,28,44,948,32,11,9,52,7.823275357,96,93,10.41237978,9.054564208,6.986518426,8.759308535,509,19,439,33,528,472
10,1000,10,7.7,28,49,949,35,8,8,51,8.366986124,83,101,10.47641737,9.369737592,7.440251212,9.297435404,487,14,462,37,501,499
11,1000,10,7.7,28,47,941,33,13,13,59,8.163308504,111,113,10.2340484,9.319366651,7.761020507,8.585381156,486,26,455,33,512,488
14,1000,10,7.7,28,45,938,39,13,10,62,8.245410148,114,102,10.39923615,9.085626397,7.579081554,8.843462187,444,29,494,33,473,527
12,1000,10,7.7,28,46,955,26,11,8,45,8.031389452,111,113,10.44194463,9.006656608,7.664496297,8.358056136,449,22,506,23,471,529
13,1000,10,7.7,28,46,946,30,12,12,54,8.278322476,112,101,10.58397556,9.298865319,7.132975509,9.414543171,480,18,466,36,498,502
9,1000,10,7.7,28,50,953,27,13,7,47,8.249557637,87,104,10.74698107,9.055486625,7.791142963,8.742210752,504,14,449,33,518,482
15,1000,10,7.7,28,45,947,33,11,9,53,7.874973707,110,98,10.41319486,9.039188572,7.026160151,8.824493956,508,20,439,33,528,472
16,1000,10,7.7,28,25,941,27,17,15,59,7.55631315,95,113,10.21513026,9.214328295,6.676393697,8.501952729,500,18,441,41,518,482
10,1000,10,7.7,28,50,948,35,9,8,52,8.369164992,94,107,10.48054574,9.383739003,7.521938394,9.219787289,486,15,462,37,501,499
11,1000,10,7.7,28,48,942,32,12,14,58,8.16511196,101,115,10.23820394,9.334038134,7.746751167,8.604047873,488,24,454,34,512,488
14,1000,10,7.7,28,46,937,39,14,10,63,8.261560032,83,108,10.39641796,9.078215276,7.632666268,8.826013069,444,29,493,34,473,527
12,1000,10,7.7,28,47,955,27,11,7,45,8.027008508,95,116,10.43152997,9.008374361,7.665711809,8.348692335,450,21,505,24,471,529
13,1000,10,7.7,28,47,946,30,12,12,54,8.299132593,110,126,10.58268996,9.297354316,7.177734833,9.411594913,480,18,466,36,498,502
9,1000,10,7.7,28,51,952,28,13,7,48,8.291178976,90,103,10.74275518,9.076387022,7.850428895,8.764848151,504,14,448,34,518,482
15,1000,10,7.7,28,46,948,33,11,8,52,7.850806132,112,116,10.41862735,9.037589857,7.020913169,8.779160972,508,20,440,32,528,472
16,1000,10,7.7,28,26,941,27,17,15,59,7.582052218,89,91,10.21114433,9.21539474,6.736649332,8.490597228,500,18,441,41,518,482
10,1000,10,7.7,28,51,948,35,9,8,52,8.390670942,94,113,10.49215722,9.387319498,7.550197896,9.234512618,486,15,462,37,501,499
11,1000,10,7.7,28,49,943,31,12,14,57,8.194271671,115,120,10.24277712,9.332515534,7.75710922,8.652933914,489,23,454,34,512,488
14,1000,10,7.7,28,47,937,39,14,10,63,8.283945607,113,103,10.42911141,9.098494992,7.649738891,8.853167196,444,29,493,34,473,527
12,1000,10,7.7,28,48,954,29,10,7,46,8.060166431,93,93,10.44954376,9.014268655,7.688862906,8.390759928,449,22,505,24,471,529
13,1000,10,7.7,28,48,945,30,13,12,55,8.339012925,104,116,10.58585965,9.294546336,7.195929177,9.472988437,480,18,465,37,498,502
9,1000,10,7.7,28,52,953,28,12,7,47,8.285626675,101,104,10.76977101,9.077394967,7.898655032,8.701500765,504,14,449,33,518,482
15,1000,10,7.7,28,47,950,30,12,8,50,7.847308888,109,117,10.44653488,9.031263077,7.043952186,8.745979096,509,19,441,31,528,472
10,1000,10,7.7,28,52,948,35,8,9,52,8.369797313,102,114,10.49224953,9.390732872,7.528339531,9.21462767,486,15,462,37,501,499
11,1000,10,7.7,28,50,944,30,12,14,56,8.189933241,109,102,10.24807681,9.323090029,7.764721054,8.636057503,489,23,455,33,512,488
16,1000,10,7.7,28,27,940,28,17,15,60,7.589678452,100,83,10.22311159,9.206504422,6.772249888,8.468159771,500,18,440,42,518,482
14,1000,10,7.7,28,48,935,41,14,10,65,8.332725281,98,102,10.43435055,9.103401262,7.759454035,8.84725526,443,30,492,35,473,527
12,1000,10,7.7,28,49,956,27,10,7,44,8.068968487,103,109,10.47647969,9.012554779,7.748544987,8.354260488,449,22,507,22,471,529
13,1000,10,7.7,28,49,946,29,13,12,54,8.358582913,120,129,10.59218195,9.297083754,7.22388047,9.484243902,480,18,466,36,498,502
9,1000,10,7.7,28,53,951,30,12,7,49,8.322704833,108,113,10.79420524,9.086837568,7.956576585,8.716178759,503,15,448,34,518,482
15,1000,10,7.7,28,48,950,30,11,9,50,7.837709097,115,108,10.46534688,9.050531351,6.999823798,8.775004516,510,18,440,32,528,472
10,1000,10,7.7,28,53,949,33,9,9,51,8.396336254,89,115,10.51959488,9.373121513,7.549564487,9.246501895,487,14,462,37,501,499
11,1000,10,7.7,28,51,945,29,12,14,55,8.2079248,96,111,10.27216055,9.338293309,7.77467713,8.662479733,490,22,455,33,512,488
14,1000,10,7.7,28,49,936,40,14,10,64,8.330684261,89,103,10.44271195,9.111067838,7.767329969,8.836313445,444,29,492,35,473,527
16,1000,10,7.7,28,28,940,28,17,15,60,7.613457982,102,104,10.23265964,9.202135093,6.802668915,8.484803908,500,18,440,42,518,482
12,1000,10,7.7,28,50,956,28,10,6,44,8.082008283,87,117,10.49510759,9.004813592,7.766085794,8.363292767,449,22,507,22,471,529
13,1000,10,7.7,28,50,944,31,13,12,56,8.396312148,92,114,10.59038859,9.291570721,7.294742464,9.489104385,480,18,464,38,498,502
9,1000,10,7.7,28,54,951,30,11,8,49,8.353799927,101,115,10.80855469,9.090791581,7.956576585,8.780691402,503,15,448,34,518,482
15,1000,10,7.7,28,49,949,31,11,9,51,7.838729335,88,120,10.49312479,9.048409024,6.987971417,8.790424634,509,19,440,32,528,472
10,1000,10,7.7,28,54,949,34,9,8,51,8.413936552,103,111,10.50448425,9.377414105,7.572715017,9.258529717,487,14,462,37,501,499
11,1000,10,7.7,28,52,945,28,13,14,55,8.218054037,93,86,10.27481441,9.344465831,7.761782179,8.696765495,490,22,455,33,512,488
14,1000,10,7.7,28,50,938,40,13,9,62,8.31304712,101,102,10.45549275,9.114903287,7.765747639,8.804266579,444,29,494,33,473,527
12,1000,10,7.7,28,51,957,27,9,7,43,8.087514506,105,105,10.51236353,9.009785405,7.767682233,8.372280103,449,22,508,21,471,529
9,1000,10,7.7,28,55,952,28,12,8,48,8.353541389,87,136,10.82214507,9.100512609,7.943483554,8.794225949,504,14,448,34,518,482
16,1000,10,7.7,28,29,940,29,16,15,60,7.649704873,94,128,10.23531389,9.212122312,6.871847424,8.485659559,499,19,441,41,518,482
15,1000,10,7.7,28,50,950,30,11,9,50,7.860730789,99,107,10.48817793,9.058505149,7.035402694,8.783979166,509,19,441,31,528,472
13,1000,10,7.7,28,51,943,32,13,12,57,8.419622823,107,103,10.61693639,9.278725834,7.316508887,9.513947006,480,18,463,39,498,502
10,1000,10,7.7,28,55,949,34,8,9,51,8.440290097,113,88,10.5232223,9.359005941,7.610126993,9.273780508,487,14,462,37,501,499
11,1000,10,7.7,28,53,946,27,13,14,54,8.218633522,89,111,10.27804704,9.352485745,7.765445948,8.69410901,491,21,455,33,512,488
14,1000,10,7.7,28,51,937,41,13,9,63,8.337055272,93,106,10.44288245,9.106643799,7.795754714,8.822890498,443,30,494,33,473,527
12,1000,10,7.7,28,52,958,27,8,7,42,8.091594221,105,108,10.50262111,9.003506066,7.760881854,8.38604701,450,21,508,21,471,529
9,1000,10,7.7,28,56,951,31,11,7,49,8.364135636,96,118,10.83322022,9.118976767,7.98087333,8.776023342,504,14,447,35,518,482
15,1000,10,7.7,28,51,950,30,11,9,50,7.883709919,110,103,10.48731199,9.060447045,7.077913977,8.78510877,509,19,441,31,528,472
13,1000,10,7.7,28,52,943,32,13,12,57,8.421342887,104,113,10.63974871,9.277318299,7.324085191,9.509857495,480,18,463,39,498,502
16,1000,10,7.7,28,30,940,29,16,15,60,7.652347343,94,103,10.24382629,9.218054091,6.870072195,8.49304968,499,19,441,41,518,482
10,1000,10,7.7,28,56,950,33,8,9,50,8.475852162,89,106,10.51248414,9.345474111,7.648049356,9.306972814,487,14,463,36,501,499
11,1000,10,7.7,28,54,946,26,14,14,54,8.243816745,93,124,10.28527264,9.359041515,7.83574877,8.671953636,490,22,456,32,512,488
14,1000,10,7.7,28,52,935,42,14,9,65,8.358537755,119,102,10.44838036,9.115896652,7.806278476,8.854208797,443,30,492,35,473,527
12,1000,10,7.7,28,53,958,26,8,8,42,8.142989485,101,101,10.49951901,9.010788713,7.787091783,8.459866267,450,21,508,21,471,529
9,1000,10,7.7,28,57,952,31,10,7,48,8.394907866,108,126,10.82294535,9.125443817,8.011633696,8.806808324,505,13,447,35,518,482
15,1000,10,7.7,28,52,949,31,11,9,51,7.911253092,91,100,10.50884537,9.068285124,7.105300807,8.812826836,509,19,440,32,528,472
13,1000,10,7.7,28,53,944,31,13,12,56,8.467232173,102,114,10.65427187,9.27033215,7.353748259,9.571843704,481,17,463,39,498,502
16,1000,10,7.7,28,31,940,29,17,14,60,7.649591069,104,122,10.24667431,9.231974475,6.857791189,8.500529529,499,19,441,41,518,482
10,1000,10,7.7,28,57,951,33,6,10,49,8.471514418,101,108,10.52913735,9.333446217,7.655232357,9.29106815,487,14,464,35,501,499
11,1000,10,7.7,28,55,949,25,13,13,51,8.220971119,109,94,10.29239169,9.370785777,7.820421454,8.641219948,491,21,458,30,512,488
14,1000,10,7.7,28,53,937,41,13,9,63,8.358011605,103,110,10.45669463,9.117372314,7.817944037,8.842740181,444,29,493,34,473,527
12,1000,10,7.7,28,54,957,27,8,8,43,8.20057214,96,120,10.50742692,9.014979997,7.870566829,8.494395394,450,21,507,22,471,529
9,1000,10,7.7,28,58,952,31,10,7,48,8.421995283,85,116,10.86731082,9.133243304,8.042366608,8.829977966,505,13,447,35,518,482
15,1000,10,7.7,28,53,950,31,11,8,50,7.926745138,83,110,10.5185433,9.07288121,7.123838412,8.824911984,510,18,440,32,528,472
13,1000,10,7.7,28,54,945,30,13,12,55,8.45410786,98,124,10.67253698,9.274678082,7.340157642,9.55918198,481,17,464,38,498,502
10,1000,10,7.7,28,58,951,33,6,10,49,8.486209671,95,118,10.52471173,9.326037648,7.663263172,9.312454552,487,14,464,35,501,499
11,1000,10,7.7,28,56,949,24,13,14,51,8.262885969,93,106,10.30926972,9.369543878,7.831782645,8.715191095,491,21,458,30,512,488
16,1000,10,7.7,28,32,942,28,17,13,58,7.653024647,96,111,10.24994089,9.238720543,6.855574096,8.51003582,500,18,442,40,518,482
14,1000,10,7.7,28,54,939,38,14,9,61,8.364203117,90,101,10.46067806,9.119712234,7.795805568,8.874358792,445,28,494,33,473,527
12,1000,10,7.7,28,55,957,27,8,8,43,8.210062948,110,113,10.50249318,9.031662388,7.880297564,8.503672582,450,21,507,22,471,529
9,1000,10,7.7,28,59,950,33,10,7,50,8.430923605,100,113,10.87464726,9.139512564,8.037744885,8.853468369,504,14,446,36,518,482
15,1000,10,7.7,28,54,950,32,11,7,50,7.926042739,100,113,10.52642545,9.073513877,7.113121045,8.83541277,510,18,440,32,528,472
13,1000,10,7.7,28,55,945,30,12,13,55,8.504850168,102,116,10.6688121,9.278308524,7.425823556,9.575278958,481,17,464,38,498,502
10,1000,10,7.7,28,59,952,32,6,10,48,8.490752978,106,106,10.52217017,9.336252502,7.700173023,9.28450159,487,14,465,34,501,499
11,1000,10,7.7,28,57,949,24,13,14,51,8.306700059,105,89,10.292514,9.377908973,7.908070001,8.724934874,491,21,458,30,512,488
14,1000,10,7.7,28,55,941,35,14,10,59,8.408088223,86,107,10.4575743,9.135141803,7.81864291,8.937134965,446,27,495,32,473,527
16,1000,10,7.7,28,33,942,27,18,13,58,7.696777454,96,102,10.28727057,9.243988305,6.903463424,8.549343154,500,18,442,40,518,482
12,1000,10,7.7,28,56,956,28,8,8,44,8.225116036,94,103,10.50907195,9.024227674,7.878531957,8.533700348,450,21,506,23,471,529
9,1000,10,7.7,28,60,951,32,9,8,49,8.45122762,104,90,10.87228018,9.130438793,8.05383317,8.878302984,505,13,446,36,518,482
15,1000,10,7.7,28,55,951,32,10,7,49,7.927722113,104,106,10.52295925,9.093580842,7.115736218,8.836045318,510,18,441,31,528,472
13,1000,10,7.7,28,56,946,30,12,12,54,8.538315125,102,122,10.65501409,9.285892421,7.460381467,9.607659671,482,16,464,38,498,502
10,1000,10,7.7,28,60,950,35,6,9,50,8.514748409,97,112,10.51825934,9.354945269,7.725993291,9.30666487,487,14,463,36,501,499
11,1000,10,7.7,28,58,949,24,13,14,51,8.348511564,91,109,10.2822606,9.383958678,7.9621682,8.75385542,491,21,458,30,512,488
14,1000,10,7.7,28,56,942,35,14,9,58,8.418182344,100,122,10.47328492,9.133781991,7.880034912,8.901187535,446,27,496,31,473,527
12,1000,10,7.7,28,57,956,29,8,7,44,8.236251509,103,115,10.51636923,9.024387441,7.903016825,8.532950064,450,21,506,23,471,529
9,1000,10,7.7,28,61,950,33,9,8,50,8.469024171,107,122,10.87736887,9.118802763,8.03254272,8.938105896,506,12,444,38,518,482
15,1000,10,7.7,28,56,951,33,10,6,49,7.94502588,95,107,10.5295398,9.093128343,7.139815624,8.845769556,510,18,441,31,528,472
13,1000,10,7.7,28,57,947,30,11,12,53,8.562298061,100,116,10.6792261,9.283139832,7.509666021,9.606542595,482,16,465,37,498,502
16,1000,10,7.7,28,34,941,28,18,13,59,7.719901193,86,98,10.28550419,9.244728437,6.932817975,8.565770709,499,19,442,40,518,482
10,1000,10,7.7,28,61,950,35,7,8,50,8.500482474,109,112,10.52158733,9.354623829,7.679002417,9.325255037,489,12,461,38,501,499
11,1000,10,7.7,28,59,948,25,13,14,52,8.342890802,100,113,10.30194699,9.388825032,7.967463823,8.736781402,491,21,457,31,512,488
14,1000,10,7.7,28,57,939,37,15,9,61,8.425480619,103,121,10.47023246,9.148712273,7.87510477,8.919461219,445,28,494,33,473,527
12,1000,10,7.7,28,58,956,29,8,7,44,8.238344449,104,114,10.50612012,9.045715203,7.905860242,8.534374812,450,21,506,23,471,529
9,1000,10,7.7,28,62,948,34,10,8,52,8.521300987,90,126,10.87472271,9.116580065,8.069874523,9.006443951,504,14,444,38,518,482
15,1000,10,7.7,28,57,952,31,11,6,48,7.957127251,103,104,10.53740659,9.112151438,7.149025848,8.861105091,511,17,441,31,528,472
13,1000,10,7.7,28,58,947,31,11,11,53,8.600159252,92,91,10.67600101,9.293412659,7.52234262,9.669387703,482,16,465,37,498,502
16,1000,10,7.7,28,35,943,27,17,13,57,7.716130492,112,123,10.28829379,9.236908971,6.938424375,8.551922544,499,19,444,38,518,482
10,1000,10,7.7,28,62,950,35,6,9,50,8.515060682,112,94,10.53837647,9.344401029,7.691483439,9.341938837,489,12,461,38,501,499
11,1000,10,7.7,28,60,948,26,13,13,52,8.354675345,117,127,10.30399792,9.368369868,7.966889779,8.761532332,491,21,457,31,512,488
14,1000,10,7.7,28,58,941,34,16,9,59,8.424494169,94,118,10.49165797,9.157986609,7.875586282,8.917157224,446,27,495,32,473,527
12,1000,10,7.7,28,59,956,29,7,8,44,8.254150301,94,110,10.51980434,9.059020314,7.937340216,8.536225064,450,21,506,23,471,529
9,1000,10,7.7,28,63,949,34,9,8,51,8.542298781,96,115,10.8727433,9.120106222,8.077377788,9.041944163,505,13,444,38,518,482
15,1000,10,7.7,28,58,953,28,13,6,47,7.952344679,109,118,10.54265012,9.120202961,7.134415518,8.867316284,511,17,442,30,528,472
13,1000,10,7.7,28,59,947,31,11,11,53,8.60432808,104,113,10.69100362,9.282118468,7.543816575,9.656389294,483,15,464,38,498,502
16,1000,10,7.7,28,36,945,26,15,14,55,7.763941259,87,102,10.30263219,9.242172394,6.969134552,8.618111122,501,17,444,38,518,482
10,1000,10,7.7,28,63,950,34,7,9,50,8.558147144,96,117,10.55991163,9.341627986,7.718434656,9.401225214,489,12,461,38,501,499
11,1000,10,7.7,28,61,946,28,13,13,54,8.3726059,88,117,10.31479727,9.378477107,7.978583571,8.786006376,490,22,456,32,512,488
14,1000,10,7.7,28,59,941,35,15,9,59,8.444065177,94,104,10.49364789,9.16004445,7.879645815,8.950650296,447,26,494,33,473,527
9,1000,10,7.7,28,64,948,34,10,8,52,8.586698289,97,121,10.86515021,9.126274956,8.100121315,9.109617111,505,13,443,39,518,482
12,1000,10,7.7,28,60,955,30,7,8,45,8.267704359,89,99,10.53493771,9.062810852,7.957019337,8.544325617,450,21,505,24,471,529
15,1000,10,7.7,28,59,952,29,14,5,48,7.980895292,111,100,10.57763563,9.145442947,7.191919155,8.863478768,510,18,442,30,528,472
13,1000,10,7.7,28,60,949,31,9,11,51,8.585355923,111,119,10.70395655,9.287290923,7.54753316,9.614909182,483,15,466,36,498,502
10,1000,10,7.7,28,64,951,32,8,9,49,8.569542494,109,107,10.57900063,9.337415507,7.750592611,9.391774742,489,12,462,37,501,499
16,1000,10,7.7,28,37,945,26,15,14,55,7.789621543,113,97,10.30535393,9.254637017,7.011731328,8.625611442,501,17,444,38,518,482
11,1000,10,7.7,28,62,945,29,13,13,55,8.402191916,94,122,10.31838525,9.387920065,8.017284516,8.806029189,489,23,456,32,512,488
14,1000,10,7.7,28,60,942,34,15,9,58,8.435149852,98,126,10.51316766,9.179079824,7.918436806,8.898916969,447,26,495,32,473,527
9,1000,10,7.7,28,65,947,34,11,8,53,8.621168787,102,135,10.8638539,9.124408541,8.123274171,9.156250554,505,13,442,40,518,482
12,1000,10,7.7,28,61,953,32,7,8,47,8.275885823,92,123,10.54970125,9.050356228,7.980419815,8.538956692,448,23,505,24,471,529
15,1000,10,7.7,28,60,952,29,14,5,48,8.044313921,82,106,10.57847152,9.137741104,7.221004315,8.965304328,510,18,442,30,528,472
13,1000,10,7.7,28,61,947,35,9,9,53,8.57584664,102,117,10.71401711,9.301412869,7.572596332,9.571102921,481,17,466,36,498,502
10,1000,10,7.7,28,65,951,32,8,9,49,8.586244868,101,101,10.58766892,9.338093829,7.78881289,9.386872966,489,12,462,37,501,499
11,1000,10,7.7,28,63,944,30,13,13,56,8.438052254,99,122,10.32671908,9.376721439,8.053817812,8.841183473,488,24,456,32,512,488
14,1000,10,7.7,28,61,940,36,14,10,60,8.441685158,103,107,10.50686187,9.191828713,7.902201109,8.925890007,447,26,493,34,473,527
16,1000,10,7.7,28,38,945,26,15,14,55,7.801839675,82,129,10.32915728,9.254781195,7.018919314,8.643235416,501,17,444,38,518,482
9,1000,10,7.7,28,66,947,34,11,8,53,8.651499494,107,97,10.87822788,9.130508033,8.125932987,9.216319932,505,13,442,40,518,482
15,1000,10,7.7,28,61,951,30,14,5,49,8.078470299,110,120,10.59019204,9.146096733,7.276133443,8.975999663,509,19,442,30,528,472
12,1000,10,7.7,28,62,952,32,8,8,48,8.325559456,96,104,10.55928008,9.049755808,8.053387953,8.567889849,448,23,504,25,471,529
13,1000,10,7.7,28,62,949,33,9,9,51,8.585846316,100,114,10.72411009,9.29814833,7.589689338,9.574065787,481,17,468,34,498,502
10,1000,10,7.7,28,66,952,32,7,9,48,8.617253011,97,120,10.56937372,9.359346838,7.831507285,9.406148018,489,12,463,36,501,499
11,1000,10,7.7,28,64,944,32,13,11,56,8.452663392,101,119,10.32394659,9.374922158,8.119463789,8.802249859,488,24,456,32,512,488
14,1000,10,7.7,28,62,940,37,14,9,60,8.467286694,95,108,10.50615536,9.201721193,7.948312468,8.933083294,447,26,493,34,473,527
9,1000,10,7.7,28,67,949,32,11,8,51,8.655151464,77,124,10.88523043,9.139837783,8.157043474,9.190462541,505,13,444,38,518,482
15,1000,10,7.7,28,62,952,29,14,5,48,8.094382308,100,107,10.59520243,9.157449712,7.315229905,8.965976522,509,19,443,29,528,472
12,1000,10,7.7,28,63,951,33,8,8,49,8.330843953,103,100,10.55934506,9.079099629,8.071367788,8.561870936,448,23,503,26,471,529
13,1000,10,7.7,28,63,947,33,11,9,53,8.64259249,93,103,10.72809561,9.293749421,7.649923011,9.627352252,482,16,465,37,498,502
16,1000,10,7.7,28,39,947,25,14,14,53,7.782956442,81,115,10.33349473,9.268854172,7.006724783,8.61716391,502,16,445,37,518,482
10,1000,10,7.7,28,67,951,33,7,9,49,8.621163247,98,138,10.5797126,9.367257275,7.841816603,9.403633524,488,13,463,36,501,499
11,1000,10,7.7,28,65,943,32,14,11,57,8.460289159,80,117,10.32597913,9.400654202,8.123662464,8.813471266,487,25,456,32,512,488
14,1000,10,7.7,28,63,940,36,15,9,60,8.509993241,96,97,10.53317437,9.208917916,8.003196983,8.964859713,447,26,493,34,473,527
9,1000,10,7.7,28,68,949,32,11,8,51,8.701209942,98,108,10.89465818,9.126341568,8.247241316,9.189084938,504,14,445,37,518,482
15,1000,10,7.7,28,63,952,28,15,5,48,8.126008992,98,107,10.57831083,9.142963465,7.366450644,8.975684432,509,19,443,29,528,472
12,1000,10,7.7,28,64,951,32,9,8,49,8.353997421,100,91,10.56305637,9.075109901,8.11566528,8.566198629,447,24,504,25,471,529
13,1000,10,7.7,28,64,947,33,11,9,53,8.688069187,102,122,10.74148991,9.289687802,7.702637898,9.665648434,482,16,465,37,498,502
16,1000,10,7.7,28,40,949,25,12,14,51,7.785560446,88,101,10.33699686,9.25628671,7.028421848,8.599248815,502,16,447,35,518,482
10,1000,10,7.7,28,68,952,32,7,9,48,8.650979508,103,111,10.58563591,9.373041194,7.856964994,9.448176444,488,13,464,35,501,499
11,1000,10,7.7,28,66,944,31,14,11,56,8.49821041,110,107,10.32529622,9.419057491,8.15858295,8.85454086,487,25,457,31,512,488
14,1000,10,7.7,28,64,940,36,15,9,60,8.505409136,94,104,10.56262604,9.215850774,7.961830347,8.993289149,447,26,493,34,473,527
9,1000,10,7.7,28,69,950,32,11,7,50,8.711348742,87,114,10.91514922,9.129018908,8.286547796,9.167877559,505,13,445,37,518,482
15,1000,10,7.7,28,64,953,27,15,5,47,8.156902227,99,101,10.57202878,9.139541389,7.405586467,8.997357145,509,19,444,28,528,472
12,1000,10,7.7,28,65,952,29,11,8,48,8.352869878,119,121,10.54323068,9.067839229,8.109949798,8.569155999,447,24,505,24,471,529
13,1000,10,7.7,28,65,948,32,11,9,52,8.708662231,98,103,10.75664231,9.276605405,7.748777516,9.660898462,482,16,466,36,498,502
16,1000,10,7.7,28,41,950,25,11,14,50,7.783471081,95,115,10.32012061,9.258580706,7.05035543,8.571342258,502,16,448,34,518,482
10,1000,10,7.7,28,69,951,33,7,9,49,8.666820539,105,104,10.60177526,9.379282202,7.896438968,9.440289812,488,13,463,36,501,499
11,1000,10,7.7,28,67,944,32,12,12,56,8.497811122,113,102,10.33068076,9.410972675,8.153425547,8.859133692,488,24,456,32,512,488
14,1000,10,7.7,28,65,941,36,14,9,59,8.529788479,96,124,10.56826178,9.225710493,7.958299536,9.042718782,448,25,493,34,473,527
9,1000,10,7.7,28,70,950,31,12,7,50,8.764413688,88,112,10.91613919,9.146569782,8.321492862,9.240415738,505,13,445,37,518,482
15,1000,10,7.7,28,65,952,28,15,5,48,8.194045558,94,122,10.56876684,9.10594368,7.426693255,9.05243966,509,19,443,29,528,472
12,1000,10,7.7,28,66,953,29,10,8,47,8.380046118,97,128,10.52910343,9.047258802,8.106353071,8.623731232,448,23,505,24,471,529
13,1000,10,7.7,28,66,949,31,11,9,51,8.728757726,84,115,10.75992247,9.285556518,7.735843924,9.713759864,482,16,467,35,498,502
10,1000,10,7.7,28,70,952,32,7,9,48,8.682384204,99,121,10.61651548,9.403646463,7.934211397,9.4335557,488,13,464,35,501,499
16,1000,10,7.7,28,42,951,24,11,14,49,7.796207113,93,101,10.33412614,9.235871,7.052586016,8.595368375,502,16,449,33,518,482
11,1000,10,7.7,28,68,942,33,12,13,58,8.526767978,108,95,10.34449892,9.410431747,8.205815821,8.863504667,487,25,455,33,512,488
14,1000,10,7.7,28,66,942,35,14,9,58,8.529178831,87,108,10.57803961,9.216353075,7.938632055,9.059214173,449,24,493,34,473,527
9,1000,10,7.7,28,71,950,31,12,7,50,8.796968723,82,110,10.91404403,9.139698216,8.359810402,9.266777873,505,13,445,37,518,482
15,1000,10,7.7,28,66,951,30,14,5,49,8.208309911,99,104,10.5588424,9.102206766,7.487189562,9.014986912,507,21,444,28,528,472
12,1000,10,7.7,28,67,955,28,9,8,45,8.374173026,111,90,10.52514209,9.047342044,8.076774706,8.638964346,449,22,506,23,471,529
13,1000,10,7.7,28,67,949,31,11,9,51,8.75050052,102,119,10.76891354,9.275101552,7.781301955,9.711976386,482,16,467,35,498,502
10,1000,10,7.7,28,71,951,32,8,9,49,8.698435631,92,99,10.62410376,9.422664404,7.957667762,9.442172509,487,14,464,35,501,499
11,1000,10,7.7,28,69,941,33,13,13,59,8.570470892,102,101,10.35217518,9.407786994,8.252889059,8.903671504,487,25,454,34,512,488
14,1000,10,7.7,28,67,942,34,15,9,58,8.568581602,91,93,10.58365099,9.232715719,7.926029539,9.145293415,449,24,493,34,473,527
16,1000,10,7.7,28,43,952,22,12,14,48,7.826498728,86,113,10.34131301,9.212083094,7.102414873,8.604663533,502,16,450,32,518,482
9,1000,10,7.7,28,72,951,30,12,7,49,8.797267296,85,103,10.91649464,9.135378098,8.34030326,9.288361427,506,12,445,37,518,482
15,1000,10,7.7,28,67,952,30,13,5,48,8.234067317,90,112,10.57548114,9.103974006,7.526004702,9.026137361,507,21,445,27,528,472
12,1000,10,7.7,28,68,955,28,9,8,45,8.387917093,97,138,10.53075329,9.038631074,8.102812945,8.641762185,449,22,506,23,471,529
13,1000,10,7.7,28,68,949,30,12,9,51,8.773557563,103,115,10.76242022,9.265599526,7.797981647,9.741359966,482,16,467,35,498,502
10,1000,10,7.7,28,72,951,32,8,9,49,8.689404442,93,140,10.63350682,9.433322991,7.959037238,9.422698969,487,14,464,35,501,499
11,1000,10,7.7,28,70,941,33,13,13,59,8.588323519,109,116,10.34352031,9.430351402,8.300090378,8.890732061,487,25,454,34,512,488
14,1000,10,7.7,28,68,942,35,14,9,58,8.57605755,83,116,10.58035331,9.226535537,7.939160079,9.14769418,449,24,493,34,473,527
9,1000,10,7.7,28,73,950,31,12,7,50,8.830958081,111,122,10.90511326,9.128981728,8.361226757,9.335773073,506,12,444,38,518,482
15,1000,10,7.7,28,68,953,29,12,6,47,8.267062629,105,115,10.59828577,9.108615938,7.563588702,9.053999564,507,21,446,26,528,472
12,1000,10,7.7,28,69,955,28,9,8,45,8.392403302,103,104,10.54538648,9.061015429,8.097612683,8.654872833,449,22,506,23,471,529
16,1000,10,7.7,28,44,952,22,12,14,48,7.850668497,102,108,10.3359484,9.211481825,7.121336421,8.634473508,502,16,450,32,518,482
13,1000,10,7.7,28,69,948,31,12,9,52,8.810488898,106,97,10.74993368,9.263067911,7.813404917,9.799627987,482,16,466,36,498,502
10,1000,10,7.7,28,73,952,31,8,9,48,8.694424145,89,109,10.66322107,9.420627034,7.953657614,9.438159679,487,14,465,34,501,499
11,1000,10,7.7,28,71,943,31,13,13,57,8.591608299,103,123,10.34389466,9.423323708,8.325115435,8.871207369,488,24,455,33,512,488
14,1000,10,7.7,28,69,941,36,13,10,59,8.607692812,115,106,10.58579379,9.217147699,7.918497682,9.226268327,449,24,492,35,473,527
9,1000,10,7.7,28,74,950,30,13,7,50,8.859845262,99,100,10.90639814,9.127100601,8.377275079,9.378458031,506,12,444,38,518,482
15,1000,10,7.7,28,69,954,29,11,6,46,8.270080024,97,116,10.59655823,9.091781503,7.55505157,9.069942362,507,21,447,25,528,472
12,1000,10,7.7,28,70,955,28,9,8,45,8.387241589,86,96,10.55587425,9.069000453,8.084966176,8.656375274,449,22,506,23,471,529
13,1000,10,7.7,28,70,947,32,12,9,53,8.840012625,83,122,10.77014721,9.270568742,7.857341429,9.814853771,481,17,466,36,498,502
16,1000,10,7.7,28,45,952,22,12,14,48,7.870675246,99,103,10.35391295,9.225085732,7.135819267,8.660416735,501,17,451,31,518,482
10,1000,10,7.7,28,74,950,33,8,9,50,8.746767848,112,117,10.64992102,9.408600661,7.998940759,9.497592241,486,15,464,35,501,499
11,1000,10,7.7,28,72,946,31,10,13,54,8.581696806,109,111,10.35005976,9.432794823,8.350377429,8.824392545,488,24,458,30,512,488
14,1000,10,7.7,28,70,941,37,13,9,59,8.611164851,92,107,10.6197079,9.20902335,7.918329822,9.233007297,449,24,492,35,473,527
9,1000,10,7.7,28,75,950,30,13,7,50,8.871328875,96,109,10.87597297,9.125278633,8.376638411,9.402967174,506,12,444,38,518,482
15,1000,10,7.7,28,70,953,29,12,6,47,8.304092793,93,105,10.5944166,9.110039711,7.589412913,9.103565202,507,21,446,26,528,472
12,1000,10,7.7,28,71,954,29,9,8,46,8.396956196,86,103,10.5491199,9.082209139,8.086553167,8.673326379,449,22,505,24,471,529
13,1000,10,7.7,28,71,947,32,12,9,53,8.840672012,114,120,10.75988252,9.289340989,7.884264555,9.789458693,482,16,465,37,498,502
10,1000,10,7.7,28,75,952,31,8,9,48,8.72304736,101,102,10.64325518,9.423980948,7.980983983,9.468084939,486,15,466,33,501,499
16,1000,10,7.7,28,46,953,21,12,14,47,7.842524588,108,97,10.33338832,9.221100069,7.099392088,8.64116076,502,16,451,31,518,482
11,1000,10,7.7,28,73,947,29,11,13,53,8.599403109,97,134,10.35883094,9.435029454,8.387483695,8.821744789,488,24,459,29,512,488
14,1000,10,7.7,28,71,940,37,14,9,60,8.623110987,94,106,10.62851229,9.216493477,7.898402989,9.27356048,449,24,491,36,473,527
9,1000,10,7.7,28,76,950,30,13,7,50,8.897109677,91,111,10.87438558,9.135286791,8.390162612,9.441920009,506,12,444,38,518,482
15,1000,10,7.7,28,71,953,29,12,6,47,8.334817268,95,105,10.61486618,9.104790831,7.606458835,9.14959111,508,20,445,27,528,472
12,1000,10,7.7,28,72,954,30,8,8,46,8.418570568,108,111,10.55398356,9.079956091,8.147413201,8.659998016,449,22,505,24,471,529
13,1000,10,7.7,28,72,946,34,12,8,54,8.859242496,85,103,10.75376505,9.2834487,7.902524981,9.808336764,483,15,463,39,498,502
10,1000,10,7.7,28,76,952,30,9,9,48,8.740441867,93,112,10.6418006,9.426167644,7.990846564,9.493041561,486,15,466,33,501,499
16,1000,10,7.7,28,47,952,23,11,14,48,7.831129686,105,114,10.34008351,9.245714379,7.120382865,8.594961332,501,17,451,31,518,482
11,1000,10,7.7,28,74,947,29,10,14,53,8.60857261,102,109,10.37829231,9.425505021,8.417020054,8.809545784,488,24,459,29,512,488
14,1000,10,7.7,28,72,943,36,12,9,57,8.616728999,98,108,10.65932059,9.223948229,7.895186325,9.264337509,450,23,493,34,473,527
9,1000,10,7.7,28,77,952,29,12,7,48,8.92950738,94,120,10.9004272,9.11306937,8.467069857,9.426483805,506,12,446,36,518,482
15,1000,10,7.7,28,72,952,30,12,6,48,8.361638216,101,124,10.6294719,9.131818976,7.646486645,9.16163828,508,20,444,28,528,472
12,1000,10,7.7,28,73,954,30,8,8,46,8.415356925,102,99,10.56395058,9.06575304,8.158653229,8.643915415,449,22,505,24,471,529
13,1000,10,7.7,28,73,949,31,12,8,51,8.849819043,111,95,10.75261638,9.303984001,7.907225168,9.784902209,484,14,465,37,498,502
10,1000,10,7.7,28,77,953,29,9,9,47,8.739803044,98,110,10.63824336,9.432089735,7.985124333,9.49750652,486,15,467,32,501,499
11,1000,10,7.7,28,75,949,28,9,14,51,8.599997132,110,116,10.38849972,9.448159036,8.449463769,8.757933775,488,24,461,27,512,488
14,1000,10,7.7,28,73,942,37,12,9,58,8.656218195,94,127,10.6523502,9.218954279,7.938601244,9.300303238,450,23,492,35,473,527
16,1000,10,7.7,28,48,953,23,10,14,47,7.835026582,102,95,10.35032594,9.259556899,7.137017628,8.585168986,502,16,451,31,518,482
9,1000,10,7.7,28,78,953,29,11,7,47,8.961995487,91,100,10.91162169,9.110812706,8.49540701,9.463432895,507,11,446,36,518,482
15,1000,10,7.7,28,73,952,30,11,7,48,8.416565613,95,126,10.63062539,9.13675523,7.716995787,9.199135249,508,20,444,28,528,472
12,1000,10,7.7,28,74,955,29,8,8,45,8.425170103,95,118,10.56480376,9.077572377,8.149213575,8.670870527,450,21,505,24,471,529
13,1000,10,7.7,28,74,951,30,11,8,49,8.838068541,101,104,10.75696241,9.322798346,7.891865725,9.776731892,484,14,467,35,498,502
10,1000,10,7.7,28,78,951,31,9,9,49,8.79383336,97,106,10.62961828,9.44935847,8.02122813,9.569535204,485,16,466,33,501,499
11,1000,10,7.7,28,76,950,28,9,13,50,8.5987351,91,88,10.3924633,9.451920758,8.45008868,8.754692,488,24,462,26,512,488
14,1000,10,7.7,28,74,943,37,10,10,57,8.672810588,111,112,10.66033794,9.206716411,7.966007021,9.307190261,451,22,492,35,473,527
9,1000,10,7.7,28,79,954,28,11,7,46,8.972059593,89,112,10.91093419,9.129509933,8.521782311,9.455967543,507,11,447,35,518,482
15,1000,10,7.7,28,74,951,30,12,7,49,8.445975579,93,117,10.65187119,9.152101607,7.776698315,9.194658619,507,21,444,28,528,472
16,1000,10,7.7,28,49,952,24,10,14,48,7.885981117,91,123,10.37111306,9.283733196,7.180043847,8.644643993,502,16,450,32,518,482
12,1000,10,7.7,28,75,955,30,8,7,45,8.452341606,90,100,10.56792361,9.077923215,8.178429044,8.696222168,450,21,505,24,471,529
13,1000,10,7.7,28,75,950,31,11,8,50,8.832649299,100,112,10.77535003,9.343397064,7.886114707,9.771641782,483,15,467,35,498,502
10,1000,10,7.7,28,79,950,32,9,9,50,8.824455011,97,100,10.6439001,9.44841586,8.053862466,9.598136102,484,17,466,33,501,499
11,1000,10,7.7,28,77,951,26,10,13,49,8.613248849,102,99,10.41492549,9.466312235,8.502280942,8.729674194,488,24,463,25,512,488
14,1000,10,7.7,28,75,941,39,10,10,59,8.68557955,85,98,10.66039284,9.2198967,8.024053166,9.279321447,450,23,491,36,473,527
9,1000,10,7.7,28,80,953,29,11,7,47,8.970652242,92,100,10.914799,9.120715238,8.53382071,9.440110196,506,12,447,35,518,482
15,1000,10,7.7,28,75,949,31,13,7,51,8.515795431,96,118,10.66305046,9.160320783,7.815562954,9.299106338,507,21,442,30,528,472
12,1000,10,7.7,28,76,956,29,8,7,44,8.476522921,93,127,10.55021153,9.077597572,8.216447424,8.708083525,450,21,506,23,471,529
13,1000,10,7.7,28,76,950,32,10,8,50,8.837480579,89,111,10.77641016,9.325549572,7.882117511,9.785231192,484,14,466,36,498,502
16,1000,10,7.7,28,50,951,25,10,14,49,7.938088379,85,109,10.37403529,9.290266302,7.235190211,8.693485165,501,17,450,32,518,482
10,1000,10,7.7,28,80,952,31,8,9,48,8.829119154,103,121,10.64810214,9.445264705,8.085435827,9.575783177,483,18,469,30,501,499
11,1000,10,7.7,28,78,951,25,11,13,49,8.614123367,104,119,10.40446853,9.457295022,8.512718917,8.720514921,488,24,463,25,512,488
14,1000,10,7.7,28,76,943,38,10,9,57,8.663468329,94,120,10.67220673,9.218756337,8.008342319,9.251465677,451,22,492,35,473,527
9,1000,10,7.7,28,81,952,30,11,7,48,8.982888128,117,111,10.94272097,9.142040097,8.546986812,9.451346389,506,12,446,36,518,482
15,1000,10,7.7,28,76,948,31,14,7,52,8.545314853,88,106,10.67941757,9.162856834,7.830840008,9.3445579,507,21,441,31,528,472
12,1000,10,7.7,28,77,957,28,8,7,43,8.470920247,100,111,10.55785547,9.076230121,8.203556341,8.708970152,450,21,507,22,471,529
13,1000,10,7.7,28,77,950,32,10,8,50,8.86492995,92,105,10.78254655,9.306102377,7.968412987,9.754303351,484,14,466,36,498,502
10,1000,10,7.7,28,81,951,31,9,9,49,8.825961814,95,113,10.65525972,9.452699454,8.074005127,9.580932356,483,18,468,31,501,499
16,1000,10,7.7,28,51,950,28,10,12,50,7.945409723,96,117,10.38162134,9.301191139,7.282526235,8.657803181,501,17,449,33,518,482
11,1000,10,7.7,28,79,951,25,11,13,49,8.635247246,98,116,10.41455535,9.46779063,8.514134248,8.762316621,488,24,463,25,512,488
14,1000,10,7.7,28,77,943,37,11,9,57,8.706926647,94,102,10.67432093,9.224099847,8.01669841,9.32642941,451,22,492,35,473,527
9,1000,10,7.7,28,82,951,31,11,7,49,8.993707154,99,113,10.94940813,9.148368161,8.551012329,9.469466324,506,12,445,37,518,482
15,1000,10,7.7,28,77,949,31,12,8,51,8.56732494,91,105,10.70223294,9.158924595,7.885528139,9.330012887,507,21,442,30,528,472
12,1000,10,7.7,28,78,958,27,8,7,42,8.47344297,103,113,10.5413994,9.085859542,8.187672856,8.727881011,450,21,508,21,471,529
13,1000,10,7.7,28,78,951,32,10,7,49,8.871096743,96,122,10.79662654,9.30766092,7.997507758,9.73772486,484,14,467,35,498,502
10,1000,10,7.7,28,82,950,32,9,9,50,8.862949386,83,116,10.66873228,9.454054137,8.115120197,9.613775886,483,18,467,32,501,499
16,1000,10,7.7,28,52,950,28,9,13,50,7.954285545,84,105,10.38123913,9.315028914,7.31261013,8.643886926,501,17,449,33,518,482
11,1000,10,7.7,28,80,951,24,12,13,49,8.670908394,86,106,10.41128698,9.450088097,8.550952446,8.796763814,488,24,463,25,512,488
14,1000,10,7.7,28,78,941,39,11,9,59,8.728151585,85,116,10.68323155,9.226320776,8.068619829,9.320103238,451,22,490,37,473,527
9,1000,10,7.7,28,83,952,31,10,7,48,9.010237836,85,97,10.95730012,9.173101718,8.589434401,9.462470573,506,12,446,36,518,482
15,1000,10,7.7,28,78,947,33,12,8,53,8.595861109,86,130,10.71457754,9.161550014,7.890208689,9.385235003,507,21,440,32,528,472
12,1000,10,7.7,28,79,958,26,9,7,42,8.476324927,86,107,10.5479594,9.087759797,8.18084243,8.739410477,451,20,507,22,471,529
13,1000,10,7.7,28,79,953,30,10,7,47,8.870564463,103,104,10.79407448,9.324955323,8.010178803,9.72409446,484,14,469,33,498,502
10,1000,10,7.7,28,83,948,36,9,7,52,8.901300312,98,107,10.67912072,9.449178104,8.167184908,9.638358063,481,20,467,32,501,499
11,1000,10,7.7,28,81,948,27,12,13,52,8.72836804,110,102,10.41231596,9.465685294,8.594542869,8.868774778,487,25,461,27,512,488
16,1000,10,7.7,28,53,950,29,8,13,50,7.97933953,97,106,10.39499718,9.310563018,7.386877488,8.61605185,501,17,449,33,518,482
14,1000,10,7.7,28,79,942,40,10,8,58,8.74161885,85,93,10.70101337,9.222699062,8.128447526,9.291960474,450,23,492,35,473,527
9,1000,10,7.7,28,84,952,30,11,7,48,9.07814311,104,100,10.97538127,9.178126842,8.679527794,9.506530523,505,13,447,35,518,482
15,1000,10,7.7,28,79,945,34,13,8,55,8.635418536,85,115,10.73003727,9.159863766,7.907888018,9.449266235,506,22,439,33,528,472
12,1000,10,7.7,28,80,957,27,8,8,43,8.536993827,95,134,10.5415579,9.086763607,8.257848292,8.785533614,450,21,507,22,471,529
13,1000,10,7.7,28,80,953,30,10,7,47,8.885248104,82,121,10.79564304,9.338579114,8.037649578,9.726092857,484,14,469,33,498,502
10,1000,10,7.7,28,84,948,36,9,7,52,8.909750416,83,119,10.6899569,9.457805214,8.196354559,9.626005576,481,20,467,32,501,499
11,1000,10,7.7,28,82,947,29,11,13,53,8.738432197,106,90,10.42008394,9.458076451,8.626385648,8.855989231,486,26,461,27,512,488
14,1000,10,7.7,28,80,943,39,10,8,57,8.751011905,98,125,10.69893686,9.21735509,8.172336279,9.270392494,450,23,493,34,473,527
9,1000,10,7.7,28,85,953,29,11,7,47,9.037234483,104,138,10.99784468,9.181571946,8.638527589,9.465720315,505,13,448,34,518,482
15,1000,10,7.7,28,80,944,33,14,9,56,8.677915707,92,132,10.75174592,9.165050073,7.946668172,9.495921424,505,23,439,33,528,472
16,1000,10,7.7,28,54,951,28,8,13,49,7.952077724,90,102,10.39879523,9.299362682,7.375366901,8.571862383,502,16,449,33,518,482
12,1000,10,7.7,28,81,953,31,8,8,47,8.592812861,100,111,10.52326892,9.082754796,8.375517037,8.786284191,448,23,505,24,471,529
13,1000,10,7.7,28,81,950,33,10,7,50,8.938985657,102,111,10.77670238,9.334123301,8.091779646,9.779441022,483,15,467,35,498,502
10,1000,10,7.7,28,85,948,36,9,7,52,8.939534362,98,121,10.69588641,9.461479259,8.250520436,9.631309867,481,20,467,32,501,499
11,1000,10,7.7,28,83,947,29,11,13,53,8.747958889,85,129,10.42691898,9.444082905,8.631460953,8.870186231,486,26,461,27,512,488
14,1000,10,7.7,28,81,947,36,9,8,53,8.737649788,101,103,10.70945228,9.22714519,8.254733195,9.171083466,450,23,497,30,473,527
9,1000,10,7.7,28,86,953,29,11,7,47,9.057649663,93,121,10.99300149,9.187180031,8.654414513,9.491001962,505,13,448,34,518,482
15,1000,10,7.7,28,81,944,34,13,9,56,8.657738506,101,110,10.76847041,9.156875776,7.961633141,9.436432643,505,23,439,33,528,472
12,1000,10,7.7,28,82,954,30,8,8,46,8.606939221,78,109,10.52915839,9.067048782,8.412443582,8.780110197,448,23,506,23,471,529
16,1000,10,7.7,28,55,950,28,9,13,50,8.019669343,95,112,10.40419573,9.295449277,7.44196183,8.640525135,502,16,448,34,518,482
13,1000,10,7.7,28,82,949,34,10,7,51,8.951844221,91,107,10.78397976,9.346566366,8.105535865,9.791409083,482,16,467,35,498,502
10,1000,10,7.7,28,86,948,36,9,7,52,8.957285442,114,95,10.69836537,9.478191083,8.241080887,9.676360557,481,20,467,32,501,499
11,1000,10,7.7,28,84,946,30,11,13,54,8.747641585,105,105,10.42491976,9.450192053,8.642145356,8.858326152,485,27,461,27,512,488
14,1000,10,7.7,28,82,948,35,9,8,52,8.794923367,95,119,10.70579595,9.227077293,8.309092302,9.230972881,450,23,498,29,473,527
9,1000,10,7.7,28,87,949,34,11,6,51,9.068047763,82,113,11.00964533,9.17822833,8.678107727,9.487111951,502,16,447,35,518,482
15,1000,10,7.7,28,82,944,34,13,9,56,8.647224106,95,119,10.77686432,9.157424877,7.978949515,9.394785512,505,23,439,33,528,472
12,1000,10,7.7,28,83,954,29,9,8,46,8.643816406,96,126,10.52880829,9.079409981,8.471537358,8.797206635,448,23,506,23,471,529
13,1000,10,7.7,28,83,950,34,9,7,50,8.972516151,99,116,10.78820678,9.338903359,8.10404371,9.834068494,483,15,467,35,498,502
10,1000,10,7.7,28,87,946,36,11,7,54,8.97594479,99,119,10.68315944,9.498856944,8.25059705,9.704199735,480,21,466,33,501,499
16,1000,10,7.7,28,56,952,27,9,12,48,8.01664897,102,106,10.41634668,9.280805802,7.454261616,8.621040359,503,15,449,33,518,482
11,1000,10,7.7,28,85,946,30,11,13,54,8.746134276,105,122,10.41790847,9.464740843,8.654219095,8.842569874,485,27,461,27,512,488
14,1000,10,7.7,28,83,948,34,10,8,52,8.824237031,113,97,10.7179004,9.255402463,8.350472538,9.249456396,449,24,499,28,473,527
15,1000,10,7.7,28,83,945,33,13,9,55,8.664183304,104,100,10.80547437,9.167373996,7.967441992,9.443588839,506,22,439,33,528,472
9,1000,10,7.7,28,88,946,35,12,7,54,9.143322254,103,113,11.00553848,9.176885957,8.752592498,9.563235144,501,17,445,37,518,482
12,1000,10,7.7,28,84,954,29,9,8,46,8.645365679,87,107,10.53598875,9.071662367,8.464946279,8.806003747,448,23,506,23,471,529
13,1000,10,7.7,28,84,949,35,9,7,51,9.003291369,92,109,10.80443432,9.33972348,8.17657255,9.823422786,482,16,467,35,498,502
10,1000,10,7.7,28,88,946,36,11,7,54,9.004364001,118,126,10.67530723,9.499485731,8.272508269,9.739153024,480,21,466,33,501,499
16,1000,10,7.7,28,57,951,28,9,12,49,8.060735363,100,126,10.44018951,9.283003099,7.492720301,8.671174786,502,16,449,33,518,482
11,1000,10,7.7,28,86,946,30,11,13,54,8.764845285,90,110,10.41463867,9.456877753,8.688018929,8.845449987,485,27,461,27,512,488
14,1000,10,7.7,28,84,949,34,9,8,51,8.838960748,98,112,10.70249491,9.247178114,8.384543296,9.246815501,449,24,500,27,473,527
15,1000,10,7.7,28,84,946,32,12,10,54,8.692550387,90,114,10.79405126,9.187181022,7.978970121,9.490792718,506,22,440,32,528,472
9,1000,10,7.7,28,89,946,35,12,7,54,9.174346359,103,110,11.0185941,9.199828404,8.82960105,9.544840281,501,17,445,37,518,482
12,1000,10,7.7,28,85,953,30,9,8,47,8.676589994,91,115,10.52513818,9.056362332,8.492960886,8.840085854,448,23,505,24,471,529
13,1000,10,7.7,28,85,948,35,10,7,52,9.016890392,105,113,10.82307381,9.338349799,8.205866362,9.82145208,482,16,466,36,498,502
10,1000,10,7.7,28,89,946,38,11,5,54,8.984999242,116,121,10.70562435,9.508448515,8.285303301,9.687499576,480,21,466,33,501,499
11,1000,10,7.7,28,87,947,28,11,14,53,8.784142489,103,121,10.42008817,9.457153752,8.711069037,8.860809718,486,26,461,27,512,488
16,1000,10,7.7,28,58,952,27,9,12,48,8.070110403,96,99,10.45316275,9.264415919,7.519326367,8.662031837,502,16,450,32,518,482
14,1000,10,7.7,28,85,949,34,9,8,51,8.831053932,91,108,10.72589791,9.236937396,8.387226405,9.229403876,449,24,500,27,473,527
15,1000,10,7.7,28,85,946,32,12,10,54,8.726169367,103,114,10.80536263,9.18948581,8.025433005,9.510043942,506,22,440,32,528,472
9,1000,10,7.7,28,90,948,34,11,7,52,9.185324933,90,113,11.02522473,9.220396055,8.877146891,9.516520422,500,18,448,34,518,482
12,1000,10,7.7,28,86,952,31,9,8,48,8.700957409,101,112,10.54513429,9.061196312,8.549607063,8.835713577,448,23,504,25,471,529
13,1000,10,7.7,28,86,947,36,9,8,53,8.999263166,108,104,10.82347103,9.326587347,8.180419982,9.811581702,482,16,465,37,498,502
10,1000,10,7.7,28,90,946,38,11,5,54,9.012627471,85,116,10.68862086,9.530948816,8.322726913,9.705293162,480,21,466,33,501,499
11,1000,10,7.7,28,88,946,29,11,14,54,8.809199013,102,122,10.41839084,9.470876021,8.735673507,8.886340529,486,26,460,28,512,488
15,1000,10,7.7,28,86,944,33,12,11,56,8.786529453,92,113,10.81181989,9.181039642,8.098659991,9.556010545,504,24,440,32,528,472
14,1000,10,7.7,28,86,948,34,10,8,52,8.879364212,90,123,10.71819623,9.254768629,8.449313942,9.26534861,448,25,500,27,473,527
9,1000,10,7.7,28,91,948,34,11,7,52,9.231526444,103,117,11.03996171,9.219384291,8.93530196,9.549875578,500,18,448,34,518,482
16,1000,10,7.7,28,59,951,28,9,12,49,8.062832447,99,113,10.48222824,9.257530434,7.508735794,8.658313912,502,16,449,33,518,482
12,1000,10,7.7,28,87,952,30,10,8,48,8.715632532,93,95,10.53189458,9.055271417,8.565987592,8.848870277,448,23,504,25,471,529
13,1000,10,7.7,28,87,944,39,9,8,56,8.997943334,109,117,10.83420494,9.318290548,8.216563744,9.773096792,479,19,465,37,498,502
10,1000,10,7.7,28,91,946,38,11,5,54,9.031748201,100,116,10.69311767,9.538637857,8.359593472,9.706596937,481,20,465,34,501,499
11,1000,10,7.7,28,89,943,32,11,14,57,8.834491309,100,101,10.43368819,9.4765383,8.758755666,8.913951656,484,28,459,29,512,488
15,1000,10,7.7,28,87,944,33,12,11,56,8.771805806,95,126,10.82571318,9.190252091,8.073384981,9.55309012,504,24,440,32,528,472
14,1000,10,7.7,28,87,949,34,9,8,51,8.854214734,107,97,10.71922141,9.259711943,8.451734458,9.215454147,449,24,500,27,473,527
9,1000,10,7.7,28,92,948,34,11,7,52,9.25951812,99,112,11.06054959,9.215705703,8.963545168,9.577596935,500,18,448,34,518,482
16,1000,10,7.7,28,60,950,29,9,12,50,8.082795648,107,127,10.4795454,9.258512384,7.538844015,8.667374375,502,16,448,34,518,482
12,1000,10,7.7,28,88,950,31,10,9,50,8.734685254,94,105,10.53165525,9.055471564,8.598532508,8.855910099,446,25,504,25,471,529
13,1000,10,7.7,28,88,946,38,8,8,54,8.993612662,87,116,10.84350108,9.312864465,8.23291937,9.748244653,479,19,467,35,498,502
10,1000,10,7.7,28,92,945,39,11,5,55,9.082820213,92,122,10.70458221,9.556996532,8.391469462,9.776941908,481,20,464,35,501,499
11,1000,10,7.7,28,90,943,32,11,14,57,8.829882531,91,105,10.45341348,9.489029729,8.78768898,8.874151174,484,28,459,29,512,488
15,1000,10,7.7,28,88,944,33,11,12,56,8.807852393,90,112,10.85101778,9.184546498,8.15092491,9.542720425,504,24,440,32,528,472
14,1000,10,7.7,28,88,949,34,9,8,51,8.871964595,107,134,10.73110456,9.253214817,8.486684232,9.217766515,449,24,500,27,473,527
9,1000,10,7.7,28,93,948,34,11,7,52,9.282523334,91,132,11.06911139,9.234304657,9.018022938,9.566778946,500,18,448,34,518,482
12,1000,10,7.7,28,89,949,32,10,9,51,8.774858184,92,102,10.54736758,9.063582217,8.695335064,8.845662323,445,26,504,25,471,529
13,1000,10,7.7,28,89,945,39,8,8,55,9.046833348,98,130,10.85510136,9.316010148,8.305721864,9.78203956,478,20,467,35,498,502
10,1000,10,7.7,28,93,944,40,11,5,56,9.107653104,110,94,10.71029793,9.580370361,8.43635351,9.781643278,479,22,465,34,501,499
16,1000,10,7.7,28,61,949,30,9,12,51,8.110394979,91,126,10.50267101,9.24992995,7.567354469,8.693994532,502,16,447,35,518,482
11,1000,10,7.7,28,91,943,32,10,15,57,8.855946609,102,101,10.46017184,9.477008665,8.820443606,8.893195661,484,28,459,29,512,488
15,1000,10,7.7,28,89,943,33,12,12,57,8.860806,101,107,10.86492919,9.198751987,8.203690325,9.595884553,504,24,439,33,528,472
14,1000,10,7.7,28,89,948,34,10,8,52,8.882496735,109,127,10.72877744,9.249901699,8.517234301,9.210331899,449,24,499,28,473,527
9,1000,10,7.7,28,94,949,33,11,7,51,9.302263281,94,114,11.07571742,9.224261267,9.048797098,9.574660548,500,18,449,33,518,482
12,1000,10,7.7,28,90,949,31,11,9,51,8.79786145,87,120,10.58066402,9.055252209,8.697584678,8.887143792,445,26,504,25,471,529
13,1000,10,7.7,28,90,944,40,8,8,56,9.030177903,112,112,10.85152651,9.316635823,8.250616037,9.803528121,478,20,466,36,498,502
10,1000,10,7.7,28,94,943,40,12,5,57,9.125211069,87,126,10.71218904,9.576997212,8.458523282,9.794570952,478,23,465,34,501,499
16,1000,10,7.7,28,62,950,28,9,13,50,8.116965572,92,112,10.50738586,9.250127681,7.584049722,8.689684265,503,15,447,35,518,482
11,1000,10,7.7,28,92,943,32,10,15,57,8.83504775,120,119,10.49816552,9.488960646,8.819717105,8.851132362,483,29,460,28,512,488
15,1000,10,7.7,28,90,943,32,13,12,57,8.9128251,106,116,10.88310174,9.208581159,8.256061218,9.647510121,504,24,439,33,528,472
14,1000,10,7.7,28,90,949,32,11,8,51,8.890621211,90,124,10.75510204,9.252059349,8.520196402,9.223089778,450,23,499,28,473,527
9,1000,10,7.7,28,95,948,34,11,7,52,9.346147617,81,115,11.08820968,9.224498933,9.135772805,9.572235071,499,19,449,33,518,482
12,1000,10,7.7,28,91,949,31,11,9,51,8.833745176,85,108,10.59859623,9.061157717,8.72879501,8.927188519,445,26,504,25,471,529
13,1000,10,7.7,28,91,944,40,8,8,56,9.050204232,108,111,10.87589309,9.312676475,8.252867286,9.841187895,478,20,466,36,498,502
10,1000,10,7.7,28,95,943,40,10,7,57,9.117848613,97,116,10.72034158,9.575977188,8.508129361,9.730011629,478,23,465,34,501,499
11,1000,10,7.7,28,93,943,31,11,15,57,8.824073738,92,114,10.5123282,9.503651033,8.821859618,8.826396749,483,29,460,28,512,488
15,1000,10,7.7,28,91,941,34,13,12,59,8.961074127,96,104,10.90257009,9.202767789,8.31738107,9.681137546,503,25,438,34,528,472
16,1000,10,7.7,28,63,951,26,10,13,49,8.109257112,118,116,10.53113034,9.270747013,7.576031087,8.682309147,503,15,448,34,518,482
14,1000,10,7.7,28,91,948,33,11,8,52,8.914777917,79,110,10.76981887,9.25393671,8.546314098,9.24548643,450,23,498,29,473,527
9,1000,10,7.7,28,96,947,35,11,7,53,9.379365459,104,121,11.09907837,9.221522881,9.173347838,9.600770289,499,19,448,34,518,482
12,1000,10,7.7,28,92,951,30,10,9,49,8.856309896,116,93,10.5716121,9.066207106,8.718176536,8.9792982,446,25,505,24,471,529
13,1000,10,7.7,28,92,944,39,9,8,56,9.070193454,90,127,10.87743689,9.316550401,8.32795366,9.806518987,477,21,467,35,498,502
10,1000,10,7.7,28,96,942,41,10,7,58,9.130790713,109,98,10.70280497,9.579840835,8.526168969,9.737835791,478,23,464,35,501,499
11,1000,10,7.7,28,94,943,31,11,15,57,8.837246176,95,107,10.5154203,9.505923428,8.81575531,8.85979397,483,29,460,28,512,488
15,1000,10,7.7,28,92,940,35,13,12,60,8.980088651,80,115,10.89634604,9.186496237,8.322215168,9.716014921,503,25,437,35,528,472
14,1000,10,7.7,28,92,948,32,12,8,52,8.975599633,97,95,10.78254772,9.250325588,8.60036769,9.312382761,450,23,498,29,473,527
9,1000,10,7.7,28,97,947,36,10,7,53,9.40800992,106,135,11.11266288,9.224064553,9.200179532,9.63136291,499,19,448,34,518,482
16,1000,10,7.7,28,64,951,27,10,12,49,8.136586531,95,130,10.54298511,9.28050046,7.617155073,8.694813699,502,16,449,33,518,482
12,1000,10,7.7,28,93,950,32,11,7,50,8.859403961,95,122,10.55285305,9.063920744,8.749464959,8.95728916,444,27,506,23,471,529
13,1000,10,7.7,28,93,945,37,10,8,55,9.106627788,88,114,10.88423983,9.316547222,8.367951132,9.839418573,478,20,467,35,498,502
10,1000,10,7.7,28,97,941,40,10,9,59,9.181045647,104,102,10.70433964,9.602382642,8.601434095,9.762980291,476,25,465,34,501,499
11,1000,10,7.7,28,95,940,32,12,16,60,8.880110436,92,105,10.53399784,9.503248349,8.860612367,8.900567427,480,32,460,28,512,488
15,1000,10,7.7,28,93,940,35,13,12,60,9.022263,88,127,10.90963532,9.165897723,8.35931423,9.763866708,503,25,437,35,528,472
14,1000,10,7.7,28,93,946,34,12,8,54,9.038254407,89,129,10.80456702,9.24575128,8.658528632,9.379070899,449,24,497,30,473,527
9,1000,10,7.7,28,98,947,37,9,7,53,9.454429791,98,125,11.11153969,9.231661479,9.277068485,9.645038,498,20,449,33,518,482
16,1000,10,7.7,28,65,952,26,9,13,48,8.180495933,94,99,10.55562526,9.289601052,7.674496602,8.724287746,502,16,450,32,518,482
12,1000,10,7.7,28,94,950,32,11,7,50,8.903357982,82,112,10.5906764,9.076120279,8.803581795,8.992194625,444,27,506,23,471,529
13,1000,10,7.7,28,94,945,38,9,8,55,9.132370572,102,108,10.91063473,9.29768322,8.377771632,9.880956771,479,19,466,36,498,502
10,1000,10,7.7,28,98,941,40,10,9,59,9.216098117,106,139,10.70859039,9.600905135,8.633347549,9.801184359,476,25,465,34,501,499
11,1000,10,7.7,28,96,939,33,11,17,61,8.925915192,113,104,10.51793977,9.483008954,8.930180652,8.921439954,479,33,460,28,512,488
15,1000,10,7.7,28,94,939,36,12,13,61,9.064749434,90,111,10.91321313,9.16310236,8.416596934,9.789801384,502,26,437,35,528,472
14,1000,10,7.7,28,94,947,33,12,8,53,9.025998345,100,105,10.82383274,9.251787945,8.650886379,9.36267379,449,24,498,29,473,527
9,1000,10,7.7,28,99,945,39,9,7,55,9.477023688,104,125,11.11466929,9.241252473,9.273630189,9.695608403,497,21,448,34,518,482
12,1000,10,7.7,28,95,948,34,11,7,52,8.933768007,99,111,10.6000044,9.074039161,8.849934661,9.008409795,444,27,504,25,471,529
13,1000,10,7.7,28,95,945,38,9,8,55,9.109652847,91,123,10.92910037,9.301282789,8.348240009,9.86499865,479,19,466,36,498,502
16,1000,10,7.7,28,66,951,27,9,13,49,8.205790609,91,108,10.55895193,9.300996714,7.712496886,8.735927847,502,16,449,33,518,482
10,1000,10,7.7,28,99,942,40,9,9,58,9.24952934,113,109,10.72313824,9.617856317,8.673099289,9.828269732,476,25,466,33,501,499
15,1000,10,7.7,28,95,939,35,13,13,61,9.042980141,83,100,10.90466584,9.181496259,8.41183703,9.749004638,502,26,437,35,528,472
11,1000,10,7.7,28,97,938,34,11,17,62,8.921520918,109,102,10.51380452,9.503768866,8.911622573,8.931906068,478,34,460,28,512,488
14,1000,10,7.7,28,95,947,33,12,8,53,9.082976943,112,97,10.8352158,9.24299318,8.733751868,9.396418045,449,24,498,29,473,527
9,1000,10,7.7,28,100,946,39,8,7,54,9.479140655,106,116,11.11562998,9.250862023,9.309998274,9.660916077,497,21,449,33,518,482
12,1000,10,7.7,28,96,947,35,11,7,53,8.95297343,91,106,10.58659044,9.06704458,8.86461123,9.031647525,444,27,503,26,471,529
13,1000,10,7.7,28,96,944,39,9,8,56,9.154414596,102,97,10.9319634,9.321920839,8.426528449,9.876500854,478,20,466,36,498,502
10,1000,10,7.7,28,100,941,41,9,9,59,9.282161641,93,108,10.72392609,9.611231113,8.693480073,9.873202654,476,25,465,34,501,499
16,1000,10,7.7,28,67,952,26,10,12,48,8.195175067,102,122,10.57319135,9.288774164,7.711044566,8.715464691,503,15,449,33,518,482
15,1000,10,7.7,28,96,942,34,12,12,58,9.03483435,100,123,10.92679283,9.201469542,8.422523376,9.719792389,503,25,439,33,528,472
11,1000,10,7.7,28,98,937,35,11,17,63,8.949789605,84,104,10.53529782,9.504392508,8.953998543,8.94537367,478,34,459,29,512,488
14,1000,10,7.7,28,96,947,34,11,8,53,9.0916182,108,98,10.84315997,9.236670274,8.760492945,9.388814112,449,24,498,29,473,527
9,1000,10,7.7,28,101,944,40,9,7,56,9.506677454,94,117,11.11820214,9.244227955,9.32764571,9.699080864,495,23,449,33,518,482
12,1000,10,7.7,28,97,946,36,11,7,54,8.951068741,109,113,10.58349499,9.078145197,8.858068903,9.033871999,444,27,502,27,471,529
13,1000,10,7.7,28,97,945,37,9,9,55,9.189837298,109,122,10.94170418,9.322561726,8.461980046,9.911894892,478,20,467,35,498,502
10,1000,10,7.7,28,101,941,41,9,9,59,9.318918787,103,115,10.73215889,9.603925097,8.705392709,9.934903886,476,25,465,34,501,499
15,1000,10,7.7,28,97,941,35,12,12,59,9.061950628,104,109,10.94828192,9.216453088,8.434552851,9.76378543,502,26,439,33,528,472
16,1000,10,7.7,28,68,953,26,10,11,47,8.206542007,84,99,10.57519716,9.28077864,7.730434886,8.718208996,503,15,450,32,518,482
14,1000,10,7.7,28,97,945,36,11,8,55,9.109717617,101,120,10.84343055,9.254117294,8.792006896,9.394873538,448,25,497,30,473,527
11,1000,10,7.7,28,99,937,35,11,17,63,8.958419083,110,119,10.53645269,9.502602546,8.960057085,8.956700523,478,34,459,29,512,488
9,1000,10,7.7,28,102,944,40,9,7,56,9.500486082,100,134,11.13856999,9.264037884,9.286670665,9.730271116,495,23,449,33,518,482
12,1000,10,7.7,28,98,947,35,10,8,53,8.961689245,100,106,10.59281711,9.115820095,8.874961873,9.038907755,445,26,502,27,471,529
13,1000,10,7.7,28,98,947,35,9,9,53,9.18566245,91,119,10.94721309,9.338711431,8.482296548,9.883423843,478,20,469,33,498,502
10,1000,10,7.7,28,102,940,40,11,9,60,9.348598749,98,125,10.75782044,9.61371224,8.757574792,9.94199154,475,26,465,34,501,499
15,1000,10,7.7,28,98,939,37,12,12,61,9.095998802,117,133,10.9695264,9.214137405,8.462888621,9.804223749,501,27,438,34,528,472
14,1000,10,7.7,28,98,944,36,12,8,56,9.141523482,111,128,10.8443161,9.269919738,8.79625018,9.451417737,448,25,496,31,473,527
11,1000,10,7.7,28,100,938,35,12,15,62,8.947856186,98,108,10.53923578,9.511779871,8.934760765,8.961595644,479,33,459,29,512,488
9,1000,10,7.7,28,103,944,39,10,7,56,9.533255463,97,116,11.15021935,9.268529142,9.303966482,9.779669762,495,23,449,33,518,482
16,1000,10,7.7,28,69,952,27,10,11,48,8.214068,96,99,10.57583153,9.273111243,7.713502463,8.752020175,503,15,449,33,518,482
12,1000,10,7.7,28,99,948,34,10,8,52,8.94990624,102,112,10.61317464,9.118874045,8.847263459,9.041295181,446,25,502,27,471,529
13,1000,10,7.7,28,99,946,36,9,9,54,9.18540396,95,110,10.94625435,9.348650181,8.472771611,9.892357964,478,20,468,34,498,502
10,1000,10,7.7,28,103,941,39,11,9,59,9.371673685,100,116,10.75659577,9.613553014,8.758007701,9.987799251,476,25,465,34,501,499
15,1000,10,7.7,28,99,940,35,13,12,60,9.137566246,83,109,10.9587586,9.233878473,8.531079292,9.81600928,501,27,439,33,528,472
14,1000,10,7.7,28,99,945,35,12,8,55,9.164078834,93,112,10.84521326,9.254159731,8.804128461,9.487146247,448,25,497,30,473,527
11,1000,10,7.7,28,101,936,36,13,15,64,8.991564995,85,104,10.5567311,9.491854108,8.971090378,9.013046561,478,34,458,30,512,488
9,1000,10,7.7,28,104,939,42,12,7,61,9.559431403,89,118,11.16871014,9.266750894,9.331110169,9.804805674,492,26,447,35,518,482
17,1000,10,7.7,28,0,950,26,6,18,50,7.089,98,106,10.10014702,8.706212704,6.285714286,7.905241935,487,17,463,33,504,496
16,1000,10,7.7,28,70,952,27,10,11,48,8.224693751,88,94,10.56416077,9.280241008,7.713635484,8.773922344,503,15,449,33,518,482
12,1000,10,7.7,28,100,948,33,11,8,52,8.977532522,104,95,10.6234784,9.135048148,8.855190234,9.086461099,446,25,502,27,471,529
13,1000,10,7.7,28,100,946,36,9,9,54,9.202619032,109,115,10.93723264,9.338691966,8.509898557,9.889819822,478,20,468,34,498,502
10,1000,10,7.7,28,104,941,38,12,9,59,9.392809851,101,117,10.76079702,9.608324748,8.785850877,10.00220153,476,25,465,34,501,499
18,1000,10,7.7,28,0,943,29,10,18,57,7.179,95,118,10.10950735,8.883461553,6.651394422,7.710843373,479,23,464,34,502,498
15,1000,10,7.7,28,100,940,34,14,12,60,9.16647372,103,110,10.98647708,9.236278763,8.567583406,9.836418817,501,27,439,33,528,472
14,1000,10,7.7,28,100,945,35,12,8,55,9.148639783,85,108,10.85649772,9.258201539,8.784884356,9.475122358,448,25,497,30,473,527
11,1000,10,7.7,28,102,934,38,13,15,66,9.019305909,104,112,10.57278196,9.498653582,9.022660698,9.015786131,477,35,457,31,512,488
17,1000,10,7.7,28,1,953,23,6,18,47,7.066487734,87,126,10.12628717,8.71700926,6.299704895,7.845638039,487,17,466,30,504,496
12,1000,10,7.7,28,101,947,35,11,7,53,9.002005691,82,106,10.64241935,9.143062156,8.866622683,9.122545192,446,25,501,28,471,529
13,1000,10,7.7,28,101,946,36,9,9,54,9.207589867,124,113,10.93805847,9.343310736,8.509650136,9.899968324,478,20,468,34,498,502
16,1000,10,7.7,28,71,952,27,10,11,48,8.260173785,84,112,10.57937999,9.28744227,7.770147834,8.786799186,503,15,449,33,518,482
18,1000,10,7.7,28,1,945,26,11,18,55,7.200465364,96,101,10.11105341,8.869343813,6.701518504,7.703419829,480,22,465,33,502,498
15,1000,10,7.7,28,101,940,34,14,12,60,9.178989953,100,119,10.98911378,9.244892127,8.57814265,9.851124225,501,27,439,33,528,472
14,1000,10,7.7,28,101,946,34,11,9,54,9.129401242,103,123,10.88833318,9.260014355,8.770689827,9.451356649,448,25,498,29,473,527
11,1000,10,7.7,28,103,935,35,15,15,65,9.047246756,90,102,10.58715906,9.479422619,9.036851296,9.058153468,478,34,457,31,512,488
17,1000,10,7.7,28,2,954,23,5,18,46,7.09893214,92,108,10.12507444,8.718065229,6.311997532,7.898559243,488,16,466,30,504,496
12,1000,10,7.7,28,102,946,35,12,7,54,9.039264504,99,110,10.65414791,9.158886772,8.911242645,9.15324994,444,27,502,27,471,529
13,1000,10,7.7,28,102,945,37,9,9,55,9.20662374,91,103,10.98502211,9.365992051,8.511558195,9.896150913,478,20,467,35,498,502
16,1000,10,7.7,28,72,952,27,10,11,48,8.249677103,93,107,10.58091796,9.307100538,7.746153301,8.790808492,503,15,449,33,518,482
18,1000,10,7.7,28,2,946,25,11,18,54,7.222799111,87,110,10.12948541,8.865031624,6.72349888,7.726109786,481,21,465,33,502,498
15,1000,10,7.7,28,102,940,34,14,12,60,9.189943788,94,104,11.0005634,9.249174816,8.619095885,9.828519409,501,27,439,33,528,472
14,1000,10,7.7,28,102,946,33,12,9,54,9.139655136,104,112,10.92238624,9.262767231,8.79160676,9.452040111,448,25,498,29,473,527
11,1000,10,7.7,28,104,934,36,15,15,66,9.070783901,92,125,10.60514,9.490018336,9.028243909,9.115416024,478,34,456,32,512,488
19,1000,10,7.7,28,0,955,25,13,7,45,6.715,98,102,9.960200509,8.58829104,5.62804878,7.767716535,478,14,477,31,492,508
17,1000,10,7.7,28,3,955,21,5,19,45,7.129188281,87,98,10.12675284,8.728275549,6.341467799,7.929613932,488,16,467,29,504,496
12,1000,10,7.7,28,103,947,34,12,7,53,9.061822178,107,105,10.6699052,9.153955189,8.912715769,9.194580437,445,26,502,27,471,529
13,1000,10,7.7,28,103,941,41,9,9,59,9.239044321,100,122,10.98229886,9.365377612,8.522233279,9.950143722,477,21,464,38,498,502
15,1000,10,7.7,28,103,940,33,15,12,60,9.220750421,96,109,11.03717132,9.254937703,8.656361423,9.852100826,501,27,439,33,528,472
18,1000,10,7.7,28,3,947,24,11,18,53,7.244644493,97,125,10.15257994,8.836181065,6.719076569,7.774433845,481,21,466,32,502,498
16,1000,10,7.7,28,73,952,27,10,11,48,8.255284259,86,100,10.57362604,9.319937409,7.768120539,8.778833651,503,15,449,33,518,482
14,1000,10,7.7,28,103,948,31,13,8,52,9.12518433,83,114,10.92460356,9.252455577,8.793274077,9.423084804,448,25,500,27,473,527
19,1000,10,7.7,28,1,960,20,13,7,40,6.707440638,98,103,9.979755215,8.612954392,5.609893034,7.770419814,480,12,480,28,492,508
13,1000,10,7.7,28,104,941,41,9,9,59,9.255012177,94,120,10.99366662,9.346266403,8.54828418,9.956108876,477,21,464,38,498,502
12,1000,10,7.7,28,104,947,34,12,7,53,9.071536696,92,104,10.67176085,9.152001728,8.904720949,9.220062626,445,26,502,27,471,529
20,1000,10,7.7,28,0,928,36,24,12,72,7.245,79,99,9.980962644,9.167324954,6.942345924,7.551307847,470,33,458,39,503,497
21,1000,10,7.7,28,0,950,20,14,16,50,6.91,94,117,10.24035043,8.803107507,5.796153846,8.116666667,504,16,446,34,520,480
17,1000,10,7.7,28,4,956,20,5,19,44,7.12782009,102,108,10.14401827,8.745928889,6.320316052,7.948348387,488,16,468,28,504,496
15,1000,10,7.7,28,104,940,33,14,13,60,9.256509474,98,114,11.04752627,9.246953361,8.710222949,9.867609655,501,27,439,33,528,472
22,1000,10,7.7,28,0,947,23,15,15,53,7.201,109,95,10.1782585,8.845074288,6.773879142,7.650924025,491,22,456,31,513,487
18,1000,10,7.7,28,4,949,24,10,17,51,7.237559576,103,108,10.14128547,8.832840388,6.720363136,7.758910203,482,20,467,31,502,498
14,1000,10,7.7,28,104,948,31,14,7,52,9.143365397,103,104,10.92219615,9.279200709,8.79903266,9.452415462,449,24,499,28,473,527
23,1000,10,7.7,28,0,937,28,18,17,63,7.477,105,95,9.874349465,9.031335722,6.33,8.624,480,20,457,43,500,500
16,1000,10,7.7,28,74,950,28,11,11,50,8.318183779,91,125,10.58366745,9.32107704,7.860168945,8.810407191,501,17,449,33,518,482
19,1000,10,7.7,28,2,961,19,13,7,39,6.735941717,89,106,9.98718728,8.604241258,5.653884437,7.783918452,480,12,481,27,492,508
20,1000,10,7.7,28,1,929,34,25,12,71,7.256138401,96,91,9.983974397,9.15636336,6.978500337,7.537128233,469,34,460,37,503,497
17,1000,10,7.7,28,5,956,20,5,19,44,7.145100277,94,122,10.15532953,8.746408427,6.327269714,7.976121656,487,17,469,27,504,496
21,1000,10,7.7,28,1,952,18,14,16,48,6.928758044,89,102,10.23285828,8.809862372,5.820430042,8.129446713,505,15,447,33,520,480
22,1000,10,7.7,28,1,947,23,15,15,53,7.212033299,95,106,10.16174482,8.847558808,6.777556226,7.669706274,491,22,456,31,513,487
18,1000,10,7.7,28,5,948,25,10,17,52,7.25096907,107,113,10.15418967,8.833886659,6.741160101,7.764872891,481,21,467,31,502,498
23,1000,10,7.7,28,1,937,28,19,16,63,7.49603564,97,105,9.884883705,9.032383803,6.357435123,8.634636157,480,20,457,43,500,500
16,1000,10,7.7,28,75,950,28,11,11,50,8.320268613,97,100,10.59843358,9.326276785,7.845440103,8.830561493,502,16,448,34,518,482
19,1000,10,7.7,28,3,961,20,12,7,39,6.777937526,90,96,10.02235985,8.611632109,5.666816094,7.854063008,480,12,481,27,492,508
20,1000,10,7.7,28,2,931,33,24,12,69,7.254165952,89,102,9.997430088,9.145647912,6.940947233,7.571165984,470,33,461,36,503,497
17,1000,10,7.7,28,6,955,21,5,19,45,7.165221356,82,112,10.15259391,8.75112956,6.36817173,7.97512662,486,18,469,27,504,496
21,1000,10,7.7,28,2,956,16,13,15,44,6.925399222,93,106,10.23455819,8.802602187,5.849044263,8.091450429,505,15,451,29,520,480
22,1000,10,7.7,28,2,947,24,14,15,53,7.235474955,81,106,10.18441731,8.863698902,6.775533118,7.719972208,492,21,455,32,513,487
18,1000,10,7.7,28,6,948,25,10,17,52,7.277062406,80,95,10.16739324,8.830271658,6.754325782,7.803997717,481,21,467,31,502,498
23,1000,10,7.7,28,2,937,28,18,17,63,7.519150567,105,96,9.891225548,9.036170188,6.389588067,8.648713068,479,21,458,42,500,500
19,1000,10,7.7,28,4,960,22,12,6,40,6.809697198,96,121,10.03500349,8.629667629,5.72489924,7.86032829,480,12,480,28,492,508
16,1000,10,7.7,28,76,949,29,11,11,51,8.357274868,80,114,10.61294823,9.329187936,7.874973032,8.875599248,502,16,447,35,518,482
17,1000,10,7.7,28,7,956,21,4,19,44,7.184308503,99,100,10.16403452,8.735290537,6.431231417,7.949531993,486,18,470,26,504,496
20,1000,10,7.7,28,3,931,33,24,12,69,7.257525217,109,105,10.0080351,9.153012057,6.949185235,7.569587614,470,33,461,36,503,497
21,1000,10,7.7,28,3,953,19,13,15,47,6.978419582,100,107,10.24640811,8.81968551,5.876622948,8.172032601,505,15,448,32,520,480
22,1000,10,7.7,28,3,947,24,14,15,53,7.261004735,106,99,10.19701185,8.876079727,6.802993094,7.743468742,492,21,455,32,513,487
18,1000,10,7.7,28,7,949,24,10,17,51,7.295970562,89,113,10.18095837,8.851034707,6.784607448,7.81144101,481,21,468,30,502,498
23,1000,10,7.7,28,3,937,29,17,17,63,7.562451199,85,110,9.907754262,9.040851696,6.397565613,8.727336785,480,20,457,43,500,500
19,1000,10,7.7,28,5,961,21,12,6,39,6.833601242,95,117,10.0350011,8.623852083,5.736429667,7.896216232,481,11,480,28,492,508
16,1000,10,7.7,28,77,949,28,12,11,51,8.377827304,87,91,10.60732653,9.33766673,7.877213604,8.915831237,502,16,447,35,518,482
17,1000,10,7.7,28,8,955,22,4,19,45,7.24122822,86,106,10.17448291,8.744060293,6.468788859,8.02612628,486,18,469,27,504,496
20,1000,10,7.7,28,4,933,31,24,12,67,7.26458415,97,113,10.00710063,9.144034204,6.957729197,7.575143589,470,33,463,34,503,497
21,1000,10,7.7,28,4,953,19,12,16,47,6.994742961,94,122,10.25929904,8.809915915,5.880281956,8.202075716,506,14,447,33,520,480
22,1000,10,7.7,28,4,949,24,13,14,51,7.296716653,108,93,10.19602636,8.877869386,6.840534676,7.777253314,493,20,456,31,513,487
18,1000,10,7.7,28,8,950,24,10,16,50,7.281459432,97,107,10.19446252,8.843398606,6.764707056,7.80236243,481,21,469,29,502,498
23,1000,10,7.7,28,4,937,30,16,17,63,7.604971311,81,104,9.892565451,9.057646295,6.425035194,8.784907428,480,20,457,43,500,500
19,1000,10,7.7,28,6,961,21,12,6,39,6.850931547,80,88,10.0381009,8.627112764,5.754858269,7.912482833,480,12,481,27,492,508
17,1000,10,7.7,28,9,953,24,4,19,47,7.26924754,86,106,10.17494227,8.749105688,6.489192967,8.061883638,486,18,467,29,504,496
20,1000,10,7.7,28,5,933,31,24,12,67,7.275484412,104,95,10.0025964,9.141773176,6.963574731,7.591159602,471,32,462,35,503,497
16,1000,10,7.7,28,78,949,28,13,10,51,8.401916589,89,100,10.62736358,9.337211732,7.921275377,8.918456315,501,17,448,34,518,482
21,1000,10,7.7,28,5,952,20,12,16,48,7.045570984,104,84,10.26982441,8.835451104,5.948291036,8.234290927,505,15,447,33,520,480
22,1000,10,7.7,28,5,950,23,13,14,50,7.323042923,97,102,10.19164466,8.875000216,6.851502438,7.819758053,494,19,456,31,513,487
18,1000,10,7.7,28,9,951,23,10,16,49,7.292734102,78,95,10.21878659,8.848773879,6.793534645,7.795943194,481,21,470,28,502,498
23,1000,10,7.7,28,5,936,31,17,16,64,7.603762698,89,99,9.896693075,9.06022376,6.447285136,8.760240261,480,20,456,44,500,500
19,1000,10,7.7,28,7,961,20,13,6,39,6.849447622,106,123,10.03289918,8.634336256,5.752611353,7.911737866,480,12,481,27,492,508
17,1000,10,7.7,28,10,953,24,4,19,47,7.311559252,91,108,10.17597397,8.763317044,6.540204381,8.095355332,486,18,467,29,504,496
20,1000,10,7.7,28,6,934,29,25,12,66,7.314036574,80,97,9.994019007,9.150212295,6.977453082,7.654683449,472,31,462,35,503,497
21,1000,10,7.7,28,6,952,20,12,16,48,7.061164949,84,89,10.27454412,8.836424245,5.959057814,8.255114346,505,15,447,33,520,480
16,1000,10,7.7,28,79,946,28,15,11,54,8.448185302,95,110,10.62424331,9.329673043,7.996564254,8.933537384,500,18,446,36,518,482
22,1000,10,7.7,28,6,950,23,13,14,50,7.367602934,83,102,10.21296252,8.895146225,6.909316647,7.850356251,494,19,456,31,513,487
18,1000,10,7.7,28,10,952,22,10,16,48,7.302139324,86,98,10.20540407,8.832010411,6.791556223,7.816823493,482,20,470,28,502,498
19,1000,10,7.7,28,8,961,20,13,6,39,6.893798175,113,102,10.06044237,8.642970697,5.78809852,7.964672644,480,12,481,27,492,508
23,1000,10,7.7,28,6,936,31,17,16,64,7.637794404,96,104,9.90666856,9.054395488,6.473814085,8.801774723,480,20,456,44,500,500
17,1000,10,7.7,28,11,953,25,4,18,47,7.357825093,83,101,10.1943847,8.751610062,6.54837357,8.180332285,487,17,466,30,504,496
20,1000,10,7.7,28,7,935,29,23,13,65,7.320483793,95,106,10.00927092,9.156454571,6.966820416,7.678416748,473,30,462,35,503,497
21,1000,10,7.7,28,7,953,20,12,15,47,7.087938919,91,104,10.2846218,8.83838146,5.972357904,8.29648502,506,14,447,33,520,480
22,1000,10,7.7,28,7,951,22,13,14,49,7.352742178,98,98,10.22218583,8.901812701,6.910360767,7.818741487,494,19,457,30,513,487
18,1000,10,7.7,28,11,952,22,10,16,48,7.341293525,92,115,10.19539553,8.824672735,6.847719338,7.838832163,482,20,470,28,502,498
16,1000,10,7.7,28,80,946,27,16,11,54,8.472799038,88,135,10.62696294,9.34691933,8.027870236,8.950959036,500,18,446,36,518,482
19,1000,10,7.7,28,9,962,19,12,7,38,6.916324941,84,105,10.06790819,8.639956358,5.809761969,7.988035536,480,12,482,26,492,508
23,1000,10,7.7,28,7,939,28,17,16,61,7.662298857,97,105,9.909387331,9.061728493,6.537065087,8.787532628,480,20,459,41,500,500
17,1000,10,7.7,28,12,953,25,4,18,47,7.390447736,98,105,10.19612686,8.763862903,6.571064995,8.223046329,487,17,466,30,504,496
20,1000,10,7.7,28,8,937,28,22,13,63,7.313502791,97,98,10.02214107,9.169144173,6.951086925,7.680293898,475,28,462,35,503,497
21,1000,10,7.7,28,8,954,20,11,15,46,7.113810483,94,108,10.28854035,8.838168529,5.99711703,8.323561723,507,13,447,33,520,480
22,1000,10,7.7,28,8,951,22,13,14,49,7.383352262,91,119,10.22976891,8.907109258,6.928098074,7.862911601,495,18,456,31,513,487
18,1000,10,7.7,28,12,948,26,9,17,52,7.429860047,77,116,10.2137223,8.847739393,6.923371856,7.940416416,479,23,469,29,502,498
19,1000,10,7.7,28,10,962,19,12,7,38,6.940882429,90,108,10.06857159,8.652823835,5.845210575,8.002044934,480,12,482,26,492,508
16,1000,10,7.7,28,81,947,27,16,10,53,8.443154024,112,118,10.63663595,9.350879256,7.984578561,8.935979936,501,17,446,36,518,482
23,1000,10,7.7,28,8,940,28,16,16,60,7.670915588,77,106,9.90853677,9.053544781,6.522065747,8.819765429,480,20,460,40,500,500
17,1000,10,7.7,28,13,954,25,4,17,46,7.392956863,107,99,10.18987918,8.762430016,6.595206987,8.203573673,487,17,467,29,504,496
20,1000,10,7.7,28,9,937,29,22,12,63,7.357769006,104,107,10.01408477,9.170687865,7.031466088,7.688011194,475,28,462,35,503,497
21,1000,10,7.7,28,9,955,18,12,15,45,7.11778967,83,111,10.29623566,8.840891184,6.008036541,8.320022226,507,13,448,32,520,480
22,1000,10,7.7,28,9,952,22,12,14,48,7.416865641,105,101,10.26019639,8.926906426,6.945212668,7.913699264,495,18,457,30,513,487
18,1000,10,7.7,28,13,949,24,10,17,51,7.459360655,99,99,10.20781708,8.848653891,6.966481146,7.956199036,479,23,470,28,502,498
19,1000,10,7.7,28,11,962,19,12,7,38,6.962877788,89,120,10.07745323,8.654172031,5.850836664,8.039893994,480,12,482,26,492,508
16,1000,10,7.7,28,82,948,27,15,10,52,8.410376767,100,103,10.63323414,9.357205167,7.954648061,8.900143302,501,17,447,35,518,482
17,1000,10,7.7,28,14,952,27,4,17,48,7.446800612,94,108,10.19539454,8.758707997,6.646513105,8.259995981,487,17,465,31,504,496
23,1000,10,7.7,28,9,940,29,15,16,60,7.685993548,84,94,9.927095404,9.05464936,6.568415192,8.803571904,479,21,461,39,500,500
20,1000,10,7.7,28,10,939,29,21,11,61,7.340745438,104,109,10.00455791,9.187580837,7.070307179,7.614448545,475,28,464,33,503,497
21,1000,10,7.7,28,10,955,19,12,14,45,7.136419325,100,116,10.29260219,8.851212824,6.033823943,8.330897655,507,13,448,32,520,480
22,1000,10,7.7,28,10,952,22,12,14,48,7.434801528,110,106,10.29217126,8.940108078,6.993044384,7.900143241,495,18,457,30,513,487
18,1000,10,7.7,28,14,949,23,11,17,51,7.519127103,101,99,10.22226431,8.825543806,7.048812317,7.993219517,479,23,470,28,502,498
19,1000,10,7.7,28,12,962,19,12,7,38,6.976368686,95,107,10.07631358,8.651995046,5.837578331,8.079291628,480,12,482,26,492,508
17,1000,10,7.7,28,15,951,28,4,17,49,7.471334939,87,129,10.20680276,8.759343634,6.670432657,8.285155,486,18,465,31,504,496
20,1000,10,7.7,28,11,942,26,21,11,58,7.330168203,100,112,10.01730828,9.202250777,7.044734324,7.619047964,476,27,466,31,503,497
23,1000,10,7.7,28,10,940,30,15,15,60,7.696202085,112,97,9.9373685,9.051611455,6.572381111,8.82002306,480,20,460,40,500,500
21,1000,10,7.7,28,11,956,19,12,13,44,7.138937125,94,123,10.29298669,8.850970616,6.02408146,8.346697428,508,12,448,32,520,480
16,1000,10,7.7,28,83,949,26,15,10,51,8.436101644,98,103,10.63873469,9.374002942,7.97305795,8.933729515,501,17,448,34,518,482
22,1000,10,7.7,28,11,952,21,13,14,48,7.444785801,94,108,10.31736601,8.964055124,6.982939164,7.931289548,496,17,456,31,513,487
18,1000,10,7.7,28,15,951,20,12,17,49,7.53242411,104,90,10.22693504,8.830860935,7.008252358,8.060806076,481,21,470,28,502,498
19,1000,10,7.7,28,13,962,19,11,8,38,7.003791693,82,130,10.0818636,8.686767258,5.820462839,8.149850346,480,12,482,26,492,508
17,1000,10,7.7,28,16,952,27,4,17,48,7.487075101,99,113,10.22378851,8.765632982,6.693676305,8.293270653,486,18,466,30,504,496
20,1000,10,7.7,28,12,944,25,20,11,56,7.332593278,105,113,10.02732659,9.196055134,7.05908978,7.60939863,477,26,467,30,503,497
21,1000,10,7.7,28,12,958,17,12,13,42,7.119877371,92,111,10.28873197,8.873430519,6.018590861,8.312937756,509,11,449,31,520,480
23,1000,10,7.7,28,11,941,28,15,16,59,7.714527935,97,106,9.926541227,9.065096959,6.610317191,8.818738679,480,20,461,39,500,500
22,1000,10,7.7,28,12,953,20,13,14,47,7.479665222,95,91,10.31958269,8.954502859,7.033129849,7.950040265,496,17,457,30,513,487
18,1000,10,7.7,28,16,951,21,11,17,49,7.563191601,99,114,10.23975541,8.839487165,7.025507218,8.105194734,481,21,470,28,502,498
16,1000,10,7.7,28,84,949,25,15,11,51,8.467616575,103,78,10.64537057,9.384107268,7.990131415,8.980764528,501,17,448,34,518,482
19,1000,10,7.7,28,14,963,19,10,8,37,7.018256703,89,98,10.09552882,8.69966654,5.854571165,8.145290727,480,12,483,25,492,508
17,1000,10,7.7,28,17,951,28,4,17,49,7.517580991,88,112,10.20466831,8.747497355,6.730268587,8.317591982,485,19,466,30,504,496
20,1000,10,7.7,28,13,944,25,20,11,56,7.344566906,99,108,10.03128518,9.195440044,7.075722168,7.616657255,477,26,467,30,503,497
21,1000,10,7.7,28,13,958,17,12,13,42,7.111268166,95,98,10.30003703,8.866057,6.039068853,8.27281742,509,11,449,31,520,480
22,1000,10,7.7,28,13,954,19,13,14,46,7.50051374,104,106,10.34760228,8.952327566,7.065471895,7.958781638,496,17,458,29,513,487
18,1000,10,7.7,28,17,951,21,11,17,49,7.583065263,104,101,10.23541168,8.84013781,7.010868165,8.159858322,481,21,470,28,502,498
23,1000,10,7.7,28,12,942,28,14,16,58,7.735906849,87,98,9.935920976,9.071250571,6.619384585,8.852429113,481,19,461,39,500,500
19,1000,10,7.7,28,15,963,19,10,8,37,7.049075914,98,101,10.1102158,8.694210025,5.903544186,8.158527903,480,12,483,25,492,508
16,1000,10,7.7,28,85,948,26,15,11,52,8.49893873,100,107,10.65191187,9.377386869,8.088394253,8.940146279,499,19,449,33,518,482
20,1000,10,7.7,28,14,945,25,19,11,55,7.369377923,95,109,10.04082243,9.212378297,7.097179844,7.644862097,478,25,467,30,503,497
17,1000,10,7.7,28,18,949,31,4,16,51,7.538416671,82,100,10.20831339,8.750139374,6.739249321,8.350473818,485,19,464,32,504,496
21,1000,10,7.7,28,14,958,17,12,13,42,7.135690528,99,97,10.29750927,8.854607747,6.06989699,8.290300195,509,11,449,31,520,480
22,1000,10,7.7,28,14,954,20,12,14,46,7.508548361,77,101,10.34713705,8.965883262,7.091066295,7.948318997,496,17,458,29,513,487
18,1000,10,7.7,28,18,951,21,11,17,49,7.589098167,99,106,10.23858512,8.868178996,7.016555797,8.16623927,480,22,471,27,502,498
23,1000,10,7.7,28,13,940,31,13,16,60,7.772014879,92,111,9.945049418,9.070930736,6.683736461,8.860293297,480,20,460,40,500,500
19,1000,10,7.7,28,16,965,17,10,8,35,7.04270442,89,97,10.12574508,8.695499314,5.909394431,8.140319605,481,11,484,24,492,508
16,1000,10,7.7,28,86,948,25,16,11,52,8.525572378,97,105,10.66781557,9.373563034,8.134184553,8.946192489,499,19,449,33,518,482
17,1000,10,7.7,28,19,948,32,4,16,52,7.561491531,84,93,10.23575528,8.750259233,6.773441641,8.362251904,485,19,463,33,504,496
20,1000,10,7.7,28,15,945,25,18,12,55,7.370033743,99,93,10.06311126,9.229671483,7.139164542,7.603690098,479,24,466,31,503,497
21,1000,10,7.7,28,15,957,18,12,13,43,7.154919186,85,113,10.28866612,8.858579405,6.107526687,8.289594394,509,11,448,32,520,480
22,1000,10,7.7,28,15,955,20,11,14,45,7.543130248,86,102,10.36130933,8.959845371,7.136515367,7.971453521,496,17,459,28,513,487
18,1000,10,7.7,28,19,952,22,11,15,48,7.554714385,93,115,10.2456383,8.901995556,6.99411691,8.119814651,481,21,471,27,502,498
23,1000,10,7.7,28,14,941,31,13,15,59,7.777689636,99,112,9.950522719,9.066299255,6.678317371,8.877061901,480,20,461,39,500,500
19,1000,10,7.7,28,17,964,18,10,8,36,7.080455236,105,108,10.13550483,8.684175766,5.946188657,8.178996884,481,11,483,25,492,508
16,1000,10,7.7,28,87,949,25,15,11,51,8.513596779,109,115,10.66963942,9.371143505,8.104922677,8.952794257,500,18,449,33,518,482
17,1000,10,7.7,28,20,948,31,5,16,52,7.61322588,76,120,10.24846861,8.753022781,6.817637552,8.421646277,485,19,463,33,504,496
20,1000,10,7.7,28,16,945,25,18,12,55,7.380271329,96,105,10.08643533,9.235613136,7.146661459,7.616701439,479,24,466,31,503,497
22,1000,10,7.7,28,16,956,18,12,14,44,7.604720661,83,107,10.35889621,8.979480178,7.174423382,8.05799069,497,16,459,28,513,487
21,1000,10,7.7,28,16,957,18,12,13,43,7.175734046,101,117,10.30619453,8.867437131,6.136929701,8.30110542,509,11,448,32,520,480
18,1000,10,7.7,28,20,950,24,11,15,50,7.575113113,90,111,10.26433266,8.903636776,7.015858966,8.138859262,480,22,470,28,502,498
23,1000,10,7.7,28,15,942,31,12,15,58,7.783519539,98,96,9.94521577,9.060313373,6.696510116,8.870528963,480,20,462,38,500,500
19,1000,10,7.7,28,18,964,17,11,8,36,7.113176302,82,114,10.14236084,8.676791589,5.990191262,8.200791734,481,11,483,25,492,508
17,1000,10,7.7,28,21,948,32,5,15,52,7.594342803,85,105,10.24934061,8.757731511,6.802385428,8.399073685,485,19,463,33,504,496
20,1000,10,7.7,28,17,945,25,18,12,55,7.39459824,104,91,10.1138654,9.239251684,7.15218494,7.639938059,479,24,466,31,503,497
22,1000,10,7.7,28,17,955,19,12,14,45,7.628562602,98,98,10.36791959,8.988387686,7.220111011,8.058820644,496,17,459,28,513,487
21,1000,10,7.7,28,17,959,17,12,12,41,7.191570332,101,103,10.32164613,8.868752704,6.1620923,8.306838199,510,10,449,31,520,480
16,1000,10,7.7,28,88,949,26,15,10,51,8.510868891,91,104,10.67572771,9.376257025,8.10066293,8.951712642,500,18,449,33,518,482
18,1000,10,7.7,28,21,951,23,11,15,49,7.570888485,93,123,10.27127516,8.903788819,7.03168512,8.114422802,480,22,471,27,502,498
23,1000,10,7.7,28,16,942,32,11,15,58,7.8051903,97,112,9.953882025,9.07762878,6.731610229,8.878770372,480,20,462,38,500,500
19,1000,10,7.7,28,19,964,18,10,8,36,7.136888689,95,97,10.14714791,8.674250983,6.059099993,8.180731284,480,12,484,24,492,508
17,1000,10,7.7,28,22,949,31,5,15,51,7.663759199,100,102,10.26924489,8.760674289,6.845088649,8.495634113,486,18,463,33,504,496
20,1000,10,7.7,28,18,943,27,18,12,57,7.452901241,85,118,10.12018005,9.231363091,7.20299363,7.705825845,478,25,465,32,503,497
22,1000,10,7.7,28,18,955,20,11,14,45,7.647515504,98,112,10.35440236,8.988732169,7.226794521,8.090697977,496,17,459,28,513,487
21,1000,10,7.7,28,18,959,17,12,12,41,7.212931643,86,112,10.32403939,8.878656382,6.206156034,8.30360522,510,10,449,31,520,480
18,1000,10,7.7,28,22,952,22,12,14,48,7.610100314,101,117,10.25126433,8.897286354,7.053660644,8.17100938,481,21,471,27,502,498
16,1000,10,7.7,28,89,947,28,15,10,53,8.513029489,92,111,10.69061171,9.381568626,8.100491474,8.956379472,499,19,448,34,518,482
19,1000,10,7.7,28,20,964,16,11,9,36,7.16052477,93,120,10.15405722,8.670135134,6.095610984,8.191897965,480,12,484,24,492,508
23,1000,10,7.7,28,17,943,32,10,15,57,7.825010606,87,97,9.959839703,9.072295639,6.735826738,8.914194473,481,19,462,38,500,500
17,1000,10,7.7,28,23,949,32,5,14,51,7.658560168,105,117,10.27474122,8.772866108,6.871482415,8.458332723,486,18,463,33,504,496
20,1000,10,7.7,28,19,942,28,18,12,58,7.483245332,89,100,10.14396005,9.238966071,7.256039627,7.713193963,477,26,465,32,503,497
22,1000,10,7.7,28,19,955,21,10,14,45,7.657153043,90,97,10.3785158,9.002377095,7.268218208,8.066852367,495,18,460,27,513,487
18,1000,10,7.7,28,23,952,22,12,14,48,7.622741952,88,98,10.25157534,8.914280228,7.051267324,8.198806738,481,21,471,27,502,498
21,1000,10,7.7,28,19,958,18,11,13,42,7.267420599,95,108,10.34826945,8.883656522,6.275453702,8.342051403,510,10,448,32,520,480
19,1000,10,7.7,28,21,966,14,11,9,34,7.187533238,93,114,10.15099999,8.657224318,6.110231258,8.230904447,481,11,485,23,492,508
16,1000,10,7.7,28,90,950,24,16,10,50,8.524324183,105,131,10.68206284,9.387451275,8.089523046,8.991600093,502,16,448,34,518,482
23,1000,10,7.7,28,18,943,31,11,15,57,7.854314931,86,90,9.950420324,9.078811242,6.787394345,8.921235516,481,19,462,38,500,500
17,1000,10,7.7,28,24,949,32,5,14,51,7.681673041,82,128,10.27421246,8.778996093,6.898749161,8.477224725,486,18,463,33,504,496
20,1000,10,7.7,28,20,942,28,18,12,58,7.540874721,110,106,10.15343749,9.256832024,7.319038935,7.765388605,477,26,465,32,503,497
22,1000,10,7.7,28,20,955,21,10,14,45,7.675814823,92,103,10.39024075,9.02383889,7.294625992,8.077354598,495,18,460,27,513,487
18,1000,10,7.7,28,24,953,22,11,14,47,7.639769156,97,104,10.23819317,8.909988354,7.081427864,8.202595118,481,21,472,26,502,498
21,1000,10,7.7,28,20,957,19,11,13,43,7.298998596,91,114,10.34204328,8.888480124,6.31553982,8.364412271,510,10,447,33,520,480
19,1000,10,7.7,28,22,967,14,9,10,33,7.199038873,87,114,10.16157342,8.668674405,6.129357522,8.235029472,481,11,486,22,492,508
23,1000,10,7.7,28,19,943,32,11,14,57,7.879733134,65,107,9.962403007,9.068877353,6.804192996,8.955273272,482,18,461,39,500,500
16,1000,10,7.7,28,91,951,23,16,10,49,8.541051891,98,107,10.68277058,9.383146147,8.121818275,8.991597561,502,16,449,33,518,482
17,1000,10,7.7,28,25,949,32,5,14,51,7.732167067,90,115,10.26480992,8.7680409,6.959568165,8.517227241,486,18,463,33,504,496
20,1000,10,7.7,28,21,946,26,17,11,54,7.494628575,103,113,10.14270836,9.249546865,7.273709052,7.718215135,479,24,467,30,503,497
22,1000,10,7.7,28,21,953,23,10,14,47,7.693498002,98,104,10.40586706,9.016935396,7.349386105,8.055981376,493,20,460,27,513,487
18,1000,10,7.7,28,25,954,23,9,14,46,7.624016809,96,105,10.25058707,8.923929059,7.101711236,8.150517608,480,22,474,24,502,498
21,1000,10,7.7,28,21,956,20,10,14,44,7.328021137,98,105,10.34736162,8.890370337,6.358589004,8.378239281,509,11,447,33,520,480
19,1000,10,7.7,28,23,969,13,8,10,31,7.189815602,96,111,10.16224265,8.686311654,6.137680802,8.208812299,483,9,486,22,492,508
23,1000,10,7.7,28,20,944,32,11,13,56,7.873088755,92,100,9.973572441,9.08564194,6.779858298,8.966319211,484,16,460,40,500,500
16,1000,10,7.7,28,92,951,23,16,10,49,8.574313496,107,129,10.67683463,9.394690281,8.160067058,9.019499503,502,16,449,33,518,482
17,1000,10,7.7,28,26,950,31,5,14,50,7.763578754,76,121,10.2842202,8.774481492,6.997950979,8.541555364,486,18,464,32,504,496
20,1000,10,7.7,28,22,944,28,16,12,56,7.528232564,94,127,10.15513673,9.231393539,7.308794233,7.750320051,478,25,466,31,503,497
22,1000,10,7.7,28,22,954,23,9,14,46,7.668142393,103,110,10.40763937,9.021043913,7.311598561,8.04372142,493,20,461,26,513,487
18,1000,10,7.7,28,26,954,23,9,14,46,7.659808182,107,97,10.25409171,8.915171154,7.162444421,8.161166833,480,22,474,24,502,498
21,1000,10,7.7,28,22,957,20,10,13,43,7.356418436,102,118,10.35182955,8.88518655,6.415074808,8.376207366,509,11,448,32,520,480
19,1000,10,7.7,28,24,968,13,9,10,32,7.207023042,91,91,10.16875422,8.692541236,6.150849862,8.229930925,482,10,486,22,492,508
23,1000,10,7.7,28,21,944,32,10,14,56,7.935738573,94,102,9.969270838,9.090819168,6.851243776,9.02023337,484,16,460,40,500,500
17,1000,10,7.7,28,27,951,29,6,14,49,7.77704294,88,115,10.2943773,8.752662289,7.002836667,8.563736411,487,17,464,32,504,496
20,1000,10,7.7,28,23,945,28,14,13,55,7.548446419,94,111,10.14459008,9.231032077,7.32254281,7.777077235,477,26,468,29,503,497
22,1000,10,7.7,28,23,956,22,7,15,44,7.676399325,79,108,10.41205317,8.995936654,7.298272801,8.074713303,494,19,462,25,513,487
18,1000,10,7.7,28,27,953,23,10,14,47,7.690128364,83,113,10.27343777,8.93517878,7.201227522,8.18295612,480,22,473,25,502,498
16,1000,10,7.7,28,93,951,23,15,11,49,8.581108808,94,104,10.6982358,9.386090082,8.160938836,9.03266077,502,16,449,33,518,482
21,1000,10,7.7,28,23,958,19,10,13,42,7.380576954,83,118,10.36561635,8.883263717,6.439105456,8.40050441,510,10,448,32,520,480
19,1000,10,7.7,28,25,967,14,9,10,33,7.210142781,101,93,10.16475182,8.709172662,6.170449984,8.217089349,482,10,485,23,492,508
23,1000,10,7.7,28,22,944,32,10,14,56,7.973860088,106,106,9.991072242,9.095237704,6.881879012,9.065841165,483,17,461,39,500,500
17,1000,10,7.7,28,28,952,28,7,13,48,7.769058538,104,101,10.3352984,8.77328338,7.04424655,8.505561042,487,17,465,31,504,496
20,1000,10,7.7,28,24,946,27,14,13,54,7.597764231,100,97,10.17647741,9.233488343,7.38770822,7.810356129,477,26,469,28,503,497
22,1000,10,7.7,28,24,954,25,7,14,46,7.697395702,85,129,10.40779436,8.999762209,7.315247682,8.099945875,493,20,461,26,513,487
18,1000,10,7.7,28,28,953,23,10,14,47,7.716422615,86,108,10.2894961,8.924380252,7.232298873,8.204434901,480,22,473,25,502,498
21,1000,10,7.7,28,24,958,19,10,13,42,7.400650922,85,106,10.35982464,8.885412366,6.45853509,8.421276406,510,10,448,32,520,480
16,1000,10,7.7,28,94,951,23,15,11,49,8.597942824,109,116,10.69877944,9.381570978,8.203677384,9.021655476,502,16,449,33,518,482
19,1000,10,7.7,28,26,966,14,10,10,34,7.254994558,97,99,10.14574566,8.710299574,6.231363571,8.246385198,482,10,484,24,492,508
23,1000,10,7.7,28,23,944,31,11,14,56,8.004134213,82,96,10.00226619,9.099416287,6.912505803,9.095762623,483,17,461,39,500,500
17,1000,10,7.7,28,29,952,30,7,11,48,7.769411062,98,101,10.35612628,8.799848122,7.049413467,8.501021521,487,17,465,31,504,496
20,1000,10,7.7,28,25,946,28,13,13,54,7.631914038,102,91,10.17776302,9.242764388,7.411191508,7.855301227,477,26,469,28,503,497
22,1000,10,7.7,28,25,954,25,7,14,46,7.693567023,91,107,10.43163814,8.990519321,7.328070579,8.078576624,493,20,461,26,513,487
18,1000,10,7.7,28,29,954,22,10,14,46,7.726653877,104,102,10.28285993,8.921341569,7.268325041,8.188664069,480,22,474,24,502,498
21,1000,10,7.7,28,25,957,20,10,13,43,7.461832597,81,108,10.36159618,8.879692885,6.550330059,8.44929368,509,11,448,32,520,480
19,1000,10,7.7,28,27,966,14,10,10,34,7.278492114,77,100,10.13931186,8.714211272,6.28866438,8.237144171,482,10,484,24,492,508
16,1000,10,7.7,28,95,950,23,16,11,50,8.605396426,110,120,10.71812782,9.39000839,8.231777733,9.00692025,501,17,449,33,518,482
17,1000,10,7.7,28,30,950,32,7,11,50,7.801432086,95,114,10.3695996,8.793479971,7.106920438,8.507145534,486,18,464,32,504,496
23,1000,10,7.7,28,24,943,32,11,14,57,8.037396853,94,87,10.00761521,9.085188105,6.981350329,9.093443377,482,18,461,39,500,500
20,1000,10,7.7,28,26,946,28,13,13,54,7.612361212,103,95,10.19246459,9.249820936,7.405155834,7.822068064,477,26,469,28,503,497
18,1000,10,7.7,28,30,954,22,10,14,46,7.75571063,102,107,10.30372693,8.932849301,7.295397134,8.219721422,480,22,474,24,502,498
22,1000,10,7.7,28,26,952,26,8,14,48,7.751251708,80,104,10.44111569,8.980154456,7.408930174,8.111849135,491,22,461,26,513,487
21,1000,10,7.7,28,26,960,19,10,11,40,7.441944237,119,103,10.37609039,8.873114156,6.55783824,8.399725735,510,10,450,30,520,480
19,1000,10,7.7,28,28,967,13,10,10,33,7.289032883,95,125,10.15169084,8.723488783,6.288029519,8.258508582,483,9,484,24,492,508
16,1000,10,7.7,28,96,950,24,15,11,50,8.601421739,85,131,10.72114055,9.395172011,8.265324481,8.962621697,501,17,449,33,518,482
20,1000,10,7.7,28,27,947,28,12,13,53,7.640574213,93,89,10.19675568,9.222112682,7.441725701,7.841823311,478,25,469,28,503,497
17,1000,10,7.7,28,31,949,33,7,11,51,7.788397729,81,99,10.3796033,8.791819826,7.107370783,8.48040898,486,18,463,33,504,496
18,1000,10,7.7,28,31,955,22,9,14,45,7.733887984,121,107,10.30594965,8.940749546,7.260477593,8.211100867,481,21,474,24,502,498
22,1000,10,7.7,28,27,950,27,9,14,50,7.768910855,86,113,10.45727415,9.000634391,7.409359391,8.147658086,490,23,460,27,513,487
23,1000,10,7.7,28,25,942,32,12,14,58,8.025765762,83,94,10.01444487,9.066519436,7.011035796,9.040495727,482,18,460,40,500,500
21,1000,10,7.7,28,27,958,21,10,11,42,7.458701189,98,101,10.38157435,8.869761961,6.577976428,8.41281968,510,10,448,32,520,480
19,1000,10,7.7,28,29,967,14,9,10,33,7.294340794,88,112,10.15872455,8.725231441,6.296973144,8.260295289,483,9,484,24,492,508
20,1000,10,7.7,28,28,947,29,11,13,53,7.66940561,96,109,10.19416762,9.235272448,7.467032594,7.874221762,478,25,469,28,503,497
17,1000,10,7.7,28,32,948,34,7,11,52,7.817154848,96,125,10.38068647,8.797673956,7.112917471,8.532750893,486,18,462,34,504,496
18,1000,10,7.7,28,32,957,20,9,14,43,7.762837038,90,109,10.32341955,8.960164539,7.288302969,8.241182624,482,20,475,23,502,498
16,1000,10,7.7,28,97,952,22,15,11,48,8.593977949,93,105,10.7439355,9.395521497,8.311585279,8.897462188,502,16,450,32,518,482
22,1000,10,7.7,28,28,950,26,10,14,50,7.771717667,92,107,10.47098578,9.010503406,7.40180987,8.161374134,490,23,460,27,513,487
23,1000,10,7.7,28,26,942,32,12,14,58,8.049461751,105,96,10.02307739,9.069724731,7.046190994,9.052732508,482,18,460,40,500,500
19,1000,10,7.7,28,30,967,14,7,12,33,7.295301192,83,108,10.18504571,8.744182606,6.301745273,8.257564012,483,9,484,24,492,508
21,1000,10,7.7,28,28,959,20,10,11,41,7.467933253,105,120,10.36909335,8.871089433,6.571184783,8.439410762,510,10,449,31,520,480
20,1000,10,7.7,28,29,946,30,11,13,54,7.700502104,82,102,10.22551594,9.228679014,7.520779952,7.882393941,477,26,469,28,503,497
17,1000,10,7.7,28,33,950,32,7,11,50,7.822277353,99,106,10.38134427,8.799042563,7.155814232,8.499489879,486,18,464,32,504,496
22,1000,10,7.7,28,29,947,29,10,14,53,7.830591688,87,111,10.46103888,9.00886559,7.456619095,8.224529963,489,24,458,29,513,487
18,1000,10,7.7,28,33,958,20,8,14,42,7.747162045,87,104,10.33495528,8.979554007,7.288742089,8.20926409,482,20,476,22,502,498
23,1000,10,7.7,28,27,944,33,10,13,56,8.05191523,90,108,10.05016821,9.071110894,7.019101763,9.084728697,484,16,460,40,500,500
16,1000,10,7.7,28,98,952,23,14,11,48,8.606168961,98,93,10.73835101,9.38982368,8.338357483,8.893982956,502,16,450,32,518,482
19,1000,10,7.7,28,31,967,14,7,12,33,7.329562643,87,105,10.19805599,8.75380016,6.353787727,8.274604491,483,9,484,24,492,508
21,1000,10,7.7,28,29,964,15,11,10,36,7.439542278,102,110,10.39109762,8.871996664,6.609924213,8.338295183,510,10,454,26,520,480
17,1000,10,7.7,28,34,950,32,7,11,50,7.841446582,103,98,10.40167309,8.818585014,7.167598579,8.526163102,486,18,464,32,504,496
20,1000,10,7.7,28,30,947,29,11,13,53,7.726180606,111,96,10.24884803,9.215732864,7.526809158,7.927958952,478,25,469,28,503,497
22,1000,10,7.7,28,30,947,30,9,14,53,7.840889684,99,112,10.45791274,9.008278315,7.483726912,8.217120693,488,25,459,28,513,487
18,1000,10,7.7,28,34,958,20,8,14,42,7.768768719,85,112,10.3284042,8.973459335,7.329071872,8.211997267,482,20,476,22,502,498
23,1000,10,7.7,28,28,948,29,10,13,52,8.049891645,102,116,10.06788453,9.085763274,7.061576778,9.038206512,485,15,463,37,500,500
19,1000,10,7.7,28,32,968,14,5,13,32,7.369055975,68,111,10.20155188,8.761823959,6.423266071,8.28505722,484,8,484,24,492,508
21,1000,10,7.7,28,30,962,17,11,10,38,7.476665453,100,120,10.41260135,8.875465355,6.629164368,8.394791628,509,11,453,27,520,480
16,1000,10,7.7,28,99,954,21,15,10,46,8.605037957,110,121,10.75308593,9.407622684,8.36861384,8.859120308,502,16,452,30,518,482
20,1000,10,7.7,28,31,946,30,11,13,54,7.758193529,103,106,10.26194958,9.219586382,7.565446266,7.953267721,477,26,469,28,503,497
17,1000,10,7.7,28,35,950,32,7,11,50,7.858256802,102,110,10.3977261,8.812479004,7.164032139,8.563678638,486,18,464,32,504,496
22,1000,10,7.7,28,31,947,30,9,14,53,7.84553806,96,100,10.47067656,9.010204865,7.47276569,8.238212035,489,24,458,29,513,487
18,1000,10,7.7,28,35,959,21,7,13,41,7.755523051,112,94,10.32222588,8.980054291,7.343153433,8.171204875,482,20,477,21,502,498
19,1000,10,7.7,28,33,966,16,5,13,34,7.414832544,95,96,10.18968075,8.765861537,6.477422345,8.322718013,483,9,483,25,492,508
23,1000,10,7.7,28,29,949,28,10,13,51,8.061220242,82,102,10.06284346,9.08162461,7.103712153,9.018728331,485,15,464,36,500,500
21,1000,10,7.7,28,31,961,19,9,11,39,7.497276723,107,108,10.41667656,8.894780255,6.652031986,8.412958521,509,11,452,28,520,480
16,1000,10,7.7,28,100,954,21,15,10,46,8.614746916,90,108,10.74801594,9.41578058,8.400058576,8.845470069,502,16,452,30,518,482
20,1000,10,7.7,28,32,946,31,10,13,54,7.796707005,91,104,10.27924653,9.22551726,7.596136506,7.999698878,477,26,469,28,503,497
17,1000,10,7.7,28,36,951,31,7,11,49,7.87447341,95,101,10.39580906,8.812734776,7.186158312,8.573890364,486,18,465,31,504,496
22,1000,10,7.7,28,32,947,30,9,14,53,7.888936473,106,97,10.46666036,9.012794257,7.517934844,8.27974517,489,24,458,29,513,487
18,1000,10,7.7,28,36,959,20,8,13,41,7.753236008,89,105,10.31663174,8.964256928,7.369514117,8.140040002,482,20,477,21,502,498
19,1000,10,7.7,28,34,965,16,6,13,35,7.443537807,95,124,10.17887329,8.758968349,6.507590056,8.350006888,482,10,483,25,492,508
23,1000,10,7.7,28,30,949,28,10,13,51,8.079854575,88,84,10.07917922,9.08949671,7.124796957,9.034912193,485,15,464,36,500,500
21,1000,10,7.7,28,32,961,20,8,11,39,7.490012702,92,86,10.42083712,8.902897285,6.663435184,8.38547168,509,11,452,28,520,480
16,1000,10,7.7,28,101,953,22,15,10,47,8.657613387,106,137,10.75423636,9.412297165,8.457626562,8.872536988,501,17,452,30,518,482
17,1000,10,7.7,28,37,951,31,7,11,49,7.872300718,84,96,10.40367739,8.812551494,7.184455115,8.571240606,486,18,465,31,504,496
20,1000,10,7.7,28,33,946,31,10,13,54,7.844230465,90,104,10.28454711,9.224876477,7.632600968,8.058414846,477,26,469,28,503,497
18,1000,10,7.7,28,37,958,20,9,13,42,7.767617415,95,105,10.29700142,8.959931927,7.396676955,8.141537316,481,21,477,21,502,498
22,1000,10,7.7,28,33,948,28,11,13,52,7.941281905,102,108,10.47048483,9.02378379,7.571037296,8.331293166,489,24,459,28,513,487
19,1000,10,7.7,28,35,965,17,5,13,35,7.458534991,87,102,10.16252786,8.766237183,6.567958847,8.321061493,481,11,484,24,492,508
21,1000,10,7.7,28,33,962,20,7,11,38,7.489143473,90,123,10.42336683,8.921399457,6.640260005,8.408767231,510,10,452,28,520,480
23,1000,10,7.7,28,31,949,28,10,13,51,8.067308859,92,110,10.08598944,9.092707464,7.131704711,9.002913007,485,15,464,36,500,500
17,1000,10,7.7,28,38,952,32,7,9,48,7.877753099,103,110,10.42632676,8.811937473,7.194192428,8.572338941,486,18,466,30,504,496
20,1000,10,7.7,28,34,946,31,10,13,54,7.862832937,111,98,10.30049472,9.230734561,7.654301707,8.073881647,477,26,469,28,503,497
18,1000,10,7.7,28,38,960,19,8,13,40,7.771819109,87,106,10.31570244,8.954847784,7.399904058,8.146721429,481,21,479,19,502,498
22,1000,10,7.7,28,34,948,28,11,13,52,7.979423058,105,105,10.48837725,9.059304304,7.644139789,8.33260646,489,24,459,28,513,487
16,1000,10,7.7,28,102,954,22,14,10,46,8.67916144,111,117,10.77698083,9.410501274,8.495692619,8.876333327,501,17,453,29,518,482
19,1000,10,7.7,28,36,965,16,6,13,35,7.475196155,92,121,10.18792472,8.773448465,6.596096814,8.326607328,481,11,484,24,492,508
21,1000,10,7.7,28,34,963,18,8,11,37,7.522833598,101,89,10.42580908,8.924831075,6.678028458,8.438039167,511,9,452,28,520,480
23,1000,10,7.7,28,32,950,26,11,13,50,8.075487922,96,121,10.09877341,9.093794756,7.114001105,9.036974739,486,14,464,36,500,500
17,1000,10,7.7,28,39,952,32,7,9,48,7.893129972,89,109,10.42004162,8.809620781,7.206427711,8.590908076,486,18,466,30,504,496
20,1000,10,7.7,28,35,947,30,9,14,53,7.890348987,84,101,10.31478275,9.241539432,7.682802335,8.100401233,477,26,470,27,503,497
18,1000,10,7.7,28,39,959,20,8,13,41,7.837150736,103,110,10.33082405,8.963090853,7.447735927,8.229693375,481,21,478,20,502,498
22,1000,10,7.7,28,35,947,28,11,14,53,7.994453703,84,109,10.50370601,9.052894005,7.672416521,8.333683835,488,25,459,28,513,487
16,1000,10,7.7,28,103,952,24,14,10,48,8.686939498,111,108,10.77912525,9.418201332,8.512359712,8.874558437,500,18,452,30,518,482
19,1000,10,7.7,28,37,965,16,6,13,35,7.498686605,94,123,10.17136293,8.763115185,6.624111554,8.345715986,481,11,484,24,492,508
21,1000,10,7.7,28,35,964,17,8,11,36,7.575764813,75,104,10.44676751,8.923602457,6.734775156,8.486836942,511,9,453,27,520,480
23,1000,10,7.7,28,33,949,27,11,13,51,8.082660704,99,89,10.11149226,9.099935993,7.123468117,9.041853291,486,14,463,37,500,500
17,1000,10,7.7,28,40,951,33,7,9,49,7.910196513,98,107,10.43363926,8.820623252,7.213239808,8.618394455,486,18,465,31,504,496
20,1000,10,7.7,28,36,948,30,9,13,52,7.878106083,93,113,10.30871177,9.247977902,7.693331262,8.065111586,477,26,471,26,503,497
18,1000,10,7.7,28,40,959,20,8,13,41,7.842678609,104,113,10.32329177,8.987310267,7.445960324,8.242583385,481,21,478,20,502,498
22,1000,10,7.7,28,36,947,27,12,14,53,8.009833753,94,93,10.50250078,9.052272023,7.668214608,8.369691291,488,25,459,28,513,487
19,1000,10,7.7,28,38,965,16,6,13,35,7.530538929,114,118,10.17098408,8.762167779,6.654797212,8.378698229,481,11,484,24,492,508
16,1000,10,7.7,28,104,952,24,14,10,48,8.69709107,100,94,10.81160935,9.436028559,8.512675165,8.895280776,500,18,452,30,518,482
24,1000,10,7.7,28,0,937,31,11,21,63,7.353,96,103,10.24084234,8.9160813,6.249003984,8.465863454,484,18,453,45,502,498
21,1000,10,7.7,28,36,964,17,8,11,36,7.612444529,91,110,10.44118202,8.932499895,6.762313777,8.533419511,511,9,453,27,520,480
23,1000,10,7.7,28,34,948,28,11,13,52,8.084643704,86,112,10.11073233,9.112282134,7.14747641,9.021810997,485,15,463,37,500,500
17,1000,10,7.7,28,41,951,33,7,9,49,7.934581341,85,105,10.43481315,8.804130972,7.245464901,8.634812562,486,18,465,31,504,496
18,1000,10,7.7,28,41,959,19,9,13,41,7.85512801,88,102,10.32224701,8.99380647,7.466179019,8.24720109,481,21,478,20,502,498
20,1000,10,7.7,28,37,949,29,9,13,51,7.877983152,94,109,10.30925845,9.264862863,7.723662204,8.034167129,477,26,472,25,503,497
22,1000,10,7.7,28,37,948,27,11,14,52,8.015246778,86,103,10.50268092,9.056227099,7.687567816,8.360419894,489,24,459,28,513,487
19,1000,10,7.7,28,39,966,16,6,12,34,7.550251814,81,120,10.17142783,8.759440238,6.690039237,8.383371082,482,10,484,24,492,508
21,1000,10,7.7,28,37,963,18,8,11,37,7.658802797,95,120,10.43897459,8.939072729,6.794415614,8.595222246,511,9,452,28,520,480
23,1000,10,7.7,28,35,949,27,11,13,51,8.10966418,93,111,10.11162156,9.117832825,7.190478948,9.028849412,485,15,464,36,500,500
24,1000,10,7.7,28,1,936,33,13,18,64,7.312835507,90,105,10.23303264,8.922653325,6.254936871,8.379231321,484,18,452,46,502,498
17,1000,10,7.7,28,42,952,32,7,9,48,7.91755971,103,100,10.43048326,8.810545655,7.258087703,8.587668361,486,18,466,30,504,496
18,1000,10,7.7,28,42,958,20,9,13,42,7.855207084,96,96,10.31000078,8.992506101,7.490720244,8.22262153,481,21,477,21,502,498
20,1000,10,7.7,28,38,948,30,9,13,52,7.895892263,99,110,10.31002444,9.258750328,7.719887413,8.07402192,477,26,471,26,503,497
22,1000,10,7.7,28,38,947,28,11,14,53,8.015526361,124,112,10.51665202,9.06651682,7.694571154,8.353616754,489,24,458,29,513,487
19,1000,10,7.7,28,40,966,16,6,12,34,7.557883876,96,107,10.17990776,8.760775987,6.708161076,8.380843753,482,10,484,24,492,508
21,1000,10,7.7,28,38,961,20,8,11,39,7.701759837,89,125,10.45543294,8.936353127,6.872668019,8.59994264,509,11,452,28,520,480
23,1000,10,7.7,28,36,949,27,11,13,51,8.094644463,113,120,10.11758318,9.111525642,7.188973809,9.000315118,485,15,464,36,500,500
17,1000,10,7.7,28,43,952,32,7,9,48,7.932321213,114,108,10.43691137,8.829620757,7.279712048,8.595456332,486,18,466,30,504,496
20,1000,10,7.7,28,39,949,29,9,13,51,7.897540015,103,119,10.33741298,9.253851442,7.746365068,8.050540012,478,25,471,26,503,497
22,1000,10,7.7,28,39,948,26,12,14,52,8.033378531,91,129,10.51667871,9.079503325,7.706606749,8.377596035,490,23,458,29,513,487
18,1000,10,7.7,28,43,959,19,10,12,41,7.863676121,101,107,10.32376313,8.990492606,7.464164244,8.266396929,483,19,476,22,502,498
24,1000,10,7.7,28,2,937,31,14,18,63,7.352007529,86,95,10.2391478,8.931828574,6.285816285,8.426762558,484,18,453,45,502,498
19,1000,10,7.7,28,41,968,17,5,10,32,7.557557067,85,99,10.197069,8.747302193,6.736985056,8.35228429,482,10,486,22,492,508
21,1000,10,7.7,28,39,961,20,8,11,39,7.7273379,97,99,10.47646174,8.943469925,6.895266024,8.6287491,509,11,452,28,520,480
23,1000,10,7.7,28,37,948,28,11,13,52,8.123883391,106,102,10.12017221,9.124843412,7.241401159,9.006365622,484,16,464,36,500,500
17,1000,10,7.7,28,44,952,32,7,9,48,7.948277033,91,110,10.45922199,8.83514834,7.313220421,8.593576493,486,18,466,30,504,496
18,1000,10,7.7,28,44,958,20,10,12,42,7.870243464,91,113,10.34606073,8.969866536,7.45914456,8.284644367,483,19,475,23,502,498
20,1000,10,7.7,28,40,949,29,9,13,51,7.921548074,92,110,10.33450731,9.24559244,7.736039791,8.109295893,479,24,470,27,503,497
22,1000,10,7.7,28,40,947,26,13,14,53,8.075092864,90,99,10.50292217,9.095621707,7.756745694,8.410435982,490,23,457,30,513,487
24,1000,10,7.7,28,3,936,32,14,18,64,7.355866124,108,109,10.25153617,8.940079922,6.280910379,8.439456051,484,18,452,46,502,498
19,1000,10,7.7,28,42,967,17,6,10,33,7.565272034,98,112,10.21067078,8.741670896,6.769351884,8.336123833,481,11,486,22,492,508
21,1000,10,7.7,28,40,962,20,7,11,38,7.761042524,88,113,10.47713463,8.947698294,6.947369488,8.642521645,508,12,454,26,520,480
17,1000,10,7.7,28,45,953,31,8,8,47,7.935582049,90,118,10.46915061,8.852064016,7.27180999,8.61006011,486,18,467,29,504,496
18,1000,10,7.7,28,45,959,19,10,12,41,7.899123295,98,117,10.35946549,8.982230079,7.472680424,8.32899141,483,19,476,22,502,498
22,1000,10,7.7,28,41,947,26,13,14,53,8.103819535,98,104,10.50358041,9.096654616,7.793557311,8.430646067,490,23,457,30,513,487
20,1000,10,7.7,28,41,947,31,9,13,53,7.957418091,111,131,10.34020152,9.241731724,7.744513783,8.172892672,479,24,468,29,503,497
23,1000,10,7.7,28,38,947,28,12,13,53,8.147374918,96,112,10.1252187,9.13082077,7.238552192,9.056197643,484,16,463,37,500,500
19,1000,10,7.7,28,43,965,20,5,10,35,7.624792228,98,115,10.21479723,8.749044792,6.798371876,8.425183593,480,12,485,23,492,508
24,1000,10,7.7,28,4,936,32,14,18,64,7.381200201,100,118,10.25244849,8.956530217,6.31520136,8.455761282,485,17,451,47,502,498
21,1000,10,7.7,28,41,963,21,6,10,37,7.80603194,91,104,10.47281811,8.955694745,6.998431005,8.680932953,508,12,455,25,520,480
17,1000,10,7.7,28,46,952,32,8,8,48,7.957776941,79,107,10.45203973,8.856043399,7.250116766,8.676850991,486,18,466,30,504,496
18,1000,10,7.7,28,46,962,16,10,12,38,7.90050405,101,103,10.37831733,8.994226873,7.475943552,8.328474672,485,17,477,21,502,498
22,1000,10,7.7,28,42,946,27,13,14,54,8.114325876,102,126,10.51910553,9.111676554,7.795057963,8.450638892,490,23,456,31,513,487
20,1000,10,7.7,28,42,946,30,10,14,54,8.007163416,97,104,10.33135577,9.253917104,7.79568869,8.221191156,479,24,467,30,503,497
23,1000,10,7.7,28,39,949,26,13,12,51,8.157191266,95,115,10.12203243,9.149844559,7.286934585,9.027447946,484,16,465,35,500,500
19,1000,10,7.7,28,44,965,20,5,10,35,7.64225009,100,97,10.20553749,8.760187078,6.827790959,8.431056964,480,12,485,23,492,508
21,1000,10,7.7,28,42,963,21,6,10,37,7.819980338,97,110,10.47625275,8.966830287,7.02675755,8.679305026,508,12,455,25,520,480
24,1000,10,7.7,28,5,935,33,14,18,65,7.394980678,93,104,10.2511132,8.961704791,6.367365209,8.430850087,484,18,451,47,502,498
17,1000,10,7.7,28,47,951,32,9,8,49,8.008400606,103,120,10.46660826,8.869512492,7.347867007,8.679587973,485,19,466,30,504,496
18,1000,10,7.7,28,47,962,16,10,12,38,7.948324045,83,99,10.38615374,8.99434396,7.516565486,8.383550545,485,17,477,21,502,498
20,1000,10,7.7,28,43,948,30,9,13,52,7.988965633,108,108,10.3361693,9.250321092,7.776476672,8.204019853,479,24,469,28,503,497
22,1000,10,7.7,28,43,945,28,13,14,55,8.155496436,97,105,10.52661429,9.11062866,7.814016303,8.515207541,489,24,456,31,513,487
23,1000,10,7.7,28,40,949,26,13,12,51,8.185125513,98,105,10.13726339,9.134891379,7.325259034,9.044991992,484,16,465,35,500,500
19,1000,10,7.7,28,45,964,21,5,10,36,7.672235374,112,109,10.23125222,8.768435147,6.874549063,8.444797706,479,13,485,23,492,508
21,1000,10,7.7,28,43,964,21,6,9,36,7.835499732,100,113,10.47859179,8.978086778,7.048121645,8.688492658,508,12,456,24,520,480
18,1000,10,7.7,28,48,962,16,10,12,38,7.998026862,98,120,10.39811641,8.998875043,7.573583798,8.425879107,485,17,477,21,502,498
17,1000,10,7.7,28,48,950,33,9,8,50,8.040307725,94,109,10.4817565,8.873991316,7.361105686,8.730464635,486,18,464,32,504,496
22,1000,10,7.7,28,44,944,29,13,14,56,8.157628284,105,101,10.54863119,9.109383892,7.822910509,8.510216001,489,24,455,32,513,487
20,1000,10,7.7,28,44,945,34,9,12,55,7.999380563,108,104,10.3385723,9.270996371,7.759708767,8.241945781,478,25,467,30,503,497
24,1000,10,7.7,28,6,935,32,15,18,65,7.43896593,89,101,10.2619048,8.9614551,6.412169568,8.474009653,484,18,451,47,502,498
23,1000,10,7.7,28,41,949,25,14,12,51,8.224433344,94,104,10.14571717,9.157782055,7.370799132,9.078067556,484,16,465,35,500,500
19,1000,10,7.7,28,46,964,21,5,10,36,7.69785392,94,108,10.25147272,8.787542536,6.926180777,8.445222398,479,13,485,23,492,508
21,1000,10,7.7,28,44,961,24,7,8,39,7.85484731,94,133,10.49155268,8.98357168,7.064335252,8.711235373,507,13,454,26,520,480
18,1000,10,7.7,28,49,960,17,11,12,40,8.005023868,85,92,10.42818683,9.012996236,7.577579006,8.435902021,484,18,476,22,502,498
17,1000,10,7.7,28,49,951,32,8,9,49,8.066005148,93,127,10.49972076,8.893210348,7.355693545,8.78777339,486,18,465,31,504,496
22,1000,10,7.7,28,45,944,29,13,14,56,8.182253218,93,110,10.56560498,9.116438189,7.827450491,8.555998185,489,24,455,32,513,487
20,1000,10,7.7,28,45,946,33,10,11,54,8.014638539,95,116,10.36275823,9.265022397,7.791698614,8.240269891,479,24,467,30,503,497
24,1000,10,7.7,28,7,936,31,15,18,64,7.457238819,90,128,10.26302093,8.966096087,6.429175758,8.493559415,485,17,451,47,502,498
19,1000,10,7.7,28,47,963,22,5,10,37,7.735489237,80,104,10.25866152,8.775101369,6.975432913,8.471606778,478,14,485,23,492,508
23,1000,10,7.7,28,42,948,27,13,12,52,8.258957261,92,105,10.14908644,9.155385833,7.41957667,9.098337852,483,17,465,35,500,500
21,1000,10,7.7,28,45,960,25,7,8,40,7.880796761,86,106,10.50238887,8.985122126,7.106516725,8.719600133,506,14,454,26,520,480
18,1000,10,7.7,28,50,960,17,11,12,40,7.991826847,97,92,10.42968761,9.01573883,7.589796624,8.397086227,484,18,476,22,502,498
17,1000,10,7.7,28,50,951,33,7,9,49,8.102222341,102,121,10.50817374,8.898985245,7.426031146,8.789319847,486,18,465,31,504,496
20,1000,10,7.7,28,46,947,32,10,11,53,8.031366107,98,99,10.3612381,9.272755065,7.780646958,8.285112046,480,23,467,30,503,497
22,1000,10,7.7,28,46,944,28,14,14,56,8.194338056,110,108,10.58034111,9.109063634,7.840128939,8.56745772,489,24,455,32,513,487
19,1000,10,7.7,28,48,963,22,5,10,37,7.738282472,101,105,10.25617774,8.773235297,6.974991631,8.477532656,478,14,485,23,492,508
23,1000,10,7.7,28,43,948,27,13,12,52,8.236987102,100,102,10.14672132,9.145864191,7.380043464,9.093930741,483,17,465,35,500,500
24,1000,10,7.7,28,8,938,31,14,17,62,7.47130975,93,122,10.2518562,8.964747398,6.451331336,8.499480762,485,17,453,45,502,498
21,1000,10,7.7,28,46,959,26,7,8,41,7.898481271,92,106,10.48701925,8.981911562,7.12390547,8.737605056,506,14,453,27,520,480
18,1000,10,7.7,28,51,959,19,11,11,41,8.001047556,98,116,10.42838627,9.004940252,7.554743511,8.450936373,484,18,475,23,502,498
17,1000,10,7.7,28,51,952,32,7,9,48,8.086585584,93,118,10.50469673,8.913424011,7.43206691,8.75166101,486,18,466,30,504,496
20,1000,10,7.7,28,47,947,31,11,11,53,8.057417408,101,117,10.35439468,9.265934745,7.785677741,8.332437636,480,23,467,30,503,497
22,1000,10,7.7,28,47,944,28,14,14,56,8.19184953,106,123,10.59781527,9.114997922,7.855140099,8.546535235,489,24,455,32,513,487
19,1000,10,7.7,28,49,964,21,5,10,36,7.743232417,74,98,10.2657242,8.781625352,7.00110877,8.461982092,477,15,487,21,492,508
23,1000,10,7.7,28,44,949,27,13,11,51,8.276733691,87,83,10.15682883,9.137659355,7.405615515,9.147851867,483,17,466,34,500,500
24,1000,10,7.7,28,9,938,32,13,17,62,7.516525865,93,108,10.27695855,8.973072085,6.46517798,8.576318311,485,17,453,45,502,498
21,1000,10,7.7,28,47,958,27,7,8,42,7.934214708,79,108,10.50724,8.986640193,7.128115065,8.807489322,506,14,452,28,520,480
18,1000,10,7.7,28,52,960,18,11,11,40,7.96647711,82,123,10.46398193,9.021362903,7.492755306,8.444003908,485,17,475,23,502,498
17,1000,10,7.7,28,52,951,33,7,9,49,8.103775043,92,124,10.5113627,8.907074064,7.464153866,8.753712691,485,19,466,30,504,496
22,1000,10,7.7,28,48,943,28,15,14,57,8.243256492,97,116,10.59941047,9.128283386,7.898366593,8.606559404,489,24,454,33,513,487
20,1000,10,7.7,28,48,946,32,11,11,54,8.064424763,99,116,10.39422366,9.26924411,7.811757543,8.32014229,480,23,466,31,503,497
19,1000,10,7.7,28,50,965,19,6,10,35,7.769614735,89,129,10.28302814,8.78123158,7.024995781,8.490781123,477,15,488,20,492,508
23,1000,10,7.7,28,45,949,27,13,11,51,8.277969744,94,98,10.14643662,9.153288562,7.434364177,9.121575312,482,18,467,33,500,500
21,1000,10,7.7,28,48,958,25,8,9,42,7.997215863,77,111,10.50982565,9.001210688,7.214567878,8.845084513,506,14,452,28,520,480
18,1000,10,7.7,28,53,958,20,11,11,42,7.969153713,102,100,10.46571774,9.035475055,7.50049023,8.44158156,483,19,475,23,502,498
17,1000,10,7.7,28,53,951,33,7,9,49,8.117856833,93,111,10.52325166,8.900554952,7.470715746,8.77543568,485,19,466,30,504,496
22,1000,10,7.7,28,49,943,27,15,15,57,8.277838291,86,99,10.60682028,9.129458852,7.97307833,8.598868805,489,24,454,33,513,487
20,1000,10,7.7,28,49,947,31,11,11,53,8.093387236,99,88,10.40718092,9.268381025,7.87913345,8.310227588,480,23,467,30,503,497
24,1000,10,7.7,28,10,939,32,13,16,61,7.5020884,107,114,10.26926975,8.973286386,6.442973234,8.569710514,485,17,454,44,502,498
19,1000,10,7.7,28,51,965,19,6,10,35,7.806211965,98,108,10.31139039,8.8012295,7.10138186,8.488842696,477,15,488,20,492,508
23,1000,10,7.7,28,46,949,27,13,11,51,8.300828417,82,104,10.16602852,9.165151276,7.476493401,9.125163434,482,18,467,33,500,500
21,1000,10,7.7,28,49,958,25,8,9,42,8.042951942,93,102,10.52189987,8.996139656,7.288860835,8.859883975,506,14,452,28,520,480
18,1000,10,7.7,28,54,959,20,10,11,41,7.98900169,103,131,10.47879052,9.027789971,7.488788281,8.493232878,484,18,475,23,502,498
17,1000,10,7.7,28,54,951,32,8,9,49,8.144476607,94,105,10.53787129,8.90517948,7.500709307,8.79862725,485,19,466,30,504,496
22,1000,10,7.7,28,50,943,27,15,15,57,8.297529998,98,115,10.59749771,9.145643741,7.980116791,8.631889291,489,24,454,33,513,487
20,1000,10,7.7,28,50,947,31,11,11,53,8.114767125,89,117,10.4183727,9.296537175,7.917895167,8.314015807,480,23,467,30,503,497
24,1000,10,7.7,28,11,941,33,11,15,59,7.479506786,111,121,10.2732004,8.986370541,6.477510097,8.489551641,484,18,457,41,502,498
19,1000,10,7.7,28,52,966,18,6,10,34,7.834410885,106,114,10.31459118,8.800349787,7.141422343,8.505573015,477,15,489,19,492,508
23,1000,10,7.7,28,47,948,28,13,11,52,8.311898685,96,100,10.1678128,9.167153555,7.477259786,9.146537584,482,18,466,34,500,500
21,1000,10,7.7,28,50,958,26,8,8,42,8.076714914,101,109,10.55181745,9.011426846,7.296607553,8.921831221,506,14,452,28,520,480
18,1000,10,7.7,28,55,960,19,10,11,40,7.986058183,102,102,10.48693817,9.026872656,7.493341694,8.482732235,485,17,475,23,502,498
17,1000,10,7.7,28,55,951,32,8,9,49,8.173502245,103,103,10.56126244,8.908076782,7.525189556,8.832271589,485,19,466,30,504,496
22,1000,10,7.7,28,51,945,27,13,15,55,8.309215434,103,122,10.60661106,9.135639423,8.001361712,8.633504878,490,23,455,32,513,487
20,1000,10,7.7,28,51,948,30,11,11,52,8.125303772,97,101,10.44350146,9.314312117,7.914670904,8.338479491,480,23,468,29,503,497
19,1000,10,7.7,28,53,966,18,6,10,34,7.852455607,108,106,10.31268497,8.821477911,7.167610573,8.515730718,477,15,489,19,492,508
24,1000,10,7.7,28,12,941,33,11,15,59,7.515497126,88,119,10.26954366,8.982952513,6.539170646,8.499665585,484,18,457,41,502,498
23,1000,10,7.7,28,48,949,28,12,11,51,8.329511212,77,103,10.17837665,9.175291411,7.500549156,9.158473268,483,17,466,34,500,500
21,1000,10,7.7,28,51,957,28,8,7,43,8.129283412,105,103,10.56740448,9.000639713,7.366064589,8.956103803,505,15,452,28,520,480
18,1000,10,7.7,28,56,958,21,10,11,42,7.994716629,104,115,10.50017071,9.030302832,7.502229168,8.491159812,485,17,473,25,502,498
17,1000,10,7.7,28,56,950,33,9,8,50,8.219545782,96,103,10.57755378,8.918140656,7.566682542,8.882939074,485,19,465,31,504,496
22,1000,10,7.7,28,52,947,25,13,15,53,8.293403773,104,121,10.6266111,9.122511574,7.963788468,8.640616611,492,21,455,32,513,487
20,1000,10,7.7,28,52,948,30,11,11,52,8.146373765,100,121,10.44839804,9.316161361,7.919035103,8.376456959,480,23,468,29,503,497
19,1000,10,7.7,28,54,966,18,5,11,34,7.870748682,91,104,10.31658561,8.820756306,7.195055261,8.52516042,477,15,489,19,492,508
24,1000,10,7.7,28,13,940,34,11,15,60,7.519164718,87,99,10.26399787,8.973766004,6.517053848,8.529324671,484,18,456,42,502,498
18,1000,10,7.7,28,57,959,21,10,10,41,7.995745187,104,118,10.49403813,9.024774023,7.499674825,8.49580005,486,16,473,25,502,498
23,1000,10,7.7,28,49,949,28,12,11,51,8.347806251,98,113,10.17587479,9.164275211,7.536781543,9.158830959,482,18,467,33,500,500
21,1000,10,7.7,28,52,957,29,8,6,43,8.121650108,92,107,10.5691462,9.004262097,7.333897005,8.975049303,505,15,452,28,520,480
17,1000,10,7.7,28,57,950,33,9,8,50,8.237720017,97,105,10.58847842,8.934358351,7.593153939,8.892682323,485,19,465,31,504,496
20,1000,10,7.7,28,53,948,30,11,11,52,8.183394336,78,109,10.46619705,9.314712682,7.943954953,8.425724335,480,23,468,29,503,497
22,1000,10,7.7,28,53,945,27,12,16,55,8.287261522,102,102,10.64211974,9.120653045,7.94911562,8.643460387,491,22,454,33,513,487
19,1000,10,7.7,28,55,966,18,5,11,34,7.887272418,93,116,10.33526839,8.825317609,7.211768141,8.54150097,477,15,489,19,492,508
18,1000,10,7.7,28,58,960,21,10,9,40,8.023346383,87,106,10.49714576,9.036191951,7.531107233,8.519539262,485,17,475,23,502,498
21,1000,10,7.7,28,53,956,30,8,6,44,8.150438515,92,91,10.56039293,9.004148222,7.377109133,8.988212012,505,15,451,29,520,480
23,1000,10,7.7,28,50,949,28,12,11,51,8.353631959,84,117,10.18531913,9.162705177,7.529740302,9.177523617,483,17,466,34,500,500
17,1000,10,7.7,28,58,951,33,9,7,49,8.237999821,87,123,10.58921224,8.937753862,7.560064918,8.926869158,485,19,466,30,504,496
24,1000,10,7.7,28,14,941,33,11,15,59,7.537155203,76,111,10.27440042,8.972205444,6.567505011,8.514593749,484,18,457,41,502,498
20,1000,10,7.7,28,54,946,32,11,11,54,8.214851429,81,108,10.46949534,9.32501091,7.947039353,8.485896649,480,23,466,31,503,497
22,1000,10,7.7,28,54,947,26,11,16,53,8.303897109,87,97,10.64347596,9.119616731,7.967346685,8.658415318,492,21,455,32,513,487
19,1000,10,7.7,28,56,966,18,5,11,34,7.89915532,97,111,10.3436661,8.816991581,7.209526977,8.567063084,477,15,489,19,492,508
21,1000,10,7.7,28,54,955,30,9,6,45,8.167819045,100,105,10.57411984,9.013231643,7.435959666,8.960666706,503,17,452,28,520,480
18,1000,10,7.7,28,59,962,19,10,9,38,8.010745606,98,102,10.48718857,9.038143747,7.528391487,8.496974056,487,15,475,23,502,498
17,1000,10,7.7,28,59,951,33,9,7,49,8.214125696,90,106,10.59918952,8.968388728,7.523513128,8.915877177,485,19,466,30,504,496
20,1000,10,7.7,28,55,946,32,11,11,54,8.231062704,102,124,10.4795145,9.336756629,7.977929363,8.48725198,480,23,466,31,503,497
22,1000,10,7.7,28,55,947,26,11,16,53,8.322357901,97,114,10.64949488,9.135498795,7.99101057,8.671395233,491,22,456,31,513,487
23,1000,10,7.7,28,51,947,30,11,12,53,8.379066817,96,105,10.20284591,9.155972725,7.560113631,9.198020003,483,17,464,36,500,500
24,1000,10,7.7,28,15,943,31,12,14,57,7.529835602,85,113,10.28077501,8.963637465,6.597583111,8.469576066,484,18,459,39,502,498
19,1000,10,7.7,28,57,966,18,5,11,34,7.926255551,93,115,10.33356616,8.814266846,7.230995831,8.599617328,476,16,490,18,492,508
18,1000,10,7.7,28,60,962,20,9,9,38,8.038400238,83,107,10.49318861,9.033158415,7.567801299,8.512779088,486,16,476,22,502,498
21,1000,10,7.7,28,55,956,29,9,6,44,8.225029607,99,133,10.57892464,9.034957347,7.49509086,9.015796582,504,16,452,28,520,480
17,1000,10,7.7,28,60,952,33,8,7,48,8.214234672,74,115,10.59650538,8.957825143,7.564475096,8.874474242,485,19,467,29,504,496
20,1000,10,7.7,28,56,948,32,9,11,52,8.243135702,105,104,10.49335666,9.321412046,7.998354148,8.490872366,481,22,467,30,503,497
22,1000,10,7.7,28,56,947,26,10,17,53,8.353795371,103,111,10.6642051,9.137127678,7.994045832,8.732751251,491,22,456,31,513,487
23,1000,10,7.7,28,52,948,29,11,12,52,8.401591433,102,112,10.20082075,9.13737591,7.61392009,9.189262777,483,17,465,35,500,500
19,1000,10,7.7,28,58,966,18,5,11,34,7.967029842,77,98,10.35167184,8.826590174,7.276578146,8.635735027,476,16,490,18,492,508
24,1000,10,7.7,28,16,942,31,13,14,58,7.586324108,91,96,10.31158449,8.956013375,6.647616902,8.53257113,484,18,458,40,502,498
18,1000,10,7.7,28,61,961,22,9,8,39,8.081727443,102,124,10.52697428,9.035143255,7.617288776,8.549896541,485,17,476,22,502,498
21,1000,10,7.7,28,56,957,28,10,5,43,8.237080128,105,105,10.58831335,9.027213305,7.54756715,8.98405252,504,16,453,27,520,480
17,1000,10,7.7,28,61,950,35,8,7,50,8.236276036,110,100,10.64489777,8.951591106,7.588034556,8.894973023,485,19,465,31,504,496
20,1000,10,7.7,28,57,950,31,8,11,50,8.237164135,81,115,10.51344468,9.30979051,8.000860921,8.476320104,482,21,468,29,503,497
22,1000,10,7.7,28,57,946,27,10,17,54,8.372984575,111,111,10.68469996,9.13278304,8.01361734,8.751537741,490,23,456,31,513,487
23,1000,10,7.7,28,53,949,29,10,12,51,8.423273461,93,101,10.21681589,9.126727334,7.652046096,9.194500826,482,18,467,33,500,500
19,1000,10,7.7,28,59,964,20,5,11,36,8.012850133,85,115,10.35174628,8.821878499,7.339340819,8.665146555,475,17,489,19,492,508
24,1000,10,7.7,28,17,940,33,13,14,60,7.645567592,93,110,10.3337072,8.960014433,6.710764394,8.587879251,483,19,457,41,502,498
18,1000,10,7.7,28,62,960,22,9,9,40,8.128497551,93,129,10.52465908,9.043418047,7.675447084,8.585186977,485,17,475,23,502,498
21,1000,10,7.7,28,57,959,27,9,5,41,8.242659212,94,107,10.57554774,9.026141068,7.583792635,8.956431336,504,16,455,25,520,480
17,1000,10,7.7,28,62,952,33,8,7,48,8.243144697,103,115,10.65598366,8.958344361,7.595690193,8.901042016,486,18,466,30,504,496
22,1000,10,7.7,28,58,946,28,10,16,54,8.434075754,80,99,10.67648248,9.13107494,8.060799917,8.827280075,490,23,456,31,513,487
20,1000,10,7.7,28,58,950,31,8,11,50,8.273300755,91,109,10.51129373,9.309936396,8.05598994,8.49323504,482,21,468,29,503,497
23,1000,10,7.7,28,54,950,29,10,11,50,8.435487219,106,96,10.23893133,9.125788088,7.69319063,9.177783809,482,18,468,32,500,500
19,1000,10,7.7,28,60,964,20,5,11,36,8.048761761,94,117,10.3508094,8.814620138,7.380133054,8.696331296,475,17,489,19,492,508
24,1000,10,7.7,28,18,940,33,13,14,60,7.653108298,95,110,10.33909574,8.968578053,6.690147909,8.623803308,484,18,456,42,502,498
18,1000,10,7.7,28,63,961,21,9,9,39,8.157775035,94,102,10.53081693,9.052522831,7.71460373,8.60450595,486,16,475,23,502,498
21,1000,10,7.7,28,58,959,27,9,5,41,8.278756174,101,110,10.56518946,9.022101031,7.635067567,8.976085499,504,16,455,25,520,480
17,1000,10,7.7,28,63,952,33,8,7,48,8.251219261,111,111,10.66015206,8.96900828,7.620750943,8.891856422,486,18,466,30,504,496
22,1000,10,7.7,28,59,948,27,9,16,52,8.375099897,99,103,10.69362201,9.121596429,8.03460648,8.733771606,490,23,458,29,513,487
20,1000,10,7.7,28,59,950,31,8,11,50,8.278596792,98,102,10.5210875,9.31268535,8.034346939,8.525795335,482,21,468,29,503,497
23,1000,10,7.7,28,55,950,28,11,11,50,8.479702867,93,109,10.26621381,9.135858785,7.738072666,9.221333068,482,18,468,32,500,500
19,1000,10,7.7,28,61,964,20,5,11,36,8.086990767,86,101,10.37198814,8.844478331,7.422368949,8.730679614,475,17,489,19,492,508
18,1000,10,7.7,28,64,962,21,8,9,38,8.179518082,86,109,10.5406077,9.064411898,7.772737108,8.589566373,486,16,476,22,502,498
17,1000,10,7.7,28,64,954,32,7,7,46,8.28774003,94,108,10.66871754,8.971598068,7.705831605,8.879034076,487,17,467,29,504,496
21,1000,10,7.7,28,59,958,28,9,5,42,8.260353578,91,132,10.5838083,9.032909676,7.633018652,8.939966415,504,16,454,26,520,480
20,1000,10,7.7,28,60,952,28,8,12,48,8.262704232,89,122,10.54086711,9.309345647,7.99785868,8.530747114,484,19,468,29,503,497
22,1000,10,7.7,28,60,946,29,9,16,54,8.380934674,94,109,10.69780954,9.101422396,8.056284504,8.722917297,490,23,456,31,513,487
24,1000,10,7.7,28,19,939,33,14,14,61,7.683632317,86,120,10.34567167,8.973564369,6.72732826,8.64761753,483,19,456,42,502,498
19,1000,10,7.7,28,62,964,21,5,10,36,8.103891869,97,120,10.38195965,8.843941663,7.43296255,8.753689557,475,17,489,19,492,508
23,1000,10,7.7,28,56,951,26,12,11,49,8.488798749,111,100,10.28814829,9.131207174,7.757927678,9.21966982,482,18,469,31,500,500
18,1000,10,7.7,28,65,962,21,8,9,38,8.167122996,93,102,10.54433448,9.049615703,7.800870421,8.53631736,485,17,477,21,502,498
17,1000,10,7.7,28,65,955,31,7,7,45,8.308223172,86,104,10.67413739,8.97871188,7.727595172,8.89821614,487,17,468,28,504,496
21,1000,10,7.7,28,60,957,29,9,5,43,8.277398504,89,94,10.5935859,9.018089471,7.658145714,8.948255692,503,17,454,26,520,480
20,1000,10,7.7,28,61,950,30,8,12,50,8.287014984,86,130,10.54498338,9.325313545,7.99688468,8.580647868,483,20,467,30,503,497
22,1000,10,7.7,28,61,947,28,9,16,53,8.354878282,92,106,10.71463921,9.099605818,8.023902831,8.703523881,491,22,456,31,513,487
24,1000,10,7.7,28,20,938,34,14,14,62,7.718344966,92,108,10.36123479,8.969234428,6.784688251,8.659500932,483,19,455,43,502,498
19,1000,10,7.7,28,63,964,21,5,10,36,8.134158395,99,90,10.40493026,8.842714431,7.455189228,8.791742707,475,17,489,19,492,508
23,1000,10,7.7,28,57,949,28,12,11,51,8.525397425,106,114,10.30649753,9.128563628,7.797488596,9.253306254,482,18,467,33,500,500
18,1000,10,7.7,28,66,962,21,8,9,38,8.19990512,91,108,10.53717428,9.052092816,7.844108779,8.558559262,485,17,477,21,502,498
17,1000,10,7.7,28,66,955,30,8,7,45,8.344192541,87,122,10.68020898,8.979688931,7.789373224,8.907960555,487,17,468,28,504,496
21,1000,10,7.7,28,61,956,30,9,5,44,8.301767112,91,99,10.59528536,9.021631668,7.676140914,8.979528828,502,18,454,26,520,480
22,1000,10,7.7,28,62,947,29,9,15,53,8.37081782,105,129,10.72368232,9.108801173,8.081427576,8.675658057,490,23,457,30,513,487
20,1000,10,7.7,28,62,948,32,9,11,52,8.294672465,103,120,10.54510623,9.342452408,7.981981479,8.611138393,483,20,465,32,503,497
19,1000,10,7.7,28,64,964,21,5,10,36,8.177001481,65,99,10.42750929,8.851262516,7.510585864,8.822427629,475,17,489,19,492,508
23,1000,10,7.7,28,58,949,28,13,10,51,8.51602524,111,111,10.29182813,9.135618357,7.809149995,9.222900485,482,18,467,33,500,500
24,1000,10,7.7,28,21,940,32,14,14,60,7.725139142,101,100,10.37226249,8.965829714,6.779956318,8.677913797,484,18,456,42,502,498
18,1000,10,7.7,28,67,962,21,7,10,38,8.259872735,97,99,10.54108735,9.054545755,7.907179312,8.615399036,485,17,477,21,502,498
17,1000,10,7.7,28,67,953,32,8,7,47,8.382594356,96,128,10.69339487,8.962060084,7.813639451,8.960725954,487,17,466,30,504,496
21,1000,10,7.7,28,62,956,30,9,5,44,8.317397245,93,127,10.59594778,9.019624735,7.676345317,9.011870167,503,17,453,27,520,480
22,1000,10,7.7,28,63,948,29,8,15,52,8.388589585,84,113,10.72587144,9.128443268,8.110474035,8.681553192,490,23,458,29,513,487
20,1000,10,7.7,28,63,948,32,7,13,52,8.320611125,100,103,10.553282,9.337280099,7.989982983,8.655230753,483,20,465,32,503,497
19,1000,10,7.7,28,65,963,22,4,11,37,8.214645928,99,115,10.42180562,8.856264153,7.514506186,8.892734025,475,17,488,20,492,508
23,1000,10,7.7,28,59,948,29,13,10,52,8.543067057,106,109,10.29983737,9.119492142,7.826668791,9.259465323,481,19,467,33,500,500
24,1000,10,7.7,28,22,941,31,14,14,59,7.771692805,94,101,10.39296991,8.976943008,6.846063521,8.704756862,484,18,457,41,502,498
18,1000,10,7.7,28,68,961,22,7,10,39,8.314478411,93,100,10.54687341,9.060226234,7.952544459,8.679319464,484,18,477,21,502,498
17,1000,10,7.7,28,68,956,30,7,7,44,8.386968518,93,116,10.69059454,8.960093721,7.804562813,8.978767864,488,16,468,28,504,496
20,1000,10,7.7,28,64,949,30,8,13,51,8.346265862,92,100,10.548265,9.330206379,8.028152009,8.668220125,483,20,466,31,503,497
21,1000,10,7.7,28,63,956,30,9,5,44,8.362837205,106,123,10.60649178,9.024320904,7.724106653,9.054795304,503,17,453,27,520,480
22,1000,10,7.7,28,64,947,30,8,15,53,8.423115985,99,98,10.74689263,9.127458224,8.161553341,8.698642958,490,23,457,30,513,487
19,1000,10,7.7,28,66,963,24,4,9,37,8.213366897,100,119,10.43289998,8.847047829,7.575555446,8.831089798,475,17,488,20,492,508
23,1000,10,7.7,28,60,950,27,13,10,50,8.55531142,95,111,10.30687635,9.107395986,7.839262543,9.271360296,482,18,468,32,500,500
18,1000,10,7.7,28,69,963,20,7,10,37,8.30147669,100,99,10.57177386,9.051565352,7.937352236,8.668525839,486,16,477,21,502,498
17,1000,10,7.7,28,69,956,30,7,7,44,8.415494789,96,123,10.68071011,8.963731023,7.863642749,8.976247668,488,16,468,28,504,496
24,1000,10,7.7,28,23,941,31,14,14,59,7.782528273,94,121,10.40236923,8.961071502,6.862983334,8.709459114,484,18,457,41,502,498
20,1000,10,7.7,28,65,948,31,8,13,52,8.372339903,97,118,10.55659658,9.342516214,8.052012052,8.69653489,482,21,466,31,503,497
22,1000,10,7.7,28,65,947,30,8,15,53,8.447789495,96,126,10.75964043,9.143006666,8.182731757,8.726998159,490,23,457,30,513,487
21,1000,10,7.7,28,64,954,30,11,5,46,8.392863122,112,108,10.64324488,9.026201061,7.777643695,9.059350835,502,18,452,28,520,480
19,1000,10,7.7,28,67,963,24,4,9,37,8.198410086,89,103,10.44351469,8.83868947,7.608666463,8.769579107,475,17,488,20,492,508
23,1000,10,7.7,28,61,950,28,12,10,50,8.594561874,88,94,10.31223983,9.098573797,7.876486784,9.312636963,482,18,468,32,500,500
18,1000,10,7.7,28,70,963,21,8,8,37,8.301330433,99,90,10.57727904,9.061655248,7.971751808,8.633556275,485,17,478,20,502,498
17,1000,10,7.7,28,70,955,31,7,7,45,8.445258206,90,95,10.70048007,8.96887908,7.925124537,8.973781129,486,18,469,27,504,496
20,1000,10,7.7,28,66,949,30,8,13,51,8.404975859,90,118,10.5744682,9.352632205,8.093537699,8.720173837,482,21,467,30,503,497
22,1000,10,7.7,28,66,945,32,8,15,55,8.436978851,108,116,10.76994849,9.14460947,8.194013848,8.69291529,489,24,456,31,513,487
21,1000,10,7.7,28,65,955,29,11,5,45,8.410947132,97,113,10.65206771,9.028202114,7.7718433,9.103309617,503,17,452,28,520,480
24,1000,10,7.7,28,24,941,32,13,14,59,7.78542433,96,109,10.41130553,8.963195103,6.888195937,8.689859376,484,18,457,41,502,498
19,1000,10,7.7,28,68,963,24,6,7,37,8.191027082,89,99,10.46854209,8.840373685,7.606637219,8.757010966,474,18,489,19,492,508
23,1000,10,7.7,28,62,951,28,11,10,49,8.60868474,85,94,10.32474518,9.117123722,7.885467556,9.331901924,482,18,469,31,500,500
18,1000,10,7.7,28,71,963,21,8,8,37,8.309771874,80,105,10.5811711,9.055693258,7.978895098,8.643306295,485,17,478,20,502,498
17,1000,10,7.7,28,71,954,32,7,7,46,8.468782532,81,110,10.72017149,8.966534298,7.988818713,8.956487702,485,19,469,27,504,496
20,1000,10,7.7,28,67,952,28,8,12,48,8.376662157,102,118,10.56680281,9.3582145,8.075024525,8.681941288,483,20,469,28,503,497
22,1000,10,7.7,28,67,946,31,7,16,54,8.47619257,105,114,10.78721993,9.158212916,8.268195329,8.695294386,489,24,457,30,513,487
21,1000,10,7.7,28,66,953,31,11,5,47,8.443729418,118,109,10.65344857,9.048223808,7.802176342,9.138745251,502,18,451,29,520,480
19,1000,10,7.7,28,69,961,25,7,7,39,8.233602372,108,89,10.48340515,8.85371582,7.638362189,8.810094833,474,18,487,21,492,508
24,1000,10,7.7,28,25,941,32,13,14,59,7.830239142,109,109,10.41625173,8.982079187,6.950918644,8.716622456,483,19,458,40,502,498
23,1000,10,7.7,28,63,953,27,10,10,47,8.601982761,93,117,10.32898831,9.11271817,7.894832639,9.309132884,482,18,471,29,500,500
18,1000,10,7.7,28,72,963,21,8,8,37,8.338213447,100,100,10.59340603,9.068812639,7.986702296,8.692547981,485,17,478,20,502,498
17,1000,10,7.7,28,72,953,33,7,7,47,8.474726369,92,88,10.70692378,8.959126554,7.982903352,8.974482015,485,19,468,28,504,496
20,1000,10,7.7,28,68,952,28,7,13,48,8.421042955,84,107,10.56480742,9.367992827,8.149581841,8.695781267,483,20,469,28,503,497
22,1000,10,7.7,28,68,945,32,7,16,55,8.487100321,101,123,10.79010044,9.151759026,8.275665202,8.709823557,489,24,456,31,513,487
21,1000,10,7.7,28,67,952,32,11,5,48,8.468350406,96,121,10.67334547,9.056097515,7.834044077,9.155515595,501,19,451,29,520,480
19,1000,10,7.7,28,70,961,25,7,7,39,8.245137108,90,108,10.48169926,8.863091378,7.660091402,8.811756177,474,18,487,21,492,508
24,1000,10,7.7,28,26,940,32,14,14,60,7.875661472,96,100,10.43039977,9.000399976,7.032396888,8.725699266,482,20,458,40,502,498
18,1000,10,7.7,28,73,963,21,8,8,37,8.348063278,91,104,10.6089764,9.069991557,8.008801632,8.690049917,485,17,478,20,502,498
23,1000,10,7.7,28,64,954,26,10,10,46,8.617093838,96,127,10.33106474,9.13210517,7.915217914,9.318969761,482,18,472,28,500,500
17,1000,10,7.7,28,73,953,33,7,7,47,8.508396269,95,105,10.70896294,8.950779162,8.007473346,9.017398594,485,19,468,28,504,496
20,1000,10,7.7,28,69,953,27,7,13,47,8.43308504,95,138,10.57244183,9.353550026,8.165173012,8.704231418,483,20,470,27,503,497
22,1000,10,7.7,28,69,944,33,7,16,56,8.506468162,103,127,10.8044352,9.16333878,8.312501085,8.710790771,488,25,456,31,513,487
21,1000,10,7.7,28,68,952,32,12,4,48,8.471389505,101,104,10.6648263,9.075070329,7.799240557,9.199550865,501,19,451,29,520,480
19,1000,10,7.7,28,71,960,26,7,7,40,8.253938178,91,96,10.48227004,8.866947195,7.650481782,8.838388073,473,19,487,21,492,508
18,1000,10,7.7,28,74,964,20,8,8,36,8.383413789,91,86,10.60865658,9.057180203,8.060047921,8.709376974,486,16,478,20,502,498
24,1000,10,7.7,28,27,940,32,14,14,60,7.910417691,96,97,10.43733149,8.995249973,7.04732937,8.780438449,482,20,458,40,502,498
17,1000,10,7.7,28,74,954,32,7,7,46,8.503126737,98,119,10.70268739,8.942895882,8.015021254,8.99910489,485,19,469,27,504,496
23,1000,10,7.7,28,65,951,28,11,10,49,8.651100819,80,114,10.32580493,9.169055969,7.927487882,9.374713756,481,19,470,30,500,500
20,1000,10,7.7,28,70,952,28,7,13,48,8.435057737,82,101,10.56602973,9.346158151,8.165887338,8.707477677,483,20,469,28,503,497
22,1000,10,7.7,28,70,943,34,7,16,57,8.529892785,89,129,10.80155204,9.155148479,8.332435816,8.737891606,488,25,455,32,513,487
21,1000,10,7.7,28,69,953,32,10,5,47,8.473482592,106,114,10.67156314,9.079203575,7.806309107,9.196253868,501,19,452,28,520,480
19,1000,10,7.7,28,72,960,26,7,7,40,8.290349678,103,130,10.47393794,8.884456415,7.678373675,8.883050847,473,19,487,21,492,508
18,1000,10,7.7,28,75,963,21,8,8,37,8.403807612,87,103,10.60000466,9.046216624,8.099189248,8.71087271,486,16,477,21,502,498
17,1000,10,7.7,28,75,953,33,7,7,47,8.554849188,110,101,10.71227899,8.943207576,8.073161066,9.044306474,484,20,469,27,504,496
20,1000,10,7.7,28,71,951,27,9,13,49,8.435104692,96,110,10.56530394,9.36766712,8.176835472,8.696491849,482,21,469,28,503,497
23,1000,10,7.7,28,66,951,28,11,10,49,8.672834687,91,92,10.35146322,9.180882371,7.956285916,9.389383459,481,19,470,30,500,500
22,1000,10,7.7,28,71,944,33,7,16,56,8.540441381,86,98,10.8138472,9.161058809,8.353203753,8.737675269,488,25,456,31,513,487
24,1000,10,7.7,28,28,943,30,15,12,57,7.913374361,96,113,10.45779755,9.022894922,7.072224834,8.761280109,482,20,461,37,502,498
21,1000,10,7.7,28,70,954,31,10,5,46,8.452660213,94,106,10.68187919,9.090152358,7.808720241,9.150261849,502,18,452,28,520,480
19,1000,10,7.7,28,73,960,26,7,7,40,8.307976706,83,119,10.48113611,8.90475874,7.705233842,8.891735544,473,19,487,21,492,508
18,1000,10,7.7,28,76,964,21,8,7,36,8.413106306,105,112,10.61681546,9.040094809,8.098007663,8.730735862,486,16,478,20,502,498
17,1000,10,7.7,28,76,953,33,7,7,47,8.582616312,100,115,10.72995505,8.945481886,8.106507265,9.066404537,484,20,469,27,504,496
20,1000,10,7.7,28,72,951,27,9,13,49,8.442757161,94,111,10.57239377,9.37974187,8.160749162,8.728169682,482,21,469,28,503,497
22,1000,10,7.7,28,72,944,33,6,17,56,8.555392388,109,103,10.84746446,9.156074861,8.382770235,8.737230507,488,25,456,31,513,487
23,1000,10,7.7,28,67,951,28,11,10,49,8.729082814,107,112,10.36911993,9.190012209,8.009240966,9.448924662,481,19,470,30,500,500
21,1000,10,7.7,28,71,954,31,10,5,46,8.501276627,88,121,10.70093043,9.077214577,7.877666867,9.176853866,502,18,452,28,520,480
24,1000,10,7.7,28,29,943,30,15,12,57,7.932206861,97,107,10.48750072,9.031420317,7.114759371,8.756220194,482,20,461,37,502,498
19,1000,10,7.7,28,74,958,28,7,7,42,8.349964328,101,108,10.49487396,8.89502789,7.735532475,8.945043998,472,20,486,22,492,508
18,1000,10,7.7,28,77,965,21,7,7,35,8.397613809,100,108,10.6344684,9.02478375,8.077304553,8.720495831,487,15,478,20,502,498
17,1000,10,7.7,28,77,954,32,7,7,46,8.606877441,103,114,10.7418166,8.963713633,8.1217599,9.099819459,485,19,469,27,504,496
20,1000,10,7.7,28,73,954,24,8,14,46,8.421571191,100,115,10.57613255,9.394635083,8.122761121,8.723988625,484,19,470,27,503,497
22,1000,10,7.7,28,73,944,33,6,17,56,8.56191623,95,109,10.86925853,9.157236246,8.396229834,8.736448306,488,25,456,31,513,487
21,1000,10,7.7,28,72,952,32,11,5,48,8.542414132,89,106,10.69479254,9.087386737,7.917572642,9.219325747,501,19,451,29,520,480
23,1000,10,7.7,28,68,948,31,10,11,52,8.719470383,85,102,10.37132068,9.19618482,8.001407847,9.437532919,480,20,468,32,500,500
19,1000,10,7.7,28,75,958,29,6,7,42,8.387692641,93,96,10.47418297,8.887642292,7.779399728,8.976826721,473,19,485,23,492,508
24,1000,10,7.7,28,30,942,32,14,12,58,7.939225602,102,109,10.50055907,9.039396516,7.11283555,8.772253326,483,19,459,39,502,498
18,1000,10,7.7,28,78,965,21,7,7,35,8.420021747,90,98,10.64383965,9.026083843,8.095911346,8.746735445,487,15,478,20,502,498
17,1000,10,7.7,28,78,954,32,7,7,46,8.59336005,92,121,10.76901532,8.966907428,8.126189438,9.068065671,485,19,469,27,504,496
20,1000,10,7.7,28,74,954,24,8,14,46,8.465395593,89,122,10.57689731,9.389155173,8.111711031,8.823349988,484,19,470,27,503,497
22,1000,10,7.7,28,74,945,32,5,18,55,8.57081014,97,102,10.88663421,9.178785534,8.394883713,8.756128943,489,24,456,31,513,487
21,1000,10,7.7,28,73,951,33,11,5,49,8.570091573,95,114,10.70729908,9.091990034,7.955902474,9.235463096,500,20,451,29,520,480
23,1000,10,7.7,28,69,948,31,10,11,52,8.732046906,89,107,10.3680655,9.185661907,8.000127546,9.463966267,480,20,468,32,500,500
19,1000,10,7.7,28,76,959,27,7,7,41,8.385341082,101,113,10.46950854,8.87512324,7.779418559,8.97217943,473,19,486,22,492,508
24,1000,10,7.7,28,31,941,33,14,12,59,7.997754555,83,102,10.50846797,9.038161775,7.171296057,8.830851273,482,20,459,39,502,498
18,1000,10,7.7,28,79,966,22,5,7,34,8.433392813,81,108,10.65387761,9.028548432,8.078273218,8.791364774,487,15,479,19,502,498
17,1000,10,7.7,28,79,955,32,6,7,45,8.636335447,91,105,10.77663281,8.989327913,8.169630798,9.11056759,485,19,470,26,504,496
20,1000,10,7.7,28,75,954,24,8,14,46,8.480215275,90,96,10.58666054,9.403558151,8.136451931,8.828128679,484,19,470,27,503,497
22,1000,10,7.7,28,75,946,32,4,18,54,8.590573302,86,124,10.91651073,9.189242791,8.386308731,8.805743169,490,23,456,31,513,487
21,1000,10,7.7,28,74,950,34,11,5,50,8.58637893,91,105,10.70716686,9.112109711,7.969681738,9.254467555,500,20,450,30,520,480
19,1000,10,7.7,28,77,960,26,7,7,40,8.399939307,100,119,10.47707398,8.884870382,7.771415922,9.008666679,474,18,486,22,492,508
23,1000,10,7.7,28,70,947,32,10,11,53,8.731841287,97,116,10.37917033,9.1810625,7.990381259,9.473301314,479,21,468,32,500,500
18,1000,10,7.7,28,80,965,23,5,7,35,8.451179575,103,114,10.67446812,9.030331415,8.084804464,8.820497457,487,15,478,20,502,498
17,1000,10,7.7,28,80,954,33,6,7,46,8.640497201,102,106,10.78932021,8.982937122,8.17023144,9.118347893,485,19,469,27,504,496
24,1000,10,7.7,28,32,941,33,14,12,59,8.033123259,81,111,10.52214259,9.042687325,7.200259483,8.872676705,482,20,459,39,502,498
20,1000,10,7.7,28,76,952,28,8,12,48,8.461675054,92,87,10.59462972,9.394321408,8.148521977,8.778608651,483,20,469,28,503,497
22,1000,10,7.7,28,76,946,32,4,18,54,8.622786874,86,123,10.93590755,9.191043279,8.406479562,8.850642421,490,23,456,31,513,487
21,1000,10,7.7,28,75,952,32,11,5,48,8.59177893,123,109,10.69986293,9.129996159,7.969857478,9.26552717,502,18,450,30,520,480
19,1000,10,7.7,28,78,963,23,7,7,37,8.415811181,94,99,10.50160357,8.882969478,7.801632829,9.010645333,476,16,487,21,492,508
23,1000,10,7.7,28,71,947,33,9,11,53,8.738251303,90,98,10.39166305,9.180414858,7.991966954,9.484535653,479,21,468,32,500,500
18,1000,10,7.7,28,81,966,22,6,6,34,8.485070948,80,111,10.70449739,9.021004542,8.126103847,8.846921319,487,15,479,19,502,498
17,1000,10,7.7,28,81,955,32,6,7,45,8.678463066,88,117,10.80545328,8.97675132,8.191638374,9.173139769,486,18,469,27,504,496
20,1000,10,7.7,28,77,951,30,8,11,49,8.456084149,101,111,10.61335501,9.395348492,8.115687277,8.80059044,483,20,468,29,503,497
22,1000,10,7.7,28,77,947,31,4,18,53,8.618815672,102,121,10.94158243,9.204572795,8.41777848,8.830585856,491,22,456,31,513,487
24,1000,10,7.7,28,33,940,34,14,12,60,8.063684362,95,103,10.50747135,9.032948723,7.238129756,8.895869929,482,20,458,40,502,498
21,1000,10,7.7,28,76,950,34,11,5,50,8.621014745,108,116,10.72300598,9.150753901,8.006992645,9.286205353,501,19,449,31,520,480
19,1000,10,7.7,28,79,963,23,8,6,37,8.407693827,101,103,10.51771815,8.889853911,7.82298035,8.973991132,476,16,487,21,492,508
23,1000,10,7.7,28,72,946,33,10,11,54,8.778990136,102,109,10.39627983,9.204692928,8.023763993,9.53421628,479,21,467,33,500,500
18,1000,10,7.7,28,82,966,22,5,7,34,8.514550778,94,103,10.69706379,9.013251673,8.146419458,8.885638975,487,15,479,19,502,498
17,1000,10,7.7,28,82,955,32,7,6,45,8.704215401,79,114,10.81574382,8.965593129,8.225275584,9.190880054,485,19,470,26,504,496
20,1000,10,7.7,28,78,951,30,8,11,49,8.513961925,99,118,10.60795395,9.409330197,8.174405486,8.857617637,483,20,468,29,503,497
22,1000,10,7.7,28,78,947,31,4,18,53,8.613862609,106,96,10.94544618,9.213407631,8.404144636,8.834777024,491,22,456,31,513,487
19,1000,10,7.7,28,80,962,24,8,6,38,8.421947779,93,118,10.5252507,8.890777688,7.831538791,8.993761209,475,17,487,21,492,508
21,1000,10,7.7,28,77,950,35,10,5,50,8.630522853,109,125,10.74203517,9.159992155,8.023616276,9.288004978,501,19,449,31,520,480
24,1000,10,7.7,28,34,941,33,14,12,59,8.077190261,102,108,10.49869941,9.020635178,7.290604408,8.870094073,482,20,459,39,502,498
23,1000,10,7.7,28,73,946,33,10,11,54,8.819877695,104,118,10.40217525,9.198947701,8.033177533,9.606577856,479,21,467,33,500,500
18,1000,10,7.7,28,83,964,23,6,7,36,8.533110657,97,102,10.69956908,9.020583366,8.146178014,8.923151193,486,16,478,20,502,498
20,1000,10,7.7,28,79,950,29,10,11,50,8.534182342,88,91,10.63592076,9.403965389,8.217834436,8.854349337,483,20,467,30,503,497
22,1000,10,7.7,28,79,947,30,5,18,53,8.652796679,94,120,10.93579856,9.229137552,8.444816451,8.871880573,491,22,456,31,513,487
17,1000,10,7.7,28,83,952,35,6,7,48,8.753941583,89,96,10.84499566,8.958806391,8.267988656,9.247732462,483,21,469,27,504,496
19,1000,10,7.7,28,81,963,24,7,6,37,8.438046018,88,112,10.55682675,8.901556357,7.857276962,9.000523135,475,17,488,20,492,508
21,1000,10,7.7,28,78,950,35,10,5,50,8.66840284,92,125,10.76730479,9.173065522,8.055241624,9.332660823,501,19,449,31,520,480
23,1000,10,7.7,28,74,948,32,9,11,52,8.807126801,106,105,10.41445223,9.204652008,8.007872782,9.606380819,481,19,467,33,500,500
24,1000,10,7.7,28,35,940,33,15,12,60,8.10972379,98,117,10.49048536,9.027426243,7.350770007,8.874773588,481,21,459,39,502,498
18,1000,10,7.7,28,84,963,24,6,7,37,8.55578499,88,116,10.71305532,9.031895698,8.188543896,8.925975812,485,17,478,20,502,498
20,1000,10,7.7,28,80,950,29,10,11,50,8.574266543,100,113,10.66733674,9.42147752,8.260486654,8.89183452,483,20,467,30,503,497
22,1000,10,7.7,28,80,946,31,5,18,54,8.692740311,88,125,10.93592585,9.231114627,8.484603249,8.911989413,491,22,455,32,513,487
17,1000,10,7.7,28,84,952,34,7,7,48,8.796038062,112,111,10.83249434,8.952636564,8.273822399,9.326676559,483,21,469,27,504,496
19,1000,10,7.7,28,82,963,24,7,6,37,8.492504929,85,92,10.55616329,8.916953752,7.907926921,9.05867103,475,17,488,20,492,508
21,1000,10,7.7,28,79,951,34,10,5,49,8.671733413,98,115,10.78126923,9.195618299,8.078534546,9.314365519,501,19,450,30,520,480
23,1000,10,7.7,28,75,951,31,8,10,49,8.796602886,95,114,10.4266424,9.216575067,8.022642288,9.570563485,482,18,469,31,500,500
18,1000,10,7.7,28,85,962,25,6,7,38,8.557681402,116,114,10.71496533,9.034067993,8.181998358,8.936381979,485,17,477,21,502,498
24,1000,10,7.7,28,36,941,32,15,12,59,8.123283746,86,120,10.4871201,9.043499381,7.357170683,8.895550328,482,20,459,39,502,498
20,1000,10,7.7,28,81,952,28,10,10,48,8.561858796,94,125,10.67978964,9.418824,8.292854868,8.834110257,483,20,469,28,503,497
22,1000,10,7.7,28,81,947,30,5,18,53,8.738078473,80,121,10.93488017,9.234036904,8.542008577,8.944616167,491,22,456,31,513,487
17,1000,10,7.7,28,85,950,36,7,7,50,8.821345534,97,112,10.84643574,8.966046305,8.308785959,9.342172199,482,22,468,28,504,496
19,1000,10,7.7,28,83,962,25,7,6,38,8.526441879,89,99,10.55849899,8.929564341,7.925283874,9.108665774,474,18,488,20,492,508
21,1000,10,7.7,28,80,952,33,10,5,48,8.678391715,103,114,10.79116957,9.214081248,8.08697117,9.319097306,501,19,451,29,520,480
23,1000,10,7.7,28,76,951,32,8,9,49,8.785033127,103,109,10.42475293,9.210879081,8.019055044,9.551011211,482,18,469,31,500,500
18,1000,10,7.7,28,86,963,25,6,6,37,8.584967912,81,115,10.7362494,9.037821996,8.213844038,8.959072702,485,17,478,20,502,498
20,1000,10,7.7,28,82,953,27,11,9,47,8.571798179,95,112,10.68049001,9.430250043,8.322705532,8.823897981,483,20,470,27,503,497
22,1000,10,7.7,28,82,947,30,5,18,53,8.769023656,106,106,10.96005089,9.234237148,8.57209588,8.97646503,491,22,456,31,513,487
17,1000,10,7.7,28,86,949,37,7,7,51,8.818589792,95,117,10.86026525,8.980154598,8.33059789,9.314452532,481,23,468,28,504,496
24,1000,10,7.7,28,37,941,33,13,13,59,8.14844643,107,122,10.50682029,9.055195755,7.35299956,8.950282433,483,19,458,40,502,498
19,1000,10,7.7,28,84,960,27,7,6,40,8.561934209,88,124,10.57796755,8.93227622,7.965822754,9.139270499,472,20,488,20,492,508
21,1000,10,7.7,28,81,952,33,10,5,48,8.717979957,107,133,10.79925638,9.226419363,8.132874847,9.351843827,501,19,451,29,520,480
18,1000,10,7.7,28,87,962,27,6,5,38,8.623910476,98,118,10.73868353,9.057771493,8.268105641,8.982573181,483,19,479,19,502,498
23,1000,10,7.7,28,77,950,33,8,9,50,8.830259192,99,131,10.41546513,9.208485762,8.065634357,9.594884027,481,19,469,31,500,500
20,1000,10,7.7,28,83,953,26,10,11,47,8.634091474,85,110,10.68126263,9.446412745,8.358339502,8.913172443,483,20,470,27,503,497
22,1000,10,7.7,28,83,946,32,5,17,54,8.775078897,100,104,10.96942992,9.242781221,8.559658278,9.002000411,492,21,454,33,513,487
17,1000,10,7.7,28,87,948,38,6,8,52,8.858126171,108,109,10.86032179,8.967978719,8.367343878,9.356824307,481,23,467,29,504,496
19,1000,10,7.7,28,85,956,30,9,5,44,8.603676795,87,128,10.5895075,8.921039474,8.008037652,9.18055565,470,22,486,22,492,508
24,1000,10,7.7,28,38,941,33,13,13,59,8.164253948,95,112,10.53263436,9.061223715,7.372767561,8.962097656,483,19,458,40,502,498
21,1000,10,7.7,28,82,952,34,10,4,48,8.731507628,89,116,10.79502222,9.231061579,8.137235572,9.375302356,501,19,451,29,520,480
18,1000,10,7.7,28,88,964,26,6,4,36,8.603496218,115,115,10.73277682,9.052401943,8.271560023,8.938098567,483,19,481,17,502,498
23,1000,10,7.7,28,78,949,32,10,9,51,8.871265968,101,111,10.41760334,9.213253746,8.141037052,9.601494885,482,18,467,33,500,500
20,1000,10,7.7,28,84,952,27,10,11,48,8.661085574,100,103,10.70886514,9.460529512,8.375182297,8.950440398,482,21,470,27,503,497
22,1000,10,7.7,28,84,946,31,6,17,54,8.771723854,100,107,10.96845914,9.227930613,8.538434501,9.01746808,492,21,454,33,513,487
17,1000,10,7.7,28,88,948,37,6,9,52,8.902555863,78,116,10.86745462,8.979591791,8.429507397,9.383234142,481,23,467,29,504,496
19,1000,10,7.7,28,86,957,29,9,5,43,8.587420298,92,113,10.58680101,8.926134165,8.008671294,9.147940986,470,22,487,21,492,508
21,1000,10,7.7,28,83,950,36,10,4,50,8.76734705,105,107,10.79879575,9.241704426,8.173653812,9.410514724,501,19,449,31,520,480
24,1000,10,7.7,28,39,941,34,13,12,59,8.173300402,97,106,10.53577414,9.073599262,7.374120666,8.978899252,483,19,458,40,502,498
18,1000,10,7.7,28,89,964,25,7,4,36,8.620722957,84,123,10.75040108,9.062147485,8.296462556,8.94758786,483,19,481,17,502,498
23,1000,10,7.7,28,79,949,33,9,9,51,8.88096936,92,110,10.416581,9.221489625,8.137955441,9.623983278,482,18,467,33,500,500
20,1000,10,7.7,28,85,951,28,10,11,49,8.723710322,106,112,10.7149619,9.452846736,8.475581162,8.974835006,482,21,469,28,503,497
22,1000,10,7.7,28,85,945,32,6,17,55,8.809309116,93,117,10.98257166,9.239282272,8.550762344,9.081659207,492,21,453,34,513,487
17,1000,10,7.7,28,89,948,36,7,9,52,8.914785232,82,114,10.86787894,8.983120776,8.445450909,9.391689464,481,23,467,29,504,496
19,1000,10,7.7,28,87,957,28,10,5,43,8.611004109,96,111,10.60151704,8.928942884,8.013958028,9.189245588,470,22,487,21,492,508
21,1000,10,7.7,28,84,952,35,9,4,48,8.804400871,86,114,10.80779892,9.255242709,8.218820724,9.438779363,502,18,450,30,520,480
18,1000,10,7.7,28,90,963,26,7,4,37,8.668054727,109,107,10.77112455,9.058762184,8.351572863,8.987078613,483,19,480,18,502,498
24,1000,10,7.7,28,40,942,34,12,12,58,8.201299635,103,99,10.55051662,9.065388287,7.407797973,9.001174805,483,19,459,39,502,498
20,1000,10,7.7,28,86,949,30,10,11,51,8.745971457,96,118,10.73062325,9.472063808,8.517294151,8.977409455,481,22,468,29,503,497
23,1000,10,7.7,28,80,947,34,8,11,53,8.90869736,91,104,10.42185917,9.21332401,8.124490245,9.692904476,482,18,465,35,500,500
22,1000,10,7.7,28,86,944,34,6,16,56,8.861033875,97,122,10.96804698,9.251788214,8.596062002,9.14015209,492,21,452,35,513,487
17,1000,10,7.7,28,90,948,36,7,9,52,8.90374441,86,109,10.86481165,8.97873535,8.402848309,9.412719481,481,23,467,29,504,496
19,1000,10,7.7,28,88,958,27,10,5,42,8.611674181,112,109,10.62488732,8.947393273,8.046379066,9.159164726,469,23,489,19,492,508
21,1000,10,7.7,28,85,951,36,9,4,49,8.821278552,107,102,10.82086012,9.262590236,8.229041986,9.462868164,502,18,449,31,520,480
18,1000,10,7.7,28,91,962,27,7,4,38,8.712036593,98,93,10.77537079,9.079288288,8.386136745,9.040554109,483,19,479,19,502,498
20,1000,10,7.7,28,87,950,30,10,10,50,8.776567831,117,100,10.74315536,9.473512498,8.576914571,8.978631392,481,22,469,28,503,497
22,1000,10,7.7,28,87,944,34,7,15,56,8.839648521,87,110,10.97252808,9.243821586,8.550293622,9.144451524,492,21,452,35,513,487
23,1000,10,7.7,28,81,948,33,8,11,52,8.921874786,92,121,10.42276025,9.211817754,8.167060581,9.676688992,481,19,467,33,500,500
17,1000,10,7.7,28,91,948,35,8,9,52,8.908809756,90,111,10.87499518,8.982278426,8.438657009,9.386545613,481,23,467,29,504,496
24,1000,10,7.7,28,41,943,33,13,11,57,8.194555288,103,104,10.57868792,9.075595027,7.431699171,8.963538763,483,19,460,38,502,498
19,1000,10,7.7,28,89,958,27,10,5,42,8.627791495,106,116,10.6136737,8.955762786,8.066398868,9.171502464,469,23,489,19,492,508
21,1000,10,7.7,28,86,951,37,9,3,49,8.863235735,91,103,10.82786052,9.260643046,8.278551897,9.496643227,501,19,450,30,520,480
18,1000,10,7.7,28,92,962,27,7,4,38,8.717333448,93,123,10.76977361,9.09175143,8.383345633,9.054003897,483,19,479,19,502,498
20,1000,10,7.7,28,88,951,30,10,9,49,8.76037434,106,99,10.75585141,9.46969992,8.540634456,8.982767018,482,21,469,28,503,497
22,1000,10,7.7,28,88,945,33,7,15,55,8.837067808,100,106,10.96963524,9.247899716,8.562021916,9.126797874,492,21,453,34,513,487
17,1000,10,7.7,28,92,947,36,8,9,53,8.925024749,97,124,10.87771855,8.998074066,8.456787552,9.400814159,480,24,467,29,504,496
23,1000,10,7.7,28,82,948,32,9,11,52,8.936859475,95,98,10.42197715,9.233507241,8.204801784,9.668917167,481,19,467,33,500,500
19,1000,10,7.7,28,90,958,27,10,5,42,8.633456273,88,117,10.60703584,8.969907157,8.112402699,9.138098711,469,23,489,19,492,508
24,1000,10,7.7,28,42,942,35,12,11,58,8.195653183,97,106,10.58904059,9.051677631,7.403634195,8.994033768,483,19,459,39,502,498
21,1000,10,7.7,28,87,951,37,9,3,49,8.881605362,103,115,10.83689847,9.266687647,8.330051132,9.479122445,500,20,451,29,520,480
18,1000,10,7.7,28,93,961,29,7,3,39,8.745256023,100,130,10.79767026,9.097407591,8.412990167,9.080190681,483,19,478,20,502,498
20,1000,10,7.7,28,89,950,31,11,8,50,8.816538573,93,119,10.75196226,9.482833364,8.638616199,8.996608903,479,24,471,26,503,497
22,1000,10,7.7,28,89,945,32,8,15,55,8.837228635,88,125,11.00847087,9.264560955,8.594816521,9.092582669,492,21,453,34,513,487
17,1000,10,7.7,28,93,947,36,9,8,53,8.94075651,101,106,10.89383528,9.009151707,8.467768195,9.421373669,480,24,467,29,504,496
23,1000,10,7.7,28,83,946,34,7,13,54,8.97590879,105,102,10.43829498,9.23399624,8.232032719,9.719784861,480,20,466,34,500,500
19,1000,10,7.7,28,91,958,27,10,5,42,8.639729737,95,121,10.62114302,8.976256527,8.136770452,9.126847784,469,23,489,19,492,508
21,1000,10,7.7,28,88,952,37,8,3,48,8.902984672,88,108,10.84446936,9.258560909,8.345096851,9.507363143,500,20,452,28,520,480
24,1000,10,7.7,28,43,944,34,12,10,56,8.225071003,97,110,10.60672087,9.057242539,7.422167109,9.034423924,484,18,460,38,502,498
18,1000,10,7.7,28,94,960,30,7,3,40,8.764136248,91,108,10.80426664,9.095804933,8.468783732,9.061861073,483,19,477,21,502,498
20,1000,10,7.7,28,90,949,32,11,8,51,8.83581402,93,119,10.75188533,9.506251786,8.673759576,8.999824855,479,24,470,27,503,497
22,1000,10,7.7,28,90,942,35,8,15,58,8.894207305,99,119,11.02104479,9.271175685,8.655629785,9.145522022,489,24,453,34,513,487
17,1000,10,7.7,28,94,945,38,9,8,55,8.943423389,90,124,10.91033398,9.018397719,8.497528399,9.396510233,479,25,466,30,504,496
23,1000,10,7.7,28,84,945,35,7,13,55,8.989740888,103,115,10.45569461,9.234727548,8.219119552,9.760362225,480,20,465,35,500,500
19,1000,10,7.7,28,92,958,27,10,5,42,8.64871752,103,99,10.60637924,8.976520071,8.153296404,9.128534821,469,23,489,19,492,508
21,1000,10,7.7,28,89,952,35,9,4,48,8.961277163,112,105,10.85610959,9.262711378,8.414539124,9.553576705,500,20,452,28,520,480
18,1000,10,7.7,28,95,959,30,8,3,41,8.794745607,112,97,10.79694948,9.097209531,8.493427657,9.098483782,483,19,476,22,502,498
24,1000,10,7.7,28,44,947,33,11,9,53,8.24264035,98,102,10.6176196,9.055139067,7.456606972,9.03498725,485,17,462,36,502,498
20,1000,10,7.7,28,91,949,32,11,8,51,8.867095456,96,108,10.7645411,9.507568083,8.718120415,9.017868988,479,24,470,27,503,497
22,1000,10,7.7,28,91,940,38,7,15,60,8.93590116,95,126,11.07013771,9.26443847,8.703915316,9.180272284,488,25,452,35,513,487
17,1000,10,7.7,28,95,946,36,10,8,54,8.960791114,95,133,10.92658426,9.033489151,8.518890674,9.409818981,480,24,466,30,504,496
19,1000,10,7.7,28,93,958,28,9,5,42,8.654925247,89,109,10.60576497,8.984091003,8.153232002,9.140817131,470,22,488,20,492,508
23,1000,10,7.7,28,85,944,35,8,13,56,9.014443569,83,106,10.47699942,9.246041095,8.257240106,9.771647033,480,20,464,36,500,500
21,1000,10,7.7,28,90,950,37,9,4,50,8.969876379,105,103,10.87758422,9.265163998,8.465687322,9.516081191,499,21,451,29,520,480
18,1000,10,7.7,28,96,958,31,8,3,42,8.858956243,88,99,10.80108753,9.107574254,8.530230965,9.190321886,482,20,476,22,502,498
20,1000,10,7.7,28,92,950,30,11,9,50,8.872103525,107,115,10.78705455,9.509821333,8.742738673,9.003030126,479,24,471,26,503,497
24,1000,10,7.7,28,45,948,31,12,9,52,8.254412253,81,121,10.62392618,9.047497578,7.442023462,9.073326255,485,17,463,35,502,498
22,1000,10,7.7,28,92,941,36,8,15,59,8.920396555,106,88,11.06383225,9.266007927,8.701121441,9.151378348,488,25,453,34,513,487
17,1000,10,7.7,28,96,948,33,11,8,52,8.946854454,96,108,10.92799703,9.05657553,8.504386168,9.396459325,481,23,467,29,504,496
19,1000,10,7.7,28,94,960,28,7,5,40,8.658060373,90,135,10.59680794,8.973023045,8.127943854,9.171480309,471,21,489,19,492,508
23,1000,10,7.7,28,86,943,36,8,13,57,9.059877199,107,111,10.47526857,9.252955893,8.308310743,9.811443655,480,20,463,37,500,500
21,1000,10,7.7,28,91,950,37,9,4,50,8.99041466,93,133,10.89859391,9.274799897,8.510331612,9.510504629,499,21,451,29,520,480
18,1000,10,7.7,28,97,957,32,8,3,43,8.874992938,94,115,10.8114054,9.122833467,8.534925532,9.217791809,481,21,476,22,502,498
20,1000,10,7.7,28,93,949,31,11,9,51,8.887985596,96,100,10.79996869,9.523079604,8.765415459,9.012035454,479,24,470,27,503,497
17,1000,10,7.7,28,97,947,34,11,8,53,8.964480719,109,138,10.94051545,9.061754821,8.498213526,9.438268351,481,23,466,30,504,496
22,1000,10,7.7,28,93,939,38,8,15,61,8.926181389,98,118,11.06018305,9.276003218,8.697243698,9.167341626,487,26,452,35,513,487
24,1000,10,7.7,28,46,946,34,12,8,54,8.273277447,94,123,10.61219791,9.063923316,7.477855833,9.07508799,482,20,464,34,502,498
19,1000,10,7.7,28,95,959,29,7,5,41,8.679271973,101,103,10.59712825,8.994930188,8.145863177,9.195880493,471,21,488,20,492,508
23,1000,10,7.7,28,87,943,35,9,13,57,9.098729734,87,103,10.49087161,9.271330826,8.381702183,9.815757286,480,20,463,37,500,500
21,1000,10,7.7,28,92,950,36,10,4,50,9.026300624,85,134,10.91269845,9.282807578,8.544917476,9.547799034,499,21,451,29,520,480
18,1000,10,7.7,28,98,955,34,8,3,45,8.907618418,93,105,10.81867684,9.143118404,8.55263188,9.265456253,481,21,474,24,502,498
20,1000,10,7.7,28,94,948,32,11,9,52,8.919590649,105,114,10.8190488,9.541798778,8.810550934,9.029946738,479,24,469,28,503,497
17,1000,10,7.7,28,98,946,34,12,8,54,9.011994095,81,118,10.94606277,9.066781865,8.520709336,9.511202801,480,24,466,30,504,496
22,1000,10,7.7,28,94,937,41,8,14,63,8.946324086,99,98,11.06383297,9.267559951,8.758479211,9.144197639,485,28,452,35,513,487
19,1000,10,7.7,28,96,958,30,7,5,42,8.694058257,91,116,10.5968823,9.003699674,8.182702051,9.189308755,470,22,488,20,492,508
24,1000,10,7.7,28,47,948,34,11,7,52,8.245338049,97,114,10.61842777,9.050696336,7.467486057,9.029437848,483,19,465,33,502,498
23,1000,10,7.7,28,88,943,35,9,13,57,9.149632944,101,119,10.50128877,9.261008269,8.460372434,9.838893453,480,20,463,37,500,500
21,1000,10,7.7,28,93,949,37,10,4,51,9.064005285,91,137,10.91617234,9.283234491,8.579990473,9.588354666,498,22,451,29,520,480
18,1000,10,7.7,28,99,954,35,7,4,46,8.946190898,94,126,10.80732566,9.134770978,8.564038844,9.331412447,481,21,473,25,502,498
20,1000,10,7.7,28,95,947,33,11,9,53,8.941224813,89,122,10.8336499,9.559775434,8.816844411,9.06710679,479,24,468,29,503,497
22,1000,10,7.7,28,95,938,40,8,14,62,8.971115664,96,116,11.06725273,9.28012418,8.79103884,9.160806446,486,27,452,35,513,487
17,1000,10,7.7,28,99,946,34,12,8,54,9.04047016,85,125,10.95263542,9.077267329,8.570499144,9.518021353,480,24,466,30,504,496
19,1000,10,7.7,28,97,960,28,7,5,40,8.703572056,92,128,10.60840053,9.009477187,8.216970296,9.174847776,471,21,489,19,492,508
23,1000,10,7.7,28,89,942,36,8,14,58,9.201741191,97,126,10.51563158,9.267587532,8.503991825,9.899490557,480,20,462,38,500,500
24,1000,10,7.7,28,48,948,33,12,7,52,8.290112806,91,114,10.62006938,9.051218833,7.488395669,9.098269438,483,19,465,33,502,498
18,1000,10,7.7,28,100,954,35,7,4,46,8.980875027,102,122,10.81415403,9.143723262,8.593630778,9.371229672,481,21,473,25,502,498
21,1000,10,7.7,28,94,950,35,11,4,50,9.075514236,98,120,10.93082059,9.290318581,8.596148481,9.594827137,499,21,451,29,520,480
20,1000,10,7.7,28,96,948,33,11,8,52,8.92653581,89,102,10.84367042,9.568648276,8.819501693,9.034862088,479,24,469,28,503,497
22,1000,10,7.7,28,96,937,41,7,15,63,9.020587795,100,115,11.07130756,9.282558652,8.841832893,9.208886079,486,27,451,36,513,487
17,1000,10,7.7,28,100,949,32,11,8,51,9.010463458,93,100,10.96648893,9.073881141,8.557076619,9.471162989,481,23,468,28,504,496
19,1000,10,7.7,28,98,960,27,8,5,40,8.733766149,100,114,10.58440306,9.018782669,8.272618752,9.180389218,471,21,489,19,492,508
18,1000,10,7.7,28,101,954,35,7,4,46,8.98273868,88,123,10.81564854,9.148707343,8.575365252,9.393384184,481,21,473,25,502,498
21,1000,10,7.7,28,95,950,35,11,4,50,9.099906303,87,124,10.93244205,9.275666021,8.623847961,9.615636173,499,21,451,29,520,480
23,1000,10,7.7,28,90,940,37,8,15,60,9.256520541,93,105,10.51894896,9.27187088,8.58444502,9.928596061,479,21,461,39,500,500
20,1000,10,7.7,28,97,946,35,11,8,54,8.972800316,93,138,10.85676515,9.584783337,8.84083528,9.10635849,477,26,469,28,503,497
24,1000,10,7.7,28,49,950,31,11,8,50,8.293070551,94,106,10.61687117,9.046451345,7.477487994,9.115203971,485,17,465,33,502,498
17,1000,10,7.7,28,101,950,31,11,8,50,9.022280453,85,121,10.97573911,9.085858426,8.590099568,9.461431998,481,23,469,27,504,496
22,1000,10,7.7,28,97,939,40,7,14,61,9.04569985,96,115,11.07597079,9.281039276,8.897912883,9.201376881,486,27,453,34,513,487
19,1000,10,7.7,28,99,959,28,8,5,41,8.773179683,112,104,10.59972541,9.046057288,8.311064503,9.220740054,470,22,489,19,492,508
18,1000,10,7.7,28,102,952,37,7,4,48,8.987380216,81,109,10.82144765,9.160724599,8.579344309,9.39869352,479,23,473,25,502,498
21,1000,10,7.7,28,96,951,34,11,4,49,9.128975876,97,107,10.93069324,9.275158917,8.699273936,9.594486311,499,21,452,28,520,480
23,1000,10,7.7,28,91,940,36,9,15,60,9.245851833,100,107,10.55559996,9.276832522,8.580526123,9.911177543,479,21,461,39,500,500
20,1000,10,7.7,28,98,944,36,12,8,56,9.008997867,88,101,10.88036721,9.589922969,8.870699937,9.14896539,476,27,468,29,503,497
22,1000,10,7.7,28,98,937,42,7,14,63,9.046392658,104,108,11.1092833,9.28058527,8.850596309,9.2526422,485,28,452,35,513,487
17,1000,10,7.7,28,102,950,31,11,8,50,9.039817533,85,108,10.99034437,9.087709705,8.60340593,9.483268033,481,23,469,27,504,496
24,1000,10,7.7,28,50,950,32,10,8,50,8.282300827,97,105,10.62195797,9.036085591,7.48373426,9.087281583,485,17,465,33,502,498
19,1000,10,7.7,28,100,956,29,10,5,44,8.834548391,98,115,10.61399598,9.049800619,8.34656814,9.307159185,469,23,487,21,492,508
18,1000,10,7.7,28,103,951,38,7,4,49,9.029014067,91,129,10.81844092,9.171652353,8.615820938,9.445526017,479,23,472,26,502,498
21,1000,10,7.7,28,97,949,35,12,4,51,9.152520979,95,108,10.92202388,9.274599067,8.72853408,9.611840119,498,22,451,29,520,480
20,1000,10,7.7,28,99,944,35,12,9,56,9.05954508,82,130,10.90121838,9.591709362,8.91426104,9.206583053,476,27,468,29,503,497
23,1000,10,7.7,28,92,938,37,11,14,62,9.279786895,95,111,10.55960037,9.278145169,8.580539948,9.979033842,479,21,459,41,500,500
17,1000,10,7.7,28,103,950,31,11,8,50,9.053470786,80,122,11.00162229,9.088462472,8.634998423,9.478692704,481,23,469,27,504,496
22,1000,10,7.7,28,99,937,43,7,13,63,9.075831052,114,121,11.10808084,9.284325941,8.872093521,9.29044574,485,28,452,35,513,487
24,1000,10,7.7,28,51,950,32,10,8,50,8.310024733,94,125,10.63973416,9.04460867,7.53041929,9.095892067,485,17,465,33,502,498
19,1000,10,7.7,28,101,957,29,10,4,43,8.884542675,109,112,10.62862118,9.06592397,8.397778911,9.355975297,469,23,488,20,492,508
18,1000,10,7.7,28,104,950,39,7,4,50,9.080308414,93,115,10.81842218,9.175411088,8.677165493,9.486689431,479,23,471,27,502,498
25,1000,10,7.7,28,0,946,23,21,10,54,6.776,98,100,10.06394928,8.773769695,5.693133047,7.720973783,452,14,494,40,466,534
21,1000,10,7.7,28,98,950,34,11,5,50,9.181683536,88,124,10.91499789,9.279788078,8.767833772,9.63002078,498,22,452,28,520,480
20,1000,10,7.7,28,100,944,33,14,9,56,9.069524002,113,126,10.9203416,9.604219936,8.929372821,9.211367149,476,27,468,29,503,497
23,1000,10,7.7,28,93,939,36,11,14,61,9.257688219,96,113,10.54414446,9.270663813,8.554094112,9.961282326,479,21,460,40,500,500
17,1000,10,7.7,28,104,949,32,11,8,51,9.100798747,108,117,11.00507671,9.077520786,8.698393053,9.509694856,480,24,469,27,504,496
26,1000,10,7.7,28,0,943,32,14,11,57,7.06,89,105,10.23490426,8.903878097,6.422924901,7.712550607,480,26,463,31,506,494
22,1000,10,7.7,28,100,937,43,7,13,63,9.091745219,102,118,11.11487043,9.274742364,8.855276516,9.340838534,485,28,452,35,513,487
19,1000,10,7.7,28,102,957,29,10,4,43,8.93356901,91,119,10.6489396,9.086997168,8.477435594,9.375336019,469,23,488,20,492,508
24,1000,10,7.7,28,52,951,32,9,8,49,8.33584021,80,118,10.63249526,9.046541787,7.596193298,9.081428061,485,17,466,32,502,498
21,1000,10,7.7,28,99,949,35,11,5,51,9.209501301,97,111,10.9130261,9.294106649,8.791002636,9.662874854,498,22,451,29,520,480
20,1000,10,7.7,28,101,943,34,13,10,57,9.112166573,101,118,10.92540047,9.596082104,8.979846976,9.246083591,475,28,468,29,503,497
25,1000,10,7.7,28,1,945,24,21,10,55,6.813470181,94,117,10.06614431,8.783258457,5.735601888,7.754081838,451,15,494,40,466,534
23,1000,10,7.7,28,94,939,36,11,14,61,9.270886606,111,104,10.55697715,9.276932533,8.584157876,9.957615336,479,21,460,40,500,500
22,1000,10,7.7,28,101,937,43,7,13,63,9.107051267,102,119,11.09884082,9.262362332,8.877418622,9.348943562,485,28,452,35,513,487
26,1000,10,7.7,28,1,946,31,13,10,54,7.088091862,87,97,10.25872615,8.896062909,6.481283724,7.709640278,480,26,466,28,506,494
19,1000,10,7.7,28,103,957,29,10,4,43,8.967822308,96,127,10.65554011,9.077177082,8.557656207,9.36506979,469,23,488,20,492,508
24,1000,10,7.7,28,53,952,32,8,8,48,8.340627818,93,124,10.63743837,9.065654542,7.594672068,9.092575181,485,17,467,31,502,498
20,1000,10,7.7,28,102,942,35,13,10,58,9.0998185,97,100,10.91685069,9.605006891,8.941462216,9.260086531,475,28,467,30,503,497
21,1000,10,7.7,28,100,948,36,11,5,52,9.233084422,86,110,10.9147081,9.294695245,8.833538213,9.665926149,497,23,451,29,520,480
25,1000,10,7.7,28,2,945,24,21,10,55,6.84932368,84,105,10.0526519,8.795905117,5.806912662,7.758993221,451,15,494,40,466,534
22,1000,10,7.7,28,102,936,42,7,15,64,9.145478446,95,101,11.10804445,9.253082222,8.881652162,9.423389911,485,28,451,36,513,487
23,1000,10,7.7,28,95,937,37,12,14,63,9.296335783,91,110,10.56001023,9.274088054,8.654966819,9.937704748,477,23,460,40,500,500
26,1000,10,7.7,28,2,947,30,13,10,53,7.089809642,89,102,10.25281845,8.908221349,6.489378762,7.704825888,479,27,468,26,506,494
19,1000,10,7.7,28,104,956,30,10,4,44,8.967018358,107,115,10.67680576,9.090120516,8.572729127,9.348889031,469,23,487,21,492,508
27,1000,10,7.7,28,0,956,20,10,14,44,6.98,92,115,9.715754676,8.65111066,6.397515528,7.52417795,468,15,488,29,483,517
20,1000,10,7.7,28,103,942,35,13,10,58,9.126520131,83,97,10.92959695,9.612767526,8.961075772,9.293961806,475,28,467,30,503,497
21,1000,10,7.7,28,101,947,37,11,5,53,9.223740101,81,120,10.90083801,9.301428444,8.84167469,9.637644295,496,24,451,29,520,480
24,1000,10,7.7,28,54,951,34,8,7,49,8.364914298,88,119,10.63515856,9.073462411,7.645885009,9.089718923,484,18,467,31,502,498
22,1000,10,7.7,28,103,935,43,7,15,65,9.14461705,99,130,11.12068108,9.247592544,8.902221007,9.399954156,483,30,452,35,513,487
25,1000,10,7.7,28,3,947,23,21,9,53,6.842991866,90,108,10.05340423,8.775513146,5.81582919,7.739354801,453,13,494,40,466,534
23,1000,10,7.7,28,96,936,36,14,14,64,9.330726176,102,106,10.56096315,9.278393436,8.703763654,9.957688698,476,24,460,40,500,500
26,1000,10,7.7,28,3,947,30,13,10,53,7.120282435,89,130,10.25298608,8.9215874,6.463891839,7.792617742,479,27,468,26,506,494
27,1000,10,7.7,28,1,956,20,10,14,44,7.000805555,84,102,9.716870163,8.665603138,6.409725706,7.553013615,468,15,488,29,483,517
20,1000,10,7.7,28,104,942,34,14,10,58,9.133077387,104,109,10.93840495,9.618125989,8.958639532,9.309621131,475,28,467,30,503,497
28,1000,10,7.7,28,0,940,28,20,12,60,7.129,107,122,9.938902575,8.836218454,6.428282828,7.815841584,474,21,466,39,495,505
21,1000,10,7.7,28,102,945,37,13,5,55,9.274690429,84,104,10.9133859,9.313829066,8.881608246,9.70052946,495,25,450,30,520,480
22,1000,10,7.7,28,104,935,43,7,15,65,9.169714493,86,108,11.12971524,9.268129294,8.907700184,9.445717245,483,30,452,35,513,487
29,1000,10,7.7,28,0,947,26,15,12,53,7.033,115,103,9.827629133,8.852740427,6.371257485,7.69739479,484,17,463,36,501,499
25,1000,10,7.7,28,4,947,23,21,9,53,6.853783241,84,86,10.03915754,8.775931432,5.842586938,7.736212975,453,13,494,40,466,534
24,1000,10,7.7,28,55,950,34,9,7,50,8.39852128,101,113,10.66149829,9.073321879,7.662341888,9.14061376,484,18,466,32,502,498
23,1000,10,7.7,28,97,935,37,14,14,65,9.370019756,89,89,10.56571356,9.302308385,8.761999792,9.97803972,475,25,460,40,500,500
26,1000,10,7.7,28,4,948,29,13,10,52,7.127963905,89,107,10.25257174,8.928696372,6.448536108,7.823896022,479,27,469,25,506,494
27,1000,10,7.7,28,2,957,20,9,14,43,7.00411654,94,88,9.713425813,8.693531642,6.407216999,7.561761565,469,14,488,29,483,517
21,1000,10,7.7,28,103,942,40,12,6,58,9.285341132,110,123,10.91855149,9.322896664,8.894946827,9.708268296,494,26,448,32,520,480
28,1000,10,7.7,28,1,940,28,20,12,60,7.152635606,84,106,9.954350827,8.842992324,6.45131801,7.840065725,475,20,465,40,495,505
29,1000,10,7.7,28,1,948,25,15,12,52,7.057387304,93,109,9.836953699,8.875630976,6.413669967,7.703684672,484,17,464,35,501,499
25,1000,10,7.7,28,5,950,21,20,9,50,6.857995492,95,115,10.04850686,8.774764373,5.896431186,7.697113407,453,13,497,37,466,534
23,1000,10,7.7,28,98,936,37,14,13,64,9.369366228,90,103,10.56622697,9.295682999,8.734238778,10.00449368,476,24,460,40,500,500
24,1000,10,7.7,28,56,949,35,8,8,51,8.44602836,71,96,10.67232331,9.083927548,7.669976649,9.228313419,484,18,465,33,502,498
26,1000,10,7.7,28,5,949,28,13,10,51,7.152332067,91,101,10.25181664,8.944924248,6.44326213,7.878626375,480,26,469,25,506,494
27,1000,10,7.7,28,3,958,20,8,14,42,7.025641636,103,92,9.719869663,8.693629279,6.468444625,7.546195131,469,14,489,28,483,517
21,1000,10,7.7,28,104,943,39,12,6,57,9.294068232,105,119,10.9297271,9.319261119,8.929901197,9.688582521,495,25,448,32,520,480
28,1000,10,7.7,28,2,939,30,19,12,61,7.176176962,93,85,9.974167149,8.848790586,6.470280768,7.868095013,474,21,465,40,495,505
30,1000,10,7.7,28,0,939,37,8,16,61,7.155,109,111,10.22089648,8.956701165,6.502879079,7.864300626,497,24,442,37,521,479
29,1000,10,7.7,28,2,951,24,13,12,49,7.073253186,86,106,9.848821366,8.86640621,6.457312109,7.691662964,485,16,466,33,501,499
25,1000,10,7.7,28,6,949,23,20,8,51,6.868375691,107,88,10.05199223,8.777867516,5.945792377,7.673476486,452,14,497,37,466,534
23,1000,10,7.7,28,99,935,37,15,13,65,9.40044759,83,120,10.58139062,9.303174015,8.720137917,10.08075726,475,25,460,40,500,500
26,1000,10,7.7,28,6,949,28,13,10,51,7.17992432,96,109,10.25314734,8.956898883,6.463828928,7.913414741,481,25,468,26,506,494
27,1000,10,7.7,28,4,958,21,7,14,42,7.058222142,99,107,9.734554561,8.689393693,6.498354443,7.58127069,468,15,490,27,483,517
24,1000,10,7.7,28,57,949,35,8,8,51,8.437331312,103,124,10.67700468,9.093214324,7.675749592,9.205030155,485,17,464,34,502,498
28,1000,10,7.7,28,3,937,32,19,12,63,7.203024118,110,109,9.992977385,8.852804764,6.478957275,7.912753004,474,21,463,42,495,505
30,1000,10,7.7,28,1,940,35,9,16,60,7.179715811,87,107,10.21611215,8.961892797,6.511332872,7.906704353,498,23,442,37,521,479
29,1000,10,7.7,28,3,951,24,12,13,49,7.121351546,92,115,9.845747928,8.857265904,6.52548524,7.719606094,485,16,466,33,501,499
25,1000,10,7.7,28,7,949,23,19,9,51,6.921421716,91,94,10.04783751,8.781579001,5.988802892,7.735280091,452,14,497,37,466,534
23,1000,10,7.7,28,100,934,38,15,13,66,9.401426783,104,119,10.56437684,9.326762563,8.707902882,10.09495068,475,25,459,41,500,500
26,1000,10,7.7,28,7,949,28,13,10,51,7.209196002,95,117,10.26803056,8.94681541,6.515924833,7.919307767,481,25,468,26,506,494
27,1000,10,7.7,28,5,958,21,7,14,42,7.106643322,78,111,9.746329983,8.677236347,6.549339382,7.627296713,468,15,490,27,483,517
28,1000,10,7.7,28,4,938,32,19,11,62,7.187694984,98,107,10.01051282,8.850589335,6.499702995,7.86206337,475,20,463,42,495,505
24,1000,10,7.7,28,58,948,36,8,8,52,8.438674308,94,98,10.68573203,9.088504627,7.696111367,9.187201611,485,17,463,35,502,498
29,1000,10,7.7,28,4,952,23,13,12,48,7.110673055,99,100,9.832220825,8.849712582,6.53380877,7.68984942,485,16,467,32,501,499
30,1000,10,7.7,28,2,941,35,9,15,59,7.180889642,88,104,10.19444917,8.982802475,6.490212572,7.932127123,499,22,442,37,521,479
25,1000,10,7.7,28,8,950,23,18,9,50,6.953053072,84,113,10.06293007,8.777718605,6.03029928,7.758302636,452,14,498,36,466,534
26,1000,10,7.7,28,8,948,29,13,10,52,7.227517611,102,103,10.26819337,8.953322467,6.540236128,7.931494191,480,26,468,26,506,494
27,1000,10,7.7,28,6,958,21,7,14,42,7.120950724,93,101,9.760254432,8.668322641,6.587161782,7.619635557,467,16,491,26,483,517
23,1000,10,7.7,28,101,934,38,16,12,66,9.398598102,103,115,10.57706213,9.330432349,8.694450998,10.10274521,475,25,459,41,500,500
28,1000,10,7.7,28,5,937,33,19,11,63,7.183614815,81,103,10.00976456,8.864905509,6.49916692,7.854509286,474,21,463,42,495,505
29,1000,10,7.7,28,5,953,22,13,12,47,7.107808696,93,110,9.821842935,8.855617974,6.50277753,7.715264836,486,15,467,32,501,499
24,1000,10,7.7,28,59,948,36,8,8,52,8.451561942,80,122,10.68124721,9.104509268,7.687852423,9.221405675,485,17,463,35,502,498
25,1000,10,7.7,28,9,951,22,18,9,49,6.977379133,89,94,10.06222678,8.775075783,6.044897952,7.791117393,452,14,499,35,466,534
30,1000,10,7.7,28,3,940,35,10,15,60,7.21563049,91,100,10.18582982,8.981022264,6.522907666,7.969093102,499,22,441,38,521,479
26,1000,10,7.7,28,9,948,29,13,10,52,7.261025457,114,114,10.26082488,8.952775902,6.564683329,7.974282779,480,26,468,26,506,494
27,1000,10,7.7,28,7,961,20,6,13,39,7.130773924,99,106,9.761349504,8.670967511,6.578533918,7.646696405,468,15,493,24,483,517
23,1000,10,7.7,28,102,935,37,16,12,65,9.386694731,96,126,10.59172985,9.346447543,8.68287105,10.09051841,476,24,459,41,500,500
28,1000,10,7.7,28,6,938,33,18,11,62,7.195855579,106,109,10.01508718,8.86502007,6.494365877,7.883454396,474,21,464,41,495,505
29,1000,10,7.7,28,6,952,24,12,12,48,7.115331117,103,105,9.827393664,8.850791667,6.5232993,7.709735806,486,15,466,33,501,499
25,1000,10,7.7,28,10,952,22,18,8,48,6.95041669,106,110,10.07084522,8.774843629,5.992437374,7.78640613,453,13,499,35,466,534
24,1000,10,7.7,28,60,946,38,8,8,54,8.462189674,85,118,10.67159463,9.132688164,7.68629978,9.244311615,484,18,462,36,502,498
26,1000,10,7.7,28,10,948,28,13,11,52,7.304596317,109,122,10.27725235,8.947605737,6.604952877,8.021235144,480,26,468,26,506,494
30,1000,10,7.7,28,4,941,35,9,15,59,7.206823459,93,112,10.17052199,8.983435748,6.503022829,7.972335209,499,22,442,37,521,479
27,1000,10,7.7,28,8,960,19,8,13,40,7.161339862,94,97,9.768033867,8.668364426,6.617700151,7.669227639,467,16,493,24,483,517
28,1000,10,7.7,28,7,940,32,17,11,60,7.204622017,95,103,10.01151382,8.858571874,6.485551442,7.909453571,474,21,466,39,495,505
23,1000,10,7.7,28,103,934,37,16,13,66,9.390261614,106,112,10.60635228,9.34591803,8.652273355,10.12824987,477,23,457,43,500,500
29,1000,10,7.7,28,7,951,25,11,13,49,7.150269088,102,115,9.84330254,8.852742274,6.539573459,7.763412395,486,15,465,34,501,499
25,1000,10,7.7,28,11,953,21,18,8,47,6.965087663,90,98,10.07332622,8.787397727,6.008482023,7.799878353,453,13,500,34,466,534
26,1000,10,7.7,28,11,948,29,12,11,52,7.296017764,100,112,10.26769495,8.932680381,6.608433389,8.000304594,480,26,468,26,506,494
27,1000,10,7.7,28,9,960,19,8,13,40,7.167191825,85,106,9.809971055,8.663910918,6.594314246,7.702394669,467,16,493,24,483,517
24,1000,10,7.7,28,61,945,39,7,9,55,8.487717874,87,91,10.67307719,9.142712897,7.747714964,9.233664582,484,18,461,37,502,498
30,1000,10,7.7,28,5,941,35,9,15,59,7.216513527,87,105,10.19614135,8.997480709,6.471531396,8.026817681,500,21,441,38,521,479
28,1000,10,7.7,28,8,943,27,19,11,57,7.234580302,92,96,10.033177,8.86023901,6.490347805,7.964075522,477,18,466,39,495,505
23,1000,10,7.7,28,104,937,36,14,13,63,9.361529627,98,123,10.62378595,9.346079465,8.614602399,10.10845686,479,21,458,42,500,500
31,1000,10,7.7,28,0,941,32,13,14,59,7.153,96,104,9.798268235,8.905081138,6.451219512,7.832677165,468,24,473,35,492,508
29,1000,10,7.7,28,8,952,24,10,14,48,7.187456325,82,88,9.844766542,8.857601378,6.575865148,7.801498769,486,15,466,33,501,499
25,1000,10,7.7,28,12,953,22,17,8,47,6.975094902,95,118,10.08994669,8.787329073,6.011629145,7.815872135,453,13,500,34,466,534
26,1000,10,7.7,28,12,949,28,12,11,51,7.296247873,88,114,10.26639416,8.924789979,6.586149069,8.023596041,481,25,468,26,506,494
27,1000,10,7.7,28,10,960,19,8,13,40,7.181558782,95,97,9.79670754,8.672583333,6.652805143,7.675539454,467,16,493,24,483,517
30,1000,10,7.7,28,6,943,33,10,14,57,7.202452842,97,105,10.21234184,8.997291026,6.463742422,8.005935366,502,19,441,38,521,479
28,1000,10,7.7,28,9,942,28,20,10,58,7.285598112,98,114,10.04189045,8.871049659,6.518275856,8.037725867,477,18,465,40,495,505
24,1000,10,7.7,28,62,942,41,8,9,58,8.498979347,93,112,10.68434192,9.142527883,7.742147127,9.261890541,482,20,460,38,502,498
31,1000,10,7.7,28,1,941,32,15,12,59,7.141258795,102,123,9.820271997,8.900038511,6.49502232,7.767141365,468,24,473,35,492,508
25,1000,10,7.7,28,13,953,22,17,8,47,6.981001726,79,101,10.09923274,8.804268787,5.991652565,7.844366349,453,13,500,34,466,534
29,1000,10,7.7,28,9,953,23,10,14,47,7.198898286,98,104,9.856179648,8.847526454,6.587351376,7.812896287,487,14,466,33,501,499
26,1000,10,7.7,28,13,949,29,12,10,51,7.330994736,87,94,10.27720564,8.930855119,6.687213241,7.990414648,481,25,468,26,506,494
27,1000,10,7.7,28,11,960,20,8,12,40,7.196640694,87,108,9.799139043,8.674566229,6.667025906,7.691425881,467,16,493,24,483,517
30,1000,10,7.7,28,7,943,33,10,14,57,7.214948596,76,110,10.21607097,8.997744085,6.44641906,8.050864857,502,19,441,38,521,479
28,1000,10,7.7,28,10,944,28,18,10,56,7.313592546,103,81,10.04707976,8.874281748,6.536177687,8.075613051,478,17,466,39,495,505
24,1000,10,7.7,28,63,941,40,10,9,59,8.51342414,93,100,10.71473016,9.14912209,7.759584933,9.273318281,482,20,459,39,502,498
25,1000,10,7.7,28,14,955,21,16,8,45,6.990916678,100,99,10.09143139,8.808013624,5.994155076,7.860749837,453,13,502,32,466,534
29,1000,10,7.7,28,10,952,24,11,13,48,7.211998495,92,103,9.844859528,8.838204781,6.616163072,7.810222035,487,14,465,34,501,499
31,1000,10,7.7,28,2,943,31,15,11,57,7.120586627,95,105,9.819754079,8.915233445,6.525085839,7.697331484,468,24,475,33,492,508
26,1000,10,7.7,28,14,949,29,11,11,51,7.348657102,80,104,10.30780383,8.945481165,6.714680221,7.99803423,481,25,468,26,506,494
27,1000,10,7.7,28,12,961,19,8,12,39,7.214136901,88,86,9.80176288,8.683680785,6.697361402,7.696927163,468,15,493,24,483,517
30,1000,10,7.7,28,8,944,32,10,14,56,7.253705913,93,89,10.22690019,9.026095751,6.495628271,8.078253829,502,19,442,37,521,479
28,1000,10,7.7,28,11,945,28,17,10,55,7.332245699,92,101,10.05677734,8.895153295,6.569707892,8.079683747,479,16,466,39,495,505
25,1000,10,7.7,28,15,956,20,16,8,44,7.033726657,84,125,10.12711258,8.819775641,6.019708518,7.918618891,454,12,502,32,466,534
29,1000,10,7.7,28,11,953,23,11,13,47,7.251691349,81,107,9.858516892,8.838425772,6.67270877,7.832994499,488,13,465,34,501,499
24,1000,10,7.7,28,64,941,40,10,9,59,8.542435251,83,107,10.71325164,9.151592013,7.795543324,9.295326309,482,20,459,39,502,498
31,1000,10,7.7,28,3,945,28,16,11,55,7.122955114,87,95,9.8306553,8.925500367,6.513095356,7.71360669,468,24,477,31,492,508
26,1000,10,7.7,28,15,949,29,11,11,51,7.379366465,98,113,10.3295663,8.941140521,6.779758014,7.993540303,481,25,468,26,506,494
27,1000,10,7.7,28,13,964,18,7,11,36,7.166961152,89,109,9.793679813,8.691967242,6.622170333,7.675924334,470,13,494,23,483,517
30,1000,10,7.7,28,9,943,32,10,15,57,7.321042117,94,121,10.2436223,9.043329089,6.574902894,8.132604821,501,20,442,37,521,479
28,1000,10,7.7,28,12,944,29,17,10,56,7.350463448,98,96,10.07007299,8.891493958,6.582727257,8.102996942,479,16,465,40,495,505
25,1000,10,7.7,28,16,955,20,17,8,45,7.057951613,94,114,10.14034448,8.828627306,6.051363402,7.936360052,454,12,501,33,466,534
29,1000,10,7.7,28,12,952,24,11,13,48,7.272240562,87,101,9.873100018,8.841174506,6.700445466,7.846327422,488,13,464,35,501,499
26,1000,10,7.7,28,16,950,28,11,11,50,7.38631384,97,117,10.35568265,8.940997603,6.774538697,8.012949918,481,25,469,25,506,494
24,1000,10,7.7,28,65,941,39,11,9,59,8.584367002,85,111,10.71286764,9.133928051,7.85220473,9.322410096,482,20,459,39,502,498
27,1000,10,7.7,28,14,965,16,8,11,35,7.199329527,96,98,9.80397624,8.708944326,6.673031089,7.691016461,470,13,495,22,483,517
31,1000,10,7.7,28,4,944,27,18,11,56,7.145612343,73,89,9.821078562,8.906763418,6.533496301,7.73844914,468,24,476,32,492,508
30,1000,10,7.7,28,10,943,32,11,14,57,7.354793374,95,118,10.25590481,9.051306844,6.628245178,8.145047259,501,20,442,37,521,479
28,1000,10,7.7,28,13,944,29,17,10,56,7.335627504,103,109,10.07344662,8.895832517,6.539391421,8.116096535,479,16,465,40,495,505
25,1000,10,7.7,28,17,955,20,17,8,45,7.089170171,93,111,10.13865538,8.833249991,6.117847125,7.936804141,454,12,501,33,466,534
29,1000,10,7.7,28,13,952,23,11,14,48,7.294207251,105,99,9.881071256,8.857105856,6.701322212,7.889468584,489,12,463,36,501,499
26,1000,10,7.7,28,17,951,27,11,11,49,7.415488424,99,125,10.36686906,8.958106332,6.76407772,8.082722871,482,24,469,25,506,494
27,1000,10,7.7,28,15,966,15,8,11,34,7.232473302,99,117,9.817437598,8.716866114,6.730628896,7.701314402,470,13,496,21,483,517
31,1000,10,7.7,28,5,942,31,18,9,58,7.143951012,92,107,9.829589547,8.917610943,6.557310459,7.712114697,467,25,475,33,492,508
24,1000,10,7.7,28,66,941,39,11,9,59,8.579814288,106,98,10.73525134,9.138462265,7.855661442,9.309783622,482,20,459,39,502,498
30,1000,10,7.7,28,11,942,33,11,14,58,7.405360121,98,105,10.23736582,9.065741325,6.66778463,8.207608204,501,20,441,38,521,479
28,1000,10,7.7,28,14,945,27,18,10,55,7.343174603,98,97,10.07513938,8.912231875,6.557379985,8.113408931,479,16,466,39,495,505
25,1000,10,7.7,28,18,955,20,17,8,45,7.109006999,88,114,10.13632845,8.845588445,6.182717047,7.917342425,454,12,501,33,466,534
29,1000,10,7.7,28,14,952,24,11,13,48,7.310814206,90,105,9.869807731,8.866023841,6.71669424,7.907315415,489,12,463,36,501,499
26,1000,10,7.7,28,18,953,25,11,11,47,7.423799016,85,111,10.37180705,8.960016346,6.77090776,8.092549977,483,23,470,24,506,494
27,1000,10,7.7,28,16,965,17,8,10,35,7.249326671,92,84,9.816165334,8.724488919,6.741179139,7.724056376,470,13,495,22,483,517
30,1000,10,7.7,28,12,943,32,10,15,57,7.420450591,97,91,10.22893787,9.063872524,6.667981565,8.238898112,502,19,441,38,521,479
28,1000,10,7.7,28,15,946,27,18,9,54,7.374522279,111,106,10.08283057,8.897096866,6.597186003,8.136465757,479,16,467,38,495,505
31,1000,10,7.7,28,6,944,31,17,8,56,7.167768302,87,106,9.831606469,8.945154319,6.614498313,7.703612466,467,25,477,31,492,508
24,1000,10,7.7,28,67,942,39,11,8,58,8.609325479,98,121,10.74453072,9.13530257,7.892237407,9.332173294,482,20,460,38,502,498
25,1000,10,7.7,28,19,956,20,15,9,44,7.125851935,93,111,10.14983714,8.847394532,6.155065307,7.973017794,455,11,501,33,466,534
29,1000,10,7.7,28,15,953,23,11,13,47,7.314907615,97,84,9.879438346,8.867557886,6.730034171,7.902125241,489,12,464,35,501,499
26,1000,10,7.7,28,19,951,29,11,9,49,7.464725014,96,97,10.3689427,8.965233779,6.832210798,8.112603948,483,23,468,26,506,494
27,1000,10,7.7,28,17,967,15,8,10,33,7.263116437,108,106,9.820830716,8.720886405,6.736762772,7.754854968,470,13,497,20,483,517
30,1000,10,7.7,28,13,943,32,10,15,57,7.441915232,101,140,10.24210743,9.071079561,6.692229505,8.257335407,502,19,441,38,521,479
28,1000,10,7.7,28,16,949,25,16,10,51,7.364660268,91,109,10.08707073,8.910615195,6.596199867,8.117903632,479,16,470,35,495,505
31,1000,10,7.7,28,7,945,30,17,8,55,7.201155593,97,107,9.822173159,8.951338885,6.658300854,7.726912545,467,25,478,30,492,508
25,1000,10,7.7,28,20,956,20,15,9,44,7.139412514,90,99,10.17109288,8.850194882,6.160810903,7.993398188,455,11,501,33,466,534
24,1000,10,7.7,28,68,942,39,11,8,58,8.625695566,101,112,10.74407688,9.136358978,7.921677742,9.335368152,481,21,461,37,502,498
29,1000,10,7.7,28,16,953,23,11,13,47,7.331746974,119,111,9.888946076,8.876158699,6.767734741,7.898019777,489,12,464,35,501,499
26,1000,10,7.7,28,20,950,30,11,9,50,7.480598822,107,106,10.37022,8.9699489,6.862400114,8.113814503,482,24,468,26,506,494
27,1000,10,7.7,28,18,967,15,8,10,33,7.319729237,96,124,9.842524982,8.733182725,6.823476218,7.783346661,470,13,497,20,483,517
30,1000,10,7.7,28,14,944,31,10,15,56,7.461248627,97,98,10.23476837,9.068420587,6.727009011,8.259868334,502,19,442,37,521,479
28,1000,10,7.7,28,17,951,24,15,10,49,7.394474956,110,102,10.08871918,8.898472639,6.634500139,8.139400767,479,16,472,33,495,505
31,1000,10,7.7,28,8,947,28,16,9,53,7.234698409,84,92,9.830936238,8.975100907,6.698955201,7.753567815,469,23,478,30,492,508
25,1000,10,7.7,28,21,957,19,14,10,43,7.125194897,94,105,10.15844748,8.856861274,6.137317067,7.98727555,455,11,502,32,466,534
29,1000,10,7.7,28,17,953,23,12,12,47,7.348313459,93,119,9.886927045,8.893843382,6.807646947,7.89114697,488,13,465,34,501,499
24,1000,10,7.7,28,69,943,39,10,8,57,8.611660796,100,105,10.74869931,9.123558792,7.921598267,9.307265996,481,21,462,36,502,498
26,1000,10,7.7,28,21,949,31,12,8,51,7.503674718,90,111,10.3713489,8.976083353,6.886856986,8.135475877,481,25,468,26,506,494
27,1000,10,7.7,28,19,968,16,6,10,32,7.311076392,95,80,9.866683766,8.738114897,6.795091487,7.793128053,470,13,498,19,483,517
30,1000,10,7.7,28,15,944,32,11,13,56,7.481045106,84,95,10.23573021,9.070358979,6.73591305,8.291512333,502,19,442,37,521,479
28,1000,10,7.7,28,18,951,24,15,10,49,7.424510907,92,104,10.08297341,8.883167398,6.633503642,8.199854663,478,17,473,32,495,505
31,1000,10,7.7,28,9,949,25,17,9,51,7.247473843,80,97,9.847935834,8.981588342,6.72406162,7.754400641,470,22,479,29,492,508
25,1000,10,7.7,28,22,958,19,13,10,42,7.115219383,88,105,10.15600836,8.862391264,6.157074434,7.951353365,455,11,503,31,466,534
29,1000,10,7.7,28,18,951,25,12,12,49,7.32904315,87,115,9.90188718,8.905460232,6.800728412,7.859475382,487,14,464,35,501,499
26,1000,10,7.7,28,22,950,31,12,7,50,7.523738025,103,114,10.36745591,8.970687624,6.920941325,8.14117756,481,25,469,25,506,494
27,1000,10,7.7,28,20,967,19,6,8,33,7.295226905,106,104,9.884824314,8.745373099,6.77262902,7.78345665,470,13,497,20,483,517
24,1000,10,7.7,28,70,942,40,10,8,58,8.682223139,97,104,10.72331449,9.125569021,7.968456309,9.401723035,481,21,461,37,502,498
30,1000,10,7.7,28,16,944,33,10,13,56,7.474846898,87,91,10.23648338,9.071519769,6.696310038,8.32164795,502,19,442,37,521,479
28,1000,10,7.7,28,19,951,24,14,11,49,7.467279921,91,103,10.07745038,8.916244232,6.656406877,8.262096074,478,17,473,32,495,505
25,1000,10,7.7,28,23,958,20,12,10,42,7.144545104,99,100,10.16831461,8.859891513,6.196492468,7.971871937,455,11,503,31,466,534
31,1000,10,7.7,28,10,950,25,16,9,50,7.271930622,104,99,9.866005365,8.999529433,6.726569553,7.800114965,472,20,478,30,492,508
29,1000,10,7.7,28,19,951,24,13,12,49,7.360500001,83,109,9.911159873,8.917149075,6.807080335,7.916137782,487,14,464,35,501,499
26,1000,10,7.7,28,23,950,31,12,7,50,7.546505687,86,98,10.36649163,8.985418701,6.923576372,8.184566887,481,25,469,25,506,494
27,1000,10,7.7,28,21,967,19,6,8,33,7.345750477,99,100,9.899370788,8.772043955,6.843351225,7.815109933,470,13,497,20,483,517
30,1000,10,7.7,28,17,946,32,9,13,54,7.462974825,93,102,10.25102464,9.074971545,6.71590939,8.275544954,502,19,444,35,521,479
28,1000,10,7.7,28,20,951,24,14,11,49,7.493902813,85,118,10.07838373,8.924322791,6.67017549,8.301318705,478,17,473,32,495,505
24,1000,10,7.7,28,71,942,41,10,7,58,8.747489701,90,90,10.7433311,9.150274501,8.059724177,9.440779447,480,22,462,36,502,498
25,1000,10,7.7,28,24,958,21,11,10,42,7.171329065,97,93,10.17452721,8.859194803,6.202501477,8.016785349,456,10,502,32,466,534
31,1000,10,7.7,28,11,949,26,16,9,51,7.303237164,101,94,9.878571192,9.005200796,6.754914193,7.83429012,471,21,478,30,492,508
29,1000,10,7.7,28,20,949,27,11,13,51,7.387839272,104,113,9.898636599,8.935269601,6.837029964,7.940856233,485,16,464,35,501,499
26,1000,10,7.7,28,24,951,31,11,7,49,7.580592545,91,85,10.37640179,8.998575315,6.968617098,8.207433792,481,25,470,24,506,494
27,1000,10,7.7,28,22,967,19,6,8,33,7.355313681,87,112,9.923671473,8.777678225,6.820929541,7.854554571,470,13,497,20,483,517
30,1000,10,7.7,28,18,946,33,9,12,54,7.494489764,91,109,10.26279378,9.083282509,6.744856062,8.309853352,502,19,444,35,521,479
28,1000,10,7.7,28,21,951,24,14,11,49,7.541556747,98,104,10.07191159,8.940001303,6.743421907,8.323886937,478,17,473,32,495,505
24,1000,10,7.7,28,72,942,41,10,7,58,8.734963127,116,110,10.76297662,9.146253286,8.065547504,9.409755582,480,22,462,36,502,498
25,1000,10,7.7,28,25,958,21,11,10,42,7.165511821,100,92,10.1690683,8.856247529,6.204572604,8.004084247,456,10,502,32,466,534
31,1000,10,7.7,28,12,949,25,17,9,51,7.31818729,91,93,9.884336478,8.997064532,6.78962921,7.83009787,471,21,478,30,492,508
29,1000,10,7.7,28,21,950,27,10,13,50,7.38075795,102,108,9.915584352,8.944784115,6.840254777,7.923427468,486,15,464,35,501,499
26,1000,10,7.7,28,25,953,29,12,6,47,7.546678231,99,115,10.3782844,9.024389879,6.952419034,8.155372875,481,25,472,22,506,494
27,1000,10,7.7,28,23,967,19,6,8,33,7.378577198,69,118,9.914468613,8.797657646,6.831138606,7.890014027,470,13,497,20,483,517
30,1000,10,7.7,28,19,947,33,9,11,53,7.511747593,105,99,10.25653423,9.071412465,6.765183625,8.323772284,503,18,444,35,521,479
28,1000,10,7.7,28,22,951,23,15,11,49,7.577006476,106,89,10.06991014,8.937036454,6.739154509,8.398267316,479,16,472,33,495,505
25,1000,10,7.7,28,26,959,19,13,9,41,7.170837068,97,97,10.18122672,8.849399959,6.205188035,8.013519557,457,9,502,32,466,534
24,1000,10,7.7,28,73,940,42,11,7,60,8.712076553,91,109,10.77614334,9.142076536,8.023278392,9.406407228,479,23,461,37,502,498
29,1000,10,7.7,28,22,950,27,10,13,50,7.441217901,92,99,9.938549049,8.926944185,6.887879519,7.996774072,486,15,464,35,501,499
31,1000,10,7.7,28,13,950,25,16,9,50,7.376973904,107,111,9.887063585,9.023629729,6.828885524,7.907799657,472,20,478,30,492,508
26,1000,10,7.7,28,26,955,28,11,6,45,7.561151675,83,108,10.37027699,9.021658088,6.948996453,8.188177065,482,24,473,21,506,494
27,1000,10,7.7,28,24,966,19,7,8,34,7.389063127,87,87,9.917796697,8.812514314,6.824562239,7.916440165,470,13,496,21,483,517
30,1000,10,7.7,28,20,947,33,9,11,53,7.539927769,101,94,10.26013587,9.074134009,6.7925464,8.352841533,503,18,444,35,521,479
28,1000,10,7.7,28,23,949,25,15,11,51,7.607118171,90,102,10.07319331,8.937082169,6.780182607,8.417678773,477,18,472,33,495,505
25,1000,10,7.7,28,27,959,19,13,9,41,7.166042801,89,118,10.20189418,8.854511198,6.18802531,8.019518739,457,9,502,32,466,534
29,1000,10,7.7,28,23,951,26,10,13,49,7.456079683,98,119,9.940087817,8.92893195,6.922948204,7.991347961,486,15,465,34,501,499
27,1000,10,7.7,28,25,966,20,7,7,34,7.406357944,92,110,9.909331615,8.809326946,6.858710808,7.917989601,470,13,496,21,483,517
31,1000,10,7.7,28,14,950,23,18,9,50,7.398654596,94,95,9.883586602,9.023355199,6.83938926,7.940305276,471,21,479,29,492,508
26,1000,10,7.7,28,27,955,28,11,6,45,7.62282269,94,95,10.38919452,9.038020185,6.996905506,8.263944341,483,23,472,22,506,494
24,1000,10,7.7,28,74,939,43,11,7,61,8.712511193,104,93,10.79317249,9.129904623,8.000481573,9.430259926,478,24,461,37,502,498
30,1000,10,7.7,28,21,947,32,10,11,53,7.550659692,95,105,10.25990205,9.086010946,6.786158261,8.382194652,503,18,444,35,521,479
28,1000,10,7.7,28,24,949,26,14,11,51,7.627378882,83,117,10.08077105,8.926883253,6.788654043,8.449495308,477,18,472,33,495,505
25,1000,10,7.7,28,28,960,19,12,9,40,7.138465786,102,102,10.21070663,8.860382958,6.149694632,8.001326007,458,8,502,32,466,534
29,1000,10,7.7,28,24,951,27,9,13,49,7.475725035,103,102,9.945831162,8.926383193,6.938530236,8.01507292,485,16,466,33,501,499
27,1000,10,7.7,28,26,965,21,7,7,35,7.436312279,97,111,9.93189029,8.807759071,6.925989768,7.91307393,469,14,496,21,483,517
26,1000,10,7.7,28,28,955,28,11,6,45,7.658491944,98,101,10.3973115,9.024387493,6.997090557,8.335959762,483,23,472,22,506,494
30,1000,10,7.7,28,22,948,31,10,11,52,7.56739563,97,118,10.27998215,9.094955376,6.810326565,8.390846535,504,17,444,35,521,479
31,1000,10,7.7,28,15,949,24,19,8,51,7.359492302,108,106,9.882586667,9.027496135,6.826031845,7.876150856,471,21,478,30,492,508
24,1000,10,7.7,28,75,939,42,12,7,61,8.738297498,73,115,10.8048849,9.131611023,8.047591803,9.434551029,478,24,461,37,502,498
28,1000,10,7.7,28,25,949,26,14,11,51,7.679691167,99,107,10.096525,8.94116898,6.859785202,8.483361371,477,18,472,33,495,505
25,1000,10,7.7,28,29,960,19,12,9,40,7.1774928,96,108,10.22063842,8.861461899,6.203408398,8.027536492,458,8,502,32,466,534
29,1000,10,7.7,28,25,951,28,8,13,49,7.479370615,108,117,9.926717645,8.936403261,6.972422428,7.988350659,484,17,467,32,501,499
27,1000,10,7.7,28,27,965,21,7,7,35,7.463132484,88,94,9.956936798,8.823537469,6.975940398,7.918284859,468,15,497,20,483,517
26,1000,10,7.7,28,29,954,28,12,6,46,7.680683669,90,94,10.41270911,9.026424493,7.012731499,8.364861399,483,23,471,23,506,494
30,1000,10,7.7,28,23,947,32,9,12,53,7.604869515,99,103,10.30531534,9.102871523,6.864271636,8.410404994,503,18,444,35,521,479
31,1000,10,7.7,28,16,949,25,18,8,51,7.350181169,102,108,9.871201087,9.037011143,6.818021313,7.865580084,472,20,477,31,492,508
28,1000,10,7.7,28,26,951,27,12,10,49,7.707096938,87,101,10.10138122,8.911233916,6.881904748,8.515948687,478,17,473,32,495,505
24,1000,10,7.7,28,76,938,43,11,8,62,8.75777712,110,115,10.78974656,9.125487556,8.088125881,9.432807085,478,24,460,38,502,498
25,1000,10,7.7,28,30,959,21,11,9,41,7.240740407,105,104,10.23073401,8.854695758,6.257458472,8.098810409,457,9,502,32,466,534
29,1000,10,7.7,28,26,951,28,6,15,49,7.522850532,86,110,9.932514574,8.943735586,7.015492161,8.032242404,484,17,467,32,501,499
27,1000,10,7.7,28,28,964,22,7,7,36,7.464998056,107,93,9.968606247,8.807668246,6.972484061,7.92512235,467,16,497,20,483,517
26,1000,10,7.7,28,30,955,27,12,6,45,7.696209552,76,86,10.40717725,9.044339349,7.039707073,8.368659459,483,23,472,22,506,494
30,1000,10,7.7,28,24,950,31,7,12,50,7.601312782,105,94,10.30017045,9.106215267,6.878996034,8.386964193,503,18,447,32,521,479
28,1000,10,7.7,28,27,953,25,10,12,47,7.72926809,78,102,10.11039566,8.907179447,6.891106943,8.550831987,478,17,475,30,495,505
31,1000,10,7.7,28,17,952,23,16,9,48,7.349501529,99,99,9.868506163,9.038799448,6.772926071,7.907917129,475,17,477,31,492,508
25,1000,10,7.7,28,31,959,21,11,9,41,7.278823048,81,99,10.2233893,8.861098653,6.312790322,8.12184037,457,9,502,32,466,534
24,1000,10,7.7,28,77,938,43,11,8,62,8.771722132,115,133,10.77866341,9.130954426,8.110741501,9.438011845,478,24,460,38,502,498
29,1000,10,7.7,28,27,951,27,7,15,49,7.52834479,111,106,9.935777215,8.959763702,6.989965267,8.068882146,484,17,467,32,501,499
27,1000,10,7.7,28,29,963,23,7,7,37,7.5121795,95,100,9.978329969,8.805813711,7.022454789,7.969697944,467,16,496,21,483,517
26,1000,10,7.7,28,31,956,26,12,6,44,7.734203787,93,114,10.4150677,9.047676427,7.098652639,8.385193425,484,22,472,22,506,494
30,1000,10,7.7,28,25,947,34,7,12,53,7.641536592,96,100,10.29431715,9.103579747,6.913896847,8.432977734,502,19,445,34,521,479
28,1000,10,7.7,28,28,952,26,10,12,48,7.787322556,84,108,10.12421041,8.917772083,6.930953501,8.626733808,478,17,474,31,495,505
31,1000,10,7.7,28,18,950,25,16,9,50,7.389872536,103,93,9.880836439,9.047718918,6.812858848,7.948712565,475,17,475,33,492,508
25,1000,10,7.7,28,32,958,22,11,9,42,7.297044767,103,109,10.22751881,8.854446874,6.306963836,8.161047976,457,9,501,33,466,534
29,1000,10,7.7,28,28,950,28,7,15,50,7.574055102,91,111,9.939199427,8.98323814,7.003251222,8.147146772,484,17,466,33,501,499
24,1000,10,7.7,28,78,937,44,9,10,63,8.843526498,106,125,10.7834035,9.121694863,8.240030659,9.451869692,477,25,460,38,502,498
27,1000,10,7.7,28,30,962,24,7,7,38,7.604918803,97,118,9.993344477,8.814979579,7.135210749,8.043736965,467,16,495,22,483,517
26,1000,10,7.7,28,32,956,26,12,6,44,7.75821932,94,115,10.40934941,9.053439718,7.130482504,8.401204805,485,21,471,23,506,494
30,1000,10,7.7,28,26,950,32,7,11,50,7.5990298,110,119,10.29443282,9.105147284,6.87511055,8.386424223,503,18,447,32,521,479
28,1000,10,7.7,28,29,952,26,10,12,48,7.85990609,87,119,10.11922591,8.924138106,7.036529846,8.666977854,478,17,474,31,495,505
25,1000,10,7.7,28,33,958,23,11,8,42,7.304656782,95,92,10.21849547,8.867525209,6.304689201,8.177287667,456,10,502,32,466,534
31,1000,10,7.7,28,19,950,26,14,10,50,7.395215986,110,105,9.892813086,9.031549816,6.819923333,7.952389186,475,17,475,33,492,508
29,1000,10,7.7,28,29,949,29,7,15,51,7.611509547,81,117,9.934709373,8.986188712,7.041630295,8.183672886,484,17,465,34,501,499
27,1000,10,7.7,28,31,961,25,7,7,39,7.670071095,90,104,10.00237038,8.806583733,7.186358123,8.121973155,467,16,494,23,483,517
26,1000,10,7.7,28,33,956,25,12,7,44,7.792035687,114,100,10.41098509,9.053664225,7.143480833,8.456344909,485,21,471,23,506,494
30,1000,10,7.7,28,27,953,28,8,11,47,7.614276077,105,100,10.30710804,9.135944804,6.887936939,8.404302571,504,17,449,30,521,479
24,1000,10,7.7,28,79,937,44,9,10,63,8.830994205,89,119,10.78362773,9.129739212,8.235025557,9.431749749,477,25,460,38,502,498
28,1000,10,7.7,28,30,952,26,10,12,48,7.905718722,93,113,10.13919996,8.925767394,7.04783652,8.746613158,478,17,474,31,495,505
25,1000,10,7.7,28,34,959,22,11,8,41,7.310448706,93,101,10.21272888,8.879127858,6.325001527,8.17040823,456,10,503,31,466,534
31,1000,10,7.7,28,20,950,28,13,9,50,7.402540759,99,102,9.892983341,9.031514636,6.802159478,7.984012393,476,16,474,34,492,508
29,1000,10,7.7,28,30,949,27,9,15,51,7.682493541,87,99,9.939470305,8.985647224,7.148436145,8.218691447,484,17,465,34,501,499
27,1000,10,7.7,28,32,961,25,7,7,39,7.694252172,99,108,10.01132941,8.779842733,7.210253937,8.146420736,467,16,494,23,483,517
26,1000,10,7.7,28,34,956,26,11,7,44,7.820925426,101,122,10.4143636,9.054182928,7.169042606,8.488643455,484,22,472,22,506,494
30,1000,10,7.7,28,28,953,28,8,11,47,7.649484823,103,110,10.31399843,9.1384818,6.938551379,8.422754812,504,17,449,30,521,479
28,1000,10,7.7,28,31,952,26,10,12,48,7.906465099,97,95,10.13981657,8.921952191,7.07094631,8.725438962,478,17,474,31,495,505
24,1000,10,7.7,28,80,939,43,8,10,61,8.839228529,92,115,10.76797453,9.134515076,8.282227247,9.400703717,477,25,462,36,502,498
25,1000,10,7.7,28,35,958,23,11,8,42,7.335514762,92,101,10.22778689,8.870338091,6.386507958,8.163674257,455,11,503,31,466,534
31,1000,10,7.7,28,21,952,26,13,9,48,7.429659406,86,100,9.895277943,9.037294217,6.810435695,8.029380007,477,15,475,33,492,508
29,1000,10,7.7,28,31,949,27,9,15,51,7.696462461,102,97,9.929421504,8.988657009,7.179487431,8.215509535,484,17,465,34,501,499
27,1000,10,7.7,28,33,961,24,8,7,39,7.740593896,92,99,10.0218743,8.794124214,7.267917575,8.18218512,467,16,494,23,483,517
26,1000,10,7.7,28,35,957,26,10,7,43,7.840953869,93,93,10.42544875,9.060302986,7.214237069,8.482894558,485,21,472,22,506,494
30,1000,10,7.7,28,29,953,29,8,10,47,7.656945158,94,109,10.31938007,9.133501935,6.931321286,8.44619367,504,17,449,30,521,479
28,1000,10,7.7,28,32,952,26,11,11,48,7.904053378,93,117,10.14395927,8.915909861,7.082616981,8.709223708,478,17,474,31,495,505
25,1000,10,7.7,28,36,958,23,12,7,42,7.357922186,91,105,10.23126689,8.863312179,6.449766225,8.150432819,455,11,503,31,466,534
24,1000,10,7.7,28,81,939,43,8,10,61,8.844538617,106,114,10.76438881,9.138364661,8.282206153,9.411387808,477,25,462,36,502,498
31,1000,10,7.7,28,22,950,28,13,9,50,7.470129102,84,112,9.887398576,9.04615499,6.857491982,8.063470564,476,16,474,34,492,508
29,1000,10,7.7,28,32,948,28,8,16,52,7.733039104,93,118,9.943918208,9.01034716,7.214986155,8.253168418,484,17,464,35,501,499
27,1000,10,7.7,28,34,962,23,8,7,38,7.751020589,110,105,10.03686842,8.796322437,7.315518353,8.157882446,467,16,495,22,483,517
26,1000,10,7.7,28,36,956,26,11,7,44,7.894355931,103,106,10.44287763,9.061165389,7.246479129,8.557970632,485,21,471,23,506,494
30,1000,10,7.7,28,30,956,26,8,10,44,7.619394541,96,99,10.30806727,9.143145356,6.882007168,8.421438009,506,15,450,29,521,479
28,1000,10,7.7,28,33,951,27,11,11,49,7.927207823,90,100,10.1512248,8.945463814,7.116254633,8.722102533,477,18,474,31,495,505
25,1000,10,7.7,28,37,959,22,12,7,41,7.374450108,88,90,10.21925131,8.87806909,6.473712078,8.160487416,455,11,504,30,466,534
24,1000,10,7.7,28,82,940,40,10,10,60,8.863754862,92,93,10.77262763,9.129674812,8.270137568,9.462140166,478,24,462,36,502,498
31,1000,10,7.7,28,23,951,28,12,9,49,7.495598282,109,108,9.882171538,9.042293209,6.858946789,8.11219776,476,16,475,33,492,508
29,1000,10,7.7,28,33,949,28,8,15,51,7.770559791,104,106,9.961674646,9.005345265,7.251940838,8.291257377,484,17,465,34,501,499
27,1000,10,7.7,28,35,962,23,8,7,38,7.764579743,89,104,10.03153823,8.783523041,7.327697023,8.172731297,467,16,495,22,483,517
26,1000,10,7.7,28,37,958,25,10,7,42,7.884606564,91,114,10.4428557,9.058306049,7.204829798,8.580896126,487,19,471,23,506,494
30,1000,10,7.7,28,31,957,25,8,10,43,7.613389878,91,120,10.30240811,9.157826933,6.881515079,8.409437414,507,14,450,29,521,479
28,1000,10,7.7,28,34,950,28,11,11,50,7.943135471,76,96,10.18000837,8.949301868,7.142654714,8.727765125,477,18,473,32,495,505
25,1000,10,7.7,28,38,957,24,12,7,43,7.388048791,92,98,10.23079331,8.884826561,6.500187441,8.162849144,455,11,502,32,466,534
29,1000,10,7.7,28,34,949,28,8,15,51,7.773243055,102,116,9.977680285,9.01600453,7.261969405,8.286565897,484,17,465,34,501,499
27,1000,10,7.7,28,36,962,23,8,7,38,7.829056719,81,101,10.05966571,8.788776913,7.390256157,8.23899999,467,16,495,22,483,517
31,1000,10,7.7,28,24,952,28,11,9,48,7.50941363,102,111,9.882999766,9.026016757,6.859948567,8.1384231,477,15,475,33,492,508
26,1000,10,7.7,28,38,959,24,11,6,41,7.921126655,93,112,10.45439687,9.053957425,7.20792143,8.651656703,488,18,471,23,506,494
30,1000,10,7.7,28,32,958,25,7,10,42,7.622379993,92,107,10.29569843,9.170459454,6.924041821,8.381950322,507,14,451,28,521,479
24,1000,10,7.7,28,83,939,41,10,10,61,8.90911925,80,121,10.76854102,9.130338576,8.310814523,9.512229637,477,25,462,36,502,498
28,1000,10,7.7,28,35,950,28,11,11,50,7.953447378,82,115,10.19017154,8.955693667,7.179882222,8.711694412,477,18,473,32,495,505
25,1000,10,7.7,28,39,957,25,12,6,43,7.44101124,94,116,10.23188528,8.891587706,6.586355098,8.186834765,455,11,502,32,466,534
29,1000,10,7.7,28,35,949,28,8,15,51,7.790874628,90,112,9.989231081,9.004787614,7.282454035,8.301332979,485,16,464,35,501,499
27,1000,10,7.7,28,37,963,22,8,7,37,7.826822247,98,109,10.06692106,8.775760884,7.394772974,8.230458222,468,15,495,22,483,517
26,1000,10,7.7,28,39,960,23,11,6,40,7.945625649,86,84,10.4527788,9.085358498,7.250806099,8.657323407,489,17,471,23,506,494
30,1000,10,7.7,28,33,958,25,7,10,42,7.63215877,87,98,10.29278397,9.190582717,6.957366795,8.366118309,507,14,451,28,521,479
31,1000,10,7.7,28,25,954,25,12,9,46,7.515839535,98,108,9.885440636,9.043931617,6.868794546,8.142505154,478,14,476,32,492,508
28,1000,10,7.7,28,36,950,27,12,11,50,7.975728649,93,114,10.19157713,8.959448854,7.220030492,8.716462488,477,18,473,32,495,505
24,1000,10,7.7,28,84,939,42,10,9,61,8.895127832,112,113,10.76413725,9.14810174,8.29408531,9.500998005,477,25,462,36,502,498
25,1000,10,7.7,28,40,957,25,12,6,43,7.479727788,90,100,10.24128626,8.887475555,6.660790366,8.194381043,455,11,502,32,466,534
27,1000,10,7.7,28,38,965,21,7,7,35,7.845816847,105,120,10.07689021,8.782002991,7.390758401,8.270948819,468,15,497,20,483,517
29,1000,10,7.7,28,36,948,28,9,15,52,7.888978484,92,106,10.00522669,9.031904987,7.400106107,8.379810269,484,17,464,35,501,499
26,1000,10,7.7,28,40,958,25,11,6,42,7.976456363,94,93,10.46061402,9.08595121,7.269204676,8.700888252,487,19,471,23,506,494
30,1000,10,7.7,28,34,958,25,7,10,42,7.674145255,100,111,10.29645501,9.189072243,7.002672779,8.404494232,506,15,452,27,521,479
31,1000,10,7.7,28,26,954,25,11,10,46,7.532601128,89,106,9.89679079,9.051371514,6.850174456,8.193534046,478,14,476,32,492,508
28,1000,10,7.7,28,37,952,26,12,10,48,8.019583995,101,120,10.18744818,8.974983758,7.280191556,8.744334999,478,17,474,31,495,505
25,1000,10,7.7,28,41,956,26,12,6,44,7.482623362,96,104,10.26048363,8.884381135,6.648277484,8.210722948,455,11,501,33,466,534
24,1000,10,7.7,28,85,937,44,10,9,63,8.947111173,104,125,10.79946394,9.142057999,8.368222463,9.530649591,477,25,460,38,502,498
27,1000,10,7.7,28,39,963,22,8,7,37,7.879699068,98,116,10.09610259,8.786166776,7.451505744,8.279732676,466,17,497,20,483,517
29,1000,10,7.7,28,37,948,28,9,15,52,7.906301194,99,111,9.999993794,9.035648655,7.420107812,8.394443246,484,17,464,35,501,499
30,1000,10,7.7,28,35,959,25,6,10,41,7.686832197,91,113,10.31116716,9.206042165,6.989169305,8.445668036,508,13,451,28,521,479
26,1000,10,7.7,28,41,958,26,10,6,42,7.985734843,78,126,10.44556852,9.094669842,7.256894079,8.73228024,487,19,471,23,506,494
28,1000,10,7.7,28,38,951,27,12,10,49,8.063274401,84,115,10.20007532,8.988467205,7.326836934,8.785128949,478,17,473,32,495,505
31,1000,10,7.7,28,27,954,24,12,10,46,7.543566663,108,95,9.906493357,9.064921388,6.859554407,8.206035227,478,14,476,32,492,508
25,1000,10,7.7,28,42,956,25,13,6,44,7.49337444,111,111,10.25365923,8.912635288,6.656772695,8.223442628,455,11,501,33,466,534
24,1000,10,7.7,28,86,939,41,11,9,61,8.9426643,97,116,10.80600633,9.150088008,8.349171797,9.540923811,479,23,460,38,502,498
27,1000,10,7.7,28,40,963,22,8,7,37,7.888363183,84,109,10.11482057,8.77422647,7.482335801,8.267688571,465,18,498,19,483,517
29,1000,10,7.7,28,38,948,28,10,14,52,7.930271574,89,104,9.991330208,9.026314362,7.435439314,8.427087131,483,18,465,34,501,499
30,1000,10,7.7,28,36,958,26,6,10,42,7.713246675,97,114,10.32698713,9.207231475,7.038135165,8.447553766,507,14,451,28,521,479
26,1000,10,7.7,28,42,959,26,10,5,41,7.99710267,101,107,10.44381166,9.101928486,7.321918261,8.688688319,487,19,472,22,506,494
28,1000,10,7.7,28,39,952,25,13,10,48,8.095495894,92,118,10.20707996,8.976564075,7.380069275,8.796755649,478,17,474,31,495,505
25,1000,10,7.7,28,43,957,25,12,6,43,7.492108291,96,112,10.24641746,8.919346749,6.664840885,8.214030784,455,11,502,32,466,534
31,1000,10,7.7,28,28,955,24,11,10,45,7.540569925,97,85,9.906298662,9.055806034,6.865605276,8.194275846,478,14,477,31,492,508
27,1000,10,7.7,28,41,964,21,7,8,36,7.910653238,86,108,10.10780105,8.772884156,7.468649808,8.323588744,466,17,498,19,483,517
30,1000,10,7.7,28,37,959,26,6,9,41,7.741928758,96,134,10.33785978,9.205621197,7.08328837,8.458320497,507,14,452,27,521,479
29,1000,10,7.7,28,39,948,28,10,14,52,7.979280536,109,108,10.00261408,9.019029455,7.469333598,8.491271349,483,18,465,34,501,499
24,1000,10,7.7,28,87,939,41,11,9,61,8.960689957,106,113,10.8079873,9.178755826,8.401262976,9.524610326,479,23,460,38,502,498
26,1000,10,7.7,28,43,957,28,10,5,43,8.023747639,98,106,10.43609286,9.088424014,7.329000851,8.735370867,486,20,471,23,506,494
28,1000,10,7.7,28,40,952,27,12,9,48,8.107893996,102,111,10.20867365,8.985021929,7.395751841,8.805934327,479,16,473,32,495,505
25,1000,10,7.7,28,44,958,24,12,6,42,7.473254254,101,92,10.2661351,8.920349038,6.678149003,8.167110147,455,11,503,31,466,534
31,1000,10,7.7,28,29,955,25,11,9,45,7.527996974,113,102,9.909951732,9.055983367,6.865722551,8.169412361,477,15,478,30,492,508
27,1000,10,7.7,28,42,964,22,7,7,36,7.923246146,112,118,10.09786258,8.772868246,7.482921268,8.334613489,467,16,497,20,483,517
30,1000,10,7.7,28,38,960,25,6,9,40,7.734502812,91,98,10.3370679,9.192040568,7.03518628,8.495137285,508,13,452,27,521,479
29,1000,10,7.7,28,40,948,27,11,14,52,8.011685201,105,108,10.01450646,9.002394836,7.528679996,8.496626298,483,18,465,34,501,499
26,1000,10,7.7,28,44,957,28,10,5,43,8.064510474,94,93,10.43580479,9.095695983,7.38025654,8.765385961,486,20,471,23,506,494
28,1000,10,7.7,28,41,953,25,13,9,47,8.154020761,84,113,10.2215447,9.000148703,7.425014968,8.868590796,479,16,474,31,495,505
24,1000,10,7.7,28,88,939,41,11,9,61,9.001358664,97,102,10.81380311,9.189752237,8.475632356,9.531307672,479,23,460,38,502,498
25,1000,10,7.7,28,45,957,24,13,6,43,7.518040418,92,107,10.26237422,8.926444308,6.733220614,8.202920622,455,11,502,32,466,534
31,1000,10,7.7,28,30,957,24,10,9,43,7.571268487,83,87,9.92426547,9.056983217,6.941296202,8.181399126,477,15,480,28,492,508
27,1000,10,7.7,28,43,964,23,7,6,36,7.934816926,101,100,10.13093452,8.771077128,7.533840354,8.309423665,467,16,497,20,483,517
30,1000,10,7.7,28,39,960,24,7,9,40,7.770721994,103,129,10.32019972,9.172915726,7.06817163,8.534873851,508,13,452,27,521,479
29,1000,10,7.7,28,41,948,27,11,14,52,8.019142529,91,108,10.01780035,8.988230639,7.551856318,8.488301631,483,18,465,34,501,499
26,1000,10,7.7,28,45,958,27,10,5,42,8.103742439,106,120,10.42025758,9.108684232,7.398935707,8.825669983,487,19,471,23,506,494
28,1000,10,7.7,28,42,954,24,13,9,46,8.144223652,97,107,10.222755,8.997498544,7.414650786,8.859349529,480,15,474,31,495,505
25,1000,10,7.7,28,46,956,25,13,6,44,7.557357158,84,111,10.2772039,8.923148362,6.763409992,8.250202437,454,12,502,32,466,534
24,1000,10,7.7,28,89,939,40,12,9,61,9.01164956,95,117,10.81229083,9.188713816,8.502421972,9.524967329,478,24,461,37,502,498
31,1000,10,7.7,28,31,957,25,9,9,43,7.575116445,94,96,9.925493345,9.073430843,6.952276321,8.178339558,477,15,480,28,492,508
27,1000,10,7.7,28,44,962,25,7,6,38,7.970451939,96,99,10.12879109,8.772102972,7.578703705,8.336437232,467,16,495,22,483,517
30,1000,10,7.7,28,40,960,24,7,9,40,7.775078289,94,91,10.33940753,9.162782789,7.082236868,8.528669897,508,13,452,27,521,479
26,1000,10,7.7,28,46,958,27,10,5,42,8.119800761,85,124,10.43274324,9.117350933,7.429204149,8.827173,487,19,471,23,506,494
29,1000,10,7.7,28,42,947,27,13,13,53,8.04888166,97,126,10.02848482,8.992513591,7.61443784,8.485066736,483,18,464,35,501,499
28,1000,10,7.7,28,43,955,24,11,10,45,8.144084245,86,103,10.22617797,8.997507341,7.411558879,8.862104158,480,15,475,30,495,505
25,1000,10,7.7,28,47,957,25,12,6,43,7.568236589,87,102,10.29595601,8.928935179,6.761276919,8.272437349,455,11,502,32,466,534
24,1000,10,7.7,28,90,938,39,14,9,62,9.0536126,82,131,10.81602036,9.198227427,8.541496898,9.569841681,478,24,460,38,502,498
31,1000,10,7.7,28,32,958,26,7,9,42,7.593759928,94,101,9.935489387,9.07637184,6.987230156,8.1811864,476,16,482,26,492,508
27,1000,10,7.7,28,45,962,25,7,6,38,7.983466412,99,100,10.15287046,8.785636906,7.577722177,8.362527273,467,16,495,22,483,517
30,1000,10,7.7,28,41,960,24,7,9,40,7.806559214,92,113,10.35737485,9.183738919,7.111472642,8.562592834,508,13,452,27,521,479
26,1000,10,7.7,28,47,959,27,9,5,41,8.134408083,95,99,10.43994842,9.132031617,7.451543053,8.833860928,487,19,472,22,506,494
29,1000,10,7.7,28,43,948,26,13,13,52,8.037727285,87,115,10.03883805,9.009093975,7.626290999,8.450812613,483,18,465,34,501,499
28,1000,10,7.7,28,44,956,22,11,11,44,8.148466556,92,99,10.22254812,9.010550807,7.429503416,8.853192803,480,15,476,29,495,505
25,1000,10,7.7,28,48,957,25,12,6,43,7.611956341,98,109,10.3045571,8.925384904,6.798119124,8.322158857,455,11,502,32,466,534
31,1000,10,7.7,28,33,958,26,7,9,42,7.612506351,93,113,9.94627435,9.082258966,7.020059876,8.186293094,476,16,482,26,492,508
24,1000,10,7.7,28,91,938,38,14,10,62,9.045168184,97,109,10.81783093,9.204898164,8.537202497,9.557213917,477,25,461,37,502,498
27,1000,10,7.7,28,46,963,25,7,5,37,7.987855119,98,102,10.1515873,8.790659579,7.599938037,8.350261213,467,16,496,21,483,517
30,1000,10,7.7,28,42,960,25,7,8,40,7.776159235,105,122,10.37588257,9.191113964,7.076154622,8.537542124,508,13,452,27,521,479
26,1000,10,7.7,28,48,959,27,9,5,41,8.154212698,98,88,10.42709452,9.141311844,7.476272583,8.848620994,487,19,472,22,506,494
29,1000,10,7.7,28,44,949,25,12,14,51,8.092754703,88,110,10.03990039,9.016441696,7.688136546,8.498994576,482,19,467,32,501,499
28,1000,10,7.7,28,45,955,23,11,11,45,8.185086421,106,116,10.22021761,9.008897663,7.460990238,8.894844066,480,15,475,30,495,505
25,1000,10,7.7,28,49,957,26,11,6,43,7.641224981,91,108,10.30989905,8.917950975,6.830547136,8.348670441,455,11,502,32,466,534
27,1000,10,7.7,28,47,964,24,7,5,36,8.013705624,87,124,10.15137877,8.788033241,7.6337063,8.368714664,467,16,497,20,483,517
31,1000,10,7.7,28,34,957,26,8,9,43,7.643377098,87,108,9.936741046,9.074315784,7.045255524,8.222660197,476,16,481,27,492,508
30,1000,10,7.7,28,43,962,24,6,8,38,7.770084318,97,117,10.38447173,9.19214473,7.074253228,8.526927739,508,13,454,25,521,479
26,1000,10,7.7,28,49,959,27,9,5,41,8.146110931,96,113,10.4511252,9.142799462,7.47495582,8.833569404,487,19,472,22,506,494
29,1000,10,7.7,28,45,947,27,12,14,53,8.113480734,102,113,10.06351351,9.038031195,7.734802377,8.49367684,480,21,467,32,501,499
24,1000,10,7.7,28,92,937,39,14,10,63,9.054575128,88,107,10.80728167,9.215088594,8.538136799,9.575161557,477,25,460,38,502,498
28,1000,10,7.7,28,46,955,24,11,10,45,8.221827109,99,110,10.21290819,9.002019322,7.454549542,8.973911061,481,14,474,31,495,505
25,1000,10,7.7,28,50,957,26,12,5,43,7.668171084,95,109,10.32053363,8.910042879,6.915545312,8.32495687,455,11,502,32,466,534
27,1000,10,7.7,28,48,964,24,7,5,36,8.000529188,90,98,10.15486307,8.787607023,7.636000508,8.341084995,466,17,498,19,483,517
30,1000,10,7.7,28,44,963,23,5,9,37,7.799532181,100,120,10.38021512,9.203435842,7.120445893,8.53816257,508,13,455,24,521,479
26,1000,10,7.7,28,50,959,27,9,5,41,8.189615535,72,105,10.46831675,9.153834917,7.514212697,8.881424918,487,19,472,22,506,494
31,1000,10,7.7,28,35,958,25,8,9,42,7.62660909,88,103,9.93962596,9.093904456,6.999845437,8.233632156,477,15,481,27,492,508
29,1000,10,7.7,28,46,947,27,12,14,53,8.148863886,103,102,10.05373693,9.051857406,7.770785729,8.528457386,480,21,467,32,501,499
28,1000,10,7.7,28,47,955,24,11,10,45,8.242939711,93,92,10.22049947,9.021783173,7.480389189,8.990390224,481,14,474,31,495,505
25,1000,10,7.7,28,51,958,26,10,6,42,7.692176176,84,97,10.3166815,8.929810454,6.904698732,8.379375592,456,10,502,32,466,534
24,1000,10,7.7,28,93,936,40,15,9,64,9.054679535,107,123,10.81684319,9.21968529,8.571746,9.541492054,477,25,459,39,502,498
27,1000,10,7.7,28,49,964,25,6,5,36,8.01074181,105,95,10.17417731,8.790011908,7.623988056,8.372061081,466,17,498,19,483,517
30,1000,10,7.7,28,45,963,23,5,9,37,7.813728396,97,92,10.38488068,9.189833744,7.135062482,8.551901551,508,13,455,24,521,479
26,1000,10,7.7,28,51,958,28,9,5,42,8.218589526,98,98,10.48901372,9.17681184,7.545584178,8.907943182,486,20,472,22,506,494
31,1000,10,7.7,28,36,959,24,9,8,41,7.624235777,106,107,9.963357021,9.102410101,7.050317988,8.180077415,478,14,481,27,492,508
29,1000,10,7.7,28,47,948,26,11,15,52,8.166423681,88,95,10.06276774,9.057814356,7.773347933,8.561074884,480,21,468,31,501,499
28,1000,10,7.7,28,48,954,24,13,9,46,8.280303872,91,108,10.2338491,9.01870825,7.53835973,9.007556051,480,15,474,31,495,505
25,1000,10,7.7,28,52,958,26,9,7,42,7.701733897,103,122,10.32827676,8.944086877,6.892039618,8.408321039,456,10,502,32,466,534
24,1000,10,7.7,28,94,938,38,15,9,62,9.078465514,85,108,10.81019015,9.203012975,8.614031844,9.546629574,478,24,460,38,502,498
27,1000,10,7.7,28,50,964,25,6,5,36,8.038453599,71,114,10.17126798,8.778419007,7.66052072,8.391532092,466,17,498,19,483,517
30,1000,10,7.7,28,46,962,24,5,9,38,7.846445137,94,93,10.39584328,9.178881656,7.183082912,8.567972734,508,13,454,25,521,479
26,1000,10,7.7,28,52,959,28,8,5,41,8.230722772,95,114,10.50302104,9.199223791,7.549184382,8.928816751,487,19,472,22,506,494
29,1000,10,7.7,28,48,949,26,10,15,51,8.178142855,94,100,10.06706782,9.068047791,7.751328243,8.606668146,480,21,469,30,501,499
28,1000,10,7.7,28,49,953,25,13,9,47,8.327233412,95,107,10.24379333,9.013832822,7.550409547,9.088674627,480,15,473,32,495,505
31,1000,10,7.7,28,37,959,24,9,8,41,7.67710831,89,112,9.976795027,9.108547792,7.100045655,8.235995764,478,14,481,27,492,508
25,1000,10,7.7,28,53,959,26,9,6,41,7.688596409,102,111,10.35169792,8.936387801,6.907189029,8.37049873,456,10,503,31,466,534
24,1000,10,7.7,28,95,938,37,16,9,62,9.069922871,86,112,10.80609719,9.18993263,8.565997403,9.577895933,479,23,459,39,502,498
27,1000,10,7.7,28,51,964,25,6,5,36,8.088108118,88,102,10.1850425,8.788161235,7.717325426,8.434506648,466,17,498,19,483,517
30,1000,10,7.7,28,47,963,23,5,9,37,7.845730212,90,107,10.39529239,9.177428831,7.260668724,8.482091453,507,14,456,23,521,479
26,1000,10,7.7,28,53,958,29,8,5,42,8.238892197,113,107,10.52647724,9.20386006,7.558841064,8.935462792,487,19,471,23,506,494
29,1000,10,7.7,28,49,949,26,10,15,51,8.222546517,97,108,10.07187603,9.064739161,7.815294284,8.631431024,479,22,470,29,501,499
28,1000,10,7.7,28,50,954,24,13,9,46,8.340314284,99,115,10.26050667,9.02416498,7.597030556,9.068879522,480,15,474,31,495,505
25,1000,10,7.7,28,54,959,26,9,6,41,7.693597863,89,104,10.3454487,8.954275436,6.920118897,8.36858138,456,10,503,31,466,534
31,1000,10,7.7,28,38,960,23,9,8,40,7.669921234,122,126,9.986625707,9.105935548,7.082095942,8.239232342,478,14,482,26,492,508
30,1000,10,7.7,28,48,963,24,4,9,37,7.8830066,111,104,10.40773664,9.196684809,7.290690019,8.527259081,507,14,456,23,521,479
27,1000,10,7.7,28,52,962,28,6,4,38,8.083964039,94,96,10.18628553,8.787049429,7.725529863,8.418826141,465,18,497,20,483,517
26,1000,10,7.7,28,54,955,32,8,5,45,8.310186858,108,104,10.52529712,9.20561194,7.576536178,9.061659011,487,19,468,26,506,494
24,1000,10,7.7,28,96,938,37,16,9,62,9.079622033,96,107,10.80704178,9.186787935,8.59255803,9.570598197,479,23,459,39,502,498
29,1000,10,7.7,28,50,949,26,11,14,51,8.237814309,103,95,10.08166381,9.070212678,7.851768441,8.625407456,478,23,471,28,501,499
28,1000,10,7.7,28,51,953,25,13,9,47,8.374543283,93,116,10.27057772,9.039034367,7.635894681,9.09856518,480,15,473,32,495,505
25,1000,10,7.7,28,55,961,24,9,6,39,7.700349626,93,104,10.35182966,8.970152426,6.938661966,8.365043352,457,9,504,30,466,534
31,1000,10,7.7,28,39,959,24,9,8,41,7.693340185,100,103,10.00128372,9.117061803,7.103686636,8.264421969,477,15,482,26,492,508
27,1000,10,7.7,28,53,962,28,6,4,38,8.11598109,83,114,10.19118342,8.800270088,7.806509395,8.405100682,465,18,497,20,483,517
30,1000,10,7.7,28,49,963,24,4,9,37,7.905620444,109,101,10.43784361,9.200340265,7.338733951,8.522213059,507,14,456,23,521,479
26,1000,10,7.7,28,55,954,33,8,5,46,8.351872175,101,110,10.53555783,9.213764215,7.65299843,9.067722611,487,19,467,27,506,494
28,1000,10,7.7,28,52,953,25,12,10,47,8.40564818,96,100,10.27345267,9.065123599,7.627271694,9.16861127,480,15,473,32,495,505
29,1000,10,7.7,28,51,947,29,11,13,53,8.268503964,100,106,10.07414111,9.068316554,7.88604267,8.652498169,476,25,471,28,501,499
24,1000,10,7.7,28,97,938,37,16,9,62,9.069226536,102,96,10.80492237,9.192557006,8.576745724,9.565663018,479,23,459,39,502,498
25,1000,10,7.7,28,56,960,26,9,5,40,7.685798625,82,110,10.35193929,8.985781665,6.953716229,8.324657046,456,10,504,30,466,534
31,1000,10,7.7,28,40,959,24,10,7,41,7.700049821,97,112,10.00731116,9.139520483,7.11665566,8.265069362,477,15,482,26,492,508
27,1000,10,7.7,28,54,960,29,8,3,40,8.15265964,97,123,10.19674516,8.812319316,7.869422661,8.417269817,465,18,495,22,483,517
30,1000,10,7.7,28,50,963,24,4,9,37,7.9208166,92,128,10.46287303,9.202510657,7.346634542,8.545344474,507,14,456,23,521,479
26,1000,10,7.7,28,56,954,33,9,4,46,8.353599266,115,119,10.55456593,9.214526427,7.688763583,9.034584804,487,19,467,27,506,494
28,1000,10,7.7,28,53,955,25,10,10,45,8.396429884,96,110,10.28911471,9.075484792,7.573050355,9.203504867,482,13,473,32,495,505
29,1000,10,7.7,28,52,946,30,11,13,54,8.307218975,118,113,10.10145259,9.070200305,7.910730032,8.705297051,475,26,471,28,501,499
25,1000,10,7.7,28,57,960,26,9,5,40,7.698937878,93,140,10.36218977,8.987550892,6.939327469,8.361818871,457,9,503,31,466,534
24,1000,10,7.7,28,98,937,35,19,9,63,9.100862374,98,122,10.81847622,9.176193588,8.622663236,9.582902469,478,24,459,39,502,498
31,1000,10,7.7,28,41,958,25,10,7,42,7.737163177,103,100,10.01283389,9.138774811,7.133744287,8.321576747,477,15,481,27,492,508
27,1000,10,7.7,28,55,960,29,8,3,40,8.173096475,81,113,10.20410556,8.801966159,7.909881216,8.41900164,465,18,495,22,483,517
30,1000,10,7.7,28,51,962,26,4,8,38,7.940435951,95,125,10.47188682,9.207910942,7.406398221,8.521299537,507,14,455,24,521,479
26,1000,10,7.7,28,57,953,33,10,4,47,8.385009173,100,99,10.57609538,9.212474725,7.751874015,9.033524132,486,20,467,27,506,494
28,1000,10,7.7,28,54,953,27,10,10,47,8.441290985,86,103,10.2824638,9.064124463,7.62665175,9.23979875,482,13,471,34,495,505
29,1000,10,7.7,28,53,945,31,11,13,55,8.331609429,97,99,10.10694376,9.069376491,7.957843153,8.706873767,475,26,470,29,501,499
25,1000,10,7.7,28,58,961,25,9,5,39,7.720392311,99,102,10.36631519,8.995655487,6.924286685,8.415121191,457,9,504,30,466,534
31,1000,10,7.7,28,42,960,23,10,7,40,7.769610682,92,87,10.02032262,9.155607741,7.180706971,8.339966245,477,15,483,25,492,508
24,1000,10,7.7,28,99,936,36,19,9,64,9.12337903,98,109,10.83397354,9.179865607,8.631138593,9.619573205,478,24,458,40,502,498
27,1000,10,7.7,28,56,962,27,8,3,38,8.183630485,85,107,10.2123116,8.785724279,7.896055524,8.45229336,466,17,496,21,483,517
30,1000,10,7.7,28,52,961,26,5,8,39,7.986839047,92,111,10.47593782,9.220635546,7.451462917,8.569158388,507,14,454,25,521,479
26,1000,10,7.7,28,58,952,32,10,6,48,8.4169131,90,115,10.56604991,9.216893454,7.781997672,9.067251575,486,20,466,28,506,494
28,1000,10,7.7,28,55,952,28,10,10,48,8.47816788,95,112,10.29063619,9.066201864,7.69368002,9.247121326,481,14,471,34,495,505
29,1000,10,7.7,28,54,944,30,13,13,56,8.393388137,98,114,10.11646632,9.076295569,8.000897794,8.787451589,475,26,469,30,501,499
25,1000,10,7.7,28,59,960,26,9,5,40,7.759603723,109,108,10.38640573,9.008175705,6.977167433,8.442403931,457,9,503,31,466,534
31,1000,10,7.7,28,43,960,23,10,7,40,7.786167244,113,94,10.01908954,9.150124009,7.189502367,8.364039526,477,15,483,25,492,508
27,1000,10,7.7,28,57,961,28,7,4,39,8.226058567,81,101,10.22210185,8.798347281,7.907023675,8.524112441,465,18,496,21,483,517
30,1000,10,7.7,28,53,961,26,5,8,39,8.006996125,105,102,10.49158804,9.215531995,7.456998492,8.605219021,507,14,454,25,521,479
26,1000,10,7.7,28,59,952,32,10,6,48,8.456292819,94,105,10.57508518,9.235494248,7.82570411,9.102199473,486,20,466,28,506,494
24,1000,10,7.7,28,100,936,36,19,9,64,9.167781753,106,108,10.83516162,9.181058796,8.642085296,9.697700671,478,24,458,40,502,498
28,1000,10,7.7,28,56,954,27,8,11,46,8.49055808,108,131,10.29952992,9.071620114,7.691738923,9.273559035,482,13,472,33,495,505
25,1000,10,7.7,28,60,959,27,7,7,41,7.795862745,84,98,10.39815087,9.014411811,7.002341941,8.488335956,456,10,503,31,466,534
29,1000,10,7.7,28,55,946,30,11,13,54,8.368379883,98,117,10.1200013,9.080839614,8.026616938,8.711512619,475,26,471,28,501,499
27,1000,10,7.7,28,58,960,29,7,4,40,8.275249188,88,100,10.23754437,8.812355953,7.96995966,8.560461647,464,19,496,21,483,517
31,1000,10,7.7,28,44,960,22,11,7,40,7.804846356,106,103,10.05764061,9.180476671,7.202037118,8.388669475,477,15,483,25,492,508
30,1000,10,7.7,28,54,962,25,5,8,38,8.014661702,80,108,10.50519551,9.227887888,7.459785582,8.618190843,507,14,455,24,521,479
26,1000,10,7.7,28,60,953,31,10,6,47,8.440742059,105,110,10.58647032,9.240199244,7.806408606,9.090484422,486,20,467,27,506,494
28,1000,10,7.7,28,57,954,27,8,11,46,8.493388288,102,124,10.30004689,9.085043777,7.733638064,9.238093953,482,13,472,33,495,505
24,1000,10,7.7,28,101,937,37,17,9,63,9.163621556,104,118,10.83749466,9.195816514,8.662952536,9.668312015,478,24,459,39,502,498
25,1000,10,7.7,28,61,962,25,6,7,38,7.808493089,104,106,10.38961968,9.0263621,7.045975556,8.473911012,457,9,505,29,466,534
29,1000,10,7.7,28,56,945,30,12,13,55,8.388934866,92,116,10.12123361,9.074695813,8.069804438,8.709344374,475,26,470,29,501,499
27,1000,10,7.7,28,59,960,29,7,4,40,8.28872016,77,116,10.26800088,8.832307972,7.937727866,8.616629789,464,19,496,21,483,517
30,1000,10,7.7,28,55,965,24,4,7,35,7.998100095,106,121,10.52863454,9.224757844,7.456967456,8.586680689,508,13,457,22,521,479
26,1000,10,7.7,28,61,955,30,9,6,45,8.443079869,89,111,10.59137688,9.215334687,7.801281273,9.100468715,487,19,468,26,506,494
31,1000,10,7.7,28,45,963,21,9,7,37,7.794482921,115,122,10.04602483,9.182256911,7.217725784,8.35307448,477,15,486,22,492,508
28,1000,10,7.7,28,58,952,27,10,11,48,8.563322449,97,119,10.31030192,9.105520168,7.820629644,9.291308465,481,14,471,34,495,505
25,1000,10,7.7,28,62,962,25,6,7,38,7.844406853,107,122,10.40767075,9.03437053,7.100555715,8.493535374,457,9,505,29,466,534
29,1000,10,7.7,28,57,945,30,12,13,55,8.413113434,98,111,10.11238346,9.086117457,8.110049498,8.717392055,475,26,470,29,501,499
24,1000,10,7.7,28,102,937,37,17,9,63,9.229880289,98,126,10.84590571,9.201418812,8.74361249,9.720053854,478,24,459,39,502,498
27,1000,10,7.7,28,60,959,30,7,4,41,8.33535985,100,115,10.27617481,8.829469615,8.027558229,8.622919197,463,20,496,21,483,517
30,1000,10,7.7,28,56,965,24,5,6,35,7.996764323,101,135,10.52935374,9.222236218,7.439619668,8.602760909,508,13,457,22,521,479
26,1000,10,7.7,28,62,954,30,10,6,46,8.481782267,93,117,10.62822096,9.207460541,7.871222059,9.107173897,487,19,467,27,506,494
31,1000,10,7.7,28,46,963,21,9,7,37,7.851010684,104,106,10.06145612,9.189401835,7.273001333,8.410815017,477,15,486,22,492,508
28,1000,10,7.7,28,59,953,27,9,11,47,8.562910328,103,84,10.31776951,9.11727579,7.856718127,9.255118525,481,14,472,33,495,505
25,1000,10,7.7,28,63,963,24,6,7,37,7.843013625,70,116,10.40874238,9.02490513,7.104352395,8.487613126,457,9,506,28,466,534
29,1000,10,7.7,28,58,945,30,12,13,55,8.429373817,112,98,10.13206177,9.08262286,8.113789902,8.746222597,475,26,470,29,501,499
24,1000,10,7.7,28,103,937,37,17,9,63,9.252910437,93,100,10.84931447,9.214955577,8.780612811,9.729001619,478,24,459,39,502,498
27,1000,10,7.7,28,61,960,29,7,4,40,8.344679953,97,114,10.27170758,8.829602897,8.073727223,8.597813742,463,20,497,20,483,517
30,1000,10,7.7,28,57,966,24,5,5,34,8.003192989,103,99,10.55328429,9.243995639,7.431711323,8.624783694,508,13,458,21,521,479
26,1000,10,7.7,28,63,954,30,10,6,46,8.545118694,88,114,10.61928892,9.203920716,7.915191453,9.19034781,487,19,467,27,506,494
28,1000,10,7.7,28,60,954,26,8,12,46,8.591586326,92,116,10.3023337,9.12113564,7.901160723,9.268340134,481,14,473,32,495,505
25,1000,10,7.7,28,64,964,24,5,7,36,7.830710786,88,102,10.41723236,9.030298389,7.118750901,8.452009112,457,9,507,27,466,534
31,1000,10,7.7,28,47,966,17,10,7,34,7.813893852,78,107,10.06484072,9.179065344,7.238224099,8.371432275,479,13,487,21,492,508
29,1000,10,7.7,28,59,945,30,12,13,55,8.450294807,82,112,10.12440369,9.092961854,8.145671794,8.756138755,475,26,470,29,501,499
30,1000,10,7.7,28,58,966,24,5,5,34,8.006660209,100,118,10.55669366,9.261930855,7.435854054,8.627516172,508,13,458,21,521,479
27,1000,10,7.7,28,62,962,29,6,3,38,8.338769466,96,101,10.25195396,8.842645607,8.065033089,8.594503837,466,17,496,21,483,517
26,1000,10,7.7,28,64,955,29,10,6,45,8.566021902,95,100,10.62432274,9.203633324,7.946914415,9.200168436,487,19,468,26,506,494
24,1000,10,7.7,28,104,935,39,16,10,65,9.271294018,91,113,10.84032358,9.241764492,8.823005126,9.723183625,476,26,459,39,502,498
32,1000,10,7.7,28,0,932,32,10,26,68,7.768,98,107,9.940451116,8.993973236,6.981024668,8.644820296,501,26,431,42,527,473
25,1000,10,7.7,28,65,962,24,7,7,38,7.875265414,84,106,10.40722746,9.021538347,7.14753034,8.510330105,457,9,505,29,466,534
28,1000,10,7.7,28,61,956,24,8,12,44,8.581615706,96,104,10.30678468,9.136985826,7.908105463,9.241789113,481,14,475,30,495,505
31,1000,10,7.7,28,48,966,17,10,7,34,7.805082108,92,106,10.04313938,9.185338265,7.236819419,8.35544676,479,13,487,21,492,508
29,1000,10,7.7,28,60,944,31,12,13,56,8.47666123,102,103,10.10888394,9.108354506,8.167796682,8.786763711,475,26,469,30,501,499
30,1000,10,7.7,28,59,967,24,5,4,33,8.006680585,112,120,10.55379938,9.255906942,7.462266874,8.598829945,508,13,459,20,521,479
27,1000,10,7.7,28,63,962,29,6,3,38,8.346194323,101,113,10.24715027,8.854506362,8.103454576,8.572970527,466,17,496,21,483,517
26,1000,10,7.7,28,65,955,28,11,6,45,8.585464787,92,100,10.6117852,9.204773928,7.959032324,9.227114233,487,19,468,26,506,494
25,1000,10,7.7,28,66,961,26,6,7,39,7.900132095,96,97,10.40803565,9.027760588,7.205449626,8.506353126,456,10,505,29,466,534
28,1000,10,7.7,28,62,956,24,8,12,44,8.614474837,101,105,10.32800802,9.136392052,7.955937001,9.259972319,481,14,475,30,495,505
32,1000,10,7.7,28,1,932,33,10,25,68,7.761382794,101,94,9.956912577,8.990434177,7.028327174,8.578127639,500,27,432,41,527,473
29,1000,10,7.7,28,61,944,32,12,12,56,8.509648127,93,104,10.14169363,9.098709191,8.240176549,8.780199751,475,26,469,30,501,499
31,1000,10,7.7,28,49,965,17,11,7,35,7.859226328,109,110,10.04038477,9.186838003,7.293239423,8.407386873,478,14,487,21,492,508
30,1000,10,7.7,28,60,967,24,5,4,33,8.026208682,94,93,10.56222378,9.265227857,7.486586343,8.613146551,508,13,459,20,521,479
27,1000,10,7.7,28,64,964,28,5,3,36,8.383704003,86,118,10.24556412,8.85038381,8.11314606,8.636468967,467,16,497,20,483,517
26,1000,10,7.7,28,66,953,29,12,6,47,8.644616853,107,98,10.63241047,9.199422184,8.039455105,9.264478886,486,20,467,27,506,494
25,1000,10,7.7,28,67,960,27,6,7,40,7.882297973,104,117,10.42637104,9.032516878,7.217290721,8.462622654,455,11,505,29,466,534
28,1000,10,7.7,28,63,958,21,9,12,42,8.591036699,100,107,10.34597893,9.136631773,7.918280751,9.250470746,482,13,476,29,495,505
31,1000,10,7.7,28,50,964,18,11,7,36,7.901818138,87,106,10.04602957,9.191213383,7.318701689,8.466568716,478,14,486,22,492,508
32,1000,10,7.7,28,2,930,35,11,24,70,7.777086428,92,122,9.980962746,8.990932185,7.061798272,8.574035388,500,27,430,43,527,473
29,1000,10,7.7,28,62,945,32,12,11,55,8.489047847,87,105,10.14479879,9.093780779,8.218745679,8.76043339,476,25,469,30,501,499
30,1000,10,7.7,28,61,965,25,6,4,35,8.052799919,105,114,10.52527788,9.266237183,7.518747659,8.633679309,507,14,458,21,521,479
27,1000,10,7.7,28,65,963,28,6,3,37,8.405832401,77,106,10.25204861,8.846863532,8.146449404,8.648157328,467,16,496,21,483,517
26,1000,10,7.7,28,67,954,28,11,7,46,8.66676675,101,118,10.63291064,9.195094954,8.088425873,9.259156394,486,20,468,26,506,494
25,1000,10,7.7,28,68,960,28,5,7,40,7.906610762,95,114,10.41831052,9.020558817,7.27096106,8.461316307,455,11,505,29,466,534
28,1000,10,7.7,28,64,959,22,8,11,41,8.58198578,91,94,10.34097573,9.146926543,7.925426483,9.225543902,482,13,477,28,495,505
29,1000,10,7.7,28,63,945,30,14,11,55,8.488318906,90,95,10.14199098,9.096358263,8.220997326,8.756711916,476,25,469,30,501,499
31,1000,10,7.7,28,51,965,17,11,7,35,7.870248679,104,96,10.03606905,9.187360378,7.252618826,8.468425622,479,13,486,22,492,508
32,1000,10,7.7,28,3,929,37,9,25,71,7.794152358,85,105,9.975635419,9.004760164,7.107509035,8.55918625,499,28,430,43,527,473
30,1000,10,7.7,28,62,963,27,6,4,37,8.089558275,106,108,10.53798652,9.277503032,7.528320732,8.700006626,507,14,456,23,521,479
26,1000,10,7.7,28,68,954,28,11,7,46,8.690941104,105,121,10.65389984,9.213136883,8.12467534,9.270962312,486,20,468,26,506,494
27,1000,10,7.7,28,66,963,28,5,4,37,8.456367791,85,122,10.24002894,8.851808322,8.224662834,8.672834898,467,16,496,21,483,517
25,1000,10,7.7,28,69,961,27,5,7,39,7.925908563,79,100,10.44290657,9.024224016,7.307416648,8.465641208,455,11,506,28,466,534
28,1000,10,7.7,28,65,960,22,8,10,40,8.572552585,102,127,10.37414694,9.16160692,7.934302595,9.19816396,482,13,478,27,495,505
29,1000,10,7.7,28,64,945,30,14,11,55,8.507417085,95,90,10.15220664,9.083236588,8.230243766,8.785701318,476,25,469,30,501,499
31,1000,10,7.7,28,52,967,16,10,7,33,7.911771426,99,112,10.04187229,9.197009848,7.290356371,8.513614353,480,12,487,21,492,508
30,1000,10,7.7,28,63,962,28,6,4,38,8.120756532,102,99,10.55608933,9.278597898,7.585723363,8.70270284,507,14,455,24,521,479
27,1000,10,7.7,28,67,962,29,5,4,38,8.470545112,101,114,10.25378684,8.844374042,8.219307326,8.70526049,467,16,495,22,483,517
26,1000,10,7.7,28,69,953,29,11,7,47,8.699837935,106,101,10.65441736,9.249537718,8.106078728,9.308020443,486,20,467,27,506,494
32,1000,10,7.7,28,4,930,37,10,23,70,7.758996735,96,89,9.973586601,9.007110897,7.057080735,8.541046909,500,27,430,43,527,473
25,1000,10,7.7,28,70,959,29,5,7,41,7.962268027,93,115,10.46297414,9.038269532,7.326309741,8.517242861,455,11,504,30,466,534
28,1000,10,7.7,28,66,960,22,8,10,40,8.575390432,88,108,10.39020469,9.161910975,7.929989026,9.208011613,482,13,478,27,495,505
29,1000,10,7.7,28,65,946,29,14,11,54,8.531420378,93,88,10.16726137,9.073646182,8.249316308,8.814655125,477,24,469,30,501,499
31,1000,10,7.7,28,53,964,19,10,7,36,7.965984332,97,107,10.04663245,9.192847671,7.346635202,8.565826404,480,12,484,24,492,508
30,1000,10,7.7,28,64,962,28,6,4,38,8.151190304,96,127,10.57629042,9.283575597,7.604170403,8.746174371,507,14,455,24,521,479
26,1000,10,7.7,28,70,953,29,11,7,47,8.718395794,100,96,10.6563874,9.243279432,8.135674932,9.315271818,486,20,467,27,506,494
27,1000,10,7.7,28,68,962,29,5,4,38,8.477554069,104,92,10.25052897,8.831160758,8.250776923,8.689417437,467,16,495,22,483,517
25,1000,10,7.7,28,71,959,29,5,7,41,8.002838788,107,101,10.46323413,9.050634396,7.374118919,8.55149695,454,12,505,29,466,534
32,1000,10,7.7,28,5,930,37,10,23,70,7.791397711,87,111,9.993066128,8.985347893,7.120748372,8.538611667,500,27,430,43,527,473
28,1000,10,7.7,28,67,960,22,8,10,40,8.569973857,96,116,10.40213963,9.135635644,7.949996356,9.177674575,482,13,478,27,495,505
29,1000,10,7.7,28,66,946,29,14,11,54,8.547286102,93,103,10.17791418,9.09322011,8.261961205,8.833754585,477,24,469,30,501,499
30,1000,10,7.7,28,65,964,27,5,4,36,8.168077639,92,104,10.57890771,9.296512606,7.610608186,8.774427504,508,13,456,23,521,479
31,1000,10,7.7,28,54,964,19,10,7,36,7.980620585,93,104,10.08089897,9.211676119,7.360940929,8.580782771,481,11,483,25,492,508
26,1000,10,7.7,28,71,953,29,11,7,47,8.751870478,102,102,10.6791404,9.247371254,8.166963088,9.350986145,486,20,467,27,506,494
27,1000,10,7.7,28,69,962,30,5,3,38,8.528203948,101,116,10.25982978,8.825900774,8.341621484,8.702515998,467,16,495,22,483,517
25,1000,10,7.7,28,72,959,29,5,7,41,8.015037429,102,115,10.46364458,9.058836971,7.359748312,8.58688149,454,12,505,29,466,534
28,1000,10,7.7,28,68,961,21,8,10,39,8.623514436,89,100,10.41345348,9.131877357,8.033504091,9.201841408,482,13,479,26,495,505
32,1000,10,7.7,28,6,929,38,9,24,71,7.839667609,94,103,10.00062188,9.007822006,7.18850872,8.565165992,499,28,430,43,527,473
29,1000,10,7.7,28,67,948,27,14,11,52,8.565515177,85,106,10.17803665,9.104982913,8.296716408,8.835391296,477,24,471,28,501,499
30,1000,10,7.7,28,66,963,27,6,4,37,8.171269353,110,116,10.59606267,9.297119722,7.616359535,8.774835146,507,14,456,23,521,479
31,1000,10,7.7,28,55,963,20,10,7,37,8.01409922,106,111,10.07583436,9.238942361,7.405459155,8.603569519,481,11,482,26,492,508
26,1000,10,7.7,28,72,951,31,11,7,49,8.784628215,98,108,10.68848552,9.2614876,8.192271014,9.39137466,486,20,465,29,506,494
27,1000,10,7.7,28,70,963,30,4,3,37,8.555081935,93,99,10.26070967,8.83424008,8.41659374,8.684462588,467,16,496,21,483,517
25,1000,10,7.7,28,73,959,29,5,7,41,8.03518216,103,108,10.47290401,9.079505247,7.382720644,8.604558688,454,12,505,29,466,534
28,1000,10,7.7,28,69,960,22,8,10,40,8.635905607,109,110,10.42336051,9.13209836,8.060700913,9.19972011,482,13,478,27,495,505
29,1000,10,7.7,28,68,949,26,14,11,51,8.609399617,97,97,10.20488931,9.102879432,8.322066796,8.897884072,477,24,472,27,501,499
32,1000,10,7.7,28,7,928,39,9,24,72,7.893814443,110,109,10.01262857,8.998673344,7.233344482,8.629686894,499,28,429,44,527,473
30,1000,10,7.7,28,67,963,27,6,4,37,8.185844459,93,115,10.5977605,9.31156371,7.640764404,8.77871859,507,14,456,23,521,479
26,1000,10,7.7,28,73,952,30,11,7,48,8.799420442,100,94,10.70006957,9.261583761,8.230532633,9.382127388,487,19,465,29,506,494
27,1000,10,7.7,28,71,962,31,4,3,38,8.571362758,94,104,10.26413363,8.841400896,8.447197749,8.687362176,467,16,495,22,483,517
31,1000,10,7.7,28,56,962,21,10,7,38,8.052314136,97,120,10.07124104,9.232973598,7.455469274,8.630360735,480,12,482,26,492,508
25,1000,10,7.7,28,74,958,28,7,7,42,8.051776448,93,101,10.4738977,9.070801447,7.401016527,8.619668064,454,12,504,30,466,534
28,1000,10,7.7,28,70,961,21,8,10,39,8.656864569,92,129,10.41790722,9.12526618,8.09319806,9.209369365,482,13,479,26,495,505
29,1000,10,7.7,28,69,951,25,13,11,49,8.584049636,111,110,10.21561008,9.1037832,8.285423681,8.883872489,478,23,473,26,501,499
30,1000,10,7.7,28,68,963,26,7,4,37,8.213246474,90,123,10.61522316,9.306181139,7.656344231,8.818979394,507,14,456,23,521,479
32,1000,10,7.7,28,8,928,40,9,23,72,7.892199257,98,118,10.02155846,8.985918751,7.22018906,8.640929435,499,28,429,44,527,473
26,1000,10,7.7,28,74,952,28,14,6,48,8.824037429,85,122,10.67682112,9.27345005,8.276317591,9.385062203,486,20,466,28,506,494
27,1000,10,7.7,28,72,961,32,4,3,39,8.604771726,93,109,10.26252251,8.83501202,8.47122861,8.729532509,466,17,495,22,483,517
31,1000,10,7.7,28,57,962,21,10,7,38,8.07269253,94,101,10.07528242,9.241247153,7.49816462,8.629125072,480,12,482,26,492,508
25,1000,10,7.7,28,75,958,28,8,6,42,8.021216361,97,110,10.47226355,9.073350557,7.370655705,8.588934087,454,12,504,30,466,534
28,1000,10,7.7,28,71,962,20,8,10,38,8.666387972,93,104,10.40807304,9.126569475,8.066489353,9.254407411,484,11,478,27,495,505
29,1000,10,7.7,28,70,949,27,13,11,51,8.631792578,88,101,10.21502169,9.110350977,8.354783501,8.909911912,476,25,473,26,501,499
30,1000,10,7.7,28,69,964,25,7,4,36,8.230179743,86,105,10.62149195,9.304230368,7.675179606,8.833843776,507,14,457,22,521,479
26,1000,10,7.7,28,75,952,28,14,6,48,8.874631474,89,111,10.66350253,9.276161509,8.327570162,9.434981724,486,20,466,28,506,494
27,1000,10,7.7,28,73,960,33,4,3,40,8.602984607,82,99,10.27835389,8.851331241,8.471267614,8.726039361,466,17,494,23,483,517
32,1000,10,7.7,28,9,927,41,9,23,73,7.914400299,78,87,10.02162542,8.980399903,7.266372014,8.636410671,498,29,429,44,527,473
25,1000,10,7.7,28,76,958,28,8,6,42,8.033419673,85,106,10.46115751,9.080722259,7.360479406,8.620667172,454,12,504,30,466,534
31,1000,10,7.7,28,58,962,21,10,7,38,8.147726931,83,114,10.10270756,9.2416292,7.590491073,8.687412054,480,12,482,26,492,508
28,1000,10,7.7,28,72,961,20,9,10,39,8.687070377,96,111,10.43607918,9.13217476,8.096349142,9.266094161,483,12,478,27,495,505
30,1000,10,7.7,28,70,963,26,7,4,37,8.259461025,102,109,10.61380036,9.311740014,7.715105368,8.851547239,507,14,456,23,521,479
29,1000,10,7.7,28,71,949,27,13,11,51,8.642389167,124,105,10.21398696,9.106453199,8.380395683,8.905432724,476,25,473,26,501,499
26,1000,10,7.7,28,76,952,28,14,6,48,8.89553333,83,138,10.68270374,9.278384104,8.346082167,9.458331483,486,20,466,28,506,494
27,1000,10,7.7,28,74,960,30,7,3,40,8.646997355,91,100,10.29450118,8.828793782,8.498652847,8.785586132,466,17,494,23,483,517
25,1000,10,7.7,28,77,957,28,9,6,43,8.06306708,106,100,10.4661594,9.065213777,7.39193222,8.648739074,454,12,503,31,466,534
28,1000,10,7.7,28,73,960,21,9,10,40,8.704103414,106,117,10.44604109,9.155620086,8.118026266,9.278575074,482,13,478,27,495,505
31,1000,10,7.7,28,59,962,22,9,7,38,8.127788358,99,103,10.09734322,9.247928473,7.560321632,8.677382116,480,12,482,26,492,508
32,1000,10,7.7,28,10,927,41,9,23,73,7.947570216,83,116,10.03199334,8.979290539,7.290422395,8.679741255,498,29,429,44,527,473
30,1000,10,7.7,28,71,963,25,8,4,37,8.273375998,99,109,10.60983621,9.319968755,7.714555055,8.881195854,507,14,456,23,521,479
29,1000,10,7.7,28,72,948,28,13,11,52,8.634932131,90,85,10.22292378,9.113052296,8.374121029,8.896788568,476,25,472,27,501,499
26,1000,10,7.7,28,77,952,28,14,6,48,8.93733077,119,128,10.67702514,9.271473477,8.392588763,9.495305376,486,20,466,28,506,494
27,1000,10,7.7,28,75,959,31,7,3,41,8.675795443,88,99,10.30297147,8.819969923,8.535236618,8.807110554,466,17,493,24,483,517
25,1000,10,7.7,28,78,957,29,9,5,43,8.067678998,95,113,10.47433743,9.083370899,7.433171816,8.621387513,454,12,503,31,466,534
28,1000,10,7.7,28,74,961,19,10,10,39,8.710062788,91,113,10.4516299,9.16944762,8.12999964,9.278639537,482,13,479,26,495,505
31,1000,10,7.7,28,60,962,22,9,7,38,8.093718964,92,104,10.09413962,9.26215104,7.517218034,8.652062385,480,12,482,26,492,508
30,1000,10,7.7,28,72,963,24,9,4,37,8.277154774,99,125,10.61163968,9.328408072,7.728588619,8.873820676,507,14,456,23,521,479
29,1000,10,7.7,28,73,948,28,13,11,52,8.67695582,90,103,10.23806797,9.106933396,8.406540774,8.948454695,476,25,472,27,501,499
32,1000,10,7.7,28,11,928,41,8,23,72,7.93885657,89,118,10.04799565,8.973611287,7.282752857,8.6698643,499,28,429,44,527,473
26,1000,10,7.7,28,78,952,28,14,6,48,8.954225562,95,102,10.68457451,9.278881305,8.415035061,9.506513808,486,20,466,28,506,494
27,1000,10,7.7,28,76,959,30,8,3,41,8.694656615,85,96,10.31348699,8.829109227,8.537980081,8.84102947,466,17,493,24,483,517
25,1000,10,7.7,28,79,955,30,9,6,45,8.111648842,85,117,10.48581225,9.089923602,7.492655308,8.65181923,453,13,502,32,466,534
28,1000,10,7.7,28,75,961,19,9,11,39,8.757666871,99,97,10.4545212,9.164173451,8.179658107,9.324229917,482,13,479,26,495,505
31,1000,10,7.7,28,61,963,22,8,7,37,8.117510141,103,109,10.09199139,9.257783035,7.558819779,8.658603956,480,12,483,25,492,508
30,1000,10,7.7,28,73,963,24,9,4,37,8.293518261,109,112,10.60943014,9.325553602,7.753416304,8.880977802,507,14,456,23,521,479
29,1000,10,7.7,28,74,947,28,14,11,53,8.714838755,100,106,10.24108882,9.08892801,8.441416567,8.989356823,477,24,470,29,501,499
32,1000,10,7.7,28,12,927,42,7,24,73,7.97557009,87,129,10.05712022,8.974562863,7.332176481,8.692416668,499,28,428,45,527,473
26,1000,10,7.7,28,79,952,28,13,7,48,8.964986387,99,137,10.68235646,9.29431991,8.413289376,9.530084944,487,19,465,29,506,494
27,1000,10,7.7,28,77,958,31,8,3,42,8.731001593,97,112,10.31701854,8.826329952,8.604338176,8.849335114,465,18,493,24,483,517
25,1000,10,7.7,28,80,955,30,9,6,45,8.122557885,84,113,10.47356432,9.088213524,7.546493534,8.625265727,453,13,502,32,466,534
28,1000,10,7.7,28,76,962,19,8,11,38,8.747358371,88,102,10.45728949,9.168802501,8.189128897,9.294533795,482,13,480,25,495,505
30,1000,10,7.7,28,74,962,24,10,4,38,8.310345411,93,96,10.60645259,9.334443407,7.745771683,8.924422472,506,15,456,23,521,479
31,1000,10,7.7,28,62,960,25,8,7,40,8.169619584,89,102,10.10145705,9.258935696,7.57341375,8.747047281,479,13,481,27,492,508
29,1000,10,7.7,28,75,950,27,12,11,50,8.688954798,113,107,10.23617491,9.0863238,8.3832468,8.995888079,479,22,471,28,501,499
26,1000,10,7.7,28,80,952,28,13,7,48,8.96212366,111,141,10.68468121,9.304830554,8.432549944,9.504561514,487,19,465,29,506,494
27,1000,10,7.7,28,78,957,31,9,3,43,8.762331591,77,115,10.33301897,8.825039957,8.620218672,8.895098593,465,18,492,25,483,517
32,1000,10,7.7,28,13,927,42,7,24,73,7.997141205,93,91,10.06278155,8.976994519,7.344804396,8.723951984,499,28,428,45,527,473
25,1000,10,7.7,28,81,957,28,9,6,43,8.139478262,93,92,10.47272224,9.080033597,7.598848856,8.611263474,454,12,503,31,466,534
28,1000,10,7.7,28,77,962,19,8,11,38,8.755905377,102,115,10.47256414,9.181715497,8.200833852,9.299985387,482,13,480,25,495,505
30,1000,10,7.7,28,75,963,24,9,4,37,8.329262826,78,108,10.61898728,9.343100685,7.773676786,8.933564134,507,14,456,23,521,479
29,1000,10,7.7,28,76,949,29,11,11,51,8.765515532,105,106,10.2422918,9.092210289,8.443861755,9.088458503,479,22,470,29,501,499
31,1000,10,7.7,28,63,960,25,9,6,40,8.165267902,97,92,10.12734184,9.26095644,7.568292088,8.743441327,479,13,481,27,492,508
26,1000,10,7.7,28,81,953,29,12,6,47,8.959425399,98,123,10.69325793,9.306280659,8.45832786,9.472695348,486,20,467,27,506,494
27,1000,10,7.7,28,79,957,30,9,4,43,8.739644639,105,109,10.33962497,8.831942316,8.591870982,8.877700105,465,18,492,25,483,517
25,1000,10,7.7,28,82,957,28,8,7,43,8.20090378,89,126,10.46181305,9.086475791,7.68577849,8.650432592,454,12,503,31,466,534
28,1000,10,7.7,28,78,962,19,8,11,38,8.776933755,126,123,10.49021264,9.210889182,8.25136763,9.29209263,482,13,480,25,495,505
32,1000,10,7.7,28,14,925,44,7,24,75,8.015963955,94,111,10.08201779,8.977826159,7.353585898,8.753962341,498,29,427,46,527,473
30,1000,10,7.7,28,76,962,26,9,3,38,8.317343411,97,105,10.61299035,9.335692491,7.758926838,8.924723441,506,15,456,23,521,479
29,1000,10,7.7,28,77,948,30,11,11,52,8.78999512,93,105,10.24386638,9.085335567,8.511532981,9.06957334,478,23,470,29,501,499
31,1000,10,7.7,28,64,960,25,9,6,40,8.155525147,115,105,10.15370451,9.24020945,7.560074453,8.732221488,479,13,481,27,492,508
26,1000,10,7.7,28,82,952,31,12,5,48,8.986616071,111,116,10.68946492,9.297747456,8.491725738,9.493528032,486,20,466,28,506,494
27,1000,10,7.7,28,80,956,31,9,4,44,8.788044592,99,133,10.33656535,8.846118405,8.621763686,8.943390198,465,18,491,26,483,517
25,1000,10,7.7,28,83,957,28,8,7,43,8.23425124,99,108,10.46881299,9.095304966,7.730793056,8.673598644,454,12,503,31,466,534
28,1000,10,7.7,28,79,961,20,8,11,39,8.790077628,104,89,10.5097056,9.219753571,8.230753699,9.338325837,482,13,479,26,495,505
30,1000,10,7.7,28,77,961,26,10,3,39,8.32845358,105,122,10.61276761,9.341733059,7.741410964,8.966969661,506,15,455,24,521,479
32,1000,10,7.7,28,15,927,44,6,23,73,8.024598169,88,99,10.10250895,8.982255909,7.368608989,8.755478292,498,29,429,44,527,473
29,1000,10,7.7,28,78,945,33,9,13,55,8.796661061,98,111,10.24494883,9.089599431,8.500081138,9.09442968,476,25,469,30,501,499
26,1000,10,7.7,28,83,951,32,12,5,49,9.007351789,90,119,10.71245009,9.300006082,8.488371784,9.538938596,486,20,465,29,506,494
31,1000,10,7.7,28,65,959,24,11,6,41,8.157330864,106,116,10.13120576,9.24895766,7.540567235,8.754668866,478,14,481,27,492,508
27,1000,10,7.7,28,81,955,32,9,4,45,8.829789035,93,119,10.36067746,8.840423058,8.64169662,9.005511736,465,18,490,27,483,517
25,1000,10,7.7,28,84,955,30,8,7,45,8.271441578,95,112,10.48594511,9.1057462,7.774894687,8.704757778,452,14,503,31,466,534
28,1000,10,7.7,28,80,960,21,8,11,40,8.819295684,102,101,10.50950672,9.217888585,8.229168471,9.397737209,482,13,478,27,495,505
30,1000,10,7.7,28,78,962,25,10,3,38,8.3320287,90,129,10.61046199,9.315297378,7.739942644,8.976030444,507,14,455,24,521,479
29,1000,10,7.7,28,79,947,32,8,13,53,8.8086866,94,120,10.24708732,9.08271839,8.521274693,9.097250459,477,24,470,29,501,499
32,1000,10,7.7,28,16,928,44,5,23,72,8.031622211,89,110,10.09827652,8.984552906,7.355534398,8.784895524,499,28,429,44,527,473
26,1000,10,7.7,28,84,951,31,13,5,49,9.009095398,102,116,10.70425506,9.301492212,8.457616754,9.573970284,486,20,465,29,506,494
31,1000,10,7.7,28,66,959,25,11,5,41,8.154092324,85,97,10.15213014,9.25670676,7.545147277,8.743857998,478,14,481,27,492,508
27,1000,10,7.7,28,82,954,32,10,4,46,8.843955337,86,102,10.37030268,8.843328434,8.653241249,9.022127299,464,19,490,27,483,517
25,1000,10,7.7,28,85,955,30,8,7,45,8.301651479,85,112,10.48075546,9.123327312,7.814129978,8.72709159,452,14,503,31,466,534
28,1000,10,7.7,28,81,959,22,8,11,41,8.861979823,86,102,10.5115908,9.222024047,8.272697992,9.439592708,481,14,478,27,495,505
30,1000,10,7.7,28,79,962,26,10,2,38,8.351397587,97,106,10.61247952,9.32732802,7.794996206,8.956585727,507,14,455,24,521,479
29,1000,10,7.7,28,80,945,34,8,13,55,8.855014374,81,100,10.24945939,9.098925383,8.551264912,9.159981269,477,24,468,31,501,499
26,1000,10,7.7,28,85,951,31,13,5,49,8.991308314,88,113,10.72876419,9.306447419,8.435555969,9.560560716,487,19,464,30,506,494
32,1000,10,7.7,28,17,928,44,5,23,72,8.06789058,102,90,10.08621564,9.000581442,7.394682541,8.817955351,499,28,429,44,527,473
27,1000,10,7.7,28,83,952,34,10,4,48,8.855605327,91,133,10.38728088,8.838461837,8.642267042,9.054913628,464,19,488,29,483,517
25,1000,10,7.7,28,86,954,30,9,7,46,8.303006421,85,118,10.46915576,9.120626121,7.775071038,8.763714077,452,14,502,32,466,534
31,1000,10,7.7,28,67,959,25,12,4,41,8.16845682,95,119,10.15693465,9.270276719,7.587654194,8.73096645,478,14,481,27,492,508
28,1000,10,7.7,28,82,958,23,8,11,42,8.879706317,95,119,10.52177371,9.202476069,8.287897033,9.459796606,481,14,477,28,495,505
30,1000,10,7.7,28,80,961,26,11,2,39,8.368662914,101,119,10.60732315,9.333700003,7.7932401,8.994540338,507,14,454,25,521,479
29,1000,10,7.7,28,81,947,34,8,11,53,8.850837171,94,97,10.24997535,9.082751356,8.519732097,9.18326932,479,22,468,31,501,499
26,1000,10,7.7,28,86,951,30,14,5,49,8.993772574,107,114,10.73875959,9.328835759,8.435302295,9.565808932,487,19,464,30,506,494
27,1000,10,7.7,28,84,954,32,10,4,46,8.87348252,116,107,10.40406292,8.854486748,8.649986803,9.08228026,466,17,488,29,483,517
25,1000,10,7.7,28,87,954,29,10,7,46,8.340183242,91,112,10.46847149,9.136100896,7.78919539,8.821007847,452,14,502,32,466,534
28,1000,10,7.7,28,83,959,23,8,10,41,8.903764859,98,113,10.52634045,9.204996453,8.328436782,9.467700301,481,14,478,27,495,505
31,1000,10,7.7,28,68,957,26,13,4,43,8.212216076,98,119,10.16180196,9.258057447,7.643153794,8.763355137,478,14,479,29,492,508
32,1000,10,7.7,28,18,929,45,6,20,71,8.01750648,98,102,10.10183138,9.006175015,7.385693578,8.721450242,499,28,430,43,527,473
30,1000,10,7.7,28,81,959,28,11,2,41,8.387670791,90,116,10.61018644,9.334999192,7.820967095,9.004064581,506,15,453,26,521,479
29,1000,10,7.7,28,82,947,33,9,11,53,8.886204263,89,116,10.25302802,9.09011647,8.580681399,9.192951668,479,22,468,31,501,499
26,1000,10,7.7,28,87,950,31,14,5,50,9.011782525,121,101,10.74926023,9.32682187,8.43796965,9.599534175,487,19,463,31,506,494
25,1000,10,7.7,28,88,952,31,10,7,48,8.391252371,82,113,10.45729591,9.140382242,7.853811948,8.860254687,451,15,501,33,466,534
27,1000,10,7.7,28,85,953,33,9,5,47,8.903124767,90,124,10.4052154,8.856334409,8.680849276,9.110782527,465,18,488,29,483,517
28,1000,10,7.7,28,84,960,22,8,10,40,8.948174323,101,99,10.54720905,9.211039126,8.387062943,9.498174587,482,13,478,27,495,505
31,1000,10,7.7,28,69,957,27,12,4,43,8.205930762,107,103,10.17773909,9.259660661,7.628103688,8.765558559,478,14,479,29,492,508
30,1000,10,7.7,28,82,960,28,10,2,40,8.381806316,94,121,10.6031302,9.346557497,7.810459813,9.003250006,506,15,454,25,521,479
32,1000,10,7.7,28,19,930,45,6,19,70,8.022566129,92,110,10.09830371,8.991389582,7.397261741,8.719258333,499,28,431,42,527,473
29,1000,10,7.7,28,83,946,33,10,11,54,8.895137523,85,109,10.26949998,9.096061338,8.599953075,9.191505076,478,23,468,31,501,499
26,1000,10,7.7,28,88,949,31,13,7,51,9.053119767,96,109,10.74270354,9.335730256,8.434574124,9.686690811,487,19,462,32,506,494
25,1000,10,7.7,28,89,952,31,10,7,48,8.411857108,81,133,10.46049644,9.130033985,7.871968543,8.882995818,451,15,501,33,466,534
27,1000,10,7.7,28,86,954,32,9,5,46,8.900634938,88,106,10.41373844,8.870656371,8.631024941,9.152514297,466,17,488,29,483,517
28,1000,10,7.7,28,85,960,22,8,10,40,8.99690917,103,104,10.55999461,9.21511212,8.494704985,9.489168718,482,13,478,27,495,505
31,1000,10,7.7,28,70,958,26,12,4,42,8.248395476,92,121,10.1748277,9.264776399,7.693616927,8.785700684,479,13,479,29,492,508
30,1000,10,7.7,28,83,960,28,10,2,40,8.406697684,99,104,10.59234277,9.341939729,7.827460178,9.036724283,506,15,454,25,521,479
32,1000,10,7.7,28,20,932,44,6,18,68,8.052056608,109,113,10.11964487,8.988901871,7.444428485,8.729054538,500,27,432,41,527,473
29,1000,10,7.7,28,84,946,33,10,11,54,8.89903374,90,122,10.29503299,9.097504349,8.634687694,9.16443929,478,23,468,31,501,499
26,1000,10,7.7,28,89,950,31,12,7,50,9.027976778,97,126,10.74509943,9.338948122,8.441768342,9.628425095,487,19,463,31,506,494
25,1000,10,7.7,28,90,952,30,9,9,48,8.429380793,95,116,10.49868939,9.139137896,7.887650344,8.902126841,451,15,501,33,466,534
27,1000,10,7.7,28,87,954,32,9,5,46,8.933706253,89,119,10.41756527,8.863439346,8.65677867,9.192421965,466,17,488,29,483,517
28,1000,10,7.7,28,86,961,22,8,9,39,8.980926247,116,100,10.5569572,9.232570689,8.482591523,9.469392956,482,13,479,26,495,505
30,1000,10,7.7,28,84,959,29,10,2,41,8.416278435,91,121,10.61239604,9.316189996,7.838171084,9.045075782,505,16,454,25,521,479
31,1000,10,7.7,28,71,958,26,12,4,42,8.258764505,100,113,10.17136335,9.275651037,7.705246225,8.794849138,479,13,479,29,492,508
29,1000,10,7.7,28,85,946,33,10,11,54,8.900167036,88,115,10.31033881,9.117363682,8.602979438,9.198545767,478,23,468,31,501,499
26,1000,10,7.7,28,90,950,31,11,8,50,9.082981623,100,118,10.74643651,9.347763897,8.485427844,9.695050877,488,18,462,32,506,494
32,1000,10,7.7,28,21,934,43,5,18,66,8.048547008,106,102,10.11668688,8.987247363,7.434639211,8.732541531,503,24,431,42,527,473
25,1000,10,7.7,28,91,951,31,9,9,49,8.462975067,79,114,10.49513052,9.128989409,7.868919472,8.981383132,450,16,501,33,466,534
27,1000,10,7.7,28,88,954,31,10,5,46,8.975236624,83,119,10.4093536,8.862703868,8.682264654,9.248941579,466,17,488,29,483,517
28,1000,10,7.7,28,87,961,21,9,9,39,8.980699244,89,124,10.56001625,9.249930202,8.502213249,9.449710269,482,13,479,26,495,505
30,1000,10,7.7,28,85,959,28,10,3,41,8.453164501,91,105,10.60207981,9.312460027,7.867216756,9.09048971,505,16,454,25,521,479
31,1000,10,7.7,28,72,958,25,13,4,42,8.30164068,87,102,10.18588711,9.277857518,7.751044619,8.834895132,479,13,479,29,492,508
29,1000,10,7.7,28,86,945,34,10,11,55,8.912619619,96,103,10.33697495,9.130551187,8.629119767,9.197255744,477,24,468,31,501,499
26,1000,10,7.7,28,91,949,33,10,8,51,9.064578568,97,90,10.75877335,9.347767399,8.46687007,9.676806302,488,18,461,33,506,494
25,1000,10,7.7,28,92,952,30,9,9,48,8.441335974,114,101,10.50910569,9.141017627,7.858602846,8.949863385,450,16,502,32,466,534
27,1000,10,7.7,28,89,957,29,9,5,43,8.948707585,93,93,10.426607,8.877015664,8.643305493,9.234025206,467,16,490,27,483,517
32,1000,10,7.7,28,22,934,42,6,18,66,8.071828762,84,109,10.12195217,8.984607296,7.486421936,8.724068503,502,25,432,41,527,473
28,1000,10,7.7,28,88,960,23,9,8,40,8.963660165,107,113,10.57722864,9.249097391,8.519557493,9.398968724,481,14,479,26,495,505
30,1000,10,7.7,28,86,956,31,10,3,44,8.492248396,100,102,10.6039715,9.334170313,7.887397691,9.150134028,504,17,452,27,521,479
31,1000,10,7.7,28,73,959,24,13,4,41,8.299928125,105,109,10.17533659,9.26953608,7.738811938,8.843371361,479,13,480,28,492,508
29,1000,10,7.7,28,87,944,35,10,11,56,8.933145076,112,106,10.3376465,9.136039048,8.646551974,9.220886847,475,26,469,30,501,499
26,1000,10,7.7,28,92,950,33,10,7,50,9.064522884,106,124,10.76831541,9.361611801,8.50612672,9.636483327,488,18,462,32,506,494
25,1000,10,7.7,28,93,952,29,10,9,48,8.468260139,105,120,10.51015872,9.137843035,7.900993419,8.963290647,450,16,502,32,466,534
27,1000,10,7.7,28,90,956,30,9,5,44,8.987147488,85,120,10.42370161,8.894606987,8.660243149,9.292553282,467,16,489,28,483,517
28,1000,10,7.7,28,89,959,24,9,8,41,8.972365327,92,124,10.59255828,9.261018551,8.54567844,9.39060297,481,14,478,27,495,505
32,1000,10,7.7,28,23,936,42,5,17,64,8.028899158,96,99,10.12448646,8.980597069,7.429283003,8.696970435,504,23,432,41,527,473
30,1000,10,7.7,28,87,957,30,10,3,43,8.506180053,108,115,10.59486647,9.341516261,7.927401052,9.135707943,505,16,452,27,521,479
31,1000,10,7.7,28,74,959,23,14,4,41,8.31451622,77,110,10.18558055,9.252335652,7.773337535,8.838649907,478,14,481,27,492,508
29,1000,10,7.7,28,88,945,36,10,9,55,8.940168089,91,96,10.36235276,9.147575271,8.663284682,9.21816125,475,26,470,29,501,499
26,1000,10,7.7,28,93,950,32,11,7,50,9.083849841,95,127,10.79777168,9.353291976,8.508390679,9.673287769,488,18,462,32,506,494
25,1000,10,7.7,28,94,951,29,11,9,49,8.508386288,80,112,10.51206856,9.14334489,7.965769758,8.981905583,449,17,502,32,466,534
27,1000,10,7.7,28,91,956,30,9,5,44,9.013123171,92,104,10.41658199,8.883748409,8.675735595,9.328322783,467,16,489,28,483,517
28,1000,10,7.7,28,90,959,24,10,7,41,8.992437892,113,123,10.59053421,9.27259473,8.599420724,9.377672541,481,14,478,27,495,505
30,1000,10,7.7,28,88,955,31,11,3,45,8.526510037,110,120,10.59931335,9.340871312,7.939194364,9.165323119,504,17,451,28,521,479
32,1000,10,7.7,28,24,935,42,7,16,65,8.047569932,99,115,10.12654092,8.990287731,7.48699969,8.672137622,504,23,431,42,527,473
29,1000,10,7.7,28,89,944,37,11,8,56,8.973529923,106,109,10.3853274,9.141935129,8.732194293,9.21583283,474,27,470,29,501,499
31,1000,10,7.7,28,75,960,21,15,4,40,8.322155838,94,107,10.17931183,9.273029712,7.782677877,8.844642367,478,14,482,26,492,508
26,1000,10,7.7,28,94,949,31,13,7,51,9.133195515,104,113,10.81170859,9.334804877,8.602683221,9.676594748,488,18,461,33,506,494
25,1000,10,7.7,28,95,951,29,11,9,49,8.499678655,99,121,10.51285421,9.141067973,7.953923473,8.975936923,449,17,502,32,466,534
27,1000,10,7.7,28,92,954,31,10,5,46,9.054540379,97,136,10.4099464,8.903772696,8.706279389,9.379898324,467,16,487,30,483,517
28,1000,10,7.7,28,91,958,25,10,7,42,9.024018581,86,117,10.59975695,9.274981211,8.640093705,9.400340983,480,15,478,27,495,505
30,1000,10,7.7,28,89,956,30,11,3,44,8.518031932,99,99,10.62585905,9.358700468,7.948407132,9.137602957,504,17,452,27,521,479
32,1000,10,7.7,28,25,937,39,7,17,63,8.050891869,82,121,10.11943545,8.988023731,7.482303488,8.684393089,505,22,432,41,527,473
29,1000,10,7.7,28,90,944,37,11,8,56,9.002621267,109,111,10.38834857,9.140496115,8.747393483,9.258872009,474,27,470,29,501,499
26,1000,10,7.7,28,95,950,30,13,7,50,9.149572235,105,114,10.82159524,9.331342113,8.630698795,9.681049888,489,17,461,33,506,494
31,1000,10,7.7,28,76,960,22,14,4,40,8.300220068,98,114,10.17617479,9.278200842,7.799948645,8.784734911,477,15,483,25,492,508
27,1000,10,7.7,28,93,953,32,10,5,47,9.07446368,96,110,10.41828116,8.898008967,8.733992009,9.392544564,466,17,487,30,483,517
25,1000,10,7.7,28,96,949,30,12,9,51,8.535138231,89,104,10.5179471,9.146377005,8.037153908,8.96970882,447,19,502,32,466,534
28,1000,10,7.7,28,92,958,25,10,7,42,9.039414733,100,124,10.59726051,9.275011085,8.676598061,9.395046917,480,15,478,27,495,505
30,1000,10,7.7,28,90,955,30,11,4,45,8.52864248,89,127,10.64227973,9.355830853,7.974998215,9.130831754,504,17,451,28,521,479
29,1000,10,7.7,28,91,944,37,11,8,56,9.022836237,96,108,10.40157298,9.127017164,8.761132383,9.285589005,474,27,470,29,501,499
26,1000,10,7.7,28,96,949,31,13,7,51,9.17098879,111,120,10.84238676,9.348187167,8.645304154,9.709443094,489,17,460,34,506,494
32,1000,10,7.7,28,26,936,39,8,17,64,8.081288958,81,112,10.1058577,8.988166565,7.533822424,8.691256957,505,22,431,42,527,473
27,1000,10,7.7,28,94,950,35,10,5,50,9.105019029,98,121,10.43336965,8.913217375,8.76352664,9.424053504,466,17,484,33,483,517
31,1000,10,7.7,28,77,960,22,13,5,40,8.352266356,100,106,10.19331579,9.280241724,7.855480095,8.833405806,477,15,483,25,492,508
25,1000,10,7.7,28,97,948,30,13,9,52,8.59004634,101,110,10.51870974,9.151716802,8.083393322,9.032181745,447,19,501,33,466,534
28,1000,10,7.7,28,93,959,23,12,6,41,9.059899535,90,115,10.59983518,9.266044277,8.710691592,9.402192469,480,15,479,26,495,505
30,1000,10,7.7,28,91,955,29,12,4,45,8.577755613,75,104,10.66182262,9.346354744,8.027363416,9.176407669,504,17,451,28,521,479
29,1000,10,7.7,28,92,944,37,11,8,56,9.035865225,91,116,10.40417754,9.124462705,8.765087287,9.307728445,474,27,470,29,501,499
26,1000,10,7.7,28,97,947,33,13,7,53,9.196192933,93,102,10.85737824,9.35638839,8.680819352,9.72408571,488,18,459,35,506,494
27,1000,10,7.7,28,95,952,34,9,5,48,9.113878845,106,103,10.46752567,8.91728377,8.77144451,9.433793321,467,16,485,32,483,517
25,1000,10,7.7,28,98,947,31,12,10,53,8.613626464,101,92,10.53298308,9.142639913,8.11464611,9.049066248,446,20,501,33,466,534
31,1000,10,7.7,28,78,961,20,13,6,39,8.368943798,87,113,10.18757337,9.268346038,7.897601864,8.825440317,477,15,484,24,492,508
28,1000,10,7.7,28,94,959,21,14,6,41,9.098687743,97,121,10.59895792,9.254090142,8.756668039,9.433934779,480,15,479,26,495,505
32,1000,10,7.7,28,27,937,38,8,17,63,8.093621803,98,97,10.12288063,8.983505857,7.571937111,8.674864578,505,22,432,41,527,473
30,1000,10,7.7,28,92,957,27,12,4,43,8.602865443,108,101,10.70214363,9.367988869,8.051855506,9.202189403,505,16,452,27,521,479
29,1000,10,7.7,28,93,943,37,12,8,57,9.060959289,99,110,10.41449589,9.127323441,8.8061013,9.316838752,473,28,470,29,501,499
26,1000,10,7.7,28,98,946,34,13,7,54,9.204031646,110,123,10.88519951,9.370528715,8.660235235,9.761037687,488,18,458,36,506,494
27,1000,10,7.7,28,96,953,34,8,5,47,9.112817448,91,126,10.47981692,8.900502792,8.713786342,9.485606663,468,15,485,32,483,517
25,1000,10,7.7,28,99,947,31,12,10,53,8.65745006,105,111,10.54399459,9.156669462,8.185874729,9.068974601,446,20,501,33,466,534
28,1000,10,7.7,28,95,961,18,15,6,39,9.085795251,111,104,10.60838665,9.260915754,8.778354589,9.387147979,480,15,481,24,495,505
31,1000,10,7.7,28,79,961,19,14,6,39,8.437640353,110,91,10.18493076,9.259035851,7.97449135,8.886201986,477,15,484,24,492,508
32,1000,10,7.7,28,28,937,38,8,17,63,8.11272201,95,106,10.13023701,9.004812559,7.566605784,8.721185543,505,22,432,41,527,473
30,1000,10,7.7,28,93,957,27,12,4,43,8.595304359,97,95,10.70364662,9.373688362,8.034329583,9.205466903,505,16,452,27,521,479
29,1000,10,7.7,28,94,942,38,12,8,58,9.073009537,99,101,10.41223066,9.107051243,8.856466069,9.290420915,472,29,470,29,501,499
26,1000,10,7.7,28,99,946,34,13,7,54,9.225391403,86,123,10.89046395,9.352194373,8.690989693,9.772774531,488,18,458,36,506,494
27,1000,10,7.7,28,97,952,35,8,5,48,9.119349253,84,115,10.49184716,8.914964013,8.72321044,9.489436384,467,16,485,32,483,517
25,1000,10,7.7,28,100,947,31,12,10,53,8.665537486,95,107,10.56664709,9.146641371,8.209002297,9.063937108,446,20,501,33,466,534
28,1000,10,7.7,28,96,958,22,15,5,42,9.103755813,107,104,10.62427838,9.252488689,8.766069827,9.434754946,479,16,479,26,495,505
31,1000,10,7.7,28,80,961,19,14,6,39,8.453651126,90,106,10.20048286,9.272637829,7.993295596,8.899507269,477,15,484,24,492,508
30,1000,10,7.7,28,94,956,27,13,4,44,8.641357807,108,110,10.7040214,9.386374031,8.099925238,9.230264631,504,17,452,27,521,479
32,1000,10,7.7,28,29,938,37,8,17,62,8.105412534,97,99,10.12283969,8.996669047,7.572885656,8.698735292,505,22,433,40,527,473
29,1000,10,7.7,28,95,942,37,13,8,58,9.088618006,102,111,10.4042019,9.103300116,8.837566379,9.340675852,472,29,470,29,501,499
26,1000,10,7.7,28,100,947,33,13,7,53,9.246003995,98,111,10.883891,9.358963865,8.670257103,9.835736641,489,17,458,36,506,494
25,1000,10,7.7,28,101,946,32,12,10,54,8.687184004,98,117,10.59316667,9.154794502,8.27608363,9.045934518,445,21,501,33,466,534
27,1000,10,7.7,28,98,950,37,8,5,50,9.155811259,84,116,10.5062695,8.932222571,8.770050901,9.516202464,465,18,485,32,483,517
28,1000,10,7.7,28,97,958,22,15,5,42,9.089887623,100,125,10.61547182,9.268365936,8.762939376,9.410361648,479,16,479,26,495,505
30,1000,10,7.7,28,95,956,27,13,4,44,8.659506939,103,127,10.73381666,9.3795296,8.139084576,9.225561326,504,17,452,27,521,479
31,1000,10,7.7,28,81,961,19,14,6,39,8.495912756,95,122,10.21045056,9.27153181,8.049416316,8.928346315,477,15,484,24,492,508
29,1000,10,7.7,28,96,941,38,13,8,59,9.138566205,85,109,10.40003727,9.089095418,8.910503594,9.367542895,471,30,470,29,501,499
32,1000,10,7.7,28,30,938,37,8,17,62,8.128179634,85,118,10.14497719,9.001278148,7.582718175,8.735913648,506,21,432,41,527,473
26,1000,10,7.7,28,101,944,36,13,7,56,9.295531394,111,106,10.89798351,9.376809455,8.698914953,9.906640541,489,17,455,39,506,494
25,1000,10,7.7,28,102,948,31,12,9,52,8.694056967,104,99,10.63915427,9.172980232,8.315864071,9.024090468,445,21,503,31,466,534
27,1000,10,7.7,28,99,950,37,8,5,50,9.168217133,89,110,10.52437063,8.945986392,8.769048058,9.541135242,465,18,485,32,483,517
28,1000,10,7.7,28,98,960,19,16,5,40,9.085581802,116,122,10.65315539,9.268331255,8.751999388,9.412558623,479,16,481,24,495,505
30,1000,10,7.7,28,96,957,25,14,4,43,8.693334262,86,124,10.73255242,9.380565211,8.166454945,9.266411764,504,17,453,26,521,479
31,1000,10,7.7,28,82,960,20,14,6,40,8.523720178,101,113,10.22390627,9.2530275,8.113417391,8.921100043,476,16,484,24,492,508
29,1000,10,7.7,28,97,941,39,13,7,59,9.155726185,90,107,10.40995146,9.09306476,8.926807317,9.385562562,470,31,471,28,501,499
26,1000,10,7.7,28,102,943,37,13,7,57,9.307414257,93,124,10.90303042,9.382894229,8.684129901,9.945839123,489,17,454,40,506,494
25,1000,10,7.7,28,103,947,31,14,8,53,8.707408113,91,114,10.64908258,9.177672872,8.362024925,9.008809922,445,21,502,32,466,534
32,1000,10,7.7,28,31,939,37,8,16,61,8.14857276,92,113,10.15573786,9.010505316,7.632404295,8.72366955,506,21,433,40,527,473
27,1000,10,7.7,28,100,947,40,8,5,53,9.22650556,83,121,10.51159629,8.942195407,8.827851461,9.598942563,463,20,484,33,483,517
28,1000,10,7.7,28,99,960,19,16,5,40,9.10587375,91,110,10.65800654,9.281884296,8.791019223,9.414493534,479,16,481,24,495,505
30,1000,10,7.7,28,97,957,24,14,5,43,8.704952902,90,96,10.7272833,9.403738418,8.160181519,9.297491297,504,17,453,26,521,479
31,1000,10,7.7,28,83,960,20,14,6,40,8.50523404,90,104,10.21279913,9.264958253,8.146399473,8.852766731,475,17,485,23,492,508
29,1000,10,7.7,28,98,940,39,14,7,60,9.17050479,97,116,10.43243231,9.099180117,8.979189234,9.362587141,469,32,471,28,501,499
26,1000,10,7.7,28,103,942,38,13,7,58,9.305959286,91,126,10.88460833,9.39775658,8.688376687,9.938543891,488,18,454,40,506,494
25,1000,10,7.7,28,104,948,29,15,8,52,8.742580857,114,127,10.65411883,9.186427908,8.407132867,9.035312623,445,21,503,31,466,534
33,1000,10,7.7,28,0,940,33,14,13,60,7.51,101,102,9.913565144,9.000320176,6.348884381,8.639053254,473,20,467,40,493,507
27,1000,10,7.7,28,101,946,41,8,5,54,9.233893449,96,103,10.52509692,8.926699999,8.812236802,9.627820259,462,21,484,33,483,517
28,1000,10,7.7,28,100,959,20,16,5,41,9.086818963,126,125,10.68550515,9.299780725,8.778451285,9.38908035,479,16,480,25,495,505
32,1000,10,7.7,28,32,940,36,8,16,60,8.148616141,90,101,10.16411265,9.024096046,7.604643357,8.754691526,507,20,433,40,527,473
30,1000,10,7.7,28,98,957,24,14,5,43,8.743665665,92,100,10.72888888,9.411568032,8.181704491,9.354901096,504,17,453,26,521,479
29,1000,10,7.7,28,99,939,40,14,7,61,9.165501504,110,101,10.42479698,9.110441347,8.974995125,9.356771436,469,32,470,29,501,499
31,1000,10,7.7,28,84,958,21,15,6,42,8.531433553,94,117,10.20924714,9.25717416,8.186723054,8.865287028,474,18,484,24,492,508
26,1000,10,7.7,28,104,940,39,13,8,60,9.360030248,82,104,10.87964244,9.383213194,8.758055801,9.976627556,486,20,454,40,506,494
34,1000,10,7.7,28,0,935,33,17,15,65,7.287,102,116,10.04023301,9.045680242,6.776150628,7.754789272,450,28,485,37,478,522
27,1000,10,7.7,28,102,947,39,9,5,53,9.233320443,90,115,10.53641331,8.94393234,8.819264215,9.620146667,463,20,484,33,483,517
28,1000,10,7.7,28,101,959,20,16,5,41,9.099893903,110,122,10.68654597,9.302051618,8.812032035,9.382055535,479,16,480,25,495,505
33,1000,10,7.7,28,1,940,33,14,13,60,7.558639858,91,108,9.910325979,9.007739071,6.38240993,8.702390064,473,20,467,40,493,507
30,1000,10,7.7,28,99,958,24,13,5,42,8.780161653,107,100,10.73371027,9.409405779,8.229934133,9.378634592,505,16,453,26,521,479
32,1000,10,7.7,28,33,940,37,8,15,60,8.159760566,88,121,10.17328451,9.025779632,7.670486962,8.704892044,505,22,435,38,527,473
29,1000,10,7.7,28,100,940,39,14,7,60,9.147116476,105,127,10.42651452,9.111441717,8.964133692,9.330832658,469,32,471,28,501,499
31,1000,10,7.7,28,85,957,22,15,6,43,8.578337139,82,102,10.19821387,9.259250886,8.222681765,8.92279077,474,18,483,25,492,508
34,1000,10,7.7,28,1,936,33,16,15,64,7.294567708,103,96,10.03427573,9.053516744,6.781671072,7.764231677,451,27,485,37,478,522
27,1000,10,7.7,28,103,947,39,9,5,53,9.258108006,119,111,10.55525252,8.954390218,8.810721086,9.676072962,463,20,484,33,483,517
28,1000,10,7.7,28,102,959,19,16,6,41,9.115887752,94,109,10.67397985,9.309509241,8.846063316,9.380369131,479,16,480,25,495,505
33,1000,10,7.7,28,2,940,33,14,13,60,7.535713182,106,113,9.931779693,9.008157788,6.354641167,8.684171768,473,20,467,40,493,507
30,1000,10,7.7,28,100,957,24,14,5,43,8.8135116,99,95,10.741525,9.400005576,8.29327976,9.379358758,503,18,454,25,521,479
32,1000,10,7.7,28,34,941,36,8,15,59,8.149144142,100,93,10.17687701,9.044525434,7.655162796,8.699520822,505,22,436,37,527,473
29,1000,10,7.7,28,101,939,41,13,7,61,9.140421558,91,103,10.4270371,9.101382582,8.982482831,9.298993306,467,34,472,27,501,499
31,1000,10,7.7,28,86,956,23,15,6,44,8.565260171,106,109,10.20749548,9.258617657,8.228916974,8.891009881,474,18,482,26,492,508
27,1000,10,7.7,28,104,946,38,11,5,54,9.283890181,77,105,10.55354086,8.936941205,8.835666261,9.702637092,462,21,484,33,483,517
35,1000,10,7.7,28,0,951,20,17,12,49,6.819,85,120,10.23658626,8.735815531,6.346076459,7.286282306,478,19,473,30,497,503
28,1000,10,7.7,28,103,957,20,16,7,43,9.180681052,91,128,10.68961182,9.325456834,8.926557602,9.429772353,478,17,479,26,495,505
34,1000,10,7.7,28,2,938,33,15,14,62,7.272686273,105,102,10.06240144,9.047026904,6.705305957,7.792241428,453,25,485,37,478,522
33,1000,10,7.7,28,3,939,34,14,13,61,7.547692353,99,98,9.945771165,9.011141784,6.370025083,8.692840211,473,20,466,41,493,507
30,1000,10,7.7,28,101,956,25,14,5,44,8.832217089,100,95,10.7517405,9.418505076,8.354882403,9.351405755,502,19,454,25,521,479
29,1000,10,7.7,28,102,941,40,12,7,59,9.1460764,93,120,10.41403591,9.104510585,8.98186195,9.310949024,469,32,472,27,501,499
32,1000,10,7.7,28,35,940,36,9,15,60,8.189431821,86,118,10.17700409,9.068207368,7.709190402,8.724499957,504,23,436,37,527,473
31,1000,10,7.7,28,87,956,24,14,6,44,8.589086847,72,96,10.19425513,9.268877934,8.234164656,8.932830386,474,18,482,26,492,508
28,1000,10,7.7,28,104,956,19,17,8,44,9.260918562,82,116,10.70851526,9.334407677,9.033680914,9.483656455,478,17,478,27,495,505
36,1000,10,7.7,28,0,938,33,12,17,62,7.484,85,89,9.852314987,9.00556428,6.638554217,8.322709163,474,24,464,38,498,502
35,1000,10,7.7,28,1,950,22,17,11,50,6.827974814,83,88,10.25399999,8.725815117,6.335151584,7.314919436,478,19,472,31,497,503
34,1000,10,7.7,28,3,940,32,14,14,60,7.27523605,100,98,10.05664727,9.072049597,6.735660333,7.769330288,453,25,487,35,478,522
30,1000,10,7.7,28,102,956,22,16,6,44,8.873921637,91,130,10.77099362,9.423665142,8.40325535,9.385857201,502,19,454,25,521,479
33,1000,10,7.7,28,4,937,35,15,13,63,7.576806935,99,101,9.952646495,9.004152275,6.375825234,8.744625434,472,21,465,42,493,507
29,1000,10,7.7,28,103,941,40,12,7,59,9.187421179,99,103,10.423733,9.11127273,9.041773663,9.333652453,469,32,472,27,501,499
32,1000,10,7.7,28,36,941,35,9,15,59,8.230045012,107,100,10.18442002,9.063158579,7.732350805,8.784558432,504,23,437,36,527,473
31,1000,10,7.7,28,88,955,25,14,6,45,8.589205408,94,104,10.21354062,9.273585669,8.248475826,8.919203349,473,19,482,26,492,508
36,1000,10,7.7,28,1,939,32,12,17,61,7.526289289,72,104,9.867954408,9.017651133,6.685575547,8.360304117,475,23,464,38,498,502
35,1000,10,7.7,28,2,951,21,18,10,49,6.856076437,93,104,10.27708749,8.732481548,6.362251541,7.344010778,478,19,473,30,497,503
34,1000,10,7.7,28,4,943,30,13,14,57,7.256189941,116,115,10.08381821,9.082975445,6.764147422,7.706757611,454,24,489,33,478,522
30,1000,10,7.7,28,103,955,22,17,6,45,8.883695004,110,111,10.78463362,9.435315662,8.422507412,9.385320757,502,19,453,26,521,479
33,1000,10,7.7,28,5,938,34,15,13,62,7.561136507,87,112,9.979541722,8.994509227,6.356043089,8.732953184,473,20,465,42,493,507
29,1000,10,7.7,28,104,941,40,12,7,59,9.204683372,94,110,10.44269812,9.106090773,9.039557972,9.370470598,469,32,472,27,501,499
37,1000,10,7.7,28,0,912,43,27,18,88,7.926,108,111,10.05056623,9.515484971,6.997959184,8.817647059,453,37,459,51,490,510
36,1000,10,7.7,28,2,941,30,12,17,59,7.550109168,95,100,9.873466589,9.008748147,6.72053984,8.373068381,477,21,464,38,498,502
35,1000,10,7.7,28,3,951,22,17,10,49,6.872388508,89,106,10.29229033,8.735579672,6.375016852,7.363827302,478,19,473,30,497,503
34,1000,10,7.7,28,5,942,31,13,14,58,7.318135815,87,119,10.09743543,9.090543109,6.841303897,7.754775004,453,25,489,33,478,522
31,1000,10,7.7,28,89,955,25,14,6,45,8.631682083,98,113,10.23840142,9.287805654,8.303292218,8.94972896,473,19,482,26,492,508
32,1000,10,7.7,28,37,940,36,9,15,60,8.278534123,99,101,10.21270522,9.056325845,7.770437404,8.844637655,503,24,437,36,527,473
30,1000,10,7.7,28,104,954,24,16,6,46,8.890497639,104,115,10.77334591,9.451322866,8.448044038,9.371746754,501,20,453,26,521,479
38,1000,10,7.7,28,0,948,22,18,12,52,6.942,95,130,10.08221029,8.859450646,6.503875969,7.409090909,492,24,456,28,516,484
33,1000,10,7.7,28,6,943,29,16,12,57,7.559044675,99,88,9.976484643,8.999982933,6.417236191,8.66932393,473,20,470,37,493,507
37,1000,10,7.7,28,1,912,43,26,19,88,7.950234391,115,103,10.05433917,9.530385818,7.029920103,8.834457923,453,37,459,51,490,510
35,1000,10,7.7,28,4,951,23,16,10,49,6.904487207,89,84,10.29222724,8.737990064,6.436647623,7.366746199,477,20,474,29,497,503
34,1000,10,7.7,28,6,943,30,13,14,57,7.330108772,91,101,10.097055,9.099498539,6.866445393,7.754689413,453,25,490,32,478,522
36,1000,10,7.7,28,3,941,30,12,17,59,7.563289438,95,100,9.890233475,9.015798634,6.738987561,8.381023172,478,20,463,39,498,502
31,1000,10,7.7,28,90,954,26,14,6,46,8.657591556,81,119,10.24468118,9.30166287,8.365547843,8.940437042,472,20,482,26,492,508
33,1000,10,7.7,28,7,944,28,16,12,56,7.568646339,112,108,9.983514096,9.01025699,6.450145893,8.65626117,473,20,471,36,493,507
38,1000,10,7.7,28,1,949,22,17,12,51,6.957551677,111,103,10.07697471,8.87198522,6.503350064,7.441783149,492,24,457,27,516,484
32,1000,10,7.7,28,38,940,36,9,15,60,8.334404655,100,105,10.22015929,9.062247619,7.860778374,8.862102435,503,24,437,36,527,473
37,1000,10,7.7,28,2,914,43,23,20,86,7.939239116,106,115,10.047493,9.546149014,7.003641676,8.83814646,454,36,460,50,490,510
35,1000,10,7.7,28,5,951,23,16,10,49,6.970560765,81,107,10.3200611,8.742606978,6.509200492,7.426417735,477,20,474,29,497,503
34,1000,10,7.7,28,7,944,29,12,15,56,7.370571719,95,99,10.08893093,9.120266691,6.913161347,7.789426428,453,25,491,31,478,522
36,1000,10,7.7,28,4,945,28,11,16,55,7.564542674,87,108,9.922901535,9.005931955,6.758577459,8.364085855,478,20,467,35,498,502
33,1000,10,7.7,28,8,943,29,16,12,57,7.5931039,102,110,9.986605051,9.00933949,6.487734406,8.66795037,472,21,471,36,493,507
31,1000,10,7.7,28,91,952,27,14,7,48,8.644686787,107,97,10.23561609,9.297164396,8.329152936,8.950282563,472,20,480,28,492,508
38,1000,10,7.7,28,2,951,23,16,10,49,6.955272992,110,103,10.09284021,8.884844831,6.483398047,7.45834628,493,23,458,26,516,484
32,1000,10,7.7,28,39,940,36,9,15,60,8.36934979,95,106,10.21285958,9.081810243,7.875264296,8.919842507,503,24,437,36,527,473
35,1000,10,7.7,28,6,952,21,17,10,48,6.977645707,98,111,10.33253972,8.765671543,6.560263836,7.390048869,477,20,475,28,497,503
34,1000,10,7.7,28,8,945,28,12,15,55,7.400305122,106,110,10.08755897,9.125987275,6.978907698,7.786182458,453,25,492,30,478,522
37,1000,10,7.7,28,3,916,41,23,20,84,7.97286956,99,104,10.07141674,9.554860364,7.05914537,8.850761429,455,35,461,49,490,510
33,1000,10,7.7,28,9,944,28,16,12,56,7.636059558,95,97,10.00651016,9.028092571,6.548096116,8.693980617,472,21,472,35,493,507
36,1000,10,7.7,28,5,946,28,10,16,54,7.558444204,101,114,9.929544903,9.000295434,6.786745796,8.323993621,478,20,468,34,498,502
31,1000,10,7.7,28,92,953,26,14,7,47,8.654753227,95,107,10.22105577,9.293619492,8.34319762,8.956496058,472,20,481,27,492,508
38,1000,10,7.7,28,3,950,26,16,8,50,6.924198411,97,95,10.0997004,8.885800346,6.488638102,7.388556096,493,23,457,27,516,484
32,1000,10,7.7,28,40,941,34,10,15,59,8.387472192,93,124,10.25016501,9.093928637,7.919591521,8.908768415,503,24,438,35,527,473
35,1000,10,7.7,28,7,952,22,16,10,48,7.0068443,81,105,10.35271683,8.735270825,6.566715218,7.441723334,478,19,474,29,497,503
34,1000,10,7.7,28,9,946,27,12,15,54,7.47002031,89,113,10.09170745,9.133473849,7.070764679,7.835622209,453,25,493,29,478,522
37,1000,10,7.7,28,4,919,37,25,19,81,7.973456153,85,106,10.07379142,9.556547723,7.062154156,8.849020817,456,34,463,47,490,510
33,1000,10,7.7,28,10,943,29,15,13,57,7.665295449,78,102,10.01293102,9.007459545,6.589309313,8.711569937,471,22,472,35,493,507
36,1000,10,7.7,28,6,947,26,11,16,53,7.533976531,86,105,9.93631379,8.985877817,6.743670553,8.317985251,478,20,469,33,498,502
31,1000,10,7.7,28,93,954,25,14,7,46,8.692553154,107,104,10.22977101,9.285477771,8.40377321,8.972237666,473,19,481,27,492,508
38,1000,10,7.7,28,4,951,26,15,8,49,6.929927082,86,113,10.11040142,8.874418189,6.514336703,7.37299451,494,22,457,27,516,484
35,1000,10,7.7,28,8,951,24,16,9,49,6.997798347,75,102,10.36766034,8.724355177,6.531415214,7.458618261,477,20,474,29,497,503
32,1000,10,7.7,28,41,941,35,10,14,59,8.395314377,110,100,10.26273339,9.111300019,7.905296626,8.941274958,503,24,438,35,527,473
34,1000,10,7.7,28,10,948,26,11,15,52,7.437625008,98,114,10.08680489,9.103984468,7.080543406,7.764607778,454,24,494,28,478,522
33,1000,10,7.7,28,11,942,29,16,13,58,7.679006757,101,101,10.02653426,9.003029244,6.585648748,8.74217342,470,23,472,35,493,507
37,1000,10,7.7,28,5,922,34,25,19,78,7.958007477,122,108,10.08643362,9.569037691,7.026781221,8.852715055,459,31,463,47,490,510
36,1000,10,7.7,28,7,948,25,11,16,52,7.551867921,93,86,9.957652475,8.985375727,6.753947576,8.343430336,479,19,469,33,498,502
31,1000,10,7.7,28,94,954,25,14,7,46,8.701647202,102,89,10.24116233,9.286050584,8.408333043,8.985723121,473,19,481,27,492,508
38,1000,10,7.7,28,5,951,27,14,8,49,6.961799608,92,102,10.12751612,8.875217753,6.506532539,7.447166978,495,21,456,28,516,484
35,1000,10,7.7,28,9,952,23,16,9,48,7.023226279,81,94,10.38109191,8.739491784,6.53760241,7.503057418,478,19,474,29,497,503
33,1000,10,7.7,28,12,943,30,15,12,57,7.687546098,92,99,10.03583883,8.989115471,6.576824013,8.767597357,471,22,472,35,493,507
34,1000,10,7.7,28,11,946,28,11,15,54,7.509448845,82,104,10.09705296,9.115136778,7.14750365,7.84088525,454,24,492,30,478,522
32,1000,10,7.7,28,42,941,36,10,13,59,8.402209619,96,112,10.27219508,9.117870066,7.928365763,8.930149814,503,24,438,35,527,473
37,1000,10,7.7,28,6,920,36,25,19,80,7.98031983,87,112,10.08975973,9.579863418,7.048980651,8.875135904,458,32,462,48,490,510
36,1000,10,7.7,28,8,949,25,10,16,51,7.558907287,115,112,9.956402373,8.988324266,6.784028617,8.327611624,479,19,470,32,498,502
31,1000,10,7.7,28,95,954,24,14,8,46,8.726387904,108,108,10.24026527,9.308933656,8.42113526,9.022026292,473,19,481,27,492,508
38,1000,10,7.7,28,6,951,26,15,8,49,6.994819596,95,90,10.14013511,8.856311402,6.512014442,7.509545752,496,20,455,29,516,484
35,1000,10,7.7,28,10,953,23,14,10,47,7.051583396,88,111,10.38390971,8.7441291,6.605756528,7.49209225,478,19,475,28,497,503
33,1000,10,7.7,28,13,944,30,14,12,56,7.682233688,105,105,10.03781704,8.988710433,6.558791066,8.774654227,472,21,472,35,493,507
34,1000,10,7.7,28,12,946,28,11,15,54,7.495730285,90,105,10.08898219,9.125749856,7.152580696,7.809955387,454,24,492,30,478,522
37,1000,10,7.7,28,7,921,36,24,19,79,8.025498121,90,101,10.08803438,9.571487795,7.106583525,8.908376851,458,32,463,47,490,510
32,1000,10,7.7,28,43,942,36,9,13,58,8.430635002,79,102,10.27958849,9.107377116,7.95571089,8.959778781,503,24,439,34,527,473
31,1000,10,7.7,28,96,953,25,14,8,47,8.761302614,94,108,10.26337574,9.330056524,8.493937981,9.020246314,473,19,480,28,492,508
36,1000,10,7.7,28,9,948,26,10,16,52,7.594612389,76,98,9.952232656,8.997180369,6.836513334,8.346670814,478,20,470,32,498,502
35,1000,10,7.7,28,11,954,23,13,10,46,7.070763688,107,113,10.37368885,8.73473227,6.659443249,7.47717772,478,19,476,27,497,503
38,1000,10,7.7,28,7,950,26,16,8,50,7.021269876,87,107,10.15847134,8.861772299,6.512991652,7.563153272,496,20,454,30,516,484
33,1000,10,7.7,28,14,945,29,14,12,55,7.670920711,76,100,10.03923129,8.99710399,6.563102503,8.748148278,472,21,473,34,493,507
34,1000,10,7.7,28,13,947,27,12,14,53,7.516781662,100,105,10.08862264,9.1224423,7.203076794,7.804043973,454,24,493,29,478,522
37,1000,10,7.7,28,8,920,38,24,18,80,8.028914008,94,97,10.10202293,9.577627354,7.098696234,8.922652653,457,33,463,47,490,510
32,1000,10,7.7,28,44,944,36,7,13,56,8.443498792,99,109,10.28577382,9.090454816,7.97162718,8.969241582,504,23,440,33,527,473
31,1000,10,7.7,28,97,953,25,14,8,47,8.7702207,108,113,10.27169073,9.346893603,8.484925248,9.046530469,473,19,480,28,492,508
35,1000,10,7.7,28,12,955,21,14,10,45,7.057444336,100,107,10.37334035,8.74738752,6.650747312,7.459290104,478,19,477,26,497,503
36,1000,10,7.7,28,10,950,23,11,16,50,7.582196795,104,81,9.967854214,8.989589408,6.841619252,8.316873323,479,19,471,31,498,502
38,1000,10,7.7,28,8,951,26,15,8,49,7.076089678,95,142,10.15758028,8.867936106,6.569707804,7.615951346,497,19,454,30,516,484
33,1000,10,7.7,28,15,947,29,13,11,53,7.670503903,81,110,10.04419704,8.999122558,6.556270932,8.753969099,474,19,473,34,493,507
34,1000,10,7.7,28,14,948,27,11,14,52,7.547118798,89,109,10.09935102,9.118146384,7.184248938,7.879401927,454,24,494,28,478,522
37,1000,10,7.7,28,9,921,38,23,18,79,8.031593035,92,110,10.09809869,9.593718839,7.114968492,8.912271518,457,33,464,46,490,510
35,1000,10,7.7,28,13,956,22,13,9,44,7.072935112,73,105,10.37742128,8.743133864,6.690428358,7.450879162,478,19,478,25,497,503
32,1000,10,7.7,28,45,948,33,7,12,52,8.429605463,95,110,10.29436254,9.103666298,7.937637627,8.97773876,506,21,442,31,527,473
36,1000,10,7.7,28,11,950,23,11,16,50,7.592556912,112,115,9.960967443,8.996721314,6.877439169,8.301976506,479,19,471,31,498,502
31,1000,10,7.7,28,98,953,24,15,8,47,8.77109175,106,117,10.25651983,9.353216951,8.538350886,8.996502193,473,19,480,28,492,508
38,1000,10,7.7,28,9,951,27,14,8,49,7.04805985,101,97,10.15932562,8.879119149,6.543051974,7.586456677,497,19,454,30,516,484
33,1000,10,7.7,28,16,947,29,13,11,53,7.680487384,106,120,10.05439737,9.002926346,6.563883796,8.766257738,474,19,473,34,493,507
34,1000,10,7.7,28,15,950,26,10,14,50,7.550887751,99,94,10.09958308,9.121173401,7.173140822,7.896793942,455,23,495,27,478,522
37,1000,10,7.7,28,10,922,38,23,17,78,8.058412974,105,120,10.09336811,9.608194971,7.151755813,8.929514951,457,33,465,45,490,510
35,1000,10,7.7,28,14,955,23,14,8,45,7.082756511,100,113,10.39101342,8.752019908,6.704941584,7.456064699,477,20,478,25,497,503
36,1000,10,7.7,28,12,950,23,11,16,50,7.633536399,81,110,9.973945686,8.984605407,6.925655647,8.335776666,479,19,471,31,498,502
31,1000,10,7.7,28,99,953,25,14,8,47,8.785943396,89,103,10.24905295,9.359973319,8.539743264,9.024389194,473,19,480,28,492,508
33,1000,10,7.7,28,17,946,30,12,12,54,7.709723017,90,100,10.06265454,8.999624977,6.604372927,8.78455062,474,19,472,35,493,507
32,1000,10,7.7,28,46,948,33,7,12,52,8.483290699,98,123,10.31114541,9.131489541,7.977848467,9.046436696,506,21,442,31,527,473
38,1000,10,7.7,28,10,952,27,13,8,48,7.061442031,73,96,10.17069273,8.878366278,6.509695146,7.64966805,498,18,454,30,516,484
34,1000,10,7.7,28,16,950,26,10,14,50,7.56649983,104,110,10.11977676,9.143798045,7.174786889,7.925194822,455,23,495,27,478,522
37,1000,10,7.7,28,11,923,37,23,17,77,8.056326466,95,130,10.08019066,9.615083164,7.155870649,8.921470289,458,32,465,45,490,510
35,1000,10,7.7,28,15,955,23,14,8,45,7.110740866,96,99,10.42308764,8.776519052,6.715819019,7.500951916,477,20,478,25,497,503
36,1000,10,7.7,28,13,951,23,11,15,49,7.689685471,92,133,9.965571279,8.996592421,7.003976606,8.369930521,479,19,472,30,498,502
33,1000,10,7.7,28,18,946,30,12,12,54,7.740111607,91,96,10.08598126,9.011713017,6.672900158,8.777853707,474,19,472,35,493,507
31,1000,10,7.7,28,100,952,26,14,8,48,8.797746155,88,108,10.2560048,9.374957001,8.550922491,9.036795845,472,20,480,28,492,508
38,1000,10,7.7,28,11,953,26,13,8,47,7.063171524,92,108,10.16367005,8.889870835,6.528197218,7.633516031,498,18,455,29,516,484
32,1000,10,7.7,28,47,947,34,7,12,53,8.506077858,96,104,10.30955875,9.122983195,8.02596482,9.041002956,506,21,441,32,527,473
34,1000,10,7.7,28,17,950,27,9,14,50,7.575967281,89,97,10.11603538,9.142730608,7.162462156,7.954617568,455,23,495,27,478,522
35,1000,10,7.7,28,16,956,22,14,8,44,7.117498207,106,106,10.42139775,8.767784616,6.706432033,7.523661007,477,20,479,24,497,503
37,1000,10,7.7,28,12,922,39,21,18,78,8.089593088,93,101,10.07483573,9.615994382,7.197499435,8.946702677,458,32,464,46,490,510
33,1000,10,7.7,28,19,946,28,14,12,54,7.743251848,104,108,10.07746232,9.025536349,6.664014044,8.792688214,475,18,471,36,493,507
36,1000,10,7.7,28,14,951,23,11,15,49,7.729179553,103,100,9.971271423,8.993880791,7.020518594,8.432193811,479,19,472,30,498,502
31,1000,10,7.7,28,101,952,26,14,8,48,8.840110873,100,106,10.24774171,9.374874426,8.592393279,9.080026338,472,20,480,28,492,508
38,1000,10,7.7,28,12,954,25,13,8,46,7.097005173,86,101,10.16519369,8.885636007,6.596076259,7.631053354,498,18,456,28,516,484
32,1000,10,7.7,28,48,948,33,6,13,52,8.523903875,102,110,10.3194798,9.137249446,8.043824615,9.058791338,506,21,442,31,527,473
34,1000,10,7.7,28,18,950,27,9,14,50,7.606131326,103,110,10.11619577,9.153329585,7.164016385,8.010979874,456,22,494,28,478,522
35,1000,10,7.7,28,17,957,21,14,8,43,7.137839768,86,108,10.42983918,8.767819875,6.716538165,7.554115903,477,20,480,23,497,503
37,1000,10,7.7,28,13,921,39,22,18,79,8.086223377,97,111,10.07922956,9.619004714,7.189253103,8.948018345,457,33,464,46,490,510
33,1000,10,7.7,28,20,946,27,14,13,54,7.744864735,92,106,10.08620292,9.044819518,6.635717022,8.823385094,476,17,470,37,493,507
36,1000,10,7.7,28,15,949,25,10,16,51,7.749280312,97,108,9.96022736,8.994638887,7.028689525,8.46412934,479,19,470,32,498,502
31,1000,10,7.7,28,102,952,26,14,8,48,8.85605019,99,105,10.25721578,9.374039123,8.614862541,9.089641378,472,20,480,28,492,508
38,1000,10,7.7,28,13,954,24,14,8,46,7.085952404,93,97,10.18768299,8.890058497,6.555204166,7.651791434,498,18,456,28,516,484
32,1000,10,7.7,28,49,946,35,6,13,54,8.543230176,92,110,10.30497526,9.125233196,8.092717397,9.045175704,505,22,441,32,527,473
35,1000,10,7.7,28,18,958,21,13,8,42,7.146107506,102,120,10.41864482,8.759470165,6.748005088,7.539461186,477,20,481,22,497,503
34,1000,10,7.7,28,19,951,25,10,14,49,7.64727366,100,80,10.11416643,9.162527297,7.208236543,8.049303816,457,21,494,28,478,522
33,1000,10,7.7,28,21,948,25,13,14,52,7.771453728,87,105,10.09921855,9.042213028,6.645613891,8.866205285,477,16,471,36,493,507
37,1000,10,7.7,28,14,922,38,22,18,78,8.112239143,106,106,10.08354204,9.620036217,7.222576876,8.967012693,458,32,464,46,490,510
36,1000,10,7.7,28,16,950,25,9,16,50,7.782494968,109,100,9.952867568,8.997371621,7.054639943,8.504550352,480,18,470,32,498,502
31,1000,10,7.7,28,103,950,28,14,8,50,8.88753162,97,109,10.25612833,9.371273046,8.657341539,9.11047162,471,21,479,29,492,508
38,1000,10,7.7,28,14,955,24,13,8,45,7.11692997,86,113,10.18676981,8.874628658,6.588612298,7.680177736,498,18,457,27,516,484
35,1000,10,7.7,28,19,961,18,13,8,39,7.152388443,96,112,10.42411297,8.756149694,6.742379171,7.557506948,478,19,483,20,497,503
34,1000,10,7.7,28,20,952,24,10,14,48,7.655045961,94,100,10.11802092,9.186079256,7.224443088,8.049352808,458,20,494,28,478,522
32,1000,10,7.7,28,50,946,35,6,13,54,8.579889858,92,119,10.29948561,9.141534566,8.109641266,9.103824336,505,22,441,32,527,473
33,1000,10,7.7,28,22,950,24,12,14,50,7.805198095,78,98,10.11788617,9.039158505,6.71710353,8.863246656,477,16,473,34,493,507
37,1000,10,7.7,28,15,921,38,23,18,79,8.108629901,103,91,10.09258755,9.613998637,7.207017618,8.974884839,458,32,463,47,490,510
36,1000,10,7.7,28,17,948,27,9,16,52,7.817551885,103,108,9.974665556,8.991654651,7.078797073,8.550420204,479,19,469,33,498,502
31,1000,10,7.7,28,104,950,28,14,8,50,8.911093145,97,110,10.26500675,9.376318601,8.706391679,9.109347321,471,21,479,29,492,508
39,1000,10,7.7,28,0,941,29,14,16,59,7.098,80,116,10.02222434,8.948397032,6.167372881,7.929924242,456,16,485,43,472,528
38,1000,10,7.7,28,15,955,25,12,8,45,7.154461337,69,92,10.19775468,8.872487173,6.682297125,7.657843018,497,19,458,26,516,484
35,1000,10,7.7,28,20,962,17,12,9,38,7.199106247,112,102,10.43306862,8.754307223,6.762363539,7.630639301,479,18,483,20,497,503
34,1000,10,7.7,28,21,954,23,9,14,46,7.64466645,94,103,10.11664681,9.182065118,7.190509079,8.060542356,459,19,495,27,478,522
33,1000,10,7.7,28,23,949,25,12,14,51,7.839600097,98,112,10.11933296,9.0623767,6.734031244,8.914640422,477,16,472,35,493,507
32,1000,10,7.7,28,51,948,33,6,13,52,8.563823919,125,117,10.30575613,9.156069472,8.099209708,9.081480767,506,21,442,31,527,473
37,1000,10,7.7,28,16,923,36,23,18,77,8.08849735,87,100,10.10683178,9.616770119,7.179253286,8.962084785,459,31,464,46,490,510
36,1000,10,7.7,28,18,948,26,10,16,52,7.840867628,96,102,9.983212228,8.972847385,7.095119155,8.580673881,479,19,469,33,498,502
39,1000,10,7.7,28,1,942,29,14,15,58,7.10084397,81,117,10.02401541,8.961940325,6.199632616,7.906472301,456,16,486,42,472,528
38,1000,10,7.7,28,16,957,24,11,8,43,7.155792703,92,119,10.19451899,8.88567921,6.681013907,7.661961834,497,19,460,24,516,484
35,1000,10,7.7,28,21,962,17,12,9,38,7.187125225,105,95,10.42273567,8.75281998,6.768874615,7.600386763,479,18,483,20,497,503
33,1000,10,7.7,28,24,949,25,12,14,51,7.83040187,85,107,10.12752989,9.074038102,6.726595016,8.903728851,477,16,472,35,493,507
34,1000,10,7.7,28,22,954,23,9,14,46,7.663678051,94,99,10.12600789,9.173002617,7.218732484,8.071118628,460,18,494,28,478,522
32,1000,10,7.7,28,52,948,35,6,11,52,8.542106254,115,92,10.29970484,9.174482629,8.091754222,9.043872682,504,23,444,29,527,473
37,1000,10,7.7,28,17,923,36,21,20,77,8.119582794,107,87,10.10636578,9.608389618,7.211256783,8.992288177,459,31,464,46,490,510
36,1000,10,7.7,28,19,949,26,9,16,51,7.847216949,108,115,9.992674928,8.970985135,7.094771804,8.593666515,480,18,469,33,498,502
35,1000,10,7.7,28,22,962,16,13,9,38,7.211156882,92,115,10.41247237,8.743018914,6.787466692,7.629793114,481,16,481,22,497,503
39,1000,10,7.7,28,2,944,28,12,16,56,7.122208612,88,115,10.03299038,8.988842657,6.219855877,7.92885727,457,15,487,41,472,528
38,1000,10,7.7,28,17,956,25,11,8,44,7.153954521,91,111,10.20311627,8.885512354,6.660219333,7.680333358,497,19,459,25,516,484
33,1000,10,7.7,28,25,947,27,12,14,53,7.859115688,103,98,10.13995265,9.078482993,6.77876895,8.909630366,476,17,471,36,493,507
34,1000,10,7.7,28,23,954,24,9,13,46,7.683744223,90,116,10.13008993,9.189154071,7.214519657,8.113417293,461,17,493,29,478,522
37,1000,10,7.7,28,18,924,36,21,19,76,8.106007009,108,117,10.13366423,9.599984172,7.230507445,8.947173257,459,31,465,45,490,510
32,1000,10,7.7,28,53,947,36,6,11,53,8.5748494,102,110,10.32390142,9.168091489,8.125283475,9.075739975,504,23,443,30,527,473
36,1000,10,7.7,28,20,946,29,9,16,54,7.880534241,85,109,10.00323543,8.953270853,7.147801435,8.607428538,479,19,467,35,498,502
35,1000,10,7.7,28,23,961,17,12,10,39,7.24432409,97,121,10.40459312,8.753781138,6.816351634,7.667191506,481,16,480,23,497,503
39,1000,10,7.7,28,3,944,29,11,16,56,7.144079043,99,93,10.04389221,9.007668149,6.237748545,7.954283579,458,14,486,42,472,528
38,1000,10,7.7,28,18,956,24,12,8,44,7.173874326,99,102,10.17472064,8.878461809,6.663943175,7.717519933,497,19,459,25,516,484
33,1000,10,7.7,28,26,950,25,12,13,50,7.85913657,97,105,10.1297553,9.063708727,6.773231608,8.91505599,478,15,472,35,493,507
34,1000,10,7.7,28,24,954,23,10,13,46,7.711908462,91,103,10.14496019,9.204791701,7.257192082,8.128296258,461,17,493,29,478,522
37,1000,10,7.7,28,19,927,35,18,20,73,8.100054581,96,106,10.14398302,9.60851506,7.249956214,8.916815756,460,30,467,43,490,510
36,1000,10,7.7,28,21,947,28,9,16,53,7.925699486,93,99,9.993709729,8.928401458,7.196687093,8.648903015,480,18,467,35,498,502
35,1000,10,7.7,28,24,962,17,12,9,38,7.273161193,104,114,10.38760915,8.771082389,6.859455231,7.681932294,482,15,480,23,497,503
32,1000,10,7.7,28,54,948,35,6,11,52,8.552840932,89,107,10.32712639,9.185969689,8.113612582,9.042213745,504,23,444,29,527,473
39,1000,10,7.7,28,4,946,27,11,16,54,7.143307088,84,120,10.04548739,9.003634248,6.240798701,7.950094889,459,13,487,41,472,528
38,1000,10,7.7,28,19,954,26,12,8,46,7.214625482,96,110,10.17443846,8.88683824,6.721575727,7.740273569,496,20,458,26,516,484
33,1000,10,7.7,28,27,951,25,11,13,49,7.883570141,105,97,10.14559437,9.071039184,6.806894075,8.930515506,478,15,473,34,493,507
34,1000,10,7.7,28,25,955,22,10,13,45,7.743452028,79,101,10.15557288,9.232243566,7.313738867,8.136944157,461,17,494,28,478,522
35,1000,10,7.7,28,25,962,17,12,9,38,7.285137791,96,103,10.39566157,8.787504226,6.884358347,7.681136566,482,15,480,23,497,503
37,1000,10,7.7,28,20,927,36,18,19,73,8.097035404,99,110,10.15728178,9.621842232,7.237693563,8.922677565,459,31,468,42,490,510
36,1000,10,7.7,28,22,947,29,8,16,53,7.923126466,95,118,10.00739304,8.941555548,7.177707679,8.662605662,480,18,467,35,498,502
33,1000,10,7.7,28,28,951,26,11,12,49,7.889809838,92,100,10.146107,9.085315505,6.803002241,8.946606968,478,15,473,34,493,507
39,1000,10,7.7,28,5,946,27,11,16,54,7.155592115,91,102,10.06700727,9.015731054,6.263009607,7.953506782,459,13,487,41,472,528
38,1000,10,7.7,28,20,957,24,11,8,43,7.208977039,99,119,10.19804761,8.887636764,6.719600422,7.730709135,499,17,458,26,516,484
32,1000,10,7.7,28,55,948,35,5,12,52,8.57476202,95,113,10.34108747,9.214551862,8.147036737,9.05131852,504,23,444,29,527,473
34,1000,10,7.7,28,26,954,22,11,13,46,7.761775747,101,109,10.15293473,9.219711242,7.35499357,8.134269771,461,17,493,29,478,522
35,1000,10,7.7,28,26,962,17,11,10,38,7.317104133,79,107,10.43855629,8.788939391,6.941396364,7.688330298,481,16,481,22,497,503
37,1000,10,7.7,28,21,928,35,18,19,72,8.153412941,97,126,10.14991415,9.608453964,7.278609621,8.99391025,460,30,468,42,490,510
36,1000,10,7.7,28,23,948,30,7,15,52,7.930558286,84,98,10.01308057,8.945829403,7.240408497,8.615208873,480,18,468,34,498,502
33,1000,10,7.7,28,29,951,25,12,12,49,7.898928712,100,94,10.17392134,9.067886659,6.791538207,8.975740387,478,15,473,34,493,507
39,1000,10,7.7,28,6,948,25,11,16,52,7.149819288,90,93,10.0759394,9.017278396,6.26489243,7.940890267,461,11,487,41,472,528
38,1000,10,7.7,28,21,958,22,12,8,42,7.24317493,103,105,10.19756173,8.897531031,6.770275902,7.74734001,500,16,458,26,516,484
32,1000,10,7.7,28,56,949,35,5,11,51,8.555940541,99,92,10.34416589,9.223662563,8.142280351,9.016826207,505,22,444,29,527,473
34,1000,10,7.7,28,27,956,20,12,12,44,7.748674284,96,110,10.1646076,9.238460278,7.356988492,8.107344414,462,16,494,28,478,522
35,1000,10,7.7,28,27,963,17,10,10,37,7.329349732,89,112,10.45099238,8.792257638,6.946804616,7.707331687,482,15,481,22,497,503
36,1000,10,7.7,28,24,948,31,7,14,52,7.943798877,103,93,10.00369311,8.941225769,7.251038053,8.631039694,480,18,468,34,498,502
37,1000,10,7.7,28,22,931,33,17,19,69,8.153308195,92,119,10.15257533,9.619716276,7.29499529,8.97796177,461,29,470,40,490,510
33,1000,10,7.7,28,30,953,23,12,12,47,7.940612802,107,109,10.16051363,9.075841394,6.821435093,9.028886196,480,13,473,34,493,507
39,1000,10,7.7,28,7,948,26,11,15,52,7.149695675,95,100,10.07472922,9.015608759,6.300594812,7.908740386,461,11,487,41,472,528
38,1000,10,7.7,28,22,958,23,11,8,42,7.246780107,79,103,10.20168925,8.889123621,6.796890642,7.726414329,499,17,459,25,516,484
34,1000,10,7.7,28,28,957,20,11,12,43,7.754219148,104,100,10.1672043,9.249913432,7.393259022,8.084753517,462,16,495,27,478,522
32,1000,10,7.7,28,57,950,35,4,11,50,8.587038396,99,119,10.35250338,9.226181186,8.157757703,9.065327879,506,21,444,29,527,473
35,1000,10,7.7,28,28,962,18,10,10,38,7.367195193,83,95,10.47556817,8.798195351,6.995442692,7.73451327,481,16,481,22,497,503
36,1000,10,7.7,28,25,951,28,7,14,49,7.923256163,82,114,10.01358642,8.941739202,7.210897316,8.629938844,483,15,468,34,498,502
33,1000,10,7.7,28,31,954,23,12,11,46,7.963944175,103,119,10.14728891,9.085052321,6.819758085,9.076535384,481,12,473,34,493,507
37,1000,10,7.7,28,23,930,35,16,19,70,8.190597683,113,105,10.15243339,9.636214392,7.378141005,8.971193315,459,31,471,39,490,510
39,1000,10,7.7,28,8,948,25,13,14,52,7.220618159,90,104,10.07282282,9.027462313,6.347396307,8.001225572,461,11,487,41,472,528
38,1000,10,7.7,28,23,958,23,11,8,42,7.284154372,102,88,10.20243906,8.906211872,6.87833754,7.716802069,499,17,459,25,516,484
35,1000,10,7.7,28,29,962,18,9,11,38,7.386853738,99,120,10.47745803,8.792572902,6.998021742,7.77104758,481,16,481,22,497,503
34,1000,10,7.7,28,29,957,21,9,13,43,7.763030811,98,105,10.18455025,9.251056868,7.433692075,8.064609194,462,16,495,27,478,522
32,1000,10,7.7,28,58,952,32,5,11,48,8.612393062,90,115,10.3437986,9.230553173,8.176394295,9.098167586,508,19,444,29,527,473
36,1000,10,7.7,28,26,952,28,6,14,48,7.940241701,94,123,10.01180401,8.927236531,7.23309815,8.641750642,483,15,469,33,498,502
33,1000,10,7.7,28,32,954,23,12,11,46,8.010963457,90,98,10.13158056,9.095885098,6.899730246,9.091511728,481,12,473,34,493,507
37,1000,10,7.7,28,24,933,34,14,19,67,8.147935961,101,118,10.16007196,9.655097375,7.375326103,8.890247393,459,31,474,36,490,510
39,1000,10,7.7,28,9,948,25,13,14,52,7.280335395,89,94,10.08659266,9.036245004,6.40121774,8.066213299,461,11,487,41,472,528
38,1000,10,7.7,28,24,958,23,11,8,42,7.305102666,113,105,10.20400635,8.918672247,6.89215945,7.745347913,499,17,459,25,516,484
35,1000,10,7.7,28,30,963,17,9,11,37,7.38135368,82,125,10.48384556,8.787372687,6.988051928,7.769963961,482,15,481,22,497,503
34,1000,10,7.7,28,30,957,21,9,13,43,7.786372847,87,103,10.16911912,9.251835796,7.476788917,8.069861579,462,16,495,27,478,522
32,1000,10,7.7,28,59,953,31,5,11,47,8.634871115,99,112,10.3472198,9.240819538,8.250681161,9.062922079,508,19,445,28,527,473
33,1000,10,7.7,28,33,954,22,14,10,46,8.053876814,95,111,10.14419897,9.129190635,6.984402003,9.093819775,481,12,473,34,493,507
36,1000,10,7.7,28,27,953,27,6,14,47,7.963788696,100,102,10.01329836,8.922668664,7.193414652,8.728024301,484,14,469,33,498,502
37,1000,10,7.7,28,25,932,37,13,18,68,8.150196375,94,100,10.16397914,9.636247945,7.344836189,8.923973809,458,32,474,36,490,510
39,1000,10,7.7,28,10,947,25,14,14,53,7.296594224,90,105,10.06994979,9.023788266,6.408575441,8.090429197,461,11,486,42,472,528
38,1000,10,7.7,28,25,958,23,11,8,42,7.341407055,99,105,10.21713887,8.93054766,6.960267984,7.747745403,499,17,459,25,516,484
35,1000,10,7.7,28,31,962,18,10,10,38,7.399836893,101,115,10.48314589,8.807816921,6.980891085,7.813785336,482,15,480,23,497,503
34,1000,10,7.7,28,31,958,20,9,13,42,7.780699693,103,97,10.16702207,9.259656329,7.493606225,8.043593711,462,16,496,26,478,522
33,1000,10,7.7,28,34,953,23,14,10,47,8.090749739,94,110,10.15266169,9.129644424,7.030368003,9.121850717,481,12,472,35,493,507
36,1000,10,7.7,28,28,953,27,6,14,47,7.979825653,92,107,10.0160972,8.903049412,7.231359471,8.722327962,484,14,469,33,498,502
32,1000,10,7.7,28,60,952,31,5,12,48,8.694532406,80,104,10.36501035,9.227324562,8.293958704,9.140837565,508,19,444,29,527,473
37,1000,10,7.7,28,26,932,37,13,18,68,8.154815422,78,117,10.17532194,9.642286139,7.35393096,8.924292652,458,32,474,36,490,510
35,1000,10,7.7,28,32,961,20,8,11,39,7.44324153,83,95,10.49516522,8.817732024,7.00980023,7.871512556,482,15,479,24,497,503
39,1000,10,7.7,28,11,946,26,14,14,54,7.351820809,94,107,10.10221908,9.030293973,6.462836724,8.146518703,461,11,485,43,472,528
38,1000,10,7.7,28,26,961,21,11,7,39,7.349112957,86,114,10.22009117,8.927049499,6.964609812,7.759037798,501,15,460,24,516,484
34,1000,10,7.7,28,32,956,22,9,13,44,7.847633381,79,96,10.17591903,9.261516696,7.52442378,8.14359926,461,17,495,27,478,522
33,1000,10,7.7,28,35,952,24,14,10,48,8.146801734,108,102,10.18084245,9.10974266,7.069719793,9.194141767,481,12,471,36,493,507
36,1000,10,7.7,28,29,954,27,6,13,46,8.012937166,92,98,10.01905164,8.88174303,7.269821763,8.750131332,484,14,470,32,498,502
37,1000,10,7.7,28,27,932,37,13,18,68,8.192035067,84,105,10.18297084,9.648343398,7.411836927,8.941637201,458,32,474,36,490,510
32,1000,10,7.7,28,61,951,32,5,12,49,8.728504878,104,102,10.36373237,9.224374332,8.303337603,9.202211334,508,19,443,30,527,473
35,1000,10,7.7,28,33,961,19,9,11,39,7.461483265,106,122,10.50666784,8.80818279,7.033052955,7.884803075,482,15,479,24,497,503
39,1000,10,7.7,28,12,947,26,14,13,53,7.365306171,105,114,10.11221534,9.025593476,6.495358039,8.142987077,461,11,486,42,472,528
38,1000,10,7.7,28,27,961,21,11,7,39,7.370168159,96,120,10.21686383,8.929487924,6.987516079,7.77811955,501,15,460,24,516,484
34,1000,10,7.7,28,33,955,23,9,13,45,7.855935854,107,96,10.16959146,9.273998775,7.549095001,8.136912727,461,17,494,28,478,522
33,1000,10,7.7,28,36,952,25,13,10,48,8.155800413,92,122,10.1823914,9.115216695,7.108896222,9.173796008,480,13,472,35,493,507
36,1000,10,7.7,28,30,952,29,6,13,48,8.025695436,100,97,10.04295959,8.892817005,7.270953528,8.774423464,484,14,468,34,498,502
35,1000,10,7.7,28,34,962,19,9,10,38,7.482598681,94,103,10.49551932,8.800069076,7.049324984,7.910704103,482,15,480,23,497,503
37,1000,10,7.7,28,28,933,37,13,17,67,8.19332119,103,97,10.17838516,9.654293192,7.416356518,8.93981666,458,32,475,35,490,510
32,1000,10,7.7,28,62,949,34,5,12,51,8.742120668,86,107,10.37111383,9.229238148,8.338496334,9.191824736,507,20,442,31,527,473
39,1000,10,7.7,28,13,947,25,15,13,53,7.392321408,88,103,10.12508963,9.023034773,6.524560516,8.168047055,461,11,486,42,472,528
38,1000,10,7.7,28,28,961,22,10,7,39,7.376970407,95,116,10.19591806,8.927331243,6.999740379,7.779141263,501,15,460,24,516,484
33,1000,10,7.7,28,37,952,26,13,9,48,8.148130806,100,102,10.18712909,9.110536812,7.127547948,9.140531889,480,13,472,35,493,507
34,1000,10,7.7,28,34,955,23,9,13,45,7.881169507,103,103,10.17000903,9.295443814,7.566010996,8.169762932,461,17,494,28,478,522
36,1000,10,7.7,28,31,952,27,8,13,48,8.097262196,91,117,10.043393,8.889770585,7.349773692,8.838794615,484,14,468,34,498,502
35,1000,10,7.7,28,35,963,18,9,10,37,7.513184515,93,104,10.50198285,8.78979514,7.099583441,7.921851978,482,15,481,22,497,503
37,1000,10,7.7,28,29,934,39,12,15,66,8.208116662,107,106,10.1933042,9.667889188,7.441414229,8.944752334,458,32,476,34,490,510
39,1000,10,7.7,28,14,947,25,15,13,53,7.40672903,100,104,10.13629984,9.036323467,6.540219914,8.181335664,460,12,487,41,472,528
38,1000,10,7.7,28,29,961,22,10,7,39,7.425655928,97,111,10.21107162,8.936288896,7.04326682,7.833326961,501,15,460,24,516,484
32,1000,10,7.7,28,63,948,35,4,13,52,8.75103294,104,111,10.36513018,9.252153628,8.342985388,9.205665202,507,20,441,32,527,473
33,1000,10,7.7,28,38,953,25,13,9,47,8.158302121,83,87,10.18968983,9.122036076,7.121886982,9.166098302,481,12,472,35,493,507
34,1000,10,7.7,28,35,955,23,9,13,45,7.893818582,79,101,10.18660529,9.307316489,7.584068555,8.17745941,461,17,494,28,478,522
36,1000,10,7.7,28,32,952,27,8,13,48,8.154510532,84,104,10.01462517,8.886184697,7.385487965,8.917405429,484,14,468,34,498,502
35,1000,10,7.7,28,36,962,19,9,10,38,7.545370715,87,113,10.49601835,8.806978603,7.131475274,7.954329033,481,16,481,22,497,503
37,1000,10,7.7,28,30,935,38,12,15,65,8.249114439,104,111,10.21638609,9.673704494,7.499675205,8.969163898,458,32,477,33,490,510
39,1000,10,7.7,28,15,947,25,15,13,53,7.441012565,89,90,10.16388936,9.020499214,6.574155215,8.215930498,460,12,487,41,472,528
38,1000,10,7.7,28,30,963,20,10,7,37,7.427073907,95,129,10.20823785,8.943106261,7.041250208,7.838406611,503,13,460,24,516,484
33,1000,10,7.7,28,39,953,25,13,9,47,8.181896566,83,101,10.19520553,9.129852056,7.150143663,9.185159252,481,12,472,35,493,507
32,1000,10,7.7,28,64,948,35,4,13,52,8.787313184,103,94,10.37533379,9.240211164,8.370779944,9.251399902,507,20,441,32,527,473
34,1000,10,7.7,28,36,954,24,9,13,46,7.890921873,92,101,10.20392527,9.308366155,7.577501515,8.177923656,461,17,493,29,478,522
35,1000,10,7.7,28,37,961,20,9,10,39,7.595435273,82,108,10.54733887,8.80785004,7.192081838,7.993977336,480,17,481,22,497,503
36,1000,10,7.7,28,33,950,29,7,14,50,8.192390838,93,111,10.01737749,8.878488234,7.404477428,8.974026054,484,14,466,36,498,502
37,1000,10,7.7,28,31,935,38,11,16,65,8.292116221,101,108,10.21035822,9.669487,7.546213798,9.008767569,459,31,476,34,490,510
33,1000,10,7.7,28,40,953,24,14,9,47,8.203963463,89,106,10.18850163,9.147661542,7.175096572,9.204419828,480,13,473,34,493,507
39,1000,10,7.7,28,16,947,25,15,13,53,7.495847429,92,109,10.16646926,9.038417126,6.657797576,8.245013207,460,12,487,41,472,528
38,1000,10,7.7,28,31,962,21,10,7,38,7.437673182,101,104,10.20787723,8.943674671,7.054128174,7.846576537,503,13,459,25,516,484
34,1000,10,7.7,28,37,956,25,8,11,44,7.894657584,104,104,10.20503031,9.316690388,7.580998307,8.181878148,462,16,494,28,478,522
32,1000,10,7.7,28,65,948,36,4,12,52,8.802924356,93,98,10.38625012,9.23634449,8.380937744,9.27308703,507,20,441,32,527,473
35,1000,10,7.7,28,38,961,20,10,9,39,7.623556571,91,107,10.57531789,8.826823599,7.241677941,8.000879989,480,17,481,22,497,503
36,1000,10,7.7,28,34,949,33,5,13,51,8.187034356,92,110,10.03117749,8.890643915,7.397594164,8.970184187,484,14,465,37,498,502
37,1000,10,7.7,28,32,936,38,11,15,64,8.306525844,87,111,10.20658932,9.668115298,7.597224745,8.988011213,459,31,477,33,490,510
33,1000,10,7.7,28,41,955,23,12,10,45,8.233902356,108,120,10.211083,9.154392183,7.201963608,9.237345754,481,12,474,33,493,507
39,1000,10,7.7,28,17,948,25,14,13,52,7.487645454,97,106,10.1792684,9.02983418,6.683491457,8.206510391,459,13,489,39,472,528
38,1000,10,7.7,28,32,963,21,9,7,37,7.44352347,95,92,10.23947968,8.94237379,7.071758152,7.839868312,503,13,460,24,516,484
34,1000,10,7.7,28,38,957,25,8,10,43,7.893911928,84,104,10.21584961,9.326190265,7.622058216,8.142850767,462,16,495,27,478,522
35,1000,10,7.7,28,39,960,20,11,9,40,7.690429045,100,129,10.58535463,8.835141446,7.314552822,8.061821656,480,17,480,23,497,503
32,1000,10,7.7,28,66,948,36,3,13,52,8.8047512,96,119,10.42089949,9.258420208,8.376466683,9.281930778,507,20,441,32,527,473
36,1000,10,7.7,28,35,950,31,6,13,50,8.198352499,92,107,10.04893814,8.890618253,7.410063561,8.98036025,485,13,465,37,498,502
33,1000,10,7.7,28,42,955,22,13,10,45,8.253669805,92,106,10.22989456,9.15649518,7.280828489,9.199647652,480,13,475,32,493,507
37,1000,10,7.7,28,33,935,39,11,15,65,8.308048936,110,109,10.22591146,9.682133656,7.605035036,8.983493663,458,32,477,33,490,510
39,1000,10,7.7,28,18,949,24,14,13,51,7.503396813,108,106,10.20334923,9.038113092,6.706166223,8.216072642,459,13,490,38,472,528
38,1000,10,7.7,28,33,960,24,9,7,40,7.463893381,99,110,10.25460732,8.96149304,7.089259896,7.863296022,500,16,460,24,516,484
35,1000,10,7.7,28,40,962,17,11,10,38,7.69287607,113,104,10.60692883,8.84297815,7.323191917,8.058150472,481,16,481,22,497,503
34,1000,10,7.7,28,39,959,23,8,10,41,7.907604687,87,115,10.22653127,9.321783701,7.606583167,8.183252746,463,15,496,26,478,522
32,1000,10,7.7,28,67,950,34,3,13,50,8.782476491,96,115,10.4301215,9.266943776,8.351895178,9.262215078,508,19,442,31,527,473
36,1000,10,7.7,28,36,948,32,7,13,52,8.203136228,103,93,10.04322662,8.884889442,7.413056913,8.986920091,485,13,463,39,498,502
33,1000,10,7.7,28,43,955,22,13,10,45,8.31048131,93,99,10.2407827,9.156020771,7.368682107,9.226274224,480,13,475,32,493,507
37,1000,10,7.7,28,34,935,38,11,16,65,8.342654874,98,113,10.23138402,9.686213855,7.621781093,9.035259095,458,32,477,33,490,510
39,1000,10,7.7,28,19,951,23,13,13,49,7.510442332,89,106,10.20876175,9.04879738,6.729714289,8.208365885,459,13,492,36,472,528
38,1000,10,7.7,28,34,961,23,9,7,39,7.502352413,107,120,10.25748227,8.972458168,7.175203116,7.851131417,500,16,461,23,516,484
35,1000,10,7.7,28,41,962,16,12,10,38,7.715346859,90,104,10.6176975,8.842118386,7.330673921,8.095431253,481,16,481,22,497,503
34,1000,10,7.7,28,40,961,19,9,11,39,7.936567536,101,95,10.22355361,9.347240629,7.641109746,8.207120838,463,15,498,24,478,522
36,1000,10,7.7,28,37,947,33,7,13,53,8.223700633,91,111,10.04366294,8.903490636,7.440740184,9.000422353,483,15,464,38,498,502
33,1000,10,7.7,28,44,955,22,13,10,45,8.325952449,107,91,10.22850582,9.159320991,7.393377871,9.232775461,480,13,475,32,493,507
32,1000,10,7.7,28,68,950,34,3,13,50,8.790983483,92,120,10.42615868,9.273049382,8.351433318,9.280714851,508,19,442,31,527,473
37,1000,10,7.7,28,35,936,36,12,16,64,8.380208046,112,119,10.22195647,9.709174651,7.635311963,9.095892517,459,31,477,33,490,510
39,1000,10,7.7,28,20,952,21,14,13,48,7.540806595,90,110,10.21437499,9.06303725,6.766199798,8.233258126,460,12,492,36,472,528
35,1000,10,7.7,28,42,961,18,12,9,39,7.742262971,90,102,10.66544302,8.842987211,7.331974364,8.147657478,481,16,480,23,497,503
38,1000,10,7.7,28,35,961,23,9,7,39,7.513729978,90,108,10.26954728,8.977671785,7.187090496,7.861965458,500,16,461,23,516,484
34,1000,10,7.7,28,41,961,20,8,11,39,7.996509649,85,111,10.23370415,9.333066013,7.713026852,8.256097343,462,16,499,23,478,522
36,1000,10,7.7,28,38,946,34,7,13,54,8.234928966,102,101,10.0525269,8.896727429,7.46905406,8.994701283,482,16,464,38,498,502
33,1000,10,7.7,28,45,958,21,12,9,42,8.305940412,102,104,10.23296786,9.174542072,7.383505897,9.202903362,481,12,477,30,493,507
32,1000,10,7.7,28,69,950,33,4,13,50,8.805103741,103,120,10.46111369,9.266635982,8.362402898,9.298345484,508,19,442,31,527,473
37,1000,10,7.7,28,36,937,35,12,16,63,8.413430431,92,105,10.21739563,9.733611069,7.673240659,9.124593152,460,30,477,33,490,510
35,1000,10,7.7,28,43,961,19,11,9,39,7.777496641,85,95,10.69765842,8.847843775,7.404950846,8.14559855,480,17,481,22,497,503
39,1000,10,7.7,28,21,953,22,13,12,47,7.518068223,91,114,10.22611223,9.058165048,6.768625447,8.188024645,460,12,493,35,472,528
38,1000,10,7.7,28,36,961,23,9,7,39,7.579903598,91,130,10.26316612,8.970198144,7.258171928,7.922906783,500,16,461,23,516,484
34,1000,10,7.7,28,42,960,22,8,10,40,8.001248156,100,106,10.25396124,9.358190247,7.735869342,8.244257875,461,17,499,23,478,522
33,1000,10,7.7,28,46,957,21,14,8,43,8.331033444,92,126,10.2367059,9.160553985,7.381819448,9.254036403,481,12,476,31,493,507
36,1000,10,7.7,28,39,946,35,6,13,54,8.216951483,94,127,10.04874753,8.890536914,7.434234229,8.993431946,483,15,463,39,498,502
35,1000,10,7.7,28,44,962,18,11,9,38,7.777813984,101,123,10.72265362,8.837402853,7.405493574,8.145693197,481,16,481,22,497,503
32,1000,10,7.7,28,70,950,33,4,13,50,8.79601568,76,102,10.45729227,9.261222138,8.353788357,9.288729844,508,19,442,31,527,473
37,1000,10,7.7,28,37,939,34,11,16,61,8.383759863,97,99,10.22194294,9.75317084,7.643991339,9.094517856,462,28,477,33,490,510
39,1000,10,7.7,28,22,954,22,12,12,46,7.509918639,98,108,10.22789081,9.072600358,6.777215157,8.164911146,460,12,494,34,472,528
38,1000,10,7.7,28,37,961,23,9,7,39,7.611371652,98,122,10.2934474,8.985147036,7.300166454,7.9431524,500,16,461,23,516,484
34,1000,10,7.7,28,43,962,21,7,10,38,8.005816827,97,87,10.24714956,9.373545633,7.729226505,8.259093022,462,16,500,22,478,522
33,1000,10,7.7,28,47,957,21,14,8,43,8.344371097,98,102,10.25078272,9.162670223,7.393018172,9.269453923,481,12,476,31,493,507
36,1000,10,7.7,28,40,949,33,6,12,51,8.204776265,98,107,10.04389672,8.893413161,7.38246364,9.020536597,486,12,463,39,498,502
35,1000,10,7.7,28,45,962,17,12,9,38,7.820467043,102,99,10.72892081,8.843434336,7.439835626,8.196558126,481,16,481,22,497,503
37,1000,10,7.7,28,38,938,34,11,17,62,8.421555583,105,92,10.21500086,9.738448013,7.681829139,9.132273146,462,28,476,34,490,510
39,1000,10,7.7,28,23,955,22,12,11,45,7.517525525,101,103,10.23417106,9.087807655,6.825617878,8.136049028,460,12,495,33,472,528
32,1000,10,7.7,28,71,948,33,6,13,52,8.83870136,101,123,10.45121746,9.259000164,8.375378797,9.354919101,506,21,442,31,527,473
38,1000,10,7.7,28,38,962,23,9,6,38,7.601128413,93,98,10.28696869,8.983586544,7.338282432,7.881352641,500,16,462,22,516,484
34,1000,10,7.7,28,44,963,20,6,11,37,8.069332618,100,128,10.23307023,9.381861051,7.75723718,8.35512116,462,16,501,21,478,522
33,1000,10,7.7,28,48,957,21,13,9,43,8.378585465,96,102,10.26994852,9.168874586,7.406895185,9.32344406,481,12,476,31,493,507
36,1000,10,7.7,28,41,951,33,5,11,49,8.20332481,85,127,10.05053325,8.895011014,7.349359039,9.050486073,487,11,464,38,498,502
35,1000,10,7.7,28,46,963,17,11,9,37,7.848595613,81,108,10.74753812,8.833064947,7.469701287,8.222970326,482,15,481,22,497,503
37,1000,10,7.7,28,39,937,35,11,17,63,8.451446745,108,121,10.23209195,9.729324563,7.688227349,9.184735969,462,28,475,35,490,510
39,1000,10,7.7,28,24,956,21,12,11,44,7.524308847,93,96,10.24511172,9.099082732,6.814323396,8.15899281,460,12,496,32,472,528
38,1000,10,7.7,28,39,961,24,8,7,39,7.660415495,89,110,10.30497587,8.98180554,7.417183901,7.919728516,499,17,462,22,516,484
32,1000,10,7.7,28,72,947,34,6,13,53,8.87628912,99,116,10.45957994,9.252286899,8.445991031,9.355712148,506,21,441,32,527,473
33,1000,10,7.7,28,49,958,21,12,9,42,8.386296582,110,119,10.28746453,9.173610611,7.444418762,9.302165941,481,12,477,30,493,507
34,1000,10,7.7,28,45,962,21,6,11,38,8.109917593,101,129,10.23298572,9.397713414,7.825872721,8.370019985,461,17,501,21,478,522
36,1000,10,7.7,28,42,949,35,5,11,51,8.265957324,78,107,10.06037906,8.901393597,7.427814425,9.097421793,487,11,462,40,498,502
35,1000,10,7.7,28,47,960,18,12,10,40,7.88111274,96,127,10.77015807,8.84259174,7.505116038,8.252624392,481,16,479,24,497,503
37,1000,10,7.7,28,40,937,35,11,17,63,8.468614791,113,91,10.23477956,9.729654454,7.696424452,9.210523157,462,28,475,35,490,510
39,1000,10,7.7,28,25,957,21,11,11,43,7.536869522,110,102,10.27429025,9.101091248,6.822393518,8.175567767,461,11,496,32,472,528
38,1000,10,7.7,28,40,961,24,8,7,39,7.710763636,97,99,10.32030447,8.988008987,7.442289567,7.996988057,499,17,462,22,516,484
33,1000,10,7.7,28,50,957,22,12,9,43,8.435134203,91,105,10.29144977,9.189508641,7.49123315,9.352970927,480,13,477,30,493,507
34,1000,10,7.7,28,46,962,21,6,11,38,8.142931311,103,104,10.25525112,9.420500001,7.869301965,8.393496114,461,17,501,21,478,522
32,1000,10,7.7,28,73,948,33,7,12,52,8.865312742,107,95,10.47613683,9.261289537,8.46842465,9.307511526,506,21,442,31,527,473
35,1000,10,7.7,28,48,957,20,13,10,43,7.925931994,86,121,10.78944904,8.854366685,7.552511742,8.294897929,481,16,476,27,497,503
36,1000,10,7.7,28,43,948,35,6,11,52,8.28791396,88,114,10.08000071,8.900302911,7.450131066,9.119021293,486,12,462,40,498,502
37,1000,10,7.7,28,41,937,36,12,15,63,8.457455156,93,116,10.24413887,9.729159882,7.705591508,9.179833955,462,28,475,35,490,510
39,1000,10,7.7,28,26,959,19,10,12,41,7.505253337,87,109,10.28504049,9.088797387,6.832847722,8.106343205,461,11,498,30,472,528
33,1000,10,7.7,28,51,954,25,11,10,46,8.50036327,83,122,10.29651293,9.1770938,7.605734699,9.370288093,476,17,478,29,493,507
38,1000,10,7.7,28,41,960,25,8,7,40,7.75763745,99,94,10.31585003,8.997591417,7.506135149,8.025768003,498,18,462,22,516,484
34,1000,10,7.7,28,47,963,19,7,11,37,8.182809684,99,109,10.2656941,9.411893497,7.932258261,8.412241831,461,17,502,20,478,522
35,1000,10,7.7,28,49,955,22,13,10,45,7.964773889,101,117,10.80275329,8.855736342,7.611216531,8.314113863,480,17,475,28,497,503
36,1000,10,7.7,28,44,948,35,6,11,52,8.278187158,104,92,10.08924357,8.925649377,7.463006819,9.086872036,485,13,463,39,498,502
32,1000,10,7.7,28,74,946,35,7,12,54,8.863832139,98,126,10.47558592,9.267367435,8.461129683,9.312509083,505,22,441,32,527,473
33,1000,10,7.7,28,52,953,26,10,11,47,8.54982388,91,115,10.29740942,9.17882256,7.675023486,9.40046805,475,18,478,29,493,507
37,1000,10,7.7,28,42,938,34,12,16,62,8.468728208,107,129,10.24587965,9.749520326,7.750626896,9.158668686,462,28,476,34,490,510
39,1000,10,7.7,28,27,957,21,9,13,43,7.545459426,91,94,10.30865676,9.093355753,6.851753402,8.165590569,459,13,498,30,472,528
38,1000,10,7.7,28,42,961,25,7,7,39,7.755463665,81,121,10.33599574,9.00757024,7.476879662,8.052466445,499,17,462,22,516,484
34,1000,10,7.7,28,48,963,19,7,11,37,8.18877078,92,99,10.28619539,9.425435708,7.943344292,8.413509977,461,17,502,20,478,522
35,1000,10,7.7,28,50,956,22,11,11,44,7.973528871,86,109,10.82284776,8.853638747,7.660584826,8.282739985,480,17,476,27,497,503
36,1000,10,7.7,28,45,947,36,6,11,53,8.264925551,101,95,10.10794886,8.927917783,7.473700083,9.049846433,485,13,462,40,498,502
32,1000,10,7.7,28,75,945,36,7,12,55,8.883156921,116,103,10.47253489,9.267623406,8.479051102,9.333397442,504,23,441,32,527,473
33,1000,10,7.7,28,53,954,25,10,11,46,8.557705499,99,113,10.31124673,9.180377348,7.698189409,9.393487416,475,18,479,28,493,507
39,1000,10,7.7,28,28,957,21,9,13,43,7.583751515,89,120,10.30797816,9.097379826,6.907609477,8.188181519,460,12,497,31,472,528
37,1000,10,7.7,28,43,939,34,12,15,61,8.428147185,132,108,10.24695498,9.73434252,7.703546204,9.124332441,463,27,476,34,490,510
38,1000,10,7.7,28,43,959,27,7,7,41,7.773809319,98,106,10.33987534,9.004593994,7.484076422,8.082698111,499,17,460,24,516,484
34,1000,10,7.7,28,49,963,19,7,11,37,8.218358463,88,106,10.30928635,9.413649669,7.94830695,8.465647014,461,17,502,20,478,522
35,1000,10,7.7,28,51,955,22,12,11,45,7.993390513,85,115,10.83238509,8.852371805,7.661727831,8.321096979,479,18,476,27,497,503
36,1000,10,7.7,28,46,946,38,5,11,54,8.302358765,94,100,10.12054078,8.942405653,7.532242974,9.066338175,484,14,462,40,498,502
32,1000,10,7.7,28,76,945,36,7,12,55,8.883979247,116,121,10.45926335,9.289899744,8.481929805,9.331928626,504,23,441,32,527,473
33,1000,10,7.7,28,54,954,25,10,11,46,8.610503827,108,123,10.33199528,9.180190664,7.757533223,9.439921003,475,18,479,28,493,507
39,1000,10,7.7,28,29,959,20,9,12,41,7.58617989,93,100,10.31466057,9.098419853,6.890352031,8.208207825,461,11,498,30,472,528
37,1000,10,7.7,28,44,938,35,12,15,62,8.458895723,102,109,10.23974663,9.723608481,7.744687866,9.145095429,462,28,476,34,490,510
38,1000,10,7.7,28,44,958,27,8,7,42,7.811289785,94,110,10.34050666,9.004041857,7.535183578,8.105650949,499,17,459,25,516,484
35,1000,10,7.7,28,52,956,21,12,11,44,8.009935668,79,97,10.8137376,8.863348962,7.693003954,8.323086884,479,18,477,26,497,503
34,1000,10,7.7,28,50,963,20,7,10,37,8.264185146,80,101,10.31118215,9.417295156,8.020426095,8.487397458,461,17,502,20,478,522
36,1000,10,7.7,28,47,947,37,5,11,53,8.332890524,103,101,10.15432082,8.941366872,7.586514585,9.073319244,484,14,463,39,498,502
33,1000,10,7.7,28,55,955,24,10,11,45,8.591673476,109,106,10.35068103,9.172941279,7.695353271,9.463243222,476,17,479,28,493,507
32,1000,10,7.7,28,77,945,36,7,12,55,8.907094426,106,103,10.46667536,9.308358193,8.512929832,9.346258783,504,23,441,32,527,473
39,1000,10,7.7,28,30,960,21,8,11,40,7.570633483,99,111,10.31346902,9.104364435,6.913770186,8.157829461,461,11,499,29,472,528
37,1000,10,7.7,28,45,938,35,11,16,62,8.462917901,103,98,10.25457996,9.735682825,7.776981019,9.121955298,462,28,476,34,490,510
35,1000,10,7.7,28,53,956,21,12,11,44,8.0242489,87,112,10.81245784,8.859072984,7.743323162,8.301823635,479,18,477,26,497,503
38,1000,10,7.7,28,45,959,27,7,7,41,7.815199572,90,98,10.34737366,9.002828377,7.543035322,8.105358153,499,17,460,24,516,484
34,1000,10,7.7,28,51,964,18,8,10,36,8.271611234,100,113,10.30505324,9.403824775,7.971570307,8.546361356,463,15,501,21,478,522
36,1000,10,7.7,28,48,947,36,6,11,53,8.354674555,83,105,10.15775733,8.937268432,7.581954323,9.121237653,484,14,463,39,498,502
33,1000,10,7.7,28,56,955,25,10,10,45,8.595145167,98,115,10.35333878,9.171342398,7.710703129,9.455164742,476,17,479,28,493,507
35,1000,10,7.7,28,54,958,18,13,11,42,8.032694809,99,109,10.81884913,8.874461464,7.809807625,8.252923299,479,18,479,24,497,503
39,1000,10,7.7,28,31,962,20,8,10,38,7.567880592,83,118,10.33196218,9.10117465,6.902747768,8.162469027,461,11,501,27,472,528
32,1000,10,7.7,28,78,943,38,7,12,57,8.92725073,106,120,10.45040565,9.312540424,8.529551913,9.370352795,503,24,440,33,527,473
37,1000,10,7.7,28,46,937,35,12,16,63,8.486100916,91,93,10.25526368,9.749066351,7.839028601,9.107797846,461,29,476,34,490,510
38,1000,10,7.7,28,46,961,24,8,7,39,7.82251342,108,117,10.35563623,9.030567519,7.572267597,8.089304422,500,16,461,23,516,484
34,1000,10,7.7,28,52,965,16,9,10,35,8.270164186,84,114,10.31118932,9.421282567,7.965654285,8.549006586,464,14,501,21,478,522
36,1000,10,7.7,28,49,946,37,6,11,54,8.370743276,90,104,10.17101386,8.932641118,7.597848584,9.137479445,484,14,462,40,498,502
33,1000,10,7.7,28,57,954,26,10,10,46,8.615751084,102,121,10.35716212,9.175740298,7.76077923,9.447114248,475,18,479,28,493,507
35,1000,10,7.7,28,55,960,17,12,11,40,8.028597696,92,117,10.82251217,8.888889879,7.82791352,8.226888024,479,18,481,22,497,503
39,1000,10,7.7,28,32,959,22,8,11,41,7.638202632,86,106,10.33440822,9.109737204,6.955167037,8.248795059,459,13,500,28,472,528
37,1000,10,7.7,28,47,937,35,12,16,63,8.540625808,101,108,10.25469032,9.748792695,7.866752288,9.188072915,461,29,476,34,490,510
32,1000,10,7.7,28,79,943,37,8,12,57,8.958876021,99,120,10.44179889,9.301301519,8.585112508,9.375310209,503,24,440,33,527,473
38,1000,10,7.7,28,47,962,23,8,7,38,7.841000287,88,113,10.37007831,9.03274879,7.586630772,8.11218762,501,15,461,23,516,484
34,1000,10,7.7,28,53,966,15,9,10,34,8.268758376,114,123,10.31841515,9.430179633,7.976710824,8.536188893,464,14,502,20,478,522
33,1000,10,7.7,28,58,954,26,10,10,46,8.641047863,93,110,10.35611533,9.179104152,7.806954592,9.452108973,475,18,479,28,493,507
36,1000,10,7.7,28,50,945,38,6,11,55,8.385059088,88,108,10.16212741,8.941373095,7.611831332,9.152125666,484,14,461,41,498,502
35,1000,10,7.7,28,56,961,17,12,10,39,8.0235352,92,104,10.83492114,8.885311397,7.823879483,8.220809339,479,18,482,21,497,503
39,1000,10,7.7,28,33,959,24,9,8,41,7.639112231,94,110,10.33856063,9.132927178,6.978897805,8.229303915,459,13,500,28,472,528
37,1000,10,7.7,28,48,935,38,10,17,65,8.586050034,115,100,10.25646578,9.750600497,7.861797089,9.281900902,460,30,475,35,490,510
34,1000,10,7.7,28,54,967,15,7,11,33,8.277821352,95,116,10.33233527,9.451650376,8.02374865,8.510477964,465,13,502,20,478,522
38,1000,10,7.7,28,48,962,21,10,7,38,7.878749398,75,99,10.35544983,9.045280426,7.616110272,8.158753094,501,15,461,23,516,484
32,1000,10,7.7,28,80,942,39,9,10,58,8.950673717,106,121,10.46954549,9.308481677,8.607032819,9.333546346,503,24,439,34,527,473
33,1000,10,7.7,28,59,953,26,11,10,47,8.661642152,72,99,10.35827339,9.180467122,7.841452155,9.459183904,475,18,478,29,493,507
36,1000,10,7.7,28,51,944,39,6,11,56,8.403889937,98,119,10.16574822,8.935612297,7.661962586,9.139905516,483,15,461,41,498,502
35,1000,10,7.7,28,57,960,18,12,10,40,8.062872225,88,109,10.84383329,8.913238387,7.868040481,8.255379933,479,18,481,22,497,503
39,1000,10,7.7,28,34,961,22,9,8,39,7.600140702,106,118,10.34844136,9.146677693,6.915437221,8.212224116,460,12,501,27,472,528
37,1000,10,7.7,28,49,935,37,11,17,65,8.611849439,108,102,10.26770466,9.753546808,7.865971991,9.328476791,461,29,474,36,490,510
34,1000,10,7.7,28,55,967,15,7,11,33,8.286882028,101,124,10.3502912,9.434088524,8.021017359,8.530336649,465,13,502,20,478,522
38,1000,10,7.7,28,49,963,20,10,7,37,7.876451435,79,116,10.36745368,9.059079743,7.599914078,8.171272254,501,15,462,22,516,484
33,1000,10,7.7,28,60,952,25,13,10,48,8.69252939,96,120,10.37423344,9.188025507,7.872260687,9.490147675,475,18,477,30,493,507
32,1000,10,7.7,28,81,941,38,11,10,59,8.98722828,91,107,10.4779633,9.314316414,8.645487384,9.367983992,503,24,438,35,527,473
36,1000,10,7.7,28,52,944,39,7,10,56,8.404397647,109,106,10.17233142,8.950856246,7.694305971,9.108831222,483,15,461,41,498,502
35,1000,10,7.7,28,58,960,17,12,11,40,8.091094172,98,86,10.84390025,8.924526527,7.898592437,8.281299664,479,18,481,22,497,503
39,1000,10,7.7,28,35,961,22,9,8,39,7.63744977,86,111,10.36921464,9.14770056,6.940969654,8.260060784,460,12,501,27,472,528
37,1000,10,7.7,28,50,936,36,11,17,64,8.616914604,109,116,10.25480086,9.757174124,7.856458738,9.347548672,462,28,474,36,490,510
34,1000,10,7.7,28,56,967,14,8,11,33,8.321379842,88,125,10.36375256,9.433748055,8.060896581,8.559906661,465,13,502,20,478,522
38,1000,10,7.7,28,50,962,21,9,8,38,7.913721095,86,113,10.38040623,9.060331549,7.623127435,8.223527559,501,15,461,23,516,484
33,1000,10,7.7,28,61,952,25,13,10,48,8.720778771,94,108,10.37628644,9.202539404,7.866674978,9.551297843,476,17,476,31,493,507
36,1000,10,7.7,28,53,944,39,7,10,56,8.430483901,98,98,10.16639614,8.965868034,7.739019848,9.116438281,483,15,461,41,498,502
35,1000,10,7.7,28,59,961,17,12,10,39,8.079563429,93,103,10.83308647,8.910463741,7.883680758,8.273109528,479,18,482,21,497,503
32,1000,10,7.7,28,82,940,39,11,10,60,9.017997663,90,113,10.4829732,9.301851308,8.673070235,9.402303697,502,25,438,35,527,473
39,1000,10,7.7,28,36,962,21,9,8,38,7.657736384,88,109,10.37847264,9.175279051,6.962738451,8.279022415,460,12,502,26,472,528
34,1000,10,7.7,28,57,966,15,8,11,34,8.357991303,92,118,10.38113518,9.433107749,8.103878928,8.590684243,465,13,501,21,478,522
33,1000,10,7.7,28,62,951,26,13,10,49,8.73993818,96,93,10.39125552,9.202321871,7.904608498,9.552201559,475,18,476,31,493,507
37,1000,10,7.7,28,51,932,40,12,16,68,8.622084716,111,106,10.26304311,9.75131552,7.883310826,9.331887081,460,30,472,38,490,510
38,1000,10,7.7,28,51,960,22,10,8,40,7.95759015,108,106,10.3737519,9.06394149,7.679729103,8.253822175,500,16,460,24,516,484
35,1000,10,7.7,28,60,960,18,12,10,40,8.115031825,87,111,10.83126283,8.931493659,7.918226864,8.309489213,478,19,482,21,497,503
36,1000,10,7.7,28,54,944,40,6,10,56,8.41749887,120,117,10.18286145,8.975199364,7.7203523,9.109090487,483,15,461,41,498,502
32,1000,10,7.7,28,83,942,37,11,10,58,9.009135958,111,119,10.49651747,9.295520611,8.647722374,9.41181029,504,23,438,35,527,473
39,1000,10,7.7,28,37,962,21,9,8,38,7.652155428,111,103,10.36791338,9.177152296,6.969846319,8.262098419,460,12,502,26,472,528
33,1000,10,7.7,28,63,950,26,14,10,50,8.711140241,103,124,10.39927612,9.185635573,7.87406877,9.525097312,475,18,475,32,493,507
34,1000,10,7.7,28,58,966,15,8,11,34,8.408254952,94,95,10.41298438,9.434114229,8.152501551,8.642450595,465,13,501,21,478,522
37,1000,10,7.7,28,52,932,42,12,14,68,8.603993145,96,114,10.26443641,9.765951391,7.930490639,9.251083787,459,31,473,37,490,510
38,1000,10,7.7,28,52,960,22,10,8,40,8.013162033,98,116,10.3765216,9.081536407,7.680456191,8.367864955,500,16,460,24,516,484
35,1000,10,7.7,28,61,959,19,12,10,41,8.158809317,93,120,10.86328078,8.939162181,7.938488399,8.376502153,478,19,481,22,497,503
36,1000,10,7.7,28,55,945,39,6,10,55,8.453410354,80,107,10.19884851,8.995303798,7.800140646,9.101474726,483,15,462,40,498,502
32,1000,10,7.7,28,84,941,37,12,10,59,9.014591539,103,118,10.48714074,9.284955463,8.645840347,9.425441175,504,23,437,36,527,473
39,1000,10,7.7,28,38,960,23,9,8,40,7.66265904,89,118,10.38244297,9.183655001,6.997707809,8.257085141,459,13,501,27,472,528
33,1000,10,7.7,28,64,949,26,14,11,51,8.727426916,92,122,10.41364087,9.183176532,7.893012438,9.538800363,474,19,475,32,493,507
34,1000,10,7.7,28,59,966,16,8,10,34,8.414221441,93,110,10.41596601,9.443722464,8.112931375,8.690115409,465,13,501,21,478,522
37,1000,10,7.7,28,53,932,41,13,14,68,8.634033812,113,110,10.28164593,9.773445915,7.960530602,9.281125131,458,32,474,36,490,510
38,1000,10,7.7,28,53,959,23,10,8,41,8.054321959,95,105,10.383484,9.07221026,7.738890938,8.390607924,500,16,459,25,516,484
35,1000,10,7.7,28,62,960,19,11,10,40,8.203136162,89,112,10.86383343,8.949604472,7.996670299,8.407139212,479,18,481,22,497,503
36,1000,10,7.7,28,56,945,39,6,10,55,8.488511148,104,105,10.20215461,9.001921295,7.845071842,9.126823447,483,15,462,40,498,502
33,1000,10,7.7,28,65,950,26,13,11,50,8.745079066,83,121,10.41608056,9.197228148,7.913498279,9.55369707,474,19,476,31,493,507
32,1000,10,7.7,28,85,941,37,12,10,59,9.014805214,103,126,10.47868902,9.270088399,8.631795129,9.441541609,504,23,437,36,527,473
39,1000,10,7.7,28,39,960,23,9,8,40,7.673959371,107,105,10.38149458,9.195519995,6.997026962,8.279095918,459,13,501,27,472,528
34,1000,10,7.7,28,60,967,15,8,10,33,8.408352927,108,117,10.40951826,9.458098585,8.105302463,8.685858908,466,12,501,21,478,522
35,1000,10,7.7,28,63,960,18,12,10,40,8.239092658,92,94,10.86769657,8.974203246,8.053744197,8.422230203,479,18,481,22,497,503
37,1000,10,7.7,28,54,932,41,13,14,68,8.692207297,91,100,10.28335898,9.784276774,8.017227085,9.340717697,457,33,475,35,490,510
38,1000,10,7.7,28,54,959,21,12,8,41,8.072445143,93,100,10.38895915,9.089273035,7.742841424,8.423840844,500,16,459,25,516,484
36,1000,10,7.7,28,57,946,38,6,10,54,8.49396151,98,97,10.19464751,9.01686854,7.878178073,9.104838306,483,15,463,39,498,502
33,1000,10,7.7,28,66,949,26,14,11,51,8.762801036,98,108,10.43876442,9.207764819,7.959091927,9.544316993,474,19,475,32,493,507
39,1000,10,7.7,28,40,960,23,9,8,40,7.693900307,92,103,10.37987946,9.197111399,7.056152137,8.26400852,459,13,501,27,472,528
32,1000,10,7.7,28,86,940,38,12,10,60,9.069694371,93,103,10.46342469,9.25353853,8.670235581,9.514757336,504,23,436,37,527,473
35,1000,10,7.7,28,64,959,19,12,10,41,8.278622235,88,104,10.87097868,8.994700933,8.087088241,8.46787153,479,18,480,23,497,503
34,1000,10,7.7,28,61,967,15,8,10,33,8.457054154,107,113,10.42112332,9.471307786,8.147544453,8.740474914,466,12,501,21,478,522
37,1000,10,7.7,28,55,933,40,12,15,67,8.693010072,95,106,10.29114375,9.782669043,8.051267896,9.309585887,457,33,476,34,490,510
38,1000,10,7.7,28,55,956,24,12,8,44,8.121118488,79,108,10.39527695,9.092033969,7.802901411,8.46037471,499,17,457,27,516,484
36,1000,10,7.7,28,58,947,36,8,9,53,8.485186054,88,116,10.20793528,9.010540425,7.876347931,9.089172877,483,15,464,38,498,502
33,1000,10,7.7,28,67,947,28,14,11,53,8.79613603,104,93,10.43762893,9.197446412,7.999827055,9.570456197,473,20,474,33,493,507
39,1000,10,7.7,28,41,961,22,9,8,39,7.682242998,93,105,10.3952925,9.201402436,7.017495156,8.276487281,460,12,501,27,472,528
35,1000,10,7.7,28,65,959,19,12,10,41,8.303083365,75,109,10.86230969,9.019250815,8.090935102,8.512701032,479,18,480,23,497,503
34,1000,10,7.7,28,62,967,15,8,10,33,8.479928336,104,109,10.43266547,9.467399097,8.179202055,8.755306042,466,12,501,21,478,522
32,1000,10,7.7,28,87,940,37,13,10,60,9.098758085,111,108,10.4645721,9.241766551,8.727769704,9.512100319,504,23,436,37,527,473
37,1000,10,7.7,28,56,934,39,12,15,66,8.732728609,93,113,10.30891232,9.785507339,8.091486261,9.348824198,458,32,476,34,490,510
38,1000,10,7.7,28,56,956,25,12,7,44,8.118682842,89,99,10.39196782,9.107333279,7.779232684,8.480575986,499,17,457,27,516,484
36,1000,10,7.7,28,59,946,37,8,9,54,8.514640838,100,102,10.19506465,9.018883163,7.937560195,9.08712323,482,16,464,38,498,502
33,1000,10,7.7,28,68,948,28,13,11,52,8.763191186,89,117,10.44273935,9.19093163,7.979336189,9.525401273,473,20,475,32,493,507
35,1000,10,7.7,28,66,958,21,12,9,42,8.29595947,86,128,10.89154494,9.032072838,8.069195516,8.520018486,479,18,479,24,497,503
39,1000,10,7.7,28,42,961,23,8,8,39,7.678986099,103,113,10.40941311,9.215382915,7.024339208,8.264200744,460,12,501,27,472,528
34,1000,10,7.7,28,63,967,15,8,10,33,8.508609441,104,128,10.45802139,9.459671455,8.195867306,8.794990169,466,12,501,21,478,522
37,1000,10,7.7,28,57,932,41,12,15,68,8.769719357,84,123,10.30121024,9.792082857,8.069410388,9.442565229,458,32,474,36,490,510
38,1000,10,7.7,28,57,959,23,11,7,41,8.116512462,98,96,10.41175234,9.096566587,7.758136948,8.498582224,499,17,460,24,516,484
32,1000,10,7.7,28,88,941,37,13,9,59,9.11860246,87,97,10.47538623,9.265418081,8.72229538,9.5601539,505,22,436,37,527,473
36,1000,10,7.7,28,60,946,37,8,9,54,8.51446144,102,124,10.20158724,9.02166883,7.940123341,9.084223139,482,16,464,38,498,502
33,1000,10,7.7,28,69,949,27,13,11,51,8.770167644,108,115,10.43800679,9.177186768,7.98722322,9.5314923,474,19,475,32,493,507
35,1000,10,7.7,28,67,958,21,12,9,42,8.323194543,112,123,10.9091714,9.044019487,8.09503027,8.548637175,479,18,479,24,497,503
39,1000,10,7.7,28,43,962,21,9,8,38,7.701989448,94,95,10.42473682,9.216213603,7.076215088,8.2613938,460,12,502,26,472,528
34,1000,10,7.7,28,64,966,15,9,10,34,8.544816028,79,113,10.4645454,9.468352217,8.223189973,8.839331841,466,12,500,22,478,522
38,1000,10,7.7,28,58,961,21,11,7,39,8.126549489,82,114,10.41002829,9.115535457,7.749336529,8.528702149,501,15,460,24,516,484
37,1000,10,7.7,28,58,934,39,12,15,66,8.74300651,94,117,10.31669462,9.787413929,8.038359375,9.420020423,460,30,474,36,490,510
36,1000,10,7.7,28,61,944,38,9,9,56,8.526165393,88,118,10.22548095,9.019769429,7.968531994,9.079355498,481,17,463,39,498,502
33,1000,10,7.7,28,70,949,27,13,11,51,8.769490567,100,108,10.44988102,9.187507765,7.979932838,9.537245913,474,19,475,32,493,507
32,1000,10,7.7,28,89,941,37,13,9,59,9.12638112,98,99,10.4776065,9.285342328,8.720832649,9.578228993,505,22,436,37,527,473
35,1000,10,7.7,28,68,960,18,13,9,40,8.319918787,78,110,10.90723864,9.034460862,8.092309098,8.544813449,480,17,480,23,497,503
39,1000,10,7.7,28,44,962,21,8,9,38,7.723946439,86,118,10.43757822,9.2172449,7.077773468,8.301585913,460,12,502,26,472,528
34,1000,10,7.7,28,65,967,16,8,9,33,8.530007095,115,100,10.45443937,9.478605343,8.262581163,8.774891377,465,13,502,20,478,522
38,1000,10,7.7,28,59,961,20,12,7,39,8.15321583,91,100,10.40634946,9.112863203,7.782255279,8.548702699,501,15,460,24,516,484
36,1000,10,7.7,28,62,945,37,10,8,55,8.51758041,105,113,10.22575784,9.020137505,7.999464236,9.031568168,481,17,464,38,498,502
33,1000,10,7.7,28,71,948,28,13,11,52,8.813129243,115,145,10.45457958,9.203401866,8.02417948,9.580293411,473,20,475,32,493,507
37,1000,10,7.7,28,59,934,39,12,15,66,8.784606819,100,97,10.30802828,9.797270212,8.077148402,9.464321768,460,30,474,36,490,510
35,1000,10,7.7,28,69,959,19,13,9,41,8.302973307,96,109,10.90115675,9.046853295,8.055471778,8.547522532,479,18,480,23,497,503
32,1000,10,7.7,28,90,940,37,14,9,60,9.159933708,102,101,10.48733416,9.28633895,8.755019254,9.611075183,505,22,435,38,527,473
39,1000,10,7.7,28,45,963,20,8,9,37,7.744698369,90,111,10.42676237,9.23299755,7.12239773,8.300997425,460,12,503,25,472,528
34,1000,10,7.7,28,66,968,15,8,9,32,8.548890999,105,112,10.47134917,9.482433745,8.294717902,8.781639543,466,12,502,20,478,522
33,1000,10,7.7,28,72,947,29,13,11,53,8.831291853,104,107,10.46263464,9.224267473,8.04043738,9.600308136,473,20,474,33,493,507
38,1000,10,7.7,28,60,960,21,12,7,40,8.19171062,96,93,10.40627597,9.093760148,7.855318518,8.550343521,500,16,460,24,516,484
37,1000,10,7.7,28,60,935,38,12,15,65,8.815119414,102,114,10.3133368,9.800763321,8.091056595,9.510787614,461,29,474,36,490,510
36,1000,10,7.7,28,63,945,36,11,8,55,8.555595375,105,106,10.23370895,9.030144542,8.029392687,9.077605212,481,17,464,38,498,502
35,1000,10,7.7,28,70,960,19,12,9,40,8.309059302,94,120,10.9133382,9.045264829,8.098297588,8.517306961,479,18,481,22,497,503
32,1000,10,7.7,28,91,940,37,14,9,60,9.188875201,94,107,10.50466727,9.295221336,8.758060951,9.668873319,505,22,435,38,527,473
34,1000,10,7.7,28,67,966,16,9,9,34,8.56670937,119,109,10.4795943,9.488946047,8.310654062,8.801181472,466,12,500,22,478,522
39,1000,10,7.7,28,46,965,19,7,9,35,7.714942139,94,106,10.42894524,9.246505776,7.104868097,8.260311358,461,11,504,24,472,528
33,1000,10,7.7,28,73,946,31,13,10,54,8.846878807,97,111,10.48948472,9.226803364,8.09672379,9.576319484,472,21,474,33,493,507
38,1000,10,7.7,28,61,960,22,12,6,40,8.211354857,76,116,10.4260674,9.104212408,7.854295797,8.592021128,500,16,460,24,516,484
35,1000,10,7.7,28,71,960,19,12,9,40,8.354781999,94,108,10.93271709,9.042890928,8.171497897,8.53587981,479,18,481,22,497,503
37,1000,10,7.7,28,61,937,36,13,14,63,8.843823958,109,123,10.31797927,9.806465212,8.120119774,9.539147585,461,29,476,34,490,510
36,1000,10,7.7,28,64,944,37,11,8,56,8.600474604,92,113,10.23093065,9.030979472,8.057565414,9.139057825,481,17,463,39,498,502
34,1000,10,7.7,28,68,966,16,9,9,34,8.590902543,94,124,10.51165132,9.483567526,8.349268428,8.812169032,466,12,500,22,478,522
32,1000,10,7.7,28,92,936,41,14,9,64,9.241034295,92,94,10.5141072,9.304833871,8.81902855,9.711218286,503,24,433,40,527,473
39,1000,10,7.7,28,47,965,19,7,9,35,7.744148284,99,111,10.39784874,9.25874984,7.149082974,8.276100608,461,11,504,24,472,528
33,1000,10,7.7,28,74,945,32,13,10,55,8.890246298,98,114,10.48599572,9.222615195,8.129063104,9.630410626,472,21,473,34,493,507
37,1000,10,7.7,28,62,935,37,14,14,65,8.897658327,97,105,10.33176359,9.803541408,8.170933875,9.59588378,460,30,475,35,490,510
35,1000,10,7.7,28,72,960,20,11,9,40,8.391753179,110,115,10.93670767,9.027937524,8.217225514,8.564199004,480,17,480,23,497,503
38,1000,10,7.7,28,62,960,22,12,6,40,8.264759574,88,113,10.41531397,9.101225302,7.932079495,8.61943503,500,16,460,24,516,484
36,1000,10,7.7,28,65,944,34,14,8,56,8.63374082,97,119,10.23246353,9.04519373,8.081541612,9.181540035,480,18,464,38,498,502
34,1000,10,7.7,28,69,965,16,10,9,35,8.635925431,103,98,10.52372829,9.481414273,8.412043851,8.840935766,465,13,500,22,478,522
33,1000,10,7.7,28,75,945,31,14,10,55,8.901659297,106,98,10.50180677,9.220628785,8.14108322,9.641233274,472,21,473,34,493,507
39,1000,10,7.7,28,48,965,19,7,9,35,7.760785527,86,113,10.40988024,9.266027509,7.18709891,8.273626593,461,11,504,24,472,528
32,1000,10,7.7,28,93,936,39,16,9,64,9.294659105,99,130,10.53588417,9.294145929,8.889024144,9.746603342,503,24,433,40,527,473
37,1000,10,7.7,28,63,934,38,14,14,66,8.911145868,117,128,10.34690869,9.803410314,8.224423561,9.570937888,460,30,474,36,490,510
35,1000,10,7.7,28,73,958,22,11,9,42,8.405279908,95,99,10.9482237,9.020875103,8.224894837,8.583513269,479,18,479,24,497,503
36,1000,10,7.7,28,66,944,34,14,8,56,8.6775894,96,118,10.22754894,9.049923608,8.118463541,9.232260072,480,18,464,38,498,502
38,1000,10,7.7,28,63,960,23,11,6,40,8.275048129,68,112,10.42038609,9.109807155,7.932655275,8.640078526,500,16,460,24,516,484
33,1000,10,7.7,28,76,946,29,15,10,54,8.917889632,102,111,10.49495943,9.224579564,8.130822888,9.683222778,473,20,473,34,493,507
34,1000,10,7.7,28,70,965,16,10,9,35,8.657566819,88,121,10.51742212,9.484989281,8.44276065,8.85426672,465,13,500,22,478,522
39,1000,10,7.7,28,49,964,20,7,9,36,7.768572318,91,122,10.4138905,9.261762931,7.208505973,8.269237687,461,11,503,25,472,528
32,1000,10,7.7,28,94,936,39,17,8,64,9.282726222,97,100,10.5493077,9.298589301,8.875883609,9.736015983,503,24,433,40,527,473
37,1000,10,7.7,28,64,936,38,12,14,64,8.895149105,108,107,10.35376367,9.819368224,8.186126402,9.576366997,462,28,474,36,490,510
35,1000,10,7.7,28,74,959,21,10,10,41,8.405961011,84,113,10.96448524,9.039707871,8.198450159,8.610996585,480,17,479,24,497,503
33,1000,10,7.7,28,77,946,29,15,10,54,8.95349121,92,97,10.51987915,9.246663509,8.186355816,9.699443378,473,20,473,34,493,507
36,1000,10,7.7,28,67,945,34,13,8,55,8.649961814,83,110,10.24580292,9.080019669,8.090565287,9.204900998,480,18,465,37,498,502
38,1000,10,7.7,28,64,960,22,13,5,40,8.294216655,88,107,10.42016278,9.108394248,7.982892588,8.626124132,500,16,460,24,516,484
34,1000,10,7.7,28,71,965,16,10,9,35,8.683391308,98,108,10.52153612,9.484983767,8.454831307,8.892685715,465,13,500,22,478,522
39,1000,10,7.7,28,50,965,18,8,9,35,7.773295956,90,105,10.40624659,9.247627748,7.237692688,8.252092816,461,11,504,24,472,528
35,1000,10,7.7,28,75,958,21,11,10,42,8.416678013,96,90,10.95931853,9.054173475,8.21470818,8.616238664,480,17,478,25,497,503
37,1000,10,7.7,28,65,937,39,10,14,63,8.926147149,101,100,10.3622418,9.817265262,8.265277903,9.561099955,462,28,475,35,490,510
32,1000,10,7.7,28,95,936,39,16,9,64,9.26652432,97,102,10.576959,9.305020859,8.896387897,9.678917332,503,24,433,40,527,473
33,1000,10,7.7,28,78,949,28,15,8,51,8.938458082,87,119,10.52199701,9.243799399,8.268760492,9.589663036,472,21,477,30,493,507
36,1000,10,7.7,28,68,945,35,12,8,55,8.672639128,99,116,10.26337919,9.101862545,8.154022506,9.187123346,480,18,465,37,498,502
38,1000,10,7.7,28,65,960,22,13,5,40,8.324564559,94,117,10.44892215,9.120109964,8.015647136,8.653906274,500,16,460,24,516,484
34,1000,10,7.7,28,72,966,16,9,9,34,8.674172685,91,104,10.52946904,9.495299241,8.433285967,8.894754775,466,12,500,22,478,522
39,1000,10,7.7,28,51,965,19,7,9,35,7.76841067,106,102,10.43429546,9.244622557,7.238573058,8.242053383,461,11,504,24,472,528
35,1000,10,7.7,28,76,958,20,12,10,42,8.409379352,84,108,10.96320029,9.065015701,8.210771307,8.605618315,480,17,478,25,497,503
37,1000,10,7.7,28,66,938,37,11,14,62,8.958084668,105,98,10.36917405,9.807686635,8.303107809,9.587376159,462,28,476,34,490,510
33,1000,10,7.7,28,79,949,28,15,8,51,8.947597274,91,101,10.53314796,9.27571523,8.258303545,9.617857252,473,20,476,31,493,507
32,1000,10,7.7,28,96,934,40,17,9,66,9.278658652,118,136,10.59118712,9.302615572,8.875537724,9.727801842,502,25,432,41,527,473
36,1000,10,7.7,28,69,944,36,12,8,56,8.704060337,108,117,10.27470178,9.097307478,8.198899851,9.20519564,479,19,465,37,498,502
38,1000,10,7.7,28,66,960,22,13,5,40,8.342767614,98,109,10.44009068,9.117222585,8.02793015,8.678420778,500,16,460,24,516,484
34,1000,10,7.7,28,73,965,16,10,9,35,8.708866738,107,114,10.52924619,9.492360233,8.471616361,8.926118998,465,13,500,22,478,522
39,1000,10,7.7,28,52,966,19,7,8,34,7.757788437,101,113,10.43081141,9.253942949,7.233377777,8.226579785,461,11,505,23,472,528
35,1000,10,7.7,28,77,958,20,12,10,42,8.443569164,87,115,10.98310124,9.052321659,8.279376536,8.605803233,479,18,479,24,497,503
33,1000,10,7.7,28,80,949,28,15,8,51,8.996401924,74,121,10.5471769,9.278462819,8.308570232,9.665240236,473,20,476,31,493,507
37,1000,10,7.7,28,67,938,37,11,14,62,8.94595505,106,110,10.38981448,9.813165569,8.288376408,9.577746295,461,29,477,33,490,510
32,1000,10,7.7,28,97,936,40,16,8,64,9.274985753,86,99,10.5845842,9.302546465,8.860116923,9.737218043,503,24,433,40,527,473
36,1000,10,7.7,28,70,945,36,12,7,55,8.690107891,93,97,10.28482033,9.088982721,8.205425823,9.17092795,479,19,466,36,498,502
38,1000,10,7.7,28,67,958,24,13,5,42,8.356627222,101,94,10.45352234,9.098804779,8.073395092,8.658585443,497,19,461,23,516,484
34,1000,10,7.7,28,74,963,17,11,9,37,8.728774348,98,99,10.52085548,9.513157909,8.485908337,8.951168894,465,13,498,24,478,522
35,1000,10,7.7,28,78,958,18,14,10,42,8.479254758,95,116,10.97006766,9.035883518,8.305696187,8.650743049,479,18,479,24,497,503
39,1000,10,7.7,28,53,965,20,6,9,35,7.792169252,101,111,10.44411111,9.252763962,7.242317681,8.283703232,461,11,504,24,472,528
33,1000,10,7.7,28,81,948,29,15,8,52,9.016494167,95,99,10.5595966,9.264945376,8.348325393,9.666212521,472,21,476,31,493,507
37,1000,10,7.7,28,68,938,37,11,14,62,8.986147324,84,109,10.39217334,9.81610738,8.338299643,9.608589213,461,29,477,33,490,510
36,1000,10,7.7,28,71,944,36,13,7,56,8.718139919,101,102,10.29273705,9.091987123,8.220268975,9.212043764,479,19,465,37,498,502
38,1000,10,7.7,28,68,958,24,12,6,42,8.370700823,96,112,10.47324595,9.090741766,8.079129189,8.68154992,497,19,461,23,516,484
32,1000,10,7.7,28,98,935,41,15,9,65,9.280394389,91,117,10.59729956,9.302471819,8.863080927,9.745350402,503,24,432,41,527,473
34,1000,10,7.7,28,75,963,16,11,10,37,8.77186616,101,123,10.53156402,9.520265439,8.554190811,8.971193394,465,13,498,24,478,522
35,1000,10,7.7,28,79,956,20,14,10,44,8.527244034,81,102,10.98176148,9.043028257,8.352596382,8.699808413,478,19,478,25,497,503
39,1000,10,7.7,28,54,965,20,6,9,35,7.81286929,96,118,10.46510227,9.283725488,7.256906685,8.309866165,460,12,505,23,472,528
33,1000,10,7.7,28,82,949,29,14,8,51,9.040166598,98,110,10.55778594,9.255558944,8.407228621,9.655626998,472,21,477,30,493,507
37,1000,10,7.7,28,69,936,37,13,14,64,9.013361106,99,122,10.41135083,9.825705456,8.378692564,9.623140685,460,30,476,34,490,510
36,1000,10,7.7,28,72,944,35,14,7,56,8.731606048,87,100,10.29119715,9.127711706,8.233334301,9.225907503,479,19,465,37,498,502
38,1000,10,7.7,28,69,956,26,12,6,44,8.424512602,107,122,10.48065894,9.093225202,8.121136084,8.747947071,495,21,461,23,516,484
34,1000,10,7.7,28,76,961,17,12,10,39,8.785661346,95,131,10.52533198,9.53472064,8.601263735,8.954515863,465,13,496,26,478,522
32,1000,10,7.7,28,99,935,41,15,9,65,9.296811969,100,118,10.60629,9.306580129,8.880698466,9.760431029,503,24,432,41,527,473
35,1000,10,7.7,28,80,956,20,14,10,44,8.56180912,93,136,11.00316959,9.045730205,8.396649959,8.724998191,478,19,478,25,497,503
39,1000,10,7.7,28,55,964,20,7,9,36,7.833125977,99,110,10.47626752,9.30215559,7.276969083,8.330296535,460,12,504,24,472,528
33,1000,10,7.7,28,83,947,31,14,8,53,9.04444824,95,125,10.55560623,9.286722304,8.408716506,9.662625252,472,21,475,32,493,507
37,1000,10,7.7,28,70,935,38,13,14,65,9.045505451,96,126,10.41767994,9.829627892,8.417108012,9.649259853,460,30,475,35,490,510
36,1000,10,7.7,28,73,944,35,14,7,56,8.750009402,109,113,10.30356356,9.139312792,8.258668526,9.237435212,479,19,465,37,498,502
38,1000,10,7.7,28,70,956,27,10,7,44,8.426578768,95,130,10.48574133,9.097623657,8.111825962,8.762141678,495,21,461,23,516,484
34,1000,10,7.7,28,77,962,17,11,10,38,8.809005892,94,123,10.54512226,9.556523361,8.621962099,8.980283541,465,13,497,25,478,522
35,1000,10,7.7,28,81,956,20,14,10,44,8.586173535,78,128,11.00739557,9.065952246,8.440740271,8.729872008,478,19,478,25,497,503
33,1000,10,7.7,28,84,945,33,14,8,55,9.078556834,106,101,10.55692434,9.287607549,8.446653325,9.693011331,470,23,475,32,493,507
32,1000,10,7.7,28,100,935,41,15,9,65,9.323073558,92,103,10.62872226,9.332219663,8.898434321,9.796191693,503,24,432,41,527,473
39,1000,10,7.7,28,56,964,21,6,9,36,7.868262932,94,101,10.47504155,9.30609485,7.32534697,8.353596898,459,13,505,23,472,528
37,1000,10,7.7,28,71,937,36,13,14,63,9.080606804,99,96,10.42378239,9.830519851,8.474229278,9.663204819,461,29,476,34,490,510
36,1000,10,7.7,28,74,945,35,13,7,55,8.78376314,102,107,10.32424883,9.131874287,8.255039836,9.308273508,479,19,466,36,498,502
35,1000,10,7.7,28,82,954,22,14,10,46,8.618956471,84,118,11.0516523,9.070356995,8.526239683,8.710567293,476,21,478,25,497,503
38,1000,10,7.7,28,71,957,26,10,7,43,8.47492681,96,114,10.48061592,9.097349905,8.142549006,8.829280006,496,20,461,23,516,484
34,1000,10,7.7,28,78,960,19,11,10,40,8.857722301,100,105,10.55249738,9.55693587,8.684191139,9.016626316,464,14,496,26,478,522
33,1000,10,7.7,28,85,945,31,15,9,55,9.091765675,112,109,10.55444106,9.273594399,8.477658558,9.688915199,470,23,475,32,493,507
39,1000,10,7.7,28,57,963,22,6,9,37,7.907378047,85,109,10.47111836,9.309549231,7.37191343,8.386050963,459,13,504,24,472,528
32,1000,10,7.7,28,101,935,41,15,9,65,9.326039226,100,115,10.62295626,9.351991169,8.925110209,9.772740265,503,24,432,41,527,473
37,1000,10,7.7,28,72,936,37,13,14,64,9.113146118,117,95,10.420212,9.844536142,8.519556062,9.683458133,461,29,475,35,490,510
35,1000,10,7.7,28,83,953,23,14,10,47,8.647638431,98,123,11.07049458,9.072452467,8.576121893,8.718301889,476,21,477,26,497,503
36,1000,10,7.7,28,75,944,35,14,7,56,8.835257537,85,108,10.3352112,9.132866713,8.265704511,9.400272293,479,19,465,37,498,502
38,1000,10,7.7,28,72,958,27,8,7,42,8.472257759,100,110,10.49420004,9.091096201,8.130984515,8.836094523,496,20,462,22,516,484
34,1000,10,7.7,28,79,959,19,12,10,41,8.874407901,109,91,10.55613129,9.551327092,8.689256329,9.043952827,463,15,496,26,478,522
33,1000,10,7.7,28,86,945,32,15,8,55,9.094867646,103,104,10.56141496,9.2827926,8.470088523,9.702394487,470,23,475,32,493,507
39,1000,10,7.7,28,58,964,21,6,9,36,7.923800315,100,112,10.4780937,9.300181474,7.39018893,8.400816553,460,12,504,24,472,528
32,1000,10,7.7,28,102,935,40,16,9,65,9.335203441,85,135,10.65099966,9.347597452,8.908320717,9.81082119,503,24,432,41,527,473
37,1000,10,7.7,28,73,935,39,12,14,65,9.111922934,109,107,10.42994862,9.86090928,8.528853783,9.672126628,461,29,474,36,490,510
35,1000,10,7.7,28,84,953,23,14,10,47,8.666949275,94,97,11.07412723,9.072870248,8.596644797,8.736415131,475,22,478,25,497,503
36,1000,10,7.7,28,76,945,34,14,7,55,8.865697176,86,112,10.35006987,9.130420896,8.296025374,9.43082976,480,18,465,37,498,502
34,1000,10,7.7,28,80,959,18,13,10,41,8.881583407,86,100,10.58846877,9.554747685,8.688909544,9.058016562,463,15,496,26,478,522
33,1000,10,7.7,28,87,946,32,14,8,54,9.107516335,88,102,10.55823828,9.271627028,8.444638557,9.752089795,471,22,475,32,493,507
38,1000,10,7.7,28,73,959,27,7,7,41,8.45157583,101,105,10.49077928,9.101693447,8.094082319,8.832705275,497,19,462,22,516,484
39,1000,10,7.7,28,59,963,22,6,9,37,7.948659021,87,123,10.48170001,9.286714567,7.420091457,8.42116639,460,12,503,25,472,528
32,1000,10,7.7,28,103,935,41,16,8,65,9.335468689,89,120,10.64813617,9.350118171,8.937443016,9.778934925,503,24,432,41,527,473
35,1000,10,7.7,28,85,955,21,14,10,45,8.691999277,101,126,11.07633327,9.079299109,8.652508011,8.731019474,475,22,480,23,497,503
37,1000,10,7.7,28,74,935,40,12,13,65,9.142446285,93,116,10.42121346,9.862127254,8.587139644,9.675976196,461,29,474,36,490,510
36,1000,10,7.7,28,77,947,34,13,6,53,8.861706482,93,110,10.36551586,9.124744555,8.303420042,9.415544425,480,18,467,35,498,502
33,1000,10,7.7,28,88,944,33,14,9,56,9.135235197,98,102,10.56402306,9.286638024,8.473029045,9.779155579,469,24,475,32,493,507
34,1000,10,7.7,28,81,957,20,13,10,43,8.894929898,125,102,10.59382925,9.537857408,8.711110348,9.063255081,462,16,495,27,478,522
38,1000,10,7.7,28,74,955,31,7,7,45,8.488282911,100,114,10.50047678,9.114613194,8.11283917,8.888549378,495,21,460,24,516,484
39,1000,10,7.7,28,60,963,21,7,9,37,7.978178643,92,121,10.49608947,9.295520082,7.474072628,8.428818869,460,12,503,25,472,528
35,1000,10,7.7,28,86,952,24,14,10,48,8.748314281,87,121,11.08233404,9.081749795,8.736589522,8.759899182,475,22,477,26,497,503
37,1000,10,7.7,28,75,932,43,12,13,68,9.164115698,86,107,10.42154191,9.876311417,8.612043779,9.694537738,461,29,471,39,490,510
32,1000,10,7.7,28,104,933,43,15,9,67,9.368620172,104,118,10.66202192,9.3653736,8.980235476,9.801344769,501,26,432,41,527,473
33,1000,10,7.7,28,89,944,33,14,9,56,9.146628803,96,97,10.55788982,9.308898422,8.496532373,9.778773852,469,24,475,32,493,507
40,1000,10,7.7,28,0,937,29,17,17,63,7.192,97,106,10.14772282,9.035223257,6.745901639,7.6171875,462,26,475,37,488,512
36,1000,10,7.7,28,78,947,34,13,6,53,8.838170522,100,112,10.37071384,9.115640173,8.242133349,9.429458395,481,17,466,36,498,502
34,1000,10,7.7,28,82,958,20,13,9,42,8.911270142,102,111,10.58124124,9.541717625,8.739702076,9.068376532,462,16,496,26,478,522
38,1000,10,7.7,28,75,955,31,7,7,45,8.507306421,93,109,10.50665901,9.127387456,8.125859666,8.913972796,495,21,460,24,516,484
39,1000,10,7.7,28,61,963,21,7,9,37,8.015684225,115,102,10.48170406,9.307362396,7.487090761,8.488214745,460,12,503,25,472,528
35,1000,10,7.7,28,87,952,24,14,10,48,8.784873677,92,112,11.0883802,9.087239346,8.754706655,8.814680853,475,22,477,26,497,503
33,1000,10,7.7,28,90,942,35,14,9,58,9.165282252,95,107,10.54774056,9.298565899,8.541197092,9.772134291,466,27,476,31,493,507
37,1000,10,7.7,28,76,929,45,12,14,71,9.214637578,102,116,10.41799302,9.86860458,8.66808344,9.73975822,459,31,470,40,490,510
36,1000,10,7.7,28,79,947,34,13,6,53,8.85035721,80,99,10.38159335,9.122482865,8.23811353,9.457722455,481,17,466,36,498,502
34,1000,10,7.7,28,83,960,19,12,9,40,8.867613285,100,127,10.59439197,9.545612535,8.698904542,9.022101367,463,15,497,25,478,522
40,1000,10,7.7,28,1,936,30,17,17,64,7.235478585,83,110,10.16306215,9.017766039,6.766943438,7.682051147,461,27,475,37,488,512
38,1000,10,7.7,28,76,958,28,7,7,42,8.496424701,91,104,10.50833989,9.132371588,8.128200612,8.888994184,497,19,461,23,516,484
39,1000,10,7.7,28,62,962,23,6,9,38,8.025980002,105,100,10.47319379,9.325120961,7.504819995,8.491865463,459,13,503,25,472,528
35,1000,10,7.7,28,88,952,24,15,9,48,8.791748512,98,111,11.10389455,9.084713592,8.727921437,8.854814231,475,22,477,26,497,503
33,1000,10,7.7,28,91,942,35,13,10,58,9.184291583,100,120,10.55310867,9.298752187,8.574149579,9.777585484,466,27,476,31,493,507
37,1000,10,7.7,28,77,928,47,11,14,72,9.220654331,115,109,10.42504329,9.875577731,8.663258952,9.756191068,458,32,470,40,490,510
36,1000,10,7.7,28,80,946,36,13,5,54,8.872308737,97,101,10.40088064,9.115359681,8.31280974,9.427349574,481,17,465,37,498,502
34,1000,10,7.7,28,84,960,20,11,9,40,8.888651169,104,115,10.61259395,9.554406787,8.692565909,9.06820817,464,14,496,26,478,522
38,1000,10,7.7,28,77,958,28,7,7,42,8.48736104,112,84,10.51339393,9.138724818,8.125237451,8.873426686,497,19,461,23,516,484
40,1000,10,7.7,28,2,937,29,17,17,63,7.216231278,104,105,10.17377967,9.023149241,6.75389411,7.656896392,461,27,476,36,488,512
39,1000,10,7.7,28,63,963,23,6,8,37,8.038618962,99,114,10.46954496,9.319842593,7.564889444,8.462104441,459,13,504,24,472,528
35,1000,10,7.7,28,89,951,25,15,9,49,8.819483323,92,121,11.08864031,9.091995152,8.725131533,8.912709645,475,22,476,27,497,503
33,1000,10,7.7,28,92,939,38,13,10,61,9.203673459,91,105,10.55764609,9.287159371,8.599538112,9.791126568,465,28,474,33,493,507
37,1000,10,7.7,28,78,927,48,11,14,73,9.221978533,102,104,10.42970636,9.882502577,8.691456757,9.731695534,458,32,469,41,490,510
36,1000,10,7.7,28,81,946,37,12,5,54,8.922304162,92,102,10.4039554,9.097744006,8.36184022,9.478302256,480,18,466,36,498,502
34,1000,10,7.7,28,85,960,21,11,8,40,8.894369718,120,108,10.65044551,9.581881524,8.737229478,9.03826442,463,15,497,25,478,522
38,1000,10,7.7,28,78,958,28,7,7,42,8.530744676,81,118,10.54052445,9.158207226,8.167426272,8.918084132,497,19,461,23,516,484
40,1000,10,7.7,28,3,939,27,17,17,61,7.234374685,103,94,10.16776775,9.018270946,6.78526926,7.662428294,462,26,477,35,488,512
39,1000,10,7.7,28,64,965,21,6,8,35,8.019174232,106,98,10.47472463,9.319308395,7.574293251,8.416870866,459,13,506,22,472,528
35,1000,10,7.7,28,90,952,25,14,9,48,8.835216278,81,134,11.09129157,9.104688387,8.745172376,8.924186097,475,22,477,26,497,503
33,1000,10,7.7,28,93,939,38,13,10,61,9.236350648,94,114,10.55249387,9.289567238,8.646210918,9.810194607,465,28,474,33,493,507
36,1000,10,7.7,28,82,946,37,11,6,54,8.924278796,96,106,10.40413127,9.115441863,8.331411655,9.512421896,480,18,466,36,498,502
37,1000,10,7.7,28,79,928,47,10,15,72,9.227602703,98,106,10.4249303,9.873382812,8.730857752,9.704867459,458,32,470,40,490,510
34,1000,10,7.7,28,86,959,22,11,8,41,8.909498623,120,112,10.65377949,9.588262787,8.76819405,9.038892466,463,15,496,26,478,522
38,1000,10,7.7,28,79,958,28,7,7,42,8.543316672,103,97,10.55102947,9.158969015,8.206153543,8.902771579,497,19,461,23,516,484
35,1000,10,7.7,28,91,953,24,14,9,47,8.854888279,95,123,11.07762472,9.116642917,8.728717341,8.979554195,476,21,477,26,497,503
39,1000,10,7.7,28,65,965,22,6,7,35,8.023610541,119,120,10.48115179,9.327514824,7.603777504,8.398915831,459,13,506,22,472,528
33,1000,10,7.7,28,94,939,38,13,10,61,9.244654123,97,107,10.54973079,9.302283943,8.660748756,9.812435869,465,28,474,33,493,507
40,1000,10,7.7,28,4,940,27,16,17,60,7.269058953,87,113,10.18973901,9.015627011,6.807025392,7.709434692,463,25,477,35,488,512
36,1000,10,7.7,28,83,948,34,12,6,52,8.917085031,107,114,10.39192425,9.116333136,8.347189874,9.48243919,481,17,467,35,498,502
37,1000,10,7.7,28,80,929,46,10,15,71,9.264929132,105,114,10.41665075,9.860470377,8.814171817,9.69800969,458,32,471,39,490,510
34,1000,10,7.7,28,87,958,24,11,7,42,8.873691877,107,111,10.68347634,9.580898829,8.717837757,9.016408869,463,15,495,27,478,522
38,1000,10,7.7,28,80,958,28,7,7,42,8.568881629,84,115,10.55032278,9.142922256,8.244719333,8.914476142,497,19,461,23,516,484
35,1000,10,7.7,28,92,952,25,14,9,48,8.913288993,78,127,11.08187832,9.103798534,8.821397211,9.004084651,475,22,477,26,497,503
39,1000,10,7.7,28,66,966,21,6,7,34,8.030235205,105,106,10.48257449,9.328182269,7.62487446,8.392603144,460,12,506,22,472,528
33,1000,10,7.7,28,95,940,37,13,10,60,9.251175687,83,113,10.55688006,9.312861375,8.699035785,9.788069122,465,28,475,32,493,507
40,1000,10,7.7,28,5,938,29,16,17,62,7.325813242,81,135,10.19296714,9.010252049,6.882006543,7.748816502,462,26,476,36,488,512
36,1000,10,7.7,28,84,949,34,12,5,51,8.893458548,104,101,10.41781599,9.115667316,8.28697335,9.495111195,482,16,467,35,498,502
37,1000,10,7.7,28,81,930,46,9,15,70,9.253364436,107,110,10.42131729,9.85590399,8.782629513,9.705639165,458,32,472,38,490,510
34,1000,10,7.7,28,88,956,26,11,7,44,8.937194058,103,117,10.68488566,9.601011184,8.828344266,9.036868771,461,17,495,27,478,522
35,1000,10,7.7,28,93,952,25,14,9,48,8.96886565,93,98,11.0903217,9.110316667,8.857350851,9.079050253,475,22,477,26,497,503
38,1000,10,7.7,28,81,957,29,7,7,43,8.561191377,103,112,10.56386834,9.138718774,8.234215129,8.90978589,496,20,461,23,516,484
33,1000,10,7.7,28,96,940,38,12,10,60,9.273602732,89,127,10.55353192,9.310779639,8.705700271,9.825823467,465,28,475,32,493,507
39,1000,10,7.7,28,67,966,21,6,7,34,8.066643824,93,100,10.4932537,9.339180468,7.665285497,8.425433844,460,12,506,22,472,528
40,1000,10,7.7,28,6,938,29,15,18,62,7.334128992,89,130,10.20464876,8.997263823,6.884118355,7.76304538,462,26,476,36,488,512
36,1000,10,7.7,28,85,948,34,13,5,52,8.94262056,90,102,10.41961194,9.124234692,8.315166831,9.565074658,482,16,466,36,498,502
37,1000,10,7.7,28,82,929,47,10,14,71,9.284299073,88,106,10.40683552,9.861265166,8.842081701,9.709174587,458,32,471,39,490,510
34,1000,10,7.7,28,89,955,27,12,6,45,8.952289704,106,115,10.70051117,9.588357581,8.909347903,8.99161189,460,18,495,27,478,522
35,1000,10,7.7,28,94,952,26,14,8,48,8.986570365,91,107,11.10313135,9.102872506,8.870580701,9.101176454,475,22,477,26,497,503
33,1000,10,7.7,28,97,939,39,12,10,61,9.289937217,97,101,10.55454776,9.322869945,8.736856337,9.827745648,463,30,476,31,493,507
38,1000,10,7.7,28,82,957,29,6,8,43,8.589671336,96,120,10.56012046,9.153139368,8.285578629,8.913869345,496,20,461,23,516,484
39,1000,10,7.7,28,68,966,22,5,7,34,8.111108268,106,103,10.51193185,9.337403973,7.719838107,8.460880079,460,12,506,22,472,528
36,1000,10,7.7,28,86,948,34,13,5,52,8.941717457,97,111,10.42346892,9.128997578,8.309931785,9.56846898,482,16,466,36,498,502
40,1000,10,7.7,28,7,938,30,15,17,62,7.353311432,100,114,10.21552605,8.990182595,6.945844428,7.74167842,462,26,476,36,488,512
35,1000,10,7.7,28,95,952,26,14,8,48,9.030405686,101,133,11.12306007,9.116521023,8.92445239,9.135095124,475,22,477,26,497,503
34,1000,10,7.7,28,90,955,25,14,6,45,8.977739877,98,112,10.70256824,9.580842295,8.929191224,9.022196306,460,18,495,27,478,522
37,1000,10,7.7,28,83,929,45,11,15,71,9.277134572,94,114,10.41918488,9.887389126,8.805073788,9.730683169,458,32,471,39,490,510
33,1000,10,7.7,28,98,938,40,12,10,62,9.32542509,79,121,10.57039894,9.332335592,8.784163211,9.851740881,462,31,476,31,493,507
38,1000,10,7.7,28,83,954,32,6,8,46,8.619655396,105,134,10.57065098,9.161071007,8.311437805,8.94825101,496,20,458,26,516,484
39,1000,10,7.7,28,69,965,23,6,6,35,8.155669242,91,117,10.51365165,9.342186632,7.807505232,8.466906767,459,13,506,22,472,528
36,1000,10,7.7,28,87,945,37,13,5,55,8.939771238,100,103,10.43130529,9.141707726,8.305884236,9.568607347,481,17,464,38,498,502
35,1000,10,7.7,28,96,953,24,15,8,47,9.03560298,112,98,11.12423737,9.11943563,8.935370457,9.134639887,475,22,478,25,497,503
34,1000,10,7.7,28,91,955,25,14,6,45,8.979706771,120,109,10.69040992,9.570001143,8.961733675,8.996164894,460,18,495,27,478,522
40,1000,10,7.7,28,8,938,30,15,17,62,7.383788624,78,92,10.23450168,8.98504561,6.98950991,7.759585524,462,26,476,36,488,512
37,1000,10,7.7,28,84,929,45,10,16,71,9.281573399,111,119,10.44393731,9.892024396,8.815660214,9.729215479,458,32,471,39,490,510
33,1000,10,7.7,28,99,939,39,12,10,61,9.321171727,102,124,10.57456584,9.323809866,8.769246709,9.857856213,463,30,476,31,493,507
38,1000,10,7.7,28,84,954,33,6,7,46,8.649855443,98,112,10.60038004,9.166791067,8.353314442,8.96600246,495,21,459,25,516,484
39,1000,10,7.7,28,70,966,22,6,6,34,8.135946413,88,111,10.52851689,9.34697902,7.812954149,8.424681922,459,13,507,21,472,528
35,1000,10,7.7,28,97,952,25,14,9,48,9.093087437,92,111,11.136444,9.113590139,8.979239121,9.205577722,475,22,477,26,497,503
36,1000,10,7.7,28,88,944,38,13,5,56,8.960019877,87,100,10.4238918,9.153472638,8.323416513,9.591550706,481,17,463,39,498,502
33,1000,10,7.7,28,100,940,40,10,10,60,9.349752174,98,124,10.58056919,9.323012667,8.8180682,9.86675454,464,29,476,31,493,507
34,1000,10,7.7,28,92,952,28,14,6,48,9.011093219,104,107,10.68712174,9.552649084,8.98763074,9.032578018,459,19,493,29,478,522
37,1000,10,7.7,28,85,927,44,13,16,73,9.339837212,91,116,10.43335307,9.871621424,8.874268499,9.787148329,457,33,470,40,490,510
40,1000,10,7.7,28,9,937,31,14,18,63,7.415642703,88,131,10.24131733,8.990152812,7.051505311,7.762711155,461,27,476,36,488,512
38,1000,10,7.7,28,85,955,32,6,7,45,8.658728939,111,101,10.60796028,9.156099392,8.388481659,8.946843809,494,22,461,23,516,484
39,1000,10,7.7,28,71,967,21,6,6,33,8.149826244,105,133,10.52905249,9.341594481,7.803643085,8.459293009,459,13,508,20,472,528
35,1000,10,7.7,28,98,953,24,14,9,47,9.090499216,96,107,11.13451067,9.123983359,8.991311168,9.188504107,475,22,478,25,497,503
36,1000,10,7.7,28,89,942,40,13,5,58,8.963535865,104,118,10.41381763,9.150761184,8.316917153,9.605002237,480,18,462,40,498,502
33,1000,10,7.7,28,101,937,43,10,10,63,9.370999886,98,118,10.59730213,9.333595966,8.842540549,9.884866656,462,31,475,32,493,507
34,1000,10,7.7,28,93,952,28,13,7,48,9.027777459,109,120,10.69241721,9.558851909,8.997660457,9.055355863,459,19,493,29,478,522
37,1000,10,7.7,28,86,926,44,14,16,74,9.391051506,95,111,10.42532929,9.881947159,8.906769606,9.856341958,457,33,469,41,490,510
40,1000,10,7.7,28,10,937,31,14,18,63,7.435137432,94,113,10.23783685,8.994739796,7.08760839,7.76637605,461,27,476,36,488,512
38,1000,10,7.7,28,86,955,32,6,7,45,8.688476109,90,116,10.60919781,9.185037034,8.411521252,8.98374203,494,22,461,23,516,484
39,1000,10,7.7,28,72,970,17,6,7,30,8.160253528,86,112,10.51964839,9.33876547,7.794616616,8.487110768,460,12,510,18,472,528
35,1000,10,7.7,28,99,953,24,14,9,47,9.057792372,100,131,11.14723895,9.107305423,8.962828168,9.151623802,475,22,478,25,497,503
33,1000,10,7.7,28,102,935,44,11,10,65,9.436908731,75,116,10.59359814,9.344776687,8.893043089,9.965756387,462,31,473,34,493,507
36,1000,10,7.7,28,90,942,40,13,5,58,8.97615875,114,103,10.42052699,9.162207047,8.357940129,9.589451326,480,18,462,40,498,502
34,1000,10,7.7,28,94,951,30,12,7,49,9.099855612,96,116,10.69812071,9.545436428,9.082988447,9.115301024,458,20,493,29,478,522
37,1000,10,7.7,28,87,927,43,14,16,73,9.416144477,99,100,10.43086074,9.883136692,8.925400705,9.887643396,457,33,470,40,490,510
38,1000,10,7.7,28,87,955,31,7,7,45,8.7143602,82,116,10.62709504,9.188240724,8.4613966,8.984048666,494,22,461,23,516,484
39,1000,10,7.7,28,73,969,18,5,8,31,8.202014297,87,100,10.56213385,9.349281512,7.815346176,8.547672162,460,12,509,19,472,528
40,1000,10,7.7,28,11,937,31,14,18,63,7.459990373,97,102,10.26301824,8.990311597,7.11457175,7.789217498,461,27,476,36,488,512
35,1000,10,7.7,28,100,949,28,14,9,51,9.111609102,80,105,11.13691333,9.11205089,9.052464256,9.170048444,473,24,476,27,497,503
33,1000,10,7.7,28,103,934,45,11,10,66,9.486626537,98,110,10.61229627,9.360669886,8.932365349,10.02558268,462,31,472,35,493,507
36,1000,10,7.7,28,91,942,40,13,5,58,8.995174463,100,97,10.42771192,9.165430669,8.357707803,9.627561708,480,18,462,40,498,502
34,1000,10,7.7,28,95,950,31,12,7,50,9.109514023,108,116,10.71301305,9.561828942,9.108190031,9.110726414,457,21,493,29,478,522
37,1000,10,7.7,28,88,928,43,12,17,72,9.369687348,110,111,10.46017266,9.892024523,8.881173304,9.839043978,457,33,471,39,490,510
38,1000,10,7.7,28,88,955,31,7,7,45,8.717532208,93,103,10.60526476,9.203532729,8.498533837,8.95100981,493,23,462,22,516,484
39,1000,10,7.7,28,74,969,17,6,8,31,8.219582892,103,102,10.55833148,9.35463284,7.846483205,8.553111399,460,12,509,19,472,528
40,1000,10,7.7,28,12,938,31,13,18,62,7.429475753,109,106,10.27128518,9.018310876,7.069205823,7.77285803,462,26,476,36,488,512
35,1000,10,7.7,28,101,947,30,14,9,53,9.090195518,111,98,11.14683447,9.132236751,9.054689317,9.125278185,472,25,475,28,497,503
33,1000,10,7.7,28,104,934,45,10,11,66,9.512611083,101,130,10.61344174,9.356410336,8.977966201,10.0324926,462,31,472,35,493,507
41,1000,10,7.7,28,0,934,34,17,15,66,7.15,101,121,10.09348643,9.073295873,6.413793103,7.865877712,470,23,464,43,493,507
36,1000,10,7.7,28,92,940,41,13,6,60,9.012859439,94,119,10.42431879,9.174987941,8.366178537,9.654387505,479,19,461,41,498,502
34,1000,10,7.7,28,96,951,30,11,8,49,9.098612362,94,110,10.71591829,9.574569025,9.086430694,9.109767223,458,20,493,29,478,522
37,1000,10,7.7,28,89,929,43,12,16,71,9.38440513,110,108,10.46103385,9.905866172,8.886247734,9.863026942,458,32,471,39,490,510
38,1000,10,7.7,28,89,955,30,8,7,45,8.778353571,93,126,10.62923178,9.202676769,8.564898453,9.005921424,493,23,462,22,516,484
39,1000,10,7.7,28,75,969,18,5,8,31,8.260010483,95,106,10.56025526,9.355048377,7.85636985,8.620840747,460,12,509,19,472,528
35,1000,10,7.7,28,102,946,31,14,9,54,9.091936303,101,107,11.15324022,9.132204521,9.035962224,9.147242699,470,27,476,27,497,503
40,1000,10,7.7,28,13,942,26,14,18,58,7.431160561,98,100,10.25852312,9.031878301,7.056763877,7.788007401,465,23,477,35,488,512
41,1000,10,7.7,28,1,935,34,16,15,65,7.157145143,90,103,10.10624113,9.091590486,6.409273753,7.884365252,471,22,464,43,493,507
36,1000,10,7.7,28,93,941,40,13,6,59,9.036597515,104,121,10.43596602,9.178639403,8.394162478,9.673913549,479,19,462,40,498,502
34,1000,10,7.7,28,97,950,31,11,8,50,9.130306812,107,89,10.74933927,9.585955494,9.119607216,9.140104527,457,21,493,29,478,522
37,1000,10,7.7,28,90,930,43,11,16,70,9.414321069,101,122,10.46767497,9.912727021,8.890955195,9.917162791,459,31,471,39,490,510
38,1000,10,7.7,28,90,955,30,8,7,45,8.782427402,100,109,10.64056101,9.215361849,8.542685941,9.038019539,493,23,462,22,516,484
35,1000,10,7.7,28,103,947,30,13,10,53,9.109265495,106,109,11.17720841,9.13700206,9.032614914,9.185001756,471,26,476,27,497,503
39,1000,10,7.7,28,76,969,18,5,8,31,8.274637477,109,104,10.57992949,9.359690132,7.87528909,8.631630731,460,12,509,19,472,528
41,1000,10,7.7,28,2,936,34,15,15,64,7.183949275,102,99,10.11251655,9.105187244,6.48238707,7.866138955,470,23,466,41,493,507
40,1000,10,7.7,28,14,944,24,14,18,56,7.439761921,92,129,10.26607295,9.033738876,7.049502327,7.811728096,466,22,478,34,488,512
36,1000,10,7.7,28,94,939,42,13,6,61,9.085965453,75,114,10.44725177,9.173705052,8.462153152,9.704807138,477,21,462,40,498,502
34,1000,10,7.7,28,98,949,32,11,8,51,9.189742769,87,101,10.76554267,9.574278159,9.198775726,9.181471211,456,22,493,29,478,522
37,1000,10,7.7,28,91,928,44,12,16,72,9.427481095,108,127,10.46585175,9.919026898,8.921882971,9.913251841,459,31,469,41,490,510
35,1000,10,7.7,28,104,947,31,13,9,53,9.088851093,101,130,11.17181554,9.148701193,9.029855988,9.147142479,471,26,476,27,497,503
42,1000,10,7.7,28,0,945,26,12,17,55,7.23,102,89,10.00562524,8.797462123,6.488372093,8.020661157,498,18,447,37,516,484
38,1000,10,7.7,28,91,956,30,8,6,44,8.77465568,96,121,10.64584933,9.212056401,8.544396455,9.020138656,494,22,462,22,516,484
39,1000,10,7.7,28,77,968,19,5,8,32,8.306066743,94,111,10.58403281,9.377965459,7.879951457,8.686987983,460,12,508,20,472,528
41,1000,10,7.7,28,3,935,35,15,15,65,7.211172672,96,105,10.1234409,9.117050727,6.523079412,7.880265329,469,24,466,41,493,507
36,1000,10,7.7,28,95,939,42,13,6,61,9.092018023,94,110,10.46743387,9.196857254,8.48722181,9.691995143,477,21,462,40,498,502
40,1000,10,7.7,28,15,946,25,13,16,54,7.41555086,118,96,10.24683309,9.03396546,6.952612368,7.856789112,468,20,478,34,488,512
34,1000,10,7.7,28,99,948,33,10,9,52,9.202217591,105,114,10.76850304,9.563398155,9.202344488,9.20210139,455,23,493,29,478,522
37,1000,10,7.7,28,92,931,43,10,16,69,9.424250999,103,104,10.46372818,9.937775623,8.930267431,9.898862662,461,29,470,40,490,510
42,1000,10,7.7,28,1,945,26,12,17,55,7.268400022,96,113,10.00389929,8.814550855,6.504996147,8.082276879,498,18,447,37,516,484
38,1000,10,7.7,28,92,955,31,9,5,45,8.815689475,95,134,10.65188211,9.227318221,8.610194675,9.034770708,494,22,461,23,516,484
39,1000,10,7.7,28,78,967,20,5,8,33,8.340010485,99,104,10.59369731,9.367127008,7.907911868,8.726280461,460,12,507,21,472,528
41,1000,10,7.7,28,4,935,35,15,15,65,7.244886284,99,98,10.08935863,9.125796188,6.556832911,7.913940157,469,24,466,41,493,507
36,1000,10,7.7,28,96,940,41,13,6,60,9.082509088,103,105,10.44932062,9.186846117,8.495029856,9.66530721,478,20,462,40,498,502
34,1000,10,7.7,28,100,947,34,10,9,53,9.225033591,92,104,10.77909462,9.576224744,9.217334133,9.232084052,455,23,492,30,478,522
40,1000,10,7.7,28,16,947,23,13,17,53,7.418815134,82,100,10.25201044,9.034773235,6.957954079,7.858073326,469,19,478,34,488,512
37,1000,10,7.7,28,93,930,44,10,16,70,9.454904317,106,104,10.46772185,9.944914197,8.998050032,9.893842748,461,29,469,41,490,510
42,1000,10,7.7,28,2,945,26,12,17,55,7.290357352,103,96,10.00426147,8.832087228,6.50288924,8.12988947,498,18,447,37,516,484
38,1000,10,7.7,28,93,954,32,9,5,46,8.843000621,96,111,10.661824,9.243207235,8.633347506,9.066515098,493,23,461,23,516,484
39,1000,10,7.7,28,79,966,21,6,7,34,8.368249956,107,118,10.5934976,9.382598251,7.947179133,8.744661752,460,12,506,22,472,528
41,1000,10,7.7,28,5,935,35,16,14,65,7.257218765,82,106,10.10689699,9.141163606,6.572936018,7.92260613,469,24,466,41,493,507
36,1000,10,7.7,28,97,940,41,14,5,60,9.100834559,89,103,10.47126546,9.171791427,8.495381692,9.701463101,478,20,462,40,498,502
34,1000,10,7.7,28,101,947,34,10,9,53,9.216484325,108,113,10.76310485,9.556507099,9.157500624,9.27049622,456,22,491,31,478,522
40,1000,10,7.7,28,17,948,21,14,17,52,7.429378343,112,111,10.2735244,9.04093155,6.98866523,7.849433029,469,19,479,33,488,512
37,1000,10,7.7,28,94,931,43,11,15,69,9.441934547,104,114,10.47967618,9.962551415,8.994901617,9.871436774,462,28,469,41,490,510
42,1000,10,7.7,28,3,947,26,10,17,53,7.294862262,97,112,10.02100582,8.819565418,6.510132578,8.1314749,499,17,448,36,516,484
38,1000,10,7.7,28,94,953,33,9,5,47,8.886336482,96,103,10.6691886,9.26388568,8.711629438,9.072594404,492,24,461,23,516,484
39,1000,10,7.7,28,80,964,23,6,7,36,8.389119504,98,102,10.59924346,9.395443125,7.947491531,8.783908146,460,12,504,24,472,528
41,1000,10,7.7,28,6,936,34,16,14,64,7.295445799,104,110,10.12641282,9.128729822,6.585314259,7.985968183,470,23,466,41,493,507
36,1000,10,7.7,28,98,940,41,14,5,60,9.130542609,91,92,10.47778373,9.177128343,8.502721764,9.753360897,478,20,462,40,498,502
34,1000,10,7.7,28,102,947,35,9,9,53,9.235062084,89,115,10.78354229,9.539904128,9.131709849,9.329702637,457,21,490,32,478,522
37,1000,10,7.7,28,95,931,43,11,15,69,9.432115776,124,112,10.5001775,9.974380142,8.990863026,9.856064496,463,27,468,42,490,510
42,1000,10,7.7,28,4,947,27,10,16,53,7.320771996,87,119,10.04595329,8.839317756,6.554315695,8.137903093,499,17,448,36,516,484
40,1000,10,7.7,28,18,948,21,14,17,52,7.46880548,97,106,10.26896469,9.049867799,7.029173111,7.887830082,469,19,479,33,488,512
38,1000,10,7.7,28,95,950,36,10,4,50,8.919736275,89,99,10.68864092,9.280186689,8.775007768,9.074033609,491,25,459,25,516,484
39,1000,10,7.7,28,81,963,24,6,7,37,8.388735829,110,96,10.62800044,9.394434101,7.949418366,8.781459015,459,13,504,24,472,528
41,1000,10,7.7,28,7,940,30,16,14,60,7.31157399,92,121,10.14242814,9.136198083,6.640877114,7.963750636,470,23,470,37,493,507
36,1000,10,7.7,28,99,940,41,14,5,60,9.133082613,93,99,10.4921417,9.184234243,8.517722676,9.743539283,478,20,462,40,498,502
34,1000,10,7.7,28,103,946,36,9,9,54,9.266326903,95,118,10.80044187,9.55311496,9.121239398,9.39918481,457,21,489,33,478,522
42,1000,10,7.7,28,5,948,27,11,14,52,7.319660669,77,102,10.05423111,8.836312298,6.5969767,8.090125396,499,17,449,35,516,484
37,1000,10,7.7,28,96,931,42,12,15,69,9.437701641,94,103,10.50255063,9.980923201,8.985206668,9.872451714,462,28,469,41,490,510
38,1000,10,7.7,28,96,948,38,9,5,52,8.96288582,118,106,10.6785704,9.287077676,8.818227342,9.117108494,491,25,457,27,516,484
39,1000,10,7.7,28,82,964,23,6,7,36,8.404804648,101,100,10.63912577,9.393477904,7.952942974,8.808741599,459,13,505,23,472,528
40,1000,10,7.7,28,19,951,19,13,17,49,7.475465643,94,113,10.27133236,9.056908889,7.074018299,7.858095142,470,18,481,31,488,512
41,1000,10,7.7,28,8,942,28,16,14,58,7.290823873,121,116,10.13426605,9.124106739,6.592392363,7.969969305,472,21,470,37,493,507
36,1000,10,7.7,28,100,940,41,14,5,60,9.169448922,107,92,10.48450742,9.178391337,8.556237358,9.777774338,478,20,462,40,498,502
34,1000,10,7.7,28,104,945,38,9,8,55,9.274235995,91,109,10.8092745,9.569338939,9.135768844,9.401031585,456,22,489,33,478,522
43,1000,10,7.7,28,0,947,24,12,17,53,7.111,108,120,10.14678577,8.745422875,6.56952381,7.709473684,507,18,440,35,525,475
42,1000,10,7.7,28,6,948,27,11,14,52,7.316122928,81,122,10.03585655,8.824415465,6.586927526,8.093529596,499,17,449,35,516,484
37,1000,10,7.7,28,97,931,42,12,15,69,9.446673873,105,95,10.50626836,9.989435717,8.99506592,9.880571711,462,28,469,41,490,510
38,1000,10,7.7,28,97,948,38,9,5,52,9.010600161,91,119,10.67449578,9.271257092,8.881556512,9.148175621,491,25,457,27,516,484
39,1000,10,7.7,28,83,963,24,6,7,37,8.455312576,100,89,10.6509589,9.386672525,8.017405252,8.846775184,459,13,504,24,472,528
36,1000,10,7.7,28,101,939,42,14,5,61,9.212721068,89,108,10.49444381,9.181845633,8.599962987,9.820596614,477,21,462,40,498,502
40,1000,10,7.7,28,20,949,20,14,17,51,7.523009851,97,105,10.26795425,9.067495263,7.116994263,7.909993457,469,19,480,32,488,512
41,1000,10,7.7,28,9,940,30,16,14,60,7.293193065,86,119,10.14051974,9.135342545,6.570006365,7.996410114,471,22,469,38,493,507
43,1000,10,7.7,28,1,947,24,12,17,53,7.108305312,77,111,10.16413997,8.759027391,6.57156534,7.701544229,507,18,440,35,525,475
42,1000,10,7.7,28,7,948,27,11,14,52,7.342640633,88,106,10.0531599,8.826278383,6.629685733,8.102733047,499,17,449,35,516,484
37,1000,10,7.7,28,98,932,41,12,15,68,9.448012314,105,100,10.49882944,9.996240096,9.018419102,9.860758734,463,27,469,41,490,510
38,1000,10,7.7,28,98,950,36,9,5,50,8.971946939,103,116,10.70102596,9.263922851,8.854767011,9.096874299,492,24,458,26,516,484
39,1000,10,7.7,28,84,963,24,6,7,37,8.451616415,101,102,10.66162108,9.387130445,8.035258484,8.823815172,459,13,504,24,472,528
36,1000,10,7.7,28,102,938,43,14,5,62,9.226508968,104,116,10.49725773,9.179498946,8.564899818,9.882846333,477,21,461,41,498,502
41,1000,10,7.7,28,10,941,29,16,14,59,7.30351471,103,118,10.15390207,9.15054394,6.585018118,8.002171161,471,22,470,37,493,507
40,1000,10,7.7,28,21,949,20,14,17,51,7.561315851,89,113,10.27355641,9.071910998,7.178445947,7.926238729,469,19,480,32,488,512
42,1000,10,7.7,28,8,947,27,11,15,53,7.391138772,94,109,10.0530874,8.837465595,6.66929438,8.160708412,499,17,448,36,516,484
43,1000,10,7.7,28,2,947,25,12,16,53,7.127637541,92,99,10.1545973,8.772244809,6.581083718,7.731723346,507,18,440,35,525,475
37,1000,10,7.7,28,99,931,41,14,14,69,9.464600889,98,107,10.4964463,9.994410337,9.059999232,9.853335815,462,28,469,41,490,510
38,1000,10,7.7,28,99,950,37,8,5,50,9.005199682,93,107,10.72449457,9.280294842,8.888256858,9.129874263,492,24,458,26,516,484
39,1000,10,7.7,28,85,964,23,6,7,36,8.493584958,103,105,10.66456522,9.395636489,8.044286664,8.895230403,460,12,504,24,472,528
36,1000,10,7.7,28,103,937,44,14,5,63,9.250171736,97,108,10.47688367,9.184060118,8.579212753,9.915784432,477,21,460,42,498,502
41,1000,10,7.7,28,11,943,29,15,13,57,7.304509635,116,107,10.16816397,9.146374539,6.613709913,7.976234019,471,22,472,35,493,507
42,1000,10,7.7,28,9,945,28,12,15,55,7.413013162,85,115,10.05427496,8.833518262,6.710202314,8.162290843,497,19,448,36,516,484
40,1000,10,7.7,28,22,949,20,14,17,51,7.615588838,95,104,10.2756531,9.076188138,7.2288663,7.984183757,469,19,480,32,488,512
43,1000,10,7.7,28,3,947,25,13,15,53,7.1370222,87,109,10.16197251,8.753940934,6.612671957,7.716567206,507,18,440,35,525,475
37,1000,10,7.7,28,100,929,42,15,14,71,9.524261355,100,97,10.51297603,9.989266579,9.106044162,9.926077874,461,29,468,42,490,510
38,1000,10,7.7,28,100,949,38,8,5,51,9.02098123,92,94,10.73337935,9.296709514,8.928451039,9.119629119,491,25,458,26,516,484
39,1000,10,7.7,28,86,963,24,6,7,37,8.528534274,103,103,10.67802607,9.402389411,8.071206382,8.937357693,460,12,503,25,472,528
42,1000,10,7.7,28,10,945,28,13,14,55,7.434034636,107,114,10.0523894,8.842466323,6.740510982,8.173411093,497,19,448,36,516,484
36,1000,10,7.7,28,104,937,44,14,5,63,9.257355889,95,109,10.4747556,9.202320305,8.585619116,9.923740177,477,21,460,42,498,502
41,1000,10,7.7,28,12,944,28,15,13,56,7.328764425,86,111,10.17302543,9.14825395,6.629996618,8.008236869,472,21,472,35,493,507
44,1000,10,7.7,28,0,942,29,15,14,58,7.101,91,102,9.67648795,8.761992638,6.549718574,7.730192719,506,27,436,31,533,467
43,1000,10,7.7,28,4,948,24,13,15,52,7.189671602,88,95,10.17462816,8.757950593,6.67266962,7.761094845,507,18,441,34,525,475
40,1000,10,7.7,28,23,949,20,14,17,51,7.64446487,96,99,10.29034024,9.07508617,7.261622903,8.00936112,469,19,480,32,488,512
37,1000,10,7.7,28,101,929,42,14,15,71,9.540707432,84,113,10.54601963,9.995202923,9.131896922,9.933486158,461,29,468,42,490,510
38,1000,10,7.7,28,101,948,39,7,6,52,9.071617164,91,121,10.7482851,9.316150756,8.964286547,9.18604402,491,25,457,27,516,484
39,1000,10,7.7,28,87,962,25,6,7,38,8.566207232,96,110,10.67467749,9.407994011,8.129800487,8.956328413,460,12,502,26,472,528
42,1000,10,7.7,28,11,946,28,12,14,54,7.455979018,89,113,10.07295462,8.846658627,6.770513045,8.186765055,498,18,448,36,516,484
41,1000,10,7.7,28,13,943,28,17,12,57,7.343436204,102,108,10.16845341,9.11936073,6.698943817,7.970131957,472,21,471,36,493,507
44,1000,10,7.7,28,1,942,29,15,14,58,7.149046713,96,108,9.663080136,8.75104632,6.605947851,7.768900446,506,27,436,31,533,467
43,1000,10,7.7,28,5,948,24,13,15,52,7.220039619,108,124,10.16018891,8.750023321,6.703435575,7.791023036,507,18,441,34,525,475
40,1000,10,7.7,28,24,950,19,12,19,50,7.703497835,101,95,10.30663123,9.059022578,7.332834288,8.056786528,469,19,481,31,488,512
37,1000,10,7.7,28,102,929,43,14,14,71,9.593187253,101,113,10.53777336,10.02074036,9.165273992,10.0043196,462,28,467,43,490,510
38,1000,10,7.7,28,102,948,39,7,6,52,9.069109289,108,129,10.75861699,9.320742166,8.954351122,9.191454772,491,25,457,27,516,484
39,1000,10,7.7,28,88,961,26,6,7,39,8.597578124,99,131,10.6872486,9.386788438,8.140060327,9.006571306,460,12,501,27,472,528
42,1000,10,7.7,28,12,947,27,12,14,53,7.446446683,92,107,10.08290744,8.852829854,6.758043032,8.180364625,499,17,448,36,516,484
41,1000,10,7.7,28,14,942,27,19,12,58,7.368426231,87,105,10.1583866,9.123379231,6.728396581,7.99078248,472,21,470,37,493,507
44,1000,10,7.7,28,2,943,29,15,13,57,7.132411089,87,97,9.673034387,8.764757315,6.585808086,7.756264195,506,27,437,30,533,467
43,1000,10,7.7,28,6,949,24,13,14,51,7.218586799,88,107,10.16023833,8.78478473,6.664135233,7.831401688,508,17,441,34,525,475
37,1000,10,7.7,28,103,930,41,15,14,70,9.583694978,99,117,10.55930309,10.03582074,9.169718522,9.981437064,462,28,468,42,490,510
40,1000,10,7.7,28,25,949,20,12,19,51,7.726214281,86,116,10.29285486,9.057085061,7.367540538,8.068075193,469,19,480,32,488,512
39,1000,10,7.7,28,89,961,26,6,7,39,8.610576207,106,96,10.70963959,9.409001085,8.173122358,9.001633436,459,13,502,26,472,528
38,1000,10,7.7,28,103,947,39,8,6,53,9.156289603,90,107,10.75684842,9.317140245,9.033836317,9.286838973,490,26,457,27,516,484
42,1000,10,7.7,28,13,946,28,12,14,54,7.470855322,99,103,10.08380309,8.848858794,6.788137335,8.198711688,499,17,447,37,516,484
41,1000,10,7.7,28,15,941,29,18,12,59,7.391930448,103,106,10.17300367,9.137041054,6.753545579,8.012687333,472,21,469,38,493,507
44,1000,10,7.7,28,3,945,28,14,13,55,7.148787237,90,97,9.676123375,8.768650594,6.585846129,7.791287474,507,26,438,29,533,467
43,1000,10,7.7,28,7,949,24,13,14,51,7.22261245,99,107,10.19358003,8.788909373,6.660634988,7.843745434,508,17,441,34,525,475
37,1000,10,7.7,28,104,930,40,16,14,70,9.619047975,94,90,10.55088938,10.06294821,9.198847093,10.02277039,462,28,468,42,490,510
42,1000,10,7.7,28,14,947,28,10,15,53,7.502206148,93,114,10.08320286,8.844752405,6.823454959,8.225833447,500,16,447,37,516,484
45,1000,10,7.7,28,0,946,33,10,11,54,6.968,107,110,10.10751504,8.782018916,6.126984127,7.822580645,482,22,464,32,504,496
40,1000,10,7.7,28,26,951,19,12,18,49,7.740546358,88,106,10.28756201,9.067397902,7.395272953,8.069635073,469,19,482,30,488,512
38,1000,10,7.7,28,104,944,42,8,6,56,9.20998715,95,92,10.76494901,9.326905372,9.088107836,9.3399246,489,27,455,29,516,484
39,1000,10,7.7,28,90,962,25,6,7,38,8.599604964,100,112,10.7235698,9.411655295,8.190155658,8.96562783,459,13,503,25,472,528
46,1000,10,7.7,28,0,939,32,20,9,61,7.042,81,117,9.920938214,8.800539539,6.008492569,7.962192817,454,17,485,44,471,529
41,1000,10,7.7,28,16,942,28,17,13,58,7.400017982,97,104,10.17137206,9.157215708,6.751832722,8.030304636,473,20,469,38,493,507
44,1000,10,7.7,28,4,948,25,13,14,52,7.153384911,81,97,9.664102911,8.756635088,6.573126018,7.815650415,510,23,438,29,533,467
43,1000,10,7.7,28,8,951,21,14,14,49,7.203292711,100,103,10.20271456,8.781460535,6.640182031,7.825678199,508,17,443,32,525,475
42,1000,10,7.7,28,15,946,28,11,15,54,7.552975732,107,100,10.09037231,8.858424652,6.917975362,8.229959598,498,18,448,36,516,484
45,1000,10,7.7,28,1,945,33,11,11,55,7.020024153,95,118,10.10468951,8.778170648,6.157893246,7.896060398,482,22,463,33,504,496
39,1000,10,7.7,28,91,962,25,6,7,38,8.612441791,102,143,10.73084812,9.414549476,8.162940455,9.014268742,459,13,503,25,472,528
46,1000,10,7.7,28,1,939,31,21,9,61,7.072782236,85,97,9.932352009,8.793320233,6.03044466,8.000837054,454,17,485,44,471,529
40,1000,10,7.7,28,27,951,20,12,17,49,7.775681766,91,107,10.28505232,9.069493409,7.464667944,8.072116815,469,19,482,30,488,512
41,1000,10,7.7,28,17,942,27,19,12,58,7.460696633,88,113,10.17425709,9.156966592,6.775260857,8.127205188,473,20,469,38,493,507
44,1000,10,7.7,28,5,948,24,14,14,52,7.220744291,108,101,9.658954319,8.758070735,6.586120209,7.945058285,510,23,438,29,533,467
42,1000,10,7.7,28,16,947,27,11,15,53,7.601131227,94,107,10.10025637,8.856021024,7.011031645,8.230245657,498,18,449,35,516,484
43,1000,10,7.7,28,9,951,21,14,14,49,7.217856946,107,97,10.20775098,8.788523579,6.658789481,7.835773618,508,17,443,32,525,475
45,1000,10,7.7,28,2,945,32,12,11,55,7.057920743,85,118,10.11289527,8.767830705,6.210509655,7.918999751,481,23,464,32,504,496
39,1000,10,7.7,28,92,962,24,7,7,38,8.62488178,109,109,10.75740551,9.423268041,8.167148521,9.034067572,459,13,503,25,472,528
46,1000,10,7.7,28,2,940,31,20,9,60,7.097440037,77,106,9.915775858,8.788784786,6.053165204,8.027219709,455,16,485,44,471,529
40,1000,10,7.7,28,28,951,20,12,17,49,7.790614334,97,105,10.29272023,9.073078488,7.47270107,8.093625413,469,19,482,30,488,512
41,1000,10,7.7,28,18,943,26,19,12,57,7.488583846,105,110,10.20604888,9.154807987,6.777340709,8.180187134,474,19,469,38,493,507
44,1000,10,7.7,28,6,949,24,13,14,51,7.221152779,100,93,9.662641049,8.768872399,6.570722415,7.96350692,511,22,438,29,533,467
42,1000,10,7.7,28,17,947,27,11,15,53,7.637942765,91,106,10.09525107,8.867939357,7.045341006,8.269724805,498,18,449,35,516,484
43,1000,10,7.7,28,10,952,20,14,14,48,7.222867182,94,114,10.19421586,8.787308501,6.677226714,7.82594349,510,15,442,33,525,475
39,1000,10,7.7,28,93,962,24,7,7,38,8.635741832,92,108,10.777026,9.424829557,8.198140777,9.026930654,459,13,503,25,472,528
45,1000,10,7.7,28,3,944,33,12,11,56,7.109699956,88,111,10.11624397,8.75085173,6.250154514,7.983109034,481,23,463,33,504,496
46,1000,10,7.7,28,3,940,30,21,9,60,7.132126263,100,107,9.910947519,8.783607664,6.063593359,8.083504331,455,16,485,44,471,529
41,1000,10,7.7,28,19,944,26,19,11,56,7.499081852,96,114,10.21481338,9.151799801,6.807698319,8.171373927,473,20,471,36,493,507
40,1000,10,7.7,28,29,950,21,12,17,50,7.832621223,91,121,10.2975903,9.082483013,7.544287148,8.107439639,468,20,482,30,488,512
44,1000,10,7.7,28,7,948,24,14,14,52,7.26097475,89,87,9.667058656,8.765035675,6.619152195,7.993504561,511,22,437,30,533,467
42,1000,10,7.7,28,18,949,26,10,15,51,7.640638187,96,99,10.0792229,8.879482349,7.04946273,8.270899625,499,17,450,34,516,484
43,1000,10,7.7,28,11,952,21,13,14,48,7.267245476,84,123,10.19708514,8.785527293,6.713666846,7.87909554,511,14,441,34,525,475
39,1000,10,7.7,28,94,962,24,7,7,38,8.638715999,107,109,10.78416937,9.427446217,8.19958719,9.031270541,459,13,503,25,472,528
45,1000,10,7.7,28,4,945,34,11,10,55,7.079469567,90,106,10.11322431,8.75695254,6.223628831,7.949114186,483,21,462,34,504,496
46,1000,10,7.7,28,4,940,30,20,10,60,7.194582334,85,111,9.897954541,8.768112864,6.114760902,8.156011246,455,16,485,44,471,529
41,1000,10,7.7,28,20,943,27,19,11,57,7.53082523,97,97,10.21853943,9.168546805,6.8602858,8.182848778,472,21,471,36,493,507
42,1000,10,7.7,28,19,950,27,9,14,50,7.646608371,103,92,10.10507584,8.870892799,7.049894708,8.282774176,500,16,450,34,516,484
44,1000,10,7.7,28,8,951,21,14,14,49,7.246878576,97,116,9.667619155,8.763733844,6.59436856,7.991606281,513,20,438,29,533,467
40,1000,10,7.7,28,30,949,22,12,17,51,7.888961847,85,111,10.27057313,9.08823638,7.607023181,8.157684639,467,21,482,30,488,512
43,1000,10,7.7,28,12,952,22,12,14,48,7.280528041,81,106,10.2090723,8.793898335,6.760347395,7.855464544,511,14,441,34,525,475
39,1000,10,7.7,28,95,962,25,7,6,38,8.618209675,95,127,10.7738373,9.428339881,8.194071788,8.99736324,459,13,503,25,472,528
45,1000,10,7.7,28,5,946,35,10,9,54,7.089494574,95,121,10.13464564,8.759519601,6.27228717,7.919882743,482,22,464,32,504,496
46,1000,10,7.7,28,5,942,26,22,10,58,7.219967922,89,116,9.928893342,8.774526625,6.164741312,8.159498608,455,16,487,42,471,529
42,1000,10,7.7,28,20,949,28,9,14,51,7.664757513,77,107,10.1155514,8.872409283,7.065655109,8.303469993,500,16,449,35,516,484
41,1000,10,7.7,28,21,942,29,18,11,58,7.546802509,88,135,10.23330203,9.181700397,6.866386523,8.208429888,473,20,469,38,493,507
44,1000,10,7.7,28,9,953,19,14,14,47,7.256990599,95,119,9.654564902,8.759607574,6.604684655,8.001485392,515,18,438,29,533,467
40,1000,10,7.7,28,31,948,23,12,17,52,7.925114737,83,112,10.27998086,9.079825244,7.665256037,8.172792561,467,21,481,31,488,512
43,1000,10,7.7,28,13,952,22,12,14,48,7.28762889,106,96,10.2077707,8.804654474,6.741170834,7.891608846,511,14,441,34,525,475
39,1000,10,7.7,28,96,962,25,7,6,38,8.596664241,103,105,10.76874597,9.415011815,8.199911668,8.951336996,459,13,503,25,472,528
45,1000,10,7.7,28,6,946,35,10,9,54,7.105059868,90,99,10.13904143,8.777005259,6.26560424,7.958055102,482,22,464,32,504,496
42,1000,10,7.7,28,21,949,30,9,12,51,7.68266623,68,116,10.12794828,8.903503377,7.125510443,8.276658763,500,16,449,35,516,484
46,1000,10,7.7,28,6,942,26,22,10,58,7.219554984,77,103,9.945750274,8.761345665,6.170084052,8.15396105,455,16,487,42,471,529
41,1000,10,7.7,28,22,942,29,18,11,58,7.592039029,90,93,10.24194932,9.186918362,6.905379343,8.259737698,473,20,469,38,493,507
44,1000,10,7.7,28,10,954,19,12,15,46,7.277804143,118,112,9.667056497,8.750113391,6.612055488,8.037641473,516,17,438,29,533,467
43,1000,10,7.7,28,14,953,21,12,14,47,7.300344725,95,92,10.21833253,8.821490494,6.736838772,7.923167095,511,14,442,33,525,475
40,1000,10,7.7,28,32,949,23,13,15,51,7.933998401,122,107,10.29232258,9.093817572,7.653782958,8.201078744,467,21,482,30,488,512
39,1000,10,7.7,28,97,960,26,8,6,40,8.650890414,90,114,10.77261134,9.401602329,8.262271139,8.998292494,458,14,502,26,472,528
42,1000,10,7.7,28,22,947,33,9,11,53,7.673537119,99,117,10.16696175,8.897627005,7.101344423,8.283560736,499,17,448,36,516,484
45,1000,10,7.7,28,7,950,32,10,8,50,7.064393092,94,119,10.14555281,8.769233149,6.248777051,7.89316423,483,21,467,29,504,496
46,1000,10,7.7,28,7,943,26,21,10,57,7.225171994,78,92,9.953674312,8.759758302,6.201740235,8.136393844,455,16,488,41,471,529
41,1000,10,7.7,28,23,942,28,19,11,58,7.617543823,89,104,10.23512408,9.199873724,6.918221427,8.297555543,473,20,469,38,493,507
44,1000,10,7.7,28,11,955,19,12,14,45,7.267954662,103,106,9.672192814,8.741333121,6.629698816,7.996413689,516,17,439,28,533,467
43,1000,10,7.7,28,15,956,20,9,15,44,7.273218204,89,107,10.25210621,8.823426908,6.743441931,7.858760401,511,14,445,30,525,475
40,1000,10,7.7,28,33,950,23,13,14,50,7.980218392,93,104,10.29133161,9.101318517,7.723703045,8.224709582,467,21,483,29,488,512
42,1000,10,7.7,28,23,946,33,8,13,54,7.692753468,92,113,10.1794702,8.915000917,7.088781632,8.336657326,499,17,447,37,516,484
39,1000,10,7.7,28,98,959,26,8,7,41,8.655656512,98,111,10.79584285,9.413879748,8.298870972,8.974601161,457,15,502,26,472,528
45,1000,10,7.7,28,8,951,31,10,8,49,7.094660836,103,102,10.14932936,8.778284455,6.263344451,7.93938555,483,21,468,28,504,496
46,1000,10,7.7,28,8,945,25,20,10,55,7.250984226,84,93,9.954049847,8.735369616,6.223378559,8.165922352,455,16,490,39,471,529
41,1000,10,7.7,28,24,942,27,20,11,58,7.668831663,98,106,10.23835983,9.206604858,6.953110058,8.364789752,473,20,469,38,493,507
44,1000,10,7.7,28,12,955,19,12,14,45,7.272633911,94,107,9.683514168,8.744885181,6.605756979,8.033758975,516,17,439,28,533,467
43,1000,10,7.7,28,16,957,19,9,15,43,7.323690197,85,100,10.27264801,8.824440364,6.837587012,7.860962138,511,14,446,29,525,475
42,1000,10,7.7,28,24,946,33,8,13,54,7.70602542,94,117,10.1651573,8.929609992,7.099045015,8.353136761,499,17,447,37,516,484
39,1000,10,7.7,28,99,960,25,8,7,40,8.681753745,93,105,10.79862171,9.430756884,8.319013212,9.006021797,457,15,503,25,472,528
40,1000,10,7.7,28,34,952,23,12,13,48,7.990992058,90,99,10.30446231,9.120025318,7.764566725,8.206803703,469,19,483,29,488,512
45,1000,10,7.7,28,9,953,29,10,8,47,7.108415285,97,98,10.16014026,8.777903874,6.293763058,7.936207064,483,21,470,26,504,496
46,1000,10,7.7,28,9,945,24,19,12,55,7.318824671,90,92,9.972627404,8.754791598,6.322899024,8.205556202,455,16,490,39,471,529
41,1000,10,7.7,28,25,942,27,20,11,58,7.698061962,88,101,10.24051334,9.219791173,6.984670394,8.391754355,473,20,469,38,493,507
44,1000,10,7.7,28,13,955,20,11,14,45,7.308950469,90,105,9.703524613,8.751585147,6.675562805,8.031853305,515,18,440,27,533,467
42,1000,10,7.7,28,25,946,33,8,13,54,7.739764922,101,112,10.19085237,8.953439178,7.122328559,8.398023523,499,17,447,37,516,484
43,1000,10,7.7,28,17,957,19,10,14,43,7.327465637,101,121,10.31331835,8.835175295,6.845426959,7.860245229,510,15,447,28,525,475
39,1000,10,7.7,28,100,958,27,8,7,42,8.715466393,98,103,10.78538004,9.434639399,8.34522968,9.046435575,456,16,502,26,472,528
45,1000,10,7.7,28,10,955,27,9,9,45,7.120542893,83,119,10.16637104,8.796457879,6.315576516,7.938492598,484,20,471,25,504,496
40,1000,10,7.7,28,35,953,23,12,12,47,8.014668051,100,100,10.31404614,9.125130008,7.812439009,8.207417607,469,19,484,28,488,512
46,1000,10,7.7,28,10,947,24,18,11,53,7.294713261,95,109,9.976515848,8.769123076,6.296975457,8.183058262,456,15,491,38,471,529
41,1000,10,7.7,28,26,942,27,20,11,58,7.708994673,98,90,10.24232357,9.210159197,7.00389314,8.394625946,473,20,469,38,493,507
44,1000,10,7.7,28,14,955,20,11,14,45,7.340569945,94,97,9.702616112,8.758660289,6.712218963,8.057724277,515,18,440,27,533,467
42,1000,10,7.7,28,26,946,33,8,13,54,7.772644088,94,111,10.174384,8.950677563,7.153170294,8.433074826,499,17,447,37,516,484
43,1000,10,7.7,28,18,958,19,9,14,42,7.310072753,104,108,10.31481481,8.825528443,6.841555219,7.827907922,511,14,447,28,525,475
39,1000,10,7.7,28,101,958,27,8,7,42,8.703399332,90,117,10.78829479,9.428830898,8.351603709,9.017883298,456,16,502,26,472,528
45,1000,10,7.7,28,11,955,27,10,8,45,7.089208103,102,105,10.17959297,8.799418439,6.308280942,7.882730863,485,19,470,26,504,496
46,1000,10,7.7,28,11,949,25,16,10,51,7.289365103,107,96,9.969144705,8.768540495,6.334201561,8.13980372,456,15,493,36,471,529
40,1000,10,7.7,28,36,952,24,12,12,48,8.030960604,88,99,10.32304632,9.137758421,7.826462653,8.225872714,468,20,484,28,488,512
41,1000,10,7.7,28,27,944,26,19,11,56,7.688834639,99,105,10.26260177,9.207553056,6.98523909,8.373001514,474,19,470,37,493,507
44,1000,10,7.7,28,15,955,20,11,14,45,7.377231637,84,100,9.713036505,8.758196985,6.744730106,8.099123107,515,18,440,27,533,467
42,1000,10,7.7,28,27,946,34,8,12,54,7.76079418,99,112,10.20736279,8.940438029,7.197433487,8.361401861,498,18,448,36,516,484
43,1000,10,7.7,28,19,958,20,9,13,42,7.310711569,90,116,10.30912592,8.820037029,6.821842993,7.851039996,511,14,447,28,525,475
39,1000,10,7.7,28,102,958,27,8,7,42,8.749553782,98,125,10.78104394,9.430033312,8.374581692,9.084756105,456,16,502,26,472,528
45,1000,10,7.7,28,12,956,26,10,8,44,7.083985187,84,104,10.18613439,8.795334954,6.321421556,7.858848232,485,19,471,25,504,496
41,1000,10,7.7,28,28,945,26,18,11,55,7.691435224,96,104,10.29248803,9.199278208,6.958224202,8.404399787,474,19,471,36,493,507
46,1000,10,7.7,28,12,949,25,16,10,51,7.28244674,107,108,9.984668311,8.753899858,6.356125798,8.107205083,456,15,493,36,471,529
40,1000,10,7.7,28,37,952,24,12,12,48,8.029364279,103,124,10.33934864,9.167687055,7.822265859,8.22675496,469,19,483,29,488,512
42,1000,10,7.7,28,28,947,32,8,13,53,7.78366898,92,109,10.2139202,8.952636851,7.21765893,8.387101181,499,17,448,36,516,484
44,1000,10,7.7,28,16,954,21,11,14,46,7.426456643,99,101,9.734766413,8.76513277,6.769919409,8.175780723,514,19,440,27,533,467
43,1000,10,7.7,28,20,959,19,9,13,41,7.30871507,96,109,10.3029411,8.8328797,6.831200693,7.836494118,511,14,448,27,525,475
39,1000,10,7.7,28,103,959,26,8,7,41,8.761622305,91,112,10.78587872,9.426159573,8.336424397,9.141723467,457,15,502,26,472,528
45,1000,10,7.7,28,13,954,28,10,8,46,7.128110003,111,86,10.20946356,8.80995461,6.391761271,7.876335326,484,20,470,26,504,496
41,1000,10,7.7,28,29,945,26,18,11,55,7.709742525,96,100,10.31019218,9.215617765,6.975589634,8.42362295,474,19,471,36,493,507
46,1000,10,7.7,28,13,949,25,16,10,51,7.286759214,105,113,9.99700193,8.759478873,6.375679233,8.097947628,457,14,492,37,471,529
42,1000,10,7.7,28,29,947,34,7,12,53,7.800508132,104,127,10.21966957,8.956742758,7.21401765,8.425774844,499,17,448,36,516,484
44,1000,10,7.7,28,17,954,22,9,15,46,7.433587954,80,99,9.748779962,8.757104676,6.769431839,8.191607675,514,19,440,27,533,467
40,1000,10,7.7,28,38,951,25,12,12,49,8.045031412,89,109,10.34477215,9.157154586,7.825562903,8.254212335,469,19,482,30,488,512
43,1000,10,7.7,28,21,963,17,8,12,37,7.308272873,103,108,10.29948187,8.839552189,6.815947596,7.852421864,514,11,449,26,525,475
39,1000,10,7.7,28,104,958,27,7,8,42,8.756125833,99,101,10.7905604,9.435723976,8.376190553,9.095764947,456,16,502,26,472,528
47,1000,10,7.7,28,0,948,31,5,16,52,6.727,108,105,10.05584019,8.621436824,5.845360825,7.557281553,468,17,480,35,485,515
45,1000,10,7.7,28,14,953,29,9,9,47,7.155145017,92,102,10.2069793,8.805007577,6.42703951,7.894994161,483,21,470,26,504,496
42,1000,10,7.7,28,30,947,34,7,12,53,7.780685383,111,103,10.23373248,8.965609019,7.166956101,8.434991807,499,17,448,36,516,484
41,1000,10,7.7,28,30,947,24,18,11,53,7.708010245,107,97,10.32978342,9.211126738,7.007096157,8.389569703,474,19,473,34,493,507
46,1000,10,7.7,28,14,950,24,16,10,50,7.285225996,111,105,10.0086398,8.745515486,6.381499473,8.08986719,457,14,493,36,471,529
44,1000,10,7.7,28,18,954,22,8,16,46,7.488380036,94,93,9.746870384,8.762919835,6.835595413,8.233421158,514,19,440,27,533,467
40,1000,10,7.7,28,39,951,25,11,13,49,8.069740173,93,109,10.34492348,9.172195978,7.853940696,8.275424049,469,19,482,30,488,512
43,1000,10,7.7,28,22,964,17,7,12,36,7.297351283,90,99,10.30795669,8.837724666,6.848762812,7.793159592,514,11,450,25,525,475
47,1000,10,7.7,28,1,948,31,5,16,52,6.740412869,95,92,10.0460023,8.604095018,5.871060394,7.559123453,468,17,480,35,485,515
42,1000,10,7.7,28,31,948,34,7,11,52,7.779614191,109,105,10.23759703,8.967668458,7.181316035,8.41746925,499,17,449,35,516,484
45,1000,10,7.7,28,15,952,29,10,9,48,7.223687399,99,115,10.22360652,8.809854032,6.492535912,7.966631652,483,21,469,27,504,496
41,1000,10,7.7,28,31,947,24,18,11,53,7.715196342,103,97,10.32000069,9.206179553,6.980324406,8.429775957,474,19,473,34,493,507
46,1000,10,7.7,28,15,951,24,15,10,49,7.305988397,98,108,9.996293074,8.757602783,6.414733566,8.099525306,457,14,494,35,471,529
44,1000,10,7.7,28,19,955,22,8,15,45,7.528482769,94,123,9.752585603,8.771870446,6.852796695,8.29966195,515,18,440,27,533,467
40,1000,10,7.7,28,40,951,25,11,13,49,8.079184554,101,110,10.36689795,9.172186325,7.8385848,8.308506194,469,19,482,30,488,512
43,1000,10,7.7,28,23,964,17,7,12,36,7.32889815,95,91,10.31121054,8.835530239,6.906849481,7.795372996,514,11,450,25,525,475
42,1000,10,7.7,28,32,948,34,7,11,52,7.7956442,95,95,10.24549173,8.952651081,7.181990332,8.449870224,498,18,450,34,516,484
47,1000,10,7.7,28,2,950,28,6,16,50,6.750345827,81,112,10.03824204,8.59184335,5.903105792,7.548232074,468,17,482,33,485,515
45,1000,10,7.7,28,16,952,28,10,10,48,7.273905651,95,97,10.22755286,8.794477644,6.56553902,7.99369755,484,20,468,28,504,496
41,1000,10,7.7,28,32,947,24,18,11,53,7.749648102,102,106,10.33570074,9.205453616,6.989782404,8.488531316,474,19,473,34,493,507
46,1000,10,7.7,28,16,952,24,14,10,48,7.300979999,92,114,9.98347329,8.738770442,6.421510827,8.084023439,457,14,495,34,471,529
44,1000,10,7.7,28,20,953,23,8,16,47,7.576837435,88,100,9.774961028,8.780238252,6.917771111,8.329048036,514,19,439,28,533,467
40,1000,10,7.7,28,41,951,25,11,13,49,8.079156194,89,109,10.37524039,9.168905074,7.894110011,8.255528337,468,20,483,29,488,512
43,1000,10,7.7,28,24,968,16,6,10,32,7.30833189,90,106,10.32409377,8.829942165,6.908119238,7.750672189,516,9,452,23,525,475
42,1000,10,7.7,28,33,948,35,7,10,52,7.814384761,108,109,10.24281783,8.958893781,7.213188794,8.455329222,498,18,450,34,516,484
47,1000,10,7.7,28,3,950,28,6,16,50,6.766993328,96,118,10.04320972,8.584379227,5.905425837,7.578372421,468,17,482,33,485,515
45,1000,10,7.7,28,17,950,29,11,10,50,7.287061793,89,116,10.23596617,8.795793078,6.574299633,8.011320117,483,21,467,29,504,496
41,1000,10,7.7,28,33,947,24,18,11,53,7.791024424,95,109,10.3419762,9.211837886,7.025952339,8.534970257,474,19,473,34,493,507
46,1000,10,7.7,28,17,955,22,13,10,45,7.301459127,80,103,10.00896025,8.741462641,6.402478864,8.101874445,459,12,496,33,471,529
44,1000,10,7.7,28,21,953,23,8,16,47,7.593073663,97,86,9.782737296,8.782843273,6.938778139,8.339839218,514,19,439,28,533,467
42,1000,10,7.7,28,34,948,36,7,9,52,7.828050526,92,96,10.25090422,8.976315774,7.272948785,8.419853208,497,19,451,33,516,484
43,1000,10,7.7,28,25,968,17,6,9,32,7.354627857,103,110,10.33018766,8.834473216,6.947440304,7.804677257,515,10,453,22,525,475
40,1000,10,7.7,28,42,949,27,11,13,51,8.082005957,104,111,10.378608,9.189208794,7.919510703,8.236884246,467,21,482,30,488,512
47,1000,10,7.7,28,4,952,27,7,14,48,6.770045305,86,96,10.0573669,8.591439958,5.950730255,7.541633265,468,17,484,31,485,515
45,1000,10,7.7,28,18,950,30,11,9,50,7.28144343,87,115,10.22724792,8.783243676,6.555187325,8.019413343,483,21,467,29,504,496
41,1000,10,7.7,28,34,948,24,18,10,52,7.764111412,103,114,10.34669007,9.222127956,7.003041299,8.504165782,475,18,473,34,493,507
44,1000,10,7.7,28,22,953,23,8,16,47,7.623678265,93,127,9.783639535,8.807140869,6.989007044,8.34804606,514,19,439,28,533,467
46,1000,10,7.7,28,18,958,22,10,10,42,7.297388636,90,114,10.00887293,8.732600411,6.411047289,8.086550781,460,11,498,31,471,529
42,1000,10,7.7,28,35,949,35,7,9,51,7.840099362,84,113,10.25459132,8.963048157,7.277043538,8.440382017,498,18,451,33,516,484
43,1000,10,7.7,28,26,967,18,6,9,33,7.365325438,97,106,10.33947661,8.828007718,6.976671464,7.794890357,514,11,453,22,525,475
47,1000,10,7.7,28,5,951,28,7,14,49,6.792563072,95,109,10.06463598,8.600440003,5.991149756,7.547292116,467,18,484,31,485,515
45,1000,10,7.7,28,19,948,32,11,9,52,7.295778753,88,111,10.23710787,8.784373111,6.572674577,8.030545899,481,23,467,29,504,496
40,1000,10,7.7,28,43,948,28,11,13,52,8.062787189,100,104,10.37414392,9.179286691,7.889436765,8.228011811,467,21,481,31,488,512
41,1000,10,7.7,28,35,952,23,15,10,48,7.718739227,99,104,10.35404842,9.212113868,7.024735589,8.393579056,475,18,477,30,493,507
44,1000,10,7.7,28,23,953,23,8,16,47,7.628985126,72,100,9.803528657,8.811063784,7.008829358,8.336786035,514,19,439,28,533,467
46,1000,10,7.7,28,19,957,22,11,10,43,7.341742932,88,105,10.01645983,8.742656657,6.489367281,8.100663408,459,12,498,31,471,529
42,1000,10,7.7,28,36,949,35,7,9,51,7.87026382,90,117,10.26168745,8.96966244,7.284273482,8.49499732,498,18,451,33,516,484
43,1000,10,7.7,28,27,967,18,6,9,33,7.392837222,99,120,10.35291649,8.834356752,6.997511098,7.829776622,514,11,453,22,525,475
47,1000,10,7.7,28,6,951,28,7,14,49,6.788804722,100,107,10.05944379,8.614649915,5.997813612,7.53371868,467,18,484,31,485,515
45,1000,10,7.7,28,20,948,32,11,9,52,7.334748985,83,121,10.24272444,8.804770647,6.576795546,8.10492748,481,23,467,29,504,496
41,1000,10,7.7,28,36,953,23,15,9,47,7.717858839,101,131,10.34806656,9.225306304,7.027164054,8.389481184,476,17,477,30,493,507
44,1000,10,7.7,28,24,953,23,8,16,47,7.641560908,95,113,9.822433879,8.830490789,7.029516896,8.340103646,514,19,439,28,533,467
40,1000,10,7.7,28,44,949,28,11,12,51,8.069089456,96,113,10.39197295,9.175484081,7.918206554,8.212899722,467,21,482,30,488,512
46,1000,10,7.7,28,20,958,22,10,10,42,7.334331228,96,105,10.01924765,8.740423115,6.465245664,8.108129528,460,11,498,31,471,529
42,1000,10,7.7,28,37,948,36,7,9,52,7.916409726,97,108,10.28076895,8.976203962,7.331021672,8.540501121,498,18,450,34,516,484
43,1000,10,7.7,28,28,968,17,5,10,32,7.41512769,90,106,10.34294066,8.832262308,7.051859278,7.816634882,514,11,454,21,525,475
45,1000,10,7.7,28,21,948,32,11,9,52,7.365543441,96,119,10.24890025,8.814252101,6.616731125,8.126433375,481,23,467,29,504,496
47,1000,10,7.7,28,7,950,31,7,12,50,6.795285952,90,108,10.05325981,8.623858288,5.984218448,7.559106805,467,18,483,32,485,515
41,1000,10,7.7,28,37,954,23,14,9,46,7.743539926,81,91,10.37291966,9.226299064,7.068754498,8.399692225,476,17,478,29,493,507
44,1000,10,7.7,28,25,954,22,8,16,46,7.659067743,99,106,9.810845821,8.829909193,7.056527948,8.346763055,515,18,439,28,533,467
42,1000,10,7.7,28,38,948,35,8,9,52,7.936527615,103,110,10.30424079,8.968894046,7.349147939,8.562742312,497,19,451,33,516,484
46,1000,10,7.7,28,21,959,21,10,10,41,7.35267927,87,106,10.04248788,8.752423117,6.541008767,8.075357544,460,11,499,30,471,529
40,1000,10,7.7,28,45,951,26,11,12,49,8.03529888,102,123,10.39286203,9.165517811,7.838026532,8.223324087,468,20,483,29,488,512
43,1000,10,7.7,28,29,966,19,5,10,34,7.412314267,88,112,10.34782997,8.856278864,7.06797318,7.792901785,512,13,454,21,525,475
45,1000,10,7.7,28,22,950,33,10,7,50,7.366853497,100,91,10.2666345,8.805306708,6.619071579,8.126696413,481,23,469,27,504,496
47,1000,10,7.7,28,8,950,31,7,12,50,6.852036192,97,122,10.06330177,8.621476806,6.026410081,7.629567579,467,18,483,32,485,515
41,1000,10,7.7,28,38,954,24,13,9,46,7.765010685,101,111,10.39675718,9.250848018,7.118453383,8.393714333,475,18,479,28,493,507
42,1000,10,7.7,28,39,948,35,8,9,52,7.92874956,91,123,10.31410522,8.973227422,7.31817947,8.579687921,497,19,451,33,516,484
44,1000,10,7.7,28,26,954,23,8,15,46,7.667781792,96,109,9.830347046,8.837543082,7.061735544,8.359479117,515,18,439,28,533,467
46,1000,10,7.7,28,22,960,20,10,10,40,7.379460237,78,102,10.05286031,8.754058574,6.597393891,8.075780179,460,11,500,29,471,529
40,1000,10,7.7,28,46,951,26,11,12,49,8.069356562,107,99,10.40537132,9.153282817,7.835482529,8.292267749,468,20,483,29,488,512
43,1000,10,7.7,28,30,966,19,5,10,34,7.4193408,103,106,10.33863453,8.860870461,7.067719742,7.8079746,512,13,454,21,525,475
45,1000,10,7.7,28,23,950,34,9,7,50,7.397698846,95,109,10.25155413,8.822068932,6.661047423,8.146231744,480,24,470,26,504,496
47,1000,10,7.7,28,9,951,29,8,12,49,6.915722973,86,110,10.08704444,8.617640581,6.137238739,7.648858612,467,18,484,31,485,515
42,1000,10,7.7,28,40,946,36,9,9,54,7.962995897,100,112,10.32951718,8.983131947,7.373531805,8.591432821,496,20,450,34,516,484
41,1000,10,7.7,28,39,956,23,13,8,44,7.752012791,102,113,10.40386254,9.250862698,7.135873383,8.351138487,476,17,480,27,493,507
44,1000,10,7.7,28,27,954,23,8,15,46,7.693053478,96,101,9.826504209,8.830005187,7.056769291,8.419262196,515,18,439,28,533,467
46,1000,10,7.7,28,23,959,21,10,10,41,7.427014954,87,104,10.06311215,8.759873668,6.638081233,8.129449325,460,11,499,30,471,529
40,1000,10,7.7,28,47,951,26,11,12,49,8.086760256,105,113,10.41415551,9.158346071,7.858602386,8.304223225,468,20,483,29,488,512
43,1000,10,7.7,28,31,966,20,4,10,34,7.456316139,72,119,10.35050686,8.878792659,7.107422081,7.841935888,512,13,454,21,525,475
42,1000,10,7.7,28,41,945,37,9,9,55,7.969710522,96,102,10.34753734,8.983176563,7.369905292,8.609172296,496,20,449,35,516,484
47,1000,10,7.7,28,10,950,30,7,13,50,6.954171175,86,119,10.08998104,8.612922882,6.172301684,7.690494871,467,18,483,32,485,515
45,1000,10,7.7,28,24,950,34,9,7,50,7.422102344,109,124,10.26035469,8.80984967,6.681269791,8.174883809,481,23,469,27,504,496
41,1000,10,7.7,28,40,954,25,13,8,46,7.765151455,105,110,10.41454289,9.237948356,7.121730571,8.390805293,476,17,478,29,493,507
44,1000,10,7.7,28,28,952,26,8,14,48,7.733921513,93,100,9.826725358,8.819632149,7.100460752,8.456907777,513,20,439,28,533,467
46,1000,10,7.7,28,24,959,21,10,10,41,7.476208472,103,115,10.07748843,8.761100173,6.702796925,8.164822534,460,11,499,30,471,529
40,1000,10,7.7,28,48,954,24,11,11,46,8.069906857,101,121,10.41609085,9.149192436,7.791217076,8.335533055,469,19,485,27,488,512
43,1000,10,7.7,28,32,965,21,5,9,35,7.463245858,108,117,10.35639904,8.914230903,7.158630195,7.799926328,512,13,453,22,525,475
42,1000,10,7.7,28,42,946,36,9,9,54,7.983274839,98,104,10.35653848,8.990409372,7.385753952,8.620301239,495,21,451,33,516,484
47,1000,10,7.7,28,11,949,30,8,13,51,6.986903402,98,101,10.08466597,8.642281688,6.176635535,7.749971199,467,18,482,33,485,515
45,1000,10,7.7,28,25,950,34,9,7,50,7.47832484,105,95,10.26825446,8.807461339,6.750235928,8.218157121,481,23,469,27,504,496
41,1000,10,7.7,28,41,954,25,11,10,46,7.779619829,86,113,10.41605436,9.2436554,7.133353338,8.408040698,476,17,478,29,493,507
44,1000,10,7.7,28,29,952,26,8,14,48,7.73638753,78,92,9.826534699,8.808123274,7.095272277,8.468110076,513,20,439,28,533,467
46,1000,10,7.7,28,25,959,21,8,12,41,7.528936238,91,107,10.07687451,8.77147488,6.72809704,8.241970761,460,11,499,30,471,529
42,1000,10,7.7,28,43,946,36,9,9,54,8.015063414,98,110,10.36602249,8.982712657,7.454520625,8.612666883,495,21,451,33,516,484
43,1000,10,7.7,28,33,965,21,5,9,35,7.476139418,100,126,10.37797687,8.900516102,7.178954334,7.804607142,512,13,453,22,525,475
40,1000,10,7.7,28,49,954,23,12,11,46,8.115233168,87,122,10.45880909,9.160132586,7.852798759,8.365365963,469,19,485,27,488,512
47,1000,10,7.7,28,12,949,29,9,13,51,7.046184882,113,112,10.08294591,8.653327137,6.227568767,7.817114622,467,18,482,33,485,515
41,1000,10,7.7,28,42,952,27,11,10,48,7.799652366,97,134,10.40729331,9.241606574,7.142102717,8.439044826,476,17,476,31,493,507
45,1000,10,7.7,28,26,951,32,10,7,49,7.541295161,79,111,10.27099424,8.802962682,6.808988142,8.285413583,482,22,469,27,504,496
44,1000,10,7.7,28,30,952,25,9,14,48,7.75944883,99,94,9.835148503,8.80912273,7.136105738,8.47088752,513,20,439,28,533,467
46,1000,10,7.7,28,26,958,21,9,12,42,7.541713379,94,92,10.09921771,8.774914123,6.726528064,8.267521099,460,11,498,31,471,529
42,1000,10,7.7,28,44,944,38,9,9,56,8.037138185,105,104,10.36367621,8.977936217,7.488675286,8.621863093,494,22,450,34,516,484
43,1000,10,7.7,28,34,965,21,5,9,35,7.481474153,105,102,10.39929223,8.894378272,7.205325259,7.786691353,512,13,453,22,525,475
40,1000,10,7.7,28,50,953,24,12,11,47,8.137517394,87,122,10.44303511,9.178578339,7.911755544,8.352696658,469,19,484,28,488,512
47,1000,10,7.7,28,13,950,29,9,12,50,7.040579209,100,105,10.10455887,8.669442533,6.228319727,7.805522605,467,18,483,32,485,515
41,1000,10,7.7,28,43,951,27,12,10,49,7.813254209,108,113,10.41362114,9.245263373,7.156042187,8.452318366,476,17,475,32,493,507
45,1000,10,7.7,28,27,951,33,10,6,49,7.569473111,87,103,10.2780517,8.782571648,6.834261844,8.316542624,482,22,469,27,504,496
44,1000,10,7.7,28,31,954,24,8,14,46,7.745765724,97,100,9.845269557,8.813529096,7.122633489,8.456963755,514,19,440,27,533,467
46,1000,10,7.7,28,27,957,22,9,12,43,7.583837088,88,106,10.09333401,8.761672413,6.756999469,8.320019543,459,12,498,31,471,529
42,1000,10,7.7,28,45,944,38,9,9,56,8.045901355,97,100,10.38830459,8.998171987,7.522071783,8.604364288,493,23,451,33,516,484
43,1000,10,7.7,28,35,965,19,7,9,35,7.543425297,87,113,10.41575992,8.881516211,7.261155311,7.855407914,512,13,453,22,525,475
47,1000,10,7.7,28,14,951,28,9,12,49,7.056558244,104,100,10.09464193,8.671989853,6.230395732,7.834594785,468,17,483,32,485,515
41,1000,10,7.7,28,44,953,27,11,9,47,7.817749026,113,106,10.43319184,9.252874788,7.179815183,8.438067338,476,17,477,30,493,507
45,1000,10,7.7,28,28,952,31,11,6,48,7.559282187,95,98,10.287657,8.789054771,6.804470185,8.326268576,482,22,470,26,504,496
40,1000,10,7.7,28,51,953,25,12,10,47,8.15452695,93,111,10.46263686,9.171021787,7.895646573,8.40127231,470,18,483,29,488,512
44,1000,10,7.7,28,32,954,25,7,14,46,7.801751021,98,101,9.856396361,8.80733732,7.196739151,8.492267779,514,19,440,27,533,467
46,1000,10,7.7,28,28,957,23,8,12,43,7.578897223,101,98,10.11665158,8.756364213,6.786014522,8.284847606,458,13,499,30,471,529
42,1000,10,7.7,28,46,943,40,9,8,57,8.064136902,81,113,10.38815323,9.020363953,7.537699963,8.625379589,493,23,450,34,516,484
43,1000,10,7.7,28,36,969,18,6,7,31,7.531995343,104,105,10.44407885,8.893995412,7.243847585,7.850474443,514,11,455,20,525,475
41,1000,10,7.7,28,45,954,26,11,9,46,7.794418052,125,92,10.43645724,9.268138513,7.131871339,8.438669589,477,16,477,30,493,507
47,1000,10,7.7,28,15,952,27,9,12,48,7.048474899,89,101,10.10078737,8.656684193,6.237199386,7.812491643,468,17,484,31,485,515
45,1000,10,7.7,28,29,953,29,11,7,47,7.620606148,90,102,10.29165931,8.798839173,6.918491138,8.334045593,482,22,471,25,504,496
44,1000,10,7.7,28,33,953,26,7,14,47,7.834135444,108,101,9.87343072,8.813738466,7.220400303,8.534608313,513,20,440,27,533,467
40,1000,10,7.7,28,52,954,24,12,10,46,8.196836441,104,112,10.49535687,9.161641401,7.925674819,8.455287362,471,17,483,29,488,512
46,1000,10,7.7,28,29,959,22,7,12,41,7.569770997,85,114,10.11478175,8.767643054,6.815079046,8.241717895,458,13,501,28,471,529
42,1000,10,7.7,28,47,943,40,9,8,57,8.117664087,78,100,10.39560742,9.033256129,7.60663422,8.662481053,493,23,450,34,516,484
43,1000,10,7.7,28,37,970,17,6,7,30,7.529491216,99,124,10.45721924,8.894685251,7.251389705,7.83686657,514,11,456,19,525,475
41,1000,10,7.7,28,46,955,25,11,9,45,7.785440565,104,93,10.43729067,9.282472615,7.146250378,8.40698053,477,16,478,29,493,507
47,1000,10,7.7,28,16,956,26,8,10,44,7.052634772,102,100,10.10334232,8.640958713,6.27984397,7.780408635,469,16,487,28,485,515
44,1000,10,7.7,28,34,954,27,6,13,46,7.847486368,106,94,9.889128713,8.821372117,7.265038172,8.512250584,512,21,442,25,533,467
45,1000,10,7.7,28,30,951,31,11,7,49,7.656586948,89,118,10.30277162,8.806950203,6.943154085,8.381526792,481,23,470,26,504,496
42,1000,10,7.7,28,48,943,40,9,8,57,8.153003746,92,95,10.39423549,9.035133963,7.636292016,8.703878234,493,23,450,34,516,484
46,1000,10,7.7,28,30,959,23,6,12,41,7.635878025,95,121,10.12366282,8.790728252,6.896391337,8.294286778,459,12,500,29,471,529
40,1000,10,7.7,28,53,956,24,11,9,44,8.192811354,97,122,10.49125367,9.182561421,7.930759098,8.442579911,472,16,484,28,488,512
43,1000,10,7.7,28,38,967,20,6,7,33,7.549024711,100,100,10.45315856,8.900796656,7.257113869,7.871663011,514,11,453,22,525,475
41,1000,10,7.7,28,47,956,25,10,9,44,7.785174289,112,124,10.43710036,9.289107474,7.163957111,8.389237542,477,16,479,28,493,507
47,1000,10,7.7,28,17,956,27,8,9,44,7.078712408,87,106,10.09863533,8.633204035,6.318085544,7.79503091,470,15,486,29,485,515
44,1000,10,7.7,28,35,954,27,6,13,46,7.864525997,90,95,9.888949438,8.837145173,7.297527309,8.511657262,512,21,442,25,533,467
45,1000,10,7.7,28,31,951,31,11,7,49,7.647926868,102,110,10.30534019,8.800597183,6.944052673,8.363153872,481,23,470,26,504,496
42,1000,10,7.7,28,49,945,40,7,8,55,8.170962065,89,119,10.41130977,9.039874807,7.665536626,8.709804062,493,23,452,32,516,484
46,1000,10,7.7,28,31,959,23,7,11,41,7.667622173,93,98,10.12944458,8.820370942,6.948493974,8.307904559,459,12,500,29,471,529
40,1000,10,7.7,28,54,959,23,10,8,41,8.170253409,104,120,10.49448727,9.191889404,7.89882253,8.428960965,473,15,486,26,488,512
43,1000,10,7.7,28,39,967,19,7,7,33,7.571105792,94,106,10.45100734,8.915814032,7.278285617,7.894749144,515,10,452,23,525,475
41,1000,10,7.7,28,48,956,25,10,9,44,7.81512459,101,97,10.43407652,9.296702743,7.19747702,8.415716803,476,17,480,27,493,507
47,1000,10,7.7,28,18,957,25,9,9,43,7.138062683,93,111,10.11328007,8.626597583,6.364838955,7.866244251,471,14,486,29,485,515
42,1000,10,7.7,28,50,946,39,7,8,54,8.172438404,86,115,10.43163251,9.033242327,7.632202689,8.748392183,494,22,452,32,516,484
44,1000,10,7.7,28,36,954,27,6,13,46,7.911300072,81,88,9.897644639,8.8524251,7.351732373,8.549950144,512,21,442,25,533,467
45,1000,10,7.7,28,32,952,30,11,7,48,7.655000253,95,98,10.33177922,8.80322587,6.954966614,8.366324757,481,23,471,25,504,496
46,1000,10,7.7,28,32,959,22,7,12,41,7.670072034,103,120,10.16166437,8.828148896,6.94579457,8.314939114,459,12,500,29,471,529
40,1000,10,7.7,28,55,959,22,11,8,41,8.160076634,102,111,10.48321231,9.19917956,7.887360471,8.420009226,473,15,486,26,488,512
43,1000,10,7.7,28,40,966,19,8,7,34,7.606673806,99,93,10.46607032,8.884796839,7.288037618,7.958850644,514,11,452,23,525,475
42,1000,10,7.7,28,51,948,37,7,8,52,8.169872169,105,104,10.42447582,9.030955396,7.650552483,8.723527041,494,22,454,30,516,484
41,1000,10,7.7,28,49,957,25,10,8,43,7.83805384,111,119,10.43267242,9.311726265,7.231883124,8.427486114,477,16,480,27,493,507
47,1000,10,7.7,28,19,958,25,9,8,42,7.198685774,95,118,10.12077093,8.640561803,6.445413249,7.908078346,471,14,487,28,485,515
44,1000,10,7.7,28,37,953,28,6,13,47,7.932896718,86,124,9.896120964,8.857086094,7.346364783,8.602321819,513,20,440,27,533,467
45,1000,10,7.7,28,33,952,30,11,7,48,7.701204015,92,92,10.34068813,8.825515544,6.99842394,8.415319253,481,23,471,25,504,496
46,1000,10,7.7,28,33,961,21,7,11,39,7.681040402,105,106,10.16636969,8.817905705,6.962969654,8.320381276,459,12,502,27,471,529
40,1000,10,7.7,28,56,959,22,11,8,41,8.201975937,92,116,10.48231242,9.212158406,7.895604914,8.493985819,473,15,486,26,488,512
42,1000,10,7.7,28,52,948,37,7,8,52,8.191179105,94,112,10.41567345,9.034977356,7.679219631,8.736987139,494,22,454,30,516,484
43,1000,10,7.7,28,41,966,19,8,7,34,7.629340836,77,103,10.47876305,8.889445383,7.33339235,7.956441793,514,11,452,23,525,475
41,1000,10,7.7,28,50,957,24,11,8,43,7.902102988,92,113,10.45356575,9.303044938,7.273314138,8.513528833,477,16,480,27,493,507
47,1000,10,7.7,28,20,959,25,8,8,41,7.232243158,93,107,10.14229316,8.641084799,6.508950835,7.913401948,471,14,488,27,485,515
44,1000,10,7.7,28,38,952,28,6,14,48,7.957720987,94,101,9.886374567,8.861293459,7.380138513,8.61693182,513,20,439,28,533,467
45,1000,10,7.7,28,34,951,31,11,7,49,7.731021036,99,121,10.3370456,8.840888105,7.071386457,8.401294883,481,23,470,26,504,496
46,1000,10,7.7,28,34,960,23,7,10,40,7.740148228,97,94,10.1805002,8.799593222,7.042017093,8.361735684,458,13,502,27,471,529
42,1000,10,7.7,28,53,949,36,7,8,51,8.196712579,107,106,10.43675767,9.061586683,7.686747649,8.740394199,495,21,454,30,516,484
40,1000,10,7.7,28,57,959,22,11,8,41,8.205357767,115,103,10.49169864,9.212450981,7.923384948,8.474113111,473,15,486,26,488,512
43,1000,10,7.7,28,42,968,18,7,7,32,7.591529379,93,104,10.48181836,8.880194671,7.31070024,7.90191948,514,11,454,21,525,475
41,1000,10,7.7,28,51,960,22,9,9,40,7.886724411,98,110,10.45322325,9.303822565,7.24521483,8.510519724,479,14,481,26,493,507
47,1000,10,7.7,28,21,961,24,7,8,39,7.204766138,103,102,10.15179946,8.646641345,6.472379167,7.89448979,471,14,490,25,485,515
44,1000,10,7.7,28,39,952,28,6,14,48,8.000328709,88,101,9.903284541,8.87451097,7.415496886,8.667813424,513,20,439,28,533,467
45,1000,10,7.7,28,35,950,32,11,7,50,7.772334832,85,102,10.34794886,8.830504356,7.086569487,8.469160909,481,23,469,27,504,496
46,1000,10,7.7,28,35,961,22,7,10,39,7.743088933,105,102,10.18330788,8.816922491,7.058622648,8.352509765,458,13,503,26,471,529
42,1000,10,7.7,28,54,949,36,7,8,51,8.202778421,104,114,10.45132232,9.068553934,7.66899622,8.771852007,495,21,454,30,516,484
43,1000,10,7.7,28,43,968,18,7,7,32,7.605788144,88,122,10.49923633,8.888306191,7.330156136,7.910434048,514,11,454,21,525,475
41,1000,10,7.7,28,52,961,22,8,9,39,7.901815831,100,116,10.44944227,9.319459054,7.26901917,8.517138816,479,14,482,25,493,507
40,1000,10,7.7,28,58,959,21,12,8,41,8.21734743,99,115,10.52710932,9.216534656,7.950305493,8.471871776,473,15,486,26,488,512
47,1000,10,7.7,28,22,960,25,7,8,40,7.27694785,85,104,10.16709665,8.658056507,6.528486728,7.981809295,470,15,490,25,485,515
44,1000,10,7.7,28,40,953,27,6,14,47,8.055119093,94,93,9.916753385,8.886461169,7.468952104,8.724127669,513,20,440,27,533,467
45,1000,10,7.7,28,36,949,34,11,6,51,7.766207561,97,98,10.37244791,8.847022677,7.078441638,8.465066484,481,23,468,28,504,496
46,1000,10,7.7,28,36,960,23,7,10,40,7.799759272,89,101,10.19564848,8.825010113,7.083632537,8.437369276,458,13,502,27,471,529
42,1000,10,7.7,28,55,948,36,8,8,52,8.255223007,91,99,10.46012974,9.062946443,7.752288362,8.791409529,495,21,453,31,516,484
43,1000,10,7.7,28,44,968,18,7,7,32,7.60153007,101,124,10.48864643,8.891164074,7.358385506,7.870268798,514,11,454,21,525,475
41,1000,10,7.7,28,53,961,23,8,8,39,7.943637282,89,124,10.44084597,9.325443385,7.360522931,8.510649856,479,14,482,25,493,507
47,1000,10,7.7,28,23,958,27,7,8,42,7.331286568,87,94,10.17620047,8.658680721,6.557273258,8.060211724,470,15,488,27,485,515
44,1000,10,7.7,28,41,954,25,7,14,46,8.094337622,92,115,9.909237075,8.88656065,7.52793174,8.7407923,513,20,441,26,533,467
40,1000,10,7.7,28,59,958,22,12,8,42,8.236572748,97,103,10.51576714,9.234372171,7.966984992,8.493523579,473,15,485,27,488,512
45,1000,10,7.7,28,37,950,34,10,6,50,7.773655448,102,82,10.35166879,8.843234557,7.084718475,8.473704308,482,22,468,28,504,496
42,1000,10,7.7,28,56,949,37,7,7,51,8.288859591,93,106,10.44926244,9.050620107,7.829847551,8.778219533,495,21,454,30,516,484
46,1000,10,7.7,28,37,959,24,7,10,41,7.833797532,84,118,10.20658636,8.823377892,7.116628018,8.472335984,457,14,502,27,471,529
43,1000,10,7.7,28,45,968,17,8,7,32,7.657224876,78,121,10.48272283,8.900451933,7.44641342,7.890227012,514,11,454,21,525,475
41,1000,10,7.7,28,54,960,23,9,8,40,7.969189459,81,119,10.46124851,9.32725864,7.410180895,8.512761889,478,15,482,25,493,507
47,1000,10,7.7,28,24,958,27,7,8,42,7.35434254,85,96,10.1706323,8.657575119,6.609395961,8.055894173,470,15,488,27,485,515
44,1000,10,7.7,28,42,955,25,7,13,45,8.059264279,98,103,9.924241288,8.898237646,7.510894298,8.685134087,514,19,441,26,533,467
40,1000,10,7.7,28,60,960,20,11,9,40,8.253755682,89,106,10.52294161,9.227153267,8.017099283,8.479318812,474,14,486,26,488,512
45,1000,10,7.7,28,38,952,33,9,6,48,7.759773341,90,107,10.35422357,8.857794826,7.067298186,8.463417449,483,21,469,27,504,496
42,1000,10,7.7,28,57,948,38,7,7,52,8.321837792,106,128,10.4673624,9.05490341,7.885767625,8.786739043,495,21,453,31,516,484
46,1000,10,7.7,28,38,957,26,7,10,43,7.847096765,93,127,10.21866517,8.814270149,7.107649119,8.505470756,458,13,499,30,471,529
43,1000,10,7.7,28,46,968,17,8,7,32,7.671011214,88,109,10.47923787,8.884575252,7.476594279,7.88589309,514,11,454,21,525,475
41,1000,10,7.7,28,55,961,22,9,8,39,7.977541229,108,117,10.45668889,9.329256751,7.439698002,8.50053277,478,15,483,24,493,507
47,1000,10,7.7,28,25,958,27,7,8,42,7.369855905,108,99,10.1710944,8.666523107,6.6224071,8.073764004,470,15,488,27,485,515
44,1000,10,7.7,28,43,956,24,6,14,44,8.067998114,88,100,9.925834111,8.893941809,7.488020389,8.729942712,515,18,441,26,533,467
42,1000,10,7.7,28,58,948,38,7,7,52,8.336569285,95,116,10.48144125,9.064887098,7.917552627,8.783289524,495,21,453,31,516,484
45,1000,10,7.7,28,39,953,32,9,6,47,7.781012201,80,108,10.36644584,8.860467209,7.101324807,8.471662294,483,21,470,26,504,496
40,1000,10,7.7,28,61,960,20,11,9,40,8.29487376,93,115,10.53831908,9.215165633,8.064445401,8.51450079,474,14,486,26,488,512
46,1000,10,7.7,28,39,959,25,6,10,41,7.830795145,110,102,10.21665781,8.839767426,7.124988822,8.459216277,459,12,500,29,471,529
43,1000,10,7.7,28,47,966,19,8,7,34,7.702368621,88,107,10.48567291,8.881824728,7.514525509,7.909984693,513,12,453,22,525,475
41,1000,10,7.7,28,56,962,21,9,8,38,7.96962277,91,113,10.48368705,9.322130379,7.46755793,8.457823887,478,15,484,23,493,507
47,1000,10,7.7,28,26,959,28,6,7,41,7.336919039,89,115,10.16068608,8.679700072,6.590967716,8.039416887,471,14,488,27,485,515
44,1000,10,7.7,28,44,956,25,6,13,44,8.071946378,74,101,9.922331057,8.884215294,7.504118999,8.720023451,514,19,442,25,533,467
42,1000,10,7.7,28,59,950,36,7,7,50,8.338032504,107,133,10.48819713,9.086923548,7.939527231,8.762885234,495,21,455,29,516,484
45,1000,10,7.7,28,40,952,32,10,6,48,7.819287841,102,110,10.36037342,8.859017197,7.147197864,8.502217979,483,21,469,27,504,496
40,1000,10,7.7,28,62,961,20,11,8,39,8.276480912,115,98,10.53102687,9.221713032,8.048765873,8.493521808,474,14,487,25,488,512
46,1000,10,7.7,28,40,957,27,6,10,43,7.851921154,97,117,10.22659046,8.820527336,7.161689031,8.466475652,458,13,499,30,471,529
41,1000,10,7.7,28,57,961,22,9,8,39,7.99383242,88,106,10.49026565,9.316890967,7.473720739,8.499582043,478,15,483,24,493,507
43,1000,10,7.7,28,48,966,20,8,6,34,7.725263317,87,93,10.48069472,8.884970398,7.569253831,7.897694855,513,12,453,22,525,475
42,1000,10,7.7,28,60,951,34,8,7,49,8.36249163,86,104,10.49818248,9.099938783,8.018469188,8.729259356,495,21,456,28,516,484
47,1000,10,7.7,28,27,960,26,7,7,40,7.364163694,103,111,10.16462606,8.680553362,6.607134419,8.077094176,471,14,489,26,485,515
44,1000,10,7.7,28,45,957,25,5,13,43,8.081515565,108,117,9.952848181,8.877108356,7.517491011,8.72525237,514,19,443,24,533,467
45,1000,10,7.7,28,41,952,31,11,6,48,7.842279581,100,115,10.36081876,8.86849851,7.161475743,8.534064127,483,21,469,27,504,496
40,1000,10,7.7,28,63,960,21,10,9,40,8.318287565,105,99,10.53130894,9.203364518,8.059351143,8.565086342,474,14,486,26,488,512
46,1000,10,7.7,28,41,957,27,5,11,43,7.904691201,88,100,10.22847591,8.829593471,7.194775837,8.536770854,458,13,499,30,471,529
41,1000,10,7.7,28,58,959,24,9,8,41,8.010131493,103,108,10.49294478,9.319943189,7.49628211,8.509791741,477,16,482,25,493,507
43,1000,10,7.7,28,49,967,19,8,6,33,7.735857956,88,121,10.4807083,8.889523704,7.601877277,7.883941864,513,12,454,21,525,475
42,1000,10,7.7,28,61,950,35,8,7,50,8.364858531,96,112,10.51422409,9.107781019,8.065876234,8.683608253,494,22,456,28,516,484
47,1000,10,7.7,28,28,960,27,7,6,40,7.37628069,85,95,10.17614055,8.680434549,6.642894573,8.066945286,471,14,489,26,485,515
44,1000,10,7.7,28,46,956,25,6,13,44,8.109971712,83,107,9.94848008,8.878892404,7.551714996,8.747125524,514,19,442,25,533,467
45,1000,10,7.7,28,42,950,33,12,5,50,7.84582915,108,115,10.36182354,8.876094758,7.206272938,8.495700785,481,23,469,27,504,496
46,1000,10,7.7,28,42,957,27,5,11,43,7.898325618,93,117,10.2238664,8.837108444,7.17454595,8.54274948,458,13,499,30,471,529
40,1000,10,7.7,28,64,960,21,10,9,40,8.334735921,85,110,10.54585039,9.228369155,8.096491996,8.561812161,474,14,486,26,488,512
42,1000,10,7.7,28,62,949,36,8,7,51,8.392921823,96,116,10.50989152,9.113299985,8.111575903,8.692869125,494,22,455,29,516,484
41,1000,10,7.7,28,59,956,26,10,8,44,8.04973244,103,116,10.4867808,9.308261039,7.558767516,8.527140146,476,17,480,27,493,507
43,1000,10,7.7,28,50,965,21,8,6,35,7.747303929,92,108,10.49006704,8.896240969,7.622241118,7.885531247,511,14,454,21,525,475
44,1000,10,7.7,28,47,956,25,6,13,44,8.155630744,95,120,9.960089928,8.88579974,7.582603219,8.809642886,514,19,442,25,533,467
47,1000,10,7.7,28,29,959,28,8,5,41,7.447628622,77,102,10.18721622,8.689383476,6.726443586,8.126802878,471,14,488,27,485,515
45,1000,10,7.7,28,43,948,34,14,4,52,7.858470942,105,101,10.36946625,8.888563838,7.241828082,8.485059654,481,23,467,29,504,496
46,1000,10,7.7,28,43,957,27,5,11,43,7.913740538,95,117,10.24077859,8.848503043,7.186599225,8.561157474,458,13,499,30,471,529
42,1000,10,7.7,28,63,949,36,8,7,51,8.421244574,103,101,10.50474331,9.106292372,8.132053441,8.729555781,494,22,455,29,516,484
40,1000,10,7.7,28,65,960,21,11,8,40,8.362372581,92,114,10.53195285,9.214689549,8.136457883,8.577697528,474,14,486,26,488,512
41,1000,10,7.7,28,60,955,27,10,8,45,8.052816309,76,103,10.48239148,9.318957914,7.532373485,8.558887931,476,17,479,28,493,507
43,1000,10,7.7,28,51,963,23,8,6,37,7.767796865,85,99,10.49129023,8.902126852,7.65230075,7.895450466,510,15,453,22,525,475
44,1000,10,7.7,28,48,956,25,6,13,44,8.178790375,93,116,9.966516743,8.888509985,7.586994431,8.854223433,514,19,442,25,533,467
47,1000,10,7.7,28,30,959,27,8,6,41,7.480885612,87,121,10.20373687,8.697665384,6.756734831,8.162852852,471,14,488,27,485,515
45,1000,10,7.7,28,44,949,34,14,3,51,7.875821092,87,93,10.38514226,8.88702801,7.250335988,8.511394667,482,22,467,29,504,496
42,1000,10,7.7,28,64,949,36,8,7,51,8.443182036,90,106,10.48019903,9.100042121,8.17451633,8.729610764,495,21,454,30,516,484
46,1000,10,7.7,28,44,956,28,5,11,44,7.936047241,76,117,10.25820087,8.853991777,7.181082021,8.608237446,459,12,497,32,471,529
41,1000,10,7.7,28,61,954,28,9,9,46,8.073617705,92,99,10.49202652,9.32121582,7.569700402,8.563620132,476,17,478,29,493,507
43,1000,10,7.7,28,52,963,23,8,6,37,7.788570446,98,94,10.49829403,8.901668298,7.699515379,7.88699973,510,15,453,22,525,475
40,1000,10,7.7,28,66,962,20,10,8,38,8.338091486,87,101,10.51932949,9.218256228,8.137332935,8.52943948,474,14,488,24,488,512
44,1000,10,7.7,28,49,955,26,6,13,45,8.190874873,85,113,9.964298954,8.889373255,7.605565337,8.858904814,513,20,442,25,533,467
47,1000,10,7.7,28,31,959,27,8,6,41,7.518803798,91,117,10.21071727,8.70532592,6.80548585,8.190569245,471,14,488,27,485,515
45,1000,10,7.7,28,45,949,33,15,3,51,7.911586536,111,114,10.38898609,8.900191015,7.292658474,8.540497309,482,22,467,29,504,496
42,1000,10,7.7,28,65,949,36,8,7,51,8.462305114,98,126,10.48860637,9.114771376,8.198067825,8.744012636,495,21,454,30,516,484
46,1000,10,7.7,28,45,956,28,5,11,44,7.952389619,101,103,10.24607936,8.848800068,7.177939771,8.641928143,459,12,497,32,471,529
41,1000,10,7.7,28,62,956,28,7,9,44,8.088322668,111,101,10.49117751,9.3430469,7.61993168,8.543779782,476,17,480,27,493,507
43,1000,10,7.7,28,53,963,23,8,6,37,7.803723595,99,121,10.49943316,8.922203617,7.681262614,7.939075207,510,15,453,22,525,475
44,1000,10,7.7,28,50,955,26,6,13,45,8.200189811,90,106,9.974050132,8.889659452,7.619767434,8.862641903,513,20,442,25,533,467
40,1000,10,7.7,28,67,963,20,9,8,37,8.316704067,109,101,10.51436724,9.226044793,8.122263314,8.50203041,474,14,489,23,488,512
47,1000,10,7.7,28,32,957,28,9,6,43,7.523008764,108,100,10.19365135,8.715206297,6.800155119,8.20375443,471,14,486,29,485,515
45,1000,10,7.7,28,46,947,35,14,4,53,7.952016155,90,104,10.39787404,8.914843486,7.359865311,8.553717818,481,23,466,30,504,496
42,1000,10,7.7,28,66,948,38,7,7,52,8.498493235,95,118,10.50078362,9.126034218,8.224109063,8.79101851,494,22,454,30,516,484
46,1000,10,7.7,28,46,956,27,6,11,44,7.98124905,96,108,10.24063758,8.865150053,7.213008826,8.665258778,459,12,497,32,471,529
41,1000,10,7.7,28,63,953,31,7,9,47,8.12957397,100,118,10.49280447,9.345804173,7.654301475,8.591722568,474,19,479,28,493,507
43,1000,10,7.7,28,54,964,21,9,6,36,7.84251037,85,110,10.505338,8.907717986,7.704329104,7.995237033,511,14,453,22,525,475
44,1000,10,7.7,28,51,955,26,6,13,45,8.211851799,104,123,9.975717812,8.889227709,7.618662262,8.888875403,513,20,442,25,533,467
47,1000,10,7.7,28,33,956,26,12,6,44,7.560982927,90,96,10.22230009,8.705625967,6.836228161,8.243518969,471,14,485,30,485,515
40,1000,10,7.7,28,68,960,23,9,8,40,8.324981213,94,105,10.52123789,9.220758531,8.119705101,8.520635007,472,16,488,24,488,512
42,1000,10,7.7,28,67,948,38,7,7,52,8.518446234,104,104,10.51015839,9.124088414,8.217754472,8.839018442,494,22,454,30,516,484
45,1000,10,7.7,28,47,947,35,14,4,53,7.944661979,111,112,10.41051329,8.911214012,7.324316188,8.575013347,481,23,466,30,504,496
46,1000,10,7.7,28,47,954,28,7,11,46,8.027235425,96,116,10.2537174,8.865634208,7.252632926,8.716909862,457,14,497,32,471,529
41,1000,10,7.7,28,64,953,31,7,9,47,8.153637817,98,114,10.50659743,9.361751602,7.688383952,8.606044435,474,19,479,28,493,507
43,1000,10,7.7,28,55,964,22,8,6,36,7.847721069,84,116,10.50896734,8.910498379,7.710759833,7.999099278,511,14,453,22,525,475
44,1000,10,7.7,28,52,955,26,5,14,45,8.236188465,87,105,9.972598747,8.90060962,7.622589997,8.936505345,513,20,442,25,533,467
47,1000,10,7.7,28,34,955,27,12,6,45,7.606478032,87,95,10.23963069,8.717912781,6.877260729,8.293216656,471,14,484,31,485,515
42,1000,10,7.7,28,68,947,39,7,7,53,8.540531854,91,106,10.49666705,9.139194603,8.262563763,8.836878,493,23,454,30,516,484
40,1000,10,7.7,28,69,961,23,8,8,39,8.309640473,100,128,10.53675714,9.217892648,8.10317115,8.506431547,472,16,489,23,488,512
45,1000,10,7.7,28,48,947,34,15,4,53,7.986080556,99,102,10.40407039,8.911233584,7.357628581,8.624668853,481,23,466,30,504,496
46,1000,10,7.7,28,48,954,28,7,11,46,8.06898047,85,113,10.28269493,8.866795333,7.287864659,8.764454094,457,14,497,32,471,529
41,1000,10,7.7,28,65,952,31,8,9,48,8.18664504,98,120,10.52151772,9.381366942,7.719786441,8.640612081,474,19,478,29,493,507
43,1000,10,7.7,28,56,964,22,8,6,36,7.881868172,96,96,10.51904652,8.93917936,7.755782517,8.021226,511,14,453,22,525,475
44,1000,10,7.7,28,53,953,28,5,14,47,8.282102395,94,98,9.976198358,8.89347612,7.665059654,8.986350321,513,20,440,27,533,467
47,1000,10,7.7,28,35,954,27,13,6,46,7.665124361,94,115,10.24604477,8.717424824,6.906703645,8.379365228,471,14,483,32,485,515
42,1000,10,7.7,28,69,946,40,7,7,54,8.549711674,100,112,10.5124558,9.128661975,8.289838247,8.826766815,492,24,454,30,516,484
40,1000,10,7.7,28,70,962,21,9,8,38,8.317055837,110,100,10.54938682,9.211468725,8.129811768,8.49552284,472,16,490,22,488,512
45,1000,10,7.7,28,49,946,34,15,5,54,8.045946855,102,116,10.41764012,8.919553324,7.379746378,8.7228925,480,24,466,30,504,496
46,1000,10,7.7,28,49,954,26,8,12,46,8.106157596,80,109,10.3107604,8.885506455,7.334346448,8.793346727,457,14,497,32,471,529
41,1000,10,7.7,28,66,953,30,8,9,47,8.193357776,91,116,10.51937364,9.38762131,7.709117818,8.664226217,474,19,479,28,493,507
43,1000,10,7.7,28,57,963,22,9,6,37,7.919431197,82,98,10.52199341,8.934399512,7.794637674,8.057360882,510,15,453,22,525,475
44,1000,10,7.7,28,54,953,26,8,13,47,8.306129954,83,99,9.9680868,8.886550533,7.646121204,9.059416173,513,20,440,27,533,467
42,1000,10,7.7,28,70,945,40,8,7,55,8.583316325,102,105,10.51532876,9.129566192,8.314936657,8.869440103,492,24,453,31,516,484
47,1000,10,7.7,28,36,954,26,14,6,46,7.731542501,99,98,10.2722338,8.711437967,6.943951798,8.473254135,471,14,483,32,485,515
45,1000,10,7.7,28,50,946,35,15,4,54,8.065552878,100,117,10.4355747,8.923786526,7.369753585,8.77257474,481,23,465,31,504,496
40,1000,10,7.7,28,71,960,23,9,8,40,8.335949418,96,114,10.56791877,9.216588289,8.148424065,8.514684521,471,17,489,23,488,512
46,1000,10,7.7,28,50,951,29,8,12,49,8.13619195,100,106,10.31047486,8.889166143,7.365339427,8.82252756,457,14,494,35,471,529
41,1000,10,7.7,28,67,955,28,9,8,45,8.218907879,96,89,10.52311006,9.393234244,7.718071775,8.70591419,475,18,480,27,493,507
42,1000,10,7.7,28,71,945,40,8,7,55,8.608091602,106,88,10.52204691,9.11636486,8.31268627,8.923027864,492,24,453,31,516,484
43,1000,10,7.7,28,58,962,23,9,6,38,7.94445441,90,103,10.54110006,8.928494527,7.76543116,8.142322212,510,15,452,23,525,475
44,1000,10,7.7,28,55,952,27,8,13,48,8.328606901,84,97,9.962345758,8.885133613,7.683951048,9.064370433,513,20,439,28,533,467
47,1000,10,7.7,28,37,954,26,14,6,46,7.73405612,73,104,10.26819022,8.712963327,6.923283187,8.497599561,471,14,483,32,485,515
45,1000,10,7.7,28,51,947,34,15,4,53,8.062587256,95,107,10.44141734,8.93151323,7.350909395,8.785743792,481,23,466,30,504,496
40,1000,10,7.7,28,72,961,22,9,8,39,8.351757799,87,116,10.5695862,9.205908602,8.173827765,8.521347363,471,17,490,22,488,512
46,1000,10,7.7,28,51,953,27,7,13,47,8.129239187,107,104,10.3018727,8.888366143,7.382607357,8.794009682,457,14,496,33,471,529
42,1000,10,7.7,28,72,945,40,8,7,55,8.611729462,92,102,10.51676409,9.124007592,8.316727092,8.926236121,492,24,453,31,516,484
41,1000,10,7.7,28,68,954,29,8,9,46,8.229857361,102,110,10.53239741,9.395219772,7.738059022,8.708075471,475,18,479,28,493,507
43,1000,10,7.7,28,59,962,23,9,6,38,7.993467674,87,113,10.54764532,8.940331703,7.80809365,8.198354753,510,15,452,23,525,475
44,1000,10,7.7,28,56,953,26,8,13,47,8.288398574,91,104,9.955160107,8.886711455,7.654689735,9.011667977,513,20,440,27,533,467
47,1000,10,7.7,28,38,953,26,16,5,47,7.762662064,93,97,10.27392159,8.723375124,6.887719677,8.586636934,472,13,481,34,485,515
45,1000,10,7.7,28,52,947,34,15,4,53,8.097552155,101,110,10.47613976,8.941785722,7.382881715,8.823749537,482,22,465,31,504,496
42,1000,10,7.7,28,73,947,38,8,7,53,8.609068336,102,96,10.52842992,9.126891922,8.301563205,8.936904385,494,22,453,31,516,484
40,1000,10,7.7,28,73,961,22,9,8,39,8.363028018,105,96,10.57884393,9.20840969,8.181229655,8.536304582,471,17,490,22,488,512
46,1000,10,7.7,28,52,953,28,6,13,47,8.126321446,117,109,10.32153359,8.878410174,7.366837069,8.802535325,458,13,495,34,471,529
41,1000,10,7.7,28,69,955,28,8,9,45,8.191637763,117,117,10.53339452,9.381128472,7.714948599,8.655163913,475,18,480,27,493,507
43,1000,10,7.7,28,60,961,24,9,6,39,8.029194291,100,105,10.55631927,8.950187458,7.831517043,8.247679671,510,15,451,24,525,475
44,1000,10,7.7,28,57,954,26,8,12,46,8.271188237,99,115,9.954257122,8.869013019,7.642002402,8.98929541,514,19,440,27,533,467
47,1000,10,7.7,28,39,952,27,16,5,48,7.805978498,98,110,10.28156901,8.750360303,6.948132342,8.613853034,471,14,481,34,485,515
45,1000,10,7.7,28,53,949,33,14,4,51,8.116933253,96,99,10.48040875,8.948493517,7.426700612,8.818298679,483,21,466,30,504,496
42,1000,10,7.7,28,74,948,37,8,7,52,8.624084595,102,106,10.53508038,9.119850086,8.324236609,8.94375724,494,22,454,30,516,484
46,1000,10,7.7,28,53,953,28,6,13,47,8.149722102,87,90,10.3151485,8.882868711,7.383752942,8.831709766,458,13,495,34,471,529
40,1000,10,7.7,28,74,963,22,9,6,37,8.390807143,99,126,10.58989445,9.213008279,8.156895507,8.613754171,473,15,490,22,488,512
41,1000,10,7.7,28,70,955,27,9,9,45,8.207935871,91,124,10.54646845,9.404922727,7.751069993,8.652186123,475,18,480,27,493,507
43,1000,10,7.7,28,61,961,24,9,6,39,8.04981906,74,121,10.57958846,8.947382472,7.828124867,8.294849485,510,15,451,24,525,475
44,1000,10,7.7,28,58,955,26,8,11,45,8.270941255,91,108,9.958623808,8.859593055,7.656699395,8.971992456,514,19,441,26,533,467
47,1000,10,7.7,28,40,952,27,16,5,48,7.826356656,96,109,10.30314065,8.768212389,6.991425593,8.612650958,471,14,481,34,485,515
45,1000,10,7.7,28,54,948,34,14,4,52,8.138690674,86,102,10.46150735,8.943327211,7.419882406,8.869092624,483,21,465,31,504,496
42,1000,10,7.7,28,75,948,37,8,7,52,8.669987499,80,111,10.53988691,9.124800587,8.343226577,9.018352448,494,22,454,30,516,484
46,1000,10,7.7,28,54,952,29,6,13,48,8.153679133,97,107,10.30803569,8.87236502,7.431996751,8.796235658,457,14,495,34,471,529
41,1000,10,7.7,28,71,957,27,9,7,43,8.214514916,98,125,10.56283769,9.410922532,7.730415859,8.685246345,477,16,480,27,493,507
43,1000,10,7.7,28,62,961,24,9,6,39,8.048832936,109,115,10.59479312,8.968240275,7.821086975,8.300552157,511,14,450,25,525,475
44,1000,10,7.7,28,59,955,26,8,11,45,8.303990264,94,101,9.941001895,8.865561561,7.675734314,9.021036134,514,19,441,26,533,467
40,1000,10,7.7,28,75,963,22,9,6,37,8.383795167,105,105,10.60525015,9.226970625,8.139134889,8.616986994,473,15,490,22,488,512
47,1000,10,7.7,28,41,951,28,16,5,49,7.844881478,110,107,10.29291066,8.765037984,6.999400347,8.641111282,470,15,481,34,485,515
42,1000,10,7.7,28,76,947,38,8,7,53,8.719404767,80,104,10.53359389,9.123139159,8.392703227,9.06770641,494,22,453,31,516,484
45,1000,10,7.7,28,55,948,34,14,4,52,8.167979095,70,100,10.46796727,8.938536287,7.43403178,8.913764269,483,21,465,31,504,496
41,1000,10,7.7,28,72,956,28,8,8,44,8.241169766,98,110,10.56054611,9.413143283,7.763343401,8.705801713,476,17,480,27,493,507
46,1000,10,7.7,28,55,952,28,7,13,48,8.224265549,90,107,10.32598303,8.858764341,7.47962137,8.887266321,457,14,495,34,471,529
43,1000,10,7.7,28,63,958,26,10,6,42,8.088750119,86,106,10.59598177,8.973289945,7.842653717,8.360751406,510,15,448,27,525,475
44,1000,10,7.7,28,60,955,26,8,11,45,8.304198115,88,89,9.929759383,8.851660574,7.665716233,9.032915123,514,19,441,26,533,467
40,1000,10,7.7,28,76,962,23,9,6,38,8.395624451,110,130,10.60978318,9.259349306,8.148717683,8.630957465,473,15,489,23,488,512
47,1000,10,7.7,28,42,949,30,16,5,51,7.860142117,103,113,10.29126504,8.773347029,6.999740504,8.670423247,468,17,481,34,485,515
42,1000,10,7.7,28,77,950,35,8,7,50,8.72997008,99,141,10.54566014,9.147686201,8.420464227,9.059939131,495,21,455,29,516,484
45,1000,10,7.7,28,56,948,33,15,4,52,8.198345751,94,103,10.47614884,8.950213195,7.425952579,8.983196877,483,21,465,31,504,496
41,1000,10,7.7,28,73,956,28,8,8,44,8.248220046,108,104,10.57149514,9.412582392,7.800338024,8.683734517,476,17,480,27,493,507
46,1000,10,7.7,28,56,952,28,7,13,48,8.254788379,92,111,10.32479906,8.860611367,7.537031414,8.893849873,457,14,495,34,471,529
43,1000,10,7.7,28,64,958,26,10,6,42,8.100326475,91,104,10.60117048,8.979922603,7.853654233,8.372964215,510,15,448,27,525,475
44,1000,10,7.7,28,61,954,27,8,11,46,8.32566524,91,112,9.940919114,8.859318152,7.714932673,9.022711189,514,19,440,27,533,467
42,1000,10,7.7,28,78,950,35,8,7,50,8.739636806,103,110,10.55542714,9.148644669,8.423829017,9.076324449,495,21,455,29,516,484
40,1000,10,7.7,28,77,963,21,10,6,37,8.399072007,90,122,10.61489937,9.254777366,8.136641167,8.649201402,473,15,490,22,488,512
47,1000,10,7.7,28,43,951,28,16,5,49,7.872417942,88,117,10.280932,8.78820945,7.00931158,8.685246263,470,15,481,34,485,515
45,1000,10,7.7,28,57,948,33,15,4,52,8.213823477,95,114,10.48238705,8.939866643,7.43451204,9.005704453,483,21,465,31,504,496
41,1000,10,7.7,28,74,955,29,7,9,45,8.276742212,109,97,10.5700894,9.414941252,7.840013999,8.701410868,475,18,480,27,493,507
46,1000,10,7.7,28,57,951,29,7,13,49,8.266949958,88,107,10.35272258,8.88591856,7.590172991,8.869524536,457,14,494,35,471,529
43,1000,10,7.7,28,65,959,26,8,7,41,8.119028578,101,106,10.62121667,8.9736613,7.847139378,8.419537694,511,14,448,27,525,475
44,1000,10,7.7,28,62,954,27,8,11,46,8.338203597,116,89,9.936960698,8.861612605,7.697412,9.069556748,514,19,440,27,533,467
42,1000,10,7.7,28,79,952,34,7,7,48,8.72985133,108,105,10.5772758,9.156719651,8.430450429,9.049047331,494,22,458,26,516,484
47,1000,10,7.7,28,44,952,28,16,4,48,7.905689349,84,108,10.28990713,8.794837186,7.023960899,8.736054977,471,14,481,34,485,515
40,1000,10,7.7,28,78,963,21,10,6,37,8.404693946,101,114,10.62455707,9.275645146,8.157343894,8.640449463,473,15,490,22,488,512
45,1000,10,7.7,28,58,949,33,14,4,51,8.187108876,89,98,10.49964515,8.953100093,7.386788651,9.00033749,484,20,465,31,504,496
41,1000,10,7.7,28,75,954,30,7,9,46,8.277302672,79,111,10.59218672,9.412745433,7.846476267,8.69623249,475,18,479,28,493,507
43,1000,10,7.7,28,66,958,28,7,7,42,8.122336857,109,93,10.6092201,8.989074752,7.891971526,8.37695117,510,15,448,27,525,475
46,1000,10,7.7,28,58,953,28,7,12,47,8.250538691,99,97,10.36267263,8.874649038,7.636747213,8.797033562,457,14,496,33,471,529
42,1000,10,7.7,28,80,952,34,7,7,48,8.778408341,104,121,10.58438549,9.171628352,8.486521157,9.089593851,494,22,458,26,516,484
44,1000,10,7.7,28,63,953,28,8,11,47,8.3866067,100,105,9.957118439,8.863957711,7.73108313,9.134773858,514,19,439,28,533,467
47,1000,10,7.7,28,45,951,29,16,4,49,7.901657856,81,105,10.30005058,8.804263206,7.033819694,8.718942338,471,14,480,35,485,515
40,1000,10,7.7,28,79,963,22,9,6,37,8.442461153,97,114,10.60644291,9.263803299,8.227567849,8.647281332,472,16,491,21,488,512
45,1000,10,7.7,28,59,950,34,12,4,50,8.226438342,83,107,10.4989211,8.971183909,7.446170136,9.01929152,484,20,466,30,504,496
41,1000,10,7.7,28,76,952,30,9,9,48,8.288570389,92,118,10.59848634,9.417698573,7.845258462,8.719640962,474,19,478,29,493,507
42,1000,10,7.7,28,81,955,31,7,7,45,8.791975691,103,104,10.58804258,9.174200645,8.495695808,9.107844326,495,21,460,24,516,484
43,1000,10,7.7,28,67,959,28,7,6,41,8.130208534,84,108,10.64488575,8.981470923,7.90703898,8.376869619,510,15,449,26,525,475
46,1000,10,7.7,28,59,952,29,7,12,48,8.298159578,97,103,10.35644739,8.859035063,7.647412844,8.877557899,456,15,496,33,471,529
44,1000,10,7.7,28,64,952,29,9,10,48,8.420728584,86,129,9.965459294,8.88380888,7.735596041,9.202689281,514,19,438,29,533,467
47,1000,10,7.7,28,46,951,29,16,4,49,7.929861951,90,100,10.27585863,8.818056972,7.078458898,8.731668709,471,14,480,35,485,515
45,1000,10,7.7,28,60,950,34,12,4,50,8.240083104,97,103,10.50007384,8.971431216,7.477340173,9.015128341,484,20,466,30,504,496
40,1000,10,7.7,28,80,962,23,9,6,38,8.446844506,102,95,10.61249035,9.280031784,8.215977415,8.666889702,471,17,491,21,488,512
42,1000,10,7.7,28,82,955,31,7,7,45,8.838153206,84,115,10.60491833,9.17950446,8.53315577,9.163315762,495,21,460,24,516,484
41,1000,10,7.7,28,77,953,30,9,8,47,8.328495426,86,106,10.60299881,9.418201168,7.884877909,8.759863149,475,18,478,29,493,507
43,1000,10,7.7,28,68,958,29,7,6,42,8.156079928,82,111,10.6351517,8.967761488,7.920049397,8.416955778,510,15,448,27,525,475
46,1000,10,7.7,28,60,950,31,7,12,50,8.294428411,88,125,10.35967326,8.874264974,7.662608813,8.856974783,454,17,496,33,471,529
44,1000,10,7.7,28,65,951,29,9,11,49,8.45283605,114,104,9.960500889,8.889800452,7.75038644,9.254561193,514,19,437,30,533,467
47,1000,10,7.7,28,47,951,29,16,4,49,7.9176472,95,110,10.29055343,8.80328558,7.045085647,8.739379924,471,14,480,35,485,515
45,1000,10,7.7,28,61,950,34,12,4,50,8.262412737,95,116,10.51994278,8.966311424,7.494873396,9.042331745,484,20,466,30,504,496
42,1000,10,7.7,28,83,955,31,7,7,45,8.851536628,105,103,10.5965058,9.185835731,8.561625779,9.160615137,495,21,460,24,516,484
40,1000,10,7.7,28,81,961,24,9,6,39,8.466808491,98,126,10.62728971,9.27951986,8.237266716,8.685590495,471,17,490,22,488,512
41,1000,10,7.7,28,78,953,30,9,8,47,8.332400755,95,108,10.59323347,9.411172374,7.936306984,8.717557026,475,18,478,29,493,507
43,1000,10,7.7,28,69,958,29,7,6,42,8.210098151,89,114,10.65065771,8.966871402,7.98705333,8.456621375,510,15,448,27,525,475
46,1000,10,7.7,28,61,948,33,7,12,52,8.329646742,99,107,10.34706382,8.886609455,7.715826224,8.876167467,453,18,495,34,471,529
44,1000,10,7.7,28,66,950,28,11,11,50,8.503945869,96,103,9.963473523,8.88053493,7.813135571,9.292386745,514,19,436,31,533,467
47,1000,10,7.7,28,48,949,31,16,4,51,7.939962564,84,112,10.29058377,8.804902708,7.045254314,8.782551887,472,13,477,38,485,515
45,1000,10,7.7,28,62,952,32,12,4,48,8.289135038,87,126,10.52870299,8.981042861,7.53729,9.053106608,484,20,468,28,504,496
42,1000,10,7.7,28,84,955,31,7,7,45,8.887696051,91,109,10.61822353,9.18865394,8.60443235,9.189687931,495,21,460,24,516,484
40,1000,10,7.7,28,82,961,24,9,6,39,8.478119138,77,107,10.61721359,9.290012017,8.262181914,8.683934304,471,17,490,22,488,512
41,1000,10,7.7,28,79,951,32,8,9,49,8.365182598,88,104,10.60282176,9.422541531,7.989458753,8.730531425,474,19,477,30,493,507
43,1000,10,7.7,28,70,958,28,8,6,42,8.229109474,84,114,10.63765721,8.985445044,8.006715986,8.474912803,510,15,448,27,525,475
46,1000,10,7.7,28,62,949,33,6,12,51,8.328255616,86,99,10.36906819,8.876602402,7.717404144,8.872132825,453,18,496,33,471,529
44,1000,10,7.7,28,67,949,29,12,10,51,8.555903408,74,109,9.972567351,8.88225893,7.83848997,9.374707181,514,19,435,32,533,467
47,1000,10,7.7,28,49,949,31,16,4,51,7.952478316,93,117,10.30014195,8.81243897,7.066676678,8.786679859,472,13,477,38,485,515
42,1000,10,7.7,28,85,955,30,8,7,45,8.956342353,97,108,10.61823545,9.207980165,8.682449148,9.248344199,495,21,460,24,516,484
45,1000,10,7.7,28,63,951,33,12,4,49,8.308634201,90,131,10.5343,8.976460044,7.522129753,9.107824206,484,20,467,29,504,496
41,1000,10,7.7,28,80,953,32,8,7,47,8.353576018,93,105,10.60568013,9.435110247,8.00829308,8.689324515,475,18,478,29,493,507
43,1000,10,7.7,28,71,956,30,7,7,44,8.263804701,98,98,10.64002579,8.984492774,8.057477476,8.491850581,509,16,447,28,525,475
40,1000,10,7.7,28,83,961,24,9,6,39,8.493574086,101,101,10.63650887,9.314048795,8.288647357,8.688894875,471,17,490,22,488,512
46,1000,10,7.7,28,63,949,34,6,11,51,8.332115248,116,113,10.4059584,8.89331794,7.677157736,8.915262674,453,18,496,33,471,529
44,1000,10,7.7,28,68,952,27,11,10,48,8.549403981,98,104,9.978732707,8.881102101,7.804710439,9.399343292,516,17,436,31,533,467
47,1000,10,7.7,28,50,950,30,16,4,50,7.962443373,103,120,10.30202769,8.800584327,7.074417198,8.798739867,472,13,478,37,485,515
42,1000,10,7.7,28,86,955,29,8,8,45,8.989413133,99,132,10.65933512,9.210555974,8.685017149,9.313934472,496,20,459,25,516,484
45,1000,10,7.7,28,64,951,32,13,4,49,8.304941511,98,111,10.52512363,8.968959484,7.573598817,9.048080054,484,20,467,29,504,496
41,1000,10,7.7,28,81,952,33,8,7,48,8.36084805,120,116,10.63341441,9.447076587,8.02182148,8.69051294,475,18,477,30,493,507
43,1000,10,7.7,28,72,954,32,7,7,46,8.305403851,87,119,10.65868979,8.99656816,8.080103249,8.554420307,509,16,445,30,525,475
46,1000,10,7.7,28,64,950,33,6,11,50,8.382825993,96,113,10.41691537,8.877985454,7.765929447,8.932085489,452,19,498,31,471,529
40,1000,10,7.7,28,84,961,25,8,6,39,8.506346857,103,114,10.63932538,9.306871386,8.325812194,8.678418957,470,18,491,21,488,512
44,1000,10,7.7,28,69,950,29,12,9,50,8.555079749,92,108,9.983779626,8.896866077,7.836598206,9.375102581,514,19,436,31,533,467
42,1000,10,7.7,28,87,955,29,8,8,45,9.010724213,100,106,10.66183094,9.212268668,8.722804505,9.317679936,496,20,459,25,516,484
47,1000,10,7.7,28,51,950,30,15,5,50,7.990713137,92,112,10.31220569,8.804628573,7.053856261,8.872995827,472,13,478,37,485,515
45,1000,10,7.7,28,65,951,32,13,4,49,8.318933435,99,97,10.54000291,8.971892378,7.612258418,9.037006437,484,20,467,29,504,496
41,1000,10,7.7,28,82,952,33,8,7,48,8.408091002,113,131,10.63624143,9.450500194,8.065699901,8.741027518,475,18,477,30,493,507
43,1000,10,7.7,28,73,953,33,7,7,47,8.309191021,87,103,10.67975305,9.006751826,8.081015747,8.561384746,509,16,444,31,525,475
46,1000,10,7.7,28,65,951,33,5,11,49,8.379781088,98,112,10.42216183,8.895620972,7.750496236,8.940070625,453,18,498,31,471,529
44,1000,10,7.7,28,70,950,29,12,9,50,8.569099342,88,96,10.00126652,8.909052511,7.862736783,9.375290441,513,20,437,30,533,467
42,1000,10,7.7,28,88,954,30,8,8,46,9.070195522,88,95,10.6632987,9.201131513,8.777992754,9.381717481,495,21,459,25,516,484
40,1000,10,7.7,28,85,961,25,7,7,39,8.543161881,97,114,10.63996865,9.312451519,8.36729978,8.710780446,470,18,491,21,488,512
47,1000,10,7.7,28,52,951,29,15,5,49,8.015960639,90,88,10.31663834,8.81281673,7.078926811,8.898409973,473,12,478,37,485,515
45,1000,10,7.7,28,66,952,31,13,4,48,8.322734663,96,106,10.55157687,8.977801965,7.614487975,9.042404686,484,20,468,28,504,496
41,1000,10,7.7,28,83,952,34,8,6,48,8.396176478,100,110,10.65276094,9.472903027,8.09879313,8.685348056,475,18,477,30,493,507
43,1000,10,7.7,28,74,952,33,8,7,48,8.331105904,104,115,10.69542412,9.011712274,8.066412656,8.6236616,509,16,443,32,525,475
46,1000,10,7.7,28,66,949,35,5,11,51,8.405646778,96,110,10.44460897,8.904217055,7.75868925,8.981671343,453,18,496,33,471,529
42,1000,10,7.7,28,89,954,31,7,8,46,9.074087609,83,102,10.64843022,9.178271449,8.756987719,9.41215278,495,21,459,25,516,484
44,1000,10,7.7,28,71,950,29,11,10,50,8.574438778,108,109,10.01033438,8.91183497,7.861363788,9.388290962,513,20,437,30,533,467
40,1000,10,7.7,28,86,961,24,7,8,39,8.573938765,92,110,10.64027912,9.30950592,8.401670955,8.738131521,470,18,491,21,488,512
47,1000,10,7.7,28,53,951,29,15,5,49,8.022720135,85,100,10.3209914,8.828679937,7.056207826,8.932930757,473,12,478,37,485,515
45,1000,10,7.7,28,67,951,33,13,3,49,8.345797048,105,113,10.53896646,8.966793195,7.633553766,9.069528124,484,20,467,29,504,496
41,1000,10,7.7,28,84,953,33,8,6,47,8.39158715,94,100,10.67467501,9.461223087,8.083698537,8.690973908,475,18,478,29,493,507
43,1000,10,7.7,28,75,952,33,8,7,48,8.364810284,109,116,10.72790431,9.008980265,8.107807486,8.648866007,509,16,443,32,525,475
42,1000,10,7.7,28,90,952,33,7,8,48,9.110456584,95,120,10.65139563,9.167650802,8.796271196,9.44541456,494,22,458,26,516,484
46,1000,10,7.7,28,67,947,37,5,11,53,8.418313734,100,113,10.44064653,8.902673339,7.78936187,8.978306792,452,19,495,34,471,529
44,1000,10,7.7,28,72,950,29,11,10,50,8.560763919,92,87,10.02247317,8.905908001,7.832342575,9.392131321,513,20,437,30,533,467
47,1000,10,7.7,28,54,951,30,15,4,49,7.992272074,94,106,10.33389701,8.833554907,6.980387932,8.945211509,474,11,477,38,485,515
40,1000,10,7.7,28,87,958,25,7,10,42,8.59446224,107,98,10.64360139,9.310048165,8.424206003,8.756737716,467,21,491,21,488,512
45,1000,10,7.7,28,68,952,32,13,3,48,8.343928947,102,130,10.52575889,8.975302926,7.616880345,9.082704141,484,20,468,28,504,496
41,1000,10,7.7,28,85,953,33,8,6,47,8.400635816,95,105,10.68224611,9.474968055,8.080327785,8.71209905,476,17,477,30,493,507
42,1000,10,7.7,28,91,952,34,6,8,48,9.135628448,98,110,10.66587747,9.163044823,8.777615674,9.517311488,494,22,458,26,516,484
43,1000,10,7.7,28,76,953,33,7,7,47,8.367078244,113,112,10.75043622,9.008486212,8.077475169,8.687165853,510,15,443,32,525,475
46,1000,10,7.7,28,68,946,38,5,11,54,8.415967317,104,97,10.45052282,8.904235182,7.782033556,8.980396053,452,19,494,35,471,529
44,1000,10,7.7,28,73,950,29,11,10,50,8.576957843,93,92,10.02804676,8.929306889,7.806195503,9.456650192,514,19,436,31,533,467
47,1000,10,7.7,28,55,951,29,15,5,49,8.043808991,87,118,10.34112218,8.829337221,7.01535339,9.012354557,475,10,476,39,485,515
45,1000,10,7.7,28,69,951,33,13,3,49,8.403092333,93,116,10.53319426,8.987575717,7.690366733,9.127313508,483,21,468,28,504,496
40,1000,10,7.7,28,88,957,26,6,11,43,8.606787177,112,114,10.64213418,9.312226833,8.480165237,8.727473714,466,22,491,21,488,512
42,1000,10,7.7,28,92,951,35,6,8,49,9.17390461,107,109,10.67625081,9.14508926,8.800565655,9.571927132,494,22,457,27,516,484
41,1000,10,7.7,28,86,953,33,7,7,47,8.412260134,111,118,10.68892036,9.47703627,8.113257088,8.703006686,476,17,477,30,493,507
43,1000,10,7.7,28,77,952,33,8,7,48,8.390181842,88,115,10.76179887,8.990617337,8.103629437,8.706897659,509,16,443,32,525,475
44,1000,10,7.7,28,74,950,29,11,10,50,8.59476538,97,98,10.03756654,8.942321267,7.824593677,9.473783619,514,19,436,31,533,467
46,1000,10,7.7,28,69,946,38,5,11,54,8.437578937,92,100,10.45639257,8.899041927,7.780094977,9.02297581,452,19,494,35,471,529
47,1000,10,7.7,28,56,951,29,15,5,49,8.058189146,92,120,10.36149302,8.821153946,7.049077365,9.008517715,475,10,476,39,485,515
45,1000,10,7.7,28,70,949,34,13,4,51,8.403539584,95,117,10.5630421,9.013997943,7.719992381,9.098111741,482,22,467,29,504,496
42,1000,10,7.7,28,93,950,36,6,8,50,9.218367344,107,107,10.68356479,9.136015093,8.836795131,9.625167472,493,23,457,27,516,484
40,1000,10,7.7,28,89,957,26,6,11,43,8.621604214,83,135,10.65567204,9.320760414,8.496318457,8.741017201,466,22,491,21,488,512
41,1000,10,7.7,28,87,953,33,7,7,47,8.420765642,96,101,10.69397072,9.485828454,8.118447885,8.714735375,476,17,477,30,493,507
43,1000,10,7.7,28,78,953,32,8,7,47,8.393316439,98,104,10.74535127,8.992216333,8.104331575,8.712720763,509,16,444,31,525,475
44,1000,10,7.7,28,75,949,29,12,10,51,8.613695911,102,131,10.03759702,8.94281308,7.900774003,9.427373378,513,20,436,31,533,467
46,1000,10,7.7,28,70,946,38,5,11,54,8.451911756,89,111,10.45637614,8.892022352,7.798947225,9.033284713,452,19,494,35,471,529
47,1000,10,7.7,28,57,953,28,13,6,47,8.076533596,96,104,10.36558153,8.826905169,7.112478872,8.984429792,475,10,478,37,485,515
45,1000,10,7.7,28,71,950,33,13,4,50,8.42963885,104,128,10.58316444,9.030945256,7.777501036,9.092295015,481,23,469,27,504,496
42,1000,10,7.7,28,94,951,37,5,7,49,9.198903671,86,129,10.66178936,9.13902682,8.834536661,9.587361062,492,24,459,25,516,484
40,1000,10,7.7,28,90,958,24,6,12,42,8.663299131,99,101,10.66339364,9.333214741,8.519431357,8.800423103,467,21,491,21,488,512
41,1000,10,7.7,28,88,952,34,7,7,48,8.442179533,96,109,10.67593639,9.489185907,8.146055396,8.730126673,476,17,476,31,493,507
43,1000,10,7.7,28,79,952,33,9,6,48,8.383542836,75,115,10.772324,9.003755724,8.050440515,8.75170856,509,16,443,32,525,475
44,1000,10,7.7,28,76,948,30,11,11,52,8.634679033,105,103,10.06330302,8.945877453,7.902777218,9.470018792,513,20,435,32,533,467
46,1000,10,7.7,28,71,947,37,6,10,53,8.445663625,92,114,10.48808039,8.911521916,7.794790713,9.025174289,452,19,495,34,471,529
47,1000,10,7.7,28,58,952,29,13,6,48,8.105583397,89,120,10.35692616,8.828125419,7.154236755,9.001511787,475,10,477,38,485,515
42,1000,10,7.7,28,95,953,36,4,7,47,9.148259781,99,124,10.66732836,9.14278008,8.775775461,9.545371163,493,23,460,24,516,484
45,1000,10,7.7,28,72,951,31,14,4,49,8.459656629,105,101,10.6037819,9.030782366,7.805852057,9.124006436,483,21,468,28,504,496
41,1000,10,7.7,28,89,953,33,7,7,47,8.476535068,104,99,10.68092865,9.493549847,8.156655342,8.787581824,478,15,475,32,493,507
40,1000,10,7.7,28,91,960,23,6,11,40,8.670907813,94,116,10.68651863,9.323817783,8.530116371,8.805099656,467,21,493,19,488,512
43,1000,10,7.7,28,80,952,33,9,6,48,8.423697482,96,120,10.77722656,9.016176576,8.065286653,8.819835767,508,17,444,31,525,475
44,1000,10,7.7,28,77,949,30,10,11,51,8.66957941,90,110,10.06754005,8.955368107,7.933056872,9.510192928,513,20,436,31,533,467
46,1000,10,7.7,28,72,945,38,7,10,55,8.507566039,110,117,10.50395878,8.896852964,7.846490659,9.096160565,452,19,493,36,471,529
42,1000,10,7.7,28,96,953,36,4,7,47,9.186360185,94,120,10.67916271,9.142035463,8.843193809,9.552215248,493,23,460,24,516,484
47,1000,10,7.7,28,59,952,29,13,6,48,8.109075615,81,120,10.35874311,8.823956949,7.167336241,8.995956384,475,10,477,38,485,515
45,1000,10,7.7,28,73,952,30,14,4,48,8.47766751,103,120,10.61922475,9.033792428,7.818320652,9.147648995,483,21,469,27,504,496
41,1000,10,7.7,28,90,953,33,7,7,47,8.503296401,99,115,10.67497475,9.478450603,8.217395355,8.781302744,477,16,476,31,493,507
43,1000,10,7.7,28,81,952,30,12,6,48,8.490059625,93,119,10.78346413,9.023970634,8.111887305,8.908039559,508,17,444,31,525,475
40,1000,10,7.7,28,92,958,25,6,11,42,8.709480038,98,99,10.70565648,9.326514062,8.582630625,8.830383385,465,23,493,19,488,512
44,1000,10,7.7,28,78,949,29,11,11,51,8.67896085,83,115,10.06773115,8.955770522,7.927514628,9.536607181,513,20,436,31,533,467
46,1000,10,7.7,28,73,944,38,8,10,56,8.540386204,101,100,10.50475917,8.899139462,7.885614913,9.123367826,452,19,492,37,471,529
42,1000,10,7.7,28,97,951,37,4,8,49,9.197728298,91,95,10.68471249,9.158553325,8.859759811,9.558041809,493,23,458,26,516,484
47,1000,10,7.7,28,60,953,28,13,6,47,8.131405279,96,111,10.36428365,8.836125484,7.171473718,9.035418497,475,10,478,37,485,515
45,1000,10,7.7,28,74,950,31,15,4,50,8.50445838,84,127,10.62377889,9.039674069,7.879691258,9.139302391,479,25,471,25,504,496
41,1000,10,7.7,28,91,951,35,7,7,49,8.521554414,103,131,10.69500016,9.487183054,8.22400431,8.810888144,476,17,475,32,493,507
43,1000,10,7.7,28,82,951,30,13,6,49,8.512649628,78,121,10.79242305,9.043069153,8.130520497,8.935002879,507,18,444,31,525,475
44,1000,10,7.7,28,79,949,28,12,11,51,8.698203006,99,89,10.08950057,8.963788371,7.91975524,9.586666944,513,20,436,31,533,467
40,1000,10,7.7,28,93,958,25,6,11,42,8.720680462,101,131,10.72468238,9.333069683,8.58657382,8.848500855,465,23,493,19,488,512
46,1000,10,7.7,28,74,943,39,8,10,57,8.553060467,88,102,10.49596595,8.900001729,7.898442198,9.135905845,452,19,491,38,471,529
42,1000,10,7.7,28,98,951,37,4,8,49,9.231391853,92,114,10.68328071,9.163637191,8.894642379,9.590405754,493,23,458,26,516,484
47,1000,10,7.7,28,61,951,29,14,6,49,8.184113189,93,111,10.38925588,8.835024088,7.192883006,9.117601807,475,10,476,39,485,515
45,1000,10,7.7,28,75,949,31,16,4,51,8.557751744,85,109,10.63453541,9.04394658,7.962044077,9.1630676,478,26,471,25,504,496
41,1000,10,7.7,28,92,951,35,7,7,49,8.543735171,97,117,10.70389944,9.480477192,8.240848033,8.838258562,476,17,475,32,493,507
43,1000,10,7.7,28,83,949,32,13,6,51,8.53050119,83,115,10.79361218,9.042998712,8.120687682,8.983452962,507,18,442,33,525,475
44,1000,10,7.7,28,80,949,28,12,11,51,8.733034608,80,106,10.09654732,8.965479577,7.937555634,9.640936735,513,20,436,31,533,467
42,1000,10,7.7,28,99,950,38,4,8,50,9.224445675,101,116,10.68486745,9.17599338,8.908169753,9.561632401,492,24,458,26,516,484
46,1000,10,7.7,28,75,942,40,8,10,58,8.566395198,92,130,10.48631411,8.929081974,7.918998642,9.142810657,452,19,490,39,471,529
40,1000,10,7.7,28,94,956,25,7,12,44,8.742531758,92,111,10.74319443,9.331110981,8.62565249,8.853932311,465,23,491,21,488,512
47,1000,10,7.7,28,62,952,28,14,6,48,8.170700909,97,115,10.39711857,8.853228595,7.190522161,9.093781866,475,10,477,38,485,515
45,1000,10,7.7,28,76,948,32,16,4,52,8.574113996,100,123,10.64619709,9.059261566,7.986231594,9.171478372,477,27,471,25,504,496
41,1000,10,7.7,28,93,950,36,7,7,50,8.570781736,107,114,10.71544963,9.479042248,8.27337211,8.859978867,476,17,474,33,493,507
42,1000,10,7.7,28,100,949,38,5,8,51,9.282496986,85,118,10.67799053,9.157474172,8.949409985,9.637606267,492,24,457,27,516,484
43,1000,10,7.7,28,84,949,32,13,6,51,8.538330987,88,119,10.81560051,9.058475088,8.144686032,8.973412254,507,18,442,33,525,475
44,1000,10,7.7,28,81,950,26,13,11,50,8.73125709,94,105,10.09004384,8.977830438,7.931332338,9.644233307,513,20,437,30,533,467
46,1000,10,7.7,28,76,942,40,8,10,58,8.624961951,93,105,10.49861985,8.931837513,7.992449878,9.188124874,452,19,490,39,471,529
40,1000,10,7.7,28,95,957,24,7,12,43,8.747765292,118,119,10.73591461,9.327402466,8.609452512,8.879594659,466,22,491,21,488,512
47,1000,10,7.7,28,63,952,27,15,6,48,8.195050153,97,106,10.40816205,8.852934197,7.219349904,9.113913493,475,10,477,38,485,515
45,1000,10,7.7,28,77,948,32,16,4,52,8.611735909,90,117,10.63460327,9.071625859,8.004239753,9.22903039,477,27,471,25,504,496
41,1000,10,7.7,28,94,951,36,7,6,49,8.579160882,95,112,10.71459236,9.481510114,8.314139917,8.836863713,476,17,475,32,493,507
42,1000,10,7.7,28,101,947,40,5,8,53,9.299233436,104,106,10.70466289,9.171424363,8.996958795,9.621493177,491,25,456,28,516,484
43,1000,10,7.7,28,85,949,32,14,5,51,8.572413621,98,117,10.82961234,9.056410507,8.172688874,9.014214657,507,18,442,33,525,475
44,1000,10,7.7,28,82,948,28,13,11,52,8.77487267,127,116,10.10367853,8.970703645,7.983748437,9.67780461,512,21,436,31,533,467
46,1000,10,7.7,28,77,943,39,8,10,57,8.672263006,82,95,10.51839665,8.925865263,8.04003676,9.235171441,453,18,490,39,471,529
40,1000,10,7.7,28,96,957,24,7,12,43,8.787461772,96,123,10.74964853,9.327394951,8.645135325,8.923116666,466,22,491,21,488,512
47,1000,10,7.7,28,64,951,28,14,7,49,8.207946743,93,114,10.43498136,8.855089875,7.218784145,9.139488218,475,10,476,39,485,515
45,1000,10,7.7,28,78,951,30,15,4,49,8.615842016,91,109,10.63213781,9.07345934,8.01154284,9.229887953,478,26,473,23,504,496
41,1000,10,7.7,28,95,951,36,7,6,49,8.603736554,107,113,10.7160406,9.489039467,8.346277209,8.854086567,475,18,476,31,493,507
42,1000,10,7.7,28,102,946,41,4,9,54,9.327466336,108,98,10.69905387,9.188048145,9.074662837,9.596984115,491,25,455,29,516,484
43,1000,10,7.7,28,86,950,31,14,5,50,8.585606852,87,109,10.83338734,9.046105533,8.147395412,9.069945813,508,17,442,33,525,475
44,1000,10,7.7,28,83,950,28,11,11,50,8.802175439,87,100,10.10727747,8.970652592,8.035444631,9.67726649,512,21,438,29,533,467
46,1000,10,7.7,28,78,944,39,8,9,56,8.678697182,107,120,10.51876627,8.928086406,8.030921526,9.255450175,454,17,490,39,471,529
47,1000,10,7.7,28,65,951,29,13,7,49,8.227729317,90,106,10.45070796,8.847989714,7.232261248,9.165208955,475,10,476,39,485,515
40,1000,10,7.7,28,97,954,28,7,11,46,8.792164119,100,114,10.76125189,9.33183456,8.655816448,8.922120493,465,23,489,23,488,512
45,1000,10,7.7,28,79,948,33,15,4,52,8.67243228,85,106,10.63852121,9.059039286,8.022647531,9.332697429,477,27,471,25,504,496
41,1000,10,7.7,28,96,952,35,7,6,48,8.615243703,91,110,10.74359888,9.448890518,8.387721394,8.836483345,475,18,477,30,493,507
42,1000,10,7.7,28,103,947,40,4,9,53,9.334745336,95,106,10.72121115,9.182365553,9.110443702,9.573876831,491,25,456,28,516,484
43,1000,10,7.7,28,87,950,30,14,6,50,8.639449979,98,121,10.84157558,9.057132471,8.181908852,9.14515333,508,17,442,33,525,475
44,1000,10,7.7,28,84,947,31,11,11,53,8.849230035,108,105,10.11813487,8.962336202,8.102192374,9.701844753,511,22,436,31,533,467
46,1000,10,7.7,28,79,943,39,9,9,57,8.72811576,89,109,10.53351925,8.945189305,8.105831099,9.282172613,454,17,489,40,471,529
47,1000,10,7.7,28,66,950,30,11,9,50,8.2776644,77,115,10.44632247,8.858868187,7.277689298,9.219388526,475,10,475,40,485,515
42,1000,10,7.7,28,104,948,39,4,9,52,9.343626032,105,114,10.70911844,9.178557436,9.122098641,9.579799862,491,25,457,27,516,484
48,1000,10,7.7,28,0,934,35,15,16,66,7.24,94,117,9.915791946,9.042816859,6.603585657,7.881526104,469,33,465,33,502,498
40,1000,10,7.7,28,98,954,28,7,11,46,8.801492942,120,117,10.77370646,9.342814222,8.67185006,8.925058814,465,23,489,23,488,512
41,1000,10,7.7,28,97,953,34,7,6,47,8.614018377,102,105,10.73717011,9.458552699,8.414052044,8.808462957,475,18,478,29,493,507
45,1000,10,7.7,28,80,947,33,16,4,53,8.707375483,97,115,10.63967051,9.065366075,8.090650963,9.334047174,477,27,470,26,504,496
43,1000,10,7.7,28,88,951,30,13,6,49,8.687640769,107,128,10.84497676,9.059854913,8.219402235,9.20516757,508,17,443,32,525,475
44,1000,10,7.7,28,85,945,31,13,11,55,8.858619547,99,100,10.13016478,8.963722527,8.108957474,9.71422958,510,23,435,32,533,467
46,1000,10,7.7,28,80,943,40,8,9,57,8.746128721,84,122,10.54117136,8.936041467,8.137276057,9.288226273,454,17,489,40,471,529
47,1000,10,7.7,28,67,948,30,13,9,52,8.285592572,101,104,10.47366869,8.870064949,7.298914515,9.214794237,474,11,474,41,485,515
41,1000,10,7.7,28,98,955,32,7,6,45,8.620312415,98,116,10.74422089,9.493461685,8.431178791,8.804223415,476,17,479,28,493,507
48,1000,10,7.7,28,1,936,32,16,16,64,7.318741328,100,104,9.930508663,9.055568145,6.677918065,7.964711766,470,32,466,32,502,498
45,1000,10,7.7,28,81,945,34,18,3,55,8.73835625,113,106,10.62606578,9.081142909,8.158984486,9.327072719,476,28,469,27,504,496
40,1000,10,7.7,28,99,954,28,7,11,46,8.801939441,100,112,10.77907279,9.342856885,8.718874679,8.881110542,464,24,490,22,488,512
44,1000,10,7.7,28,86,946,30,14,10,54,8.866461148,98,93,10.13855764,8.949968164,8.143693963,9.691375301,510,23,436,31,533,467
43,1000,10,7.7,28,89,951,30,12,7,49,8.705574332,85,107,10.8268129,9.04395261,8.245652219,9.213909299,508,17,443,32,525,475
46,1000,10,7.7,28,81,944,39,8,9,56,8.754671156,113,107,10.56573253,8.949211518,8.139310542,9.302563121,455,16,489,40,471,529
47,1000,10,7.7,28,68,949,29,13,9,51,8.31140134,93,85,10.46805482,8.879795286,7.318966043,9.246024872,474,11,475,40,485,515
41,1000,10,7.7,28,99,954,33,7,6,46,8.650623126,93,108,10.74150453,9.501696978,8.4875953,8.809149197,475,18,479,28,493,507
48,1000,10,7.7,28,2,937,31,16,16,63,7.360806011,94,103,9.961070409,9.060571855,6.738125475,7.988487997,470,32,467,31,502,498
45,1000,10,7.7,28,82,944,34,18,4,56,8.769572118,95,114,10.61588394,9.083437673,8.206593346,9.341631193,476,28,468,28,504,496
40,1000,10,7.7,28,100,956,25,8,11,44,8.843182806,107,103,10.78949694,9.327140571,8.769866987,8.913061946,465,23,491,21,488,512
44,1000,10,7.7,28,87,946,30,14,10,54,8.890843468,89,94,10.13033791,8.960523966,8.167857293,9.716007562,510,23,436,31,533,467
43,1000,10,7.7,28,90,951,30,11,8,49,8.718812981,88,102,10.83507502,9.054425214,8.269331484,9.21560832,508,17,443,32,525,475
46,1000,10,7.7,28,82,944,39,8,9,56,8.741393821,92,110,10.56332329,8.954745539,8.125139781,9.290081255,455,16,489,40,471,529
47,1000,10,7.7,28,69,948,29,14,9,52,8.356813073,83,100,10.45161261,8.881341421,7.367830492,9.288185019,473,12,475,40,485,515
41,1000,10,7.7,28,100,953,34,6,7,47,8.68162445,95,116,10.75170658,9.498062754,8.520260002,8.838533074,475,18,478,29,493,507
48,1000,10,7.7,28,3,938,30,16,16,62,7.357178977,103,111,9.969093022,9.056750462,6.759096193,7.960065639,470,32,468,30,502,498
45,1000,10,7.7,28,83,944,34,18,4,56,8.784136377,103,102,10.61532253,9.089600047,8.238860315,9.338207213,476,28,468,28,504,496
44,1000,10,7.7,28,88,946,30,14,10,54,8.906028133,105,109,10.14888541,8.938867373,8.223539911,9.684970794,510,23,436,31,533,467
40,1000,10,7.7,28,101,956,24,9,11,44,8.866216058,94,117,10.79994506,9.308853213,8.736840511,8.989527127,465,23,491,21,488,512
43,1000,10,7.7,28,91,951,29,12,8,49,8.762810401,101,111,10.84983914,9.041845113,8.325907205,9.245703408,508,17,443,32,525,475
46,1000,10,7.7,28,83,944,39,8,9,56,8.785170833,107,106,10.57049044,8.973416567,8.181602345,9.32256357,455,16,489,40,471,529
47,1000,10,7.7,28,70,949,29,14,8,51,8.358575298,109,103,10.45078243,8.876157546,7.418690946,9.243709106,473,12,476,39,485,515
41,1000,10,7.7,28,101,953,34,6,7,47,8.670815763,104,132,10.76254924,9.494335696,8.525309463,8.812304138,475,18,478,29,493,507
48,1000,10,7.7,28,4,938,32,15,15,62,7.351699275,95,90,9.963584657,9.053704402,6.727927125,7.980481642,471,31,467,31,502,498
45,1000,10,7.7,28,84,944,34,18,4,56,8.837257288,99,121,10.63217157,9.108849476,8.303452456,9.379671875,476,28,468,28,504,496
44,1000,10,7.7,28,89,945,31,14,10,55,8.935922046,84,125,10.16773911,8.939062557,8.273961351,9.691436071,510,23,435,32,533,467
43,1000,10,7.7,28,92,948,31,13,8,52,8.813799853,89,132,10.84574318,9.036092089,8.416627107,9.252780256,507,18,441,34,525,475
40,1000,10,7.7,28,102,956,24,9,11,44,8.907326177,91,101,10.8181171,9.316626877,8.785948378,9.023014392,465,23,491,21,488,512
46,1000,10,7.7,28,84,943,39,8,10,57,8.792191012,95,109,10.57907334,8.980709339,8.216117289,9.305103533,455,16,488,41,471,529
47,1000,10,7.7,28,71,947,30,14,9,53,8.379977243,87,102,10.4613752,8.879178489,7.445519363,9.260000684,472,13,475,40,485,515
41,1000,10,7.7,28,102,955,32,6,7,45,8.706613971,107,120,10.75852511,9.494527436,8.617352827,8.793410311,475,18,480,27,493,507
48,1000,10,7.7,28,5,938,32,15,15,62,7.385543684,90,94,9.96634359,9.052634983,6.738636703,8.037646705,471,31,467,31,502,498
45,1000,10,7.7,28,85,942,34,19,5,58,8.860313772,106,110,10.65193672,9.111361598,8.336910379,9.392159155,475,29,467,29,504,496
44,1000,10,7.7,28,90,944,32,15,9,56,8.968274688,97,88,10.19550111,8.952563886,8.318151297,9.710278472,510,23,434,33,533,467
43,1000,10,7.7,28,93,946,32,14,8,54,8.862704198,92,122,10.84299825,9.033708388,8.469644902,9.297138157,505,20,441,34,525,475
46,1000,10,7.7,28,85,942,40,8,10,58,8.790421565,97,106,10.56438333,8.977330359,8.232875943,9.286837421,455,16,487,42,471,529
40,1000,10,7.7,28,103,953,27,9,11,47,8.951112391,87,121,10.8184481,9.304894725,8.824574777,9.071718555,464,24,489,23,488,512
41,1000,10,7.7,28,103,955,32,5,8,45,8.743987956,96,101,10.75671889,9.519192082,8.662860537,8.822875169,475,18,480,27,493,507
47,1000,10,7.7,28,72,948,30,13,9,52,8.392000151,86,102,10.47168439,8.897280335,7.457913786,9.271673719,472,13,476,39,485,515
48,1000,10,7.7,28,6,940,30,15,15,60,7.418454859,102,100,9.982159183,9.06459643,6.755945187,8.086285894,472,30,468,30,502,498
45,1000,10,7.7,28,86,943,33,19,5,57,8.887291222,93,96,10.64598536,9.13670278,8.336993017,9.446465204,476,28,467,29,504,496
44,1000,10,7.7,28,91,945,30,16,9,55,8.955888184,95,98,10.21374268,8.965817722,8.308179044,9.695136517,510,23,435,32,533,467
43,1000,10,7.7,28,94,946,33,13,8,54,8.903050615,101,103,10.83853717,9.048264878,8.551933416,9.29112752,504,21,442,33,525,475
46,1000,10,7.7,28,86,941,39,10,10,59,8.835679108,116,134,10.56457871,8.977892952,8.275012305,9.334873936,455,16,486,43,471,529
40,1000,10,7.7,28,104,953,27,9,11,47,8.992854262,104,128,10.84520858,9.299349192,8.877762458,9.102551138,464,24,489,23,488,512
49,1000,10,7.7,28,0,939,28,23,10,61,7.254,91,120,10.40300347,9.019103807,6.423001949,8.12936345,490,23,449,38,513,487
41,1000,10,7.7,28,104,956,31,5,8,44,8.749361576,105,124,10.78848107,9.52689252,8.67264298,8.823961709,475,18,481,26,493,507
50,1000,10,7.7,28,0,950,19,16,15,50,7.014,81,108,10.20697701,8.676420294,6.460764588,7.560636183,474,23,476,27,497,503
47,1000,10,7.7,28,73,948,29,13,10,52,8.38466683,94,111,10.4788115,8.894041726,7.460367127,9.255123832,472,13,476,39,485,515
48,1000,10,7.7,28,7,939,31,15,15,61,7.477069577,76,115,9.972124219,9.080028201,6.809247473,8.150255714,471,31,468,30,502,498
45,1000,10,7.7,28,87,944,32,19,5,56,8.88447322,97,106,10.65181396,9.147135645,8.339287443,9.438452316,476,28,468,28,504,496
44,1000,10,7.7,28,92,943,32,15,10,57,8.957007041,112,106,10.21582111,8.947238177,8.319327706,9.68480808,509,24,434,33,533,467
43,1000,10,7.7,28,95,944,33,15,8,56,8.955994333,88,114,10.85193224,9.068016261,8.626154182,9.3205545,503,22,441,34,525,475
46,1000,10,7.7,28,87,942,38,11,9,58,8.857985742,86,114,10.55295748,8.968911895,8.304583568,9.350712441,455,16,487,42,471,529
49,1000,10,7.7,28,1,939,28,23,10,61,7.282337335,98,117,10.42142769,9.019825787,6.439944279,8.169704146,490,23,449,38,513,487
50,1000,10,7.7,28,1,952,19,15,14,48,6.986139627,85,105,10.1943724,8.68640257,6.450370221,7.515518147,476,21,476,27,497,503
47,1000,10,7.7,28,74,946,31,13,10,54,8.421272988,95,110,10.45946363,8.91270294,7.533889901,9.256963856,471,14,475,40,485,515
48,1000,10,7.7,28,8,941,30,14,15,59,7.467041461,111,99,9.974641544,9.087698319,6.782245121,8.157338173,473,29,468,30,502,498
45,1000,10,7.7,28,88,945,31,17,7,55,8.902449309,105,126,10.64048308,9.134509761,8.330622645,9.483498984,477,27,468,28,504,496
44,1000,10,7.7,28,93,942,32,16,10,58,8.980068351,77,97,10.223201,8.943154763,8.353600774,9.695073101,509,24,433,34,533,467
43,1000,10,7.7,28,96,941,36,15,8,59,8.979380662,102,101,10.86854908,9.070364099,8.658770573,9.333739182,502,23,439,36,525,475
46,1000,10,7.7,28,88,942,37,12,9,58,8.854473819,99,93,10.5563395,8.972530055,8.313178314,9.336421234,455,16,487,42,471,529
50,1000,10,7.7,28,2,954,18,14,14,46,6.977758544,105,127,10.20350471,8.687421634,6.454109331,7.495161444,477,20,477,26,497,503
47,1000,10,7.7,28,75,945,32,14,9,55,8.448165519,106,108,10.45603296,8.917343121,7.560034186,9.284561046,471,14,474,41,485,515
48,1000,10,7.7,28,9,941,29,15,15,59,7.493047097,88,95,9.996666099,9.09734244,6.821111532,8.170379735,473,29,468,30,502,498
49,1000,10,7.7,28,2,942,27,21,10,58,7.283752064,103,99,10.40845435,9.001340453,6.466752105,8.144370089,491,22,451,36,513,487
45,1000,10,7.7,28,89,945,31,17,7,55,8.944084387,105,116,10.64674192,9.161654281,8.361866636,9.535692746,478,26,467,29,504,496
44,1000,10,7.7,28,94,943,31,16,10,57,9.006302582,74,113,10.26183745,8.944622837,8.379552224,9.721630079,510,23,433,34,533,467
43,1000,10,7.7,28,97,940,37,15,8,60,8.963340678,107,121,10.86178545,9.095999021,8.652144983,9.307293814,502,23,438,37,525,475
46,1000,10,7.7,28,89,943,36,12,9,57,8.855142295,93,115,10.54806394,8.974320095,8.328912613,9.323675718,455,16,488,41,471,529
50,1000,10,7.7,28,3,954,18,15,13,46,6.995631584,97,96,10.20829317,8.716387473,6.491810807,7.493442571,477,20,477,26,497,503
47,1000,10,7.7,28,76,946,32,13,9,54,8.456224316,108,106,10.46089945,8.9199751,7.59037993,9.271631166,471,14,475,40,485,515
48,1000,10,7.7,28,10,941,28,16,15,59,7.526660285,86,95,10.00203351,9.114717745,6.864000315,8.194642825,474,28,467,31,502,498
45,1000,10,7.7,28,90,946,30,17,7,54,8.935926144,111,120,10.66483252,9.157300124,8.360426585,9.520707954,479,25,467,29,504,496
49,1000,10,7.7,28,3,943,26,21,10,57,7.303242882,67,119,10.40492042,9.02106485,6.477339233,8.17323995,492,21,451,36,513,487
44,1000,10,7.7,28,95,940,34,16,10,60,9.039597905,98,107,10.27717923,8.952290466,8.398566798,9.771224415,509,24,431,36,533,467
43,1000,10,7.7,28,98,938,39,15,8,62,8.984509898,96,129,10.87505892,9.099555504,8.670496028,9.33157786,501,24,437,38,525,475
46,1000,10,7.7,28,90,943,36,12,9,57,8.88654612,78,110,10.56082828,8.982680932,8.367428594,9.348747169,455,16,488,41,471,529
50,1000,10,7.7,28,4,954,19,14,13,46,7.021016732,102,101,10.21146137,8.714533456,6.543832252,7.49250915,477,20,477,26,497,503
47,1000,10,7.7,28,77,945,33,12,10,55,8.507374275,77,115,10.4648783,8.909079432,7.651356875,9.313526583,470,15,475,40,485,515
48,1000,10,7.7,28,11,941,27,17,15,59,7.543508661,92,109,10.0128927,9.107868853,6.870968139,8.221451114,474,28,467,31,502,498
45,1000,10,7.7,28,91,945,31,17,7,55,8.966803987,103,124,10.6754721,9.149188762,8.441994177,9.500078471,478,26,467,29,504,496
49,1000,10,7.7,28,4,943,26,21,10,57,7.322863451,98,119,10.42619013,9.024668218,6.488140726,8.20215043,492,21,451,36,513,487
44,1000,10,7.7,28,96,941,33,14,12,59,9.094250072,101,93,10.28418881,8.959006594,8.437706427,9.84358147,510,23,431,36,533,467
43,1000,10,7.7,28,99,936,39,17,8,64,8.990598575,84,85,10.8763377,9.102479824,8.688352408,9.324660127,501,24,435,40,525,475
50,1000,10,7.7,28,5,955,18,14,13,45,7.074068729,75,119,10.23284486,8.720978548,6.603756789,7.538770587,477,20,478,25,497,503
46,1000,10,7.7,28,91,943,36,11,10,57,8.900334077,93,111,10.57970084,8.985510797,8.370425198,9.372143306,455,16,488,41,471,529
47,1000,10,7.7,28,78,945,33,12,10,55,8.519596043,102,117,10.45803435,8.91618689,7.646011882,9.342291807,470,15,475,40,485,515
48,1000,10,7.7,28,12,940,28,18,14,60,7.563576868,97,89,10.03914226,9.082692043,6.89165931,8.240891355,474,28,466,32,502,498
45,1000,10,7.7,28,92,946,30,17,7,54,8.957734438,85,104,10.70083976,9.15661213,8.414753115,9.509473525,478,26,468,28,504,496
44,1000,10,7.7,28,97,941,33,13,13,59,9.137360163,93,104,10.28752351,8.974114415,8.491698315,9.874271865,510,23,431,36,533,467
49,1000,10,7.7,28,5,945,25,20,10,55,7.318600261,91,91,10.43494263,9.02922872,6.43751743,8.246722423,494,19,451,36,513,487
43,1000,10,7.7,28,100,935,40,17,8,65,9.031108571,105,122,10.89954714,9.099754446,8.710071769,9.38593872,501,24,434,41,525,475
50,1000,10,7.7,28,6,955,18,14,13,45,7.105714523,94,108,10.2427558,8.730710944,6.626485848,7.579226754,476,21,479,24,497,503
46,1000,10,7.7,28,92,944,34,12,10,56,8.918556161,94,104,10.58849975,8.994695429,8.369833916,9.407116042,456,15,488,41,471,529
47,1000,10,7.7,28,79,946,33,11,10,54,8.509580553,83,105,10.43569216,8.926123826,7.630306265,9.33763498,471,14,475,40,485,515
48,1000,10,7.7,28,13,942,26,17,15,58,7.590328799,101,110,10.04481051,9.087054101,6.885271848,8.301048859,475,27,467,31,502,498
45,1000,10,7.7,28,93,946,30,17,7,54,8.957766186,89,100,10.70284792,9.166250308,8.397275321,9.527297225,478,26,468,28,504,496
44,1000,10,7.7,28,98,941,33,13,13,59,9.153461074,114,95,10.29845223,8.976820977,8.51826099,9.878432476,510,23,431,36,533,467
50,1000,10,7.7,28,7,954,18,14,14,46,7.154053342,92,103,10.24345392,8.7277994,6.69493117,7.607698908,475,22,479,24,497,503
43,1000,10,7.7,28,101,935,40,17,8,65,9.026539084,91,107,10.88737991,9.108772352,8.727687551,9.356848673,501,24,434,41,525,475
49,1000,10,7.7,28,6,946,24,20,10,54,7.328434997,104,106,10.43569945,9.027250924,6.478076052,8.224192981,494,19,452,35,513,487
46,1000,10,7.7,28,93,943,36,11,10,57,8.974723069,87,102,10.60861951,8.996115157,8.451587929,9.440501237,454,17,489,40,471,529
47,1000,10,7.7,28,80,944,35,11,10,56,8.550405876,94,102,10.44808928,8.924048848,7.658593179,9.39026832,471,14,473,42,485,515
48,1000,10,7.7,28,14,943,26,16,15,57,7.573015807,97,106,10.03897184,9.068751018,6.887246414,8.264293388,475,27,468,30,502,498
45,1000,10,7.7,28,94,946,31,16,7,54,8.980842851,112,117,10.70808131,9.172965307,8.434667435,9.535827549,477,27,469,27,504,496
44,1000,10,7.7,28,99,939,34,14,13,61,9.176258805,108,98,10.30720829,8.968002644,8.56029982,9.879269811,509,24,430,37,533,467
50,1000,10,7.7,28,8,954,18,14,14,46,7.226349613,80,105,10.25370073,8.718023665,6.795616718,7.651944541,475,22,479,24,497,503
43,1000,10,7.7,28,102,936,40,17,7,64,9.0107817,96,118,10.91333929,9.10835286,8.72386614,9.327898898,501,24,435,40,525,475
49,1000,10,7.7,28,7,944,26,20,10,56,7.368081722,100,115,10.43133428,9.050851766,6.48791504,8.295238822,494,19,450,37,513,487
46,1000,10,7.7,28,94,943,36,11,10,57,8.998166125,107,110,10.61546525,9.000265454,8.485163252,9.454922937,454,17,489,40,471,529
47,1000,10,7.7,28,81,944,35,11,10,56,8.598361949,88,101,10.46093237,8.92795738,7.702893842,9.441666866,471,14,473,42,485,515
48,1000,10,7.7,28,15,943,27,16,14,57,7.586599763,91,90,10.04738138,9.076877646,6.868972559,8.309991042,475,27,468,30,502,498
45,1000,10,7.7,28,95,947,29,16,8,53,9.020248962,73,96,10.71255363,9.177479851,8.497774637,9.551150293,478,26,469,27,504,496
50,1000,10,7.7,28,9,955,17,14,14,45,7.227415803,92,123,10.25479046,8.720407956,6.804241802,7.645542002,475,22,480,23,497,503
44,1000,10,7.7,28,100,939,34,14,13,61,9.206599462,93,115,10.31349694,8.979753938,8.619882877,9.876235308,509,24,430,37,533,467
43,1000,10,7.7,28,103,937,39,16,8,63,9.038807459,92,118,10.93604439,9.124606341,8.789406082,9.314461613,501,24,436,39,525,475
46,1000,10,7.7,28,95,944,36,10,10,56,8.99805831,116,110,10.61601416,8.998749721,8.496071249,9.445007091,454,17,490,39,471,529
49,1000,10,7.7,28,8,944,26,20,10,56,7.44399777,88,100,10.46244627,9.060094438,6.56912394,8.365579443,494,19,450,37,513,487
47,1000,10,7.7,28,82,944,33,13,10,56,8.610854351,86,102,10.46024332,8.940354401,7.692141491,9.476049957,471,14,473,42,485,515
48,1000,10,7.7,28,16,943,27,17,13,57,7.587889694,83,107,10.03073066,9.078461977,6.864330258,8.317260852,475,27,468,30,502,498
50,1000,10,7.7,28,10,955,17,14,14,45,7.247492332,100,97,10.25055704,8.743608077,6.82485312,7.665090122,475,22,480,23,497,503
45,1000,10,7.7,28,96,945,31,16,8,55,9.051136219,78,119,10.72399528,9.203444908,8.506814645,9.604237173,477,27,468,28,504,496
44,1000,10,7.7,28,101,939,32,16,13,61,9.251147892,102,121,10.32019159,9.008558067,8.668717646,9.91589162,509,24,430,37,533,467
43,1000,10,7.7,28,104,936,40,16,8,64,9.054174825,90,108,10.94701352,9.124716602,8.810619582,9.323367463,500,25,436,39,525,475
46,1000,10,7.7,28,96,944,36,10,10,56,9.017957183,89,106,10.60920553,9.008469189,8.508159423,9.471860294,455,16,489,40,471,529
49,1000,10,7.7,28,9,944,25,21,10,56,7.482405613,96,104,10.45763506,9.074541473,6.59810789,8.413914303,494,19,450,37,513,487
50,1000,10,7.7,28,11,955,19,12,14,45,7.25725171,103,90,10.26121158,8.754461375,6.861416318,7.648365408,474,23,481,22,497,503
47,1000,10,7.7,28,83,942,35,13,10,58,8.674280541,97,123,10.45433942,8.938024887,7.782321733,9.514280583,471,14,471,44,485,515
48,1000,10,7.7,28,17,944,26,17,13,56,7.576271035,110,107,10.03466155,9.063889534,6.839190647,8.319271746,476,26,468,30,502,498
45,1000,10,7.7,28,97,944,31,15,10,56,9.087218614,94,123,10.72738214,9.22086904,8.521956909,9.661597443,477,27,467,29,504,496
44,1000,10,7.7,28,102,940,32,16,12,60,9.235436769,113,106,10.31272232,9.008186089,8.682533639,9.866480383,509,24,431,36,533,467
46,1000,10,7.7,28,97,944,37,9,10,56,9.029530661,108,107,10.60943287,9.015635612,8.495905016,9.504649146,454,17,490,39,471,529
50,1000,10,7.7,28,12,956,19,11,14,44,7.256031832,95,115,10.27359476,8.753418542,6.875919422,7.631610098,474,23,482,21,497,503
49,1000,10,7.7,28,10,943,26,20,11,57,7.506188856,103,115,10.45229807,9.080099163,6.624873613,8.434555836,494,19,449,38,513,487
47,1000,10,7.7,28,84,941,36,13,10,59,8.675414788,85,120,10.48057868,8.950386803,7.786954055,9.512120527,471,14,470,45,485,515
48,1000,10,7.7,28,18,944,26,18,12,56,7.606349195,91,95,10.0239608,9.077056028,6.846230064,8.3725737,476,26,468,30,502,498
44,1000,10,7.7,28,103,940,32,16,12,60,9.225738569,107,115,10.30825396,9.004563632,8.654301762,9.877935181,509,24,431,36,533,467
45,1000,10,7.7,28,98,943,32,14,11,57,9.103889092,92,100,10.7292274,9.231364163,8.560306778,9.656238863,476,28,467,29,504,496
46,1000,10,7.7,28,98,943,38,9,10,57,9.037584482,108,107,10.60403848,9.036312979,8.498753639,9.517337463,453,18,490,39,471,529
50,1000,10,7.7,28,13,957,18,11,14,43,7.264924895,94,102,10.27658426,8.73778185,6.919813379,7.605919773,475,22,482,21,497,503
47,1000,10,7.7,28,85,940,37,13,10,60,8.709219843,93,120,10.49193477,8.96386128,7.825072598,9.541863365,471,14,469,46,485,515
49,1000,10,7.7,28,11,942,28,19,11,58,7.54147722,110,79,10.45627769,9.091742429,6.651665754,8.47879402,493,20,449,38,513,487
48,1000,10,7.7,28,19,943,26,19,12,57,7.634627325,89,111,10.02667489,9.084433847,6.92686638,8.348073098,475,27,468,30,502,498
45,1000,10,7.7,28,99,943,32,15,10,57,9.093699571,100,124,10.72737514,9.247209326,8.526096837,9.670457188,476,28,467,29,504,496
44,1000,10,7.7,28,104,939,33,16,12,61,9.257759548,93,106,10.32444982,9.007764582,8.707204231,9.886123538,508,25,431,36,533,467
50,1000,10,7.7,28,14,957,18,12,13,43,7.301504306,92,107,10.25403495,8.743593746,6.982072546,7.617125747,475,22,482,21,497,503
46,1000,10,7.7,28,99,943,38,10,9,57,9.065592633,102,109,10.62565631,9.020147032,8.553154363,9.521846745,452,19,491,38,471,529
48,1000,10,7.7,28,20,943,25,20,12,57,7.639534167,96,119,10.02055227,9.077417213,6.954190446,8.330382657,475,27,468,30,502,498
47,1000,10,7.7,28,86,938,37,14,11,62,8.715536079,105,107,10.50103434,8.957848272,7.851074721,9.529640465,469,16,469,46,485,515
49,1000,10,7.7,28,12,943,27,19,11,57,7.573086882,100,86,10.46303431,9.106738626,6.683278476,8.51040046,493,20,450,37,513,487
45,1000,10,7.7,28,100,942,33,15,10,58,9.119686183,95,105,10.71122084,9.248724541,8.554623752,9.693862525,475,29,467,29,504,496
50,1000,10,7.7,28,15,957,18,12,13,43,7.333082686,81,93,10.26977829,8.729417857,6.989670834,7.672398173,475,22,482,21,497,503
46,1000,10,7.7,28,100,943,38,11,8,57,9.075527618,116,108,10.6345033,9.038598439,8.558699324,9.535690429,452,19,491,38,471,529
48,1000,10,7.7,28,21,941,27,20,12,59,7.687243528,89,101,10.02332687,9.08640057,7.017602798,8.362262898,474,28,467,31,502,498
47,1000,10,7.7,28,87,935,39,15,11,65,8.74714012,82,106,10.53000764,8.967892669,7.904530989,9.540665223,467,18,468,47,485,515
49,1000,10,7.7,28,13,944,26,19,11,56,7.619251209,97,102,10.4681575,9.102535754,6.736704803,8.548915083,492,21,452,35,513,487
45,1000,10,7.7,28,101,941,34,15,10,59,9.166736624,115,118,10.71837459,9.248352238,8.625893619,9.716302904,475,29,466,30,504,496
50,1000,10,7.7,28,16,957,18,12,13,43,7.338979009,87,117,10.28704847,8.701866754,6.97623311,7.697397918,475,22,482,21,497,503
47,1000,10,7.7,28,88,936,37,16,11,64,8.792531147,94,132,10.53212056,8.974933514,7.907271886,9.626221907,468,17,468,47,485,515
48,1000,10,7.7,28,22,943,26,19,12,57,7.672992573,93,106,10.01759787,9.087196282,7.012785907,8.338502103,475,27,468,30,502,498
46,1000,10,7.7,28,101,944,36,11,9,56,9.102844354,86,107,10.62632658,9.039223426,8.569285889,9.577903024,453,18,491,38,471,529
50,1000,10,7.7,28,17,957,19,13,11,43,7.355862553,107,119,10.31812264,8.697822636,6.978533252,7.728690908,475,22,482,21,497,503
49,1000,10,7.7,28,14,945,27,17,11,55,7.599695519,100,109,10.49046616,9.099529689,6.767616387,8.476197766,492,21,453,34,513,487
45,1000,10,7.7,28,102,940,35,15,10,60,9.183026493,101,112,10.71347795,9.263251798,8.628783211,9.746209182,475,29,465,31,504,496
47,1000,10,7.7,28,89,935,37,17,11,65,8.837193751,94,107,10.53301394,8.962769181,7.967482539,9.656242174,467,18,468,47,485,515
46,1000,10,7.7,28,102,943,36,12,9,57,9.139277047,98,103,10.62506336,9.050010582,8.594917729,9.623952357,452,19,491,38,471,529
50,1000,10,7.7,28,18,957,19,12,12,43,7.396187365,85,108,10.32306508,8.704926345,7.041885625,7.746262841,475,22,482,21,497,503
48,1000,10,7.7,28,23,943,26,19,12,57,7.722900148,93,116,10.02230186,9.099452047,7.089126309,8.36176454,475,27,468,30,502,498
45,1000,10,7.7,28,103,941,34,15,10,59,9.177275841,103,103,10.70843886,9.257093594,8.670409214,9.692317737,476,28,465,31,504,496
49,1000,10,7.7,28,15,943,29,17,11,57,7.675548707,91,99,10.48747916,9.102195549,6.826026219,8.570425578,491,22,452,35,513,487
46,1000,10,7.7,28,103,945,34,12,9,55,9.150482983,97,98,10.62191559,9.060443842,8.611491281,9.630379186,452,19,493,36,471,529
50,1000,10,7.7,28,19,959,19,10,12,41,7.411132255,100,109,10.30880068,8.709596199,7.115218398,7.703516325,475,22,484,19,497,503
47,1000,10,7.7,28,90,935,37,17,11,65,8.83939244,86,113,10.5693219,8.964700928,7.967357035,9.660629667,467,18,468,47,485,515
48,1000,10,7.7,28,24,945,25,18,12,55,7.718501685,92,106,10.02545725,9.090255859,7.111567931,8.330310408,475,27,470,28,502,498
45,1000,10,7.7,28,104,942,33,15,10,58,9.174643621,102,120,10.70010906,9.242969332,8.654018222,9.703666203,477,27,465,31,504,496
49,1000,10,7.7,28,16,943,29,17,11,57,7.719039388,98,116,10.4889639,9.116527844,6.890526768,8.591784715,491,22,452,35,513,487
50,1000,10,7.7,28,20,959,18,11,12,41,7.415762716,93,98,10.3249687,8.724948302,7.113980887,7.713944761,475,22,484,19,497,503
46,1000,10,7.7,28,104,944,35,12,9,56,9.169884174,109,106,10.6186776,9.054406398,8.641424023,9.640403514,452,19,492,37,471,529
47,1000,10,7.7,28,91,934,38,17,11,66,8.859560187,86,116,10.59650524,8.963819547,7.994844836,9.673903771,467,18,467,48,485,515
48,1000,10,7.7,28,25,946,26,17,11,54,7.708892063,99,121,10.02760452,9.103860659,7.076252234,8.346613337,476,26,470,28,502,498
50,1000,10,7.7,28,21,960,17,11,12,40,7.44416958,89,98,10.32253921,8.720846582,7.150056832,7.734774025,476,21,484,19,497,503
49,1000,10,7.7,28,17,942,31,15,12,58,7.758569294,84,132,10.5016306,9.121114861,6.974314072,8.584694406,489,24,453,34,513,487
47,1000,10,7.7,28,92,934,38,17,11,66,8.887570753,85,110,10.59148864,8.953921073,8.050090201,9.67626603,467,18,467,48,485,515
48,1000,10,7.7,28,26,947,25,18,10,53,7.711756748,107,117,10.05761022,9.112613488,7.099095632,8.329338836,477,25,470,28,502,498
50,1000,10,7.7,28,22,960,16,12,12,40,7.453332617,91,101,10.31268245,8.719302484,7.180998144,7.722418568,475,22,485,18,497,503
49,1000,10,7.7,28,18,944,29,15,12,56,7.717233146,103,106,10.52187338,9.104661346,6.945084533,8.530605299,490,23,454,33,513,487
47,1000,10,7.7,28,93,933,38,18,11,67,8.897161871,92,110,10.62812003,8.950708316,8.046849918,9.697941089,467,18,466,49,485,515
48,1000,10,7.7,28,27,947,23,20,10,53,7.767099334,107,120,10.05610377,9.104577914,7.159946101,8.3791293,477,25,470,28,502,498
50,1000,10,7.7,28,23,960,16,12,12,40,7.475327507,82,118,10.32019091,8.723796139,7.230078308,7.717651268,475,22,485,18,497,503
49,1000,10,7.7,28,19,944,29,15,12,56,7.72192942,96,101,10.52771386,9.112938736,6.979186026,8.504326467,490,23,454,33,513,487
47,1000,10,7.7,28,94,933,38,18,11,67,8.963666319,93,106,10.6745565,8.949641414,8.152007781,9.728043777,467,18,466,49,485,515
50,1000,10,7.7,28,24,960,15,13,12,40,7.499524254,84,107,10.33461983,8.741940556,7.251595989,7.744495123,475,22,485,18,497,503
48,1000,10,7.7,28,28,949,21,20,10,51,7.757332462,103,108,10.04153878,9.078632367,7.12719152,8.392534777,479,23,470,28,502,498
47,1000,10,7.7,28,95,933,39,18,10,67,8.989870737,84,105,10.70173855,8.962405982,8.197973392,9.73563814,467,18,466,49,485,515
49,1000,10,7.7,28,20,946,30,12,12,54,7.71921595,97,131,10.5425102,9.125795961,6.978464642,8.499514555,491,22,455,32,513,487
50,1000,10,7.7,28,25,961,14,13,12,39,7.506981512,89,100,10.32520927,8.745703309,7.287618261,7.723728104,475,22,486,17,497,503
48,1000,10,7.7,28,29,950,21,19,10,50,7.776483072,109,114,10.07166662,9.089456019,7.177788602,8.379986332,480,22,470,28,502,498
47,1000,10,7.7,28,96,933,39,18,10,67,9.002789529,96,119,10.71092084,8.965486445,8.247017636,9.714535875,467,18,466,49,485,515
50,1000,10,7.7,28,26,960,16,12,12,40,7.535226326,91,95,10.33286243,8.758965991,7.316039572,7.751798525,475,22,485,18,497,503
49,1000,10,7.7,28,21,948,29,11,12,52,7.745412166,93,108,10.53738292,9.130540914,7.001385158,8.529161356,491,22,457,30,513,487
48,1000,10,7.7,28,30,951,21,18,10,49,7.759259063,100,107,10.08956543,9.123338909,7.163316202,8.359988613,480,22,471,27,502,498
47,1000,10,7.7,28,97,932,40,18,10,68,9.023968987,81,118,10.71274023,8.961703839,8.305884719,9.700223104,466,19,466,49,485,515
50,1000,10,7.7,28,27,960,16,12,12,40,7.544700587,85,91,10.32739603,8.776369129,7.312246836,7.774381531,475,22,485,18,497,503
49,1000,10,7.7,28,22,947,30,11,12,53,7.789502964,81,102,10.54001201,9.14675373,7.011818138,8.608706898,491,22,456,31,513,487
48,1000,10,7.7,28,31,951,21,18,10,49,7.748899107,91,101,10.10005071,9.129630261,7.130800608,8.371962253,480,22,471,27,502,498
47,1000,10,7.7,28,98,933,40,17,10,67,9.059642627,97,108,10.71380573,8.972487313,8.336610817,9.74055608,466,19,467,48,485,515
50,1000,10,7.7,28,28,960,18,12,10,40,7.545303298,97,110,10.34287337,8.784927588,7.316050657,7.771821315,476,21,484,19,497,503
50,1000,10,7.7,28,29,959,19,12,10,41,7.602183499,83,106,10.35521802,8.799856145,7.387918862,7.813892295,475,22,484,19,497,503
47,1000,10,7.7,28,99,934,40,17,9,66,9.047418825,102,119,10.7061549,8.979525142,8.344590026,9.709306139,466,19,468,47,485,515
48,1000,10,7.7,28,32,952,21,17,10,48,7.763721341,103,110,10.12519179,9.149382783,7.155649768,8.376677023,481,21,471,27,502,498
49,1000,10,7.7,28,23,948,29,11,12,52,7.824727551,85,116,10.54161822,9.148647855,7.033122799,8.658594568,491,22,457,30,513,487
50,1000,10,7.7,28,30,958,20,11,11,42,7.641671365,81,113,10.36669659,8.816177491,7.427739252,7.853051603,475,22,483,20,497,503
47,1000,10,7.7,28,100,935,40,15,10,65,9.078379359,87,116,10.6865161,9.002569499,8.389659886,9.726979252,466,19,469,46,485,515
48,1000,10,7.7,28,33,951,21,18,10,49,7.786537534,105,97,10.1285596,9.15136041,7.190546028,8.387316121,481,21,470,28,502,498
49,1000,10,7.7,28,24,949,28,11,12,51,7.816688659,114,114,10.54471909,9.143329404,7.048294351,8.626106071,491,22,458,29,513,487
50,1000,10,7.7,28,31,957,21,11,11,43,7.677164726,97,139,10.36645876,8.837851999,7.472509698,7.879378541,475,22,482,21,497,503
47,1000,10,7.7,28,101,936,38,16,10,64,9.119444677,105,103,10.70578462,8.980944295,8.450804003,9.749135408,468,17,468,47,485,515
48,1000,10,7.7,28,34,951,22,17,10,49,7.790553048,100,113,10.13838635,9.139394778,7.168599731,8.417501973,481,21,470,28,502,498
50,1000,10,7.7,28,32,959,21,9,11,41,7.668633869,87,104,10.38267313,8.84663431,7.440011798,7.894528837,476,21,483,20,497,503
49,1000,10,7.7,28,25,949,28,11,12,51,7.865498395,89,111,10.55667057,9.14647766,7.069112925,8.704401365,491,22,458,29,513,487
47,1000,10,7.7,28,102,936,39,15,10,64,9.122243262,115,122,10.70684072,8.989889997,8.464734044,9.741450973,467,18,469,46,485,515
50,1000,10,7.7,28,33,959,21,9,11,41,7.694128277,82,116,10.38850676,8.845179812,7.450156337,7.935190016,476,21,483,20,497,503
48,1000,10,7.7,28,35,952,22,16,10,48,7.794261773,103,109,10.14814631,9.149316183,7.177588537,8.415888208,481,21,471,27,502,498
49,1000,10,7.7,28,26,949,28,11,12,51,7.878508633,90,106,10.56369938,9.141495459,7.096498813,8.702268465,491,22,458,29,513,487
47,1000,10,7.7,28,103,937,37,16,10,63,9.113223752,89,103,10.72709927,8.988129433,8.476259092,9.713083675,467,18,470,45,485,515
50,1000,10,7.7,28,34,958,22,9,11,42,7.713526315,98,99,10.39911125,8.835373877,7.483088427,7.941215441,475,22,483,20,497,503
48,1000,10,7.7,28,36,952,22,16,10,48,7.770991916,93,129,10.16185646,9.165715874,7.144226899,8.40279119,481,21,471,27,502,498
49,1000,10,7.7,28,27,952,26,10,12,48,7.864810164,92,113,10.57073302,9.123966573,7.05543147,8.717400041,493,20,459,28,513,487
47,1000,10,7.7,28,104,937,37,16,10,63,9.121347526,93,100,10.74025254,8.994652867,8.470787774,9.734010593,467,18,470,45,485,515
50,1000,10,7.7,28,35,958,20,11,11,42,7.747972084,94,118,10.41680718,8.842740465,7.534759536,7.958641343,475,22,483,20,497,503
48,1000,10,7.7,28,37,952,22,16,10,48,7.792482034,80,106,10.17836287,9.174598983,7.17060538,8.419353681,481,21,471,27,502,498
49,1000,10,7.7,28,28,951,28,10,11,49,7.852666383,97,125,10.57488048,9.123035844,7.057256866,8.690541295,493,20,458,29,513,487
50,1000,10,7.7,28,36,958,20,11,11,42,7.753064239,95,113,10.4303785,8.840440229,7.541253756,7.962348156,475,22,483,20,497,503
48,1000,10,7.7,28,38,954,19,17,10,46,7.778188836,84,109,10.18398036,9.187274985,7.160706181,8.400631191,482,20,472,26,502,498
50,1000,10,7.7,28,37,958,20,11,11,42,7.784456327,89,100,10.44059461,8.840757875,7.565857307,8.000447803,475,22,483,20,497,503
49,1000,10,7.7,28,29,951,28,10,11,49,7.901043306,95,114,10.57171671,9.107116843,7.127249373,8.716148619,492,21,459,28,513,487
48,1000,10,7.7,28,39,953,20,17,10,47,7.802310785,97,96,10.18580816,9.184032297,7.202876294,8.406560011,481,21,472,26,502,498
50,1000,10,7.7,28,38,957,21,11,11,43,7.801101798,96,96,10.45341685,8.861178136,7.579207872,8.020348878,475,22,482,21,497,503
49,1000,10,7.7,28,30,952,26,10,12,48,7.942538319,107,98,10.56900318,9.133234075,7.17154434,8.754694195,493,20,459,28,513,487
48,1000,10,7.7,28,40,953,21,16,10,47,7.83513344,93,118,10.20322399,9.174472498,7.23239356,8.442714604,481,21,472,26,502,498
50,1000,10,7.7,28,39,958,20,11,11,42,7.82989,102,94,10.4841799,8.85876692,7.593198632,8.063758013,476,21,482,21,497,503
49,1000,10,7.7,28,31,953,25,10,12,47,7.955319944,90,117,10.57703134,9.144590437,7.208155047,8.742374548,492,21,461,26,513,487
48,1000,10,7.7,28,41,954,21,15,10,46,7.837661158,96,121,10.18754234,9.162104214,7.262498805,8.41744329,481,21,473,25,502,498
50,1000,10,7.7,28,40,958,20,11,11,42,7.854636311,100,114,10.49848656,8.854343295,7.593500844,8.112656842,476,21,482,21,497,503
49,1000,10,7.7,28,32,953,25,10,12,47,7.977487775,83,121,10.58369519,9.149003206,7.241016896,8.753277428,492,21,461,26,513,487
48,1000,10,7.7,28,42,955,21,14,10,45,7.869259301,107,101,10.19939572,9.165809463,7.296260625,8.446860375,481,21,474,24,502,498
50,1000,10,7.7,28,41,957,20,12,11,43,7.892051927,83,103,10.49122922,8.85981245,7.631488889,8.149506856,476,21,481,22,497,503
49,1000,10,7.7,28,33,952,26,10,12,48,7.994016007,109,132,10.59286705,9.157197919,7.255451361,8.772011209,491,22,461,26,513,487
48,1000,10,7.7,28,43,955,22,13,10,45,7.872484849,96,110,10.20640747,9.174766855,7.294125236,8.45548992,482,20,473,25,502,498
50,1000,10,7.7,28,42,957,20,12,11,43,7.94528393,93,124,10.49263812,8.848845085,7.698006015,8.189612207,476,21,481,22,497,503
48,1000,10,7.7,28,44,955,22,13,10,45,7.903965885,97,86,10.23017268,9.177151521,7.306761964,8.505966625,482,20,473,25,502,498
49,1000,10,7.7,28,34,952,27,10,11,48,8.014328848,74,117,10.58823889,9.169052448,7.308411216,8.757934074,490,23,462,25,513,487
50,1000,10,7.7,28,43,957,21,12,10,43,7.960023139,106,100,10.49053148,8.859415123,7.7513289,8.166227983,476,21,481,22,497,503
48,1000,10,7.7,28,45,955,23,12,10,45,7.912603201,104,91,10.2413692,9.155987567,7.310744301,8.519296309,482,20,473,25,502,498
50,1000,10,7.7,28,44,957,21,12,10,43,7.962716538,78,104,10.49038042,8.864937208,7.765574529,8.157506953,476,21,481,22,497,503
49,1000,10,7.7,28,35,953,27,10,10,47,8.032159777,98,105,10.6014295,9.168753145,7.309714603,8.793174919,491,22,462,25,513,487
48,1000,10,7.7,28,46,955,22,13,10,45,7.941111567,95,108,10.26209289,9.164098243,7.324591338,8.562583766,483,19,472,26,502,498
50,1000,10,7.7,28,45,957,20,13,10,43,7.992909848,110,125,10.49610957,8.872573304,7.800956604,8.18257339,476,21,481,22,497,503
49,1000,10,7.7,28,36,953,27,10,10,47,8.086314216,87,86,10.60013108,9.165405413,7.364227953,8.846951285,491,22,462,25,513,487
50,1000,10,7.7,28,46,958,20,12,10,42,7.993587101,101,112,10.49686482,8.882740097,7.754200633,8.230118065,476,21,482,21,497,503
48,1000,10,7.7,28,47,955,22,13,10,45,7.957171054,105,99,10.26625676,9.157597256,7.357232158,8.561928736,483,19,472,26,502,498
49,1000,10,7.7,28,37,952,29,9,10,48,8.11988355,94,113,10.6094298,9.160726177,7.394254474,8.884252576,491,22,461,26,513,487
50,1000,10,7.7,28,47,958,20,12,10,42,8.017814582,89,109,10.48986372,8.882068475,7.786857123,8.246017081,476,21,482,21,497,503
48,1000,10,7.7,28,48,954,24,12,10,46,7.986658961,91,108,10.26745219,9.144863824,7.380275406,8.597913066,481,21,473,25,502,498
49,1000,10,7.7,28,38,951,29,9,11,49,8.15375811,98,104,10.59944051,9.16386276,7.404600091,8.942912245,491,22,460,27,513,487
50,1000,10,7.7,28,48,958,20,12,10,42,8.060548555,89,107,10.49007264,8.899058811,7.818500901,8.299708961,476,21,482,21,497,503
48,1000,10,7.7,28,49,953,25,11,11,47,8.06801996,93,118,10.28106213,9.156032852,7.438576105,8.702519588,481,21,472,26,502,498
49,1000,10,7.7,28,39,949,31,9,11,51,8.173391946,102,114,10.57973079,9.162943249,7.447035334,8.93852735,491,22,458,29,513,487
50,1000,10,7.7,28,49,959,19,13,9,41,8.063792223,86,110,10.4887827,8.898922764,7.803388622,8.321089617,477,20,482,21,497,503
48,1000,10,7.7,28,50,952,26,11,11,48,8.068264524,102,122,10.27694397,9.183535997,7.433924744,8.707699403,481,21,471,27,502,498
49,1000,10,7.7,28,40,949,31,9,11,51,8.220745825,104,113,10.57850081,9.15581251,7.474274658,9.007069663,491,22,458,29,513,487
50,1000,10,7.7,28,50,959,19,13,9,41,8.122981556,83,103,10.49439624,8.900338079,7.818558842,8.423772984,478,19,481,22,497,503
48,1000,10,7.7,28,51,952,26,11,11,48,8.069637652,85,123,10.27982558,9.189836369,7.434756752,8.709617996,481,21,471,27,502,498
50,1000,10,7.7,28,51,961,18,11,10,39,8.136694317,91,115,10.51901162,8.913293589,7.836884486,8.432927887,479,18,482,21,497,503
49,1000,10,7.7,28,41,948,32,9,11,52,8.277847163,90,119,10.59321257,9.151198478,7.549723091,9.044844389,490,23,458,29,513,487
48,1000,10,7.7,28,52,951,28,11,10,49,8.073819778,85,121,10.30844299,9.208566858,7.453771206,8.698848661,480,22,471,27,502,498
50,1000,10,7.7,28,52,959,20,11,10,41,8.182013421,98,120,10.52272359,8.936394835,7.876168381,8.48421021,479,18,480,23,497,503
49,1000,10,7.7,28,42,949,32,7,12,51,8.27420797,93,120,10.60122989,9.146832886,7.554412779,9.03243165,490,23,459,28,513,487
48,1000,10,7.7,28,53,950,28,12,10,50,8.101760563,97,103,10.32530213,9.204558375,7.427080136,8.781860111,480,22,470,28,502,498
50,1000,10,7.7,28,53,958,21,10,11,42,8.221973009,92,111,10.5223304,8.921190976,7.922011652,8.518356297,478,19,480,23,497,503
48,1000,10,7.7,28,54,950,27,12,11,50,8.099999891,107,92,10.33290352,9.194085936,7.439357802,8.765948342,480,22,470,28,502,498
49,1000,10,7.7,28,43,948,33,7,12,52,8.365954557,95,120,10.59743559,9.142576691,7.581883156,9.191886033,490,23,458,29,513,487
50,1000,10,7.7,28,54,958,21,10,11,42,8.23662039,92,113,10.53022486,8.929511928,7.928973218,8.540597815,478,19,480,23,497,503
48,1000,10,7.7,28,55,951,26,12,11,49,8.092205483,100,113,10.34706002,9.211238295,7.480396326,8.70892877,480,22,471,27,502,498
49,1000,10,7.7,28,44,947,33,8,12,53,8.39373714,96,107,10.59279411,9.145734738,7.615762891,9.21324595,490,23,457,30,513,487
50,1000,10,7.7,28,55,958,20,11,11,42,8.251972195,100,109,10.52481599,8.933604212,7.931422719,8.568698019,478,19,480,23,497,503
48,1000,10,7.7,28,56,951,27,12,10,49,8.087607452,97,118,10.38332983,9.224075363,7.494656817,8.685320744,479,23,472,26,502,498
50,1000,10,7.7,28,56,958,20,11,11,42,8.270341368,83,114,10.53558361,8.92125157,7.952166619,8.584720792,478,19,480,23,497,503
49,1000,10,7.7,28,45,946,34,8,12,54,8.422369252,91,101,10.60765537,9.129787141,7.654034387,9.231724048,490,23,456,31,513,487
48,1000,10,7.7,28,57,950,27,13,10,50,8.160154465,90,99,10.4163314,9.230203568,7.544094887,8.781162312,479,23,471,27,502,498
50,1000,10,7.7,28,57,958,20,10,12,42,8.289636259,88,112,10.55175735,8.929717703,7.978479625,8.597081282,478,19,480,23,497,503
49,1000,10,7.7,28,46,944,36,8,12,56,8.470709281,98,106,10.61045212,9.138831228,7.690344042,9.29273673,490,23,454,33,513,487
48,1000,10,7.7,28,58,950,27,13,10,50,8.157722093,89,97,10.38937653,9.249510949,7.528574821,8.791922758,479,23,471,27,502,498
50,1000,10,7.7,28,58,958,20,10,12,42,8.308170055,82,113,10.56775344,8.93037316,8.001929392,8.610757747,478,19,480,23,497,503
49,1000,10,7.7,28,47,944,36,8,12,56,8.460726393,106,112,10.61626376,9.14310594,7.712014247,9.249410851,490,23,454,33,513,487
48,1000,10,7.7,28,59,951,27,12,10,49,8.133482553,103,101,10.40729197,9.257834744,7.532255722,8.739538515,480,22,471,27,502,498
50,1000,10,7.7,28,59,957,21,10,12,43,8.298222701,94,122,10.58526713,8.946819378,8.0189551,8.574159078,477,20,480,23,497,503
49,1000,10,7.7,28,48,943,36,8,13,57,8.522818728,85,109,10.62445061,9.138032463,7.736316005,9.35131133,490,23,453,34,513,487
48,1000,10,7.7,28,60,950,28,12,10,50,8.169248964,98,109,10.40670106,9.242875595,7.545389668,8.798119178,480,22,470,28,502,498
50,1000,10,7.7,28,60,956,22,11,11,44,8.332249896,79,102,10.6020904,8.961862112,8.078821723,8.582655069,477,20,479,24,497,503
49,1000,10,7.7,28,49,945,35,7,13,55,8.526690811,98,121,10.62673955,9.129004684,7.77019354,9.323576028,490,23,455,32,513,487
50,1000,10,7.7,28,61,958,22,9,11,42,8.346869626,108,102,10.58788195,8.956319192,8.075790442,8.61471526,478,19,480,23,497,503
48,1000,10,7.7,28,61,947,31,12,10,53,8.192474104,89,115,10.40532576,9.235721394,7.587331405,8.802477386,478,24,469,29,502,498
50,1000,10,7.7,28,62,957,23,9,11,43,8.356952187,99,115,10.58383949,8.963348471,8.084385729,8.626267356,478,19,479,24,497,503
49,1000,10,7.7,28,50,945,35,7,13,55,8.549290571,89,110,10.6171165,9.130785914,7.791084629,9.347975681,490,23,455,32,513,487
48,1000,10,7.7,28,62,946,32,12,10,54,8.226250148,96,109,10.40398073,9.227185005,7.620735729,8.836628137,478,24,468,30,502,498
50,1000,10,7.7,28,63,957,23,9,11,43,8.38322209,98,124,10.56797932,8.936979675,8.110668447,8.652524597,478,19,479,24,497,503
49,1000,10,7.7,28,51,943,36,8,13,57,8.574861502,88,100,10.62091392,9.131430626,7.774919049,9.417511355,490,23,453,34,513,487
48,1000,10,7.7,28,63,947,31,12,10,53,8.262382501,90,118,10.42422259,9.221150296,7.652218129,8.877447791,478,24,469,29,502,498
50,1000,10,7.7,28,64,958,23,8,11,42,8.40249832,84,114,10.58596006,8.947832065,8.115607644,8.68596684,479,18,479,24,497,503
48,1000,10,7.7,28,64,948,30,12,10,52,8.282664544,94,114,10.41510234,9.229445106,7.667306925,8.902964794,478,24,470,28,502,498
49,1000,10,7.7,28,52,943,36,8,13,57,8.566048184,90,127,10.63944254,9.126964978,7.739611499,9.436606746,490,23,453,34,513,487
50,1000,10,7.7,28,65,958,24,8,10,42,8.406689048,96,108,10.5715504,8.950783375,8.141370824,8.668842442,480,17,478,25,497,503
48,1000,10,7.7,28,65,945,30,14,11,55,8.318899046,93,104,10.4281439,9.222913591,7.7182915,8.92433075,477,25,468,30,502,498
49,1000,10,7.7,28,53,945,33,9,13,55,8.598634107,90,121,10.65649103,9.120974048,7.779987619,9.460986568,491,22,454,33,513,487
50,1000,10,7.7,28,66,957,25,8,10,43,8.46602229,81,111,10.55700295,8.96670833,8.185094362,8.743599188,479,18,478,25,497,503
48,1000,10,7.7,28,66,944,31,14,11,56,8.341810652,100,95,10.44338371,9.228398822,7.750983913,8.937382988,477,25,467,31,502,498
49,1000,10,7.7,28,54,945,32,10,13,55,8.638307535,97,123,10.66015079,9.119650385,7.816474498,9.50401667,491,22,454,33,513,487
50,1000,10,7.7,28,67,956,26,8,10,44,8.522830499,100,114,10.54813482,8.961215865,8.210192521,8.831739197,478,19,478,25,497,503
48,1000,10,7.7,28,67,946,30,13,11,54,8.376218847,88,108,10.4490727,9.209519673,7.801388708,8.955666095,478,24,468,30,502,498
49,1000,10,7.7,28,55,943,34,10,13,57,8.691290344,90,113,10.67711703,9.116214134,7.866569867,9.560041072,490,23,453,34,513,487
50,1000,10,7.7,28,68,953,29,8,10,47,8.539506458,99,111,10.54799006,8.984955673,8.254648514,8.820966495,475,22,478,25,497,503
48,1000,10,7.7,28,68,945,30,13,12,55,8.41173374,101,133,10.45171744,9.216377143,7.848594284,8.979396405,478,24,467,31,502,498
50,1000,10,7.7,28,69,952,30,8,10,48,8.616045904,111,103,10.54802969,8.997320752,8.333783444,8.894941416,474,23,478,25,497,503
49,1000,10,7.7,28,56,943,34,10,13,57,8.723322609,88,125,10.67308169,9.106613688,7.873082396,9.618955523,490,23,453,34,513,487
48,1000,10,7.7,28,69,946,29,13,12,54,8.432989457,92,117,10.46680023,9.230819582,7.854210282,9.016417461,479,23,467,31,502,498
50,1000,10,7.7,28,70,953,29,8,10,47,8.621465505,96,103,10.55220612,9.023354028,8.309260552,8.929946344,475,22,478,25,497,503
49,1000,10,7.7,28,57,945,33,9,13,55,8.754656031,105,106,10.67174128,9.099185022,7.928515921,9.624902184,491,22,454,33,513,487
48,1000,10,7.7,28,70,947,28,13,12,53,8.434338743,94,108,10.4803854,9.236898206,7.868921871,9.004297116,479,23,468,30,502,498
50,1000,10,7.7,28,71,953,29,8,10,47,8.636499617,101,112,10.56837825,9.030573389,8.353257031,8.916363563,475,22,478,25,497,503
49,1000,10,7.7,28,58,946,32,9,13,54,8.776515571,90,128,10.68476345,9.097193134,7.932428528,9.665666809,491,22,455,32,513,487
48,1000,10,7.7,28,71,946,30,12,12,54,8.429285308,98,94,10.48803042,9.230738007,7.83233875,9.031026618,480,22,466,32,502,498
50,1000,10,7.7,28,72,952,30,8,10,48,8.64961808,103,121,10.574094,9.013297262,8.334401788,8.961074336,475,22,477,26,497,503
48,1000,10,7.7,28,72,947,29,12,12,53,8.44360253,101,113,10.49764743,9.220967686,7.861561695,9.030318392,481,21,466,32,502,498
49,1000,10,7.7,28,59,947,29,11,13,53,8.815111086,106,117,10.68812681,9.102348907,7.972740435,9.702454297,491,22,456,31,513,487
50,1000,10,7.7,28,73,952,30,8,10,48,8.640192233,108,120,10.5870251,9.033704702,8.317896456,8.958643528,475,22,477,26,497,503
48,1000,10,7.7,28,73,945,32,12,11,55,8.460549647,101,115,10.49877558,9.206164766,7.869917837,9.055925489,480,22,465,33,502,498
49,1000,10,7.7,28,60,948,28,11,13,52,8.817688639,93,132,10.68065279,9.107751788,7.966176421,9.714661468,491,22,457,30,513,487
50,1000,10,7.7,28,74,952,31,8,9,48,8.658580926,96,120,10.59721408,9.071408517,8.346333974,8.967103262,475,22,477,26,497,503
48,1000,10,7.7,28,74,945,32,12,11,55,8.496683371,91,108,10.49203286,9.208955573,7.878219633,9.12011469,480,22,465,33,502,498
50,1000,10,7.7,28,75,952,30,9,9,48,8.704156115,74,105,10.6090285,9.077768762,8.378680124,9.025749689,475,22,477,26,497,503
49,1000,10,7.7,28,61,948,28,11,13,52,8.826836561,87,111,10.69029193,9.104547275,7.99022613,9.708112024,490,23,458,29,513,487
48,1000,10,7.7,28,75,945,34,10,11,55,8.523975608,95,103,10.48791339,9.211552092,7.938031353,9.114626242,479,23,466,32,502,498
50,1000,10,7.7,28,76,953,29,9,9,47,8.718633748,105,109,10.61883292,9.074205112,8.419895444,9.013808572,475,22,478,25,497,503
49,1000,10,7.7,28,62,947,29,11,13,53,8.832505474,104,112,10.69267072,9.114844481,8.015466872,9.693164207,490,23,457,30,513,487
48,1000,10,7.7,28,76,946,32,11,11,54,8.528178386,87,104,10.49795137,9.21079305,7.937635884,9.123464203,480,22,466,32,502,498
50,1000,10,7.7,28,77,953,29,8,10,47,8.753023322,100,132,10.64117594,9.072757762,8.507680714,8.995439378,475,22,478,25,497,503
49,1000,10,7.7,28,63,947,29,11,13,53,8.88396629,92,101,10.69085857,9.1320883,8.095768054,9.714244925,490,23,457,30,513,487
48,1000,10,7.7,28,77,945,33,10,12,55,8.559291568,98,107,10.51411353,9.220021098,7.954829031,9.168609225,480,22,465,33,502,498
50,1000,10,7.7,28,78,953,29,8,10,47,8.762986733,99,100,10.65041514,9.078358267,8.512270663,9.010712153,475,22,478,25,497,503
49,1000,10,7.7,28,64,947,29,11,13,53,8.891926517,100,104,10.68506989,9.128332622,8.090323765,9.736325309,490,23,457,30,513,487
48,1000,10,7.7,28,78,947,31,10,12,53,8.546079628,99,108,10.51958835,9.213163641,7.935933385,9.161126645,481,21,466,32,502,498
50,1000,10,7.7,28,79,953,29,8,10,47,8.788920632,95,104,10.66228357,9.080969425,8.530459214,9.044299011,475,22,478,25,497,503
49,1000,10,7.7,28,65,948,27,12,13,52,8.891631736,104,132,10.70223242,9.126254382,8.084414488,9.74194477,490,23,458,29,513,487
50,1000,10,7.7,28,80,954,28,8,10,46,8.77852742,81,90,10.67288344,9.080801441,8.547107353,9.007187009,475,22,479,24,497,503
48,1000,10,7.7,28,79,945,33,10,12,55,8.599021334,94,116,10.52454307,9.246148542,8.028391224,9.174234819,480,22,465,33,502,498
50,1000,10,7.7,28,81,953,29,8,10,47,8.820232057,89,120,10.66829988,9.090945808,8.585351968,9.052310394,475,22,478,25,497,503
49,1000,10,7.7,28,66,949,26,10,15,51,8.907564754,113,87,10.68689885,9.117274189,8.090371861,9.768386015,491,22,458,29,513,487
48,1000,10,7.7,28,80,945,33,10,12,55,8.624611288,90,117,10.5141543,9.236814386,8.098562864,9.154885001,480,22,465,33,502,498
50,1000,10,7.7,28,82,953,29,8,10,47,8.83509629,99,115,10.67685508,9.105457068,8.610809399,9.05670779,475,22,478,25,497,503
48,1000,10,7.7,28,81,945,33,9,13,55,8.663516007,100,123,10.51291958,9.24203471,8.146188071,9.184999186,480,22,465,33,502,498
49,1000,10,7.7,28,67,949,26,10,15,51,8.948490233,81,117,10.69720198,9.11027317,8.09391844,9.848685982,491,22,458,29,513,487
50,1000,10,7.7,28,83,952,31,8,9,48,8.873540636,106,109,10.66736282,9.123145007,8.665586746,9.079013963,474,23,478,25,497,503
48,1000,10,7.7,28,82,947,32,10,11,53,8.663943421,106,109,10.53892419,9.2557264,8.167036126,9.16484194,481,21,466,32,502,498
49,1000,10,7.7,28,68,949,26,10,15,51,8.948694538,98,118,10.71304098,9.127743264,8.101234736,9.841398601,491,22,458,29,513,487
50,1000,10,7.7,28,84,952,30,9,9,48,8.902062095,101,109,10.69851088,9.118700881,8.690467848,9.111132354,474,23,478,25,497,503
48,1000,10,7.7,28,83,948,30,11,11,52,8.659793382,105,104,10.5448649,9.250334642,8.133565944,9.190247547,481,21,467,31,502,498
49,1000,10,7.7,28,69,949,26,10,15,51,8.969990808,99,122,10.73604176,9.11772759,8.128783853,9.856108195,491,22,458,29,513,487
50,1000,10,7.7,28,85,950,32,9,9,50,8.918708631,94,106,10.71693357,9.107817855,8.711479027,9.123466311,474,23,476,27,497,503
48,1000,10,7.7,28,84,947,31,11,11,53,8.66391537,108,91,10.52437322,9.260936352,8.151211753,9.180737089,480,22,467,31,502,498
49,1000,10,7.7,28,70,950,25,10,15,50,8.998800023,93,113,10.71574986,9.126139893,8.156785646,9.88576794,491,22,459,28,513,487
50,1000,10,7.7,28,86,949,33,9,9,51,8.936961875,96,115,10.7437942,9.118225885,8.769598079,9.102329283,473,24,476,27,497,503
48,1000,10,7.7,28,85,946,32,11,11,54,8.651298859,102,111,10.50525867,9.254548853,8.141813221,9.164876751,479,23,467,31,502,498
50,1000,10,7.7,28,87,948,35,9,8,52,8.952124242,106,115,10.73290384,9.13995412,8.775266444,9.126872404,473,24,475,28,497,503
49,1000,10,7.7,28,71,951,24,10,15,49,9.017103866,88,106,10.71751256,9.122436369,8.20300554,9.874665348,492,21,459,28,513,487
48,1000,10,7.7,28,86,946,32,10,12,54,8.652095899,91,126,10.51806889,9.263374398,8.147328289,9.160917867,479,23,467,31,502,498
50,1000,10,7.7,28,88,949,35,8,8,51,8.967435964,93,105,10.73534013,9.174717922,8.811742791,9.121271962,473,24,476,27,497,503
49,1000,10,7.7,28,72,952,23,10,15,48,8.999736403,94,116,10.72360678,9.126749664,8.174024559,9.869531425,492,21,460,27,513,487
48,1000,10,7.7,28,87,946,33,8,13,54,8.673876227,93,118,10.53846538,9.269617699,8.159101405,9.192785786,479,23,467,31,502,498
50,1000,10,7.7,28,89,950,35,7,8,50,8.941003854,95,103,10.72850769,9.173589505,8.771628182,9.10835914,474,23,476,27,497,503
49,1000,10,7.7,28,73,952,23,10,15,48,9.024555081,96,117,10.72582915,9.121989773,8.18669621,9.907145637,492,21,460,27,513,487
48,1000,10,7.7,28,88,946,34,7,13,54,8.663069358,94,107,10.53980421,9.263947886,8.17736271,9.152677264,478,24,468,30,502,498
50,1000,10,7.7,28,90,950,35,7,8,50,8.911252347,95,113,10.73303642,9.172098517,8.729448078,9.090887976,474,23,476,27,497,503
49,1000,10,7.7,28,74,951,24,10,15,49,9.03766657,107,115,10.73030591,9.134593035,8.202461916,9.917461204,492,21,459,28,513,487
48,1000,10,7.7,28,89,946,34,7,13,54,8.68652126,98,109,10.535917,9.266779924,8.224796013,9.151955144,478,24,468,30,502,498
50,1000,10,7.7,28,91,950,36,6,8,50,8.92526854,82,106,10.74068934,9.194799901,8.748593612,9.099836013,473,24,477,26,497,503
48,1000,10,7.7,28,90,946,33,8,13,54,8.714943657,91,117,10.52826742,9.265281932,8.231967412,9.201799229,478,24,468,30,502,498
49,1000,10,7.7,28,75,951,24,11,14,49,9.017093359,100,114,10.74247554,9.121300578,8.184662321,9.893966301,492,21,459,28,513,487
50,1000,10,7.7,28,92,951,35,5,9,49,8.949530768,106,104,10.74407494,9.213334943,8.806134039,9.091217001,473,24,478,25,497,503
48,1000,10,7.7,28,91,944,35,8,13,56,8.743601244,90,94,10.54241118,9.277022951,8.266538925,9.224495388,476,26,468,30,502,498
50,1000,10,7.7,28,93,951,35,5,9,49,9.003795392,77,112,10.74152517,9.200187784,8.836758863,9.168839438,473,24,478,25,497,503
49,1000,10,7.7,28,76,949,25,12,14,51,9.05340925,93,112,10.75485484,9.130357824,8.218080489,9.933334619,491,22,458,29,513,487
48,1000,10,7.7,28,92,946,32,9,13,54,8.764722626,116,125,10.53777102,9.285884099,8.282881096,9.250434368,477,25,469,29,502,498
50,1000,10,7.7,28,94,951,34,6,9,49,9.024648555,106,123,10.74330813,9.199677457,8.8362611,9.210788843,473,24,478,25,497,503
49,1000,10,7.7,28,77,949,25,12,14,51,9.110309291,100,118,10.7587404,9.120791025,8.266980717,9.998661568,491,22,458,29,513,487
48,1000,10,7.7,28,93,947,31,9,13,53,8.784749595,102,112,10.55681699,9.297194914,8.319870497,9.253362661,477,25,470,28,502,498
50,1000,10,7.7,28,95,951,34,6,9,49,9.078250576,105,108,10.73553653,9.204033437,8.849325571,9.304444865,473,24,478,25,497,503
49,1000,10,7.7,28,78,949,25,12,14,51,9.0964261,99,118,10.7605331,9.122875926,8.268955943,9.968073309,491,22,458,29,513,487
48,1000,10,7.7,28,94,946,32,9,13,54,8.800188444,110,119,10.54920983,9.298121205,8.379699799,9.224054507,476,26,470,28,502,498
50,1000,10,7.7,28,96,951,34,6,9,49,9.110399322,104,106,10.76260023,9.229002095,8.877616867,9.340405048,473,24,478,25,497,503
49,1000,10,7.7,28,79,947,27,12,14,53,9.15580621,95,99,10.78198129,9.136996448,8.352754802,10.001731,490,23,457,30,513,487
50,1000,10,7.7,28,97,952,33,6,9,48,9.110189231,99,116,10.77224252,9.248073681,8.895811772,9.322009503,473,24,479,24,497,503
48,1000,10,7.7,28,95,946,32,9,13,54,8.81621048,105,109,10.54265813,9.303703912,8.394547465,9.241260347,476,26,470,28,502,498
49,1000,10,7.7,28,80,947,28,12,13,53,9.143389102,81,116,10.79800554,9.135907134,8.330055147,10.0001454,490,23,457,30,513,487
50,1000,10,7.7,28,98,952,33,6,9,48,9.123762238,86,106,10.77111575,9.250879264,8.913401912,9.331613295,473,24,479,24,497,503
48,1000,10,7.7,28,96,946,31,10,13,54,8.831801638,90,114,10.56652995,9.309001835,8.429469711,9.237365148,476,26,470,28,502,498
49,1000,10,7.7,28,81,945,30,12,13,55,9.17439594,88,109,10.80038735,9.132315182,8.362596284,10.02953603,488,25,457,30,513,487
50,1000,10,7.7,28,99,950,34,7,9,50,9.15597855,79,93,10.773621,9.251585513,8.948980012,9.360507921,473,24,477,26,497,503
48,1000,10,7.7,28,97,945,30,12,13,55,8.872412579,105,99,10.57064573,9.304357126,8.439909636,9.308389442,476,26,469,29,502,498
50,1000,10,7.7,28,100,950,34,7,9,50,9.167720873,100,114,10.78058763,9.249406034,8.988101647,9.345197523,473,24,477,26,497,503
49,1000,10,7.7,28,82,944,32,12,12,56,9.202653345,93,114,10.79972492,9.136679762,8.401446261,10.04663534,488,25,456,31,513,487
48,1000,10,7.7,28,98,946,30,12,12,54,8.867100148,105,135,10.57278016,9.308323018,8.486970969,9.250282573,476,26,470,28,502,498
50,1000,10,7.7,28,101,950,34,7,9,50,9.143013763,106,150,10.77005039,9.250560046,8.944231593,9.339424774,474,23,476,27,497,503
49,1000,10,7.7,28,83,944,32,13,11,56,9.191367016,92,104,10.78739582,9.137793399,8.388216372,10.03739634,488,25,456,31,513,487
48,1000,10,7.7,28,99,945,31,12,12,55,8.918646795,93,110,10.57880565,9.321833163,8.553335451,9.286892368,475,27,470,28,502,498
50,1000,10,7.7,28,102,950,33,8,9,50,9.140658525,114,109,10.79167185,9.259873747,8.940360523,9.338567286,474,23,476,27,497,503
48,1000,10,7.7,28,100,944,31,13,12,56,8.936581584,102,107,10.5820193,9.336694111,8.561075605,9.315103676,475,27,469,29,502,498
49,1000,10,7.7,28,84,944,32,12,12,56,9.256135565,115,108,10.79316127,9.156164618,8.444620225,10.11097616,488,25,456,31,513,487
50,1000,10,7.7,28,103,951,32,8,9,49,9.131249724,111,129,10.80564384,9.273064392,8.939102303,9.321105128,474,23,477,26,497,503
48,1000,10,7.7,28,101,942,32,14,12,58,9.014563605,96,108,10.5805871,9.331196061,8.603397465,9.429032285,475,27,467,31,502,498
49,1000,10,7.7,28,85,944,32,13,11,56,9.295933157,98,101,10.81239832,9.15533766,8.474458331,10.16126495,488,25,456,31,513,487
50,1000,10,7.7,28,104,951,31,9,9,49,9.174727965,118,109,10.80505929,9.272346967,8.954826792,9.392006061,474,23,477,26,497,503
48,1000,10,7.7,28,102,942,33,14,11,58,9.047198936,94,110,10.59762294,9.340900757,8.623176109,9.474627568,475,27,467,31,502,498
49,1000,10,7.7,28,86,942,34,13,11,58,9.327297484,95,102,10.81876677,9.160150318,8.500124047,10.19863213,487,26,455,32,513,487
48,1000,10,7.7,28,103,942,34,14,10,58,9.025321265,89,117,10.61339138,9.337481628,8.616558711,9.437367053,475,27,467,31,502,498
49,1000,10,7.7,28,87,941,35,13,11,59,9.370290379,97,119,10.82445875,9.161828292,8.538927019,10.24603864,486,27,455,32,513,487
48,1000,10,7.7,28,104,942,32,16,10,58,9.06257845,98,118,10.62007818,9.344731861,8.66134913,9.467030496,475,27,467,31,502,498
49,1000,10,7.7,28,88,942,35,13,10,58,9.380983415,82,101,10.84274042,9.167678291,8.54367203,10.26299726,486,27,456,31,513,487
49,1000,10,7.7,28,89,941,36,13,10,59,9.3997012,109,118,10.85753345,9.167645896,8.56138316,10.28277544,486,27,455,32,513,487
49,1000,10,7.7,28,90,941,36,13,10,59,9.42019074,90,120,10.86311624,9.176413603,8.585186245,10.29977453,486,27,455,32,513,487
49,1000,10,7.7,28,91,942,35,13,10,58,9.432847007,94,100,10.86943287,9.188994396,8.619799802,10.28930125,486,27,456,31,513,487
49,1000,10,7.7,28,92,942,35,13,10,58,9.441919854,86,122,10.90596907,9.204768929,8.648597269,10.27759642,487,26,455,32,513,487
49,1000,10,7.7,28,93,942,34,14,10,58,9.504460333,90,108,10.91009296,9.187596647,8.719186264,10.33165868,487,26,455,32,513,487
49,1000,10,7.7,28,94,941,35,13,11,59,9.543623671,101,102,10.90998437,9.187431241,8.741033139,10.38906298,488,25,453,34,513,487
49,1000,10,7.7,28,95,941,35,13,11,59,9.543716109,99,109,10.91680741,9.199949655,8.725547574,10.4055651,488,25,453,34,513,487
49,1000,10,7.7,28,96,941,36,13,10,59,9.551213099,100,133,10.92656227,9.201550318,8.722098775,10.42459225,488,25,453,34,513,487
49,1000,10,7.7,28,97,941,35,14,10,59,9.555389251,89,116,10.92777386,9.21503632,8.703862033,10.45237788,488,25,453,34,513,487
49,1000,10,7.7,28,98,938,38,12,12,62,9.596374323,99,108,10.93041222,9.207414431,8.728450654,10.51063478,488,25,450,37,513,487
49,1000,10,7.7,28,99,937,39,12,12,63,9.620464305,100,115,10.92995849,9.217524231,8.741405957,10.5464539,488,25,449,38,513,487
49,1000,10,7.7,28,100,937,38,13,12,63,9.651043678,101,117,10.92557614,9.213714686,8.803897509,10.54341736,487,26,450,37,513,487
49,1000,10,7.7,28,101,935,39,14,12,65,9.666725049,103,110,10.94748518,9.210894055,8.854624685,10.5221819,485,28,450,37,513,487
49,1000,10,7.7,28,102,935,40,14,11,65,9.697613415,100,117,10.95792329,9.204439573,8.894445948,10.54366046,485,28,450,37,513,487
49,1000,10,7.7,28,103,934,41,14,11,66,9.707114949,93,130,10.95780379,9.217771366,8.909042876,10.54779457,484,29,450,37,513,487
49,1000,10,7.7,28,104,934,41,14,11,66,9.739930466,92,131,10.9506491,9.228350432,8.93410167,10.58878092,484,29,450,37,513,487
