[run number],initial-people,environment,healthy-treatment-chance,dep-treatment-chance,[step],"count turtles with [ severity = ""No Depression"" ]","count turtles with [ severity = ""Mild Depression"" ]","count turtles with [ severity = ""Moderate Depression"" ]","count turtles with [ severity = ""Severe Depression"" ]","count turtles with [ severity != ""No Depression"" ]",mean [ dep-score ] of turtles,count turtles with [ treatment? ],count turtles with [ talks? ],mean [ prob-of-talking ] of turtles,mean [ prob-of-treatment ] of turtles,"mean [ dep-score ] of turtles with [ gender? = ""male"" ]","mean [ dep-score ] of turtles with [ gender? = ""female"" ]","count turtles with [ severity = ""No Depression"" and gender? = ""male"" ]","count turtles with [ severity != ""No Depression"" and gender? = ""male"" ]","count turtles with [ severity = ""No Depression"" and gender? = ""female"" ]","count turtles with [ severity != ""No Depression"" and gender? = ""female"" ]","count turtles with [ gender? = ""male"" ]","count turtles with [ gender? = ""female"" ]"
5,1000,60,7.7,28,0,943,27,21,9,57,7.234,110,629,59.69771748,8.861938324,6.546534653,7.935353535,483,22,460,35,505,495
2,1000,60,7.7,28,0,947,24,17,12,53,6.798,91,627,59.87062741,8.845583469,6.128099174,7.426356589,465,19,482,34,484,516
4,1000,60,7.7,28,0,944,30,11,15,56,6.927,80,607,60.06857092,8.775046436,5.933333333,7.844230769,466,14,478,42,480,520
8,1000,60,7.7,28,0,934,38,17,11,66,7.077,99,627,60.15784758,9.009278591,6.552521008,7.553435115,449,27,485,39,476,524
6,1000,60,7.7,28,0,942,30,14,14,58,7.226,84,582,60.23161281,9.019673984,6.355691057,8.068897638,470,22,472,36,492,508
7,1000,60,7.7,28,0,938,33,13,16,62,7.135,77,608,59.97294737,8.961307283,6.471193416,7.762645914,460,26,478,36,486,514
3,1000,60,7.7,28,0,948,19,15,18,52,7.077,86,593,60.27608966,8.71040103,6.090163934,8.017578125,471,17,477,35,488,512
1,1000,60,7.7,28,0,940,26,20,14,60,7.351,91,607,60.04644576,8.92968187,6.845188285,7.814176245,454,24,486,36,478,522
5,1000,60,7.7,28,1,943,28,21,8,57,7.24998491,76,607,59.75493947,8.883295083,6.547770681,7.966385285,483,22,460,35,505,495
6,1000,60,7.7,28,1,941,29,16,14,59,7.266122855,93,618,60.25851544,9.044666258,6.438727763,8.067458258,469,23,472,36,492,508
8,1000,60,7.7,28,1,937,36,17,10,63,7.088867737,100,604,60.20201552,9.025964158,6.601806656,7.531312536,451,25,486,38,476,524
3,1000,60,7.7,28,1,949,18,15,18,51,7.064604718,96,603,60.31118602,8.724979728,6.075461705,8.007381652,471,17,478,34,488,512
7,1000,60,7.7,28,1,940,31,13,16,60,7.12380709,84,612,60.0291379,8.981812714,6.468897493,7.743040678,462,24,478,36,486,514
2,1000,60,7.7,28,1,951,22,16,11,49,6.772359717,86,611,59.9109317,8.857473679,6.110837079,7.392857694,467,17,484,32,484,516
4,1000,60,7.7,28,1,944,30,11,15,56,6.94188683,78,613,60.08165,8.783241403,5.963695104,7.844833038,466,14,478,42,480,520
1,1000,60,7.7,28,1,939,27,20,14,61,7.358021767,91,607,60.08969756,8.947239279,6.84655908,7.826372657,453,25,486,36,478,522
5,1000,60,7.7,28,2,947,24,19,10,53,7.230983076,95,600,59.80595974,8.929892213,6.532925932,7.943142384,485,20,462,33,505,495
8,1000,60,7.7,28,2,937,38,17,8,63,7.084928582,101,612,60.22534139,9.04658391,6.596683194,7.528449201,451,25,486,38,476,524
6,1000,60,7.7,28,2,942,28,16,14,58,7.308146332,91,606,60.30908297,9.054904376,6.454924952,8.134494598,469,23,473,35,492,508
3,1000,60,7.7,28,2,949,18,15,18,51,7.077836594,90,626,60.36809745,8.754858492,6.06987787,8.038547253,471,17,478,34,488,512
2,1000,60,7.7,28,2,953,19,17,11,47,6.806991333,94,594,59.93880843,8.859231176,6.140850544,7.431821065,469,15,484,32,484,516
4,1000,60,7.7,28,2,945,29,10,16,55,6.933222343,83,606,60.14614341,8.813912552,5.983536558,7.809855376,466,14,479,41,480,520
7,1000,60,7.7,28,2,945,27,12,16,55,7.098533541,109,628,60.07958465,9.021027717,6.45186493,7.709975068,464,22,481,33,486,514
1,1000,60,7.7,28,2,940,26,21,13,60,7.389919581,95,614,60.13738156,8.968476668,6.889755182,7.847924529,454,24,486,36,478,522
5,1000,60,7.7,28,3,947,24,19,10,53,7.254425227,107,591,59.81954512,8.938292781,6.572839158,7.949780713,485,20,462,33,505,495
8,1000,60,7.7,28,3,938,38,16,8,62,7.086983912,80,599,60.29132779,9.063857577,6.568956541,7.557558395,452,24,486,38,476,524
6,1000,60,7.7,28,3,943,28,15,14,57,7.348649528,95,616,60.37914265,9.07028097,6.491353966,8.178943655,469,23,474,34,492,508
3,1000,60,7.7,28,3,950,18,14,18,50,7.10232315,98,621,60.40106757,8.759063726,6.060378496,8.095426647,472,16,478,34,488,512
2,1000,60,7.7,28,3,952,20,17,11,48,6.878835511,87,616,59.97386781,8.869897061,6.188428858,7.526426247,469,15,483,33,484,516
4,1000,60,7.7,28,3,945,29,10,16,55,6.980128616,106,590,60.18585472,8.813076398,6.052132736,7.836740198,466,14,479,41,480,520
7,1000,60,7.7,28,3,947,26,11,16,53,7.078886789,93,599,60.11447006,9.052600694,6.447933411,7.675469166,465,21,482,32,486,514
5,1000,60,7.7,28,4,948,23,19,10,52,7.29532563,87,611,59.86325557,8.962417606,6.63545319,7.968528826,485,20,463,32,505,495
1,1000,60,7.7,28,3,940,26,21,13,60,7.412843111,99,619,60.17404379,8.967353507,6.90525846,7.877642849,454,24,486,36,478,522
8,1000,60,7.7,28,4,938,37,17,8,62,7.114969053,85,584,60.33357066,9.109742361,6.64202478,7.544590187,452,24,486,38,476,524
6,1000,60,7.7,28,4,945,28,13,14,55,7.340043647,79,616,60.42536112,9.09638353,6.517406228,8.136771226,469,23,476,32,492,508
3,1000,60,7.7,28,4,950,18,15,17,50,7.142644482,101,591,60.431985,8.773837753,6.129924013,8.107893679,472,16,478,34,488,512
2,1000,60,7.7,28,4,951,20,18,11,49,6.942844828,101,596,60.02414141,8.894443559,6.226103972,7.615136638,469,15,482,34,484,516
4,1000,60,7.7,28,4,946,28,10,16,54,6.983542954,104,575,60.21300141,8.81563843,6.060921774,7.835193274,466,14,480,40,480,520
7,1000,60,7.7,28,4,949,25,9,17,51,7.070008359,73,599,60.16715344,9.071503071,6.43982922,7.665858674,466,20,483,31,486,514
5,1000,60,7.7,28,5,948,24,19,9,52,7.312808216,89,596,59.87155613,8.974131052,6.676044113,7.962436239,485,20,463,32,505,495
8,1000,60,7.7,28,5,938,37,18,7,62,7.144477906,82,585,60.37553162,9.123075113,6.69204313,7.555468275,452,24,486,38,476,524
6,1000,60,7.7,28,5,945,27,14,14,55,7.397353132,105,597,60.47402228,9.109154936,6.575559327,8.193263668,469,23,476,32,492,508
1,1000,60,7.7,28,4,944,25,19,12,56,7.392377181,105,601,60.19460058,8.996034494,6.910915074,7.833256275,455,23,489,33,478,522
3,1000,60,7.7,28,5,951,18,15,16,49,7.174853038,100,627,60.45784907,8.792455134,6.171511945,8.131162517,472,16,479,33,488,512
2,1000,60,7.7,28,5,951,18,20,11,49,6.974746627,107,642,60.06961911,8.933514069,6.266290675,7.639267327,469,15,482,34,484,516
4,1000,60,7.7,28,5,950,26,8,16,50,6.963509221,100,636,60.25660803,8.824943363,6.075353401,7.783345362,467,13,483,37,480,520
7,1000,60,7.7,28,5,953,25,7,15,47,7.029019673,87,636,60.2212532,9.105197791,6.41560102,7.609022524,469,17,484,30,486,514
6,1000,60,7.7,28,6,946,26,14,14,54,7.464408053,101,620,60.5323102,9.126227175,6.601680278,8.2999633,469,23,477,31,492,508
5,1000,60,7.7,28,6,948,24,19,9,52,7.335039238,100,634,59.91534036,8.965712281,6.71155121,7.971122985,485,20,463,32,505,495
1,1000,60,7.7,28,5,948,22,18,12,52,7.392282219,94,603,60.22139437,9.036156119,6.908593908,7.835199867,456,22,492,30,478,522
2,1000,60,7.7,28,6,955,16,18,11,45,6.952498915,92,616,60.08218511,8.958237324,6.226120319,7.633830776,471,13,484,32,484,516
4,1000,60,7.7,28,6,950,26,7,17,50,7.019162197,91,613,60.32732036,8.850791691,6.143359047,7.827595874,467,13,483,37,480,520
3,1000,60,7.7,28,6,951,18,15,16,49,7.199430175,94,593,60.47691185,8.795091071,6.172602541,8.178125263,472,16,479,33,488,512
8,1000,60,7.7,28,6,939,36,17,8,61,7.163620137,102,613,60.4316699,9.157308547,6.702626306,7.582385525,453,23,486,38,476,524
7,1000,60,7.7,28,6,953,24,8,15,47,7.063159139,89,599,60.27251643,9.124113801,6.435995953,7.656157793,469,17,484,30,486,514
6,1000,60,7.7,28,7,949,25,12,14,51,7.471660776,95,608,60.54910793,9.155757875,6.611675436,8.304559963,471,21,478,30,492,508
5,1000,60,7.7,28,7,949,24,18,9,51,7.350793545,90,601,59.93635471,8.976452904,6.713412457,8.001051018,486,19,463,32,505,495
4,1000,60,7.7,28,7,952,25,7,16,48,6.98529321,81,579,60.35459464,8.859927262,6.140395999,7.765198327,467,13,485,35,480,520
2,1000,60,7.7,28,7,954,17,18,11,46,6.981222335,92,619,60.1174564,8.974139301,6.264046472,7.653922175,470,14,484,32,484,516
1,1000,60,7.7,28,6,948,23,18,11,52,7.389617672,109,567,60.24746962,9.052068802,6.940575908,7.800809173,456,22,492,30,478,522
8,1000,60,7.7,28,7,942,34,17,7,58,7.148831464,98,608,60.46698294,9.18160005,6.649171811,7.602720766,456,20,486,38,476,524
7,1000,60,7.7,28,7,953,24,8,15,47,7.097787535,110,594,60.32879258,9.114501248,6.456326606,7.704305067,469,17,484,30,486,514
3,1000,60,7.7,28,7,952,17,15,16,48,7.221080809,98,602,60.49191131,8.81153742,6.204373562,8.190129903,472,16,480,32,488,512
6,1000,60,7.7,28,8,952,24,10,14,48,7.479473295,97,603,60.59333124,9.161392117,6.605223268,8.326187888,473,19,479,29,492,508
4,1000,60,7.7,28,8,952,25,8,15,48,6.981572084,95,589,60.39422464,8.880691093,6.159718838,7.740205848,467,13,485,35,480,520
5,1000,60,7.7,28,8,950,24,17,9,50,7.365989719,102,602,59.95235447,9.017885968,6.734007108,8.010739656,486,19,464,31,505,495
2,1000,60,7.7,28,8,954,17,18,11,46,7.01481129,97,614,60.15175397,8.995524083,6.290262967,7.694426384,470,14,484,32,484,516
7,1000,60,7.7,28,8,953,24,8,15,47,7.10136827,96,606,60.39289559,9.114738314,6.451295916,7.716028123,469,17,484,30,486,514
8,1000,60,7.7,28,8,943,34,16,7,57,7.179880456,103,613,60.5257307,9.222648022,6.692714241,7.622420758,456,20,487,37,476,524
1,1000,60,7.7,28,7,947,24,18,11,53,7.394154804,105,586,60.28323661,9.068643428,6.919219226,7.829057497,455,23,492,30,478,522
3,1000,60,7.7,28,8,954,17,13,16,46,7.244996595,97,606,60.52666143,8.830761038,6.257215987,8.186474987,472,16,482,30,488,512
6,1000,60,7.7,28,9,953,23,10,14,47,7.502091082,114,596,60.61262779,9.18427529,6.652053269,8.32535605,472,20,481,27,492,508
4,1000,60,7.7,28,9,953,25,8,14,47,6.957988479,102,606,60.45219917,8.899826358,6.159919663,7.694667387,467,13,486,34,480,520
5,1000,60,7.7,28,9,951,24,17,8,49,7.372938686,114,588,60.01459701,9.06200894,6.766763075,7.991360269,486,19,465,30,505,495
2,1000,60,7.7,28,9,953,17,19,11,47,7.04702884,97,619,60.19941496,9.017807015,6.318295355,7.730569551,469,15,484,32,484,516
7,1000,60,7.7,28,9,951,27,8,14,49,7.086908908,94,608,60.42594124,9.125681218,6.452570322,7.686692085,468,18,483,31,486,514
8,1000,60,7.7,28,9,944,34,16,6,56,7.206592714,95,606,60.5617118,9.261532018,6.705950977,7.66137414,456,20,488,36,476,524
1,1000,60,7.7,28,8,949,23,18,10,51,7.417600467,97,623,60.3251742,9.085896675,6.957164847,7.839225421,455,23,494,28,478,522
3,1000,60,7.7,28,9,952,19,13,16,48,7.281640824,88,600,60.5896888,8.855915644,6.30235026,8.215027142,472,16,480,32,488,512
6,1000,60,7.7,28,10,955,21,10,14,45,7.500396632,92,586,60.64692661,9.21008945,6.645115104,8.32874016,473,19,482,26,492,508
4,1000,60,7.7,28,10,954,26,6,14,46,6.973699533,95,607,60.5156245,8.92187184,6.188501892,7.698497355,467,13,487,33,480,520
2,1000,60,7.7,28,10,955,16,18,11,45,7.060200556,92,604,60.24684924,9.062527375,6.319458109,7.755005487,470,14,485,31,484,516
7,1000,60,7.7,28,10,951,26,9,14,49,7.116103711,91,616,60.4902317,9.131992697,6.500768576,7.697918645,468,18,483,31,486,514
5,1000,60,7.7,28,10,952,23,17,8,48,7.395508959,100,605,60.06591985,9.093942264,6.792136913,8.01107034,486,19,466,29,505,495
8,1000,60,7.7,28,10,944,34,16,6,56,7.218825828,87,594,60.60381154,9.281782887,6.713620435,7.677752864,456,20,488,36,476,524
6,1000,60,7.7,28,11,955,21,10,14,45,7.532599106,93,591,60.70434127,9.230480591,6.669767848,8.368254576,473,19,482,26,492,508
3,1000,60,7.7,28,10,953,18,13,16,47,7.285606775,104,633,60.63058639,8.875482305,6.308338052,8.217066027,473,15,480,32,488,512
1,1000,60,7.7,28,9,948,24,16,12,52,7.46679792,81,606,60.35865983,9.122313942,7.028534824,7.868119299,455,23,493,29,478,522
4,1000,60,7.7,28,11,954,25,7,14,46,7.005818414,106,610,60.58437421,8.949879436,6.223309268,7.728134549,467,13,487,33,480,520
7,1000,60,7.7,28,11,952,25,9,14,48,7.141841402,100,612,60.51111249,9.149319902,6.550387629,7.701075903,469,17,483,31,486,514
2,1000,60,7.7,28,11,956,15,18,11,44,7.079376575,92,608,60.29758395,9.083158825,6.345023055,7.768188792,470,14,486,30,484,516
5,1000,60,7.7,28,11,953,24,14,9,47,7.415751756,89,605,60.11149958,9.127498379,6.79923832,8.044720008,486,19,467,28,505,495
8,1000,60,7.7,28,11,946,33,15,6,54,7.220449309,90,594,60.66064256,9.312039195,6.712312821,7.682038943,458,18,488,36,476,524
6,1000,60,7.7,28,12,954,23,10,13,46,7.560181473,104,624,60.73101641,9.273554166,6.740992863,8.353568867,473,19,481,27,492,508
3,1000,60,7.7,28,11,956,16,12,16,44,7.262314092,106,628,60.66655192,8.8779358,6.272660984,8.20557721,474,14,482,30,488,512
1,1000,60,7.7,28,10,948,24,16,12,52,7.501787304,97,625,60.38446864,9.142511867,7.055253757,7.910682008,455,23,493,29,478,522
4,1000,60,7.7,28,12,954,25,7,14,46,7.051222869,103,598,60.61024521,8.966486797,6.274910115,7.767819258,467,13,487,33,480,520
7,1000,60,7.7,28,12,952,25,9,14,48,7.150428548,98,623,60.54056496,9.149271878,6.507493923,7.758339497,470,16,482,32,486,514
8,1000,60,7.7,28,12,946,33,15,6,54,7.230672471,104,578,60.71457687,9.335856001,6.681809835,7.729257614,458,18,488,36,476,524
2,1000,60,7.7,28,12,957,15,17,11,43,7.119271136,105,620,60.32142962,9.105981351,6.422070932,7.773234117,470,14,487,29,484,516
5,1000,60,7.7,28,12,952,25,14,9,48,7.457572932,96,636,60.14868525,9.150409287,6.837739815,8.08992793,486,19,466,29,505,495
6,1000,60,7.7,28,13,954,23,10,13,46,7.564101895,108,625,60.76486544,9.277337051,6.754442721,8.348259993,473,19,481,27,492,508
3,1000,60,7.7,28,12,956,16,12,16,44,7.281354928,84,588,60.70454278,8.905661226,6.302249494,8.214564794,474,14,482,30,488,512
4,1000,60,7.7,28,13,956,25,7,12,44,7.060104614,111,605,60.63527452,8.980254565,6.314743135,7.748130595,467,13,489,31,480,520
1,1000,60,7.7,28,11,946,26,16,12,54,7.544676203,85,597,60.39800755,9.18987221,7.130846382,7.923623816,454,24,492,30,478,522
7,1000,60,7.7,28,13,952,25,10,13,48,7.184684396,116,604,60.56704868,9.16775745,6.547009783,7.787621871,470,16,482,32,486,514
8,1000,60,7.7,28,13,946,33,15,6,54,7.277456463,107,601,60.77072828,9.3543542,6.720550097,7.783348505,458,18,488,36,476,524
2,1000,60,7.7,28,13,957,15,17,11,43,7.142906402,101,613,60.36150618,9.124955256,6.45122171,7.791695919,470,14,487,29,484,516
5,1000,60,7.7,28,13,951,26,14,9,49,7.499349517,106,637,60.18302995,9.202273218,6.890899096,8.120091865,486,19,465,30,505,495
6,1000,60,7.7,28,14,954,23,10,13,46,7.608274604,96,610,60.79479048,9.297052924,6.799191061,8.391875201,473,19,481,27,492,508
3,1000,60,7.7,28,13,956,16,12,16,44,7.300783615,102,608,60.73640735,8.916488702,6.321124115,8.234521575,474,14,482,30,488,512
4,1000,60,7.7,28,14,958,23,7,12,42,7.062209115,100,612,60.70140477,8.997810645,6.336298883,7.732280099,467,13,491,29,480,520
1,1000,60,7.7,28,12,946,27,15,12,54,7.561626114,86,601,60.41425387,9.202462616,7.180435446,7.910685767,454,24,492,30,478,522
7,1000,60,7.7,28,14,951,26,10,13,49,7.209727368,83,609,60.6004137,9.19094483,6.533395139,7.849216596,470,16,481,33,486,514
8,1000,60,7.7,28,14,946,33,15,6,54,7.286146889,87,607,60.81360956,9.387505444,6.732334657,7.789228229,458,18,488,36,476,524
2,1000,60,7.7,28,14,958,15,16,11,42,7.137659131,101,624,60.40140391,9.150809418,6.4626298,7.770826178,470,14,488,28,484,516
5,1000,60,7.7,28,14,951,27,13,9,49,7.523732409,93,616,60.188192,9.225295679,6.918372952,8.14132135,486,19,465,30,505,495
6,1000,60,7.7,28,15,954,22,11,13,46,7.61974794,102,637,60.83497527,9.318091069,6.817731918,8.396503615,473,19,481,27,492,508
3,1000,60,7.7,28,14,957,16,11,16,43,7.335277933,82,585,60.77241742,8.939605254,6.353187143,8.271333218,475,13,482,30,488,512
4,1000,60,7.7,28,15,957,25,7,11,43,7.078364781,68,617,60.7710104,9.023726825,6.347449272,7.753056021,467,13,490,30,480,520
7,1000,60,7.7,28,15,951,27,9,13,49,7.1971057,101,606,60.64377529,9.215208922,6.527834182,7.829918847,470,16,481,33,486,514
1,1000,60,7.7,28,13,945,30,14,11,55,7.568338394,95,625,60.46577658,9.199603748,7.159815478,7.942426428,454,24,491,31,478,522
8,1000,60,7.7,28,15,945,34,15,6,55,7.298100494,94,601,60.82204201,9.422077893,6.765550532,7.781867253,457,19,488,36,476,524
2,1000,60,7.7,28,15,957,16,15,12,43,7.179821878,95,625,60.43938526,9.18371745,6.517055218,7.801486731,470,14,487,29,484,516
6,1000,60,7.7,28,16,955,21,11,13,45,7.636142971,94,639,60.87244294,9.344191811,6.817148794,8.429342056,474,18,481,27,492,508
5,1000,60,7.7,28,15,953,26,12,9,47,7.549401459,106,577,60.22529759,9.24729016,6.960659966,8.150036719,487,18,466,29,505,495
3,1000,60,7.7,28,15,958,16,11,15,42,7.351591438,94,635,60.79070482,8.977243436,6.376408365,8.281062804,475,13,483,29,488,512
4,1000,60,7.7,28,16,957,25,7,11,43,7.130012411,98,620,60.80760581,9.030784038,6.443798023,7.763441077,466,14,491,29,480,520
7,1000,60,7.7,28,16,950,28,9,13,50,7.221916559,97,608,60.68332713,9.248586137,6.522864319,7.882888131,470,16,480,34,486,514
8,1000,60,7.7,28,16,946,33,15,6,54,7.328834083,118,613,60.83840422,9.470816616,6.783579036,7.824142103,457,19,489,35,476,524
1,1000,60,7.7,28,14,947,28,14,11,53,7.577705439,91,592,60.51770987,9.223790466,7.145136796,7.973812356,456,22,491,31,478,522
6,1000,60,7.7,28,17,956,19,12,13,44,7.646928047,115,608,60.91631831,9.357710719,6.838013889,8.430364595,475,17,481,27,492,508
2,1000,60,7.7,28,16,956,17,15,12,44,7.213552476,94,584,60.46947692,9.202337168,6.57589089,7.811669157,469,15,487,29,484,516
5,1000,60,7.7,28,16,952,28,12,8,48,7.560914191,96,605,60.2837166,9.279675881,6.990437699,8.142915461,486,19,466,29,505,495
4,1000,60,7.7,28,17,957,25,7,11,43,7.157771943,88,605,60.84231663,9.049539455,6.471728962,7.791042386,466,14,491,29,480,520
3,1000,60,7.7,28,16,959,16,10,15,41,7.393152221,90,603,60.82503973,8.983596051,6.445975964,8.295929591,475,13,484,28,488,512
7,1000,60,7.7,28,17,952,26,9,13,48,7.248245312,100,636,60.75523048,9.272379266,6.572566714,7.887116516,471,15,481,33,486,514
8,1000,60,7.7,28,17,946,32,16,6,54,7.349129772,96,593,60.87880417,9.490962409,6.788043383,7.858818935,458,18,488,36,476,524
6,1000,60,7.7,28,18,957,19,11,13,43,7.661749172,102,586,60.96315504,9.375960678,6.897624249,8.401807169,475,17,482,26,492,508
1,1000,60,7.7,28,15,948,27,14,11,52,7.618742088,101,609,60.57530326,9.230892115,7.1916497,8.009834351,457,21,491,31,478,522
2,1000,60,7.7,28,17,955,19,15,11,45,7.237196627,98,607,60.49014753,9.213253265,6.6098027,7.825682402,469,15,486,30,484,516
5,1000,60,7.7,28,17,955,26,11,8,45,7.578396105,98,608,60.27524827,9.2940147,6.996628524,8.171916566,488,17,467,28,505,495
4,1000,60,7.7,28,18,957,25,7,11,43,7.185973152,113,617,60.86683995,9.058618126,6.499600353,7.819548044,466,14,491,29,480,520
7,1000,60,7.7,28,18,952,26,9,13,48,7.278237067,84,615,60.78458683,9.263247395,6.576087448,7.942137289,471,15,481,33,486,514
3,1000,60,7.7,28,17,957,18,10,15,43,7.428494379,94,609,60.86334103,8.991563843,6.524458637,8.290153445,473,15,484,28,488,512
8,1000,60,7.7,28,18,945,32,16,7,55,7.377111786,106,611,60.91762192,9.518553411,6.822844862,7.880606167,457,19,488,36,476,524
6,1000,60,7.7,28,19,957,19,11,13,43,7.685442143,104,627,61.01987353,9.400445083,6.940546344,8.406876657,475,17,482,26,492,508
2,1000,60,7.7,28,18,956,19,14,11,44,7.26247146,117,634,60.52498035,9.230979308,6.61926077,7.865793116,470,14,486,30,484,516
1,1000,60,7.7,28,16,949,26,14,11,51,7.652129018,112,585,60.62336488,9.24816604,7.239965411,8.029550865,457,21,492,30,478,522
5,1000,60,7.7,28,18,955,26,11,8,45,7.623826418,98,588,60.30640084,9.31395389,7.044483276,8.214873463,488,17,467,28,505,495
4,1000,60,7.7,28,19,956,25,8,11,44,7.22871062,101,616,60.90558896,9.099596447,6.563600733,7.842658208,466,14,490,30,480,520
7,1000,60,7.7,28,19,953,27,8,12,47,7.292154152,102,616,60.82902045,9.289056725,6.621799684,7.925991256,472,14,481,33,486,514
3,1000,60,7.7,28,18,959,18,9,14,41,7.414795983,109,611,60.90231613,9.020250631,6.514171024,8.273204146,474,14,485,27,488,512
6,1000,60,7.7,28,20,956,19,12,13,44,7.743560135,98,584,61.05554431,9.416105789,6.996844117,8.466757539,475,17,481,27,492,508
8,1000,60,7.7,28,19,946,34,14,6,54,7.372709654,91,621,60.95644016,9.530869909,6.804774121,7.888620558,458,18,488,36,476,524
2,1000,60,7.7,28,19,958,19,11,12,42,7.296268218,90,599,60.54022674,9.268358818,6.634428046,7.917064038,472,12,486,30,484,516
5,1000,60,7.7,28,19,958,24,10,8,42,7.60507091,104,622,60.34041995,9.33666652,7.051522773,8.169801838,490,15,468,27,505,495
4,1000,60,7.7,28,20,956,26,7,11,44,7.237753916,92,612,60.9340299,9.141597527,6.575279894,7.849268398,466,14,490,30,480,520
7,1000,60,7.7,28,20,953,28,8,11,47,7.272172364,104,598,60.87407942,9.357456446,6.606448692,7.901630934,472,14,481,33,486,514
1,1000,60,7.7,28,17,949,26,13,12,51,7.653381983,89,625,60.65539673,9.270061007,7.253923797,8.019169365,457,21,492,30,478,522
3,1000,60,7.7,28,19,958,19,9,14,42,7.433365668,109,640,60.95630656,9.030609515,6.550314726,8.275023598,474,14,484,28,488,512
6,1000,60,7.7,28,21,955,20,12,13,45,7.724805969,112,638,61.10713816,9.431240789,6.951660575,8.473600327,475,17,480,28,492,508
8,1000,60,7.7,28,20,946,33,15,6,54,7.422520701,96,621,60.98937254,9.54137968,6.856498827,7.936693243,458,18,488,36,476,524
2,1000,60,7.7,28,20,961,17,11,11,39,7.286394389,89,641,60.56831228,9.304928992,6.656638901,7.877095273,472,12,489,27,484,516
7,1000,60,7.7,28,21,952,29,8,11,48,7.271552125,102,611,60.94828656,9.371738429,6.641479963,7.867301289,471,15,481,33,486,514
4,1000,60,7.7,28,21,956,26,7,11,44,7.296120863,98,616,60.94277288,9.168136962,6.627788314,7.913043216,466,14,490,30,480,520
5,1000,60,7.7,28,20,959,24,10,7,41,7.621569411,100,608,60.39652826,9.339001721,7.041410207,8.213449002,490,15,469,26,505,495
1,1000,60,7.7,28,18,951,23,14,12,49,7.655512166,81,630,60.70723285,9.267035126,7.258664341,8.018909217,459,19,492,30,478,522
3,1000,60,7.7,28,20,959,18,9,14,41,7.443305565,108,635,61.00028788,9.066355175,6.520222116,8.323119478,475,13,484,28,488,512
6,1000,60,7.7,28,22,956,20,11,13,44,7.746013439,112,626,61.13786848,9.463571478,6.95904426,8.508196187,476,16,480,28,492,508
8,1000,60,7.7,28,21,945,34,15,6,55,7.467572511,114,630,61.05349347,9.555040172,6.914526382,7.969957926,457,19,488,36,476,524
7,1000,60,7.7,28,22,952,29,7,12,48,7.265505122,102,600,60.97494056,9.406217355,6.63995017,7.85698315,471,15,481,33,486,514
2,1000,60,7.7,28,21,961,17,11,11,39,7.308632142,98,602,60.56357203,9.335376974,6.679062607,7.899158605,472,12,489,27,484,516
4,1000,60,7.7,28,22,959,23,8,10,41,7.28009701,101,605,60.98771323,9.18905337,6.644471177,7.866828548,467,13,492,28,480,520
5,1000,60,7.7,28,21,959,24,10,7,41,7.642597169,104,614,60.44129694,9.348660374,7.058755044,8.238234085,490,15,469,26,505,495
3,1000,60,7.7,28,21,960,18,8,14,40,7.44314888,90,596,61.04062827,9.09667638,6.596293802,8.250307627,475,13,485,27,488,512
1,1000,60,7.7,28,19,951,23,14,12,49,7.695245905,89,593,60.71803748,9.280854177,7.305035589,8.05256493,459,19,492,30,478,522
6,1000,60,7.7,28,23,955,21,10,14,45,7.796882122,89,597,61.15153129,9.48007855,7.012077568,8.556968422,476,16,479,29,492,508
8,1000,60,7.7,28,22,946,33,14,7,54,7.511107113,101,619,61.06593955,9.579483214,6.945291638,8.025092164,457,19,489,35,476,524
7,1000,60,7.7,28,23,952,29,7,12,48,7.27354324,117,607,61.01437081,9.418803186,6.653942431,7.859391475,471,15,481,33,486,514
4,1000,60,7.7,28,23,960,22,8,10,40,7.326074193,119,602,61.01695011,9.223556972,6.699899368,7.904081723,467,13,493,27,480,520
2,1000,60,7.7,28,22,960,18,11,11,40,7.369700147,121,612,60.61330799,9.350232143,6.710022335,7.988467707,471,13,489,27,484,516
5,1000,60,7.7,28,22,960,24,9,7,40,7.611140973,102,608,60.4741128,9.360770679,7.046803055,8.186879656,490,15,470,25,505,495
3,1000,60,7.7,28,22,960,18,8,14,40,7.476921644,120,650,61.05908204,9.119538681,6.668166089,8.247766782,475,13,485,27,488,512
6,1000,60,7.7,28,24,955,21,10,14,45,7.799807512,106,637,61.20074416,9.48511693,7.003685649,8.57085467,476,16,479,29,492,508
1,1000,60,7.7,28,20,951,23,14,12,49,7.699634581,104,619,60.7586941,9.30392818,7.33482461,8.033694286,459,19,492,30,478,522
8,1000,60,7.7,28,23,947,32,14,7,53,7.540494745,107,624,61.07609305,9.59068996,6.989196221,8.041292641,457,19,490,34,476,524
7,1000,60,7.7,28,24,953,28,7,12,47,7.276496723,89,598,61.05828371,9.451632813,6.643040102,7.875445978,472,14,481,33,486,514
4,1000,60,7.7,28,24,959,22,8,11,41,7.318207906,118,639,61.04841768,9.236174913,6.69704302,7.891590877,467,13,492,28,480,520
2,1000,60,7.7,28,23,961,17,11,11,39,7.400464279,101,608,60.61677343,9.381207744,6.737716568,8.022111356,471,13,490,26,484,516
5,1000,60,7.7,28,23,961,22,10,7,39,7.608397475,100,642,60.52071942,9.397500729,7.045613789,8.182550528,490,15,471,24,505,495
6,1000,60,7.7,28,25,954,23,9,14,46,7.812259941,107,622,61.23679822,9.492456946,7.001667281,8.597322124,476,16,478,30,492,508
3,1000,60,7.7,28,23,960,20,7,13,40,7.477769623,103,616,61.07921471,9.11810342,6.674749907,8.243147789,475,13,485,27,488,512
8,1000,60,7.7,28,24,948,31,14,7,52,7.542959578,94,629,61.11775193,9.61156031,7.009448155,8.027599725,458,18,490,34,476,524
1,1000,60,7.7,28,21,951,23,14,12,49,7.708718222,101,613,60.78184268,9.319505779,7.323313505,8.061636717,459,19,492,30,478,522
7,1000,60,7.7,28,25,952,29,7,12,48,7.312820733,110,623,61.10443057,9.501684582,6.661110182,7.929029541,472,14,480,34,486,514
4,1000,60,7.7,28,25,958,23,8,11,42,7.371235855,88,641,61.0887696,9.25383634,6.769271706,7.926895069,466,14,492,28,480,520
2,1000,60,7.7,28,24,963,16,10,11,37,7.414747197,95,607,60.65886339,9.393936833,6.798183362,7.993074515,471,13,492,24,484,516
5,1000,60,7.7,28,24,961,22,10,7,39,7.603290979,100,593,60.58543676,9.4179382,7.05800266,8.159595225,490,15,471,24,505,495
6,1000,60,7.7,28,26,955,23,8,14,45,7.834462367,93,611,61.27748695,9.497303026,7.034379341,8.609345927,476,16,479,29,492,508
3,1000,60,7.7,28,24,960,19,8,13,40,7.486561173,86,602,61.16974764,9.140202438,6.712989215,8.223871946,475,13,485,27,488,512
8,1000,60,7.7,28,25,949,30,14,7,51,7.535692433,91,639,61.13877727,9.649541678,7.024739759,7.999840282,458,18,491,33,476,524
7,1000,60,7.7,28,26,952,29,7,12,48,7.338200776,103,623,61.13754634,9.520119204,6.688796969,7.9522285,472,14,480,34,486,514
1,1000,60,7.7,28,22,953,21,15,11,47,7.75034954,103,604,60.83971044,9.338962456,7.414071872,8.058281963,459,19,494,28,478,522
4,1000,60,7.7,28,26,957,24,8,11,43,7.395709624,102,609,61.10852686,9.293397393,6.77409275,7.969509816,466,14,491,29,480,520
2,1000,60,7.7,28,25,964,15,10,11,36,7.443756072,113,594,60.71009866,9.424872157,6.842373272,8.007843814,472,12,492,24,484,516
5,1000,60,7.7,28,25,960,23,10,7,40,7.60426303,106,602,60.6344372,9.470571797,7.041932393,8.177953881,489,16,471,24,505,495
6,1000,60,7.7,28,27,953,24,9,14,47,7.850851913,100,626,61.30907514,9.51783955,7.085203271,8.592385637,474,18,479,29,492,508
3,1000,60,7.7,28,25,961,18,8,13,39,7.496529019,101,604,61.20637948,9.151733858,6.692794741,8.262588252,475,13,486,26,488,512
8,1000,60,7.7,28,26,949,30,14,7,51,7.551060001,101,620,61.20427826,9.683175886,7.031736235,8.022812125,459,17,490,34,476,524
7,1000,60,7.7,28,27,952,29,7,12,48,7.367345137,99,630,61.20246241,9.546887446,6.733715871,7.966457633,472,14,480,34,486,514
4,1000,60,7.7,28,27,956,25,8,11,44,7.439579346,85,628,61.13054066,9.288829059,6.804969724,8.025372844,466,14,490,30,480,520
1,1000,60,7.7,28,23,953,21,15,11,47,7.754662761,97,615,60.86510637,9.35981916,7.428318374,8.053499191,459,19,494,28,478,522
2,1000,60,7.7,28,26,964,16,9,11,36,7.43950774,99,619,60.76118168,9.471757733,6.809096954,8.030823283,473,11,491,25,484,516
5,1000,60,7.7,28,26,961,23,9,7,39,7.601591825,106,594,60.66182155,9.467435754,7.005778403,8.209441881,491,14,470,25,505,495
6,1000,60,7.7,28,28,953,24,9,14,47,7.861905155,82,603,61.36538581,9.507273111,7.113125867,8.587100844,474,18,479,29,492,508
3,1000,60,7.7,28,26,962,18,7,13,38,7.495607122,99,606,61.23811252,9.178653778,6.710104249,8.244289548,475,13,487,25,488,512
8,1000,60,7.7,28,27,950,30,14,6,50,7.569704866,104,615,61.22884775,9.715683049,7.049113266,8.042608687,460,16,490,34,476,524
7,1000,60,7.7,28,28,952,28,8,12,48,7.401367458,92,595,61.21747642,9.571619812,6.76202136,8.005885365,472,14,480,34,486,514
4,1000,60,7.7,28,28,957,25,6,12,43,7.456226599,95,610,61.16652739,9.317745589,6.823054942,8.040692744,466,14,491,29,480,520
1,1000,60,7.7,28,24,952,21,14,13,48,7.812558322,110,618,60.91819224,9.398240442,7.481295272,8.115898816,458,20,494,28,478,522
2,1000,60,7.7,28,27,965,15,9,11,35,7.454756287,102,624,60.82063163,9.497595924,6.842719626,8.028837187,473,11,492,24,484,516
6,1000,60,7.7,28,29,951,26,8,15,49,7.890905421,106,647,61.39357424,9.512433752,7.117824873,8.639636974,473,19,478,30,492,508
5,1000,60,7.7,28,27,960,25,8,7,40,7.599761066,115,627,60.70302564,9.506454845,6.991610097,8.220197913,489,16,471,24,505,495
3,1000,60,7.7,28,27,963,17,7,13,37,7.506267991,92,607,61.28866842,9.20743207,6.750027724,8.227059496,475,13,488,24,488,512
8,1000,60,7.7,28,28,950,31,13,6,50,7.541674964,100,628,61.26557964,9.736047913,7.048304127,7.989851525,459,17,491,33,476,524
7,1000,60,7.7,28,29,954,27,8,11,46,7.405966843,103,609,61.25125434,9.597812422,6.841726104,7.939470733,472,14,482,32,486,514
4,1000,60,7.7,28,29,957,25,6,12,43,7.498525074,106,597,61.19882046,9.338485964,6.899767408,8.051224459,466,14,491,29,480,520
6,1000,60,7.7,28,30,951,26,8,15,49,7.891330223,105,625,61.43203156,9.523249548,7.12486061,8.63365906,473,19,478,30,492,508
5,1000,60,7.7,28,28,961,24,8,7,39,7.673094926,87,612,60.72928702,9.53792231,7.102568797,8.255146837,489,16,472,23,505,495
1,1000,60,7.7,28,25,950,23,14,13,50,7.841284846,103,597,60.95352144,9.398163443,7.486222457,8.166418604,457,21,493,29,478,522
2,1000,60,7.7,28,28,966,14,9,11,34,7.473488714,109,656,60.87548152,9.520297808,6.845087423,8.062919382,474,10,492,24,484,516
3,1000,60,7.7,28,28,963,17,7,13,37,7.528050063,100,607,61.33062051,9.224452747,6.767211696,8.253224131,475,13,488,24,488,512
7,1000,60,7.7,28,30,954,26,9,11,46,7.409158931,101,609,61.26132242,9.615111217,6.864495461,7.924152017,472,14,482,32,486,514
8,1000,60,7.7,28,29,948,33,13,6,52,7.579607385,101,631,61.29174829,9.758213773,7.09627342,8.018666483,459,17,489,35,476,524
4,1000,60,7.7,28,30,957,25,6,12,43,7.507610172,88,608,61.23506773,9.367672959,6.919833228,8.050173505,465,15,492,28,480,520
6,1000,60,7.7,28,31,950,28,8,14,50,7.912444998,98,610,61.47836642,9.548182539,7.179704025,8.622107515,472,20,478,30,492,508
2,1000,60,7.7,28,29,967,13,9,11,33,7.50365139,99,614,60.91500659,9.56525687,6.891456747,8.077880474,474,10,493,23,484,516
5,1000,60,7.7,28,29,962,23,8,7,38,7.717376604,85,607,60.77100149,9.550211127,7.162228799,8.283739515,490,15,472,23,505,495
1,1000,60,7.7,28,26,950,22,15,13,50,7.874452396,98,622,60.99193684,9.421642514,7.520311855,8.19874201,457,21,493,29,478,522
7,1000,60,7.7,28,31,956,23,11,10,44,7.404113248,108,650,61.29091784,9.655930662,6.862821194,7.915918576,473,13,483,31,486,514
3,1000,60,7.7,28,29,962,18,7,13,38,7.544247832,79,603,61.35109626,9.232267764,6.737805611,8.312888074,475,13,487,25,488,512
8,1000,60,7.7,28,30,948,34,12,6,52,7.602418743,100,598,61.32691429,9.767843189,7.145751458,8.017253909,459,17,489,35,476,524
4,1000,60,7.7,28,31,959,24,6,11,41,7.508192336,107,605,61.26610228,9.378605827,6.949472831,8.023933418,465,15,494,26,480,520
6,1000,60,7.7,28,32,951,27,8,14,49,7.900249107,104,592,61.53287129,9.557389919,7.175923078,8.601761717,472,20,479,29,492,508
5,1000,60,7.7,28,30,964,22,7,7,36,7.737294675,97,615,60.78196922,9.594517923,7.200439643,8.284995262,490,15,474,21,505,495
2,1000,60,7.7,28,30,966,14,9,11,34,7.51465323,106,615,60.95655149,9.58808851,6.92539216,8.067370978,474,10,492,24,484,516
7,1000,60,7.7,28,32,956,23,11,10,44,7.46994916,95,603,61.31856278,9.673510938,6.96505652,7.947337921,473,13,483,31,486,514
1,1000,60,7.7,28,27,949,23,15,13,51,7.872826523,104,605,61.01598991,9.43023711,7.541837731,8.175915877,457,21,492,30,478,522
3,1000,60,7.7,28,30,964,16,8,12,36,7.525805227,100,640,61.38278831,9.253378172,6.710838875,8.302570031,477,11,487,25,488,512
8,1000,60,7.7,28,31,949,34,11,6,51,7.592241052,110,629,61.37892489,9.787747558,7.117121992,8.023837755,459,17,490,34,476,524
4,1000,60,7.7,28,32,960,23,6,11,40,7.4922709,115,594,61.31868441,9.389747207,6.950577683,7.992295408,465,15,495,25,480,520
6,1000,60,7.7,28,33,951,28,7,14,49,7.923312546,88,623,61.56378435,9.584111931,7.218404224,8.60601903,471,21,480,28,492,508
5,1000,60,7.7,28,31,965,21,7,7,35,7.743348929,81,601,60.83006596,9.628915241,7.216006002,8.281345249,491,14,474,21,505,495
7,1000,60,7.7,28,33,957,23,10,10,43,7.497579282,108,633,61.35556928,9.710162895,6.979867957,7.987088434,474,12,483,31,486,514
2,1000,60,7.7,28,31,965,15,9,11,35,7.527027102,94,591,61.01243876,9.605264458,6.982503836,8.037781484,473,11,492,24,484,516
3,1000,60,7.7,28,31,964,16,8,12,36,7.569358461,103,617,61.40559549,9.282832216,6.764651842,8.336344456,477,11,487,25,488,512
8,1000,60,7.7,28,32,950,33,11,6,50,7.593616904,88,614,61.42560358,9.79396009,7.147497485,7.998870423,460,16,490,34,476,524
1,1000,60,7.7,28,28,948,24,15,13,52,7.911691381,90,617,61.03725605,9.446987962,7.592960591,8.203555975,456,22,492,30,478,522
4,1000,60,7.7,28,33,959,24,6,11,41,7.544547702,91,595,61.36539355,9.407608455,7.007025871,8.040721701,465,15,494,26,480,520
6,1000,60,7.7,28,34,953,26,7,14,47,7.965707438,92,617,61.5956854,9.605126114,7.256338562,8.652733987,471,21,482,26,492,508
7,1000,60,7.7,28,34,956,23,11,10,44,7.49865179,120,650,61.41383806,9.743009277,6.975297089,7.993496897,474,12,482,32,486,514
5,1000,60,7.7,28,32,965,22,6,7,35,7.721642049,104,617,60.86317008,9.635720459,7.197364547,8.256511016,491,14,474,21,505,495
2,1000,60,7.7,28,32,964,16,9,11,36,7.558406104,100,611,61.07913474,9.632724262,7.007092507,8.075529711,473,11,491,25,484,516
3,1000,60,7.7,28,32,965,15,8,12,35,7.604882812,92,623,61.46327685,9.290712476,6.82002606,8.352949404,477,11,488,24,488,512
8,1000,60,7.7,28,33,949,34,11,6,51,7.61194389,108,605,61.43650796,9.838570216,7.157702939,8.024574982,460,16,489,35,476,524
4,1000,60,7.7,28,34,960,23,7,10,40,7.532528831,83,624,61.39762303,9.414539984,6.967091748,8.054470753,465,15,495,25,480,520
1,1000,60,7.7,28,29,946,26,14,14,54,7.938343644,89,636,61.07878779,9.478264885,7.631069186,8.219717573,456,22,490,32,478,522
6,1000,60,7.7,28,35,953,26,7,14,47,8.023587286,96,627,61.65716074,9.632044043,7.298328566,8.726003212,471,21,482,26,492,508
7,1000,60,7.7,28,35,956,23,11,10,44,7.518131591,101,613,61.45038797,9.774724232,7.000109552,8.00793453,474,12,482,32,486,514
5,1000,60,7.7,28,33,966,21,6,7,34,7.733703274,95,618,60.91287521,9.652833291,7.216260879,8.26159905,492,13,474,21,505,495
3,1000,60,7.7,28,33,965,16,8,11,35,7.606825458,106,643,61.51437845,9.329100276,6.830847182,8.346429752,477,11,488,24,488,512
2,1000,60,7.7,28,33,964,16,9,11,36,7.587798935,92,618,61.11165148,9.639555042,7.010498448,8.129297842,473,11,491,25,484,516
8,1000,60,7.7,28,34,953,31,10,6,47,7.592174186,106,619,61.45206206,9.871832568,7.162487963,7.982499839,461,15,492,32,476,524
4,1000,60,7.7,28,35,959,23,8,10,41,7.577889947,99,617,61.4242703,9.422978016,7.018081362,8.094636333,465,15,494,26,480,520
1,1000,60,7.7,28,30,947,26,13,14,53,7.93221681,100,593,61.11374824,9.494251149,7.616260512,8.221540776,457,21,490,32,478,522
7,1000,60,7.7,28,36,956,23,11,10,44,7.541851043,112,618,61.48553647,9.803055565,7.022094606,8.0332939,474,12,482,32,486,514
6,1000,60,7.7,28,36,953,25,8,14,47,8.056112473,126,619,61.69196204,9.672400326,7.332216833,8.75720825,471,21,482,26,492,508
5,1000,60,7.7,28,34,965,20,8,7,35,7.764082595,92,630,60.92687437,9.686573291,7.227626684,8.311375998,492,13,473,22,505,495
3,1000,60,7.7,28,34,966,16,7,11,34,7.596668487,110,619,61.55321015,9.349750267,6.818574335,8.338289476,478,10,488,24,488,512
2,1000,60,7.7,28,34,965,16,9,10,35,7.609438841,113,637,61.15603184,9.669616416,7.046668662,8.137308544,473,11,492,24,484,516
8,1000,60,7.7,28,35,953,32,10,5,47,7.579537683,111,635,61.48469596,9.89436289,7.135367872,7.983020184,461,15,492,32,476,524
4,1000,60,7.7,28,36,959,23,8,10,41,7.568295742,104,634,61.45264598,9.451568922,7.025296455,8.069525854,465,15,494,26,480,520
7,1000,60,7.7,28,37,956,24,10,10,44,7.548870849,114,598,61.53356312,9.860891693,7.040290566,8.02974637,473,13,483,31,486,514
6,1000,60,7.7,28,37,954,24,8,14,46,8.067594605,105,618,61.7513561,9.679739545,7.340220408,8.772059378,472,20,482,26,492,508
1,1000,60,7.7,28,31,948,26,12,14,52,7.918866424,98,621,61.15314892,9.50127844,7.582029492,8.227310972,457,21,491,31,478,522
3,1000,60,7.7,28,35,965,17,7,11,35,7.603508788,97,596,61.5933803,9.366652636,6.792185883,8.376800932,477,11,488,24,488,512
5,1000,60,7.7,28,35,965,20,8,7,35,7.753772038,108,601,60.96006149,9.712082333,7.245136912,8.272682622,491,14,474,21,505,495
2,1000,60,7.7,28,35,967,15,8,10,33,7.620326515,88,613,61.19397379,9.704084662,7.07044967,8.13610247,474,10,493,23,484,516
8,1000,60,7.7,28,36,953,32,10,5,47,7.582756865,104,613,61.52391251,9.926689552,7.162463186,7.96455036,460,16,493,31,476,524
4,1000,60,7.7,28,37,958,24,8,10,42,7.599259934,97,629,61.49724674,9.464828721,7.021535845,8.132543708,465,15,493,27,480,520
7,1000,60,7.7,28,38,955,25,10,10,45,7.582184899,110,604,61.59422648,9.90317635,7.070998025,8.065525016,473,13,482,32,486,514
6,1000,60,7.7,28,38,952,26,8,14,48,8.085727363,99,612,61.80336365,9.701120799,7.352562502,8.795800418,471,21,481,27,492,508
3,1000,60,7.7,28,36,965,17,7,11,35,7.646492315,105,617,61.65708927,9.39872998,6.859382789,8.396706082,477,11,488,24,488,512
5,1000,60,7.7,28,36,966,19,8,7,34,7.78902459,104,607,61.02006459,9.722466774,7.299110208,8.288836233,491,14,475,20,505,495
8,1000,60,7.7,28,37,955,31,9,5,45,7.575304455,85,607,61.57673128,10.00559056,7.191190854,7.924232078,460,16,495,29,476,524
2,1000,60,7.7,28,36,968,13,9,10,32,7.634761858,98,647,61.22122316,9.721194889,7.065312267,8.168896746,475,9,493,23,484,516
1,1000,60,7.7,28,32,949,24,13,14,51,7.934767253,93,619,61.21358239,9.532726421,7.596253792,8.244747013,457,21,492,30,478,522
4,1000,60,7.7,28,38,959,24,7,10,41,7.633592792,118,631,61.52123874,9.504523407,7.069718209,8.154092408,465,15,494,26,480,520
7,1000,60,7.7,28,39,956,24,10,10,44,7.615870349,108,626,61.63694813,9.942965539,7.093135509,8.110129361,474,12,482,32,486,514
6,1000,60,7.7,28,39,953,25,8,14,47,8.097811226,104,586,61.85725193,9.718133527,7.357085258,8.815207243,472,20,481,27,492,508
3,1000,60,7.7,28,37,965,17,7,11,35,7.649703737,83,614,61.67815322,9.401517242,6.914898804,8.350064689,477,11,488,24,488,512
8,1000,60,7.7,28,38,957,30,9,4,43,7.583757304,113,606,61.63874741,10.03285748,7.222641381,7.911793905,461,15,496,28,476,524
5,1000,60,7.7,28,37,967,19,8,6,33,7.795645511,126,591,61.05555065,9.744800099,7.335059156,8.26553664,490,15,477,18,505,495
2,1000,60,7.7,28,37,969,13,8,10,31,7.621103216,106,601,61.24513193,9.766294454,7.031052783,8.174561375,475,9,494,22,484,516
1,1000,60,7.7,28,33,949,24,13,14,51,7.955337663,96,618,61.25741496,9.576334866,7.613424733,8.268430346,457,21,492,30,478,522
4,1000,60,7.7,28,39,959,24,7,10,41,7.650751442,112,627,61.5830776,9.529697644,7.094815874,8.163922735,465,15,494,26,480,520
6,1000,60,7.7,28,40,953,25,7,15,47,8.095581659,105,601,61.91280271,9.7183636,7.355150695,8.812691962,472,20,481,27,492,508
7,1000,60,7.7,28,40,956,24,10,10,44,7.632862997,101,618,61.6924398,9.949303293,7.127610814,8.110591714,474,12,482,32,486,514
3,1000,60,7.7,28,38,964,18,7,11,36,7.694518303,82,603,61.71541513,9.419440445,6.985657807,8.370150964,476,12,488,24,488,512
8,1000,60,7.7,28,39,956,31,9,4,44,7.587350069,99,613,61.67202863,10.0434342,7.226390436,7.915244696,461,15,495,29,476,524
5,1000,60,7.7,28,38,968,18,8,6,32,7.815203967,111,614,61.13204054,9.797107494,7.381278963,8.257895132,491,14,477,18,505,495
2,1000,60,7.7,28,38,968,14,8,10,32,7.661497581,95,623,61.25147404,9.782528778,7.05520727,8.230188492,474,10,494,22,484,516
4,1000,60,7.7,28,40,958,25,7,10,42,7.696869249,103,604,61.62918215,9.528125087,7.113360278,8.235492913,465,15,493,27,480,520
1,1000,60,7.7,28,34,949,24,13,14,51,7.964041452,114,599,61.28669326,9.602513794,7.636575194,8.26390519,457,21,492,30,478,522
6,1000,60,7.7,28,41,954,25,6,15,46,8.081141036,119,605,61.96994056,9.726694088,7.373971974,8.766037057,472,20,482,26,492,508
7,1000,60,7.7,28,41,956,24,10,10,44,7.662685962,96,634,61.72991223,9.967193733,7.173701747,8.125032904,474,12,482,32,486,514
8,1000,60,7.7,28,40,957,30,9,4,43,7.606900201,116,615,61.72061475,10.05638633,7.246765489,7.934045473,461,15,496,28,476,524
3,1000,60,7.7,28,39,964,18,7,11,36,7.738221591,90,627,61.74450062,9.432111993,7.025349381,8.417677916,476,12,488,24,488,512
5,1000,60,7.7,28,39,969,18,8,5,31,7.802576659,99,593,61.21181661,9.814018175,7.379607614,8.234090534,492,13,477,18,505,495
4,1000,60,7.7,28,41,958,25,7,10,42,7.708773604,102,609,61.67944995,9.557679532,7.166688636,8.209159729,465,15,493,27,480,520
2,1000,60,7.7,28,39,966,16,8,10,34,7.708771765,102,627,61.30435028,9.821670509,7.137164378,8.244930631,472,12,494,22,484,516
6,1000,60,7.7,28,42,954,25,6,15,46,8.125694521,103,654,62.03294273,9.787326991,7.408171071,8.820618807,472,20,482,26,492,508
7,1000,60,7.7,28,42,957,25,8,10,43,7.665221995,102,627,61.74999839,9.969243878,7.192770855,8.111936498,473,13,484,30,486,514
1,1000,60,7.7,28,35,951,24,12,13,49,7.938895775,102,630,61.34802735,9.616274312,7.627553037,8.223995064,458,20,493,29,478,522
8,1000,60,7.7,28,41,957,30,9,4,43,7.61098372,102,616,61.74155093,10.0719126,7.262148045,7.927864983,461,15,496,28,476,524
3,1000,60,7.7,28,40,963,19,7,11,37,7.761627003,103,636,61.77025642,9.480982074,7.051444364,8.43851983,476,12,487,25,488,512
5,1000,60,7.7,28,40,968,20,8,4,32,7.842275769,99,628,61.28236693,9.808183255,7.39914703,8.294356604,492,13,476,19,505,495
4,1000,60,7.7,28,42,957,27,7,9,43,7.703185553,83,603,61.70996342,9.574467476,7.169199029,8.19609619,463,17,494,26,480,520
2,1000,60,7.7,28,40,967,16,8,9,33,7.689846546,101,614,61.30228364,9.869019936,7.137572993,8.207870577,472,12,495,21,484,516
6,1000,60,7.7,28,43,953,26,6,15,47,8.149740941,100,650,62.08194282,9.82008398,7.42440738,8.852229351,471,21,482,26,492,508
7,1000,60,7.7,28,43,956,25,8,11,44,7.713358051,102,615,61.79113759,9.998158366,7.260974914,8.141097748,472,14,484,30,486,514
1,1000,60,7.7,28,36,950,25,11,14,50,7.986316439,87,624,61.37867484,9.616460518,7.689239997,8.258351954,458,20,492,30,478,522
8,1000,60,7.7,28,42,959,29,8,4,41,7.607044841,115,615,61.77580588,10.10087307,7.287299953,7.897500121,461,15,498,26,476,524
3,1000,60,7.7,28,41,962,20,6,12,38,7.766685948,105,648,61.77961366,9.520334886,7.052531658,8.447364255,475,13,487,25,488,512
5,1000,60,7.7,28,41,969,19,8,4,31,7.861615495,97,634,61.32503948,9.825920608,7.439011737,8.292756704,492,13,477,18,505,495
4,1000,60,7.7,28,43,957,27,7,9,43,7.682071232,102,590,61.74722025,9.580936496,7.137301589,8.184935518,463,17,494,26,480,520
6,1000,60,7.7,28,44,955,26,5,14,45,8.158956623,106,615,62.12253351,9.830824679,7.389318238,8.904354428,472,20,483,25,492,508
2,1000,60,7.7,28,41,967,14,10,9,33,7.727101447,93,618,61.34877765,9.899703442,7.165769357,8.253622244,472,12,495,21,484,516
7,1000,60,7.7,28,44,957,24,8,11,43,7.753306892,95,623,61.79323827,10.03105829,7.311220657,8.171310609,473,13,484,30,486,514
1,1000,60,7.7,28,37,952,24,11,13,48,7.973727912,117,637,61.41666195,9.643975298,7.699238636,8.22508016,459,19,493,29,478,522
8,1000,60,7.7,28,43,957,31,8,4,43,7.641117309,100,636,61.83660403,10.12588368,7.302909573,7.948344185,460,16,497,27,476,524
3,1000,60,7.7,28,42,962,20,6,12,38,7.803955421,104,625,61.81145225,9.543453761,7.093075536,8.481512812,475,13,487,25,488,512
4,1000,60,7.7,28,44,958,25,8,9,42,7.70635158,103,624,61.78954124,9.608795169,7.15370067,8.216490882,463,17,495,25,480,520
5,1000,60,7.7,28,42,969,19,8,4,31,7.851495181,120,617,61.4049542,9.829845422,7.414270824,8.297552354,493,12,476,19,505,495
6,1000,60,7.7,28,45,954,26,5,15,46,8.16805334,104,621,62.16121962,9.856044051,7.353192997,8.957248791,473,19,481,27,492,508
7,1000,60,7.7,28,45,958,24,8,10,42,7.769163762,111,623,61.82042831,10.04014426,7.321136089,8.192785259,474,12,484,30,486,514
2,1000,60,7.7,28,42,968,15,10,7,32,7.704117645,86,632,61.37941885,9.893564635,7.178512759,8.197126879,471,13,497,19,484,516
1,1000,60,7.7,28,38,951,25,11,13,49,7.992944091,96,623,61.45625746,9.66999043,7.731028758,8.23278227,458,20,493,29,478,522
8,1000,60,7.7,28,44,956,32,8,4,44,7.703925598,100,646,61.8632752,10.15147265,7.409749339,7.971154413,459,17,497,27,476,524
4,1000,60,7.7,28,45,959,23,9,9,41,7.697311433,96,614,61.83037093,9.642541675,7.128011271,8.222819274,464,16,495,25,480,520
3,1000,60,7.7,28,43,963,19,7,11,37,7.848579595,88,635,61.87063995,9.574443913,7.145517311,8.518685834,475,13,488,24,488,512
5,1000,60,7.7,28,43,968,19,9,4,32,7.890152403,98,621,61.42995859,9.835886546,7.449039344,8.340176837,492,13,476,19,505,495
6,1000,60,7.7,28,46,954,27,4,15,46,8.169363304,112,658,62.19712671,9.873507176,7.35202207,8.960961507,473,19,481,27,492,508
7,1000,60,7.7,28,46,958,24,8,10,42,7.776409091,118,609,61.85693987,10.08228126,7.335731604,8.193080801,474,12,484,30,486,514
2,1000,60,7.7,28,43,967,15,11,7,33,7.731109832,87,648,61.40739089,9.917637003,7.217328381,8.213028867,471,13,496,20,484,516
8,1000,60,7.7,28,45,956,31,9,4,44,7.730856228,120,608,61.93065782,10.18199654,7.438722333,7.996229766,459,17,497,27,476,524
4,1000,60,7.7,28,46,960,22,9,9,40,7.734954428,102,610,61.85238011,9.657501211,7.171039825,8.255490985,464,16,496,24,480,520
1,1000,60,7.7,28,39,950,25,12,13,50,8.023750572,98,640,61.51850885,9.71718297,7.7476839,8.276547257,458,20,492,30,478,522
3,1000,60,7.7,28,44,963,19,7,11,37,7.83722649,111,615,61.91614568,9.625645438,7.122943515,8.518027451,476,12,487,25,488,512
6,1000,60,7.7,28,47,954,27,4,15,46,8.183072108,104,619,62.20896619,9.876873263,7.36979684,8.970732407,473,19,481,27,492,508
7,1000,60,7.7,28,47,959,23,8,10,41,7.77495433,113,626,61.89551013,10.0825527,7.299516142,8.224493161,474,12,485,29,486,514
5,1000,60,7.7,28,44,967,18,11,4,33,7.932426079,99,637,61.46883659,9.866351159,7.485603159,8.388275725,491,14,476,19,505,495
2,1000,60,7.7,28,44,966,16,11,7,34,7.751275787,90,632,61.44903296,9.945320531,7.257700499,8.214241754,471,13,495,21,484,516
4,1000,60,7.7,28,47,961,21,9,9,39,7.735332727,113,621,61.90090301,9.708848604,7.201266028,8.228317373,464,16,497,23,480,520
8,1000,60,7.7,28,46,959,31,6,4,41,7.701713522,111,633,61.96281076,10.20983848,7.417592273,7.959808397,461,15,498,26,476,524
6,1000,60,7.7,28,48,953,27,5,15,47,8.195501747,98,620,62.25630097,9.879084292,7.360885435,9.00383093,473,19,480,28,492,508
7,1000,60,7.7,28,48,959,23,8,10,41,7.802806163,111,656,61.94871635,10.11485107,7.344587486,8.236063512,474,12,485,29,486,514
3,1000,60,7.7,28,45,964,19,7,10,36,7.821840386,122,630,61.95932422,9.63254686,7.14046279,8.471278408,476,12,488,24,488,512
1,1000,60,7.7,28,40,950,24,12,14,50,8.031890724,104,626,61.57136591,9.754676804,7.75675646,8.283833594,457,21,493,29,478,522
5,1000,60,7.7,28,45,967,17,12,4,33,7.973899982,93,624,61.50286629,9.899109684,7.53341843,8.423280151,491,14,476,19,505,495
2,1000,60,7.7,28,45,966,16,11,7,34,7.773103805,110,606,61.51805758,9.988500979,7.27137046,8.243721905,473,11,493,23,484,516
4,1000,60,7.7,28,48,961,21,8,10,39,7.779288503,87,628,61.91319054,9.726711508,7.265631806,8.253433147,463,17,498,22,480,520
6,1000,60,7.7,28,49,952,29,4,15,48,8.231063283,113,619,62.31283127,9.897968676,7.405980713,9.030159001,472,20,480,28,492,508
7,1000,60,7.7,28,49,959,23,8,10,41,7.782896879,112,626,61.9732519,10.14608365,7.329424593,8.211666395,474,12,485,29,486,514
8,1000,60,7.7,28,47,959,29,8,4,41,7.692563447,99,627,62.05019275,10.23136826,7.40747616,7.951535869,461,15,498,26,476,524
3,1000,60,7.7,28,46,964,19,7,10,36,7.830152112,113,624,61.9890895,9.651516074,7.12712328,8.500226466,476,12,488,24,488,512
5,1000,60,7.7,28,46,967,18,12,3,33,7.973644627,124,621,61.52163625,9.94145104,7.539242797,8.416822251,491,14,476,19,505,495
1,1000,60,7.7,28,41,950,24,13,13,50,8.073796616,108,636,61.59711514,9.759024234,7.801463116,8.323174802,457,21,493,29,478,522
2,1000,60,7.7,28,46,965,17,11,7,35,7.782313642,114,633,61.55894731,10.0161104,7.253839692,8.278014014,473,11,492,24,484,516
4,1000,60,7.7,28,49,960,22,8,10,40,7.77461251,92,623,61.95213889,9.748920833,7.26225229,8.247560406,462,18,498,22,480,520
7,1000,60,7.7,28,50,959,23,8,10,41,7.810695929,112,649,62.02925799,10.17360317,7.337852744,8.257781119,474,12,485,29,486,514
6,1000,60,7.7,28,50,951,31,4,14,49,8.243763719,123,643,62.3746891,9.940784586,7.442255361,9.020027719,471,21,480,28,492,508
8,1000,60,7.7,28,48,959,29,8,4,41,7.726920261,124,632,62.07750074,10.27840242,7.427767382,7.998669824,461,15,498,26,476,524
3,1000,60,7.7,28,47,963,20,7,10,37,7.841102679,108,619,62.03848486,9.656074212,7.121994818,8.526502358,476,12,487,25,488,512
5,1000,60,7.7,28,47,966,19,12,3,34,7.978405458,111,650,61.57980636,9.948409085,7.551380165,8.414057524,490,15,476,19,505,495
1,1000,60,7.7,28,42,951,23,13,13,49,8.085096447,101,629,61.64411515,9.763513948,7.8587424,8.292370843,457,21,494,28,478,522
2,1000,60,7.7,28,47,966,16,11,7,34,7.805070842,97,617,61.60200012,10.05776537,7.225736664,8.348477318,474,10,492,24,484,516
7,1000,60,7.7,28,51,958,24,8,10,42,7.858395021,114,604,62.08039142,10.19025829,7.368057437,8.322021608,474,12,484,30,486,514
6,1000,60,7.7,28,51,952,30,4,14,48,8.261939276,98,633,62.43582859,9.966244012,7.453268121,9.045140474,471,21,481,27,492,508
4,1000,60,7.7,28,50,960,22,8,10,40,7.794852316,113,616,61.97300933,9.760954915,7.305385356,8.246667971,462,18,498,22,480,520
8,1000,60,7.7,28,49,959,29,8,4,41,7.743702922,102,632,62.09879595,10.27431419,7.434612857,8.024479393,461,15,498,26,476,524
3,1000,60,7.7,28,48,964,19,7,10,36,7.85700943,108,620,62.07368184,9.696885584,7.125537148,8.554193949,477,11,487,25,488,512
5,1000,60,7.7,28,48,966,18,12,4,34,8.045438612,104,609,61.63267382,9.987418378,7.640644069,8.458410823,490,15,476,19,505,495
2,1000,60,7.7,28,48,967,16,10,7,33,7.812388585,111,622,61.67298872,10.08253372,7.251254584,8.338723579,474,10,493,23,484,516
1,1000,60,7.7,28,43,950,24,13,13,50,8.121184448,101,612,61.66611744,9.80536526,7.915383158,8.309638502,457,21,493,29,478,522
6,1000,60,7.7,28,52,952,29,5,14,48,8.298691341,115,652,62.45827766,9.991540438,7.494739973,9.077321405,471,21,481,27,492,508
7,1000,60,7.7,28,52,957,26,7,10,43,7.857735455,115,624,62.12990616,10.20755885,7.395460904,8.294827734,473,13,484,30,486,514
4,1000,60,7.7,28,51,959,23,8,10,41,7.841270068,102,634,61.99763427,9.816263892,7.364330712,8.281521782,461,19,498,22,480,520
8,1000,60,7.7,28,50,959,30,8,3,41,7.760621286,108,605,62.13218939,10.32281864,7.480049182,8.015492129,460,16,499,25,476,524
3,1000,60,7.7,28,49,964,19,7,10,36,7.854474205,118,649,62.09307595,9.703152503,7.119483675,8.555012055,477,11,487,25,488,512
5,1000,60,7.7,28,49,965,18,13,4,35,8.074669991,105,604,61.69440193,10.00278505,7.678224382,8.479124603,489,16,476,19,505,495
2,1000,60,7.7,28,49,967,16,10,7,33,7.801691127,91,609,61.70265294,10.09189204,7.275040429,8.295681316,474,10,493,23,484,516
6,1000,60,7.7,28,53,952,29,5,14,48,8.31397638,90,642,62.50881806,10.03066327,7.518622643,9.084279607,471,21,481,27,492,508
1,1000,60,7.7,28,44,951,22,14,13,49,8.151089681,100,589,61.71814678,9.844562617,7.957772048,8.32811234,458,20,493,29,478,522
7,1000,60,7.7,28,53,957,26,7,10,43,7.875544984,101,639,62.19536433,10.22573292,7.401597632,8.323674193,473,13,484,30,486,514
4,1000,60,7.7,28,52,959,23,8,10,41,7.85786159,94,620,62.02165433,9.823258076,7.428204729,8.254467923,461,19,498,22,480,520
8,1000,60,7.7,28,51,958,32,7,3,42,7.814170697,88,597,62.18832318,10.34631865,7.547083801,8.056791619,459,17,499,25,476,524
3,1000,60,7.7,28,50,965,19,6,10,35,7.882592024,103,646,62.13347037,9.729022652,7.194793536,8.538149957,477,11,488,24,488,512
2,1000,60,7.7,28,50,964,19,10,7,36,7.830516636,105,628,61.74501205,10.09961493,7.331084622,8.298976123,472,12,492,24,484,516
5,1000,60,7.7,28,50,967,17,12,4,33,8.089406125,90,632,61.72495199,10.00316803,7.709865656,8.476614079,489,16,478,17,505,495
6,1000,60,7.7,28,54,953,27,6,14,47,8.351620523,113,620,62.54960136,10.04919847,7.550749614,9.127267151,471,21,482,26,492,508
7,1000,60,7.7,28,54,957,27,6,10,43,7.91719035,114,575,62.23837411,10.25388489,7.451832043,8.3571984,472,14,485,29,486,514
1,1000,60,7.7,28,45,951,22,14,13,49,8.186829608,118,588,61.77376651,9.865218992,7.992218772,8.365036465,458,20,493,29,478,522
4,1000,60,7.7,28,53,959,23,8,10,41,7.864651472,117,606,62.03581666,9.834332678,7.461179455,8.237087181,462,18,497,23,480,520
8,1000,60,7.7,28,52,957,34,7,2,43,7.814979302,113,650,62.24202439,10.37131517,7.551120135,8.054668165,458,18,499,25,476,524
3,1000,60,7.7,28,51,964,21,6,9,36,7.885134164,87,636,62.1908487,9.763146384,7.187513526,8.550053835,477,11,487,25,488,512
5,1000,60,7.7,28,51,966,18,12,4,34,8.122692824,107,634,61.78654153,10.02444488,7.790695555,8.461397107,489,16,477,18,505,495
6,1000,60,7.7,28,55,953,27,6,14,47,8.37855912,99,646,62.58060604,10.0684616,7.584556709,9.147553581,471,21,482,26,492,508
2,1000,60,7.7,28,51,963,20,10,7,37,7.870180357,112,620,61.77654861,10.10695048,7.349621563,8.358456435,472,12,491,25,484,516
7,1000,60,7.7,28,55,957,27,5,11,43,7.947519166,90,639,62.30352248,10.26769766,7.497859335,8.372683908,472,14,485,29,486,514
4,1000,60,7.7,28,54,958,24,8,10,42,7.896736725,114,629,62.08714232,9.836814931,7.473904981,8.28704295,462,18,496,24,480,520
1,1000,60,7.7,28,46,953,22,13,12,47,8.191892604,97,633,61.79875215,9.892071276,7.996029867,8.371245839,458,20,495,27,478,522
8,1000,60,7.7,28,53,958,33,7,2,42,7.845311681,93,620,62.28598996,10.43604209,7.564472408,8.100425218,460,16,498,26,476,524
3,1000,60,7.7,28,52,965,19,8,8,35,7.871470168,95,632,62.21839646,9.767525073,7.172937175,8.537259427,477,11,488,24,488,512
6,1000,60,7.7,28,56,953,27,6,14,47,8.381667488,108,634,62.61722119,10.09834841,7.60975616,9.129266648,472,20,481,27,492,508
2,1000,60,7.7,28,52,963,19,11,7,37,7.882929002,87,616,61.83522078,10.10576887,7.385361074,8.349640005,472,12,491,25,484,516
5,1000,60,7.7,28,52,966,19,11,4,34,8.151383714,89,612,61.84532708,10.04016672,7.824187032,8.48519043,489,16,477,18,505,495
7,1000,60,7.7,28,56,955,29,5,11,45,7.952977636,101,623,62.3701187,10.3133132,7.500059503,8.381223186,471,15,484,30,486,514
4,1000,60,7.7,28,55,959,22,9,10,41,7.900230793,111,627,62.14688225,9.882458594,7.466499843,8.300597823,463,17,496,24,480,520
8,1000,60,7.7,28,54,960,32,6,2,40,7.845576527,96,621,62.32706903,10.45627172,7.627166366,8.043979651,460,16,500,24,476,524
1,1000,60,7.7,28,47,954,21,13,12,46,8.189331019,87,628,61.88000015,9.947728903,7.982053922,8.379136483,458,20,496,26,478,522
3,1000,60,7.7,28,53,964,20,8,8,36,7.911550018,100,662,62.2580491,9.798037552,7.220034237,8.570650996,477,11,487,25,488,512
6,1000,60,7.7,28,57,951,29,6,14,49,8.400970699,115,640,62.69018459,10.13882088,7.60611019,9.170796231,472,20,479,29,492,508
2,1000,60,7.7,28,53,963,19,11,7,37,7.915909869,119,623,61.88639004,10.12048804,7.430663661,8.371063288,472,12,491,25,484,516
5,1000,60,7.7,28,53,966,19,11,4,34,8.180862368,112,624,61.88375083,10.05408845,7.810200887,8.55901196,489,16,477,18,505,495
4,1000,60,7.7,28,56,960,21,9,10,40,7.912844236,116,637,62.18753089,9.898709685,7.446361431,8.343443748,464,16,496,24,480,520
7,1000,60,7.7,28,57,956,29,5,10,44,7.957986066,103,645,62.43359813,10.34098711,7.503796714,8.387433585,471,15,485,29,486,514
8,1000,60,7.7,28,55,959,33,6,2,41,7.862161812,102,630,62.35710257,10.48109789,7.667140482,8.039318592,460,16,499,25,476,524
1,1000,60,7.7,28,48,952,23,13,12,48,8.202823008,105,622,61.93039283,9.984413098,8.029802192,8.361259693,456,22,496,26,478,522
6,1000,60,7.7,28,58,950,30,6,14,50,8.430065469,109,628,62.70863395,10.17312573,7.601058244,9.232962231,472,20,478,30,492,508
3,1000,60,7.7,28,54,965,19,8,8,35,7.915896279,92,619,62.28120182,9.832663096,7.209325349,8.589346696,477,11,488,24,488,512
2,1000,60,7.7,28,54,963,20,10,7,37,7.97477035,106,615,61.90148613,10.14779302,7.456546651,8.460856146,472,12,491,25,484,516
4,1000,60,7.7,28,57,959,22,9,10,41,7.938601513,113,616,62.23049158,9.926661691,7.491279468,8.351514169,463,17,496,24,480,520
7,1000,60,7.7,28,58,953,31,6,10,47,7.994282438,109,631,62.4720687,10.3335108,7.578106398,8.387787409,469,17,484,30,486,514
5,1000,60,7.7,28,54,966,19,11,4,34,8.198037175,98,624,61.93321794,10.06481143,7.827632828,8.575924438,489,16,477,18,505,495
8,1000,60,7.7,28,56,960,33,6,1,40,7.891659851,114,628,62.38304052,10.50918221,7.662195858,8.100104241,462,14,498,26,476,524
1,1000,60,7.7,28,49,952,23,13,12,48,8.210564575,98,592,61.95807295,10.01736106,8.020789498,8.384343286,456,22,496,26,478,522
6,1000,60,7.7,28,59,950,30,6,14,50,8.446095751,93,666,62.73094431,10.20597739,7.643907093,9.223018624,472,20,478,30,492,508
3,1000,60,7.7,28,55,966,19,7,8,34,7.967041828,107,630,62.34370887,9.85607874,7.234854773,8.664907616,477,11,489,23,488,512
2,1000,60,7.7,28,55,963,20,10,7,37,8.017366365,106,624,61.96006638,10.16054894,7.53996317,8.46516316,472,12,491,25,484,516
4,1000,60,7.7,28,58,959,21,10,10,41,7.957985273,109,621,62.25417894,9.958084001,7.473907836,8.404825985,463,17,496,24,480,520
7,1000,60,7.7,28,59,951,33,6,10,49,8.029618656,108,618,62.52111855,10.34712988,7.626195137,8.411065796,468,18,483,31,486,514
5,1000,60,7.7,28,55,967,19,9,5,33,8.246750875,114,630,61.98578646,10.10554959,7.863505654,8.637738424,489,16,478,17,505,495
8,1000,60,7.7,28,57,961,32,6,1,39,7.861697782,127,623,62.45184955,10.53288371,7.630450024,8.071762539,462,14,499,25,476,524
6,1000,60,7.7,28,60,948,32,6,14,52,8.437475741,106,604,62.76375635,10.23078671,7.639949552,9.209882995,471,21,477,31,492,508
1,1000,60,7.7,28,50,954,21,14,11,46,8.176357794,106,606,62.01541209,10.03088538,8.008474516,8.33008999,456,22,498,24,478,522
3,1000,60,7.7,28,56,962,22,9,7,38,7.985327799,122,628,62.38983239,9.888139615,7.251565633,8.684694864,474,14,488,24,488,512
7,1000,60,7.7,28,60,952,33,6,9,48,8.018715714,107,653,62.5504318,10.3535193,7.598900862,8.415661275,468,18,484,30,486,514
4,1000,60,7.7,28,59,958,22,10,10,42,7.984265415,108,648,62.2780055,9.959991192,7.497836025,8.433277161,462,18,496,24,480,520
2,1000,60,7.7,28,56,962,21,10,7,38,8.005569642,100,615,62.01398469,10.16332074,7.521754784,8.459380478,471,13,491,25,484,516
5,1000,60,7.7,28,56,967,18,9,6,33,8.296846302,103,652,62.04137289,10.12441817,7.915633076,8.685760806,489,16,478,17,505,495
8,1000,60,7.7,28,58,961,32,6,1,39,7.882478176,119,598,62.48153552,10.57349968,7.648213782,8.095283235,462,14,499,25,476,524
6,1000,60,7.7,28,61,947,33,6,14,53,8.47132427,106,647,62.79981565,10.240555,7.690977972,9.227092731,470,22,477,31,492,508
3,1000,60,7.7,28,57,961,23,9,7,39,8.049653062,96,628,62.41195283,9.913325165,7.359224343,8.707717934,473,15,488,24,488,512
7,1000,60,7.7,28,61,950,35,6,9,50,8.050367031,116,628,62.61442619,10.35946767,7.6232523,8.454214813,469,17,481,33,486,514
4,1000,60,7.7,28,60,959,21,10,10,41,8.012751535,93,600,62.3091714,9.970199003,7.56908932,8.422285888,462,18,497,23,480,520
1,1000,60,7.7,28,51,954,20,16,10,46,8.206068904,104,653,62.06013828,10.06611136,8.029378167,8.367866169,456,22,498,24,478,522
2,1000,60,7.7,28,57,962,21,10,7,38,8.031974921,94,599,62.03518479,10.18779062,7.546464254,8.487376399,471,13,491,25,484,516
5,1000,60,7.7,28,57,967,18,9,6,33,8.299805002,100,610,62.11478087,10.1380653,7.921370923,8.685884214,489,16,478,17,505,495
8,1000,60,7.7,28,59,961,32,6,1,39,7.899380684,106,612,62.51200432,10.58126089,7.690649743,8.088991233,461,15,500,24,476,524
6,1000,60,7.7,28,62,948,31,7,14,52,8.497636443,111,617,62.81452754,10.26923091,7.712685266,9.257864747,471,21,477,31,492,508
3,1000,60,7.7,28,58,961,22,10,7,39,8.059207965,99,622,62.43688061,9.928758131,7.349493585,8.735654483,474,14,487,25,488,512
4,1000,60,7.7,28,61,957,23,10,10,43,8.023789572,112,627,62.36515832,9.988886252,7.572481487,8.440381651,461,19,496,24,480,520
7,1000,60,7.7,28,62,952,33,6,9,48,8.024771355,98,640,62.66581676,10.39483513,7.560397299,8.463848771,471,15,481,33,486,514
1,1000,60,7.7,28,52,955,19,17,9,45,8.224656675,113,646,62.11340499,10.0879173,8.01959556,8.412432945,457,21,498,24,478,522
2,1000,60,7.7,28,58,960,24,9,7,40,8.088768394,104,616,62.07905417,10.20598447,7.610740559,8.537151091,469,15,491,25,484,516
5,1000,60,7.7,28,58,967,18,9,6,33,8.32065562,98,616,62.15559889,10.15875968,7.926124674,8.723156888,489,16,478,17,505,495
8,1000,60,7.7,28,60,959,34,6,1,41,7.944196765,122,638,62.54808726,10.60654027,7.754888324,8.116163975,459,17,500,24,476,524
6,1000,60,7.7,28,63,947,33,7,13,53,8.501551544,125,651,62.85880916,10.28670816,7.705108313,9.272909948,471,21,476,32,492,508
7,1000,60,7.7,28,63,953,31,7,9,47,8.038513164,120,645,62.71820101,10.41112965,7.580490157,8.471585502,472,14,481,33,486,514
4,1000,60,7.7,28,62,957,23,10,10,43,8.038936597,107,637,62.39870259,10.01218224,7.605912104,8.438651513,461,19,496,24,480,520
3,1000,60,7.7,28,59,960,24,10,6,40,8.03434024,117,649,62.46886377,9.951664094,7.355718026,8.681152038,473,15,487,25,488,512
2,1000,60,7.7,28,59,960,24,9,7,40,8.119934532,93,632,62.12642184,10.22835487,7.662804868,8.548715069,469,15,491,25,484,516
1,1000,60,7.7,28,53,956,18,18,8,44,8.188055081,116,624,62.17475606,10.1140542,8.007394935,8.353487168,458,20,498,24,478,522
6,1000,60,7.7,28,64,947,34,7,12,53,8.510172342,113,625,62.87013207,10.29480191,7.718873375,9.276548507,471,21,476,32,492,508
5,1000,60,7.7,28,59,968,18,7,7,32,8.306795889,119,613,62.17945034,10.19167686,7.919354709,8.702064164,489,16,479,16,505,495
8,1000,60,7.7,28,61,961,32,6,1,39,7.936333682,108,621,62.56926345,10.61292094,7.714834499,8.137542864,461,15,500,24,476,524
7,1000,60,7.7,28,64,954,29,8,9,46,8.066935449,118,628,62.76970007,10.42215784,7.621638615,8.487974867,472,14,482,32,486,514
4,1000,60,7.7,28,63,956,24,10,10,44,8.039669737,115,623,62.45442171,10.05191095,7.606585676,8.439439641,460,20,496,24,480,520
3,1000,60,7.7,28,60,961,23,10,6,39,8.020066428,99,632,62.50093234,9.968327342,7.36981927,8.63983325,473,15,488,24,488,512
2,1000,60,7.7,28,60,959,25,8,8,41,8.11974324,107,664,62.14979114,10.26857347,7.642820959,8.567088946,469,15,490,26,484,516
6,1000,60,7.7,28,65,949,32,7,12,51,8.527741169,87,643,62.90862598,10.31759015,7.745764569,9.285088583,471,21,478,30,492,508
5,1000,60,7.7,28,60,968,18,7,7,32,8.304967353,106,612,62.26653854,10.19236543,7.91191247,8.705962739,489,16,479,16,505,495
8,1000,60,7.7,28,62,961,32,6,1,39,7.959092882,107,612,62.6090311,10.62934843,7.753494132,8.145858158,461,15,500,24,476,524
1,1000,60,7.7,28,54,957,18,18,7,43,8.203011779,116,633,62.19401301,10.13442063,8.020243323,8.370374464,459,19,498,24,478,522
7,1000,60,7.7,28,65,954,29,8,9,46,8.080935685,104,626,62.8356085,10.45946282,7.5843056,8.550511991,472,14,482,32,486,514
4,1000,60,7.7,28,64,957,23,10,10,43,8.03950257,100,613,62.49219306,10.06148839,7.624281862,8.422783223,460,20,497,23,480,520
3,1000,60,7.7,28,61,959,25,10,6,41,8.042874864,103,629,62.50537352,9.99466297,7.4073526,8.648607022,472,16,487,25,488,512
6,1000,60,7.7,28,66,949,31,9,11,51,8.516851899,99,633,62.94657114,10.34434486,7.763632469,9.246347883,471,21,478,30,492,508
2,1000,60,7.7,28,61,959,25,8,8,41,8.108313353,118,612,62.18844392,10.28904649,7.646618603,8.54137587,469,15,490,26,484,516
5,1000,60,7.7,28,61,967,19,7,7,33,8.341387752,112,612,62.31155668,10.21972636,7.920859664,8.770411356,488,17,479,16,505,495
8,1000,60,7.7,28,63,957,36,6,1,43,8.041658315,99,625,62.63700777,10.65837527,7.812500373,8.249824691,460,16,497,27,476,524
7,1000,60,7.7,28,66,953,28,10,9,47,8.095498495,109,630,62.89106673,10.45686829,7.579316542,8.583561586,471,15,482,32,486,514
4,1000,60,7.7,28,65,957,23,10,10,43,8.036506462,120,612,62.50972411,10.08722601,7.636489064,8.405753292,460,20,497,23,480,520
1,1000,60,7.7,28,55,959,17,17,7,41,8.184498583,105,636,62.22638472,10.17479402,7.991887892,8.360873891,460,18,499,23,478,522
3,1000,60,7.7,28,62,960,23,11,6,40,8.057916801,95,633,62.55112906,10.01119085,7.401798603,8.683279458,472,16,488,24,488,512
6,1000,60,7.7,28,67,951,29,9,11,49,8.522109377,109,619,62.97714605,10.35258072,7.787328445,9.233747602,472,20,479,29,492,508
2,1000,60,7.7,28,62,960,23,9,8,40,8.153746281,98,613,62.21487133,10.31097633,7.671703763,8.605894689,470,14,490,26,484,516
8,1000,60,7.7,28,64,958,35,6,1,42,8.083513943,108,641,62.670445,10.66715624,7.823195077,8.319986806,461,15,497,27,476,524
5,1000,60,7.7,28,62,968,18,7,7,32,8.353922091,124,603,62.38081438,10.24384541,7.940569862,8.77562487,489,16,479,16,505,495
7,1000,60,7.7,28,67,952,29,10,9,48,8.134103919,104,626,62.92342562,10.44914587,7.6244603,8.615984851,470,16,482,32,486,514
4,1000,60,7.7,28,66,958,23,10,9,42,8.065197399,96,626,62.57837937,10.11075544,7.683412761,8.417613989,461,19,497,23,480,520
3,1000,60,7.7,28,63,959,23,12,6,41,8.086005698,110,617,62.59455957,10.05681017,7.467747981,8.675282583,471,17,488,24,488,512
1,1000,60,7.7,28,56,957,19,16,8,43,8.217539989,104,619,62.27570802,10.2039305,7.991381242,8.424635546,460,18,497,25,478,522
6,1000,60,7.7,28,68,951,29,9,11,49,8.563519093,108,631,63.01100619,10.3609811,7.849034825,9.25549992,472,20,479,29,492,508
2,1000,60,7.7,28,63,959,24,9,8,41,8.200589709,98,627,62.2944908,10.33681724,7.733673707,8.638549681,469,15,490,26,484,516
5,1000,60,7.7,28,63,968,18,7,7,32,8.376709641,103,651,62.40988333,10.2837314,7.975297778,8.786230834,489,16,479,16,505,495
8,1000,60,7.7,28,65,958,35,6,1,42,8.134974313,111,620,62.71279777,10.70575025,7.887630183,8.359660966,461,15,497,27,476,524
7,1000,60,7.7,28,68,951,30,10,9,49,8.152444398,101,625,62.96497816,10.45325527,7.635784401,8.640959492,470,16,481,33,486,514
4,1000,60,7.7,28,67,959,22,10,9,41,8.05533835,112,645,62.63151215,10.15294884,7.67287945,8.408377335,462,18,497,23,480,520
3,1000,60,7.7,28,64,958,24,12,6,42,8.125300516,98,637,62.61279131,10.07985384,7.516364462,8.705692692,471,17,487,25,488,512
6,1000,60,7.7,28,69,951,29,9,11,49,8.593347414,99,616,63.05340585,10.36398276,7.875693734,9.288397829,472,20,479,29,492,508
1,1000,60,7.7,28,57,956,20,16,8,44,8.225792236,122,647,62.33334655,10.24570015,8.013906532,8.419817842,460,18,496,26,478,522
2,1000,60,7.7,28,64,959,24,9,8,41,8.211097167,114,633,62.36072085,10.35148187,7.751105651,8.642562076,469,15,490,26,484,516
7,1000,60,7.7,28,69,951,30,10,9,49,8.156601567,114,633,63.03131258,10.49136293,7.630650458,8.653901642,470,16,481,33,486,514
8,1000,60,7.7,28,66,955,36,8,1,45,8.147696997,109,644,62.75579359,10.72556569,7.862332907,8.406920864,461,15,494,30,476,524
5,1000,60,7.7,28,64,966,20,6,8,34,8.410958182,95,632,62.45735504,10.31046989,8.017940425,8.811915691,488,17,478,17,505,495
4,1000,60,7.7,28,68,958,24,10,8,42,8.055719742,111,664,62.67095274,10.17810379,7.685427306,8.397528145,461,19,497,23,480,520
3,1000,60,7.7,28,65,958,24,12,6,42,8.141189734,109,631,62.64889081,10.11080785,7.528075693,8.725564055,471,17,487,25,488,512
6,1000,60,7.7,28,70,951,28,10,11,49,8.614521797,109,655,63.11940419,10.41256298,7.883738373,9.32228842,472,20,479,29,492,508
7,1000,60,7.7,28,70,953,30,9,8,47,8.141187699,110,642,63.08494276,10.5387033,7.656007936,8.599937436,470,16,483,31,486,514
2,1000,60,7.7,28,65,958,26,9,7,42,8.235652983,117,624,62.39134212,10.40045716,7.793888481,8.650021238,469,15,489,27,484,516
1,1000,60,7.7,28,58,957,19,15,9,43,8.264771736,88,635,62.39834638,10.25032175,8.050816792,8.460692164,460,18,497,25,478,522
8,1000,60,7.7,28,67,955,36,8,1,45,8.169228949,128,641,62.77849593,10.77132619,7.867337224,8.443466471,461,15,494,30,476,524
5,1000,60,7.7,28,65,965,21,6,8,35,8.439669719,110,617,62.48289136,10.34459728,8.030805565,8.856793755,487,18,478,17,505,495
4,1000,60,7.7,28,69,958,23,10,9,42,8.083425646,104,632,62.67744273,10.19770813,7.698389283,8.438843828,461,19,497,23,480,520
3,1000,60,7.7,28,66,958,24,12,6,42,8.11006006,110,649,62.70330019,10.13423941,7.528355631,8.664497094,470,18,488,24,488,512
6,1000,60,7.7,28,71,952,27,10,11,48,8.634089648,112,649,63.14036597,10.43827733,7.90410897,9.341078809,473,19,479,29,492,508
7,1000,60,7.7,28,71,953,30,9,8,47,8.176531527,124,632,63.12254846,10.51849803,7.698323758,8.628689068,470,16,483,31,486,514
2,1000,60,7.7,28,66,958,24,11,7,42,8.275044557,106,624,62.42990519,10.41987756,7.803960458,8.716914139,469,15,489,27,484,516
8,1000,60,7.7,28,68,955,37,7,1,45,8.189703841,108,672,62.81741233,10.78617008,7.922025089,8.432862402,460,16,495,29,476,524
5,1000,60,7.7,28,66,965,21,6,8,35,8.433844898,108,623,62.51176831,10.3811272,8.046953427,8.828552358,487,18,478,17,505,495
1,1000,60,7.7,28,59,957,19,14,10,43,8.287337411,102,615,62.43804544,10.2602089,8.098720303,8.46005576,460,18,497,25,478,522
4,1000,60,7.7,28,70,958,23,10,9,42,8.111060857,107,620,62.67967713,10.21440237,7.734649769,8.458517247,460,20,498,22,480,520
3,1000,60,7.7,28,67,956,26,11,7,44,8.171270941,102,628,62.75112156,10.14654412,7.594561016,8.720947589,469,19,487,25,488,512
6,1000,60,7.7,28,72,951,28,10,11,49,8.675509196,101,630,63.18116739,10.45480758,7.96496077,9.363678144,473,19,478,30,492,508
7,1000,60,7.7,28,72,955,28,9,8,45,8.199247621,121,640,63.15023814,10.55774875,7.744536723,8.629188275,470,16,485,29,486,514
8,1000,60,7.7,28,69,957,34,8,1,43,8.196890826,112,628,62.86983301,10.80870662,7.91608179,8.451976896,461,15,496,28,476,524
5,1000,60,7.7,28,67,964,22,6,8,36,8.481675975,110,637,62.56936666,10.39460144,8.099480234,8.871592843,487,18,477,18,505,495
2,1000,60,7.7,28,67,958,23,12,7,42,8.286472698,109,615,62.453044,10.4558921,7.795943898,8.746581107,469,15,489,27,484,516
1,1000,60,7.7,28,60,955,21,14,10,45,8.332675604,101,595,62.47132472,10.27745181,8.151461002,8.498615411,459,19,496,26,478,522
4,1000,60,7.7,28,71,956,24,11,9,44,8.120400285,99,628,62.7241899,10.23225825,7.760799784,8.452339209,459,21,497,23,480,520
3,1000,60,7.7,28,68,955,27,11,7,45,8.161940728,100,625,62.79755402,10.17105943,7.574715294,8.721639969,469,19,486,26,488,512
7,1000,60,7.7,28,73,955,26,11,8,45,8.230493933,116,623,63.18501952,10.57090843,7.754461241,8.680594883,470,16,485,29,486,514
6,1000,60,7.7,28,73,952,28,10,10,48,8.656423308,99,634,63.20968578,10.49285721,7.922878006,9.366864822,474,18,478,30,492,508
8,1000,60,7.7,28,70,957,33,9,1,43,8.223126053,118,621,62.91199579,10.8472458,7.975364713,8.448191698,461,15,496,28,476,524
5,1000,60,7.7,28,68,961,25,6,8,39,8.503696032,103,616,62.589934,10.41709699,8.143522992,8.871145294,485,20,476,19,505,495
2,1000,60,7.7,28,68,958,23,12,7,42,8.324062743,131,627,62.47863222,10.4891293,7.829034193,8.788391849,469,15,489,27,484,516
1,1000,60,7.7,28,61,955,22,13,10,45,8.345204999,122,635,62.5261207,10.28724947,8.168006697,8.507467046,458,20,497,25,478,522
7,1000,60,7.7,28,74,954,27,11,8,46,8.252949896,100,667,63.25030847,10.61894697,7.782333444,8.697929654,470,16,484,30,486,514
4,1000,60,7.7,28,72,957,24,10,9,43,8.111255947,116,609,62.78630673,10.24701599,7.756395222,8.438819693,460,20,497,23,480,520
3,1000,60,7.7,28,69,955,27,11,7,45,8.194635152,91,603,62.83661981,10.19490497,7.629664727,8.733122588,468,20,487,25,488,512
6,1000,60,7.7,28,74,952,28,10,10,48,8.69608949,103,644,63.23126965,10.50038914,7.962579333,9.406496966,474,18,478,30,492,508
8,1000,60,7.7,28,71,956,33,10,1,44,8.226484565,118,644,62.96993715,10.89129973,8.008759657,8.424265206,461,15,495,29,476,524
5,1000,60,7.7,28,69,960,26,6,8,40,8.527767474,106,646,62.63932112,10.43581648,8.201288475,8.860842008,484,21,476,19,505,495
2,1000,60,7.7,28,69,958,23,12,7,42,8.33705536,101,622,62.50018285,10.51823313,7.85090229,8.793059402,469,15,489,27,484,516
7,1000,60,7.7,28,75,953,28,11,8,47,8.296904125,103,650,63.29407285,10.65339624,7.84073643,8.728222218,470,16,483,31,486,514
4,1000,60,7.7,28,73,958,22,11,9,42,8.159866584,113,654,62.83067887,10.26160707,7.783688162,8.507108204,460,20,498,22,480,520
3,1000,60,7.7,28,70,954,27,12,7,46,8.202586711,108,633,62.89293761,10.21988839,7.629678555,8.748639798,468,20,486,26,488,512
6,1000,60,7.7,28,75,951,30,9,10,49,8.717802604,96,639,63.28662956,10.5368583,7.976590628,9.435669321,474,18,477,31,492,508
1,1000,60,7.7,28,62,954,23,13,10,46,8.361782184,89,625,62.56603589,10.30184887,8.163992257,8.542900162,458,20,496,26,478,522
8,1000,60,7.7,28,72,955,34,10,1,45,8.268788934,106,605,63.0152057,10.90047617,8.058122931,8.460157288,460,16,495,29,476,524
5,1000,60,7.7,28,70,960,25,7,8,40,8.538143953,107,604,62.65302349,10.46190652,8.215548106,8.867256887,484,21,476,19,505,495
7,1000,60,7.7,28,76,953,28,11,8,47,8.298929186,114,653,63.36297951,10.68064984,7.832461067,8.73998659,470,16,483,31,486,514
2,1000,60,7.7,28,70,958,24,11,7,42,8.329650176,131,616,62.55969614,10.56050776,7.842919789,8.786195734,469,15,489,27,484,516
4,1000,60,7.7,28,74,959,22,10,9,41,8.181877005,120,632,62.86848643,10.28762096,7.814892715,8.520631734,461,19,498,22,480,520
3,1000,60,7.7,28,71,955,26,12,7,45,8.228232519,105,658,62.95213305,10.23987442,7.677073218,8.753556229,469,19,486,26,488,512
6,1000,60,7.7,28,76,952,31,7,10,48,8.731005558,111,634,63.30034503,10.55071365,7.977284122,9.460987736,475,17,477,31,492,508
8,1000,60,7.7,28,73,955,33,11,1,45,8.279015273,119,642,63.03847406,10.92109018,8.038498078,8.497500358,460,16,495,29,476,524
1,1000,60,7.7,28,63,955,24,12,9,45,8.363090813,100,625,62.62541825,10.31303191,8.148373709,8.559709157,459,19,496,26,478,522
5,1000,60,7.7,28,71,960,25,7,8,40,8.587445351,107,656,62.70135885,10.48463115,8.258072529,8.92347217,484,21,476,19,505,495
7,1000,60,7.7,28,77,954,28,12,6,46,8.292492912,103,661,63.4174746,10.70261165,7.852906176,8.708133289,470,16,484,30,486,514
2,1000,60,7.7,28,71,958,23,11,8,42,8.331567574,114,641,62.57719334,10.59279467,7.838961333,8.793624592,469,15,489,27,484,516
4,1000,60,7.7,28,75,960,22,9,9,40,8.186046496,121,625,62.89233884,10.3204858,7.826334648,8.518088202,461,19,499,21,480,520
6,1000,60,7.7,28,77,951,31,8,10,49,8.772116133,117,648,63.3319559,10.60995648,7.978163238,9.541062638,474,18,477,31,492,508
3,1000,60,7.7,28,72,957,25,12,6,43,8.202617506,116,641,63.00131024,10.26991592,7.645610069,8.73351522,469,19,488,24,488,512
8,1000,60,7.7,28,74,956,32,11,1,44,8.317552833,118,652,63.07542338,10.94417229,8.114002704,8.502457148,460,16,496,28,476,524
5,1000,60,7.7,28,72,958,27,7,8,42,8.617561003,107,638,62.73656787,10.51085557,8.306391901,8.935016349,483,22,475,20,505,495
1,1000,60,7.7,28,64,957,24,11,8,43,8.386202483,110,634,62.64662266,10.33505303,8.182180707,8.573027021,460,18,497,25,478,522
7,1000,60,7.7,28,78,953,29,12,6,47,8.30927176,99,616,63.47322981,10.73513701,7.884553347,8.710853761,470,16,483,31,486,514
2,1000,60,7.7,28,72,960,20,12,8,40,8.317754384,115,640,62.59631774,10.62798005,7.792759434,8.810191508,471,13,489,27,484,516
4,1000,60,7.7,28,76,962,20,9,9,38,8.193660371,111,641,62.95692924,10.32229567,7.809169397,8.548575116,462,18,500,20,480,520
6,1000,60,7.7,28,78,950,32,8,10,50,8.758036639,119,646,63.36530087,10.63266294,7.963598268,9.52745333,474,18,476,32,492,508
3,1000,60,7.7,28,73,956,26,12,6,44,8.224170983,118,666,63.06425015,10.28635866,7.678548287,8.744217616,468,20,488,24,488,512
8,1000,60,7.7,28,75,956,32,10,2,44,8.351531789,107,651,63.08334961,10.96481839,8.108218243,8.572557071,460,16,496,28,476,524
5,1000,60,7.7,28,73,960,24,8,8,40,8.632214577,115,652,62.77789685,10.54219821,8.362664876,8.907209727,483,22,477,18,505,495
7,1000,60,7.7,28,79,952,30,11,7,48,8.319522566,109,625,63.54340938,10.7630856,7.8561974,8.757608229,470,16,482,32,486,514
1,1000,60,7.7,28,65,956,25,11,8,44,8.434428735,118,618,62.69273427,10.37553802,8.215225331,8.635155224,460,18,496,26,478,522
4,1000,60,7.7,28,77,961,20,9,10,39,8.21095333,105,660,62.98941846,10.34782898,7.815899885,8.575618048,461,19,500,20,480,520
2,1000,60,7.7,28,73,960,20,12,8,40,8.343576967,108,651,62.63807294,10.6511578,7.817324241,8.837193865,471,13,489,27,484,516
3,1000,60,7.7,28,74,955,26,13,6,45,8.246749588,122,646,63.08331031,10.30161866,7.731556522,8.737792979,467,21,488,24,488,512
6,1000,60,7.7,28,79,948,33,9,10,52,8.827538599,117,628,63.41483049,10.66036344,8.021707842,9.60798886,474,18,474,34,492,508
8,1000,60,7.7,28,76,954,34,10,2,46,8.373237038,102,632,63.14504873,11.00222553,8.152596351,8.573666364,458,18,496,28,476,524
7,1000,60,7.7,28,80,952,31,10,7,48,8.293674318,118,625,63.5441397,10.7870564,7.842691289,8.720090177,470,16,482,32,486,514
5,1000,60,7.7,28,74,962,23,8,7,38,8.659623288,106,620,62.84907027,10.54991329,8.394231964,8.930376052,484,21,478,17,505,495
4,1000,60,7.7,28,78,961,20,9,10,39,8.253954286,107,648,63.02849878,10.37157359,7.834141806,8.641473499,461,19,500,20,480,520
6,1000,60,7.7,28,80,947,34,9,10,53,8.837817616,120,609,63.46879585,10.69066746,8.019110229,9.630738943,474,18,473,35,492,508
1,1000,60,7.7,28,66,955,24,14,7,45,8.475033715,112,636,62.7450557,10.39401095,8.241913947,8.688503541,460,18,495,27,478,522
3,1000,60,7.7,28,75,954,27,13,6,46,8.287677464,122,638,63.14250034,10.32457131,7.786987224,8.764897849,466,22,488,24,488,512
2,1000,60,7.7,28,74,958,22,12,8,42,8.345858461,123,663,62.65042008,10.68197896,7.821882462,8.837339825,470,14,488,28,484,516
8,1000,60,7.7,28,77,954,36,8,2,46,8.384410963,127,613,63.16622469,11.03971573,8.163497536,8.585088045,457,19,497,27,476,524
7,1000,60,7.7,28,81,953,30,10,7,47,8.341103551,85,646,63.59720667,10.82714422,7.902640751,8.755681218,471,15,482,32,486,514
5,1000,60,7.7,28,75,961,23,9,7,39,8.691955587,108,619,62.88290139,10.5754454,8.424924419,8.964381324,484,21,477,18,505,495
4,1000,60,7.7,28,79,960,20,9,11,40,8.284095659,103,620,63.06567582,10.38487707,7.876398884,8.660431144,460,20,500,20,480,520
6,1000,60,7.7,28,81,946,35,10,9,54,8.857641791,121,650,63.50948055,10.70521705,8.033834823,9.655502083,475,17,471,37,492,508
3,1000,60,7.7,28,76,955,26,13,6,45,8.307965237,91,621,63.20836531,10.35525741,7.785392179,8.806042682,467,21,488,24,488,512
2,1000,60,7.7,28,75,959,22,12,7,41,8.376590762,95,615,62.69929178,10.70030064,7.879391824,8.842955657,470,14,489,27,484,516
1,1000,60,7.7,28,67,956,24,12,8,44,8.459373603,107,622,62.79310967,10.40558963,8.231758227,8.66780301,460,18,496,26,478,522
8,1000,60,7.7,28,78,953,37,8,2,47,8.392674088,119,600,63.20051432,11.05583478,8.156430224,8.607277292,457,19,496,28,476,524
7,1000,60,7.7,28,82,954,30,10,6,46,8.361481554,92,669,63.62576613,10.86704282,7.902187799,8.795755415,472,14,482,32,486,514
5,1000,60,7.7,28,76,961,22,10,7,39,8.724182205,103,640,62.93702249,10.60309245,8.451202467,9.002676685,484,21,477,18,505,495
6,1000,60,7.7,28,82,947,35,9,9,53,8.84391444,128,639,63.54415136,10.73578136,8.038165337,9.624285618,475,17,472,36,492,508
4,1000,60,7.7,28,80,959,21,9,11,41,8.305597078,105,632,63.10541357,10.38068254,7.891427868,8.687907118,460,20,499,21,480,520
3,1000,60,7.7,28,77,955,26,13,6,45,8.342108744,102,630,63.24914418,10.38953053,7.83795003,8.822635019,467,21,488,24,488,512
8,1000,60,7.7,28,79,953,37,8,2,47,8.412154204,114,627,63.23608,11.07838819,8.157043254,8.643896212,458,18,495,29,476,524
2,1000,60,7.7,28,76,958,23,12,7,42,8.384181598,122,637,62.7451283,10.72485447,7.905277782,8.833385952,470,14,488,28,484,516
1,1000,60,7.7,28,68,957,23,12,8,43,8.492862042,109,643,62.8594683,10.43911092,8.221281583,8.741550662,461,17,496,26,478,522
7,1000,60,7.7,28,83,953,31,10,6,47,8.38446667,113,649,63.6975705,10.88259,7.924514888,8.819362714,472,14,481,33,486,514
5,1000,60,7.7,28,77,958,25,10,7,42,8.757454287,111,646,62.96795164,10.6397496,8.44521955,9.075996796,483,22,475,20,505,495
6,1000,60,7.7,28,83,947,34,10,9,53,8.850465869,146,643,63.57839045,10.76663242,8.058761694,9.61723448,475,17,472,36,492,508
4,1000,60,7.7,28,81,958,22,9,11,42,8.322666808,107,615,63.10976415,10.39128684,7.902182727,8.710805959,460,20,498,22,480,520
3,1000,60,7.7,28,78,957,25,12,6,43,8.32128628,117,620,63.29328356,10.39668526,7.808990505,8.809568191,468,20,489,23,488,512
8,1000,60,7.7,28,80,952,38,8,2,48,8.433435581,111,657,63.26364758,11.11385485,8.184723609,8.659364777,457,19,495,29,476,524
2,1000,60,7.7,28,77,957,23,13,7,43,8.419120833,100,601,62.77845442,10.73811962,7.938198321,8.870218693,470,14,487,29,484,516
7,1000,60,7.7,28,84,953,31,10,6,47,8.431240643,116,659,63.73150642,10.8835244,7.948978714,8.887231494,472,14,481,33,486,514
1,1000,60,7.7,28,69,956,25,12,7,44,8.518945786,105,670,62.9204305,10.48149156,8.235244987,8.778733109,460,18,496,26,478,522
5,1000,60,7.7,28,78,958,24,11,7,42,8.77588248,109,645,63.01776671,10.66943681,8.472780205,9.085108033,484,21,474,21,505,495
6,1000,60,7.7,28,84,946,35,10,9,54,8.880168829,119,641,63.60951988,10.79131125,8.097989026,9.637713047,475,17,471,37,492,508
4,1000,60,7.7,28,82,959,22,8,11,41,8.320419744,107,644,63.15772201,10.42394549,7.889198938,8.718469718,461,19,498,22,480,520
3,1000,60,7.7,28,79,956,26,12,6,44,8.310944488,102,632,63.35629885,10.42376371,7.810435072,8.787992525,468,20,488,24,488,512
8,1000,60,7.7,28,81,954,36,8,2,46,8.458494764,118,646,63.29678459,11.13862445,8.158597329,8.730920678,459,17,495,29,476,524
2,1000,60,7.7,28,78,957,23,13,7,43,8.440749794,107,636,62.81884971,10.75922143,7.937386108,8.912897128,470,14,487,29,484,516
7,1000,60,7.7,28,85,953,31,10,6,47,8.461015108,113,624,63.77497665,10.91279138,7.985745604,8.910394446,472,14,481,33,486,514
1,1000,60,7.7,28,70,958,25,10,7,42,8.514852936,102,639,62.97279316,10.49917287,8.245130846,8.76183983,460,18,498,24,478,522
5,1000,60,7.7,28,79,957,25,11,7,43,8.810834536,120,623,63.06921321,10.67295944,8.494606591,9.133450925,484,21,473,22,505,495
6,1000,60,7.7,28,85,946,36,8,10,54,8.901397771,114,658,63.62802041,10.81504577,8.098662836,9.678849716,476,16,470,38,492,508
4,1000,60,7.7,28,83,959,23,8,10,41,8.317087499,108,648,63.20206314,10.48511047,7.871547852,8.728354865,461,19,498,22,480,520
3,1000,60,7.7,28,80,956,26,12,6,44,8.346779338,105,616,63.39342215,10.45620778,7.816448773,8.852250658,468,20,488,24,488,512
8,1000,60,7.7,28,82,952,38,8,2,48,8.473699471,134,651,63.3441393,11.16183369,8.172407911,8.747391803,458,18,494,30,476,524
7,1000,60,7.7,28,86,952,32,10,6,48,8.472269456,99,654,63.78116972,10.93835091,8.010544909,8.908841692,471,15,481,33,486,514
2,1000,60,7.7,28,79,957,24,12,7,43,8.466326471,112,654,62.85870459,10.7857072,7.984465957,8.918304162,469,15,488,28,484,516
1,1000,60,7.7,28,71,958,26,8,8,42,8.52806211,93,647,62.99698927,10.53207804,8.225322363,8.805283563,460,18,498,24,478,522
6,1000,60,7.7,28,86,946,36,8,10,54,8.928476011,117,627,63.69529065,10.84573026,8.135811059,9.696175138,476,16,470,38,492,508
5,1000,60,7.7,28,80,957,25,11,7,43,8.845306138,125,629,63.09757385,10.69901476,8.5099847,9.187401747,484,21,473,22,505,495
4,1000,60,7.7,28,84,958,22,10,10,42,8.342091771,113,645,63.2614927,10.51602168,7.917810126,8.733736366,460,20,498,22,480,520
3,1000,60,7.7,28,81,957,26,11,6,43,8.356418504,109,597,63.40082533,10.45968798,7.833461618,8.854861787,469,19,488,24,488,512
7,1000,60,7.7,28,87,953,31,10,6,47,8.517319842,107,641,63.80557148,10.96476776,8.065761315,8.944279849,471,15,482,32,486,514
8,1000,60,7.7,28,83,951,37,10,2,49,8.485037728,127,649,63.3907352,11.18754728,8.162030572,8.778456441,457,19,494,30,476,524
2,1000,60,7.7,28,80,958,23,12,7,42,8.465117823,120,629,62.89728958,10.79694924,7.988870205,8.911830704,470,14,488,28,484,516
6,1000,60,7.7,28,87,947,36,7,10,53,8.919167506,111,644,63.75553276,10.85902875,8.171000459,9.643770237,475,17,472,36,492,508
4,1000,60,7.7,28,85,958,22,10,10,42,8.344241894,98,641,63.26943697,10.53495159,7.932994414,8.723854953,460,20,498,22,480,520
5,1000,60,7.7,28,81,957,25,10,8,43,8.885022243,101,636,63.13734744,10.73189115,8.527890649,9.249368618,484,21,473,22,505,495
1,1000,60,7.7,28,72,957,27,8,8,43,8.528268231,113,632,63.02015098,10.535887,8.219191163,8.811292825,460,18,497,25,478,522
7,1000,60,7.7,28,88,950,34,10,6,50,8.54568394,115,634,63.8449337,10.96970479,8.066014783,8.99922326,471,15,479,35,486,514
3,1000,60,7.7,28,82,957,27,11,5,43,8.363192441,84,631,63.46267427,10.47185302,7.878293866,8.825361396,469,19,488,24,488,512
8,1000,60,7.7,28,84,948,40,10,2,52,8.478540411,111,641,63.46035471,11.21964188,8.121364861,8.802997591,456,20,492,32,476,524
2,1000,60,7.7,28,81,958,23,11,8,42,8.474659174,110,658,62.94326997,10.81239166,8.026476603,8.895047478,469,15,489,27,484,516
6,1000,60,7.7,28,88,946,37,7,10,54,8.89101382,129,653,63.78489025,10.88234746,8.182897535,9.57682723,474,18,472,36,492,508
4,1000,60,7.7,28,86,957,23,10,10,43,8.334749976,128,664,63.30157797,10.56733692,7.934816372,8.703919457,460,20,497,23,480,520
5,1000,60,7.7,28,82,957,25,10,8,43,8.870725989,123,632,63.20014246,10.74674933,8.510683029,9.238042543,484,21,473,22,505,495
1,1000,60,7.7,28,73,958,26,9,7,42,8.528328707,100,629,63.07180558,10.56390121,8.199971746,8.82900807,460,18,498,24,478,522
7,1000,60,7.7,28,89,950,34,9,7,50,8.560149253,109,620,63.86076594,10.99394885,8.113218422,8.982733657,471,15,479,35,486,514
3,1000,60,7.7,28,83,957,27,11,5,43,8.383041353,116,654,63.48534594,10.50214594,7.899624888,8.843797671,468,20,489,23,488,512
8,1000,60,7.7,28,85,948,39,10,3,52,8.507670208,114,629,63.51747847,11.22925669,8.139101193,8.842477175,456,20,492,32,476,524
2,1000,60,7.7,28,82,957,25,11,7,43,8.505088555,110,645,62.96616619,10.83990851,8.074138716,8.909312822,468,16,489,27,484,516
6,1000,60,7.7,28,89,947,37,7,9,53,8.909299375,122,647,63.84153797,10.9151492,8.253074339,9.544855906,473,19,474,34,492,508
4,1000,60,7.7,28,87,956,23,11,10,44,8.338577036,110,636,63.40132113,10.57554192,7.938006087,8.708334834,460,20,496,24,480,520
5,1000,60,7.7,28,83,959,25,8,8,41,8.866227361,108,644,63.25976497,10.76195544,8.527373707,9.211926543,484,21,475,20,505,495
7,1000,60,7.7,28,90,948,36,9,7,52,8.565372523,133,629,63.90819618,11.00602643,8.080836951,9.023513161,470,16,478,36,486,514
1,1000,60,7.7,28,74,956,27,10,7,44,8.596125774,121,652,63.10508806,10.58500006,8.252807213,8.910505605,458,20,498,24,478,522
3,1000,60,7.7,28,84,955,30,10,5,45,8.414384246,100,656,63.54148555,10.50025735,7.939444824,8.867060882,467,21,488,24,488,512
8,1000,60,7.7,28,86,947,40,10,3,53,8.498451434,135,667,63.58404406,11.25844339,8.138816071,8.825143099,455,21,492,32,476,524
2,1000,60,7.7,28,83,955,27,11,7,45,8.54557184,104,633,62.98091333,10.86420365,8.154310489,8.912568922,467,17,488,28,484,516
6,1000,60,7.7,28,90,947,36,9,8,53,8.878901435,105,634,63.8983861,10.95220802,8.267769092,9.470785516,472,20,475,33,492,508
4,1000,60,7.7,28,88,954,25,11,10,46,8.369949738,94,653,63.41540163,10.58863351,7.971984955,8.737301846,460,20,494,26,480,520
5,1000,60,7.7,28,84,959,24,9,8,41,8.874779279,116,663,63.2912371,10.78660659,8.539811984,9.21651359,484,21,475,20,505,495
7,1000,60,7.7,28,91,948,35,10,7,52,8.590611122,106,615,63.92694237,11.01305118,8.098187928,9.056209706,470,16,478,36,486,514
3,1000,60,7.7,28,85,956,29,10,5,44,8.408485182,105,634,63.56516768,10.49022618,7.92771101,8.866723064,467,21,489,23,488,512
8,1000,60,7.7,28,87,947,40,10,3,53,8.514030111,128,638,63.63340462,11.28560885,8.141342308,8.852578573,455,21,492,32,476,524
1,1000,60,7.7,28,75,958,27,8,7,42,8.599529808,108,667,63.15794407,10.61840214,8.280036945,8.892092238,459,19,499,23,478,522
2,1000,60,7.7,28,84,955,26,12,7,45,8.559867983,106,624,63.01141087,10.86934765,8.167293998,8.928096294,467,17,488,28,484,516
6,1000,60,7.7,28,91,947,36,9,8,53,8.873987298,116,645,63.95389986,10.99429731,8.221495817,9.505927866,472,20,475,33,492,508
4,1000,60,7.7,28,89,953,25,12,10,47,8.394790702,109,651,63.46858689,10.6140685,8.01524487,8.745140702,459,21,494,26,480,520
7,1000,60,7.7,28,92,948,35,10,7,52,8.614528779,115,638,63.96172071,11.02425496,8.129624161,9.07301836,470,16,478,36,486,514
5,1000,60,7.7,28,85,958,25,8,9,42,8.898831019,107,618,63.33295461,10.82128192,8.578043763,9.226098825,484,21,474,21,505,495
3,1000,60,7.7,28,86,956,29,10,5,44,8.413372063,94,652,63.61271765,10.49831794,7.93490918,8.869406999,467,21,489,23,488,512
8,1000,60,7.7,28,88,947,40,10,3,53,8.507841492,115,644,63.65956544,11.29069689,8.11404238,8.865567402,455,21,492,32,476,524
1,1000,60,7.7,28,76,958,27,8,7,42,8.590449741,103,644,63.2281442,10.64172596,8.271391732,8.882613972,458,20,500,22,478,522
2,1000,60,7.7,28,85,955,26,12,7,45,8.561930101,127,640,63.0370912,10.92439673,8.179046679,8.921068814,466,18,489,27,484,516
6,1000,60,7.7,28,92,946,35,11,8,54,8.88177069,113,665,63.99333126,11.02728368,8.238956139,9.504339113,471,21,475,33,492,508
4,1000,60,7.7,28,90,955,23,12,10,45,8.387964932,122,648,63.51779489,10.65894439,7.971317158,8.772562877,460,20,495,25,480,520
7,1000,60,7.7,28,93,944,39,10,7,56,8.641551492,110,653,63.99091226,11.02546489,8.170882231,9.086581182,468,18,476,38,486,514
5,1000,60,7.7,28,86,958,25,8,9,42,8.908015527,109,608,63.37210878,10.85030485,8.599648393,9.2226123,484,21,474,21,505,495
3,1000,60,7.7,28,87,956,30,9,5,44,8.425643927,110,627,63.67311973,10.52345633,7.953966991,8.875211007,467,21,489,23,488,512
8,1000,60,7.7,28,89,948,40,10,2,52,8.512414467,128,658,63.70158618,11.32005615,8.121777613,8.867267793,456,20,492,32,476,524
6,1000,60,7.7,28,93,947,35,10,8,53,8.879381469,116,646,64.04935133,11.04453258,8.247215829,9.491636381,473,19,474,34,492,508
2,1000,60,7.7,28,86,955,26,12,7,45,8.567376805,130,625,63.10399937,10.94338027,8.189609761,8.921716437,466,18,489,27,484,516
1,1000,60,7.7,28,77,959,26,8,7,41,8.613076066,105,637,63.28269064,10.67152208,8.265194774,8.931634031,459,19,500,22,478,522
4,1000,60,7.7,28,91,958,22,11,9,42,8.351803469,105,644,63.56044191,10.69411875,7.937518464,8.734220397,462,18,496,24,480,520
7,1000,60,7.7,28,94,942,41,10,7,58,8.679820003,110,665,64.03069414,11.04841427,8.205300434,9.128490257,467,19,475,39,486,514
5,1000,60,7.7,28,87,957,26,8,9,43,8.903267253,107,628,63.38436042,10.85360884,8.60130807,9.211326622,482,23,475,20,505,495
3,1000,60,7.7,28,88,953,34,8,5,47,8.480822861,120,662,63.71854812,10.53218466,8.049145227,8.892265607,465,23,488,24,488,512
8,1000,60,7.7,28,90,949,39,10,2,51,8.510345306,124,633,63.73643461,11.33096972,8.11476173,8.869692218,457,19,492,32,476,524
6,1000,60,7.7,28,94,946,37,10,7,54,8.87885309,113,657,64.0859222,11.05881203,8.252538858,9.485440889,473,19,473,35,492,508
2,1000,60,7.7,28,87,956,25,13,6,44,8.547024037,112,635,63.16747857,10.96591797,8.155263226,8.914489604,467,17,489,27,484,516
4,1000,60,7.7,28,92,958,22,11,9,42,8.342043912,117,645,63.59432113,10.72126672,7.965855674,8.689294593,462,18,496,24,480,520
7,1000,60,7.7,28,95,941,41,11,7,59,8.715631517,96,643,64.05075933,11.08748138,8.199719816,9.203439078,467,19,474,40,486,514
1,1000,60,7.7,28,78,958,26,9,7,42,8.618902537,105,639,63.33456553,10.67841358,8.31130703,8.900570453,458,20,500,22,478,522
5,1000,60,7.7,28,88,957,24,9,10,43,8.936829124,107,647,63.43285322,10.88965217,8.658638267,9.220639999,482,23,475,20,505,495
6,1000,60,7.7,28,95,945,38,10,7,55,8.92676004,123,634,64.16603882,11.08965625,8.289861237,9.543599038,473,19,472,36,492,508
3,1000,60,7.7,28,89,951,36,8,5,49,8.521154014,119,642,63.77742966,10.58875768,8.056068319,8.964438817,465,23,486,26,488,512
8,1000,60,7.7,28,91,949,38,11,2,51,8.558113308,117,627,63.76687502,11.35535554,8.167458968,8.912982518,457,19,492,32,476,524
2,1000,60,7.7,28,88,956,25,12,7,44,8.549429095,117,653,63.22673489,10.98803338,8.177442134,8.898347096,467,17,489,27,484,516
4,1000,60,7.7,28,93,958,22,11,9,42,8.347043622,105,628,63.63648222,10.7417212,7.970029318,8.695056826,462,18,496,24,480,520
7,1000,60,7.7,28,96,939,43,11,7,61,8.743598613,122,628,64.1091777,11.12976268,8.242967887,9.216957628,466,20,473,41,486,514
1,1000,60,7.7,28,79,956,27,10,7,44,8.62009843,121,649,63.36428991,10.72781045,8.349337648,8.868036465,456,22,500,22,478,522
5,1000,60,7.7,28,89,956,25,9,10,44,8.955494864,99,628,63.48598894,10.91434274,8.696244547,9.21998256,481,24,475,20,505,495
6,1000,60,7.7,28,96,945,38,10,7,55,8.948010334,135,654,64.19964018,11.1122848,8.309485535,9.566424115,473,19,472,36,492,508
3,1000,60,7.7,28,90,952,35,9,4,48,8.536935584,110,664,63.79305358,10.60609018,8.088084665,8.964746616,465,23,487,25,488,512
8,1000,60,7.7,28,92,951,37,10,2,49,8.54448394,122,625,63.82493532,11.38797886,8.204249545,8.853551825,457,19,494,30,476,524
7,1000,60,7.7,28,97,939,43,11,7,61,8.761742019,130,647,64.17161976,11.16055344,8.233670918,9.2610466,466,20,473,41,486,514
2,1000,60,7.7,28,89,954,27,12,7,46,8.569810921,114,624,63.27981695,11.00899731,8.210997711,8.906372148,467,17,487,29,484,516
4,1000,60,7.7,28,94,958,22,11,9,42,8.374350148,87,661,63.67735809,10.76138741,8.0348514,8.687733608,462,18,496,24,480,520
1,1000,60,7.7,28,80,956,26,11,7,44,8.631165492,105,653,63.38147166,10.75906117,8.374004616,8.866649973,456,22,500,22,478,522
5,1000,60,7.7,28,90,954,28,8,10,46,8.958011798,113,618,63.54775958,10.9361839,8.673069272,9.248710738,481,24,473,22,505,495
6,1000,60,7.7,28,97,944,38,11,7,56,8.96288176,111,649,64.23613661,11.12161207,8.370257872,9.53684033,472,20,472,36,492,508
3,1000,60,7.7,28,91,952,35,9,4,48,8.554265983,98,644,63.84675186,10.61555013,8.120017132,8.968159419,465,23,487,25,488,512
8,1000,60,7.7,28,93,951,36,11,2,49,8.547997906,126,657,63.88685285,11.42045124,8.231464337,8.835536033,457,19,494,30,476,524
7,1000,60,7.7,28,98,941,42,10,7,59,8.765308247,136,670,64.17989751,11.15135018,8.240447521,9.261577339,466,20,475,39,486,514
4,1000,60,7.7,28,95,955,25,12,8,45,8.384026121,97,652,63.70254144,10.78362127,8.051873521,8.69062852,460,20,495,25,480,520
2,1000,60,7.7,28,90,953,29,12,6,47,8.56303404,121,617,63.30106788,11.06117117,8.176683942,8.925424442,468,16,485,31,484,516
1,1000,60,7.7,28,81,957,26,10,7,43,8.629552591,121,641,63.44677178,10.79328177,8.37145324,8.865896442,457,21,500,22,478,522
5,1000,60,7.7,28,91,954,27,8,11,46,8.995187252,107,634,63.57965045,10.97024164,8.693056134,9.30342203,481,24,473,22,505,495
6,1000,60,7.7,28,98,944,38,11,7,56,9.020907945,116,633,64.26791301,11.15448798,8.418313665,9.604522878,472,20,472,36,492,508
8,1000,60,7.7,28,94,950,37,11,2,50,8.56368105,111,652,63.91699061,11.43507402,8.232943868,8.864121696,457,19,493,31,476,524
3,1000,60,7.7,28,92,951,36,9,4,49,8.576709171,103,651,63.8794955,10.64525448,8.134044438,8.998623994,465,23,486,26,488,512
7,1000,60,7.7,28,99,940,42,11,7,60,8.802169936,103,635,64.2192009,11.20100017,8.253019019,9.321406017,466,20,474,40,486,514
4,1000,60,7.7,28,96,955,25,12,8,45,8.384198946,115,639,63.73247805,10.81563776,8.046731536,8.695707325,460,20,495,25,480,520
2,1000,60,7.7,28,91,952,30,12,6,48,8.579342495,118,625,63.34617423,11.09152388,8.216035458,8.920118862,468,16,484,32,484,516
6,1000,60,7.7,28,99,942,40,10,8,58,9.019194954,145,645,64.36182409,11.18076764,8.429846734,9.589981025,471,21,471,37,492,508
5,1000,60,7.7,28,92,953,28,8,11,47,9.007055084,118,649,63.60538087,10.99192124,8.697710953,9.322648591,480,25,473,22,505,495
1,1000,60,7.7,28,82,956,26,11,7,44,8.653619563,118,659,63.46653177,10.82768602,8.427712229,8.860484899,456,22,500,22,478,522
3,1000,60,7.7,28,93,951,36,9,4,49,8.610385138,114,633,63.91163508,10.68344801,8.164560749,9.035311509,465,23,486,26,488,512
8,1000,60,7.7,28,95,949,39,10,2,51,8.538818274,121,663,63.94718442,11.45498326,8.206733849,8.840482751,457,19,492,32,476,524
7,1000,60,7.7,28,100,941,42,10,7,59,8.805169717,113,657,64.27731497,11.24223647,8.276856782,9.304702959,466,20,475,39,486,514
4,1000,60,7.7,28,97,954,26,12,8,46,8.444315937,102,648,63.79688272,10.83741165,8.094689835,8.767047723,459,21,495,25,480,520
2,1000,60,7.7,28,92,951,30,13,6,49,8.560185516,126,614,63.39571861,11.08965791,8.172762879,8.923581943,467,17,484,32,484,516
6,1000,60,7.7,28,100,942,39,11,8,58,9.030175332,113,630,64.41029686,11.19931738,8.469203719,9.573478548,471,21,471,37,492,508
5,1000,60,7.7,28,93,952,29,8,11,48,9.022319875,113,630,63.66184844,11.03720675,8.72373432,9.326937462,480,25,472,23,505,495
8,1000,60,7.7,28,96,949,39,10,2,51,8.534916234,132,638,64.02026188,11.46190508,8.206381058,8.833356584,456,20,493,31,476,524
7,1000,60,7.7,28,101,940,43,10,7,60,8.83738282,120,680,64.30998291,11.24055184,8.28018985,9.364222867,465,21,475,39,486,514
3,1000,60,7.7,28,94,951,36,9,4,49,8.628300401,115,656,63.96613841,10.6954994,8.168609373,9.066443411,465,23,486,26,488,512
1,1000,60,7.7,28,83,956,25,11,8,44,8.668816522,106,640,63.48813018,10.83199826,8.438603499,8.879624615,456,22,500,22,478,522
4,1000,60,7.7,28,98,952,27,12,9,48,8.475485661,119,635,63.82419057,10.89666532,8.165437498,8.761683965,458,22,494,26,480,520
2,1000,60,7.7,28,93,951,30,13,6,49,8.601429552,104,650,63.44936592,11.12573981,8.178333553,8.998287039,467,17,484,32,484,516
6,1000,60,7.7,28,101,943,40,10,7,57,9.039604791,110,667,64.45538767,11.19832375,8.526987455,9.5360767,470,22,473,35,492,508
7,1000,60,7.7,28,102,942,44,10,4,58,8.817396234,117,644,64.37505606,11.25573756,8.283620479,9.322094711,466,20,476,38,486,514
5,1000,60,7.7,28,94,953,30,8,9,47,9.005027825,115,621,63.70259498,11.06720949,8.697720923,9.318542947,480,25,473,22,505,495
8,1000,60,7.7,28,97,949,37,12,2,51,8.544247188,103,662,64.07351046,11.48566226,8.253994562,8.807911787,455,21,494,30,476,524
4,1000,60,7.7,28,99,951,28,12,9,49,8.477078217,112,648,63.89406847,10.91831123,8.176867212,8.754196068,457,23,494,26,480,520
3,1000,60,7.7,28,95,952,34,10,4,48,8.620209759,116,642,64.02061581,10.72844326,8.189376881,9.030847345,465,23,487,25,488,512
1,1000,60,7.7,28,84,956,25,11,8,44,8.661618101,106,636,63.51501167,10.85447283,8.416218321,8.886332843,456,22,500,22,478,522
2,1000,60,7.7,28,94,949,32,13,6,51,8.651927743,115,630,63.47404216,11.13981513,8.218204923,9.058753025,466,18,483,33,484,516
6,1000,60,7.7,28,102,944,38,10,8,56,9.048468464,101,662,64.52674086,11.23409098,8.494308132,9.585174928,471,21,473,35,492,508
7,1000,60,7.7,28,103,942,45,10,3,58,8.830167956,122,654,64.3895988,11.28503064,8.265917289,9.363681234,467,19,475,39,486,514
5,1000,60,7.7,28,95,953,30,8,9,47,9.044783616,97,626,63.7402085,11.10154774,8.735788734,9.36002082,480,25,473,22,505,495
8,1000,60,7.7,28,98,949,36,13,2,51,8.580377144,135,642,64.10191212,11.49848071,8.259239352,8.872097733,455,21,494,30,476,524
4,1000,60,7.7,28,100,949,29,13,9,51,8.519312801,111,653,63.92038533,10.92431169,8.24445019,8.773032134,456,24,493,27,480,520
3,1000,60,7.7,28,96,951,34,11,4,49,8.647463968,113,633,64.05732219,10.75443209,8.23193202,9.043517857,464,24,487,25,488,512
2,1000,60,7.7,28,95,948,33,13,6,52,8.656407854,142,633,63.52659785,11.14372784,8.21711926,9.068453745,466,18,482,34,484,516
1,1000,60,7.7,28,85,955,25,12,8,45,8.691585368,113,663,63.54381854,10.8986468,8.494606114,8.871961007,454,24,501,21,478,522
6,1000,60,7.7,28,103,944,38,10,8,56,9.069863404,115,656,64.55781344,11.26994475,8.533491797,9.589341417,471,21,473,35,492,508
7,1000,60,7.7,28,104,942,45,10,3,58,8.872624287,112,638,64.43919734,11.31198849,8.337514038,9.378584562,467,19,475,39,486,514
9,1000,60,7.7,28,0,936,34,14,16,64,7.313,101,588,60.28819709,9.021546242,6.587755102,8.009803922,467,23,469,41,490,510
8,1000,60,7.7,28,99,950,34,14,2,50,8.584355913,129,648,64.12047908,11.53602509,8.276036948,8.864431919,455,21,495,29,476,524
5,1000,60,7.7,28,96,952,31,8,9,48,9.061289499,113,652,63.77788427,11.12514579,8.738208759,9.390897122,480,25,472,23,505,495
4,1000,60,7.7,28,101,947,31,13,9,53,8.534760759,106,656,63.94500489,10.961319,8.305740342,8.746164221,455,25,492,28,480,520
3,1000,60,7.7,28,97,951,33,12,4,49,8.665061174,103,647,64.09610328,10.78441083,8.270716025,9.040921394,464,24,487,25,488,512
2,1000,60,7.7,28,96,948,33,13,6,52,8.629684811,126,608,63.58637652,11.15162419,8.191954226,9.040269314,466,18,482,34,484,516
6,1000,60,7.7,28,104,946,36,10,8,54,9.040652604,124,643,64.60399473,11.2910582,8.502513722,9.561842231,472,20,474,34,492,508
10,1000,60,7.7,28,0,942,27,17,14,58,7.23,95,621,59.78714168,8.967562839,6.525562372,7.904109589,469,20,473,38,489,511
1,1000,60,7.7,28,86,954,25,13,8,46,8.701167784,124,657,63.57828982,10.90869458,8.496973114,8.888150643,454,24,500,22,478,522
8,1000,60,7.7,28,100,951,34,13,2,49,8.589477204,118,651,64.15790358,11.56227534,8.23975945,8.907159743,456,20,495,29,476,524
9,1000,60,7.7,28,1,939,34,12,15,61,7.325173554,93,581,60.32441392,9.059967352,6.590820902,8.030728063,468,22,471,39,490,510
5,1000,60,7.7,28,97,951,32,8,9,49,9.070915853,116,632,63.82370445,11.16853207,8.727548195,9.421220232,479,26,472,23,505,495
4,1000,60,7.7,28,102,948,29,13,10,52,8.522791759,103,659,64.01832017,10.98793904,8.318037931,8.711795292,455,25,493,27,480,520
3,1000,60,7.7,28,98,953,32,11,4,47,8.662404621,95,650,64.11196702,10.80237066,8.270498821,9.035939836,464,24,489,23,488,512
2,1000,60,7.7,28,97,948,33,13,6,52,8.648478237,124,645,63.62310818,11.16340297,8.242897062,9.028907092,466,18,482,34,484,516
10,1000,60,7.7,28,1,943,26,17,14,57,7.244018064,98,617,59.83833697,8.971120076,6.523070318,7.933926964,470,19,473,38,489,511
1,1000,60,7.7,28,87,954,25,13,8,46,8.670805342,120,648,63.60919945,10.94156922,8.479193219,8.846266251,454,24,500,22,478,522
8,1000,60,7.7,28,101,949,35,13,3,51,8.622805114,114,638,64.17735935,11.5591297,8.250952472,8.960594919,455,21,494,30,476,524
4,1000,60,7.7,28,103,947,30,12,11,53,8.544310129,125,654,64.08459671,11.0044373,8.316706131,8.754406128,455,25,492,28,480,520
9,1000,60,7.7,28,2,939,33,14,14,61,7.33967165,79,587,60.3961071,9.063293777,6.542071752,8.105993122,468,22,471,39,490,510
5,1000,60,7.7,28,98,951,32,8,9,49,9.076356052,123,645,63.88257889,11.20583243,8.697442749,9.462924168,480,25,471,24,505,495
3,1000,60,7.7,28,99,954,32,11,3,46,8.66706086,122,667,64.15690148,10.83009481,8.278472255,9.037434374,464,24,490,22,488,512
2,1000,60,7.7,28,98,948,33,12,7,52,8.643684128,111,625,63.63556355,11.1926714,8.251565756,9.011485082,466,18,482,34,484,516
10,1000,60,7.7,28,2,944,25,17,14,56,7.263658863,82,601,59.83189513,8.974672771,6.553824118,7.942933208,471,18,473,38,489,511
1,1000,60,7.7,28,88,954,25,13,8,46,8.706934849,120,648,63.64024071,10.98110014,8.531069781,8.867976042,454,24,500,22,478,522
4,1000,60,7.7,28,104,949,29,11,11,51,8.553642518,126,644,64.14349345,11.02148739,8.327703263,8.76220183,456,24,493,27,480,520
8,1000,60,7.7,28,102,951,34,12,3,49,8.60299737,124,653,64.20560335,11.56631995,8.214652154,8.955768979,457,19,494,30,476,524
11,1000,60,7.7,28,0,951,24,8,17,49,6.895,92,597,59.9717964,8.759978056,6.132796781,7.648111332,482,15,469,34,497,503
5,1000,60,7.7,28,99,952,31,8,9,48,9.086123413,126,640,63.9009549,11.22230832,8.696905411,9.483204404,481,24,471,24,505,495
9,1000,60,7.7,28,3,939,34,14,13,61,7.353665973,91,619,60.43726856,9.112840021,6.600128537,8.077652921,468,22,471,39,490,510
3,1000,60,7.7,28,100,953,33,11,3,47,8.662047247,124,636,64.20015693,10.85542542,8.261121348,9.044179744,464,24,489,23,488,512
2,1000,60,7.7,28,99,948,33,10,9,52,8.684701729,112,643,63.69140992,11.23460775,8.32475962,9.022321847,466,18,482,34,484,516
10,1000,60,7.7,28,3,944,26,16,14,56,7.298551862,99,622,59.82326428,8.984590276,6.583458873,7.982858068,471,18,473,38,489,511
8,1000,60,7.7,28,103,951,35,11,3,49,8.644600414,120,617,64.25670086,11.59369531,8.29676153,8.960576194,456,20,495,29,476,524
11,1000,60,7.7,28,1,951,24,8,17,49,6.903308608,90,586,59.9987233,8.781969974,6.137674854,7.659809553,482,15,469,34,497,503
1,1000,60,7.7,28,89,953,25,14,8,47,8.721589405,120,634,63.69958264,10.99894856,8.537230699,8.890408296,454,24,499,23,478,522
5,1000,60,7.7,28,100,950,33,8,9,50,9.112220904,109,674,63.9812703,11.24474374,8.740399794,9.491553553,479,26,471,24,505,495
9,1000,60,7.7,28,4,941,32,14,13,59,7.324275946,111,642,60.5038942,9.150835537,6.56202497,8.056634728,469,21,472,38,490,510
3,1000,60,7.7,28,101,954,33,10,3,46,8.653444747,116,655,64.24825837,10.8450371,8.240724136,9.046819079,465,23,489,23,488,512
2,1000,60,7.7,28,100,949,33,9,9,51,8.701293793,111,638,63.72812894,11.27950273,8.339845246,9.040326927,466,18,483,33,484,516
10,1000,60,7.7,28,4,946,25,16,13,54,7.291320701,97,580,59.8478477,9.002654926,6.600688704,7.952219032,471,18,475,36,489,511
11,1000,60,7.7,28,2,951,23,9,17,49,6.916120098,89,582,60.03424373,8.802911231,6.156816318,7.666366576,482,15,469,34,497,503
8,1000,60,7.7,28,104,951,35,11,3,49,8.641575868,114,641,64.28472364,11.6135927,8.313124645,8.939939955,456,20,495,29,476,524
12,1000,60,7.7,28,0,943,30,10,17,57,7.11,112,601,59.86242735,8.881936369,6.046,8.174,482,18,461,39,500,500
9,1000,60,7.7,28,5,944,30,15,11,56,7.319496723,101,580,60.5711116,9.155723019,6.607440688,8.003628991,470,20,474,36,490,510
5,1000,60,7.7,28,101,951,30,9,10,49,9.103674518,113,634,64.02210465,11.26700143,8.719706603,9.49539936,479,26,472,23,505,495
1,1000,60,7.7,28,90,954,25,14,7,46,8.738772912,123,627,63.74651529,11.03347024,8.554351419,8.907649299,455,23,499,23,478,522
3,1000,60,7.7,28,102,953,34,10,3,47,8.655834517,126,651,64.32351621,10.88006249,8.21936006,9.071849234,465,23,488,24,488,512
2,1000,60,7.7,28,101,951,31,9,9,49,8.702298524,123,644,63.7639652,11.29094618,8.348755808,9.033916109,467,17,484,32,484,516
10,1000,60,7.7,28,5,948,23,16,13,52,7.299759525,75,581,59.88575066,9.025711685,6.616137763,7.95394943,472,17,476,35,489,511
11,1000,60,7.7,28,3,951,23,10,16,49,6.916429112,97,611,60.08207656,8.798916885,6.157904135,7.665906077,482,15,469,34,497,503
9,1000,60,7.7,28,6,945,29,15,11,55,7.343682969,98,625,60.63669187,9.188058279,6.64108481,8.018728259,470,20,475,35,490,510
12,1000,60,7.7,28,1,942,31,10,17,58,7.143244164,85,588,59.90501268,8.899209024,6.089521553,8.196966775,482,18,460,40,500,500
5,1000,60,7.7,28,102,951,29,10,10,49,9.107654404,129,622,64.03088374,11.2891021,8.756662854,9.465736693,479,26,472,23,505,495
1,1000,60,7.7,28,91,951,28,14,7,49,8.759862599,126,652,63.77557753,11.05595096,8.572929946,8.931038477,454,24,497,25,478,522
3,1000,60,7.7,28,103,951,36,10,3,49,8.660816638,113,662,64.3753324,10.88529725,8.25010436,9.052276779,464,24,487,25,488,512
10,1000,60,7.7,28,6,949,23,15,13,51,7.286233347,88,581,59.94700061,9.048686221,6.605598354,7.937565072,473,16,476,35,489,511
2,1000,60,7.7,28,102,953,29,9,9,47,8.709831815,135,657,63.7829751,11.32881142,8.381054866,9.018219496,467,17,486,30,484,516
11,1000,60,7.7,28,4,952,22,9,17,48,6.960354507,80,613,60.10135607,8.817699543,6.21186743,7.69991331,482,15,470,33,497,503
9,1000,60,7.7,28,7,946,28,15,11,54,7.385618072,98,620,60.66073722,9.188108947,6.672791757,8.070490414,470,20,476,34,490,510
12,1000,60,7.7,28,2,943,31,9,17,57,7.159158088,85,622,59.96189635,8.929293956,6.135746268,8.182569909,482,18,461,39,500,500
5,1000,60,7.7,28,103,950,30,10,10,50,9.092955161,107,644,64.07776892,11.31080063,8.72900646,9.464256361,479,26,471,24,505,495
10,1000,60,7.7,28,7,947,25,15,13,53,7.309919355,88,586,59.96224727,9.076528989,6.628283451,7.962208899,472,17,475,36,489,511
2,1000,60,7.7,28,103,953,30,8,9,47,8.74412041,118,642,63.83141136,11.33945586,8.403895676,9.063245936,468,16,485,31,484,516
1,1000,60,7.7,28,92,951,28,14,7,49,8.806859196,117,628,63.82973527,11.09049419,8.57899514,9.015516319,455,23,496,26,478,522
3,1000,60,7.7,28,104,949,36,12,3,51,8.693008677,109,640,64.39906156,10.92039297,8.290427098,9.076719245,463,25,486,26,488,512
11,1000,60,7.7,28,5,952,22,9,17,48,6.998885951,102,621,60.16606225,8.802604704,6.243184225,7.745573343,482,15,470,33,497,503
13,1000,60,7.7,28,0,940,32,14,14,60,7.104,108,639,60.20669145,9.043950439,6.14968815,7.988439306,463,18,477,42,481,519
9,1000,60,7.7,28,8,946,28,15,11,54,7.420652175,105,628,60.71131102,9.193152356,6.723723153,8.090250648,470,20,476,34,490,510
12,1000,60,7.7,28,3,946,28,9,17,54,7.177663119,115,633,60.00678872,8.945527398,6.137865726,8.217460511,483,17,463,37,500,500
5,1000,60,7.7,28,104,950,29,11,10,50,9.09054792,126,661,64.11509939,11.3454121,8.755688739,9.432171933,479,26,471,24,505,495
14,1000,60,7.7,28,0,945,30,11,14,55,6.868,103,604,60.13424456,8.720752282,6.265774379,7.528301887,504,19,441,36,523,477
10,1000,60,7.7,28,8,947,26,14,13,53,7.365646595,110,619,59.9974291,9.103905393,6.682524602,8.019358248,473,16,474,37,489,511
11,1000,60,7.7,28,6,951,23,9,17,49,7.028919418,110,614,60.1865312,8.828354881,6.297885894,7.751232861,482,15,469,34,497,503
2,1000,60,7.7,28,104,952,31,8,9,48,8.763670327,114,640,63.86542074,11.36361995,8.382333609,9.121358257,467,17,485,31,484,516
1,1000,60,7.7,28,93,951,29,13,7,49,8.797709056,98,660,63.8477655,11.08805401,8.614710001,8.965282902,454,24,497,25,478,522
13,1000,60,7.7,28,1,939,34,12,15,61,7.114845538,101,597,60.23808536,9.063550179,6.168159813,7.992217086,462,19,477,42,481,519
15,1000,60,7.7,28,0,945,26,17,12,55,7.028,78,592,60.01252511,8.857714264,6.327235772,7.706692913,473,19,472,36,492,508
9,1000,60,7.7,28,9,948,27,14,11,52,7.376627969,101,632,60.74965332,9.217111513,6.709356689,8.017731748,470,20,478,32,490,510
12,1000,60,7.7,28,4,947,27,9,17,53,7.188233592,92,601,60.01468464,8.968204251,6.137389362,8.239077823,484,16,463,37,500,500
10,1000,60,7.7,28,9,944,29,14,13,56,7.381693723,80,604,60.03655671,9.137930522,6.713917115,8.020720654,472,17,472,39,489,511
11,1000,60,7.7,28,7,953,22,9,16,47,7.027262833,91,615,60.2302057,8.853505986,6.297000921,7.748813866,483,14,470,33,497,503
14,1000,60,7.7,28,1,942,33,11,14,58,6.945214527,91,633,60.18435394,8.746386161,6.349240325,7.598662133,503,20,439,38,523,477
9,1000,60,7.7,28,10,950,25,14,11,50,7.392590345,92,597,60.75469652,9.2190453,6.752862349,8.007230968,470,20,480,30,490,510
15,1000,60,7.7,28,1,946,26,16,12,54,7.06285215,72,614,60.0224794,8.878602236,6.369226248,7.734631567,474,18,472,36,492,508
1,1000,60,7.7,28,94,950,30,13,7,50,8.83696589,108,632,63.93539953,11.12714925,8.685679689,8.975499997,453,25,497,25,478,522
13,1000,60,7.7,28,2,938,35,12,15,62,7.176775941,99,595,60.27829782,9.077206726,6.234432577,8.050123066,461,20,477,42,481,519
10,1000,60,7.7,28,10,944,29,14,13,56,7.404128773,96,621,60.06396008,9.177174331,6.720579499,8.058249312,472,17,472,39,489,511
11,1000,60,7.7,28,8,952,23,9,16,48,7.069552095,94,599,60.28372588,8.860241018,6.346497974,7.783981316,482,15,470,33,497,503
12,1000,60,7.7,28,5,947,26,10,17,53,7.251830921,82,582,60.05265583,8.988717226,6.173716749,8.329945094,484,16,463,37,500,500
9,1000,60,7.7,28,11,953,23,14,10,47,7.396596767,90,595,60.78637513,9.282558327,6.83041907,7.940571417,469,21,484,26,490,510
14,1000,60,7.7,28,2,941,34,11,14,59,6.973193717,76,613,60.2273757,8.778029927,6.377712531,7.626100762,502,21,439,38,523,477
15,1000,60,7.7,28,2,948,25,15,12,52,7.073435008,92,592,60.05967333,8.898302876,6.408524492,7.717403461,474,18,474,34,492,508
1,1000,60,7.7,28,95,952,27,14,7,48,8.856354446,101,638,63.97518752,11.14703697,8.734764919,8.967695048,453,25,499,23,478,522
13,1000,60,7.7,28,3,938,35,12,15,62,7.186224477,94,615,60.32226945,9.106252684,6.250383497,8.053545307,461,20,477,42,481,519
10,1000,60,7.7,28,11,942,31,14,13,58,7.417990654,97,592,60.09340608,9.187339245,6.754234203,8.053170507,471,18,471,40,489,511
11,1000,60,7.7,28,9,952,23,9,16,48,7.077077304,77,574,60.32948809,8.884376147,6.427959567,7.718452086,481,16,471,32,497,503
9,1000,60,7.7,28,12,955,23,12,10,45,7.397701685,99,609,60.81810277,9.322083192,6.817050935,7.955581818,471,19,484,26,490,510
12,1000,60,7.7,28,6,946,27,10,17,54,7.276521272,91,625,60.07939065,9.01122646,6.180431154,8.372611389,484,16,462,38,500,500
14,1000,60,7.7,28,3,940,35,11,14,60,7.030808268,103,626,60.26340077,8.792246353,6.445049375,7.67305544,501,22,439,38,523,477
15,1000,60,7.7,28,3,949,24,15,12,51,7.093920921,103,614,60.11495158,8.934183701,6.457435851,7.710359217,474,18,475,33,492,508
1,1000,60,7.7,28,96,952,27,14,7,48,8.886866675,113,651,64.02385112,11.17719884,8.779462072,8.985218017,454,24,498,24,478,522
13,1000,60,7.7,28,4,937,36,12,15,63,7.215411293,93,593,60.34946893,9.134636066,6.230510532,8.128199859,461,20,476,43,481,519
11,1000,60,7.7,28,10,952,22,10,16,48,7.135468969,94,627,60.37696181,8.927125082,6.471010521,7.79200147,481,16,471,32,497,503
10,1000,60,7.7,28,12,942,30,15,13,58,7.422361351,115,613,60.13883009,9.216224034,6.745911094,8.069688505,471,18,471,40,489,511
9,1000,60,7.7,28,13,955,24,12,9,45,7.359801582,107,611,60.86585169,9.364609806,6.786570459,7.910553053,472,18,483,27,490,510
12,1000,60,7.7,28,7,946,25,12,17,54,7.298069766,95,606,60.12863851,9.026511396,6.183340285,8.412799247,485,15,461,39,500,500
14,1000,60,7.7,28,4,942,32,12,14,58,7.016207894,103,605,60.31343736,8.826173923,6.430194184,7.658734455,501,22,441,36,523,477
15,1000,60,7.7,28,4,950,24,14,12,50,7.112289628,115,616,60.1596291,8.940707715,6.448106107,7.755553983,474,18,476,32,492,508
1,1000,60,7.7,28,97,950,29,14,7,50,8.950139805,105,644,64.09029507,11.19075172,8.847770256,9.043880504,453,25,497,25,478,522
11,1000,60,7.7,28,11,952,22,10,16,48,7.167179982,94,609,60.40837853,8.976508105,6.524990273,7.801709377,481,16,471,32,497,503
10,1000,60,7.7,28,13,942,30,15,13,58,7.465821249,99,605,60.19336656,9.255336757,6.773463544,8.128370989,471,18,471,40,489,511
9,1000,60,7.7,28,14,954,26,12,8,46,7.377050011,80,622,60.89828586,9.374929914,6.833849322,7.898948713,472,18,482,28,490,510
13,1000,60,7.7,28,5,937,36,13,14,63,7.248689701,97,635,60.38423234,9.159192598,6.2976159,8.130128041,461,20,476,43,481,519
12,1000,60,7.7,28,8,947,25,12,16,53,7.342116486,103,588,60.1622108,9.036473024,6.257201292,8.427031681,485,15,462,38,500,500
14,1000,60,7.7,28,5,942,32,12,14,58,7.012106313,99,634,60.33230919,8.843219561,6.463199474,7.613947565,501,22,441,36,523,477
11,1000,60,7.7,28,12,952,21,11,16,48,7.19887598,94,607,60.43195114,9.015683201,6.522808661,7.866878876,481,16,471,32,497,503
10,1000,60,7.7,28,14,942,30,15,13,58,7.488327848,93,607,60.23636127,9.259887256,6.802139754,8.144973597,471,18,471,40,489,511
15,1000,60,7.7,28,5,950,24,13,13,50,7.125137109,98,615,60.17269985,8.954576816,6.452252846,7.776828166,474,18,476,32,492,508
1,1000,60,7.7,28,98,950,29,14,7,50,8.952320492,134,651,64.14337612,11.21338931,8.877459544,9.020871322,452,26,498,24,478,522
9,1000,60,7.7,28,15,954,25,13,8,46,7.383070165,103,620,60.93119233,9.413190999,6.821314392,7.922796301,473,17,481,29,490,510
13,1000,60,7.7,28,6,937,36,13,14,63,7.290973844,79,615,60.40385257,9.17160514,6.349460264,8.16355194,461,20,476,43,481,519
12,1000,60,7.7,28,9,947,24,13,16,53,7.389561151,84,595,60.21736342,9.06491338,6.310183475,8.468938827,485,15,462,38,500,500
11,1000,60,7.7,28,13,952,23,11,14,48,7.212368915,85,608,60.49741481,9.016057932,6.56606782,7.850960653,481,16,471,32,497,503
10,1000,60,7.7,28,15,941,30,15,14,59,7.534696182,118,581,60.28393447,9.295875634,6.852079565,8.187924216,470,19,471,40,489,511
14,1000,60,7.7,28,6,943,31,12,14,57,7.022096842,96,629,60.3329891,8.86490989,6.476253832,7.620578799,501,22,442,35,523,477
15,1000,60,7.7,28,6,950,24,13,13,50,7.161212591,96,623,60.23586309,8.982566441,6.490881898,7.810430507,474,18,476,32,492,508
9,1000,60,7.7,28,16,956,24,12,8,44,7.396015605,85,631,60.95842294,9.440678371,6.845211199,7.925219839,474,16,482,28,490,510
1,1000,60,7.7,28,99,950,29,14,7,50,8.950909786,130,633,64.20195471,11.24740744,8.859110902,9.034970833,453,25,497,25,478,522
13,1000,60,7.7,28,7,940,33,13,14,60,7.306802457,105,600,60.44284707,9.185122634,6.338706016,8.204017077,463,18,477,42,481,519
12,1000,60,7.7,28,10,951,23,11,15,49,7.354779091,105,606,60.24542334,9.093267226,6.27008995,8.439468232,488,12,463,37,500,500
11,1000,60,7.7,28,14,952,24,11,13,48,7.210861833,91,603,60.55859064,9.05526098,6.581877969,7.832342908,481,16,471,32,497,503
10,1000,60,7.7,28,16,942,29,15,14,58,7.567263294,101,618,60.30423517,9.324480198,6.876178854,8.228594588,470,19,472,39,489,511
14,1000,60,7.7,28,7,946,30,9,15,54,7.047284584,94,605,60.39783883,8.909685486,6.533421394,7.610702715,502,21,444,33,523,477
9,1000,60,7.7,28,17,956,24,12,8,44,7.427203844,111,634,60.98277438,9.461379494,6.90612217,7.927850943,474,16,482,28,490,510
15,1000,60,7.7,28,7,952,23,12,13,48,7.167353111,82,619,60.2586831,9.008794631,6.514781837,7.79937096,474,18,478,30,492,508
1,1000,60,7.7,28,100,949,30,14,7,51,8.992576218,115,670,64.24439153,11.26099845,8.870922122,9.103975945,453,25,496,26,478,522
13,1000,60,7.7,28,8,940,33,12,15,60,7.321315624,93,600,60.48853449,9.198629784,6.344854674,8.226282323,463,18,477,42,481,519
12,1000,60,7.7,28,11,951,24,11,14,49,7.362577093,87,615,60.29000093,9.102204885,6.302308658,8.422845528,488,12,463,37,500,500
11,1000,60,7.7,28,15,953,23,11,13,47,7.280211826,91,611,60.56492526,9.078425972,6.621796276,7.930773513,481,16,472,31,497,503
10,1000,60,7.7,28,17,943,28,15,14,57,7.549966206,106,597,60.36461969,9.345978234,6.897274052,8.174558111,470,19,473,38,489,511
15,1000,60,7.7,28,8,951,24,12,13,49,7.202027638,112,605,60.30157798,9.021004722,6.564346899,7.819623944,473,19,478,30,492,508
14,1000,60,7.7,28,8,948,28,9,15,52,7.036657232,103,616,60.41510851,8.932277568,6.559386117,7.559954492,502,21,446,31,523,477
9,1000,60,7.7,28,18,958,23,11,8,42,7.422737682,122,630,60.96685919,9.473874875,6.88524545,7.939151787,475,15,483,27,490,510
13,1000,60,7.7,28,9,938,35,12,15,62,7.349052751,104,607,60.52315934,9.226610378,6.37037038,8.256078224,462,19,476,43,481,519
1,1000,60,7.7,28,101,950,29,14,7,50,8.963959842,129,642,64.29886985,11.29493121,8.832718519,9.084138679,453,25,497,25,478,522
11,1000,60,7.7,28,16,953,23,11,13,47,7.331072144,81,598,60.63588811,9.103454442,6.646161241,8.007813136,481,16,472,31,497,503
12,1000,60,7.7,28,12,953,22,12,13,47,7.34449109,119,585,60.32981295,9.12018327,6.317982338,8.370999843,488,12,465,35,500,500
10,1000,60,7.7,28,18,943,28,15,14,57,7.595170574,109,601,60.40504001,9.351948527,6.959989293,8.203005498,470,19,473,38,489,511
15,1000,60,7.7,28,9,955,21,12,12,45,7.169967417,91,611,60.34795102,9.020326541,6.558772071,7.761912517,473,19,482,26,492,508
14,1000,60,7.7,28,9,949,29,7,15,51,7.07580272,93,615,60.47489036,8.932370514,6.604825142,7.592199519,503,20,446,31,523,477
9,1000,60,7.7,28,19,957,24,11,8,43,7.45384123,98,615,61.01498424,9.490283836,6.884969403,8.000404358,476,14,481,29,490,510
13,1000,60,7.7,28,10,939,34,12,15,61,7.34298019,93,606,60.58934833,9.253820555,6.379888666,8.235556342,462,19,477,42,481,519
11,1000,60,7.7,28,17,954,22,11,13,46,7.359223223,106,638,60.69973608,9.133466629,6.676942473,8.033365437,482,15,472,31,497,503
1,1000,60,7.7,28,102,950,30,13,7,50,8.983591094,112,659,64.31917284,11.30960269,8.836331644,9.118437871,454,24,496,26,478,522
12,1000,60,7.7,28,13,952,23,12,13,48,7.360672801,72,617,60.34619734,9.121582747,6.35023082,8.371114782,487,13,465,35,500,500
10,1000,60,7.7,28,19,942,29,15,14,58,7.600700881,109,640,60.39331437,9.361567351,6.970210448,8.204046912,469,20,473,38,489,511
15,1000,60,7.7,28,10,955,22,11,12,45,7.208030135,88,598,60.38909481,9.032865588,6.578938806,7.817307565,474,18,481,27,492,508
9,1000,60,7.7,28,20,957,23,12,8,43,7.477515704,92,612,61.02513644,9.518461154,6.945300199,7.988860012,476,14,481,29,490,510
14,1000,60,7.7,28,10,949,29,7,15,51,7.09353101,91,611,60.52510479,8.971915669,6.635644151,7.595574674,503,20,446,31,523,477
13,1000,60,7.7,28,11,939,33,13,15,61,7.376812053,106,619,60.63951443,9.277458403,6.417579482,8.265811796,462,19,477,42,481,519
11,1000,60,7.7,28,18,954,21,12,13,46,7.38045914,87,588,60.7514261,9.155231029,6.681606272,8.070975791,482,15,472,31,497,503
12,1000,60,7.7,28,14,950,26,12,12,50,7.363864368,86,608,60.37788079,9.142419164,6.35897625,8.368752487,487,13,463,37,500,500
10,1000,60,7.7,28,20,942,27,18,13,58,7.619090475,106,621,60.41955718,9.367705013,7.047661286,8.165918016,469,20,473,38,489,511
15,1000,60,7.7,28,11,954,23,11,12,46,7.24912288,104,616,60.41055601,9.08389314,6.649753698,7.829614292,473,19,481,27,492,508
1,1000,60,7.7,28,103,951,29,12,8,49,9.03741297,122,660,64.34693121,11.31488143,8.880818978,9.180807467,455,23,496,26,478,522
14,1000,60,7.7,28,11,947,30,7,16,53,7.134657027,91,635,60.57263306,8.994821116,6.674258281,7.639454814,503,20,444,33,523,477
9,1000,60,7.7,28,21,957,23,12,8,43,7.483663117,93,598,61.04360919,9.545264368,6.950754058,7.995673781,476,14,481,29,490,510
13,1000,60,7.7,28,12,938,34,13,15,62,7.389721211,87,612,60.64366439,9.296894265,6.43613096,8.273491752,460,21,478,41,481,519
11,1000,60,7.7,28,19,954,21,12,13,46,7.405738006,102,616,60.79119355,9.165113368,6.704769907,8.098344657,482,15,472,31,497,503
10,1000,60,7.7,28,21,943,26,18,13,57,7.642663455,91,628,60.45286242,9.377992637,7.092953271,8.168707055,468,21,475,36,489,511
15,1000,60,7.7,28,12,952,25,11,12,48,7.273680408,92,633,60.45052853,9.098707458,6.668449641,7.859848787,473,19,479,29,492,508
12,1000,60,7.7,28,15,951,24,13,12,49,7.36632235,100,605,60.43541654,9.166448975,6.350654474,8.381990226,487,13,464,36,500,500
14,1000,60,7.7,28,12,948,30,6,16,52,7.150153049,101,615,60.59520635,9.019871297,6.702766315,7.640683996,504,19,444,33,523,477
1,1000,60,7.7,28,104,950,30,12,8,50,9.029529946,136,655,64.39373404,11.32749557,8.859863401,9.184895097,454,24,496,26,478,522
9,1000,60,7.7,28,22,957,23,12,8,43,7.509905079,95,628,61.09801152,9.54798461,7.013205258,7.987126477,474,16,483,27,490,510
16,1000,60,7.7,28,0,937,42,10,11,63,7.34,86,593,59.74936526,8.876607018,6.488322718,8.098298677,445,26,492,37,471,529
13,1000,60,7.7,28,13,938,33,13,16,62,7.414405748,101,635,60.70647296,9.320317496,6.443847475,8.313901951,460,21,478,41,481,519
11,1000,60,7.7,28,20,956,21,11,12,44,7.377784827,116,634,60.82978495,9.168749806,6.673529695,8.073639302,483,14,473,30,497,503
12,1000,60,7.7,28,16,951,26,12,11,49,7.384932,94,612,60.46279263,9.187317329,6.346047435,8.423816565,487,13,464,36,500,500
15,1000,60,7.7,28,13,955,25,8,12,45,7.260469827,95,598,60.48968023,9.126514755,6.676362727,7.826179853,474,18,481,27,492,508
10,1000,60,7.7,28,22,943,26,18,13,57,7.654189818,107,573,60.4945123,9.394032961,7.109660369,8.175275729,468,21,475,36,489,511
14,1000,60,7.7,28,13,948,30,6,16,52,7.224066783,93,603,60.60933923,9.051524727,6.802202461,7.686614036,504,19,444,33,523,477
9,1000,60,7.7,28,23,958,22,11,9,42,7.509694937,91,594,61.13693906,9.565391094,7.021743798,7.978510736,475,15,483,27,490,510
16,1000,60,7.7,28,1,937,42,10,11,63,7.343810899,102,590,59.80609812,8.927094597,6.489243145,8.104683134,446,25,491,38,471,529
13,1000,60,7.7,28,14,936,35,14,15,64,7.424828261,102,610,60.74560434,9.357777538,6.456927004,8.321861989,459,22,477,42,481,519
11,1000,60,7.7,28,21,957,20,11,12,43,7.416041042,97,641,60.84718683,9.194638715,6.735594064,8.088371357,484,13,473,30,497,503
15,1000,60,7.7,28,14,955,25,8,12,45,7.300165223,107,633,60.53783461,9.141631623,6.709417209,7.872307,474,18,481,27,492,508
10,1000,60,7.7,28,23,943,26,18,13,57,7.659244464,103,609,60.54845972,9.385064476,7.103846785,8.190730697,468,21,475,36,489,511
12,1000,60,7.7,28,17,952,24,13,11,48,7.387246056,107,614,60.49966246,9.178122643,6.362161246,8.412330865,486,14,466,34,500,500
14,1000,60,7.7,28,14,949,30,5,16,51,7.23828138,87,597,60.65376624,9.075305854,6.797170072,7.721931725,505,18,444,33,523,477
9,1000,60,7.7,28,24,957,23,11,9,43,7.535095601,104,622,61.21106184,9.622052211,7.042657173,8.008222718,474,16,483,27,490,510
13,1000,60,7.7,28,15,936,34,15,15,64,7.440448298,107,610,60.77351662,9.389966992,6.494785172,8.31687212,459,22,477,42,481,519
16,1000,60,7.7,28,2,938,40,11,11,62,7.385307149,68,635,59.82634038,8.947438955,6.538682917,8.139106797,446,25,492,37,471,529
11,1000,60,7.7,28,22,958,20,11,11,42,7.392152429,111,630,60.89311429,9.195432563,6.662565964,8.113036073,485,12,473,30,497,503
15,1000,60,7.7,28,15,954,25,9,12,46,7.31576551,104,632,60.58633845,9.13766721,6.708930836,7.90348728,474,18,480,28,492,508
10,1000,60,7.7,28,24,946,26,14,14,54,7.670303164,80,608,60.58202771,9.411293521,7.165110018,8.153746311,468,21,478,33,489,511
12,1000,60,7.7,28,18,955,21,12,12,45,7.372504236,101,600,60.51071508,9.187289379,6.370649004,8.374359467,486,14,469,31,500,500
14,1000,60,7.7,28,15,949,29,6,16,51,7.28419846,98,601,60.70403331,9.116816531,6.834352296,7.777426015,505,18,444,33,523,477
9,1000,60,7.7,28,25,958,22,10,10,42,7.549711038,106,607,61.25937525,9.645575389,7.075932238,8.004910277,474,16,484,26,490,510
11,1000,60,7.7,28,23,958,20,11,11,42,7.460091395,81,643,60.92468119,9.228799285,6.743544074,8.168091432,485,12,473,30,497,503
13,1000,60,7.7,28,16,937,33,16,14,63,7.442409513,95,616,60.79314766,9.398787271,6.528440688,8.289459618,459,22,478,41,481,519
15,1000,60,7.7,28,16,954,25,9,12,46,7.337400997,88,639,60.62433075,9.165789081,6.723873581,7.931604716,474,18,480,28,492,508
10,1000,60,7.7,28,25,946,26,13,15,54,7.663895388,102,612,60.63093678,9.430273207,7.196049198,8.111599473,467,22,479,32,489,511
12,1000,60,7.7,28,19,956,20,12,12,44,7.400390893,99,621,60.52698216,9.203937493,6.406908817,8.393872969,486,14,470,30,500,500
16,1000,60,7.7,28,3,939,39,10,12,61,7.400913194,84,609,59.86840453,8.972416205,6.56616079,8.14414265,447,24,492,37,471,529
14,1000,60,7.7,28,16,950,28,6,16,50,7.307801314,91,619,60.71223611,9.137146172,6.874531398,7.782854074,505,18,445,32,523,477
9,1000,60,7.7,28,26,956,23,11,10,44,7.558968292,124,608,61.31300899,9.678963661,7.109851529,7.990472633,474,16,482,28,490,510
11,1000,60,7.7,28,24,959,18,12,11,41,7.481368262,100,639,60.9625778,9.252186892,6.798734322,8.155859451,485,12,474,29,497,503
13,1000,60,7.7,28,17,937,33,15,15,63,7.45740983,97,598,60.80151172,9.421294849,6.570063574,8.279786611,459,22,478,41,481,519
15,1000,60,7.7,28,17,954,25,9,12,46,7.333573957,87,608,60.65857164,9.179815069,6.746882393,7.901787047,474,18,480,28,492,508
10,1000,60,7.7,28,26,947,26,13,14,53,7.689536494,99,644,60.67006133,9.474983551,7.22686279,8.132290783,467,22,480,31,489,511
12,1000,60,7.7,28,20,956,20,13,11,44,7.434463162,95,627,60.57693163,9.209196843,6.416484793,8.452441531,486,14,470,30,500,500
14,1000,60,7.7,28,17,950,28,7,15,50,7.325102375,91,618,60.73771081,9.145435347,6.867240723,7.827118399,505,18,445,32,523,477
16,1000,60,7.7,28,4,941,38,9,12,59,7.398264514,101,587,59.88786568,8.969716168,6.567982117,8.137514058,447,24,494,35,471,529
9,1000,60,7.7,28,27,955,25,11,9,45,7.591693208,103,628,61.33032126,9.711225174,7.147351534,8.018609718,474,16,481,29,490,510
11,1000,60,7.7,28,25,959,18,12,11,41,7.518873997,107,636,60.99495607,9.286512413,6.848509175,8.181242419,485,12,474,29,497,503
15,1000,60,7.7,28,18,954,25,9,12,46,7.337082603,101,613,60.69139467,9.196486335,6.762560397,7.893509621,474,18,480,28,492,508
13,1000,60,7.7,28,18,936,33,16,15,64,7.513943373,105,614,60.82718352,9.457184008,6.622356897,8.340249915,459,22,477,42,481,519
10,1000,60,7.7,28,27,946,28,13,13,54,7.684700011,103,618,60.73811827,9.500209364,7.250026775,8.100659331,466,23,480,31,489,511
12,1000,60,7.7,28,21,957,20,12,11,43,7.42885109,88,631,60.63680971,9.241871291,6.438691888,8.419010292,486,14,471,29,500,500
14,1000,60,7.7,28,18,949,29,8,14,51,7.331270529,99,642,60.78416909,9.169820019,6.882736329,7.823059598,504,19,445,32,523,477
9,1000,60,7.7,28,28,956,24,11,9,44,7.598381674,85,635,61.3729192,9.738263233,7.190751387,7.990026458,474,16,482,28,490,510
16,1000,60,7.7,28,5,940,38,10,12,60,7.467041785,86,598,59.91660359,8.984358458,6.628775582,8.213399784,447,24,493,36,471,529
11,1000,60,7.7,28,26,958,20,12,10,42,7.549161213,102,600,61.04273813,9.305864805,6.905688686,8.184958125,485,12,473,30,497,503
13,1000,60,7.7,28,19,936,33,16,15,64,7.56871314,99,589,60.86559565,9.50243705,6.729140126,8.346814527,459,22,477,42,481,519
15,1000,60,7.7,28,19,954,25,9,12,46,7.350260305,104,594,60.75649543,9.223862025,6.766168869,7.91595516,474,18,480,28,492,508
10,1000,60,7.7,28,28,947,28,12,13,53,7.696984634,88,617,60.76423601,9.524812355,7.280413171,8.095621514,465,24,482,29,489,511
12,1000,60,7.7,28,22,958,19,12,11,42,7.434400816,100,596,60.66399513,9.268108983,6.468278056,8.400523575,487,13,471,29,500,500
14,1000,60,7.7,28,19,950,28,8,14,50,7.34056895,91,624,60.83781682,9.195992739,6.916844532,7.805155681,504,19,446,31,523,477
9,1000,60,7.7,28,29,959,22,9,10,41,7.574728131,100,626,61.40085983,9.788100571,7.193190519,7.941303484,475,15,484,26,490,510
16,1000,60,7.7,28,6,940,38,10,12,60,7.496639089,101,605,59.93742049,9.017652853,6.718770864,8.189221195,445,26,495,34,471,529
11,1000,60,7.7,28,27,957,21,12,10,43,7.602335646,104,602,61.10379417,9.314077311,6.972467351,8.224690601,485,12,472,31,497,503
15,1000,60,7.7,28,20,955,24,9,12,45,7.358957787,84,606,60.78965831,9.258989436,6.763438991,7.935720086,474,18,481,27,492,508
13,1000,60,7.7,28,20,937,32,16,15,63,7.598745299,98,634,60.91857876,9.515227147,6.765514417,8.37096891,459,22,478,41,481,519
10,1000,60,7.7,28,29,944,31,12,13,56,7.739095199,119,608,60.81046649,9.560987271,7.317498758,8.142540716,465,24,479,32,489,511
12,1000,60,7.7,28,23,957,19,13,11,43,7.466984876,83,593,60.72737454,9.295066215,6.49919675,8.434773001,486,14,471,29,500,500
14,1000,60,7.7,28,20,951,27,8,14,49,7.360381556,96,617,60.85828284,9.216465772,6.975612541,7.782256178,503,20,448,29,523,477
9,1000,60,7.7,28,30,958,23,8,11,42,7.616437974,118,628,61.46739949,9.815240499,7.227916095,7.9897237,474,16,484,26,490,510
11,1000,60,7.7,28,28,954,23,13,10,46,7.620971661,88,600,61.13123589,9.358032362,6.993550363,8.240908808,482,15,472,31,497,503
15,1000,60,7.7,28,21,955,24,9,12,45,7.391426025,93,620,60.84634726,9.28751246,6.820600722,7.944272579,474,18,481,27,492,508
13,1000,60,7.7,28,21,938,31,17,14,62,7.631492158,113,624,60.96356991,9.52158444,6.844233286,8.361109726,459,22,479,40,481,519
16,1000,60,7.7,28,7,941,38,9,12,59,7.536322731,97,596,59.96170167,9.014207183,6.738859426,8.246351497,445,26,496,33,471,529
10,1000,60,7.7,28,30,945,30,12,13,55,7.74592382,79,608,60.82843579,9.577791037,7.322622091,8.151001208,465,24,480,31,489,511
12,1000,60,7.7,28,24,957,19,13,11,43,7.519734344,89,617,60.77443084,9.319036805,6.564483554,8.474985134,486,14,471,29,500,500
14,1000,60,7.7,28,21,951,27,8,14,49,7.395860635,105,619,60.94585926,9.24755826,7.024446746,7.803092215,503,20,448,29,523,477
9,1000,60,7.7,28,31,958,22,9,11,42,7.640026958,94,621,61.4811689,9.834997282,7.254009809,8.01090618,474,16,484,26,490,510
11,1000,60,7.7,28,29,952,25,13,10,48,7.684684028,92,615,61.13916363,9.375376649,7.08372299,8.278476545,481,16,471,32,497,503
15,1000,60,7.7,28,22,956,25,8,11,44,7.397467229,102,611,60.90417009,9.303040063,6.86391186,7.914217703,474,18,482,26,492,508
13,1000,60,7.7,28,22,936,33,17,14,64,7.685293396,84,625,60.97781507,9.532960355,6.870902863,8.440056105,459,22,477,42,481,519
10,1000,60,7.7,28,31,947,28,13,12,53,7.761539377,112,592,60.86094941,9.604249293,7.341678531,8.163324021,466,23,481,30,489,511
16,1000,60,7.7,28,8,941,38,9,12,59,7.549180804,93,597,59.98356042,9.052026499,6.76744627,8.245205313,445,26,496,33,471,529
12,1000,60,7.7,28,25,959,18,12,11,41,7.548539498,102,600,60.8076581,9.358939052,6.643136416,8.453942581,486,14,473,27,500,500
14,1000,60,7.7,28,22,952,26,8,14,48,7.398257635,98,612,60.96663901,9.265412625,7.039689882,7.791404249,503,20,449,28,523,477
9,1000,60,7.7,28,32,958,22,9,11,42,7.668665681,96,640,61.51319746,9.84216853,7.275099061,8.046798315,475,15,483,27,490,510
11,1000,60,7.7,28,30,952,25,13,10,48,7.693865356,105,628,61.17825504,9.383360619,7.080672703,8.299743584,481,16,471,32,497,503
15,1000,60,7.7,28,23,957,26,8,9,43,7.357024964,85,633,60.92937509,9.315452699,6.823021611,7.874209314,474,18,483,25,492,508
13,1000,60,7.7,28,23,936,33,17,14,64,7.692252556,108,580,60.99073871,9.588335163,6.874680053,8.449964258,459,22,477,42,481,519
10,1000,60,7.7,28,32,947,29,12,12,53,7.821894169,103,613,60.89756149,9.650804769,7.432662598,8.194368215,466,23,481,30,489,511
12,1000,60,7.7,28,26,958,19,12,11,42,7.581249408,107,608,60.8599105,9.401374262,6.662114079,8.500384738,486,14,472,28,500,500
14,1000,60,7.7,28,23,953,25,8,14,47,7.443721946,101,608,61.02281744,9.274822008,7.122887703,7.795496179,503,20,450,27,523,477
16,1000,60,7.7,28,9,942,37,9,12,58,7.547755066,97,598,60.02089371,9.071588015,6.748444074,8.259428937,446,25,496,33,471,529
9,1000,60,7.7,28,33,959,21,9,11,41,7.663455069,118,619,61.54592926,9.880590251,7.298909834,8.013704413,475,15,484,26,490,510
11,1000,60,7.7,28,31,952,26,13,9,48,7.722249014,86,621,61.27457437,9.389894719,7.102376707,8.334727218,481,16,471,32,497,503
15,1000,60,7.7,28,24,957,26,8,9,43,7.377163691,101,590,60.95347945,9.332114534,6.846885196,7.8907405,474,18,483,25,492,508
13,1000,60,7.7,28,24,936,33,17,14,64,7.669706028,105,598,61.02565895,9.610380608,6.842418521,8.436421426,459,22,477,42,481,519
10,1000,60,7.7,28,33,946,30,12,12,54,7.838979871,99,623,60.90119174,9.64708953,7.452794959,8.208538428,466,23,480,31,489,511
12,1000,60,7.7,28,27,958,18,13,11,42,7.633198135,94,598,60.88083413,9.407891178,6.721630928,8.544765342,486,14,472,28,500,500
14,1000,60,7.7,28,24,953,26,8,13,47,7.422909757,111,621,61.06018213,9.308068923,7.103299762,7.77334168,503,20,450,27,523,477
9,1000,60,7.7,28,34,961,20,9,10,39,7.608122566,112,644,61.59647789,9.899095256,7.251988241,7.95029084,475,15,486,24,490,510
16,1000,60,7.7,28,10,939,40,9,12,61,7.583546634,97,624,60.03034411,9.097992041,6.803769358,8.277828482,445,26,494,35,471,529
11,1000,60,7.7,28,32,952,26,13,9,48,7.770480134,103,631,61.32693485,9.434914559,7.147758146,8.385774026,481,16,471,32,497,503
15,1000,60,7.7,28,25,959,24,8,9,41,7.389446777,104,637,61.01691995,9.348466699,6.888061734,7.875040165,474,18,485,23,492,508
13,1000,60,7.7,28,25,938,32,16,14,62,7.670298172,95,605,61.06322371,9.617795912,6.841345321,8.438556979,460,21,478,41,481,519
10,1000,60,7.7,28,34,948,28,12,12,52,7.847384327,123,610,60.92135996,9.648966502,7.497361329,8.182337841,466,23,482,29,489,511
12,1000,60,7.7,28,28,958,18,13,11,42,7.65767065,99,612,60.89797387,9.417920454,6.718867833,8.596473467,486,14,472,28,500,500
14,1000,60,7.7,28,25,954,25,9,12,46,7.431311007,99,617,61.06337033,9.325832266,7.118561443,7.774220906,504,19,450,27,523,477
9,1000,60,7.7,28,35,961,19,10,10,39,7.600233202,125,587,61.64875131,9.930807338,7.199987898,7.984782612,475,15,486,24,490,510
16,1000,60,7.7,28,11,939,40,9,12,61,7.58457393,97,584,60.0579607,9.115451954,6.799747657,8.283351197,445,26,494,35,471,529
11,1000,60,7.7,28,33,951,26,14,9,49,7.802101824,104,627,61.38335252,9.45858429,7.181140172,8.415656378,481,16,470,33,497,503
15,1000,60,7.7,28,26,960,23,8,9,40,7.363304477,100,590,61.021136,9.360065303,6.860593227,7.850182301,475,17,485,23,492,508
13,1000,60,7.7,28,26,939,31,15,15,61,7.690316603,107,630,61.1154101,9.653641946,6.885968577,8.435772095,460,21,479,40,481,519
10,1000,60,7.7,28,35,949,28,11,12,51,7.864033058,107,618,60.96378906,9.649176134,7.52356772,8.189840398,467,22,482,29,489,511
12,1000,60,7.7,28,29,955,20,14,11,45,7.730609162,85,601,60.93482155,9.465864818,6.80343196,8.657786363,485,15,470,30,500,500
14,1000,60,7.7,28,26,954,24,10,12,46,7.44808167,104,613,61.08008061,9.351787855,7.141724606,7.783982602,504,19,450,27,523,477
9,1000,60,7.7,28,36,962,18,10,10,38,7.641232077,106,628,61.70494939,9.959058404,7.211762177,8.05386002,476,14,486,24,490,510
11,1000,60,7.7,28,34,952,26,14,8,48,7.825381569,98,615,61.45072049,9.480697656,7.244024772,8.399803693,480,17,472,31,497,503
16,1000,60,7.7,28,12,939,40,8,13,61,7.594709513,90,647,60.07797721,9.131998943,6.813892946,8.289916702,445,26,494,35,471,529
15,1000,60,7.7,28,27,961,23,8,8,39,7.341678545,119,621,61.07492297,9.393098381,6.827736121,7.839433807,475,17,486,22,492,508
10,1000,60,7.7,28,36,949,28,11,12,51,7.881535872,95,633,60.9916837,9.690244944,7.547502403,8.201188253,467,22,482,29,489,511
13,1000,60,7.7,28,27,938,32,15,15,62,7.726321471,107,604,61.18192027,9.688680994,6.903131863,8.489239008,460,21,478,41,481,519
12,1000,60,7.7,28,30,957,18,14,11,43,7.718032654,102,608,61.00663836,9.489418383,6.801355357,8.634709951,486,14,471,29,500,500
14,1000,60,7.7,28,27,954,23,11,12,46,7.48728072,88,631,61.11303182,9.384830241,7.176009969,7.828569195,504,19,450,27,523,477
9,1000,60,7.7,28,37,962,18,10,10,38,7.639450364,117,619,61.72942078,9.974204538,7.22218307,8.040354235,476,14,486,24,490,510
11,1000,60,7.7,28,35,953,26,13,8,47,7.810185153,97,628,61.47708518,9.506696364,7.244355551,8.369265297,480,17,473,30,497,503
15,1000,60,7.7,28,28,961,23,8,8,39,7.377865024,95,604,61.10705256,9.417996868,6.863110496,7.876406812,475,17,486,22,492,508
10,1000,60,7.7,28,37,948,29,11,12,52,7.905867855,116,595,61.03298232,9.705248429,7.576154456,8.221386157,466,23,482,29,489,511
13,1000,60,7.7,28,28,937,33,15,15,63,7.751600763,101,615,61.2173785,9.722283823,6.918205069,8.523977118,460,21,477,42,481,519
12,1000,60,7.7,28,31,958,18,13,11,42,7.707437184,108,610,61.04014199,9.524231664,6.800042109,8.61483226,486,14,472,28,500,500
14,1000,60,7.7,28,28,954,24,11,11,46,7.512922347,102,592,61.14163091,9.402903758,7.230062049,7.823060577,503,20,451,26,523,477
16,1000,60,7.7,28,13,940,39,8,13,60,7.597888664,94,579,60.12055127,9.142515264,6.80153471,8.306929709,446,25,494,35,471,529
9,1000,60,7.7,28,38,961,19,9,11,39,7.664479605,97,615,61.76631524,9.996716396,7.261185865,8.051957903,476,14,485,25,490,510
11,1000,60,7.7,28,36,954,26,13,7,46,7.821666333,107,627,61.51107297,9.526956374,7.28416447,8.352756643,480,17,474,29,497,503
15,1000,60,7.7,28,29,961,23,8,8,39,7.434223233,100,592,61.15752362,9.478517418,6.901467043,7.950199701,475,17,486,22,492,508
10,1000,60,7.7,28,38,949,28,11,12,51,7.915477992,94,591,61.03610507,9.724154966,7.570066959,8.246018099,466,23,483,28,489,511
13,1000,60,7.7,28,29,938,32,15,15,62,7.773552418,96,615,61.24592919,9.728353183,6.966946495,8.52110049,460,21,478,41,481,519
12,1000,60,7.7,28,32,959,19,11,11,41,7.689844568,123,576,61.10229442,9.553920062,6.800833078,8.578856059,486,14,473,27,500,500
14,1000,60,7.7,28,29,952,26,11,11,48,7.565798263,106,611,61.183654,9.435698788,7.277861433,7.881502587,502,21,450,27,523,477
16,1000,60,7.7,28,14,940,39,7,14,60,7.639645721,105,627,60.14506996,9.175860785,6.860028415,8.333785137,446,25,494,35,471,529
9,1000,60,7.7,28,39,962,19,8,11,38,7.688372367,92,599,61.79339417,10.0047306,7.293462225,8.067795837,476,14,486,24,490,510
11,1000,60,7.7,28,37,955,26,12,7,45,7.798087567,91,613,61.55753946,9.538617758,7.302396444,8.287865873,480,17,475,28,497,503
15,1000,60,7.7,28,30,961,22,9,8,39,7.478162523,87,621,61.19188714,9.511614349,6.970911815,7.96943683,475,17,486,22,492,508
10,1000,60,7.7,28,39,948,28,12,12,52,7.962238107,96,620,61.06910804,9.750151839,7.656916615,8.254414641,465,24,483,28,489,511
13,1000,60,7.7,28,30,939,31,16,14,61,7.794082155,98,651,61.2593451,9.71885116,6.959718568,8.567355538,461,20,478,41,481,519
14,1000,60,7.7,28,30,952,26,11,11,48,7.595162023,93,610,61.21263422,9.485389185,7.294371629,7.924959456,502,21,450,27,523,477
12,1000,60,7.7,28,33,959,19,11,11,41,7.715353756,105,624,61.15322572,9.573582128,6.808439932,8.622267581,487,13,472,28,500,500
9,1000,60,7.7,28,40,961,20,8,11,39,7.723149967,105,594,61.83660579,10.04734539,7.312195896,8.117988192,476,14,485,25,490,510
16,1000,60,7.7,28,15,941,38,7,14,59,7.68432117,99,614,60.19448318,9.227085215,6.901468481,8.381341239,447,24,494,35,471,529
11,1000,60,7.7,28,38,956,25,12,7,44,7.807762321,94,593,61.58837165,9.530025411,7.317705689,8.291973347,481,16,475,28,497,503
15,1000,60,7.7,28,31,960,24,8,8,40,7.487139144,119,635,61.24787178,9.530608266,6.957632982,7.999967947,475,17,485,23,492,508
10,1000,60,7.7,28,40,950,27,12,11,50,7.940549518,105,609,61.09504481,9.774999626,7.685666741,8.184458868,465,24,485,26,489,511
13,1000,60,7.7,28,31,940,30,16,14,60,7.785699982,104,594,61.28067056,9.736583535,6.938260485,8.571091886,462,19,478,41,481,519
14,1000,60,7.7,28,31,952,26,11,11,48,7.627585621,88,613,61.26963985,9.558162119,7.343446721,7.939125757,502,21,450,27,523,477
12,1000,60,7.7,28,34,960,19,10,11,40,7.7153971,101,598,61.20355664,9.610672004,6.828296169,8.602498031,487,13,473,27,500,500
9,1000,60,7.7,28,41,961,20,8,11,39,7.703376535,95,600,61.86342609,10.05990814,7.283590939,8.106699949,476,14,485,25,490,510
11,1000,60,7.7,28,39,955,26,11,8,45,7.845939511,92,648,61.63735202,9.553821686,7.368625453,8.317559961,480,17,475,28,497,503
16,1000,60,7.7,28,16,942,37,7,14,58,7.723772876,91,615,60.22814353,9.258264069,6.925178704,8.434808518,448,23,494,35,471,529
15,1000,60,7.7,28,32,960,24,7,9,40,7.513554095,109,630,61.2729386,9.57164997,6.993554596,8.017175658,475,17,485,23,492,508
10,1000,60,7.7,28,41,950,28,11,11,50,7.936894514,110,626,61.12060407,9.796905884,7.672573869,8.189835405,466,23,484,27,489,511
13,1000,60,7.7,28,32,940,30,16,14,60,7.833355991,96,614,61.34902371,9.772342983,7.004120151,8.601877068,461,20,479,40,481,519
14,1000,60,7.7,28,32,951,27,11,11,49,7.636944457,111,632,61.29873792,9.566881535,7.356780832,7.944125959,502,21,449,28,523,477
12,1000,60,7.7,28,35,960,19,10,11,40,7.756504445,98,626,61.21531696,9.612432318,6.872687458,8.640321433,487,13,473,27,500,500
9,1000,60,7.7,28,42,962,20,7,11,38,7.708354017,104,613,61.91105321,10.07201653,7.284152085,8.115920579,476,14,486,24,490,510
11,1000,60,7.7,28,40,953,27,11,9,47,7.903309424,98,607,61.65515768,9.575918759,7.430286163,8.370690261,479,18,474,29,497,503
15,1000,60,7.7,28,33,957,27,7,9,43,7.560411008,100,625,61.30750494,9.611142824,7.042172361,8.062327177,473,19,484,24,492,508
10,1000,60,7.7,28,42,947,31,11,11,53,7.968117912,95,619,61.1899032,9.820428522,7.718112933,8.207359466,464,25,483,28,489,511
16,1000,60,7.7,28,17,941,37,8,14,59,7.752449243,78,597,60.26103963,9.266720276,6.960266372,8.457776524,447,24,494,35,471,529
13,1000,60,7.7,28,33,941,31,14,14,59,7.842448542,111,611,61.40550363,9.800210689,6.996800144,8.626180486,460,21,481,38,481,519
12,1000,60,7.7,28,36,960,20,9,11,40,7.760520985,117,630,61.24312083,9.632826646,6.899667597,8.621374374,486,14,474,26,500,500
14,1000,60,7.7,28,33,949,29,11,11,51,7.685814534,98,634,61.3079614,9.583911631,7.375386443,8.026179087,501,22,448,29,523,477
9,1000,60,7.7,28,43,960,22,7,11,40,7.77868843,93,601,61.97063867,10.10808082,7.32431266,8.215245542,476,14,484,26,490,510
11,1000,60,7.7,28,41,954,26,12,8,46,7.889017213,118,613,61.66845815,9.598740867,7.376275873,8.395642355,480,17,474,29,497,503
15,1000,60,7.7,28,34,956,28,7,9,44,7.616736952,96,616,61.34078823,9.593780771,7.101098461,8.11613486,472,20,484,24,492,508
10,1000,60,7.7,28,43,947,31,11,11,53,7.970005622,102,616,61.20662537,9.827443236,7.73389913,8.195947059,464,25,483,28,489,511
13,1000,60,7.7,28,34,941,31,14,14,59,7.867312252,107,652,61.45095526,9.826056902,7.024827906,8.648111811,460,21,481,38,481,519
12,1000,60,7.7,28,37,960,20,10,10,40,7.759685967,114,591,61.27939846,9.650914445,6.882414872,8.636957062,486,14,474,26,500,500
14,1000,60,7.7,28,34,950,28,11,11,50,7.691588043,114,616,61.366299,9.628194502,7.382269135,8.030736448,501,22,449,28,523,477
16,1000,60,7.7,28,18,943,36,8,13,57,7.763054188,100,580,60.31555855,9.274957788,6.946221061,8.49032905,448,23,495,34,471,529
9,1000,60,7.7,28,44,960,22,7,11,40,7.802137933,93,618,61.99714242,10.12386858,7.351658792,8.234951226,476,14,484,26,490,510
11,1000,60,7.7,28,42,955,27,10,8,45,7.926953787,97,608,61.72026715,9.614263387,7.435600338,8.412446161,480,17,475,28,497,503
15,1000,60,7.7,28,35,957,26,8,9,43,7.631936633,106,611,61.37745503,9.629420604,7.104457048,8.142802688,472,20,485,23,492,508
10,1000,60,7.7,28,44,946,32,11,11,54,7.983507615,95,608,61.23384121,9.864398868,7.727689244,8.228312279,464,25,482,29,489,511
13,1000,60,7.7,28,35,942,31,14,13,58,7.875357445,112,622,61.50551257,9.868761145,7.04093343,8.648686831,461,20,481,38,481,519
12,1000,60,7.7,28,38,960,20,10,10,40,7.784785825,99,590,61.29729363,9.675847909,6.89821512,8.67135653,486,14,474,26,500,500
14,1000,60,7.7,28,35,951,27,11,11,49,7.694509185,109,598,61.41236048,9.644511671,7.38394611,8.03502174,502,21,449,28,523,477
9,1000,60,7.7,28,45,960,22,7,11,40,7.838675739,102,627,62.02689303,10.12804667,7.387201492,8.272445113,476,14,484,26,490,510
16,1000,60,7.7,28,19,943,36,8,13,57,7.796557422,96,621,60.37656534,9.291049557,6.965416889,8.536571015,448,23,495,34,471,529
11,1000,60,7.7,28,43,953,29,10,8,47,7.964065261,102,645,61.7694765,9.635853052,7.477784894,8.444545066,479,18,474,29,497,503
15,1000,60,7.7,28,36,957,25,9,9,43,7.696181022,95,617,61.43455261,9.664545186,7.163471326,8.21211246,472,20,485,23,492,508
10,1000,60,7.7,28,45,946,32,11,11,54,8.033513785,101,613,61.22463333,9.879341897,7.767208647,8.288353732,464,25,482,29,489,511
13,1000,60,7.7,28,36,943,30,14,13,57,7.930641529,95,613,61.56063969,9.901017937,7.090322446,8.709434359,461,20,482,37,481,519
14,1000,60,7.7,28,36,952,27,11,10,48,7.740614638,107,599,61.46985228,9.667472893,7.440695019,8.069457323,502,21,450,27,523,477
12,1000,60,7.7,28,39,961,18,11,10,39,7.813720623,108,610,61.30543668,9.715663339,6.932607931,8.694833315,486,14,475,25,500,500
9,1000,60,7.7,28,46,957,25,7,11,43,7.895219711,97,636,62.07695734,10.12875368,7.451320315,8.321711288,475,15,482,28,490,510
11,1000,60,7.7,28,44,953,29,10,8,47,8.015236512,119,601,61.80563996,9.659516927,7.509809189,8.51463488,479,18,474,29,497,503
16,1000,60,7.7,28,20,945,34,8,13,55,7.806494704,93,603,60.44679828,9.307624733,7.018527645,8.5080684,447,24,498,31,471,529
15,1000,60,7.7,28,37,956,27,9,8,44,7.708639687,107,598,61.47993343,9.682987005,7.211440666,8.190178896,471,21,485,23,492,508
10,1000,60,7.7,28,46,949,31,10,10,51,8.063508234,102,630,61.2603833,9.894623958,7.754296551,8.359407477,467,22,482,29,489,511
13,1000,60,7.7,28,37,942,29,16,13,58,7.934605359,117,627,61.60021784,9.91135088,7.083207186,8.723666093,460,21,482,37,481,519
12,1000,60,7.7,28,40,961,18,10,11,39,7.792250951,92,605,61.35262615,9.758775864,6.919461218,8.665040684,486,14,475,25,500,500
14,1000,60,7.7,28,37,952,27,11,10,48,7.781064432,103,641,61.47034697,9.694994844,7.442581029,8.15218984,503,20,449,28,523,477
9,1000,60,7.7,28,47,958,25,7,10,42,7.925401122,99,644,62.14281277,10.12598208,7.503520899,8.330737023,476,14,482,28,490,510
11,1000,60,7.7,28,45,952,32,9,7,48,8.03041025,111,651,61.84773938,9.690478653,7.523464599,8.531308835,480,17,472,31,497,503
15,1000,60,7.7,28,38,955,27,10,8,45,7.747879459,80,622,61.50680756,9.70240875,7.278990345,8.202000412,470,22,485,23,492,508
16,1000,60,7.7,28,21,946,33,8,13,54,7.80386237,106,591,60.46148993,9.333958292,7.017043838,8.504413463,448,23,498,31,471,529
10,1000,60,7.7,28,47,950,29,11,10,50,8.089980881,101,612,61.3081171,9.916806349,7.779705362,8.386898158,467,22,483,28,489,511
13,1000,60,7.7,28,38,943,30,14,13,57,7.948474212,114,620,61.63769712,9.929200099,7.072370828,8.760431297,461,20,482,37,481,519
12,1000,60,7.7,28,41,960,19,10,11,40,7.815391585,99,600,61.38936491,9.79662557,6.925639863,8.705143306,486,14,474,26,500,500
14,1000,60,7.7,28,38,952,27,11,10,48,7.820379916,103,635,61.51495577,9.713871613,7.482793335,8.190522017,503,20,449,28,523,477
9,1000,60,7.7,28,48,957,27,6,10,43,7.915519234,103,618,62.15740998,10.14836981,7.54160555,8.274769636,474,16,483,27,490,510
11,1000,60,7.7,28,46,952,32,9,7,48,8.063571529,94,621,61.88007571,9.710092588,7.551870137,8.569169128,480,17,472,31,497,503
15,1000,60,7.7,28,39,952,30,10,8,48,7.763971328,96,649,61.55429082,9.751187284,7.338300552,8.176235152,467,25,485,23,492,508
10,1000,60,7.7,28,48,951,29,12,8,49,8.079439155,110,619,61.36741673,9.940105921,7.777518268,8.368361491,468,21,483,28,489,511
13,1000,60,7.7,28,39,943,30,14,13,57,7.966377506,97,607,61.68221365,9.92711927,7.061379174,8.805113918,462,19,481,38,481,519
16,1000,60,7.7,28,22,947,32,9,12,53,7.78147039,96,600,60.49222013,9.350947043,6.961637733,8.511415913,448,23,499,30,471,529
14,1000,60,7.7,28,39,951,29,11,9,49,7.842639628,102,601,61.55532056,9.756049315,7.49614026,8.22255403,503,20,448,29,523,477
12,1000,60,7.7,28,42,961,20,9,10,39,7.807509004,113,601,61.42125466,9.828858253,6.892066339,8.722951669,487,13,474,26,500,500
9,1000,60,7.7,28,49,959,25,6,10,41,7.887480539,106,639,62.19893065,10.15547275,7.567326657,8.195079366,474,16,485,25,490,510
11,1000,60,7.7,28,47,952,31,10,7,48,8.068278299,100,630,61.89361019,9.728922624,7.590507377,8.540350164,480,17,472,31,497,503
15,1000,60,7.7,28,40,954,28,10,8,46,7.737909597,107,628,61.59661954,9.766041135,7.307045536,8.155203137,468,24,486,22,492,508
10,1000,60,7.7,28,49,950,31,12,7,50,8.099256418,106,618,61.39750809,9.965373001,7.79948866,8.386118323,468,21,482,29,489,511
13,1000,60,7.7,28,40,942,30,15,13,58,8.008402569,87,588,61.72829037,9.953046888,7.083441611,8.865639988,462,19,480,39,481,519
14,1000,60,7.7,28,40,950,29,12,9,50,7.88510912,113,625,61.59707633,9.776503637,7.528465024,8.276146566,503,20,447,30,523,477
12,1000,60,7.7,28,43,961,19,10,10,39,7.806436017,111,583,61.44676081,9.843957541,6.894702584,8.718169449,487,13,474,26,500,500
16,1000,60,7.7,28,23,947,32,9,12,53,7.820126399,101,594,60.51098831,9.385231468,7.010431882,8.541045336,448,23,499,30,471,529
9,1000,60,7.7,28,50,960,25,5,10,40,7.91532398,110,621,62.24121306,10.17941979,7.578631216,8.238813105,475,15,485,25,490,510
11,1000,60,7.7,28,48,954,29,10,7,46,8.088082347,111,627,61.94719199,9.752997321,7.672322053,8.498883273,480,17,474,29,497,503
15,1000,60,7.7,28,41,953,30,9,8,47,7.750028064,115,639,61.60907169,9.79000988,7.309303424,8.176871614,469,23,484,24,492,508
10,1000,60,7.7,28,50,950,31,12,7,50,8.130660625,112,620,61.4192748,9.978087671,7.810786135,8.43676361,468,21,482,29,489,511
13,1000,60,7.7,28,41,943,30,14,13,57,8.009036639,89,598,61.76797644,9.968714128,7.118684672,8.834199059,462,19,481,38,481,519
14,1000,60,7.7,28,41,951,28,12,9,49,7.895059985,109,610,61.62846573,9.799027392,7.518742305,8.307668258,503,20,448,29,523,477
12,1000,60,7.7,28,44,961,19,10,10,39,7.843208394,99,594,61.50415437,9.871343738,6.909427883,8.776988905,487,13,474,26,500,500
9,1000,60,7.7,28,51,958,26,7,9,42,7.968433102,112,611,62.27693787,10.19306267,7.599061293,8.323319743,475,15,483,27,490,510
16,1000,60,7.7,28,24,949,31,8,12,51,7.814824739,107,608,60.55192717,9.410687758,7.022028193,8.520698411,448,23,501,28,471,529
11,1000,60,7.7,28,49,956,28,10,6,44,8.099430627,102,632,61.96948164,9.793412732,7.705836913,8.488329386,480,17,476,27,497,503
15,1000,60,7.7,28,42,954,29,9,8,46,7.772714906,105,615,61.6618836,9.812918081,7.34593141,8.186056402,469,23,485,23,492,508
10,1000,60,7.7,28,51,953,29,11,7,47,8.089981741,97,601,61.44453046,9.997718688,7.806746508,8.361022892,469,20,484,27,489,511
13,1000,60,7.7,28,42,945,30,12,13,55,8.03247055,117,596,61.80935648,9.986904934,7.147692913,8.852466779,463,18,482,37,481,519
14,1000,60,7.7,28,42,952,26,13,9,48,7.921558895,102,621,61.69368056,9.803882926,7.51544482,8.36683701,504,19,448,29,523,477
12,1000,60,7.7,28,45,959,21,10,10,41,7.878155295,92,635,61.56097281,9.879894565,6.951233504,8.805077086,486,14,473,27,500,500
9,1000,60,7.7,28,52,960,25,7,8,40,7.984642018,98,620,62.31849574,10.21093381,7.60443417,8.349939755,476,14,484,26,490,510
11,1000,60,7.7,28,50,956,28,10,6,44,8.158242552,97,607,62.00214798,9.809777701,7.792554057,8.519568957,481,16,475,28,497,503
16,1000,60,7.7,28,25,950,30,8,12,50,7.814679805,90,617,60.56587504,9.42148778,6.970046394,8.566706907,449,22,501,28,471,529
15,1000,60,7.7,28,43,954,29,9,8,46,7.803816724,110,639,61.6799832,9.84953573,7.383542356,8.210854104,469,23,485,23,492,508
10,1000,60,7.7,28,52,952,30,11,7,48,8.103614277,84,620,61.50739489,10.00004764,7.84046051,8.355438528,468,21,484,27,489,511
13,1000,60,7.7,28,43,945,30,12,13,55,8.088867413,93,623,61.8685223,10.01259192,7.204055769,8.90889516,464,17,481,38,481,519
14,1000,60,7.7,28,43,954,25,12,9,46,7.920967015,101,662,61.72139074,9.825959981,7.540871526,8.337717415,504,19,450,27,523,477
12,1000,60,7.7,28,46,958,21,11,10,42,7.922522974,97,613,61.61941178,9.905734884,7.014914323,8.830131625,486,14,472,28,500,500
9,1000,60,7.7,28,53,959,26,7,8,41,8.01119805,106,602,62.38658361,10.22407473,7.651167512,8.357109744,475,15,484,26,490,510
11,1000,60,7.7,28,51,955,30,10,5,45,8.143415325,98,640,62.04469659,9.809363821,7.834510014,8.44863588,480,17,475,28,497,503
15,1000,60,7.7,28,44,955,27,10,8,45,7.830647905,111,651,61.72852287,9.870432859,7.4140126,8.234160839,470,22,485,23,492,508
10,1000,60,7.7,28,53,952,29,12,7,48,8.129620584,122,619,61.51650748,10.02475308,7.873620008,8.37459961,468,21,484,27,489,511
16,1000,60,7.7,28,26,953,28,8,11,47,7.802509906,100,617,60.58797411,9.452547791,6.968032577,8.545494447,450,21,503,26,471,529
13,1000,60,7.7,28,44,946,27,14,13,54,8.09838095,101,626,61.90469345,10.05292233,7.223841824,8.90888831,464,17,482,37,481,519
14,1000,60,7.7,28,44,956,23,12,9,44,7.912017507,115,587,61.75625615,9.834456607,7.515577073,8.346689095,506,17,450,27,523,477
12,1000,60,7.7,28,47,958,21,10,11,42,7.94537964,103,612,61.67207081,9.938848283,7.022345128,8.868414152,486,14,472,28,500,500
9,1000,60,7.7,28,54,959,26,7,8,41,8.02778044,100,633,62.40142623,10.26418111,7.644482842,8.396046759,475,15,484,26,490,510
11,1000,60,7.7,28,52,955,31,10,4,45,8.155075095,113,642,62.08741109,9.819020958,7.882915941,8.423987817,479,18,476,27,497,503
15,1000,60,7.7,28,45,956,26,11,7,44,7.85299606,107,629,61.74513418,9.878823973,7.431474673,8.261241183,471,21,485,23,492,508
10,1000,60,7.7,28,54,950,30,12,8,50,8.174011964,125,618,61.55101967,10.03022059,7.926069663,8.411279646,466,23,484,27,489,511
13,1000,60,7.7,28,45,945,28,13,14,55,8.139419998,103,638,61.9041879,10.06805496,7.243469333,8.969771191,463,18,482,37,481,519
14,1000,60,7.7,28,45,956,23,12,9,44,7.914795395,94,641,61.76807141,9.8515061,7.514516497,8.353675612,506,17,450,27,523,477
12,1000,60,7.7,28,48,957,22,10,11,43,7.954039519,87,609,61.6951541,9.973052236,7.021700356,8.886378681,486,14,471,29,500,500
16,1000,60,7.7,28,27,953,28,8,11,47,7.825232237,117,617,60.65256228,9.486838292,6.998628981,8.561206025,450,21,503,26,471,529
9,1000,60,7.7,28,55,958,26,9,7,42,8.034855692,118,613,62.43281264,10.26672159,7.643719765,8.410652956,475,15,483,27,490,510
11,1000,60,7.7,28,53,955,30,11,4,45,8.197470628,107,628,62.11083369,9.830923498,7.913167601,8.478382365,479,18,476,27,497,503
15,1000,60,7.7,28,46,957,25,11,7,43,7.852334407,120,606,61.77320457,9.88039198,7.462691258,8.229705332,471,21,486,22,492,508
10,1000,60,7.7,28,55,952,29,12,7,48,8.190378769,105,597,61.59111239,10.05335618,7.980135993,8.391569996,466,23,486,25,489,511
13,1000,60,7.7,28,46,946,27,12,15,54,8.172621315,101,634,61.93642844,10.08591577,7.29662164,8.984482285,463,18,483,36,481,519
14,1000,60,7.7,28,46,956,22,12,10,44,7.990610015,89,626,61.82331006,9.859072375,7.602765503,8.415856722,506,17,450,27,523,477
12,1000,60,7.7,28,49,958,21,10,11,42,7.962333399,107,610,61.71532514,9.998913995,7.043232417,8.881434382,486,14,472,28,500,500
9,1000,60,7.7,28,56,958,26,9,7,42,8.042165848,113,612,62.46487273,10.29393907,7.65920413,8.410109458,475,15,483,27,490,510
16,1000,60,7.7,28,28,953,27,8,12,47,7.896946391,102,601,60.72583136,9.503421844,7.087765326,8.617408171,450,21,503,26,471,529
11,1000,60,7.7,28,54,953,33,10,4,47,8.273699388,101,667,62.159708,9.863239089,7.977139592,8.566721692,476,21,477,26,497,503
15,1000,60,7.7,28,47,956,26,11,7,44,7.853521613,119,620,61.8226897,9.916416135,7.493101399,8.202590009,470,22,486,22,492,508
10,1000,60,7.7,28,56,951,30,12,7,49,8.240409569,98,640,61.61377796,10.07352508,8.048874608,8.423698407,465,24,486,25,489,511
13,1000,60,7.7,28,47,946,27,13,14,54,8.193288312,107,591,61.95010301,10.09904859,7.26983246,9.049130825,463,18,483,36,481,519
14,1000,60,7.7,28,47,955,23,12,10,45,8.032826007,93,642,61.88099223,9.916230109,7.64722509,8.455612757,506,17,449,28,523,477
12,1000,60,7.7,28,50,957,22,10,11,43,7.986603403,117,614,61.77103929,10.03980112,7.072477154,8.900729652,486,14,471,29,500,500
9,1000,60,7.7,28,57,957,27,9,7,43,8.049854774,95,630,62.51158413,10.31435697,7.635638778,8.447827006,475,15,482,28,490,510
11,1000,60,7.7,28,55,955,31,10,4,45,8.280938939,92,610,62.20669566,9.885201027,7.993408422,8.565039668,478,19,477,26,497,503
16,1000,60,7.7,28,29,956,25,8,11,44,7.911504082,91,604,60.7862992,9.532517349,7.096723362,8.636951566,451,20,505,24,471,529
15,1000,60,7.7,28,48,956,25,12,7,44,7.848157543,92,614,61.86891651,9.953537627,7.47134536,8.213101626,470,22,486,22,492,508
10,1000,60,7.7,28,57,951,30,13,6,49,8.251342114,118,634,61.67764695,10.09490815,8.030462182,8.462712539,466,23,485,26,489,511
13,1000,60,7.7,28,48,947,26,14,13,53,8.217432773,105,653,62.02645087,10.13191839,7.310328803,9.058120654,465,16,482,37,481,519
14,1000,60,7.7,28,48,955,23,12,10,45,8.045926877,99,632,61.91910635,9.942287561,7.646062959,8.484352096,505,18,450,27,523,477
12,1000,60,7.7,28,51,958,21,10,11,42,7.997003033,125,636,61.83681416,10.06939843,7.096983402,8.897022664,486,14,472,28,500,500
9,1000,60,7.7,28,58,957,27,9,7,43,8.059498148,112,604,62.57951799,10.31949428,7.676087225,8.427873349,475,15,482,28,490,510
11,1000,60,7.7,28,56,955,30,11,4,45,8.278018227,104,639,62.27447705,9.891572849,7.985397717,8.567148233,479,18,476,27,497,503
16,1000,60,7.7,28,30,955,26,8,11,45,7.934461117,107,589,60.81132343,9.554202986,7.115695967,8.663456175,451,20,504,25,471,529
15,1000,60,7.7,28,49,955,25,13,7,45,7.833795185,100,657,61.92036158,9.952507386,7.430420281,8.224465366,470,22,485,23,492,508
10,1000,60,7.7,28,58,951,30,13,6,49,8.275815901,101,652,61.67808097,10.13211699,8.055347828,8.486792198,466,23,485,26,489,511
13,1000,60,7.7,28,49,947,26,15,12,53,8.234933662,99,626,62.08518793,10.15140103,7.320782779,9.082152496,466,15,481,38,481,519
14,1000,60,7.7,28,49,956,24,10,10,44,8.03053886,108,604,61.96391459,9.962357333,7.659901059,8.43691951,505,18,451,26,523,477
12,1000,60,7.7,28,52,959,20,10,11,41,8.004340108,101,620,61.89101766,10.07587117,7.114537299,8.894142917,486,14,473,27,500,500
9,1000,60,7.7,28,59,956,27,10,7,44,8.09921337,110,624,62.60065906,10.34434406,7.701998088,8.480851581,474,16,482,28,490,510
11,1000,60,7.7,28,57,954,31,11,4,46,8.313339997,99,612,62.31500932,9.911362389,8.024906119,8.598333312,478,19,476,27,497,503
15,1000,60,7.7,28,50,954,26,13,7,46,7.830138484,100,620,61.97134596,9.954279008,7.409320475,8.237702383,470,22,484,24,492,508
10,1000,60,7.7,28,59,951,30,13,6,49,8.291900753,97,605,61.74516633,10.16286907,8.087265285,8.487726083,466,23,485,26,489,511
13,1000,60,7.7,28,50,947,26,15,12,53,8.244439576,115,636,62.12349146,10.15676883,7.34880816,9.074494897,466,15,481,38,481,519
14,1000,60,7.7,28,50,954,25,11,10,46,8.059569077,100,614,61.99794258,9.962638161,7.691076268,8.463597881,504,19,450,27,523,477
12,1000,60,7.7,28,53,956,23,10,11,44,8.036600113,93,644,61.94338838,10.09303875,7.154719988,8.918480237,485,15,471,29,500,500
16,1000,60,7.7,28,31,955,26,8,11,45,7.948296812,87,599,60.83711101,9.58494639,7.135489521,8.671987235,451,20,504,25,471,529
9,1000,60,7.7,28,60,956,27,9,8,44,8.146637476,112,618,62.64552983,10.3717023,7.753335695,8.524515657,474,16,482,28,490,510
11,1000,60,7.7,28,58,953,30,12,5,47,8.335665916,115,615,62.35538135,9.936737507,8.02228157,8.645312079,477,20,476,27,497,503
15,1000,60,7.7,28,51,953,27,13,7,47,7.846644772,111,602,62.00832836,9.962670928,7.413639063,8.266012507,470,22,483,25,492,508
10,1000,60,7.7,28,60,951,30,13,6,49,8.306622103,104,640,61.78914847,10.19638469,8.116185715,8.488859663,466,23,485,26,489,511
13,1000,60,7.7,28,51,945,28,15,12,55,8.249500004,106,642,62.17198287,10.18502073,7.339934145,9.092469518,466,15,479,40,481,519
14,1000,60,7.7,28,51,954,26,11,9,46,8.050235394,125,622,62.02911657,9.966330316,7.683942787,8.451851816,504,19,450,27,523,477
12,1000,60,7.7,28,54,958,21,11,10,42,8.033585171,114,606,61.98212409,10.1192164,7.183431126,8.883739216,486,14,472,28,500,500
9,1000,60,7.7,28,61,956,25,11,8,44,8.166180583,110,613,62.6794258,10.40063199,7.760751606,8.555710384,474,16,482,28,490,510
16,1000,60,7.7,28,32,955,26,8,11,45,7.981915345,98,591,60.87434021,9.585446879,7.211921876,8.66748609,451,20,504,25,471,529
11,1000,60,7.7,28,59,954,29,12,5,46,8.336391007,104,614,62.3805988,9.971835237,8.012328771,8.656587689,477,20,477,26,497,503
15,1000,60,7.7,28,52,952,28,13,7,48,7.81654275,102,623,62.04836797,10.01796427,7.404851202,8.215267634,470,22,482,26,492,508
10,1000,60,7.7,28,61,951,29,14,6,49,8.359889847,85,605,61.81263247,10.22213895,8.177803919,8.53413646,466,23,485,26,489,511
13,1000,60,7.7,28,52,945,29,15,11,55,8.261327193,83,592,62.1890002,10.20758832,7.354312513,9.10193232,466,15,479,40,481,519
14,1000,60,7.7,28,52,955,25,11,9,45,8.046723653,120,609,62.08055363,9.988667739,7.678251707,8.450729582,505,18,450,27,523,477
12,1000,60,7.7,28,55,958,21,11,10,42,8.046080259,119,623,62.00388121,10.14617341,7.20104029,8.891120229,486,14,472,28,500,500
9,1000,60,7.7,28,62,957,24,11,8,43,8.184289157,110,655,62.75974665,10.42934479,7.777522165,8.575104503,475,15,482,28,490,510
16,1000,60,7.7,28,33,956,26,7,11,44,7.977713254,104,595,60.93441274,9.608060855,7.187513725,8.681274649,452,19,504,25,471,529
11,1000,60,7.7,28,60,954,29,12,5,46,8.340020797,102,646,62.40901261,10.02225695,8.011651664,8.664473002,476,21,478,25,497,503
15,1000,60,7.7,28,53,953,28,13,6,47,7.827154902,105,614,62.05744394,10.03342138,7.396541927,8.244205264,471,21,482,26,492,508
10,1000,60,7.7,28,62,951,31,12,6,49,8.394592587,100,625,61.85407441,10.23535764,8.216510649,8.565007592,467,22,484,27,489,511
13,1000,60,7.7,28,53,944,30,15,11,56,8.273019877,114,618,62.19709006,10.2276531,7.353138501,9.12554963,466,15,478,41,481,519
14,1000,60,7.7,28,53,954,26,10,10,46,8.085798467,128,653,62.14275721,9.992387047,7.729488984,8.476469033,504,19,450,27,523,477
12,1000,60,7.7,28,56,957,21,12,10,43,8.067478602,120,652,62.03546291,10.17479488,7.231871338,8.903085866,485,15,472,28,500,500
9,1000,60,7.7,28,63,957,24,11,8,43,8.19342753,109,640,62.77263306,10.4530702,7.778450882,8.592130583,475,15,482,28,490,510
11,1000,60,7.7,28,61,953,30,12,5,47,8.330776094,90,611,62.45536876,10.04191116,8.009737912,8.647984794,475,22,478,25,497,503
16,1000,60,7.7,28,34,956,26,7,11,44,8.02843737,102,636,61.01867682,9.637666721,7.262148164,8.71070999,452,19,504,25,471,529
15,1000,60,7.7,28,54,953,28,13,6,47,7.827577761,119,609,62.10173585,10.04869917,7.396103838,8.245461955,471,21,482,26,492,508
10,1000,60,7.7,28,63,951,31,12,6,49,8.404277669,99,624,61.90345699,10.25040232,8.239628835,8.561837903,467,22,484,27,489,511
13,1000,60,7.7,28,54,944,31,15,10,56,8.28124405,82,615,62.24712537,10.24340064,7.391349067,9.105982946,466,15,478,41,481,519
14,1000,60,7.7,28,54,952,28,10,10,48,8.122928132,129,646,62.16450282,10.01699983,7.78136445,8.497430869,502,21,450,27,523,477
12,1000,60,7.7,28,57,958,20,13,9,42,8.072459344,102,622,62.06715099,10.17596396,7.252662113,8.892256576,485,15,473,27,500,500
9,1000,60,7.7,28,64,957,23,12,8,43,8.21755215,91,625,62.83936595,10.47490269,7.810765396,8.608386483,475,15,482,28,490,510
11,1000,60,7.7,28,62,953,30,12,5,47,8.337952028,121,651,62.49563317,10.05591291,8.024725244,8.647442507,475,22,478,25,497,503
16,1000,60,7.7,28,35,955,27,7,11,45,8.040993552,97,582,61.03825917,9.657273347,7.274056287,8.723843177,452,19,503,26,471,529
15,1000,60,7.7,28,55,954,26,14,6,46,7.826454813,98,618,62.15473753,10.05662724,7.392014823,8.247211653,471,21,483,25,492,508
10,1000,60,7.7,28,64,952,30,13,5,48,8.40254065,107,620,61.92142052,10.28451073,8.241373172,8.55676941,468,21,484,27,489,511
13,1000,60,7.7,28,55,944,31,15,10,56,8.289000108,125,633,62.28978702,10.28030314,7.379731325,9.131694298,467,14,477,42,481,519
14,1000,60,7.7,28,55,951,29,10,10,49,8.159406064,114,625,62.20055993,10.0525858,7.827331036,8.523505099,502,21,449,28,523,477
12,1000,60,7.7,28,58,957,21,13,9,43,8.08459522,115,628,62.08786559,10.16389583,7.254052224,8.915138216,484,16,473,27,500,500
9,1000,60,7.7,28,65,957,23,12,8,43,8.217822487,125,660,62.88115315,10.51829588,7.783792182,8.634831996,475,15,482,28,490,510
11,1000,60,7.7,28,63,953,30,12,5,47,8.356777908,109,601,62.54421009,10.0783558,8.038239995,8.671516164,475,22,478,25,497,503
10,1000,60,7.7,28,65,952,30,13,5,48,8.422402752,97,612,61.97221835,10.31977668,8.273058282,8.565317519,468,21,484,27,489,511
15,1000,60,7.7,28,56,952,28,13,7,48,7.881674395,109,640,62.17207852,10.10005457,7.429965807,8.319155941,471,21,481,27,492,508
14,1000,60,7.7,28,56,950,30,10,10,50,8.202759572,113,621,62.23708285,10.07697625,7.87000842,8.567599933,502,21,448,29,523,477
13,1000,60,7.7,28,56,943,32,16,9,57,8.292200794,96,624,62.33822496,10.29589011,7.373933126,9.143234991,467,14,476,43,481,519
12,1000,60,7.7,28,59,957,21,13,9,43,8.07134227,123,623,62.12023148,10.21273734,7.229020982,8.913663558,484,16,473,27,500,500
16,1000,60,7.7,28,36,954,28,7,11,46,8.065879506,90,607,61.06102204,9.68358366,7.297272772,8.750215558,452,19,502,27,471,529
9,1000,60,7.7,28,66,957,23,11,9,43,8.220262983,117,614,62.91718348,10.57025912,7.757426442,8.664949073,475,15,482,28,490,510
11,1000,60,7.7,28,64,951,31,13,5,49,8.421863497,107,633,62.60779583,10.08360297,8.125409682,8.714781083,473,24,478,25,497,503
10,1000,60,7.7,28,66,952,31,11,6,48,8.437913085,93,616,61.99258947,10.3392501,8.270014837,8.598582838,469,20,483,28,489,511
15,1000,60,7.7,28,57,953,28,12,7,47,7.882063349,92,633,62.22017767,10.12802146,7.454568725,8.296093576,472,20,481,27,492,508
14,1000,60,7.7,28,57,950,30,10,10,50,8.244524744,135,644,62.28341887,10.10882209,7.947292066,8.570421369,502,21,448,29,523,477
13,1000,60,7.7,28,57,944,31,16,9,56,8.301183757,103,629,62.35782671,10.3229888,7.399104985,9.137214371,466,15,478,41,481,519
12,1000,60,7.7,28,60,956,21,13,10,44,8.089048056,89,654,62.14804235,10.23758965,7.225370197,8.952725916,483,17,473,27,500,500
9,1000,60,7.7,28,67,958,22,11,9,42,8.255600281,119,641,62.94922269,10.59504513,7.794999032,8.698138735,475,15,483,27,490,510
16,1000,60,7.7,28,37,952,30,7,11,48,8.100132665,109,592,61.10114304,9.69744563,7.321237067,8.793629501,451,20,501,28,471,529
11,1000,60,7.7,28,65,951,31,13,5,49,8.412556756,84,627,62.63901403,10.10678875,8.125409682,8.696278617,473,24,478,25,497,503
10,1000,60,7.7,28,67,953,30,11,6,47,8.448157268,102,638,62.03644399,10.34874778,8.258277244,8.629862419,469,20,484,27,489,511
15,1000,60,7.7,28,58,953,28,12,7,47,7.919357339,114,598,62.25468602,10.13153416,7.492525727,8.332745437,472,20,481,27,492,508
14,1000,60,7.7,28,58,951,31,8,10,49,8.257281301,100,633,62.31942763,10.13220286,7.958065781,8.585351985,502,21,449,28,523,477
13,1000,60,7.7,28,58,945,29,17,9,55,8.311386533,104,610,62.38670907,10.36062996,7.400187721,9.155869439,466,15,479,40,481,519
12,1000,60,7.7,28,61,957,21,13,9,43,8.060482597,106,619,62.19353314,10.26176499,7.219240804,8.90172439,483,17,474,26,500,500
9,1000,60,7.7,28,68,958,21,12,9,42,8.269922026,116,653,63.00545728,10.6281783,7.85540409,8.668184357,474,16,484,26,490,510
11,1000,60,7.7,28,66,951,31,13,5,49,8.427809913,97,594,62.69121199,10.12618963,8.156529327,8.695854548,473,24,478,25,497,503
16,1000,60,7.7,28,38,952,30,7,11,48,8.10595119,84,611,61.17204347,9.722593511,7.302714675,8.821120185,451,20,501,28,471,529
10,1000,60,7.7,28,68,951,32,11,6,49,8.469923302,107,619,62.03857595,10.37908917,8.30964331,8.623302786,467,22,484,27,489,511
15,1000,60,7.7,28,59,955,27,11,7,45,7.959157918,106,621,62.29139538,10.16363263,7.482933674,8.420382973,475,17,480,28,492,508
14,1000,60,7.7,28,59,950,32,8,10,50,8.262845121,114,626,62.3733076,10.15517368,7.98747362,8.564772365,501,22,449,28,523,477
13,1000,60,7.7,28,59,947,27,16,10,53,8.28758986,97,622,62.40093972,10.38291443,7.380838026,9.127951387,467,14,480,39,481,519
12,1000,60,7.7,28,62,956,22,13,9,44,8.082410287,98,628,62.24505103,10.27190006,7.25230779,8.912512784,483,17,473,27,500,500
9,1000,60,7.7,28,69,957,22,12,9,43,8.298529477,109,647,63.04754407,10.63695917,7.888511114,8.692468689,474,16,483,27,490,510
11,1000,60,7.7,28,67,950,32,13,5,50,8.446614558,113,625,62.72135082,10.11337437,8.183280337,8.706807616,473,24,477,26,497,503
10,1000,60,7.7,28,69,950,33,11,6,50,8.499129893,122,609,62.1093442,10.40312048,8.344594786,8.647011826,466,23,484,27,489,511
16,1000,60,7.7,28,39,954,28,7,11,46,8.122548288,95,628,61.2331481,9.744085959,7.362667909,8.79911475,452,19,502,27,471,529
15,1000,60,7.7,28,60,954,27,12,7,46,7.974001637,114,644,62.33569738,10.18657387,7.512313886,8.421148042,474,18,480,28,492,508
14,1000,60,7.7,28,60,949,31,10,10,51,8.30441553,107,633,62.42844076,10.16433355,8.045497329,8.588302782,500,23,449,28,523,477
13,1000,60,7.7,28,60,948,28,14,10,52,8.271203302,123,617,62.46464937,10.4108972,7.374340065,9.102400252,467,14,481,38,481,519
12,1000,60,7.7,28,63,955,23,13,9,45,8.144233653,119,627,62.28453748,10.28229996,7.308870754,8.979596553,483,17,472,28,500,500
9,1000,60,7.7,28,70,955,24,12,9,45,8.326328986,99,632,63.09563349,10.66266616,7.917724298,8.718909961,472,18,483,27,490,510
11,1000,60,7.7,28,68,949,33,13,5,51,8.474130029,115,627,62.72966094,10.16603679,8.232142989,8.713230544,473,24,476,27,497,503
10,1000,60,7.7,28,70,951,32,11,6,49,8.489828075,122,605,62.15497298,10.41985455,8.338960592,8.634200285,467,22,484,27,489,511
15,1000,60,7.7,28,61,954,27,12,7,46,7.985549096,112,636,62.34017281,10.20107173,7.51393111,8.442312972,474,18,480,28,492,508
14,1000,60,7.7,28,61,949,30,11,10,51,8.330929653,107,626,62.46818603,10.20190364,8.054605837,8.63390105,500,23,449,28,523,477
13,1000,60,7.7,28,61,949,26,15,10,51,8.28735712,101,616,62.51958568,10.41452127,7.391246531,9.117856529,467,14,482,37,481,519
16,1000,60,7.7,28,40,950,32,7,11,50,8.176255973,105,622,61.27128266,9.759502996,7.453141184,8.820087856,451,20,499,30,471,529
12,1000,60,7.7,28,64,955,23,13,9,45,8.181322803,112,638,62.34598592,10.31843607,7.344962697,9.017682909,483,17,472,28,500,500
9,1000,60,7.7,28,71,954,25,12,9,46,8.359387323,115,625,63.13811263,10.66914094,7.943098137,8.759351443,472,18,482,28,490,510
11,1000,60,7.7,28,69,948,33,14,5,52,8.50786928,106,608,62.75422711,10.17691288,8.260173058,8.752610875,473,24,475,28,497,503
10,1000,60,7.7,28,71,952,31,11,6,48,8.463887711,117,612,62.21098148,10.45719708,8.345936749,8.576760549,467,22,485,26,489,511
15,1000,60,7.7,28,62,953,27,13,7,47,8.045598754,103,628,62.36903681,10.20515145,7.585015467,8.491675481,474,18,479,29,492,508
14,1000,60,7.7,28,62,952,29,9,10,48,8.368235126,100,628,62.52403518,10.23958975,8.092078894,8.671022776,502,21,450,27,523,477
13,1000,60,7.7,28,62,949,25,15,11,51,8.3521849,102,641,62.56378234,10.43576259,7.49491344,9.146688893,466,15,483,36,481,519
12,1000,60,7.7,28,65,955,25,12,8,45,8.17511932,115,622,62.42685567,10.35115634,7.358148197,8.992090444,483,17,472,28,500,500
9,1000,60,7.7,28,72,953,26,12,9,47,8.38323229,112,626,63.19203698,10.69206495,7.964710898,8.785341077,472,18,481,29,490,510
16,1000,60,7.7,28,41,951,32,6,11,49,8.224501438,98,618,61.30323652,9.794138426,7.510083205,8.860590262,451,20,500,29,471,529
11,1000,60,7.7,28,70,949,33,13,5,51,8.562868896,124,621,62.80573279,10.19343637,8.350285887,8.772916124,473,24,476,27,497,503
10,1000,60,7.7,28,72,954,28,12,6,46,8.492076807,101,617,62.27848118,10.48566358,8.378366707,8.600891364,469,20,485,26,489,511
15,1000,60,7.7,28,63,954,26,13,7,46,8.031518364,107,658,62.42553785,10.23872817,7.538691769,8.508822861,475,17,479,29,492,508
14,1000,60,7.7,28,63,955,28,8,9,45,8.361724937,126,614,62.57688813,10.27050213,8.122479425,8.624042342,502,21,453,24,523,477
12,1000,60,7.7,28,66,956,25,11,8,44,8.189983961,111,643,62.45898565,10.34836499,7.346680486,9.033287435,484,16,472,28,500,500
13,1000,60,7.7,28,63,950,23,15,12,50,8.391329896,104,638,62.59329676,10.47869713,7.507744396,9.210221274,467,14,483,36,481,519
9,1000,60,7.7,28,73,951,28,12,9,49,8.40976176,98,623,63.2119755,10.70799007,7.987132369,8.81581745,472,18,479,31,490,510
11,1000,60,7.7,28,71,949,31,15,5,51,8.578746184,101,611,62.84474346,10.20971896,8.38819733,8.76702209,473,24,476,27,497,503
16,1000,60,7.7,28,42,953,31,5,11,47,8.197252811,111,608,61.33864797,9.809833556,7.473178159,8.841939316,452,19,501,28,471,529
10,1000,60,7.7,28,73,952,30,12,6,48,8.529690601,100,629,62.31302148,10.5136512,8.420444579,8.634233272,469,20,483,28,489,511
15,1000,60,7.7,28,64,953,27,13,7,47,8.091820324,113,631,62.44129848,10.26788099,7.59436728,8.573605555,475,17,478,30,492,508
14,1000,60,7.7,28,64,954,29,8,9,46,8.406359447,92,611,62.6121352,10.30453377,8.162993951,8.673194152,501,22,453,24,523,477
12,1000,60,7.7,28,67,956,25,12,7,44,8.206353949,104,625,62.50985241,10.37860795,7.375529964,9.037177933,485,15,471,29,500,500
13,1000,60,7.7,28,64,951,22,16,11,49,8.376726736,101,632,62.63596574,10.47489778,7.497894154,9.191213195,467,14,484,35,481,519
9,1000,60,7.7,28,74,952,26,12,10,48,8.422728371,117,619,63.24734908,10.7377367,7.997584906,8.831199543,472,18,480,30,490,510
11,1000,60,7.7,28,72,950,31,14,5,50,8.565186112,107,618,62.88195158,10.25335856,8.373567824,8.754518696,473,24,477,26,497,503
16,1000,60,7.7,28,43,952,32,4,12,48,8.202205163,106,598,61.39488068,9.819874949,7.45243145,8.869773062,452,19,500,29,471,529
10,1000,60,7.7,28,74,951,31,12,6,49,8.551415944,101,609,62.31686232,10.53846519,8.424334133,8.673026523,468,21,483,28,489,511
15,1000,60,7.7,28,65,953,28,13,6,47,8.10227261,108,618,62.47059997,10.28060267,7.617482046,8.571794179,475,17,478,30,492,508
14,1000,60,7.7,28,65,953,30,8,9,47,8.429578639,99,626,62.62012481,10.34238484,8.206422377,8.674255212,500,23,453,24,523,477
12,1000,60,7.7,28,68,958,25,10,7,42,8.195369832,120,640,62.56748573,10.4141585,7.402414118,8.988325546,486,14,472,28,500,500
13,1000,60,7.7,28,65,951,22,15,12,49,8.407498428,105,635,62.67436757,10.51252612,7.52124317,9.22886409,467,14,484,35,481,519
9,1000,60,7.7,28,75,952,26,12,10,48,8.455114408,110,636,63.30685202,10.74772089,8.01065723,8.882141892,472,18,480,30,490,510
11,1000,60,7.7,28,73,951,30,14,5,49,8.570226653,105,649,62.90611812,10.30691178,8.350050239,8.787776709,473,24,478,25,497,503
10,1000,60,7.7,28,75,952,29,13,6,48,8.579448275,106,627,62.35215527,10.54499853,8.425926491,8.726360511,469,20,483,28,489,511
15,1000,60,7.7,28,66,952,30,13,5,48,8.133708118,105,635,62.51563568,10.31914162,7.651360821,8.600863375,473,19,479,29,492,508
14,1000,60,7.7,28,66,953,30,8,9,47,8.453364455,113,637,62.66614407,10.35156256,8.236263007,8.691402311,500,23,453,24,523,477
16,1000,60,7.7,28,44,953,31,4,12,47,8.219161469,115,610,61.43436493,9.838483001,7.444335942,8.909034481,452,19,501,28,471,529
12,1000,60,7.7,28,69,958,24,11,7,42,8.218376931,129,606,62.65178548,10.46026262,7.423941412,9.01281245,486,14,472,28,500,500
13,1000,60,7.7,28,66,953,21,15,11,47,8.381298874,106,642,62.71992256,10.54103783,7.51298594,9.18603591,468,13,485,34,481,519
9,1000,60,7.7,28,76,950,28,12,10,50,8.465831834,105,634,63.35387384,10.77535075,8.010215535,8.903580828,471,19,479,31,490,510
11,1000,60,7.7,28,74,952,30,14,4,48,8.578769246,125,646,62.96174776,10.35064762,8.383718593,8.77149325,473,24,479,24,497,503
10,1000,60,7.7,28,76,949,30,15,6,51,8.644602639,107,634,62.41002034,10.55244206,8.533830413,8.750605807,466,23,483,28,489,511
15,1000,60,7.7,28,67,952,29,14,5,48,8.182711234,103,621,62.56889004,10.31551105,7.704191894,8.646159098,473,19,479,29,492,508
14,1000,60,7.7,28,67,952,33,7,8,48,8.433759571,105,650,62.70449642,10.35964078,8.272579281,8.610483452,498,25,454,23,523,477
12,1000,60,7.7,28,70,958,24,11,7,42,8.275285638,110,611,62.70877365,10.47109937,7.477330719,9.073240558,486,14,472,28,500,500
9,1000,60,7.7,28,77,949,29,12,10,51,8.485816886,111,630,63.38562283,10.78917769,8.035423019,8.918548248,470,20,479,31,490,510
13,1000,60,7.7,28,67,952,20,17,11,48,8.421667495,104,646,62.7506983,10.54083675,7.570903696,9.210140303,467,14,485,34,481,519
16,1000,60,7.7,28,45,954,30,4,12,46,8.264274414,89,606,61.48837578,9.874298833,7.483758456,8.959213954,453,18,501,28,471,529
11,1000,60,7.7,28,75,952,30,14,4,48,8.602808923,107,622,63.01496323,10.37792712,8.437451279,8.766194109,473,24,479,24,497,503
10,1000,60,7.7,28,77,949,31,14,6,51,8.668791592,104,637,62.43651447,10.56133704,8.619891841,8.71558607,465,24,484,27,489,511
15,1000,60,7.7,28,68,952,29,14,5,48,8.204748486,135,632,62.59493368,10.33719554,7.714151342,8.679893751,473,19,479,29,492,508
14,1000,60,7.7,28,68,951,34,6,9,49,8.449808138,101,624,62.73722356,10.39647847,8.327130161,8.584316696,497,26,454,23,523,477
12,1000,60,7.7,28,71,958,24,11,7,42,8.259604337,104,626,62.71694089,10.48471785,7.470603143,9.048605531,486,14,472,28,500,500
9,1000,60,7.7,28,78,950,28,12,10,50,8.474029728,116,639,63.41524128,10.79562125,8.054444571,8.877160564,470,20,480,30,490,510
13,1000,60,7.7,28,68,951,21,17,11,49,8.436575552,113,623,62.75396719,10.56897312,7.593748111,9.217693083,467,14,484,35,481,519
11,1000,60,7.7,28,76,951,31,14,4,49,8.631435869,107,626,63.08312586,10.39554462,8.462761476,8.79809824,473,24,478,25,497,503
16,1000,60,7.7,28,46,955,29,4,12,45,8.264496098,98,604,61.51347387,9.910268086,7.48458739,8.958894966,453,18,502,27,471,529
10,1000,60,7.7,28,78,949,31,14,6,51,8.68665431,125,638,62.46237531,10.58640368,8.620056514,8.750384882,465,24,484,27,489,511
15,1000,60,7.7,28,69,952,30,13,5,48,8.240230491,107,637,62.63036965,10.34969159,7.786507473,8.679663021,473,19,479,29,492,508
14,1000,60,7.7,28,69,951,33,6,10,49,8.457544687,105,619,62.79308607,10.43592884,8.315614254,8.613162332,497,26,454,23,523,477
12,1000,60,7.7,28,72,958,24,11,7,42,8.317789674,104,652,62.76061448,10.50111498,7.536810928,9.098768419,486,14,472,28,500,500
9,1000,60,7.7,28,79,948,29,12,11,52,8.524481424,105,658,63.4406941,10.83421509,8.114888086,8.918012278,469,21,479,31,490,510
13,1000,60,7.7,28,69,950,21,17,12,50,8.459006742,121,617,62.777167,10.59924412,7.599759833,9.255341546,467,14,483,36,481,519
11,1000,60,7.7,28,77,950,32,14,4,50,8.669941354,110,643,63.12237663,10.44985031,8.522952455,8.815176906,472,25,478,25,497,503
16,1000,60,7.7,28,47,954,29,5,12,46,8.298873286,111,648,61.54333857,9.942776717,7.529123331,8.984227216,453,18,501,28,471,529
10,1000,60,7.7,28,79,948,32,14,6,52,8.701328147,99,626,62.50443909,10.59629298,8.616636064,8.782373996,465,24,483,28,489,511
15,1000,60,7.7,28,70,955,28,12,5,45,8.227124819,130,616,62.67329228,10.39190992,7.794978876,8.645659867,474,18,481,27,492,508
14,1000,60,7.7,28,70,950,34,6,10,50,8.491885567,102,637,62.81542436,10.47851651,8.330052034,8.669325688,497,26,453,24,523,477
12,1000,60,7.7,28,73,958,24,11,7,42,8.303678468,118,623,62.8016532,10.51593453,7.538443401,9.068913535,486,14,472,28,500,500
9,1000,60,7.7,28,80,948,29,12,11,52,8.571080861,116,609,63.52210014,10.86222943,8.159709176,8.966320322,469,21,479,31,490,510
13,1000,60,7.7,28,70,949,20,19,12,51,8.491542991,124,658,62.81419255,10.62054598,7.645062048,9.276046524,467,14,482,37,481,519
11,1000,60,7.7,28,78,950,31,15,4,50,8.676717768,115,629,63.17744119,10.47061492,8.540959049,8.810857099,472,25,478,25,497,503
10,1000,60,7.7,28,80,947,33,14,6,53,8.737070463,98,651,62.55370565,10.60037093,8.63445122,8.835271656,464,25,483,28,489,511
16,1000,60,7.7,28,48,954,29,5,12,46,8.316033497,106,645,61.5968774,9.962158888,7.544080107,9.003349275,453,18,501,28,471,529
15,1000,60,7.7,28,71,955,26,14,5,45,8.255045759,95,640,62.70835609,10.41574831,7.843859623,8.653281151,474,18,481,27,492,508
14,1000,60,7.7,28,71,951,33,6,10,49,8.516216267,109,601,62.84030612,10.4903882,8.325028877,8.725841016,498,25,453,24,523,477
12,1000,60,7.7,28,74,954,29,11,6,46,8.360690233,110,626,62.86654881,10.54559148,7.626977311,9.094403155,484,16,470,30,500,500
9,1000,60,7.7,28,81,948,30,12,10,52,8.579992702,115,671,63.5663173,10.89234887,8.184936043,8.959556944,469,21,479,31,490,510
13,1000,60,7.7,28,71,949,20,19,12,51,8.515353038,114,613,62.83337918,10.6430677,7.687204611,9.282866319,467,14,482,37,481,519
11,1000,60,7.7,28,79,950,31,15,4,50,8.661562792,113,614,63.26667458,10.50957019,8.54105251,8.780635575,472,25,478,25,497,503
10,1000,60,7.7,28,81,947,33,13,7,53,8.753947074,117,633,62.59608755,10.62199929,8.642174879,8.860907159,464,25,483,28,489,511
15,1000,60,7.7,28,72,956,26,14,4,44,8.207701788,128,651,62.79509945,10.43953097,7.792160509,8.610155153,475,17,481,27,492,508
14,1000,60,7.7,28,72,950,34,5,11,50,8.546832607,113,644,62.88234208,10.50694031,8.354003036,8.758257903,498,25,452,25,523,477
16,1000,60,7.7,28,49,951,32,5,12,49,8.371601317,102,622,61.60194985,9.990328053,7.575862731,9.080094461,453,18,498,31,471,529
9,1000,60,7.7,28,82,949,30,12,9,51,8.590630042,112,652,63.61956824,10.91021427,8.180788183,8.984399671,470,20,479,31,490,510
12,1000,60,7.7,28,75,955,27,12,6,45,8.371053567,116,623,62.91218219,10.57233179,7.631730583,9.11037655,484,16,471,29,500,500
13,1000,60,7.7,28,72,948,21,19,12,52,8.581416003,118,648,62.89611637,10.65478457,7.786299107,9.318316248,466,15,482,37,481,519
11,1000,60,7.7,28,80,952,31,13,4,48,8.65148108,107,639,63.32478425,10.54867224,8.561861916,8.740031229,472,25,480,23,497,503
10,1000,60,7.7,28,82,947,32,13,8,53,8.767732538,129,622,62.66417559,10.66172353,8.673692887,8.857723515,464,25,483,28,489,511
15,1000,60,7.7,28,73,957,25,14,4,43,8.238500716,119,628,62.78650563,10.45327967,7.774356458,8.688026258,477,15,480,28,492,508
14,1000,60,7.7,28,73,950,34,5,11,50,8.584792156,109,642,62.92078755,10.5123805,8.380656184,8.808614196,498,25,452,25,523,477
9,1000,60,7.7,28,83,950,30,11,9,50,8.553662207,114,655,63.64373182,10.93422234,8.175994174,8.916519729,470,20,480,30,490,510
12,1000,60,7.7,28,76,954,26,14,6,46,8.410640818,118,622,62.9626005,10.58375842,7.637773594,9.183508041,484,16,470,30,500,500
13,1000,60,7.7,28,73,948,21,19,12,52,8.595028503,118,669,62.92824398,10.67002368,7.78183909,9.348678036,466,15,482,37,481,519
16,1000,60,7.7,28,50,951,32,5,12,49,8.348922286,101,633,61.62559849,9.992905613,7.55273682,9.057813315,453,18,498,31,471,529
11,1000,60,7.7,28,81,952,31,13,4,48,8.666970317,121,642,63.37692123,10.59320802,8.597824595,8.73529124,471,26,481,22,497,503
10,1000,60,7.7,28,83,946,33,14,7,54,8.788651554,108,619,62.70347571,10.69963126,8.72857135,8.846145135,464,25,482,29,489,511
15,1000,60,7.7,28,74,958,24,14,4,42,8.257005939,128,622,62.80989269,10.47824237,7.818851592,8.681360149,477,15,481,27,492,508
14,1000,60,7.7,28,74,949,34,6,11,51,8.606639636,93,610,62.95399799,10.51865972,8.410099834,8.822132961,498,25,451,26,523,477
9,1000,60,7.7,28,84,950,30,11,9,50,8.577967711,113,641,63.67481648,10.97061807,8.195644537,8.945297819,470,20,480,30,490,510
12,1000,60,7.7,28,77,954,26,14,6,46,8.409942366,106,619,62.96336581,10.62868182,7.638915337,9.180969396,484,16,470,30,500,500
13,1000,60,7.7,28,74,948,23,15,14,52,8.606042057,119,642,62.96403547,10.71390078,7.762806332,9.387537979,466,15,482,37,481,519
11,1000,60,7.7,28,82,951,32,12,5,49,8.704673892,135,618,63.41468342,10.63411717,8.628235442,8.780200552,471,26,480,23,497,503
16,1000,60,7.7,28,51,952,32,4,12,48,8.386794651,105,641,61.68166433,10.0021986,7.575163924,9.109437511,454,17,498,31,471,529
10,1000,60,7.7,28,84,945,34,14,7,55,8.78678468,113,648,62.75162881,10.72329619,8.769237252,8.803576641,463,26,482,29,489,511
15,1000,60,7.7,28,75,960,24,13,3,40,8.287369557,115,653,62.86612634,10.50348368,7.876800511,8.685007294,477,15,483,25,492,508
14,1000,60,7.7,28,75,948,35,6,11,52,8.648312521,119,625,63.00843245,10.54940956,8.456374472,8.85876032,498,25,450,27,523,477
9,1000,60,7.7,28,85,950,30,11,9,50,8.590737324,127,633,63.71394014,11.00819033,8.205296325,8.96106299,470,20,480,30,490,510
12,1000,60,7.7,28,78,955,25,14,6,45,8.415879716,100,616,63.01988239,10.65365172,7.670742996,9.161016437,484,16,471,29,500,500
13,1000,60,7.7,28,75,947,24,15,14,53,8.641084236,102,630,62.99288003,10.71524221,7.804701656,9.416228785,466,15,481,38,481,519
11,1000,60,7.7,28,83,951,32,12,5,49,8.722795685,108,657,63.45305076,10.63123998,8.624679623,8.819741377,471,26,480,23,497,503
16,1000,60,7.7,28,52,951,33,4,12,49,8.411070896,97,637,61.72008719,10.02059069,7.610749919,9.123644014,453,18,498,31,471,529
10,1000,60,7.7,28,85,946,33,14,7,54,8.803612347,118,636,62.78047967,10.73223537,8.759774711,8.845562648,463,26,483,28,489,511
14,1000,60,7.7,28,76,945,37,7,11,55,8.677548542,105,653,63.05785371,10.57004683,8.478239293,8.896078389,497,26,448,29,523,477
15,1000,60,7.7,28,76,961,23,13,3,39,8.316427552,98,637,62.90202947,10.53513639,7.917931698,8.702372356,478,14,483,25,492,508
9,1000,60,7.7,28,86,951,31,9,9,49,8.605082573,115,638,63.74026342,11.061166,8.240224719,8.955632275,470,20,481,29,490,510
12,1000,60,7.7,28,79,955,24,15,6,45,8.443018997,110,652,63.06790761,10.66862176,7.666036614,9.22000138,485,15,470,30,500,500
13,1000,60,7.7,28,76,947,24,15,14,53,8.654041263,114,621,63.03804311,10.7456159,7.777905763,9.466028114,466,15,481,38,481,519
11,1000,60,7.7,28,84,950,32,13,5,50,8.789386808,97,641,63.5020553,10.68192801,8.67083888,8.906520646,470,27,480,23,497,503
10,1000,60,7.7,28,86,946,33,14,7,54,8.818369819,109,662,62.82939405,10.75799004,8.759821132,8.874397819,463,26,483,28,489,511
16,1000,60,7.7,28,53,950,34,4,12,50,8.431537939,116,631,61.78561447,10.05064132,7.635709908,9.140110723,454,17,496,33,471,529
14,1000,60,7.7,28,77,943,38,8,11,57,8.723983342,99,628,63.10796366,10.58233812,8.509279022,8.9593929,496,27,447,30,523,477
15,1000,60,7.7,28,77,960,24,13,3,40,8.305669029,127,619,62.93350988,10.55894844,7.945398275,8.654592673,478,14,482,26,492,508
9,1000,60,7.7,28,87,952,30,8,10,48,8.619676976,111,639,63.80906239,11.08153735,8.278498985,8.947475438,471,19,481,29,490,510
12,1000,60,7.7,28,80,954,25,15,6,46,8.469745754,107,632,63.10076177,10.71472111,7.706355135,9.233136374,485,15,469,31,500,500
13,1000,60,7.7,28,77,947,24,14,15,53,8.681001496,112,629,63.08978436,10.77324398,7.827092611,9.472389113,466,15,481,38,481,519
11,1000,60,7.7,28,85,951,31,14,4,49,8.74884997,134,622,63.55888621,10.71202538,8.652796244,8.843757926,469,28,482,21,497,503
10,1000,60,7.7,28,87,947,32,14,7,53,8.791538895,125,637,62.89366387,10.79020904,8.741993674,8.838951053,463,26,484,27,489,511
14,1000,60,7.7,28,78,941,40,8,11,59,8.76467007,114,643,63.17282466,10.60178174,8.564914672,8.983689092,495,28,446,31,523,477
15,1000,60,7.7,28,78,960,24,13,3,40,8.315314343,136,630,62.96983095,10.57712147,7.987465442,8.632837294,478,14,482,26,492,508
9,1000,60,7.7,28,88,954,29,7,10,46,8.630577008,112,627,63.82848924,11.09723534,8.290093541,8.957708183,472,18,482,28,490,510
12,1000,60,7.7,28,81,952,27,15,6,48,8.483381821,116,630,63.12787395,10.75125079,7.733113951,9.233649691,485,15,467,33,500,500
16,1000,60,7.7,28,54,949,35,4,12,51,8.467692102,107,600,61.83282941,10.06749407,7.711600975,9.140884769,453,18,496,33,471,529
13,1000,60,7.7,28,78,947,23,15,15,53,8.707237313,124,614,63.13286648,10.80966923,7.814957944,9.534186015,466,15,481,38,481,519
11,1000,60,7.7,28,86,949,32,15,4,51,8.782348157,111,631,63.61767746,10.74058046,8.710699494,8.853142165,468,29,481,22,497,503
10,1000,60,7.7,28,88,947,31,15,7,53,8.791931933,118,632,62.88581159,10.80705595,8.739551786,8.842056967,463,26,484,27,489,511
15,1000,60,7.7,28,79,959,25,13,3,41,8.343783198,126,620,63.00456504,10.60375021,8.003869535,8.672990918,478,14,481,27,492,508
14,1000,60,7.7,28,79,940,41,8,11,60,8.778809985,112,638,63.22308222,10.61091453,8.601970168,8.972703536,494,29,446,31,523,477
9,1000,60,7.7,28,89,951,31,8,10,49,8.645242102,130,627,63.84033996,11.13444623,8.27920494,8.996924866,471,19,480,30,490,510
12,1000,60,7.7,28,82,952,27,15,6,48,8.508515367,100,661,63.17858657,10.76787318,7.765469026,9.251561708,485,15,467,33,500,500
11,1000,60,7.7,28,87,949,32,15,4,51,8.803936025,123,678,63.6487654,10.76349921,8.731762614,8.87524852,468,29,481,22,497,503
13,1000,60,7.7,28,79,947,24,14,15,53,8.745057491,112,651,63.15438824,10.83627047,7.879944415,9.546828954,465,16,482,37,481,519
16,1000,60,7.7,28,55,948,36,4,12,52,8.488293275,113,630,61.84868746,10.09671305,7.74958919,9.146005229,453,18,495,34,471,529
10,1000,60,7.7,28,89,949,29,15,7,51,8.77520294,122,637,62.91341162,10.82302774,8.696924887,8.8501109,464,25,485,26,489,511
15,1000,60,7.7,28,80,958,26,12,4,42,8.393747845,122,628,63.02680287,10.64299746,8.087469093,8.690380023,477,15,481,27,492,508
14,1000,60,7.7,28,80,940,39,10,11,60,8.798286378,113,645,63.23276307,10.63729219,8.638058682,8.973965801,494,29,446,31,523,477
9,1000,60,7.7,28,90,951,30,9,10,49,8.67093619,110,641,63.92073955,11.16856658,8.289490775,9.037422961,471,19,480,30,490,510
12,1000,60,7.7,28,83,952,27,14,7,48,8.557924424,125,639,63.23191966,10.79715217,7.817217148,9.2986317,485,15,467,33,500,500
11,1000,60,7.7,28,88,949,32,15,4,51,8.819003732,117,640,63.70146328,10.79611302,8.761065937,8.87625042,468,29,481,22,497,503
13,1000,60,7.7,28,80,943,27,13,17,57,8.808294656,108,630,63.21195858,10.8516549,7.930246296,9.622054311,463,18,480,39,481,519
16,1000,60,7.7,28,56,948,36,4,12,52,8.527675413,99,637,61.89333056,10.12781653,7.795856385,9.179257194,453,18,495,34,471,529
10,1000,60,7.7,28,90,948,31,15,6,52,8.781792712,113,640,62.96399568,10.86244048,8.709180117,8.851279129,464,25,484,27,489,511
15,1000,60,7.7,28,81,957,26,13,4,43,8.397811235,83,621,63.08830239,10.67539707,8.112318841,8.674311742,476,16,481,27,492,508
14,1000,60,7.7,28,81,940,37,12,11,60,8.834977108,116,644,63.2744608,10.66867948,8.653301293,9.034173021,494,29,446,31,523,477
9,1000,60,7.7,28,91,950,31,9,10,50,8.696174229,126,645,63.93430788,11.20501757,8.309857919,9.067340879,470,20,480,30,490,510
12,1000,60,7.7,28,84,952,26,14,8,48,8.60284944,103,633,63.25751239,10.80906927,7.87188035,9.333818529,485,15,467,33,500,500
11,1000,60,7.7,28,89,949,33,14,4,51,8.829043494,97,657,63.72004265,10.78772703,8.785261618,8.87230312,467,30,482,21,497,503
13,1000,60,7.7,28,81,942,28,13,17,58,8.828089184,107,613,63.27758362,10.86436218,7.946992809,9.644673685,463,18,479,40,481,519
10,1000,60,7.7,28,91,948,30,16,6,52,8.810412659,124,634,62.99869991,10.90636688,8.744456332,8.873529378,464,25,484,27,489,511
16,1000,60,7.7,28,57,947,37,4,12,53,8.552307183,100,612,61.94149444,10.17375125,7.847402455,9.179925569,452,19,495,34,471,529
15,1000,60,7.7,28,82,955,28,13,4,45,8.405557668,127,641,63.13803515,10.68649152,8.149305129,8.653739262,473,19,482,26,492,508
14,1000,60,7.7,28,82,939,38,12,11,61,8.828736029,124,622,63.30706338,10.67916668,8.66905749,9.003813337,493,30,446,31,523,477
9,1000,60,7.7,28,92,950,31,9,10,50,8.709864247,124,632,64.00332811,11.21801287,8.316930217,9.087389099,470,20,480,30,490,510
12,1000,60,7.7,28,85,953,26,13,8,47,8.5899312,103,636,63.28514001,10.81822829,7.895311667,9.284550732,485,15,468,32,500,500
11,1000,60,7.7,28,90,950,33,13,4,50,8.824939512,100,633,63.72557067,10.79702619,8.740357384,8.908512707,467,30,483,20,497,503
13,1000,60,7.7,28,82,943,28,12,17,57,8.833014665,103,633,63.284246,10.90017374,7.954251049,9.647437207,464,17,479,40,481,519
10,1000,60,7.7,28,92,948,29,17,6,52,8.797541607,127,641,63.0656347,10.92607866,8.729035351,8.863098475,464,25,484,27,489,511
16,1000,60,7.7,28,58,946,36,6,12,54,8.575068068,102,623,61.99973956,10.22737313,7.851396234,9.219395921,452,19,494,35,471,529
15,1000,60,7.7,28,83,954,27,15,4,46,8.406647777,102,652,63.16530841,10.70594509,8.111627529,8.692376048,473,19,481,27,492,508
9,1000,60,7.7,28,93,950,31,9,10,50,8.732719885,131,665,64.02821823,11.24127248,8.315143618,9.133920613,470,20,480,30,490,510
14,1000,60,7.7,28,83,940,38,12,10,60,8.837677185,114,639,63.35316825,10.70675049,8.687726846,9.002088144,494,29,446,31,523,477
12,1000,60,7.7,28,86,953,26,13,8,47,8.622766946,107,637,63.33416906,10.84670469,7.916182002,9.32935189,485,15,468,32,500,500
11,1000,60,7.7,28,91,948,35,12,5,52,8.850121099,107,635,63.75075799,10.81571456,8.764987192,8.934239491,467,30,481,22,497,503
13,1000,60,7.7,28,83,943,28,13,16,57,8.861162469,111,622,63.32873155,10.92443799,7.957905327,9.698285177,465,16,478,41,481,519
10,1000,60,7.7,28,93,947,30,18,5,53,8.807496018,114,640,63.08413387,10.92657682,8.726143614,8.88534597,464,25,483,28,489,511
15,1000,60,7.7,28,84,955,26,15,4,45,8.399205196,101,616,63.17537822,10.73536239,8.089580991,8.699077458,473,19,482,26,492,508
9,1000,60,7.7,28,94,949,31,10,10,51,8.748065346,105,668,64.07163116,11.26665071,8.301211389,9.177395618,470,20,479,31,490,510
14,1000,60,7.7,28,84,940,36,14,10,60,8.84660535,111,613,63.35772491,10.73318234,8.678725015,9.030675404,495,28,445,32,523,477
12,1000,60,7.7,28,87,952,27,13,8,48,8.64550553,100,616,63.38381006,10.86313187,7.956725903,9.334285157,485,15,467,33,500,500
16,1000,60,7.7,28,59,947,37,5,11,53,8.559204386,114,626,62.03850997,10.25671231,7.82329727,9.214426033,452,19,495,34,471,529
11,1000,60,7.7,28,92,947,34,13,6,53,8.868010437,110,640,63.77708236,10.86810577,8.797241317,8.937935393,466,31,481,22,497,503
13,1000,60,7.7,28,84,943,27,14,16,57,8.901102323,114,667,63.40039514,10.95201636,8.011190253,9.725857055,465,16,478,41,481,519
10,1000,60,7.7,28,94,948,32,15,5,52,8.813609731,127,616,63.15484427,10.93991751,8.765468006,8.859678818,464,25,484,27,489,511
15,1000,60,7.7,28,85,954,27,15,4,46,8.430682561,103,635,63.2233931,10.75561851,8.150005679,8.702519226,473,19,481,27,492,508
9,1000,60,7.7,28,95,950,31,10,9,50,8.735426176,86,658,64.10817127,11.29453364,8.297184515,9.15648189,470,20,480,30,490,510
14,1000,60,7.7,28,85,941,35,14,10,59,8.853350381,118,631,63.40454075,10.74826665,8.737692832,8.980161487,495,28,446,31,523,477
12,1000,60,7.7,28,88,950,28,13,9,50,8.668626331,115,620,63.40777171,10.8910726,7.940421926,9.396830737,485,15,465,35,500,500
11,1000,60,7.7,28,93,947,34,13,6,53,8.922764591,107,639,63.83201328,10.90560447,8.87969125,8.965324134,466,31,481,22,497,503
13,1000,60,7.7,28,85,943,28,14,15,57,8.925920069,120,607,63.45040822,10.96231482,8.056828286,9.731378927,464,17,479,40,481,519
16,1000,60,7.7,28,60,945,39,5,11,55,8.574966724,122,611,62.07867337,10.2772228,7.848894351,9.221431918,451,20,494,35,471,529
10,1000,60,7.7,28,95,948,32,14,6,52,8.816399479,121,635,63.17446138,10.96804267,8.81240261,8.820224272,463,26,485,26,489,511
9,1000,60,7.7,28,96,950,31,10,9,50,8.753428372,120,645,64.13704158,11.32112976,8.312677054,9.176895325,470,20,480,30,490,510
15,1000,60,7.7,28,86,954,27,15,4,46,8.444538645,84,643,63.29306304,10.78897557,8.146635119,8.733059383,473,19,481,27,492,508
14,1000,60,7.7,28,86,941,35,15,9,59,8.855375226,117,617,63.42126762,10.77239334,8.741452054,8.980284701,495,28,446,31,523,477
12,1000,60,7.7,28,89,949,28,14,9,51,8.698067807,113,611,63.4291271,10.90703629,7.968028734,9.428106881,484,16,465,35,500,500
11,1000,60,7.7,28,94,949,30,15,6,51,8.937449816,116,624,63.88033795,10.92902823,8.867130177,9.006930653,467,30,482,21,497,503
13,1000,60,7.7,28,86,944,28,13,15,56,8.937513931,110,667,63.49044054,10.98101597,8.1119885,9.702596266,464,17,480,39,481,519
10,1000,60,7.7,28,96,948,31,15,6,52,8.844442997,116,633,63.21410622,10.97501338,8.850716986,8.838439121,463,26,485,26,489,511
16,1000,60,7.7,28,61,945,37,6,12,55,8.620986359,109,610,62.10104199,10.30869421,7.900148802,9.262790685,451,20,494,35,471,529
9,1000,60,7.7,28,97,950,31,10,9,50,8.739842899,106,663,64.19751199,11.33983688,8.308494985,9.154275208,470,20,480,30,490,510
15,1000,60,7.7,28,87,955,25,16,4,45,8.483916602,116,659,63.36237617,10.82871857,8.189044489,8.769501405,473,19,482,26,492,508
14,1000,60,7.7,28,87,942,34,15,9,58,8.831361032,114,640,63.45746764,10.8028467,8.71077527,8.96357561,496,27,446,31,523,477
12,1000,60,7.7,28,90,953,24,14,9,47,8.682286815,106,636,63.48465594,10.92700977,7.961994914,9.402578715,485,15,468,32,500,500
11,1000,60,7.7,28,95,950,27,16,7,50,8.953446611,112,645,63.91460785,10.93465342,8.881696132,9.024341219,467,30,483,20,497,503
13,1000,60,7.7,28,87,942,30,13,15,58,8.974891027,107,642,63.51071558,11.01948265,8.165035532,9.725450744,463,18,479,40,481,519
10,1000,60,7.7,28,97,948,30,16,6,52,8.858511907,108,641,63.27087685,10.97402575,8.877340812,8.84049364,462,27,486,25,489,511
16,1000,60,7.7,28,62,945,36,7,12,55,8.652345369,103,652,62.16235688,10.33421566,7.953039468,9.274978789,451,20,494,35,471,529
9,1000,60,7.7,28,98,952,30,9,9,48,8.705906582,123,651,64.23071519,11.35813933,8.304828189,9.091256409,471,19,481,29,490,510
15,1000,60,7.7,28,88,954,26,16,4,46,8.519927339,113,626,63.38991657,10.84096713,8.202530648,8.827327283,472,20,482,26,492,508
14,1000,60,7.7,28,88,940,36,15,9,60,8.88796375,111,607,63.51228414,10.84908464,8.754501565,9.034296503,495,28,445,32,523,477
12,1000,60,7.7,28,91,953,24,14,9,47,8.705767165,120,614,63.53293032,10.94941268,7.989910911,9.421623418,485,15,468,32,500,500
11,1000,60,7.7,28,96,951,26,16,7,49,8.942118276,117,661,63.9757627,10.9479259,8.867811937,9.015538258,467,30,484,19,497,503
13,1000,60,7.7,28,88,941,31,13,15,59,9.0112182,116,637,63.54083711,11.05096563,8.165094831,9.795390339,463,18,478,41,481,519
10,1000,60,7.7,28,98,948,30,16,6,52,8.846722138,113,641,63.29927304,10.99436885,8.888534132,8.806710269,461,28,487,24,489,511
9,1000,60,7.7,28,99,952,29,10,9,48,8.757189209,105,641,64.25423786,11.40676534,8.356846585,9.141832122,471,19,481,29,490,510
15,1000,60,7.7,28,89,954,25,17,4,46,8.545934978,111,631,63.4132263,10.84934272,8.245345022,8.837057534,472,20,482,26,492,508
14,1000,60,7.7,28,89,939,37,15,9,61,8.905715669,118,620,63.53669225,10.88984573,8.766889408,9.057929788,495,28,444,33,523,477
12,1000,60,7.7,28,92,957,21,13,9,43,8.68226026,128,648,63.59136028,10.98680945,7.97287492,9.391645599,487,13,470,30,500,500
16,1000,60,7.7,28,63,945,36,7,12,55,8.664194983,108,621,62.20545068,10.36728576,7.962087301,9.289322994,452,19,493,36,471,529
11,1000,60,7.7,28,97,949,27,17,7,51,8.970079635,103,657,64.00435292,10.98199519,8.900143538,9.039181505,466,31,483,20,497,503
13,1000,60,7.7,28,89,943,29,12,16,57,9.015327656,113,664,63.56915735,11.05539457,8.144348339,9.822535847,464,17,479,40,481,519
10,1000,60,7.7,28,99,949,30,14,7,51,8.867554461,124,612,63.32475876,11.02487017,8.932390851,8.805509462,461,28,488,23,489,511
9,1000,60,7.7,28,100,950,30,11,9,50,8.803059106,112,661,64.28346133,11.44898642,8.42677686,9.164585186,470,20,480,30,490,510
15,1000,60,7.7,28,90,953,26,17,4,47,8.611647137,126,629,63.41931268,10.88592467,8.349345376,8.865687426,471,21,482,26,492,508
14,1000,60,7.7,28,90,939,37,15,9,61,8.929851427,103,646,63.54325556,10.90600412,8.77709077,9.097343718,495,28,444,33,523,477
12,1000,60,7.7,28,93,956,22,13,9,44,8.732438922,128,635,63.62725353,10.99605451,8.035966994,9.42891085,486,14,470,30,500,500
11,1000,60,7.7,28,98,949,26,18,7,51,8.98479439,127,636,64.04363441,11.00792543,8.932967477,9.03600309,466,31,483,20,497,503
16,1000,60,7.7,28,64,944,35,9,12,56,8.678252399,109,633,62.2453485,10.37768863,7.974858902,9.304525248,451,20,493,36,471,529
13,1000,60,7.7,28,90,942,30,12,16,58,8.969798782,127,619,63.60379612,11.06962587,8.078564646,9.795778781,464,17,478,41,481,519
10,1000,60,7.7,28,100,949,30,14,7,51,8.879312014,118,641,63.38178995,11.06792341,8.941198828,8.820089603,462,27,487,24,489,511
9,1000,60,7.7,28,101,948,32,11,9,52,8.809466887,123,635,64.32788412,11.47294214,8.391828767,9.210727042,471,19,477,33,490,510
15,1000,60,7.7,28,91,953,26,17,4,47,8.632715935,122,649,63.46360611,10.90620791,8.375339555,8.881985972,471,21,482,26,492,508
14,1000,60,7.7,28,91,938,38,15,9,62,8.911927179,127,623,63.59135925,10.93747472,8.806405802,9.027624621,493,30,445,32,523,477
12,1000,60,7.7,28,94,954,24,13,9,46,8.743736409,99,679,63.6749655,11.00439331,8.04470329,9.442769528,485,15,469,31,500,500
11,1000,60,7.7,28,99,952,23,18,7,48,8.969976043,115,631,64.0747613,11.03103766,8.919943705,9.019411573,467,30,485,18,497,503
13,1000,60,7.7,28,91,943,29,12,16,57,8.989279211,130,647,63.62966874,11.08567683,8.108654076,9.805426976,464,17,479,40,481,519
16,1000,60,7.7,28,65,944,35,10,11,56,8.687137481,115,607,62.28465638,10.4005044,8.002541768,9.29667355,451,20,493,36,471,529
10,1000,60,7.7,28,101,947,32,14,7,53,8.868924049,124,625,63.4463088,11.10925231,8.923119318,8.81706204,462,27,485,26,489,511
9,1000,60,7.7,28,102,948,32,11,9,52,8.815687937,133,635,64.38036211,11.49817305,8.390775293,9.22393734,471,19,477,33,490,510
15,1000,60,7.7,28,92,954,25,17,4,46,8.644782061,108,679,63.46791781,10.93798435,8.423105525,8.859476659,471,21,483,25,492,508
14,1000,60,7.7,28,92,937,39,14,10,63,8.951755635,107,633,63.61503743,10.94778189,8.861523938,9.050688921,492,31,445,32,523,477
12,1000,60,7.7,28,95,954,24,13,9,46,8.763665844,128,634,63.71709908,11.01337655,8.113460688,9.413871,485,15,469,31,500,500
11,1000,60,7.7,28,100,951,24,18,7,49,8.958531346,124,657,64.12754284,11.04417951,8.912647648,9.003867723,466,31,485,18,497,503
13,1000,60,7.7,28,92,943,29,12,16,57,9.01265591,121,609,63.6663013,11.12447091,8.116809434,9.842910544,464,17,479,40,481,519
10,1000,60,7.7,28,102,947,32,14,7,53,8.889902111,123,645,63.49640051,11.14682089,8.934976879,8.84676794,462,27,485,26,489,511
16,1000,60,7.7,28,66,944,35,10,11,56,8.711504539,124,628,62.33568532,10.41357809,8.049908457,9.300562675,451,20,493,36,471,529
9,1000,60,7.7,28,103,948,32,11,9,52,8.847851049,109,655,64.40104683,11.53192455,8.413463876,9.26520343,471,19,477,33,490,510
15,1000,60,7.7,28,93,953,26,16,5,47,8.661937181,105,650,63.49999697,10.9553001,8.438321569,8.878509782,471,21,482,26,492,508
14,1000,60,7.7,28,93,936,40,14,10,64,8.970484807,126,646,63.66148816,10.99972924,8.854598485,9.097546749,492,31,444,33,523,477
12,1000,60,7.7,28,96,954,24,13,9,46,8.791906323,103,629,63.7789306,11.04184619,8.13978164,9.444031007,485,15,469,31,500,500
11,1000,60,7.7,28,101,951,23,19,7,49,8.957996499,117,639,64.15644749,11.07203513,8.950359637,8.965542264,465,32,486,17,497,503
10,1000,60,7.7,28,103,946,33,14,7,54,8.915160535,115,648,63.55883744,11.16246695,8.962965086,8.869414106,461,28,485,26,489,511
13,1000,60,7.7,28,93,945,27,13,15,55,9.01974494,131,629,63.69969269,11.14035771,8.162676513,9.814060765,464,17,481,38,481,519
9,1000,60,7.7,28,104,948,32,11,9,52,8.861144956,119,639,64.44295098,11.56787397,8.398020883,9.3061073,471,19,477,33,490,510
17,1000,60,7.7,28,0,941,24,25,10,59,7.052,81,604,60.05859278,8.859592205,6.037401575,8.099593496,496,12,445,47,508,492
16,1000,60,7.7,28,67,941,39,10,10,59,8.742707021,108,617,62.36433384,10.45086371,8.044617943,9.364257031,450,21,491,38,471,529
14,1000,60,7.7,28,94,938,38,14,10,62,8.966680928,106,654,63.70005115,11.0250016,8.850697746,9.093849071,493,30,445,32,523,477
15,1000,60,7.7,28,94,954,26,16,4,46,8.688727691,109,652,63.54402796,10.98726822,8.460700745,8.909572686,472,20,482,26,492,508
12,1000,60,7.7,28,97,953,25,13,9,47,8.798573789,113,620,63.85489306,11.07298968,8.134846933,9.462300646,484,16,469,31,500,500
11,1000,60,7.7,28,102,949,25,20,6,51,8.980646246,110,640,64.20289635,11.10338833,8.977027554,8.984221772,465,32,484,19,497,503
10,1000,60,7.7,28,104,946,33,14,7,54,8.917594673,119,648,63.60081776,11.2018722,9.0164375,8.823007311,460,29,486,25,489,511
13,1000,60,7.7,28,94,944,28,13,15,56,9.030407822,108,630,63.7279158,11.17059918,8.19766001,9.802183732,464,17,480,39,481,519
18,1000,60,7.7,28,0,946,34,9,11,54,7.082,96,602,59.7989301,8.966758935,6.711500975,7.472279261,490,23,456,31,513,487
17,1000,60,7.7,28,1,943,23,24,10,57,7.070143083,89,605,60.08668009,8.872368112,6.054083218,8.119245544,496,12,447,45,508,492
14,1000,60,7.7,28,95,937,39,14,10,63,8.941476757,135,646,63.73334723,11.04237702,8.829139821,9.064647024,493,30,444,33,523,477
15,1000,60,7.7,28,95,954,26,16,4,46,8.679740551,122,607,63.58560463,10.99218713,8.428927237,8.922654233,472,20,482,26,492,508
12,1000,60,7.7,28,98,953,25,12,10,47,8.831549823,113,648,63.8776169,11.09115658,8.198304683,9.464794962,484,16,469,31,500,500
11,1000,60,7.7,28,103,946,26,22,6,54,9.029742538,130,668,64.26038307,11.11507424,9.054492774,9.005287534,463,34,483,20,497,503
16,1000,60,7.7,28,68,940,40,11,9,60,8.775689139,112,612,62.43618058,10.48375585,8.069839602,9.404148746,450,21,490,39,471,529
18,1000,60,7.7,28,1,946,35,8,11,54,7.091238576,88,599,59.84808635,8.993030849,6.721316112,7.480910493,490,23,456,31,513,487
13,1000,60,7.7,28,95,941,31,13,15,59,9.084914116,105,638,63.75099286,11.19815405,8.225034823,9.881835001,463,18,478,41,481,519
17,1000,60,7.7,28,2,946,22,23,9,54,7.067832907,106,608,60.14333436,8.889429962,6.058573178,8.10991409,498,10,448,44,508,492
14,1000,60,7.7,28,96,939,39,13,9,61,8.9215148,106,673,63.78533005,11.0452507,8.798491514,9.056401967,495,28,444,33,523,477
15,1000,60,7.7,28,96,954,26,16,4,46,8.685803163,107,634,63.60393089,11.01409832,8.427722907,8.935754908,472,20,482,26,492,508
12,1000,60,7.7,28,99,953,25,12,10,47,8.836513512,122,645,63.92983711,11.12031677,8.198837502,9.474189523,485,15,468,32,500,500
11,1000,60,7.7,28,104,944,28,22,6,56,9.047416332,121,623,64.28055359,11.12686583,9.081419868,9.013818405,461,36,483,20,497,503
19,1000,60,7.7,28,0,939,33,13,15,61,7.261,106,626,60.15241257,9.0061007,6.303092784,8.163106796,468,17,471,44,485,515
16,1000,60,7.7,28,69,940,39,12,9,60,8.817314873,97,618,62.4604891,10.51286878,8.084219963,9.470032647,450,21,490,39,471,529
18,1000,60,7.7,28,2,945,35,10,10,55,7.101356776,91,609,59.91921561,9.029288349,6.75648285,7.464642861,489,24,456,31,513,487
13,1000,60,7.7,28,96,943,30,12,15,57,9.099117983,127,649,63.79792573,11.22453248,8.237058161,9.898059745,464,17,479,40,481,519
17,1000,60,7.7,28,3,947,22,22,9,53,7.062741941,98,619,60.15267931,8.928872349,6.053474752,8.104830827,498,10,449,43,508,492
14,1000,60,7.7,28,97,939,39,13,9,61,8.95049612,119,615,63.81852796,11.06987753,8.847669998,9.063238388,495,28,444,33,523,477
15,1000,60,7.7,28,97,954,27,15,4,46,8.720809282,104,639,63.66354355,11.04359126,8.500938852,8.933754659,472,20,482,26,492,508
12,1000,60,7.7,28,100,952,26,12,10,48,8.857382166,113,646,63.98283312,11.15676811,8.237932912,9.47683142,485,15,467,33,500,500
19,1000,60,7.7,28,1,940,32,13,15,60,7.275680436,97,620,60.22592323,9.026038688,6.338002335,8.158736512,469,16,471,44,485,515
18,1000,60,7.7,28,3,947,35,9,9,53,7.099194198,98,594,59.97107778,9.059145059,6.763316265,7.453004011,489,24,458,29,513,487
13,1000,60,7.7,28,97,945,27,13,15,55,9.086069797,111,613,63.84387862,11.25746084,8.198469696,9.908681837,465,16,480,39,481,519
16,1000,60,7.7,28,70,941,39,11,9,59,8.843625928,120,643,62.52600208,10.57158245,8.110544239,9.49633193,450,21,491,38,471,529
17,1000,60,7.7,28,4,948,21,22,9,52,7.079575449,101,612,60.21484384,8.944655941,6.070518904,8.12144684,499,9,449,43,508,492
14,1000,60,7.7,28,98,939,39,13,9,61,8.95947613,106,662,63.82773564,11.10162399,8.873300588,9.053962102,494,29,445,32,523,477
15,1000,60,7.7,28,98,955,26,14,5,45,8.73007833,116,640,63.75692661,11.04910454,8.494033434,8.958688741,472,20,483,25,492,508
12,1000,60,7.7,28,101,952,27,12,9,48,8.836468886,116,647,63.99626585,11.15814864,8.217879983,9.455057789,485,15,467,33,500,500
19,1000,60,7.7,28,2,939,33,14,14,61,7.295328842,88,599,60.24207574,9.046414927,6.385563373,8.152098263,469,16,470,45,485,515
18,1000,60,7.7,28,4,950,32,9,9,50,7.112720628,88,603,60.03025122,9.108058816,6.77061466,7.47309098,492,21,458,29,513,487
13,1000,60,7.7,28,98,943,30,12,15,57,9.082462821,122,646,63.88911147,11.2808136,8.229785104,9.872709414,464,17,479,40,481,519
17,1000,60,7.7,28,5,949,20,21,10,51,7.121623924,95,592,60.24180244,8.973677933,6.08319218,8.193825806,499,9,450,42,508,492
14,1000,60,7.7,28,99,941,38,12,9,59,8.935939744,126,630,63.8911128,11.12970528,8.878317702,8.999118628,495,28,446,31,523,477
16,1000,60,7.7,28,71,942,38,11,9,58,8.851361808,106,637,62.59001455,10.59657032,8.113110017,9.508671059,451,20,491,38,471,529
15,1000,60,7.7,28,99,955,26,14,5,45,8.732723777,122,629,63.80947355,11.08966367,8.516713015,8.941931051,472,20,483,25,492,508
12,1000,60,7.7,28,102,951,28,12,9,49,8.850026405,114,653,64.015663,11.17635521,8.233178736,9.466874074,485,15,466,34,500,500
18,1000,60,7.7,28,5,951,31,9,9,49,7.135529401,109,569,60.05978871,9.129142406,6.786903031,7.502768268,493,20,458,29,513,487
19,1000,60,7.7,28,3,939,32,15,14,61,7.3106972,94,609,60.30704117,9.07642346,6.421172638,8.148404798,469,16,470,45,485,515
13,1000,60,7.7,28,99,941,32,12,15,59,9.097783269,137,656,63.94705815,11.30312789,8.273003111,9.862174899,464,17,477,42,481,519
17,1000,60,7.7,28,6,949,20,20,11,51,7.119633306,108,605,60.25656619,9.006170536,6.116536308,8.155351345,499,9,450,42,508,492
14,1000,60,7.7,28,100,941,38,12,9,59,8.960808309,108,640,63.92234012,11.13506844,8.906078972,9.020815528,495,28,446,31,523,477
15,1000,60,7.7,28,100,955,26,14,5,45,8.747397077,96,636,63.84438734,11.10403051,8.546318779,8.9421422,471,21,484,24,492,508
12,1000,60,7.7,28,103,950,28,13,9,50,8.882691762,104,628,64.03549822,11.19563722,8.268781448,9.496602076,485,15,465,35,500,500
16,1000,60,7.7,28,72,943,38,11,8,57,8.853975105,109,616,62.63786817,10.59118396,8.126747059,9.501469262,452,19,491,38,471,529
18,1000,60,7.7,28,6,952,30,9,9,48,7.165243461,86,585,60.11786803,9.151338709,6.855860923,7.491143342,493,20,459,28,513,487
19,1000,60,7.7,28,4,939,31,16,14,61,7.325014986,83,622,60.34303571,9.09836683,6.439117768,8.159306542,469,16,470,45,485,515
13,1000,60,7.7,28,100,942,29,13,16,58,9.129804468,104,647,64.00124716,11.30840828,8.31681345,9.883270132,464,17,478,41,481,519
17,1000,60,7.7,28,7,950,20,19,11,50,7.142194426,89,614,60.30569784,9.051773901,6.16261004,8.153635215,499,9,451,41,508,492
14,1000,60,7.7,28,101,940,39,12,9,60,8.996662564,110,653,63.95570297,11.15215908,8.93059859,9.069097488,494,29,446,31,523,477
15,1000,60,7.7,28,101,955,26,14,5,45,8.734380911,127,637,63.84120455,11.13643416,8.568809307,8.894737661,471,21,484,24,492,508
12,1000,60,7.7,28,104,951,29,12,8,49,8.867462271,121,636,64.07128748,11.21545265,8.286516368,9.448408173,485,15,466,34,500,500
20,1000,60,7.7,28,0,946,24,10,20,54,6.915,79,619,59.793229,8.831669064,5.861538462,8.05625,502,18,444,36,520,480
16,1000,60,7.7,28,73,943,39,10,8,57,8.844753669,103,657,62.70773213,10.61203651,8.143016267,9.469551998,452,19,491,38,471,529
18,1000,60,7.7,28,7,953,29,9,9,47,7.217475751,96,582,60.15408064,9.171716298,6.900422385,7.551455992,494,19,459,28,513,487
13,1000,60,7.7,28,101,941,29,14,16,59,9.12967287,128,617,64.04440835,11.34094577,8.308482313,9.890737721,464,17,477,42,481,519
19,1000,60,7.7,28,5,939,31,16,14,61,7.361932085,98,605,60.34309846,9.105330117,6.477737705,8.194619996,469,16,470,45,485,515
17,1000,60,7.7,28,8,954,18,17,11,46,7.132249078,97,626,60.36989219,9.072084672,6.180900506,8.114535815,500,8,454,38,508,492
14,1000,60,7.7,28,102,939,40,12,9,61,9.004585052,122,649,63.98459596,11.16097832,8.892488279,9.127491997,495,28,444,33,523,477
15,1000,60,7.7,28,102,954,26,15,5,46,8.724952361,122,660,63.89214621,11.17723373,8.584408565,8.861069581,470,22,484,24,492,508
20,1000,60,7.7,28,1,946,23,12,19,54,6.9381177,95,590,59.82553855,8.867979448,5.889005313,8.07465612,502,18,444,36,520,480
18,1000,60,7.7,28,8,954,28,9,9,46,7.210649682,95,595,60.17566877,9.207926173,6.893382081,7.544855594,494,19,460,27,513,487
16,1000,60,7.7,28,74,944,38,10,8,56,8.864643742,106,615,62.75847605,10.65019417,8.167915125,9.484982454,452,19,492,37,471,529
13,1000,60,7.7,28,102,941,29,14,16,59,9.170393612,122,650,64.06675165,11.37073898,8.373574878,9.908871091,464,17,477,42,481,519
17,1000,60,7.7,28,9,954,18,17,11,46,7.189435166,91,595,60.41432648,9.114780248,6.242217748,8.167456401,500,8,454,38,508,492
19,1000,60,7.7,28,6,942,28,16,14,58,7.366571688,90,614,60.37868533,9.109383245,6.527376551,8.156881672,469,16,473,42,485,515
14,1000,60,7.7,28,103,940,39,12,9,60,8.994923501,122,655,64.0017143,11.21498439,8.895421887,9.104020658,496,27,444,33,523,477
15,1000,60,7.7,28,103,952,28,15,5,48,8.74911803,132,635,63.92445854,11.21765781,8.597219902,8.896231965,468,24,484,24,492,508
18,1000,60,7.7,28,9,957,25,9,9,43,7.213579781,103,594,60.2085826,9.229768284,6.885658951,7.559007678,495,18,462,25,513,487
20,1000,60,7.7,28,2,944,25,12,19,56,7.006216106,87,603,59.86920834,8.885319268,5.970551658,8.128185924,501,19,443,37,520,480
13,1000,60,7.7,28,103,941,29,14,16,59,9.144326675,112,654,64.11688894,11.42442767,8.366946769,9.864788592,464,17,477,42,481,519
17,1000,60,7.7,28,10,953,20,17,10,47,7.192955667,92,602,60.44467669,9.157359718,6.261912319,8.154276848,500,8,453,39,508,492
16,1000,60,7.7,28,75,942,40,10,8,58,8.910480078,128,617,62.81525026,10.66936012,8.222170488,9.523322833,452,19,490,39,471,529
14,1000,60,7.7,28,104,939,40,13,8,61,8.981622354,122,609,64.07712814,11.23683858,8.882044936,9.090802626,496,27,443,34,523,477
19,1000,60,7.7,28,7,941,29,16,14,59,7.380337453,91,603,60.39828409,9.12471258,6.573383897,8.140284007,469,16,472,43,485,515
15,1000,60,7.7,28,104,953,27,15,5,47,8.723493562,120,626,63.98499921,11.23417788,8.572905117,8.869339063,468,24,485,23,492,508
21,1000,60,7.7,28,0,932,33,15,20,68,7.331,102,594,60.06891629,9.027159884,6.530938124,8.134268537,477,24,455,44,501,499
22,1000,60,7.7,28,0,937,35,11,17,63,7.182,86,614,59.8661804,9.015863651,6.669902913,7.725773196,491,24,446,39,515,485
18,1000,60,7.7,28,10,956,26,8,10,44,7.256144312,84,602,60.29422203,9.276421143,6.911435929,7.619256018,494,19,462,25,513,487
20,1000,60,7.7,28,3,945,23,13,19,55,7.032273371,93,616,59.92589793,8.895017213,6.003589852,8.146680516,501,19,444,36,520,480
13,1000,60,7.7,28,104,937,33,13,17,63,9.164312644,110,631,64.16922991,11.4419898,8.429037797,9.845752338,461,20,476,43,481,519
17,1000,60,7.7,28,11,953,20,16,11,47,7.236111308,97,629,60.50036021,9.17150744,6.302201283,8.200392392,500,8,453,39,508,492
23,1000,60,7.7,28,0,936,29,16,19,64,7.052,96,620,59.82103807,8.956753795,6.344,7.76,477,23,459,41,500,500
19,1000,60,7.7,28,8,941,28,16,15,59,7.401328767,88,619,60.41514201,9.145484427,6.598417639,8.157468374,470,15,471,44,485,515
22,1000,60,7.7,28,1,939,33,11,17,61,7.177382959,95,594,59.90067322,9.064054631,6.642851281,7.744978451,491,24,448,37,515,485
21,1000,60,7.7,28,1,934,32,14,20,66,7.358666406,102,587,60.11032955,9.051297977,6.556107011,8.164442471,478,23,456,43,501,499
16,1000,60,7.7,28,76,941,40,11,8,59,8.926432977,115,663,62.87684815,10.70520713,8.247889787,9.530580127,451,20,490,39,471,529
18,1000,60,7.7,28,11,958,23,9,10,42,7.277067611,88,609,60.32273224,9.333522616,6.934219988,7.638219214,495,18,463,24,513,487
20,1000,60,7.7,28,4,944,24,13,19,56,7.068357058,92,637,59.93742832,8.896834619,6.057875501,8.163045412,501,19,443,37,520,480
17,1000,60,7.7,28,12,954,20,15,11,46,7.25653674,105,608,60.56304546,9.190894666,6.29090075,8.253575527,501,7,453,39,508,492
23,1000,60,7.7,28,1,936,29,15,20,64,7.114216237,88,607,59.8554153,8.978191767,6.397365331,7.831067144,478,22,458,42,500,500
19,1000,60,7.7,28,9,942,27,17,14,58,7.392007702,117,610,60.45221286,9.157236276,6.632725412,8.107059955,470,15,472,43,485,515
22,1000,60,7.7,28,2,939,33,12,16,61,7.153181701,107,611,59.942861,9.083656475,6.591513577,7.749592184,493,22,446,39,515,485
21,1000,60,7.7,28,2,936,31,13,20,64,7.367334143,108,614,60.13477853,9.089562991,6.554443858,8.183482504,479,22,457,42,501,499
16,1000,60,7.7,28,77,941,40,11,8,59,8.936577108,120,613,62.92485914,10.70784296,8.278313101,9.522668503,451,20,490,39,471,529
18,1000,60,7.7,28,12,962,19,9,10,38,7.265726083,97,597,60.35908411,9.347541045,6.905652488,7.64502332,498,15,464,23,513,487
20,1000,60,7.7,28,5,943,25,12,20,57,7.077272585,101,620,59.97278446,8.910022748,6.070661716,8.167767693,500,20,443,37,520,480
17,1000,60,7.7,28,13,954,22,14,10,46,7.257986035,97,609,60.60697092,9.208529071,6.295281863,8.251997661,501,7,453,39,508,492
19,1000,60,7.7,28,10,942,27,17,14,58,7.418357282,96,607,60.50225727,9.204246209,6.661801657,8.130841705,470,15,472,43,485,515
22,1000,60,7.7,28,3,940,33,11,16,60,7.18638715,99,603,59.94975435,9.103707089,6.631667724,7.775419119,493,22,447,38,515,485
23,1000,60,7.7,28,2,936,28,16,20,64,7.168697439,91,595,59.87286398,9.014014314,6.455663885,7.881730994,477,23,459,41,500,500
21,1000,60,7.7,28,3,936,32,12,20,64,7.388518787,110,614,60.18693161,9.121451488,6.600404158,8.179792191,479,22,457,42,501,499
18,1000,60,7.7,28,13,962,20,8,10,38,7.308235577,94,610,60.40329213,9.392477633,6.920477444,7.716695375,499,14,463,24,513,487
20,1000,60,7.7,28,6,944,26,11,19,56,7.054811057,98,586,60.02828406,8.936859634,6.092248641,8.097587007,500,20,444,36,520,480
16,1000,60,7.7,28,78,937,44,11,8,63,8.971567176,104,652,62.97554153,10.72322977,8.322358926,9.549595693,448,23,489,40,471,529
17,1000,60,7.7,28,14,955,21,14,10,45,7.277178258,93,596,60.63133024,9.242165141,6.308232367,8.277634585,501,7,454,38,508,492
19,1000,60,7.7,28,11,945,25,16,14,55,7.41795228,102,645,60.53652684,9.202222551,6.677850047,8.114941761,471,14,474,41,485,515
22,1000,60,7.7,28,4,940,32,11,17,60,7.25606868,106,605,59.95695628,9.113713984,6.703448095,7.842871981,493,22,447,38,515,485
21,1000,60,7.7,28,4,937,31,12,20,63,7.414091596,88,594,60.22861933,9.155749591,6.636130286,8.195170987,479,22,458,41,501,499
23,1000,60,7.7,28,3,939,27,14,20,61,7.1679783,91,614,59.90647707,9.044613635,6.476917915,7.859038686,477,23,462,38,500,500
18,1000,60,7.7,28,14,961,22,7,10,39,7.316121186,100,603,60.4280933,9.441324288,6.9227112,7.730534579,498,15,463,24,513,487
20,1000,60,7.7,28,7,944,26,11,19,56,7.092599018,93,612,60.07150827,8.954328767,6.136846921,8.127997124,500,20,444,36,520,480
17,1000,60,7.7,28,15,954,23,14,9,46,7.333244524,98,609,60.6943107,9.262625863,6.383823478,8.313541051,500,8,454,38,508,492
16,1000,60,7.7,28,79,938,42,12,8,62,8.962868754,100,618,63.06718778,10.7532684,8.303542834,9.549905632,448,23,490,39,471,529
19,1000,60,7.7,28,12,944,25,16,15,56,7.434344087,99,616,60.56449263,9.234623104,6.682191433,8.142682023,471,14,473,42,485,515
22,1000,60,7.7,28,5,941,31,11,17,59,7.255667285,104,608,59.98843436,9.151160306,6.736506533,7.806941074,493,22,448,37,515,485
21,1000,60,7.7,28,5,938,29,12,21,62,7.412703629,94,613,60.27628144,9.169866247,6.61471312,8.213892497,480,21,458,41,501,499
23,1000,60,7.7,28,4,939,27,14,20,61,7.204783529,93,617,59.95046268,9.088198812,6.523084452,7.886482605,478,22,461,39,500,500
18,1000,60,7.7,28,15,961,22,7,10,39,7.325002979,94,611,60.46569448,9.479875062,6.960301158,7.709175534,498,15,463,24,513,487
20,1000,60,7.7,28,8,944,26,11,19,56,7.11615638,100,627,60.08801718,8.976829435,6.16811404,8.143202248,500,20,444,36,520,480
17,1000,60,7.7,28,16,954,24,13,9,46,7.353893632,97,618,60.73859443,9.281511671,6.415246109,8.323066278,500,8,454,38,508,492
19,1000,60,7.7,28,13,944,25,16,15,56,7.456964405,102,614,60.63494464,9.259689739,6.690849517,8.178451241,471,14,473,42,485,515
16,1000,60,7.7,28,80,938,42,11,9,62,8.9704254,127,656,63.13273569,10.76005456,8.300151997,9.56720947,448,23,490,39,471,529
22,1000,60,7.7,28,6,942,30,11,17,58,7.284100519,94,634,60.03435653,9.163348986,6.786631248,7.812341086,493,22,449,36,515,485
21,1000,60,7.7,28,6,939,29,12,20,61,7.428408053,104,607,60.31271491,9.176160253,6.631161248,8.228850236,481,20,458,41,501,499
23,1000,60,7.7,28,5,939,26,15,20,61,7.241063405,92,632,60.02138729,9.104100526,6.56944983,7.91267698,478,22,461,39,500,500
18,1000,60,7.7,28,16,961,23,7,9,39,7.306981307,100,582,60.49575582,9.496376231,6.94444558,7.688872124,498,15,463,24,513,487
20,1000,60,7.7,28,9,947,23,11,19,53,7.161306781,81,647,60.10786848,8.999946614,6.198559101,8.204283436,502,18,445,35,520,480
17,1000,60,7.7,28,17,953,25,13,9,47,7.388478671,103,614,60.78894953,9.281645171,6.440346837,8.367444061,499,9,454,38,508,492
19,1000,60,7.7,28,14,945,24,16,15,55,7.48461947,90,618,60.68024889,9.29321568,6.703709582,8.220039461,472,13,473,42,485,515
21,1000,60,7.7,28,7,940,29,12,19,60,7.421417237,99,617,60.35828884,9.183518419,6.641235201,8.204726256,481,20,459,40,501,499
22,1000,60,7.7,28,7,943,30,10,17,57,7.325927919,104,621,60.06002075,9.182183196,6.803309302,7.880873461,494,21,449,36,515,485
16,1000,60,7.7,28,81,937,43,11,9,63,9.015951701,90,652,63.20986538,10.79629882,8.337799412,9.619750809,447,24,490,39,471,529
18,1000,60,7.7,28,17,961,24,6,9,39,7.312749589,103,624,60.56584446,9.51504343,6.973964696,7.66962156,498,15,463,24,513,487
23,1000,60,7.7,28,6,940,25,14,21,60,7.262358315,85,611,60.08641215,9.126123913,6.62554217,7.89917446,478,22,462,38,500,500
20,1000,60,7.7,28,10,947,24,11,18,53,7.171520299,95,627,60.10835536,9.046546601,6.215344654,8.207377247,502,18,445,35,520,480
17,1000,60,7.7,28,18,954,25,12,9,46,7.417831618,99,619,60.81420177,9.307242024,6.506916947,8.358369531,499,9,455,37,508,492
19,1000,60,7.7,28,15,945,24,16,15,55,7.517556913,90,629,60.70144594,9.320776563,6.730927801,8.25836297,472,13,473,42,485,515
22,1000,60,7.7,28,8,942,30,11,17,58,7.393048143,104,619,60.0898541,9.22027454,6.857554272,7.961665345,494,21,448,37,515,485
21,1000,60,7.7,28,8,942,27,12,19,58,7.42650732,103,594,60.37985835,9.214149683,6.632442156,8.223755109,481,20,461,38,501,499
16,1000,60,7.7,28,82,937,43,11,9,63,9.011799767,111,642,63.27035596,10.81065737,8.355395657,9.596235185,447,24,490,39,471,529
18,1000,60,7.7,28,18,961,24,7,8,39,7.313909922,110,618,60.62291809,9.546873806,6.958103053,7.688712641,498,15,463,24,513,487
20,1000,60,7.7,28,11,948,22,12,18,52,7.211495976,95,595,60.15656968,9.078504605,6.24557751,8.257907648,502,18,446,34,520,480
23,1000,60,7.7,28,7,941,25,13,21,59,7.290438916,84,588,60.126317,9.149608497,6.644500646,7.936377186,478,22,463,37,500,500
17,1000,60,7.7,28,19,952,26,13,9,48,7.465048685,108,605,60.83548071,9.325116478,6.537064611,8.423211103,498,10,454,38,508,492
19,1000,60,7.7,28,16,945,24,16,15,55,7.528925116,80,608,60.73256424,9.354227894,6.778601084,8.235540952,472,13,473,42,485,515
22,1000,60,7.7,28,9,944,28,12,16,56,7.41387421,104,585,60.11230086,9.217193104,6.820981747,8.043440433,495,20,449,36,515,485
21,1000,60,7.7,28,9,943,25,13,19,57,7.469449063,85,623,60.43154506,9.216585282,6.719702642,8.222200479,481,20,462,37,501,499
18,1000,60,7.7,28,19,961,24,6,9,39,7.33996121,110,625,60.66835371,9.557712974,6.96863484,7.731111987,498,15,463,24,513,487
20,1000,60,7.7,28,12,950,21,11,18,50,7.213608452,96,639,60.21646085,9.088954641,6.231006703,8.278093681,502,18,448,32,520,480
16,1000,60,7.7,28,83,936,43,12,9,64,9.018361414,113,632,63.28385529,10.84010627,8.33217745,9.629311597,447,24,489,40,471,529
17,1000,60,7.7,28,20,953,25,13,9,47,7.472230294,103,641,60.89200155,9.348066308,6.551710783,8.422685398,498,10,455,37,508,492
23,1000,60,7.7,28,8,943,25,12,20,57,7.309548191,100,602,60.16121909,9.166901966,6.702169653,7.91692673,478,22,465,35,500,500
19,1000,60,7.7,28,17,944,26,16,14,56,7.554150567,104,600,60.77398697,9.381050002,6.833405726,8.232910272,471,14,473,42,485,515
22,1000,60,7.7,28,10,947,26,11,16,53,7.410008456,87,610,60.15782758,9.235225456,6.838663793,8.016694026,496,19,451,34,515,485
21,1000,60,7.7,28,10,942,26,13,19,58,7.527113494,90,643,60.48762939,9.243869278,6.746902562,8.310451525,480,21,462,37,501,499
18,1000,60,7.7,28,20,960,25,6,9,40,7.365230248,87,618,60.70944267,9.577590741,7.020741935,7.728110133,497,16,463,24,513,487
20,1000,60,7.7,28,13,948,23,11,18,52,7.230325704,94,604,60.25178929,9.092471258,6.248547125,8.293919166,502,18,446,34,520,480
17,1000,60,7.7,28,21,955,25,11,9,45,7.44506987,113,608,60.91237964,9.380985239,6.555016884,8.36406767,499,9,456,36,508,492
23,1000,60,7.7,28,9,944,25,12,19,56,7.318845818,99,610,60.18663264,9.18139575,6.733395703,7.904295933,478,22,466,34,500,500
16,1000,60,7.7,28,84,938,41,12,9,62,9.005994129,119,648,63.32456153,10.86554221,8.340053348,9.598920609,448,23,490,39,471,529
22,1000,60,7.7,28,11,947,27,11,15,53,7.447983808,107,635,60.18147254,9.258442847,6.889500524,8.04101245,496,19,451,34,515,485
19,1000,60,7.7,28,18,946,25,14,15,54,7.545187449,110,624,60.81246632,9.39800128,6.842270692,8.207157599,471,14,475,40,485,515
21,1000,60,7.7,28,11,940,28,13,19,60,7.574273106,90,609,60.53973431,9.267224435,6.758522581,8.393293173,479,22,461,38,501,499
18,1000,60,7.7,28,21,960,25,6,9,40,7.394095139,105,597,60.76286134,9.606871919,7.069485087,7.736035501,497,16,463,24,513,487
20,1000,60,7.7,28,14,948,24,12,16,52,7.207467556,94,601,60.27768694,9.111593247,6.272780405,8.220045302,502,18,446,34,520,480
17,1000,60,7.7,28,22,955,25,11,9,45,7.488713117,94,612,60.9355357,9.393359932,6.610862995,8.39511121,499,9,456,36,508,492
23,1000,60,7.7,28,10,944,25,11,20,56,7.331049992,94,591,60.24244863,9.201632645,6.739567253,7.922532731,478,22,466,34,500,500
22,1000,60,7.7,28,12,948,27,10,15,52,7.465255998,105,621,60.20810185,9.291170098,6.929946048,8.033677903,496,19,452,33,515,485
19,1000,60,7.7,28,19,946,26,14,14,54,7.588932477,89,627,60.86439136,9.399821336,6.903377708,8.234552016,471,14,475,40,485,515
21,1000,60,7.7,28,12,942,27,11,20,58,7.575225051,96,608,60.57313372,9.281098001,6.729431647,8.424408409,481,20,461,38,501,499
16,1000,60,7.7,28,85,941,38,12,9,59,8.988313639,120,617,63.36006951,10.88280828,8.300894449,9.600363617,449,22,492,37,471,529
18,1000,60,7.7,28,22,959,26,6,9,41,7.426955158,80,617,60.81611483,9.609397379,7.106425411,7.764597375,496,17,463,24,513,487
20,1000,60,7.7,28,15,950,22,12,16,50,7.232189459,89,589,60.32999622,9.138758823,6.286106563,8.257112595,502,18,448,32,520,480
17,1000,60,7.7,28,23,955,25,11,9,45,7.496210377,91,633,60.97910967,9.432138295,6.623720879,8.397073518,499,9,456,36,508,492
23,1000,60,7.7,28,11,944,25,11,20,56,7.345118883,96,610,60.29846133,9.229060692,6.750122482,7.940115283,478,22,466,34,500,500
19,1000,60,7.7,28,20,947,26,14,13,53,7.634866686,87,621,60.9028421,9.420204314,6.94706346,8.282603704,471,14,476,39,485,515
22,1000,60,7.7,28,13,948,27,10,15,52,7.46908301,88,582,60.24849823,9.323714521,6.957805668,8.011985754,496,19,452,33,515,485
21,1000,60,7.7,28,13,945,24,11,20,55,7.589913858,97,614,60.60157051,9.293035918,6.754278923,8.428898032,483,18,462,37,501,499
16,1000,60,7.7,28,86,941,38,12,9,59,8.99014916,128,660,63.39889952,10.90843758,8.239168888,9.65879133,449,22,492,37,471,529
18,1000,60,7.7,28,23,957,29,6,8,43,7.426163595,112,623,60.8265304,9.650636556,7.124027433,7.744430231,495,18,462,25,513,487
20,1000,60,7.7,28,16,951,23,11,15,49,7.222779387,93,620,60.33933005,9.163685361,6.311859364,8.209609411,502,18,449,31,520,480
23,1000,60,7.7,28,12,944,24,12,20,56,7.398817045,98,609,60.31855822,9.249231627,6.807372735,7.990261354,478,22,466,34,500,500
17,1000,60,7.7,28,24,955,25,11,9,45,7.490484203,95,589,61.02169392,9.427246373,6.673034235,8.33451791,499,9,456,36,508,492
22,1000,60,7.7,28,14,949,26,10,15,51,7.486215627,91,602,60.2913462,9.346275135,6.993797666,8.00909243,496,19,453,32,515,485
19,1000,60,7.7,28,21,947,27,13,13,53,7.630833092,97,602,60.92282795,9.471914945,6.907329084,8.312191236,471,14,476,39,485,515
21,1000,60,7.7,28,14,943,27,11,19,57,7.586458159,75,623,60.68495005,9.304454818,6.763829609,8.412383818,483,18,460,39,501,499
18,1000,60,7.7,28,24,957,28,6,9,43,7.463451263,86,616,60.86974854,9.659786306,7.130094669,7.814605129,495,18,462,25,513,487
16,1000,60,7.7,28,87,942,37,12,9,58,8.983514528,115,640,63.43251836,10.91953606,8.244838267,9.641201708,449,22,493,36,471,529
20,1000,60,7.7,28,17,951,23,11,15,49,7.274965137,78,602,60.39270028,9.167384039,6.361449884,8.26460666,502,18,449,31,520,480
23,1000,60,7.7,28,13,945,22,12,21,55,7.413850984,111,603,60.36294295,9.27683534,6.814562129,8.013139838,478,22,467,33,500,500
17,1000,60,7.7,28,25,956,24,10,10,44,7.492394475,87,609,61.06280312,9.446731035,6.69970227,8.310865289,498,10,458,34,508,492
22,1000,60,7.7,28,15,948,28,10,14,52,7.494893448,85,613,60.33000439,9.382239102,6.990587854,8.030393201,496,19,452,33,515,485
19,1000,60,7.7,28,22,949,26,13,12,51,7.635436909,112,604,60.94725898,9.497408763,6.921510113,8.307775736,472,13,477,38,485,515
21,1000,60,7.7,28,15,946,23,12,19,54,7.594388268,99,605,60.77027001,9.361591382,6.784236595,8.407787041,484,17,462,37,501,499
18,1000,60,7.7,28,25,959,26,6,9,41,7.456405595,125,593,60.9143808,9.68689636,7.161117299,7.767458769,495,18,464,23,513,487
20,1000,60,7.7,28,18,951,23,11,15,49,7.286320203,114,607,60.42497506,9.175320284,6.408915012,8.236842494,502,18,449,31,520,480
16,1000,60,7.7,28,88,942,37,12,9,58,8.985553837,126,652,63.50588594,10.94320891,8.246845796,9.643269314,449,22,493,36,471,529
23,1000,60,7.7,28,14,946,21,12,21,54,7.43905398,91,607,60.39220995,9.307012718,6.857292459,8.020815502,479,21,467,33,500,500
17,1000,60,7.7,28,26,958,24,9,9,42,7.503058845,94,607,61.1036255,9.470496451,6.729532203,8.301740824,498,10,460,32,508,492
22,1000,60,7.7,28,16,948,28,10,14,52,7.530792894,91,607,60.36858853,9.388257538,7.025478425,8.067363927,496,19,452,33,515,485
19,1000,60,7.7,28,23,950,25,13,12,50,7.638052098,108,611,60.99747846,9.528393555,6.892632742,8.340048969,472,13,478,37,485,515
21,1000,60,7.7,28,16,947,22,13,18,53,7.583955197,89,603,60.81433365,9.386481391,6.779069145,8.392067245,485,16,462,37,501,499
18,1000,60,7.7,28,26,960,25,6,9,40,7.452696796,110,614,60.9592233,9.712861782,7.122047935,7.800998369,495,18,465,22,513,487
20,1000,60,7.7,28,19,951,23,11,15,49,7.312504166,105,603,60.46734887,9.190773674,6.432895313,8.265413757,501,19,450,30,520,480
23,1000,60,7.7,28,15,949,19,11,21,51,7.446563207,109,644,60.41297253,9.326078754,6.875368528,8.017757887,480,20,469,31,500,500
17,1000,60,7.7,28,27,958,24,9,9,42,7.509717735,109,644,61.13238424,9.499099042,6.738552318,8.305961702,498,10,460,32,508,492
22,1000,60,7.7,28,17,951,27,8,14,49,7.550978937,88,612,60.39959809,9.412916676,7.058660128,8.073750456,498,17,453,32,515,485
16,1000,60,7.7,28,89,942,37,13,8,58,8.984613709,120,621,63.55967511,10.96185266,8.264625698,9.625661635,449,22,493,36,471,529
19,1000,60,7.7,28,24,950,25,12,13,50,7.697982633,113,609,61.03233809,9.553716044,6.957490991,8.395338841,472,13,478,37,485,515
21,1000,60,7.7,28,17,947,21,14,18,53,7.606111856,90,642,60.8600918,9.406123264,6.809442953,8.405973822,485,16,462,37,501,499
18,1000,60,7.7,28,27,961,24,6,9,39,7.454283793,92,616,60.99116989,9.738879223,7.131492382,7.79430842,495,18,466,21,513,487
20,1000,60,7.7,28,20,952,22,12,14,48,7.34621036,91,628,60.51410147,9.217465896,6.46907894,8.296436066,501,19,451,29,520,480
23,1000,60,7.7,28,16,949,20,10,21,51,7.454237756,96,617,60.46852315,9.364210298,6.866653048,8.041822463,480,20,469,31,500,500
17,1000,60,7.7,28,28,955,27,11,7,45,7.500207082,109,610,61.15751969,9.509090767,6.765489159,8.258818271,496,12,459,33,508,492
22,1000,60,7.7,28,18,953,27,8,12,47,7.555979873,90,600,60.44807081,9.428756545,7.088604351,8.05226522,499,16,454,31,515,485
19,1000,60,7.7,28,25,950,24,13,13,50,7.716450151,105,655,61.06652043,9.581157104,6.998041431,8.393009819,470,15,480,35,485,515
21,1000,60,7.7,28,18,946,22,14,18,54,7.637744464,95,609,60.89854697,9.446374589,6.866408972,8.412171481,484,17,462,37,501,499
16,1000,60,7.7,28,90,943,35,14,8,57,8.969039627,125,658,63.56925675,11.00015849,8.222011258,9.634163184,450,21,493,36,471,529
18,1000,60,7.7,28,28,962,24,6,8,38,7.454793201,99,614,61.02455937,9.755382115,7.123748958,7.803511264,496,17,466,21,513,487
20,1000,60,7.7,28,21,954,20,12,14,46,7.394575657,111,625,60.55029987,9.238694194,6.559594673,8.299138389,502,18,452,28,520,480
23,1000,60,7.7,28,17,948,21,10,21,52,7.474433644,109,590,60.5030475,9.406880688,6.895851058,8.05301623,479,21,469,31,500,500
17,1000,60,7.7,28,29,954,27,11,8,46,7.543228522,111,608,61.20307722,9.521866255,6.826549275,8.28321441,495,13,459,33,508,492
22,1000,60,7.7,28,19,952,29,8,11,48,7.572330313,96,603,60.48054113,9.454978008,7.096144726,8.077970679,499,16,453,32,515,485
19,1000,60,7.7,28,26,949,26,13,12,51,7.768025127,96,642,61.09838155,9.593556237,7.037068578,8.456401683,470,15,479,36,485,515
21,1000,60,7.7,28,19,947,21,14,18,53,7.661852856,98,616,60.9265748,9.471940411,6.857057175,8.469874171,485,16,462,37,501,499
16,1000,60,7.7,28,91,943,35,15,7,57,8.968523091,134,630,63.59636847,11.01537475,8.248690103,9.609432991,450,21,493,36,471,529
18,1000,60,7.7,28,29,963,23,6,8,37,7.460724835,108,604,61.04126811,9.789110244,7.125710217,7.813625243,496,17,467,20,513,487
20,1000,60,7.7,28,22,954,20,12,14,46,7.418535833,100,626,60.60477098,9.259512264,6.585968817,8.320483432,502,18,452,28,520,480
23,1000,60,7.7,28,18,949,20,10,21,51,7.4714904,112,594,60.55696335,9.427825266,6.911627776,8.031353023,479,21,470,30,500,500
17,1000,60,7.7,28,30,953,29,11,7,47,7.60522438,105,614,61.23391681,9.545809831,6.862486456,8.372116383,494,14,459,33,508,492
22,1000,60,7.7,28,20,953,29,7,11,47,7.587105723,102,635,60.53168623,9.470359134,7.088148563,8.116926213,500,15,453,32,515,485
19,1000,60,7.7,28,27,950,25,13,12,50,7.751033384,124,603,61.15473267,9.609526825,7.061324836,8.400564735,470,15,480,35,485,515
21,1000,60,7.7,28,20,949,21,12,18,51,7.646276608,106,620,60.95311289,9.469782203,6.846680063,8.449077949,486,15,463,36,501,499
18,1000,60,7.7,28,30,965,22,5,8,35,7.456524488,95,603,61.07195521,9.787131416,7.146100794,7.78352111,496,17,469,18,513,487
20,1000,60,7.7,28,23,953,21,12,14,47,7.443636098,103,607,60.64206111,9.29219175,6.568381741,8.391828319,502,18,451,29,520,480
16,1000,60,7.7,28,92,942,37,15,6,58,8.959257992,108,646,63.6282602,11.05914289,8.223354026,9.614476836,449,22,493,36,471,529
23,1000,60,7.7,28,19,949,20,10,21,51,7.504123454,101,636,60.58585235,9.451045425,6.976245401,8.032001506,479,21,470,30,500,500
22,1000,60,7.7,28,21,955,28,7,10,45,7.600055832,92,650,60.56605042,9.488497095,7.139698838,8.088888517,500,15,455,30,515,485
17,1000,60,7.7,28,31,953,29,11,7,47,7.624092626,98,630,61.25884792,9.563744229,6.879955372,8.392429465,494,14,459,33,508,492
19,1000,60,7.7,28,28,949,25,14,12,51,7.760419151,116,626,61.19271499,9.636100506,7.099943035,8.38242093,470,15,479,36,485,515
21,1000,60,7.7,28,21,950,21,11,18,50,7.671277217,82,614,61.00495794,9.52363009,6.864055217,8.481734577,487,14,463,36,501,499
18,1000,60,7.7,28,31,965,22,5,8,35,7.481211168,95,610,61.12226109,9.812706821,7.190236667,7.787720241,496,17,469,18,513,487
20,1000,60,7.7,28,24,953,21,12,14,47,7.487139532,93,621,60.68069358,9.315402988,6.646274782,8.398076344,502,18,451,29,520,480
23,1000,60,7.7,28,20,949,20,10,21,51,7.563313613,85,629,60.63651755,9.478277109,7.03057696,8.096050266,479,21,470,30,500,500
22,1000,60,7.7,28,22,955,28,7,10,45,7.605758702,105,608,60.58387418,9.502464252,7.159326645,8.079805113,500,15,455,30,515,485
16,1000,60,7.7,28,93,941,38,15,6,59,8.965053915,130,630,63.66239751,11.0636064,8.227429187,9.621804855,448,23,493,36,471,529
17,1000,60,7.7,28,32,953,28,12,7,47,7.646400535,98,593,61.28537803,9.582525757,6.916120963,8.400429036,494,14,459,33,508,492
19,1000,60,7.7,28,29,949,26,14,11,51,7.768788832,108,603,61.21633629,9.634178047,7.124207817,8.375821439,469,16,480,35,485,515
21,1000,60,7.7,28,22,950,21,12,17,50,7.673392981,86,607,61.07109976,9.539180509,6.87645735,8.473522742,487,14,463,36,501,499
18,1000,60,7.7,28,32,965,22,5,8,35,7.509445906,92,615,61.13618699,9.848835993,7.185000066,7.851213291,496,17,469,18,513,487
20,1000,60,7.7,28,25,952,20,14,14,48,7.520172458,82,630,60.71062208,9.342948586,6.671452021,8.439619598,502,18,450,30,520,480
23,1000,60,7.7,28,21,951,18,11,20,49,7.589162615,101,590,60.65284889,9.514627389,7.0780397,8.100285529,480,20,471,29,500,500
22,1000,60,7.7,28,23,954,29,7,10,46,7.593669177,103,611,60.64429141,9.532845553,7.140664714,8.074694534,500,15,454,31,515,485
17,1000,60,7.7,28,33,954,28,11,7,46,7.651309161,107,597,61.32170367,9.597814382,6.917971065,8.408495651,494,14,460,32,508,492
19,1000,60,7.7,28,30,950,25,14,11,50,7.786889045,106,614,61.25870892,9.657374999,7.135342646,8.400481284,470,15,480,35,485,515
16,1000,60,7.7,28,94,940,39,15,6,60,9.004782602,107,623,63.74978123,11.06570102,8.267902946,9.66087016,447,24,493,36,471,529
21,1000,60,7.7,28,23,949,22,11,18,51,7.720038104,103,627,61.13291355,9.569065822,6.916780493,8.526515185,487,14,462,37,501,499
18,1000,60,7.7,28,33,967,20,5,8,33,7.489172647,111,608,61.18494716,9.872708586,7.15804502,7.837978545,497,16,470,17,513,487
20,1000,60,7.7,28,26,952,20,14,14,48,7.580496944,102,611,60.75488862,9.371332771,6.715978579,8.517058507,502,18,450,30,520,480
23,1000,60,7.7,28,22,950,19,11,20,50,7.621937178,105,613,60.70298258,9.520979186,7.106794362,8.137079995,480,20,470,30,500,500
22,1000,60,7.7,28,24,952,31,7,10,48,7.606477725,100,621,60.68123316,9.562030747,7.114428666,8.128962808,498,17,454,31,515,485
17,1000,60,7.7,28,34,953,28,12,7,47,7.681040931,88,608,61.36310048,9.621215378,6.959918925,8.42561406,493,15,460,32,508,492
19,1000,60,7.7,28,31,951,24,14,11,49,7.772616403,98,624,61.30219165,9.679599811,7.148431026,8.360441466,471,14,480,35,485,515
21,1000,60,7.7,28,24,949,22,11,18,51,7.728312885,93,629,61.19284416,9.57553567,6.930028905,8.5297964,487,14,462,37,501,499
16,1000,60,7.7,28,95,938,40,16,6,62,9.012965242,112,656,63.76676996,11.09500353,8.311374287,9.63763318,447,24,491,38,471,529
18,1000,60,7.7,28,34,965,23,5,7,35,7.513615947,100,622,61.24056,9.910062504,7.158183172,7.888024599,497,16,468,19,513,487
20,1000,60,7.7,28,27,952,21,15,12,48,7.558466143,88,636,60.78104329,9.395494402,6.686497328,8.503099027,502,18,450,30,520,480
23,1000,60,7.7,28,23,951,18,11,20,49,7.615760806,116,642,60.76673039,9.543862675,7.133086825,8.098434787,480,20,471,29,500,500
22,1000,60,7.7,28,25,953,30,7,10,47,7.633299666,84,592,60.69566639,9.584347198,7.133946424,8.163540738,498,17,455,30,515,485
17,1000,60,7.7,28,35,955,26,12,7,45,7.677600532,115,594,61.39734671,9.634418315,6.979970729,8.397917483,493,15,462,30,508,492
19,1000,60,7.7,28,32,954,24,11,11,46,7.747743145,103,633,61.32877691,9.699685161,7.076862013,8.379543823,473,12,481,34,485,515
21,1000,60,7.7,28,25,950,22,10,18,50,7.731860713,113,581,61.2266463,9.601065898,6.95730134,8.509524532,487,14,463,36,501,499
16,1000,60,7.7,28,96,941,38,15,6,59,9.000496241,107,655,63.78348097,11.1264748,8.280410387,9.641631284,449,22,492,37,471,529
18,1000,60,7.7,28,35,965,22,6,7,35,7.544288025,103,624,61.27916921,9.97738621,7.164832044,7.944002437,497,16,468,19,513,487
20,1000,60,7.7,28,28,952,21,15,12,48,7.61072553,95,597,60.79577631,9.40529536,6.757754841,8.534777109,502,18,450,30,520,480
23,1000,60,7.7,28,24,951,17,12,20,49,7.635193374,109,606,60.77784321,9.561770236,7.139044721,8.131342027,480,20,471,29,500,500
22,1000,60,7.7,28,26,951,32,7,10,49,7.649912768,116,604,60.71675694,9.615191853,7.150443165,8.180277398,497,18,454,31,515,485
17,1000,60,7.7,28,36,954,26,13,7,46,7.690429903,87,616,61.42468937,9.676430146,7.007489131,8.395580131,492,16,462,30,508,492
19,1000,60,7.7,28,33,955,23,11,11,45,7.762998467,104,611,61.39114837,9.738160698,7.119746482,8.368779462,473,12,482,33,485,515
21,1000,60,7.7,28,26,950,23,9,18,50,7.718709727,95,601,61.3014402,9.630254448,6.91655269,8.524081823,487,14,463,36,501,499
18,1000,60,7.7,28,36,965,22,6,7,35,7.560522041,113,597,61.32252567,9.983520767,7.179530613,7.961853874,497,16,468,19,513,487
20,1000,60,7.7,28,29,951,22,14,13,49,7.679710455,85,619,60.84663193,9.416610244,6.813559769,8.618040365,501,19,450,30,520,480
23,1000,60,7.7,28,25,950,19,12,19,50,7.62535531,112,607,60.82411184,9.594096469,7.145715834,8.104994786,480,20,470,30,500,500
16,1000,60,7.7,28,97,940,39,15,6,60,9.019577145,118,662,63.82415213,11.1632973,8.288161664,9.670799625,448,23,492,37,471,529
22,1000,60,7.7,28,27,952,31,7,10,48,7.675378886,97,615,60.72826724,9.638748313,7.171659682,8.210255978,498,17,454,31,515,485
17,1000,60,7.7,28,37,955,26,12,7,45,7.697610743,92,616,61.43224524,9.68216273,7.012024803,8.405492161,492,16,463,29,508,492
19,1000,60,7.7,28,34,955,23,11,11,45,7.792807137,98,624,61.4260826,9.738466051,7.142915712,8.404840809,473,12,482,33,485,515
21,1000,60,7.7,28,27,951,23,8,18,49,7.750706653,85,618,61.37055458,9.657270427,6.971572379,8.532963709,487,14,464,35,501,499
18,1000,60,7.7,28,37,965,22,6,7,35,7.580102085,96,620,61.36507549,10.00105486,7.179524131,8.002066131,498,15,467,20,513,487
20,1000,60,7.7,28,30,952,21,15,12,48,7.689507202,95,599,60.88048209,9.456794613,6.838766312,8.611143165,502,18,450,30,520,480
23,1000,60,7.7,28,26,950,19,11,20,50,7.656830957,103,621,60.87878681,9.626350934,7.205667597,8.107994317,480,20,470,30,500,500
22,1000,60,7.7,28,28,952,31,7,10,48,7.680418627,97,589,60.78190852,9.673476599,7.165629926,8.227049927,499,16,453,32,515,485
17,1000,60,7.7,28,38,954,27,12,7,46,7.740834075,99,599,61.496567,9.732334462,7.045295094,8.45899221,491,17,463,29,508,492
16,1000,60,7.7,28,98,939,39,16,6,61,9.055100418,120,662,63.83380466,11.19930904,8.346954453,9.685604671,448,23,491,38,471,529
19,1000,60,7.7,28,35,956,22,11,11,44,7.860582116,100,627,61.46502034,9.750742515,7.217270518,8.466419253,473,12,483,32,485,515
21,1000,60,7.7,28,28,952,23,7,18,48,7.751487433,99,634,61.3762637,9.683775609,6.993627384,8.512384997,487,14,465,34,501,499
18,1000,60,7.7,28,38,965,22,6,7,35,7.618136147,107,640,61.40449943,10.03552322,7.230286387,8.026692466,498,15,467,20,513,487
20,1000,60,7.7,28,31,951,22,15,12,49,7.745887741,101,628,60.9099872,9.490809454,6.879206185,8.684792761,502,18,449,31,520,480
23,1000,60,7.7,28,27,951,18,11,20,49,7.683699819,106,607,60.90012958,9.648210932,7.235910715,8.131488922,481,19,470,30,500,500
22,1000,60,7.7,28,29,951,32,7,10,49,7.708647796,108,593,60.7839081,9.687935758,7.17640601,8.273811754,499,16,452,33,515,485
17,1000,60,7.7,28,39,954,27,12,7,46,7.751882853,117,608,61.54950106,9.7486227,7.040223645,8.486685449,491,17,463,29,508,492
19,1000,60,7.7,28,36,956,22,10,12,44,7.916698087,109,600,61.47401005,9.774873279,7.264894152,8.530532861,473,12,483,32,485,515
21,1000,60,7.7,28,29,952,23,7,18,48,7.768366401,95,621,61.43169065,9.717949143,7.00899953,8.530776826,487,14,465,34,501,499
16,1000,60,7.7,28,99,940,38,16,6,60,9.054833522,137,652,63.86796609,11.21116251,8.375421489,9.659754255,448,23,492,37,471,529
18,1000,60,7.7,28,39,964,23,6,7,36,7.653376814,101,615,61.42629932,10.04639612,7.289147265,8.037051883,498,15,466,21,513,487
20,1000,60,7.7,28,32,953,21,14,12,47,7.765520395,95,614,60.94762643,9.515507703,6.909896093,8.692446723,502,18,451,29,520,480
23,1000,60,7.7,28,28,950,18,12,20,50,7.707644402,99,598,60.93034631,9.652367434,7.240450761,8.174838042,481,19,469,31,500,500
22,1000,60,7.7,28,30,950,34,6,10,50,7.755991426,100,629,60.80294497,9.699955804,7.234980943,8.309229361,499,16,451,34,515,485
17,1000,60,7.7,28,40,954,27,12,7,46,7.767633061,100,624,61.58845284,9.760428375,7.0463326,8.512390447,491,17,463,29,508,492
19,1000,60,7.7,28,37,956,22,10,12,44,7.911201372,119,596,61.49394754,9.790820449,7.266905907,8.517965063,474,11,482,33,485,515
21,1000,60,7.7,28,30,950,25,7,18,50,7.764251529,108,601,61.46746209,9.743752209,7.006720653,8.524818601,486,15,464,35,501,499
16,1000,60,7.7,28,100,940,38,16,6,60,9.092875979,106,655,63.90095581,11.23783769,8.422741676,9.689536199,448,23,492,37,471,529
18,1000,60,7.7,28,40,963,23,7,7,37,7.69593998,85,640,61.47788724,10.05376502,7.337616327,8.073393849,497,16,466,21,513,487
20,1000,60,7.7,28,33,953,21,14,12,47,7.766530548,90,595,60.95802024,9.532892606,6.931075841,8.67160648,502,18,451,29,520,480
23,1000,60,7.7,28,29,950,18,12,20,50,7.732912261,102,621,61.01518745,9.664371757,7.25491396,8.210910563,481,19,469,31,500,500
22,1000,60,7.7,28,31,949,36,6,9,51,7.782850077,96,621,60.85745931,9.685362064,7.235352375,8.364213616,499,16,450,35,515,485
17,1000,60,7.7,28,41,955,27,12,6,45,7.762661988,93,604,61.62163822,9.777039973,7.05438181,8.493975668,492,16,463,29,508,492
19,1000,60,7.7,28,38,957,21,10,12,43,7.913604788,116,630,61.52996241,9.803569285,7.273393817,8.516521917,474,11,483,32,485,515
21,1000,60,7.7,28,31,949,23,10,18,51,7.825690173,120,606,61.5085403,9.74167017,7.081909415,8.572452016,486,15,463,36,501,499
18,1000,60,7.7,28,41,963,23,7,7,37,7.714540702,97,603,61.52590931,10.08326365,7.353747464,8.094596002,498,15,465,22,513,487
16,1000,60,7.7,28,101,942,36,16,6,58,9.067372465,118,678,63.93612547,11.26752023,8.404126353,9.657899721,448,23,494,35,471,529
20,1000,60,7.7,28,34,953,21,14,12,47,7.773136112,125,598,60.9988772,9.569232835,6.943647326,8.671748963,502,18,451,29,520,480
23,1000,60,7.7,28,30,951,19,11,19,49,7.743629504,109,622,61.08420537,9.701228001,7.272667976,8.214591033,482,18,469,31,500,500
22,1000,60,7.7,28,32,949,35,7,9,51,7.806346409,93,621,60.89544489,9.700595845,7.257231248,8.389427457,499,16,450,35,515,485
17,1000,60,7.7,28,42,955,27,12,6,45,7.771803317,112,589,61.65121759,9.805931697,7.061171495,8.505545117,491,17,464,28,508,492
19,1000,60,7.7,28,39,957,22,10,11,43,7.932157645,105,624,61.54513675,9.813616903,7.303327587,8.524356825,474,11,483,32,485,515
21,1000,60,7.7,28,32,948,24,10,18,52,7.814039677,108,604,61.54609719,9.745444921,7.067645139,8.563425776,485,16,463,36,501,499
18,1000,60,7.7,28,42,963,23,7,7,37,7.762193839,92,609,61.56775404,10.11851223,7.364865754,8.180734512,498,15,465,22,513,487
23,1000,60,7.7,28,31,951,19,11,19,49,7.785986904,90,608,61.13008809,9.752926814,7.308785176,8.263188632,482,18,469,31,500,500
20,1000,60,7.7,28,35,954,21,14,11,46,7.798023094,82,634,61.04627743,9.5928886,6.992860468,8.670282606,502,18,452,28,520,480
22,1000,60,7.7,28,33,948,36,7,9,52,7.825246512,107,628,60.91438691,9.76286338,7.2448012,8.441595658,499,16,449,36,515,485
16,1000,60,7.7,28,102,944,35,15,6,56,9.04929995,114,668,63.95605909,11.28785028,8.388060938,9.638040167,449,22,495,34,471,529
17,1000,60,7.7,28,43,955,27,12,6,45,7.785393935,99,641,61.68333526,9.829130356,7.074152078,8.519765609,491,17,464,28,508,492
19,1000,60,7.7,28,40,956,23,10,11,44,7.951796647,127,632,61.55824124,9.83845026,7.306184467,8.559800352,474,11,482,33,485,515
21,1000,60,7.7,28,33,948,24,10,18,52,7.855636313,95,603,61.58490691,9.75437467,7.121211488,8.593004724,485,16,463,36,501,499
18,1000,60,7.7,28,43,963,23,7,7,37,7.759770188,128,609,61.62139653,10.10372005,7.369528927,8.170845684,498,15,465,22,513,487
23,1000,60,7.7,28,32,951,20,10,19,49,7.815655964,127,609,61.19049765,9.775138133,7.35813142,8.273180508,482,18,469,31,500,500
20,1000,60,7.7,28,36,957,19,12,12,43,7.811809952,86,608,61.11306326,9.584800991,7.002158897,8.688931929,503,17,454,26,520,480
22,1000,60,7.7,28,34,948,36,7,9,52,7.859086793,107,633,60.94392384,9.808574359,7.273065624,8.481356693,499,16,449,36,515,485
17,1000,60,7.7,28,44,957,26,11,6,43,7.797457026,113,631,61.71865337,9.869003269,7.100773975,8.516796438,492,16,465,27,508,492
19,1000,60,7.7,28,41,956,23,10,11,44,7.98989156,90,622,61.58242919,9.838160329,7.357489283,8.58545487,474,11,482,33,485,515
16,1000,60,7.7,28,103,944,35,15,6,56,9.00919954,128,661,63.99842624,11.33111849,8.37011699,9.578212548,449,22,495,34,471,529
21,1000,60,7.7,28,34,949,23,10,18,51,7.901904447,101,611,61.60275742,9.776509199,7.172392475,8.634340315,486,15,463,36,501,499
18,1000,60,7.7,28,44,963,23,8,6,37,7.759076352,95,595,61.66919757,10.11163842,7.377369399,8.161161911,499,14,464,23,513,487
20,1000,60,7.7,28,37,959,20,10,11,41,7.795082013,102,635,61.15425645,9.596002671,6.97554663,8.682912011,504,16,455,25,520,480
23,1000,60,7.7,28,33,951,20,10,19,49,7.845395818,104,623,61.2224035,9.792974161,7.379688271,8.311103364,482,18,469,31,500,500
22,1000,60,7.7,28,35,947,37,8,8,53,7.849552941,113,606,61.00114823,9.836508392,7.239310986,8.497541821,498,17,449,36,515,485
17,1000,60,7.7,28,45,958,25,12,5,42,7.798210603,108,623,61.7944896,9.900268732,7.085342265,8.53426165,493,15,465,27,508,492
19,1000,60,7.7,28,42,957,23,9,11,43,7.989701175,123,614,61.6215084,9.845639528,7.332852877,8.608286465,475,10,482,33,485,515
21,1000,60,7.7,28,35,949,24,9,18,51,7.898345798,101,613,61.60992782,9.805699342,7.1821754,8.617386619,485,16,464,35,501,499
16,1000,60,7.7,28,104,944,35,15,6,56,9.01285201,116,653,64.07506139,11.36530165,8.341174923,9.610885862,449,22,495,34,471,529
24,1000,60,7.7,28,0,935,32,16,17,65,7.448,90,607,59.93621452,8.963731429,6.379958246,8.429942418,459,20,476,45,479,521
18,1000,60,7.7,28,45,963,23,8,6,37,7.767730981,106,623,61.69913984,10.16015391,7.424142906,8.129662566,497,16,466,21,513,487
23,1000,60,7.7,28,34,952,20,10,18,48,7.847501317,95,664,61.2551795,9.788852405,7.353136717,8.341865917,483,17,469,31,500,500
20,1000,60,7.7,28,38,960,19,10,11,40,7.844505799,97,625,61.18318436,9.623152658,7.032358762,8.724331755,504,16,456,24,520,480
22,1000,60,7.7,28,36,949,37,7,7,51,7.82718283,125,610,61.02057765,9.856727397,7.20918712,8.483405079,498,17,451,34,515,485
17,1000,60,7.7,28,46,959,24,12,5,41,7.830260723,104,643,61.85043387,9.913501323,7.128146424,8.555208006,493,15,466,26,508,492
19,1000,60,7.7,28,43,957,22,10,11,43,8.022635266,105,616,61.69232871,9.87182448,7.375531965,8.63204323,475,10,482,33,485,515
21,1000,60,7.7,28,36,948,25,9,18,52,7.914853635,107,624,61.66499729,9.823755405,7.169557771,8.663136657,485,16,463,36,501,499
18,1000,60,7.7,28,46,965,22,7,6,35,7.787188997,88,613,61.73593213,10.17313217,7.459840977,8.132013502,498,15,467,20,513,487
24,1000,60,7.7,28,1,937,30,16,17,63,7.451628484,104,610,59.95348717,8.997090215,6.411342065,8.408053043,458,21,479,42,479,521
20,1000,60,7.7,28,39,959,20,10,11,41,7.846924013,115,611,61.21499616,9.640432983,7.063158808,8.696002986,504,16,455,25,520,480
23,1000,60,7.7,28,35,951,23,11,15,49,7.829360558,96,621,61.31613464,9.804188848,7.351649292,8.307071823,482,18,469,31,500,500
22,1000,60,7.7,28,37,948,37,8,7,52,7.847494115,94,634,61.05745417,9.871427358,7.213661766,8.520532589,498,17,450,35,515,485
17,1000,60,7.7,28,47,959,24,11,6,41,7.81621045,104,636,61.88627949,9.93424288,7.101879811,8.553771353,493,15,466,26,508,492
19,1000,60,7.7,28,44,956,24,10,10,44,8.053324088,102,633,61.7441267,9.912558656,7.43314326,8.637377877,474,11,482,33,485,515
21,1000,60,7.7,28,37,948,25,10,17,52,7.908969628,106,630,61.72218372,9.821960859,7.202617808,8.618152517,485,16,463,36,501,499
18,1000,60,7.7,28,47,966,21,7,6,34,7.775952114,100,638,61.77567073,10.2020643,7.44175951,8.127986623,498,15,468,19,513,487
23,1000,60,7.7,28,36,953,22,10,15,47,7.799996932,108,619,61.34113997,9.856396155,7.344190653,8.255803211,482,18,471,29,500,500
20,1000,60,7.7,28,40,957,21,11,11,43,7.909281966,109,609,61.24314673,9.635996671,7.145048923,8.737201097,503,17,454,26,520,480
22,1000,60,7.7,28,38,951,35,7,7,49,7.830634268,117,641,61.14506464,9.885917133,7.182184217,8.51919463,500,15,451,34,515,485
24,1000,60,7.7,28,2,940,29,15,16,60,7.400123408,80,591,59.98618485,8.989750842,6.385629282,8.332834899,459,20,481,40,479,521
17,1000,60,7.7,28,48,958,24,12,6,42,7.855980047,106,633,61.92897407,9.95662579,7.118751745,8.617183253,494,14,464,28,508,492
19,1000,60,7.7,28,45,956,23,11,10,44,8.079329109,113,632,61.78086753,9.934506503,7.46371308,8.659084011,474,11,482,33,485,515
21,1000,60,7.7,28,38,949,24,10,17,51,7.918863262,93,606,61.76110053,9.807107803,7.219965135,8.620562585,485,16,464,35,501,499
18,1000,60,7.7,28,48,966,21,8,5,34,7.814368518,102,634,61.85402894,10.23644644,7.471850258,8.175173173,498,15,468,19,513,487
23,1000,60,7.7,28,37,954,23,10,13,46,7.809178673,96,600,61.36848427,9.864707936,7.376283674,8.242073672,482,18,472,28,500,500
20,1000,60,7.7,28,41,956,22,11,11,44,7.966801459,94,654,61.25428518,9.645363928,7.207299119,8.789595662,503,17,453,27,520,480
22,1000,60,7.7,28,39,952,34,7,7,48,7.851457441,95,630,61.17998772,9.884305535,7.247751611,8.492505901,500,15,452,33,515,485
17,1000,60,7.7,28,49,958,24,12,6,42,7.861430832,103,651,61.9725428,9.988989641,7.131217954,8.615390471,494,14,464,28,508,492
24,1000,60,7.7,28,3,941,27,16,16,59,7.408822235,96,600,60.01682716,9.025088248,6.39583853,8.340145066,459,20,482,39,479,521
19,1000,60,7.7,28,46,957,21,12,10,43,8.132095587,96,620,61.83363685,9.966885903,7.529793365,8.699312242,475,10,482,33,485,515
21,1000,60,7.7,28,39,950,24,9,17,50,7.982553664,97,610,61.77237834,9.820893747,7.281256789,8.686661347,485,16,465,34,501,499
18,1000,60,7.7,28,49,965,21,9,5,35,7.877413416,91,641,61.88998497,10.22937685,7.539786182,8.233065923,498,15,467,20,513,487
23,1000,60,7.7,28,38,954,23,10,13,46,7.862775629,114,628,61.45321741,9.902070446,7.426365814,8.299185443,482,18,472,28,500,500
20,1000,60,7.7,28,42,956,22,11,11,44,7.978626105,107,611,61.28362327,9.654123181,7.250794107,8.767110769,503,17,453,27,520,480
22,1000,60,7.7,28,40,953,33,7,7,47,7.885945833,129,621,61.23297496,9.910700504,7.276841467,8.532726759,500,15,453,32,515,485
17,1000,60,7.7,28,50,955,27,12,6,45,7.894377009,111,647,62.02332684,9.988310776,7.18376949,8.628093715,493,15,462,30,508,492
19,1000,60,7.7,28,47,959,20,13,8,41,8.141670618,116,611,61.85542004,9.990171374,7.536655814,8.711441841,475,10,484,31,485,515
21,1000,60,7.7,28,40,949,25,9,17,51,8.035255601,102,625,61.82552567,9.841773408,7.297193445,8.776275922,484,17,465,34,501,499
24,1000,60,7.7,28,4,941,27,16,16,59,7.420651398,95,612,60.09379335,9.040454093,6.435876061,8.326039856,459,20,482,39,479,521
23,1000,60,7.7,28,39,954,23,10,13,46,7.859791494,90,607,61.49269289,9.934374753,7.442585727,8.276997262,482,18,472,28,500,500
18,1000,60,7.7,28,50,964,22,9,5,36,7.897874108,108,621,61.93589351,10.24949235,7.586319804,8.226061702,497,16,467,20,513,487
20,1000,60,7.7,28,43,956,22,11,11,44,7.996962348,89,613,61.32371603,9.65473784,7.289902938,8.762943377,503,17,453,27,520,480
22,1000,60,7.7,28,41,953,33,7,7,47,7.912359848,94,589,61.28305583,9.930259742,7.3241797,8.536922273,500,15,453,32,515,485
17,1000,60,7.7,28,51,954,28,12,6,46,7.917882414,113,629,62.05189548,10.02659932,7.210113837,8.648667856,492,16,462,30,508,492
19,1000,60,7.7,28,48,958,21,13,8,42,8.143033984,100,638,61.88374868,9.999212288,7.535634081,8.715051369,474,11,484,31,485,515
21,1000,60,7.7,28,41,948,26,9,17,52,8.052119516,73,617,61.87674636,9.873732939,7.336848872,8.770256977,483,18,465,34,501,499
24,1000,60,7.7,28,5,941,27,17,15,59,7.423291854,108,613,60.13728078,9.066394283,6.448936674,8.319100168,459,20,482,39,479,521
23,1000,60,7.7,28,40,955,23,9,13,45,7.852042004,97,620,61.5229397,9.955606877,7.429606295,8.274477713,482,18,473,27,500,500
18,1000,60,7.7,28,51,964,23,9,4,36,7.896918803,111,594,61.95745632,10.28705679,7.607330005,8.201968193,497,16,467,20,513,487
20,1000,60,7.7,28,44,956,23,10,11,44,8.007762642,109,618,61.33897078,9.662994711,7.275841968,8.800676705,503,17,453,27,520,480
22,1000,60,7.7,28,42,954,31,8,7,46,7.920021096,91,637,61.3160514,9.953576942,7.345596033,8.529977607,500,15,454,31,515,485
17,1000,60,7.7,28,52,953,29,11,7,47,7.913183553,117,622,62.0991014,10.04577654,7.203832439,8.645602996,492,16,461,31,508,492
19,1000,60,7.7,28,49,959,21,12,8,41,8.13773656,107,619,61.91211195,10.00285072,7.537528192,8.702981333,475,10,484,31,485,515
21,1000,60,7.7,28,42,949,26,9,16,51,8.047755235,86,606,61.9123179,9.898516383,7.344223664,8.754106573,484,17,465,34,501,499
23,1000,60,7.7,28,41,956,22,9,13,44,7.893305426,99,609,61.58220239,9.979028985,7.477806337,8.308804514,483,17,473,27,500,500
18,1000,60,7.7,28,52,964,22,10,4,36,7.939808937,116,629,62.01449209,10.28224523,7.636599384,8.259206269,497,16,467,20,513,487
20,1000,60,7.7,28,45,954,26,10,10,46,7.990647406,128,618,61.38394457,9.686962621,7.287317375,8.752588273,502,18,452,28,520,480
22,1000,60,7.7,28,43,955,30,8,7,45,7.928347179,106,601,61.34412087,9.977146546,7.357985701,8.533988748,500,15,455,30,515,485
24,1000,60,7.7,28,6,941,27,17,15,59,7.467411072,100,598,60.17943534,9.091786642,6.470122856,8.384303692,459,20,482,39,479,521
17,1000,60,7.7,28,53,954,29,10,7,46,7.900330909,119,616,62.11476298,10.06165733,7.175729697,8.648496389,493,15,461,31,508,492
19,1000,60,7.7,28,50,960,21,12,7,40,8.166368481,100,637,61.98038493,10.02500669,7.567692943,8.730169716,475,10,485,30,485,515
21,1000,60,7.7,28,43,948,28,9,15,52,8.039798035,103,595,61.92697598,9.91256528,7.358936189,8.723388785,483,18,465,34,501,499
23,1000,60,7.7,28,42,956,22,9,13,44,7.89133718,95,602,61.64007938,9.977666379,7.470162573,8.312511788,484,16,472,28,500,500
18,1000,60,7.7,28,53,965,22,9,4,35,7.945536868,107,569,62.02297398,10.30331127,7.636502376,8.27107012,497,16,468,19,513,487
20,1000,60,7.7,28,46,953,27,10,10,47,8.003425673,117,617,61.41269868,9.715095182,7.313643069,8.750690162,501,19,452,28,520,480
22,1000,60,7.7,28,44,955,30,7,8,45,7.947488664,113,625,61.38411522,9.972160152,7.388885852,8.540644227,501,14,454,31,515,485
24,1000,60,7.7,28,7,943,25,17,15,57,7.491863943,87,579,60.21179534,9.102314296,6.524462039,8.381279513,459,20,484,37,479,521
17,1000,60,7.7,28,54,952,31,10,7,48,7.925326942,95,602,62.15565525,10.07278562,7.25613568,8.616280521,491,17,461,31,508,492
19,1000,60,7.7,28,51,961,21,11,7,39,8.201394576,98,616,62.0246515,10.05949367,7.59745782,8.770150549,475,10,486,29,485,515
21,1000,60,7.7,28,44,947,29,8,16,53,8.074351783,91,629,61.94495033,9.922577619,7.401425146,8.749975521,482,19,465,34,501,499
23,1000,60,7.7,28,43,956,22,9,13,44,7.888544773,103,625,61.65329108,10.03299688,7.46445595,8.312633595,484,16,472,28,500,500
18,1000,60,7.7,28,54,966,22,8,4,34,7.957621659,126,618,62.06291497,10.32652127,7.637602546,8.294725982,497,16,469,18,513,487
20,1000,60,7.7,28,47,952,28,10,10,48,8.023716553,91,649,61.44372496,9.714857445,7.315428027,8.791029122,501,19,451,29,520,480
22,1000,60,7.7,28,45,955,31,6,8,45,7.948533331,96,611,61.43471329,9.993073123,7.390500582,8.541083569,500,15,455,30,515,485
17,1000,60,7.7,28,55,953,30,10,7,47,7.950245539,98,634,62.18822176,10.10873755,7.289404172,8.632577683,491,17,462,30,508,492
19,1000,60,7.7,28,52,962,21,10,7,38,8.22539802,105,621,62.08751583,10.08466743,7.624281097,8.791498423,475,10,487,28,485,515
24,1000,60,7.7,28,8,945,25,15,15,55,7.499073844,106,603,60.25031128,9.117356417,6.525563292,8.394105618,460,19,485,36,479,521
21,1000,60,7.7,28,45,947,29,8,16,53,8.082663256,103,639,61.98004404,9.944858806,7.419141174,8.748844744,482,19,465,34,501,499
23,1000,60,7.7,28,44,955,24,9,12,45,7.892534465,99,639,61.68093878,10.07057877,7.462132457,8.322936472,484,16,471,29,500,500
18,1000,60,7.7,28,55,966,22,8,4,34,7.945273628,114,629,62.12104269,10.32876406,7.609915437,8.298535953,497,16,469,18,513,487
20,1000,60,7.7,28,48,954,26,11,9,46,8.006394492,121,629,61.4686793,9.712756295,7.335299141,8.733414456,503,17,451,29,520,480
22,1000,60,7.7,28,46,956,30,6,8,44,7.94640714,99,631,61.48001906,10.00743263,7.374685427,8.553493083,501,14,455,30,515,485
17,1000,60,7.7,28,56,953,30,10,7,47,7.958716273,109,652,62.22690874,10.15437931,7.298063241,8.640853958,491,17,462,30,508,492
19,1000,60,7.7,28,53,962,21,10,7,38,8.254413593,109,626,62.12093105,10.10969847,7.653563622,8.820262595,475,10,487,28,485,515
21,1000,60,7.7,28,46,947,29,8,16,53,8.116482059,110,631,62.02434911,9.940822429,7.475115885,8.760418838,482,19,465,34,501,499
24,1000,60,7.7,28,9,943,27,15,15,57,7.524167435,89,606,60.26929436,9.146356888,6.559989695,8.410618755,460,19,483,38,479,521
23,1000,60,7.7,28,45,954,24,10,12,46,7.893453992,117,595,61.69390367,10.08312906,7.50492739,8.281980595,483,17,471,29,500,500
18,1000,60,7.7,28,56,966,22,8,4,34,7.960184374,105,631,62.16793302,10.35096106,7.625364167,8.312879993,496,17,470,17,513,487
22,1000,60,7.7,28,47,955,31,7,7,45,7.933898736,113,623,61.51095499,10.02101505,7.37643245,8.525847472,500,15,455,30,515,485
20,1000,60,7.7,28,49,955,26,10,9,45,8.013791959,90,602,61.49772592,9.754713572,7.334840433,8.749322779,503,17,452,28,520,480
17,1000,60,7.7,28,57,953,30,10,7,47,7.979159299,109,643,62.25826134,10.19142501,7.300846194,8.679531368,491,17,462,30,508,492
19,1000,60,7.7,28,54,963,20,10,7,37,8.228420024,100,602,62.14446886,10.12920358,7.675570253,8.749064955,474,11,489,26,485,515
21,1000,60,7.7,28,47,947,30,9,14,53,8.109347755,102,631,62.0689391,9.939565168,7.473980477,8.747261595,482,19,465,34,501,499
23,1000,60,7.7,28,46,955,23,10,12,45,7.898256033,109,619,61.73644111,10.0959283,7.536087445,8.260424621,483,17,472,28,500,500
18,1000,60,7.7,28,57,966,22,8,4,34,7.986352067,105,633,62.22053007,10.35323767,7.634661633,8.356818582,496,17,470,17,513,487
24,1000,60,7.7,28,10,945,25,15,15,55,7.528288197,94,603,60.29235161,9.159583124,6.570159672,8.409177954,461,18,484,37,479,521
22,1000,60,7.7,28,48,954,32,7,7,46,7.974278439,102,611,61.56105147,10.03524183,7.428881978,8.553410763,500,15,454,31,515,485
20,1000,60,7.7,28,50,955,26,10,9,45,8.02613342,123,618,61.5291037,9.786310556,7.361229725,8.746445757,503,17,452,28,520,480
17,1000,60,7.7,28,58,952,31,10,7,48,7.98048654,121,626,62.33261186,10.22653163,7.328950193,8.653211062,490,18,462,30,508,492
19,1000,60,7.7,28,55,964,20,9,7,36,8.204992118,108,620,62.17128531,10.17365617,7.651066891,8.726649856,474,11,490,25,485,515
21,1000,60,7.7,28,48,947,31,9,13,53,8.117429289,98,614,62.12071313,9.986851367,7.514308277,8.72296762,482,19,465,34,501,499
23,1000,60,7.7,28,47,955,23,10,12,45,7.919771479,105,623,61.75757522,10.10126023,7.546336276,8.293206683,483,17,472,28,500,500
18,1000,60,7.7,28,58,962,26,8,4,38,8.020853948,106,613,62.26823322,10.39050234,7.642288356,8.419630435,494,19,468,19,513,487
22,1000,60,7.7,28,49,955,32,7,6,45,7.973778254,102,601,61.59394954,10.03453333,7.469762641,8.508970091,500,15,455,30,515,485
20,1000,60,7.7,28,51,956,25,10,9,44,8.060111756,88,621,61.53465796,9.825251278,7.39985218,8.775392963,503,17,453,27,520,480
24,1000,60,7.7,28,11,945,25,15,15,55,7.579465967,107,582,60.32678051,9.218097325,6.638234364,8.444820934,461,18,484,37,479,521
17,1000,60,7.7,28,59,952,31,10,7,48,8.008338109,98,608,62.3440803,10.24750003,7.337228922,8.701271985,490,18,462,30,508,492
19,1000,60,7.7,28,56,964,21,8,7,36,8.211242635,106,630,62.19809092,10.1936291,7.647170415,8.74245628,475,10,489,26,485,515
21,1000,60,7.7,28,49,946,32,8,14,54,8.116734635,112,633,62.15539476,10.01495273,7.509407615,8.72649583,481,20,465,34,501,499
23,1000,60,7.7,28,48,955,23,9,13,45,7.959880207,106,607,61.76080711,10.14249878,7.600856026,8.318904389,483,17,472,28,500,500
18,1000,60,7.7,28,59,965,23,8,4,35,8.029888306,113,612,62.2926375,10.41664756,7.682811945,8.395494412,494,19,471,16,513,487
22,1000,60,7.7,28,50,955,32,7,6,45,7.985321529,110,623,61.60896424,10.05037613,7.462382982,8.54060679,501,14,454,31,515,485
20,1000,60,7.7,28,52,955,26,9,10,45,8.072221331,107,614,61.53599302,9.842823521,7.431991954,8.765803156,503,17,452,28,520,480
24,1000,60,7.7,28,12,944,26,15,15,56,7.616747178,102,593,60.35277902,9.243308437,6.686932903,8.471605215,460,19,484,37,479,521
17,1000,60,7.7,28,60,953,30,10,7,47,8.034003367,113,633,62.36025529,10.28179776,7.373733619,8.715745301,490,18,463,29,508,492
19,1000,60,7.7,28,57,964,21,8,7,36,8.245639667,105,621,62.24678545,10.20835292,7.681632366,8.776792175,475,10,489,26,485,515
21,1000,60,7.7,28,50,949,30,7,14,51,8.105551781,100,619,62.18537403,10.04389316,7.490557057,8.723011413,482,19,467,32,501,499
23,1000,60,7.7,28,49,955,22,10,13,45,7.968680066,109,622,61.79160445,10.15457732,7.640238608,8.297121524,483,17,472,28,500,500
18,1000,60,7.7,28,60,965,23,8,4,35,8.067254205,100,642,62.32252592,10.42328956,7.719776513,8.433283067,494,19,471,16,513,487
22,1000,60,7.7,28,51,956,32,7,5,44,7.978714339,95,608,61.66679956,10.05469214,7.477399696,8.511038134,501,14,455,30,515,485
20,1000,60,7.7,28,53,956,25,10,9,44,8.067391115,106,597,61.58203729,9.859180119,7.424328401,8.764042388,504,16,452,28,520,480
17,1000,60,7.7,28,61,952,31,9,8,48,8.065348541,97,650,62.37129225,10.30118655,7.416915083,8.734869265,489,19,463,29,508,492
19,1000,60,7.7,28,58,963,22,8,7,37,8.298799237,95,603,62.28909682,10.24745179,7.749834436,8.815785505,475,10,488,27,485,515
24,1000,60,7.7,28,13,943,27,15,15,57,7.611365669,107,586,60.36816295,9.27397451,6.680657488,8.467045552,460,19,483,38,479,521
21,1000,60,7.7,28,51,949,30,8,13,51,8.127956699,112,641,62.21439314,10.06485387,7.578198716,8.679918121,481,20,468,31,501,499
23,1000,60,7.7,28,50,953,23,11,13,47,8.012463839,93,613,61.86639922,10.17986558,7.696641991,8.328285687,481,19,472,28,500,500
18,1000,60,7.7,28,61,966,22,8,4,34,8.030825372,116,627,62.38327263,10.43336703,7.712378836,8.36627316,494,19,472,15,513,487
22,1000,60,7.7,28,52,956,32,7,5,44,7.992974962,100,622,61.70061397,10.0531867,7.497801908,8.518777278,501,14,455,30,515,485
20,1000,60,7.7,28,54,956,25,10,9,44,8.08131619,103,635,61.63252025,9.887094323,7.445497074,8.770120233,504,16,452,28,520,480
17,1000,60,7.7,28,62,952,31,10,7,48,8.08258797,108,640,62.40695932,10.32420427,7.463372428,8.721940602,489,19,463,29,508,492
19,1000,60,7.7,28,59,963,22,8,7,37,8.313444816,108,646,62.32368598,10.28194076,7.767686145,8.82741172,475,10,488,27,485,515
21,1000,60,7.7,28,52,948,31,8,13,52,8.12738008,117,638,62.24401348,10.07996652,7.571403258,8.685585267,481,20,467,32,501,499
24,1000,60,7.7,28,14,944,27,14,15,56,7.60381992,109,622,60.41359439,9.276226151,6.689885713,8.444078048,460,19,484,37,479,521
23,1000,60,7.7,28,51,952,25,10,13,48,8.070091832,103,637,61.92927039,10.21547225,7.794894916,8.345288747,480,20,472,28,500,500
18,1000,60,7.7,28,62,965,23,8,4,35,8.014152744,102,606,62.40500113,10.46383148,7.720028713,8.323979495,493,20,472,15,513,487
22,1000,60,7.7,28,53,955,33,7,5,45,8.042463321,112,614,61.72712471,10.05168783,7.538756721,8.57732703,501,14,454,31,515,485
20,1000,60,7.7,28,55,958,24,10,8,42,8.086296572,99,639,61.6914411,9.912941077,7.43665492,8.790075029,505,15,453,27,520,480
17,1000,60,7.7,28,63,953,30,10,7,47,8.088002021,101,605,62.46648591,10.35497369,7.46497736,8.731287646,490,18,463,29,508,492
19,1000,60,7.7,28,60,961,22,9,8,39,8.339600709,121,620,62.35777997,10.31677027,7.790635507,8.856587355,474,11,487,28,485,515
21,1000,60,7.7,28,53,948,31,8,13,52,8.125042313,103,650,62.26516829,10.10306042,7.598545192,8.653649642,480,21,468,31,501,499
23,1000,60,7.7,28,52,953,24,10,13,47,8.07861784,120,629,62.00873011,10.24032165,7.762379921,8.394855759,481,19,472,28,500,500
18,1000,60,7.7,28,63,965,23,8,4,35,8.039199356,101,627,62.47594337,10.47934885,7.773077948,8.319528478,493,20,472,15,513,487
22,1000,60,7.7,28,54,957,31,7,5,43,8.021737125,130,642,61.76085068,10.07813879,7.524407511,8.549829395,502,13,455,30,515,485
24,1000,60,7.7,28,15,945,27,13,15,55,7.602631315,106,637,60.45379576,9.280377915,6.700940646,8.431632909,460,19,485,36,479,521
20,1000,60,7.7,28,56,957,24,11,8,43,8.093301168,113,623,61.75799285,9.910918252,7.420864889,8.821773802,505,15,452,28,520,480
17,1000,60,7.7,28,64,954,29,11,6,46,8.070691953,118,634,62.50938096,10.37520366,7.432763321,8.729366232,490,18,464,28,508,492
19,1000,60,7.7,28,61,960,23,9,8,40,8.362973132,97,626,62.3948268,10.34097901,7.809010913,8.884665707,474,11,486,29,485,515
21,1000,60,7.7,28,54,947,32,8,13,53,8.154807392,107,618,62.3071974,10.11995282,7.656603447,8.655008147,480,21,467,32,501,499
23,1000,60,7.7,28,53,952,25,10,13,48,8.123550531,96,659,62.0537412,10.2756105,7.811661536,8.435439527,481,19,471,29,500,500
18,1000,60,7.7,28,64,967,22,7,4,33,8.016295368,129,635,62.51610653,10.50075748,7.773930879,8.271599233,493,20,474,13,513,487
22,1000,60,7.7,28,55,957,30,8,5,43,8.040066843,112,614,61.824422,10.0934794,7.557023777,8.552988862,502,13,455,30,515,485
20,1000,60,7.7,28,57,958,23,11,8,42,8.110240362,94,621,61.82015602,9.923848295,7.467356451,8.806697932,505,15,453,27,520,480
24,1000,60,7.7,28,16,946,27,11,16,54,7.611948686,101,613,60.50074485,9.307536456,6.718779175,8.433116047,459,20,487,34,479,521
17,1000,60,7.7,28,65,954,29,11,6,46,8.083753395,95,611,62.55960638,10.40518701,7.450655247,8.7374401,490,18,464,28,508,492
19,1000,60,7.7,28,62,959,22,10,9,41,8.3917347,99,603,62.44540066,10.36197806,7.863638418,8.889068091,473,12,486,29,485,515
21,1000,60,7.7,28,55,947,32,8,13,53,8.192600847,97,633,62.37473818,10.16242789,7.687096224,8.70013154,480,21,467,32,501,499
23,1000,60,7.7,28,54,954,23,10,13,46,8.131544957,119,630,62.08746732,10.2889112,7.828980362,8.434109551,482,18,472,28,500,500
22,1000,60,7.7,28,56,957,30,9,4,43,8.033862078,137,635,61.86279912,10.09635068,7.55327188,8.544179504,501,14,456,29,515,485
18,1000,60,7.7,28,65,966,23,7,4,34,8.054891244,128,629,62.55497198,10.54720395,7.815160615,8.307420632,493,20,473,14,513,487
20,1000,60,7.7,28,58,958,22,11,9,42,8.13789669,111,633,61.87242453,9.939490716,7.474888524,8.856155536,505,15,453,27,520,480
24,1000,60,7.7,28,17,946,27,10,17,54,7.614994538,101,577,60.54989343,9.342458386,6.73579892,8.423314502,459,20,487,34,479,521
17,1000,60,7.7,28,66,953,30,11,6,47,8.083662337,124,631,62.60119986,10.4380567,7.436067965,8.752316688,489,19,464,28,508,492
19,1000,60,7.7,28,63,959,22,10,9,41,8.413923663,109,634,62.47338981,10.40140121,7.873809215,8.922575133,473,12,486,29,485,515
21,1000,60,7.7,28,56,946,33,8,13,54,8.217751384,104,628,62.42324647,10.19673597,7.709809753,8.727728853,480,21,466,33,501,499
23,1000,60,7.7,28,55,954,21,11,14,46,8.181536458,114,641,62.102219,10.30420845,7.855602869,8.507470048,482,18,472,28,500,500
22,1000,60,7.7,28,57,957,30,9,4,43,8.084429934,106,631,61.91085758,10.12752472,7.612376664,8.585682376,500,15,457,28,515,485
18,1000,60,7.7,28,66,967,23,3,7,33,8.09773018,124,633,62.60658058,10.5291822,7.844609149,8.364364859,493,20,474,13,513,487
20,1000,60,7.7,28,59,958,22,11,9,42,8.160967267,116,628,61.90449429,9.962722521,7.498692072,8.878432062,505,15,453,27,520,480
17,1000,60,7.7,28,67,954,29,11,6,46,8.093636016,119,649,62.64830299,10.46672281,7.500654307,8.705901682,489,19,465,27,508,492
19,1000,60,7.7,28,64,959,22,10,9,41,8.421468472,103,649,62.48339284,10.42811467,7.890781172,8.921241949,473,12,486,29,485,515
24,1000,60,7.7,28,18,946,27,9,18,54,7.655680215,99,617,60.59297976,9.376976616,6.806459805,8.436441397,458,21,488,33,479,521
21,1000,60,7.7,28,57,946,33,8,13,54,8.231696741,111,661,62.46450863,10.20645546,7.723240266,8.742191118,480,21,466,33,501,499
23,1000,60,7.7,28,56,953,22,12,13,47,8.204251908,122,637,62.15598505,10.34002344,7.853801029,8.554702787,482,18,471,29,500,500
22,1000,60,7.7,28,58,957,30,9,4,43,8.103187091,102,628,61.92895723,10.15663164,7.600163071,8.637325999,500,15,457,28,515,485
18,1000,60,7.7,28,67,966,25,3,6,34,8.160808724,112,630,62.6385404,10.53401905,7.923108863,8.411198927,492,21,474,13,513,487
20,1000,60,7.7,28,60,958,22,11,9,42,8.183286333,102,612,61.92969499,9.977765124,7.537051964,8.883373567,505,15,453,27,520,480
19,1000,60,7.7,28,65,959,21,11,9,41,8.432629185,113,627,62.56327619,10.4590557,7.847306211,8.983855674,473,12,486,29,485,515
17,1000,60,7.7,28,68,955,29,10,6,45,8.110316016,107,610,62.70195096,10.49965098,7.508829271,8.731363306,490,18,465,27,508,492
21,1000,60,7.7,28,58,946,33,8,13,54,8.267208899,113,613,62.48138479,10.23680567,7.811341524,8.724903397,480,21,466,33,501,499
23,1000,60,7.7,28,57,954,22,11,13,46,8.225235332,101,613,62.19888614,10.36911629,7.910773313,8.539697351,482,18,472,28,500,500
22,1000,60,7.7,28,59,956,31,9,4,44,8.129235899,109,631,61.96829203,10.19211107,7.635850978,8.653139476,500,15,456,29,515,485
24,1000,60,7.7,28,19,945,28,9,18,55,7.697605842,87,608,60.61994291,9.389786178,6.850388778,8.476525178,458,21,487,34,479,521
18,1000,60,7.7,28,68,966,25,2,7,34,8.196491637,109,633,62.67519697,10.54916892,7.958819009,8.446853152,492,21,474,13,513,487
20,1000,60,7.7,28,61,958,22,11,9,42,8.217390405,108,587,61.97622042,9.996544444,7.58613236,8.901253287,505,15,453,27,520,480
19,1000,60,7.7,28,66,959,21,11,9,41,8.46489108,112,615,62.59152336,10.4656459,7.913654868,8.984016445,473,12,486,29,485,515
17,1000,60,7.7,28,69,955,29,10,6,45,8.115861946,104,628,62.74975435,10.52261993,7.522608505,8.728408183,490,18,465,27,508,492
21,1000,60,7.7,28,59,946,33,8,13,54,8.310074065,107,628,62.53667536,10.28070875,7.81005882,8.812093379,480,21,466,33,501,499
22,1000,60,7.7,28,60,956,32,8,4,44,8.158180411,106,654,62.04282096,10.22333229,7.68909999,8.656276115,499,16,457,28,515,485
23,1000,60,7.7,28,58,955,22,10,13,45,8.204886364,119,612,62.23778908,10.4026073,7.909855018,8.499917709,482,18,473,27,500,500
18,1000,60,7.7,28,69,967,24,2,7,33,8.234913473,109,614,62.73655864,10.57049572,8.016305565,8.46519244,493,20,474,13,513,487
20,1000,60,7.7,28,62,959,21,11,9,41,8.236375101,109,628,61.99391261,10.03319002,7.604535391,8.92086812,505,15,454,26,520,480
24,1000,60,7.7,28,20,946,28,8,18,54,7.725786807,86,601,60.67090883,9.40910712,6.887749263,8.496266622,458,21,488,33,479,521
19,1000,60,7.7,28,67,957,22,12,9,43,8.495009378,112,644,62.6201925,10.4852933,7.951769843,9.006603892,472,13,485,30,485,515
17,1000,60,7.7,28,70,956,29,9,6,44,8.122860801,102,615,62.78024071,10.55690571,7.565648172,8.698194165,490,18,466,26,508,492
21,1000,60,7.7,28,60,947,33,8,12,53,8.309416942,103,620,62.55637738,10.31024603,7.814531063,8.806286332,481,20,466,33,501,499
22,1000,60,7.7,28,61,956,33,8,3,44,8.146657994,126,617,62.10347205,10.29373543,7.687385013,8.634339614,498,17,458,27,515,485
23,1000,60,7.7,28,59,955,23,10,12,45,8.173931091,115,672,62.27845138,10.45428001,7.928418762,8.419443421,482,18,473,27,500,500
18,1000,60,7.7,28,70,966,25,2,7,34,8.245916653,101,626,62.74490426,10.61158207,8.026430037,8.477121239,492,21,474,13,513,487
20,1000,60,7.7,28,63,962,20,9,9,38,8.255046112,109,635,62.03833808,10.06770164,7.648956425,8.911643272,506,14,456,24,520,480
24,1000,60,7.7,28,21,947,27,8,18,53,7.697764454,86,601,60.70442372,9.425606724,6.853658525,8.473823455,460,19,487,34,479,521
19,1000,60,7.7,28,68,956,23,12,9,44,8.503049786,113,632,62.68613878,10.50084716,7.954063297,9.020056481,472,13,484,31,485,515
17,1000,60,7.7,28,71,955,30,9,6,45,8.134784718,112,617,62.81748634,10.59064352,7.602137273,8.684754032,489,19,466,26,508,492
22,1000,60,7.7,28,62,955,34,8,3,45,8.165476354,120,641,62.14338917,10.30349316,7.706188474,8.653173794,498,17,457,28,515,485
21,1000,60,7.7,28,61,947,33,8,12,53,8.33675865,105,624,62.58679781,10.30641868,7.855617441,8.819828282,481,20,466,33,501,499
23,1000,60,7.7,28,60,954,24,10,12,46,8.188693348,107,616,62.30318787,10.48211276,7.982647839,8.394738858,481,19,473,27,500,500
18,1000,60,7.7,28,71,963,28,2,7,37,8.273606592,104,613,62.77766182,10.6303432,8.016154057,8.544804027,491,22,472,15,513,487
20,1000,60,7.7,28,64,962,21,8,9,38,8.292296925,124,608,62.0696069,10.08876566,7.71007463,8.923037744,505,15,457,23,520,480
24,1000,60,7.7,28,22,948,26,8,18,52,7.716797021,98,624,60.7230495,9.447154936,6.857281158,8.507023697,460,19,488,33,479,521
19,1000,60,7.7,28,69,956,22,13,9,44,8.539597133,106,637,62.73940121,10.51268353,8.003936506,9.044054228,471,14,485,30,485,515
17,1000,60,7.7,28,72,956,29,9,6,44,8.138591838,104,632,62.85954011,10.59810992,7.618994136,8.675087028,490,18,466,26,508,492
22,1000,60,7.7,28,63,955,34,7,4,45,8.146541915,102,625,62.20518534,10.30359521,7.689223175,8.632148411,498,17,457,28,515,485
21,1000,60,7.7,28,62,946,33,9,12,54,8.336117633,105,628,62.61167815,10.32063049,7.859619219,8.81452586,480,21,466,33,501,499
23,1000,60,7.7,28,61,953,25,11,11,47,8.218577992,111,632,62.35004244,10.49713115,8.010372542,8.426783443,481,19,472,28,500,500
18,1000,60,7.7,28,72,963,28,2,7,37,8.287617473,114,625,62.82076808,10.65117337,8.053982365,8.533725913,491,22,472,15,513,487
20,1000,60,7.7,28,65,961,22,8,9,39,8.319989477,109,641,62.12148821,10.12282975,7.739487069,8.948867086,505,15,456,24,520,480
19,1000,60,7.7,28,70,955,23,13,9,45,8.548404123,98,634,62.75690389,10.54998923,8.025176068,9.041152874,471,14,484,31,485,515
17,1000,60,7.7,28,73,956,29,10,5,44,8.150344497,112,634,62.92354375,10.61938301,7.677557438,8.638506745,490,18,466,26,508,492
24,1000,60,7.7,28,23,947,27,8,18,53,7.75622516,103,614,60.79410427,9.443007057,6.883094911,8.55896871,460,19,487,34,479,521
22,1000,60,7.7,28,64,955,35,5,5,45,8.152432486,113,630,62.23613422,10.30219523,7.687001348,8.646653179,497,18,458,27,515,485
23,1000,60,7.7,28,62,953,25,11,11,47,8.228000153,112,631,62.42204301,10.51699441,8.038086561,8.417913746,480,20,473,27,500,500
21,1000,60,7.7,28,63,946,33,9,12,54,8.349903124,100,608,62.63724094,10.34812982,7.857884675,8.843893592,480,21,466,33,501,499
18,1000,60,7.7,28,73,962,28,3,7,38,8.306112784,108,638,62.89981316,10.67893125,8.058211941,8.567248579,491,22,471,16,513,487
20,1000,60,7.7,28,66,961,22,8,9,39,8.366116695,104,641,62.14672013,10.16258285,7.794171862,8.985723598,506,14,455,25,520,480
19,1000,60,7.7,28,71,956,22,14,8,44,8.539584457,112,655,62.79362594,10.57503091,8.05529914,8.995658979,471,14,485,30,485,515
17,1000,60,7.7,28,74,955,30,10,5,45,8.199204264,120,632,62.97411282,10.6460323,7.729924276,8.68374539,490,18,465,27,508,492
22,1000,60,7.7,28,65,955,35,5,5,45,8.13751013,126,630,62.31813382,10.31888798,7.686273546,8.616658254,497,18,458,27,515,485
23,1000,60,7.7,28,63,952,24,12,12,48,8.240681771,119,620,62.49731846,10.54594724,8.054387739,8.426975803,479,21,473,27,500,500
21,1000,60,7.7,28,64,947,33,8,12,53,8.351043796,116,658,62.68254335,10.37407215,7.895449663,8.808463957,479,22,468,31,501,499
24,1000,60,7.7,28,24,947,28,7,18,53,7.787624335,89,619,60.83313645,9.45630291,6.953481463,8.554523445,460,19,487,34,479,521
18,1000,60,7.7,28,74,963,27,4,6,37,8.294801552,124,631,62.95020699,10.70817714,8.08264864,8.518280902,491,22,472,15,513,487
20,1000,60,7.7,28,67,960,23,8,9,40,8.3978481,125,629,62.16420513,10.18888091,7.828713008,9.014411117,506,14,454,26,520,480
19,1000,60,7.7,28,72,956,22,14,8,44,8.527904291,122,643,62.84813699,10.58083907,8.031221075,8.995654505,471,14,485,30,485,515
17,1000,60,7.7,28,75,955,30,10,5,45,8.208991162,105,656,63.01669076,10.66742688,7.747113882,8.685888842,490,18,465,27,508,492
22,1000,60,7.7,28,66,955,35,5,5,45,8.14693094,105,644,62.34489599,10.33919558,7.692525337,8.629444106,497,18,458,27,515,485
23,1000,60,7.7,28,64,953,24,11,12,47,8.243205688,100,617,62.55059601,10.56484032,8.044475923,8.441935452,480,20,473,27,500,500
21,1000,60,7.7,28,65,946,34,9,11,54,8.328822462,110,638,62.69317489,10.3883963,7.893564463,8.765824982,478,23,468,31,501,499
18,1000,60,7.7,28,75,962,28,4,6,38,8.326067209,124,652,63.00178802,10.73154985,8.142663385,8.519262612,490,23,472,15,513,487
20,1000,60,7.7,28,68,960,22,8,10,40,8.405054606,93,624,62.18769353,10.23042699,7.865132268,8.989970473,505,15,455,25,520,480
24,1000,60,7.7,28,25,947,27,8,18,53,7.792823317,101,607,60.8526629,9.470721842,6.956008388,8.562179077,460,19,487,34,479,521
19,1000,60,7.7,28,73,956,22,14,8,44,8.552445025,105,631,62.87197087,10.60957895,8.038783903,9.036184139,471,14,485,30,485,515
17,1000,60,7.7,28,76,956,29,10,5,44,8.247721406,101,628,63.05218052,10.68897277,7.797372488,8.712715817,490,18,466,26,508,492
22,1000,60,7.7,28,67,954,35,6,5,46,8.170016123,109,616,62.37685789,10.3508561,7.691403281,8.678233883,497,18,457,28,515,485
23,1000,60,7.7,28,65,953,24,11,12,47,8.248292882,135,646,62.60256485,10.59082979,8.081760741,8.414825022,480,20,473,27,500,500
21,1000,60,7.7,28,66,950,31,10,9,50,8.29304914,109,617,62.74677117,10.39965396,7.858358322,8.729482205,478,23,472,27,501,499
18,1000,60,7.7,28,76,966,26,3,5,34,8.275707299,126,656,63.05654655,10.7544033,8.107434784,8.452963562,492,21,474,13,513,487
20,1000,60,7.7,28,69,959,22,9,10,41,8.455563442,98,636,62.22452358,10.23647931,7.91600829,9.040081524,504,16,455,25,520,480
24,1000,60,7.7,28,26,946,28,8,18,54,7.842045914,93,627,60.87976853,9.496404464,6.992390615,8.623206929,460,19,486,35,479,521
19,1000,60,7.7,28,74,957,22,13,8,43,8.543383564,114,622,62.9160662,10.63371821,8.036482224,9.020756669,471,14,486,29,485,515
17,1000,60,7.7,28,77,954,31,10,5,46,8.275899277,114,609,63.10038739,10.71435724,7.816217865,8.750529679,489,19,465,27,508,492
22,1000,60,7.7,28,68,955,33,6,6,45,8.192868919,118,628,62.43374084,10.38867096,7.691523693,8.72522519,497,18,458,27,515,485
23,1000,60,7.7,28,66,954,24,10,12,46,8.312257054,104,615,62.66800346,10.6421656,8.163623052,8.460891056,480,20,474,26,500,500
21,1000,60,7.7,28,67,949,32,10,9,51,8.32033942,114,663,62.79083773,10.41896449,7.876235368,8.766223449,478,23,471,28,501,499
18,1000,60,7.7,28,77,966,27,3,4,34,8.285428292,105,635,63.14399669,10.78026426,8.112933598,8.467132149,492,21,474,13,513,487
20,1000,60,7.7,28,70,959,22,7,12,41,8.486308044,108,631,62.25908069,10.26115229,7.92584304,9.093478464,504,16,455,25,520,480
19,1000,60,7.7,28,75,958,20,14,8,42,8.568491013,123,635,62.96654499,10.66225096,8.051174042,9.055673016,471,14,487,28,485,515
24,1000,60,7.7,28,27,947,28,8,17,53,7.835132001,121,608,60.92079747,9.533498852,6.970072953,8.630455004,461,18,486,35,479,521
17,1000,60,7.7,28,78,953,32,10,5,47,8.305840065,112,615,63.16778865,10.74420354,7.85702233,8.769253499,488,20,465,27,508,492
23,1000,60,7.7,28,67,953,24,11,12,47,8.331157541,130,646,62.73952002,10.65575633,8.214925697,8.447389385,479,21,474,26,500,500
22,1000,60,7.7,28,69,954,32,8,6,46,8.175748249,134,628,62.49484538,10.44093081,7.684430801,8.697456466,497,18,457,28,515,485
21,1000,60,7.7,28,68,950,32,10,8,50,8.323349549,121,643,62.8122537,10.4147825,7.908302064,8.740060551,478,23,472,27,501,499
18,1000,60,7.7,28,78,964,29,4,3,36,8.307813805,119,622,63.19007002,10.82989403,8.120157658,8.505488555,493,20,471,16,513,487
20,1000,60,7.7,28,71,960,20,8,12,40,8.505212865,122,639,62.28193344,10.30737146,7.953362927,9.103050297,504,16,456,24,520,480
19,1000,60,7.7,28,76,957,21,14,8,43,8.583239821,115,652,63.00783019,10.67144647,8.054696281,9.080994417,471,14,486,29,485,515
17,1000,60,7.7,28,79,953,31,11,5,47,8.307210851,105,626,63.20447738,10.76541495,7.851853954,8.777376103,488,20,465,27,508,492
24,1000,60,7.7,28,28,947,28,8,17,53,7.872563032,83,617,60.97374511,9.550704157,7.017646563,8.658561091,461,18,486,35,479,521
23,1000,60,7.7,28,68,953,24,11,12,47,8.339513499,101,621,62.77461926,10.68744908,8.214871953,8.464155045,479,21,474,26,500,500
22,1000,60,7.7,28,70,954,32,8,6,46,8.182506726,104,617,62.53607663,10.4906968,7.668575264,8.728227764,497,18,457,28,515,485
21,1000,60,7.7,28,69,951,31,10,8,49,8.32168923,108,620,62.82764804,10.44551614,7.931098852,8.7138451,478,23,473,26,501,499
18,1000,60,7.7,28,79,962,31,4,3,38,8.332299006,100,643,63.21750429,10.86354762,8.131088925,8.544251308,492,21,470,17,513,487
20,1000,60,7.7,28,72,959,21,8,12,41,8.547064649,119,628,62.31767766,10.33644794,8.010273077,9.128588853,503,17,456,24,520,480
19,1000,60,7.7,28,77,958,21,14,7,42,8.628638341,102,624,63.07602957,10.68258312,8.091621959,9.134372215,471,14,487,28,485,515
17,1000,60,7.7,28,80,951,33,11,5,49,8.388447887,103,663,63.27945997,10.78782365,7.945002613,8.846314145,487,21,464,28,508,492
23,1000,60,7.7,28,69,955,23,10,12,45,8.324392838,123,636,62.82419233,10.7188106,8.1644626,8.484323077,479,21,476,24,500,500
22,1000,60,7.7,28,71,954,32,8,6,46,8.212212036,112,635,62.61536287,10.51465513,7.713312312,8.741971537,497,18,457,28,515,485
24,1000,60,7.7,28,29,946,30,8,16,54,7.859291487,95,611,60.99110241,9.616024357,6.993015812,8.655733038,461,18,485,36,479,521
21,1000,60,7.7,28,70,951,31,10,8,49,8.340649101,103,654,62.85789371,10.46858502,7.962773945,8.720038786,478,23,473,26,501,499
18,1000,60,7.7,28,80,964,29,4,3,36,8.305004568,98,630,63.23697858,10.90592932,8.102216445,8.518619161,494,19,470,17,513,487
20,1000,60,7.7,28,73,956,23,9,12,44,8.541676857,109,633,62.38235067,10.3542535,7.986907602,9.142676883,503,17,453,27,520,480
19,1000,60,7.7,28,78,959,20,13,8,41,8.62757874,112,629,63.09076835,10.70335305,8.104522217,9.120165951,472,13,487,28,485,515
17,1000,60,7.7,28,81,951,33,11,5,49,8.441123724,120,633,63.31500585,10.82496486,7.991794839,8.905064931,487,21,464,28,508,492
23,1000,60,7.7,28,70,954,25,10,11,46,8.350507091,111,634,62.8366579,10.73415854,8.193639817,8.507374365,480,20,474,26,500,500
22,1000,60,7.7,28,72,953,32,9,6,47,8.220523647,108,615,62.67052008,10.54302199,7.756438313,8.71331529,496,19,457,28,515,485
21,1000,60,7.7,28,71,952,29,11,8,48,8.388735485,99,675,62.9464558,10.49229507,7.990681958,8.788384417,478,23,474,25,501,499
18,1000,60,7.7,28,81,962,31,3,4,38,8.328585876,118,625,63.28891818,10.93323076,8.134344441,8.533197489,492,21,470,17,513,487
24,1000,60,7.7,28,30,946,29,9,16,54,7.876635553,97,620,61.009451,9.638758734,7.022469105,8.661944052,461,18,485,36,479,521
20,1000,60,7.7,28,74,954,23,11,12,46,8.594338134,98,647,62.40629845,10.38476351,8.010570164,9.226753436,502,18,452,28,520,480
19,1000,60,7.7,28,79,959,20,13,8,41,8.649975116,93,667,63.10711176,10.70570594,8.172943398,9.099218578,472,13,487,28,485,515
17,1000,60,7.7,28,82,949,35,11,5,51,8.50211795,102,668,63.38291691,10.825452,8.077481868,8.940563337,486,22,463,29,508,492
23,1000,60,7.7,28,71,954,25,9,12,46,8.390909884,123,630,62.85428264,10.75472619,8.209348262,8.572471507,480,20,474,26,500,500
22,1000,60,7.7,28,73,953,33,8,6,47,8.203001634,115,611,62.70724486,10.58121803,7.757385587,8.67618156,496,19,457,28,515,485
21,1000,60,7.7,28,72,951,30,11,8,49,8.398665514,110,636,62.95693362,10.4968621,7.967473059,8.831586195,478,23,473,26,501,499
18,1000,60,7.7,28,82,964,29,3,4,36,8.327182715,120,646,63.29568367,10.9621361,8.143159821,8.52103024,493,20,471,16,513,487
20,1000,60,7.7,28,75,952,25,11,12,48,8.631766336,114,652,62.41593618,10.42892665,8.060943989,9.250157212,502,18,450,30,520,480
24,1000,60,7.7,28,31,943,32,9,16,57,7.926122561,102,590,61.05124513,9.667799932,7.07589668,8.707808159,459,20,484,37,479,521
19,1000,60,7.7,28,80,959,21,13,7,41,8.617980434,123,652,63.15295526,10.73335824,8.141604458,9.066606354,472,13,487,28,485,515
17,1000,60,7.7,28,83,949,35,11,5,51,8.529571994,124,635,63.43630141,10.82795665,8.158883462,8.912315437,486,22,463,29,508,492
23,1000,60,7.7,28,72,954,24,10,12,46,8.362744435,117,646,62.88354646,10.76980995,8.193557225,8.531931646,480,20,474,26,500,500
22,1000,60,7.7,28,74,954,32,8,6,46,8.211657797,107,616,62.74489429,10.63047157,7.756456677,8.695015687,497,18,457,28,515,485
18,1000,60,7.7,28,83,963,30,4,3,37,8.314602633,124,648,63.34035217,10.97436073,8.14039659,8.498109205,492,21,471,16,513,487
21,1000,60,7.7,28,73,950,32,10,8,50,8.409439043,106,625,63.01157549,10.52167153,8.006144907,8.814349589,478,23,472,27,501,499
20,1000,60,7.7,28,76,952,25,11,12,48,8.650721387,97,637,62.44653737,10.44299968,8.107073611,9.239673145,502,18,450,30,520,480
19,1000,60,7.7,28,81,959,21,13,7,41,8.641761557,113,622,63.18313676,10.7576803,8.151481685,9.103481436,472,13,487,28,485,515
24,1000,60,7.7,28,32,943,33,8,16,57,7.915226861,101,614,61.10271743,9.695451923,7.043525092,8.716657086,459,20,484,37,479,521
17,1000,60,7.7,28,84,952,32,11,5,48,8.523408408,123,653,63.50447012,10.86361249,8.178684223,8.879343136,488,20,464,28,508,492
23,1000,60,7.7,28,73,953,25,10,12,47,8.357880179,109,622,62.94081636,10.80074127,8.194984374,8.520775983,479,21,474,26,500,500
22,1000,60,7.7,28,75,952,34,8,6,48,8.246542508,130,630,62.78192102,10.66105337,7.771178786,8.751310171,497,18,455,30,515,485
18,1000,60,7.7,28,84,964,29,4,3,36,8.33968767,116,640,63.41141595,10.99508734,8.160398421,8.528548829,492,21,472,15,513,487
21,1000,60,7.7,28,74,950,31,11,8,50,8.422857101,107,627,63.06438571,10.56650308,8.035175164,8.812092874,478,23,472,27,501,499
19,1000,60,7.7,28,82,960,19,14,7,40,8.662058816,124,653,63.22003094,10.7769027,8.18935018,9.107231026,472,13,488,27,485,515
20,1000,60,7.7,28,77,952,25,11,12,48,8.633724694,130,618,62.48579274,10.45814887,8.074911866,9.239105258,503,17,449,31,520,480
24,1000,60,7.7,28,33,944,32,8,16,56,7.964884529,101,619,61.15109217,9.704786583,7.039386741,8.81577405,460,19,484,37,479,521
22,1000,60,7.7,28,76,952,34,8,6,48,8.22528998,113,637,62.81687557,10.68491571,7.760112232,8.719241609,497,18,455,30,515,485
23,1000,60,7.7,28,74,952,26,10,12,48,8.351827722,125,643,63.00635006,10.8064312,8.179891819,8.523763626,479,21,473,27,500,500
17,1000,60,7.7,28,85,953,31,11,5,47,8.525320753,100,656,63.53705642,10.87524373,8.152034809,8.910746078,489,19,464,28,508,492
18,1000,60,7.7,28,85,964,28,5,3,36,8.371734229,118,643,63.42749194,11.00875597,8.181278976,8.572357524,492,21,472,15,513,487
21,1000,60,7.7,28,75,951,31,10,8,49,8.429526653,131,653,63.09225261,10.59981457,8.041456841,8.819151855,478,23,473,26,501,499
19,1000,60,7.7,28,83,960,19,14,7,40,8.702763153,127,656,63.28317512,10.80331008,8.27461113,9.105974282,472,13,488,27,485,515
20,1000,60,7.7,28,78,954,24,9,13,46,8.646308124,114,649,62.56372584,10.47229405,8.1114392,9.225749459,503,17,451,29,520,480
22,1000,60,7.7,28,77,952,34,8,6,48,8.232850954,108,636,62.86399218,10.69601693,7.767824752,8.726641662,497,18,455,30,515,485
23,1000,60,7.7,28,75,953,25,10,12,47,8.370245323,104,659,63.04775079,10.83752795,8.195839915,8.54465073,479,21,474,26,500,500
17,1000,60,7.7,28,86,953,31,11,5,47,8.538906236,115,642,63.56042421,10.92295515,8.163547499,8.92647176,489,19,464,28,508,492
18,1000,60,7.7,28,86,963,30,5,2,37,8.361060781,119,617,63.50008305,11.04101802,8.184466449,8.547083148,492,21,471,16,513,487
24,1000,60,7.7,28,34,944,32,7,17,56,7.934592533,106,638,61.18993434,9.740982498,6.997650884,8.796003378,459,20,485,36,479,521
21,1000,60,7.7,28,76,952,28,11,9,48,8.424513075,114,619,63.13065567,10.65118302,8.044475182,8.806074166,478,23,474,25,501,499
19,1000,60,7.7,28,84,960,20,13,7,40,8.692950872,113,626,63.33081706,10.81433723,8.238830368,9.120617754,473,12,487,28,485,515
20,1000,60,7.7,28,79,953,24,10,13,47,8.673497938,116,662,62.58472589,10.49986006,8.142964459,9.24824254,502,18,451,29,520,480
22,1000,60,7.7,28,78,952,34,8,6,48,8.225961789,120,618,62.89957203,10.71632216,7.750223987,8.731126672,497,18,455,30,515,485
23,1000,60,7.7,28,76,952,26,10,12,48,8.449369047,114,648,63.11167369,10.87290831,8.265654454,8.63308364,479,21,473,27,500,500
18,1000,60,7.7,28,87,961,31,6,2,39,8.405829288,117,645,63.54222918,11.0472759,8.263272815,8.555996579,491,22,470,17,513,487
17,1000,60,7.7,28,87,952,32,11,5,48,8.581262933,105,597,63.62434069,10.92478848,8.232183899,8.941694131,488,20,464,28,508,492
24,1000,60,7.7,28,35,943,32,8,17,57,7.942075596,105,647,61.25068012,9.753717096,7.026244536,8.784077666,459,20,484,37,479,521
19,1000,60,7.7,28,85,960,21,13,6,40,8.707198874,111,644,63.34652104,10.82717244,8.250583614,9.137215186,473,12,487,28,485,515
21,1000,60,7.7,28,77,951,29,11,9,49,8.416188255,106,633,63.15935888,10.67680244,8.034203698,8.799703811,477,24,474,25,501,499
20,1000,60,7.7,28,80,949,28,10,13,51,8.698076375,121,655,62.61083474,10.53908182,8.145687611,9.296497537,501,19,448,32,520,480
22,1000,60,7.7,28,79,952,35,7,6,48,8.243141444,114,647,62.92177391,10.72227714,7.786224144,8.72832167,497,18,455,30,515,485
23,1000,60,7.7,28,77,952,26,10,12,48,8.453277147,111,644,63.11692459,10.90445455,8.27846103,8.628093263,479,21,473,27,500,500
18,1000,60,7.7,28,88,962,30,6,2,38,8.409919126,123,646,63.59454523,11.08637533,8.282764067,8.543862751,491,22,471,16,513,487
17,1000,60,7.7,28,88,953,31,11,5,47,8.617704236,100,634,63.66171416,10.96612942,8.240131937,9.007555309,489,19,464,28,508,492
19,1000,60,7.7,28,86,961,20,13,6,39,8.720887856,110,620,63.39239218,10.82289692,8.270397364,9.145136184,473,12,488,27,485,515
21,1000,60,7.7,28,78,950,30,11,9,50,8.425377472,110,624,63.18743432,10.69899964,8.062396141,8.789813639,477,24,473,26,501,499
20,1000,60,7.7,28,81,947,29,11,13,53,8.712323837,105,643,62.65677191,10.55735522,8.158311287,9.312504099,499,21,448,32,520,480
24,1000,60,7.7,28,36,945,31,7,17,55,7.94117267,116,631,61.28971552,9.793593632,7.044540414,8.76552363,459,20,486,35,479,521
22,1000,60,7.7,28,80,952,35,7,6,48,8.253782661,93,638,62.98937158,10.7527331,7.800118802,8.735508202,497,18,455,30,515,485
23,1000,60,7.7,28,78,953,25,10,12,47,8.457472143,107,601,63.14453719,10.93826346,8.254292001,8.660652284,479,21,474,26,500,500
18,1000,60,7.7,28,89,960,32,6,2,40,8.42172855,106,636,63.63117349,11.12551998,8.284964692,8.565793969,489,24,471,16,513,487
17,1000,60,7.7,28,89,954,32,9,5,46,8.593303643,118,664,63.68254796,10.98287378,8.241969621,8.956063162,490,18,464,28,508,492
19,1000,60,7.7,28,87,957,23,14,6,43,8.74194252,121,643,63.44186983,10.84435243,8.318596239,9.140627854,471,14,486,29,485,515
21,1000,60,7.7,28,79,951,29,11,9,49,8.432518412,111,610,63.23650974,10.73900946,8.064589825,8.801921663,478,23,473,26,501,499
20,1000,60,7.7,28,82,947,28,12,13,53,8.722246387,96,625,62.70346396,10.59196993,8.177840287,9.312019662,499,21,448,32,520,480
24,1000,60,7.7,28,37,945,31,8,16,55,7.979116823,94,615,61.31343502,9.829962645,7.103612772,8.784042812,459,20,486,35,479,521
22,1000,60,7.7,28,81,952,34,8,6,48,8.264896527,111,621,63.02561551,10.79022871,7.816910103,8.74059345,497,18,455,30,515,485
23,1000,60,7.7,28,79,953,26,9,12,47,8.471730761,123,657,63.14996216,10.95457185,8.296673645,8.646787876,479,21,474,26,500,500
18,1000,60,7.7,28,90,959,33,6,2,41,8.463728283,101,622,63.6676032,11.14640424,8.34367024,8.590195995,489,24,470,17,513,487
17,1000,60,7.7,28,90,952,33,10,5,48,8.646501285,129,633,63.74317714,11.01744223,8.30888317,8.995098851,489,19,463,29,508,492
19,1000,60,7.7,28,88,956,25,14,5,44,8.753432467,123,640,63.4747126,10.86807797,8.352697589,9.130823566,470,15,486,29,485,515
21,1000,60,7.7,28,80,952,28,11,9,48,8.441495092,92,645,63.2809298,10.75422416,8.085492716,8.798924331,478,23,474,25,501,499
20,1000,60,7.7,28,83,947,26,14,13,53,8.74169062,110,624,62.72824281,10.61681533,8.217264475,9.309818944,499,21,448,32,520,480
22,1000,60,7.7,28,82,952,34,8,6,48,8.284218857,98,634,63.0550282,10.78912496,7.866700661,8.727562921,496,19,456,29,515,485
24,1000,60,7.7,28,38,945,31,8,16,55,8.007630951,112,638,61.34690826,9.843617041,7.10330896,8.839051746,459,20,486,35,479,521
18,1000,60,7.7,28,91,960,32,6,2,40,8.449147801,120,643,63.75199923,11.14362717,8.330463171,8.574168776,490,23,470,17,513,487
23,1000,60,7.7,28,80,953,26,9,12,47,8.494302046,109,647,63.1935829,10.95854913,8.305888295,8.682715797,480,20,473,27,500,500
17,1000,60,7.7,28,91,949,36,10,5,51,8.671173498,122,641,63.78744908,11.05184787,8.302566714,9.051767494,489,19,460,32,508,492
19,1000,60,7.7,28,89,955,26,14,5,45,8.790671867,109,659,63.50116234,10.9056284,8.374964708,9.182163074,469,16,486,29,485,515
21,1000,60,7.7,28,81,952,28,11,9,48,8.436465101,126,650,63.33838025,10.76444734,8.085827778,8.788507783,478,23,474,25,501,499
20,1000,60,7.7,28,84,947,26,14,13,53,8.763188824,108,646,62.76811756,10.6348441,8.241060352,9.328828002,499,21,448,32,520,480
22,1000,60,7.7,28,83,951,34,9,6,49,8.362914746,110,646,63.10854606,10.79671482,7.992263929,8.756492417,495,20,456,29,515,485
18,1000,60,7.7,28,92,957,34,7,2,43,8.463828963,110,642,63.77031352,11.17219734,8.308479859,8.62747186,489,24,468,19,513,487
23,1000,60,7.7,28,81,952,27,8,13,48,8.543095968,117,622,63.24028436,10.97044023,8.422976023,8.663215913,480,20,472,28,500,500
24,1000,60,7.7,28,39,945,32,7,16,55,8.013993209,99,626,61.39066852,9.857165802,7.10788511,8.847056125,460,19,485,36,479,521
17,1000,60,7.7,28,92,949,37,9,5,51,8.662821399,109,623,63.82114189,11.06557364,8.292449151,9.045238274,489,19,460,32,508,492
19,1000,60,7.7,28,90,955,26,14,5,45,8.794528824,101,624,63.51160872,10.93979882,8.395932711,9.169905745,469,16,486,29,485,515
21,1000,60,7.7,28,82,952,29,10,9,48,8.468687163,115,640,63.36675474,10.78823276,8.076952507,8.861991898,479,22,473,26,501,499
20,1000,60,7.7,28,85,947,26,14,13,53,8.780205643,111,616,62.80022887,10.65375893,8.274611458,9.327932677,499,21,448,32,520,480
22,1000,60,7.7,28,84,951,33,10,6,49,8.396453474,129,612,63.17030261,10.81480288,8.007597726,8.809362155,495,20,456,29,515,485
18,1000,60,7.7,28,93,956,35,7,2,44,8.50898998,104,635,63.81385334,11.186321,8.354087528,8.672162378,489,24,467,20,513,487
17,1000,60,7.7,28,93,949,37,9,5,51,8.671322402,137,668,63.85802204,11.09895508,8.264595825,9.091275859,489,19,460,32,508,492
23,1000,60,7.7,28,82,952,27,7,14,48,8.576487372,108,634,63.27354809,11.01005734,8.424367932,8.728606811,480,20,472,28,500,500
24,1000,60,7.7,28,40,944,31,9,16,56,8.004804621,108,627,61.42534439,9.884813983,7.094160638,8.842037764,460,19,484,37,479,521
19,1000,60,7.7,28,91,953,28,14,5,47,8.828107941,126,633,63.53841745,10.95142959,8.422651247,9.209945799,468,17,485,30,485,515
21,1000,60,7.7,28,83,952,28,12,8,48,8.482971336,106,590,63.39432754,10.81977067,8.066712091,8.900898955,479,22,473,26,501,499
22,1000,60,7.7,28,85,950,34,10,6,50,8.391173227,103,641,63.20683654,10.83107868,8.024414836,8.780617705,495,20,455,30,515,485
20,1000,60,7.7,28,86,948,27,14,11,52,8.798739281,114,646,62.83629041,10.67570669,8.332590807,9.303733461,498,22,450,30,520,480
18,1000,60,7.7,28,94,957,34,7,2,43,8.519247636,112,653,63.86103628,11.22203857,8.375579792,8.670585632,489,24,468,19,513,487
17,1000,60,7.7,28,94,949,38,8,5,51,8.681879362,114,632,63.9120742,11.1039382,8.306678769,9.069281602,488,20,461,31,508,492
23,1000,60,7.7,28,83,952,27,7,14,48,8.586030692,130,646,63.29715402,11.04303143,8.456418011,8.715643374,479,21,473,27,500,500
19,1000,60,7.7,28,92,954,28,14,4,46,8.834617339,107,632,63.5797375,10.97679978,8.438257687,9.20788808,468,17,486,29,485,515
21,1000,60,7.7,28,84,954,28,10,8,46,8.449224204,123,640,63.43654792,10.84253283,8.078348566,8.821586318,479,22,475,24,501,499
22,1000,60,7.7,28,86,951,34,9,6,49,8.385613823,130,646,63.25662143,10.84520085,8.009620357,8.784864616,495,20,456,29,515,485
20,1000,60,7.7,28,87,946,29,14,11,54,8.841629014,123,646,62.8644558,10.66533371,8.387616858,9.333475516,496,24,450,30,520,480
24,1000,60,7.7,28,41,943,32,8,17,57,8.05768054,97,629,61.43213871,9.905834536,7.171506344,8.872416508,459,20,484,37,479,521
18,1000,60,7.7,28,95,957,34,7,2,43,8.498977883,119,655,63.89890776,11.23101505,8.351790942,8.654022853,489,24,468,19,513,487
17,1000,60,7.7,28,95,948,39,8,5,52,8.70278638,104,654,63.93494709,11.12360642,8.307330555,9.111102558,488,20,460,32,508,492
23,1000,60,7.7,28,84,954,26,6,14,46,8.586323598,136,637,63.33406772,11.07658742,8.485504825,8.687142371,480,20,474,26,500,500
19,1000,60,7.7,28,93,952,29,15,4,48,8.889239445,105,629,63.61199092,10.99937428,8.46460173,9.289140983,466,19,486,29,485,515
21,1000,60,7.7,28,85,954,28,10,8,46,8.511563874,108,666,63.49987484,10.84388232,8.170275631,8.854220005,479,22,475,24,501,499
22,1000,60,7.7,28,87,951,33,9,7,49,8.414647639,105,633,63.29016163,10.85701163,8.011923209,8.842282859,495,20,456,29,515,485
20,1000,60,7.7,28,88,946,29,15,10,54,8.846794816,111,623,62.89516335,10.68423239,8.40164184,9.329043873,496,24,450,30,520,480
18,1000,60,7.7,28,96,956,33,9,2,44,8.527773606,128,621,63.94285455,11.23809564,8.360384428,8.704099371,489,24,467,20,513,487
24,1000,60,7.7,28,42,943,32,8,17,57,8.071351878,97,613,61.45656556,9.922496775,7.184321501,8.886875008,459,20,484,37,479,521
17,1000,60,7.7,28,96,949,39,7,5,51,8.6637245,109,654,63.99572435,11.14641784,8.292014898,9.04752222,488,20,461,31,508,492
23,1000,60,7.7,28,85,955,26,5,14,45,8.59908006,111,644,63.39904018,11.08369639,8.519544298,8.678615822,480,20,475,25,500,500
19,1000,60,7.7,28,94,951,29,16,4,49,8.933043436,104,652,63.64188436,11.03352712,8.528080555,9.314416245,466,19,485,30,485,515
22,1000,60,7.7,28,88,952,32,9,7,48,8.42748386,104,650,63.34907603,10.86363835,8.038769018,8.840242919,496,19,456,29,515,485
21,1000,60,7.7,28,86,954,28,10,8,46,8.520216077,111,634,63.55863319,10.85272867,8.186338958,8.855431381,479,22,475,24,501,499
20,1000,60,7.7,28,89,945,30,14,11,55,8.88249639,113,642,62.9198769,10.71183369,8.47401087,9.32502237,495,25,450,30,520,480
18,1000,60,7.7,28,97,956,33,9,2,44,8.547639298,117,620,63.97477668,11.24618947,8.384994582,8.718967305,489,24,467,20,513,487
24,1000,60,7.7,28,43,944,30,8,18,56,8.119092342,93,609,61.47616991,9.930233493,7.217883471,8.947650978,459,20,485,36,479,521
17,1000,60,7.7,28,97,949,39,7,5,51,8.671015787,118,653,64.06520779,11.17354456,8.338857027,9.013976458,487,21,462,30,508,492
23,1000,60,7.7,28,86,955,26,5,14,45,8.616877641,107,655,63.44497139,11.11503958,8.511423532,8.722331751,480,20,475,25,500,500
22,1000,60,7.7,28,89,952,32,9,7,48,8.439150255,117,631,63.40931744,10.90750535,8.052603065,8.849607581,496,19,456,29,515,485
19,1000,60,7.7,28,95,950,29,17,4,50,8.956906915,108,650,63.6656452,11.05206428,8.56464556,9.326318094,465,20,485,30,485,515
21,1000,60,7.7,28,87,953,29,10,8,47,8.55118297,100,646,63.57882301,10.88077871,8.222000187,8.881685124,478,23,475,24,501,499
20,1000,60,7.7,28,90,946,28,14,12,54,8.894467967,112,635,62.95831173,10.73247508,8.495457325,9.326729495,495,25,451,29,520,480
18,1000,60,7.7,28,98,956,33,9,2,44,8.572610585,104,670,63.98717032,11.28549591,8.408910264,8.745050553,489,24,467,20,513,487
17,1000,60,7.7,28,98,947,40,8,5,53,8.679353184,131,633,64.10378724,11.17153903,8.335659244,9.034224164,487,21,460,32,508,492
23,1000,60,7.7,28,87,955,26,5,14,45,8.635959905,126,646,63.45248499,11.12783163,8.506061429,8.765858381,480,20,475,25,500,500
24,1000,60,7.7,28,44,943,31,8,18,57,8.143427183,95,639,61.50204979,9.948684059,7.230025088,8.983196096,459,20,484,37,479,521
22,1000,60,7.7,28,90,951,32,10,7,49,8.481629366,120,638,63.44247743,10.92103041,8.066563957,8.922368923,495,20,456,29,515,485
21,1000,60,7.7,28,88,952,31,10,7,48,8.517840738,95,635,63.63137046,10.90405416,8.152026828,8.885120835,478,23,474,25,501,499
19,1000,60,7.7,28,96,952,27,17,4,48,8.941354465,110,628,63.72930662,11.0867301,8.570299527,9.290794553,467,18,485,30,485,515
20,1000,60,7.7,28,91,947,27,14,12,53,8.95667269,108,631,62.99787397,10.76918436,8.583116453,9.361358614,495,25,452,28,520,480
18,1000,60,7.7,28,99,955,33,9,3,45,8.585035552,102,665,64.01305583,11.30888258,8.430200546,8.748136905,488,25,467,20,513,487
17,1000,60,7.7,28,99,947,41,8,4,53,8.70589444,123,639,64.17275454,11.20408775,8.350023004,9.073338931,487,21,460,32,508,492
23,1000,60,7.7,28,88,954,27,5,14,46,8.641242095,110,638,63.49050584,11.15652989,8.532917296,8.749566895,479,21,475,25,500,500
22,1000,60,7.7,28,91,950,33,10,7,50,8.487909748,115,641,63.45081277,10.9315224,8.083866928,8.916944908,495,20,455,30,515,485
21,1000,60,7.7,28,89,952,31,10,7,48,8.539651389,122,626,63.67059166,10.92005001,8.168123144,8.912668726,478,23,474,25,501,499
24,1000,60,7.7,28,45,943,32,8,17,57,8.158737683,106,619,61.56508487,9.971543296,7.248797026,8.995324199,459,20,484,37,479,521
19,1000,60,7.7,28,97,951,28,16,5,49,8.957917896,117,630,63.77292108,11.10942361,8.63007933,9.26665907,467,18,484,31,485,515
20,1000,60,7.7,28,92,947,27,14,12,53,8.959716025,121,641,63.02218532,10.79219356,8.575439709,9.376015367,495,25,452,28,520,480
18,1000,60,7.7,28,100,956,32,9,3,44,8.630108958,122,658,64.05029988,11.31637884,8.45242937,8.81727452,488,25,468,19,513,487
17,1000,60,7.7,28,100,944,42,10,4,56,8.716572133,129,640,64.23279327,11.25171579,8.365971877,9.078574024,485,23,459,33,508,492
23,1000,60,7.7,28,89,954,27,5,14,46,8.701299967,111,617,63.51004029,11.19580245,8.601155106,8.801444829,479,21,475,25,500,500
22,1000,60,7.7,28,92,950,32,11,7,50,8.529029699,119,646,63.47243732,10.95268971,8.143732765,8.938159432,495,20,455,30,515,485
19,1000,60,7.7,28,98,952,28,15,5,48,8.980873069,97,674,63.83707457,11.14177303,8.65151973,9.291040777,468,17,484,31,485,515
21,1000,60,7.7,28,90,953,32,10,5,47,8.504053521,122,656,63.75464972,10.94740645,8.167242193,8.842214794,478,23,475,24,501,499
20,1000,60,7.7,28,93,945,28,15,12,55,8.980307421,118,610,63.07616453,10.82404975,8.594555859,9.398204946,494,26,451,29,520,480
24,1000,60,7.7,28,46,942,33,8,17,58,8.148439325,98,613,61.62561204,9.97881248,7.24440024,8.97960002,459,20,483,38,479,521
18,1000,60,7.7,28,101,957,30,10,3,43,8.609902286,116,654,64.10478026,11.3476115,8.442271215,8.786482859,489,24,468,19,513,487
17,1000,60,7.7,28,101,944,42,11,3,56,8.692488425,120,638,64.28501715,11.28587656,8.338287179,9.05820841,485,23,459,33,508,492
23,1000,60,7.7,28,90,954,27,5,14,46,8.706941236,123,647,63.52299292,11.20513614,8.601445566,8.812436906,479,21,475,25,500,500
22,1000,60,7.7,28,93,951,31,11,7,49,8.522767159,81,631,63.53034311,10.96094197,8.167216009,8.900311164,495,20,456,29,515,485
21,1000,60,7.7,28,91,953,34,10,3,47,8.554603053,126,664,63.80673753,10.97487106,8.234565575,8.875923247,479,22,474,25,501,499
19,1000,60,7.7,28,99,949,31,15,5,51,9.021784348,120,634,63.85431734,11.15406157,8.710587006,9.31485369,466,19,483,32,485,515
20,1000,60,7.7,28,94,945,27,16,12,55,9.036732533,113,641,63.131232,10.82471912,8.678665045,9.424638978,494,26,451,29,520,480
18,1000,60,7.7,28,102,958,30,9,3,42,8.614701433,127,661,64.14639703,11.38498965,8.440246481,8.798470201,491,22,467,20,513,487
17,1000,60,7.7,28,102,943,42,12,3,57,8.707745721,99,652,64.32755697,11.31371166,8.336397863,9.091169932,484,24,459,33,508,492
24,1000,60,7.7,28,47,939,35,9,17,61,8.140149893,109,618,61.69219351,10.0119402,7.224916144,8.981602801,459,20,480,41,479,521
23,1000,60,7.7,28,91,954,27,4,15,46,8.74165426,121,621,63.55680014,11.22501272,8.66291916,8.82038936,479,21,475,25,500,500
22,1000,60,7.7,28,94,951,31,11,7,49,8.509603829,124,640,63.58391186,10.99155337,8.130014036,8.912673403,495,20,456,29,515,485
21,1000,60,7.7,28,92,954,33,11,2,46,8.535056298,132,656,63.86160527,11.0063038,8.227216408,8.844130016,479,22,475,24,501,499
19,1000,60,7.7,28,100,949,31,15,5,51,9.046183168,118,643,63.91644088,11.17939626,8.728112665,9.345725292,466,19,483,32,485,515
20,1000,60,7.7,28,95,944,29,16,11,56,9.02930599,127,629,63.19247253,10.85095355,8.692566269,9.394107353,494,26,450,30,520,480
18,1000,60,7.7,28,103,957,31,9,3,43,8.663400315,124,608,64.17821096,11.40249916,8.517374915,8.817221732,490,23,467,20,513,487
17,1000,60,7.7,28,103,943,42,12,3,57,8.714986802,111,637,64.3387294,11.33760259,8.31121665,9.131887691,485,23,458,34,508,492
23,1000,60,7.7,28,92,954,27,4,15,46,8.733809473,120,613,63.58750831,11.27741569,8.645409162,8.822209784,479,21,475,25,500,500
24,1000,60,7.7,28,48,940,35,8,17,60,8.136946269,88,606,61.71731827,10.03738182,7.212378831,8.986980439,459,20,481,40,479,521
22,1000,60,7.7,28,95,950,32,11,7,50,8.518034232,126,647,63.62045436,11.0243018,8.109622038,8.951709036,494,21,456,29,515,485
21,1000,60,7.7,28,93,955,33,10,2,45,8.567028729,118,655,63.91410843,11.02775848,8.282412673,8.852785531,480,21,475,24,501,499
19,1000,60,7.7,28,101,949,29,16,6,51,9.045450202,113,618,63.95413506,11.1900558,8.715241989,9.356422985,466,19,483,32,485,515
20,1000,60,7.7,28,96,944,30,15,11,56,9.041976882,114,624,63.20714266,10.86071396,8.708771918,9.402948926,495,25,449,31,520,480
18,1000,60,7.7,28,104,958,29,10,3,42,8.695872292,126,655,64.18886542,11.44427132,8.569204492,8.829302643,490,23,468,19,513,487
25,1000,60,7.7,28,0,941,23,23,13,59,7.163,90,615,59.88251804,8.830502731,6.332657201,7.970414201,469,24,472,35,493,507
17,1000,60,7.7,28,104,941,44,12,3,59,8.736769171,124,664,64.38188052,11.36310793,8.35468688,9.131276903,485,23,456,36,508,492
26,1000,60,7.7,28,0,933,35,14,18,67,7.385,108,608,60.05383165,9.049052492,6.369747899,8.307251908,457,19,476,48,476,524
23,1000,60,7.7,28,93,955,26,4,15,45,8.74143569,123,659,63.61650195,11.30935167,8.662505143,8.820366236,480,20,475,25,500,500
24,1000,60,7.7,28,49,939,36,8,17,61,8.130171236,104,604,61.73535201,10.05451801,7.190958366,8.993670209,459,20,480,41,479,521
22,1000,60,7.7,28,96,951,30,12,7,49,8.524742241,110,630,63.69523606,11.04153258,8.126535896,8.947579906,494,21,457,28,515,485
19,1000,60,7.7,28,102,950,27,17,6,50,9.094489207,107,665,64.02006316,11.20603728,8.79313588,9.378287971,466,19,484,31,485,515
21,1000,60,7.7,28,94,954,34,10,2,46,8.604484409,119,652,63.97197339,11.07209404,8.334145422,8.87590692,480,21,474,25,501,499
20,1000,60,7.7,28,97,945,29,15,11,55,9.030475554,127,628,63.22099723,10.89098865,8.670002512,9.420988017,496,24,449,31,520,480
23,1000,60,7.7,28,94,955,26,4,15,45,8.739516794,117,640,63.69134625,11.32241423,8.673538294,8.805495293,480,20,475,25,500,500
25,1000,60,7.7,28,1,943,22,22,13,57,7.177176912,84,592,59.92232308,8.842085196,6.359687831,7.97209233,470,23,473,34,493,507
26,1000,60,7.7,28,1,933,34,16,17,67,7.402565543,83,573,60.07991469,9.087811755,6.402498626,8.311023277,457,19,476,48,476,524
22,1000,60,7.7,28,97,951,29,13,7,49,8.562397703,119,627,63.72556945,11.0836317,8.137441702,9.013639642,494,21,457,28,515,485
19,1000,60,7.7,28,103,949,28,17,6,51,9.132595747,132,656,64.04747454,11.22544932,8.8451356,9.403310641,465,20,484,31,485,515
21,1000,60,7.7,28,95,952,36,10,2,48,8.629222199,120,631,64.01606088,11.10185974,8.354853421,8.904690652,480,21,472,27,501,499
24,1000,60,7.7,28,50,936,38,9,17,64,8.207990029,116,624,61.78382944,10.07476903,7.257058447,9.082263018,458,21,478,43,479,521
20,1000,60,7.7,28,98,946,28,15,11,54,9.035334408,117,638,63.27383035,10.9300777,8.657114616,9.445072516,496,24,450,30,520,480
23,1000,60,7.7,28,95,956,27,4,13,44,8.72395348,119,638,63.73754266,11.35914601,8.679541626,8.768365335,480,20,476,24,500,500
25,1000,60,7.7,28,2,942,25,21,12,58,7.173643855,91,609,59.96081434,8.875249507,6.38786762,7.937722127,469,24,473,34,493,507
26,1000,60,7.7,28,2,938,29,16,17,62,7.387922475,90,603,60.0985549,9.132151448,6.387345261,8.296843762,460,16,478,46,476,524
22,1000,60,7.7,28,98,951,29,13,7,49,8.571126821,102,646,63.77597416,11.13300506,8.159999694,9.007684492,494,21,457,28,515,485
19,1000,60,7.7,28,104,949,28,17,6,51,9.125041925,112,634,64.07553246,11.24224206,8.861183532,9.373529927,465,20,484,31,485,515
21,1000,60,7.7,28,96,952,36,10,2,48,8.623662425,97,646,64.04410019,11.12971857,8.320901479,8.927636843,480,21,472,27,501,499
27,1000,60,7.7,28,0,931,43,11,15,69,7.131,86,589,60.00469266,9.103894772,6.288100209,7.905950096,452,27,479,42,479,521
20,1000,60,7.7,28,99,946,29,15,10,54,9.031278703,94,609,63.32016965,10.9747998,8.691909928,9.39892821,497,23,449,31,520,480
24,1000,60,7.7,28,51,934,40,9,17,66,8.242537151,105,614,61.8230507,10.100882,7.314925989,9.095369678,456,23,478,43,479,521
23,1000,60,7.7,28,96,957,27,3,13,43,8.748188114,131,637,63.74188599,11.41770343,8.74306572,8.753310508,480,20,477,23,500,500
22,1000,60,7.7,28,99,952,28,14,6,48,8.594070705,104,642,63.77735812,11.1658524,8.161439537,9.053462565,495,20,457,28,515,485
25,1000,60,7.7,28,3,943,27,19,11,57,7.148965099,117,610,60.01231465,8.8909268,6.378210163,7.898436861,469,24,474,33,493,507
26,1000,60,7.7,28,3,938,29,16,17,62,7.410667479,92,592,60.13370386,9.155778528,6.423521708,8.307387683,460,16,478,46,476,524
21,1000,60,7.7,28,97,951,37,10,2,49,8.638650029,103,639,64.09386861,11.1372778,8.346496822,8.931974191,480,21,471,28,501,499
20,1000,60,7.7,28,100,945,30,15,10,55,9.072676039,118,644,63.31832496,11.00451239,8.730188689,9.443704002,496,24,449,31,520,480
27,1000,60,7.7,28,1,932,42,11,15,68,7.184826827,79,619,60.05409782,9.121680896,6.344395811,7.957507166,453,26,479,42,479,521
24,1000,60,7.7,28,52,934,39,10,17,66,8.269185118,134,616,61.82771251,10.12638369,7.290185878,9.169263113,456,23,478,43,479,521
23,1000,60,7.7,28,97,957,27,3,13,43,8.78773743,111,636,63.76316163,11.457526,8.80707077,8.76840409,480,20,477,23,500,500
22,1000,60,7.7,28,100,951,30,13,6,49,8.652349393,123,642,63.80826493,11.19942325,8.218598261,9.112930492,496,19,455,30,515,485
25,1000,60,7.7,28,4,943,26,20,11,57,7.16504589,107,604,60.03335822,8.931386684,6.406070075,7.903063793,470,23,473,34,493,507
26,1000,60,7.7,28,4,940,29,16,15,60,7.430790323,114,603,60.17106812,9.205431177,6.469491772,8.304030991,460,16,480,44,476,524
21,1000,60,7.7,28,98,950,38,10,2,50,8.655975056,116,655,64.12145931,11.1590469,8.342186078,8.971021706,479,22,471,28,501,499
20,1000,60,7.7,28,101,946,29,15,10,54,9.094625754,116,631,63.32804331,11.0237581,8.721360925,9.498995985,497,23,449,31,520,480
27,1000,60,7.7,28,2,933,40,12,15,67,7.219939475,90,601,60.08436473,9.140481553,6.36826127,8.002960321,454,25,479,42,479,521
23,1000,60,7.7,28,98,956,28,3,13,44,8.83862617,117,648,63.7787334,11.47838412,8.845060865,8.832191474,479,21,477,23,500,500
24,1000,60,7.7,28,53,933,41,9,17,67,8.286018469,107,605,61.86139629,10.14676768,7.240024998,9.247690009,456,23,477,44,479,521
22,1000,60,7.7,28,101,950,30,14,6,50,8.655924144,113,642,63.84934729,11.20911782,8.23948429,9.098123164,495,20,455,30,515,485
26,1000,60,7.7,28,5,939,30,16,15,61,7.484568878,91,620,60.21073762,9.215652406,6.540116802,8.34250626,459,17,480,44,476,524
25,1000,60,7.7,28,5,945,24,20,11,55,7.193632197,108,634,60.04911719,8.939393328,6.471918817,7.895416609,470,23,475,32,493,507
21,1000,60,7.7,28,99,951,37,10,2,49,8.668756242,117,651,64.19229798,11.20200383,8.303887031,9.035087854,481,20,470,29,501,499
20,1000,60,7.7,28,102,947,29,14,10,53,9.068237671,106,613,63.36456845,11.0339764,8.686061119,9.48226227,498,22,449,31,520,480
27,1000,60,7.7,28,3,934,39,12,15,66,7.218855912,93,578,60.10897827,9.164727637,6.401575418,7.97025199,454,25,480,41,479,521
23,1000,60,7.7,28,99,957,27,3,13,43,8.850403471,126,641,63.83266355,11.50206115,8.864033836,8.836773107,479,21,478,22,500,500
22,1000,60,7.7,28,102,950,29,15,6,50,8.62909149,114,663,63.86973431,11.2246541,8.210442981,9.073635784,495,20,455,30,515,485
24,1000,60,7.7,28,54,933,40,10,17,67,8.307595402,107,645,61.86031315,10.15191749,7.238850149,9.290184608,456,23,477,44,479,521
26,1000,60,7.7,28,6,939,30,16,15,61,7.522120886,92,606,60.24228199,9.231543938,6.576309216,8.381293319,459,17,480,44,476,524
25,1000,60,7.7,28,6,945,24,20,11,55,7.183533032,105,618,60.10098559,8.971899465,6.459306123,7.887761564,470,23,475,32,493,507
21,1000,60,7.7,28,100,953,35,10,2,47,8.664009424,113,675,64.25270392,11.22934217,8.2903577,9.03915875,482,19,471,28,501,499
20,1000,60,7.7,28,103,948,28,14,10,52,9.053776176,131,640,63.40124985,11.05080366,8.671614271,9.467784906,498,22,450,30,520,480
27,1000,60,7.7,28,4,934,39,10,17,66,7.262744411,87,574,60.13970862,9.168779928,6.473003829,7.988820685,454,25,480,41,479,521
23,1000,60,7.7,28,100,957,26,4,13,43,8.859044183,129,649,63.89578456,11.52293042,8.90831334,8.809775026,479,21,478,22,500,500
22,1000,60,7.7,28,103,950,28,16,6,50,8.657872208,112,634,63.92269908,11.26856422,8.238079717,9.103631244,495,20,455,30,515,485
26,1000,60,7.7,28,7,940,28,16,16,60,7.547045624,87,605,60.30555475,9.248224269,6.610524933,8.39777816,459,17,481,43,476,524
25,1000,60,7.7,28,7,945,25,19,11,55,7.240749851,94,597,60.14946101,8.987372322,6.501265343,7.959814669,470,23,475,32,493,507
24,1000,60,7.7,28,55,933,39,10,18,67,8.333828626,112,634,61.91773841,10.18633795,7.235668085,9.343461829,456,23,477,44,479,521
21,1000,60,7.7,28,101,950,38,10,2,50,8.714694667,123,663,64.27111435,11.2552251,8.337722555,9.093177688,481,20,469,30,501,499
20,1000,60,7.7,28,104,950,26,14,10,50,9.053342217,123,623,63.46915319,11.06975014,8.668608785,9.470136769,499,21,451,29,520,480
28,1000,60,7.7,28,0,950,24,15,11,50,7.134,81,595,59.73161762,8.750347284,6.239043825,8.036144578,487,15,463,35,502,498
27,1000,60,7.7,28,5,935,38,10,17,65,7.316882557,88,610,60.1742701,9.185579554,6.515137023,8.053996014,455,24,480,41,479,521
23,1000,60,7.7,28,101,957,26,4,13,43,8.881229335,112,631,63.95330403,11.53458903,8.933699609,8.828759061,479,21,478,22,500,500
22,1000,60,7.7,28,104,948,30,16,6,52,8.672742161,110,622,63.9718166,11.29513464,8.276243229,9.0937668,493,22,455,30,515,485
29,1000,60,7.7,28,0,936,36,16,12,64,7.346,93,615,60.13725395,8.919515002,6.69667319,8.024539877,488,23,448,41,511,489
26,1000,60,7.7,28,8,938,31,16,15,62,7.581155897,89,601,60.33009868,9.281352627,6.667515111,8.411104398,459,17,479,45,476,524
25,1000,60,7.7,28,8,945,25,19,11,55,7.265441584,91,589,60.15641572,9.003647166,6.5228251,7.987551893,470,23,475,32,493,507
21,1000,60,7.7,28,102,951,37,10,2,49,8.730372999,119,642,64.27822455,11.26711852,8.357054551,9.105187713,482,19,469,30,501,499
24,1000,60,7.7,28,56,933,39,10,18,67,8.295578237,110,632,61.94545814,10.19654558,7.240028842,9.266035359,456,23,477,44,479,521
27,1000,60,7.7,28,6,937,36,10,17,63,7.334889153,104,606,60.20801204,9.218513556,6.560492793,8.046858167,455,24,482,39,479,521
23,1000,60,7.7,28,102,955,28,4,13,45,8.923151696,127,657,63.99491795,11.57257107,8.971785282,8.87451811,478,22,477,23,500,500
28,1000,60,7.7,28,1,953,24,12,11,47,7.109729372,98,626,59.76689993,8.773157215,6.221166444,8.005429352,488,14,465,33,502,498
26,1000,60,7.7,28,9,939,32,14,15,61,7.608936173,92,614,60.33935123,9.30614678,6.669239844,8.46255345,461,15,478,46,476,524
25,1000,60,7.7,28,9,945,26,18,11,55,7.282667038,100,569,60.19158046,9.009089178,6.562240859,7.983199793,469,24,476,31,493,507
29,1000,60,7.7,28,1,939,34,15,12,61,7.348899374,99,579,60.14405685,8.920888947,6.715494941,8.01080053,488,23,451,38,511,489
21,1000,60,7.7,28,103,950,37,11,2,50,8.746974857,97,646,64.29949401,11.28155752,8.384245818,9.111157719,482,19,468,31,501,499
27,1000,60,7.7,28,7,938,34,12,16,62,7.346923838,103,634,60.26343278,9.242217457,6.582502319,8.049722125,456,23,482,39,479,521
23,1000,60,7.7,28,103,953,30,5,12,47,8.911895944,132,628,64.01298382,11.58594194,8.963580045,8.860211842,476,24,477,23,500,500
24,1000,60,7.7,28,57,933,39,10,18,67,8.294861016,102,650,61.96570701,10.20974484,7.255112968,9.250790603,456,23,477,44,479,521
28,1000,60,7.7,28,2,955,23,11,11,45,7.115884049,92,592,59.82218943,8.809176712,6.22643172,8.012480573,490,12,465,33,502,498
26,1000,60,7.7,28,10,940,32,12,16,60,7.594338744,87,631,60.39229765,9.314065742,6.644162217,8.4574762,462,14,478,46,476,524
25,1000,60,7.7,28,10,947,25,19,9,53,7.240747953,103,608,60.24089661,9.031828007,6.522697963,7.938970133,471,22,476,31,493,507
21,1000,60,7.7,28,104,950,35,13,2,50,8.740964003,121,669,64.33980769,11.32269847,8.38788681,9.095456335,482,19,468,31,501,499
29,1000,60,7.7,28,2,941,32,16,11,59,7.337892101,101,604,60.17297523,8.946343608,6.725559418,7.977773494,489,22,452,37,511,489
30,1000,60,7.7,28,0,950,25,10,15,50,6.993,78,571,59.83554354,8.712486472,5.813807531,8.072796935,462,16,488,34,478,522
27,1000,60,7.7,28,8,939,34,12,15,61,7.340188243,96,599,60.30554753,9.284275798,6.596439234,8.023980517,456,23,483,38,479,521
23,1000,60,7.7,28,104,952,31,5,12,48,8.927956639,126,652,64.07537435,11.63153115,8.999300236,8.856613042,475,25,477,23,500,500
31,1000,60,7.7,28,0,934,29,18,19,66,7.404,82,588,59.75175857,9.041300802,7.047916667,7.732692308,455,25,479,41,480,520
28,1000,60,7.7,28,3,954,24,11,11,46,7.161064405,82,621,59.85562068,8.8387114,6.275683643,8.053556659,490,12,464,34,502,498
24,1000,60,7.7,28,58,932,40,10,18,68,8.321138013,100,627,61.99590066,10.22217531,7.273971822,9.283887736,456,23,476,45,479,521
26,1000,60,7.7,28,11,940,32,12,16,60,7.59986073,104,637,60.39939584,9.352993323,6.640829371,8.471041889,462,14,478,46,476,524
25,1000,60,7.7,28,11,947,25,19,9,53,7.270862781,80,600,60.29233511,9.061931188,6.523915697,7.997184107,471,22,476,31,493,507
30,1000,60,7.7,28,1,951,23,11,15,49,7.032269249,95,599,59.88426166,8.731992565,5.83721128,8.126594362,463,15,488,34,478,522
29,1000,60,7.7,28,3,940,33,16,11,60,7.381767884,91,601,60.22596491,8.980375685,6.762408418,8.028992194,489,22,451,38,511,489
27,1000,60,7.7,28,9,939,34,12,15,61,7.357748186,83,619,60.34652034,9.31567044,6.617762199,8.038080792,456,23,483,38,479,521
31,1000,60,7.7,28,1,934,28,19,19,66,7.444387446,90,574,59.75721887,9.047083953,7.081238049,7.779602274,455,25,479,41,480,520
28,1000,60,7.7,28,4,954,24,11,11,46,7.21547717,114,606,59.91012672,8.880059715,6.341324798,8.096650846,490,12,464,34,502,498
24,1000,60,7.7,28,59,931,41,10,18,69,8.332982706,113,635,62.02104877,10.26254553,7.289288134,9.292540671,455,24,476,45,479,521
26,1000,60,7.7,28,12,943,30,12,15,57,7.595190457,102,603,60.44111106,9.35796374,6.654572659,8.449644792,463,13,480,44,476,524
25,1000,60,7.7,28,12,948,23,20,9,52,7.330910117,95,591,60.32240991,9.075528382,6.56671408,8.074004094,471,22,477,30,493,507
30,1000,60,7.7,28,2,952,23,9,16,48,7.056370246,86,599,59.92071641,8.759508247,5.886237397,8.127871207,463,15,489,33,478,522
27,1000,60,7.7,28,10,942,31,12,15,58,7.379908373,84,611,60.39054658,9.345148222,6.615746913,8.082467566,458,21,484,37,479,521
29,1000,60,7.7,28,4,940,34,15,11,60,7.374063638,102,578,60.2641697,9.003043882,6.758501765,8.017319501,489,22,451,38,511,489
31,1000,60,7.7,28,2,934,28,18,20,66,7.490885324,99,581,59.77131941,9.076673768,7.119604439,7.833606141,455,25,479,41,480,520
26,1000,60,7.7,28,13,944,29,12,15,56,7.618337084,93,596,60.47954721,9.370572027,6.687200085,8.464179091,464,12,480,44,476,524
28,1000,60,7.7,28,5,954,24,11,11,46,7.252574169,99,572,59.96178728,8.909149078,6.418836337,8.09300869,489,13,465,33,502,498
25,1000,60,7.7,28,13,948,24,19,9,52,7.349136218,101,611,60.37655149,9.117703148,6.600578544,8.07702366,471,22,477,30,493,507
24,1000,60,7.7,28,60,930,42,10,18,70,8.376042312,105,611,62.04959434,10.29427685,7.36260188,9.307785051,455,24,475,46,479,521
30,1000,60,7.7,28,3,954,22,9,15,46,7.047743269,107,609,59.94082294,8.787474663,5.844438233,8.149620294,464,14,490,32,478,522
27,1000,60,7.7,28,11,941,32,12,15,59,7.399774889,90,608,60.42839633,9.380010733,6.639728578,8.098550673,458,21,483,38,479,521
31,1000,60,7.7,28,3,934,28,18,20,66,7.489117362,114,629,59.79442458,9.0939146,7.125380743,7.824874242,455,25,479,41,480,520
29,1000,60,7.7,28,5,940,34,15,11,60,7.392253367,95,605,60.31098566,9.037825917,6.787405056,8.024313667,489,22,451,38,511,489
26,1000,60,7.7,28,14,947,27,12,14,53,7.588756505,119,611,60.50544102,9.410678665,6.689417031,8.405713738,465,11,482,42,476,524
28,1000,60,7.7,28,6,953,25,11,11,47,7.304141313,101,607,59.96662821,8.926418181,6.475378599,8.139560756,488,14,465,33,502,498
30,1000,60,7.7,28,4,954,22,9,15,46,7.050670008,105,604,59.95346355,8.790569948,5.860490971,8.14052744,464,14,490,32,478,522
25,1000,60,7.7,28,14,948,24,18,10,52,7.392020214,102,595,60.41700897,9.14809494,6.648020206,8.115475844,471,22,477,30,493,507
24,1000,60,7.7,28,61,929,43,11,17,71,8.382546112,113,606,62.07792049,10.31687908,7.384789082,9.299869754,455,24,474,47,479,521
27,1000,60,7.7,28,12,943,30,13,14,57,7.418067787,101,599,60.49181194,9.400790666,6.686361863,8.090787822,458,21,485,36,479,521
31,1000,60,7.7,28,4,935,28,17,20,65,7.476619179,100,631,59.81571214,9.117255969,7.110307724,7.81475283,456,24,479,41,480,520
29,1000,60,7.7,28,6,943,32,14,11,57,7.396482293,105,629,60.38381279,9.064608459,6.777233965,8.043590463,491,20,452,37,511,489
26,1000,60,7.7,28,15,948,26,11,15,52,7.632457434,82,614,60.5677292,9.448757287,6.723324496,8.458311019,465,11,483,41,476,524
28,1000,60,7.7,28,7,952,26,12,10,48,7.362428143,91,613,59.99319259,8.95044844,6.565452766,8.165804929,488,14,464,34,502,498
30,1000,60,7.7,28,5,954,22,9,15,46,7.091627537,82,606,60.00585791,8.806582605,5.888448566,8.193389124,465,13,489,33,478,522
25,1000,60,7.7,28,15,949,23,18,10,51,7.438432593,87,608,60.51891168,9.175115837,6.714846658,8.142037851,471,22,478,29,493,507
31,1000,60,7.7,28,5,935,28,17,20,65,7.498618317,102,580,59.88200844,9.192609102,7.140899652,7.828820161,456,24,479,41,480,520
27,1000,60,7.7,28,13,945,28,13,14,55,7.397240173,89,617,60.5189245,9.396593653,6.665139168,8.070323438,459,20,486,35,479,521
24,1000,60,7.7,28,62,929,42,11,18,71,8.426767029,101,643,62.10685984,10.3355782,7.425633783,9.347194715,454,25,475,46,479,521
26,1000,60,7.7,28,16,953,24,8,15,47,7.590475992,118,602,60.61033294,9.469589856,6.733828841,8.368651648,466,10,487,37,476,524
28,1000,60,7.7,28,8,953,25,12,10,47,7.38507753,106,617,60.00788358,8.973733669,6.583510584,8.193082765,488,14,465,33,502,498
29,1000,60,7.7,28,7,939,36,14,11,61,7.457794862,94,652,60.43106816,9.065598365,6.813114539,8.131479207,490,21,449,40,511,489
30,1000,60,7.7,28,6,954,22,9,15,46,7.122945699,62,609,60.04548295,8.827086967,5.956632534,8.190948941,465,13,489,33,478,522
31,1000,60,7.7,28,6,937,27,16,20,63,7.530519205,97,581,59.92900099,9.234416596,7.135136816,7.895487564,457,23,480,40,480,520
25,1000,60,7.7,28,16,949,23,18,10,51,7.47161267,91,608,60.57446289,9.187831733,6.749460738,8.173823523,471,22,478,29,493,507
27,1000,60,7.7,28,14,946,28,13,13,54,7.414765583,106,628,60.54097841,9.413671351,6.666584341,8.10263279,460,19,486,35,479,521
26,1000,60,7.7,28,17,954,22,9,15,46,7.588859235,113,614,60.67172997,9.510579632,6.750406478,8.35050716,465,11,489,35,476,524
28,1000,60,7.7,28,9,953,26,12,9,47,7.422938306,80,608,60.01878841,9.020966266,6.668532237,8.18340386,488,14,465,33,502,498
24,1000,60,7.7,28,63,928,43,12,17,72,8.451562768,113,605,62.13329861,10.35955193,7.438180305,9.383252212,454,25,474,47,479,521
30,1000,60,7.7,28,7,955,21,9,15,45,7.160895731,93,586,60.06889693,8.848370812,5.978038229,8.24404877,466,12,489,33,478,522
29,1000,60,7.7,28,8,941,35,13,11,59,7.45760016,114,596,60.45213877,9.079371084,6.800670883,8.144084537,491,20,450,39,511,489
31,1000,60,7.7,28,7,937,28,16,19,63,7.542552927,101,632,59.97260108,9.273801133,7.149885784,7.905014905,457,23,480,40,480,520
25,1000,60,7.7,28,17,950,23,17,10,50,7.469401439,105,612,60.60177259,9.242714649,6.738440146,8.180178397,472,21,478,29,493,507
27,1000,60,7.7,28,15,948,27,12,13,52,7.42729892,97,619,60.56130055,9.419208161,6.702554367,8.093618768,461,18,487,34,479,521
26,1000,60,7.7,28,18,953,23,9,15,47,7.603054261,103,613,60.68814232,9.542117959,6.755610339,8.372869732,465,11,488,36,476,524
28,1000,60,7.7,28,10,953,26,12,9,47,7.450464154,85,599,60.0581832,9.044823199,6.689561415,8.217478562,489,13,464,34,502,498
30,1000,60,7.7,28,8,956,22,8,14,44,7.155596006,84,620,60.11047669,8.840567313,5.998231694,8.215404705,466,12,490,32,478,522
24,1000,60,7.7,28,64,929,43,12,16,71,8.42863942,107,643,62.16950634,10.37845013,7.430669367,9.346158911,455,24,474,47,479,521
29,1000,60,7.7,28,9,944,32,13,11,56,7.446067315,89,601,60.47102932,9.104731824,6.843717415,8.075516802,492,19,452,37,511,489
31,1000,60,7.7,28,8,937,28,16,19,63,7.574758879,102,600,60.02787194,9.295298123,7.191537464,7.928501723,457,23,480,40,480,520
25,1000,60,7.7,28,18,950,23,16,11,50,7.515852138,93,618,60.63978814,9.253418766,6.780515811,8.23088332,472,21,478,29,493,507
27,1000,60,7.7,28,16,948,27,12,13,52,7.462187372,87,610,60.58118262,9.424838841,6.709779694,8.153940304,461,18,487,34,479,521
26,1000,60,7.7,28,19,953,23,9,15,47,7.609620323,96,608,60.718953,9.557584393,6.757861837,8.383355131,465,11,488,36,476,524
28,1000,60,7.7,28,11,954,26,11,9,46,7.45258437,106,569,60.06730747,9.044427399,6.679429215,8.231949606,489,13,465,33,502,498
30,1000,60,7.7,28,9,956,21,9,14,44,7.178645356,97,593,60.14521225,8.872898069,6.021958892,8.237833343,466,12,490,32,478,522
29,1000,60,7.7,28,10,945,31,13,11,55,7.463565063,104,595,60.48752248,9.158324954,6.866014345,8.087999454,493,18,452,37,511,489
31,1000,60,7.7,28,9,937,28,15,20,63,7.621148063,99,600,60.04861293,9.304015589,7.263416896,7.951361448,457,23,480,40,480,520
25,1000,60,7.7,28,19,952,23,14,11,48,7.530509508,124,618,60.65092635,9.282158367,6.746142406,8.293217557,473,20,479,28,493,507
24,1000,60,7.7,28,65,930,42,11,17,70,8.447463623,102,650,62.18820939,10.42592694,7.474402404,9.342082286,455,24,475,46,479,521
27,1000,60,7.7,28,17,946,29,12,13,54,7.473258162,92,625,60.64933944,9.458758439,6.727348544,8.159036871,460,19,486,35,479,521
26,1000,60,7.7,28,20,954,21,10,15,46,7.637398527,112,618,60.72366083,9.597560782,6.783989162,8.412632989,465,11,489,35,476,524
28,1000,60,7.7,28,12,955,26,10,9,45,7.52586155,108,631,60.08496853,9.090297277,6.729500162,8.328619415,489,13,466,32,502,498
30,1000,60,7.7,28,10,956,21,9,14,44,7.191693431,99,605,60.19020889,8.890074486,6.034138394,8.251676779,466,12,490,32,478,522
31,1000,60,7.7,28,10,936,28,17,19,64,7.635132522,80,627,60.10332642,9.329668981,7.272902011,7.969499148,457,23,479,41,480,520
29,1000,60,7.7,28,11,943,33,13,11,57,7.479025933,89,604,60.54427792,9.17823933,6.881252326,8.10369324,493,18,450,39,511,489
25,1000,60,7.7,28,20,952,23,14,11,48,7.555675907,103,620,60.69732559,9.294654229,6.76871433,8.320906789,473,20,479,28,493,507
27,1000,60,7.7,28,18,945,30,12,13,55,7.507250033,113,613,60.66899638,9.485656424,6.762720221,8.191760167,459,20,486,35,479,521
26,1000,60,7.7,28,21,955,21,9,15,45,7.648088098,102,599,60.78623751,9.615551835,6.783693272,8.43330172,465,11,490,34,476,524
24,1000,60,7.7,28,66,929,43,11,17,71,8.470612588,119,628,62.2258574,10.44271193,7.502872183,9.360339372,455,24,474,47,479,521
28,1000,60,7.7,28,13,957,23,11,9,43,7.516280608,93,633,60.11811738,9.099658479,6.721873665,8.31706833,490,12,467,31,502,498
30,1000,60,7.7,28,11,956,21,9,14,44,7.237643142,88,594,60.24382878,8.909351847,6.075950353,8.301415465,466,12,490,32,478,522
31,1000,60,7.7,28,11,936,28,17,19,64,7.674129399,87,613,60.1075111,9.356358732,7.289392797,8.029270877,457,23,479,41,480,520
29,1000,60,7.7,28,12,943,33,13,11,57,7.519758004,98,625,60.56159236,9.193917449,6.928647813,8.137462109,493,18,450,39,511,489
25,1000,60,7.7,28,21,951,24,14,11,49,7.644299504,96,622,60.72964418,9.319494672,6.853267336,8.413488575,473,20,478,29,493,507
27,1000,60,7.7,28,19,946,29,12,13,54,7.52580773,91,619,60.71034467,9.516991625,6.800776174,8.192391445,459,20,487,34,479,521
26,1000,60,7.7,28,22,956,22,9,13,44,7.625998779,101,604,60.84373298,9.647949017,6.764664525,8.408432186,465,11,491,33,476,524
28,1000,60,7.7,28,14,958,22,10,10,42,7.558853603,92,602,60.14433032,9.110381046,6.790977646,8.332897237,490,12,468,30,502,498
30,1000,60,7.7,28,12,958,20,8,14,42,7.245429493,102,607,60.31365297,8.941710128,6.077769893,8.314665678,467,11,491,31,478,522
24,1000,60,7.7,28,67,928,43,12,17,72,8.513128452,101,608,62.28300487,10.46916868,7.546270529,9.402043893,454,25,474,47,479,521
31,1000,60,7.7,28,12,937,27,17,19,63,7.72557665,102,603,60.1342726,9.383205687,7.351721855,8.070673383,457,23,480,40,480,520
25,1000,60,7.7,28,22,951,24,14,11,49,7.641594999,99,595,60.73303871,9.323929792,6.871814781,8.390118959,473,20,478,29,493,507
29,1000,60,7.7,28,13,943,33,12,12,57,7.554115926,99,589,60.62080493,9.196322873,6.945880137,8.189716106,493,18,450,39,511,489
26,1000,60,7.7,28,23,956,22,9,13,44,7.637685404,79,611,60.91586276,9.663062222,6.747725451,8.446122309,466,10,490,34,476,524
28,1000,60,7.7,28,15,959,22,9,10,41,7.592595902,105,637,60.16245229,9.113466071,6.863797399,8.327248207,489,13,470,28,502,498
27,1000,60,7.7,28,20,947,27,12,14,53,7.584214805,80,593,60.74806749,9.547082369,6.833878158,8.27406366,460,19,487,34,479,521
30,1000,60,7.7,28,13,958,20,8,14,42,7.271857423,91,618,60.33380616,8.957213923,6.116506395,8.32982254,467,11,491,31,478,522
31,1000,60,7.7,28,13,937,29,16,18,63,7.706360696,91,629,60.1824957,9.415255295,7.347934831,8.037215341,457,23,480,40,480,520
24,1000,60,7.7,28,68,928,43,12,17,72,8.498361522,110,614,62.31791414,10.50665226,7.552424769,9.368042338,454,25,474,47,479,521
26,1000,60,7.7,28,24,956,22,9,13,44,7.634098674,102,615,60.94586402,9.69276661,6.724445637,8.460424716,466,10,490,34,476,524
25,1000,60,7.7,28,23,950,25,14,11,50,7.688180964,79,640,60.76504991,9.339233943,6.936760013,8.418852618,473,20,477,30,493,507
28,1000,60,7.7,28,16,959,23,9,9,41,7.621178953,109,601,60.19374487,9.12634784,6.947647877,8.300119917,488,14,471,27,502,498
29,1000,60,7.7,28,14,943,32,13,12,57,7.566579911,118,597,60.64117393,9.242010631,6.95362524,8.207111275,493,18,450,39,511,489
30,1000,60,7.7,28,14,958,20,8,14,42,7.300470044,82,615,60.37891633,8.993749058,6.159345006,8.345408298,467,11,491,31,478,522
27,1000,60,7.7,28,21,948,28,10,14,52,7.608923315,94,616,60.78425772,9.571205381,6.840961932,8.314976104,460,19,488,33,479,521
31,1000,60,7.7,28,14,936,30,16,18,64,7.754691652,115,606,60.22163757,9.418503691,7.377962757,8.102441402,457,23,479,41,480,520
26,1000,60,7.7,28,25,955,23,9,13,45,7.665031525,88,639,61.00544089,9.697378759,6.739771023,8.505535339,466,10,489,35,476,524
28,1000,60,7.7,28,17,959,23,9,9,41,7.62569407,112,571,60.22040578,9.141043078,6.936375771,8.320549063,489,13,470,28,502,498
25,1000,60,7.7,28,24,950,24,15,11,50,7.730318083,86,593,60.78351429,9.347642283,6.98294695,8.457051749,473,20,477,30,493,507
24,1000,60,7.7,28,69,930,41,13,16,70,8.484610477,113,640,62.35262643,10.52785859,7.559948501,9.334731565,455,24,475,46,479,521
30,1000,60,7.7,28,15,960,18,10,12,40,7.29149844,100,582,60.42016359,9.009828655,6.169936436,8.318522651,467,11,493,29,478,522
27,1000,60,7.7,28,22,949,27,10,14,51,7.638315305,80,647,60.80019196,9.583490138,6.861841879,8.352193945,460,19,489,32,479,521
29,1000,60,7.7,28,15,944,32,12,12,56,7.558132815,109,603,60.63911245,9.260665037,6.904459437,8.241214812,493,18,451,38,511,489
31,1000,60,7.7,28,15,939,28,15,18,61,7.776757749,88,598,60.27266553,9.433429835,7.409816274,8.115472956,459,21,480,40,480,520
26,1000,60,7.7,28,26,955,23,9,13,45,7.699808508,102,618,61.03617478,9.713596277,6.795213898,8.521539489,466,10,489,35,476,524
28,1000,60,7.7,28,18,960,22,8,10,40,7.634358737,110,636,60.25408337,9.162575405,6.946339569,8.327904164,489,13,471,27,502,498
25,1000,60,7.7,28,25,952,24,13,11,48,7.740494954,99,616,60.81153904,9.357132958,7.000597273,8.459961534,473,20,479,28,493,507
30,1000,60,7.7,28,16,962,18,8,12,38,7.294318282,103,609,60.46284565,9.030660684,6.189616916,8.305903058,467,11,495,27,478,522
31,1000,60,7.7,28,16,938,31,14,17,62,7.783428767,95,630,60.31039529,9.470456863,7.422761999,8.116351938,458,22,480,40,480,520
27,1000,60,7.7,28,23,949,27,10,14,51,7.649750687,78,595,60.86480907,9.586015476,6.822979651,8.409872233,460,19,489,32,479,521
29,1000,60,7.7,28,16,944,32,12,12,56,7.596156835,111,624,60.68879162,9.264822392,6.944850611,8.276765179,494,17,450,39,511,489
24,1000,60,7.7,28,70,930,40,14,16,70,8.511096865,112,621,62.41056521,10.54943567,7.598598654,9.350034759,455,24,475,46,479,521
26,1000,60,7.7,28,27,956,22,10,12,44,7.712027665,105,607,61.06578038,9.720421305,6.866042106,8.480518363,466,10,490,34,476,524
28,1000,60,7.7,28,19,961,21,8,10,39,7.645712625,75,615,60.31566602,9.182257538,6.934765319,8.362370351,489,13,472,26,502,498
25,1000,60,7.7,28,26,952,24,13,11,48,7.743681828,88,587,60.84489367,9.381253466,7.016192229,8.451082958,473,20,479,28,493,507
30,1000,60,7.7,28,17,961,19,8,12,39,7.338688472,85,591,60.48503971,9.081797545,6.194517711,8.38641572,467,11,494,28,478,522
31,1000,60,7.7,28,17,941,29,14,16,59,7.739441492,111,602,60.318504,9.494565088,7.37410122,8.076678667,461,19,480,40,480,520
27,1000,60,7.7,28,24,949,27,10,14,51,7.672806806,93,630,60.87228877,9.625266964,6.862959372,8.417369035,460,19,489,32,479,521
29,1000,60,7.7,28,17,943,32,13,12,57,7.651300276,87,606,60.71227455,9.294259582,7.02957615,8.300995631,494,17,449,40,511,489
24,1000,60,7.7,28,71,930,40,14,16,70,8.552241215,98,643,62.43228687,10.55429943,7.639454234,9.391444601,454,25,476,45,479,521
26,1000,60,7.7,28,28,955,23,9,13,45,7.758463931,100,615,61.11455048,9.73147945,6.892814071,8.54481762,465,11,490,34,476,524
28,1000,60,7.7,28,20,960,22,8,10,40,7.673741244,103,591,60.35144077,9.196448752,6.941384024,8.411980851,489,13,471,27,502,498
30,1000,60,7.7,28,18,960,20,8,12,40,7.366126242,93,626,60.54160065,9.138017213,6.23461086,8.402264849,466,12,494,28,478,522
25,1000,60,7.7,28,27,952,24,13,11,48,7.742732861,74,602,60.86711624,9.393355424,7.01352485,8.451804951,473,20,479,28,493,507
31,1000,60,7.7,28,18,939,31,14,16,61,7.775765675,109,605,60.36808244,9.513869773,7.413094845,8.110538749,461,19,478,42,480,520
27,1000,60,7.7,28,25,948,29,10,13,52,7.697242429,86,607,60.89707577,9.624396046,6.871517553,8.456402151,460,19,488,33,479,521
28,1000,60,7.7,28,21,959,23,8,10,41,7.674573823,93,611,60.39288515,9.228272395,6.941152066,8.413886517,488,14,471,27,502,498
24,1000,60,7.7,28,72,931,38,15,16,69,8.565980295,101,622,62.45472669,10.60982491,7.626307056,9.429902526,455,24,476,45,479,521
29,1000,60,7.7,28,18,943,32,13,12,57,7.669891219,89,629,60.73505023,9.318379663,7.064256358,8.302773457,494,17,449,40,511,489
26,1000,60,7.7,28,29,955,23,9,13,45,7.781794778,99,618,61.11985798,9.755826634,6.934757471,8.551240881,465,11,490,34,476,524
30,1000,60,7.7,28,19,958,22,8,12,42,7.413552882,103,619,60.58535851,9.174973622,6.25990093,8.469962141,466,12,492,30,478,522
31,1000,60,7.7,28,19,939,31,14,16,61,7.781600784,107,602,60.3836592,9.553486862,7.390188329,8.142904589,461,19,478,42,480,520
25,1000,60,7.7,28,28,951,25,13,11,49,7.765284485,104,597,60.9017924,9.407862254,7.071655752,8.439759762,472,21,479,28,493,507
27,1000,60,7.7,28,26,947,29,11,13,53,7.724098304,98,606,60.94155203,9.638926481,6.941554557,8.44355791,460,19,487,34,479,521
28,1000,60,7.7,28,22,958,24,8,10,42,7.664223269,102,575,60.44659673,9.26295463,6.914145259,8.420326002,488,14,470,28,502,498
29,1000,60,7.7,28,19,943,31,14,12,57,7.678749966,93,632,60.76329274,9.324675905,7.066148895,8.318911821,494,17,449,40,511,489
26,1000,60,7.7,28,30,953,25,9,13,47,7.815654824,113,611,61.16632552,9.779331847,6.982897739,8.572128818,463,13,490,34,476,524
24,1000,60,7.7,28,73,931,37,16,16,69,8.631012504,98,645,62.49325007,10.63033791,7.712556029,9.475428342,455,24,476,45,479,521
30,1000,60,7.7,28,20,958,23,6,13,42,7.429367006,97,616,60.64810837,9.207160069,6.262226998,8.498127396,466,12,492,30,478,522
31,1000,60,7.7,28,20,940,31,13,16,60,7.843476633,79,607,60.42895568,9.576899706,7.46574728,8.192149882,461,19,479,41,480,520
25,1000,60,7.7,28,29,952,25,12,11,48,7.796886187,95,607,60.93678739,9.430378389,7.11821126,8.456820584,472,21,480,27,493,507
27,1000,60,7.7,28,27,949,27,11,13,51,7.724947817,80,635,60.96536191,9.667973106,6.929533164,8.456240751,462,17,487,34,479,521
28,1000,60,7.7,28,23,958,23,9,10,42,7.683648391,89,594,60.47036219,9.285121166,6.963007609,8.410077452,488,14,470,28,502,498
26,1000,60,7.7,28,31,952,26,8,14,48,7.851431822,111,635,61.21525464,9.810200177,7.021205424,8.605606946,462,14,490,34,476,524
29,1000,60,7.7,28,20,943,31,14,12,57,7.735263731,99,613,60.80195477,9.369269324,7.11498953,8.383443928,494,17,449,40,511,489
30,1000,60,7.7,28,21,960,21,6,13,40,7.439498459,88,605,60.70732273,9.22000433,6.289670448,8.4924061,466,12,494,28,478,522
31,1000,60,7.7,28,21,939,32,13,16,61,7.839216604,101,619,60.46814018,9.608641788,7.464369334,8.185229469,460,20,479,41,480,520
24,1000,60,7.7,28,74,930,37,17,16,70,8.666621363,115,643,62.53256458,10.66597445,7.734862554,9.523267179,455,24,475,46,479,521
25,1000,60,7.7,28,30,953,24,11,12,47,7.809441708,88,618,60.95956439,9.484323262,7.074726581,8.523868842,473,20,480,27,493,507
27,1000,60,7.7,28,28,950,27,10,13,50,7.743573599,113,625,60.99098703,9.674010081,6.969090621,8.455622248,462,17,488,33,479,521
28,1000,60,7.7,28,24,958,22,11,9,42,7.678730879,104,609,60.53025545,9.305508255,6.981495994,8.381566044,488,14,470,28,502,498
26,1000,60,7.7,28,32,952,26,8,14,48,7.905881794,103,620,61.269616,9.828733109,7.087208458,8.649562153,462,14,490,34,476,524
29,1000,60,7.7,28,21,943,30,14,13,57,7.739250947,88,641,60.84167067,9.379358104,7.105094446,8.401938006,494,17,449,40,511,489
30,1000,60,7.7,28,22,960,21,6,13,40,7.487241999,90,632,60.76156617,9.225097637,6.336216718,8.541245991,466,12,494,28,478,522
31,1000,60,7.7,28,22,939,32,13,16,61,7.869850909,103,586,60.5132715,9.623921367,7.520425249,8.192397671,460,20,479,41,480,520
25,1000,60,7.7,28,31,953,24,11,12,47,7.836189739,103,630,61.00807128,9.539832532,7.084600286,8.567025243,473,20,480,27,493,507
27,1000,60,7.7,28,29,950,28,10,12,50,7.767316974,99,606,61.03303705,9.702113796,6.967813708,8.502368921,463,16,487,34,479,521
24,1000,60,7.7,28,75,929,37,18,16,71,8.688248172,119,622,62.54429229,10.68026438,7.759307841,9.542302719,455,24,474,47,479,521
28,1000,60,7.7,28,25,959,21,11,9,41,7.709165786,89,592,60.57842002,9.327807349,6.981843688,8.442329829,489,13,470,28,502,498
26,1000,60,7.7,28,33,952,26,9,13,48,7.90107585,121,600,61.29409459,9.869890074,7.096245853,8.632180961,462,14,490,34,476,524
30,1000,60,7.7,28,23,962,21,5,12,38,7.433273212,96,624,60.81638257,9.254792001,6.28113932,8.488292369,468,10,494,28,478,522
29,1000,60,7.7,28,22,940,33,14,13,60,7.805535665,101,600,60.88717098,9.400976707,7.151235411,8.489272742,493,18,447,42,511,489
31,1000,60,7.7,28,23,939,32,13,16,61,7.886400027,112,602,60.57774104,9.66292788,7.527400194,8.217784489,459,21,480,40,480,520
25,1000,60,7.7,28,32,953,25,11,11,47,7.851487951,105,626,61.0624878,9.562876274,7.112891859,8.569688883,473,20,480,27,493,507
27,1000,60,7.7,28,30,948,29,11,12,52,7.834850893,94,578,61.08171239,9.712583803,7.024521603,8.579856133,461,18,487,34,479,521
24,1000,60,7.7,28,76,927,39,17,17,73,8.736094116,114,616,62.601107,10.70306786,7.803942468,9.593101102,453,26,474,47,479,521
28,1000,60,7.7,28,26,959,21,11,9,41,7.699411513,91,606,60.63139824,9.335531946,6.977621685,8.426998849,489,13,470,28,502,498
26,1000,60,7.7,28,34,952,26,9,13,48,7.939827482,107,611,61.34114825,9.913141648,7.128929043,8.676445148,462,14,490,34,476,524
30,1000,60,7.7,28,24,963,19,5,13,37,7.421163597,91,622,60.84972199,9.299681072,6.25742678,8.486807656,468,10,495,27,478,522
31,1000,60,7.7,28,24,938,32,14,16,62,7.888098717,105,595,60.59483191,9.686005249,7.554174302,8.196336637,458,22,480,40,480,520
29,1000,60,7.7,28,23,942,32,13,13,58,7.82768019,102,590,60.91509528,9.43158095,7.167714886,8.517337185,494,17,448,41,511,489
25,1000,60,7.7,28,33,953,25,11,11,47,7.862600533,110,637,61.07517846,9.591973563,7.103760893,8.600486021,473,20,480,27,493,507
27,1000,60,7.7,28,31,946,31,11,12,54,7.850995161,115,651,61.10707027,9.727872938,7.044838994,8.592163691,461,18,485,36,479,521
28,1000,60,7.7,28,27,960,21,10,9,40,7.727113335,92,633,60.66706285,9.338285138,7.027111971,8.432737201,489,13,471,27,502,498
24,1000,60,7.7,28,77,926,40,16,18,74,8.748328708,97,627,62.63064608,10.73933278,7.823393167,9.598701306,452,27,474,47,479,521
26,1000,60,7.7,28,35,953,25,9,13,47,7.954977902,110,599,61.3694711,9.928603666,7.141561095,8.693883247,462,14,491,33,476,524
30,1000,60,7.7,28,25,963,19,5,13,37,7.46188341,94,617,60.90959351,9.303908315,6.297846815,8.527801977,468,10,495,27,478,522
31,1000,60,7.7,28,25,939,31,13,17,61,7.868342643,114,605,60.60598348,9.711524234,7.533768063,8.177180716,459,21,480,40,480,520
25,1000,60,7.7,28,34,954,24,11,11,46,7.860287598,116,616,61.1305415,9.62671434,7.11836136,8.58172672,473,20,481,26,493,507
29,1000,60,7.7,28,24,943,32,11,14,57,7.82421182,95,605,60.96132026,9.472567846,7.179947704,8.497461234,494,17,449,40,511,489
28,1000,60,7.7,28,28,960,21,11,8,40,7.718392199,106,635,60.69512363,9.366593031,7.062678507,8.379372668,488,14,472,26,502,498
27,1000,60,7.7,28,32,945,32,11,12,55,7.883197073,96,615,61.17469087,9.731321797,7.109298671,8.594708271,460,19,485,36,479,521
26,1000,60,7.7,28,36,954,23,10,13,46,7.975985469,119,596,61.42538148,9.967277321,7.210386175,8.67145353,462,14,492,32,476,524
30,1000,60,7.7,28,26,960,21,6,13,40,7.520105955,93,622,60.94672533,9.323394618,6.365944083,8.576982153,467,11,493,29,478,522
24,1000,60,7.7,28,78,927,39,16,18,73,8.789356445,93,632,62.68446396,10.73107039,7.844852983,9.657719513,452,27,475,46,479,521
31,1000,60,7.7,28,26,938,32,13,17,62,7.912215393,107,625,60.65781812,9.728788315,7.536059419,8.259436292,459,21,479,41,480,520
28,1000,60,7.7,28,29,960,21,12,7,40,7.732956837,108,602,60.75154257,9.390928701,7.09062355,8.380449427,488,14,472,26,502,498
25,1000,60,7.7,28,35,954,25,11,10,46,7.867431432,100,605,61.16181346,9.66664745,7.114523344,8.599549158,473,20,481,26,493,507
26,1000,60,7.7,28,37,955,23,8,14,45,7.979727645,104,615,61.44531228,9.986967493,7.232533635,8.658476402,463,13,492,32,476,524
27,1000,60,7.7,28,33,944,34,11,11,56,7.907438229,94,622,61.2041198,9.760981768,7.149551691,8.604228346,460,19,484,37,479,521
29,1000,60,7.7,28,25,945,29,12,14,55,7.844002524,105,593,60.98885508,9.519029103,7.211452585,8.505010743,495,16,450,39,511,489
30,1000,60,7.7,28,27,961,20,6,13,39,7.533256644,104,599,60.97114046,9.365128766,6.386692077,8.583175922,467,11,494,28,478,522
31,1000,60,7.7,28,27,938,32,13,17,62,7.931969765,101,594,60.68919268,9.75778962,7.567774132,8.268150349,459,21,479,41,480,520
28,1000,60,7.7,28,30,959,22,12,7,41,7.772631861,77,622,60.79426596,9.421282864,7.129746466,8.420680993,488,14,471,27,502,498
24,1000,60,7.7,28,79,927,40,16,17,73,8.830616751,104,617,62.71661769,10.74882789,7.895497555,9.690352057,452,27,475,46,479,521
25,1000,60,7.7,28,36,957,24,9,10,43,7.840694476,98,625,61.21646144,9.694442287,7.124237939,8.537367203,473,20,484,23,493,507
26,1000,60,7.7,28,38,955,23,8,14,45,8.016009161,104,649,61.48268847,10.00591238,7.231620473,8.728545451,463,13,492,32,476,524
30,1000,60,7.7,28,28,960,21,6,13,40,7.555295819,91,613,60.99623566,9.396078062,6.40988441,8.604159139,467,11,493,29,478,522
31,1000,60,7.7,28,28,941,31,11,17,59,7.958321537,105,625,60.71503444,9.785194239,7.645453502,8.2471228,459,21,482,38,480,520
27,1000,60,7.7,28,34,945,32,12,11,55,7.937623838,101,620,61.22062481,9.779669228,7.154196497,8.657895807,461,18,484,37,479,521
29,1000,60,7.7,28,26,944,30,12,14,56,7.898395114,85,629,61.01669949,9.542701281,7.272700048,8.552240061,495,16,449,40,511,489
28,1000,60,7.7,28,31,961,21,12,6,39,7.778996832,95,599,60.83760774,9.438018895,7.151765212,8.411266457,487,15,474,24,502,498
25,1000,60,7.7,28,37,957,24,9,10,43,7.854905909,103,595,61.24372677,9.722523617,7.139860887,8.550206098,473,20,484,23,493,507
26,1000,60,7.7,28,39,954,24,8,14,46,8.042832623,95,618,61.48797016,10.02006775,7.253221302,8.760113135,462,14,492,32,476,524
30,1000,60,7.7,28,29,958,24,6,12,42,7.571663029,84,606,61.02679317,9.416447186,6.47490233,8.575976466,466,12,492,30,478,522
24,1000,60,7.7,28,80,927,40,16,17,73,8.820258623,102,599,62.73267008,10.78486523,7.882272581,9.682629667,452,27,475,46,479,521
31,1000,60,7.7,28,29,942,30,11,17,58,7.934526198,87,628,60.73872363,9.824460769,7.616184143,8.228380403,460,20,482,38,480,520
27,1000,60,7.7,28,35,943,34,12,11,57,7.979386277,109,625,61.23502943,9.786570793,7.173727515,8.720097501,461,18,482,39,479,521
29,1000,60,7.7,28,27,944,30,11,15,56,7.926106707,100,636,61.05247975,9.568598266,7.27176226,8.609889964,495,16,449,40,511,489
28,1000,60,7.7,28,32,961,20,13,6,39,7.800307787,100,593,60.87812585,9.451193135,7.181094836,8.424494337,487,15,474,24,502,498
25,1000,60,7.7,28,38,958,24,8,10,42,7.856160462,90,607,61.26908005,9.765144457,7.118974734,8.572989977,473,20,485,22,493,507
26,1000,60,7.7,28,40,954,25,8,13,46,8.062065435,104,613,61.4860562,10.03519862,7.250177703,8.799581772,463,13,491,33,476,524
27,1000,60,7.7,28,36,943,34,12,11,57,8.001105571,109,605,61.28926412,9.82394345,7.20684211,8.731340116,461,18,482,39,479,521
30,1000,60,7.7,28,30,957,26,6,11,43,7.59086357,91,605,61.07349115,9.44764619,6.456111135,8.629966374,466,12,491,31,478,522
24,1000,60,7.7,28,81,927,40,16,17,73,8.829188075,111,630,62.78382551,10.78626593,7.900101334,9.683377228,452,27,475,46,479,521
31,1000,60,7.7,28,30,942,31,10,17,58,7.931758865,104,632,60.77249662,9.856165978,7.568476798,8.267096158,460,20,482,38,480,520
29,1000,60,7.7,28,28,945,30,11,14,55,7.938000561,104,604,61.1176032,9.579508819,7.289537064,8.615638285,496,15,449,40,511,489
28,1000,60,7.7,28,33,963,19,12,6,37,7.787924989,109,611,60.91159576,9.491524294,7.139308989,8.441750755,489,13,474,24,502,498
25,1000,60,7.7,28,39,959,23,8,10,41,7.859090627,92,646,61.33736924,9.795404627,7.123855884,8.57402303,474,19,485,22,493,507
26,1000,60,7.7,28,41,954,26,8,12,46,8.043577778,90,596,61.51887487,10.03799911,7.246981798,8.767203135,464,12,490,34,476,524
27,1000,60,7.7,28,37,943,34,12,11,57,8.02657885,111,626,61.31049691,9.852809959,7.230731675,8.75826944,461,18,482,39,479,521
30,1000,60,7.7,28,31,959,25,4,12,41,7.614167282,95,614,61.11300472,9.473938464,6.472127782,8.659942916,467,11,492,30,478,522
31,1000,60,7.7,28,31,941,32,10,17,59,7.962512702,95,647,60.82414574,9.886153838,7.593875318,8.302793364,460,20,481,39,480,520
29,1000,60,7.7,28,29,946,28,12,14,54,7.974507013,93,615,61.11392497,9.619014769,7.292069873,8.687646847,498,13,448,41,511,489
24,1000,60,7.7,28,82,927,38,18,17,73,8.86709178,102,621,62.82424124,10.84238707,8.035673705,9.631485748,452,27,475,46,479,521
28,1000,60,7.7,28,34,964,19,12,5,36,7.784910016,114,601,60.97508476,9.509435378,7.135586885,8.439448595,489,13,475,23,502,498
25,1000,60,7.7,28,40,959,23,8,10,41,7.894497013,111,629,61.36855131,9.821982049,7.16899303,8.599967357,474,19,485,22,493,507
26,1000,60,7.7,28,42,953,27,8,12,47,8.067851336,97,628,61.58417652,10.05875068,7.319817391,8.747363087,463,13,490,34,476,524
27,1000,60,7.7,28,38,943,34,11,12,57,8.041671431,95,616,61.38259457,9.883179126,7.211415336,8.804997092,461,18,482,39,479,521
29,1000,60,7.7,28,30,947,28,10,15,53,7.996420073,85,622,61.11978838,9.64491191,7.298636526,8.725596745,498,13,449,40,511,489
24,1000,60,7.7,28,83,927,38,19,16,73,8.902581592,111,625,62.84835278,10.89412176,8.074106293,9.664270015,452,27,475,46,479,521
30,1000,60,7.7,28,32,959,25,4,12,41,7.621974069,103,621,61.14785036,9.491204351,6.474652749,8.672586312,467,11,492,30,478,522
25,1000,60,7.7,28,41,959,22,9,10,41,7.923509446,105,611,61.40216501,9.847163807,7.18830129,8.638415996,475,18,484,23,493,507
31,1000,60,7.7,28,32,944,28,10,18,56,7.9731375,108,625,60.86869526,9.921456113,7.567935088,8.347170495,462,18,482,38,480,520
28,1000,60,7.7,28,35,964,19,12,5,36,7.84445334,102,612,60.99716642,9.516072008,7.248436945,8.445257015,488,14,476,22,502,498
27,1000,60,7.7,28,39,945,35,10,10,55,7.992078465,104,647,61.38616614,9.94919962,7.166027537,8.751537956,463,16,482,39,479,521
26,1000,60,7.7,28,43,951,29,8,12,49,8.088450256,105,629,61.60351935,10.07025709,7.37343461,8.737968286,461,15,490,34,476,524
29,1000,60,7.7,28,31,949,27,10,14,51,7.997651974,96,634,61.16464194,9.64583486,7.336321334,8.688735731,499,12,450,39,511,489
25,1000,60,7.7,28,42,960,21,9,10,40,7.92008358,94,630,61.45827133,9.860301285,7.167141027,8.65223482,475,18,485,22,493,507
24,1000,60,7.7,28,84,927,38,18,17,73,8.916376447,108,600,62.8598343,10.91535752,8.102337835,9.664791985,452,27,475,46,479,521
31,1000,60,7.7,28,33,944,28,10,18,56,8.009832191,112,607,60.88548085,9.967421719,7.602131439,8.386171347,462,18,482,38,480,520
30,1000,60,7.7,28,33,959,25,4,12,41,7.647430706,110,594,61.16804933,9.529811747,6.511219902,8.687868953,467,11,492,30,478,522
28,1000,60,7.7,28,36,963,20,11,6,37,7.91702545,88,625,61.03299588,9.541023346,7.300212847,8.538792372,488,14,475,23,502,498
27,1000,60,7.7,28,40,946,34,10,10,54,8.007133346,99,617,61.44629597,9.972930169,7.185142558,8.762860001,463,16,483,38,479,521
26,1000,60,7.7,28,44,951,30,8,11,49,8.062426745,110,628,61.63370518,10.08553561,7.348679699,8.710792383,461,15,490,34,476,524
25,1000,60,7.7,28,43,960,21,9,10,40,7.959880001,96,635,61.49900334,9.869952421,7.205715084,8.693219851,474,19,486,21,493,507
29,1000,60,7.7,28,32,949,27,10,14,51,7.978870607,88,617,61.2021547,9.679849912,7.325681023,8.661447045,499,12,450,39,511,489
31,1000,60,7.7,28,34,945,27,10,18,55,7.997865836,115,605,60.93576794,10.0036565,7.577893308,8.385532786,463,17,482,38,480,520
30,1000,60,7.7,28,34,961,23,4,12,39,7.636869917,101,605,61.20750708,9.543900204,6.480691507,8.695592676,469,9,492,30,478,522
24,1000,60,7.7,28,85,927,38,18,17,73,8.921045391,107,646,62.9060902,10.92804338,8.118157758,9.659208877,452,27,475,46,479,521
28,1000,60,7.7,28,37,964,18,12,6,36,7.96447955,97,608,61.07297309,9.572339709,7.335992718,8.598014469,488,14,476,22,502,498
27,1000,60,7.7,28,41,947,33,10,10,53,7.989908388,97,625,61.50339401,10.00022397,7.187369373,8.72775136,463,16,484,37,479,521
26,1000,60,7.7,28,45,952,29,8,11,48,8.073758357,102,627,61.68062917,10.11851235,7.37331152,8.710042125,462,14,490,34,476,524
25,1000,60,7.7,28,44,962,20,8,10,38,7.932359543,96,652,61.52639055,9.879622725,7.209644839,8.635117629,474,19,488,19,493,507
29,1000,60,7.7,28,33,948,27,11,14,52,8.000923744,110,582,61.23001122,9.705157413,7.329059483,8.703015026,500,11,448,41,511,489
31,1000,60,7.7,28,35,945,26,11,18,55,8.036220661,103,635,60.99864326,10.04497186,7.604784853,8.4344691,462,18,483,37,480,520
30,1000,60,7.7,28,35,961,23,4,12,39,7.676408699,107,616,61.28969608,9.586724909,6.558298268,8.700272275,469,9,492,30,478,522
28,1000,60,7.7,28,38,965,17,12,6,35,7.973042788,117,622,61.16195727,9.598352995,7.354583959,8.596469159,489,13,476,22,502,498
24,1000,60,7.7,28,86,928,37,20,15,72,8.944531735,119,631,62.94372262,10.96143015,8.166222493,9.660098198,452,27,476,45,479,521
27,1000,60,7.7,28,42,947,32,11,10,53,8.007759938,95,604,61.53713635,10.03143451,7.219486878,8.732486993,464,15,483,38,479,521
26,1000,60,7.7,28,46,952,29,8,11,48,8.086132735,111,631,61.72263555,10.14648822,7.419563366,8.691642315,462,14,490,34,476,524
25,1000,60,7.7,28,45,962,20,8,10,38,7.913475916,104,582,61.56165303,9.880053409,7.175295114,8.631273028,474,19,488,19,493,507
31,1000,60,7.7,28,36,945,26,11,18,55,8.054492617,106,628,61.04503117,10.07258805,7.643090376,8.434248533,462,18,483,37,480,520
29,1000,60,7.7,28,34,949,28,9,14,51,8.008010262,100,636,61.27032439,9.723261654,7.35023464,8.695379062,500,11,449,40,511,489
30,1000,60,7.7,28,36,961,24,4,11,39,7.688598207,128,627,61.33220882,9.591431687,6.598717274,8.686611782,469,9,492,30,478,522
28,1000,60,7.7,28,39,966,16,12,6,34,8.018739416,91,601,61.19640275,9.627489234,7.389371626,8.653162369,489,13,477,21,502,498
27,1000,60,7.7,28,43,949,31,9,11,51,8.043738108,101,636,61.55170164,10.07948482,7.270757812,8.754405212,464,15,485,36,479,521
24,1000,60,7.7,28,87,927,38,20,15,73,8.96287484,124,661,62.98809575,10.96570929,8.175853471,9.686451108,452,27,475,46,479,521
26,1000,60,7.7,28,47,953,29,7,11,47,8.081893144,107,628,61.75997102,10.1642853,7.463180385,8.643929925,461,15,492,32,476,524
25,1000,60,7.7,28,46,961,21,8,10,39,7.923746536,120,630,61.57058324,9.924433001,7.146389678,8.679637918,473,20,488,19,493,507
31,1000,60,7.7,28,37,947,27,10,16,53,8.05179812,99,605,61.06326868,10.12026133,7.668927716,8.405216955,463,17,484,36,480,520
29,1000,60,7.7,28,35,949,28,9,14,51,8.030059594,102,618,61.29778429,9.739148253,7.37697494,8.712526381,500,11,449,40,511,489
30,1000,60,7.7,28,37,961,24,4,11,39,7.734256988,93,610,61.37184985,9.60452365,6.618330429,8.756120773,469,9,492,30,478,522
28,1000,60,7.7,28,40,966,17,11,6,34,8.03796352,99,628,61.25196104,9.6440419,7.425752791,8.655091605,489,13,477,21,502,498
27,1000,60,7.7,28,44,950,30,9,11,50,8.051310482,109,615,61.6015667,10.06515809,7.26957203,8.770029712,464,15,486,35,479,521
26,1000,60,7.7,28,48,954,28,7,11,46,8.112723786,109,621,61.81123663,10.18204877,7.46518356,8.70094735,461,15,493,31,476,524
24,1000,60,7.7,28,88,927,39,20,14,73,8.94256653,104,641,63.04750635,10.99021542,8.137323092,9.682895911,452,27,475,46,479,521
25,1000,60,7.7,28,47,960,22,8,10,40,7.949617841,87,591,61.59703769,9.94115617,7.160615072,8.716833551,473,20,487,20,493,507
31,1000,60,7.7,28,38,946,28,10,16,54,8.075349873,104,623,61.12964728,10.13883441,7.706949031,8.415412189,462,18,484,36,480,520
30,1000,60,7.7,28,38,961,25,4,10,39,7.739282495,111,624,61.42940993,9.618628529,6.664442952,8.723522536,468,10,493,29,478,522
29,1000,60,7.7,28,36,949,28,9,14,51,8.048112887,99,607,61.31953107,9.765556869,7.398055296,8.727416423,500,11,449,40,511,489
28,1000,60,7.7,28,41,967,16,11,6,33,8.061217821,86,600,61.27078409,9.667887471,7.484312153,8.64275727,489,13,478,20,502,498
27,1000,60,7.7,28,45,951,30,9,10,49,8.044268271,102,634,61.65607572,10.09618901,7.239865646,8.783824618,466,13,485,36,479,521
26,1000,60,7.7,28,49,954,29,7,10,46,8.147161471,104,650,61.85000601,10.21313738,7.501181946,8.733967298,461,15,493,31,476,524
25,1000,60,7.7,28,48,962,21,7,10,38,7.947131711,123,592,61.62388525,9.971661111,7.136598964,8.735282883,474,19,488,19,493,507
24,1000,60,7.7,28,89,928,40,18,14,72,8.968181217,107,657,63.08096872,11.01548179,8.152279598,9.718309576,453,26,475,46,479,521
31,1000,60,7.7,28,39,945,29,11,15,55,8.083867581,109,613,61.17041546,10.15675221,7.720468982,8.419312442,461,19,484,36,480,520
30,1000,60,7.7,28,39,963,24,4,9,37,7.728286393,125,609,61.4501194,9.654064469,6.637195305,8.727408116,470,8,493,29,478,522
29,1000,60,7.7,28,37,949,27,10,14,51,8.050562506,100,646,61.34000676,9.791266115,7.375321744,8.756182198,501,10,448,41,511,489
28,1000,60,7.7,28,42,970,15,10,5,30,7.965031206,119,623,61.32037338,9.705844315,7.4241434,8.510263491,491,11,479,19,502,498
27,1000,60,7.7,28,46,951,30,9,10,49,8.071703039,99,604,61.74216966,10.11621091,7.26720794,8.811344407,466,13,485,36,479,521
26,1000,60,7.7,28,50,953,30,8,9,47,8.169253482,104,612,61.88502392,10.23039234,7.525916974,8.753658402,461,15,492,32,476,524
25,1000,60,7.7,28,49,962,21,6,11,38,7.953631132,93,627,61.68662807,9.994647687,7.145955102,8.73900447,474,19,488,19,493,507
31,1000,60,7.7,28,40,947,27,11,15,53,8.062233526,116,607,61.21387211,10.1733281,7.690548327,8.405327556,462,18,485,35,480,520
24,1000,60,7.7,28,90,927,41,18,14,73,9.012921072,105,629,63.13876113,11.05895916,8.193692664,9.766108033,453,26,474,47,479,521
30,1000,60,7.7,28,40,964,22,5,9,36,7.736809012,95,592,61.51052567,9.674898678,6.673615603,8.710384586,470,8,494,28,478,522
28,1000,60,7.7,28,43,968,16,9,7,32,7.981644172,105,644,61.35976134,9.722043289,7.413010663,8.554845018,491,11,477,21,502,498
29,1000,60,7.7,28,38,948,29,10,13,52,8.048296877,98,613,61.34161092,9.83002134,7.34885787,8.779203487,501,10,447,42,511,489
27,1000,60,7.7,28,47,951,29,10,10,49,8.084020373,113,613,61.79303749,10.12620766,7.298121026,8.80656507,465,14,486,35,479,521
26,1000,60,7.7,28,51,952,31,8,9,48,8.194091011,126,650,61.92660381,10.2797427,7.557038096,8.772787933,461,15,491,33,476,524
25,1000,60,7.7,28,50,962,21,6,11,38,7.953947567,127,638,61.7360117,10.03484203,7.184298842,8.702343664,474,19,488,19,493,507
31,1000,60,7.7,28,41,947,28,11,14,53,8.090728333,107,622,61.26314511,10.19863013,7.71254316,8.439822339,461,19,486,34,480,520
30,1000,60,7.7,28,41,965,21,5,9,35,7.771733716,109,638,61.52657092,9.690358365,6.73090446,8.724830238,470,8,495,27,478,522
28,1000,60,7.7,28,44,965,19,9,7,35,8.007153583,110,617,61.40448903,9.734156487,7.436086581,8.582807469,489,13,476,22,502,498
24,1000,60,7.7,28,91,926,42,19,13,74,9.037082086,121,607,63.18722112,11.090012,8.224190154,9.784443382,453,26,473,48,479,521
27,1000,60,7.7,28,48,951,28,11,10,49,8.097274561,113,638,61.83563487,10.1649898,7.324384124,8.807859051,465,14,486,35,479,521
29,1000,60,7.7,28,39,947,29,12,12,53,8.064478291,103,597,61.34458436,9.86634815,7.378574998,8.781240219,501,10,446,43,511,489
26,1000,60,7.7,28,52,952,31,8,9,48,8.222566802,101,620,61.98002385,10.32328346,7.626822232,8.76373935,460,16,492,32,476,524
25,1000,60,7.7,28,51,962,21,5,12,38,7.961894664,108,628,61.76618192,10.08056307,7.199809635,8.702935925,474,19,488,19,493,507
31,1000,60,7.7,28,42,948,27,10,15,52,8.088145636,98,619,61.30774555,10.22012317,7.694203806,8.451784247,462,18,486,34,480,520
30,1000,60,7.7,28,42,967,19,5,9,33,7.768363918,103,625,61.56407367,9.715593399,6.711270428,8.736353742,471,7,496,26,478,522
28,1000,60,7.7,28,45,965,20,8,7,35,8.005319635,93,626,61.45414004,9.730746172,7.462970124,8.552025368,488,14,477,21,502,498
27,1000,60,7.7,28,49,950,28,11,11,50,8.175904144,104,616,61.88958793,10.19083162,7.376334185,8.911017407,466,13,484,37,479,521
29,1000,60,7.7,28,40,950,29,10,11,50,8.069358499,111,601,61.37499344,9.889877369,7.410828263,8.757515863,502,9,448,41,511,489
26,1000,60,7.7,28,53,950,33,8,9,50,8.23591796,102,618,62.01654936,10.38715666,7.68063687,8.740333608,459,17,491,33,476,524
24,1000,60,7.7,28,92,926,42,19,13,74,9.053010619,125,607,63.24833615,11.10121184,8.243178175,9.797559065,453,26,473,48,479,521
25,1000,60,7.7,28,52,962,21,5,12,38,7.964836808,100,614,61.79527923,10.07373215,7.225429083,8.683826962,474,19,488,19,493,507
31,1000,60,7.7,28,43,949,27,11,13,51,8.08429125,114,614,61.34414111,10.2569385,7.722660635,8.418104126,461,19,488,32,480,520
30,1000,60,7.7,28,43,967,19,5,9,33,7.777960987,109,644,61.59667867,9.756935748,6.714336272,8.751931511,471,7,496,26,478,522
28,1000,60,7.7,28,46,965,20,8,7,35,8.037895438,100,627,61.49761076,9.739831322,7.50115013,8.578951952,487,15,478,20,502,498
27,1000,60,7.7,28,50,949,29,11,11,51,8.198079892,101,611,61.91877061,10.22564042,7.383082725,8.947376712,466,13,483,38,479,521
26,1000,60,7.7,28,54,950,33,9,8,50,8.240726587,98,657,62.07308937,10.4109627,7.670624539,8.758605546,459,17,491,33,476,524
29,1000,60,7.7,28,41,950,28,10,12,50,8.087234403,98,630,61.41349449,9.921130776,7.408560731,8.79644145,502,9,448,41,511,489
25,1000,60,7.7,28,53,963,21,5,11,37,7.995809354,114,639,61.83345653,10.09066401,7.235540673,8.735084422,475,18,488,19,493,507
24,1000,60,7.7,28,93,926,41,20,13,74,9.066929714,123,637,63.32396352,11.13066203,8.237014456,9.829942014,453,26,473,48,479,521
31,1000,60,7.7,28,44,949,28,10,13,51,8.086803058,97,622,61.3896576,10.26824927,7.748003315,8.399541282,460,20,489,31,480,520
28,1000,60,7.7,28,47,964,21,8,7,36,8.032056107,112,608,61.52040493,9.777641828,7.50440958,8.563940759,486,16,478,20,502,498
30,1000,60,7.7,28,44,967,19,5,9,33,7.748448846,93,628,61.67343078,9.78163678,6.67265654,8.73356134,471,7,496,26,478,522
27,1000,60,7.7,28,51,949,29,10,12,51,8.234279633,115,629,61.98524957,10.23236177,7.424819012,8.978486232,466,13,483,38,479,521
26,1000,60,7.7,28,55,951,32,9,8,49,8.248190242,113,636,62.12628248,10.41145215,7.692158832,8.753287476,459,17,492,32,476,524
29,1000,60,7.7,28,42,950,27,10,13,50,8.108281448,86,635,61.48652354,9.943099031,7.448564001,8.797679434,502,9,448,41,511,489
25,1000,60,7.7,28,54,964,20,5,11,36,7.988501751,111,615,61.88194037,10.13064022,7.254011202,8.70271051,475,18,489,18,493,507
24,1000,60,7.7,28,94,926,41,20,13,74,9.078182507,127,662,63.34623849,11.16716408,8.254790794,9.835197154,453,26,473,48,479,521
31,1000,60,7.7,28,45,948,29,10,13,52,8.133237137,104,611,61.3997151,10.2982417,7.794714383,8.44571968,459,21,489,31,480,520
28,1000,60,7.7,28,48,962,24,7,7,38,8.055481207,119,626,61.57017522,9.802091688,7.477231147,8.638375845,485,17,477,21,502,498
30,1000,60,7.7,28,45,968,19,5,8,32,7.74624055,100,632,61.72853513,9.785660227,6.699531067,8.704721648,471,7,497,25,478,522
27,1000,60,7.7,28,52,949,29,10,12,51,8.256840502,102,616,62.02379281,10.25508941,7.411857934,9.033705473,466,13,483,38,479,521
26,1000,60,7.7,28,56,952,31,9,8,48,8.260404462,101,629,62.12892081,10.42870275,7.68296419,8.784949441,460,16,492,32,476,524
25,1000,60,7.7,28,55,965,19,5,11,35,7.998007,105,619,61.89895111,10.16528616,7.30100891,8.675758595,475,18,490,17,493,507
29,1000,60,7.7,28,43,951,27,9,13,49,8.096705639,111,626,61.53747198,9.956852119,7.426196168,8.79738118,503,8,448,41,511,489
31,1000,60,7.7,28,46,947,29,11,13,53,8.162576611,124,605,61.42819419,10.32153912,7.829799099,8.469755853,459,21,488,32,480,520
28,1000,60,7.7,28,49,964,22,7,7,36,8.040422107,122,630,61.5931015,9.831975427,7.462177072,8.62331168,486,16,478,20,502,498
30,1000,60,7.7,28,46,969,18,5,8,31,7.776372242,100,602,61.76272531,9.793864723,6.735055474,8.729915184,472,6,497,25,478,522
24,1000,60,7.7,28,95,925,41,21,13,75,9.080090082,126,623,63.37031234,11.19021852,8.245187205,9.847687929,453,26,472,49,479,521
27,1000,60,7.7,28,53,948,29,11,12,52,8.275189339,94,634,62.05207009,10.26305394,7.426708648,9.055270434,464,15,484,37,479,521
26,1000,60,7.7,28,57,952,31,9,8,48,8.257434511,113,631,62.16939997,10.42393342,7.691220622,8.77178148,460,16,492,32,476,524
25,1000,60,7.7,28,56,964,21,5,10,36,8.048767342,102,610,61.93739451,10.19063165,7.322317011,8.7551579,475,18,489,18,493,507
29,1000,60,7.7,28,44,951,27,9,13,49,8.12700698,100,632,61.62195352,9.981000448,7.444406509,8.840317492,503,8,448,41,511,489
31,1000,60,7.7,28,47,948,29,10,13,52,8.16247284,103,614,61.49126423,10.34901078,7.833935655,8.465737934,459,21,489,31,480,520
28,1000,60,7.7,28,50,965,22,7,6,35,8.032279756,102,617,61.65069749,9.83872199,7.478706142,8.590299743,486,16,479,19,502,498
30,1000,60,7.7,28,47,969,18,5,8,31,7.778938855,106,619,61.79303835,9.800251443,6.757529125,8.714252746,472,6,497,25,478,522
27,1000,60,7.7,28,54,949,28,11,12,51,8.239043141,102,635,62.08471929,10.30580695,7.400338324,9.010136438,464,15,485,36,479,521
26,1000,60,7.7,28,58,953,31,8,8,47,8.240674703,123,629,62.20213885,10.46031413,7.649094411,8.778064434,461,15,492,32,476,524
24,1000,60,7.7,28,96,924,41,22,13,76,9.116037079,123,654,63.40206539,11.22087261,8.289273453,9.876151814,453,26,471,50,479,521
25,1000,60,7.7,28,57,967,19,5,9,33,8.029420844,95,607,61.96988322,10.21008438,7.295405606,8.743167417,477,16,490,17,493,507
29,1000,60,7.7,28,45,952,27,8,13,48,8.169889726,108,642,61.66427211,10.00121928,7.493539954,8.876668322,502,9,450,39,511,489
31,1000,60,7.7,28,48,948,29,10,13,52,8.152444665,116,620,61.54486708,10.3768014,7.812970466,8.465805464,459,21,489,31,480,520
28,1000,60,7.7,28,51,965,22,7,6,35,8.062706706,97,609,61.70592903,9.851674372,7.512928101,8.616901203,486,16,479,19,502,498
30,1000,60,7.7,28,48,969,18,5,8,31,7.808491074,88,631,61.84213971,9.841764574,6.771441508,8.7581265,472,6,497,25,478,522
27,1000,60,7.7,28,55,949,26,13,12,51,8.269549956,108,629,62.10602646,10.3269588,7.433034619,9.038630276,464,15,485,36,479,521
26,1000,60,7.7,28,59,953,31,8,8,47,8.254111868,97,598,62.24937918,10.46781249,7.650704959,8.80224486,461,15,492,32,476,524
25,1000,60,7.7,28,58,967,19,5,9,33,8.013163869,102,618,61.99060715,10.22552628,7.296077336,8.710449196,477,16,490,17,493,507
24,1000,60,7.7,28,97,924,41,22,13,76,9.154206971,117,641,63.45822804,11.25511132,8.333252714,9.908980655,453,26,471,50,479,521
29,1000,60,7.7,28,46,951,28,8,13,49,8.201372605,108,636,61.68648475,10.03154781,7.524896219,8.908283512,502,9,449,40,511,489
31,1000,60,7.7,28,49,947,30,10,13,53,8.164865537,122,622,61.56471051,10.37637382,7.872314572,8.434912581,459,21,488,32,480,520
28,1000,60,7.7,28,52,964,23,7,6,36,8.08796468,108,615,61.76773204,9.888315103,7.533849038,8.64653105,486,16,478,20,502,498
30,1000,60,7.7,28,49,969,18,5,8,31,7.841991878,86,639,61.87159063,9.880578375,6.790256161,8.805075542,472,6,497,25,478,522
27,1000,60,7.7,28,56,949,26,14,11,51,8.277100233,85,623,62.09943242,10.35006314,7.472030128,9.017270253,464,15,485,36,479,521
26,1000,60,7.7,28,60,953,31,8,8,47,8.29116714,112,651,62.29449063,10.50452741,7.69391887,8.833705646,461,15,492,32,476,524
25,1000,60,7.7,28,59,967,19,5,9,33,8.003633508,111,637,62.00660081,10.2323901,7.309039437,8.679047466,477,16,490,17,493,507
29,1000,60,7.7,28,47,950,29,8,13,50,8.212829982,126,599,61.7306052,10.05475612,7.546187337,8.909464729,502,9,448,41,511,489
31,1000,60,7.7,28,50,947,31,10,12,53,8.173237515,110,644,61.61711794,10.36682399,7.909867538,8.416348264,459,21,488,32,480,520
28,1000,60,7.7,28,53,964,23,6,7,36,8.123014807,95,618,61.82576665,9.90204354,7.542311782,8.708382113,486,16,478,20,502,498
24,1000,60,7.7,28,98,924,40,22,14,76,9.181329664,111,662,63.48684527,11.28610807,8.381333845,9.916834458,453,26,471,50,479,521
30,1000,60,7.7,28,50,969,18,5,8,31,7.841272122,109,626,61.90262859,9.89985897,6.791554282,8.802507999,472,6,497,25,478,522
27,1000,60,7.7,28,57,948,27,13,12,52,8.317865194,106,621,62.14809338,10.37096299,7.526960018,9.04501218,463,16,485,36,479,521
26,1000,60,7.7,28,61,951,33,8,8,49,8.332581567,108,633,62.36596654,10.51138284,7.781381033,8.833290448,459,17,492,32,476,524
25,1000,60,7.7,28,60,967,20,4,9,33,8.014979488,96,626,62.03891935,10.25774905,7.305665553,8.704706846,477,16,490,17,493,507
29,1000,60,7.7,28,48,952,27,8,13,48,8.215115869,111,620,61.78890201,10.07374156,7.583688737,8.874950766,502,9,450,39,511,489
27,1000,60,7.7,28,58,946,28,14,12,54,8.356040444,111,657,62.19483805,10.40554002,7.550957443,9.09622232,463,16,483,38,479,521
24,1000,60,7.7,28,99,924,40,22,14,76,9.191261124,117,622,63.53722316,11.31881684,8.393815584,9.924421227,453,26,471,50,479,521
28,1000,60,7.7,28,54,965,22,6,7,35,8.124269891,108,611,61.85166471,9.90890551,7.561777634,8.691280158,486,16,479,19,502,498
31,1000,60,7.7,28,51,946,32,10,12,54,8.196157987,122,622,61.67158885,10.42313523,7.942888122,8.429945555,458,22,488,32,480,520
30,1000,60,7.7,28,51,970,19,4,7,30,7.840573336,101,606,61.94979684,9.939096206,6.795180106,8.79784913,473,5,497,25,478,522
25,1000,60,7.7,28,61,969,19,3,9,31,8.01823219,107,625,62.07435542,10.27662264,7.321960387,8.695277553,477,16,492,15,493,507
26,1000,60,7.7,28,62,950,34,8,8,50,8.367412037,118,636,62.42151909,10.51980813,7.807318881,8.87619895,458,18,492,32,476,524
29,1000,60,7.7,28,49,951,28,8,13,49,8.252783406,74,624,61.81780266,10.09515235,7.626230747,8.907524528,502,9,449,40,511,489
28,1000,60,7.7,28,55,966,23,5,6,34,8.098780326,105,640,61.90715833,9.913121686,7.574563997,8.627207228,486,16,480,18,502,498
27,1000,60,7.7,28,59,949,27,12,12,51,8.345497941,118,651,62.22644444,10.42704036,7.59364236,9.036743282,462,17,487,34,479,521
24,1000,60,7.7,28,100,927,39,21,13,73,9.208109116,112,658,63.58768482,11.3521117,8.442846104,9.911681059,454,25,473,48,479,521
31,1000,60,7.7,28,52,946,32,11,11,54,8.185235715,95,626,61.70205435,10.4470147,7.956321976,8.396540705,458,22,488,32,480,520
30,1000,60,7.7,28,52,972,17,4,7,28,7.838038067,109,650,62.00009069,9.962037154,6.814657935,8.775156271,473,5,499,23,478,522
25,1000,60,7.7,28,62,969,19,3,9,31,8.02760822,106,627,62.14711334,10.2929733,7.337259541,8.698894016,477,16,492,15,493,507
26,1000,60,7.7,28,63,951,33,8,8,49,8.380146985,108,626,62.44755538,10.5328111,7.822428571,8.886776689,459,17,492,32,476,524
29,1000,60,7.7,28,50,951,26,10,13,49,8.286379309,108,632,61.87306912,10.10384504,7.651655299,8.94965941,502,9,449,40,511,489
28,1000,60,7.7,28,56,967,22,5,6,33,8.127587381,98,610,61.9504768,9.939524307,7.618677077,8.640585318,487,15,480,18,502,498
27,1000,60,7.7,28,60,949,28,11,12,51,8.359616872,102,644,62.25493862,10.42060983,7.612703485,9.046318431,462,17,487,34,479,521
31,1000,60,7.7,28,53,947,31,11,11,53,8.164317812,110,628,61.73508401,10.48787446,7.943659113,8.368002764,458,22,489,31,480,520
30,1000,60,7.7,28,53,971,18,4,7,29,7.874328142,113,623,62.0472037,9.976854874,6.806820051,8.851854708,473,5,498,24,478,522
24,1000,60,7.7,28,101,928,37,22,13,72,9.214353897,129,606,63.63638962,11.37069131,8.495721497,9.87505432,454,25,474,47,479,521
25,1000,60,7.7,28,63,968,20,3,9,32,8.068166134,108,620,62.17337998,10.34109949,7.390212444,8.727399208,476,17,492,15,493,507
26,1000,60,7.7,28,64,951,33,9,7,49,8.402506295,114,623,62.46776203,10.56152243,7.86186512,8.893623088,457,19,494,30,476,524
28,1000,60,7.7,28,57,967,21,6,6,33,8.137119661,105,619,61.96558831,9.962444661,7.640593947,8.637633532,487,15,480,18,502,498
27,1000,60,7.7,28,61,947,29,12,12,53,8.416544913,108,611,62.29247974,10.43855694,7.66645098,9.106170621,460,19,487,34,479,521
29,1000,60,7.7,28,51,952,26,10,12,48,8.29457331,93,647,61.93462782,10.14844868,7.675306749,8.941700534,502,9,450,39,511,489
31,1000,60,7.7,28,54,946,32,11,11,54,8.201401936,114,627,61.76271089,10.50683618,8.005697388,8.382052289,457,23,489,31,480,520
30,1000,60,7.7,28,54,971,18,4,7,29,7.907800707,112,647,62.0663862,9.988937649,6.842514056,8.883293082,473,5,498,24,478,522
25,1000,60,7.7,28,64,969,19,3,9,31,8.087510825,117,610,62.21759573,10.35829596,7.438111262,8.71897825,476,17,493,14,493,507
26,1000,60,7.7,28,65,951,32,10,7,49,8.438609648,116,635,62.49391711,10.58844279,7.905589961,8.922803104,457,19,494,30,476,524
24,1000,60,7.7,28,102,930,36,21,13,70,9.188819004,121,617,63.69708544,11.40835628,8.460238439,9.858665627,455,24,475,46,479,521
28,1000,60,7.7,28,58,967,21,7,5,33,8.118959026,109,637,62.01704841,9.974814632,7.632031501,8.609797617,487,15,480,18,502,498
27,1000,60,7.7,28,62,946,30,12,12,54,8.421372572,96,638,62.32728029,10.45888908,7.705547653,9.079491836,459,20,487,34,479,521
31,1000,60,7.7,28,55,946,32,11,11,54,8.210818678,119,633,61.79351445,10.52806684,7.980231903,8.423668008,458,22,488,32,480,520
29,1000,60,7.7,28,52,952,26,9,13,48,8.277286151,93,624,61.98508637,10.17270732,7.66936465,8.912557904,502,9,450,39,511,489
30,1000,60,7.7,28,55,971,18,4,7,29,7.907275093,106,622,62.08175509,10.01528491,6.871075397,8.856132286,472,6,499,23,478,522
25,1000,60,7.7,28,65,969,19,3,9,31,8.096112394,129,617,62.25437206,10.38020726,7.472469153,8.702534717,476,17,493,14,493,507
26,1000,60,7.7,28,66,950,32,11,7,50,8.490031082,114,634,62.5428359,10.61939899,7.931961894,8.996979428,457,19,493,31,476,524
24,1000,60,7.7,28,103,930,36,21,13,70,9.124455513,129,660,63.70853279,11.4268141,8.349269482,9.837150539,455,24,475,46,479,521
28,1000,60,7.7,28,59,967,21,7,5,33,8.158021353,110,623,62.06738615,10.00274191,7.661913503,8.658114005,487,15,480,18,502,498
27,1000,60,7.7,28,63,945,29,14,12,55,8.430392034,111,620,62.36497371,10.51236656,7.705564399,9.096788268,459,20,486,35,479,521
31,1000,60,7.7,28,56,946,33,11,10,54,8.197897468,111,636,61.83992702,10.53718459,7.984756236,8.39464322,457,23,489,31,480,520
30,1000,60,7.7,28,56,970,19,4,7,30,7.898569803,127,641,62.13468271,10.03799362,6.863184684,8.84668108,471,7,499,23,478,522
25,1000,60,7.7,28,66,968,20,3,9,32,8.093804143,111,625,62.26815378,10.40778238,7.482514853,8.68821365,476,17,492,15,493,507
29,1000,60,7.7,28,53,951,27,9,13,49,8.299920659,106,600,62.0709217,10.17388108,7.694135819,8.932959622,501,10,450,39,511,489
26,1000,60,7.7,28,67,954,28,11,7,46,8.471155821,121,621,62.56865434,10.63602764,7.938325379,8.955177367,459,17,495,29,476,524
24,1000,60,7.7,28,104,929,37,21,13,71,9.136834575,125,611,63.74011786,11.43268718,8.380029099,9.832630781,455,24,474,47,479,521
32,1000,60,7.7,28,0,942,29,17,12,58,7.163,89,599,59.84199052,8.857555174,6.745967742,7.573412698,475,21,467,37,496,504
28,1000,60,7.7,28,60,967,21,7,5,33,8.159436276,102,618,62.10792976,10.02490891,7.663900151,8.658952611,487,15,480,18,502,498
27,1000,60,7.7,28,64,944,30,14,12,56,8.425116318,123,642,62.41457847,10.54177845,7.682230884,9.108114634,459,20,485,36,479,521
31,1000,60,7.7,28,57,946,33,11,10,54,8.211511822,105,604,61.85032611,10.56051705,7.95440499,8.448841205,458,22,488,32,480,520
25,1000,60,7.7,28,67,966,22,3,9,34,8.085754096,109,630,62.29802778,10.40858914,7.507879013,8.647672077,476,17,490,17,493,507
30,1000,60,7.7,28,57,969,20,4,7,31,7.934200594,90,635,62.17567195,10.05850579,6.915399758,8.867125498,471,7,498,24,478,522
29,1000,60,7.7,28,54,952,27,7,14,48,8.320085672,111,621,62.12310642,10.20580677,7.717864564,8.949400573,501,10,451,38,511,489
26,1000,60,7.7,28,68,957,26,10,7,43,8.453490198,120,651,62.62940156,10.67353609,7.963852722,8.898275387,460,16,497,27,476,524
28,1000,60,7.7,28,61,967,21,7,5,33,8.189607809,107,624,62.14129594,10.03603983,7.711044907,8.672014589,487,15,480,18,502,498
27,1000,60,7.7,28,65,944,30,14,12,56,8.436197641,112,617,62.44447754,10.56374373,7.681765594,9.12981175,459,20,485,36,479,521
25,1000,60,7.7,28,68,967,22,2,9,33,8.078650431,112,597,62.34390997,10.42827951,7.485096773,8.655814046,477,16,490,17,493,507
31,1000,60,7.7,28,58,946,34,11,9,54,8.203156078,115,626,61.88026712,10.59520293,7.961402028,8.426313662,458,22,488,32,480,520
32,1000,60,7.7,28,1,944,29,16,11,56,7.14591995,111,589,59.88252311,8.897036877,6.755594524,7.530049735,476,20,468,36,496,504
30,1000,60,7.7,28,58,969,20,4,7,31,7.930264558,122,633,62.21903377,10.11134169,6.897026404,8.87640984,471,7,498,24,478,522
29,1000,60,7.7,28,55,953,26,7,14,47,8.345631174,99,623,62.1461873,10.2258899,7.71343499,9.006269723,502,9,451,38,511,489
26,1000,60,7.7,28,69,957,25,11,7,43,8.471131078,105,651,62.67489895,10.69904493,7.963398112,8.932354154,460,16,497,27,476,524
28,1000,60,7.7,28,62,968,20,7,5,32,8.2036294,105,635,62.19048549,10.06901831,7.708728713,8.702505193,488,14,480,18,502,498
27,1000,60,7.7,28,66,945,31,14,10,55,8.453916971,113,625,62.47490496,10.58148355,7.710322772,9.137566916,459,20,486,35,479,521
31,1000,60,7.7,28,59,946,34,11,9,54,8.219366128,110,609,61.91107973,10.61583532,8.00947522,8.413111582,458,22,488,32,480,520
25,1000,60,7.7,28,69,968,21,2,9,32,8.062508858,93,611,62.38649052,10.44765849,7.478240237,8.630643829,478,15,490,17,493,507
30,1000,60,7.7,28,59,969,20,4,7,31,7.95084628,101,631,62.25377523,10.13111397,6.925519116,8.8897474,471,7,498,24,478,522
26,1000,60,7.7,28,70,958,25,10,7,42,8.474089804,93,616,62.68997013,10.73463494,7.949720471,8.950425304,461,15,497,27,476,524
32,1000,60,7.7,28,2,944,28,17,11,56,7.181074604,93,599,59.90288242,8.946024783,6.805360925,7.550824574,476,20,468,36,496,504
29,1000,60,7.7,28,56,955,25,7,13,45,8.376688918,96,663,62.20128084,10.26251917,7.708778932,9.074648024,504,7,451,38,511,489
28,1000,60,7.7,28,63,967,19,8,6,33,8.243871567,112,641,62.22673649,10.10762778,7.717101742,8.774872476,487,15,480,18,502,498
27,1000,60,7.7,28,67,944,33,13,10,56,8.447893668,119,630,62.50497289,10.60090459,7.730574064,9.107387124,458,21,486,35,479,521
31,1000,60,7.7,28,60,946,34,11,9,54,8.266367975,108,631,61.95000183,10.63637812,8.042894351,8.472651321,458,22,488,32,480,520
25,1000,60,7.7,28,70,967,22,2,9,33,8.06362536,116,633,62.43260958,10.47106391,7.486809903,8.624512974,478,15,489,18,493,507
30,1000,60,7.7,28,60,969,21,4,6,31,7.952234634,93,618,62.30192478,10.1580327,6.871865873,8.941537828,471,7,498,24,478,522
26,1000,60,7.7,28,71,958,25,10,7,42,8.493013991,111,651,62.72592788,10.7511979,7.953454434,8.983148245,461,15,497,27,476,524
29,1000,60,7.7,28,57,953,27,7,13,47,8.411793531,112,612,62.23548846,10.28888718,7.707807724,9.1474515,504,7,449,40,511,489
32,1000,60,7.7,28,3,944,28,17,11,56,7.237496033,78,595,59.95011508,8.979177232,6.844652575,7.624103881,476,20,468,36,496,504
28,1000,60,7.7,28,64,964,21,8,7,36,8.282016474,107,627,62.28185487,10.14639595,7.77803299,8.790048017,486,16,478,20,502,498
27,1000,60,7.7,28,68,944,32,14,10,56,8.463412131,120,629,62.56242284,10.61555085,7.774916698,9.096405052,458,21,486,35,479,521
25,1000,60,7.7,28,71,966,22,3,9,34,8.090796002,123,613,62.50834781,10.51157646,7.516865041,8.648878771,477,16,489,18,493,507
31,1000,60,7.7,28,61,950,31,10,9,50,8.276335821,130,614,61.98397321,10.65154715,8.080698228,8.456924369,458,22,492,28,480,520
30,1000,60,7.7,28,61,969,21,4,6,31,7.963449783,104,623,62.32618512,10.1621804,6.850709691,8.982395691,471,7,498,24,478,522
26,1000,60,7.7,28,72,955,27,11,7,45,8.536101829,112,658,62.77751444,10.77395895,7.995545249,9.027141775,458,18,497,27,476,524
29,1000,60,7.7,28,58,954,26,7,13,46,8.43639039,114,612,62.28273929,10.33776621,7.725257655,9.179516826,504,7,450,39,511,489
28,1000,60,7.7,28,65,965,21,7,7,35,8.303144606,106,651,62.34963418,10.17981601,7.836734667,8.77330081,486,16,479,19,502,498
32,1000,60,7.7,28,4,945,28,16,11,55,7.282365324,81,605,59.98572212,9.002288532,6.88603456,7.672405124,477,19,468,36,496,504
25,1000,60,7.7,28,72,965,23,4,8,35,8.095825278,114,638,62.5366108,10.51964814,7.541131679,8.635201894,477,16,488,19,493,507
31,1000,60,7.7,28,62,949,32,10,9,51,8.313341101,107,610,62.02970189,10.67488595,8.10027429,8.510018157,458,22,491,29,480,520
27,1000,60,7.7,28,69,944,32,14,10,56,8.467254766,109,638,62.62335697,10.66458738,7.786325167,9.093291768,457,22,487,34,479,521
30,1000,60,7.7,28,62,970,20,4,6,30,7.985719308,106,636,62.36440008,10.21757078,6.908452047,8.972182432,471,7,499,23,478,522
26,1000,60,7.7,28,73,953,28,12,7,47,8.577014677,118,623,62.83798377,10.79616164,8.045741521,9.059621589,457,19,496,28,476,524
29,1000,60,7.7,28,59,955,25,7,13,45,8.443395785,100,649,62.32079654,10.38757878,7.710681823,9.209074384,504,7,451,38,511,489
28,1000,60,7.7,28,66,965,21,7,7,35,8.310852748,98,595,62.3528362,10.18656804,7.892128663,8.732940079,486,16,479,19,502,498
32,1000,60,7.7,28,5,947,27,15,11,53,7.309428942,99,606,60.02498673,9.047149908,6.943770165,7.669283612,477,19,470,34,496,504
31,1000,60,7.7,28,63,948,32,11,9,52,8.323134208,107,615,62.09437237,10.70857921,8.105933563,8.523627111,457,23,491,29,480,520
25,1000,60,7.7,28,73,964,23,5,8,36,8.084721321,118,607,62.57509544,10.54964242,7.529636805,8.62447806,476,17,488,19,493,507
27,1000,60,7.7,28,70,944,31,15,10,56,8.499019634,107,646,62.68548417,10.68691265,7.841449,9.103580735,457,22,487,34,479,521
30,1000,60,7.7,28,63,969,21,4,6,31,8.018270885,104,637,62.3962989,10.23265053,6.915277648,9.028291513,470,8,499,23,478,522
26,1000,60,7.7,28,74,953,25,15,7,47,8.595515405,108,635,62.89499565,10.80496321,8.036586653,9.103244576,457,19,496,28,476,524
29,1000,60,7.7,28,60,954,26,7,13,46,8.430939481,125,637,62.39799946,10.44171419,7.67463856,9.221266209,504,7,450,39,511,489
28,1000,60,7.7,28,67,965,21,7,7,35,8.34564645,105,611,62.37889823,10.25039777,7.901750708,8.79310762,486,16,479,19,502,498
31,1000,60,7.7,28,64,948,32,10,10,52,8.370638364,111,607,62.13648978,10.71251663,8.175670108,8.550609062,457,23,491,29,480,520
30,1000,60,7.7,28,64,967,24,4,5,33,8.018402093,93,612,62.44120547,10.24512363,6.90816188,9.03505884,469,9,498,24,478,522
27,1000,60,7.7,28,71,945,30,15,10,55,8.497741601,111,632,62.74259482,10.7024171,7.836988866,9.105228281,458,21,487,34,479,521
25,1000,60,7.7,28,74,963,24,5,8,37,8.089394396,108,641,62.62244419,10.58486135,7.524100274,8.639078818,476,17,487,20,493,507
26,1000,60,7.7,28,75,951,27,15,7,49,8.613983311,117,614,62.91262353,10.83207213,8.067531372,9.110378583,457,19,494,30,476,524
32,1000,60,7.7,28,6,947,28,14,11,53,7.325873342,102,578,60.05607767,9.054465658,6.953046404,7.692782393,477,19,470,34,496,504
29,1000,60,7.7,28,61,955,26,6,13,45,8.474375413,108,651,62.43096805,10.45958205,7.716871931,9.265958806,504,7,451,38,511,489
28,1000,60,7.7,28,68,965,21,7,7,35,8.35063521,108,633,62.395845,10.25913225,7.918022052,8.786723172,486,16,479,19,502,498
31,1000,60,7.7,28,65,949,31,10,10,51,8.396881665,117,636,62.18749657,10.73572331,8.23497384,8.546335042,457,23,492,28,480,520
30,1000,60,7.7,28,65,966,24,5,5,34,8.045631948,128,637,62.47861512,10.26731536,6.974066387,9.026873976,469,9,497,25,478,522
25,1000,60,7.7,28,75,962,25,5,8,38,8.110877351,96,645,62.67084128,10.61656877,7.540625786,8.665382324,476,17,486,21,493,507
27,1000,60,7.7,28,72,946,29,15,10,54,8.520658109,110,622,62.75462051,10.71865182,7.867304231,9.121342384,459,20,487,34,479,521
26,1000,60,7.7,28,76,952,27,13,8,48,8.658029901,116,616,62.94133743,10.85829068,8.150981183,9.118631409,457,19,495,29,476,524
32,1000,60,7.7,28,7,946,29,14,11,54,7.36333053,99,603,60.09752623,9.067995645,6.976114684,7.744400092,477,19,469,35,496,504
28,1000,60,7.7,28,69,962,23,8,7,38,8.396123369,101,619,62.39711495,10.30721007,7.927750612,8.868258156,486,16,476,22,502,498
29,1000,60,7.7,28,62,955,26,6,13,45,8.522762035,102,647,62.44403524,10.48570853,7.765705879,9.313877977,504,7,451,38,511,489
31,1000,60,7.7,28,66,948,32,10,10,52,8.412961963,132,631,62.20068492,10.7339238,8.248860391,8.564440337,457,23,491,29,480,520
30,1000,60,7.7,28,66,966,24,5,5,34,8.066062512,99,628,62.51698465,10.29822244,7.000173877,9.042106127,469,9,497,25,478,522
26,1000,60,7.7,28,77,952,27,13,8,48,8.649122466,112,647,62.97323115,10.8705466,8.156023239,9.097052299,457,19,495,29,476,524
25,1000,60,7.7,28,76,961,26,5,8,39,8.121020696,109,634,62.72192195,10.64702548,7.555019972,8.67139221,476,17,485,22,493,507
27,1000,60,7.7,28,73,946,30,14,10,54,8.528940009,122,616,62.77986853,10.73695007,7.884855717,9.12110196,459,20,487,34,479,521
32,1000,60,7.7,28,8,947,28,14,11,53,7.378389759,82,608,60.14231258,9.093358227,7.017802652,7.733253261,478,18,469,35,496,504
28,1000,60,7.7,28,70,960,25,8,7,40,8.422466766,107,605,62.44971636,10.33876924,7.928112281,8.92079197,485,17,475,23,502,498
29,1000,60,7.7,28,63,955,26,6,13,45,8.525328782,109,611,62.51120592,10.50170389,7.761506678,9.32351507,504,7,451,38,511,489
31,1000,60,7.7,28,67,947,32,10,11,53,8.494292301,102,639,62.2508509,10.73956082,8.310445584,8.663996964,457,23,490,30,480,520
30,1000,60,7.7,28,67,965,24,6,5,35,8.09378824,138,589,62.55736964,10.31120415,7.011444046,9.084900357,469,9,496,26,478,522
26,1000,60,7.7,28,78,952,27,13,8,48,8.677318181,93,633,63.02505184,10.91961774,8.172575931,9.1358245,457,19,495,29,476,524
25,1000,60,7.7,28,77,960,27,5,8,40,8.15965194,113,638,62.7862125,10.67522209,7.574986007,8.728173251,476,17,484,23,493,507
27,1000,60,7.7,28,74,946,30,14,10,54,8.545544365,91,662,62.83094035,10.78328716,7.886451931,9.151504588,460,19,486,35,479,521
28,1000,60,7.7,28,71,960,25,8,7,40,8.452495766,95,624,62.4956153,10.34879142,7.970065887,8.938800584,485,17,475,23,502,498
32,1000,60,7.7,28,9,948,28,14,10,52,7.388004287,104,615,60.21578162,9.122045919,7.021587006,7.748605421,478,18,470,34,496,504
31,1000,60,7.7,28,68,950,30,9,11,50,8.441410046,111,625,62.30754792,10.78147947,8.269030944,8.600529217,458,22,492,28,480,520
30,1000,60,7.7,28,68,965,23,7,5,35,8.146154413,105,642,62.61285759,10.31817697,7.054208085,9.146059287,470,8,495,27,478,522
29,1000,60,7.7,28,64,956,24,7,13,44,8.560681567,108,643,62.55682781,10.51019623,7.780837691,9.375610444,504,7,452,37,511,489
26,1000,60,7.7,28,79,952,27,13,8,48,8.674998994,110,614,63.03249001,10.93372061,8.193070718,9.112781168,457,19,495,29,476,524
25,1000,60,7.7,28,78,958,30,3,9,42,8.174256915,113,627,62.8246819,10.69473546,7.550889161,8.780411359,475,18,483,24,493,507
27,1000,60,7.7,28,75,948,28,14,10,52,8.544483634,137,630,62.83009344,10.80534478,7.900888253,9.136196086,461,18,487,34,479,521
28,1000,60,7.7,28,72,959,26,8,7,41,8.506897292,120,626,62.55624975,10.36373655,8.041893958,8.975635592,485,17,474,24,502,498
31,1000,60,7.7,28,69,950,30,9,11,50,8.451174777,99,653,62.33418557,10.78894885,8.292616739,8.597536043,458,22,492,28,480,520
30,1000,60,7.7,28,69,965,22,8,5,35,8.189410647,112,638,62.66354848,10.36333059,7.082768042,9.202773032,470,8,495,27,478,522
26,1000,60,7.7,28,80,950,29,13,8,50,8.692632698,118,655,63.05025662,10.94616905,8.181032308,9.157368931,456,20,494,30,476,524
29,1000,60,7.7,28,65,958,23,7,12,42,8.517890011,107,626,62.60270637,10.5260392,7.763576672,9.306139737,504,7,454,35,511,489
32,1000,60,7.7,28,10,948,27,15,10,52,7.37795529,91,635,60.23182614,9.138098908,6.99155113,7.758226051,477,19,471,33,496,504
25,1000,60,7.7,28,79,959,29,3,9,41,8.19721309,118,618,62.88014852,10.75265492,7.580398161,8.796995653,475,18,484,23,493,507
27,1000,60,7.7,28,76,948,28,14,10,52,8.556609387,109,643,62.84891326,10.83590179,7.907753644,9.153158142,461,18,487,34,479,521
28,1000,60,7.7,28,73,959,26,8,7,41,8.499600749,133,662,62.60019542,10.38759557,8.067655857,8.935015078,485,17,474,24,502,498
31,1000,60,7.7,28,70,951,30,8,11,49,8.463475507,120,652,62.34793823,10.83165446,8.319735957,8.596158168,458,22,493,27,480,520
30,1000,60,7.7,28,70,964,22,9,5,36,8.220355011,100,618,62.70718957,10.40463928,7.133837714,9.215288475,469,9,495,27,478,522
26,1000,60,7.7,28,81,948,30,14,8,52,8.719322866,119,656,63.10044261,10.95469984,8.199534932,9.191496639,455,21,493,31,476,524
25,1000,60,7.7,28,80,959,29,3,9,41,8.22130627,111,628,62.91909914,10.79693184,7.636641102,8.789826837,475,18,484,23,493,507
29,1000,60,7.7,28,66,957,24,7,12,43,8.535381002,116,636,62.62733047,10.52943145,7.759781577,9.345874472,504,7,453,36,511,489
27,1000,60,7.7,28,77,949,26,15,10,51,8.569716064,127,619,62.90608803,10.83297761,7.905727997,9.180177262,462,17,487,34,479,521
32,1000,60,7.7,28,11,947,28,15,10,53,7.438729192,97,628,60.28911212,9.142854666,7.060448031,7.81100589,476,20,471,33,496,504
28,1000,60,7.7,28,74,959,26,8,7,41,8.528394455,97,643,62.63041904,10.41306456,8.082943728,8.9774231,485,17,474,24,502,498
31,1000,60,7.7,28,71,950,31,8,11,50,8.536932076,103,642,62.38090079,10.87063428,8.388413753,8.674025913,458,22,492,28,480,520
30,1000,60,7.7,28,71,962,24,9,5,38,8.262152109,106,612,62.71804794,10.42910103,7.149712228,9.28082311,467,11,495,27,478,522
26,1000,60,7.7,28,82,948,29,15,8,52,8.743029258,102,625,63.13107777,10.97892482,8.249459847,9.191386204,455,21,493,31,476,524
25,1000,60,7.7,28,81,958,28,5,9,42,8.251040857,116,642,62.98023158,10.81738909,7.678894889,8.807387922,474,19,484,23,493,507
29,1000,60,7.7,28,67,957,23,8,12,43,8.55988069,114,628,62.67873362,10.54767233,7.821362521,9.331624625,503,8,454,35,511,489
27,1000,60,7.7,28,78,948,26,16,10,52,8.594172537,105,657,62.96741772,10.86705788,7.928817368,9.205890629,461,18,487,34,479,521
32,1000,60,7.7,28,12,946,28,16,10,54,7.469643174,97,587,60.30139998,9.177110171,7.056756451,7.875976139,475,21,471,33,496,504
28,1000,60,7.7,28,75,960,25,8,7,40,8.524228703,112,620,62.70021206,10.42677316,8.049685338,9.002583662,486,16,474,24,502,498
31,1000,60,7.7,28,72,951,31,7,11,49,8.522011784,119,635,62.41497785,10.90486277,8.393930635,8.640240538,459,21,492,28,480,520
30,1000,60,7.7,28,72,963,22,11,4,37,8.261593933,95,633,62.75863574,10.45437197,7.117102156,9.309615139,468,10,495,27,478,522
26,1000,60,7.7,28,83,945,31,16,8,55,8.783645663,120,628,63.17276048,10.99651973,8.261942942,9.257558821,455,21,490,34,476,524
25,1000,60,7.7,28,82,958,28,5,9,42,8.253233601,114,632,63.004293,10.8538003,7.687726536,8.803125087,473,20,485,22,493,507
27,1000,60,7.7,28,79,950,25,16,9,50,8.565042934,111,623,63.0047608,10.88542195,7.933434557,9.145734706,462,17,488,33,479,521
29,1000,60,7.7,28,68,957,23,8,12,43,8.585056087,116,627,62.70736118,10.56866721,7.844659052,9.358763419,503,8,454,35,511,489
28,1000,60,7.7,28,76,960,25,8,7,40,8.514082038,129,617,62.76711757,10.44936441,8.06194089,8.969854842,486,16,474,24,502,498
31,1000,60,7.7,28,73,952,31,6,11,48,8.508383861,89,621,62.44155051,10.92274067,8.399152729,8.609212598,459,21,493,27,480,520
30,1000,60,7.7,28,73,962,23,11,4,38,8.312962961,118,644,62.82960516,10.47476445,7.195776094,9.33598082,467,11,495,27,478,522
32,1000,60,7.7,28,13,946,28,16,10,54,7.483503696,91,601,60.3477456,9.207975083,7.105947888,7.855066554,475,21,471,33,496,504
26,1000,60,7.7,28,84,945,31,16,8,55,8.799561179,118,642,63.19006229,11.04356214,8.299424141,9.253884138,455,21,490,34,476,524
25,1000,60,7.7,28,83,957,29,5,9,43,8.300413911,119,641,63.05575821,10.89088264,7.735212217,8.850008456,472,21,485,22,493,507
27,1000,60,7.7,28,80,950,24,17,9,50,8.606239268,109,621,63.03539228,10.89773841,7.975881893,9.185780886,462,17,488,33,479,521
29,1000,60,7.7,28,69,958,22,8,12,42,8.561998268,98,650,62.72836913,10.59061902,7.849967103,9.306063555,503,8,455,34,511,489
28,1000,60,7.7,28,77,960,25,8,7,40,8.526842149,108,631,62.82427942,10.45907284,8.050824313,9.00668342,486,16,474,24,502,498
31,1000,60,7.7,28,74,951,31,7,11,49,8.526723939,106,638,62.4992741,10.96055399,8.421859726,8.623521674,458,22,493,27,480,520
30,1000,60,7.7,28,74,961,24,11,4,39,8.362941346,92,652,62.85766897,10.47653187,7.255600488,9.376943128,467,11,494,28,478,522
26,1000,60,7.7,28,85,946,30,16,8,54,8.798455374,120,624,63.22675921,11.04353625,8.272333178,9.27638317,456,20,490,34,476,524
25,1000,60,7.7,28,84,958,28,5,9,42,8.289657692,117,621,63.10543275,10.91711965,7.692452459,8.870372051,473,20,485,22,493,507
32,1000,60,7.7,28,14,947,27,16,10,53,7.484205812,88,583,60.3603576,9.228082574,7.083025577,7.879018108,476,20,471,33,496,504
27,1000,60,7.7,28,81,950,25,16,9,50,8.601976919,104,634,63.06433952,10.93653684,8.008884479,9.147257685,461,18,489,32,479,521
29,1000,60,7.7,28,70,957,24,7,12,43,8.573910466,106,668,62.76811178,10.64324818,7.897512768,9.280739144,501,10,456,33,511,489
28,1000,60,7.7,28,78,956,28,10,6,44,8.533373873,107,625,62.86415416,10.46287832,8.067834681,9.002652337,484,18,472,26,502,498
31,1000,60,7.7,28,75,951,31,8,10,49,8.502568779,113,613,62.53320348,10.99736981,8.460854561,8.54107421,458,22,493,27,480,520
30,1000,60,7.7,28,75,958,26,12,4,42,8.405523794,108,640,62.89592005,10.47897728,7.300742933,9.417181364,465,13,493,29,478,522
26,1000,60,7.7,28,86,946,31,15,8,54,8.815929444,115,628,63.28443887,11.06798872,8.276056487,9.306348391,456,20,490,34,476,524
25,1000,60,7.7,28,85,957,29,5,9,43,8.29402882,104,651,63.13507466,10.93560168,7.697590554,8.873997389,472,21,485,22,493,507
32,1000,60,7.7,28,15,949,24,17,10,51,7.516092671,108,612,60.42195531,9.236987792,7.133893199,7.892225485,476,20,473,31,496,504
27,1000,60,7.7,28,82,950,25,16,9,50,8.617298197,118,644,63.08950108,10.95151244,8.006066944,9.17925553,461,18,489,32,479,521
29,1000,60,7.7,28,71,957,23,7,13,43,8.576880578,115,590,62.81947238,10.67014373,7.89027863,9.294372592,502,9,455,34,511,489
28,1000,60,7.7,28,79,956,29,7,8,44,8.540911197,108,624,62.8899019,10.51119624,8.080986687,9.004529879,484,18,472,26,502,498
31,1000,60,7.7,28,76,951,30,8,11,49,8.521782953,106,649,62.57829415,11.02134384,8.502635852,8.5394572,458,22,493,27,480,520
30,1000,60,7.7,28,76,957,27,12,4,43,8.41820848,108,658,62.91996372,10.48013171,7.29809289,9.443908196,465,13,492,30,478,522
26,1000,60,7.7,28,87,944,31,17,8,56,8.848726922,101,668,63.35680604,11.10123326,8.314134461,9.334349082,454,22,490,34,476,524
25,1000,60,7.7,28,86,955,32,5,8,45,8.323554034,114,626,63.18805569,10.96774229,7.730707219,8.900030324,471,22,484,23,493,507
27,1000,60,7.7,28,83,950,25,16,9,50,8.639173771,106,652,63.14482382,10.97946456,8.030833245,9.198473411,461,18,489,32,479,521
28,1000,60,7.7,28,80,954,31,6,9,46,8.585369245,118,635,62.93889451,10.5549275,8.163632419,9.010493514,483,19,471,27,502,498
29,1000,60,7.7,28,72,956,22,8,14,44,8.569575974,115,621,62.86545694,10.6982355,7.869853544,9.300778759,502,9,454,35,511,489
32,1000,60,7.7,28,16,950,23,17,10,50,7.518138095,103,626,60.45982034,9.259106326,7.142564223,7.887750477,476,20,474,30,496,504
31,1000,60,7.7,28,77,950,31,8,11,50,8.554008859,113,635,62.61009941,11.06539253,8.503818229,8.600338671,457,23,493,27,480,520
30,1000,60,7.7,28,77,957,27,12,4,43,8.433169235,115,633,62.95654809,10.50895477,7.368555732,9.408045202,465,13,492,30,478,522
26,1000,60,7.7,28,88,944,30,18,8,56,8.851423119,124,629,63.41837618,11.11963239,8.298245649,9.353927844,454,22,490,34,476,524
25,1000,60,7.7,28,87,955,32,5,8,45,8.331420886,111,627,63.26191086,10.99847813,7.741637724,8.904918121,471,22,484,23,493,507
27,1000,60,7.7,28,84,949,26,16,9,51,8.64263527,117,639,63.18050443,11.00962961,8.016213556,9.218558496,460,19,489,32,479,521
28,1000,60,7.7,28,81,954,31,7,8,46,8.609600039,110,640,62.97874444,10.61675663,8.199771056,9.022720821,482,20,472,26,502,498
29,1000,60,7.7,28,73,956,22,8,14,44,8.566105135,123,628,62.91539691,10.71892101,7.882993133,9.279950191,502,9,454,35,511,489
31,1000,60,7.7,28,78,952,28,10,10,48,8.571562687,124,618,62.66157257,11.05369885,8.514936403,8.623833103,458,22,494,26,480,520
32,1000,60,7.7,28,17,951,22,17,10,49,7.509579216,97,622,60.49284993,9.289245052,7.105591344,7.907154581,478,18,473,31,496,504
30,1000,60,7.7,28,78,957,27,12,4,43,8.462654449,107,638,62.99487529,10.52361683,7.381241435,9.452913875,465,13,492,30,478,522
26,1000,60,7.7,28,89,944,30,18,8,56,8.845145636,132,630,63.44753649,11.13836596,8.298384031,9.341822208,454,22,490,34,476,524
25,1000,60,7.7,28,88,955,31,6,8,45,8.378747597,113,647,63.30565418,11.00741357,7.764051555,8.976469784,471,22,484,23,493,507
27,1000,60,7.7,28,85,949,27,15,9,51,8.649282804,123,638,63.25148102,11.04905171,8.035882377,9.213234443,459,20,490,31,479,521
28,1000,60,7.7,28,82,954,31,7,8,46,8.613296551,106,634,63.00713386,10.67371608,8.177048603,9.053048499,482,20,472,26,502,498
29,1000,60,7.7,28,74,956,22,8,14,44,8.614199169,106,638,62.94690132,10.7511853,7.904511055,9.35581599,502,9,454,35,511,489
31,1000,60,7.7,28,79,951,29,10,10,49,8.630351957,121,620,62.70790202,11.07362172,8.596277672,8.661805142,457,23,494,26,480,520
30,1000,60,7.7,28,79,957,27,12,4,43,8.491015344,104,652,63.03727451,10.55094267,7.438729302,9.454602946,464,14,493,29,478,522
26,1000,60,7.7,28,90,944,29,19,8,56,8.886122877,96,644,63.48325069,11.19449572,8.371731706,9.353394247,454,22,490,34,476,524
25,1000,60,7.7,28,89,954,31,7,8,46,8.379504053,121,618,63.35630817,11.03776502,7.784277166,8.958294694,470,23,484,23,493,507
32,1000,60,7.7,28,18,950,23,16,11,50,7.545188888,102,611,60.52891276,9.317351216,7.134064597,7.949787398,477,19,473,31,496,504
27,1000,60,7.7,28,86,950,26,15,9,50,8.665743878,106,641,63.3007174,11.06814513,8.06397304,9.219003439,459,20,491,30,479,521
28,1000,60,7.7,28,83,954,30,8,8,46,8.649123126,114,635,63.0337155,10.67974742,8.200729546,9.101118261,482,20,472,26,502,498
31,1000,60,7.7,28,80,951,29,10,10,49,8.618308511,136,634,62.76679473,11.09328099,8.59122688,8.643306939,457,23,494,26,480,520
29,1000,60,7.7,28,75,955,22,9,14,45,8.636113113,125,642,62.97684229,10.77614998,7.903840584,9.401330419,502,9,453,36,511,489
26,1000,60,7.7,28,91,943,30,19,8,57,8.897338158,116,667,63.5424817,11.20970134,8.392371064,9.356048724,454,22,489,35,476,524
30,1000,60,7.7,28,80,956,26,14,4,44,8.529699737,124,610,63.0976553,10.57623474,7.543786731,9.432508964,464,14,492,30,478,522
25,1000,60,7.7,28,90,953,32,7,8,47,8.405943658,115,637,63.39561603,11.05614541,7.822552069,8.973225814,470,23,483,24,493,507
32,1000,60,7.7,28,19,950,24,15,11,50,7.538403416,114,605,60.56906404,9.341760099,7.077776879,7.99171842,478,18,472,32,496,504
27,1000,60,7.7,28,87,950,23,17,10,50,8.684570684,123,642,63.33914266,11.10559199,8.073413825,9.246459619,460,19,490,31,479,521
28,1000,60,7.7,28,84,954,30,8,8,46,8.657983487,115,675,63.07972407,10.69063104,8.21952938,9.099959315,482,20,472,26,502,498
31,1000,60,7.7,28,81,950,30,10,10,50,8.624043052,140,624,62.79798053,11.10498726,8.581160024,8.663627386,457,23,493,27,480,520
26,1000,60,7.7,28,92,945,29,19,7,55,8.896132938,106,663,63.59302568,11.2317946,8.385447165,9.360038334,454,22,491,33,476,524
29,1000,60,7.7,28,76,953,23,10,14,47,8.669341188,109,629,63.01775191,10.8183728,7.928935281,9.44305779,502,9,451,38,511,489
30,1000,60,7.7,28,81,955,27,14,4,45,8.587760696,108,624,63.17028897,10.62023876,7.592802594,9.498852597,463,15,492,30,478,522
25,1000,60,7.7,28,91,955,30,7,8,45,8.394063299,105,650,63.42053032,11.12402635,7.801798044,8.96997409,471,22,484,23,493,507
28,1000,60,7.7,28,85,953,31,7,9,47,8.711739255,107,641,63.10351339,10.71359044,8.330640013,9.095899536,481,21,472,26,502,498
27,1000,60,7.7,28,88,949,25,15,11,51,8.700663479,127,646,63.35638017,11.1203862,8.086901553,9.264947475,459,20,490,31,479,521
32,1000,60,7.7,28,20,952,22,15,11,48,7.559741699,107,575,60.58611244,9.373373028,7.059211878,8.052326602,479,17,473,31,496,504
31,1000,60,7.7,28,82,949,31,10,10,51,8.637482675,106,634,62.83705337,11.13900382,8.595259452,8.676457959,456,24,493,27,480,520
26,1000,60,7.7,28,93,944,29,20,7,56,8.9261017,104,622,63.62852286,11.24579861,8.416906488,9.388653075,453,23,491,33,476,524
30,1000,60,7.7,28,82,953,29,13,5,47,8.597743177,121,637,63.21013971,10.64044213,7.581251749,9.528553336,462,16,491,31,478,522
25,1000,60,7.7,28,92,954,31,7,8,46,8.455596602,129,620,63.44542463,11.14846754,7.838599744,9.055556072,471,22,483,24,493,507
29,1000,60,7.7,28,77,953,23,10,14,47,8.696384466,136,611,63.07723481,10.82555458,8.003275871,9.420675861,502,9,451,38,511,489
28,1000,60,7.7,28,86,948,36,7,9,52,8.746018823,126,654,63.13697182,10.74353543,8.37406384,9.120961397,478,24,470,28,502,498
27,1000,60,7.7,28,89,948,24,17,11,52,8.713996709,116,636,63.40019607,11.15391136,8.099007855,9.279408726,458,21,490,31,479,521
31,1000,60,7.7,28,83,952,28,10,10,48,8.623115218,116,620,62.88207943,11.16819622,8.591857095,8.651968869,457,23,495,25,480,520
26,1000,60,7.7,28,94,943,30,20,7,57,8.971549448,125,645,63.68275831,11.25317095,8.472579926,9.424811839,453,23,490,34,476,524
32,1000,60,7.7,28,21,953,22,15,10,47,7.593768481,98,618,60.63214153,9.383286395,7.124740472,8.0553516,479,17,474,30,496,504
30,1000,60,7.7,28,83,953,29,13,5,47,8.593417535,135,648,63.23429408,10.6506851,7.55355653,9.545627421,462,16,491,31,478,522
25,1000,60,7.7,28,93,954,31,7,8,46,8.479834798,128,642,63.50097819,11.18163336,7.86836961,9.074415345,471,22,483,24,493,507
29,1000,60,7.7,28,78,952,26,9,13,48,8.715570439,100,653,63.10678385,10.87552289,8.035071501,9.426684872,501,10,451,38,511,489
28,1000,60,7.7,28,87,947,37,7,9,53,8.713155791,111,639,63.19914581,10.78105353,8.353993364,9.075203056,477,25,470,28,502,498
27,1000,60,7.7,28,90,945,27,17,11,55,8.742100039,110,652,63.46355717,11.19162135,8.145821875,9.290309714,458,21,487,34,479,521
31,1000,60,7.7,28,84,952,28,10,10,48,8.652621155,92,630,62.87965051,11.2117675,8.603060447,8.6983695,457,23,495,25,480,520
26,1000,60,7.7,28,95,943,30,20,7,57,8.99555412,132,643,63.73433731,11.27897432,8.49518841,9.450084804,453,23,490,34,476,524
30,1000,60,7.7,28,84,952,30,13,5,48,8.587236776,109,630,63.26672327,10.66423779,7.53712519,9.548833209,462,16,490,32,478,522
25,1000,60,7.7,28,94,956,30,7,7,44,8.48346598,124,637,63.53715573,11.20055081,7.863135176,9.086667334,472,21,484,23,493,507
32,1000,60,7.7,28,22,955,21,14,10,45,7.591524334,98,620,60.66936011,9.412849848,7.090479527,8.084616049,480,16,475,29,496,504
29,1000,60,7.7,28,79,951,28,9,12,49,8.711988928,116,651,63.15930956,10.92208575,8.110631143,9.340401664,499,12,452,37,511,489
28,1000,60,7.7,28,88,944,40,7,9,56,8.760491991,114,626,63.23987229,10.79897486,8.384851324,9.139149852,475,27,469,29,502,498
27,1000,60,7.7,28,91,944,28,17,11,56,8.776277807,124,634,63.54938816,11.22020724,8.158425217,9.344322703,458,21,486,35,479,521
31,1000,60,7.7,28,85,953,28,9,10,47,8.689738682,118,642,62.90240288,11.26408183,8.671436329,8.706633162,457,23,496,24,480,520
26,1000,60,7.7,28,96,942,31,20,7,58,8.991885248,122,641,63.76728203,11.28695739,8.48407052,9.453182597,453,23,489,35,476,524
30,1000,60,7.7,28,85,953,30,12,5,47,8.607532076,126,653,63.27602731,10.69554262,7.547705895,9.578024251,463,15,490,32,478,522
25,1000,60,7.7,28,95,955,31,7,7,45,8.50042886,110,658,63.56519493,11.20362924,7.910423636,9.074142028,471,22,484,23,493,507
29,1000,60,7.7,28,80,950,29,9,12,50,8.709201597,117,654,63.19123968,10.94348047,8.102052053,9.343666663,498,13,452,37,511,489
32,1000,60,7.7,28,23,958,20,12,10,42,7.599803333,94,609,60.69010025,9.447307008,7.150706568,8.041771577,481,15,477,27,496,504
28,1000,60,7.7,28,89,946,37,8,9,54,8.729023472,104,651,63.27292184,10.81419811,8.37887603,9.081983343,476,26,470,28,502,498
27,1000,60,7.7,28,92,944,27,18,11,56,8.759011829,110,656,63.59260214,11.25670578,8.151766138,9.317304892,458,21,486,35,479,521
26,1000,60,7.7,28,97,942,31,20,7,58,8.991240914,114,661,63.82464607,11.3039615,8.490151142,9.446429333,453,23,489,35,476,524
31,1000,60,7.7,28,86,953,28,9,10,47,8.736223684,110,601,62.92751001,11.27209132,8.693194238,8.775943172,457,23,496,24,480,520
30,1000,60,7.7,28,86,952,31,12,5,48,8.620612414,128,656,63.32076778,10.72223644,7.557431185,9.594176835,463,15,489,33,478,522
25,1000,60,7.7,28,96,954,31,8,7,46,8.499165176,115,639,63.63097302,11.21402919,7.916311659,9.065924118,471,22,483,24,493,507
28,1000,60,7.7,28,90,948,35,8,9,52,8.730877989,117,647,63.33005508,10.82135461,8.399241407,9.065178319,477,25,471,27,502,498
29,1000,60,7.7,28,81,950,29,9,12,50,8.728502969,127,621,63.22894245,10.97309017,8.110005526,9.374826472,498,13,452,37,511,489
32,1000,60,7.7,28,24,958,19,13,10,42,7.652738486,80,597,60.74573699,9.469204438,7.221669513,8.076965094,481,15,477,27,496,504
26,1000,60,7.7,28,98,942,32,19,7,58,8.973143977,114,641,63.8740277,11.32361402,8.447849934,9.450319481,453,23,489,35,476,524
31,1000,60,7.7,28,87,953,29,8,10,47,8.744888134,130,616,62.96298083,11.26972876,8.66738899,8.816425806,457,23,496,24,480,520
30,1000,60,7.7,28,87,952,31,13,4,48,8.625545414,115,659,63.3433359,10.77119036,7.551236763,9.609299313,463,15,489,33,478,522
27,1000,60,7.7,28,93,945,27,16,12,55,8.756371654,123,657,63.62466327,11.28260824,8.157273401,9.307174078,458,21,487,34,479,521
25,1000,60,7.7,28,97,953,33,8,6,47,8.509279607,120,635,63.68469668,11.22374711,7.94858231,9.054494138,471,22,482,25,493,507
28,1000,60,7.7,28,91,948,35,8,9,52,8.789044981,104,645,63.34908631,10.84871907,8.461417993,9.119303512,477,25,471,27,502,498
29,1000,60,7.7,28,82,951,28,9,12,49,8.722085177,130,635,63.27439977,10.99922187,8.106453258,9.365414237,499,12,452,37,511,489
31,1000,60,7.7,28,88,953,29,8,10,47,8.720314465,115,620,63.02145739,11.28793202,8.607387631,8.824554619,458,22,495,25,480,520
26,1000,60,7.7,28,99,943,32,18,7,57,8.926939499,141,653,63.89066132,11.34871039,8.395740557,9.409478997,454,22,489,35,476,524
30,1000,60,7.7,28,88,949,34,13,4,51,8.679623033,113,641,63.36059822,10.78175771,7.589403601,9.677946575,463,15,486,36,478,522
32,1000,60,7.7,28,25,958,19,13,10,42,7.686406227,97,601,60.77108196,9.499710997,7.254200376,8.111751667,481,15,477,27,496,504
27,1000,60,7.7,28,94,947,26,15,12,53,8.755113667,121,634,63.67365817,11.31085487,8.174864147,9.288586835,458,21,489,32,479,521
25,1000,60,7.7,28,98,953,33,8,6,47,8.537610046,130,672,63.68373433,11.25722186,8.00993745,9.050711802,471,22,482,25,493,507
28,1000,60,7.7,28,92,947,36,8,9,53,8.833994658,115,635,63.37674188,10.87628182,8.493987473,9.176732824,476,26,471,27,502,498
29,1000,60,7.7,28,83,951,27,10,12,49,8.708488953,92,626,63.32586067,11.05419254,8.090593681,9.354183194,499,12,452,37,511,489
31,1000,60,7.7,28,89,951,32,8,9,49,8.722665095,120,638,63.06080814,11.28541891,8.655449362,8.784710387,456,24,495,25,480,520
26,1000,60,7.7,28,100,943,31,19,7,57,8.974309476,110,635,63.96832237,11.38382154,8.42841045,9.470202486,454,22,489,35,476,524
30,1000,60,7.7,28,89,948,34,14,4,52,8.651660447,115,640,63.40031383,10.80558817,7.553961788,9.656832783,462,16,486,36,478,522
27,1000,60,7.7,28,95,947,26,15,12,53,8.758269048,110,659,63.7079064,11.32398794,8.182178305,9.287918694,458,21,489,32,479,521
25,1000,60,7.7,28,99,952,34,8,6,48,8.553109876,124,647,63.73120263,11.28259024,8.024191617,9.067422897,471,22,481,26,493,507
32,1000,60,7.7,28,26,958,21,10,11,42,7.725607141,95,615,60.80523353,9.521550446,7.312625454,8.132033563,482,14,476,28,496,504
28,1000,60,7.7,28,93,946,37,7,10,54,8.841004709,105,635,63.40220191,10.90975967,8.482797027,9.20208956,475,27,471,27,502,498
31,1000,60,7.7,28,90,952,31,8,9,48,8.759706584,118,639,63.08115005,11.30432822,8.735578207,8.781978932,455,25,497,23,480,520
26,1000,60,7.7,28,101,943,31,19,7,57,8.97288451,116,646,63.97995212,11.40806435,8.446484011,9.451065115,454,22,489,35,476,524
29,1000,60,7.7,28,84,950,28,10,12,50,8.719787069,125,640,63.38144951,11.09072132,8.087490961,9.380530036,499,12,451,38,511,489
30,1000,60,7.7,28,90,948,34,14,4,52,8.640215437,120,644,63.45308673,10.79776336,7.533375891,9.653758163,463,15,485,37,478,522
27,1000,60,7.7,28,96,946,27,14,13,54,8.780324919,106,680,63.73046573,11.33599657,8.201143471,9.312816115,458,21,488,33,479,521
25,1000,60,7.7,28,100,952,34,8,6,48,8.547507217,115,624,63.75848747,11.31748925,7.995278647,9.084486872,471,22,481,26,493,507
32,1000,60,7.7,28,27,956,23,10,11,44,7.709814756,89,596,60.8290029,9.52094612,7.326016353,8.087521121,481,15,475,29,496,504
28,1000,60,7.7,28,94,944,39,7,10,56,8.886307412,98,629,63.42839905,10.93685171,8.538333924,9.237075868,473,29,471,27,502,498
31,1000,60,7.7,28,91,951,31,9,9,49,8.807082887,120,669,63.12557481,11.32555173,8.773017822,8.838527562,455,25,496,24,480,520
26,1000,60,7.7,28,102,942,32,18,8,58,8.991721199,121,652,64.0080139,11.43769386,8.462636439,9.472340179,454,22,488,36,476,524
30,1000,60,7.7,28,91,946,36,14,4,54,8.663870581,118,642,63.49453068,10.80374842,7.527665267,9.7043038,463,15,483,39,478,522
29,1000,60,7.7,28,85,950,29,10,11,50,8.71751802,123,660,63.45267634,11.12489794,8.118360381,9.343631626,498,13,452,37,511,489
27,1000,60,7.7,28,97,943,30,14,13,57,8.808830076,121,637,63.80245171,11.35427485,8.234717492,9.336661032,457,22,486,35,479,521
25,1000,60,7.7,28,101,953,33,8,6,47,8.57775711,124,652,63.77935714,11.35061479,8.035089874,9.105439451,472,21,481,26,493,507
32,1000,60,7.7,28,28,955,24,10,11,45,7.739884222,109,622,60.88812641,9.576189826,7.332532165,8.140770372,481,15,474,30,496,504
28,1000,60,7.7,28,95,944,39,7,10,56,8.924684667,112,619,63.45744387,10.96986384,8.592860707,9.259173879,473,29,471,27,502,498
31,1000,60,7.7,28,92,952,30,9,9,48,8.786067083,151,650,63.1581842,11.36077453,8.752147737,8.817377248,455,25,497,23,480,520
26,1000,60,7.7,28,103,942,33,18,7,58,9.003061919,123,639,64.0783609,11.46259278,8.48548509,9.473227131,454,22,488,36,476,524
30,1000,60,7.7,28,92,944,38,13,5,56,8.70662033,105,623,63.56123833,10.81428307,7.583171498,9.735372324,462,16,482,40,478,522
29,1000,60,7.7,28,86,950,29,10,11,50,8.724250128,104,646,63.49887743,11.14195937,8.167381721,9.30617192,498,13,452,37,511,489
27,1000,60,7.7,28,98,943,30,13,14,57,8.833922258,118,652,63.85047341,11.35745657,8.251204333,9.369664842,457,22,486,35,479,521
25,1000,60,7.7,28,102,953,33,8,6,47,8.580573835,119,635,63.82063268,11.37652253,8.019948906,9.125717996,472,21,481,26,493,507
28,1000,60,7.7,28,96,942,41,7,10,58,8.977071276,120,648,63.51167265,11.01801092,8.680105053,9.27642277,472,30,470,28,502,498
31,1000,60,7.7,28,93,951,31,9,9,49,8.822609314,127,634,63.16918612,11.39030171,8.807020824,8.836998689,454,26,497,23,480,520
26,1000,60,7.7,28,104,940,35,19,6,60,9.015815934,110,656,64.12709738,11.50738916,8.546072282,9.442529633,454,22,486,38,476,524
33,1000,60,7.7,28,0,927,32,20,21,73,7.485,86,573,60.23538808,9.176612574,5.989648033,8.882011605,468,15,459,58,483,517
30,1000,60,7.7,28,93,944,38,13,5,56,8.711054764,122,634,63.60298368,10.81325032,7.57867176,9.747987859,462,16,482,40,478,522
32,1000,60,7.7,28,29,952,26,11,11,48,7.745277566,96,615,60.94292957,9.606797789,7.339997484,8.144124631,480,16,472,32,496,504
27,1000,60,7.7,28,99,943,30,13,14,57,8.862665225,123,621,63.88359824,11.38892981,8.307096496,9.373447223,457,22,486,35,479,521
25,1000,60,7.7,28,103,954,33,7,6,46,8.546085184,116,663,63.85942012,11.41228756,8.018424356,9.059175496,472,21,482,25,493,507
29,1000,60,7.7,28,87,951,29,9,11,49,8.749455006,113,599,63.56590905,11.15513967,8.188979269,9.33514642,498,13,453,36,511,489
31,1000,60,7.7,28,94,951,31,9,9,49,8.799154398,127,624,63.21987592,11.4246508,8.781096789,8.815822961,454,26,497,23,480,520
28,1000,60,7.7,28,97,941,41,7,11,59,9.062612298,111,642,63.54886988,11.05058642,8.818190185,9.308997641,471,31,470,28,502,498
33,1000,60,7.7,28,1,926,32,20,22,74,7.511711236,104,607,60.30937629,9.198690035,6.026320748,8.89941647,468,15,458,59,483,517
30,1000,60,7.7,28,94,945,36,15,4,55,8.730713318,121,640,63.64283114,10.83762016,7.622475032,9.745536882,462,16,483,39,478,522
27,1000,60,7.7,28,100,942,31,13,14,58,8.86657238,124,676,63.91051019,11.39258818,8.295709496,9.391415607,457,22,485,36,479,521
25,1000,60,7.7,28,104,953,34,7,6,47,8.576171616,103,640,63.9136289,11.43290543,8.073407579,9.065052622,471,22,482,25,493,507
34,1000,60,7.7,28,0,951,23,19,7,49,6.925,98,619,59.81586212,8.631984559,6.266802444,7.559921415,473,18,478,31,491,509
32,1000,60,7.7,28,30,954,25,9,12,46,7.750700957,89,629,60.97280697,9.614839823,7.391153419,8.104541391,479,17,475,29,496,504
29,1000,60,7.7,28,88,951,28,10,11,49,8.769159764,115,647,63.62156532,11.19244269,8.194822575,9.369336255,498,13,453,36,511,489
31,1000,60,7.7,28,95,950,32,9,9,50,8.826106284,145,623,63.25641409,11.45413116,8.772497604,8.87559122,454,26,496,24,480,520
28,1000,60,7.7,28,98,940,41,8,11,60,9.058082696,117,635,63.5668761,11.0586223,8.816889417,9.301213271,471,31,469,29,502,498
30,1000,60,7.7,28,95,947,35,14,4,53,8.722414919,122,636,63.71427361,10.86527052,7.62429549,9.727972558,463,15,484,38,478,522
33,1000,60,7.7,28,2,929,32,18,21,71,7.519795645,83,623,60.33777257,9.216733273,6.138422104,8.810324505,467,16,462,55,483,517
27,1000,60,7.7,28,101,940,32,14,14,60,8.863937443,129,652,63.96681029,11.41515382,8.28008361,9.400724366,457,22,483,38,479,521
34,1000,60,7.7,28,1,952,22,18,8,48,6.934230049,90,603,59.83173907,8.653249262,6.252398441,7.591949734,474,17,478,31,491,509
32,1000,60,7.7,28,31,953,26,9,12,47,7.788100272,104,611,60.99666392,9.623464066,7.459028777,8.111948409,478,18,475,29,496,504
29,1000,60,7.7,28,89,952,28,9,11,48,8.76456529,92,651,63.67147579,11.20802856,8.192169635,9.362712896,498,13,454,35,511,489
28,1000,60,7.7,28,99,940,42,8,10,60,9.036051411,109,623,63.60807808,11.070752,8.804973926,9.268984939,471,31,469,29,502,498
31,1000,60,7.7,28,96,951,31,9,9,49,8.841798977,140,632,63.31243837,11.47895516,8.772757582,8.905529496,455,25,496,24,480,520
30,1000,60,7.7,28,96,948,34,14,4,52,8.723340085,124,660,63.74197534,10.88907775,7.597738162,9.754063685,464,14,484,38,478,522
27,1000,60,7.7,28,102,940,32,14,14,60,8.891624382,124,660,64.00345911,11.43307666,8.31886078,9.418215103,457,22,483,38,479,521
33,1000,60,7.7,28,3,930,32,17,21,70,7.530287279,81,615,60.38161032,9.239898349,6.190114935,8.782324499,466,17,464,53,483,517
34,1000,60,7.7,28,2,952,23,17,8,48,6.952917381,101,625,59.8680184,8.673577878,6.259944143,7.621384689,474,17,478,31,491,509
29,1000,60,7.7,28,90,952,27,10,11,48,8.78876812,130,669,63.72323729,11.23202293,8.202472491,9.401441058,497,14,455,34,511,489
32,1000,60,7.7,28,32,952,27,8,13,48,7.810049893,111,613,61.03460592,9.648135641,7.479407227,8.135444263,477,19,475,29,496,504
28,1000,60,7.7,28,100,939,43,8,10,61,9.047022169,114,618,63.65223911,11.09703016,8.834283315,9.261469768,471,31,468,30,502,498
31,1000,60,7.7,28,97,953,29,9,9,47,8.85050023,120,620,63.34108967,11.51500311,8.776185901,8.919098073,456,24,497,23,480,520
30,1000,60,7.7,28,97,947,35,14,4,53,8.740722579,114,628,63.78276968,10.91410279,7.614536259,9.771981316,463,15,484,38,478,522
27,1000,60,7.7,28,103,940,32,14,14,60,8.886710238,126,652,64.05032278,11.44470024,8.330815495,9.397791969,457,22,483,38,479,521
33,1000,60,7.7,28,4,930,32,17,21,70,7.554264635,106,582,60.40804478,9.266832274,6.219407792,8.801335922,465,18,465,52,483,517
34,1000,60,7.7,28,3,952,23,17,8,48,6.97668359,84,602,59.90520434,8.696391085,6.253131823,7.674648065,474,17,478,31,491,509
29,1000,60,7.7,28,91,952,26,11,11,48,8.827301054,103,640,63.73792083,11.26645993,8.240274826,9.440737461,497,14,455,34,511,489
28,1000,60,7.7,28,101,939,43,7,11,61,9.086731287,110,654,63.68384374,11.11675138,8.894162022,9.280847293,471,31,468,30,502,498
31,1000,60,7.7,28,98,954,28,8,10,46,8.825366126,126,660,63.37327458,11.53346397,8.742423284,8.90192875,457,23,497,23,480,520
30,1000,60,7.7,28,98,948,33,15,4,52,8.778079188,114,625,63.83718049,10.95031299,7.702801109,9.762720801,463,15,485,37,478,522
32,1000,60,7.7,28,33,950,29,8,13,50,7.816567729,111,613,61.07907217,9.687962198,7.482423229,8.145408348,476,20,474,30,496,504
27,1000,60,7.7,28,104,941,31,14,14,59,8.911273743,108,637,64.09128784,11.47154014,8.380882026,9.398908355,457,22,484,37,479,521
33,1000,60,7.7,28,5,930,33,16,21,70,7.571759324,95,596,60.429785,9.294329473,6.268305276,8.78949299,465,18,465,52,483,517
35,1000,60,7.7,28,0,941,28,17,14,59,7.155,79,589,60.08799017,8.895748109,6.318,7.992,479,21,462,38,500,500
34,1000,60,7.7,28,4,951,24,16,9,49,6.997279621,89,622,59.95029741,8.711930943,6.266361834,7.702349628,474,17,477,32,491,509
28,1000,60,7.7,28,102,939,43,7,11,61,9.09037375,121,646,63.73911036,11.14342917,8.854164246,9.32848052,472,30,467,31,502,498
29,1000,60,7.7,28,92,951,26,11,12,49,8.8641546,113,619,63.78737797,11.3033386,8.23278869,9.52392552,497,14,454,35,511,489
31,1000,60,7.7,28,99,953,29,8,10,47,8.836805103,110,629,63.42353894,11.59378717,8.743377724,8.92304576,457,23,496,24,480,520
30,1000,60,7.7,28,99,947,34,14,5,53,8.791982828,97,635,63.89023052,10.98762078,7.725719799,9.768369279,463,15,484,38,478,522
33,1000,60,7.7,28,6,933,32,15,20,67,7.580688721,105,630,60.47432821,9.324968221,6.295548689,8.781312775,467,16,466,51,483,517
32,1000,60,7.7,28,34,950,29,8,13,50,7.814573138,102,607,61.09142364,9.714959423,7.525560914,8.098997867,476,20,474,30,496,504
35,1000,60,7.7,28,1,940,29,17,14,60,7.193766301,86,624,60.12476197,8.907303044,6.365227604,8.022304999,479,21,461,39,500,500
34,1000,60,7.7,28,5,953,24,14,9,47,6.975283169,84,595,59.99286382,8.72401809,6.270211977,7.655420606,474,17,479,30,491,509
28,1000,60,7.7,28,103,938,44,7,11,62,9.117993244,121,655,63.76377081,11.1681026,8.89799018,9.339763402,471,31,467,31,502,498
31,1000,60,7.7,28,100,953,29,9,9,47,8.836093073,117,644,63.47251152,11.62214062,8.752299566,8.913440925,457,23,496,24,480,520
29,1000,60,7.7,28,93,949,28,11,12,51,8.884611694,113,642,63.81472712,11.3209531,8.278489434,9.518003259,495,16,454,35,511,489
30,1000,60,7.7,28,100,946,34,15,5,54,8.831513911,116,648,63.91471994,11.0109937,7.760975664,9.811815217,463,15,483,39,478,522
33,1000,60,7.7,28,7,934,32,15,19,66,7.568545747,99,595,60.51647034,9.334467823,6.294993306,8.758344255,467,16,467,50,483,517
35,1000,60,7.7,28,2,942,27,17,14,58,7.181485821,95,612,60.18278482,8.92992228,6.331622703,8.031348938,481,19,461,39,500,500
32,1000,60,7.7,28,35,950,29,8,13,50,7.818837574,87,610,61.15035654,9.73697112,7.541167913,8.09209978,476,20,474,30,496,504
34,1000,60,7.7,28,6,953,24,14,9,47,6.992660061,99,605,60.04215449,8.753967825,6.26765138,7.692029928,474,17,479,30,491,509
28,1000,60,7.7,28,104,937,45,7,11,63,9.123779446,137,652,63.8228904,11.18943562,8.906517504,9.342786464,470,32,467,31,502,498
36,1000,60,7.7,28,0,957,21,8,14,43,6.681,97,595,60.14980342,8.554732972,6.259481038,7.104208417,482,19,475,24,501,499
31,1000,60,7.7,28,101,953,29,9,9,47,8.858836099,113,642,63.52749822,11.6257987,8.817869704,8.896651232,456,24,497,23,480,520
30,1000,60,7.7,28,101,946,34,15,5,54,8.853883705,101,618,63.99454768,11.03047178,7.780208198,9.837057828,463,15,483,39,478,522
29,1000,60,7.7,28,94,949,27,10,14,51,8.942881318,96,632,63.86088996,11.31120241,8.318970286,9.594861968,495,16,454,35,511,489
33,1000,60,7.7,28,8,934,35,14,17,66,7.549242276,98,617,60.57727906,9.370249137,6.30701782,8.709773053,468,15,466,51,483,517
35,1000,60,7.7,28,3,943,27,16,14,57,7.201984366,90,600,60.22808457,8.952923711,6.392481952,8.011486781,481,19,462,38,500,500
34,1000,60,7.7,28,7,954,23,15,8,46,6.996061512,106,616,60.07614715,8.768493328,6.295318283,7.672024038,474,17,480,29,491,509
32,1000,60,7.7,28,36,949,30,8,13,51,7.850107262,94,617,61.20682694,9.738897755,7.548540166,8.146887579,475,21,474,30,496,504
31,1000,60,7.7,28,102,953,28,10,9,47,8.881795764,113,623,63.5659275,11.68844776,8.913464329,8.852563243,455,25,498,22,480,520
36,1000,60,7.7,28,1,957,21,8,14,43,6.717177501,76,599,60.17956236,8.565889533,6.279165603,7.156944958,483,18,474,25,501,499
30,1000,60,7.7,28,102,946,34,15,5,54,8.889198904,130,621,64.01666748,11.0538768,7.78086796,9.904107317,463,15,483,39,478,522
29,1000,60,7.7,28,95,949,27,10,14,51,8.984700293,124,662,63.92031294,11.30991918,8.367039269,9.630149747,495,16,454,35,511,489
33,1000,60,7.7,28,9,934,35,14,17,66,7.558487793,95,590,60.64123578,9.400411382,6.300539031,8.733708783,468,15,466,51,483,517
34,1000,60,7.7,28,8,954,22,16,8,46,7.025822805,98,588,60.10132222,8.80119618,6.315429531,7.711094117,474,17,480,29,491,509
35,1000,60,7.7,28,4,946,26,13,15,54,7.207884142,86,623,60.30615289,8.981719119,6.440467386,7.975300897,481,19,465,35,500,500
31,1000,60,7.7,28,103,953,28,10,9,47,8.88239389,130,653,63.60302165,11.70161504,8.932912281,8.835761529,455,25,498,22,480,520
36,1000,60,7.7,28,2,954,25,8,13,46,6.743036331,91,596,60.25671839,8.604417983,6.375621489,7.111923777,480,21,474,25,501,499
32,1000,60,7.7,28,37,949,30,8,13,51,7.900157201,116,631,61.25638313,9.76381649,7.619333728,8.176523159,475,21,474,30,496,504
30,1000,60,7.7,28,103,946,34,15,5,54,8.905265968,98,646,64.0498887,11.07919822,7.821598122,9.897590164,463,15,483,39,478,522
29,1000,60,7.7,28,96,949,27,10,14,51,8.982390197,118,663,63.93532415,11.35623839,8.379562986,9.612338468,495,16,454,35,511,489
33,1000,60,7.7,28,10,937,31,14,18,63,7.557313902,84,617,60.67875163,9.433629007,6.336941972,8.697429264,468,15,469,48,483,517
34,1000,60,7.7,28,9,954,23,16,7,46,7.046156025,97,590,60.16416895,8.829378581,6.353728229,7.714097179,474,17,480,29,491,509
35,1000,60,7.7,28,5,946,26,13,15,54,7.203440503,90,592,60.36162847,8.996629059,6.446684654,7.960196352,481,19,465,35,500,500
31,1000,60,7.7,28,104,953,27,11,9,47,8.931298106,119,654,63.63638452,11.72487144,8.98406852,8.882586955,455,25,498,22,480,520
37,1000,60,7.7,28,0,941,33,8,18,59,7.236,95,602,59.93418176,8.876053555,6.305613306,8.098265896,466,15,475,44,481,519
30,1000,60,7.7,28,104,945,35,15,5,55,8.898759113,123,641,64.10137359,11.11991293,7.799058534,9.905764625,463,15,482,40,478,522
36,1000,60,7.7,28,3,954,23,10,13,46,6.770121988,81,622,60.30486823,8.641625383,6.413198199,7.128476332,480,21,474,25,501,499
38,1000,60,7.7,28,0,957,19,8,16,43,6.811,97,637,60.10957173,8.617136715,6.091081594,7.613107822,513,14,444,29,527,473
32,1000,60,7.7,28,38,949,31,8,12,51,7.92816148,111,611,61.28399666,9.777889016,7.675740153,8.17657612,474,22,475,29,496,504
29,1000,60,7.7,28,97,950,27,9,14,50,8.993839046,122,636,63.96846741,11.38631651,8.3947253,9.619906785,495,16,455,34,511,489
33,1000,60,7.7,28,11,939,29,14,18,61,7.546645437,106,601,60.7125435,9.465726683,6.29802892,8.713147908,469,14,470,47,483,517
34,1000,60,7.7,28,10,955,22,15,8,45,7.06214555,96,614,60.19525169,8.831442514,6.379178884,7.720960153,474,17,481,28,491,509
35,1000,60,7.7,28,6,947,25,13,15,53,7.221481334,84,600,60.39409472,8.997221884,6.478637862,7.964324805,481,19,466,34,500,500
36,1000,60,7.7,28,4,954,23,10,13,46,6.808228422,89,604,60.36153933,8.650601248,6.449835327,7.168057962,480,21,474,25,501,499
38,1000,60,7.7,28,1,957,19,9,15,43,6.846107118,92,596,60.12730142,8.636888909,6.137425161,7.635695684,513,14,444,29,527,473
37,1000,60,7.7,28,1,940,34,8,18,60,7.262723082,101,602,59.94922993,8.88295661,6.32389811,8.132809423,466,15,474,45,481,519
29,1000,60,7.7,28,98,950,27,9,14,50,9.010213228,118,626,63.99237587,11.41357911,8.392926899,9.65527113,495,16,455,34,511,489
33,1000,60,7.7,28,12,940,28,14,18,60,7.547301681,91,602,60.79660602,9.47116775,6.297235578,8.715158408,470,13,470,47,483,517
32,1000,60,7.7,28,39,950,31,7,12,50,7.95627393,102,596,61.34143259,9.786879991,7.697712222,8.210731484,474,22,476,28,496,504
34,1000,60,7.7,28,11,955,22,15,8,45,7.084578651,89,617,60.24778754,8.850875132,6.41079228,7.734537606,474,17,481,28,491,509
35,1000,60,7.7,28,7,947,25,13,15,53,7.256695604,95,594,60.45028277,9.011922188,6.539481941,7.973909266,481,19,466,34,500,500
36,1000,60,7.7,28,5,956,20,11,13,44,6.827326151,100,620,60.42446859,8.642879771,6.447116481,7.209059707,480,21,476,23,501,499
38,1000,60,7.7,28,2,958,20,9,13,42,6.839888055,109,591,60.17767405,8.662106201,6.162878971,7.594187816,513,14,445,28,527,473
37,1000,60,7.7,28,2,940,34,8,18,60,7.282296235,99,593,59.99595198,8.88606889,6.358350737,8.138592543,466,15,474,45,481,519
34,1000,60,7.7,28,12,954,22,16,8,46,7.12398959,93,615,60.29196054,8.869423503,6.475569757,7.749479055,473,18,481,28,491,509
29,1000,60,7.7,28,99,951,26,9,14,49,9.010629211,132,637,64.03044033,11.42220945,8.448087821,9.598479211,495,16,456,33,511,489
33,1000,60,7.7,28,13,941,27,14,18,59,7.564467278,86,601,60.86808095,9.490017765,6.326409292,8.72110559,470,13,471,46,483,517
32,1000,60,7.7,28,40,950,31,7,12,50,7.975048299,102,612,61.35973127,9.804644864,7.72200229,8.224077704,474,22,476,28,496,504
36,1000,60,7.7,28,6,956,20,12,12,44,6.863754999,95,609,60.47154667,8.660280347,6.478357992,7.250696683,480,21,476,23,501,499
35,1000,60,7.7,28,8,947,24,14,15,53,7.290961395,81,599,60.46828812,9.046876108,6.592531866,7.989390925,481,19,466,34,500,500
38,1000,60,7.7,28,3,961,18,8,13,39,6.822733087,94,614,60.22963141,8.67618863,6.137741051,7.585927173,515,12,446,27,527,473
37,1000,60,7.7,28,3,941,33,7,19,59,7.319623391,81,601,60.05789767,8.91619436,6.41363427,8.159278049,466,15,475,44,481,519
34,1000,60,7.7,28,13,954,22,16,8,46,7.135256516,102,621,60.34494276,8.880411937,6.488244082,7.759388354,473,18,481,28,491,509
29,1000,60,7.7,28,100,951,26,9,14,49,8.970982624,109,648,64.05517531,11.44958896,8.41836451,9.548462904,495,16,456,33,511,489
33,1000,60,7.7,28,14,941,28,13,18,59,7.569280638,109,619,60.86566839,9.518016242,6.376932783,8.683214902,471,12,470,47,483,517
36,1000,60,7.7,28,7,956,20,12,12,44,6.895096964,92,617,60.5044291,8.665957909,6.48540649,7.306429485,480,21,476,23,501,499
32,1000,60,7.7,28,41,948,33,7,12,52,8.008403024,102,627,61.38852373,9.833230887,7.776991556,8.236141295,473,23,475,29,496,504
38,1000,60,7.7,28,4,962,17,8,13,38,6.809873184,101,612,60.27681296,8.680282669,6.14080928,7.555320706,515,12,447,26,527,473
35,1000,60,7.7,28,9,949,22,15,14,51,7.270013346,96,620,60.50524971,9.056808648,6.598243142,7.941783549,482,18,467,33,500,500
37,1000,60,7.7,28,4,942,32,7,19,58,7.312629119,87,624,60.09374228,8.973141436,6.446755757,8.115105203,465,16,477,42,481,519
34,1000,60,7.7,28,14,953,22,17,8,47,7.159247896,99,593,60.37615071,8.904416633,6.51089856,7.784669357,473,18,480,29,491,509
29,1000,60,7.7,28,101,951,25,9,15,49,8.991392332,127,652,64.10616666,11.46094666,8.44183387,9.565675305,494,17,457,32,511,489
33,1000,60,7.7,28,15,941,28,13,18,59,7.570948097,93,631,60.87316745,9.535628622,6.379615517,8.683933853,471,12,470,47,483,517
36,1000,60,7.7,28,8,956,20,12,12,44,6.917370443,89,627,60.55752114,8.70288175,6.530410662,7.305881164,480,21,476,23,501,499
38,1000,60,7.7,28,5,962,17,8,13,38,6.845714789,76,609,60.31991056,8.717014433,6.171923656,7.596429223,515,12,447,26,527,473
32,1000,60,7.7,28,42,949,32,7,12,51,8.018762517,111,599,61.43685226,9.853946272,7.794895411,8.239076177,474,22,475,29,496,504
35,1000,60,7.7,28,10,950,21,15,14,50,7.28107337,94,607,60.52415066,9.089140091,6.576530343,7.985616398,483,17,467,33,500,500
37,1000,60,7.7,28,5,943,31,7,19,57,7.307679174,97,598,60.11435659,9.009312807,6.445640843,8.106601018,465,16,478,41,481,519
34,1000,60,7.7,28,15,953,22,17,8,47,7.205604056,97,602,60.39728194,8.940058106,6.571282691,7.817493625,473,18,480,29,491,509
29,1000,60,7.7,28,102,950,25,10,15,50,9.021651458,115,641,64.14849699,11.50450863,8.465675902,9.60264023,494,17,456,33,511,489
33,1000,60,7.7,28,16,941,27,14,18,59,7.615155907,94,644,60.89816896,9.553310325,6.436524754,8.716275534,471,12,470,47,483,517
36,1000,60,7.7,28,9,955,21,12,12,45,6.950449783,81,621,60.59400879,8.710130416,6.537892653,7.364660449,480,21,475,24,501,499
38,1000,60,7.7,28,6,963,16,8,13,37,6.865431,90,595,60.33138091,8.726392161,6.184876112,7.623681371,515,12,448,25,527,473
34,1000,60,7.7,28,16,954,23,16,7,46,7.208822179,103,620,60.42986597,8.969436205,6.549667244,7.844667116,474,17,480,29,491,509
37,1000,60,7.7,28,6,944,31,6,19,56,7.315433562,105,601,60.13225461,9.023109633,6.431968768,8.134213072,465,16,479,40,481,519
35,1000,60,7.7,28,11,950,21,15,14,50,7.311346738,93,599,60.53097855,9.106506028,6.58022622,8.042467257,484,16,466,34,500,500
32,1000,60,7.7,28,43,948,33,7,12,52,8.02500874,108,590,61.45208782,9.887353518,7.766988266,8.27893365,474,22,474,30,496,504
29,1000,60,7.7,28,103,951,25,10,14,49,9.022782899,127,650,64.17187062,11.52766219,8.498102261,9.571068801,493,18,458,31,511,489
36,1000,60,7.7,28,10,956,21,11,12,44,6.987556086,83,618,60.62454589,8.737896897,6.568683138,7.408107884,481,20,475,24,501,499
33,1000,60,7.7,28,17,942,28,13,17,58,7.645959794,104,616,60.92547391,9.584492337,6.508608919,8.7085139,471,12,471,46,483,517
38,1000,60,7.7,28,7,963,16,8,13,37,6.87539359,102,615,60.3783588,8.729665738,6.177643921,7.652801784,515,12,448,25,527,473
34,1000,60,7.7,28,17,956,22,15,7,44,7.203906804,82,614,60.44699016,8.978533807,6.547686724,7.836920673,475,16,481,28,491,509
37,1000,60,7.7,28,7,945,30,5,20,55,7.329297039,114,591,60.1857126,9.029769889,6.407510719,8.183592261,467,14,478,41,481,519
35,1000,60,7.7,28,12,952,21,12,15,48,7.310877184,115,603,60.58395977,9.120799662,6.555858227,8.065896141,485,15,467,33,500,500
32,1000,60,7.7,28,44,948,33,7,12,52,8.053824171,94,630,61.50989693,9.91163045,7.812877611,8.290946182,474,22,474,30,496,504
36,1000,60,7.7,28,11,956,21,9,14,44,7.034230008,92,608,60.66059317,8.759917426,6.628570247,7.44151566,481,20,475,24,501,499
29,1000,60,7.7,28,104,950,25,11,14,50,9.036432961,131,673,64.22082866,11.54199102,8.510204316,9.586336514,493,18,457,32,511,489
33,1000,60,7.7,28,18,942,28,13,17,58,7.643220276,103,600,60.9558505,9.609366633,6.506583031,8.705107683,471,12,471,46,483,517
38,1000,60,7.7,28,8,964,16,7,13,36,6.874510639,95,633,60.41627228,8.776812752,6.190171239,7.636977582,515,12,449,24,527,473
39,1000,60,7.7,28,0,948,20,21,11,52,7.221,91,597,59.94301836,8.805246059,6.287234043,8.049056604,453,17,495,35,470,530
34,1000,60,7.7,28,18,956,24,13,7,44,7.215421885,100,622,60.48597041,8.984039058,6.54757126,7.859655002,475,16,481,28,491,509
37,1000,60,7.7,28,8,945,29,6,20,55,7.364896334,94,637,60.21700437,9.056074296,6.461345752,8.202290997,467,14,478,41,481,519
35,1000,60,7.7,28,13,951,22,12,15,49,7.322904597,102,621,60.63949321,9.147276994,6.562886451,8.082922743,484,16,467,33,500,500
36,1000,60,7.7,28,12,955,21,10,14,45,7.062199351,95,601,60.72009003,8.798694718,6.638195079,7.487903039,480,21,475,24,501,499
38,1000,60,7.7,28,9,965,15,8,12,35,6.858741814,105,624,60.43417202,8.809434043,6.166387384,7.630138822,515,12,450,23,527,473
32,1000,60,7.7,28,45,948,33,7,12,52,8.055902864,117,651,61.59193545,9.919711417,7.805827681,8.302008599,474,22,474,30,496,504
33,1000,60,7.7,28,19,943,27,13,17,57,7.667399461,94,601,61.01415548,9.642959452,6.556280771,8.705446516,471,12,472,45,483,517
39,1000,60,7.7,28,1,947,21,21,11,53,7.229662715,84,628,59.98653443,8.832174825,6.268113361,8.082357426,453,17,494,36,470,530
34,1000,60,7.7,28,19,956,24,13,7,44,7.238340361,103,597,60.54668529,9.020431899,6.592795169,7.861056844,475,16,481,28,491,509
35,1000,60,7.7,28,14,951,22,11,16,49,7.361785483,109,628,60.68620911,9.167106886,6.596304856,8.127266111,484,16,467,33,500,500
37,1000,60,7.7,28,9,946,30,6,18,54,7.36359232,89,633,60.25318192,9.084027836,6.498660913,8.165195416,466,15,480,39,481,519
36,1000,60,7.7,28,13,954,22,10,14,46,7.09752735,99,597,60.75954764,8.821468281,6.684997448,7.511710677,479,22,475,24,501,499
38,1000,60,7.7,28,10,965,15,8,12,35,6.876276511,96,611,60.48172381,8.852965215,6.167716954,7.665728702,515,12,450,23,527,473
33,1000,60,7.7,28,20,943,28,14,15,57,7.678242031,99,599,61.06009835,9.678369333,6.594751013,8.690478319,471,12,472,45,483,517
32,1000,60,7.7,28,46,949,33,7,11,51,8.055282871,119,622,61.62822053,9.945533363,7.835027718,8.272041909,473,23,476,28,496,504
39,1000,60,7.7,28,2,949,19,21,11,51,7.222717605,92,617,60.04769625,8.872604913,6.248391322,8.086742798,454,16,495,35,470,530
34,1000,60,7.7,28,20,958,23,12,7,42,7.237485311,102,629,60.57882875,9.028781457,6.612403869,7.840461712,475,16,483,26,491,509
35,1000,60,7.7,28,15,951,23,11,15,49,7.344245674,92,613,60.72333248,9.17978302,6.621396026,8.067095323,484,16,467,33,500,500
37,1000,60,7.7,28,10,943,33,6,18,57,7.412513839,91,604,60.28977042,9.104796923,6.552441019,8.209614081,464,17,479,40,481,519
36,1000,60,7.7,28,14,954,21,11,14,46,7.131946866,86,602,60.80082364,8.846905992,6.73924744,7.526220238,479,22,475,24,501,499
38,1000,60,7.7,28,11,964,16,8,12,36,6.917981968,101,598,60.50711895,8.869982264,6.212213528,7.704324394,514,13,450,23,527,473
33,1000,60,7.7,28,21,943,28,14,15,57,7.729780142,96,595,61.08983523,9.703802074,6.622982581,8.763790243,471,12,472,45,483,517
34,1000,60,7.7,28,21,958,23,12,7,42,7.269050463,92,628,60.61550641,9.044935688,6.661730192,7.854893789,475,16,483,26,491,509
39,1000,60,7.7,28,3,951,19,19,11,49,7.240812035,92,627,60.06353073,8.901877206,6.228766195,8.138286648,456,14,495,35,470,530
32,1000,60,7.7,28,47,950,32,8,10,50,8.05275528,99,637,61.69709946,9.959003828,7.865613599,8.236926458,474,22,476,28,496,504
36,1000,60,7.7,28,15,954,21,11,14,46,7.147001005,84,616,60.83075067,8.864336749,6.764360276,7.531175365,479,22,475,24,501,499
35,1000,60,7.7,28,16,952,22,11,15,48,7.371290709,89,622,60.76543705,9.21867765,6.616234372,8.126347046,485,15,467,33,500,500
37,1000,60,7.7,28,11,942,34,6,18,58,7.415068829,108,577,60.31103243,9.100717693,6.543979481,8.222378996,464,17,478,41,481,519
38,1000,60,7.7,28,12,967,16,6,11,33,6.893405632,97,615,60.52671652,8.886278759,6.228970544,7.633695889,515,12,452,21,527,473
33,1000,60,7.7,28,22,942,29,13,16,58,7.757926028,84,630,61.18810887,9.736538651,6.649481312,8.793474961,470,13,472,45,483,517
34,1000,60,7.7,28,22,960,23,11,6,40,7.27546951,102,590,60.62834253,9.074822494,6.678614744,7.851217429,475,16,485,24,491,509
39,1000,60,7.7,28,4,950,20,19,11,50,7.257432435,93,603,60.1031146,8.943700126,6.223294441,8.174498203,456,14,494,36,470,530
32,1000,60,7.7,28,48,951,30,9,10,49,8.045195287,104,608,61.73695845,9.962592775,7.828530806,8.258420649,474,22,477,27,496,504
36,1000,60,7.7,28,16,955,19,12,14,45,7.191666771,89,610,60.85229214,8.881241909,6.79480106,7.590123126,479,22,476,23,501,499
38,1000,60,7.7,28,13,965,18,6,11,35,6.905037109,75,610,60.54677766,8.916064616,6.248312297,7.636736847,514,13,451,22,527,473
37,1000,60,7.7,28,12,942,33,7,18,58,7.442168288,86,603,60.32386934,9.116224983,6.58267391,8.238732442,464,17,478,41,481,519
35,1000,60,7.7,28,17,953,21,11,15,47,7.399069121,91,646,60.80443868,9.227370385,6.631756925,8.166381317,485,15,468,32,500,500
33,1000,60,7.7,28,23,942,30,14,14,58,7.761321437,102,614,61.22636719,9.732573146,6.660218735,8.790011196,470,13,472,45,483,517
34,1000,60,7.7,28,23,959,24,11,6,41,7.288154104,105,610,60.67454584,9.084532688,6.668009122,7.886368616,475,16,484,25,491,509
39,1000,60,7.7,28,5,952,19,17,12,48,7.259276516,75,608,60.15080184,8.970191011,6.265248057,8.140773451,455,15,497,33,470,530
36,1000,60,7.7,28,17,955,19,12,14,45,7.226152585,84,604,60.91289741,8.887998277,6.852216968,7.601586942,479,22,476,23,501,499
38,1000,60,7.7,28,14,965,18,6,11,35,6.938294995,100,618,60.55477399,8.937756182,6.260272635,7.693723713,514,13,451,22,527,473
32,1000,60,7.7,28,49,951,30,9,10,49,8.040189749,101,631,61.77183515,9.97226552,7.844368674,8.232902553,474,22,477,27,496,504
37,1000,60,7.7,28,13,941,34,7,18,59,7.464168496,100,621,60.34847927,9.132576562,6.59568821,8.26906063,464,17,477,42,481,519
35,1000,60,7.7,28,18,953,20,12,15,47,7.401283333,98,620,60.85298774,9.231188592,6.623616925,8.178949742,485,15,468,32,500,500
33,1000,60,7.7,28,24,945,28,13,14,55,7.750077929,110,602,61.25391884,9.749884499,6.632425464,8.79422907,472,11,473,44,483,517
34,1000,60,7.7,28,24,959,24,11,6,41,7.322922189,105,593,60.72718203,9.080242619,6.696584333,7.927110573,475,16,484,25,491,509
36,1000,60,7.7,28,18,955,20,12,13,45,7.235493506,84,625,60.95312529,8.918590752,6.856078753,7.616428959,479,22,476,23,501,499
38,1000,60,7.7,28,15,965,18,6,11,35,6.967395012,87,625,60.60376528,8.949714033,6.286009681,7.726570634,514,13,451,22,527,473
39,1000,60,7.7,28,6,952,18,18,12,48,7.297823516,83,609,60.19111981,8.972399826,6.365369333,8.124716848,455,15,497,33,470,530
37,1000,60,7.7,28,14,942,34,7,17,58,7.472337432,92,604,60.40528904,9.144090648,6.621343302,8.261023707,464,17,478,41,481,519
32,1000,60,7.7,28,50,950,31,9,10,50,8.050479015,94,623,61.81917307,10.00187414,7.82743679,8.269980887,474,22,476,28,496,504
35,1000,60,7.7,28,19,953,20,12,15,47,7.413594223,106,622,60.8972879,9.246962909,6.630574911,8.196613535,485,15,468,32,500,500
34,1000,60,7.7,28,25,959,24,11,6,41,7.3353971,102,594,60.75462219,9.09143508,6.706466629,7.942086415,475,16,484,25,491,509
33,1000,60,7.7,28,25,946,27,14,13,54,7.756899134,113,586,61.29666379,9.76215172,6.673119121,8.769405413,473,10,473,44,483,517
36,1000,60,7.7,28,19,955,20,12,13,45,7.285300628,98,596,60.97816875,8.956801684,6.922799768,7.649254397,479,22,476,23,501,499
38,1000,60,7.7,28,16,963,20,6,11,37,6.972375479,90,591,60.63068089,8.961777246,6.292550358,7.72981277,513,14,450,23,527,473
39,1000,60,7.7,28,7,952,18,18,12,48,7.304278568,110,603,60.24140484,8.983936624,6.383966192,8.120404638,455,15,497,33,470,530
37,1000,60,7.7,28,15,941,35,7,17,59,7.528246366,103,646,60.45000629,9.172329851,6.66867229,8.324884382,464,17,477,42,481,519
34,1000,60,7.7,28,26,959,24,11,6,41,7.35375663,104,605,60.80088792,9.114095728,6.720566037,7.964555413,475,16,484,25,491,509
35,1000,60,7.7,28,20,951,22,12,15,49,7.423962252,101,612,60.92409869,9.255004897,6.678892801,8.169031703,483,17,468,32,500,500
32,1000,60,7.7,28,51,950,31,9,10,50,8.07703411,111,643,61.85569731,10.04780141,7.837125774,8.313134377,474,22,476,28,496,504
33,1000,60,7.7,28,26,946,27,14,13,54,7.781633493,107,603,61.35019494,9.808085932,6.734886812,8.759541901,471,12,475,42,483,517
36,1000,60,7.7,28,20,956,19,12,13,44,7.302498478,102,618,61.04247122,8.986036564,6.916150605,7.690394838,480,21,476,23,501,499
38,1000,60,7.7,28,17,962,21,6,11,38,6.99235758,97,610,60.6538988,9.016090187,6.316907732,7.744920095,513,14,449,24,527,473
39,1000,60,7.7,28,8,955,17,14,14,45,7.307237672,103,634,60.30821787,9.005644972,6.431219443,8.084084026,456,14,499,31,470,530
37,1000,60,7.7,28,16,943,33,6,18,57,7.541611926,98,625,60.47281497,9.178332027,6.711664317,8.310792657,465,16,478,41,481,519
34,1000,60,7.7,28,27,958,25,11,6,42,7.366613126,91,612,60.85510613,9.155906332,6.734881135,7.976004889,475,16,483,26,491,509
35,1000,60,7.7,28,21,952,21,12,15,48,7.458289359,98,632,61.0041764,9.262110747,6.727834925,8.188743793,483,17,469,31,500,500
36,1000,60,7.7,28,21,956,19,12,13,44,7.328389643,99,618,61.08361399,8.991526036,6.942429486,7.715896735,480,21,476,23,501,499
33,1000,60,7.7,28,27,945,29,13,13,55,7.80032484,110,596,61.39270711,9.824672099,6.733772524,8.796736384,471,12,474,43,483,517
32,1000,60,7.7,28,52,952,31,8,9,48,8.063096621,105,641,61.92606296,10.07634977,7.869712554,8.253411099,474,22,478,26,496,504
38,1000,60,7.7,28,18,962,21,6,11,38,6.973316301,93,580,60.68522867,9.022814405,6.30210809,7.721152933,513,14,449,24,527,473
39,1000,60,7.7,28,9,957,17,12,14,43,7.302732149,91,583,60.33066015,9.021537816,6.419345188,8.086113038,456,14,501,29,470,530
37,1000,60,7.7,28,17,941,35,6,18,59,7.591061691,87,609,60.51918583,9.189486485,6.751825097,8.368851291,464,17,477,42,481,519
34,1000,60,7.7,28,28,959,24,11,6,41,7.388535328,98,600,60.88365848,9.189216938,6.7712288,7.984011763,475,16,484,25,491,509
36,1000,60,7.7,28,22,958,17,12,13,42,7.336631365,103,617,61.13354757,8.985417587,6.941975616,7.7328689,482,19,476,23,501,499
33,1000,60,7.7,28,28,948,27,12,13,52,7.761949781,118,618,61.41043002,9.828870983,6.690737641,8.7627147,473,10,475,42,483,517
35,1000,60,7.7,28,22,953,21,12,14,47,7.470785272,88,635,61.05660797,9.294426447,6.738589651,8.202980894,483,17,470,30,500,500
38,1000,60,7.7,28,19,962,21,5,12,38,7.000637148,103,609,60.72498936,9.04306498,6.292647086,7.789454827,513,14,449,24,527,473
32,1000,60,7.7,28,53,954,30,7,9,46,8.048912727,104,607,61.96243107,10.11319671,7.853320301,8.241400512,475,21,479,25,496,504
39,1000,60,7.7,28,10,958,17,11,14,42,7.339919313,90,629,60.3454149,9.06190437,6.479552459,8.102886145,456,14,502,28,470,530
37,1000,60,7.7,28,18,941,35,6,18,59,7.619705481,88,602,60.53778392,9.231768972,6.809959792,8.370163432,464,17,477,42,481,519
36,1000,60,7.7,28,23,958,17,12,13,42,7.366856438,93,634,61.18285001,9.014280308,7.02787109,7.707200444,482,19,476,23,501,499
34,1000,60,7.7,28,29,958,25,11,6,42,7.431778813,80,596,60.92748411,9.214598101,6.799633435,8.041569345,475,16,483,26,491,509
38,1000,60,7.7,28,20,962,21,5,12,38,7.008172767,82,590,60.76496919,9.052441342,6.330513152,7.763197327,512,15,450,23,527,473
33,1000,60,7.7,28,29,948,27,12,13,52,7.804742009,90,596,61.44384249,9.854566787,6.746972801,8.792948058,473,10,475,42,483,517
35,1000,60,7.7,28,23,952,21,12,15,48,7.490874669,108,617,61.06873559,9.312790004,6.759231604,8.222517734,482,18,470,30,500,500
32,1000,60,7.7,28,54,954,30,7,9,46,8.040593323,109,631,62.00981592,10.13274652,7.837573191,8.240390912,475,21,479,25,496,504
39,1000,60,7.7,28,11,961,16,10,13,39,7.287496268,87,596,60.36110644,9.057531533,6.43957581,8.039425732,457,13,504,26,470,530
36,1000,60,7.7,28,24,957,18,12,13,43,7.387535183,83,642,61.21440136,9.032836579,7.052966318,7.723445005,482,19,475,24,501,499
34,1000,60,7.7,28,30,960,23,11,6,40,7.449704098,101,616,60.96157331,9.244048393,6.839620739,8.0382128,475,16,485,24,491,509
37,1000,60,7.7,28,19,942,34,7,17,58,7.645510639,90,635,60.58104916,9.242307823,6.826641286,8.404424241,465,16,477,42,481,519
38,1000,60,7.7,28,21,962,21,5,12,38,7.06088391,88,582,60.77489693,9.064457261,6.412662617,7.783109324,512,15,450,23,527,473
33,1000,60,7.7,28,30,949,26,12,13,51,7.823303178,103,623,61.50010436,9.906553618,6.786084486,8.792310196,472,11,477,40,483,517
35,1000,60,7.7,28,24,953,22,11,14,47,7.476725771,103,629,61.09715583,9.344479228,6.784339278,8.169112265,482,18,471,29,500,500
32,1000,60,7.7,28,55,954,28,9,9,46,8.077308735,112,615,62.02375547,10.15765577,7.867127207,8.284154049,475,21,479,25,496,504
39,1000,60,7.7,28,12,961,16,10,13,39,7.333582,89,624,60.41531787,9.091183846,6.504303962,8.068979505,457,13,504,26,470,530
36,1000,60,7.7,28,25,958,20,10,12,42,7.363733058,101,622,61.24354033,9.062418187,7.021560542,7.707277007,482,19,476,23,501,499
34,1000,60,7.7,28,31,959,25,10,6,41,7.47935383,106,647,60.99176001,9.273400207,6.861119376,8.075725377,474,17,485,24,491,509
37,1000,60,7.7,28,20,943,33,7,17,57,7.69659256,93,604,60.64073626,9.256787577,6.927016254,8.409822239,465,16,478,41,481,519
38,1000,60,7.7,28,22,962,21,5,12,38,7.097942723,109,635,60.79083698,9.084154256,6.467594443,7.800254656,511,16,451,22,527,473
33,1000,60,7.7,28,31,949,27,11,13,51,7.81597919,100,650,61.52749662,9.925434982,6.775556471,8.787979525,472,11,477,40,483,517
35,1000,60,7.7,28,25,953,23,10,14,47,7.488844114,100,614,61.13891159,9.385630713,6.803948032,8.173740196,483,17,470,30,500,500
36,1000,60,7.7,28,26,958,20,10,12,42,7.361997086,88,631,61.26348814,9.111742347,7.020609932,7.704752525,482,19,476,23,501,499
39,1000,60,7.7,28,13,961,16,10,13,39,7.371869433,114,613,60.47289466,9.115229461,6.538252754,8.111114413,457,13,504,26,470,530
38,1000,60,7.7,28,23,959,24,5,12,41,7.159255302,73,582,60.80492674,9.100359083,6.555911069,7.831480273,510,17,449,24,527,473
34,1000,60,7.7,28,32,960,23,11,6,40,7.51004612,89,625,61.0237526,9.320669053,6.907425317,8.091356167,475,16,485,24,491,509
37,1000,60,7.7,28,21,943,34,7,16,57,7.721782143,97,624,60.68847258,9.267804729,6.955790129,8.431689964,465,16,478,41,481,519
32,1000,60,7.7,28,56,953,29,9,9,47,8.074576124,121,629,62.09264181,10.19090027,7.838962399,8.306449949,475,21,478,26,496,504
33,1000,60,7.7,28,32,948,27,12,13,52,7.868454504,119,627,61.57228543,9.938376914,6.855524267,8.814770373,472,11,476,41,483,517
35,1000,60,7.7,28,26,954,22,10,14,46,7.539098508,90,616,61.16920337,9.425514519,6.844309728,8.233887288,484,16,470,30,500,500
36,1000,60,7.7,28,27,959,21,9,11,41,7.37289321,97,621,61.29440198,9.129775642,7.045650733,7.70144728,482,19,477,22,501,499
34,1000,60,7.7,28,33,960,22,12,6,40,7.546002526,96,617,61.03676013,9.344583709,6.918535511,8.151280138,475,16,485,24,491,509
38,1000,60,7.7,28,24,958,25,5,12,42,7.216313883,96,608,60.84426273,9.109777885,6.612479725,7.889084709,510,17,448,25,527,473
39,1000,60,7.7,28,14,961,16,10,13,39,7.406942129,97,591,60.50209003,9.138129313,6.563570067,8.154838108,458,12,503,27,470,530
37,1000,60,7.7,28,22,943,33,8,16,57,7.75257374,96,618,60.76436873,9.280017981,6.991238135,8.458166083,465,16,478,41,481,519
32,1000,60,7.7,28,57,952,30,8,10,48,8.110956584,123,630,62.12137593,10.21706329,7.868414798,8.349648502,474,22,478,26,496,504
33,1000,60,7.7,28,33,948,27,12,13,52,7.888968896,111,632,61.61195462,9.954660395,6.875938164,8.835378652,472,11,476,41,483,517
35,1000,60,7.7,28,27,955,22,9,14,45,7.545377604,98,599,61.23623017,9.438347414,6.839705212,8.251049995,484,16,471,29,500,500
36,1000,60,7.7,28,28,961,19,9,11,39,7.393338731,90,635,61.34913419,9.121996187,7.061273886,7.726734496,483,18,478,21,501,499
34,1000,60,7.7,28,34,960,22,12,6,40,7.585663989,103,627,61.06989979,9.36928291,6.957404666,8.19170589,475,16,485,24,491,509
38,1000,60,7.7,28,25,958,25,5,12,42,7.218292359,92,609,60.88100569,9.117785576,6.60409638,7.902607964,511,16,447,26,527,473
39,1000,60,7.7,28,15,962,16,10,12,38,7.425266686,102,614,60.58402231,9.143021867,6.586675546,8.16892298,458,12,504,26,470,530
37,1000,60,7.7,28,23,943,34,8,15,57,7.757406028,98,609,60.80693794,9.300646469,7.016312648,8.444238237,465,16,478,41,481,519
33,1000,60,7.7,28,34,948,28,12,12,52,7.914315328,92,596,61.64188349,9.956812782,6.907253925,8.855148321,472,11,476,41,483,517
32,1000,60,7.7,28,58,950,32,8,10,50,8.137051052,77,600,62.14449558,10.23395001,7.868359713,8.401477449,473,23,477,27,496,504
35,1000,60,7.7,28,28,954,23,9,14,46,7.527977557,126,606,61.26223385,9.449032497,6.839673796,8.216281317,483,17,471,29,500,500
36,1000,60,7.7,28,29,962,18,8,12,38,7.444001777,97,639,61.38529728,9.150171526,7.159862765,7.729279623,483,18,479,20,501,499
34,1000,60,7.7,28,35,961,22,12,5,39,7.609210591,96,635,61.10951582,9.370534257,6.966134411,8.229545374,475,16,486,23,491,509
38,1000,60,7.7,28,26,958,25,5,12,42,7.251230719,101,615,60.91771223,9.12287953,6.616592256,7.95832262,511,16,447,26,527,473
39,1000,60,7.7,28,16,961,16,10,13,39,7.430302072,94,587,60.63978296,9.173906029,6.585655347,8.179328413,458,12,503,27,470,530
37,1000,60,7.7,28,24,944,33,8,15,56,7.783697356,89,612,60.82182613,9.326139159,7.041250184,8.471784234,465,16,479,40,481,519
33,1000,60,7.7,28,35,949,27,12,12,51,7.928492071,101,594,61.6875517,9.967341898,6.934437605,8.857173515,472,11,477,40,483,517
35,1000,60,7.7,28,29,955,21,10,14,45,7.543982608,74,628,61.31381332,9.441539813,6.86114247,8.226822746,483,17,472,28,500,500
36,1000,60,7.7,28,30,961,19,8,12,39,7.467381862,85,598,61.40513961,9.177590526,7.189434715,7.746443025,483,18,478,21,501,499
32,1000,60,7.7,28,59,947,35,8,10,53,8.133805377,109,644,62.18441947,10.25516913,7.850601487,8.412513968,472,24,475,29,496,504
34,1000,60,7.7,28,36,962,21,12,5,38,7.635148154,106,629,61.13508394,9.385329403,6.962236905,8.284262935,475,16,487,22,491,509
38,1000,60,7.7,28,27,958,25,5,12,42,7.225728544,93,610,60.96136557,9.137499411,6.566486479,7.960232915,512,15,446,27,527,473
39,1000,60,7.7,28,17,959,18,10,13,41,7.442615491,111,626,60.69612464,9.21349785,6.579150935,8.208329343,458,12,501,29,470,530
37,1000,60,7.7,28,25,944,33,8,15,56,7.826109593,100,609,60.85124989,9.33290031,7.083317924,8.514515744,465,16,479,40,481,519
33,1000,60,7.7,28,36,950,27,10,13,50,7.929560385,89,614,61.72419546,9.994886256,6.955819336,8.839264305,472,11,478,39,483,517
36,1000,60,7.7,28,31,961,20,8,11,39,7.463069676,98,630,61.46303175,9.188992999,7.193363739,7.733856598,483,18,478,21,501,499
35,1000,60,7.7,28,30,955,21,10,14,45,7.558199753,102,618,61.35935642,9.449983568,6.87273333,8.243666176,483,17,472,28,500,500
38,1000,60,7.7,28,28,957,26,5,12,43,7.254252751,105,613,60.98601079,9.1687891,6.610830819,7.971130886,511,16,446,27,527,473
34,1000,60,7.7,28,37,960,22,13,5,40,7.650818033,110,600,61.17557499,9.400801902,6.964592001,8.312776739,474,17,486,23,491,509
32,1000,60,7.7,28,60,947,33,10,10,53,8.157959476,107,597,62.20607289,10.28561664,7.865493552,8.445783085,472,24,475,29,496,504
39,1000,60,7.7,28,18,960,18,9,13,40,7.444764622,81,605,60.76880556,9.218493132,6.620784381,8.175464081,458,12,502,28,470,530
37,1000,60,7.7,28,26,943,35,8,14,57,7.86926932,103,571,60.89375418,9.351224833,7.101443664,8.580876527,465,16,478,41,481,519
33,1000,60,7.7,28,37,952,25,10,13,48,7.909770276,97,612,61.76030924,10.00499483,6.922881677,8.831757111,474,9,478,39,483,517
36,1000,60,7.7,28,32,962,20,8,10,38,7.477737931,97,649,61.54020323,9.208728373,7.248575598,7.707818751,483,18,479,20,501,499
38,1000,60,7.7,28,29,956,27,5,12,44,7.294568296,107,626,61.02212582,9.195780795,6.667371877,7.993368535,511,16,445,28,527,473
34,1000,60,7.7,28,38,958,24,13,5,42,7.685905698,91,603,61.17451159,9.442285157,6.99848429,8.349017509,473,18,485,24,491,509
35,1000,60,7.7,28,31,955,21,10,14,45,7.611858727,114,621,61.40411362,9.482991215,6.910675277,8.313042176,483,17,472,28,500,500
32,1000,60,7.7,28,61,947,33,10,10,53,8.167482069,119,631,62.22548101,10.30618848,7.873782618,8.456519623,472,24,475,29,496,504
39,1000,60,7.7,28,19,962,18,9,11,38,7.433874784,100,602,60.80156136,9.217235532,6.606905894,8.167224554,459,11,503,27,470,530
37,1000,60,7.7,28,27,941,37,8,14,59,7.887460316,93,623,60.92498704,9.377828489,7.136002933,8.583897698,465,16,476,43,481,519
36,1000,60,7.7,28,33,963,19,8,10,37,7.497771787,100,637,61.58219886,9.23495316,7.251588526,7.744941753,483,18,480,19,501,499
33,1000,60,7.7,28,38,952,25,10,13,48,7.920832792,92,604,61.81745118,10.01240626,6.94121517,8.836026818,474,9,478,39,483,517
34,1000,60,7.7,28,39,958,24,13,5,42,7.71044417,86,622,61.20698881,9.45339101,7.018805019,8.37762457,473,18,485,24,491,509
38,1000,60,7.7,28,30,956,27,5,12,44,7.300640502,90,609,61.08269263,9.209702916,6.665200524,8.008625425,511,16,445,28,527,473
35,1000,60,7.7,28,32,956,20,10,14,44,7.652048134,89,627,61.43788681,9.492984817,6.940211287,8.363884981,484,16,472,28,500,500
32,1000,60,7.7,28,62,944,35,11,10,56,8.248913122,119,618,62.26039633,10.33307044,7.942863896,8.550104424,471,25,473,31,496,504
36,1000,60,7.7,28,34,964,19,6,11,36,7.523717718,89,638,61.6033148,9.272879693,7.264725338,7.783748144,484,17,480,19,501,499
39,1000,60,7.7,28,20,962,18,9,11,38,7.438454823,98,621,60.84089696,9.247607583,6.626125512,8.158822325,459,11,503,27,470,530
33,1000,60,7.7,28,39,952,25,10,13,48,7.94969439,104,624,61.83691816,10.02436615,6.969410813,8.865510576,474,9,478,39,483,517
37,1000,60,7.7,28,28,944,35,8,13,56,7.89228209,106,620,60.98276115,9.39815753,7.159888263,8.571051706,466,15,478,41,481,519
34,1000,60,7.7,28,40,958,25,12,5,42,7.752779819,103,603,61.26478023,9.466567907,7.077157221,8.404510065,473,18,485,24,491,509
38,1000,60,7.7,28,31,957,26,5,12,43,7.312748637,91,626,61.13546118,9.221840174,6.680894032,8.016738863,511,16,446,27,527,473
35,1000,60,7.7,28,33,957,19,10,14,43,7.669360786,103,637,61.45531238,9.509058796,6.954323881,8.38439769,484,16,473,27,500,500
36,1000,60,7.7,28,35,963,19,7,11,37,7.520352787,91,631,61.62723344,9.299318843,7.248381112,7.793414529,485,16,478,21,501,499
32,1000,60,7.7,28,63,945,35,11,9,55,8.261876524,116,637,62.28704347,10.35800784,7.963080659,8.555929597,472,24,473,31,496,504
37,1000,60,7.7,28,29,943,37,8,12,57,7.893866471,90,608,61.00331558,9.416943191,7.130459354,8.601378655,465,16,478,41,481,519
33,1000,60,7.7,28,40,951,25,11,13,49,7.939598516,100,630,61.87061655,10.049273,6.945025165,8.868764723,474,9,477,40,483,517
39,1000,60,7.7,28,21,962,18,9,11,38,7.495204395,101,640,60.85868511,9.263954271,6.679944624,8.218170608,459,11,503,27,470,530
38,1000,60,7.7,28,32,957,25,6,12,43,7.362416702,98,612,61.18907199,9.247453498,6.716012608,8.082617457,511,16,446,27,527,473
34,1000,60,7.7,28,41,959,25,12,4,41,7.769861805,99,632,61.2881088,9.476154718,7.121947178,8.394863931,473,18,486,23,491,509
35,1000,60,7.7,28,34,956,20,10,14,44,7.713657485,106,589,61.47920513,9.51262972,6.993485197,8.433829773,484,16,472,28,500,500
36,1000,60,7.7,28,36,964,20,6,10,36,7.532603209,116,630,61.68742522,9.346704012,7.24346807,7.822897207,485,16,479,20,501,499
38,1000,60,7.7,28,33,957,25,6,12,43,7.399091284,97,578,61.25212242,9.270655831,6.74233903,8.130821596,511,16,446,27,527,473
33,1000,60,7.7,28,41,953,23,12,12,47,7.959828415,110,614,61.92592863,10.07276214,6.977513575,8.877542279,474,9,479,38,483,517
37,1000,60,7.7,28,30,944,37,8,11,56,7.89173445,111,637,61.02702718,9.464929465,7.118988585,8.60790162,466,15,478,41,481,519
39,1000,60,7.7,28,22,962,19,9,10,38,7.525857351,110,636,60.9331708,9.295946804,6.726201782,8.234985874,459,11,503,27,470,530
32,1000,60,7.7,28,64,945,34,13,8,55,8.268334654,119,624,62.30686954,10.37105555,7.981160714,8.550950278,472,24,473,31,496,504
34,1000,60,7.7,28,42,959,25,12,4,41,7.795069577,109,613,61.31606089,9.51005886,7.156232976,8.411314706,473,18,486,23,491,509
35,1000,60,7.7,28,35,956,20,10,14,44,7.771040395,87,633,61.47327627,9.526984304,7.036079873,8.506000917,484,16,472,28,500,500
36,1000,60,7.7,28,37,963,21,7,9,37,7.578580244,102,639,61.70175273,9.363650619,7.342287507,7.815820046,483,18,480,19,501,499
38,1000,60,7.7,28,34,959,24,6,11,41,7.40151791,107,607,61.29658883,9.284472148,6.782463837,8.091246232,511,16,448,25,527,473
33,1000,60,7.7,28,42,953,23,12,12,47,7.980445897,102,616,61.94673887,10.10491598,6.980705461,8.914439379,474,9,479,38,483,517
37,1000,60,7.7,28,31,943,38,8,11,57,7.951853977,92,590,61.07291363,9.483509183,7.181615841,8.665697028,466,15,477,42,481,519
39,1000,60,7.7,28,23,964,17,10,9,36,7.538632995,90,622,60.97906059,9.300829962,6.752149193,8.236080896,460,10,504,26,470,530
34,1000,60,7.7,28,43,958,26,12,4,42,7.844234762,93,607,61.35303676,9.549083742,7.234269986,8.432629073,472,19,486,23,491,509
32,1000,60,7.7,28,65,945,34,13,8,55,8.283930628,111,633,62.32502274,10.40372235,7.96629338,8.596526015,472,24,473,31,496,504
36,1000,60,7.7,28,38,963,21,7,9,37,7.619954881,83,620,61.750853,9.384148343,7.370427808,7.870482062,483,18,480,19,501,499
35,1000,60,7.7,28,36,955,20,10,15,45,7.780089605,108,616,61.48985722,9.547698526,7.05727191,8.502907299,484,16,471,29,500,500
38,1000,60,7.7,28,35,958,24,7,11,42,7.407428985,91,617,61.35777298,9.31541332,6.791627249,8.093533669,511,16,447,26,527,473
33,1000,60,7.7,28,43,952,24,12,12,48,8.000061668,122,621,61.98105768,10.1250803,7.024165015,8.91177943,474,9,478,39,483,517
37,1000,60,7.7,28,32,947,37,7,9,53,7.910892429,105,606,61.10888651,9.500155194,7.171649957,8.596009247,466,15,481,38,481,519
39,1000,60,7.7,28,24,964,17,10,9,36,7.551020999,101,616,61.00401351,9.34103069,6.766716199,8.246536577,460,10,504,26,470,530
34,1000,60,7.7,28,44,958,26,12,4,42,7.879479622,87,633,61.37543497,9.571446911,7.26970837,8.467687254,472,19,486,23,491,509
36,1000,60,7.7,28,39,961,23,7,9,39,7.660867599,94,600,61.80492818,9.409020542,7.413067109,7.909661278,482,19,479,20,501,499
32,1000,60,7.7,28,66,945,35,11,9,55,8.294131369,117,622,62.35947013,10.41720036,7.955475823,8.62741143,472,24,473,31,496,504
35,1000,60,7.7,28,37,955,20,10,15,45,7.79919451,90,606,61.52433111,9.569385605,7.069543976,8.528845043,484,16,471,29,500,500
38,1000,60,7.7,28,36,960,24,6,10,40,7.398563824,109,625,61.40220541,9.339008345,6.792842518,8.073437244,511,16,449,24,527,473
33,1000,60,7.7,28,44,953,24,11,12,47,8.003224414,103,628,62.00954194,10.16397399,7.029788121,8.91264362,474,9,479,38,483,517
37,1000,60,7.7,28,33,946,39,7,8,54,7.91353785,106,600,61.17034855,9.531969051,7.184317138,8.589366679,465,16,481,38,481,519
34,1000,60,7.7,28,45,959,26,11,4,41,7.86196555,107,635,61.41344166,9.589904408,7.240969116,8.461001402,473,18,486,23,491,509
39,1000,60,7.7,28,25,965,17,9,9,35,7.544173548,92,616,61.00373524,9.360009043,6.776449459,8.224985476,460,10,505,25,470,530
36,1000,60,7.7,28,40,962,23,7,8,38,7.660644384,103,638,61.83930472,9.449603763,7.418807425,7.90345063,482,19,480,19,501,499
38,1000,60,7.7,28,37,960,24,6,10,40,7.43835604,109,612,61.41914013,9.384531897,6.815232646,8.132618256,511,16,449,24,527,473
35,1000,60,7.7,28,38,956,19,10,15,44,7.805991014,89,634,61.569166,9.564781704,7.10101023,8.510971799,484,16,472,28,500,500
32,1000,60,7.7,28,67,946,35,10,9,54,8.313901932,102,651,62.40585546,10.43264791,7.957590486,8.664557641,472,24,474,30,496,504
34,1000,60,7.7,28,46,959,26,10,5,41,7.940794189,105,624,61.44524928,9.606118151,7.356340967,8.504579125,473,18,486,23,491,509
33,1000,60,7.7,28,45,954,24,10,12,46,8.009695908,100,618,62.05617357,10.18392606,7.067498271,8.889930839,474,9,480,37,483,517
37,1000,60,7.7,28,34,947,36,9,8,53,7.962620861,98,609,61.19243806,9.545378949,7.183757969,8.684457182,466,15,481,38,481,519
39,1000,60,7.7,28,26,964,18,9,9,36,7.589700585,92,597,61.07773322,9.388075998,6.790786324,8.298171723,459,11,505,25,470,530
36,1000,60,7.7,28,41,963,21,8,8,37,7.65114942,93,600,61.89140724,9.473465473,7.414758934,7.888487362,483,18,480,19,501,499
38,1000,60,7.7,28,38,960,24,6,10,40,7.477641383,85,632,61.4717301,9.392999316,6.891949757,8.130198437,511,16,449,24,527,473
35,1000,60,7.7,28,39,957,18,10,15,43,7.832567386,83,617,61.57870935,9.57670171,7.185390999,8.479743773,484,16,473,27,500,500
34,1000,60,7.7,28,47,960,25,10,5,40,7.94924158,91,621,61.47664103,9.621569564,7.381275536,8.49712238,473,18,487,22,491,509
33,1000,60,7.7,28,46,954,25,10,11,46,7.992382673,120,617,62.11156438,10.2177117,7.081018559,8.843811818,473,10,481,36,483,517
32,1000,60,7.7,28,68,944,36,12,8,56,8.347574408,119,618,62.44975913,10.45182282,7.957179672,8.731772403,473,23,471,33,496,504
37,1000,60,7.7,28,35,949,34,9,8,51,7.952266243,110,594,61.21265984,9.537920456,7.217132048,8.633575584,466,15,483,36,481,519
39,1000,60,7.7,28,27,963,17,11,9,37,7.620997723,100,624,61.09329351,9.42817377,6.83927011,8.31422787,458,12,505,25,470,530
36,1000,60,7.7,28,42,963,21,8,8,37,7.668960023,105,614,61.93630381,9.513399158,7.456855019,7.881915147,483,18,480,19,501,499
38,1000,60,7.7,28,39,957,27,6,10,43,7.528727322,92,642,61.51313679,9.409959059,6.925381224,8.20095437,511,16,446,27,527,473
35,1000,60,7.7,28,40,955,20,10,15,45,7.892783584,99,630,61.62936142,9.601253672,7.250251609,8.535315558,484,16,471,29,500,500
34,1000,60,7.7,28,48,960,25,10,5,40,7.984373277,107,616,61.50371893,9.628657839,7.429674983,8.51945552,473,18,487,22,491,509
33,1000,60,7.7,28,47,954,26,9,11,46,8.023834762,97,641,62.15632046,10.2610743,7.141933214,8.847738916,473,10,481,36,483,517
37,1000,60,7.7,28,36,951,34,7,8,49,7.925834174,116,593,61.22048546,9.555934642,7.155898298,8.639397095,467,14,484,35,481,519
32,1000,60,7.7,28,69,943,37,12,8,57,8.388434172,98,624,62.46941725,10.47898674,8.009075943,8.761770842,473,23,470,34,496,504
36,1000,60,7.7,28,43,963,22,8,7,37,7.724378241,107,638,61.98614525,9.530748032,7.493820628,7.955859934,483,18,480,19,501,499
39,1000,60,7.7,28,28,964,18,10,8,36,7.629612853,105,609,61.14379015,9.439330547,6.892753014,8.283054598,458,12,506,24,470,530
38,1000,60,7.7,28,40,957,26,7,10,43,7.54532345,117,637,61.56750167,9.418972876,6.93298921,8.227564772,511,16,446,27,527,473
34,1000,60,7.7,28,49,960,25,10,5,40,7.9826976,98,618,61.49218017,9.656712881,7.437451935,8.508661493,473,18,487,22,491,509
35,1000,60,7.7,28,41,957,20,10,13,43,7.929851433,111,627,61.64808616,9.633952668,7.290510765,8.569192101,484,16,473,27,500,500
33,1000,60,7.7,28,48,955,25,9,11,45,8.052503191,100,612,62.18518745,10.27678238,7.172939173,8.874223541,473,10,482,35,483,517
37,1000,60,7.7,28,37,951,33,7,9,49,7.904714621,115,631,61.25205426,9.566696401,7.128452586,8.624140515,467,14,484,35,481,519
36,1000,60,7.7,28,44,963,21,9,7,37,7.738034193,96,635,62.03746502,9.549950777,7.472788699,8.004342795,483,18,480,19,501,499
32,1000,60,7.7,28,70,945,36,11,8,55,8.393136729,106,636,62.48640483,10.48563386,8.03489044,8.745696568,474,22,471,33,496,504
39,1000,60,7.7,28,29,964,18,10,8,36,7.627105965,105,581,61.21468881,9.467115556,6.895594878,8.275804476,458,12,506,24,470,530
38,1000,60,7.7,28,41,956,27,7,10,44,7.575576368,113,623,61.60568329,9.462131305,6.968272362,8.252213177,511,16,445,28,527,473
34,1000,60,7.7,28,50,960,24,10,6,40,7.991009867,100,617,61.52698055,9.694601103,7.419132496,8.542663677,473,18,487,22,491,509
35,1000,60,7.7,28,42,958,20,9,13,42,7.951772083,105,616,61.6673878,9.662217586,7.308431538,8.595112627,485,15,473,27,500,500
33,1000,60,7.7,28,49,959,24,8,9,41,8.045361985,124,630,62.21556434,10.30538738,7.185199458,8.848956765,473,10,486,31,483,517
36,1000,60,7.7,28,45,962,22,9,7,38,7.732685209,94,604,62.05845803,9.577135714,7.499950174,7.966353049,482,19,480,19,501,499
37,1000,60,7.7,28,38,951,32,8,9,49,7.912106499,108,621,61.27437544,9.584822798,7.181727419,8.589008883,467,14,484,35,481,519
38,1000,60,7.7,28,42,956,27,7,10,44,7.59670165,102,636,61.65064967,9.480583166,7.002723575,8.258491176,511,16,445,28,527,473
39,1000,60,7.7,28,30,963,19,10,8,37,7.640422788,108,593,61.25692033,9.489446367,6.925329408,8.2745622,458,12,505,25,470,530
32,1000,60,7.7,28,71,945,35,11,9,55,8.408567929,112,613,62.54195448,10.52101671,8.057486644,8.754076495,475,21,470,34,496,504
34,1000,60,7.7,28,51,958,26,10,6,42,8.015329313,107,650,61.57332228,9.719272888,7.426593313,8.583245571,472,19,486,23,491,509
35,1000,60,7.7,28,43,955,22,10,13,45,8.017092184,96,615,61.70749056,9.704387648,7.371300543,8.662883825,484,16,471,29,500,500
36,1000,60,7.7,28,46,961,23,9,7,39,7.775975348,103,630,62.09059811,9.601589414,7.549442857,8.003415785,482,19,479,20,501,499
33,1000,60,7.7,28,50,959,24,8,9,41,8.052894232,102,633,62.28439673,10.33803103,7.189388304,8.859612535,473,10,486,31,483,517
37,1000,60,7.7,28,39,951,32,8,9,49,7.948310591,111,648,61.30534637,9.589757839,7.234287982,8.610054089,467,14,484,35,481,519
38,1000,60,7.7,28,43,956,27,7,10,44,7.583633041,109,595,61.74947611,9.493444697,7.013105295,8.219295033,511,16,445,28,527,473
39,1000,60,7.7,28,31,964,17,11,8,36,7.66195415,113,629,61.29418622,9.538938481,6.951027059,8.292398928,458,12,506,24,470,530
32,1000,60,7.7,28,72,944,36,11,9,56,8.419006323,118,619,62.59911204,10.52748339,8.10564182,8.727396786,475,21,469,35,496,504
34,1000,60,7.7,28,52,959,26,10,5,41,8.038903427,102,614,61.61121886,9.76117337,7.48413112,8.574057067,471,20,488,21,491,509
36,1000,60,7.7,28,47,962,23,9,6,38,7.782420126,109,613,62.1240762,9.60774853,7.552058318,8.013705228,482,19,480,19,501,499
35,1000,60,7.7,28,44,955,21,11,13,45,8.040412829,99,590,61.74371859,9.724670845,7.382054226,8.698771433,484,16,471,29,500,500
33,1000,60,7.7,28,51,958,25,8,9,42,8.094597368,108,605,62.31557614,10.35726914,7.245306033,8.888035888,472,11,486,31,483,517
37,1000,60,7.7,28,40,954,29,9,8,46,7.936829861,101,647,61.35558955,9.60815948,7.225343314,8.59622298,468,13,486,33,481,519
38,1000,60,7.7,28,44,955,28,7,10,45,7.603675655,108,605,61.79889707,9.496390869,7.045474707,8.225603561,510,17,445,28,527,473
39,1000,60,7.7,28,32,965,17,10,8,35,7.63788483,94,624,61.33260685,9.555868699,6.964642725,8.234910848,457,13,508,22,470,530
34,1000,60,7.7,28,53,959,26,10,5,41,8.054270007,133,649,61.63121926,9.765613287,7.510230456,8.579070439,471,20,488,21,491,509
36,1000,60,7.7,28,48,962,24,8,6,38,7.817046864,98,634,62.16202085,9.611575662,7.582064821,8.05297072,481,20,481,18,501,499
32,1000,60,7.7,28,73,943,37,12,8,57,8.420220055,106,634,62.64404994,10.54023459,8.118978519,8.71667998,474,22,469,35,496,504
35,1000,60,7.7,28,45,955,21,11,13,45,8.061264592,82,602,61.7834032,9.758308274,7.423094208,8.699434976,484,16,471,29,500,500
33,1000,60,7.7,28,52,958,25,8,9,42,8.139666378,137,662,62.39384374,10.37092001,7.294013248,8.929705957,472,11,486,31,483,517
37,1000,60,7.7,28,41,955,28,9,8,45,7.932418623,91,607,61.38378199,9.628152356,7.225591691,8.587493294,468,13,487,32,481,519
38,1000,60,7.7,28,45,955,29,7,9,45,7.63710368,122,623,61.83902414,9.52423453,7.105849147,8.229008835,510,17,445,28,527,473
34,1000,60,7.7,28,54,959,26,10,5,41,8.096031396,109,626,61.68977954,9.804761839,7.567640176,8.605736875,471,20,488,21,491,509
39,1000,60,7.7,28,33,966,16,10,8,34,7.636558659,92,610,61.37610216,9.566200928,6.981369837,8.217575161,458,12,508,22,470,530
36,1000,60,7.7,28,49,962,25,7,6,38,7.862065628,99,637,62.21234124,9.644038215,7.621721277,8.103373284,481,20,481,18,501,499
32,1000,60,7.7,28,74,942,38,12,8,58,8.458212473,103,619,62.66886298,10.54544773,8.123129078,8.787977084,474,22,468,36,496,504
35,1000,60,7.7,28,46,955,21,11,13,45,8.08549391,111,615,61.81445464,9.801836017,7.442041066,8.728946755,484,16,471,29,500,500
33,1000,60,7.7,28,53,959,26,8,7,41,8.136044787,104,650,62.42358857,10.4019212,7.321585341,8.896942103,472,11,487,30,483,517
38,1000,60,7.7,28,46,955,29,7,9,45,7.662428794,81,617,61.88680923,9.557976439,7.119037335,8.267856487,510,17,445,28,527,473
37,1000,60,7.7,28,42,955,27,10,8,45,7.95442786,101,629,61.41257891,9.640326008,7.274857811,8.584241335,468,13,487,32,481,519
34,1000,60,7.7,28,55,961,24,10,5,39,8.11691745,115,614,61.73889846,9.823121411,7.594322638,8.621031501,472,19,489,20,491,509
39,1000,60,7.7,28,34,964,17,11,8,36,7.684207109,94,650,61.40426885,9.54805195,7.058434731,8.239137331,458,12,506,24,470,530
36,1000,60,7.7,28,50,961,26,7,6,39,7.878820315,93,665,62.27911263,9.693774916,7.62888795,8.129754412,480,21,481,18,501,499
38,1000,60,7.7,28,47,960,25,6,9,40,7.680024687,108,625,61.97279291,9.574763006,7.140989031,8.280599297,512,15,448,25,527,473
33,1000,60,7.7,28,54,960,26,6,8,40,8.147077443,110,643,62.43782985,10.43694666,7.309726382,8.929360929,473,10,487,30,483,517
35,1000,60,7.7,28,47,956,21,10,13,44,8.103694537,99,608,61.86002535,9.835788467,7.455757919,8.751631154,485,15,471,29,500,500
37,1000,60,7.7,28,43,955,25,11,9,45,8.004585485,114,599,61.42303307,9.645856323,7.327864687,8.631758326,468,13,487,32,481,519
32,1000,60,7.7,28,75,943,38,12,7,57,8.457337724,118,619,62.72977208,10.57713023,8.111875916,8.797316011,475,21,468,36,496,504
34,1000,60,7.7,28,56,960,26,9,5,40,8.128463265,103,596,61.7762218,9.845775293,7.632438162,8.606947204,471,20,489,20,491,509
36,1000,60,7.7,28,51,960,28,7,5,40,7.895196116,90,603,62.31994763,9.751662895,7.659429999,8.131907188,479,22,481,18,501,499
39,1000,60,7.7,28,35,965,17,10,8,35,7.731013945,106,621,61.47654161,9.576837145,7.115231491,8.277085178,459,11,506,24,470,530
38,1000,60,7.7,28,48,959,25,7,9,41,7.7271446,94,630,62.00355012,9.613660333,7.198079267,8.316610627,511,16,448,25,527,473
33,1000,60,7.7,28,55,959,29,6,6,41,8.136957502,98,618,62.48890679,10.46772791,7.322052326,8.898271234,473,10,486,31,483,517
37,1000,60,7.7,28,44,955,25,11,9,45,7.992609709,89,620,61.45817276,9.65646828,7.317579109,8.618216104,468,13,487,32,481,519
35,1000,60,7.7,28,48,957,20,10,13,43,8.131306769,114,636,61.90534371,9.846487325,7.488501935,8.774111603,486,14,471,29,500,500
32,1000,60,7.7,28,76,943,38,12,7,57,8.477251952,113,617,62.76358745,10.59030796,8.132876727,8.816160904,475,21,468,36,496,504
34,1000,60,7.7,28,57,959,27,9,5,41,8.14799341,100,647,61.79177168,9.881545338,7.633515746,8.644277364,471,20,488,21,491,509
36,1000,60,7.7,28,52,960,25,10,5,40,7.909567136,108,653,62.37740373,9.810943528,7.68111335,8.138936569,479,22,481,18,501,499
39,1000,60,7.7,28,36,966,18,8,8,34,7.726623447,106,638,61.52715103,9.613947556,7.138723558,8.247968631,458,12,508,22,470,530
38,1000,60,7.7,28,49,961,24,6,9,39,7.717708582,123,633,62.03168604,9.644805102,7.225175416,8.266471749,511,16,450,23,527,473
33,1000,60,7.7,28,56,957,31,6,6,43,8.175607816,117,636,62.52963685,10.47850047,7.344853251,8.951728619,473,10,484,33,483,517
37,1000,60,7.7,28,45,955,26,11,8,45,8.003638646,96,635,61.49645213,9.672071259,7.347671792,8.6115771,468,13,487,32,481,519
35,1000,60,7.7,28,49,956,20,11,13,44,8.124655428,115,646,61.94922497,9.8700758,7.472047276,8.77726358,486,14,470,30,500,500
34,1000,60,7.7,28,58,959,28,9,4,41,8.222911743,103,611,61.84605883,9.896322525,7.710938277,8.716780057,471,20,488,21,491,509
36,1000,60,7.7,28,53,961,24,10,5,39,7.941067827,109,628,62.42050855,9.849882008,7.690525501,8.192614331,480,21,481,18,501,499
32,1000,60,7.7,28,77,943,38,12,7,57,8.483978812,101,635,62.81186812,10.6059891,8.151494517,8.811185578,475,21,468,36,496,504
38,1000,60,7.7,28,50,961,24,6,9,39,7.747188199,91,646,62.06355373,9.663624533,7.280002338,8.267710289,510,17,451,22,527,473
39,1000,60,7.7,28,37,968,18,7,7,32,7.725667521,97,627,61.58802329,9.653275304,7.171600865,8.21700965,459,11,509,21,470,530
33,1000,60,7.7,28,57,957,30,7,6,43,8.196616382,108,633,62.54276948,10.51810678,7.378182024,8.961227204,473,10,484,33,483,517
37,1000,60,7.7,28,46,954,27,11,8,46,8.012506989,91,622,61.54284262,9.68755513,7.359971685,8.617265142,467,14,487,32,481,519
35,1000,60,7.7,28,50,952,24,11,13,48,8.165193437,114,606,61.96032609,9.891607713,7.487276218,8.843110656,484,16,468,32,500,500
36,1000,60,7.7,28,54,960,24,11,5,40,7.977139175,107,641,62.43509665,9.863385747,7.671880518,8.283621314,480,21,480,19,501,499
34,1000,60,7.7,28,59,961,27,8,4,39,8.244394529,93,607,61.87907005,9.934082096,7.729793265,8.740797713,472,19,489,20,491,509
38,1000,60,7.7,28,51,960,24,7,9,40,7.752387083,103,639,62.13963584,9.688924863,7.275282878,8.283959843,510,17,450,23,527,473
32,1000,60,7.7,28,78,942,38,13,7,58,8.491992752,116,639,62.8410715,10.64395922,8.155388675,8.823253907,474,22,468,36,496,504
39,1000,60,7.7,28,38,966,20,7,7,34,7.787821722,110,630,61.62931715,9.679232716,7.242276299,8.271607286,459,11,507,23,470,530
33,1000,60,7.7,28,58,958,29,7,6,42,8.181044004,108,646,62.58264209,10.54561628,7.360541874,8.947586614,473,10,485,32,483,517
37,1000,60,7.7,28,47,954,27,11,8,46,8.00910966,114,625,61.58908218,9.707186982,7.372299538,8.599293993,467,14,487,32,481,519
36,1000,60,7.7,28,55,961,23,11,5,39,7.976321105,106,634,62.49532913,9.893185448,7.687381506,8.266418777,481,20,480,19,501,499
34,1000,60,7.7,28,60,960,28,8,4,40,8.27309789,100,635,61.92967556,9.943005788,7.766928592,8.761367292,472,19,488,21,491,509
35,1000,60,7.7,28,51,952,24,11,13,48,8.212962171,95,633,62.01364731,9.916097597,7.55303183,8.872892511,484,16,468,32,500,500
38,1000,60,7.7,28,52,960,24,6,10,40,7.780648986,95,615,62.2009144,9.732650042,7.2904282,8.326835782,510,17,450,23,527,473
39,1000,60,7.7,28,39,966,20,7,7,34,7.812848984,113,635,61.68308255,9.72926795,7.288521123,8.277818974,459,11,507,23,470,530
32,1000,60,7.7,28,79,943,35,15,7,57,8.524954154,132,637,62.84688621,10.6675037,8.199130717,8.84560579,474,22,469,35,496,504
33,1000,60,7.7,28,59,956,31,7,6,44,8.21930748,114,667,62.63285114,10.57497432,7.362413709,9.019848469,472,11,484,33,483,517
37,1000,60,7.7,28,48,953,28,11,8,47,8.06217464,121,605,61.61288963,9.725367193,7.397027832,8.67862091,466,15,487,32,481,519
36,1000,60,7.7,28,56,962,23,10,5,38,7.979500666,113,628,62.54380616,9.948134668,7.674879309,8.285342951,482,19,480,19,501,499
34,1000,60,7.7,28,61,961,29,8,2,39,8.263460321,87,619,61.95423029,9.963110905,7.779587417,8.730221806,472,19,489,20,491,509
35,1000,60,7.7,28,52,952,26,10,12,48,8.235644463,106,630,62.04162906,9.936304339,7.57687609,8.894412835,485,15,467,33,500,500
38,1000,60,7.7,28,53,960,24,6,10,40,7.791609721,98,635,62.26048908,9.765935615,7.289216923,8.351358144,510,17,450,23,527,473
39,1000,60,7.7,28,40,967,19,7,7,33,7.844392051,99,654,61.74510004,9.746137017,7.3380561,8.293406952,459,11,508,22,470,530
33,1000,60,7.7,28,60,956,32,6,6,44,8.22912456,112,596,62.67612018,10.58556977,7.392658953,9.010580823,471,12,485,32,483,517
36,1000,60,7.7,28,57,961,23,11,5,39,8.029470429,101,645,62.62080588,9.970773063,7.740143628,8.319956856,481,20,480,19,501,499
37,1000,60,7.7,28,49,954,28,11,7,46,8.072312882,111,614,61.67114462,9.7524729,7.393072487,8.701820841,467,14,487,32,481,519
32,1000,60,7.7,28,80,942,34,17,7,58,8.5704332,124,637,62.90132531,10.6991003,8.229096151,8.906352201,474,22,468,36,496,504
34,1000,60,7.7,28,62,963,27,8,2,37,8.307943069,97,607,61.97269554,9.99041312,7.794936681,8.802807777,473,18,490,19,491,509
38,1000,60,7.7,28,54,960,24,6,10,40,7.804814866,111,630,62.32427578,9.801098858,7.329411808,8.334492268,510,17,450,23,527,473
35,1000,60,7.7,28,53,952,27,10,11,48,8.235642317,99,628,62.08904548,9.947650895,7.586473376,8.884811257,485,15,467,33,500,500
39,1000,60,7.7,28,41,967,19,6,8,33,7.878662371,101,609,61.79793489,9.759386088,7.346531119,8.350552349,459,11,508,22,470,530
36,1000,60,7.7,28,58,959,25,11,5,41,8.069465163,95,615,62.64873534,10.01855005,7.785888048,8.35417886,481,20,478,21,501,499
33,1000,60,7.7,28,61,957,32,6,5,43,8.23253356,106,616,62.69159284,10.62748267,7.442355967,8.970745895,471,12,486,31,483,517
34,1000,60,7.7,28,63,962,28,8,2,38,8.357931935,99,594,61.98888594,10.00991954,7.855605802,8.842494079,472,19,490,19,491,509
37,1000,60,7.7,28,50,953,29,11,7,47,8.122772353,101,602,61.70642463,9.777720367,7.471449091,8.726407208,467,14,486,33,481,519
38,1000,60,7.7,28,55,961,25,6,8,39,7.798979894,114,618,62.34979667,9.821140994,7.295484502,8.359956789,511,16,450,23,527,473
32,1000,60,7.7,28,81,942,34,17,7,58,8.5896558,100,608,62.94463436,10.71696135,8.231205375,8.942416536,474,22,468,36,496,504
35,1000,60,7.7,28,54,956,24,9,11,44,8.222218689,120,620,62.13230308,9.960499017,7.629549023,8.814888355,485,15,471,29,500,500
36,1000,60,7.7,28,59,958,25,11,6,42,8.12082006,85,623,62.68090155,10.04759665,7.821736861,8.42110199,481,20,477,22,501,499
39,1000,60,7.7,28,42,968,19,5,8,32,7.880655031,112,607,61.85142205,9.761476898,7.32589283,8.372613965,460,10,508,22,470,530
33,1000,60,7.7,28,62,957,32,6,5,43,8.27809476,112,629,62.72099096,10.65179492,7.547975658,8.960198293,471,12,486,31,483,517
34,1000,60,7.7,28,64,963,27,8,2,37,8.349626109,98,634,62.02124348,10.01922362,7.834185702,8.846838761,473,18,490,19,491,509
37,1000,60,7.7,28,51,952,30,11,7,48,8.129236988,99,632,61.71915305,9.797954594,7.48462519,8.726651776,466,15,486,33,481,519
38,1000,60,7.7,28,56,961,24,8,7,39,7.840903581,99,627,62.39405705,9.829899113,7.342465713,8.396245561,511,16,450,23,527,473
35,1000,60,7.7,28,55,955,25,9,11,45,8.223338951,102,630,62.17568228,9.985087676,7.617647249,8.829030653,485,15,470,30,500,500
32,1000,60,7.7,28,82,942,34,17,7,58,8.598598921,118,640,62.97659964,10.74051959,8.242143867,8.949395958,474,22,468,36,496,504
36,1000,60,7.7,28,60,958,25,11,6,42,8.172940924,97,648,62.70491138,10.0659121,7.893989846,8.453010043,481,20,477,22,501,499
34,1000,60,7.7,28,65,963,28,7,2,37,8.342735284,111,654,62.05553243,10.08373466,7.825993006,8.841203768,473,18,490,19,491,509
39,1000,60,7.7,28,43,968,19,5,8,32,7.877829624,104,641,61.89507649,9.761058098,7.287606501,8.401235035,460,10,508,22,470,530
33,1000,60,7.7,28,63,957,32,6,5,43,8.288949392,125,632,62.74989527,10.69094386,7.530503811,8.997516541,471,12,486,31,483,517
38,1000,60,7.7,28,57,960,25,8,7,40,7.865197253,107,607,62.45108488,9.824968606,7.356423342,8.432055289,511,16,449,24,527,473
37,1000,60,7.7,28,52,954,29,11,6,46,8.127186215,98,632,61.76511701,9.83397809,7.513357668,8.696071631,466,15,488,31,481,519
35,1000,60,7.7,28,56,955,25,9,11,45,8.243794027,100,643,62.22223682,10.00433737,7.62293157,8.864656484,486,14,469,31,500,500
36,1000,60,7.7,28,61,959,24,11,6,41,8.210722565,97,654,62.73736055,10.09321044,7.957942532,8.464515745,482,19,477,22,501,499
32,1000,60,7.7,28,83,943,32,17,8,57,8.60819564,102,625,63.00727413,10.74876333,8.251636095,8.95909551,474,22,469,35,496,504
34,1000,60,7.7,28,66,962,29,7,2,38,8.344027782,99,636,62.10380982,10.10073161,7.830178701,8.839705383,474,17,488,21,491,509
39,1000,60,7.7,28,44,968,20,4,8,32,7.896760439,103,595,61.91936701,9.795185902,7.343501304,8.387386464,459,11,509,21,470,530
33,1000,60,7.7,28,64,957,32,6,5,43,8.282343385,93,652,62.77034477,10.71220295,7.535443625,8.980124013,471,12,486,31,483,517
38,1000,60,7.7,28,58,957,28,8,7,43,7.922904757,86,637,62.48757052,9.847493132,7.402917804,8.502255972,510,17,447,26,527,473
37,1000,60,7.7,28,53,954,29,12,5,46,8.144026917,95,624,61.79878001,9.849636495,7.520231888,8.722149092,466,15,488,31,481,519
35,1000,60,7.7,28,57,955,25,10,10,45,8.240155786,106,590,62.27238085,10.05548907,7.649735238,8.830576335,486,14,469,31,500,500
36,1000,60,7.7,28,62,959,23,11,7,41,8.226209124,110,615,62.76630501,10.10595731,7.974605328,8.478821353,482,19,477,22,501,499
32,1000,60,7.7,28,84,943,32,17,8,57,8.634992116,107,647,63.05905114,10.76096953,8.290443866,8.974071346,474,22,469,35,496,504
34,1000,60,7.7,28,67,961,30,7,2,39,8.388257414,126,645,62.15471882,10.09586547,7.872518137,8.885758366,475,16,486,23,491,509
38,1000,60,7.7,28,59,957,28,8,7,43,7.936843965,113,630,62.53200551,9.879727752,7.433567035,8.497577457,510,17,447,26,527,473
39,1000,60,7.7,28,45,968,21,4,7,32,7.914329698,105,637,61.94849685,9.79653711,7.370840182,8.3962921,460,10,508,22,470,530
33,1000,60,7.7,28,65,957,32,6,5,43,8.328037358,119,653,62.81105837,10.74336712,7.598530664,9.009568756,471,12,486,31,483,517
37,1000,60,7.7,28,54,957,27,11,5,43,8.117437112,108,632,61.85119238,9.858921398,7.537466667,8.654943441,466,15,491,28,481,519
35,1000,60,7.7,28,58,954,26,10,10,46,8.254071195,118,603,62.31193191,10.06745712,7.666834442,8.841307947,485,15,469,31,500,500
36,1000,60,7.7,28,63,955,25,13,7,45,8.279181373,99,614,62.8392616,10.12420573,8.064387985,8.494835657,478,23,477,22,501,499
34,1000,60,7.7,28,68,959,32,7,2,41,8.410487966,115,623,62.18501858,10.11611824,7.915067113,8.888389026,475,16,484,25,491,509
38,1000,60,7.7,28,60,956,30,7,7,44,7.948904179,102,639,62.5686984,9.906548828,7.453884076,8.500438205,508,19,448,25,527,473
33,1000,60,7.7,28,66,955,33,7,5,45,8.341069734,110,629,62.87494189,10.76515526,7.606526587,9.027306368,471,12,484,33,483,517
32,1000,60,7.7,28,85,944,32,17,7,56,8.649518166,119,629,63.09209801,10.7925837,8.269231749,9.023768291,474,22,470,34,496,504
39,1000,60,7.7,28,46,968,21,4,7,32,7.955303035,95,601,61.98783488,9.846465441,7.397383051,8.450062266,460,10,508,22,470,530
37,1000,60,7.7,28,55,956,28,11,5,44,8.123979611,113,648,61.87299866,9.861535857,7.520076631,8.683666187,466,15,490,29,481,519
36,1000,60,7.7,28,64,956,25,13,6,44,8.278856638,110,633,62.90073484,10.14510744,8.077759659,8.480759616,478,23,478,21,501,499
35,1000,60,7.7,28,59,954,26,10,10,46,8.272708124,100,615,62.3755155,10.09362504,7.701509659,8.84390659,485,15,469,31,500,500
34,1000,60,7.7,28,69,959,32,7,2,41,8.456249004,118,645,62.23396712,10.13474049,7.958237713,8.936648893,475,16,484,25,491,509
38,1000,60,7.7,28,61,955,30,8,7,45,7.975696857,117,657,62.59849646,9.933630852,7.48907537,8.51787344,507,20,448,25,527,473
33,1000,60,7.7,28,67,953,35,8,4,47,8.3701901,98,621,62.91808206,10.77875428,7.658276921,9.035285004,471,12,482,35,483,517
39,1000,60,7.7,28,47,968,21,4,7,32,7.980500156,91,600,62.04684023,9.862165942,7.443409636,8.456787976,460,10,508,22,470,530
37,1000,60,7.7,28,56,955,28,11,6,45,8.15673572,104,615,61.89853145,9.876284358,7.534055655,8.733824566,466,15,489,30,481,519
32,1000,60,7.7,28,86,945,31,17,7,55,8.660575453,117,632,63.11079484,10.84032058,8.294188584,9.021146658,474,22,471,33,496,504
36,1000,60,7.7,28,65,956,25,13,6,44,8.309200304,97,626,62.94751538,10.15325163,8.102354779,8.516874868,477,24,479,20,501,499
35,1000,60,7.7,28,60,953,27,10,10,47,8.323350168,98,649,62.40332595,10.12700794,7.780764074,8.865936261,484,16,469,31,500,500
34,1000,60,7.7,28,70,959,32,7,2,41,8.471839267,94,636,62.26571938,10.14799597,7.962541817,8.963126199,475,16,484,25,491,509
38,1000,60,7.7,28,62,954,31,8,7,46,8.002416124,122,631,62.65895454,9.951803748,7.5348365,8.523376931,506,21,448,25,527,473
33,1000,60,7.7,28,68,953,34,8,5,47,8.406279707,121,608,62.97155662,10.81591684,7.698331483,9.067670407,471,12,482,35,483,517
39,1000,60,7.7,28,48,967,21,5,7,33,8.001587891,106,620,62.0953146,9.900677675,7.485447682,8.459297132,459,11,508,22,470,530
37,1000,60,7.7,28,57,953,31,10,6,47,8.172282007,110,615,61.94196677,9.897210103,7.548401224,8.750483659,465,16,488,31,481,519
36,1000,60,7.7,28,66,957,25,12,6,43,8.272143599,118,655,62.98232244,10.1841053,8.051524407,8.493647036,477,24,480,19,501,499
32,1000,60,7.7,28,87,944,32,17,7,56,8.695540279,109,641,63.14793562,10.86537623,8.330130716,9.055149689,473,23,471,33,496,504
34,1000,60,7.7,28,71,959,32,7,2,41,8.485944889,113,654,62.29087307,10.17414169,7.985055968,8.969120647,475,16,484,25,491,509
35,1000,60,7.7,28,61,953,28,9,10,47,8.321027088,110,624,62.42815623,10.14100727,7.8030055,8.839048677,484,16,469,31,500,500
38,1000,60,7.7,28,63,954,32,7,7,46,7.997075928,104,630,62.68958058,9.967006438,7.529592652,8.517929388,507,20,447,26,527,473
33,1000,60,7.7,28,69,951,37,8,4,49,8.415890344,110,657,63.00646343,10.81896082,7.719788386,9.066213836,469,14,482,35,483,517
39,1000,60,7.7,28,49,967,21,5,7,33,8.037808536,97,630,62.12168764,9.927365194,7.527493403,8.490352144,459,11,508,22,470,530
37,1000,60,7.7,28,58,955,30,10,5,45,8.161318962,107,606,61.96492431,9.926556867,7.53687369,8.74004377,466,15,489,30,481,519
36,1000,60,7.7,28,67,955,27,12,6,45,8.303872076,96,611,63.03243542,10.20333129,8.091513405,8.517081883,475,26,480,19,501,499
34,1000,60,7.7,28,72,958,33,7,2,42,8.50133518,118,632,62.32829753,10.20252577,7.99015401,8.994439215,474,17,484,25,491,509
38,1000,60,7.7,28,64,954,32,7,7,46,8.030299212,100,640,62.72712602,10.00364831,7.573632996,8.539100683,508,19,446,27,527,473
32,1000,60,7.7,28,88,944,32,16,8,56,8.751026996,115,630,63.16679509,10.90594796,8.387945391,9.108345402,473,23,471,33,496,504
35,1000,60,7.7,28,62,952,28,10,10,48,8.360047704,95,645,62.47878087,10.15481179,7.822576991,8.897518417,483,17,469,31,500,500
33,1000,60,7.7,28,70,952,37,7,4,48,8.429077496,123,658,63.06309209,10.83424066,7.794536474,9.021888547,469,14,483,34,483,517
39,1000,60,7.7,28,50,964,23,6,7,36,8.058688908,97,607,62.15853355,9.957257516,7.540657332,8.518075401,458,12,506,24,470,530
36,1000,60,7.7,28,68,955,27,12,6,45,8.308390346,117,630,63.08343306,10.24247444,8.088770303,8.528890631,475,26,480,19,501,499
37,1000,60,7.7,28,59,955,28,12,5,45,8.22435631,103,600,61.99651878,9.934933499,7.642612635,8.763506035,465,16,490,29,481,519
34,1000,60,7.7,28,73,959,33,6,2,41,8.491431441,112,633,62.33665134,10.21105968,7.993120258,8.972120618,474,17,485,24,491,509
38,1000,60,7.7,28,65,954,32,7,7,46,8.017254214,99,627,62.76742669,10.00642873,7.605237639,8.476308621,508,19,446,27,527,473
35,1000,60,7.7,28,63,951,29,10,10,49,8.347897732,120,626,62.54799783,10.16908807,7.833866328,8.861929135,482,18,469,31,500,500
32,1000,60,7.7,28,89,944,32,16,8,56,8.748336502,110,634,63.20309188,10.92411897,8.395445254,9.095626301,473,23,471,33,496,504
33,1000,60,7.7,28,71,953,36,7,4,47,8.431704689,108,651,63.09388721,10.8602916,7.803984447,9.018143523,469,14,484,33,483,517
36,1000,60,7.7,28,69,954,27,13,6,46,8.307490848,96,636,63.12975978,10.25238494,8.091310673,8.524537478,475,26,479,20,501,499
39,1000,60,7.7,28,51,964,23,6,7,36,8.079855266,110,620,62.20889702,9.947537001,7.5418475,8.556956493,458,12,506,24,470,530
37,1000,60,7.7,28,60,954,29,10,7,46,8.278114932,102,627,62.04762201,9.962384752,7.701560506,8.812455354,464,17,490,29,481,519
38,1000,60,7.7,28,66,954,32,7,7,46,8.053347424,100,634,62.79576608,10.04878353,7.623470236,8.5323015,508,19,446,27,527,473
34,1000,60,7.7,28,74,958,35,6,1,42,8.537216321,104,618,62.3566729,10.21775007,8.050899697,9.006335107,474,17,484,25,491,509
35,1000,60,7.7,28,64,951,29,10,10,49,8.363302333,103,642,62.5824282,10.21051829,7.885497398,8.841107269,482,18,469,31,500,500
32,1000,60,7.7,28,90,942,34,16,8,58,8.795461402,106,604,63.21075693,10.94231713,8.430335839,9.154791321,471,25,471,33,496,504
36,1000,60,7.7,28,70,952,27,15,6,48,8.31343141,103,634,63.18420287,10.24128315,8.087916293,8.539850395,474,27,478,21,501,499
33,1000,60,7.7,28,72,952,37,7,4,48,8.447066341,106,620,63.12924934,10.88462852,7.80358831,9.048226667,468,15,484,33,483,517
39,1000,60,7.7,28,52,964,23,6,7,36,8.120017362,105,596,62.24641452,9.959652903,7.619903529,8.563514534,458,12,506,24,470,530
37,1000,60,7.7,28,61,954,29,10,7,46,8.319871842,119,645,62.0766963,9.990536593,7.739170771,8.858055301,464,17,490,29,481,519
38,1000,60,7.7,28,67,952,34,7,7,48,8.059274602,102,634,62.80345712,10.08724699,7.645500796,8.520286855,507,20,445,28,527,473
34,1000,60,7.7,28,75,958,35,6,1,42,8.536521849,110,607,62.3713679,10.25105304,8.065395621,8.990987425,474,17,484,25,491,509
35,1000,60,7.7,28,65,950,29,11,10,50,8.428418192,91,626,62.62744703,10.22022614,7.938537818,8.918298565,482,18,468,32,500,500
36,1000,60,7.7,28,71,953,27,13,7,47,8.330894954,94,630,63.2221532,10.25771883,8.111954494,8.550712931,474,27,479,20,501,499
33,1000,60,7.7,28,73,951,36,9,4,49,8.474103022,112,656,63.19005116,10.92039695,7.841163282,9.065418098,468,15,483,34,483,517
32,1000,60,7.7,28,91,942,34,16,8,58,8.802418884,119,645,63.26658744,10.9575521,8.43623576,9.162789577,471,25,471,33,496,504
39,1000,60,7.7,28,53,964,23,6,7,36,8.114679667,101,631,62.32047319,9.994499861,7.610004886,8.562221453,458,12,506,24,470,530
38,1000,60,7.7,28,68,952,34,7,7,48,8.054430335,90,634,62.81056716,10.10913864,7.633467684,8.523452147,507,20,445,28,527,473
34,1000,60,7.7,28,76,956,37,6,1,44,8.534715988,114,648,62.42576323,10.27413516,8.060691869,8.991976976,473,18,483,26,491,509
37,1000,60,7.7,28,62,956,26,11,7,44,8.341825353,110,608,62.11564675,10.01858919,7.785227946,8.857669963,465,16,491,28,481,519
36,1000,60,7.7,28,72,953,27,12,8,47,8.358603482,110,628,63.2410948,10.26757339,8.127917874,8.590213682,474,27,479,20,501,499
35,1000,60,7.7,28,66,948,31,11,10,52,8.43493352,102,643,62.67206836,10.22947009,7.950181495,8.919685544,481,19,467,33,500,500
33,1000,60,7.7,28,74,952,35,8,5,48,8.45399465,118,659,63.24004435,10.94295062,7.838483446,9.029027361,468,15,484,33,483,517
38,1000,60,7.7,28,69,952,34,7,7,48,8.100210423,109,619,62.8589976,10.14574276,7.666579171,8.583347146,507,20,445,28,527,473
34,1000,60,7.7,28,77,957,36,6,1,43,8.569546499,111,648,62.47732275,10.29176387,8.107090858,9.015648108,472,19,485,24,491,509
39,1000,60,7.7,28,54,964,23,7,6,36,8.087809001,110,611,62.31859941,10.00182891,7.593129844,8.526486744,458,12,506,24,470,530
32,1000,60,7.7,28,92,941,36,15,8,59,8.767725843,131,649,63.29876484,10.99676922,8.416793808,9.113087528,470,26,471,33,496,504
37,1000,60,7.7,28,63,956,25,12,7,44,8.379171184,95,648,62.15320605,10.02987519,7.803166611,8.913002012,465,16,491,28,481,519
36,1000,60,7.7,28,73,951,30,12,7,49,8.362783498,100,666,63.28607129,10.31787997,8.097836442,8.628792465,473,28,478,21,501,499
35,1000,60,7.7,28,67,949,31,11,9,51,8.40606761,108,624,62.73073264,10.24504693,7.924782456,8.887352765,481,19,468,32,500,500
33,1000,60,7.7,28,75,952,35,8,5,48,8.482478918,116,630,63.3121985,10.9645515,7.907246879,9.019881384,468,15,484,33,483,517
38,1000,60,7.7,28,70,953,33,7,7,47,8.089723667,120,639,62.90231462,10.15947366,7.644581446,8.585685508,507,20,446,27,527,473
34,1000,60,7.7,28,78,957,36,6,1,43,8.586899181,98,617,62.50835536,10.31273178,8.125309465,9.032165489,472,19,485,24,491,509
39,1000,60,7.7,28,55,965,23,6,6,35,8.105838235,96,637,62.35957759,10.03025642,7.630825518,8.527075927,458,12,507,23,470,530
37,1000,60,7.7,28,64,956,25,12,7,44,8.401103687,105,626,62.18396431,10.04791773,7.816405579,8.942991529,466,15,490,29,481,519
32,1000,60,7.7,28,93,940,38,15,7,60,8.782887072,100,656,63.3403981,11.03811943,8.423920398,9.136155862,469,27,471,33,496,504
36,1000,60,7.7,28,74,950,31,12,7,50,8.388988594,102,631,63.345934,10.32800834,8.101680598,8.677448125,473,28,477,22,501,499
35,1000,60,7.7,28,68,948,32,11,9,52,8.424836372,99,624,62.75072955,10.26253738,7.960519416,8.889153327,481,19,467,33,500,500
38,1000,60,7.7,28,71,952,34,7,7,48,8.12915344,110,615,62.96679244,10.16894534,7.660500504,8.651310094,507,20,445,28,527,473
33,1000,60,7.7,28,76,954,33,8,5,46,8.473095176,114,628,63.36721405,10.98771724,7.92594838,8.984259398,468,15,486,31,483,517
34,1000,60,7.7,28,79,958,35,6,1,42,8.592156929,131,604,62.56475615,10.31535088,8.105662734,9.061447007,472,19,486,23,491,509
39,1000,60,7.7,28,56,965,23,6,6,35,8.11349149,120,608,62.40550395,10.03761759,7.654458942,8.520558088,457,13,508,22,470,530
37,1000,60,7.7,28,65,957,24,12,7,43,8.38837011,116,631,62.24968768,10.06974659,7.786501877,8.946170919,467,14,490,29,481,519
36,1000,60,7.7,28,75,950,31,12,7,50,8.405819847,96,656,63.38442213,10.37830966,8.099659501,8.713207288,473,28,477,22,501,499
32,1000,60,7.7,28,94,942,36,15,7,58,8.7751929,134,666,63.37220915,11.06128275,8.39448101,9.149861743,470,26,472,32,496,504
35,1000,60,7.7,28,69,947,31,13,9,53,8.459336673,100,641,62.77999364,10.29128902,7.98100652,8.937666825,480,20,467,33,500,500
38,1000,60,7.7,28,72,951,35,7,7,49,8.183481316,107,644,63.01058901,10.18258557,7.71572548,8.704638453,507,20,444,29,527,473
34,1000,60,7.7,28,80,959,32,8,1,41,8.624348467,98,633,62.62501971,10.35493562,8.109486059,9.12100356,473,18,486,23,491,509
33,1000,60,7.7,28,77,952,35,8,5,48,8.491806781,122,647,63.40957347,10.9847955,7.929220832,9.017394815,467,16,485,32,483,517
39,1000,60,7.7,28,57,965,23,6,6,35,8.143628936,127,599,62.44045854,10.06630668,7.650527961,8.580907159,458,12,507,23,470,530
37,1000,60,7.7,28,66,958,23,12,7,42,8.385654728,119,651,62.25555046,10.08433729,7.783591592,8.943636171,467,14,491,28,481,519
36,1000,60,7.7,28,76,951,30,12,7,49,8.398109146,136,640,63.42096921,10.41011157,8.099889912,8.697523647,473,28,478,21,501,499
32,1000,60,7.7,28,95,943,37,13,7,57,8.768877736,99,660,63.43773951,11.0950974,8.446211569,9.086422218,471,25,472,32,496,504
35,1000,60,7.7,28,70,949,29,13,9,51,8.460976397,108,638,62.81588599,10.3041151,8.013027321,8.908925473,480,20,469,31,500,500
38,1000,60,7.7,28,73,951,33,8,8,49,8.229229788,102,619,63.00579854,10.20609624,7.765751101,8.745621475,507,20,444,29,527,473
34,1000,60,7.7,28,81,961,31,7,1,39,8.612180438,124,641,62.65750833,10.37132879,8.078501375,9.126986763,474,17,487,22,491,509
33,1000,60,7.7,28,78,952,35,8,5,48,8.499465828,131,648,63.44224554,11.03174296,7.962319771,9.001286999,467,16,485,32,483,517
39,1000,60,7.7,28,58,964,24,6,6,36,8.170265843,83,636,62.47403126,10.10812129,7.669078601,8.614714906,458,12,506,24,470,530
37,1000,60,7.7,28,67,958,23,12,7,42,8.390339999,113,638,62.29155285,10.10181012,7.77297453,8.962503372,467,14,491,28,481,519
36,1000,60,7.7,28,77,949,31,13,7,51,8.439566249,108,658,63.48408732,10.41868234,8.143275222,8.737044815,471,30,478,21,501,499
35,1000,60,7.7,28,71,949,28,14,9,51,8.502019227,97,646,62.87416693,10.33099078,8.0865233,8.917515154,480,20,469,31,500,500
38,1000,60,7.7,28,74,953,31,8,8,47,8.242786337,91,640,63.08654921,10.2259226,7.772827585,8.766397887,508,19,445,28,527,473
32,1000,60,7.7,28,96,942,38,13,7,58,8.808445544,108,656,63.49285435,11.1130207,8.512070997,9.100115733,470,26,472,32,496,504
34,1000,60,7.7,28,82,960,30,9,1,40,8.614671567,107,618,62.68664507,10.40497562,8.094811247,9.116147828,475,16,485,24,491,509
33,1000,60,7.7,28,79,952,35,8,5,48,8.473681188,117,606,63.51856092,11.06006509,7.962016605,8.951696649,467,16,485,32,483,517
39,1000,60,7.7,28,59,963,25,6,6,37,8.210886549,97,631,62.53991501,10.12475624,7.685071871,8.677175037,458,12,505,25,470,530
36,1000,60,7.7,28,78,949,31,13,7,51,8.484258993,94,631,63.51741288,10.43223627,8.193056404,8.776628726,471,30,478,21,501,499
37,1000,60,7.7,28,68,957,24,12,7,43,8.392664721,106,620,62.31529326,10.11485076,7.78683598,8.95413606,467,14,490,29,481,519
35,1000,60,7.7,28,72,950,28,13,9,50,8.484113831,113,638,62.91961443,10.36648835,8.042496296,8.925731367,481,19,469,31,500,500
34,1000,60,7.7,28,83,959,31,9,1,41,8.634767342,127,627,62.70059771,10.4432209,8.132353865,9.119413742,474,17,485,24,491,509
38,1000,60,7.7,28,75,953,31,8,8,47,8.233496947,107,657,63.1247914,10.25146041,7.784934052,8.733269983,508,19,445,28,527,473
32,1000,60,7.7,28,97,941,38,13,8,59,8.830242502,133,649,63.53716568,11.11973729,8.515973817,9.139522795,470,26,471,33,496,504
33,1000,60,7.7,28,80,951,35,9,5,49,8.465452327,119,678,63.56729443,11.0749768,7.941669528,8.954789062,467,16,484,33,483,517
39,1000,60,7.7,28,60,963,25,6,6,37,8.244179017,101,643,62.54856827,10.1515425,7.740241322,8.691067161,458,12,505,25,470,530
36,1000,60,7.7,28,79,951,29,14,6,49,8.511072562,109,651,63.56043807,10.47285211,8.216943414,8.806380584,473,28,478,21,501,499
37,1000,60,7.7,28,69,956,24,12,8,44,8.422621566,106,630,62.36596613,10.10699753,7.800547184,8.999149076,467,14,489,30,481,519
38,1000,60,7.7,28,76,954,30,8,8,46,8.211570724,112,626,63.14573534,10.27154093,7.779164654,8.693342392,508,19,446,27,527,473
34,1000,60,7.7,28,84,959,31,9,1,41,8.630107341,99,619,62.73191646,10.45546275,8.095910236,9.145413389,475,16,484,25,491,509
35,1000,60,7.7,28,73,949,27,15,9,51,8.505966537,116,615,62.9651697,10.3704509,8.035494536,8.976438539,482,18,467,33,500,500
33,1000,60,7.7,28,81,951,35,9,5,49,8.485950042,109,663,63.5947727,11.09831125,7.990465005,8.94884999,468,15,483,34,483,517
32,1000,60,7.7,28,98,940,39,13,8,60,8.801591542,103,631,63.56735498,11.16090914,8.462452778,9.135347152,470,26,470,34,496,504
39,1000,60,7.7,28,61,962,26,6,6,38,8.258959483,107,632,62.58724062,10.19340915,7.774847147,8.688266648,458,12,504,26,470,530
36,1000,60,7.7,28,80,950,30,14,6,50,8.563565966,107,635,63.61025607,10.47095929,8.258880429,8.869472688,472,29,478,21,501,499
34,1000,60,7.7,28,85,959,30,10,1,41,8.650933258,125,613,62.76183703,10.48196113,8.125355145,9.157925111,475,16,484,25,491,509
38,1000,60,7.7,28,77,954,30,8,8,46,8.26012914,110,632,63.19051984,10.27200516,7.840979463,8.727131,508,19,446,27,527,473
35,1000,60,7.7,28,74,950,25,16,9,50,8.547760482,101,624,62.98996488,10.40100019,8.091311285,9.004209679,482,18,468,32,500,500
37,1000,60,7.7,28,70,956,25,11,8,44,8.427108604,103,616,62.39927636,10.12790871,7.799637492,9.008637708,468,13,488,31,481,519
32,1000,60,7.7,28,99,939,38,15,8,61,8.819014036,129,652,63.59828586,11.17862854,8.46667125,9.165764079,469,27,470,34,496,504
33,1000,60,7.7,28,82,950,36,9,5,50,8.515791745,119,667,63.6634086,11.15420862,8.03798321,8.962177669,468,15,482,35,483,517
39,1000,60,7.7,28,62,963,25,6,6,37,8.279662188,137,636,62.6134917,10.21401518,7.819645569,8.687601455,459,11,504,26,470,530
36,1000,60,7.7,28,81,949,31,14,6,51,8.603507287,106,641,63.65152787,10.50947743,8.308669527,8.899526761,472,29,477,22,501,499
34,1000,60,7.7,28,86,957,32,10,1,43,8.673085358,124,612,62.80881398,10.49702506,8.199886326,9.129550436,474,17,483,26,491,509
35,1000,60,7.7,28,75,951,24,16,9,49,8.576237078,109,637,63.02186247,10.42367592,8.060615494,9.091858662,482,18,469,31,500,500
38,1000,60,7.7,28,78,954,30,8,8,46,8.255944223,117,627,63.24871429,10.28476321,7.836905595,8.722822357,508,19,446,27,527,473
37,1000,60,7.7,28,71,955,26,11,8,45,8.46521208,116,625,62.44857603,10.1526457,7.829816068,9.054085841,468,13,487,32,481,519
39,1000,60,7.7,28,63,963,25,6,6,37,8.273806192,94,635,62.6607779,10.22153867,7.845251374,8.65384537,459,11,504,26,470,530
32,1000,60,7.7,28,100,939,36,15,10,61,8.812060797,111,655,63.67632875,11.21357978,8.469760355,9.148927898,469,27,470,34,496,504
36,1000,60,7.7,28,82,947,33,14,6,53,8.621429981,114,647,63.73809504,10.50727299,8.317046091,8.927033846,472,29,475,24,501,499
33,1000,60,7.7,28,83,950,36,9,5,50,8.551199421,122,648,63.696287,11.1671627,8.123293768,8.950964277,467,16,483,34,483,517
34,1000,60,7.7,28,87,957,32,10,1,43,8.692308308,103,665,62.85759839,10.53084032,8.249257724,9.119691091,474,17,483,26,491,509
35,1000,60,7.7,28,76,952,23,15,10,48,8.606982501,109,652,63.07357544,10.43847423,8.125127286,9.088837715,482,18,470,30,500,500
38,1000,60,7.7,28,79,953,30,9,8,47,8.300137118,102,624,63.30160296,10.34112381,7.869991697,8.77939005,508,19,445,28,527,473
37,1000,60,7.7,28,72,956,25,11,8,44,8.497923386,106,638,62.50208578,10.17855363,7.855920525,9.092920256,467,14,489,30,481,519
36,1000,60,7.7,28,83,947,33,13,7,53,8.649847721,103,634,63.77237979,10.50452033,8.38579911,8.914954642,472,29,475,24,501,499
34,1000,60,7.7,28,88,957,32,10,1,43,8.673059813,125,662,62.88695649,10.56074816,8.197632315,9.13167455,475,16,482,27,491,509
39,1000,60,7.7,28,64,961,26,7,6,39,8.294106996,105,626,62.70265933,10.2240301,7.910716113,8.634095137,458,12,503,27,470,530
33,1000,60,7.7,28,84,952,34,9,5,48,8.555492132,91,648,63.73780968,11.18559487,8.106971206,8.974516517,468,15,484,33,483,517
32,1000,60,7.7,28,101,940,34,16,10,60,8.835486022,101,648,63.7089047,11.23581111,8.512184444,9.153655828,470,26,470,34,496,504
38,1000,60,7.7,28,80,954,29,9,8,46,8.310548994,89,653,63.36807168,10.37378321,7.868019138,8.803600229,509,18,445,28,527,473
35,1000,60,7.7,28,77,951,24,15,10,49,8.611982719,116,622,63.11024861,10.47365517,8.130433841,9.093531596,482,18,469,31,500,500
37,1000,60,7.7,28,73,955,26,11,8,45,8.495198994,116,632,62.53928404,10.20352196,7.847162219,9.095787991,467,14,488,31,481,519
36,1000,60,7.7,28,84,949,33,10,8,51,8.637332328,95,673,63.80036836,10.54110842,8.354127092,8.921672656,473,28,476,23,501,499
34,1000,60,7.7,28,89,957,31,11,1,43,8.68519925,98,656,62.9488704,10.57980279,8.201004765,9.152270944,475,16,482,27,491,509
39,1000,60,7.7,28,65,960,28,6,6,40,8.308202975,101,636,62.70884696,10.24564656,7.932498852,8.641374555,458,12,502,28,470,530
33,1000,60,7.7,28,85,952,33,10,5,48,8.567301636,106,652,63.78699951,11.20583087,8.105373312,8.998851696,468,15,484,33,483,517
38,1000,60,7.7,28,81,953,30,9,8,47,8.314233614,110,652,63.40653826,10.38949481,7.903063433,8.772344999,508,19,445,28,527,473
32,1000,60,7.7,28,102,941,33,16,10,59,8.82575711,110,651,63.73914173,11.27866597,8.508970947,9.137514922,471,25,470,34,496,504
35,1000,60,7.7,28,78,952,23,14,11,48,8.630151227,103,628,63.15136563,10.49172598,8.145101494,9.115200961,482,18,470,30,500,500
37,1000,60,7.7,28,74,956,26,10,8,44,8.480771867,114,623,62.5648179,10.22375255,7.829835122,9.084048505,468,13,488,31,481,519
36,1000,60,7.7,28,85,947,34,10,9,53,8.645327647,129,629,63.83845553,10.55467118,8.34753754,8.944311301,472,29,475,24,501,499
34,1000,60,7.7,28,90,958,31,10,1,42,8.701675313,106,640,62.9784122,10.59644487,8.236399618,9.15049725,475,16,483,26,491,509
33,1000,60,7.7,28,86,951,33,11,5,49,8.590265147,105,638,63.81886116,11.23086325,8.115498932,9.033808826,468,15,483,34,483,517
39,1000,60,7.7,28,66,960,29,5,6,40,8.32817344,101,656,62.7341337,10.27051626,7.941277917,8.671269471,458,12,502,28,470,530
38,1000,60,7.7,28,82,953,30,9,8,47,8.311940561,121,620,63.45027264,10.41536074,7.910808226,8.758868132,508,19,445,28,527,473
35,1000,60,7.7,28,79,951,24,14,11,49,8.644181656,99,638,63.19635021,10.51469212,8.13405466,9.154308652,482,18,469,31,500,500
32,1000,60,7.7,28,103,941,33,15,11,59,8.835397133,117,623,63.78804595,11.31788432,8.532842489,9.133149322,471,25,470,34,496,504
36,1000,60,7.7,28,86,948,32,11,9,52,8.671631067,103,640,63.86637461,10.58040202,8.394599388,8.949773093,473,28,475,24,501,499
37,1000,60,7.7,28,75,959,25,9,7,41,8.487749936,103,600,62.57991811,10.23464909,7.882038618,9.049112448,469,12,490,29,481,519
34,1000,60,7.7,28,91,955,33,11,1,45,8.729235745,118,622,63.01656958,10.63542747,8.26073603,9.18116769,474,17,481,28,491,509
33,1000,60,7.7,28,87,949,35,11,5,51,8.604292267,107,633,63.84857048,11.2646258,8.149414602,9.029255347,466,17,483,34,483,517
38,1000,60,7.7,28,83,951,28,12,9,49,8.359749125,91,633,63.49293878,10.43833995,7.940279909,8.827107004,506,21,445,28,527,473
39,1000,60,7.7,28,67,960,29,5,6,40,8.359970331,137,642,62.76501565,10.30539598,7.93470295,8.737094236,458,12,502,28,470,530
35,1000,60,7.7,28,80,952,23,14,11,48,8.638332178,119,650,63.20622745,10.53360236,8.137787217,9.138877139,483,17,469,31,500,500
36,1000,60,7.7,28,87,949,31,11,9,51,8.682016931,98,669,63.9148998,10.59719725,8.453991403,8.910956388,473,28,476,23,501,499
32,1000,60,7.7,28,104,943,33,13,11,57,8.832111237,115,649,63.8092865,11.35185734,8.539861559,9.119722031,471,25,472,32,496,504
40,1000,60,7.7,28,0,947,23,12,18,53,7.213,100,604,60.08902565,8.715518842,6.664122137,7.817226891,504,20,443,33,524,476
37,1000,60,7.7,28,76,960,25,9,6,40,8.496035158,104,627,62.64502042,10.25612591,7.90691365,9.042022529,469,12,491,28,481,519
34,1000,60,7.7,28,92,956,32,11,1,44,8.76637052,115,646,63.05609289,10.64460231,8.282552667,9.2330789,474,17,482,27,491,509
38,1000,60,7.7,28,84,953,27,12,8,47,8.342018644,119,611,63.56979224,10.46344207,7.928016917,8.80328484,507,20,446,27,527,473
33,1000,60,7.7,28,88,950,34,11,5,50,8.640453742,120,614,63.89275934,11.27598709,8.171435442,9.078627511,467,16,483,34,483,517
39,1000,60,7.7,28,68,960,29,5,6,40,8.362615043,100,634,62.80086092,10.35334389,7.924855234,8.750817138,458,12,502,28,470,530
35,1000,60,7.7,28,81,952,23,14,11,48,8.659080895,104,613,63.26170676,10.56073777,8.14585944,9.172302351,483,17,469,31,500,500
36,1000,60,7.7,28,88,948,31,12,9,52,8.720309305,95,655,63.95833074,10.63340695,8.483125276,8.958443971,473,28,475,24,501,499
34,1000,60,7.7,28,93,957,31,11,1,43,8.78728633,99,636,63.10236782,10.68746539,8.327498883,9.230814102,475,16,482,27,491,509
37,1000,60,7.7,28,77,958,27,9,6,42,8.518384175,105,629,62.67746487,10.30697667,7.917222155,9.075530479,468,13,490,29,481,519
40,1000,60,7.7,28,1,946,24,12,18,54,7.249028351,99,585,60.14962624,8.744326233,6.743001503,7.806083118,504,20,442,34,524,476
38,1000,60,7.7,28,85,954,26,10,10,46,8.385078652,99,640,63.62733014,10.48338238,7.973372508,8.843787189,507,20,447,26,527,473
33,1000,60,7.7,28,89,949,35,11,5,51,8.658234279,119,659,63.91288898,11.30335222,8.181497076,9.103619327,466,17,483,34,483,517
39,1000,60,7.7,28,69,959,30,5,6,41,8.36807745,111,648,62.84422112,10.3755059,7.942316507,8.745639041,458,12,501,29,470,530
36,1000,60,7.7,28,89,947,32,12,9,53,8.741203417,117,648,64.02865285,10.66581578,8.497333743,8.986050525,473,28,474,25,501,499
35,1000,60,7.7,28,82,950,25,15,10,50,8.689650428,111,634,63.30254594,10.60101841,8.128466102,9.250834753,483,17,467,33,500,500
34,1000,60,7.7,28,94,956,32,11,1,44,8.807175412,109,608,63.16481738,10.70701006,8.348299734,9.249823659,475,16,481,28,491,509
37,1000,60,7.7,28,78,958,28,8,6,42,8.534384512,100,644,62.72262104,10.32130069,7.926887588,9.097401893,469,12,489,30,481,519
38,1000,60,7.7,28,86,954,26,9,11,46,8.393787992,116,637,63.69178052,10.51037838,7.981155334,8.853528819,507,20,447,26,527,473
33,1000,60,7.7,28,90,948,36,11,5,52,8.685269695,117,641,63.92891696,11.32291104,8.225179044,9.115102933,466,17,482,35,483,517
40,1000,60,7.7,28,2,947,24,11,18,53,7.265928365,99,615,60.18047744,8.73449354,6.757247683,7.825904577,504,20,443,33,524,476
39,1000,60,7.7,28,70,958,31,5,6,42,8.404708053,97,651,62.90820833,10.39013776,8.014971352,8.750323618,458,12,500,30,470,530
36,1000,60,7.7,28,90,947,32,12,9,53,8.765338874,108,621,64.07398839,10.69376789,8.489765535,9.042016715,473,28,474,25,501,499
34,1000,60,7.7,28,95,955,32,12,1,45,8.829446529,106,618,63.24362981,10.71466397,8.370729294,9.271941936,474,17,481,28,491,509
35,1000,60,7.7,28,83,950,25,15,10,50,8.691348184,117,645,63.34550698,10.60962725,8.130171392,9.252524976,483,17,467,33,500,500
37,1000,60,7.7,28,79,956,29,9,6,44,8.545503396,122,647,62.80923482,10.32166156,7.951320992,9.096181115,468,13,488,31,481,519
38,1000,60,7.7,28,87,954,25,10,11,46,8.417921563,125,637,63.71193187,10.53857023,8.043558897,8.835023306,507,20,447,26,527,473
33,1000,60,7.7,28,91,948,37,10,5,52,8.680322647,94,627,63.98296778,11.3506249,8.243284059,9.088619819,465,18,483,34,483,517
40,1000,60,7.7,28,3,949,24,10,17,51,7.272740891,89,594,60.22848754,8.74178716,6.766702856,7.829807972,504,20,445,31,524,476
39,1000,60,7.7,28,71,956,33,5,6,44,8.427824749,124,637,62.96831461,10.42851423,8.027969349,8.7824135,457,13,499,31,470,530
36,1000,60,7.7,28,91,947,32,12,9,53,8.762043615,100,636,64.14285687,10.73002645,8.507366803,9.017741176,473,28,474,25,501,499
34,1000,60,7.7,28,96,955,32,12,1,45,8.873481181,116,658,63.30801125,10.73280179,8.409373229,9.321176671,473,18,482,27,491,509
35,1000,60,7.7,28,84,951,24,15,10,49,8.722614556,107,646,63.3748668,10.63069595,8.176933083,9.26829603,483,17,468,32,500,500
38,1000,60,7.7,28,88,955,24,10,11,45,8.416852696,112,617,63.7551501,10.57525881,8.041697721,8.834837203,507,20,448,25,527,473
37,1000,60,7.7,28,80,955,28,11,6,45,8.55300367,111,643,62.86104982,10.36111204,7.927432704,9.132771753,468,13,487,32,481,519
33,1000,60,7.7,28,92,948,38,9,5,52,8.697598775,112,649,63.99789336,11.37790672,8.247186778,9.118389867,466,17,482,35,483,517
36,1000,60,7.7,28,92,947,32,12,9,53,8.784937661,107,665,64.19267356,10.76332455,8.512882515,9.058083209,473,28,474,25,501,499
34,1000,60,7.7,28,97,954,34,11,1,46,8.865010362,113,671,63.35032692,10.76027436,8.380498335,9.332388368,474,17,480,29,491,509
39,1000,60,7.7,28,72,957,32,5,6,43,8.402934707,88,613,62.99917691,10.45633422,8.037055052,8.727394025,458,12,499,31,470,530
40,1000,60,7.7,28,4,947,26,10,17,53,7.309532833,96,601,60.26155078,8.746775231,6.811636103,7.857637638,503,21,444,32,524,476
35,1000,60,7.7,28,85,952,25,13,10,48,8.715016257,112,618,63.39722006,10.62819297,8.203563625,9.226468889,483,17,469,31,500,500
38,1000,60,7.7,28,89,955,25,9,11,45,8.402097325,111,666,63.80065126,10.59107719,8.037787107,8.807998985,506,21,449,24,527,473
37,1000,60,7.7,28,81,955,27,12,6,45,8.581572955,111,629,62.88898763,10.40085734,7.949948493,9.16695131,468,13,487,32,481,519
33,1000,60,7.7,28,93,948,38,9,5,52,8.704213862,121,647,64.02234633,11.38670701,8.276575688,9.103728829,467,16,481,36,483,517
36,1000,60,7.7,28,93,947,32,13,8,53,8.783417745,130,662,64.23697436,10.79664101,8.500702464,9.067266153,474,27,473,26,501,499
34,1000,60,7.7,28,98,954,34,11,1,46,8.85982239,111,650,63.35978299,10.77536592,8.363265548,9.338819265,474,17,480,29,491,509
39,1000,60,7.7,28,73,956,33,5,6,44,8.433660615,107,649,63.01997158,10.47623149,8.067534483,8.758338506,457,13,499,31,470,530
35,1000,60,7.7,28,86,951,26,13,10,49,8.751657163,108,631,63.41015641,10.65451002,8.23064674,9.272667585,483,17,468,32,500,500
40,1000,60,7.7,28,5,948,25,10,17,52,7.30255957,94,608,60.30291936,8.778714843,6.793277324,7.863198009,504,20,444,32,524,476
38,1000,60,7.7,28,90,955,25,9,11,45,8.434767837,135,669,63.81789072,10.61299731,8.068995751,8.842298258,506,21,449,24,527,473
37,1000,60,7.7,28,82,954,28,12,6,46,8.616705448,122,623,62.93271711,10.41242559,8.025519669,9.164605949,468,13,486,33,481,519
36,1000,60,7.7,28,94,946,33,13,8,54,8.811908525,110,668,64.25743861,10.82874376,8.56721007,9.057587735,473,28,473,26,501,499
33,1000,60,7.7,28,94,948,38,8,6,52,8.741225719,133,675,64.06887479,11.4245108,8.328316159,9.126980686,467,16,481,36,483,517
34,1000,60,7.7,28,99,952,36,10,2,48,8.93242913,114,628,63.3863934,10.81365336,8.443018534,9.404532476,474,17,478,31,491,509
39,1000,60,7.7,28,74,956,33,5,6,44,8.435723011,111,648,63.0384179,10.50770453,8.064172588,8.765211121,457,13,499,31,470,530
35,1000,60,7.7,28,87,950,27,12,11,50,8.771878713,107,621,63.44731324,10.68692114,8.25474329,9.289014137,483,17,467,33,500,500
38,1000,60,7.7,28,91,955,25,9,11,45,8.437575874,117,652,63.85776407,10.63857363,8.06613257,8.851424966,506,21,449,24,527,473
40,1000,60,7.7,28,6,948,25,10,17,52,7.320800426,82,624,60.33342007,8.800408405,6.802525323,7.891338564,504,20,444,32,524,476
37,1000,60,7.7,28,83,957,27,10,6,43,8.596686394,120,630,62.98311453,10.43670675,8.052318215,9.101197173,468,13,489,30,481,519
36,1000,60,7.7,28,95,945,33,13,9,55,8.838997594,125,671,64.31475723,10.85628278,8.568898259,9.110179492,473,28,472,27,501,499
34,1000,60,7.7,28,100,951,36,10,3,49,8.983462762,106,644,63.402246,10.82989696,8.523305335,9.427347431,473,18,478,31,491,509
33,1000,60,7.7,28,95,948,39,8,5,52,8.756065699,123,669,64.09660548,11.4445008,8.328554224,9.1554623,467,16,481,36,483,517
39,1000,60,7.7,28,75,955,32,8,5,45,8.490498503,100,605,63.0897088,10.52038657,8.109916559,8.827995699,456,14,499,31,470,530
38,1000,60,7.7,28,92,955,24,10,11,45,8.463995688,104,666,63.88911516,10.65630027,8.104646221,8.864370253,506,21,449,24,527,473
35,1000,60,7.7,28,88,948,28,12,12,52,8.783724459,128,649,63.47536209,10.70763322,8.255002668,9.31244625,482,18,466,34,500,500
40,1000,60,7.7,28,7,948,26,9,17,52,7.336207158,82,606,60.35967701,8.831914288,6.821500895,7.902816574,503,21,445,31,524,476
37,1000,60,7.7,28,84,957,26,11,6,43,8.586885653,105,625,63.02339314,10.44394569,8.068666434,9.067162039,468,13,489,30,481,519
36,1000,60,7.7,28,96,946,32,13,9,54,8.84818934,108,639,64.37413262,10.88793751,8.555543109,9.142008503,474,27,472,27,501,499
34,1000,60,7.7,28,101,950,37,10,3,50,9.002673777,120,643,63.43405734,10.86496329,8.532789795,9.455941037,473,18,477,32,491,509
33,1000,60,7.7,28,96,945,42,7,6,55,8.788776129,118,649,64.13696084,11.45910923,8.379494715,9.17114155,465,18,480,37,483,517
39,1000,60,7.7,28,76,955,31,8,6,45,8.503897511,115,625,63.11205328,10.55844112,8.146527135,8.820810864,456,14,499,31,470,530
38,1000,60,7.7,28,93,953,26,10,11,47,8.488755943,99,661,63.89991315,10.68949541,8.112976799,8.907435878,505,22,448,25,527,473
35,1000,60,7.7,28,89,948,28,12,12,52,8.778230821,109,607,63.49623425,10.74161004,8.217202227,9.339259415,482,18,466,34,500,500
36,1000,60,7.7,28,97,946,32,13,9,54,8.842808527,114,626,64.43724595,10.91371648,8.547030085,9.139772454,475,26,471,28,501,499
34,1000,60,7.7,28,102,950,37,10,3,50,9.024966057,125,641,63.45110786,10.8957397,8.539254676,9.493501003,474,17,476,33,491,509
37,1000,60,7.7,28,85,957,26,11,6,43,8.579282528,113,652,63.04613366,10.45076281,8.051512608,9.068410334,468,13,489,30,481,519
40,1000,60,7.7,28,8,948,24,10,18,52,7.350066628,104,606,60.40440941,8.857134476,6.848330236,7.902398286,503,21,445,31,524,476
33,1000,60,7.7,28,97,944,43,7,6,56,8.80718572,119,642,64.16432224,11.47989894,8.422579602,9.166498592,464,19,480,37,483,517
38,1000,60,7.7,28,94,953,26,11,10,47,8.488862283,129,633,63.95725783,10.70514403,8.112650595,8.908024142,505,22,448,25,527,473
39,1000,60,7.7,28,77,953,33,9,5,47,8.523180619,102,629,63.16163036,10.60510013,8.135933149,8.866588753,456,14,497,33,470,530
35,1000,60,7.7,28,90,949,28,11,12,51,8.752940739,114,642,63.53839936,10.76754927,8.215480563,9.290400915,482,18,467,33,500,500
36,1000,60,7.7,28,98,947,31,13,9,53,8.868649259,111,632,64.46317412,10.93925386,8.539284452,9.199334166,476,25,471,28,501,499
34,1000,60,7.7,28,103,950,36,11,3,50,9.005064557,115,648,63.50244032,10.95033687,8.542943047,9.450843853,474,17,476,33,491,509
37,1000,60,7.7,28,86,957,24,13,6,43,8.605651862,104,631,63.0799584,10.47674073,8.108298776,9.066589887,468,13,489,30,481,519
33,1000,60,7.7,28,98,946,41,7,6,54,8.815779938,122,672,64.19496136,11.47386896,8.452326778,9.155330956,464,19,482,35,483,517
40,1000,60,7.7,28,9,948,24,10,18,52,7.364769799,103,619,60.44032016,8.864063717,6.863436796,7.916657391,503,21,445,31,524,476
38,1000,60,7.7,28,95,953,26,11,10,47,8.549859783,107,608,63.98123269,10.73559727,8.174205078,8.968401071,505,22,448,25,527,473
39,1000,60,7.7,28,78,952,34,8,6,48,8.542988776,111,663,63.18858651,10.61859515,8.134591136,8.905152721,456,14,496,34,470,530
35,1000,60,7.7,28,91,948,29,11,12,52,8.782712772,116,668,63.59043762,10.78984268,8.251796848,9.313628696,481,19,467,33,500,500
36,1000,60,7.7,28,99,947,31,13,9,53,8.87929182,128,644,64.52632549,10.97519191,8.574282039,9.185524085,476,25,471,28,501,499
34,1000,60,7.7,28,104,951,35,11,3,49,9.0020549,115,638,63.55669857,10.97531698,8.540616145,9.447175584,475,16,476,33,491,509
41,1000,60,7.7,28,0,930,26,18,26,70,7.477,104,610,60.02442426,9.10140787,6.477459016,8.4296875,465,23,465,47,488,512
37,1000,60,7.7,28,87,956,24,14,6,44,8.651445643,109,636,63.10025425,10.48282314,8.149189742,9.116927509,467,14,489,30,481,519
33,1000,60,7.7,28,99,946,41,7,6,54,8.839777913,123,645,64.23844492,11.50065097,8.494089573,9.162732396,464,19,482,35,483,517
38,1000,60,7.7,28,96,953,26,11,10,47,8.582235847,127,627,64.00739085,10.76982985,8.200527505,9.007521886,505,22,448,25,527,473
40,1000,60,7.7,28,10,947,25,10,18,53,7.375191774,80,589,60.51210378,8.881798796,6.861642033,7.940528043,503,21,444,32,524,476
39,1000,60,7.7,28,79,951,34,9,6,49,8.584258015,107,626,63.22831328,10.67369838,8.170851875,8.950863459,456,14,495,35,470,530
35,1000,60,7.7,28,92,946,31,11,12,54,8.791350949,116,620,63.63474972,10.79781618,8.262674126,9.320027773,480,20,466,34,500,500
36,1000,60,7.7,28,100,948,30,13,9,52,8.873547637,113,656,64.57724091,11.0233725,8.581469664,9.166796264,476,25,472,27,501,499
41,1000,60,7.7,28,1,929,28,18,25,71,7.480871492,97,623,60.098196,9.149117195,6.504681937,8.411302161,465,23,464,48,488,512
37,1000,60,7.7,28,88,955,25,12,8,45,8.665064757,129,637,63.14956383,10.49203363,8.195013923,9.100699539,467,14,488,31,481,519
33,1000,60,7.7,28,100,944,43,7,6,56,8.850477462,112,676,64.26020082,11.5048461,8.523444656,9.156003276,464,19,480,37,483,517
38,1000,60,7.7,28,97,953,26,11,10,47,8.626535196,108,619,64.04182148,10.81080453,8.251882078,9.043960551,505,22,448,25,527,473
40,1000,60,7.7,28,11,948,24,11,17,52,7.409332435,84,621,60.58625858,8.917899346,6.914022012,7.954590127,503,21,445,31,524,476
39,1000,60,7.7,28,80,952,35,8,5,48,8.59559103,114,644,63.27185647,10.71563479,8.200751502,8.945731744,457,13,495,35,470,530
35,1000,60,7.7,28,93,944,33,11,12,56,8.821401878,107,644,63.70221287,10.85024367,8.318864837,9.323938919,479,21,465,35,500,500
36,1000,60,7.7,28,101,946,31,13,10,54,8.913397995,112,659,64.59953648,11.04820253,8.660449422,9.167360391,475,26,471,28,501,499
41,1000,60,7.7,28,2,930,27,18,25,70,7.523629421,88,605,60.16868407,9.170808188,6.57726797,8.425630179,464,24,466,46,488,512
37,1000,60,7.7,28,89,956,24,12,8,44,8.708313361,129,630,63.20217099,10.52429622,8.247197132,9.135667708,467,14,489,30,481,519
33,1000,60,7.7,28,101,944,43,7,6,56,8.871774049,122,643,64.30305079,11.5266998,8.541758897,9.180086077,463,20,481,36,483,517
38,1000,60,7.7,28,98,954,26,10,10,46,8.621905107,116,624,64.07440916,10.82636013,8.282838868,8.999680811,505,22,449,24,527,473
36,1000,60,7.7,28,102,944,33,12,11,56,8.949081437,131,633,64.62756375,11.07215942,8.735232367,9.163787618,473,28,471,28,501,499
39,1000,60,7.7,28,81,952,35,8,5,48,8.634397136,102,646,63.32061651,10.74705858,8.229526743,8.993433146,457,13,495,35,470,530
40,1000,60,7.7,28,12,949,24,10,17,51,7.422504459,86,602,60.61237293,8.936332548,6.910606212,7.986022696,504,20,445,31,524,476
35,1000,60,7.7,28,94,944,34,11,11,56,8.829640399,115,653,63.73859515,10.85907881,8.325426944,9.333853853,479,21,465,35,500,500
41,1000,60,7.7,28,3,931,27,16,26,69,7.538627739,90,609,60.18805931,9.188996768,6.563455145,8.468089118,465,23,466,46,488,512
38,1000,60,7.7,28,99,955,25,10,10,45,8.643499475,105,634,64.09487033,10.86434955,8.312187245,9.012635934,505,22,450,23,527,473
37,1000,60,7.7,28,90,955,25,11,9,45,8.723084859,109,603,63.24080976,10.54840285,8.274259684,9.139048076,466,15,489,30,481,519
33,1000,60,7.7,28,102,945,42,7,6,55,8.882151888,130,637,64.32975879,11.53964863,8.568157785,9.175496476,463,20,482,35,483,517
36,1000,60,7.7,28,103,946,33,11,10,54,8.957005306,123,641,64.64573675,11.11111326,8.749413773,9.16542887,474,27,472,27,501,499
39,1000,60,7.7,28,82,952,35,8,5,48,8.645799555,111,609,63.32526181,10.75459333,8.234202015,9.010801147,457,13,495,35,470,530
35,1000,60,7.7,28,95,944,34,11,11,56,8.82577644,138,624,63.75370175,10.86345889,8.283660494,9.367892386,480,20,464,36,500,500
41,1000,60,7.7,28,4,931,27,16,26,69,7.562872021,96,615,60.2052276,9.21095561,6.581130056,8.498594832,465,23,466,46,488,512
38,1000,60,7.7,28,100,953,27,10,10,47,8.669689122,112,642,64.11457677,10.8842584,8.345488256,9.03090235,505,22,448,25,527,473
40,1000,60,7.7,28,13,950,24,10,16,50,7.432165322,95,614,60.63567703,8.945679858,6.910188089,8.006778915,504,20,446,30,524,476
37,1000,60,7.7,28,91,954,26,11,9,46,8.712984908,108,649,63.28233315,10.5702683,8.235745907,9.155281555,465,16,489,30,481,519
33,1000,60,7.7,28,103,945,41,8,6,55,8.905550565,130,621,64.36752684,11.5691003,8.580851948,9.208895694,463,20,482,35,483,517
36,1000,60,7.7,28,104,946,32,11,11,54,8.979438925,136,644,64.68884362,11.11500521,8.784314215,9.175345697,474,27,472,27,501,499
42,1000,60,7.7,28,0,915,38,22,25,85,7.54,102,598,60.02523917,9.426170823,7.03142329,8.139433551,503,38,412,47,541,459
39,1000,60,7.7,28,83,950,37,7,6,50,8.686077335,104,631,63.36426067,10.76066757,8.301710668,9.026930794,456,14,494,36,470,530
41,1000,60,7.7,28,5,932,27,15,26,68,7.572829288,93,599,60.2291346,9.222106605,6.624504885,8.476700984,465,23,467,45,488,512
38,1000,60,7.7,28,101,953,27,10,10,47,8.67775694,113,628,64.18274319,10.91614216,8.35966168,9.032167515,505,22,448,25,527,473
35,1000,60,7.7,28,96,946,33,11,10,54,8.808307692,118,636,63.81046388,10.8752212,8.283130934,9.333484449,481,19,465,35,500,500
40,1000,60,7.7,28,14,950,24,10,16,50,7.439261168,87,631,60.68310095,8.959232554,6.914675965,8.016745719,504,20,446,30,524,476
37,1000,60,7.7,28,92,953,29,11,7,47,8.730692449,117,638,63.32235292,10.57576324,8.26535763,9.161956511,463,18,490,29,481,519
33,1000,60,7.7,28,104,944,42,8,6,56,8.945902594,120,647,64.45311783,11.56430827,8.572359317,9.294880162,463,20,481,36,483,517
43,1000,60,7.7,28,0,950,27,11,12,50,6.891,94,607,60.00045366,8.799572562,6.430084746,7.303030303,454,18,496,32,472,528
42,1000,60,7.7,28,1,916,37,22,25,84,7.551721288,81,619,60.0816501,9.456812642,7.065240469,8.125111535,503,38,413,46,541,459
41,1000,60,7.7,28,6,932,27,14,27,68,7.580777823,102,601,60.30414337,9.256603809,6.629833328,8.487146795,465,23,467,45,488,512
39,1000,60,7.7,28,84,949,36,9,6,51,8.703330969,122,623,63.40539499,10.78189981,8.328882003,9.035389485,456,14,493,37,470,530
38,1000,60,7.7,28,102,952,28,10,10,48,8.712625477,108,638,64.22182589,10.89648878,8.390363824,9.071678101,505,22,447,26,527,473
35,1000,60,7.7,28,97,945,35,9,11,55,8.826422164,110,626,63.88180809,10.90460021,8.321678109,9.331166219,479,21,466,34,500,500
37,1000,60,7.7,28,93,953,28,12,7,47,8.745122221,105,627,63.35718414,10.61451958,8.293669002,9.163521062,462,19,491,28,481,519
43,1000,60,7.7,28,1,952,26,10,12,48,6.891199233,95,601,60.02602127,8.812545258,6.458982795,7.277574533,454,18,498,30,472,528
40,1000,60,7.7,28,15,950,24,10,16,50,7.466665358,91,625,60.71624907,8.97985454,6.938000308,8.048641169,504,20,446,30,524,476
42,1000,60,7.7,28,2,917,37,20,26,83,7.566271577,118,588,60.14538341,9.478479202,7.08641148,8.131858313,503,38,414,45,541,459
41,1000,60,7.7,28,7,931,28,15,26,69,7.572916887,116,597,60.33009244,9.260961206,6.641968831,8.460226754,465,23,466,46,488,512
38,1000,60,7.7,28,103,950,29,11,10,50,8.75126903,114,675,64.25100094,10.90948161,8.447571193,9.089638502,504,23,446,27,527,473
39,1000,60,7.7,28,85,948,37,9,6,52,8.739823455,95,637,63.44740749,10.82463995,8.404965817,9.036772681,455,15,493,37,470,530
35,1000,60,7.7,28,98,945,35,9,11,55,8.835604446,120,633,63.92900249,10.9413005,8.368520393,9.302688498,478,22,467,33,500,500
37,1000,60,7.7,28,94,951,30,12,7,49,8.774329549,116,617,63.36527183,10.65005255,8.367970867,9.150935572,461,20,490,29,481,519
43,1000,60,7.7,28,2,955,23,10,12,45,6.8910697,100,607,60.0709495,8.81532999,6.443997081,7.290725526,455,17,500,28,472,528
40,1000,60,7.7,28,16,949,27,9,15,51,7.434733837,104,627,60.74617424,9.005128333,6.936536855,7.98316917,504,20,445,31,524,476
41,1000,60,7.7,28,8,933,28,14,25,67,7.562684909,103,617,60.36204034,9.282686602,6.664858746,8.41842547,465,23,468,44,488,512
42,1000,60,7.7,28,3,918,36,20,26,82,7.5758363,96,600,60.19557124,9.501914113,7.096819224,8.140429412,504,37,414,45,541,459
38,1000,60,7.7,28,104,949,29,12,10,51,8.786788378,122,660,64.30759846,10.92164839,8.470673616,9.138992351,504,23,445,28,527,473
44,1000,60,7.7,28,0,944,25,12,19,56,7.219,98,596,60.04194359,8.881668543,6.390438247,8.054216867,483,19,461,37,502,498
39,1000,60,7.7,28,86,947,38,9,6,53,8.74054563,117,622,63.51157034,10.85061175,8.394868726,9.0470893,455,15,492,38,470,530
35,1000,60,7.7,28,99,945,36,9,10,55,8.875847903,116,626,63.95340802,10.97452628,8.4433884,9.308307407,478,22,467,33,500,500
37,1000,60,7.7,28,95,951,30,11,8,49,8.79014506,112,623,63.3864716,10.68996388,8.382380964,9.168053596,461,20,490,29,481,519
43,1000,60,7.7,28,3,954,23,11,12,46,6.946306431,98,580,60.1074312,8.826914597,6.489475366,7.354685716,454,18,500,28,472,528
41,1000,60,7.7,28,9,933,29,14,24,67,7.544057399,100,628,60.42601157,9.302199366,6.63229796,8.413078114,465,23,468,44,488,512
42,1000,60,7.7,28,4,920,34,20,26,80,7.567684593,118,600,60.21017476,9.512315799,7.078124468,8.14470426,506,35,414,45,541,459
40,1000,60,7.7,28,17,949,28,9,14,51,7.478491037,92,654,60.79246255,9.015060145,7.015409804,7.988269536,503,21,446,30,524,476
44,1000,60,7.7,28,1,948,24,10,18,52,7.173583214,104,630,60.09551505,8.891415995,6.393354859,7.960078464,485,17,463,35,502,498
39,1000,60,7.7,28,87,946,38,9,7,54,8.787429861,113,658,63.5597498,10.87148835,8.430047417,9.104353914,455,15,491,39,470,530
35,1000,60,7.7,28,100,946,35,9,10,54,8.896536562,101,630,63.98038741,10.9759112,8.473043977,9.320029146,479,21,467,33,500,500
37,1000,60,7.7,28,96,951,30,11,8,49,8.807915412,111,628,63.40952118,10.71725205,8.379228255,9.20521507,461,20,490,29,481,519
43,1000,60,7.7,28,4,955,22,11,12,45,6.975947831,92,575,60.14792966,8.831300848,6.53984486,7.365797458,454,18,501,27,472,528
41,1000,60,7.7,28,10,934,28,14,24,66,7.549908241,94,590,60.45864103,9.301924117,6.661749729,8.396434323,465,23,469,43,488,512
42,1000,60,7.7,28,5,922,33,19,26,78,7.594121186,102,625,60.26900807,9.535281049,7.119117813,8.153983549,506,35,416,43,541,459
44,1000,60,7.7,28,2,949,23,10,18,51,7.199961786,100,600,60.11566992,8.923825995,6.411695439,7.994559589,486,16,463,35,502,498
40,1000,60,7.7,28,18,949,28,9,14,51,7.51218363,108,606,60.84356934,9.032727186,7.075417332,7.992993588,503,21,446,30,524,476
39,1000,60,7.7,28,88,946,37,10,7,54,8.818473693,117,641,63.6291535,10.90804675,8.461413109,9.135112324,455,15,491,39,470,530
37,1000,60,7.7,28,97,950,31,11,8,50,8.807068009,119,648,63.4688961,10.74322528,8.37718292,9.205477889,460,21,490,29,481,519
35,1000,60,7.7,28,101,946,35,9,10,54,8.912006729,114,649,64.01337435,10.98945499,8.509780536,9.314232923,479,21,467,33,500,500
41,1000,60,7.7,28,11,934,29,14,23,66,7.534631623,96,610,60.49760793,9.318955493,6.633273798,8.3937383,466,22,468,44,488,512
42,1000,60,7.7,28,6,923,33,19,25,77,7.609062269,98,603,60.29425294,9.575160901,7.12845931,8.17552458,507,34,416,43,541,459
43,1000,60,7.7,28,5,954,23,11,12,46,7.007149994,79,585,60.18896188,8.882825901,6.579788393,7.389185364,454,18,500,28,472,528
44,1000,60,7.7,28,3,951,22,10,17,49,7.196953478,90,631,60.17747215,8.954458144,6.427879978,7.972204276,486,16,465,33,502,498
40,1000,60,7.7,28,19,949,29,9,13,51,7.507818741,101,614,60.86505614,9.063455733,7.039096901,8.02380665,503,21,446,30,524,476
39,1000,60,7.7,28,89,945,38,10,7,55,8.848115058,117,626,63.67298866,10.93461552,8.512754142,9.145510588,453,17,492,38,470,530
37,1000,60,7.7,28,98,949,31,11,9,51,8.858944434,117,631,63.53486199,10.73623811,8.447881776,9.239910018,460,21,489,30,481,519
42,1000,60,7.7,28,7,924,32,19,25,76,7.62418736,104,576,60.3509751,9.613230171,7.115918566,8.223257987,508,33,416,43,541,459
41,1000,60,7.7,28,12,933,29,15,23,67,7.560355401,99,612,60.54076496,9.328847839,6.6570653,8.421303779,466,22,467,45,488,512
35,1000,60,7.7,28,102,945,34,11,10,55,8.933963369,117,652,64.09316041,11.00589688,8.546883094,9.321043644,478,22,467,33,500,500
44,1000,60,7.7,28,4,952,21,11,16,48,7.191184821,103,600,60.20395496,8.976934437,6.433833703,7.95461908,486,16,466,32,502,498
43,1000,60,7.7,28,6,956,22,10,12,44,7.007437218,90,640,60.23109221,8.909182398,6.587636019,7.382714048,455,17,501,27,472,528
40,1000,60,7.7,28,20,949,27,10,14,51,7.54180972,108,605,60.88434674,9.099594964,7.06541088,8.066248778,503,21,446,30,524,476
39,1000,60,7.7,28,90,946,36,11,7,54,8.829566756,119,647,63.68604417,10.9458757,8.442877194,9.17248014,454,16,492,38,470,530
42,1000,60,7.7,28,8,924,32,19,25,76,7.64270568,98,635,60.39335443,9.637252052,7.146031282,8.22811058,508,33,416,43,541,459
37,1000,60,7.7,28,99,948,32,11,9,52,8.835730104,128,626,63.56897802,10.76384795,8.418685374,9.222239766,460,21,488,31,481,519
41,1000,60,7.7,28,13,935,29,13,23,65,7.516765633,97,624,60.55933397,9.360945328,6.607445418,8.383461463,467,21,468,44,488,512
44,1000,60,7.7,28,5,953,21,11,15,47,7.198796341,82,606,60.23828688,9.014970726,6.425646465,7.978156257,486,16,467,31,502,498
35,1000,60,7.7,28,103,943,36,11,10,57,8.957580022,119,667,64.14164795,11.06262417,8.548589469,9.366570575,477,23,466,34,500,500
43,1000,60,7.7,28,7,956,22,10,12,44,7.017317883,95,623,60.27443722,8.931225554,6.586875563,7.402107229,455,17,501,27,472,528
39,1000,60,7.7,28,91,946,37,9,8,54,8.822658584,117,636,63.7200699,10.96223306,8.485265634,9.121856107,452,18,494,36,470,530
42,1000,60,7.7,28,9,925,33,18,24,75,7.634805814,112,616,60.42590578,9.647141975,7.145048126,8.212058339,509,32,416,43,541,459
41,1000,60,7.7,28,14,934,31,12,23,66,7.560035126,95,632,60.6140513,9.36998537,6.664273344,8.413808074,467,21,467,45,488,512
40,1000,60,7.7,28,21,949,27,11,13,51,7.538838684,100,622,60.884362,9.11645217,7.037373297,8.090872009,503,21,446,30,524,476
37,1000,60,7.7,28,100,947,33,11,9,53,8.861884427,122,625,63.60453926,10.77314912,8.440968887,9.251981488,460,21,487,32,481,519
44,1000,60,7.7,28,6,953,21,11,15,47,7.207093522,104,621,60.28399741,9.040136822,6.47122678,7.94887084,485,17,468,30,502,498
35,1000,60,7.7,28,104,945,36,11,8,55,8.940649584,120,645,64.18667525,11.0729462,8.506466392,9.374832776,478,22,467,33,500,500
45,1000,60,7.7,28,0,941,26,15,18,59,7.499,77,599,59.85124025,8.965272512,6.952991453,7.979323308,446,22,495,37,468,532
43,1000,60,7.7,28,8,956,22,11,11,44,7.018826868,106,592,60.33247706,8.94332496,6.567278106,7.422484094,455,17,501,27,472,528
42,1000,60,7.7,28,10,924,34,18,24,76,7.679901194,106,591,60.48808202,9.675117911,7.200585729,8.244846003,509,32,415,44,541,459
41,1000,60,7.7,28,15,933,32,12,23,67,7.582940042,116,612,60.64725462,9.391195721,6.699536085,8.424934437,467,21,466,46,488,512
39,1000,60,7.7,28,92,945,38,8,9,55,8.878335834,107,662,63.76902934,10.98502636,8.533969304,9.183717473,452,18,493,37,470,530
44,1000,60,7.7,28,7,953,21,11,15,47,7.231248682,99,638,60.31806183,9.051598255,6.522303998,7.945887701,485,17,468,30,502,498
37,1000,60,7.7,28,101,947,34,9,10,53,8.889988878,107,650,63.61801984,10.78419473,8.461382355,9.287213806,461,20,486,33,481,519
40,1000,60,7.7,28,22,953,24,10,13,47,7.505208601,111,606,60.89843969,9.136768119,7.008581387,8.051915869,507,17,446,30,524,476
45,1000,60,7.7,28,1,938,28,16,18,62,7.581552424,84,621,59.89293785,8.994380001,7.059181718,8.041081541,444,24,494,38,468,532
43,1000,60,7.7,28,9,955,23,11,11,45,7.074550899,84,583,60.38062535,8.970540586,6.629787514,7.47214241,454,18,501,27,472,528
42,1000,60,7.7,28,11,924,33,19,24,76,7.736912076,114,602,60.52039728,9.715509395,7.318813731,8.229703372,509,32,415,44,541,459
41,1000,60,7.7,28,16,935,33,10,22,65,7.56191542,91,634,60.71269871,9.425252561,6.666079933,8.41575862,468,20,467,45,488,512
44,1000,60,7.7,28,8,953,21,11,15,47,7.244241976,94,587,60.35991963,9.060923934,6.510256446,7.984122971,486,16,467,31,502,498
39,1000,60,7.7,28,93,946,37,8,9,54,8.854023216,103,650,63.79356926,11.01750026,8.525115391,9.145696194,452,18,494,36,470,530
37,1000,60,7.7,28,102,946,35,9,10,54,8.895047261,133,632,63.66596219,10.79233434,8.441725626,9.315177718,460,21,486,33,481,519
40,1000,60,7.7,28,23,957,23,7,13,43,7.507483107,95,600,60.91891909,9.148859225,7.006087804,8.059439281,510,14,447,29,524,476
45,1000,60,7.7,28,2,937,30,16,17,63,7.602963125,112,598,59.90699145,9.003139888,7.089599421,8.054568789,444,24,493,39,468,532
43,1000,60,7.7,28,10,957,21,11,11,43,7.074113321,99,614,60.40392848,9.003690541,6.612626962,7.486654156,455,17,502,26,472,528
42,1000,60,7.7,28,12,925,34,17,24,75,7.736357938,111,607,60.55254444,9.74920826,7.3293963,8.216022962,509,32,416,43,541,459
41,1000,60,7.7,28,17,937,31,10,22,63,7.572083111,109,612,60.74416826,9.441518686,6.669299963,8.432548299,470,18,467,45,488,512
44,1000,60,7.7,28,9,952,22,11,15,48,7.277734573,103,597,60.40463369,9.089713736,6.5424943,8.018880391,486,16,466,32,502,498
39,1000,60,7.7,28,94,946,37,8,9,54,8.88931618,115,629,63.84586048,11.03633469,8.572134029,9.170590917,452,18,494,36,470,530
37,1000,60,7.7,28,103,947,34,9,10,53,8.889351459,123,641,63.71524928,10.79879839,8.452331008,9.294374267,460,21,487,32,481,519
40,1000,60,7.7,28,24,956,24,7,13,44,7.529818961,104,628,60.93347813,9.179507768,7.01369448,8.097989608,510,14,446,30,524,476
45,1000,60,7.7,28,3,937,31,15,17,63,7.629903986,88,628,59.92756673,8.998920412,7.086597179,8.107850576,444,24,493,39,468,532
43,1000,60,7.7,28,11,956,22,11,11,44,7.092476369,118,609,60.41696286,9.019843548,6.6401047,7.496869225,454,18,502,26,472,528
41,1000,60,7.7,28,18,938,31,9,22,62,7.578494282,111,631,60.77909568,9.449727551,6.688433151,8.426833797,469,19,469,43,488,512
42,1000,60,7.7,28,13,925,34,17,24,75,7.733651745,100,626,60.5869783,9.758247256,7.333137209,8.205717899,509,32,416,43,541,459
44,1000,60,7.7,28,10,950,24,11,15,50,7.288193456,102,606,60.44750504,9.123441247,6.585522117,7.996508741,485,17,465,33,502,498
39,1000,60,7.7,28,95,946,37,8,9,54,8.949843977,116,660,63.90488745,11.03746105,8.663397575,9.203862485,452,18,494,36,470,530
37,1000,60,7.7,28,104,948,34,8,10,52,8.867107271,116,629,63.74601748,10.80910832,8.445393432,9.257944182,460,21,488,31,481,519
46,1000,60,7.7,28,0,930,40,14,16,70,7.347,102,612,60.09783408,9.146159282,6.886409736,7.794871795,465,28,465,42,493,507
45,1000,60,7.7,28,4,937,32,15,16,63,7.676731336,87,604,59.94855196,9.026716382,7.175264047,8.117871732,444,24,493,39,468,532
41,1000,60,7.7,28,19,939,30,9,22,61,7.575223304,97,620,60.81364339,9.467641463,6.711113046,8.398828394,468,20,471,41,488,512
43,1000,60,7.7,28,12,957,21,11,11,43,7.107376502,102,615,60.48271501,9.065180982,6.659162578,7.508052586,454,18,503,25,472,528
42,1000,60,7.7,28,14,924,35,17,24,76,7.784776042,112,620,60.61482261,9.795171195,7.382900552,8.258446283,509,32,415,44,541,459
40,1000,60,7.7,28,25,957,23,7,13,43,7.534193019,85,603,60.97235743,9.226339179,7.019137121,8.101187326,510,14,447,29,524,476
44,1000,60,7.7,28,11,949,25,11,15,51,7.323307772,86,603,60.49357801,9.159086732,6.634650936,8.017495989,484,18,465,33,502,498
39,1000,60,7.7,28,96,948,35,8,9,52,8.959517943,130,625,63.92485708,11.07049119,8.645535891,9.237954857,453,17,495,35,470,530
46,1000,60,7.7,28,1,930,40,15,15,70,7.351625506,105,591,60.14443963,9.179266231,6.914151528,7.777019335,465,28,465,42,493,507
41,1000,60,7.7,28,20,939,30,8,23,61,7.630528293,103,628,60.86009552,9.489980907,6.756862822,8.463240695,468,20,471,41,488,512
45,1000,60,7.7,28,5,937,32,14,17,63,7.722588299,90,629,59.99525143,9.028820057,7.245776803,8.142039014,443,25,494,38,468,532
42,1000,60,7.7,28,15,924,34,18,24,76,7.806761139,93,632,60.66994944,9.836624685,7.406400636,8.278645739,509,32,415,44,541,459
43,1000,60,7.7,28,13,957,21,11,11,43,7.138550611,95,634,60.51636644,9.08779882,6.724779053,7.508437306,454,18,503,25,472,528
44,1000,60,7.7,28,12,950,25,10,15,50,7.329283966,95,593,60.547723,9.164420889,6.60936739,8.054983005,485,17,465,33,502,498
40,1000,60,7.7,28,26,957,23,7,13,43,7.540732178,106,612,60.96169737,9.261794497,7.016461444,8.11787055,510,14,447,29,524,476
39,1000,60,7.7,28,97,948,34,9,9,52,8.980860908,128,628,63.94424968,11.10911177,8.67180745,9.254927181,453,17,495,35,470,530
41,1000,60,7.7,28,21,939,31,8,22,61,7.634191126,98,628,60.89701071,9.511576495,6.736524682,8.489779455,468,20,471,41,488,512
46,1000,60,7.7,28,2,930,40,15,15,70,7.351988141,109,614,60.15434047,9.204958681,6.88596335,7.805144397,465,28,465,42,493,507
42,1000,60,7.7,28,16,926,34,16,24,74,7.811936853,111,620,60.70062759,9.860471467,7.370516011,8.332217192,510,31,416,43,541,459
45,1000,60,7.7,28,6,936,33,14,17,64,7.725964227,98,593,60.00042287,9.029712785,7.264533499,8.131884491,443,25,493,39,468,532
43,1000,60,7.7,28,14,954,24,11,11,46,7.170872295,113,613,60.55915834,9.09196256,6.731921532,7.563267675,453,19,501,27,472,528
44,1000,60,7.7,28,13,950,26,10,14,50,7.344096342,114,597,60.56597542,9.182106513,6.569760534,8.124651716,485,17,465,33,502,498
40,1000,60,7.7,28,27,957,23,7,13,43,7.549457473,99,623,61.00573118,9.304031902,7.014847684,8.137977493,510,14,447,29,524,476
39,1000,60,7.7,28,98,946,36,9,9,54,9.035735933,130,636,63.99949498,11.13775019,8.702833738,9.330951087,453,17,493,37,470,530
41,1000,60,7.7,28,22,940,30,8,22,60,7.665987282,104,617,60.93646443,9.540771433,6.828182596,8.464519874,469,19,471,41,488,512
42,1000,60,7.7,28,17,927,33,16,24,73,7.850564108,111,616,60.73287071,9.861991739,7.407154608,8.373188376,511,30,416,43,541,459
46,1000,60,7.7,28,3,932,40,13,15,68,7.360993343,106,604,60.19113131,9.221764985,6.891163694,7.817849392,465,28,467,40,493,507
44,1000,60,7.7,28,14,949,27,10,14,51,7.359788286,95,613,60.60934772,9.194081246,6.585716096,8.140077923,485,17,464,34,502,498
45,1000,60,7.7,28,7,935,34,14,17,65,7.748887321,105,621,60.02995205,9.06093671,7.258858418,8.179965379,443,25,492,40,468,532
43,1000,60,7.7,28,15,955,24,11,10,45,7.178875797,99,612,60.56837422,9.100522453,6.803262154,7.514651629,453,19,502,26,472,528
40,1000,60,7.7,28,28,958,23,6,13,42,7.555735572,109,623,61.04267187,9.304259532,7.046196833,8.116656369,510,14,448,28,524,476
39,1000,60,7.7,28,99,946,36,9,9,54,9.055501,120,637,64.04610578,11.14713859,8.716928521,9.35574452,453,17,493,37,470,530
41,1000,60,7.7,28,23,940,30,8,22,60,7.684312837,103,603,60.95190176,9.572826125,6.847519626,8.481881367,469,19,471,41,488,512
42,1000,60,7.7,28,18,927,33,15,25,73,7.908141467,90,609,60.77103728,9.889686569,7.463314858,8.432436012,512,29,415,44,541,459
44,1000,60,7.7,28,15,949,26,11,14,51,7.409445292,96,601,60.65893883,9.200662055,6.623465956,8.201737716,485,17,464,34,502,498
46,1000,60,7.7,28,4,932,40,13,15,68,7.387851164,103,578,60.24426663,9.220137346,6.925520954,7.83741486,465,28,467,40,493,507
43,1000,60,7.7,28,16,957,21,12,10,43,7.156995527,103,612,60.57318395,9.129898419,6.759333346,7.512481416,455,17,502,26,472,528
45,1000,60,7.7,28,8,933,36,15,16,67,7.790652131,104,590,60.06183882,9.072274525,7.32962622,8.196216279,443,25,490,42,468,532
42,1000,60,7.7,28,19,927,34,14,25,73,7.928425684,102,607,60.81497507,9.918169877,7.467565527,8.471618155,513,28,414,45,541,459
40,1000,60,7.7,28,29,959,22,7,12,41,7.572276004,90,595,61.09145825,9.327618034,7.063006686,8.13290021,511,13,448,28,524,476
41,1000,60,7.7,28,24,941,29,8,22,59,7.665449955,93,616,61.00394031,9.614080175,6.822441003,8.468942862,469,19,472,40,488,512
44,1000,60,7.7,28,16,950,26,11,13,50,7.448368664,92,626,60.72064341,9.219403845,6.675328148,8.227618341,485,17,465,33,502,498
39,1000,60,7.7,28,100,944,37,8,11,56,9.105483885,122,645,64.08789795,11.16453434,8.744680861,9.425441284,453,17,491,39,470,530
46,1000,60,7.7,28,5,932,41,12,15,68,7.403177643,99,617,60.31044467,9.248845581,6.967259505,7.827058593,464,29,468,39,493,507
43,1000,60,7.7,28,17,957,20,13,10,43,7.173344731,102,615,60.59608923,9.166897363,6.80092171,7.506268341,454,18,503,25,472,528
45,1000,60,7.7,28,9,933,37,14,16,67,7.779844166,86,616,60.10740663,9.08180128,7.349675619,8.158263112,443,25,490,42,468,532
41,1000,60,7.7,28,25,941,28,9,22,59,7.704948685,119,625,61.03357199,9.643110872,6.897906879,8.474160406,469,19,472,40,488,512
42,1000,60,7.7,28,20,928,34,14,24,72,7.941455677,123,604,60.85780601,9.95376842,7.476506206,8.489468017,513,28,415,44,541,459
44,1000,60,7.7,28,17,950,27,10,13,50,7.456208417,107,611,60.73625764,9.259954337,6.639145549,8.279834038,485,17,465,33,502,498
39,1000,60,7.7,28,101,944,37,8,11,56,9.114332272,113,644,64.10917379,11.19488056,8.771052277,9.41875038,453,17,491,39,470,530
40,1000,60,7.7,28,30,958,24,6,12,42,7.613162461,105,620,61.14188116,9.373326812,7.125826801,8.149641213,511,13,447,29,524,476
46,1000,60,7.7,28,6,933,41,11,15,67,7.4041984,99,606,60.35918688,9.254479066,6.992625357,7.804406508,464,29,469,38,493,507
43,1000,60,7.7,28,18,959,18,12,11,41,7.156600588,93,624,60.64570514,9.2015586,6.765738959,7.506007196,456,16,503,25,472,528
45,1000,60,7.7,28,10,934,36,14,16,66,7.768908819,90,598,60.14423736,9.11542923,7.334922071,8.150686635,444,24,490,42,468,532
41,1000,60,7.7,28,26,942,28,10,20,58,7.711567664,111,617,61.04844466,9.662491547,6.910785301,8.474813353,469,19,473,39,488,512
42,1000,60,7.7,28,21,930,33,13,24,70,7.939811288,102,585,60.90013364,9.968126001,7.456024029,8.510026773,514,27,416,43,541,459
44,1000,60,7.7,28,18,950,27,10,13,50,7.472968699,103,628,60.75803109,9.297746072,6.698887154,8.253267767,484,18,466,32,502,498
39,1000,60,7.7,28,102,943,38,8,11,57,9.131616482,116,655,64.1221326,11.21634939,8.807805059,9.418770007,452,18,491,39,470,530
46,1000,60,7.7,28,7,934,40,11,15,66,7.420911775,91,609,60.38683463,9.258189824,6.980732988,7.848935723,465,28,469,38,493,507
40,1000,60,7.7,28,31,959,23,6,12,41,7.624983582,100,621,61.16473745,9.382178211,7.145823921,8.152461864,511,13,448,28,524,476
43,1000,60,7.7,28,19,960,17,12,11,40,7.173152271,104,610,60.67313535,9.226948856,6.767424559,7.535848256,458,14,502,26,472,528
45,1000,60,7.7,28,11,936,35,13,16,64,7.747895616,96,595,60.16977292,9.165909958,7.301624975,8.140479564,446,22,490,42,468,532
41,1000,60,7.7,28,27,942,29,10,19,58,7.73494081,112,619,61.07384316,9.686822719,6.921113686,8.510619787,469,19,473,39,488,512
44,1000,60,7.7,28,19,950,27,10,13,50,7.510906952,105,610,60.80738078,9.29956646,6.769813843,8.257952617,484,18,466,32,502,498
42,1000,60,7.7,28,22,928,36,13,23,72,7.960994098,117,605,60.95151912,10.01322329,7.480872865,8.526888623,512,29,416,43,541,459
39,1000,60,7.7,28,103,942,39,7,12,58,9.161305668,134,630,64.17058031,11.23889012,8.827583369,9.457248083,452,18,490,40,470,530
46,1000,60,7.7,28,8,936,37,12,15,64,7.442858683,101,614,60.41765598,9.285002713,7.032423912,7.841959949,465,28,471,36,493,507
43,1000,60,7.7,28,20,960,18,11,11,40,7.185905118,108,626,60.74244302,9.232540975,6.766895405,7.560474408,458,14,502,26,472,528
40,1000,60,7.7,28,32,958,21,9,12,42,7.683254573,105,612,61.21407775,9.391622901,7.236513063,8.175045647,509,15,449,27,524,476
45,1000,60,7.7,28,12,938,34,13,15,62,7.760720848,107,608,60.22878905,9.189167059,7.359537208,8.113641794,446,22,492,40,468,532
41,1000,60,7.7,28,28,944,28,10,18,56,7.752160927,103,625,61.09920707,9.708068098,6.982178494,8.486050434,469,19,475,37,488,512
42,1000,60,7.7,28,23,931,35,13,21,69,7.971182198,96,594,60.9836929,10.02205009,7.531132271,8.489846708,512,29,419,40,541,459
44,1000,60,7.7,28,20,950,27,10,13,50,7.568798662,101,594,60.8337921,9.327420816,6.808093471,8.335613935,484,18,466,32,502,498
39,1000,60,7.7,28,104,941,39,8,12,59,9.173777633,122,661,64.22938198,11.26995807,8.820794474,9.486800435,452,18,489,41,470,530
47,1000,60,7.7,28,0,931,28,14,27,69,7.501,105,615,59.88633104,9.102814785,6.488322718,8.402646503,452,19,479,50,471,529
46,1000,60,7.7,28,9,938,36,10,16,62,7.488706519,102,552,60.44213656,9.301568419,7.05547326,7.909976729,466,27,472,35,493,507
43,1000,60,7.7,28,21,961,18,10,11,39,7.213551996,92,621,60.77165039,9.270810125,6.790932789,7.591347954,458,14,503,25,472,528
40,1000,60,7.7,28,33,958,22,8,12,42,7.720848762,93,600,61.2651238,9.423393593,7.271248591,8.215786766,509,15,449,27,524,476
45,1000,60,7.7,28,13,939,34,12,15,61,7.751698327,120,620,60.25709118,9.200389823,7.349100596,8.105863249,447,21,492,40,468,532
44,1000,60,7.7,28,21,950,28,9,13,50,7.558343324,100,622,60.89137202,9.347189906,6.816011125,8.306638031,483,19,467,31,502,498
42,1000,60,7.7,28,24,931,35,13,21,69,7.967316196,117,591,61.03823654,10.06316525,7.522467022,8.491637336,512,29,419,40,541,459
41,1000,60,7.7,28,29,945,27,11,17,55,7.776232353,88,607,61.13169018,9.73122534,6.980546021,8.534620889,471,17,474,38,488,512
47,1000,60,7.7,28,1,933,27,14,26,67,7.514955841,90,584,59.9146056,9.1303638,6.533285304,8.388995204,452,19,481,48,471,529
43,1000,60,7.7,28,22,961,18,10,11,39,7.210352335,109,606,60.79421196,9.301171622,6.808239648,7.569816708,458,14,503,25,472,528
46,1000,60,7.7,28,10,940,35,9,16,60,7.50024906,106,579,60.49146934,9.324280902,7.070790348,7.917848951,466,27,474,33,493,507
42,1000,60,7.7,28,25,931,35,12,22,69,7.986124773,121,617,61.08132804,10.08267445,7.528954835,8.524967773,511,30,420,39,541,459
41,1000,60,7.7,28,30,945,27,11,17,55,7.776932975,100,617,61.16822754,9.766968603,6.961517664,8.554125692,471,17,474,38,488,512
44,1000,60,7.7,28,22,949,30,9,12,51,7.547502119,97,614,60.92233806,9.357320836,6.799774273,8.301235812,483,19,466,32,502,498
45,1000,60,7.7,28,14,939,34,12,15,61,7.791253572,105,626,60.31478079,9.221054662,7.415092001,8.122162624,446,22,493,39,468,532
40,1000,60,7.7,28,34,958,22,8,12,42,7.708797723,114,617,61.31495814,9.437831808,7.245579085,8.218727484,509,15,449,27,524,476
47,1000,60,7.7,28,2,934,27,14,25,66,7.522405766,80,603,59.94453139,9.134362034,6.598234387,8.345250226,452,19,482,47,471,529
46,1000,60,7.7,28,11,941,34,9,16,59,7.537943383,106,623,60.56079563,9.330510266,7.104435433,7.9594807,466,27,475,32,493,507
43,1000,60,7.7,28,23,961,19,10,10,39,7.21779683,102,594,60.82640108,9.318508696,6.830236519,7.564252259,458,14,503,25,472,528
44,1000,60,7.7,28,23,949,30,10,11,51,7.539254384,93,621,60.97696115,9.364602405,6.806040358,8.278357679,483,19,466,32,502,498
42,1000,60,7.7,28,26,933,33,12,22,67,8.035841693,103,619,61.12699166,10.10155005,7.596603893,8.553548991,510,31,423,36,541,459
41,1000,60,7.7,28,31,947,26,10,17,53,7.808895857,101,641,61.1579785,9.804481465,7.00474228,8.575354734,471,17,476,36,488,512
45,1000,60,7.7,28,15,939,34,12,15,61,7.833247704,87,583,60.35420391,9.25764816,7.432391107,8.185880951,446,22,493,39,468,532
40,1000,60,7.7,28,35,956,24,8,12,44,7.747964778,99,605,61.36024913,9.465543424,7.302087484,8.238804488,508,16,448,28,524,476
47,1000,60,7.7,28,3,935,27,14,24,65,7.536821692,100,588,60.03490474,9.167528675,6.679425782,8.300212002,452,19,483,46,471,529
42,1000,60,7.7,28,27,934,33,11,22,66,8.061059364,95,606,61.15509876,10.14706582,7.643786782,8.552877376,510,31,424,35,541,459
44,1000,60,7.7,28,24,950,30,9,11,50,7.570465036,87,613,61.03374918,9.40362019,6.821081962,8.325867252,484,18,466,32,502,498
43,1000,60,7.7,28,24,962,18,10,10,38,7.215395906,113,601,60.86027299,9.320214002,6.820897826,7.56805328,458,14,504,24,472,528
46,1000,60,7.7,28,12,941,34,9,16,59,7.546682268,96,613,60.60024791,9.353620028,7.125661287,7.956077424,466,27,475,32,493,507
41,1000,60,7.7,28,32,947,26,11,16,53,7.818812127,98,593,61.21814327,9.820459349,7.02738109,8.573144835,471,17,476,36,488,512
45,1000,60,7.7,28,16,940,33,12,15,60,7.838159015,80,589,60.41743128,9.258423528,7.410109628,8.214713739,447,21,493,39,468,532
40,1000,60,7.7,28,36,956,25,8,11,44,7.773999608,116,615,61.41859317,9.515516157,7.338917166,8.252955909,507,17,449,27,524,476
42,1000,60,7.7,28,28,937,32,11,20,63,8.052360275,113,607,61.19643898,10.19335628,7.610893136,8.572695181,511,30,426,33,541,459
47,1000,60,7.7,28,4,935,28,14,23,65,7.515288951,103,607,60.08156073,9.207803029,6.691840146,8.248454143,451,20,484,45,471,529
44,1000,60,7.7,28,25,950,30,10,10,50,7.574225454,90,612,61.06975925,9.417048325,6.848430328,8.30585026,484,18,466,32,502,498
43,1000,60,7.7,28,25,963,18,8,11,37,7.239507662,95,599,60.8985514,9.342631718,6.839898015,7.596734468,458,14,505,23,472,528
46,1000,60,7.7,28,13,943,34,8,15,57,7.51438804,102,635,60.63876006,9.37314508,7.107380329,7.910156879,466,27,477,30,493,507
41,1000,60,7.7,28,33,945,29,11,15,55,7.820947836,98,606,61.26337009,9.830832394,7.042141151,8.563247957,471,17,474,38,488,512
45,1000,60,7.7,28,17,939,34,12,15,61,7.8695681,87,584,60.44520889,9.259236697,7.485878638,8.207099432,446,22,493,39,468,532
40,1000,60,7.7,28,37,955,27,8,10,45,7.850986707,87,626,61.48591365,9.531672051,7.467491302,8.273153918,507,17,448,28,524,476
42,1000,60,7.7,28,29,937,32,12,19,63,8.045788644,107,643,61.26031403,10.20095698,7.618496503,8.5494162,511,30,426,33,541,459
47,1000,60,7.7,28,5,937,29,13,21,63,7.53701438,78,574,60.10277727,9.215388062,6.699419476,8.282774681,452,19,485,44,471,529
44,1000,60,7.7,28,26,951,29,10,10,49,7.584447631,103,620,61.11280061,9.453832899,6.881610015,8.292930528,484,18,467,31,502,498
46,1000,60,7.7,28,14,946,31,8,15,54,7.490554018,93,590,60.66741361,9.400752975,7.049836272,7.919102043,468,25,478,29,493,507
43,1000,60,7.7,28,26,964,18,8,10,36,7.247633362,94,627,60.93859163,9.343933252,6.869681913,7.585499051,459,13,505,23,472,528
41,1000,60,7.7,28,34,946,28,11,15,54,7.836795188,103,621,61.30150257,9.875725029,7.044885094,8.591584497,471,17,475,37,488,512
45,1000,60,7.7,28,18,938,35,12,15,62,7.904871068,94,629,60.51049133,9.258000907,7.553479819,8.213989685,445,23,493,39,468,532
42,1000,60,7.7,28,30,937,33,11,19,63,8.038412908,90,603,61.32147553,10.22964718,7.620817225,8.530611742,510,31,427,32,541,459
44,1000,60,7.7,28,27,951,29,10,10,49,7.590039913,97,628,61.13332636,9.455891308,6.898238317,8.287398149,484,18,467,31,502,498
47,1000,60,7.7,28,6,940,27,12,21,60,7.522845961,106,613,60.11433229,9.240550343,6.698074387,8.257188894,453,18,487,42,471,529
40,1000,60,7.7,28,38,955,27,8,10,45,7.863117794,75,622,61.51506221,9.541225451,7.480978135,8.283792546,507,17,448,28,524,476
41,1000,60,7.7,28,35,947,27,12,14,53,7.849905549,102,633,61.31715328,9.877015865,7.067339909,8.595788425,470,18,477,35,488,512
46,1000,60,7.7,28,15,948,30,7,15,52,7.482524735,97,612,60.75163039,9.43213282,7.073719112,7.88004184,468,25,480,27,493,507
43,1000,60,7.7,28,27,963,17,10,10,37,7.264159294,113,616,60.9803029,9.325670668,6.902948542,7.587059815,459,13,504,24,472,528
45,1000,60,7.7,28,19,937,36,13,14,63,7.91934919,98,637,60.54090764,9.289954917,7.584371277,8.214029009,444,24,493,39,468,532
42,1000,60,7.7,28,31,937,33,11,19,63,8.027139714,117,595,61.36315007,10.28032712,7.605390299,8.524234341,510,31,427,32,541,459
44,1000,60,7.7,28,28,949,31,10,10,51,7.627949323,87,606,61.1955419,9.500348861,6.95124875,8.310085243,483,19,466,32,502,498
47,1000,60,7.7,28,7,940,28,12,20,60,7.567234887,96,591,60.1341615,9.253276354,6.73046577,8.312259943,453,18,487,42,471,529
41,1000,60,7.7,28,36,947,27,13,13,53,7.825931417,100,602,61.36041587,9.914995073,7.09004523,8.527322939,470,18,477,35,488,512
40,1000,60,7.7,28,39,951,30,9,10,49,7.912016825,111,640,61.57638565,9.554525716,7.530284372,8.332243307,505,19,446,30,524,476
46,1000,60,7.7,28,16,946,32,7,15,54,7.522214353,110,601,60.79429217,9.466727002,7.122348133,7.911038901,466,27,480,27,493,507
43,1000,60,7.7,28,28,963,17,11,9,37,7.250824141,96,640,60.98184215,9.336997755,6.890452364,7.572974669,459,13,504,24,472,528
45,1000,60,7.7,28,20,939,34,13,14,61,7.927966646,105,604,60.57235984,9.341287831,7.597041831,8.219080957,445,23,494,38,468,532
42,1000,60,7.7,28,32,938,33,11,18,62,8.017931138,116,621,61.4295697,10.30784748,7.596407085,8.514760141,511,30,427,32,541,459
44,1000,60,7.7,28,29,950,31,9,10,50,7.624019624,106,625,61.24909032,9.508182466,6.978022447,8.275205533,483,19,467,31,502,498
47,1000,60,7.7,28,8,941,27,12,20,59,7.602275755,106,598,60.17578528,9.27793302,6.774245481,8.339520102,453,18,488,41,471,529
46,1000,60,7.7,28,17,947,30,8,15,53,7.511155314,90,599,60.81374996,9.472089143,7.139733749,7.872320662,466,27,481,26,493,507
41,1000,60,7.7,28,37,944,30,13,13,56,7.83632169,109,606,61.39536734,9.92143389,7.081981891,8.555301811,469,19,475,37,488,512
40,1000,60,7.7,28,40,950,31,9,10,50,7.924059634,104,602,61.61259648,9.583029105,7.532532941,8.35506801,505,19,445,31,524,476
43,1000,60,7.7,28,29,962,19,10,9,38,7.275771291,99,620,61.00672588,9.339893033,6.958525356,7.559369929,459,13,503,25,472,528
45,1000,60,7.7,28,21,939,34,13,14,61,7.914234047,96,638,60.59881048,9.33997507,7.581374842,8.207050038,445,23,494,38,468,532
42,1000,60,7.7,28,33,939,32,11,18,61,8.038953071,95,595,61.46551782,10.34611403,7.621505416,8.530977432,512,29,427,32,541,459
44,1000,60,7.7,28,30,950,31,9,10,50,7.635198736,103,641,61.32178323,9.535604827,6.987014674,8.288589096,483,19,467,31,502,498
41,1000,60,7.7,28,38,943,31,13,13,57,7.889391231,93,637,61.44917077,9.959592658,7.146653024,8.597313583,469,19,474,38,488,512
47,1000,60,7.7,28,9,944,25,12,19,56,7.586753135,108,613,60.23022877,9.297663137,6.808578853,8.279607741,453,18,491,38,471,529
46,1000,60,7.7,28,18,950,27,8,15,50,7.540485088,96,621,60.83188289,9.499370678,7.188132965,7.883107566,466,27,484,23,493,507
43,1000,60,7.7,28,30,962,20,9,9,38,7.278108713,109,589,61.02834835,9.353530735,6.976475555,7.547750476,458,14,504,24,472,528
40,1000,60,7.7,28,41,951,31,9,9,49,7.928369682,103,640,61.63029087,9.608276366,7.520364752,8.377517967,505,19,446,30,524,476
42,1000,60,7.7,28,34,938,33,11,18,62,8.076622872,128,606,61.51580515,10.39762547,7.658747324,8.569151568,512,29,426,33,541,459
44,1000,60,7.7,28,31,949,32,9,10,51,7.714607833,121,630,61.38671879,9.55258148,7.067298325,8.367116614,483,19,466,32,502,498
45,1000,60,7.7,28,22,940,33,13,14,60,7.925219647,105,621,60.64123154,9.359585764,7.603049467,8.208632511,445,23,495,37,468,532
41,1000,60,7.7,28,39,943,31,13,13,57,7.932683836,109,619,61.45828325,9.977430317,7.215007948,8.616718667,469,19,474,38,488,512
47,1000,60,7.7,28,10,944,26,12,18,56,7.580382655,101,566,60.28590439,9.332721206,6.811844488,8.264657658,453,18,491,38,471,529
46,1000,60,7.7,28,19,952,25,8,15,48,7.531955182,100,562,60.8806667,9.517360063,7.187896301,7.866513424,467,26,485,22,493,507
43,1000,60,7.7,28,31,962,20,9,9,38,7.294744907,108,608,61.04945462,9.359517028,6.985600068,7.571101657,458,14,504,24,472,528
40,1000,60,7.7,28,42,953,28,9,10,47,7.943292985,83,612,61.6693013,9.635101584,7.548242833,8.378180127,505,19,448,28,524,476
42,1000,60,7.7,28,35,940,29,14,17,60,8.082940634,101,588,61.54403678,10.42447024,7.701409014,8.532632588,512,29,428,31,541,459
44,1000,60,7.7,28,32,949,32,9,10,51,7.701895145,83,626,61.43133487,9.554656138,7.086444792,8.322288874,483,19,466,32,502,498
45,1000,60,7.7,28,23,939,34,13,14,61,7.951105521,91,618,60.68980635,9.406666457,7.612247912,8.249198305,445,23,494,38,468,532
41,1000,60,7.7,28,40,944,30,13,13,56,7.948406322,105,609,61.50563095,9.987615378,7.271150979,8.593915321,469,19,475,37,488,512
47,1000,60,7.7,28,11,944,27,11,18,56,7.582941057,87,595,60.33359936,9.36316476,6.817648518,8.264326286,454,17,490,39,471,529
46,1000,60,7.7,28,20,952,25,8,15,48,7.537261835,93,614,60.93469212,9.535839872,7.225060167,7.84084255,467,26,485,22,493,507
43,1000,60,7.7,28,32,962,19,10,9,38,7.315376682,104,609,61.07640296,9.379607754,7.034995867,7.566020137,458,14,504,24,472,528
42,1000,60,7.7,28,36,940,30,14,16,60,8.092414368,112,617,61.6258626,10.45281434,7.725270482,8.525148229,513,28,427,32,541,459
44,1000,60,7.7,28,33,951,30,9,10,49,7.71797151,100,607,61.50247757,9.573621746,7.057983484,8.383260643,484,18,467,31,502,498
40,1000,60,7.7,28,43,953,26,11,10,47,7.945635346,121,605,61.70557642,9.663788264,7.583524409,8.344261672,505,19,448,28,524,476
45,1000,60,7.7,28,24,940,34,13,13,60,7.968944683,106,610,60.75040633,9.448274762,7.660913288,8.239919669,445,23,495,37,468,532
41,1000,60,7.7,28,41,943,31,13,13,57,7.968322334,104,633,61.55692603,10.00741288,7.289620335,8.615210177,469,19,474,38,488,512
46,1000,60,7.7,28,21,953,25,8,14,47,7.499686719,113,617,60.93798954,9.564191921,7.163137512,7.826942653,468,25,485,22,493,507
47,1000,60,7.7,28,12,943,29,11,17,57,7.598074194,90,606,60.3571634,9.400627816,6.854079515,8.260496677,453,18,490,39,471,529
42,1000,60,7.7,28,37,940,30,14,16,60,8.139607551,96,637,61.67045455,10.47662527,7.795758259,8.544885258,513,28,427,32,541,459
43,1000,60,7.7,28,33,964,17,10,9,36,7.285534322,112,622,61.09606876,9.389832248,6.997511412,7.543009348,459,13,505,23,472,528
44,1000,60,7.7,28,34,950,31,9,10,50,7.754953913,103,635,61.54343519,9.602622616,7.108631024,8.406468151,483,19,467,31,502,498
41,1000,60,7.7,28,42,943,30,14,13,57,7.992461065,116,596,61.57662025,10.02849208,7.350725322,8.604115444,469,19,474,38,488,512
45,1000,60,7.7,28,25,941,32,14,13,59,7.994938188,81,626,60.80530339,9.473204301,7.723671264,8.233571496,444,24,497,35,468,532
40,1000,60,7.7,28,44,953,25,10,12,47,7.983405586,94,640,61.75184627,9.678292785,7.639820502,8.361637905,505,19,448,28,524,476
46,1000,60,7.7,28,22,955,24,8,13,45,7.525112021,78,611,60.94234257,9.590644409,7.176410962,7.864184253,469,24,486,21,493,507
47,1000,60,7.7,28,13,946,27,10,17,54,7.62101134,104,617,60.39581382,9.436672381,6.842208887,8.314425245,455,16,491,38,471,529
42,1000,60,7.7,28,38,944,27,14,15,56,8.097889627,110,639,61.71359756,10.48137312,7.729244597,8.532392811,517,24,427,32,541,459
43,1000,60,7.7,28,34,964,16,11,9,36,7.314836361,91,620,61.1472428,9.432622259,7.021199936,7.577329528,459,13,505,23,472,528
44,1000,60,7.7,28,35,948,33,10,9,52,7.764518575,93,626,61.58497356,9.621309433,7.129343461,8.404795497,482,20,466,32,502,498
41,1000,60,7.7,28,43,944,29,14,13,56,7.997785729,101,625,61.62517749,10.0583568,7.386572398,8.580348435,469,19,475,37,488,512
45,1000,60,7.7,28,26,941,32,15,12,59,7.978845723,113,606,60.83727115,9.512525954,7.726883436,8.200496758,445,23,496,36,468,532
40,1000,60,7.7,28,45,952,26,10,12,48,7.994420731,107,625,61.79526445,9.684130094,7.643070819,8.381200885,505,19,447,29,524,476
46,1000,60,7.7,28,23,954,25,8,13,46,7.539808801,95,596,60.96101245,9.602413181,7.206930598,7.863495101,468,25,486,21,493,507
42,1000,60,7.7,28,39,946,25,14,15,54,8.087533807,113,611,61.74761105,10.50502215,7.725516631,8.514225075,517,24,429,30,541,459
47,1000,60,7.7,28,14,944,28,11,17,56,7.669362457,107,608,60.43463772,9.454254186,6.90548724,8.349485761,453,18,491,38,471,529
44,1000,60,7.7,28,36,948,33,10,9,52,7.773144158,111,616,61.61102252,9.634559871,7.103326857,8.448341519,483,19,465,33,502,498
43,1000,60,7.7,28,35,963,17,11,9,37,7.365302214,116,615,61.19010506,9.475133696,7.06612777,7.632746034,458,14,505,23,472,528
41,1000,60,7.7,28,44,944,29,15,12,56,8.030106468,102,633,61.67476076,10.08880094,7.425374025,8.606492078,469,19,475,37,488,512
45,1000,60,7.7,28,27,940,33,14,13,60,8.040100967,101,627,60.85988894,9.516192212,7.785176534,8.264357799,445,23,495,37,468,532
40,1000,60,7.7,28,46,950,27,11,12,50,8.006699963,109,616,61.82135252,9.691969055,7.659831147,8.388547146,503,21,447,29,524,476
46,1000,60,7.7,28,24,956,25,7,12,44,7.508185951,94,647,60.99365871,9.65439813,7.200472999,7.807401898,468,25,488,19,493,507
42,1000,60,7.7,28,40,947,23,15,15,53,8.053609505,97,615,61.81151024,10.52792267,7.698789706,8.471817591,518,23,429,30,541,459
47,1000,60,7.7,28,15,944,28,12,16,56,7.667600626,125,607,60.50241337,9.503416258,6.946998054,8.309195733,453,18,491,38,471,529
44,1000,60,7.7,28,37,948,33,10,9,52,7.818019541,115,618,61.63948422,9.646102909,7.151194229,8.49020088,483,19,465,33,502,498
43,1000,60,7.7,28,36,965,16,10,9,35,7.372624985,101,615,61.23371239,9.513701981,7.082379941,7.632086464,459,13,506,22,472,528
41,1000,60,7.7,28,45,944,29,15,12,56,8.072643421,99,638,61.71534396,10.10603737,7.488713205,8.629201908,469,19,475,37,488,512
45,1000,60,7.7,28,28,940,33,13,14,60,8.030253736,100,618,60.89944637,9.536251906,7.754900151,8.272482078,445,23,495,37,468,532
42,1000,60,7.7,28,41,948,22,15,15,52,8.055546215,119,608,61.86675586,10.55641058,7.704746276,8.469016295,518,23,430,29,541,459
46,1000,60,7.7,28,25,957,24,7,12,43,7.529537823,110,585,61.04319456,9.656585325,7.248197671,7.803109214,468,25,489,18,493,507
44,1000,60,7.7,28,38,947,34,10,9,53,7.830966265,100,614,61.68360559,9.680842593,7.165666277,8.501610029,483,19,464,34,502,498
40,1000,60,7.7,28,47,949,28,11,12,51,8.032217112,101,614,61.85808446,9.728152772,7.667864734,8.433310907,503,21,446,30,524,476
47,1000,60,7.7,28,16,944,28,12,16,56,7.684788229,106,617,60.5623137,9.51100337,6.973142737,8.318408316,452,19,492,37,471,529
41,1000,60,7.7,28,46,943,29,16,12,57,8.10709148,95,630,61.76787044,10.12966472,7.534648085,8.65270159,468,20,475,37,488,512
43,1000,60,7.7,28,37,965,16,10,9,35,7.393876485,95,593,61.26048005,9.532208647,7.092944351,7.662891573,459,13,506,22,472,528
45,1000,60,7.7,28,29,940,33,14,13,60,8.04568202,105,619,60.92630881,9.564319941,7.769753693,8.288415962,445,23,495,37,468,532
42,1000,60,7.7,28,42,947,23,15,15,53,8.057723916,116,624,61.94074458,10.58528147,7.731410253,8.442333265,517,24,430,29,541,459
46,1000,60,7.7,28,26,959,23,6,12,41,7.498475736,98,637,61.08312467,9.668948669,7.246556381,7.743438737,470,23,489,18,493,507
44,1000,60,7.7,28,39,948,32,11,9,52,7.854147905,100,613,61.73014173,9.682237344,7.182390878,8.531300571,484,18,464,34,502,498
47,1000,60,7.7,28,17,945,25,14,16,55,7.669636149,112,593,60.60211871,9.534151281,6.966234996,8.295915814,452,19,493,36,471,529
41,1000,60,7.7,28,47,943,29,16,12,57,8.115366532,106,614,61.79217192,10.16446859,7.520853746,8.682011531,468,20,475,37,488,512
43,1000,60,7.7,28,38,965,15,11,9,35,7.416430974,91,615,61.25139377,9.548453878,7.096121338,7.702768375,459,13,506,22,472,528
40,1000,60,7.7,28,48,951,28,10,11,49,8.024663369,105,623,61.92126337,9.754350986,7.656619598,8.429820797,505,19,446,30,524,476
42,1000,60,7.7,28,43,947,23,16,14,53,8.080383194,106,643,61.96138014,10.60093997,7.74586147,8.47466697,517,24,430,29,541,459
45,1000,60,7.7,28,30,940,34,13,13,60,8.042023166,104,606,60.95710204,9.595162685,7.762507948,8.287912494,445,23,495,37,468,532
44,1000,60,7.7,28,40,948,31,12,9,52,7.891391456,92,602,61.75075505,9.719037174,7.202667027,8.585647808,484,18,464,34,502,498
46,1000,60,7.7,28,27,959,23,6,12,41,7.517260755,96,616,61.11462233,9.667243163,7.259430399,7.767971535,470,23,489,18,493,507
41,1000,60,7.7,28,48,943,28,17,12,57,8.155765028,113,628,61.79766519,10.1748457,7.537793353,8.744769281,468,20,475,37,488,512
47,1000,60,7.7,28,18,948,24,12,16,52,7.657647679,97,606,60.62919924,9.540390176,6.942263638,8.294596419,454,17,494,35,471,529
43,1000,60,7.7,28,39,965,15,11,9,35,7.456065467,87,618,61.25832653,9.58719982,7.154428303,7.725710811,459,13,506,22,472,528
40,1000,60,7.7,28,49,952,27,10,11,48,8.04884255,110,621,61.96659048,9.761927321,7.701495282,8.431216433,505,19,447,29,524,476
42,1000,60,7.7,28,44,948,21,17,14,52,8.096068237,115,620,62.01853579,10.61388745,7.763296049,8.488289922,518,23,430,29,541,459
44,1000,60,7.7,28,41,948,31,12,9,52,7.909409602,110,634,61.80165821,9.748355552,7.226726766,8.597575835,484,18,464,34,502,498
45,1000,60,7.7,28,31,941,35,12,12,59,8.020575135,98,620,60.97859655,9.596528849,7.796325617,8.217847268,445,23,496,36,468,532
46,1000,60,7.7,28,28,959,23,6,12,41,7.542143358,108,596,61.14959315,9.686556307,7.304827848,7.772905777,470,23,489,18,493,507
41,1000,60,7.7,28,49,943,30,17,10,57,8.128180595,120,633,61.83570662,10.18463427,7.502145112,8.724870664,468,20,475,37,488,512
47,1000,60,7.7,28,19,947,25,12,16,53,7.701402573,100,592,60.66626546,9.566948546,6.995148058,8.330222755,454,17,493,36,471,529
43,1000,60,7.7,28,40,964,17,11,8,36,7.493105992,98,600,61.28251604,9.610670147,7.186017153,7.767624802,459,13,505,23,472,528
42,1000,60,7.7,28,45,949,21,17,13,51,8.079257875,106,613,62.05797157,10.62326599,7.734327263,8.485810079,519,22,430,29,541,459
44,1000,60,7.7,28,42,952,28,11,9,48,7.899349499,108,634,61.83391048,9.787031678,7.262806032,8.541005765,486,16,466,32,502,498
40,1000,60,7.7,28,50,953,27,9,11,47,8.056316076,123,604,61.99237065,9.771941688,7.748776048,8.394868544,505,19,448,28,524,476
45,1000,60,7.7,28,32,940,35,13,12,60,8.041794174,89,616,61.03179182,9.634606649,7.803973135,8.251005163,444,24,496,36,468,532
46,1000,60,7.7,28,29,958,25,6,11,42,7.541138594,110,612,61.20671553,9.691121498,7.281860774,7.793256869,471,22,487,20,493,507
41,1000,60,7.7,28,50,945,29,16,10,55,8.125374356,114,586,61.87786907,10.21376767,7.492722445,8.728370709,469,19,476,36,488,512
43,1000,60,7.7,28,41,963,17,12,8,37,7.501444372,96,618,61.30466635,9.62386497,7.191751394,7.778291125,459,13,504,24,472,528
47,1000,60,7.7,28,20,947,26,11,16,53,7.715632622,106,657,60.69808474,9.570091933,6.994810331,8.357423357,454,17,493,36,471,529
42,1000,60,7.7,28,46,950,20,17,13,50,8.057408457,125,639,62.08898791,10.62907989,7.705395843,8.472307856,520,21,430,29,541,459
44,1000,60,7.7,28,43,951,29,12,8,49,7.879592249,91,615,61.86311375,9.826813217,7.243644153,8.520648363,486,16,465,33,502,498
40,1000,60,7.7,28,51,953,27,10,10,47,8.068766411,106,639,62.02945169,9.789880384,7.770846934,8.396728189,505,19,448,28,524,476
45,1000,60,7.7,28,33,940,35,12,13,60,8.082437039,104,608,61.06872042,9.67263749,7.824478923,8.3093626,444,24,496,36,468,532
41,1000,60,7.7,28,51,944,30,16,10,56,8.124473811,98,646,61.92784126,10.23350426,7.504281651,8.715594464,469,19,475,37,488,512
46,1000,60,7.7,28,30,959,24,6,11,41,7.519491986,103,651,61.2268754,9.713390785,7.254255381,7.777404504,472,21,487,20,493,507
43,1000,60,7.7,28,42,963,17,12,8,37,7.524379141,104,623,61.32546468,9.635362822,7.215420152,7.800569751,459,13,504,24,472,528
47,1000,60,7.7,28,21,949,24,11,16,51,7.709884935,94,588,60.72148889,9.566140741,7.018175297,8.325754953,454,17,495,34,471,529
42,1000,60,7.7,28,47,950,19,18,13,50,8.082685218,120,645,62.10504774,10.66431494,7.705720575,8.526994308,520,21,430,29,541,459
44,1000,60,7.7,28,44,949,31,12,8,51,7.954789576,99,601,61.92452806,9.841050935,7.330583291,8.584009566,484,18,465,33,502,498
41,1000,60,7.7,28,52,945,31,14,10,55,8.142966186,124,623,61.95989381,10.24936698,7.57164303,8.68750857,468,20,477,35,488,512
45,1000,60,7.7,28,34,941,35,12,12,59,8.102629273,105,630,61.13262522,9.700070965,7.876766196,8.301320852,444,24,497,35,468,532
46,1000,60,7.7,28,31,960,23,6,11,40,7.577282625,111,627,61.26978618,9.731290059,7.342121759,7.805949897,472,21,488,19,493,507
40,1000,60,7.7,28,52,954,26,11,9,46,8.075743055,111,655,62.07965246,9.80604794,7.778613065,8.402835733,506,18,448,28,524,476
43,1000,60,7.7,28,43,963,17,12,8,37,7.553665648,95,612,61.35281346,9.651806686,7.237633849,7.836178923,459,13,504,24,472,528
42,1000,60,7.7,28,48,949,19,18,14,51,8.099961152,101,633,62.12872774,10.66985348,7.731446874,8.534310224,520,21,429,30,541,459
47,1000,60,7.7,28,22,949,25,10,16,51,7.731583868,97,637,60.76826411,9.609148542,7.077133472,8.314279778,454,17,495,34,471,529
44,1000,60,7.7,28,45,947,35,11,7,53,7.958422079,108,623,61.94967993,9.857853536,7.36771392,8.553874882,484,18,463,35,502,498
41,1000,60,7.7,28,53,945,31,14,10,55,8.170910224,90,630,61.97036793,10.2710705,7.582831845,8.731422428,468,20,477,35,488,512
46,1000,60,7.7,28,32,960,23,6,11,40,7.554761768,92,646,61.32707034,9.762776145,7.323741429,7.779402847,471,22,489,18,493,507
45,1000,60,7.7,28,35,943,34,11,12,57,8.113117439,99,631,61.18813643,9.708240007,7.887000537,8.312032307,445,23,498,34,468,532
40,1000,60,7.7,28,53,956,24,11,9,44,8.052866779,96,636,62.11842876,9.817158868,7.741180834,8.395983241,508,16,448,28,524,476
42,1000,60,7.7,28,49,949,20,18,13,51,8.114137968,110,632,62.15799635,10.69678115,7.771651796,8.517809034,519,22,430,29,541,459
43,1000,60,7.7,28,44,962,18,11,9,38,7.566358867,110,623,61.39690958,9.692249996,7.265830751,7.835012788,459,13,503,25,472,528
47,1000,60,7.7,28,23,949,25,10,16,51,7.748818751,92,604,60.77712804,9.609402326,7.128144994,8.301441321,454,17,495,34,471,529
44,1000,60,7.7,28,46,949,34,10,7,51,7.965345965,108,651,61.99490959,9.907439166,7.394604905,8.540671292,485,17,464,34,502,498
41,1000,60,7.7,28,54,944,32,14,10,56,8.177120374,124,623,62.02374648,10.29572818,7.569111563,8.756628772,467,21,477,35,488,512
46,1000,60,7.7,28,33,960,23,6,11,40,7.543712693,96,624,61.36852689,9.776439975,7.31622746,7.764916283,471,22,489,18,493,507
45,1000,60,7.7,28,36,942,35,11,12,58,8.145784971,98,594,61.23132561,9.72573898,7.956294361,8.312479719,444,24,498,34,468,532
42,1000,60,7.7,28,50,950,19,18,13,50,8.143471388,101,648,62.20061214,10.72576627,7.778497334,8.573647779,520,21,430,29,541,459
40,1000,60,7.7,28,54,954,26,11,9,46,8.074402974,107,620,62.17708553,9.855487245,7.769057994,8.410539044,507,17,447,29,524,476
43,1000,60,7.7,28,45,961,18,12,9,39,7.598157907,95,603,61.43221737,9.727326815,7.295350258,7.868849594,459,13,502,26,472,528
44,1000,60,7.7,28,47,949,34,10,7,51,7.972051673,116,633,62.01975928,9.93034374,7.417368274,8.531190359,485,17,464,34,502,498
47,1000,60,7.7,28,24,952,24,9,15,48,7.770430977,115,602,60.80569185,9.634861943,7.184026083,8.29254195,456,15,496,33,471,529
41,1000,60,7.7,28,55,944,32,14,10,56,8.191357413,102,632,62.06966047,10.34495163,7.57874979,8.775249054,467,21,477,35,488,512
46,1000,60,7.7,28,34,959,25,6,10,41,7.544132965,119,616,61.4223183,9.799953096,7.328174589,7.754127993,470,23,489,18,493,507
45,1000,60,7.7,28,37,942,34,12,12,58,8.171266054,105,626,61.27996012,9.76615258,7.969262006,8.348968863,444,24,498,34,468,532
42,1000,60,7.7,28,51,949,20,18,13,51,8.145736201,114,661,62.24877046,10.72376851,7.791923621,8.562757128,519,22,430,29,541,459
44,1000,60,7.7,28,48,948,34,11,7,52,7.992490695,111,624,62.06855643,9.954456387,7.438752061,8.550677029,484,18,464,34,502,498
43,1000,60,7.7,28,46,961,18,13,8,39,7.579133692,100,608,61.43791482,9.7706073,7.262822678,7.861896569,458,14,503,25,472,528
40,1000,60,7.7,28,55,951,28,11,10,49,8.104904288,110,618,62.22705163,9.883941588,7.805304173,8.434716179,505,19,446,30,524,476
47,1000,60,7.7,28,25,952,25,8,15,48,7.781382764,93,615,60.84544473,9.656178958,7.193296385,8.304990863,456,15,496,33,471,529
41,1000,60,7.7,28,56,946,34,12,8,54,8.211099437,104,628,62.10059405,10.36616918,7.548467039,8.842670941,470,18,476,36,488,512
46,1000,60,7.7,28,35,956,28,6,10,44,7.585044582,104,623,61.43729614,9.803284361,7.382499354,7.781996844,468,25,488,19,493,507
42,1000,60,7.7,28,52,952,19,17,12,48,8.068348578,116,622,62.28055701,10.74690448,7.691820255,8.5121434,520,21,432,27,541,459
45,1000,60,7.7,28,38,942,34,12,12,58,8.184465044,113,638,61.3232036,9.794841154,8.000316324,8.346460534,444,24,498,34,468,532
44,1000,60,7.7,28,49,947,35,11,7,53,8.018189141,95,621,62.11574139,9.978020458,7.498826242,8.541723629,484,18,463,35,502,498
43,1000,60,7.7,28,47,962,17,13,8,38,7.604110284,98,632,61.47017938,9.785288346,7.290847861,7.884147905,458,14,504,24,472,528
47,1000,60,7.7,28,26,951,26,7,16,49,7.806336768,104,627,60.87543954,9.676061967,7.216537079,8.331470327,456,15,495,34,471,529
41,1000,60,7.7,28,57,946,34,12,8,54,8.224346213,105,605,62.13898629,10.3902584,7.547403714,8.869557032,470,18,476,36,488,512
40,1000,60,7.7,28,56,948,30,12,10,52,8.140734844,105,608,62.25383138,9.914400353,7.825974867,8.487235324,504,20,444,32,524,476
46,1000,60,7.7,28,36,955,29,6,10,45,7.631730884,93,618,61.5168832,9.812828694,7.397257866,7.859729301,468,25,487,20,493,507
42,1000,60,7.7,28,53,952,19,17,12,48,8.090731617,104,626,62.31928973,10.77598055,7.706026359,8.544164175,520,21,432,27,541,459
45,1000,60,7.7,28,39,944,32,12,12,56,8.174114228,119,611,61.39420981,9.804003958,7.966550915,8.356707518,445,23,499,33,468,532
44,1000,60,7.7,28,50,949,33,11,7,51,8.034777448,101,622,62.15918897,10.02524991,7.54261661,8.530891386,484,18,465,33,502,498
43,1000,60,7.7,28,48,961,18,13,8,39,7.647056759,112,617,61.49830287,9.826919811,7.36496507,7.899229633,457,15,504,24,472,528
41,1000,60,7.7,28,58,945,35,12,8,55,8.232868121,105,609,62.15284681,10.42653449,7.566293593,8.868196968,470,18,475,37,488,512
47,1000,60,7.7,28,27,953,26,5,16,47,7.806428519,95,640,60.94232194,9.688713722,7.236925764,8.313490518,457,14,496,33,471,529
40,1000,60,7.7,28,57,948,29,13,10,52,8.149526901,103,617,62.29925102,9.933584601,7.837108065,8.493450158,504,20,444,32,524,476
42,1000,60,7.7,28,54,953,19,16,12,47,8.075054959,126,615,62.37386542,10.76609597,7.687704773,8.531604961,520,21,433,26,541,459
46,1000,60,7.7,28,37,954,30,6,10,46,7.646427547,101,631,61.58270985,9.836006633,7.427890587,7.858929957,467,26,487,20,493,507
45,1000,60,7.7,28,40,945,31,12,12,55,8.202635699,99,635,61.42479088,9.832329426,7.996416465,8.384046605,445,23,500,32,468,532
44,1000,60,7.7,28,51,948,34,11,7,52,8.062555303,112,625,62.1961052,10.04675971,7.571358736,8.557697224,484,18,464,34,502,498
41,1000,60,7.7,28,59,945,34,13,8,55,8.303341385,108,603,62.20440955,10.44302278,7.640526407,8.93508691,470,18,475,37,488,512
43,1000,60,7.7,28,49,961,18,13,8,39,7.674642003,93,633,61.53362517,9.844530846,7.422846789,7.899731664,457,15,504,24,472,528
47,1000,60,7.7,28,28,953,26,5,16,47,7.810698909,91,610,60.98088772,9.716472669,7.253369129,8.306922588,457,14,496,33,471,529
42,1000,60,7.7,28,55,952,21,15,12,48,8.093493266,122,630,62.42005222,10.79200423,7.698218561,8.559383495,519,22,433,26,541,459
40,1000,60,7.7,28,58,948,30,13,9,52,8.160062249,81,631,62.35663828,9.96308709,7.841109957,8.511177797,503,21,445,31,524,476
46,1000,60,7.7,28,38,953,30,7,10,47,7.6855437,91,655,61.61639082,9.868693737,7.45861352,7.906207563,466,27,487,20,493,507
44,1000,60,7.7,28,52,948,35,10,7,52,8.076867658,117,641,62.21883131,10.07193056,7.636448362,8.520824458,484,18,464,34,502,498
45,1000,60,7.7,28,41,945,31,12,12,55,8.218646504,99,625,61.46218026,9.845437114,8.027859033,8.386482099,445,23,500,32,468,532
41,1000,60,7.7,28,60,945,34,13,8,55,8.329639234,105,645,62.21224385,10.47383274,7.69741227,8.932230558,471,17,474,38,488,512
43,1000,60,7.7,28,50,961,18,13,8,39,7.698118917,108,601,61.55824707,9.863052791,7.452432537,7.917747651,457,15,504,24,472,528
47,1000,60,7.7,28,29,953,27,5,15,47,7.85692027,91,615,61.02741491,9.739202466,7.288619402,8.362912158,457,14,496,33,471,529
42,1000,60,7.7,28,56,953,22,14,11,47,8.098277666,113,640,62.46459696,10.80614102,7.682311138,8.588556298,521,20,432,27,541,459
46,1000,60,7.7,28,39,953,30,7,10,47,7.686407463,96,624,61.63991624,9.890693149,7.477834762,7.889220759,466,27,487,20,493,507
40,1000,60,7.7,28,59,947,29,15,9,53,8.2128216,87,626,62.36340175,9.976640075,7.874043926,8.585761728,503,21,444,32,524,476
44,1000,60,7.7,28,53,949,35,10,6,51,8.080138688,105,600,62.25541014,10.10734143,7.643003177,8.520785328,484,18,465,33,502,498
41,1000,60,7.7,28,61,945,34,13,8,55,8.354046994,91,605,62.24647129,10.50655973,7.73386177,8.945161035,471,17,474,38,488,512
45,1000,60,7.7,28,42,946,31,11,12,54,8.185523484,127,626,61.48444522,9.872926592,7.973132027,8.372364089,447,21,499,33,468,532
43,1000,60,7.7,28,51,960,19,13,8,40,7.724795698,112,636,61.63961385,9.891675497,7.482190208,7.941670302,457,15,503,25,472,528
47,1000,60,7.7,28,30,953,27,5,15,47,7.887164756,108,645,61.06103563,9.736164088,7.304539572,8.40591043,457,14,496,33,471,529
42,1000,60,7.7,28,57,953,23,14,10,47,8.098288434,103,638,62.48554581,10.82135717,7.684920538,8.58550419,521,20,432,27,541,459
44,1000,60,7.7,28,54,948,36,10,6,52,8.077616317,107,624,62.28689812,10.14083763,7.65253696,8.506109967,484,18,464,34,502,498
46,1000,60,7.7,28,40,955,29,8,8,45,7.68184483,113,617,61.69744865,9.87425138,7.458414437,7.899105547,466,27,489,18,493,507
41,1000,60,7.7,28,62,946,34,12,8,54,8.351165403,102,634,62.28163726,10.50219946,7.717557632,8.95507281,472,16,474,38,488,512
45,1000,60,7.7,28,43,948,30,10,12,52,8.203462556,98,609,61.51123123,9.894096854,7.937431014,8.437490303,449,19,499,33,468,532
40,1000,60,7.7,28,60,946,29,16,9,54,8.209460258,110,611,62.40152249,9.994775797,7.881766419,8.570198854,502,22,444,32,524,476
43,1000,60,7.7,28,52,959,20,13,8,41,7.77182731,90,614,61.68584874,9.916227659,7.522149947,7.995023741,457,15,502,26,472,528
42,1000,60,7.7,28,58,954,23,13,10,46,8.111893807,119,590,62.53290646,10.86338885,7.660842427,8.643525171,523,18,431,28,541,459
47,1000,60,7.7,28,31,956,24,5,15,44,7.861362262,101,621,61.13059222,9.754513584,7.29053639,8.369602311,458,13,498,31,471,529
44,1000,60,7.7,28,55,948,36,10,6,52,8.095274932,115,624,62.32676877,10.1888074,7.648162998,8.545978125,484,18,464,34,502,498
46,1000,60,7.7,28,41,956,29,7,8,44,7.676133198,97,605,61.76774898,9.873540995,7.471115653,7.875489508,466,27,490,17,493,507
41,1000,60,7.7,28,63,946,34,12,8,54,8.368687778,109,624,62.29732393,10.52011202,7.6936007,9.01213015,474,14,472,40,488,512
45,1000,60,7.7,28,44,951,28,9,12,49,8.183980619,98,614,61.52531557,9.921548349,7.953739753,8.386523336,450,18,501,31,468,532
40,1000,60,7.7,28,61,945,31,15,9,55,8.224247592,112,626,62.41750498,10.02584506,7.905428887,8.575216082,501,23,444,32,524,476
43,1000,60,7.7,28,53,959,20,13,8,41,7.803024242,92,625,61.72628525,9.94089347,7.556392943,8.023497675,457,15,502,26,472,528
42,1000,60,7.7,28,59,954,23,13,10,46,8.126898614,118,629,62.5829934,10.89245021,7.679646343,8.654052161,523,18,431,28,541,459
47,1000,60,7.7,28,32,955,25,5,15,45,7.901889215,93,613,61.22171625,9.758910554,7.312421781,8.42672695,458,13,497,32,471,529
44,1000,60,7.7,28,56,948,35,11,6,52,8.116927533,103,610,62.35193468,10.18587779,7.65833857,8.579199941,484,18,464,34,502,498
41,1000,60,7.7,28,64,946,34,12,8,54,8.372426801,96,650,62.35076623,10.55243604,7.723076529,8.991338779,474,14,472,40,488,512
46,1000,60,7.7,28,42,956,29,7,8,44,7.697115746,115,631,61.83287839,9.905389466,7.507022435,7.881959933,466,27,490,17,493,507
45,1000,60,7.7,28,45,948,31,9,12,52,8.210697277,109,610,61.59595793,9.935843226,7.965575145,8.426331031,449,19,499,33,468,532
43,1000,60,7.7,28,54,959,21,12,8,41,7.806344715,123,596,61.76669784,9.983313732,7.512820311,8.068737743,457,15,502,26,472,528
40,1000,60,7.7,28,62,944,32,15,9,56,8.254472827,107,662,62.46188209,10.05467903,7.899657138,8.645068249,501,23,443,33,524,476
42,1000,60,7.7,28,60,953,24,13,10,47,8.166434842,116,635,62.61080253,10.90175234,7.716067073,8.697260468,522,19,431,28,541,459
47,1000,60,7.7,28,33,958,23,4,15,42,7.9361138,100,582,61.2482098,9.779216439,7.348100354,8.459656962,460,11,498,31,471,529
44,1000,60,7.7,28,57,948,33,13,6,52,8.15730059,118,610,62.39220529,10.20006681,7.671128478,8.647377698,485,17,463,35,502,498
41,1000,60,7.7,28,65,950,30,12,8,50,8.362903244,110,669,62.37375779,10.57924289,7.722290047,8.973487697,476,12,474,38,488,512
46,1000,60,7.7,28,43,955,30,7,8,45,7.745472086,105,618,61.87647884,9.928942711,7.532421866,7.952639263,466,27,489,18,493,507
45,1000,60,7.7,28,46,947,29,12,12,53,8.259772064,116,617,61.63551503,9.932192158,8.034001164,8.458382555,449,19,498,34,468,532
42,1000,60,7.7,28,61,954,24,13,9,46,8.159280527,110,689,62.61527225,10.92721953,7.679793567,8.724427466,523,18,431,28,541,459
43,1000,60,7.7,28,55,960,21,11,8,40,7.816876718,112,636,61.82820275,10.01889808,7.492083297,8.107222352,458,14,502,26,472,528
40,1000,60,7.7,28,63,943,34,15,8,57,8.270001287,105,623,62.48816907,10.085943,7.880136036,8.699180681,502,22,441,35,524,476
44,1000,60,7.7,28,58,950,33,12,5,50,8.155685095,111,588,62.43191492,10.21971536,7.667210419,8.648083262,487,15,463,35,502,498
41,1000,60,7.7,28,66,949,31,12,8,51,8.363851475,116,629,62.40192005,10.60141383,7.737383487,8.960953776,476,12,473,39,488,512
47,1000,60,7.7,28,34,958,23,4,15,42,7.943386805,110,649,61.27381942,9.792515849,7.330454062,8.489117092,460,11,498,31,471,529
46,1000,60,7.7,28,44,955,31,7,7,45,7.768033729,98,626,61.92463344,9.942455354,7.572171936,7.95848711,466,27,489,18,493,507
45,1000,60,7.7,28,47,946,31,12,11,54,8.278371501,104,632,61.68144942,9.984353237,8.07109383,8.460713512,450,18,496,36,468,532
42,1000,60,7.7,28,62,953,26,13,8,47,8.171682522,121,605,62.62849728,10.95009225,7.702706927,8.724440249,523,18,430,29,541,459
43,1000,60,7.7,28,56,960,21,11,8,40,7.840280008,117,608,61.87459046,10.03552995,7.519294267,8.127221806,458,14,502,26,472,528
44,1000,60,7.7,28,59,949,35,11,5,51,8.161522117,124,606,62.44543904,10.24611453,7.680047519,8.646863982,487,15,462,36,502,498
41,1000,60,7.7,28,67,947,31,14,8,53,8.380098849,123,613,62.42335353,10.61778641,7.779845793,8.952215042,475,13,472,40,488,512
47,1000,60,7.7,28,35,959,23,3,15,41,7.980181282,111,639,61.29834941,9.821440854,7.365345096,8.527606317,460,11,499,30,471,529
40,1000,60,7.7,28,64,941,35,15,9,59,8.315031153,116,632,62.51102563,10.09891933,7.932035611,8.736648094,501,23,440,36,524,476
46,1000,60,7.7,28,45,956,30,9,5,44,7.769744046,107,612,61.98220474,9.961838558,7.542282154,7.99092494,467,26,489,18,493,507
42,1000,60,7.7,28,63,953,28,11,8,47,8.173216265,102,632,62.66717926,10.97260326,7.707382546,8.722270822,523,18,430,29,541,459
45,1000,60,7.7,28,48,945,32,12,11,55,8.283941069,104,629,61.73607856,9.995725908,8.03817946,8.500137372,450,18,495,37,468,532
43,1000,60,7.7,28,57,961,22,10,7,39,7.859328757,93,613,61.96592269,10.03897544,7.562879242,8.124336657,458,14,503,25,472,528
41,1000,60,7.7,28,68,947,31,14,8,53,8.439496478,119,625,62.45003028,10.6282725,7.828318005,9.022025961,474,14,473,39,488,512
44,1000,60,7.7,28,60,950,35,11,4,50,8.178157951,103,648,62.48821049,10.28153358,7.688114525,8.672137469,488,14,462,36,502,498
47,1000,60,7.7,28,36,960,22,3,15,40,8.003101829,114,608,61.32915109,9.8792539,7.413774447,8.527814867,460,11,500,29,471,529
40,1000,60,7.7,28,65,941,35,14,10,59,8.35582671,99,654,62.56350592,10.14224178,7.948871849,8.803819036,501,23,440,36,524,476
46,1000,60,7.7,28,46,958,30,7,5,42,7.772965822,98,625,62.05786679,9.988436981,7.58986681,7.951008846,467,26,491,16,493,507
42,1000,60,7.7,28,64,954,28,10,8,46,8.188060934,93,631,62.68154456,10.99837315,7.711139219,8.750184349,523,18,431,28,541,459
45,1000,60,7.7,28,49,946,32,11,11,54,8.284733515,106,628,61.78260937,10.01170532,8.053114562,8.488488534,449,19,497,35,468,532
43,1000,60,7.7,28,58,959,24,10,7,41,7.882573648,113,607,61.99730451,10.05036428,7.595507444,8.139193436,456,16,503,25,472,528
41,1000,60,7.7,28,69,946,31,15,8,54,8.456426771,118,634,62.46230826,10.64629675,7.816367522,9.066483243,474,14,472,40,488,512
44,1000,60,7.7,28,61,950,36,10,4,50,8.217280854,108,649,62.49882698,10.30967354,7.7731518,8.664977209,487,15,463,35,502,498
47,1000,60,7.7,28,37,962,21,3,14,38,7.994812829,105,631,61.37635287,9.888958769,7.427034874,8.500339136,461,10,501,28,471,529
46,1000,60,7.7,28,47,958,30,7,5,42,7.806496598,100,621,62.08674396,9.993738104,7.617612692,7.990164774,467,26,491,16,493,507
40,1000,60,7.7,28,66,940,35,15,10,60,8.390169406,100,596,62.59100821,10.15956529,7.942827811,8.882621078,501,23,439,37,524,476
42,1000,60,7.7,28,65,954,28,10,8,46,8.184385318,129,623,62.71070794,11.01586697,7.737182902,8.711480106,522,19,432,27,541,459
45,1000,60,7.7,28,50,949,30,9,12,51,8.267701429,122,623,61.79515499,10.01863906,8.055589562,8.454296078,451,17,498,34,468,532
41,1000,60,7.7,28,70,945,32,15,8,55,8.496533109,114,655,62.50394273,10.66178843,7.876887028,9.087133281,473,15,472,40,488,512
44,1000,60,7.7,28,62,949,37,10,4,51,8.213222626,101,618,62.53614914,10.34511364,7.800781673,8.628976357,486,16,463,35,502,498
43,1000,60,7.7,28,59,958,25,10,7,42,7.878204606,91,601,62.02427348,10.08260741,7.600818243,8.126171203,456,16,502,26,472,528
47,1000,60,7.7,28,38,963,19,5,13,37,7.979551491,115,642,61.40061988,9.904510039,7.430787022,8.468148968,461,10,502,27,471,529
42,1000,60,7.7,28,66,953,29,9,9,47,8.22030957,121,632,62.76256777,11.05096317,7.774044134,8.746299986,521,20,432,27,541,459
46,1000,60,7.7,28,48,960,28,7,5,40,7.792771366,108,586,62.13307957,10.0077595,7.618710534,7.962025784,467,26,493,14,493,507
40,1000,60,7.7,28,67,942,34,14,10,58,8.390781292,107,611,62.64470065,10.18843469,7.954914275,8.870601286,502,22,440,36,524,476
45,1000,60,7.7,28,51,948,32,9,11,52,8.293710428,113,613,61.87539419,10.03077285,8.068327704,8.49197944,451,17,497,35,468,532
41,1000,60,7.7,28,71,946,31,15,8,54,8.506260841,112,651,62.52569899,10.68827326,7.894616223,9.089234618,474,14,472,40,488,512
44,1000,60,7.7,28,63,951,37,8,4,49,8.197539757,125,623,62.59294122,10.36663805,7.783966432,8.614434956,487,15,464,34,502,498
43,1000,60,7.7,28,60,958,25,10,7,42,7.924970973,109,619,62.08336679,10.1033274,7.660715131,8.161199681,455,17,503,25,472,528
47,1000,60,7.7,28,39,964,18,5,13,36,7.984902469,115,601,61.44677691,9.956204116,7.384049598,8.519877332,462,9,502,27,471,529
42,1000,60,7.7,28,67,953,30,7,10,47,8.280033056,119,649,62.78877433,11.08429864,7.824532845,8.816908031,521,20,432,27,541,459
46,1000,60,7.7,28,49,960,27,8,5,40,7.847104094,99,627,62.16756595,10.04790167,7.685506826,8.004239111,467,26,493,14,493,507
41,1000,60,7.7,28,72,946,31,15,8,54,8.526824777,102,625,62.56266629,10.69842744,7.912784247,9.112082156,474,14,472,40,488,512
44,1000,60,7.7,28,64,951,36,9,4,49,8.2193839,124,630,62.63808312,10.37266389,7.830433433,8.611458468,486,16,465,33,502,498
45,1000,60,7.7,28,52,947,33,9,11,53,8.319720896,109,609,61.95262094,10.06420456,8.121780407,8.493848994,450,18,497,35,468,532
40,1000,60,7.7,28,68,942,34,14,10,58,8.425491272,80,649,62.67210108,10.2163572,7.982774398,8.912851865,502,22,440,36,524,476
43,1000,60,7.7,28,61,959,23,11,7,41,7.991434702,110,614,62.11809848,10.11177409,7.765396707,8.193498971,455,17,504,24,472,528
42,1000,60,7.7,28,68,954,30,7,9,46,8.285750058,115,629,62.81560654,11.11638132,7.846165321,8.803866274,521,20,433,26,541,459
47,1000,60,7.7,28,40,961,20,6,13,39,8.028158613,94,640,61.48152269,9.980433492,7.4626051,8.531704368,459,12,502,27,471,529
46,1000,60,7.7,28,50,960,26,9,5,40,7.881068935,85,608,62.23107854,10.08258602,7.720752826,8.036958169,467,26,493,14,493,507
41,1000,60,7.7,28,73,945,32,14,9,55,8.558197097,128,624,62.61812069,10.71362486,7.982475731,9.106931523,472,16,473,39,488,512
44,1000,60,7.7,28,65,953,35,8,4,47,8.226513338,104,629,62.69240642,10.39641893,7.870602529,8.585282868,486,16,467,31,502,498
45,1000,60,7.7,28,53,948,33,8,11,52,8.308747083,119,616,61.99959511,10.07803378,8.158877454,8.440587284,450,18,498,34,468,532
40,1000,60,7.7,28,69,943,34,14,9,57,8.43968058,118,619,62.72389188,10.21525806,7.999215061,8.924562789,502,22,441,35,524,476
43,1000,60,7.7,28,62,959,23,11,7,41,8.006657853,97,601,62.18200107,10.14811335,7.809087981,8.183273344,455,17,504,24,472,528
42,1000,60,7.7,28,69,955,29,7,9,45,8.279620748,131,619,62.89396905,11.12864012,7.843501071,8.793652871,521,20,434,25,541,459
47,1000,60,7.7,28,41,960,21,6,13,40,8.059619248,95,647,61.54045933,10.00078768,7.490204711,8.566602702,459,12,501,28,471,529
41,1000,60,7.7,28,74,945,32,14,9,55,8.566960352,115,629,62.64039337,10.7560603,7.983778851,9.12280522,472,16,473,39,488,512
44,1000,60,7.7,28,66,954,34,9,3,46,8.229173761,104,650,62.74915515,10.43061371,7.866606857,8.59465285,486,16,468,30,502,498
46,1000,60,7.7,28,51,961,25,9,5,39,7.904423024,118,645,62.26179468,10.10920298,7.765192887,8.039808542,467,26,494,13,493,507
45,1000,60,7.7,28,54,948,33,8,11,52,8.311649327,110,627,62.03493309,10.09306357,8.146300703,8.457106387,450,18,498,34,468,532
43,1000,60,7.7,28,63,959,23,11,7,41,8.013559647,111,651,62.23473765,10.18054638,7.810045244,8.19548919,456,16,503,25,472,528
40,1000,60,7.7,28,70,942,34,15,9,58,8.423766851,100,614,62.75333169,10.24320865,7.952091269,8.943006358,502,22,440,36,524,476
42,1000,60,7.7,28,70,956,28,7,9,44,8.253966078,112,631,62.93305015,11.17652118,7.825966481,8.758427477,521,20,435,24,541,459
41,1000,60,7.7,28,75,945,31,15,9,55,8.601872055,95,614,62.68381429,10.79705647,8.028459195,9.148406187,472,16,473,39,488,512
47,1000,60,7.7,28,42,959,22,6,13,41,8.084106676,102,609,61.57948698,10.0334715,7.527336554,8.579832059,459,12,500,29,471,529
44,1000,60,7.7,28,67,954,33,9,4,46,8.246758717,131,636,62.77088548,10.46857241,7.867795015,8.628766303,486,16,468,30,502,498
46,1000,60,7.7,28,52,959,27,9,5,41,7.932879158,116,625,62.31684268,10.13686476,7.772991913,8.088351371,467,26,492,15,493,507
45,1000,60,7.7,28,55,949,31,9,11,51,8.32105215,109,625,62.07020751,10.09729468,8.19258302,8.434066347,450,18,499,33,468,532
43,1000,60,7.7,28,64,960,22,11,7,40,8.047860405,119,629,62.27054864,10.20619354,7.84443296,8.229712212,456,16,504,24,472,528
42,1000,60,7.7,28,71,956,27,7,10,44,8.270757948,112,642,62.97658481,11.18483756,7.834376833,8.785098217,521,20,435,24,541,459
40,1000,60,7.7,28,71,942,34,15,9,58,8.446533027,115,614,62.78274532,10.25563063,7.937918626,9.006436275,502,22,440,36,524,476
41,1000,60,7.7,28,76,945,32,15,8,55,8.583769681,114,643,62.71475709,10.81988174,7.986646058,9.152903133,472,16,473,39,488,512
44,1000,60,7.7,28,68,954,33,9,4,46,8.253436486,91,597,62.77207558,10.50140783,7.882276858,8.627577316,486,16,468,30,502,498
47,1000,60,7.7,28,43,959,23,6,12,41,8.08365227,92,626,61.59668251,10.05989675,7.582930055,8.529474885,459,12,500,29,471,529
46,1000,60,7.7,28,53,957,29,9,5,43,7.955654791,98,632,62.33636962,10.16649989,7.780812265,8.125669318,467,26,490,17,493,507
45,1000,60,7.7,28,56,948,30,11,11,52,8.277375036,78,608,62.11917797,10.12258008,8.149515027,8.389853391,449,19,499,33,468,532
43,1000,60,7.7,28,65,960,22,10,8,40,8.072869759,126,606,62.30745769,10.24579798,7.866732906,8.257143612,456,16,504,24,472,528
42,1000,60,7.7,28,72,956,28,7,9,44,8.284988586,133,642,63.01699888,11.2152465,7.903544858,8.734576945,520,21,436,23,541,459
41,1000,60,7.7,28,77,948,28,16,8,52,8.576010008,128,651,62.77255611,10.85682117,7.943960929,9.178431786,474,14,474,38,488,512
44,1000,60,7.7,28,69,955,32,10,3,45,8.252335742,118,616,62.80330925,10.51007678,7.931267167,8.575983181,485,17,470,28,502,498
40,1000,60,7.7,28,72,942,34,15,9,58,8.465977836,105,636,62.83123375,10.26176651,7.962513412,9.020211782,502,22,440,36,524,476
47,1000,60,7.7,28,44,959,23,6,12,41,8.132244942,113,607,61.64434466,10.0858864,7.644958601,8.566104804,459,12,500,29,471,529
46,1000,60,7.7,28,54,957,29,9,5,43,7.998562705,96,641,62.39672626,10.17979534,7.826285021,8.166083213,467,26,490,17,493,507
45,1000,60,7.7,28,57,947,32,11,10,53,8.296862434,111,632,62.14840431,10.13580361,8.174955842,8.404103571,448,20,499,33,468,532
42,1000,60,7.7,28,73,955,29,7,9,45,8.305599345,116,638,63.02380166,11.22104201,7.910846412,8.77087459,519,22,436,23,541,459
43,1000,60,7.7,28,66,959,22,11,8,41,8.076938235,97,612,62.34594469,10.24022726,7.859178515,8.271602227,456,16,503,25,472,528
41,1000,60,7.7,28,78,947,28,16,9,53,8.620528687,121,672,62.83651153,10.86045834,8.002476953,9.209609246,472,16,475,37,488,512
44,1000,60,7.7,28,70,957,30,10,3,43,8.250497814,106,663,62.83321015,10.52659811,7.929263776,8.574312046,486,16,471,27,502,498
40,1000,60,7.7,28,73,941,35,16,8,59,8.445454916,103,632,62.88302787,10.26785663,7.93889815,9.003093036,501,23,440,36,524,476
47,1000,60,7.7,28,45,960,23,6,11,40,8.132697132,114,626,61.67839638,10.11042689,7.687957171,8.528675433,458,13,502,27,471,529
46,1000,60,7.7,28,55,957,29,9,5,43,8.012085753,101,608,62.44113634,10.22143871,7.818980204,8.199858999,467,26,490,17,493,507
42,1000,60,7.7,28,74,955,29,7,9,45,8.294941599,136,612,63.07328056,11.23162906,7.929437188,8.725743094,519,22,436,23,541,459
45,1000,60,7.7,28,58,949,32,10,9,51,8.295137392,122,650,62.17857233,10.12954485,8.142540828,8.429376476,450,18,499,33,468,532
43,1000,60,7.7,28,67,959,22,11,8,41,8.12024306,100,621,62.37218937,10.24458238,7.897758214,8.319131028,456,16,503,25,472,528
41,1000,60,7.7,28,79,948,28,15,9,52,8.644747034,111,638,62.87917949,10.87163894,8.061908684,9.200264836,472,16,476,36,488,512
44,1000,60,7.7,28,71,956,31,10,3,44,8.287895416,118,640,62.87866131,10.53710663,7.955229773,8.623233072,486,16,470,28,502,498
40,1000,60,7.7,28,74,942,34,16,8,58,8.435106031,110,641,62.90680037,10.26806017,7.931054298,8.98998651,502,22,440,36,524,476
46,1000,60,7.7,28,56,958,28,9,5,42,8.048730074,97,598,62.48768558,10.24037184,7.865598069,8.226805179,468,25,490,17,493,507
47,1000,60,7.7,28,46,959,24,6,11,41,8.150351268,110,631,61.7423768,10.14800713,7.673237515,8.575153872,458,13,501,28,471,529
42,1000,60,7.7,28,75,955,29,7,9,45,8.327914758,113,645,63.11697192,11.24064285,7.987506315,8.72913691,519,22,436,23,541,459
45,1000,60,7.7,28,59,949,32,10,9,51,8.267936853,121,618,62.21052908,10.14336164,8.067718129,8.444069113,450,18,499,33,468,532
41,1000,60,7.7,28,80,948,27,16,9,52,8.647836609,98,603,62.90545249,10.89777585,8.078474602,9.190509773,472,16,476,36,488,512
43,1000,60,7.7,28,68,959,22,11,8,41,8.143643173,125,640,62.39415956,10.27177994,7.934399638,8.330694213,456,16,503,25,472,528
44,1000,60,7.7,28,72,957,29,11,3,43,8.297745652,96,656,62.94915794,10.54355805,7.99785879,8.600041244,486,16,471,27,502,498
46,1000,60,7.7,28,57,955,31,9,5,45,8.086553195,112,642,62.5350526,10.27790336,7.906596094,8.261541067,467,26,488,19,493,507
47,1000,60,7.7,28,47,957,26,6,11,43,8.159619612,111,615,61.76464975,10.17672643,7.695715742,8.572660675,457,14,500,29,471,529
42,1000,60,7.7,28,76,955,29,7,9,45,8.328345512,125,623,63.18622609,11.28739474,7.974930273,8.744898114,519,22,436,23,541,459
40,1000,60,7.7,28,75,944,33,15,8,56,8.434196106,102,642,62.97573573,10.29669271,7.968207613,8.947175035,502,22,442,34,524,476
41,1000,60,7.7,28,81,949,27,15,9,51,8.636508604,119,631,62.93075922,10.91905696,8.05368386,9.192013437,473,15,476,36,488,512
45,1000,60,7.7,28,60,949,32,10,9,51,8.299751737,102,638,62.27249268,10.17075175,8.122847194,8.455374531,450,18,499,33,468,532
44,1000,60,7.7,28,73,956,30,11,3,44,8.326845716,88,619,62.98422891,10.57375174,8.022347408,8.633789794,486,16,470,28,502,498
43,1000,60,7.7,28,69,959,22,11,8,41,8.176506297,122,640,62.43450167,10.30209911,7.933090457,8.394105305,456,16,503,25,472,528
42,1000,60,7.7,28,77,954,31,7,8,46,8.347650687,127,643,63.21720145,11.30951242,8.023787856,8.729371366,519,22,435,24,541,459
46,1000,60,7.7,28,58,955,31,9,5,45,8.096445602,121,655,62.59413758,10.30183057,7.906179806,8.28145751,467,26,488,19,493,507
47,1000,60,7.7,28,48,958,26,5,11,42,8.192503738,107,609,61.79098683,10.20920499,7.768538275,8.569985274,457,14,501,28,471,529
41,1000,60,7.7,28,82,949,27,15,9,51,8.654051433,111,648,62.96887111,10.91093996,8.084712545,9.19670256,473,15,476,36,488,512
44,1000,60,7.7,28,74,956,30,11,3,44,8.344309316,116,656,63.01273623,10.60199566,8.054918694,8.636024361,486,16,470,28,502,498
40,1000,60,7.7,28,76,944,33,15,8,56,8.434488853,107,645,63.02123926,10.31496463,7.982741542,8.931790514,502,22,442,34,524,476
45,1000,60,7.7,28,61,948,33,10,9,52,8.353260158,115,654,62.30175982,10.18721343,8.121111217,8.557481406,450,18,498,34,468,532
43,1000,60,7.7,28,70,957,24,11,8,43,8.214177557,107,645,62.45101998,10.30796044,7.973658656,8.429186878,454,18,503,25,472,528
42,1000,60,7.7,28,78,952,32,8,8,48,8.415305305,120,637,63.27946579,11.34971342,8.093803687,8.794242941,517,24,435,24,541,459
46,1000,60,7.7,28,59,954,32,9,5,46,8.070582369,100,640,62.62430796,10.32966567,7.890345256,8.24584252,466,27,488,19,493,507
41,1000,60,7.7,28,83,949,28,14,9,51,8.661761387,112,644,63.0300581,10.91381036,8.115465565,9.182449592,472,16,477,35,488,512
47,1000,60,7.7,28,49,957,27,5,11,43,8.203481725,122,631,61.84696768,10.23327569,7.782426961,8.578371695,456,15,501,28,471,529
44,1000,60,7.7,28,75,956,30,11,3,44,8.333364717,113,626,63.03649132,10.62732351,8.029646435,8.639522503,485,17,471,27,502,498
45,1000,60,7.7,28,62,947,33,9,11,53,8.383986055,108,643,62.33660382,10.21129284,8.146393688,8.592995883,450,18,497,35,468,532
40,1000,60,7.7,28,77,945,33,14,8,55,8.413596692,112,628,63.05333381,10.34186153,7.997710954,8.871420488,502,22,443,33,524,476
43,1000,60,7.7,28,71,956,25,11,8,44,8.25818526,115,618,62.50454837,10.29578388,8.008876,8.481052628,453,19,503,25,472,528
42,1000,60,7.7,28,79,952,32,8,8,48,8.426428098,119,623,63.30207099,11.38525123,8.107547911,8.802275987,517,24,435,24,541,459
41,1000,60,7.7,28,84,946,32,13,9,54,8.723137177,115,650,63.0589815,10.92479731,8.138505829,9.28036393,471,17,475,37,488,512
46,1000,60,7.7,28,60,953,33,9,5,47,8.102687654,111,638,62.66947289,10.35072291,7.913253904,8.286890493,465,28,488,19,493,507
47,1000,60,7.7,28,50,956,28,5,11,44,8.20038005,119,606,61.87728628,10.27843032,7.78219227,8.572717374,456,15,500,29,471,529
44,1000,60,7.7,28,76,957,29,11,3,43,8.353063173,103,649,63.06601923,10.65034725,8.052405278,8.65613599,486,16,471,27,502,498
45,1000,60,7.7,28,63,947,34,9,10,53,8.411020566,111,628,62.37119824,10.22477376,8.211578915,8.586469236,450,18,497,35,468,532
43,1000,60,7.7,28,72,955,27,11,7,45,8.257500446,96,646,62.52115601,10.29971008,8.010074335,8.478684393,453,19,502,26,472,528
40,1000,60,7.7,28,78,945,34,14,7,55,8.391405702,108,640,63.11457108,10.33897908,7.983378678,8.840578308,502,22,443,33,524,476
42,1000,60,7.7,28,80,952,32,8,8,48,8.425791341,124,651,63.33717675,11.40768379,8.102555276,8.806773284,517,24,435,24,541,459
41,1000,60,7.7,28,85,946,33,12,9,54,8.734926142,112,666,63.08834359,10.96668476,8.17111733,9.272306417,470,18,476,36,488,512
44,1000,60,7.7,28,77,957,29,11,3,43,8.358252412,116,629,63.12083285,10.68165544,8.058361815,8.660551769,486,16,471,27,502,498
46,1000,60,7.7,28,61,952,34,9,5,48,8.108717179,100,623,62.72856749,10.38495068,7.925622716,8.28675578,464,29,488,19,493,507
47,1000,60,7.7,28,51,956,28,5,11,44,8.213509912,104,641,61.96519076,10.33333639,7.787678697,8.592652638,456,15,500,29,471,529
45,1000,60,7.7,28,64,947,32,11,10,53,8.444032464,123,623,62.38611408,10.26568456,8.244617819,8.619457378,450,18,497,35,468,532
43,1000,60,7.7,28,73,955,26,11,8,45,8.330830703,97,632,62.57571876,10.30434664,8.070655526,8.563411542,453,19,502,26,472,528
42,1000,60,7.7,28,81,952,31,9,8,48,8.436016007,125,630,63.35289492,11.4323269,8.089848161,8.844026474,517,24,435,24,541,459
40,1000,60,7.7,28,79,945,35,12,8,55,8.387513229,99,656,63.14705873,10.36290489,7.957459218,8.860934031,503,21,442,34,524,476
44,1000,60,7.7,28,78,957,29,11,3,43,8.364343304,110,648,63.18626265,10.68760793,8.049557328,8.681657682,486,16,471,27,502,498
41,1000,60,7.7,28,86,946,33,12,9,54,8.740448488,115,677,63.13148876,10.98052196,8.166664075,9.287336756,470,18,476,36,488,512
46,1000,60,7.7,28,62,954,32,9,5,46,8.088682697,107,662,62.76266884,10.40802879,7.902792958,8.269439386,465,28,489,18,493,507
47,1000,60,7.7,28,52,956,28,5,11,44,8.230681543,101,591,62.01820673,10.35156213,7.793020249,8.620357288,457,14,499,30,471,529
45,1000,60,7.7,28,65,947,32,11,10,53,8.461855192,105,652,62.43514101,10.28171662,8.241673698,8.655548687,449,19,498,34,468,532
43,1000,60,7.7,28,74,954,27,11,8,46,8.412554196,104,614,62.63456837,10.3274375,8.148421111,8.648673166,453,19,501,27,472,528
42,1000,60,7.7,28,82,950,33,10,7,50,8.431444936,138,631,63.39540188,11.45365634,8.072361775,8.85467803,517,24,433,26,541,459
41,1000,60,7.7,28,87,947,32,12,9,53,8.75250852,108,623,63.19993751,11.00976624,8.201416731,9.277767881,470,18,477,35,488,512
44,1000,60,7.7,28,79,957,29,11,3,43,8.406678453,110,665,63.21422951,10.70603741,8.074182298,8.74184526,486,16,471,27,502,498
40,1000,60,7.7,28,80,944,36,12,8,56,8.441256411,85,648,63.19534773,10.38277634,7.975752881,8.953701473,503,21,441,35,524,476
46,1000,60,7.7,28,63,955,31,9,5,45,8.106602292,111,640,62.82161914,10.43346112,7.935775496,8.272711977,466,27,489,18,493,507
47,1000,60,7.7,28,53,956,28,7,9,44,8.238060295,119,626,62.08889473,10.37076831,7.809936409,8.619244322,456,15,500,29,471,529
42,1000,60,7.7,28,83,948,34,10,8,52,8.458549061,110,655,63.44886788,11.47282961,8.048803721,8.941495095,517,24,431,28,541,459
43,1000,60,7.7,28,75,956,26,10,8,44,8.436870359,118,645,62.67120113,10.35036093,8.200128505,8.648503229,453,19,503,25,472,528
45,1000,60,7.7,28,66,946,32,12,10,54,8.480410665,111,647,62.45998519,10.29640266,8.238990915,8.692787438,448,20,498,34,468,532
41,1000,60,7.7,28,88,946,33,12,9,54,8.776578196,106,660,63.26695104,11.02163423,8.232526123,9.295127827,470,18,476,36,488,512
44,1000,60,7.7,28,80,955,30,12,3,45,8.442567378,108,642,63.30002071,10.71284874,8.070345871,8.817778617,485,17,470,28,502,498
46,1000,60,7.7,28,64,954,32,9,5,46,8.141624861,119,618,62.85880732,10.47220674,7.957605756,8.32056257,466,27,488,19,493,507
40,1000,60,7.7,28,81,944,35,13,8,56,8.458596774,124,647,63.22776059,10.39382509,8.027153539,8.93354689,503,21,441,35,524,476
47,1000,60,7.7,28,54,956,27,8,9,44,8.240956337,112,647,62.14468504,10.38973902,7.801746826,8.632010552,456,15,500,29,471,529
42,1000,60,7.7,28,84,947,35,10,8,53,8.45945281,124,646,63.47175608,11.48781384,8.056857963,8.933970918,517,24,430,29,541,459
45,1000,60,7.7,28,67,947,32,12,9,53,8.47071143,98,653,62.48955852,10.32088821,8.240222346,8.673472504,448,20,499,33,468,532
43,1000,60,7.7,28,76,955,27,10,8,45,8.446544961,118,623,62.72440745,10.36178592,8.211961839,8.656248056,452,20,503,25,472,528
41,1000,60,7.7,28,89,946,32,13,9,54,8.793874544,120,631,63.31306962,11.03000153,8.266859554,9.296185706,470,18,476,36,488,512
44,1000,60,7.7,28,81,956,30,11,3,44,8.442628782,106,638,63.36023589,10.75034079,8.047263113,8.841170079,486,16,470,28,502,498
46,1000,60,7.7,28,65,956,31,8,5,44,8.147583503,116,648,62.88203217,10.50797494,7.989648087,8.301157782,466,27,490,17,493,507
40,1000,60,7.7,28,82,941,38,13,8,59,8.516985438,116,628,63.25793168,10.41274154,8.100983086,8.974937606,502,22,439,37,524,476
47,1000,60,7.7,28,55,957,28,8,7,43,8.247337896,100,640,62.1740825,10.40993745,7.819493551,8.628273031,456,15,501,28,471,529
42,1000,60,7.7,28,85,949,35,8,8,51,8.44886979,126,638,63.53115072,11.5013127,8.063619196,8.902945108,518,23,431,28,541,459
45,1000,60,7.7,28,68,948,31,12,9,52,8.514504385,115,638,62.54557278,10.3550396,8.330265214,8.676579446,448,20,500,32,468,532
43,1000,60,7.7,28,77,954,28,10,8,46,8.469842526,107,640,62.75232352,10.37241131,8.221579416,8.691774699,451,21,503,25,472,528
41,1000,60,7.7,28,90,947,31,13,9,53,8.818297229,112,639,63.32840815,11.034655,8.294121565,9.317902157,470,18,477,35,488,512
44,1000,60,7.7,28,82,956,30,11,3,44,8.454692861,124,651,63.3829492,10.76425321,8.046558549,8.86610536,486,16,470,28,502,498
46,1000,60,7.7,28,66,956,31,8,5,44,8.162576176,119,632,62.95521031,10.53194789,7.961585823,8.358016501,467,26,489,18,493,507
42,1000,60,7.7,28,86,949,35,8,8,51,8.484865521,126,656,63.58085456,11.50335522,8.034649176,9.015512672,519,22,430,29,541,459
40,1000,60,7.7,28,83,939,40,13,8,61,8.541948801,116,637,63.26737923,10.43351435,8.13972495,8.984733041,500,24,439,37,524,476
47,1000,60,7.7,28,56,955,30,9,6,45,8.264308756,103,641,62.20421926,10.42849613,7.824474355,8.655919348,456,15,499,30,471,529
41,1000,60,7.7,28,91,947,31,13,9,53,8.817439749,91,643,63.38818389,11.05257068,8.279799353,9.32987825,470,18,477,35,488,512
45,1000,60,7.7,28,69,947,31,13,9,53,8.545739335,104,658,62.57533346,10.37003483,8.362459432,8.706970529,447,21,500,32,468,532
43,1000,60,7.7,28,78,954,28,8,10,46,8.531398261,110,638,62.77499142,10.38387316,8.313328444,8.726339461,451,21,503,25,472,528
44,1000,60,7.7,28,83,954,32,11,3,46,8.486743594,125,651,63.44774154,10.76849501,8.090932806,8.885733585,484,18,470,28,502,498
46,1000,60,7.7,28,67,957,31,8,4,43,8.171419926,106,610,62.99560221,10.5624657,7.977465139,8.36001896,468,25,489,18,493,507
42,1000,60,7.7,28,87,949,34,9,8,51,8.483270796,120,635,63.64981342,11.52188371,8.022714914,9.026104634,519,22,430,29,541,459
41,1000,60,7.7,28,92,945,32,13,10,55,8.867456373,121,632,63.42031988,11.07233149,8.312041209,9.39683645,469,19,476,36,488,512
40,1000,60,7.7,28,84,939,41,13,7,61,8.552157227,113,628,63.286847,10.4512148,8.137448983,9.00868479,500,24,439,37,524,476
47,1000,60,7.7,28,57,955,31,8,6,45,8.28260939,88,667,62.25381201,10.45218966,7.844201679,8.672949716,456,15,499,30,471,529
43,1000,60,7.7,28,79,953,29,8,10,47,8.537240626,104,659,62.82523544,10.42072857,8.33487524,8.718143017,450,22,503,25,472,528
45,1000,60,7.7,28,70,947,31,13,9,53,8.567104812,107,621,62.6023188,10.38959976,8.397720201,8.716112327,447,21,500,32,468,532
44,1000,60,7.7,28,84,954,32,11,3,46,8.472904134,131,650,63.50221887,10.78633455,8.068567977,8.880487971,485,17,469,29,502,498
46,1000,60,7.7,28,68,955,33,8,4,45,8.228482321,104,627,63.05716241,10.59538306,8.053324887,8.398803059,467,26,488,19,493,507
42,1000,60,7.7,28,88,947,36,10,7,53,8.494042539,117,647,63.71166958,11.55774032,8.032864278,9.037609946,518,23,429,30,541,459
41,1000,60,7.7,28,93,944,33,13,10,56,8.863068818,137,634,63.46583337,11.09152196,8.308137364,9.391987861,469,19,475,37,488,512
47,1000,60,7.7,28,58,955,31,7,7,45,8.287013755,114,616,62.3163012,10.46960099,7.862306189,8.665156031,456,15,499,30,471,529
44,1000,60,7.7,28,85,955,30,11,4,45,8.484449908,122,632,63.54152603,10.84127812,8.082753846,8.889372443,485,17,470,28,502,498
40,1000,60,7.7,28,85,939,41,13,7,61,8.561125851,103,640,63.35779353,10.48776878,8.133457161,9.031920795,500,24,439,37,524,476
43,1000,60,7.7,28,80,951,31,7,11,49,8.587964716,113,610,62.87764339,10.45616819,8.38841785,8.766347519,450,22,501,27,472,528
45,1000,60,7.7,28,71,947,33,11,9,53,8.582531923,112,609,62.63331248,10.41732435,8.460645407,8.689755399,445,23,502,30,468,532
46,1000,60,7.7,28,69,956,32,8,4,44,8.271262536,122,636,63.09074918,10.61058566,8.084208557,8.453151318,468,25,488,19,493,507
42,1000,60,7.7,28,89,948,35,10,7,52,8.474493377,111,628,63.75185882,11.57071278,8.025987469,9.003124522,518,23,430,29,541,459
41,1000,60,7.7,28,94,945,32,13,10,55,8.883330063,128,625,63.49438707,11.10700391,8.368902255,9.373644068,469,19,476,36,488,512
44,1000,60,7.7,28,86,957,27,11,5,43,8.480610233,125,614,63.58459969,10.86844501,8.069479555,8.895043165,486,16,471,27,502,498
43,1000,60,7.7,28,81,950,32,6,12,50,8.620999966,109,628,62.93334209,10.46806559,8.423899125,8.797196171,449,23,501,27,472,528
47,1000,60,7.7,28,59,953,33,7,7,47,8.342145721,110,629,62.35199282,10.50158275,7.893984002,8.741170617,456,15,497,32,471,529
45,1000,60,7.7,28,72,946,34,11,9,54,8.573492245,105,616,62.64949147,10.43861841,8.463675828,8.670097665,445,23,501,31,468,532
40,1000,60,7.7,28,86,940,39,14,7,60,8.601311551,108,622,63.38061269,10.49892758,8.185420342,9.05914137,500,24,440,36,524,476
46,1000,60,7.7,28,70,957,31,7,5,43,8.291962564,116,642,63.17376844,10.61597933,8.130930138,8.448548335,468,25,489,18,493,507
42,1000,60,7.7,28,90,950,34,9,7,50,8.467220779,120,644,63.77370403,11.59745787,7.990557301,9.029039824,521,20,429,30,541,459
41,1000,60,7.7,28,95,945,32,13,10,55,8.859216955,116,632,63.52234793,11.13904766,8.335701396,9.358192722,469,19,476,36,488,512
44,1000,60,7.7,28,87,957,26,11,6,43,8.477338274,118,652,63.60040813,10.90303391,8.062249385,8.89576121,486,16,471,27,502,498
43,1000,60,7.7,28,82,950,32,6,12,50,8.653085422,109,632,62.97131469,10.49349387,8.444660748,8.839404449,449,23,501,27,472,528
45,1000,60,7.7,28,73,948,32,11,9,52,8.548998131,113,661,62.69635146,10.45806186,8.430459405,8.65327656,446,22,502,30,468,532
47,1000,60,7.7,28,60,953,32,8,7,47,8.351396665,106,642,62.38881294,10.54006206,7.916293637,8.738794635,456,15,497,32,471,529
40,1000,60,7.7,28,87,941,40,13,6,59,8.562047297,105,638,63.43346848,10.53807874,8.154937181,9.010210535,500,24,441,35,524,476
42,1000,60,7.7,28,91,951,33,9,7,49,8.452641891,99,632,63.8010541,11.63557954,7.971339587,9.019928485,522,19,429,30,541,459
46,1000,60,7.7,28,71,956,32,7,5,44,8.304352615,98,609,63.24221916,10.64023513,8.157019598,8.447617265,468,25,488,19,493,507
44,1000,60,7.7,28,88,957,26,11,6,43,8.45602117,125,639,63.65775372,10.93332291,8.043955295,8.87139681,486,16,471,27,502,498
41,1000,60,7.7,28,96,944,33,13,10,56,8.875842491,117,653,63.55365076,11.15806678,8.351106829,9.37598117,468,20,476,36,488,512
43,1000,60,7.7,28,83,949,32,7,12,51,8.696113204,95,654,62.98128793,10.5271458,8.499986061,8.871438983,448,24,501,27,472,528
45,1000,60,7.7,28,74,948,32,10,10,52,8.578116769,95,626,62.74016466,10.46415349,8.437065123,8.702199797,446,22,502,30,468,532
47,1000,60,7.7,28,61,954,32,7,7,46,8.379308747,115,605,62.42967847,10.55991444,7.918449186,8.789639283,457,14,497,32,471,529
42,1000,60,7.7,28,92,950,34,9,7,50,8.45785461,142,659,63.8521092,11.64430996,7.990320691,9.008913108,522,19,428,31,541,459
40,1000,60,7.7,28,88,941,40,13,6,59,8.574452016,106,633,63.51289151,10.56034782,8.147350699,9.044622373,500,24,441,35,524,476
46,1000,60,7.7,28,72,956,32,7,5,44,8.332385385,109,644,63.27799638,10.65963626,8.17823578,8.482278393,468,25,488,19,493,507
44,1000,60,7.7,28,89,955,28,11,6,45,8.49359285,116,647,63.69439354,10.9658462,8.082738849,8.907746883,485,17,470,28,502,498
41,1000,60,7.7,28,97,944,33,13,10,56,8.896057743,118,645,63.59912114,11.16570798,8.412223073,9.357212664,468,20,476,36,488,512
43,1000,60,7.7,28,84,948,32,7,13,52,8.790962266,101,628,63.0180104,10.54575152,8.599476715,8.962138743,448,24,500,28,472,528
45,1000,60,7.7,28,75,948,32,10,10,52,8.59118151,119,602,62.76173669,10.48107117,8.451776259,8.713816204,447,21,501,31,468,532
42,1000,60,7.7,28,93,949,34,10,7,51,8.492291599,117,625,63.89238576,11.66589919,8.03621952,9.029840606,521,20,428,31,541,459
47,1000,60,7.7,28,62,953,33,7,7,47,8.350380771,111,645,62.48809286,10.5983734,7.876299208,8.772483637,457,14,496,33,471,529
44,1000,60,7.7,28,90,954,28,12,6,46,8.516436484,106,655,63.71625016,10.98766784,8.151857226,8.88394409,485,17,469,29,502,498
46,1000,60,7.7,28,73,957,30,8,5,43,8.324681543,112,634,63.31193426,10.66940032,8.214844537,8.431485574,468,25,489,18,493,507
40,1000,60,7.7,28,89,941,40,13,6,59,8.583658216,105,642,63.53908937,10.58145432,8.152744045,9.058025918,500,24,441,35,524,476
41,1000,60,7.7,28,98,944,33,13,10,56,8.905238323,126,644,63.62585314,11.17907307,8.440254368,9.348426154,468,20,476,36,488,512
43,1000,60,7.7,28,85,946,34,7,13,54,8.81180866,121,630,63.06032368,10.56667611,8.610748806,8.991543984,447,25,499,29,472,528
42,1000,60,7.7,28,94,948,35,10,7,52,8.496650266,125,653,63.90875833,11.68282198,8.059532923,9.011858289,520,21,428,31,541,459
45,1000,60,7.7,28,76,946,34,10,10,54,8.623778923,98,613,62.7932386,10.49415035,8.496779659,8.735500079,446,22,500,32,468,532
47,1000,60,7.7,28,63,953,33,7,7,47,8.368833273,112,644,62.52434582,10.62143038,7.964378403,8.728943375,456,15,497,32,471,529
44,1000,60,7.7,28,91,954,28,12,6,46,8.56370002,95,648,63.76285453,10.99701427,8.20870297,8.921548451,485,17,469,29,502,498
46,1000,60,7.7,28,74,958,29,8,5,42,8.316216025,116,639,63.33732577,10.67689944,8.211037604,8.418490112,468,25,490,17,493,507
41,1000,60,7.7,28,99,945,32,12,11,55,8.95737385,124,654,63.65373652,11.19400381,8.521247679,9.373056607,468,20,477,35,488,512
40,1000,60,7.7,28,90,940,40,14,6,60,8.615727025,102,631,63.5888017,10.62994389,8.168626433,9.107913391,500,24,440,36,524,476
42,1000,60,7.7,28,95,947,36,9,8,53,8.561365921,117,660,63.91748964,11.70452006,8.108420585,9.095229595,519,22,428,31,541,459
43,1000,60,7.7,28,86,947,33,8,12,53,8.808177521,105,654,63.09687092,10.58226492,8.618705708,8.977553839,448,24,499,29,472,528
45,1000,60,7.7,28,77,945,35,10,10,55,8.65904969,117,614,62.84456241,10.51808035,8.544809904,8.759546343,445,23,500,32,468,532
44,1000,60,7.7,28,92,954,29,11,6,46,8.566955347,104,647,63.80044132,11.01426974,8.195259522,8.941636681,486,16,468,30,502,498
47,1000,60,7.7,28,64,956,29,8,7,44,8.353206417,102,665,62.54025781,10.63096875,7.931693954,8.728503903,457,14,499,30,471,529
41,1000,60,7.7,28,100,946,31,12,11,54,8.928879378,105,633,63.68015976,11.21177044,8.488461031,9.348653116,469,19,477,35,488,512
46,1000,60,7.7,28,75,957,29,9,5,43,8.326339022,131,623,63.39548814,10.67769534,8.231257446,8.418795071,468,25,489,18,493,507
40,1000,60,7.7,28,91,940,40,14,6,60,8.646955168,93,642,63.63126542,10.63683263,8.204400416,9.13413729,499,25,441,35,524,476
42,1000,60,7.7,28,96,946,36,10,8,54,8.563552178,128,662,63.93632826,11.72642381,8.125708421,9.079616389,518,23,428,31,541,459
43,1000,60,7.7,28,87,948,33,8,11,52,8.832675449,98,631,63.14102291,10.59442121,8.663732328,8.983700361,448,24,500,28,472,528
44,1000,60,7.7,28,93,954,29,11,6,46,8.571699085,117,647,63.82818957,11.04308046,8.197407111,8.94899742,486,16,468,30,502,498
45,1000,60,7.7,28,78,944,34,12,10,56,8.671544891,106,651,62.87536668,10.54764942,8.530418521,8.795693652,445,23,499,33,468,532
47,1000,60,7.7,28,65,957,28,8,7,43,8.364971705,123,618,62.57736483,10.65555061,7.988913464,8.699798607,457,14,500,29,471,529
41,1000,60,7.7,28,101,945,32,12,11,55,8.924307301,121,638,63.71767614,11.24034017,8.483137974,9.344796816,469,19,476,36,488,512
46,1000,60,7.7,28,76,957,29,9,5,43,8.330817607,129,636,63.41409525,10.71279081,8.227459691,8.431321458,468,25,489,18,493,507
40,1000,60,7.7,28,92,938,41,15,6,62,8.659967661,127,639,63.68852817,10.67344418,8.211821539,9.153304988,498,26,440,36,524,476
44,1000,60,7.7,28,94,954,29,11,6,46,8.582688403,120,640,63.86657749,11.06321137,8.235176645,8.93299142,486,16,468,30,502,498
42,1000,60,7.7,28,97,946,36,10,8,54,8.577071372,110,631,63.94325406,11.75057523,8.16615295,9.061400056,518,23,428,31,541,459
43,1000,60,7.7,28,88,947,33,9,11,53,8.854581802,108,636,63.1752605,10.61976051,8.689469532,9.002182164,448,24,499,29,472,528
41,1000,60,7.7,28,102,945,32,11,12,55,8.929294353,106,660,63.72030251,11.27062186,8.531080721,9.308841722,469,19,476,36,488,512
47,1000,60,7.7,28,66,957,28,8,7,43,8.355042432,126,656,62.59531573,10.67683905,7.987519687,8.682269678,457,14,500,29,471,529
45,1000,60,7.7,28,79,944,34,12,10,56,8.670644077,106,631,62.91071385,10.56982321,8.50872041,8.813088205,445,23,499,33,468,532
46,1000,60,7.7,28,77,957,29,9,5,43,8.33007574,95,655,63.44564046,10.72314697,8.228231385,8.429107825,468,25,489,18,493,507
44,1000,60,7.7,28,95,954,29,11,6,46,8.595967277,124,632,63.91664484,11.10746083,8.278978683,8.915501964,487,15,467,31,502,498
42,1000,60,7.7,28,98,946,36,10,8,54,8.598515696,115,653,64.01226522,11.79282784,8.186993545,9.083555965,518,23,428,31,541,459
43,1000,60,7.7,28,89,946,33,10,11,54,8.851170466,117,637,63.20430156,10.63995216,8.654210581,9.027240666,447,25,499,29,472,528
41,1000,60,7.7,28,103,945,31,12,12,55,8.977248153,119,650,63.77522759,11.29126412,8.603599959,9.333381587,469,19,476,36,488,512
40,1000,60,7.7,28,93,939,40,16,5,61,8.686275397,112,679,63.76034949,10.70405904,8.221673319,9.197728105,498,26,441,35,524,476
47,1000,60,7.7,28,67,957,27,9,7,43,8.349507221,116,626,62.65910068,10.70721396,7.994751223,8.665367476,456,15,501,28,471,529
45,1000,60,7.7,28,80,943,34,13,10,57,8.682012565,102,640,62.92858224,10.57911524,8.526071345,8.819193939,445,23,498,34,468,532
46,1000,60,7.7,28,78,957,29,9,5,43,8.328425633,104,626,63.47868588,10.74575702,8.240506342,8.413917173,468,25,489,18,493,507
42,1000,60,7.7,28,99,946,35,10,9,54,8.614279501,120,656,64.05566025,11.83572927,8.202589673,9.099517404,518,23,428,31,541,459
44,1000,60,7.7,28,96,953,29,12,6,47,8.603816525,129,635,63.93536964,11.12187988,8.281737817,8.92848221,487,15,466,32,502,498
41,1000,60,7.7,28,104,945,31,12,12,55,9.017757994,127,640,63.80149576,11.30454901,8.627510516,9.389712621,469,19,476,36,488,512
48,1000,60,7.7,28,0,949,33,12,6,51,6.93,82,593,59.87865657,8.726908215,6.375545852,7.398523985,441,17,508,34,458,542
43,1000,60,7.7,28,90,946,33,10,11,54,8.860446124,100,638,63.24774476,10.67177898,8.658038591,9.04138619,447,25,499,29,472,528
40,1000,60,7.7,28,94,940,39,16,5,60,8.709119541,110,618,63.81393448,10.7243362,8.241313889,9.224098872,498,26,442,34,524,476
46,1000,60,7.7,28,79,957,29,9,5,43,8.339551265,123,636,63.49885257,10.76170594,8.247721197,8.428845591,468,25,489,18,493,507
47,1000,60,7.7,28,68,957,27,9,7,43,8.374932159,100,620,62.70079353,10.73036752,8.0524646,8.662044106,456,15,501,28,471,529
45,1000,60,7.7,28,81,943,34,13,10,57,8.665511856,110,632,62.9535461,10.60255349,8.506688762,8.805228413,444,24,499,33,468,532
42,1000,60,7.7,28,100,944,38,10,8,56,8.632638844,127,666,64.09577854,11.86282402,8.215097768,9.124773314,517,24,427,32,541,459
44,1000,60,7.7,28,97,953,28,13,6,47,8.622528224,115,667,63.95849305,11.13353644,8.3178536,8.929650034,487,15,466,32,502,498
43,1000,60,7.7,28,91,945,34,10,11,55,8.87765713,118,623,63.3087158,10.70017418,8.711734158,9.025982211,446,26,499,29,472,528
48,1000,60,7.7,28,1,949,33,12,6,51,6.955419085,76,603,59.91150278,8.752850123,6.407903629,7.418079747,441,17,508,34,458,542
46,1000,60,7.7,28,80,958,28,9,5,42,8.347076084,102,637,63.54786342,10.82977577,8.252549355,8.438992608,470,23,488,19,493,507
47,1000,60,7.7,28,69,957,26,10,7,43,8.385452678,82,642,62.74655759,10.75467179,8.028394622,8.703362591,456,15,501,28,471,529
40,1000,60,7.7,28,95,940,38,17,5,60,8.726711286,114,678,63.85687658,10.75246849,8.263367531,9.236778782,498,26,442,34,524,476
45,1000,60,7.7,28,82,943,32,14,11,57,8.684350297,123,641,63.01104524,10.63953156,8.491612375,8.853901703,444,24,499,33,468,532
42,1000,60,7.7,28,101,944,38,10,8,56,8.644866568,130,633,64.1279285,11.89377159,8.24342579,9.118024436,516,25,428,31,541,459
44,1000,60,7.7,28,98,954,27,13,6,46,8.647482084,117,648,63.98265035,11.14193556,8.36174565,8.935513589,488,14,466,32,502,498
43,1000,60,7.7,28,92,946,33,10,11,54,8.893827728,112,609,63.34858185,10.71762788,8.718501022,9.050559177,446,26,500,28,472,528
46,1000,60,7.7,28,81,958,28,9,5,42,8.414151495,115,642,63.59204397,10.83670603,8.328658706,8.497283535,470,23,488,19,493,507
48,1000,60,7.7,28,2,949,32,13,6,51,6.96187279,91,588,59.93926363,8.776554062,6.403790221,7.433462858,441,17,508,34,458,542
47,1000,60,7.7,28,70,958,26,9,7,42,8.4003511,109,644,62.7759185,10.76824798,8.047747243,8.714295177,456,15,502,27,471,529
42,1000,60,7.7,28,102,944,38,10,8,56,8.681038179,118,635,64.14552523,11.91218947,8.293751963,9.137512783,516,25,428,31,541,459
44,1000,60,7.7,28,99,954,27,12,7,46,8.655622845,123,667,64.00047663,11.17853065,8.340552905,8.973223468,489,13,465,33,502,498
45,1000,60,7.7,28,83,942,32,15,11,58,8.70416376,122,678,63.063164,10.66446646,8.492215228,8.890614725,444,24,498,34,468,532
40,1000,60,7.7,28,96,940,38,17,5,60,8.803799772,106,632,63.87724356,10.7701404,8.349522765,9.303886226,497,27,443,33,524,476
43,1000,60,7.7,28,93,945,34,10,11,55,8.917318795,118,647,63.43003683,10.71996667,8.747037821,9.069539665,445,27,500,28,472,528
46,1000,60,7.7,28,82,959,26,10,5,41,8.411566234,94,630,63.62131638,10.85256477,8.33558938,8.485445109,471,22,488,19,493,507
48,1000,60,7.7,28,3,951,30,13,6,49,6.997510905,91,622,59.96846886,8.781885491,6.45437247,7.456472903,441,17,510,32,458,542
42,1000,60,7.7,28,103,943,39,10,8,57,8.68771055,123,633,64.17791584,11.91979285,8.291819354,9.154327406,516,25,427,32,541,459
47,1000,60,7.7,28,71,958,26,9,7,42,8.415759534,111,622,62.80815077,10.81026533,8.055121631,8.736856797,456,15,502,27,471,529
44,1000,60,7.7,28,100,954,28,10,8,46,8.66508397,114,661,64.03450937,11.2013692,8.359881871,8.972737492,488,14,466,32,502,498
45,1000,60,7.7,28,84,944,32,13,11,56,8.683974392,110,658,63.09725552,10.70153148,8.507766204,8.838984603,445,23,499,33,468,532
40,1000,60,7.7,28,97,940,38,16,6,60,8.808587913,108,644,63.91745196,10.78988688,8.353956347,9.309064678,497,27,443,33,524,476
43,1000,60,7.7,28,94,946,33,10,11,54,8.953515392,125,632,63.44989275,10.72836697,8.767409996,9.119882337,446,26,500,28,472,528
46,1000,60,7.7,28,83,959,26,10,5,41,8.416692618,104,639,63.69006747,10.89741627,8.318753296,8.511927502,471,22,488,19,493,507
42,1000,60,7.7,28,104,944,38,9,9,56,8.708242212,129,662,64.20912633,11.96556598,8.328434014,9.155902854,516,25,428,31,541,459
49,1000,60,7.7,28,0,947,22,15,16,53,6.867,88,597,60.04720872,8.762785314,5.669921875,8.12295082,501,11,446,42,512,488
44,1000,60,7.7,28,101,954,27,11,8,46,8.730413575,118,646,64.10358317,11.19509648,8.466118811,8.996831189,488,14,466,32,502,498
48,1000,60,7.7,28,4,951,30,13,6,49,7.014851209,89,645,59.98433536,8.818083481,6.490072912,7.458298553,441,17,510,32,458,542
47,1000,60,7.7,28,72,958,27,8,7,42,8.420397993,125,628,62.81597229,10.83328795,8.08343965,8.720411942,456,15,502,27,471,529
45,1000,60,7.7,28,85,943,33,13,11,57,8.702995127,108,618,63.12517292,10.72856754,8.514267308,8.869018848,444,24,499,33,468,532
43,1000,60,7.7,28,95,946,33,10,11,54,8.96447778,121,659,63.48740991,10.73289627,8.746130422,9.159667086,446,26,500,28,472,528
40,1000,60,7.7,28,98,939,39,16,6,61,8.82446946,110,640,63.98622164,10.81185128,8.382451662,9.311060481,496,28,443,33,524,476
46,1000,60,7.7,28,84,960,25,10,5,40,8.41022015,116,638,63.72387727,10.93130848,8.282861462,8.53406203,471,22,489,18,493,507
44,1000,60,7.7,28,102,954,27,11,8,46,8.727959892,114,661,64.16763602,11.20578482,8.48270072,8.975189017,488,14,466,32,502,498
49,1000,60,7.7,28,1,947,21,16,16,53,6.913770366,89,623,60.07361807,8.786127186,5.719455172,8.166822373,501,11,446,42,512,488
48,1000,60,7.7,28,5,951,30,13,6,49,7.030621881,85,646,60.0194004,8.821975064,6.499983849,7.479020807,441,17,510,32,458,542
47,1000,60,7.7,28,73,959,26,7,8,41,8.425856142,110,645,62.86434437,10.87122982,8.066548477,8.745769016,456,15,503,26,471,529
45,1000,60,7.7,28,86,944,32,12,12,56,8.716181662,105,629,63.17686205,10.75726873,8.523565531,8.885625928,444,24,500,32,468,532
46,1000,60,7.7,28,85,959,26,11,4,41,8.416023369,121,632,63.77678464,10.96007047,8.28896654,8.539571724,470,23,489,18,493,507
43,1000,60,7.7,28,96,945,34,10,11,55,8.963576217,130,640,63.54448193,10.77492525,8.764135574,9.141864064,446,26,499,29,472,528
44,1000,60,7.7,28,103,954,27,11,8,46,8.735141394,113,627,64.20728535,11.21871894,8.507445396,8.964666275,488,14,466,32,502,498
40,1000,60,7.7,28,99,937,41,16,6,63,8.867645608,112,638,64.02831925,10.82984988,8.405710657,9.376162235,495,29,442,34,524,476
49,1000,60,7.7,28,2,948,20,16,16,52,6.924211332,84,582,60.08899293,8.797343694,5.732747281,8.174271977,502,10,446,42,512,488
48,1000,60,7.7,28,6,952,30,12,6,48,7.043274688,90,600,60.06368906,8.868552207,6.526269882,7.480153287,441,17,511,31,458,542
47,1000,60,7.7,28,74,959,26,7,8,41,8.461136409,112,645,62.88273121,10.89135202,8.096017717,8.786223183,456,15,503,26,471,529
45,1000,60,7.7,28,87,944,31,13,12,56,8.728098574,132,659,63.2121911,10.81668245,8.560206101,8.875793456,444,24,500,32,468,532
46,1000,60,7.7,28,86,959,26,11,4,41,8.417822109,118,634,63.82352983,11.00326051,8.287948133,8.544109821,470,23,489,18,493,507
43,1000,60,7.7,28,97,945,35,10,10,55,8.990235039,112,652,63.60448978,10.79663658,8.817255518,9.144868247,446,26,499,29,472,528
44,1000,60,7.7,28,104,954,26,12,8,46,8.720351057,108,625,64.27529831,11.25816059,8.499644414,8.942830444,487,15,467,31,502,498
50,1000,60,7.7,28,0,940,27,16,17,60,7.102,87,598,60.10236139,8.912761291,6.083809524,8.227368421,509,16,431,44,525,475
40,1000,60,7.7,28,100,939,40,15,6,61,8.873677084,104,658,64.07108279,10.86029589,8.439986291,9.351101402,495,29,444,32,524,476
49,1000,60,7.7,28,3,948,20,16,16,52,6.947655611,94,611,60.15957505,8.807682165,5.751715018,8.202412955,502,10,446,42,512,488
48,1000,60,7.7,28,7,954,28,12,6,46,7.04141663,96,607,60.12178813,8.891045794,6.564672563,7.444274163,441,17,513,29,458,542
47,1000,60,7.7,28,75,957,28,8,7,43,8.458559834,112,640,62.90467173,10.89324746,8.089812555,8.786877354,456,15,501,28,471,529
45,1000,60,7.7,28,88,943,32,13,12,57,8.74839064,110,644,63.24286828,10.84557353,8.561198255,8.913063641,444,24,499,33,468,532
46,1000,60,7.7,28,87,958,27,11,4,42,8.445019748,119,649,63.84319533,11.02773862,8.335463226,8.551551041,470,23,488,19,493,507
50,1000,60,7.7,28,1,941,26,16,17,59,7.103224133,87,600,60.13954712,8.913174355,6.107201146,8.204091644,509,16,432,43,525,475
43,1000,60,7.7,28,98,943,37,10,10,57,9.006874252,111,651,63.60628938,10.82321841,8.827033189,9.167641263,444,28,499,29,472,528
49,1000,60,7.7,28,4,950,20,14,16,50,6.936503604,98,637,60.22109203,8.837899617,5.741875933,8.189883456,503,9,447,41,512,488
40,1000,60,7.7,28,101,937,41,16,6,63,8.86920808,136,658,64.09337403,10.88924693,8.433695249,9.348638171,494,30,443,33,524,476
48,1000,60,7.7,28,8,955,27,12,6,45,7.039165568,97,596,60.16497513,8.92539404,6.542265708,7.459055117,443,15,512,30,458,542
47,1000,60,7.7,28,76,956,28,9,7,44,8.464901351,111,592,62.95869965,10.91140434,8.106091992,8.784370554,456,15,500,29,471,529
50,1000,60,7.7,28,2,944,24,16,16,56,7.091402356,97,581,60.17659407,8.919041606,6.108525473,8.177739963,510,15,434,41,525,475
45,1000,60,7.7,28,89,941,34,14,11,59,8.770375222,106,610,63.29213131,10.87023054,8.601535397,8.91890349,443,25,498,34,468,532
46,1000,60,7.7,28,88,958,26,11,5,42,8.455861308,114,668,63.85378903,11.02910458,8.359219143,8.549834852,470,23,488,19,493,507
49,1000,60,7.7,28,5,951,19,14,16,49,6.942254062,89,622,60.23691605,8.84520779,5.760051705,8.182597519,503,9,448,40,512,488
43,1000,60,7.7,28,99,945,36,8,11,55,8.979535083,116,652,63.64531967,10.83481514,8.813356841,9.12808836,444,28,501,27,472,528
48,1000,60,7.7,28,9,953,28,13,6,47,7.106460434,90,611,60.22738408,8.931278,6.671005149,7.474428184,441,17,512,30,458,542
47,1000,60,7.7,28,77,954,30,9,7,46,8.516984102,109,649,62.97650537,10.93624265,8.15420472,8.83998805,455,16,499,30,471,529
50,1000,60,7.7,28,3,943,26,15,16,57,7.167102578,94,609,60.2015252,8.947526575,6.164166743,8.275610606,510,15,433,42,525,475
40,1000,60,7.7,28,102,936,42,16,6,64,8.905887102,102,648,64.14294915,10.90396458,8.498886473,9.353929812,493,31,443,33,524,476
45,1000,60,7.7,28,90,942,34,14,10,58,8.788886114,119,633,63.31511336,10.88452393,8.629400062,8.929185874,443,25,499,33,468,532
46,1000,60,7.7,28,89,958,25,11,6,42,8.500244917,108,669,63.88008181,11.06103301,8.398570567,8.599111692,470,23,488,19,493,507
49,1000,60,7.7,28,6,951,20,13,16,49,6.995117801,82,620,60.26272092,8.874976411,5.859666956,8.186410491,503,9,448,40,512,488
43,1000,60,7.7,28,100,945,36,8,11,55,9.002719493,109,636,63.66739646,10.84866392,8.821530182,9.164691757,444,28,501,27,472,528
48,1000,60,7.7,28,10,952,29,13,6,48,7.125957747,99,606,60.25540203,8.945975999,6.699413299,7.486395676,441,17,511,31,458,542
50,1000,60,7.7,28,4,943,25,16,16,57,7.199468415,84,597,60.24170055,8.985956961,6.201032255,8.303003117,510,15,433,42,525,475
47,1000,60,7.7,28,78,954,30,9,7,46,8.53326889,110,617,63.03467258,10.9757208,8.158474863,8.866970188,455,16,499,30,471,529
40,1000,60,7.7,28,103,937,42,16,5,63,8.862592208,113,642,64.15069528,10.908148,8.451050488,9.315633933,494,30,443,33,524,476
45,1000,60,7.7,28,91,942,36,14,8,58,8.78705205,119,658,63.33766946,10.92051458,8.625561134,8.929115488,444,24,498,34,468,532
46,1000,60,7.7,28,90,959,25,10,6,41,8.503920501,122,639,63.90343491,11.05361901,8.400937658,8.604059637,470,23,489,18,493,507
49,1000,60,7.7,28,7,951,20,13,16,49,7.03607853,102,591,60.31144311,8.891729278,5.90907153,8.218512105,503,9,448,40,512,488
43,1000,60,7.7,28,101,945,37,7,11,55,9.031498183,127,655,63.71773563,10.88416628,8.839380034,9.203240164,444,28,501,27,472,528
48,1000,60,7.7,28,11,951,30,13,6,49,7.176716252,86,607,60.27195342,8.97662185,6.760002991,7.528846645,441,17,510,32,458,542
50,1000,60,7.7,28,5,943,26,15,16,57,7.236199585,105,594,60.2971711,9.008430226,6.228670385,8.349784491,510,15,433,42,525,475
47,1000,60,7.7,28,79,954,29,10,7,46,8.567852201,119,640,63.0698006,10.99384779,8.183738791,8.909851097,455,16,499,30,471,529
40,1000,60,7.7,28,104,937,42,16,5,63,8.873780262,117,653,64.19199517,10.94325952,8.460840056,9.328361497,494,30,443,33,524,476
45,1000,60,7.7,28,92,942,36,14,8,58,8.804189308,110,661,63.38824079,10.94530871,8.645046139,8.944187434,444,24,498,34,468,532
46,1000,60,7.7,28,91,960,25,9,6,40,8.513304256,96,627,63.95377842,11.06136519,8.405780424,8.617858989,470,23,490,17,493,507
49,1000,60,7.7,28,8,951,21,13,15,49,7.026904669,102,623,60.35571353,8.905045836,5.938076025,8.169282263,503,9,448,40,512,488
43,1000,60,7.7,28,102,945,37,7,11,55,9.045541279,105,655,63.75209826,10.92671148,8.84885009,9.221371282,444,28,501,27,472,528
50,1000,60,7.7,28,6,942,27,14,17,58,7.263363594,80,592,60.35156489,9.022441976,6.244887288,8.389047933,510,15,432,43,525,475
48,1000,60,7.7,28,12,951,31,12,6,49,7.196154745,96,594,60.31085134,8.981127791,6.806493265,7.525425885,440,18,511,31,458,542
47,1000,60,7.7,28,80,955,28,9,8,45,8.549815886,104,643,63.11238885,11.02997597,8.155126425,8.901231265,455,16,500,29,471,529
45,1000,60,7.7,28,93,942,34,15,9,58,8.796747605,109,619,63.45648533,10.97762024,8.629021958,8.944295731,444,24,498,34,468,532
46,1000,60,7.7,28,92,960,25,9,6,40,8.529217722,106,653,63.98729286,11.06416547,8.364906724,8.688991534,470,23,490,17,493,507
49,1000,60,7.7,28,9,951,21,12,16,49,7.065757941,75,603,60.39818762,8.934401478,5.999839786,8.184098301,503,9,448,40,512,488
50,1000,60,7.7,28,7,942,28,13,17,58,7.281701751,113,603,60.411066,9.027670464,6.310969333,8.354616529,510,15,432,43,525,475
43,1000,60,7.7,28,103,944,39,7,10,56,9.055138309,109,635,63.79609398,10.95146773,8.866580813,9.223697283,444,28,500,28,472,528
48,1000,60,7.7,28,13,951,31,12,6,49,7.225759797,96,619,60.36820074,8.987169453,6.84848736,7.544561967,440,18,511,31,458,542
47,1000,60,7.7,28,81,955,28,9,8,45,8.535171737,132,638,63.15650195,11.05214444,8.110761007,8.913049722,455,16,500,29,471,529
46,1000,60,7.7,28,93,957,28,9,6,43,8.558194043,108,659,64.03758194,11.07073921,8.394297198,8.717565136,468,25,489,18,493,507
45,1000,60,7.7,28,94,942,33,16,9,58,8.794559635,119,625,63.47381254,10.99622955,8.635568291,8.9344242,444,24,498,34,468,532
49,1000,60,7.7,28,10,950,22,12,16,50,7.124230256,95,608,60.41933478,8.97027717,6.014877171,8.28814169,503,9,447,41,512,488
50,1000,60,7.7,28,8,941,29,13,17,59,7.316719982,102,593,60.42604126,9.048879193,6.333529898,8.40340376,510,15,431,44,525,475
48,1000,60,7.7,28,14,952,30,12,6,48,7.231015879,94,594,60.39980754,8.980340405,6.814914657,7.582629089,441,17,511,31,458,542
43,1000,60,7.7,28,104,943,40,7,10,57,9.095927754,103,654,63.81822956,10.95764288,8.89048579,9.279580419,443,29,500,28,472,528
47,1000,60,7.7,28,82,955,28,9,8,45,8.529778216,120,642,63.19493629,11.07649697,8.129842904,8.885864286,455,16,500,29,471,529
46,1000,60,7.7,28,94,958,27,9,6,42,8.519725449,128,655,64.07683257,11.08474272,8.334694256,8.6996473,468,25,490,17,493,507
45,1000,60,7.7,28,95,942,33,16,9,58,8.810472783,121,626,63.52706619,11.01252788,8.678877224,8.926237299,444,24,498,34,468,532
49,1000,60,7.7,28,11,953,20,11,16,47,7.095732108,103,596,60.45312377,8.99617863,6.024473581,8.21967548,504,8,449,39,512,488
50,1000,60,7.7,28,9,940,30,13,17,60,7.353631321,96,610,60.4786601,9.061289644,6.396362975,8.411664756,509,16,431,44,525,475
48,1000,60,7.7,28,15,951,31,12,6,49,7.254882,86,593,60.44338106,9.009415982,6.845943135,7.600442885,441,17,510,32,458,542
47,1000,60,7.7,28,83,954,29,9,8,46,8.562867956,113,624,63.2695501,11.1110582,8.169291416,8.913292437,454,17,500,29,471,529
46,1000,60,7.7,28,95,958,27,9,6,42,8.498420618,126,656,64.12336865,11.09499359,8.289693233,8.701384328,468,25,490,17,493,507
45,1000,60,7.7,28,96,942,33,16,9,58,8.843836258,98,623,63.57019988,11.02319831,8.74179323,8.933603432,444,24,498,34,468,532
50,1000,60,7.7,28,10,941,30,12,17,59,7.411822729,96,617,60.54389154,9.075154799,6.471320661,8.451325016,509,16,432,43,525,475
49,1000,60,7.7,28,12,954,21,10,15,46,7.099630327,85,631,60.53598212,9.031066046,6.046519318,8.20453368,504,8,450,38,512,488
48,1000,60,7.7,28,16,952,30,12,6,48,7.278572813,97,631,60.47714096,9.026232635,6.929618513,7.573445635,441,17,511,31,458,542
47,1000,60,7.7,28,84,952,28,12,8,48,8.588748499,120,633,63.31395214,11.12651067,8.188886325,8.944769451,452,19,500,29,471,529
46,1000,60,7.7,28,96,959,26,9,6,41,8.483327433,113,650,64.16991787,11.13572196,8.255124369,8.705229033,469,24,490,17,493,507
45,1000,60,7.7,28,97,945,32,15,8,55,8.83209512,109,626,63.57721595,11.06103911,8.725315854,8.926028761,445,23,500,32,468,532
49,1000,60,7.7,28,13,952,23,10,15,48,7.156357569,96,620,60.55899796,9.033735198,6.096743389,8.268083921,503,9,449,39,512,488
50,1000,60,7.7,28,11,940,31,12,17,60,7.453925543,87,592,60.5829852,9.119094939,6.47656265,8.53416874,509,16,431,44,525,475
48,1000,60,7.7,28,17,954,28,12,6,46,7.286903503,116,606,60.52397826,9.084541998,6.935732592,7.583649401,442,16,512,30,458,542
47,1000,60,7.7,28,85,951,28,13,8,49,8.645408498,110,648,63.33045529,11.14124943,8.254148785,8.99377017,451,20,500,29,471,529
46,1000,60,7.7,28,97,960,25,9,6,40,8.486272113,114,665,64.2215442,11.16018916,8.297892316,8.6694501,469,24,491,16,493,507
50,1000,60,7.7,28,12,941,30,12,17,59,7.463434836,96,604,60.57315549,9.153812685,6.476674606,8.554064564,510,15,431,44,525,475
45,1000,60,7.7,28,98,945,32,15,8,55,8.813263252,111,652,63.60190416,11.07359643,8.668393755,8.940704839,446,22,499,33,468,532
49,1000,60,7.7,28,14,952,23,9,16,48,7.19573665,84,609,60.57071218,9.058261091,6.132711541,8.311041681,503,9,449,39,512,488
48,1000,60,7.7,28,18,955,28,11,6,45,7.312890989,92,610,60.55929846,9.092905301,6.964891709,7.606956801,441,17,514,28,458,542
45,1000,60,7.7,28,99,945,32,15,8,55,8.809410068,106,638,63.67832902,11.10976079,8.666388358,8.935226159,446,22,499,33,468,532
47,1000,60,7.7,28,86,951,27,13,9,49,8.641589366,122,633,63.35898057,11.17555112,8.279870122,8.963649412,451,20,500,29,471,529
46,1000,60,7.7,28,98,960,25,9,6,40,8.486847446,108,652,64.27550541,11.19034128,8.31298901,8.655905058,470,23,490,17,493,507
49,1000,60,7.7,28,15,953,22,9,16,47,7.22779967,104,623,60.61226834,9.087728088,6.157785873,8.350437097,503,9,450,38,512,488
50,1000,60,7.7,28,13,944,28,10,18,56,7.453102025,106,617,60.61289981,9.178735405,6.500736031,8.50571707,510,15,434,41,525,475
48,1000,60,7.7,28,19,956,27,11,6,44,7.349794819,83,624,60.59964014,9.135021575,6.979943621,7.662325904,441,17,515,27,458,542
46,1000,60,7.7,28,99,958,26,10,6,42,8.50157639,113,656,64.30861051,11.21573507,8.312402841,8.685526211,469,24,489,18,493,507
45,1000,60,7.7,28,100,944,33,14,9,56,8.853145297,107,635,63.73923293,11.11914828,8.674718126,9.010107545,445,23,499,33,468,532
50,1000,60,7.7,28,14,945,28,9,18,55,7.48327738,87,631,60.62647607,9.200264752,6.532236503,8.534427824,510,15,435,40,525,475
49,1000,60,7.7,28,16,954,21,9,16,46,7.249472912,86,639,60.62312324,9.101373182,6.20206201,8.348395826,503,9,451,37,512,488
47,1000,60,7.7,28,87,951,28,13,8,49,8.624502671,111,607,63.41616446,11.19249034,8.228965251,8.976673038,451,20,500,29,471,529
48,1000,60,7.7,28,20,955,27,11,7,45,7.366598055,109,616,60.64316539,9.172331605,6.988480211,7.68611461,440,18,515,27,458,542
45,1000,60,7.7,28,101,944,33,14,9,56,8.847471393,106,655,63.76106857,11.12834431,8.68720883,8.988454249,445,23,499,33,468,532
47,1000,60,7.7,28,88,948,30,14,8,52,8.706433406,117,637,63.4598366,11.21085049,8.340419146,9.032317557,450,21,498,31,471,529
46,1000,60,7.7,28,100,958,26,10,6,42,8.493938563,140,663,64.39659097,11.25017853,8.286533778,8.695616194,469,24,489,18,493,507
50,1000,60,7.7,28,15,949,26,7,18,51,7.463534059,90,602,60.64829437,9.210549887,6.528590413,8.496892827,511,14,438,37,525,475
49,1000,60,7.7,28,17,954,20,10,16,46,7.338794116,103,620,60.67266945,9.11269427,6.347327802,8.379021069,502,10,452,36,512,488
48,1000,60,7.7,28,21,954,29,11,6,46,7.376550195,83,601,60.65483685,9.202439921,7.056538164,7.646966265,439,19,515,27,458,542
47,1000,60,7.7,28,89,947,31,14,8,53,8.712335459,122,664,63.46545567,11.21832029,8.331268464,9.051621952,450,21,497,32,471,529
50,1000,60,7.7,28,16,949,26,7,18,51,7.514742679,93,619,60.71495576,9.228034544,6.587456964,8.539637417,511,14,438,37,525,475
49,1000,60,7.7,28,18,954,20,10,16,46,7.356427231,100,626,60.71414789,9.123586215,6.347437578,8.415039325,502,10,452,36,512,488
45,1000,60,7.7,28,102,944,33,14,9,56,8.860214648,105,636,63.80801178,11.16263915,8.684529254,9.014764956,445,23,499,33,468,532
46,1000,60,7.7,28,101,959,25,11,5,41,8.506494036,121,640,64.46226156,11.24246811,8.30712611,8.700356733,469,24,490,17,493,507
48,1000,60,7.7,28,22,955,27,12,6,45,7.378095367,91,593,60.71122538,9.249964408,7.027659277,7.674220329,440,18,515,27,458,542
47,1000,60,7.7,28,90,946,31,16,7,54,8.73945003,107,642,63.52663691,11.22348825,8.378252328,9.061045716,450,21,496,33,471,529
49,1000,60,7.7,28,19,954,21,9,16,46,7.380655922,105,614,60.74678642,9.166592504,6.418347469,8.39029102,501,11,453,35,512,488
50,1000,60,7.7,28,17,950,26,5,19,50,7.536208895,81,597,60.73620713,9.267072346,6.577392523,8.595953307,511,14,439,36,525,475
46,1000,60,7.7,28,102,959,25,11,5,41,8.5026078,101,616,64.52396629,11.27051607,8.290098752,8.709248748,469,24,490,17,493,507
45,1000,60,7.7,28,103,943,33,15,9,57,8.887245822,115,628,63.84861506,11.1808086,8.660887061,9.086373454,445,23,498,34,468,532
48,1000,60,7.7,28,23,955,26,13,6,45,7.421968048,93,604,60.71921811,9.264149173,7.073251867,7.716639654,440,18,515,27,458,542
47,1000,60,7.7,28,91,946,31,16,7,54,8.772395468,105,620,63.56710489,11.24277693,8.432588402,9.074945804,450,21,496,33,471,529
50,1000,60,7.7,28,18,949,27,5,19,51,7.561064389,87,621,60.74223058,9.307603137,6.594507939,8.629363623,510,15,439,36,525,475
49,1000,60,7.7,28,20,954,21,9,16,46,7.415918843,102,614,60.77125502,9.203323775,6.483187162,8.394522573,501,11,453,35,512,488
46,1000,60,7.7,28,103,960,24,10,6,40,8.47790264,111,664,64.53722434,11.28811006,8.25798654,8.691746106,470,23,490,17,493,507
45,1000,60,7.7,28,104,943,31,17,9,57,8.928193863,104,639,63.87021172,11.23075831,8.706461936,9.123251273,445,23,498,34,468,532
48,1000,60,7.7,28,24,956,25,13,6,44,7.403683822,96,613,60.73612293,9.279696778,7.082165328,7.675372881,440,18,516,26,458,542
50,1000,60,7.7,28,19,951,27,4,18,49,7.50431791,109,618,60.77463453,9.354087084,6.562058967,8.545762005,511,14,440,35,525,475
47,1000,60,7.7,28,92,944,33,16,7,56,8.773805028,115,614,63.59041814,11.26161418,8.456286526,9.056510537,448,23,496,33,471,529
46,1000,60,7.7,28,104,959,25,10,6,41,8.485298285,120,651,64.56435548,11.29498598,8.302948305,8.66261296,469,24,490,17,493,507
49,1000,60,7.7,28,21,955,20,9,16,45,7.458356364,88,627,60.81008819,9.230203995,6.538338811,8.423620682,501,11,454,34,512,488
48,1000,60,7.7,28,25,956,26,12,6,44,7.418259794,114,613,60.81065508,9.292327678,7.036607566,7.740762968,441,17,515,27,458,542
47,1000,60,7.7,28,93,946,33,14,7,54,8.741994203,123,632,63.63733158,11.28229081,8.423847033,9.025259453,448,23,498,31,471,529
50,1000,60,7.7,28,20,952,27,4,17,48,7.532575112,92,630,60.77161462,9.381980656,6.616902488,8.544634329,511,14,441,34,525,475
49,1000,60,7.7,28,22,955,20,9,16,45,7.493655086,111,616,60.85802047,9.28781537,6.534468958,8.500014302,502,10,453,35,512,488
48,1000,60,7.7,28,26,957,25,12,6,43,7.447980993,97,610,60.8257499,9.344752464,7.065306178,7.771348271,442,16,515,27,458,542
47,1000,60,7.7,28,94,947,32,14,7,53,8.746683363,114,650,63.70039943,11.30542487,8.437940816,9.021575121,448,23,499,30,471,529
50,1000,60,7.7,28,21,954,27,4,15,46,7.525003845,103,638,60.8111232,9.403855614,6.623175887,8.521761062,511,14,443,32,525,475
49,1000,60,7.7,28,23,955,21,9,15,45,7.494881033,126,571,60.90668185,9.316096276,6.541749811,8.494887561,502,10,453,35,512,488
48,1000,60,7.7,28,27,958,26,11,5,42,7.453415604,97,613,60.83585747,9.37395185,7.095133277,7.756170782,443,15,515,27,458,542
50,1000,60,7.7,28,22,955,26,4,15,45,7.538087534,91,603,60.82680653,9.424166863,6.653306736,8.516003152,511,14,444,31,525,475
47,1000,60,7.7,28,95,946,33,14,7,54,8.768534969,115,638,63.74860021,11.32200644,8.474392383,9.030427516,448,23,498,31,471,529
49,1000,60,7.7,28,24,954,23,6,17,46,7.547712887,106,625,60.93406816,9.334074335,6.589062751,8.553509752,502,10,452,36,512,488
48,1000,60,7.7,28,28,959,26,10,5,41,7.49121029,110,619,60.86270866,9.400530785,7.178196307,7.75571288,442,16,517,25,458,542
50,1000,60,7.7,28,23,954,27,4,15,46,7.560867523,111,626,60.87146863,9.479496596,6.66169762,8.554686888,511,14,443,32,525,475
47,1000,60,7.7,28,96,946,34,13,7,54,8.79025146,125,642,63.80160716,11.35017939,8.522449994,9.02869095,448,23,498,31,471,529
49,1000,60,7.7,28,25,954,24,6,16,46,7.537192943,86,632,60.94285037,9.356516933,6.592397949,8.528453264,502,10,452,36,512,488
48,1000,60,7.7,28,29,961,25,9,5,39,7.481662346,103,614,60.90103932,9.43814073,7.181390376,7.7353977,442,16,519,23,458,542
50,1000,60,7.7,28,24,955,26,4,15,45,7.582214707,97,629,60.9227485,9.51644803,6.720095794,8.535082979,511,14,444,31,525,475
47,1000,60,7.7,28,97,946,34,13,7,54,8.815414371,115,645,63.8672354,11.38064704,8.544470892,9.056651381,448,23,498,31,471,529
49,1000,60,7.7,28,26,956,24,6,14,44,7.533991646,101,581,60.9748639,9.366420454,6.626314271,8.486308892,502,10,454,34,512,488
48,1000,60,7.7,28,30,960,24,11,5,40,7.493975672,101,593,60.92789487,9.452535668,7.228151386,7.718602098,441,17,519,23,458,542
50,1000,60,7.7,28,25,958,23,3,16,42,7.579336001,118,623,60.95927306,9.535935638,6.714498277,8.535209275,513,12,445,30,525,475
47,1000,60,7.7,28,98,946,34,13,7,54,8.813206507,112,639,63.92293449,11.40822622,8.53149001,9.064035372,448,23,498,31,471,529
49,1000,60,7.7,28,27,957,23,6,14,43,7.549102646,103,642,61.03191966,9.376867384,6.632397407,8.510891749,502,10,455,33,512,488
50,1000,60,7.7,28,26,959,23,3,15,41,7.608573069,101,609,61.01060235,9.550842722,6.714200777,8.597089813,514,11,445,30,525,475
48,1000,60,7.7,28,31,960,24,12,4,40,7.490162477,104,591,60.96468344,9.482043209,7.237024758,7.704068521,441,17,519,23,458,542
49,1000,60,7.7,28,28,959,20,7,14,41,7.581263461,101,613,61.08698816,9.409285933,6.698239832,8.507714483,503,9,456,32,512,488
47,1000,60,7.7,28,99,945,34,13,8,55,8.83767941,130,640,63.96946515,11.40139486,8.577716428,9.069139834,447,24,498,31,471,529
50,1000,60,7.7,28,27,960,23,3,14,40,7.606190773,113,628,61.05224131,9.569750385,6.768771102,8.531759883,513,12,447,28,525,475
48,1000,60,7.7,28,32,960,24,11,5,40,7.49664163,111,627,60.98510975,9.503201917,7.262641218,7.694376296,441,17,519,23,458,542
49,1000,60,7.7,28,29,959,19,8,14,41,7.614913723,84,622,61.13229517,9.426760156,6.719329546,8.554543024,503,9,456,32,512,488
47,1000,60,7.7,28,100,945,34,13,8,55,8.836831658,122,632,63.99846844,11.42608905,8.536025007,9.104657618,447,24,498,31,471,529
50,1000,60,7.7,28,28,960,22,4,14,40,7.675816885,104,627,61.11388679,9.570249951,6.859076028,8.578530464,513,12,447,28,525,475
48,1000,60,7.7,28,33,960,24,12,4,40,7.512082224,96,613,61.01247561,9.506232156,7.298422588,7.692628559,442,16,518,24,458,542
49,1000,60,7.7,28,30,958,20,8,14,42,7.640388,89,624,61.17111811,9.454003541,6.736846271,8.588366207,503,9,455,33,512,488
47,1000,60,7.7,28,101,945,34,12,9,55,8.869720456,129,644,64.0454969,11.44942122,8.556816106,9.148317712,447,24,498,31,471,529
50,1000,60,7.7,28,29,959,23,4,14,41,7.689506035,104,629,61.15197654,9.584957611,6.911674911,8.54921412,512,13,447,28,525,475
48,1000,60,7.7,28,34,960,24,12,4,40,7.53570277,99,612,61.04774685,9.513362423,7.333314894,7.706724259,442,16,518,24,458,542
50,1000,60,7.7,28,30,958,24,4,14,42,7.716534518,106,602,61.16546164,9.63055057,6.957367111,8.555614284,511,14,447,28,525,475
49,1000,60,7.7,28,31,957,20,10,13,43,7.659249929,91,596,61.20480261,9.481514853,6.756294808,8.606612679,502,10,455,33,512,488
47,1000,60,7.7,28,102,946,33,12,9,54,8.897604215,142,660,64.07843637,11.46686015,8.561987445,9.196423684,449,22,497,32,471,529
48,1000,60,7.7,28,35,961,24,11,4,39,7.571942847,102,623,61.06728107,9.533910126,7.395203877,7.721290537,442,16,519,23,458,542
50,1000,60,7.7,28,31,959,23,4,14,41,7.72168846,104,605,61.17065554,9.646999949,6.967623352,8.555128843,511,14,448,27,525,475
49,1000,60,7.7,28,32,957,21,9,13,43,7.70096131,93,625,61.23909563,9.485594743,6.813036269,8.632554796,501,11,456,32,512,488
47,1000,60,7.7,28,103,947,33,11,9,53,8.892577673,126,646,64.14641505,11.49791555,8.564294585,9.184867531,450,21,497,32,471,529
50,1000,60,7.7,28,32,960,22,4,14,40,7.726904339,100,620,61.21428761,9.669483803,6.967380962,8.566377544,512,13,448,27,525,475
49,1000,60,7.7,28,33,956,22,9,13,44,7.709695678,95,587,61.26167602,9.518952267,6.797913107,8.666320015,501,11,455,33,512,488
48,1000,60,7.7,28,36,960,24,11,5,40,7.60989798,81,607,61.09146349,9.533332645,7.431850686,7.760351229,441,17,519,23,458,542
50,1000,60,7.7,28,33,960,22,4,14,40,7.735775766,107,611,61.25074196,9.695646921,6.97085254,8.581217226,512,13,448,27,525,475
47,1000,60,7.7,28,104,943,37,12,8,57,8.923922607,119,646,64.1839004,11.53913019,8.615016443,9.198960042,449,22,494,35,471,529
49,1000,60,7.7,28,34,955,23,9,13,45,7.687305234,101,612,61.28807572,9.540684889,6.801540758,8.616631897,501,11,454,34,512,488
48,1000,60,7.7,28,37,961,23,11,5,39,7.647576675,98,628,61.15256631,9.556693569,7.422268834,7.837965958,442,16,519,23,458,542
50,1000,60,7.7,28,34,959,23,4,14,41,7.772004947,108,616,61.28176844,9.722884851,7.026561321,8.595916323,511,14,448,27,525,475
49,1000,60,7.7,28,35,956,22,9,13,44,7.691801218,93,624,61.34801807,9.590159933,6.83918727,8.586346999,501,11,455,33,512,488
48,1000,60,7.7,28,38,959,24,12,5,41,7.687956206,97,615,61.18215171,9.61824045,7.486144895,7.858490488,441,17,518,24,458,542
50,1000,60,7.7,28,35,959,25,3,13,41,7.785040161,111,608,61.35954308,9.755067061,7.091166274,8.551953405,511,14,448,27,525,475
49,1000,60,7.7,28,36,958,22,7,13,42,7.700912491,98,600,61.37960741,9.61137006,6.863172342,8.579852976,501,11,457,31,512,488
48,1000,60,7.7,28,39,960,24,12,4,40,7.697019481,111,605,61.19719093,9.643148588,7.484434671,7.876657567,441,17,519,23,458,542
50,1000,60,7.7,28,36,960,24,3,13,40,7.807277547,108,610,61.39027895,9.772300268,7.135670874,8.549579659,511,14,449,26,525,475
49,1000,60,7.7,28,37,959,22,6,13,41,7.753585653,96,600,61.41083837,9.630132479,6.933004501,8.614523255,501,11,458,30,512,488
48,1000,60,7.7,28,40,960,24,12,4,40,7.6918315,104,603,61.22557372,9.6530569,7.477490681,7.872953446,441,17,519,23,458,542
50,1000,60,7.7,28,37,959,25,3,13,41,7.846370587,99,634,61.42585324,9.8226805,7.169090428,8.594943393,511,14,448,27,525,475
49,1000,60,7.7,28,38,957,26,5,12,43,7.765922918,85,594,61.45130057,9.634395508,6.951851341,8.620030802,500,12,457,31,512,488
48,1000,60,7.7,28,41,961,23,12,4,39,7.689500082,105,648,61.27426304,9.680385257,7.451076581,7.89097234,441,17,520,22,458,542
50,1000,60,7.7,28,38,958,26,3,13,42,7.856883715,89,633,61.45926563,9.855519243,7.18118205,8.603711872,511,14,447,28,525,475
49,1000,60,7.7,28,39,958,25,5,12,42,7.766926869,103,604,61.47355174,9.65622106,6.957523051,8.616137432,500,12,458,30,512,488
48,1000,60,7.7,28,42,963,22,11,4,37,7.7096969,91,589,61.33816474,9.704930217,7.481632667,7.902415385,441,17,522,20,458,542
50,1000,60,7.7,28,39,957,27,3,13,43,7.881492691,114,598,61.50446309,9.878521688,7.212771617,8.620605458,511,14,446,29,525,475
49,1000,60,7.7,28,40,958,25,5,12,42,7.804333726,109,627,61.51342359,9.679382855,6.98724068,8.661611677,500,12,458,30,512,488
50,1000,60,7.7,28,40,954,30,3,13,46,7.92707364,88,596,61.53761558,9.886597773,7.271341195,8.651830553,511,14,443,32,525,475
48,1000,60,7.7,28,43,963,22,11,4,37,7.779593847,114,609,61.37302325,9.729393557,7.531749858,7.98902659,441,17,522,20,458,542
49,1000,60,7.7,28,41,957,26,5,12,43,7.853083618,86,622,61.54711894,9.709591854,7.065563127,8.679334624,499,13,458,30,512,488
50,1000,60,7.7,28,41,957,27,3,13,43,7.92812803,111,615,61.59227483,9.912056258,7.26838759,8.657314833,512,13,445,30,525,475
48,1000,60,7.7,28,44,962,23,11,4,38,7.793858783,103,594,61.41492066,9.748547172,7.581937789,7.972935934,439,19,523,19,458,542
49,1000,60,7.7,28,42,956,28,5,11,44,7.852935001,100,607,61.63570548,9.741379336,7.061352019,8.683448294,499,13,457,31,512,488
50,1000,60,7.7,28,42,957,27,3,13,43,7.965662314,84,612,61.60853865,9.905042013,7.279580084,8.723963726,512,13,445,30,525,475
48,1000,60,7.7,28,45,961,24,11,4,39,7.801946212,113,599,61.4680617,9.760682785,7.619125709,7.95643291,438,20,523,19,458,542
49,1000,60,7.7,28,43,956,27,6,11,44,7.866789854,90,597,61.65266092,9.753440627,7.041991277,8.732152295,499,13,457,31,512,488
50,1000,60,7.7,28,43,957,27,4,12,43,7.978521702,105,604,61.64713387,9.914074573,7.295981672,8.732908051,512,13,445,30,525,475
48,1000,60,7.7,28,46,961,23,12,4,39,7.834301715,102,646,61.51058703,9.792051574,7.655080813,7.985746683,438,20,523,19,458,542
49,1000,60,7.7,28,44,956,27,6,11,44,7.899503408,108,605,61.67940676,9.750148529,7.065878358,8.774126412,499,13,457,31,512,488
50,1000,60,7.7,28,44,957,28,4,11,43,7.97438151,104,618,61.71078477,9.910970266,7.31893103,8.698826778,512,13,445,30,525,475
48,1000,60,7.7,28,47,962,22,12,4,38,7.855803125,108,613,61.50783314,9.818302156,7.694252083,7.992316735,439,19,523,19,458,542
49,1000,60,7.7,28,45,957,26,7,10,43,7.892270524,122,620,61.71298452,9.796950818,7.069780861,8.755210499,499,13,458,30,512,488
50,1000,60,7.7,28,45,957,27,5,11,43,7.96678263,115,621,61.77958576,9.912983246,7.345500212,8.653463197,511,14,446,29,525,475
48,1000,60,7.7,28,48,962,23,11,4,38,7.880811238,99,603,61.53889684,9.846662154,7.672205933,8.057086571,440,18,522,20,458,542
49,1000,60,7.7,28,46,957,25,8,10,43,7.91921004,102,636,61.76005525,9.801520694,7.118034748,8.759787394,499,13,458,30,512,488
50,1000,60,7.7,28,46,958,27,4,11,42,7.989010048,108,600,61.84297551,9.912703378,7.39898637,8.641141482,511,14,447,28,525,475
48,1000,60,7.7,28,49,960,25,11,4,40,7.923918372,101,619,61.57524808,9.85465648,7.756859364,8.065086316,438,20,522,20,458,542
49,1000,60,7.7,28,47,957,25,8,10,43,7.946089517,114,605,61.78156006,9.821713364,7.132361478,8.799836967,499,13,458,30,512,488
50,1000,60,7.7,28,47,958,27,4,11,42,8.011095123,111,622,61.85819608,9.936626513,7.420466657,8.663895006,511,14,447,28,525,475
48,1000,60,7.7,28,50,959,27,11,3,41,7.930644331,100,647,61.61366733,9.878877259,7.763347359,8.072013359,438,20,521,21,458,542
50,1000,60,7.7,28,48,959,27,4,10,41,8.044763591,107,627,61.87518202,9.943792716,7.443947152,8.708823864,511,14,448,27,525,475
49,1000,60,7.7,28,48,959,26,7,8,41,7.901483423,106,630,61.81874332,9.845682437,7.096747313,8.745796719,499,13,460,28,512,488
48,1000,60,7.7,28,51,961,26,10,3,39,7.888935494,115,646,61.65125712,9.906133623,7.693708677,8.053905755,440,18,521,21,458,542
50,1000,60,7.7,28,49,958,28,4,10,42,8.079437332,123,623,61.94327163,9.972931598,7.465888771,8.757569952,511,14,447,28,525,475
49,1000,60,7.7,28,49,958,27,8,7,42,7.937107635,97,646,61.87507639,9.882330703,7.144694993,8.768491389,499,13,459,29,512,488
48,1000,60,7.7,28,52,961,26,10,3,39,7.906288816,98,620,61.70488474,9.953326364,7.695013101,8.084820693,440,18,521,21,458,542
50,1000,60,7.7,28,50,957,29,4,10,43,8.103305571,82,641,61.96696931,9.991489451,7.479419461,8.792863903,510,15,447,28,525,475
49,1000,60,7.7,28,50,958,27,8,7,42,7.938973418,112,605,61.89778025,9.905096956,7.151170445,8.7655208,499,13,459,29,512,488
48,1000,60,7.7,28,53,962,26,9,3,38,7.931390898,107,628,61.73747547,9.977269876,7.727707011,8.103507541,441,17,521,21,458,542
50,1000,60,7.7,28,51,955,31,4,10,45,8.161853749,92,621,62.00543757,10.02069119,7.5405378,8.848571378,509,16,446,29,525,475
48,1000,60,7.7,28,54,961,26,10,3,39,7.945808676,105,594,61.78106278,9.985357829,7.761512061,8.101542715,440,18,521,21,458,542
49,1000,60,7.7,28,51,958,27,8,7,42,7.973751614,114,624,61.94753046,9.92010847,7.162393621,8.82501246,500,12,458,30,512,488
50,1000,60,7.7,28,52,955,30,5,10,45,8.191688326,125,642,62.04530608,10.04453802,7.534032934,8.918570602,509,16,446,29,525,475
48,1000,60,7.7,28,55,963,23,11,3,37,7.909037708,109,611,61.78981987,10.0072567,7.736999375,8.054413274,440,18,523,19,458,542
49,1000,60,7.7,28,52,959,27,8,6,41,7.995512584,105,611,61.99193783,9.942079008,7.162872329,8.869102361,501,11,458,30,512,488
50,1000,60,7.7,28,53,957,30,4,9,43,8.221621825,112,622,62.07574132,10.07207614,7.562757728,8.949840036,510,15,447,28,525,475
48,1000,60,7.7,28,56,963,23,11,3,37,7.906638683,113,601,61.82794621,10.03737504,7.704423083,8.077514596,441,17,522,20,458,542
49,1000,60,7.7,28,53,959,27,8,6,41,8.009050746,104,630,62.05815419,9.968067835,7.205158315,8.852478871,501,11,458,30,512,488
50,1000,60,7.7,28,54,957,30,4,9,43,8.206883026,111,632,62.11268363,10.08179622,7.549899844,8.933022332,511,14,446,29,525,475
48,1000,60,7.7,28,57,963,23,10,4,37,7.931118012,98,641,61.88696325,10.05177631,7.738079053,8.094239493,440,18,523,19,458,542
49,1000,60,7.7,28,54,961,26,7,6,39,7.992696089,119,624,62.07884354,9.991741184,7.167203382,8.858786797,502,10,459,29,512,488
50,1000,60,7.7,28,55,954,33,4,9,46,8.232378204,117,652,62.16605578,10.11190149,7.569376183,8.965169911,511,14,443,32,525,475
48,1000,60,7.7,28,58,963,22,11,4,37,7.935441877,110,640,61.95212668,10.08509535,7.738749737,8.101650365,440,18,523,19,458,542
49,1000,60,7.7,28,55,960,27,7,6,40,8.045105046,102,673,62.10341716,10.03508008,7.229957776,8.900341526,502,10,458,30,512,488
50,1000,60,7.7,28,56,953,34,4,9,47,8.257818658,114,645,62.19844664,10.14051844,7.608873182,8.975074184,511,14,442,33,525,475
48,1000,60,7.7,28,59,963,21,12,4,37,7.937732536,106,663,62.01436977,10.11140513,7.756708923,8.09070083,440,18,523,19,458,542
49,1000,60,7.7,28,56,961,25,8,6,39,8.031520454,105,632,62.12015428,10.06089173,7.253126917,8.84819564,502,10,459,29,512,488
50,1000,60,7.7,28,57,949,38,4,9,51,8.297525036,99,635,62.25956108,10.17271921,7.689671706,8.969362928,507,18,442,33,525,475
48,1000,60,7.7,28,60,962,22,12,4,38,7.945909064,115,624,62.04579568,10.12121877,7.754713934,8.107472476,440,18,522,20,458,542
49,1000,60,7.7,28,57,960,27,8,5,40,8.057374522,94,636,62.15502402,10.06431246,7.286001549,8.866683871,502,10,458,30,512,488
50,1000,60,7.7,28,58,950,37,4,9,50,8.289784397,102,615,62.28512614,10.18408443,7.730954103,8.907438932,506,19,444,31,525,475
48,1000,60,7.7,28,61,961,22,12,5,39,7.984607233,117,633,62.102432,10.15245677,7.810666811,8.131590098,439,19,522,20,458,542
49,1000,60,7.7,28,58,960,26,9,5,40,8.051679593,100,619,62.17424066,10.08194773,7.271066521,8.870683472,502,10,458,30,512,488
50,1000,60,7.7,28,59,950,37,4,9,50,8.310533404,102,626,62.33862473,10.20606873,7.767232607,8.91102376,505,20,445,30,525,475
48,1000,60,7.7,28,62,960,23,12,5,40,8.013638857,128,629,62.154308,10.15519109,7.852659044,8.149669769,439,19,521,21,458,542
50,1000,60,7.7,28,60,951,35,5,9,49,8.300194594,115,623,62.37081961,10.23373267,7.77757652,8.877825097,505,20,446,29,525,475
49,1000,60,7.7,28,59,960,25,10,5,40,8.045425093,100,639,62.22226706,10.12135891,7.228364124,8.902669389,502,10,458,30,512,488
49,1000,60,7.7,28,60,957,28,10,5,43,8.056856299,100,609,62.27424861,10.10746872,7.250985073,8.902360535,499,13,458,30,512,488
48,1000,60,7.7,28,63,961,23,11,5,39,8.020003947,118,608,62.18091718,10.17624647,7.8632491,8.152464685,440,18,521,21,458,542
50,1000,60,7.7,28,61,951,35,5,9,49,8.335168192,105,621,62.39715528,10.24534415,7.84640662,8.87537835,505,20,446,29,525,475
50,1000,60,7.7,28,62,952,34,5,9,48,8.33736536,92,632,62.44857618,10.261642,7.863678915,8.860913537,505,20,447,28,525,475
48,1000,60,7.7,28,64,960,23,12,5,40,8.048600649,94,622,62.21494306,10.21034317,7.904062302,8.170738219,439,19,521,21,458,542
49,1000,60,7.7,28,61,958,27,10,5,42,8.085830902,113,619,62.29284265,10.13064366,7.288949617,8.92190307,499,13,459,29,512,488
50,1000,60,7.7,28,63,953,32,5,10,47,8.369710882,97,607,62.46422923,10.31733787,7.896396934,8.892847351,505,20,448,27,525,475
48,1000,60,7.7,28,65,959,22,14,5,41,8.08546366,107,632,62.26329679,10.22235663,7.940037174,8.208351724,439,19,520,22,458,542
49,1000,60,7.7,28,62,956,28,11,5,44,8.128458977,108,621,62.32042328,10.16265759,7.304087228,8.993373599,498,14,458,30,512,488
50,1000,60,7.7,28,64,951,33,6,10,49,8.414193727,94,653,62.48968188,10.35624053,7.96997782,8.905169204,504,21,447,28,525,475
48,1000,60,7.7,28,66,960,21,14,5,40,8.096004154,98,627,62.29734569,10.22876799,7.926324627,8.239386484,440,18,520,22,458,542
49,1000,60,7.7,28,63,956,28,10,6,44,8.177405278,107,628,62.39119867,10.19309068,7.363065767,9.031794274,498,14,458,30,512,488
50,1000,60,7.7,28,65,951,33,6,10,49,8.440394819,113,605,62.52141172,10.38636637,7.977250078,8.95229164,504,21,447,28,525,475
48,1000,60,7.7,28,67,959,22,14,5,41,8.120255912,118,624,62.33036691,10.25006997,7.970833931,8.246520242,439,19,520,22,458,542
49,1000,60,7.7,28,64,956,28,10,6,44,8.189097023,112,634,62.42117779,10.21862264,7.377343554,9.040772794,498,14,458,30,512,488
50,1000,60,7.7,28,66,951,33,6,10,49,8.477051852,111,641,62.57981541,10.40444716,8.008319848,8.995124067,504,21,447,28,525,475
48,1000,60,7.7,28,68,959,21,15,5,41,8.157279347,98,616,62.40694634,10.2743433,8.012910816,8.27927342,439,19,520,22,458,542
49,1000,60,7.7,28,65,955,29,10,6,45,8.214799671,106,611,62.46566763,10.22480974,7.400055565,9.06961316,497,15,458,30,512,488
50,1000,60,7.7,28,67,950,34,6,10,50,8.495765257,99,619,62.65335661,10.39809463,8.028317105,9.012418478,504,21,446,29,525,475
48,1000,60,7.7,28,69,958,22,15,5,42,8.175256596,105,647,62.44347012,10.29185097,8.031837425,8.296448442,438,20,520,22,458,542
49,1000,60,7.7,28,66,954,29,11,6,46,8.248805426,100,623,62.48040611,10.23665021,7.441106086,9.096227683,497,15,457,31,512,488
50,1000,60,7.7,28,68,948,37,6,9,52,8.524809188,95,648,62.65930522,10.41472161,8.052321963,9.04703191,502,23,446,29,525,475
48,1000,60,7.7,28,70,957,23,14,6,43,8.201527091,98,633,62.46312139,10.32470305,8.033328725,8.343657814,438,20,519,23,458,542
49,1000,60,7.7,28,67,954,28,12,6,46,8.251854684,99,629,62.51163519,10.27109511,7.473554565,9.068431859,497,15,457,31,512,488
50,1000,60,7.7,28,69,948,37,6,9,52,8.532591287,118,644,62.70867696,10.45346951,8.049598304,9.066425636,502,23,446,29,525,475
48,1000,60,7.7,28,71,957,23,14,6,43,8.267870722,102,600,62.51470037,10.3302179,8.106830768,8.403952453,438,20,519,23,458,542
49,1000,60,7.7,28,68,953,28,13,6,47,8.266036281,103,625,62.58370891,10.28631726,7.457316405,9.114529266,497,15,456,32,512,488
50,1000,60,7.7,28,70,947,37,7,9,53,8.561543396,112,654,62.77802647,10.47498994,8.048750467,9.128314528,503,22,444,31,525,475
48,1000,60,7.7,28,72,958,22,14,6,42,8.300107504,103,628,62.5329755,10.3513209,8.180496091,8.401181354,439,19,519,23,458,542
49,1000,60,7.7,28,69,954,28,13,5,46,8.268848223,113,630,62.618327,10.30390627,7.446389436,9.131755803,497,15,457,31,512,488
50,1000,60,7.7,28,71,946,38,7,9,54,8.579767134,106,614,62.82841396,10.48981796,8.056574232,9.158032973,504,21,442,33,525,475
48,1000,60,7.7,28,73,957,24,14,5,43,8.311156813,102,631,62.58584394,10.37065929,8.143606176,8.452740193,439,19,518,24,458,542
49,1000,60,7.7,28,70,954,28,13,5,46,8.284757313,97,633,62.661342,10.32469113,7.447122779,9.163586988,497,15,457,31,512,488
50,1000,60,7.7,28,72,946,38,7,9,54,8.594557584,101,618,62.88391294,10.52393606,8.100144731,9.141013894,504,21,442,33,525,475
48,1000,60,7.7,28,74,957,24,14,5,43,8.308309428,94,606,62.63706777,10.40875745,8.128850503,8.45995553,439,19,518,24,458,542
49,1000,60,7.7,28,71,955,28,13,4,45,8.283751202,103,638,62.68647258,10.36090018,7.466081967,9.141633677,497,15,458,30,512,488
50,1000,60,7.7,28,73,946,38,7,9,54,8.660707538,85,612,62.93542698,10.5348256,8.155496159,9.219099062,504,21,442,33,525,475
48,1000,60,7.7,28,75,958,23,15,4,42,8.283570841,113,641,62.6936208,10.43239897,8.088649997,8.44828255,440,18,518,24,458,542
49,1000,60,7.7,28,72,954,29,13,4,46,8.301932775,107,638,62.73196838,10.36859338,7.48375056,9.160353459,497,15,457,31,512,488
50,1000,60,7.7,28,74,946,38,7,9,54,8.658312775,106,625,62.953667,10.55645702,8.157345953,9.212012947,504,21,442,33,525,475
48,1000,60,7.7,28,76,958,24,14,4,42,8.280570104,113,629,62.74438631,10.46423697,8.084084057,8.44660444,440,18,518,24,458,542
49,1000,60,7.7,28,73,953,29,13,5,47,8.330088845,115,660,62.75736982,10.40539405,7.561189793,9.136802604,496,16,457,31,512,488
50,1000,60,7.7,28,75,945,38,8,9,55,8.655540717,115,641,62.97001527,10.58186513,8.14386997,9.221071543,504,21,441,34,525,475
48,1000,60,7.7,28,77,960,22,14,4,40,8.296818348,120,638,62.76096339,10.46717199,8.070760968,8.487841005,441,17,519,23,458,542
49,1000,60,7.7,28,74,953,29,13,5,47,8.357931422,88,632,62.81355677,10.40383613,7.57755121,9.176690989,496,16,457,31,512,488
50,1000,60,7.7,28,76,944,39,7,10,56,8.692005012,107,632,62.99814773,10.61890662,8.211506463,9.223082355,503,22,441,34,525,475
48,1000,60,7.7,28,78,958,24,14,4,42,8.340719227,126,620,62.79165716,10.47876715,8.142462295,8.508249992,439,19,519,23,458,542
49,1000,60,7.7,28,75,952,29,13,6,48,8.376408889,112,623,62.85479449,10.41213297,7.58341649,9.208400914,495,17,457,31,512,488
50,1000,60,7.7,28,77,944,39,7,10,56,8.698948197,129,622,63.01718727,10.65395564,8.241427805,9.20462863,503,22,441,34,525,475
48,1000,60,7.7,28,79,957,24,15,4,43,8.37548497,139,632,62.83027759,10.50694697,8.16340116,8.554699702,439,19,518,24,458,542
49,1000,60,7.7,28,76,952,29,13,6,48,8.392703574,101,624,62.91269432,10.42576779,7.608177031,9.21581339,495,17,457,31,512,488
50,1000,60,7.7,28,78,942,41,7,10,58,8.736850955,112,643,63.06790766,10.67219574,8.294861957,9.225365109,501,24,441,34,525,475
48,1000,60,7.7,28,80,956,23,17,4,44,8.386761405,110,635,62.86669277,10.52645357,8.186464904,8.556015643,439,19,517,25,458,542
49,1000,60,7.7,28,77,951,30,13,6,49,8.435511813,83,623,62.94706231,10.44687627,7.683236425,9.22478435,494,18,457,31,512,488
50,1000,60,7.7,28,79,943,40,7,10,57,8.732285245,103,624,63.13640556,10.67038848,8.280864044,9.231224468,502,23,441,34,525,475
48,1000,60,7.7,28,81,956,23,16,5,44,8.396210351,126,672,62.91294615,10.52758118,8.185890774,8.573934275,439,19,517,25,458,542
49,1000,60,7.7,28,78,952,30,12,6,48,8.435825665,129,633,62.98723971,10.45079369,7.705328217,9.202249217,494,18,458,30,512,488
50,1000,60,7.7,28,80,944,39,7,10,56,8.740808065,112,638,63.18015119,10.6905733,8.337846942,9.186186149,502,23,442,33,525,475
48,1000,60,7.7,28,82,955,24,16,5,45,8.404700398,119,634,62.95358483,10.54473554,8.23386126,8.54906262,438,20,517,25,458,542
49,1000,60,7.7,28,79,951,29,13,7,49,8.442129731,108,632,63.0315009,10.47793254,7.680317093,9.241408564,493,19,458,30,512,488
50,1000,60,7.7,28,81,943,39,8,10,57,8.77679555,124,624,63.20413916,10.70112235,8.421835218,9.169120127,502,23,441,34,525,475
48,1000,60,7.7,28,83,955,23,17,5,45,8.42642946,113,629,62.98918203,10.57384205,8.25312595,8.572874124,438,20,517,25,458,542
49,1000,60,7.7,28,80,952,29,13,6,48,8.463540234,104,627,63.0600073,10.49080206,7.689831791,9.275299913,493,19,459,29,512,488
50,1000,60,7.7,28,82,942,39,9,10,58,8.759598374,87,634,63.26451932,10.75158011,8.403912248,9.152725144,502,23,440,35,525,475
48,1000,60,7.7,28,84,954,23,18,5,46,8.464804412,140,648,63.03396909,10.61151639,8.277449484,8.623122783,438,20,516,26,458,542
49,1000,60,7.7,28,81,951,30,13,6,49,8.470165226,107,643,63.08389927,10.51029451,7.665481368,9.3144237,493,19,458,30,512,488
50,1000,60,7.7,28,83,939,42,9,10,61,8.807305727,115,627,63.28584963,10.79703414,8.449612088,9.202651329,501,24,438,37,525,475
48,1000,60,7.7,28,85,954,23,18,5,46,8.488855008,115,642,63.05176875,10.63652902,8.318632964,8.632695776,438,20,516,26,458,542
49,1000,60,7.7,28,82,951,31,12,6,49,8.487275895,117,634,63.1118491,10.51252411,7.688545576,9.325288032,492,20,459,29,512,488
50,1000,60,7.7,28,84,939,40,11,10,61,8.81830255,113,668,63.3376403,10.82867177,8.437039552,9.239698495,502,23,437,38,525,475
48,1000,60,7.7,28,86,955,23,16,6,45,8.502055718,122,630,63.1042652,10.65839228,8.357295427,8.624380834,438,20,517,25,458,542
49,1000,60,7.7,28,83,950,32,12,6,50,8.504483382,127,627,63.16087504,10.52778131,7.687332312,9.361822209,491,21,459,29,512,488
50,1000,60,7.7,28,85,938,40,12,10,62,8.872926752,134,649,63.36980083,10.8455812,8.497893501,9.287437187,500,25,438,37,525,475
48,1000,60,7.7,28,87,956,22,16,6,44,8.530096885,102,621,63.13515056,10.7112616,8.377779803,8.658807629,438,20,518,24,458,542
49,1000,60,7.7,28,84,950,32,12,6,50,8.535630769,116,626,63.18623578,10.54385447,7.702451565,9.409785999,491,21,459,29,512,488
50,1000,60,7.7,28,86,938,40,12,10,62,8.89904332,97,656,63.41639918,10.85192791,8.576999002,9.25498704,500,25,438,37,525,475
48,1000,60,7.7,28,88,957,21,16,6,43,8.522163431,121,648,63.18408426,10.72961003,8.38493133,8.638127088,439,19,518,24,458,542
49,1000,60,7.7,28,85,951,32,11,6,49,8.522805216,112,660,63.24038484,10.5637728,7.71749596,9.367719847,491,21,460,28,512,488
50,1000,60,7.7,28,87,938,42,13,7,62,8.883703575,108,641,63.43454939,10.88411175,8.571750119,9.228494236,499,26,439,36,525,475
48,1000,60,7.7,28,89,957,21,16,6,43,8.562305935,96,640,63.21637107,10.75898904,8.408854335,8.691975367,439,19,518,24,458,542
49,1000,60,7.7,28,86,949,33,11,7,51,8.54694305,109,620,63.24672247,10.57270096,7.771844563,9.360161135,491,21,458,30,512,488
50,1000,60,7.7,28,88,937,43,13,7,63,8.893961097,116,639,63.4624562,10.91754645,8.597674849,9.22143537,498,27,439,36,525,475
48,1000,60,7.7,28,90,956,22,16,6,44,8.580651626,114,620,63.26075776,10.776353,8.452489097,8.688951328,438,20,518,24,458,542
49,1000,60,7.7,28,87,947,35,11,7,53,8.546115874,113,621,63.25653972,10.62335018,7.765837371,9.36476873,490,22,457,31,512,488
50,1000,60,7.7,28,89,937,43,13,7,63,8.947489122,104,660,63.47326997,10.94798929,8.634939091,9.292939155,498,27,439,36,525,475
49,1000,60,7.7,28,88,949,33,9,9,51,8.574762929,115,638,63.31017291,10.67029039,7.785572221,9.402766296,490,22,459,29,512,488
48,1000,60,7.7,28,91,955,23,16,6,45,8.64294314,116,619,63.28894805,10.83327317,8.517865153,8.748636346,437,21,518,24,458,542
50,1000,60,7.7,28,90,935,45,12,8,65,8.966685078,103,651,63.517601,10.98331017,8.656009026,9.310063873,497,28,438,37,525,475
49,1000,60,7.7,28,89,948,33,10,9,52,8.570382389,102,612,63.32299747,10.68919359,7.800283484,9.378355012,489,23,459,29,512,488
48,1000,60,7.7,28,92,954,24,16,6,46,8.654477838,119,619,63.31512925,10.86627413,8.540802304,8.750535763,436,22,518,24,458,542
50,1000,60,7.7,28,91,936,43,13,8,64,8.973595083,133,646,63.55242248,10.99740507,8.689817695,9.287243776,497,28,439,36,525,475
49,1000,60,7.7,28,90,947,34,10,9,53,8.631235858,101,644,63.37483664,10.69738716,7.888548099,9.410449244,489,23,458,30,512,488
48,1000,60,7.7,28,93,953,25,16,6,47,8.647162343,123,622,63.33792421,10.86912051,8.560602869,8.720306696,436,22,517,25,458,542
50,1000,60,7.7,28,92,936,42,14,8,64,9.001124912,105,642,63.57712238,11.03429702,8.712715525,9.319893181,497,28,439,36,525,475
48,1000,60,7.7,28,94,952,26,16,6,48,8.682622228,106,632,63.36646384,10.87886191,8.560997904,8.785397025,436,22,516,26,458,542
50,1000,60,7.7,28,93,938,40,15,7,62,8.98192334,107,628,63.60737018,11.04568888,8.69366757,9.300521822,498,27,440,35,525,475
49,1000,60,7.7,28,91,948,32,11,9,52,8.632340058,127,629,63.44204862,10.73990857,7.909701318,9.390518407,489,23,459,29,512,488
48,1000,60,7.7,28,95,952,27,15,6,48,8.681675268,134,665,63.40152181,10.902926,8.550691549,8.792358928,436,22,516,26,458,542
50,1000,60,7.7,28,94,939,39,14,8,61,8.98187538,103,646,63.65584656,11.07349248,8.724069294,9.26681895,498,27,441,34,525,475
49,1000,60,7.7,28,92,948,31,12,9,52,8.636779853,113,647,63.47869364,10.7539081,7.917626944,9.391300939,490,22,458,30,512,488
48,1000,60,7.7,28,96,951,28,15,6,49,8.68465539,129,625,63.41653136,10.93558178,8.563976496,8.786631283,435,23,516,26,458,542
50,1000,60,7.7,28,95,940,37,15,8,60,8.99332725,120,647,63.68413386,11.12229104,8.788483641,9.219733344,498,27,442,33,525,475
49,1000,60,7.7,28,93,948,31,12,9,52,8.646635752,110,628,63.51413444,10.76526723,7.912975117,9.416378057,490,22,458,30,512,488
48,1000,60,7.7,28,97,951,29,14,6,49,8.691188416,116,645,63.45384481,10.95671043,8.558382802,8.803411609,436,22,515,27,458,542
50,1000,60,7.7,28,96,939,37,16,8,61,9.022380871,100,628,63.74186569,11.14055911,8.820437265,9.245581699,497,28,442,33,525,475
49,1000,60,7.7,28,94,948,31,12,9,52,8.664708178,117,631,63.54559176,10.79444327,7.926005523,9.439740471,490,22,458,30,512,488
48,1000,60,7.7,28,98,949,30,15,6,51,8.729154864,125,647,63.49127621,10.99346866,8.573306076,8.860849965,436,22,513,29,458,542
50,1000,60,7.7,28,97,938,37,16,9,62,9.026628735,124,629,63.80388557,11.17203907,8.838199561,9.234892559,497,28,441,34,525,475
49,1000,60,7.7,28,95,949,30,12,9,51,8.663052188,118,615,63.59976869,10.81658075,7.894339416,9.469570507,491,21,458,30,512,488
50,1000,60,7.7,28,98,939,36,16,9,61,9.029495398,109,655,63.87006635,11.21263997,8.825038732,9.255473818,498,27,441,34,525,475
48,1000,60,7.7,28,99,950,30,14,6,50,8.729380039,114,611,63.52791497,11.01433706,8.582833336,8.853214707,436,22,514,28,458,542
49,1000,60,7.7,28,96,948,31,12,9,52,8.676157783,111,665,63.64692949,10.86047406,7.927357401,9.461784414,491,21,457,31,512,488
50,1000,60,7.7,28,99,939,35,17,9,61,9.04673715,122,652,63.89746518,11.2425204,8.833997401,9.281870557,498,27,441,34,525,475
49,1000,60,7.7,28,97,949,31,11,9,51,8.682021337,127,636,63.68302604,10.87182549,7.974920092,9.423898054,491,21,458,30,512,488
48,1000,60,7.7,28,100,951,30,13,6,49,8.782691107,115,647,63.54701117,11.04396142,8.594814661,8.941450171,437,21,514,28,458,542
50,1000,60,7.7,28,100,937,38,15,10,63,9.064824063,130,641,63.9256573,11.27365891,8.820850343,9.334479227,499,26,438,37,525,475
49,1000,60,7.7,28,98,949,31,10,10,51,8.719544161,116,635,63.69434859,10.88643841,8.011482749,9.462428266,491,21,458,30,512,488
48,1000,60,7.7,28,101,951,31,12,6,49,8.79621718,112,642,63.5784646,11.05584552,8.600390133,8.961694648,437,21,514,28,458,542
50,1000,60,7.7,28,101,937,38,15,10,63,9.054076198,110,659,63.97653239,11.30921997,8.82125614,9.311403631,499,26,438,37,525,475
49,1000,60,7.7,28,99,949,30,11,10,51,8.770764496,101,630,63.7743086,10.92098257,8.072756228,9.50310104,491,21,458,30,512,488
48,1000,60,7.7,28,102,950,31,12,7,50,8.820297669,114,656,63.6267994,11.08561404,8.612820368,8.995619816,437,21,513,29,458,542
50,1000,60,7.7,28,102,935,40,15,10,65,9.084476707,123,643,63.99824839,11.31636367,8.880828747,9.309561293,497,28,438,37,525,475
49,1000,60,7.7,28,100,948,31,11,10,52,8.82361603,100,638,63.80023464,10.92951649,8.113814071,9.568326282,491,21,457,31,512,488
48,1000,60,7.7,28,103,948,33,10,9,52,8.860836202,115,661,63.66130107,11.11743978,8.690103143,9.005108787,435,23,513,29,458,542
50,1000,60,7.7,28,103,934,39,16,11,66,9.115951775,110,635,64.04104667,11.32709721,8.862856915,9.3956882,497,28,437,38,525,475
48,1000,60,7.7,28,104,946,35,10,9,54,8.872724456,113,627,63.69326197,11.16086509,8.688752046,9.028184536,434,24,512,30,458,542
49,1000,60,7.7,28,101,948,31,11,10,52,8.857804667,116,642,63.84636894,10.9716809,8.173396782,9.575871956,491,21,457,31,512,488
50,1000,60,7.7,28,104,934,39,16,11,66,9.106743761,102,623,64.08476523,11.34075065,8.838245399,9.403505108,497,28,437,38,525,475
49,1000,60,7.7,28,102,943,36,11,10,57,8.891162869,110,650,63.91901336,10.99800423,8.169624443,9.648186792,491,21,452,36,512,488
49,1000,60,7.7,28,103,942,37,11,10,58,8.889898196,117,669,63.96568197,11.01094707,8.167294571,9.648039705,491,21,451,37,512,488
49,1000,60,7.7,28,104,943,36,10,11,57,8.858599895,108,672,64.00557749,11.04008487,8.170012258,9.581052497,491,21,452,36,512,488
