[run number],initial-people,environment,healthy-treatment-chance,dep-treatment-chance,[step],"count turtles with [ severity = ""No Depression"" ]","count turtles with [ severity = ""Mild Depression"" ]","count turtles with [ severity = ""Moderate Depression"" ]","count turtles with [ severity = ""Severe Depression"" ]","count turtles with [ severity != ""No Depression"" ]",mean [ dep-score ] of turtles,count turtles with [ treatment? ],count turtles with [ talks? ],mean [ prob-of-talking ] of turtles,mean [ prob-of-treatment ] of turtles,"mean [ dep-score ] of turtles with [ gender? = ""male"" ]","mean [ dep-score ] of turtles with [ gender? = ""female"" ]","count turtles with [ severity = ""No Depression"" and gender? = ""male"" ]","count turtles with [ severity != ""No Depression"" and gender? = ""male"" ]","count turtles with [ severity = ""No Depression"" and gender? = ""female"" ]","count turtles with [ severity != ""No Depression"" and gender? = ""female"" ]","count turtles with [ gender? = ""male"" ]","count turtles with [ gender? = ""female"" ]"
5,1000,30,7.7,28,0,942,32,12,14,58,7.233,98,311,30.0323924,8.867914028,6.475206612,7.94379845,467,17,475,41,484,516
2,1000,30,7.7,28,0,927,40,19,14,73,7.529,85,303,30.13054547,9.195267634,6.970588235,8.110204082,480,30,447,43,510,490
7,1000,30,7.7,28,0,944,29,20,7,56,7.315,112,301,29.89689833,8.843360509,6.43452381,8.209677419,491,13,453,43,504,496
6,1000,30,7.7,28,0,942,30,14,14,58,7.313,105,325,30.15195328,8.939169431,6.442528736,8.263598326,500,22,442,36,522,478
4,1000,30,7.7,28,0,941,25,16,18,59,7.208,92,302,29.98293309,9.027182339,6.272222222,8.306521739,524,16,417,43,540,460
3,1000,30,7.7,28,0,934,33,18,15,66,7.492,93,285,30.18448122,9.102394984,6.597701149,8.468619247,497,25,437,41,522,478
8,1000,30,7.7,28,0,935,43,10,12,65,6.993,90,300,29.95825679,8.967258279,5.871369295,8.036679537,469,13,466,52,482,518
1,1000,30,7.7,28,0,930,35,15,20,70,7.518,101,287,30.14131555,9.157379232,6.351515152,8.661386139,472,23,458,47,495,505
7,1000,30,7.7,28,1,943,30,21,6,57,7.355331835,107,305,29.9112983,8.877861427,6.484008478,8.240708794,491,13,452,44,504,496
5,1000,30,7.7,28,1,942,32,11,15,58,7.266890165,93,310,30.04322306,8.859712656,6.510557579,7.976318406,467,17,475,41,484,516
2,1000,30,7.7,28,1,928,38,20,14,72,7.525286918,88,312,30.14674438,9.207042024,6.951906236,8.122070893,482,28,446,44,510,490
3,1000,30,7.7,28,1,934,33,18,15,66,7.518092423,90,333,30.22781377,9.104631985,6.62961505,8.488354323,497,25,437,41,522,478
6,1000,30,7.7,28,1,944,29,13,14,56,7.328212938,121,287,30.18224388,8.952053519,6.464283262,8.271667522,501,21,443,35,522,478
8,1000,30,7.7,28,1,936,41,11,12,64,7.002251213,89,326,29.97272172,8.977451834,5.900300206,8.027618753,469,13,467,51,482,518
1,1000,30,7.7,28,1,932,33,15,20,68,7.501537681,93,315,30.17201056,9.166576542,6.333616818,8.646331399,473,22,459,46,495,505
4,1000,30,7.7,28,1,943,23,16,18,57,7.22136763,92,308,29.99499947,9.039358289,6.281410788,8.324795228,524,16,419,41,540,460
7,1000,30,7.7,28,2,941,32,21,6,59,7.375696183,83,320,29.91317468,8.882069416,6.485011213,8.280747039,491,13,450,46,504,496
2,1000,30,7.7,28,2,931,37,19,13,69,7.504361576,101,316,30.14506196,9.232504157,6.953338123,8.077875782,484,26,447,43,510,490
5,1000,30,7.7,28,2,942,32,11,15,58,7.285206774,81,317,30.07037055,8.873004775,6.53725743,7.986771663,467,17,475,41,484,516
3,1000,30,7.7,28,2,937,33,15,15,63,7.506460503,103,316,30.24384575,9.120561699,6.63520846,8.457911479,497,25,440,38,522,478
6,1000,30,7.7,28,2,944,29,13,14,56,7.355780475,79,321,30.18866036,8.955091257,6.504576167,8.285338318,501,21,443,35,522,478
8,1000,30,7.7,28,2,936,40,12,12,64,7.046541288,92,280,29.97838555,8.990062887,5.955130614,8.062101027,468,14,468,50,482,518
7,1000,30,7.7,28,3,942,32,21,5,58,7.385303547,103,289,29.92086991,8.893459709,6.507241388,8.277527999,491,13,451,45,504,496
4,1000,30,7.7,28,2,942,24,16,18,58,7.24851321,100,313,30.04593273,9.063328094,6.309926327,8.350332595,524,16,418,42,540,460
1,1000,30,7.7,28,2,933,32,15,20,67,7.517830257,84,315,30.17159368,9.164675125,6.298805925,8.712715494,474,21,459,46,495,505
2,1000,30,7.7,28,3,931,37,19,13,69,7.526371227,110,298,30.16031565,9.257449539,6.998945433,8.075324604,484,26,447,43,510,490
5,1000,30,7.7,28,3,942,32,11,15,58,7.289938218,94,304,30.07825401,8.875053789,6.560214869,7.974407405,466,18,476,40,484,516
3,1000,30,7.7,28,3,938,32,15,15,62,7.5257165,101,293,30.2622225,9.140813407,6.682258115,8.446815405,496,26,442,36,522,478
8,1000,30,7.7,28,3,938,41,10,11,62,7.026973178,80,310,30.01555235,8.993311511,5.924363452,8.052953656,469,13,469,49,482,518
7,1000,30,7.7,28,4,943,31,21,5,57,7.413323312,89,305,29.94553647,8.914557461,6.571861997,8.268356585,491,13,452,44,504,496
6,1000,30,7.7,28,3,946,28,12,14,54,7.361124487,84,312,30.21921828,8.962353924,6.515209207,8.284906446,502,20,444,34,522,478
4,1000,30,7.7,28,3,943,25,15,17,57,7.260239087,89,331,30.08703335,9.087612966,6.368956409,8.306527448,524,16,419,41,540,460
2,1000,30,7.7,28,4,933,38,18,11,67,7.503100355,103,295,30.19762374,9.253208814,6.998515745,8.028280254,485,25,448,42,510,490
1,1000,30,7.7,28,3,933,33,14,20,67,7.554553997,85,302,30.1815721,9.16646892,6.34632209,8.738860519,474,21,459,46,495,505
5,1000,30,7.7,28,4,941,31,13,15,59,7.331956935,89,336,30.08835696,8.888237956,6.635891227,7.984855776,465,19,476,40,484,516
3,1000,30,7.7,28,4,938,32,15,15,62,7.535600925,96,320,30.31010747,9.146165694,6.692180038,8.456658881,496,26,442,36,522,478
8,1000,30,7.7,28,4,938,42,8,12,62,7.039987404,101,286,30.01735204,9.000934576,5.936895496,8.066416555,468,14,470,48,482,518
6,1000,30,7.7,28,4,946,29,11,14,54,7.389323378,101,319,30.22094212,8.978016395,6.551837548,8.303899953,501,21,445,33,522,478
4,1000,30,7.7,28,4,945,24,14,17,55,7.278749549,85,316,30.08871855,9.110532949,6.390429594,8.321559932,525,15,420,40,540,460
7,1000,30,7.7,28,5,945,29,19,7,55,7.397117613,113,302,29.956498,8.923249141,6.546766772,8.26118379,491,13,454,42,504,496
2,1000,30,7.7,28,5,934,36,19,11,66,7.527244347,94,285,30.20325066,9.253992575,6.999332955,8.076703142,486,24,448,42,510,490
5,1000,30,7.7,28,5,941,31,13,15,59,7.368454461,96,305,30.12613832,8.907595035,6.655116109,8.037554775,465,19,476,40,484,516
3,1000,30,7.7,28,5,938,32,15,15,62,7.558179213,79,321,30.3052402,9.163351152,6.70138295,8.493843752,496,26,442,36,522,478
1,1000,30,7.7,28,4,932,33,15,20,68,7.582738128,78,285,30.20291134,9.184853691,6.326266093,8.814329528,474,21,458,47,495,505
8,1000,30,7.7,28,5,939,41,8,12,61,7.057455067,95,319,30.04314293,9.007045143,5.94381545,8.093698881,468,14,471,47,482,518
6,1000,30,7.7,28,5,942,33,11,14,58,7.403104379,90,296,30.26065115,8.983835536,6.618908993,8.259485115,498,24,444,34,522,478
7,1000,30,7.7,28,6,946,28,19,7,54,7.390728848,87,315,29.97882308,8.927616297,6.568734284,8.225981388,491,13,455,41,504,496
4,1000,30,7.7,28,5,948,22,13,17,52,7.247105401,111,312,30.11093175,9.112599275,6.430264012,8.206006162,525,15,423,37,540,460
5,1000,30,7.7,28,6,941,32,12,15,59,7.371967079,84,305,30.14035829,8.917979829,6.642152762,8.056521593,465,19,476,40,484,516
2,1000,30,7.7,28,6,935,34,20,11,65,7.553119625,90,300,30.20122827,9.262686671,7.034264771,8.093152228,486,24,449,41,510,490
3,1000,30,7.7,28,6,941,29,15,15,59,7.574464095,101,301,30.33573494,9.170352633,6.718659164,8.50904605,497,25,444,34,522,478
1,1000,30,7.7,28,5,934,31,15,20,66,7.603965945,104,315,30.23101753,9.226366771,6.320487524,8.862028952,476,19,458,47,495,505
8,1000,30,7.7,28,6,939,41,7,13,61,7.100909476,93,278,30.0516614,9.031090546,5.972027677,8.151336169,469,13,470,48,482,518
7,1000,30,7.7,28,7,948,25,20,7,52,7.425475264,95,325,29.96782766,8.923607044,6.612224349,8.25184313,492,12,456,40,504,496
6,1000,30,7.7,28,6,940,35,11,14,60,7.439822392,106,310,30.29151691,8.984237388,6.654991875,8.296896722,497,25,443,35,522,478
4,1000,30,7.7,28,6,949,21,12,18,51,7.279212602,97,315,30.11825592,9.124456333,6.493991713,8.200993645,525,15,424,36,540,460
5,1000,30,7.7,28,7,942,32,11,15,58,7.383626497,105,302,30.15795687,8.929411775,6.668657107,8.0542567,465,19,477,39,484,516
2,1000,30,7.7,28,7,935,33,21,11,65,7.605288903,97,300,30.22098122,9.297113218,7.065126151,8.167499113,486,24,449,41,510,490
3,1000,30,7.7,28,7,943,26,16,15,57,7.576186823,93,313,30.38675977,9.199827629,6.700063245,8.532957759,498,24,445,33,522,478
8,1000,30,7.7,28,7,940,41,7,12,60,7.091092603,90,280,30.0490051,9.037779056,5.965489925,8.138468068,469,13,471,47,482,518
1,1000,30,7.7,28,6,933,32,15,20,67,7.642231951,84,310,30.24495962,9.231966984,6.321270574,8.937035677,476,19,457,48,495,505
7,1000,30,7.7,28,8,949,25,18,8,51,7.45030122,86,316,29.96528203,8.954627032,6.655475326,8.257946887,492,12,457,39,504,496
6,1000,30,7.7,28,7,944,31,12,13,56,7.413710761,85,314,30.30354007,9.009985251,6.636916829,8.262008738,500,22,444,34,522,478
4,1000,30,7.7,28,7,949,20,13,18,51,7.294766287,106,310,30.1406438,9.152034214,6.523398348,8.200285172,525,15,424,36,540,460
5,1000,30,7.7,28,8,945,29,11,15,55,7.38246241,95,289,30.20545399,8.945183759,6.677635671,8.043578963,466,18,479,37,484,516
2,1000,30,7.7,28,8,935,33,21,11,65,7.595994836,96,296,30.24859965,9.324533415,7.090460922,8.122162787,486,24,449,41,510,490
3,1000,30,7.7,28,8,943,26,15,16,57,7.583970161,103,300,30.4195189,9.204167128,6.690724324,8.559439465,498,24,445,33,522,478
8,1000,30,7.7,28,8,941,39,8,12,59,7.098337009,102,293,30.06359086,9.041434236,6.000426915,8.119944471,469,13,472,46,482,518
6,1000,30,7.7,28,8,944,32,12,12,56,7.436103317,103,293,30.30642157,9.015958491,6.659529505,8.284160911,500,22,444,34,522,478
7,1000,30,7.7,28,9,952,25,15,8,48,7.437583591,91,305,29.98360552,8.987147627,6.657554291,8.23019401,493,11,459,37,504,496
4,1000,30,7.7,28,8,949,20,13,18,51,7.305491856,115,314,30.1454674,9.157807628,6.509456194,8.239968502,524,16,425,35,540,460
1,1000,30,7.7,28,7,933,33,15,19,67,7.667189044,97,309,30.27069093,9.247717428,6.393228551,8.915922596,476,19,457,48,495,505
5,1000,30,7.7,28,9,947,27,11,15,53,7.398522411,84,302,30.23466176,8.943740532,6.6917381,8.061475136,467,17,480,36,484,516
3,1000,30,7.7,28,9,943,26,15,16,57,7.615585862,106,296,30.42164105,9.231773861,6.713173521,8.601065448,498,24,445,33,522,478
2,1000,30,7.7,28,9,939,30,20,11,61,7.584417724,111,292,30.27784087,9.334785181,7.081887284,8.107459611,487,23,452,38,510,490
8,1000,30,7.7,28,9,942,38,8,12,58,7.084192096,83,296,30.09796399,9.062835232,5.964434434,8.126128762,471,11,471,47,482,518
6,1000,30,7.7,28,9,944,31,13,12,56,7.472139875,98,305,30.35093381,9.020118673,6.694358219,8.321516496,500,22,444,34,522,478
7,1000,30,7.7,28,10,952,25,15,8,48,7.438963023,104,313,29.9974117,8.996087771,6.684786707,8.205303474,492,12,460,36,504,496
4,1000,30,7.7,28,9,951,19,12,18,49,7.300126134,104,336,30.15672507,9.197904446,6.488852139,8.25249126,524,16,427,33,540,460
5,1000,30,7.7,28,10,947,29,10,14,53,7.425763981,108,296,30.2596601,8.94211861,6.712057724,8.095209384,467,17,480,36,484,516
1,1000,30,7.7,28,8,931,35,15,19,69,7.699972273,100,297,30.28908675,9.259532741,6.400445428,8.973765914,476,19,455,50,495,505
3,1000,30,7.7,28,10,943,26,15,16,57,7.63520651,112,279,30.41791392,9.257380646,6.714304026,8.640878261,498,24,445,33,522,478
2,1000,30,7.7,28,10,940,30,19,11,60,7.600398012,89,328,30.32553503,9.369854038,7.151989044,8.067109387,487,23,453,37,510,490
8,1000,30,7.7,28,10,944,37,8,11,56,7.093814794,118,324,30.10675609,9.09300843,5.972828204,8.136894979,472,10,472,46,482,518
6,1000,30,7.7,28,10,946,30,12,12,54,7.479718129,101,315,30.37011583,9.035129197,6.705909996,8.324755463,501,21,445,33,522,478
7,1000,30,7.7,28,11,954,23,15,8,46,7.458207836,97,310,30.01100338,9.004225528,6.735384767,8.192689343,492,12,462,34,504,496
4,1000,30,7.7,28,10,952,19,11,18,48,7.313261873,88,296,30.15780261,9.211486036,6.516746602,8.248301538,524,16,428,32,540,460
5,1000,30,7.7,28,11,947,29,10,14,53,7.449975564,85,300,30.27041887,8.949522609,6.712524058,8.141693643,468,16,479,37,484,516
3,1000,30,7.7,28,11,945,25,14,16,55,7.635699853,104,298,30.45155159,9.259142022,6.725471826,8.62971456,499,23,446,32,522,478
1,1000,30,7.7,28,9,931,35,15,19,69,7.742541609,102,305,30.30631917,9.258385967,6.433824609,9.025343422,476,19,455,50,495,505
2,1000,30,7.7,28,11,940,30,19,11,60,7.586857457,125,285,30.34999635,9.391325713,7.131850324,8.060436309,487,23,453,37,510,490
8,1000,30,7.7,28,11,944,37,8,11,56,7.118677118,107,304,30.13630501,9.098283453,6.017812329,8.143033929,472,10,472,46,482,518
6,1000,30,7.7,28,11,946,30,12,12,54,7.496493456,88,308,30.37054024,9.039892565,6.760690332,8.300027411,500,22,446,32,522,478
7,1000,30,7.7,28,12,956,21,15,8,44,7.456738731,101,293,30.02758113,9.015991829,6.7725405,8.151972418,492,12,464,32,504,496
4,1000,30,7.7,28,11,954,19,9,18,46,7.291636295,89,314,30.15657293,9.235810155,6.496644338,8.224887723,525,15,429,31,540,460
3,1000,30,7.7,28,12,947,23,14,16,53,7.658829545,87,297,30.47938116,9.277305414,6.728729636,8.674545347,500,22,447,31,522,478
5,1000,30,7.7,28,12,947,30,11,12,53,7.462698081,87,304,30.2887683,8.962892301,6.787371074,8.096144343,468,16,479,37,484,516
2,1000,30,7.7,28,12,940,30,19,11,60,7.618583435,108,345,30.36701721,9.393290124,7.163900659,8.091824692,487,23,453,37,510,490
1,1000,30,7.7,28,10,930,36,15,19,70,7.767164107,83,304,30.31904798,9.259167962,6.429374588,9.078462744,476,19,454,51,495,505
6,1000,30,7.7,28,12,947,30,12,11,53,7.501184712,117,273,30.3861037,9.058535597,6.756841043,8.314045371,500,22,447,31,522,478
8,1000,30,7.7,28,12,944,37,8,11,56,7.136893424,101,313,30.14385659,9.119635283,6.048995519,8.149184525,472,10,472,46,482,518
7,1000,30,7.7,28,13,955,22,15,8,45,7.456923392,100,306,30.07533566,9.008351298,6.740748313,8.184649683,492,12,463,33,504,496
4,1000,30,7.7,28,12,955,19,8,18,45,7.277447204,78,302,30.17628913,9.265472181,6.49090195,8.200782936,525,15,430,30,540,460
3,1000,30,7.7,28,13,946,25,14,15,54,7.658647386,96,314,30.51070317,9.274101477,6.750801504,8.65006067,499,23,447,31,522,478
5,1000,30,7.7,28,13,947,30,11,12,53,7.470748922,79,299,30.32348512,8.973071575,6.815362576,8.085491153,468,16,479,37,484,516
2,1000,30,7.7,28,13,940,30,19,11,60,7.654455656,104,323,30.41119441,9.411743579,7.184432047,8.143663902,487,23,453,37,510,490
6,1000,30,7.7,28,13,947,28,14,11,53,7.556966445,84,322,30.39313413,9.060915596,6.842771279,8.336903426,500,22,447,31,522,478
8,1000,30,7.7,28,13,945,36,8,11,55,7.151160284,94,302,30.15859532,9.140439178,6.036508265,8.188346139,472,10,473,45,482,518
1,1000,30,7.7,28,11,932,35,14,19,68,7.761220232,90,312,30.35027149,9.266334904,6.401299436,9.094211902,477,18,455,50,495,505
7,1000,30,7.7,28,14,956,22,13,9,44,7.480998446,97,302,30.0785927,9.02996609,6.75402569,8.219696568,492,12,464,32,504,496
4,1000,30,7.7,28,13,955,19,7,19,45,7.309935209,109,282,30.22474075,9.288086552,6.525485222,8.230811282,525,15,430,30,540,460
3,1000,30,7.7,28,14,947,24,14,15,53,7.703614339,111,301,30.5296217,9.295840521,6.782899021,8.709081694,500,22,447,31,522,478
5,1000,30,7.7,28,14,948,30,10,12,52,7.495503218,79,306,30.34245295,8.972398227,6.828354641,8.12127824,467,17,481,35,484,516
6,1000,30,7.7,28,14,945,30,14,11,55,7.60790164,94,299,30.39254154,9.078055299,6.897742317,8.383431278,499,23,446,32,522,478
2,1000,30,7.7,28,14,940,30,19,11,60,7.670630012,104,292,30.424778,9.43024207,7.177778545,8.183597866,487,23,453,37,510,490
8,1000,30,7.7,28,14,946,34,9,11,54,7.1581107,82,326,30.17029906,9.167167536,6.0400855,8.198435306,473,9,473,45,482,518
1,1000,30,7.7,28,12,931,36,14,19,69,7.786402256,102,301,30.365194,9.283909702,6.434754167,9.111285036,477,18,454,51,495,505
7,1000,30,7.7,28,15,957,21,12,10,43,7.521664104,99,314,30.10951095,9.045483774,6.799524921,8.255450693,493,11,464,32,504,496
4,1000,30,7.7,28,14,955,20,7,18,45,7.349973846,87,322,30.22750693,9.285756255,6.540758225,8.29992262,525,15,430,30,540,460
3,1000,30,7.7,28,15,948,24,13,15,52,7.749978282,89,308,30.56693201,9.307179514,6.805751691,8.781121128,501,21,447,31,522,478
5,1000,30,7.7,28,15,948,31,9,12,52,7.531317464,99,301,30.35461899,8.982029798,6.862517928,8.15864106,466,18,482,34,484,516
6,1000,30,7.7,28,15,945,30,13,12,55,7.640542771,108,320,30.40829497,9.084992399,6.91401588,8.433946615,499,23,446,32,522,478
2,1000,30,7.7,28,15,944,27,18,11,56,7.67025986,115,301,30.45071051,9.445528002,7.168628349,8.192366126,491,19,453,37,510,490
8,1000,30,7.7,28,15,946,34,9,11,54,7.171529216,102,305,30.19206915,9.193556811,6.095400421,8.172869137,472,10,474,44,482,518
7,1000,30,7.7,28,16,956,22,12,10,44,7.562404395,108,291,30.11012572,9.041199568,6.827293009,8.309372417,493,11,463,33,504,496
4,1000,30,7.7,28,15,955,20,7,18,45,7.380874689,91,334,30.25185254,9.303659436,6.55473454,8.350691385,524,16,431,29,540,460
1,1000,30,7.7,28,13,930,39,14,17,70,7.771988249,96,303,30.37774346,9.294921958,6.464047643,9.054029041,476,19,454,51,495,505
3,1000,30,7.7,28,16,948,24,13,15,52,7.749789483,97,305,30.58705226,9.325690521,6.795167349,8.792284785,501,21,447,31,522,478
5,1000,30,7.7,28,16,949,30,9,12,51,7.537791577,102,301,30.37247553,8.999544747,6.882565365,8.152383606,467,17,482,34,484,516
6,1000,30,7.7,28,16,944,32,12,12,56,7.687913783,98,308,30.44289201,9.098733585,7.013707934,8.424180421,499,23,445,33,522,478
8,1000,30,7.7,28,16,947,33,9,11,53,7.20064655,93,291,30.20782226,9.206349338,6.129955514,8.196926626,472,10,475,43,482,518
2,1000,30,7.7,28,16,944,27,18,11,56,7.694695432,107,318,30.45540999,9.448485753,7.160641324,8.250547666,491,19,453,37,510,490
7,1000,30,7.7,28,17,956,22,12,10,44,7.641334159,92,295,30.14427467,9.035398835,6.909646256,8.384823479,493,11,463,33,504,496
4,1000,30,7.7,28,16,954,20,8,18,46,7.410316417,99,320,30.30130791,9.309314377,6.585430895,8.378660291,523,17,431,29,540,460
3,1000,30,7.7,28,17,948,26,11,15,52,7.784097293,87,312,30.61319796,9.344799918,6.810684113,8.847113359,501,21,447,31,522,478
1,1000,30,7.7,28,14,932,37,14,17,68,7.789718445,92,320,30.40353208,9.312992683,6.461321584,9.091810417,478,17,454,51,495,505
5,1000,30,7.7,28,17,950,29,9,12,50,7.557995767,93,312,30.37784463,8.996882538,6.909977979,8.165826406,468,16,482,34,484,516
6,1000,30,7.7,28,17,944,32,12,12,56,7.713044215,89,298,30.44745311,9.111791582,7.047160339,8.440222841,498,24,446,32,522,478
8,1000,30,7.7,28,17,948,32,9,11,52,7.185154757,99,327,30.2182503,9.212535994,6.122769435,8.17370635,472,10,476,42,482,518
2,1000,30,7.7,28,17,945,26,18,11,55,7.726195997,100,288,30.48649367,9.462400967,7.194295917,8.279806285,491,19,454,36,510,490
7,1000,30,7.7,28,18,957,21,12,10,43,7.683054461,95,308,30.16103616,9.074093999,6.965886671,8.411789472,494,10,463,33,504,496
4,1000,30,7.7,28,17,954,21,7,18,46,7.442465455,76,302,30.2965092,9.319975198,6.639372238,8.385227059,522,18,432,28,540,460
3,1000,30,7.7,28,18,948,26,11,15,52,7.820817791,87,302,30.62553132,9.357160763,6.828516907,8.90446018,501,21,447,31,522,478
1,1000,30,7.7,28,15,931,38,15,16,69,7.815358466,102,301,30.4189786,9.340863175,6.526965105,9.078239088,477,18,454,51,495,505
5,1000,30,7.7,28,18,949,30,9,12,51,7.606524479,90,285,30.40538365,9.007849324,6.949610876,8.222699254,467,17,482,34,484,516
6,1000,30,7.7,28,18,946,30,12,12,54,7.704691814,93,329,30.46295383,9.102911721,7.018748704,8.453776131,500,22,446,32,522,478
8,1000,30,7.7,28,18,948,31,10,11,52,7.201290431,94,295,30.22673174,9.225937006,6.157076573,8.172933441,472,10,476,42,482,518
2,1000,30,7.7,28,18,945,26,18,11,55,7.737600855,105,318,30.50258214,9.454158898,7.211519964,8.285154434,491,19,454,36,510,490
7,1000,30,7.7,28,19,957,21,12,10,43,7.704098206,110,279,30.17336963,9.094907539,6.998061088,8.421523021,493,11,464,32,504,496
4,1000,30,7.7,28,18,955,21,7,17,45,7.463587596,97,288,30.30072924,9.315977832,6.682627265,8.380367116,523,17,432,28,540,460
3,1000,30,7.7,28,19,949,25,11,15,51,7.849609736,101,301,30.64944557,9.368334344,6.854364762,8.936467217,501,21,448,30,522,478
6,1000,30,7.7,28,19,945,30,13,12,55,7.724611906,110,330,30.52567224,9.116997604,7.067902583,8.441771458,500,22,445,33,522,478
5,1000,30,7.7,28,19,948,31,9,12,52,7.663873568,103,313,30.39337116,9.011249477,7.032741422,8.255865736,466,18,482,34,484,516
1,1000,30,7.7,28,16,930,39,15,16,70,7.830826618,87,329,30.45284022,9.360519592,6.578962158,9.057901683,476,19,454,51,495,505
8,1000,30,7.7,28,19,951,28,11,10,49,7.217508601,104,299,30.25351267,9.239917359,6.18125088,8.18174841,474,8,477,41,482,518
2,1000,30,7.7,28,19,947,25,18,10,53,7.735172959,112,304,30.55681351,9.470844989,7.209498908,8.282303093,493,17,454,36,510,490
7,1000,30,7.7,28,20,957,21,12,10,43,7.709392031,82,304,30.18945213,9.091118816,7.013010053,8.417005976,493,11,464,32,504,496
4,1000,30,7.7,28,19,955,21,7,17,45,7.487390327,111,309,30.30792476,9.340896189,6.709289465,8.400813078,523,17,432,28,540,460
3,1000,30,7.7,28,20,952,22,11,15,48,7.856962514,90,303,30.64893104,9.366329196,6.858728364,8.947084326,502,20,450,28,522,478
6,1000,30,7.7,28,20,943,32,13,12,57,7.757873759,83,296,30.53170595,9.121320158,7.093001452,8.4839477,500,22,443,35,522,478
5,1000,30,7.7,28,20,950,30,9,11,50,7.685502966,98,320,30.40950298,9.035817795,6.995101055,8.333089254,467,17,483,33,484,516
8,1000,30,7.7,28,20,950,29,11,10,50,7.239004816,92,335,30.26805565,9.229746376,6.232509432,8.175550714,474,8,476,42,482,518
2,1000,30,7.7,28,20,947,25,18,10,53,7.782347302,93,316,30.57974214,9.483671264,7.246607117,8.339954433,493,17,454,36,510,490
7,1000,30,7.7,28,21,957,22,12,9,43,7.715398573,102,312,30.22495233,9.102175683,7.040478675,8.401204276,493,11,464,32,504,496
1,1000,30,7.7,28,17,931,39,14,16,69,7.854357753,88,269,30.45944592,9.363107896,6.62893676,9.055512983,476,19,455,50,495,505
4,1000,30,7.7,28,20,956,22,6,16,44,7.498687682,106,308,30.29064334,9.350195261,6.728474907,8.402850504,523,17,433,27,540,460
3,1000,30,7.7,28,21,952,22,11,15,48,7.884796886,102,313,30.66851812,9.381514549,6.9028477,8.9571347,502,20,450,28,522,478
6,1000,30,7.7,28,21,942,33,12,13,58,7.765576978,118,290,30.55157499,9.133447934,7.107359584,8.48438342,500,22,442,36,522,478
5,1000,30,7.7,28,21,951,30,8,11,49,7.678199979,90,278,30.40323451,9.067015698,6.989850609,8.323861016,467,17,484,32,484,516
8,1000,30,7.7,28,21,951,29,10,10,49,7.250284115,90,283,30.28036945,9.233433887,6.25249785,8.17872616,474,8,477,41,482,518
2,1000,30,7.7,28,21,948,25,17,10,52,7.802403476,107,294,30.59898957,9.495005001,7.262492667,8.364351461,493,17,455,35,510,490
7,1000,30,7.7,28,22,956,23,11,10,44,7.75430144,97,315,30.24747824,9.111374888,7.086804487,8.432564472,493,11,463,33,504,496
4,1000,30,7.7,28,21,956,23,6,15,44,7.533107687,99,313,30.31211053,9.331877308,6.743718095,8.459782425,523,17,433,27,540,460
3,1000,30,7.7,28,22,953,20,12,15,47,7.931506981,96,336,30.69478358,9.40420598,6.9520443,9.001129407,503,19,450,28,522,478
1,1000,30,7.7,28,18,935,36,13,16,65,7.844957293,94,319,30.47478277,9.391847067,6.633464669,9.032459963,479,16,456,49,495,505
6,1000,30,7.7,28,22,942,32,13,13,58,7.790643051,84,302,30.57666037,9.14525662,7.128812209,8.513395561,499,23,443,35,522,478
5,1000,30,7.7,28,22,951,30,8,11,49,7.705623096,99,324,30.41973979,9.077213175,6.974618808,8.391293785,467,17,484,32,484,516
8,1000,30,7.7,28,22,952,28,10,10,48,7.271675137,100,293,30.31813319,9.235587586,6.269540226,8.204163607,474,8,478,40,482,518
7,1000,30,7.7,28,23,956,23,10,11,44,7.801283187,103,304,30.26914704,9.127216972,7.129464716,8.48393744,493,11,463,33,504,496
2,1000,30,7.7,28,22,949,24,17,10,51,7.771385807,116,290,30.61014132,9.508514882,7.260338024,8.303292683,494,16,455,35,510,490
4,1000,30,7.7,28,22,957,22,6,15,43,7.559759037,97,290,30.32629711,9.353751809,6.772862884,8.483506696,523,17,434,26,540,460
3,1000,30,7.7,28,23,953,20,12,15,47,7.957862715,106,338,30.70999713,9.41646674,6.988372144,9.016595096,503,19,450,28,522,478
1,1000,30,7.7,28,19,935,36,13,16,65,7.859651112,90,291,30.4972608,9.412531628,6.673149856,9.022657293,479,16,456,49,495,505
6,1000,30,7.7,28,23,944,31,12,13,56,7.820835413,108,313,30.59675853,9.149876748,7.190923367,8.508730994,500,22,444,34,522,478
5,1000,30,7.7,28,23,949,32,8,11,51,7.739366168,94,273,30.44379374,9.106908218,6.9945198,8.438020512,466,18,483,33,484,516
8,1000,30,7.7,28,23,954,27,9,10,46,7.285502978,86,309,30.34455455,9.24509936,6.329784247,8.174801102,475,7,479,39,482,518
7,1000,30,7.7,28,24,958,23,7,12,42,7.815905915,110,331,30.27066831,9.135781062,7.138926351,8.503804504,494,10,464,32,504,496
2,1000,30,7.7,28,23,951,22,17,10,49,7.761318174,93,323,30.60912295,9.505883322,7.243753752,8.300007674,495,15,456,34,510,490
4,1000,30,7.7,28,23,958,23,5,14,42,7.562200012,94,306,30.37393864,9.357602148,6.78928888,8.469530471,523,17,435,25,540,460
3,1000,30,7.7,28,24,954,20,11,15,46,7.962119171,100,313,30.74367622,9.432510028,7.019255906,8.991773196,503,19,451,27,522,478
1,1000,30,7.7,28,20,935,36,14,15,65,7.880629441,110,277,30.50782046,9.426643543,6.716577151,9.02163119,479,16,456,49,495,505
6,1000,30,7.7,28,24,944,31,13,12,56,7.846954046,97,307,30.60490889,9.157116286,7.241315419,8.508341834,500,22,444,34,522,478
8,1000,30,7.7,28,24,954,27,9,10,46,7.307349273,85,314,30.3574766,9.26288073,6.362162734,8.186847173,475,7,479,39,482,518
5,1000,30,7.7,28,24,947,33,9,11,53,7.781539356,90,302,30.45595626,9.103072014,7.020224883,8.495640528,465,19,482,34,484,516
7,1000,30,7.7,28,25,957,24,7,12,43,7.827068415,119,301,30.26784351,9.15235563,7.176468668,8.488161705,494,10,463,33,504,496
2,1000,30,7.7,28,24,950,22,18,10,50,7.810004522,94,323,30.64679703,9.517502078,7.291606419,8.349561732,494,16,456,34,510,490
4,1000,30,7.7,28,24,958,22,6,14,42,7.637328213,83,304,30.38793067,9.363769338,6.820348448,8.596391416,523,17,435,25,540,460
3,1000,30,7.7,28,25,955,20,10,15,45,7.999520111,87,325,30.76180579,9.435366693,7.060305475,9.025189649,504,18,451,27,522,478
6,1000,30,7.7,28,25,945,30,13,12,55,7.856545374,103,302,30.60386082,9.174167728,7.268943425,8.498236205,500,22,445,33,522,478
1,1000,30,7.7,28,21,936,35,14,15,64,7.93944909,98,316,30.5540636,9.449252907,6.776652148,9.07922035,480,15,456,49,495,505
8,1000,30,7.7,28,25,954,27,9,10,46,7.334252612,93,329,30.36928004,9.273118027,6.414278565,8.190290239,475,7,479,39,482,518
5,1000,30,7.7,28,25,946,35,8,11,54,7.796388024,95,318,30.45633417,9.134445005,7.065033396,8.482387327,464,20,482,34,484,516
7,1000,30,7.7,28,26,956,24,8,12,44,7.836319741,112,308,30.28908413,9.185032491,7.175240311,8.508061742,493,11,463,33,504,496
3,1000,30,7.7,28,26,957,21,8,14,43,7.948856739,115,304,30.7828019,9.441680898,7.061785147,8.917583457,504,18,453,25,522,478
4,1000,30,7.7,28,25,958,22,6,14,42,7.655354268,109,330,30.41006116,9.362030745,6.832505212,8.621307507,523,17,435,25,540,460
2,1000,30,7.7,28,25,949,23,18,10,51,7.837399059,108,313,30.68842583,9.541922478,7.261355698,8.436954394,493,17,456,34,510,490
6,1000,30,7.7,28,26,947,28,13,12,53,7.846492099,86,290,30.61220814,9.171624691,7.260785176,8.486113468,502,20,445,33,522,478
8,1000,30,7.7,28,26,955,24,11,10,45,7.390881885,86,304,30.37539313,9.287655074,6.499017027,8.220763857,475,7,480,38,482,518
1,1000,30,7.7,28,22,936,36,13,15,64,7.935139935,96,320,30.56187712,9.469554913,6.775727731,9.07159348,481,14,455,50,495,505
5,1000,30,7.7,28,26,945,37,7,11,55,7.804944526,97,321,30.46471699,9.135162922,7.077429616,8.487342234,464,20,481,35,484,516
7,1000,30,7.7,28,27,956,25,7,12,44,7.846335209,93,264,30.32171625,9.188500959,7.208430217,8.494528992,493,11,463,33,504,496
3,1000,30,7.7,28,27,957,22,7,14,43,7.966548397,93,294,30.7773193,9.456566645,7.102142728,8.910522788,503,19,454,24,522,478
4,1000,30,7.7,28,26,959,22,5,14,41,7.681997386,88,308,30.42786499,9.360755584,6.857905331,8.649409799,524,16,435,25,540,460
2,1000,30,7.7,28,26,950,22,17,11,50,7.875826758,111,301,30.73031655,9.549298153,7.28838039,8.487250529,494,16,456,34,510,490
6,1000,30,7.7,28,27,947,27,13,13,53,7.884745361,86,305,30.60862972,9.178109053,7.297094491,8.526489617,502,20,445,33,522,478
8,1000,30,7.7,28,27,955,24,11,10,45,7.43397418,103,284,30.39133572,9.288767547,6.54606026,8.260179796,475,7,480,38,482,518
5,1000,30,7.7,28,27,945,36,8,11,55,7.867134079,89,311,30.50427389,9.131102408,7.139868249,8.549298151,464,20,481,35,484,516
3,1000,30,7.7,28,28,957,22,7,14,43,7.949126493,117,350,30.80604306,9.461731933,7.074576827,8.904178638,503,19,454,24,522,478
7,1000,30,7.7,28,28,956,25,7,12,44,7.871003736,108,323,30.35784538,9.182985558,7.218245884,8.534289941,493,11,463,33,504,496
4,1000,30,7.7,28,27,961,20,5,14,39,7.685610774,92,311,30.43086214,9.371422907,6.873328593,8.639159422,524,16,437,23,540,460
1,1000,30,7.7,28,23,936,36,14,14,64,7.890278676,100,321,30.57507188,9.480075498,6.760917706,8.997276063,481,14,455,50,495,505
2,1000,30,7.7,28,27,949,22,18,11,51,7.91417332,116,337,30.7716931,9.583332689,7.337767793,8.514105603,493,17,456,34,510,490
6,1000,30,7.7,28,28,947,26,14,13,53,7.950978322,95,288,30.64191209,9.192849951,7.367295389,8.58838939,502,20,445,33,522,478
8,1000,30,7.7,28,28,957,23,9,11,43,7.466241369,88,333,30.41148402,9.301950871,6.588029547,8.283419165,476,6,481,37,482,518
3,1000,30,7.7,28,29,958,21,7,14,42,7.973199615,84,291,30.80728846,9.487058529,7.089962847,8.937738513,503,19,455,23,522,478
5,1000,30,7.7,28,28,947,34,7,12,53,7.877783913,86,317,30.52889056,9.14076874,7.150846336,8.55964009,466,18,481,35,484,516
7,1000,30,7.7,28,29,957,24,7,12,43,7.90028521,93,302,30.36567127,9.19357766,7.233890194,8.577428533,493,11,464,32,504,496
4,1000,30,7.7,28,28,961,20,5,14,39,7.684013335,106,289,30.44944291,9.391877379,6.849029826,8.664211366,524,16,437,23,540,460
2,1000,30,7.7,28,28,947,24,18,11,53,7.918218278,100,289,30.78481783,9.585008962,7.331445424,8.528941044,491,19,456,34,510,490
1,1000,30,7.7,28,24,936,36,15,13,64,7.921558828,89,315,30.5752519,9.50140217,6.777386318,9.043074457,481,14,455,50,495,505
6,1000,30,7.7,28,29,947,26,14,13,53,7.972001556,88,294,30.64427029,9.20305117,7.399051971,8.59769127,501,21,446,32,522,478
8,1000,30,7.7,28,29,958,21,10,11,42,7.53618309,85,317,30.4170172,9.323893989,6.67023593,8.341948595,476,6,482,36,482,518
3,1000,30,7.7,28,30,956,23,7,14,44,8.022477263,83,296,30.82196575,9.500536209,7.175119102,8.94783492,502,20,454,24,522,478
7,1000,30,7.7,28,30,957,24,7,12,43,7.915518566,80,333,30.35966418,9.219245606,7.250539506,8.591223096,493,11,464,32,504,496
4,1000,30,7.7,28,29,961,20,4,15,39,7.721052015,99,312,30.46053397,9.397930166,6.89218356,8.694071506,524,16,437,23,540,460
5,1000,30,7.7,28,29,950,31,7,12,50,7.882481698,93,335,30.55518654,9.152088398,7.159365899,8.560753106,467,17,483,33,484,516
2,1000,30,7.7,28,29,947,25,17,11,53,7.925429916,101,315,30.81235302,9.602035657,7.342205683,8.53245922,491,19,456,34,510,490
6,1000,30,7.7,28,30,948,26,12,14,52,7.977202384,103,310,30.65358203,9.213768556,7.433149303,8.571335665,501,21,447,31,522,478
1,1000,30,7.7,28,25,940,34,13,13,60,7.927476822,92,324,30.59173184,9.52690431,6.809948775,9.022875602,481,14,459,46,495,505
8,1000,30,7.7,28,30,959,21,9,11,41,7.562183348,105,304,30.42299263,9.330416218,6.728394104,8.33802585,476,6,483,35,482,518
3,1000,30,7.7,28,31,956,23,7,14,44,8.040440635,87,315,30.82355099,9.51140567,7.193094932,8.965784686,502,20,454,24,522,478
7,1000,30,7.7,28,31,955,26,7,12,45,7.942745374,102,313,30.37958781,9.215356833,7.287135785,8.60892931,493,11,462,34,504,496
5,1000,30,7.7,28,30,949,31,7,13,51,7.925989481,100,321,30.58472111,9.153839785,7.193208423,8.613326751,467,17,482,34,484,516
4,1000,30,7.7,28,30,962,20,4,14,38,7.785694285,105,317,30.50590282,9.419081105,6.954741867,8.761160167,525,15,437,23,540,460
2,1000,30,7.7,28,30,947,25,17,11,53,7.95493704,105,321,30.83399147,9.621063436,7.39762937,8.534991963,491,19,456,34,510,490
6,1000,30,7.7,28,31,950,25,11,14,50,8.009106697,84,318,30.68011191,9.242813276,7.50815373,8.556172489,500,22,450,28,522,478
8,1000,30,7.7,28,31,959,21,9,11,41,7.567294834,97,279,30.44863171,9.335132545,6.743027597,8.334277089,476,6,483,35,482,518
1,1000,30,7.7,28,26,941,33,12,14,59,7.950385224,95,329,30.61438152,9.526828825,6.788044389,9.089709409,481,14,460,45,495,505
3,1000,30,7.7,28,32,954,26,6,14,46,8.06582708,112,294,30.85240276,9.531193817,7.211685318,8.99859277,501,21,453,25,522,478
7,1000,30,7.7,28,32,956,25,7,12,44,7.942823578,108,297,30.39581566,9.246312695,7.264081287,8.632513326,494,10,462,34,504,496
5,1000,30,7.7,28,31,949,30,9,12,51,7.941961451,98,321,30.6018605,9.174234134,7.223309338,8.616045991,466,18,483,33,484,516
4,1000,30,7.7,28,31,962,21,3,14,38,7.788104427,101,298,30.5165126,9.417609605,6.943899911,8.779127119,525,15,437,23,540,460
2,1000,30,7.7,28,31,948,24,17,11,52,7.98068682,104,335,30.86606996,9.630347499,7.436925574,8.546642402,491,19,457,33,510,490
6,1000,30,7.7,28,32,950,25,10,15,50,8.016047418,95,318,30.70645141,9.253092582,7.517520214,8.560464154,500,22,450,28,522,478
8,1000,30,7.7,28,32,960,21,8,11,40,7.573984395,89,300,30.45801725,9.348455905,6.739481753,8.350490714,477,5,483,35,482,518
3,1000,30,7.7,28,33,955,26,6,13,45,8.037707266,95,321,30.8679698,9.549409998,7.167019668,8.988541839,502,20,453,25,522,478
1,1000,30,7.7,28,27,941,33,12,14,59,7.995414104,95,312,30.64963058,9.529191342,6.85247736,9.115718436,481,14,460,45,495,505
7,1000,30,7.7,28,33,955,26,7,12,45,7.970986434,89,296,30.40317259,9.270252427,7.29074708,8.662197389,494,10,461,35,504,496
4,1000,30,7.7,28,32,960,23,3,14,40,7.814600691,104,346,30.53470086,9.408667291,6.975970322,8.799079819,524,16,436,24,540,460
5,1000,30,7.7,28,32,950,29,9,12,50,7.963689991,93,312,30.62860151,9.177295395,7.252150271,8.631103218,466,18,484,32,484,516
2,1000,30,7.7,28,32,950,24,16,10,50,7.983877885,108,327,30.89543425,9.661256099,7.440264893,8.549679162,492,18,458,32,510,490
6,1000,30,7.7,28,33,950,25,10,15,50,8.019794907,82,307,30.71662658,9.25471438,7.50086582,8.586491525,500,22,450,28,522,478
8,1000,30,7.7,28,33,960,21,8,11,40,7.578941017,84,325,30.49189508,9.367077915,6.763660701,8.337560924,477,5,483,35,482,518
3,1000,30,7.7,28,34,956,25,6,13,44,8.0702751,112,297,30.87594069,9.583611546,7.220913595,8.99782051,503,19,453,25,522,478
7,1000,30,7.7,28,34,955,26,7,12,45,7.986563798,94,314,30.4357354,9.278096176,7.311107551,8.6729145,493,11,462,34,504,496
4,1000,30,7.7,28,33,960,23,3,14,40,7.818012302,102,331,30.55645269,9.431305865,6.974457931,8.808271781,524,16,436,24,540,460
1,1000,30,7.7,28,28,941,34,12,13,59,8.00042772,105,333,30.65790126,9.551726093,6.893499192,9.085436872,480,15,461,44,495,505
5,1000,30,7.7,28,33,950,29,9,12,50,7.983792339,75,298,30.65305251,9.178291362,7.267347063,8.6558069,466,18,484,32,484,516
2,1000,30,7.7,28,33,951,23,16,10,49,7.99857013,125,337,30.91074131,9.653684484,7.438641525,8.581352963,492,18,459,31,510,490
6,1000,30,7.7,28,34,950,25,10,15,50,8.03063357,90,310,30.72535958,9.255875305,7.481406055,8.630417592,500,22,450,28,522,478
3,1000,30,7.7,28,35,957,24,6,13,43,8.072171221,106,330,30.91704739,9.603935232,7.219541418,9.003285775,504,18,453,25,522,478
8,1000,30,7.7,28,34,960,21,8,11,40,7.57188995,102,312,30.49664307,9.388466479,6.730506128,8.354799221,477,5,483,35,482,518
7,1000,30,7.7,28,35,956,25,7,12,44,8.015431523,83,308,30.455309,9.287267382,7.320843888,8.721222184,493,11,463,33,504,496
4,1000,30,7.7,28,34,961,21,4,14,39,7.851321663,102,308,30.5962949,9.448021477,7.012316395,8.836240891,524,16,437,23,540,460
5,1000,30,7.7,28,34,949,30,9,12,51,7.9944768,90,311,30.65507801,9.1881291,7.271033125,8.67305575,466,18,483,33,484,516
1,1000,30,7.7,28,29,945,31,10,14,55,7.991701048,100,328,30.66203103,9.541596096,6.900488961,9.061304975,482,13,463,42,495,505
2,1000,30,7.7,28,34,951,21,18,10,49,8.054722524,103,307,30.95115776,9.651332115,7.491611806,8.640817354,492,18,459,31,510,490
6,1000,30,7.7,28,35,951,25,9,15,49,8.059170427,96,309,30.75347266,9.25276306,7.526880545,8.640457705,501,21,450,28,522,478
3,1000,30,7.7,28,36,955,26,7,12,45,8.074005405,110,314,30.93012867,9.623845892,7.174361461,9.056461763,504,18,451,27,522,478
8,1000,30,7.7,28,35,959,22,7,12,41,7.657046691,98,315,30.4890276,9.420125762,6.814794867,8.440763639,477,5,482,36,482,518
7,1000,30,7.7,28,36,954,26,8,12,46,8.058252885,97,304,30.47448504,9.302633835,7.36894568,8.758677949,491,13,463,33,504,496
4,1000,30,7.7,28,35,960,22,4,14,40,7.864358688,99,305,30.62787815,9.465507984,7.018153368,8.85773015,524,16,436,24,540,460
5,1000,30,7.7,28,35,949,31,9,11,51,8.033408117,97,308,30.70702873,9.200831511,7.341430623,8.682472278,465,19,484,32,484,516
2,1000,30,7.7,28,35,952,21,17,10,48,8.076542259,98,311,30.97178571,9.659854621,7.507359192,8.668957287,492,18,460,30,510,490
6,1000,30,7.7,28,36,950,26,8,16,50,8.095332347,108,312,30.77476924,9.248817354,7.528069964,8.71481135,500,22,450,28,522,478
1,1000,30,7.7,28,30,947,29,10,14,53,8.009442676,97,304,30.67551309,9.544396162,6.922160832,9.075194187,482,13,465,40,495,505
3,1000,30,7.7,28,37,954,27,7,12,46,8.109846094,102,304,30.93438658,9.653652084,7.197794997,9.105851685,504,18,450,28,522,478
8,1000,30,7.7,28,36,957,24,7,12,43,7.72307728,94,315,30.49152774,9.439143987,6.866930928,8.519723112,477,5,480,38,482,518
7,1000,30,7.7,28,37,954,27,7,12,46,8.087897949,94,295,30.48477944,9.331915078,7.389837174,8.797217768,490,14,464,32,504,496
4,1000,30,7.7,28,36,960,22,4,14,40,7.928589665,95,298,30.63951254,9.471307298,7.103333676,8.897368434,524,16,436,24,540,460
2,1000,30,7.7,28,36,952,21,17,10,48,8.132883318,108,338,30.99918131,9.658366287,7.572162021,8.7164912,492,18,460,30,510,490
6,1000,30,7.7,28,37,949,27,9,15,51,8.161373543,94,305,30.79917223,9.251304814,7.608315228,8.765340991,499,23,450,28,522,478
5,1000,30,7.7,28,36,949,31,8,12,51,8.08356686,97,297,30.73515444,9.195705292,7.370433753,8.752474659,465,19,484,32,484,516
3,1000,30,7.7,28,38,953,28,7,12,47,8.13415822,108,352,30.95204663,9.671380345,7.222362792,9.129884608,503,19,450,28,522,478
1,1000,30,7.7,28,31,947,29,10,14,53,8.045570374,106,335,30.67838125,9.564417527,6.947028307,9.122359132,482,13,465,40,495,505
8,1000,30,7.7,28,37,958,23,7,12,42,7.743761935,123,305,30.51555071,9.469155681,6.879146468,8.548288297,478,4,480,38,482,518
7,1000,30,7.7,28,38,952,30,6,12,48,8.100042747,94,284,30.52331568,9.34440694,7.417899697,8.793188104,488,16,464,32,504,496
4,1000,30,7.7,28,37,959,23,4,14,41,7.963702888,90,327,30.66234113,9.487764477,7.127710132,8.945085689,524,16,435,25,540,460
6,1000,30,7.7,28,38,948,28,9,15,52,8.199691609,96,295,30.84870363,9.273503948,7.651734961,8.79808778,499,23,449,29,522,478
5,1000,30,7.7,28,37,950,30,8,12,50,8.091703035,93,321,30.74970641,9.188031549,7.367742132,8.770767138,466,18,484,32,484,516
2,1000,30,7.7,28,37,950,23,17,10,50,8.196984996,93,314,31.02270035,9.677267525,7.638122242,8.778658474,491,19,459,31,510,490
3,1000,30,7.7,28,39,953,28,7,12,47,8.162254364,115,320,30.98274353,9.67082173,7.257113436,9.150713705,503,19,450,28,522,478
8,1000,30,7.7,28,38,958,23,7,12,42,7.78235816,103,286,30.52949809,9.473662036,6.931483468,8.574098703,478,4,480,38,482,518
1,1000,30,7.7,28,32,944,32,10,14,56,8.070574718,93,345,30.67965505,9.561774324,6.98290965,9.136701864,481,14,463,42,495,505
7,1000,30,7.7,28,39,951,31,6,12,49,8.118607029,98,314,30.52976688,9.363238975,7.464608715,8.783153703,488,16,463,33,504,496
4,1000,30,7.7,28,38,959,23,4,14,41,7.996074874,98,327,30.66781224,9.501772321,7.177017348,8.957577188,524,16,435,25,540,460
6,1000,30,7.7,28,39,948,28,9,15,52,8.217056001,91,304,30.87822275,9.288274163,7.657500223,8.828119006,499,23,449,29,522,478
3,1000,30,7.7,28,40,955,27,7,11,45,8.142918211,101,307,31.0146037,9.696170137,7.237561088,9.131613646,504,18,451,27,522,478
5,1000,30,7.7,28,38,949,31,8,12,51,8.114969404,87,306,30.78235603,9.201171171,7.38744715,8.797374,466,18,483,33,484,516
2,1000,30,7.7,28,38,950,23,17,10,50,8.242999856,102,320,31.04602488,9.694857992,7.659502821,8.850313098,491,19,459,31,510,490
8,1000,30,7.7,28,39,958,24,7,11,42,7.795981237,103,278,30.54359087,9.487202939,6.976425391,8.558579534,478,4,480,38,482,518
4,1000,30,7.7,28,39,959,23,4,14,41,8.01600869,104,340,30.67548085,9.502341925,7.196667334,8.977844195,524,16,435,25,540,460
7,1000,30,7.7,28,40,949,33,6,12,51,8.178026779,105,307,30.54233602,9.368241876,7.553598337,8.812526649,487,17,462,34,504,496
1,1000,30,7.7,28,33,944,33,9,14,56,8.103258901,92,340,30.6928838,9.575433846,7.005036699,9.179734128,482,13,462,43,495,505
6,1000,30,7.7,28,40,948,28,9,15,52,8.239952249,98,287,30.92321946,9.318462573,7.64629744,8.888253109,499,23,449,29,522,478
3,1000,30,7.7,28,41,957,27,5,11,43,8.12866015,109,287,31.05950425,9.709420408,7.234435635,9.105198218,504,18,453,25,522,478
2,1000,30,7.7,28,39,951,23,17,9,49,8.256609226,106,324,31.06035983,9.686847563,7.634963957,8.90362777,492,18,459,31,510,490
5,1000,30,7.7,28,39,948,31,9,12,52,8.182263317,87,317,30.7946072,9.213875289,7.448841693,8.870201429,466,18,482,34,484,516
8,1000,30,7.7,28,40,959,22,8,11,41,7.828455305,96,277,30.57211432,9.48285411,6.98343884,8.614744756,478,4,481,37,482,518
4,1000,30,7.7,28,40,960,23,4,13,40,8.032211927,96,319,30.68933346,9.517451347,7.238918485,8.963469445,524,16,436,24,540,460
7,1000,30,7.7,28,41,949,33,6,12,51,8.253570638,101,306,30.56416036,9.394183238,7.630219968,8.886975351,487,17,462,34,504,496
1,1000,30,7.7,28,34,941,37,9,13,59,8.117937503,111,326,30.69999329,9.588721049,7.015581898,9.198464285,480,15,461,44,495,505
6,1000,30,7.7,28,41,948,29,9,14,52,8.276717784,83,316,30.93757463,9.309465952,7.696864444,8.909946745,499,23,449,29,522,478
3,1000,30,7.7,28,42,958,26,5,11,42,8.160849898,116,324,31.06930254,9.711940403,7.287070918,9.115060415,504,18,454,24,522,478
2,1000,30,7.7,28,40,951,23,18,8,49,8.233085232,97,268,31.11124519,9.699982379,7.568081838,8.925231622,492,18,459,31,510,490
5,1000,30,7.7,28,40,946,33,9,12,54,8.190808147,99,331,30.80001644,9.224257056,7.487907799,8.850117776,464,20,482,34,484,516
8,1000,30,7.7,28,41,959,21,9,11,41,7.847904563,100,297,30.59291465,9.480374265,7.007972194,8.629463254,478,4,481,37,482,518
4,1000,30,7.7,28,41,959,23,5,13,41,8.082290073,94,328,30.72137413,9.524123319,7.294399662,9.007204904,524,16,435,25,540,460
7,1000,30,7.7,28,42,949,33,6,12,51,8.265870059,99,322,30.59699078,9.397216205,7.643754903,8.89801933,487,17,462,34,504,496
6,1000,30,7.7,28,42,948,28,10,14,52,8.29450549,90,306,30.95593378,9.344216395,7.707887026,8.935122306,499,23,449,29,522,478
1,1000,30,7.7,28,35,941,38,9,12,59,8.150112061,115,328,30.72978162,9.58966835,7.0862148,9.19294205,480,15,461,44,495,505
3,1000,30,7.7,28,43,956,27,6,11,44,8.212318009,103,316,31.09289593,9.718427227,7.30717747,9.200776924,504,18,452,26,522,478
2,1000,30,7.7,28,41,948,26,18,8,52,8.273040135,90,329,31.15654101,9.723401106,7.608232855,8.964982407,489,21,459,31,510,490
5,1000,30,7.7,28,41,944,35,9,12,56,8.193532395,95,313,30.80606487,9.220916452,7.459973267,8.881599485,465,19,479,37,484,516
8,1000,30,7.7,28,42,960,20,9,11,40,7.824271186,91,333,30.62117829,9.485052308,7.010200676,8.581765367,478,4,482,36,482,518
4,1000,30,7.7,28,42,959,23,5,13,41,8.110122881,91,304,30.71836167,9.535174616,7.341102434,9.012886015,524,16,435,25,540,460
7,1000,30,7.7,28,43,949,34,6,11,51,8.299070209,101,313,30.60020347,9.394522158,7.689804641,8.91816264,487,17,462,34,504,496
6,1000,30,7.7,28,43,946,30,10,14,54,8.296733526,105,307,30.98649487,9.373896934,7.729662289,8.916003789,498,24,448,30,522,478
3,1000,30,7.7,28,44,956,27,6,11,44,8.237149995,95,315,31.10745276,9.719568597,7.347974427,9.208174361,504,18,452,26,522,478
1,1000,30,7.7,28,36,945,36,8,11,55,8.113818434,108,327,30.73340698,9.61810735,7.033224439,9.173014528,482,13,463,42,495,505
2,1000,30,7.7,28,42,949,26,17,8,51,8.261152444,91,332,31.15886657,9.747229871,7.610567096,8.938292296,489,21,460,30,510,490
8,1000,30,7.7,28,43,960,20,10,10,40,7.85218863,99,324,30.6288091,9.468719121,7.051050557,8.597649154,478,4,482,36,482,518
5,1000,30,7.7,28,42,942,37,9,12,58,8.199113533,102,326,30.82391545,9.234557943,7.503624086,8.851471851,463,21,479,37,484,516
4,1000,30,7.7,28,43,959,24,5,12,41,8.127134609,103,312,30.74170248,9.528556399,7.393481082,8.988380054,524,16,435,25,540,460
7,1000,30,7.7,28,44,952,32,5,11,48,8.281424957,93,291,30.60052768,9.405327912,7.667769458,8.904978125,489,15,463,33,504,496
6,1000,30,7.7,28,44,945,31,10,14,55,8.380001477,89,331,31.01720241,9.385680176,7.826657164,8.98428125,497,25,448,30,522,478
3,1000,30,7.7,28,45,955,28,6,11,45,8.263096173,91,318,31.14832702,9.745668217,7.371076251,9.237226715,504,18,451,27,522,478
8,1000,30,7.7,28,44,960,19,11,10,40,7.852661434,100,315,30.62704031,9.457688829,7.015920457,8.631250529,478,4,482,36,482,518
1,1000,30,7.7,28,37,945,37,7,11,55,8.156458772,90,292,30.77349197,9.642843018,7.123660008,9.168806075,482,13,463,42,495,505
2,1000,30,7.7,28,43,950,25,17,8,50,8.270746149,90,344,31.17723586,9.765872588,7.61525687,8.952990093,490,20,460,30,510,490
5,1000,30,7.7,28,43,942,37,9,12,58,8.195305605,103,321,30.83425112,9.234697085,7.463905749,8.88134733,463,21,479,37,484,516
4,1000,30,7.7,28,44,960,24,5,11,40,8.155289281,95,330,30.76028236,9.553613861,7.436477239,8.999112113,524,16,436,24,540,460
7,1000,30,7.7,28,45,952,33,5,10,48,8.308400832,110,319,30.633527,9.418452605,7.684829693,8.94202957,489,15,463,33,504,496
6,1000,30,7.7,28,45,944,31,11,14,56,8.396758442,91,322,31.03857788,9.422534245,7.884086228,8.956622241,497,25,447,31,522,478
3,1000,30,7.7,28,46,955,28,6,11,45,8.302257157,102,311,31.13033264,9.762663838,7.399927073,9.287646914,503,19,452,26,522,478
8,1000,30,7.7,28,45,961,19,10,10,39,7.883958847,105,303,30.64956243,9.471812295,7.029755132,8.678797052,478,4,483,35,482,518
2,1000,30,7.7,28,44,949,26,17,8,51,8.303341262,110,333,31.18149325,9.768115741,7.650753157,8.982565617,490,20,459,31,510,490
4,1000,30,7.7,28,45,962,23,5,10,38,8.176123524,86,300,30.78171752,9.590241037,7.4619085,9.014549857,525,15,437,23,540,460
5,1000,30,7.7,28,44,940,38,10,12,60,8.27085965,94,340,30.86560671,9.258602005,7.508349942,8.986081934,462,22,478,38,484,516
7,1000,30,7.7,28,46,953,32,5,10,47,8.343792156,111,315,30.64054675,9.43945971,7.751570206,8.945566073,489,15,464,32,504,496
1,1000,30,7.7,28,38,944,37,7,12,56,8.191208367,101,302,30.7910301,9.668456421,7.182120026,9.18031476,481,14,463,42,495,505
6,1000,30,7.7,28,46,944,30,12,14,56,8.427164157,105,321,31.05616279,9.428870898,7.935978886,8.963563134,497,25,447,31,522,478
3,1000,30,7.7,28,47,955,28,7,10,45,8.27975796,121,317,31.1572538,9.771313908,7.392102054,9.249122778,503,19,452,26,522,478
8,1000,30,7.7,28,46,963,18,10,9,37,7.890472948,101,306,30.65502184,9.483196797,7.032684501,8.688646754,479,3,484,34,482,518
4,1000,30,7.7,28,46,963,23,5,9,37,8.205548269,117,300,30.80174981,9.604627174,7.496640913,9.03774386,525,15,438,22,540,460
2,1000,30,7.7,28,45,949,26,17,8,51,8.317201219,98,315,31.17941853,9.779071934,7.660267689,9.000948362,490,20,459,31,510,490
5,1000,30,7.7,28,45,941,37,10,12,59,8.290058052,99,326,30.9043728,9.256213904,7.540796846,8.992853447,462,22,479,37,484,516
7,1000,30,7.7,28,47,954,33,4,9,46,8.320480257,113,333,30.66850685,9.462538397,7.725083281,8.92548041,488,16,466,30,504,496
6,1000,30,7.7,28,47,945,28,13,14,55,8.44369758,106,311,31.06815208,9.422613035,7.946994126,8.986122691,498,24,447,31,522,478
1,1000,30,7.7,28,39,946,36,6,12,54,8.206747622,82,318,30.8032947,9.692201263,7.21195407,9.181842292,482,13,464,41,495,505
3,1000,30,7.7,28,48,957,27,6,10,43,8.331546326,106,303,31.18516381,9.783135737,7.430818674,9.315186146,504,18,453,25,522,478
8,1000,30,7.7,28,47,962,19,10,9,38,7.897370916,98,298,30.70929311,9.47112629,7.050740099,8.685162525,478,4,484,34,482,518
4,1000,30,7.7,28,47,962,23,6,9,38,8.213065665,96,299,30.83984382,9.604640556,7.504185006,9.045229917,524,16,438,22,540,460
5,1000,30,7.7,28,46,941,37,10,12,59,8.303710295,103,311,30.92678407,9.279013341,7.571818193,8.990213739,462,22,479,37,484,516
2,1000,30,7.7,28,46,948,27,17,8,52,8.34107735,112,319,31.18928161,9.80590978,7.665827754,9.043888155,490,20,458,32,510,490
7,1000,30,7.7,28,48,954,33,4,9,46,8.34626865,108,316,30.68787191,9.494470295,7.725353683,8.977198375,488,16,466,30,504,496
6,1000,30,7.7,28,48,947,26,12,15,53,8.446698095,97,343,31.08577819,9.441945127,7.960846636,8.977272283,500,22,447,31,522,478
3,1000,30,7.7,28,49,958,27,5,10,42,8.364434125,103,346,31.21567877,9.799033724,7.469086437,9.342198754,504,18,454,24,522,478
1,1000,30,7.7,28,40,947,33,8,12,53,8.231155547,109,313,30.81821076,9.702023368,7.235769223,9.206831251,483,12,464,41,495,505
8,1000,30,7.7,28,48,963,19,9,9,37,7.889650453,94,292,30.72806364,9.490564286,7.080105511,8.642933585,478,4,485,33,482,518
4,1000,30,7.7,28,48,962,23,6,9,38,8.251281661,100,336,30.83619982,9.601414421,7.554465418,9.069283338,524,16,438,22,540,460
5,1000,30,7.7,28,47,941,38,10,11,59,8.337399057,105,306,30.97314688,9.280707772,7.631516217,8.999506216,462,22,479,37,484,516
7,1000,30,7.7,28,49,956,31,4,9,44,8.381908489,102,330,30.69711231,9.508108163,7.775677,8.997917906,489,15,467,29,504,496
2,1000,30,7.7,28,47,947,28,17,8,53,8.381905762,92,340,31.20791115,9.803383251,7.732250869,9.058077181,490,20,457,33,510,490
6,1000,30,7.7,28,49,947,27,12,14,53,8.44953305,108,315,31.11313156,9.465630285,7.95780582,8.986523873,499,23,448,30,522,478
3,1000,30,7.7,28,50,958,26,6,10,42,8.382224596,89,300,31.21549199,9.835203285,7.513585694,9.33082189,504,18,454,24,522,478
1,1000,30,7.7,28,41,948,32,8,12,52,8.225149832,111,292,30.82849059,9.703263861,7.235650838,9.195054785,483,12,465,40,495,505
8,1000,30,7.7,28,49,962,20,9,9,38,7.906742644,95,316,30.77270901,9.486644864,7.07961195,8.676389352,478,4,484,34,482,518
4,1000,30,7.7,28,49,964,21,6,9,36,8.227860986,99,287,30.84610206,9.607931615,7.522721401,9.055633543,525,15,439,21,540,460
7,1000,30,7.7,28,50,956,31,4,9,44,8.397208439,92,297,30.70290298,9.528958739,7.801458386,9.002567364,489,15,467,29,504,496
5,1000,30,7.7,28,48,942,37,11,10,58,8.38077315,97,301,30.97935308,9.290541548,7.696047778,9.023034933,462,22,480,36,484,516
2,1000,30,7.7,28,48,947,28,17,8,53,8.398261434,97,307,31.23414942,9.80900078,7.745883526,9.077267012,491,19,456,34,510,490
6,1000,30,7.7,28,50,948,26,10,16,52,8.467281792,101,301,31.1315655,9.50123637,7.964240756,9.016627861,500,22,448,30,522,478
3,1000,30,7.7,28,51,957,27,7,9,43,8.403678176,96,345,31.22658459,9.830622331,7.517626247,9.371291372,503,19,454,24,522,478
8,1000,30,7.7,28,50,963,19,9,9,37,7.906246665,110,319,30.81672713,9.506961681,7.112562736,8.644771092,478,4,485,33,482,518
1,1000,30,7.7,28,42,948,33,7,12,52,8.231983339,93,328,30.85250036,9.716762667,7.228213877,9.215876178,483,12,465,40,495,505
4,1000,30,7.7,28,50,963,22,6,9,37,8.251427502,111,329,30.87350287,9.620604757,7.55127787,9.073342286,524,16,439,21,540,460
5,1000,30,7.7,28,49,942,37,11,10,58,8.378736589,108,304,30.98310718,9.30178085,7.696306483,9.018845448,462,22,480,36,484,516
7,1000,30,7.7,28,51,959,28,4,9,41,8.410301876,106,316,30.69836671,9.521605725,7.872623533,8.95665245,489,15,470,26,504,496
2,1000,30,7.7,28,49,947,28,17,8,53,8.417317974,105,336,31.26963623,9.811875828,7.740720837,9.12153132,492,18,455,35,510,490
6,1000,30,7.7,28,51,948,26,10,16,52,8.454451675,99,337,31.1499575,9.48987595,7.973050211,8.980166244,500,22,448,30,522,478
3,1000,30,7.7,28,52,956,28,7,9,44,8.436497632,90,309,31.24299354,9.828725724,7.540407167,9.41507341,503,19,453,25,522,478
8,1000,30,7.7,28,51,962,19,10,9,38,7.932248036,99,326,30.84892762,9.508010781,7.15463591,8.65581762,478,4,484,34,482,518
4,1000,30,7.7,28,51,963,21,7,9,37,8.269340253,96,309,30.87672155,9.649160391,7.590713178,9.065989429,524,16,439,21,540,460
1,1000,30,7.7,28,43,948,33,8,11,52,8.261595385,94,302,30.8595218,9.736526199,7.277841914,9.225868589,483,12,465,40,495,505
5,1000,30,7.7,28,50,943,35,12,10,57,8.42076438,104,316,31.00228648,9.31790038,7.758283111,9.042161539,463,21,480,36,484,516
7,1000,30,7.7,28,52,958,30,4,8,42,8.423704727,90,309,30.71973915,9.535825796,7.958319582,8.896596083,488,16,470,26,504,496
2,1000,30,7.7,28,50,948,28,16,8,52,8.438052222,99,316,31.28502154,9.824680107,7.764129409,9.139482089,492,18,456,34,510,490
6,1000,30,7.7,28,52,949,26,10,15,51,8.508962909,92,336,31.17777862,9.516394703,8.036542625,9.024869578,501,21,448,30,522,478
3,1000,30,7.7,28,53,958,27,6,9,42,8.424079722,100,311,31.28199761,9.833584247,7.554860393,9.373310872,503,19,455,23,522,478
8,1000,30,7.7,28,52,960,20,10,10,40,7.951752723,97,310,30.86867727,9.501504897,7.21905404,8.633530263,476,6,484,34,482,518
4,1000,30,7.7,28,52,962,22,8,8,38,8.299592762,89,293,30.89874664,9.685532044,7.630360905,9.085212769,524,16,438,22,540,460
5,1000,30,7.7,28,51,944,34,12,10,56,8.460156537,101,356,31.03567857,9.339709134,7.792137038,9.086748471,463,21,481,35,484,516
7,1000,30,7.7,28,53,958,29,5,8,42,8.442690768,106,319,30.74156008,9.537597967,7.970136691,8.922866685,488,16,470,26,504,496
6,1000,30,7.7,28,53,949,26,10,15,51,8.503605249,119,320,31.18942693,9.545066636,8.044908861,9.004524735,501,21,448,30,522,478
1,1000,30,7.7,28,44,951,31,7,11,49,8.268223425,116,322,30.87207376,9.755052122,7.335865685,9.182118636,483,12,468,37,495,505
2,1000,30,7.7,28,51,945,30,17,8,55,8.470485903,101,336,31.30531908,9.857074462,7.808565762,9.159423192,490,20,455,35,510,490
3,1000,30,7.7,28,54,958,28,5,9,42,8.437318339,98,310,31.28285467,9.841311694,7.60123225,9.350366328,503,19,455,23,522,478
8,1000,30,7.7,28,53,960,19,11,10,40,7.987825424,116,313,30.88377315,9.503835511,7.254133022,8.67052762,476,6,484,34,482,518
4,1000,30,7.7,28,53,962,23,8,7,38,8.307706115,124,308,30.9186541,9.689343925,7.652833073,9.076470121,524,16,438,22,540,460
6,1000,30,7.7,28,54,947,27,11,15,53,8.558003777,93,302,31.19160674,9.554906255,8.102551767,9.055380238,499,23,448,30,522,478
7,1000,30,7.7,28,54,956,31,5,8,44,8.460573666,115,329,30.77475311,9.538730371,7.975784934,8.953181571,487,17,469,27,504,496
5,1000,30,7.7,28,52,945,33,12,10,55,8.509517565,96,313,31.043875,9.357343955,7.843754243,9.13399324,464,20,481,35,484,516
2,1000,30,7.7,28,52,944,31,17,8,56,8.473252627,107,303,31.33814407,9.865915324,7.8002666,9.17370747,490,20,454,36,510,490
1,1000,30,7.7,28,45,952,28,9,11,48,8.29415877,107,311,30.89432508,9.765651373,7.342099773,9.227365113,483,12,469,36,495,505
3,1000,30,7.7,28,55,958,27,6,9,42,8.463312817,96,349,31.31245689,9.856086036,7.605593884,9.399984958,503,19,455,23,522,478
8,1000,30,7.7,28,54,958,21,10,11,42,8.016726937,92,323,30.89672476,9.515873791,7.294674269,8.688598338,474,8,484,34,482,518
4,1000,30,7.7,28,54,961,24,8,7,39,8.315121658,94,292,30.94056066,9.707150759,7.688695181,9.050491869,523,17,438,22,540,460
6,1000,30,7.7,28,55,950,24,12,14,50,8.54393931,98,305,31.20550483,9.561551552,8.127700818,8.998492643,499,23,451,27,522,478
7,1000,30,7.7,28,55,955,32,5,8,45,8.480871158,99,297,30.79730409,9.552453064,8.002100598,8.967363824,487,17,468,28,504,496
5,1000,30,7.7,28,53,944,34,12,10,56,8.538536901,102,299,31.07178266,9.346568922,7.879760531,9.156458922,463,21,481,35,484,516
2,1000,30,7.7,28,53,943,31,18,8,57,8.499086344,112,308,31.34757771,9.871764824,7.820907269,9.204946197,490,20,453,37,510,490
3,1000,30,7.7,28,56,957,28,5,10,43,8.507084256,114,315,31.31731579,9.867910295,7.617037274,9.479060248,503,19,454,24,522,478
1,1000,30,7.7,28,46,950,29,10,11,50,8.338337203,106,303,30.94725249,9.79552805,7.376373228,9.281252386,482,13,468,37,495,505
8,1000,30,7.7,28,55,958,21,10,11,42,8.015690977,94,287,30.91260148,9.524508607,7.304371738,8.677574901,473,9,485,33,482,518
4,1000,30,7.7,28,55,961,24,7,8,39,8.324873919,95,320,30.9600658,9.712697792,7.705286705,9.052215431,523,17,438,22,540,460
6,1000,30,7.7,28,56,949,26,12,13,51,8.562739183,100,299,31.22803954,9.554424907,8.171863092,8.989595499,499,23,450,28,522,478
7,1000,30,7.7,28,56,958,30,4,8,42,8.457675283,111,305,30.81555183,9.589706949,7.990739436,8.932142355,488,16,470,26,504,496
5,1000,30,7.7,28,54,943,35,12,10,57,8.566709934,89,332,31.08015734,9.342069526,7.896059224,9.195769903,462,22,481,35,484,516
3,1000,30,7.7,28,57,957,28,5,10,43,8.485723099,99,310,31.34342424,9.875738035,7.585536359,9.468772216,504,18,453,25,522,478
2,1000,30,7.7,28,54,943,32,18,7,57,8.490295358,95,338,31.36269144,9.853980573,7.828612745,9.178985425,489,21,454,36,510,490
8,1000,30,7.7,28,56,958,20,11,11,42,8.011851701,104,311,30.93685609,9.552653057,7.324502276,8.651431669,473,9,485,33,482,518
1,1000,30,7.7,28,47,951,28,10,11,49,8.345759109,104,326,30.96722804,9.808988387,7.363950188,9.308126269,482,13,469,36,495,505
4,1000,30,7.7,28,56,961,24,7,8,39,8.329805998,99,328,30.96419654,9.724786552,7.715187076,9.051315167,523,17,438,22,540,460
6,1000,30,7.7,28,57,948,29,11,12,52,8.569490373,100,321,31.24656382,9.569462205,8.205228413,8.967282723,498,24,450,28,522,478
7,1000,30,7.7,28,57,958,29,5,8,42,8.490259565,88,300,30.84762745,9.588301432,8.026657085,8.961339505,488,16,470,26,504,496
5,1000,30,7.7,28,55,943,35,12,10,57,8.570724517,97,311,31.10538192,9.371213647,7.893398552,9.20604577,461,23,482,34,484,516
3,1000,30,7.7,28,58,955,30,5,10,45,8.532552707,110,325,31.34378234,9.882250151,7.633486991,9.51437761,504,18,451,27,522,478
2,1000,30,7.7,28,55,944,32,17,7,56,8.487393072,92,339,31.39496943,9.880108381,7.864948989,9.135243037,489,21,455,35,510,490
8,1000,30,7.7,28,57,960,18,11,11,40,8.012079441,104,316,30.9671556,9.556081296,7.302675919,8.672180787,474,8,486,32,482,518
4,1000,30,7.7,28,57,960,25,7,8,40,8.362138352,94,324,30.9664483,9.736177444,7.751452733,9.079030165,522,18,438,22,540,460
1,1000,30,7.7,28,48,952,28,9,11,48,8.360381275,103,289,31.00493451,9.802691587,7.406239396,9.295629256,482,13,470,35,495,505
6,1000,30,7.7,28,58,949,28,11,12,51,8.561241323,103,315,31.27038697,9.584063009,8.236419852,8.915962678,497,25,452,26,522,478
7,1000,30,7.7,28,58,959,29,5,7,41,8.499548778,101,303,30.86382911,9.574918047,8.071490131,8.934511597,488,16,471,25,504,496
5,1000,30,7.7,28,56,943,34,13,10,57,8.600997784,118,322,31.11296045,9.373955299,7.941903043,9.219218433,461,23,482,34,484,516
3,1000,30,7.7,28,59,956,27,7,10,44,8.529849713,124,327,31.36887796,9.917059516,7.628567543,9.514095094,505,17,451,27,522,478
2,1000,30,7.7,28,56,945,32,16,7,55,8.515992474,92,315,31.39244776,9.887682487,7.892322802,9.165118051,489,21,456,34,510,490
8,1000,30,7.7,28,58,958,20,11,11,42,8.05500039,104,311,30.97686841,9.568993391,7.350482359,8.710555777,474,8,484,34,482,518
4,1000,30,7.7,28,58,959,24,9,8,41,8.396799592,119,301,30.97916941,9.757927138,7.773023969,9.129057931,522,18,437,23,540,460
1,1000,30,7.7,28,49,952,28,9,11,48,8.386066391,107,312,31.04749703,9.831887299,7.430854798,9.322362903,482,13,470,35,495,505
6,1000,30,7.7,28,59,949,28,11,12,51,8.584879779,90,299,31.29638325,9.596711312,8.288179457,8.908891428,497,25,452,26,522,478
7,1000,30,7.7,28,59,958,28,7,7,42,8.526189739,110,305,30.88916455,9.593106908,8.117457034,8.941514908,487,17,471,25,504,496
5,1000,30,7.7,28,57,942,34,14,10,58,8.620192627,111,330,31.13144183,9.371288789,7.929030177,9.268492289,462,22,480,36,484,516
3,1000,30,7.7,28,60,955,28,7,10,45,8.589468421,107,319,31.38099852,9.898220555,7.68225245,9.580193812,505,17,450,28,522,478
2,1000,30,7.7,28,57,945,32,16,7,55,8.557487569,99,300,31.39249153,9.906535513,7.933426873,9.20702013,489,21,456,34,510,490
8,1000,30,7.7,28,59,958,20,10,12,42,8.095619038,90,304,30.98579669,9.576153264,7.396585329,8.746071255,474,8,484,34,482,518
4,1000,30,7.7,28,59,958,23,11,8,42,8.413902374,92,326,30.98224588,9.783995911,7.840581509,9.086931215,520,20,438,22,540,460
6,1000,30,7.7,28,60,950,28,11,11,50,8.60956583,99,318,31.33210761,9.627607107,8.306944685,8.940043314,497,25,453,25,522,478
7,1000,30,7.7,28,60,957,28,8,7,43,8.541411502,106,322,30.92449324,9.598007194,8.11443962,8.975270027,486,18,471,25,504,496
1,1000,30,7.7,28,50,952,28,9,11,48,8.414761769,102,326,31.06071458,9.832442744,7.468264001,9.342517007,482,13,470,35,495,505
5,1000,30,7.7,28,58,942,34,14,10,58,8.661506316,108,332,31.15769082,9.38849345,7.973937255,9.306435435,462,22,480,36,484,516
3,1000,30,7.7,28,61,954,29,7,10,46,8.600056594,103,311,31.39324372,9.93440534,7.710984741,9.570967698,505,17,449,29,522,478
2,1000,30,7.7,28,58,946,32,14,8,54,8.548883627,93,313,31.41623635,9.915602748,7.928546852,9.19454027,489,21,457,33,510,490
4,1000,30,7.7,28,60,959,22,11,8,41,8.41860924,90,298,30.984827,9.786715516,7.83787208,9.100344167,520,20,439,21,540,460
8,1000,30,7.7,28,60,957,21,11,11,43,8.116509065,103,294,31.03164739,9.573486014,7.432930123,8.752580591,474,8,483,35,482,518
6,1000,30,7.7,28,61,947,31,11,11,53,8.651137502,103,316,31.35044883,9.63194157,8.336171875,8.995095782,496,26,451,27,522,478
7,1000,30,7.7,28,61,956,30,8,6,44,8.536255043,119,315,30.93401258,9.613466299,8.154902467,8.923758468,485,19,471,25,504,496
3,1000,30,7.7,28,62,955,28,7,10,45,8.621738732,88,341,31.40467922,9.948523284,7.724562034,9.601500733,505,17,450,28,522,478
1,1000,30,7.7,28,51,953,28,8,11,47,8.4415343,115,298,31.08845009,9.852730213,7.526946651,9.338011303,482,13,471,34,495,505
5,1000,30,7.7,28,59,942,34,14,10,58,8.664493347,108,308,31.17109651,9.398181533,7.994708121,9.292741505,462,22,480,36,484,516
2,1000,30,7.7,28,59,947,32,13,8,53,8.541447904,109,301,31.42711444,9.928168697,7.938515715,9.168989571,489,21,458,32,510,490
8,1000,30,7.7,28,61,955,22,11,12,45,8.157782982,110,317,31.03723999,9.587659271,7.455440603,8.811313922,473,9,482,36,482,518
4,1000,30,7.7,28,61,959,22,11,8,41,8.435352619,122,317,30.99401337,9.808328756,7.872162934,9.096488337,520,20,439,21,540,460
6,1000,30,7.7,28,62,947,31,11,11,53,8.705019498,103,340,31.34714244,9.653044508,8.375093474,9.06531528,496,26,451,27,522,478
7,1000,30,7.7,28,62,954,32,9,5,46,8.571079133,96,319,30.95730642,9.62767531,8.218053434,8.929798795,483,21,471,25,504,496
3,1000,30,7.7,28,63,953,28,9,10,47,8.619088468,119,313,31.44848422,9.951843212,7.682881996,9.641472943,505,17,448,30,522,478
5,1000,30,7.7,28,60,942,34,14,10,58,8.682070541,93,300,31.20091841,9.411016935,8.034826657,9.28917527,462,22,480,36,484,516
2,1000,30,7.7,28,60,948,31,13,8,52,8.52215072,112,332,31.45507942,9.956760489,7.931932543,9.136459435,490,20,458,32,510,490
1,1000,30,7.7,28,52,955,27,8,10,45,8.430329139,119,325,31.12003615,9.880379837,7.542511836,9.300565903,483,12,472,33,495,505
4,1000,30,7.7,28,62,957,24,11,8,43,8.466654464,107,313,31.01938327,9.830248312,7.875383104,9.160755625,520,20,437,23,540,460
8,1000,30,7.7,28,62,954,22,12,12,46,8.210608062,99,318,31.08980969,9.597590129,7.494626707,8.876830095,472,10,482,36,482,518
7,1000,30,7.7,28,63,956,30,9,5,44,8.614554999,104,328,30.96614018,9.642756253,8.2509293,8.984045629,485,19,471,25,504,496
6,1000,30,7.7,28,63,947,31,11,11,53,8.763111375,99,334,31.37469117,9.680082909,8.426389425,9.130828651,496,26,451,27,522,478
3,1000,30,7.7,28,64,953,29,9,9,47,8.616178277,109,311,31.4494328,9.956635824,7.693347374,9.623955959,505,17,448,30,522,478
5,1000,30,7.7,28,61,943,33,14,10,57,8.717278179,95,315,31.22692767,9.406252477,8.077712833,9.317180558,463,21,480,36,484,516
2,1000,30,7.7,28,61,946,33,13,8,54,8.556616118,110,303,31.47227103,9.975920163,7.957335549,9.180357118,490,20,456,34,510,490
4,1000,30,7.7,28,63,957,24,11,8,43,8.50066272,103,325,31.04406393,9.845199732,7.944372239,9.153699372,520,20,437,23,540,460
8,1000,30,7.7,28,63,953,23,12,12,47,8.231901242,118,315,31.10814098,9.615638668,7.483148616,8.928617007,472,10,481,37,482,518
1,1000,30,7.7,28,53,953,29,7,11,47,8.478935999,94,346,31.15736102,9.907379501,7.627264315,9.313742897,482,13,471,34,495,505
7,1000,30,7.7,28,64,956,30,9,5,44,8.623368647,111,304,30.97180724,9.647926133,8.245660934,9.00716842,485,19,471,25,504,496
6,1000,30,7.7,28,64,944,34,11,11,56,8.789073902,107,307,31.38905756,9.698881193,8.451189787,9.158060322,496,26,448,30,522,478
3,1000,30,7.7,28,65,955,28,8,9,45,8.62177481,113,356,31.51192416,9.953490546,7.678848344,9.651497854,507,15,448,30,522,478
5,1000,30,7.7,28,62,943,32,15,10,57,8.748019774,84,297,31.25487726,9.406656897,8.108958569,9.347449277,463,21,480,36,484,516
2,1000,30,7.7,28,62,948,32,11,9,52,8.58185622,99,304,31.49170538,9.986317301,7.992786297,9.194969813,491,19,457,33,510,490
4,1000,30,7.7,28,64,957,24,11,8,43,8.526468599,99,296,31.09151701,9.840022453,7.939998486,9.214933515,520,20,437,23,540,460
8,1000,30,7.7,28,64,953,24,11,12,47,8.241078429,100,313,31.14409599,9.622709303,7.488348152,8.941495404,471,11,482,36,482,518
1,1000,30,7.7,28,54,953,29,7,11,47,8.489320583,105,312,31.18138215,9.924143564,7.648182485,9.313802481,482,13,471,34,495,505
7,1000,30,7.7,28,65,956,30,9,5,44,8.635444105,122,320,30.99212747,9.650580524,8.253775146,9.023269016,485,19,471,25,504,496
3,1000,30,7.7,28,66,957,27,7,9,43,8.611309069,103,303,31.51822862,9.969880421,7.677386594,9.631199302,508,14,449,29,522,478
6,1000,30,7.7,28,65,942,35,12,11,58,8.833167777,105,317,31.42014804,9.728248378,8.53308679,9.160871281,495,27,447,31,522,478
2,1000,30,7.7,28,63,948,30,12,10,52,8.601806562,99,289,31.53845594,9.994033556,8.018486356,9.208935756,491,19,457,33,510,490
5,1000,30,7.7,28,63,943,32,15,10,57,8.770119138,103,322,31.26853161,9.414055669,8.133079431,9.367652507,463,21,480,36,484,516
4,1000,30,7.7,28,65,958,25,10,7,42,8.496987949,108,327,31.10614993,9.840404005,7.899915143,9.197899504,520,20,438,22,540,460
8,1000,30,7.7,28,65,953,24,11,12,47,8.251392771,98,329,31.16976235,9.63556993,7.510728928,8.940581906,471,11,482,36,482,518
7,1000,30,7.7,28,66,956,29,10,5,44,8.643876249,85,371,31.01203878,9.641909345,8.270845744,9.022923374,485,19,471,25,504,496
1,1000,30,7.7,28,55,952,31,7,10,48,8.495638489,95,326,31.22441881,9.944496661,7.658906675,9.315801356,482,13,470,35,495,505
3,1000,30,7.7,28,67,956,28,7,9,44,8.633667358,97,326,31.53216173,9.990138615,7.704454995,9.648413913,508,14,448,30,522,478
6,1000,30,7.7,28,66,942,35,12,11,58,8.832260419,106,331,31.4281064,9.727243256,8.523958802,9.168941264,495,27,447,31,522,478
2,1000,30,7.7,28,64,948,30,12,10,52,8.610310257,112,328,31.55335704,9.992314921,8.028249151,9.21612896,491,19,457,33,510,490
5,1000,30,7.7,28,64,943,33,15,9,57,8.762522599,86,294,31.27747444,9.423405932,8.115038871,9.369852298,462,22,481,35,484,516
4,1000,30,7.7,28,66,957,26,10,7,43,8.483582242,105,310,31.14842592,9.854395079,7.864662899,9.210139733,520,20,437,23,540,460
8,1000,30,7.7,28,66,954,23,12,11,46,8.229532788,92,300,31.17058925,9.648661028,7.509935126,8.899119802,471,11,483,35,482,518
3,1000,30,7.7,28,68,957,27,7,9,43,8.625689937,104,318,31.54117559,10.00509963,7.706826618,9.629134817,508,14,449,29,522,478
7,1000,30,7.7,28,67,955,30,10,5,45,8.659835406,105,334,31.04458218,9.646417653,8.294818083,9.030740105,484,20,471,25,504,496
1,1000,30,7.7,28,56,951,32,7,10,49,8.558137668,125,305,31.23423875,9.99003483,7.73674084,9.363269212,482,13,469,36,495,505
6,1000,30,7.7,28,67,944,35,10,11,56,8.849975161,91,324,31.43545016,9.734046709,8.560653933,9.165928467,495,27,449,29,522,478
5,1000,30,7.7,28,65,943,33,15,9,57,8.78496469,94,317,31.29601322,9.423446957,8.136046754,9.393639654,462,22,481,35,484,516
2,1000,30,7.7,28,65,950,28,12,10,50,8.613525882,92,306,31.59521311,9.98998855,8.0240176,9.227095727,492,18,458,32,510,490
4,1000,30,7.7,28,67,958,25,10,7,42,8.482424188,96,291,31.15528686,9.879349986,7.863827684,9.208602692,521,19,437,23,540,460
8,1000,30,7.7,28,67,953,25,12,10,47,8.217512127,103,317,31.18701818,9.651313803,7.52495966,8.861933535,470,12,483,35,482,518
3,1000,30,7.7,28,69,958,23,10,9,42,8.627292221,115,315,31.55247136,10.01581795,7.743035677,9.592944765,508,14,450,28,522,478
7,1000,30,7.7,28,68,956,30,9,5,44,8.689406186,95,330,31.0877753,9.675089389,8.328435604,9.056198875,484,20,472,24,504,496
6,1000,30,7.7,28,68,943,36,10,11,57,8.877847074,106,318,31.44413704,9.739506181,8.614139916,9.16582853,494,28,449,29,522,478
1,1000,30,7.7,28,57,953,31,7,9,47,8.528602829,114,315,31.25854588,10.00645391,7.718107326,9.323048916,482,13,471,34,495,505
5,1000,30,7.7,28,66,942,34,15,9,58,8.819258361,103,318,31.32634696,9.443366832,8.161029204,9.436667105,462,22,480,36,484,516
8,1000,30,7.7,28,68,951,27,11,11,49,8.223647826,90,302,31.21728846,9.674254612,7.525966871,8.872841301,469,13,482,36,482,518
2,1000,30,7.7,28,66,950,27,12,11,50,8.608787379,108,320,31.61957404,9.9986809,8.044411253,9.196199266,492,18,458,32,510,490
4,1000,30,7.7,28,68,958,25,9,8,42,8.509045245,101,313,31.15971996,9.889724344,7.895177785,9.229672263,521,19,437,23,540,460
3,1000,30,7.7,28,70,957,24,10,9,43,8.644231247,108,318,31.58915644,10.02374081,7.769489582,9.599493065,508,14,449,29,522,478
7,1000,30,7.7,28,69,955,31,9,5,45,8.711537629,118,330,31.1267572,9.67534719,8.370581521,9.057993028,484,20,471,25,504,496
6,1000,30,7.7,28,69,944,36,9,11,56,8.868871978,121,319,31.46964334,9.760864135,8.593027757,9.170107717,495,27,449,29,522,478
1,1000,30,7.7,28,58,954,30,7,9,46,8.520280547,108,305,31.27258508,10.01251697,7.716105786,9.308531056,482,13,472,33,495,505
5,1000,30,7.7,28,67,942,34,15,9,58,8.869746463,106,301,31.33147855,9.44053388,8.20259584,9.495523403,462,22,480,36,484,516
8,1000,30,7.7,28,69,950,28,10,12,50,8.25929666,111,316,31.22450518,9.672933699,7.546469438,8.922583767,469,13,481,37,482,518
2,1000,30,7.7,28,67,948,29,12,11,52,8.622909534,88,316,31.64996565,10.03838689,8.043094476,9.226390514,492,18,456,34,510,490
4,1000,30,7.7,28,69,957,25,10,8,43,8.533191766,104,310,31.18084459,9.905676595,7.933932882,9.236669587,521,19,436,24,540,460
3,1000,30,7.7,28,71,956,25,10,9,44,8.648223098,103,337,31.60337019,10.0343327,7.756611917,9.621907274,507,15,449,29,522,478
7,1000,30,7.7,28,70,955,30,10,5,45,8.727956448,84,344,31.15452162,9.667369917,8.390828848,9.070521591,484,20,471,25,504,496
6,1000,30,7.7,28,70,943,37,8,12,57,8.893354885,107,311,31.46908754,9.779284826,8.606241247,9.206897392,494,28,449,29,522,478
8,1000,30,7.7,28,70,950,28,10,12,50,8.27969127,95,310,31.25832208,9.678396821,7.579451808,8.931265442,468,14,482,36,482,518
2,1000,30,7.7,28,68,947,30,12,11,53,8.612435781,99,321,31.64113611,10.05377508,8.025200723,9.223639618,492,18,455,35,510,490
5,1000,30,7.7,28,68,942,34,15,9,58,8.864307023,110,323,31.35102543,9.442197756,8.181284298,9.50497175,462,22,480,36,484,516
4,1000,30,7.7,28,70,957,24,11,8,43,8.543857606,114,341,31.19261917,9.925396599,7.921715267,9.274198613,521,19,436,24,540,460
1,1000,30,7.7,28,59,954,29,8,9,46,8.557785817,105,304,31.28909919,10.03454841,7.773252766,9.326783561,481,14,473,32,495,505
3,1000,30,7.7,28,72,957,24,10,9,43,8.654254998,106,297,31.63312944,10.03955242,7.766281212,9.623966956,507,15,450,28,522,478
7,1000,30,7.7,28,71,954,30,11,5,46,8.748049613,95,307,31.1953935,9.696647029,8.394266125,9.107539286,484,20,470,26,504,496
6,1000,30,7.7,28,71,944,37,8,11,56,8.904006375,98,342,31.51697068,9.783848272,8.625855657,9.207760924,494,28,450,28,522,478
8,1000,30,7.7,28,71,950,28,10,12,50,8.30717144,102,305,31.28494006,9.696927743,7.621134317,8.945530308,468,14,482,36,482,518
2,1000,30,7.7,28,69,946,32,12,10,54,8.598889415,112,319,31.66474809,10.04428251,8.018492341,9.202976165,492,18,454,36,510,490
4,1000,30,7.7,28,71,957,24,11,8,43,8.564375102,120,316,31.19642482,9.952896738,7.938724811,9.29883414,521,19,436,24,540,460
5,1000,30,7.7,28,69,945,34,12,9,55,8.851747799,92,332,31.35836654,9.464279737,8.182622019,9.479377408,462,22,483,33,484,516
3,1000,30,7.7,28,73,957,24,9,10,43,8.678323217,106,322,31.65292997,10.0576858,7.761692648,9.679329821,507,15,450,28,522,478
1,1000,30,7.7,28,60,956,28,8,8,44,8.56769419,108,304,31.31276116,10.06039607,7.777281672,9.342454975,481,14,475,30,495,505
6,1000,30,7.7,28,72,945,37,8,10,55,8.893916147,109,325,31.55446048,9.767947824,8.55831632,9.260408008,495,27,450,28,522,478
7,1000,30,7.7,28,72,954,30,11,5,46,8.769181707,107,329,31.21770092,9.725404922,8.442381789,9.101252591,484,20,470,26,504,496
8,1000,30,7.7,28,72,950,29,9,12,50,8.341790073,101,340,31.32779167,9.707507382,7.708660622,8.930918249,467,15,483,35,482,518
4,1000,30,7.7,28,72,956,24,12,8,44,8.584696619,104,303,31.21055937,9.952615338,7.960100075,9.317918649,521,19,435,25,540,460
3,1000,30,7.7,28,74,958,23,9,10,42,8.658561331,108,319,31.68940614,10.08526786,7.752815209,9.647681573,507,15,451,27,522,478
2,1000,30,7.7,28,70,945,32,13,10,55,8.644936129,103,338,31.70511176,10.05400456,8.059178184,9.254602561,492,18,453,37,510,490
5,1000,30,7.7,28,70,945,34,12,9,55,8.864805322,111,312,31.38648826,9.46904431,8.188830328,9.498859385,462,22,483,33,484,516
6,1000,30,7.7,28,73,944,38,8,10,56,8.947289856,121,315,31.58259197,9.780706084,8.603627017,9.322586931,494,28,450,28,522,478
7,1000,30,7.7,28,73,954,30,11,5,46,8.762274193,105,316,31.23106174,9.744597916,8.428489395,9.101442616,485,19,469,27,504,496
1,1000,30,7.7,28,61,956,28,8,8,44,8.58499622,108,318,31.33504816,10.08182752,7.779677041,9.374368484,481,14,475,30,495,505
4,1000,30,7.7,28,73,956,24,12,8,44,8.637152152,97,329,31.24002947,9.959271112,8.018374598,9.363543195,521,19,435,25,540,460
8,1000,30,7.7,28,73,951,29,8,12,49,8.346431376,101,299,31.38340791,9.726931077,7.734526665,8.915809891,467,15,484,34,482,518
3,1000,30,7.7,28,75,958,24,9,9,42,8.656282884,89,320,31.71298661,10.102943,7.763451717,9.631299346,506,16,452,26,522,478
2,1000,30,7.7,28,71,946,30,14,10,54,8.6858629,112,320,31.71850735,10.08451375,8.060683181,9.336560158,493,17,453,37,510,490
6,1000,30,7.7,28,74,945,37,8,10,55,8.961260457,110,323,31.59528586,9.791201744,8.615626644,9.338709934,495,27,450,28,522,478
5,1000,30,7.7,28,71,946,33,12,9,54,8.843158054,95,303,31.40582979,9.492452786,8.158457155,9.485396881,463,21,483,33,484,516
7,1000,30,7.7,28,74,952,32,10,6,48,8.807072787,111,321,31.25104215,9.738337268,8.456391679,9.163410042,485,19,467,29,504,496
1,1000,30,7.7,28,62,959,26,7,8,41,8.581231532,97,325,31.37403122,10.11140641,7.829643048,9.317937075,482,13,477,28,495,505
4,1000,30,7.7,28,74,955,25,12,8,45,8.663446757,99,320,31.2416492,9.968939972,8.031612762,9.405164926,521,19,434,26,540,460
8,1000,30,7.7,28,74,951,28,9,12,49,8.368596818,98,305,31.40477775,9.715262274,7.77021775,8.925389695,467,15,484,34,482,518
3,1000,30,7.7,28,76,960,23,8,9,40,8.64554462,119,315,31.71595736,10.12037804,7.748980192,9.624637992,507,15,453,25,522,478
2,1000,30,7.7,28,72,947,30,13,10,53,8.707640329,95,308,31.74357807,10.10877748,8.095243555,9.345032889,494,16,453,37,510,490
6,1000,30,7.7,28,75,945,38,7,10,55,8.9848711,102,310,31.6099222,9.79797144,8.643567164,9.357592134,495,27,450,28,522,478
7,1000,30,7.7,28,75,952,32,10,6,48,8.821286924,108,299,31.2690391,9.754281087,8.464961576,9.183359455,485,19,467,29,504,496
5,1000,30,7.7,28,72,947,32,12,9,53,8.832922292,101,356,31.44153312,9.524423215,8.163076282,9.461227464,463,21,484,32,484,516
1,1000,30,7.7,28,63,959,26,7,8,41,8.584326587,107,306,31.39697203,10.12890919,7.882249689,9.272500972,482,13,477,28,495,505
3,1000,30,7.7,28,77,960,23,8,9,40,8.639949056,108,331,31.77226598,10.13616159,7.715940978,9.64901227,508,14,452,26,522,478
4,1000,30,7.7,28,75,954,26,12,8,46,8.690797077,127,337,31.27202458,9.989133147,8.050920661,9.441956348,521,19,433,27,540,460
8,1000,30,7.7,28,75,952,27,10,11,48,8.33822228,109,316,31.43482156,9.736265378,7.765662532,8.870990232,467,15,485,33,482,518
2,1000,30,7.7,28,73,947,30,13,10,53,8.71456219,97,324,31.76611945,10.12584787,8.097704662,9.356597577,494,16,453,37,510,490
7,1000,30,7.7,28,76,952,32,10,6,48,8.826439501,105,324,31.25933257,9.755368369,8.455622786,9.20323713,485,19,467,29,504,496
6,1000,30,7.7,28,76,947,36,7,10,53,8.99380304,125,322,31.60569931,9.815494673,8.686635573,9.329245335,496,26,451,27,522,478
5,1000,30,7.7,28,73,947,30,14,9,53,8.861775889,89,297,31.49368149,9.525646399,8.210064195,9.473071353,462,22,485,31,484,516
3,1000,30,7.7,28,78,960,23,8,9,40,8.678992104,88,330,31.78548767,10.16061206,7.761066866,9.681412552,508,14,452,26,522,478
4,1000,30,7.7,28,76,955,26,11,8,45,8.747138996,101,338,31.29414584,10.00511714,8.100368555,9.506391253,521,19,434,26,540,460
1,1000,30,7.7,28,64,958,27,7,8,42,8.615141528,91,327,31.42915264,10.14483877,7.908511267,9.307779111,481,14,477,28,495,505
8,1000,30,7.7,28,76,952,27,10,11,48,8.339595393,101,286,31.45889469,9.745197158,7.769418203,8.87014637,467,15,485,33,482,518
2,1000,30,7.7,28,74,947,29,14,10,53,8.767652186,99,323,31.78581118,10.13136705,8.12701411,9.434438755,494,16,453,37,510,490
7,1000,30,7.7,28,77,953,31,10,6,47,8.81528515,99,332,31.28091375,9.763693881,8.431979382,9.204773269,486,18,467,29,504,496
6,1000,30,7.7,28,77,947,36,7,10,53,8.982499886,105,325,31.60326601,9.810758877,8.684436791,9.307999752,496,26,451,27,522,478
5,1000,30,7.7,28,74,945,32,14,9,55,8.882512282,91,332,31.52807079,9.530391369,8.244306551,9.481139362,461,23,484,32,484,516
3,1000,30,7.7,28,79,960,22,9,9,40,8.703557327,109,330,31.78877282,10.16730061,7.783608931,9.708187166,508,14,452,26,522,478
4,1000,30,7.7,28,77,955,26,11,8,45,8.762665565,127,345,31.32028957,10.01219784,8.094831819,9.54664431,522,18,433,27,540,460
8,1000,30,7.7,28,77,954,26,9,11,46,8.344915078,90,311,31.48660776,9.729695305,7.783706892,8.867120379,468,14,486,32,482,518
2,1000,30,7.7,28,75,947,29,14,10,53,8.781067017,107,330,31.816206,10.18260714,8.093504153,9.496693671,494,16,453,37,510,490
1,1000,30,7.7,28,65,956,29,7,8,44,8.610574191,96,303,31.45449343,10.1516641,7.88930896,9.317556942,481,14,475,30,495,505
7,1000,30,7.7,28,78,951,33,10,6,49,8.825392576,96,318,31.29451793,9.770338561,8.373833678,9.284234683,485,19,466,30,504,496
6,1000,30,7.7,28,78,947,36,8,9,53,9.018013011,84,327,31.60570231,9.79963149,8.794701376,9.261880529,496,26,451,27,522,478
5,1000,30,7.7,28,75,947,32,13,8,53,8.861070802,115,310,31.56665706,9.518380595,8.269627952,9.415835025,461,23,486,30,484,516
3,1000,30,7.7,28,80,959,23,9,9,41,8.749587803,102,311,31.78488497,10.16783424,7.773398141,9.815635928,508,14,451,27,522,478
4,1000,30,7.7,28,78,955,25,12,8,45,8.76811177,104,309,31.31268814,10.01773118,8.121834053,9.526785612,522,18,433,27,540,460
8,1000,30,7.7,28,78,953,27,10,10,47,8.359060148,93,302,31.48808857,9.732699419,7.780812994,8.897120242,468,14,485,33,482,518
2,1000,30,7.7,28,76,949,28,13,10,51,8.80010849,120,330,31.8339107,10.2112463,8.132949738,9.494498212,493,17,456,34,510,490
7,1000,30,7.7,28,79,952,32,11,5,48,8.848347111,97,334,31.31491191,9.782627455,8.389639548,9.314453183,486,18,466,30,504,496
6,1000,30,7.7,28,79,947,35,9,9,53,9.035970322,120,312,31.62291565,9.809222648,8.780877335,9.314544673,496,26,451,27,522,478
1,1000,30,7.7,28,66,956,29,7,8,44,8.615677289,125,328,31.49824138,10.162797,7.913212842,9.304231548,481,14,475,30,495,505
5,1000,30,7.7,28,76,947,32,13,8,53,8.885240152,105,307,31.58887017,9.52631942,8.287386521,9.446017589,461,23,486,30,484,516
3,1000,30,7.7,28,81,959,24,9,8,41,8.756979642,103,349,31.79195811,10.17994472,7.789162757,9.813884274,508,14,451,27,522,478
4,1000,30,7.7,28,79,955,25,13,7,45,8.794776538,101,313,31.31094768,10.04244254,8.160577534,9.539271021,522,18,433,27,540,460
8,1000,30,7.7,28,79,951,29,10,10,49,8.389613942,103,314,31.51077679,9.745123277,7.806324677,8.932365729,467,15,484,34,482,518
7,1000,30,7.7,28,80,951,32,12,5,49,8.864579788,103,329,31.32472687,9.780853107,8.432403555,9.303726606,485,19,466,30,504,496
6,1000,30,7.7,28,80,947,35,9,9,53,9.010447474,128,324,31.66089269,9.832652365,8.751647337,9.293070219,496,26,451,27,522,478
2,1000,30,7.7,28,77,949,28,13,10,51,8.840488381,106,316,31.88874381,10.23377565,8.185974385,9.521717233,493,17,456,34,510,490
5,1000,30,7.7,28,77,947,31,13,9,53,8.890870649,122,340,31.62140995,9.528174433,8.294891164,9.449890166,461,23,486,30,484,516
1,1000,30,7.7,28,67,955,30,7,8,45,8.666839572,101,330,31.51020937,10.15342307,7.983358189,9.336786669,480,15,475,30,495,505
3,1000,30,7.7,28,82,959,24,9,8,41,8.768766377,103,330,31.79844347,10.19297976,7.823394258,9.801160197,508,14,451,27,522,478
4,1000,30,7.7,28,80,954,26,13,7,46,8.796369462,120,302,31.31999554,10.05797524,8.149828926,9.55535183,521,19,433,27,540,460
8,1000,30,7.7,28,80,950,29,11,10,50,8.437831954,109,316,31.51315274,9.734404227,7.846436669,8.988126408,467,15,483,35,482,518
6,1000,30,7.7,28,81,948,34,9,9,52,9.010433191,119,301,31.67934276,9.839368266,8.735911611,9.310224539,496,26,452,26,522,478
7,1000,30,7.7,28,81,950,33,13,4,50,8.822251798,109,346,31.36063479,9.797432077,8.393881414,9.257531381,484,20,466,30,504,496
2,1000,30,7.7,28,78,948,29,13,10,52,8.876869863,107,348,31.90982873,10.23235711,8.246461861,9.533008804,492,18,456,34,510,490
5,1000,30,7.7,28,78,947,32,12,9,53,8.908320349,114,337,31.62252611,9.541138144,8.308964106,9.470507214,460,24,487,29,484,516
3,1000,30,7.7,28,83,959,24,9,8,41,8.778074727,108,290,31.83104344,10.20663715,7.847241578,9.794591262,508,14,451,27,522,478
1,1000,30,7.7,28,68,955,30,7,8,45,8.639162334,131,292,31.55314816,10.14489604,7.962905991,9.302027462,480,15,475,30,495,505
4,1000,30,7.7,28,81,953,27,13,7,47,8.793916023,98,315,31.34969285,10.07803702,8.130927935,9.572206388,521,19,432,28,540,460
8,1000,30,7.7,28,81,952,28,10,10,48,8.432089624,109,337,31.49738301,9.747467318,7.881839869,8.944098084,467,15,485,33,482,518
7,1000,30,7.7,28,82,951,32,13,4,49,8.794392498,91,316,31.38067476,9.816931295,8.393867799,9.201377272,483,21,468,28,504,496
6,1000,30,7.7,28,82,949,33,10,8,51,9.022308241,122,310,31.72265279,9.858953296,8.757614544,9.311367047,496,26,453,25,522,478
2,1000,30,7.7,28,79,947,31,12,10,53,8.916638826,117,331,31.94914174,10.23362465,8.3210493,9.53653813,491,19,456,34,510,490
3,1000,30,7.7,28,84,959,24,9,8,41,8.796170348,107,336,31.86451165,10.21998753,7.85508295,9.823885037,508,14,451,27,522,478
5,1000,30,7.7,28,79,947,32,11,10,53,8.896061419,105,294,31.62187118,9.550509088,8.292425472,9.462262579,460,24,487,29,484,516
4,1000,30,7.7,28,82,952,29,13,6,48,8.816364018,99,318,31.35457622,10.0813011,8.165067173,9.58092988,521,19,431,29,540,460
8,1000,30,7.7,28,82,954,27,10,9,46,8.439238852,90,317,31.52225824,9.753148993,7.889663645,8.950619643,467,15,487,31,482,518
1,1000,30,7.7,28,69,955,29,7,9,45,8.681506609,96,322,31.55739576,10.16183732,8.012180729,9.337578512,480,15,475,30,495,505
7,1000,30,7.7,28,83,949,33,14,4,51,8.812931133,105,321,31.41082249,9.817465564,8.389151959,9.243545456,482,22,467,29,504,496
6,1000,30,7.7,28,83,949,33,10,8,51,9.049486658,97,299,31.72051689,9.869166787,8.772090531,9.352417156,496,26,453,25,522,478
2,1000,30,7.7,28,80,944,33,13,10,56,8.951027233,113,339,31.97428436,10.24123955,8.342942273,9.583931987,488,22,456,34,510,490
3,1000,30,7.7,28,85,958,25,9,8,42,8.803631299,102,349,31.86609466,10.23531232,7.862124965,9.831803487,508,14,450,28,522,478
5,1000,30,7.7,28,80,945,31,14,10,55,8.951848461,86,322,31.63528443,9.567305573,8.338193176,9.527447604,460,24,485,31,484,516
4,1000,30,7.7,28,83,952,29,13,6,48,8.835520867,77,315,31.37679245,10.09775929,8.205541927,9.575061361,521,19,431,29,540,460
8,1000,30,7.7,28,83,954,27,10,9,46,8.475685617,100,303,31.51734675,9.75967555,7.925556194,8.987582108,467,15,487,31,482,518
1,1000,30,7.7,28,70,955,30,7,8,45,8.694019796,119,350,31.58397189,10.14560279,8.023713745,9.35105246,480,15,475,30,495,505
6,1000,30,7.7,28,84,948,34,10,8,52,9.073479049,111,285,31.7233864,9.867740487,8.793360138,9.379382965,496,26,452,26,522,478
7,1000,30,7.7,28,84,949,33,14,4,51,8.830074929,106,328,31.43783488,9.835950167,8.443335053,9.223052545,482,22,467,29,504,496
2,1000,30,7.7,28,81,942,35,13,10,58,8.983320843,116,310,31.98191016,10.2442319,8.346635112,9.645993746,486,24,456,34,510,490
3,1000,30,7.7,28,86,958,25,9,8,42,8.824918174,103,331,31.90197936,10.25335856,7.904941541,9.829578848,508,14,450,28,522,478
4,1000,30,7.7,28,84,952,29,13,6,48,8.861331597,103,307,31.38954328,10.10183983,8.188613725,9.651043882,521,19,431,29,540,460
5,1000,30,7.7,28,81,946,30,14,10,54,8.958970058,96,326,31.6674671,9.574410163,8.34426354,9.535555242,460,24,486,30,484,516
8,1000,30,7.7,28,84,953,28,10,9,47,8.500091607,93,336,31.53190057,9.785150132,7.964865435,8.998120594,466,16,487,31,482,518
6,1000,30,7.7,28,85,947,34,11,8,53,9.094369551,105,339,31.75942485,9.871372415,8.839661319,9.37252373,495,27,452,26,522,478
7,1000,30,7.7,28,85,948,34,14,4,52,8.860364109,99,306,31.47056099,9.863685165,8.503500998,9.222983077,482,22,466,30,504,496
1,1000,30,7.7,28,71,955,28,9,8,45,8.687308095,92,316,31.59074471,10.14767013,8.048102227,9.313856421,480,15,475,30,495,505
2,1000,30,7.7,28,82,943,35,13,9,57,9.034339572,90,309,32.02679062,10.27226959,8.389302222,9.705704978,486,24,457,33,510,490
3,1000,30,7.7,28,87,957,26,8,9,43,8.851326114,106,334,31.91826755,10.26037386,7.948973701,9.836740255,508,14,449,29,522,478
4,1000,30,7.7,28,85,953,29,12,6,47,8.859557554,104,341,31.41845449,10.12094707,8.206719914,9.625932174,521,19,432,28,540,460
5,1000,30,7.7,28,82,946,30,14,10,54,8.962302019,106,339,31.68707869,9.565751655,8.361637132,9.52571637,460,24,486,30,484,516
8,1000,30,7.7,28,85,954,28,9,9,46,8.493980952,124,338,31.54494693,9.777914748,7.941271883,9.008277809,466,16,488,30,482,518
6,1000,30,7.7,28,86,945,36,11,8,55,9.107779142,95,331,31.75957312,9.872300965,8.902599212,9.331845928,494,28,451,27,522,478
7,1000,30,7.7,28,86,949,34,13,4,51,8.897053087,99,323,31.48275709,9.886616704,8.547495684,9.252248512,482,22,467,29,504,496
1,1000,30,7.7,28,72,955,28,9,8,45,8.696852515,106,330,31.63236773,10.14250163,8.043870281,9.336904408,480,15,475,30,495,505
3,1000,30,7.7,28,88,956,27,8,9,44,8.882202519,111,345,31.95299478,10.27413879,7.972570603,9.875566242,508,14,448,30,522,478
2,1000,30,7.7,28,83,941,37,13,9,59,9.048271896,109,320,32.05087331,10.29561115,8.387007948,9.73652621,484,26,457,33,510,490
4,1000,30,7.7,28,86,954,29,12,5,46,8.86272942,112,316,31.43389343,10.13650506,8.205738885,9.633979178,521,19,433,27,540,460
8,1000,30,7.7,28,86,953,28,10,9,47,8.52472168,116,308,31.56335659,9.792817304,7.99989898,9.013070216,465,17,488,30,482,518
5,1000,30,7.7,28,83,947,29,14,10,53,8.957463458,100,330,31.70241169,9.583339546,8.352068259,9.525314769,460,24,487,29,484,516
6,1000,30,7.7,28,87,946,35,11,8,54,9.124711348,102,316,31.77168248,9.87752894,8.90882086,9.360474601,495,27,451,27,522,478
7,1000,30,7.7,28,87,948,35,13,4,52,8.927092909,78,279,31.50081076,9.90457922,8.587995084,9.271660054,481,23,467,29,504,496
3,1000,30,7.7,28,89,955,28,8,9,45,8.903756078,116,311,31.96113629,10.29899948,7.995734,9.895361778,508,14,447,31,522,478
2,1000,30,7.7,28,84,941,37,13,9,59,9.06039907,97,340,32.0485721,10.29787404,8.404645273,9.742918328,484,26,457,33,510,490
1,1000,30,7.7,28,73,955,27,10,8,45,8.763698086,102,331,31.66020938,10.14065584,8.08866962,9.425359651,480,15,475,30,495,505
4,1000,30,7.7,28,87,954,28,13,5,46,8.898633448,110,312,31.45521151,10.15567618,8.263191966,9.644586492,521,19,433,27,540,460
8,1000,30,7.7,28,87,952,26,13,9,48,8.548288268,107,322,31.58466004,9.792528985,8.027505892,9.032877274,465,17,487,31,482,518
5,1000,30,7.7,28,84,946,30,14,10,54,8.949268828,110,330,31.72796158,9.58461601,8.395040002,9.469126873,459,25,487,29,484,516
6,1000,30,7.7,28,88,946,34,12,8,54,9.130207409,88,339,31.77517682,9.893106866,8.908662361,9.372145724,495,27,451,27,522,478
7,1000,30,7.7,28,88,948,35,13,4,52,8.940998262,114,331,31.5000558,9.926724956,8.614564024,9.27269757,481,23,467,29,504,496
3,1000,30,7.7,28,90,953,30,8,9,47,8.928841498,120,291,31.97542594,10.29932606,8.062452517,9.874981765,507,15,446,32,522,478
2,1000,30,7.7,28,85,941,37,13,9,59,9.079704082,104,292,32.06385582,10.28812486,8.484328744,9.699380455,484,26,457,33,510,490
4,1000,30,7.7,28,88,952,30,13,5,48,8.908405941,119,314,31.43499983,10.15833389,8.282308301,9.643390126,519,21,433,27,540,460
8,1000,30,7.7,28,88,953,26,11,10,47,8.566974401,99,320,31.61722867,9.800550928,8.078446386,9.021550663,465,17,488,30,482,518
1,1000,30,7.7,28,74,955,26,11,8,45,8.817594469,98,331,31.68620797,10.16520565,8.141814469,9.479992688,480,15,475,30,495,505
5,1000,30,7.7,28,85,945,30,15,10,55,8.96109584,109,330,31.75622221,9.597420181,8.423219948,9.465615088,458,26,487,29,484,516
6,1000,30,7.7,28,89,947,33,11,9,53,9.152584877,91,323,31.79948478,9.916211589,8.932355382,9.393086543,495,27,452,26,522,478
3,1000,30,7.7,28,91,953,30,8,9,47,8.960899027,91,334,31.96921285,10.30598554,8.093632387,9.907997743,507,15,446,32,522,478
7,1000,30,7.7,28,89,949,33,14,4,51,8.951385165,116,314,31.52066956,9.926024919,8.630311452,9.277637485,481,23,468,28,504,496
2,1000,30,7.7,28,86,942,36,13,9,58,9.053002615,100,308,32.07745694,10.31368672,8.444201374,9.686652886,485,25,457,33,510,490
4,1000,30,7.7,28,89,953,29,13,5,47,8.921056911,99,316,31.46541264,10.16232032,8.304431765,9.644921212,520,20,433,27,540,460
8,1000,30,7.7,28,89,952,27,11,10,48,8.593799974,95,337,31.63042835,9.793543891,8.088800321,9.063703126,464,18,488,30,482,518
5,1000,30,7.7,28,86,946,30,14,10,54,8.966026182,99,318,31.77547832,9.59940738,8.399744186,9.497189915,458,26,488,28,484,516
1,1000,30,7.7,28,75,955,27,10,8,45,8.80542512,121,344,31.69650625,10.1717146,8.084342992,9.512228395,481,14,474,31,495,505
6,1000,30,7.7,28,90,944,35,11,10,56,9.198412251,101,304,31.84912999,9.927589727,9.001383494,9.413577547,494,28,450,28,522,478
3,1000,30,7.7,28,92,952,30,9,9,48,8.99993267,116,324,31.98937995,10.34310653,8.121248209,9.959500219,507,15,445,33,522,478
7,1000,30,7.7,28,90,949,33,13,5,51,8.964155136,106,312,31.53532124,9.917599488,8.665241703,9.267889754,480,24,469,27,504,496
2,1000,30,7.7,28,87,942,37,12,9,58,9.046271638,96,326,32.09438697,10.31843706,8.447809811,9.669160479,484,26,458,32,510,490
4,1000,30,7.7,28,90,953,29,13,5,47,8.958783376,98,295,31.48385699,10.18760361,8.364969627,9.655869081,520,20,433,27,540,460
8,1000,30,7.7,28,90,952,27,11,10,48,8.634169015,98,316,31.67188956,9.798247406,8.117825044,9.114628077,464,18,488,30,482,518
6,1000,30,7.7,28,91,943,35,12,10,57,9.202452269,93,326,31.87649832,9.949176024,9.023638002,9.397726426,493,29,450,28,522,478
5,1000,30,7.7,28,87,947,29,14,10,53,8.973636429,84,325,31.79722872,9.598038627,8.439792361,9.474373887,459,25,488,28,484,516
1,1000,30,7.7,28,76,955,27,10,8,45,8.785921464,101,337,31.69639177,10.15048128,8.059904187,9.497562161,481,14,474,31,495,505
3,1000,30,7.7,28,93,953,29,9,9,47,9.019635999,108,334,32.03297929,10.34619448,8.163247884,9.95485482,507,15,446,32,522,478
7,1000,30,7.7,28,91,949,31,15,5,51,8.987292754,108,327,31.53048642,9.934559784,8.704815067,9.274326534,480,24,469,27,504,496
4,1000,30,7.7,28,91,952,30,13,5,48,9.026850869,108,340,31.53351169,10.21680042,8.429644557,9.727919148,520,20,432,28,540,460
2,1000,30,7.7,28,88,941,38,12,9,59,9.094752559,93,327,32.1346441,10.32396045,8.491567834,9.722557068,484,26,457,33,510,490
8,1000,30,7.7,28,91,949,29,12,10,51,8.697694882,116,311,31.67416526,9.809355987,8.154346594,9.203281514,464,18,485,33,482,518
6,1000,30,7.7,28,92,943,35,12,10,57,9.212902962,86,320,31.88239318,9.955389636,9.04498575,9.396276989,493,29,450,28,522,478
5,1000,30,7.7,28,88,948,27,14,11,52,8.985202332,102,318,31.83271739,9.605045299,8.459199732,9.478584616,460,24,488,28,484,516
3,1000,30,7.7,28,94,953,29,9,9,47,9.038496917,91,318,32.03687334,10.36322336,8.205682483,9.947972095,507,15,446,32,522,478
7,1000,30,7.7,28,92,949,31,15,5,51,9.020548895,101,310,31.54172145,9.969307721,8.719425993,9.326528618,480,24,469,27,504,496
1,1000,30,7.7,28,77,950,32,10,8,50,8.81646623,115,339,31.73558131,10.17851662,8.117596962,9.501496502,478,17,472,33,495,505
4,1000,30,7.7,28,92,952,30,13,5,48,9.019284709,113,331,31.56779097,10.22928931,8.404467011,9.741027224,520,20,432,28,540,460
2,1000,30,7.7,28,89,940,39,12,9,60,9.096950459,114,336,32.16829125,10.35128683,8.482161449,9.736832898,484,26,456,34,510,490
8,1000,30,7.7,28,92,948,30,12,10,52,8.741582543,92,309,31.70815015,9.820131098,8.250132174,9.198878061,463,19,485,33,482,518
6,1000,30,7.7,28,93,941,36,13,10,59,9.21646345,100,325,31.91054521,9.966011392,9.038283491,9.411044912,491,31,450,28,522,478
5,1000,30,7.7,28,89,947,27,15,11,53,9.02286912,88,308,31.82443732,9.642210009,8.498667097,9.51456249,459,25,488,28,484,516
3,1000,30,7.7,28,95,953,29,9,9,47,9.04769727,113,314,32.05768795,10.37848582,8.23270681,9.937707772,506,16,447,31,522,478
7,1000,30,7.7,28,93,948,31,16,5,52,9.063103136,109,322,31.57302678,10.00827679,8.741216796,9.390181191,480,24,468,28,504,496
1,1000,30,7.7,28,78,953,30,10,7,47,8.807836318,129,313,31.74475165,10.19544657,8.09753098,9.504076205,481,14,472,33,495,505
4,1000,30,7.7,28,93,952,30,13,5,48,9.041398176,109,334,31.60260495,10.2381417,8.442499866,9.744452715,520,20,432,28,540,460
8,1000,30,7.7,28,93,947,32,11,10,53,8.756989447,108,338,31.72505496,9.827162707,8.263778146,9.215923515,463,19,484,34,482,518
2,1000,30,7.7,28,90,941,39,12,8,59,9.090089538,103,356,32.20377097,10.35556465,8.478665423,9.72646974,484,26,457,33,510,490
6,1000,30,7.7,28,94,941,36,13,10,59,9.236919128,121,314,31.93076317,9.959424463,9.053299577,9.437440897,490,32,451,27,522,478
5,1000,30,7.7,28,90,947,27,15,11,53,9.015528738,108,304,31.83836403,9.639898907,8.483925901,9.514163957,460,24,487,29,484,516
3,1000,30,7.7,28,96,953,29,8,10,47,9.063004064,101,317,32.09088025,10.40232947,8.276150024,9.922288182,506,16,447,31,522,478
7,1000,30,7.7,28,94,948,31,15,6,52,9.109545933,114,316,31.60060978,10.02062833,8.759691079,9.465043608,479,25,469,27,504,496
4,1000,30,7.7,28,94,952,30,12,6,48,9.050754396,93,334,31.60264153,10.26369601,8.439705755,9.768072367,520,20,432,28,540,460
8,1000,30,7.7,28,94,946,33,11,10,54,8.798654446,102,310,31.76150413,9.865000419,8.287266673,9.274501756,463,19,483,35,482,518
1,1000,30,7.7,28,79,949,33,11,7,51,8.865617079,98,324,31.77279939,10.19344175,8.176855722,9.540739598,479,16,470,35,495,505
2,1000,30,7.7,28,91,943,38,11,8,57,9.099196332,114,324,32.2012726,10.37486255,8.480161661,9.743497725,485,25,458,32,510,490
6,1000,30,7.7,28,95,941,36,13,10,59,9.237896573,113,333,31.94346676,9.953446362,9.049817362,9.443288514,490,32,451,27,522,478
5,1000,30,7.7,28,91,948,27,15,10,52,9.018669249,122,327,31.82893657,9.644749404,8.470132254,9.533188447,461,23,487,29,484,516
3,1000,30,7.7,28,97,951,30,9,10,49,9.092950177,116,296,32.10988696,10.42258302,8.281796596,9.978770615,505,17,446,32,522,478
7,1000,30,7.7,28,95,946,32,16,6,54,9.138378004,116,303,31.58676222,10.05198278,8.80439247,9.477750401,477,27,469,27,504,496
4,1000,30,7.7,28,95,951,29,14,6,49,9.067658802,92,294,31.62791857,10.27638989,8.442279451,9.80179978,520,20,431,29,540,460
8,1000,30,7.7,28,95,946,32,12,10,54,8.812053572,100,327,31.77219775,9.866537557,8.295111889,9.293068807,463,19,483,35,482,518
2,1000,30,7.7,28,92,943,37,12,8,57,9.137984778,102,324,32.21955052,10.38861957,8.51837637,9.782883326,485,25,458,32,510,490
6,1000,30,7.7,28,96,940,37,13,10,60,9.235914657,97,336,31.97216143,9.977740613,9.026244312,9.4648852,490,32,450,28,522,478
1,1000,30,7.7,28,80,950,33,10,7,50,8.905247229,106,311,31.78871417,10.20814895,8.215522858,9.581313691,479,16,471,34,495,505
5,1000,30,7.7,28,92,947,27,16,10,53,9.056701102,100,337,31.85853298,9.667377162,8.529002715,9.551674008,460,24,487,29,484,516
3,1000,30,7.7,28,98,951,30,9,10,49,9.123385575,101,298,32.14945383,10.44402148,8.312588223,10.00881699,506,16,445,33,522,478
7,1000,30,7.7,28,96,946,30,18,6,54,9.170670433,112,320,31.61064526,10.0557864,8.83654257,9.510187455,477,27,469,27,504,496
4,1000,30,7.7,28,96,951,29,14,6,49,9.060063106,103,328,31.6252664,10.2926275,8.440683706,9.787160663,520,20,431,29,540,460
8,1000,30,7.7,28,96,944,33,13,10,56,8.817884245,112,321,31.79597992,9.871888187,8.305233842,9.294906434,461,21,483,35,482,518
6,1000,30,7.7,28,97,941,36,13,10,59,9.22271038,111,320,31.98972299,9.974276852,9.007160155,9.458102047,491,31,450,28,522,478
2,1000,30,7.7,28,93,941,39,12,8,59,9.148342134,94,342,32.23217077,10.3810302,8.531970281,9.789872023,484,26,457,33,510,490
1,1000,30,7.7,28,81,950,33,10,7,50,8.871635352,112,332,31.78379672,10.20531981,8.232055228,9.498550524,479,16,471,34,495,505
3,1000,30,7.7,28,99,952,29,9,10,48,9.130999161,133,325,32.15708595,10.46976253,8.327840433,10.00808882,507,15,445,33,522,478
5,1000,30,7.7,28,93,948,27,16,9,52,9.066143622,105,319,31.86136901,9.677663688,8.58305568,9.519272621,460,24,488,28,484,516
7,1000,30,7.7,28,97,950,27,18,5,50,9.113261554,107,306,31.61057643,10.03431846,8.751659662,9.480695735,479,25,471,25,504,496
4,1000,30,7.7,28,97,951,29,14,6,49,9.083536714,112,312,31.63756435,10.30977295,8.462948931,9.812052807,520,20,431,29,540,460
8,1000,30,7.7,28,97,942,35,13,10,58,8.831964967,104,330,31.828914,9.886606399,8.334095615,9.295233359,460,22,482,36,482,518
6,1000,30,7.7,28,98,939,38,13,10,61,9.242495327,109,332,32.00419776,9.967454647,9.024907139,9.480112554,490,32,449,29,522,478
2,1000,30,7.7,28,94,942,40,9,9,58,9.133900009,111,327,32.25796753,10.40947003,8.541471734,9.750509029,483,27,459,31,510,490
3,1000,30,7.7,28,100,951,31,8,10,49,9.142506338,97,329,32.16705068,10.49042407,8.355611327,10.0018352,507,15,444,34,522,478
1,1000,30,7.7,28,82,950,31,12,7,50,8.875214966,118,325,31.83160765,10.22858588,8.202524327,9.534584998,479,16,471,34,495,505
5,1000,30,7.7,28,94,948,27,16,9,52,9.064703962,105,326,31.87338514,9.696025279,8.591730457,9.508345778,461,23,487,29,484,516
7,1000,30,7.7,28,98,950,26,19,5,50,9.114025189,98,340,31.63036317,10.03495662,8.778791735,9.454665634,479,25,471,25,504,496
4,1000,30,7.7,28,98,951,28,14,7,49,9.114647904,97,298,31.64668157,10.32674567,8.468923381,9.872672343,520,20,431,29,540,460
8,1000,30,7.7,28,98,941,35,14,10,59,8.85814046,116,319,31.83934074,9.888822816,8.355500754,9.325847677,459,23,482,36,482,518
6,1000,30,7.7,28,99,938,38,14,10,62,9.284920185,103,332,32.00518551,9.994926227,9.054886509,9.536128508,490,32,448,30,522,478
2,1000,30,7.7,28,95,940,42,9,9,60,9.125656075,130,304,32.26968011,10.43043017,8.54431698,9.730723296,483,27,457,33,510,490
3,1000,30,7.7,28,101,948,33,9,10,52,9.20548935,117,297,32.19130966,10.50960488,8.400909608,10.08413082,506,16,442,36,522,478
5,1000,30,7.7,28,95,946,29,16,9,54,9.118869675,97,337,31.88103333,9.706149452,8.629465046,9.57792363,461,23,485,31,484,516
7,1000,30,7.7,28,99,951,24,19,6,49,9.112890839,122,316,31.66156775,10.03982251,8.749343971,9.482301366,480,24,471,25,504,496
1,1000,30,7.7,28,83,949,32,12,7,51,8.892923641,109,348,31.8302135,10.23758563,8.192808747,9.579174873,479,16,470,35,495,505
8,1000,30,7.7,28,99,942,34,13,11,58,8.87017338,86,323,31.86461858,9.886018822,8.354510554,9.349998635,460,22,482,36,482,518
4,1000,30,7.7,28,99,951,28,14,7,49,9.109299581,118,299,31.64753641,10.34339133,8.46629864,9.864126773,520,20,431,29,540,460
6,1000,30,7.7,28,100,938,38,14,10,62,9.327065634,93,330,32.02134599,9.987675543,9.104115557,9.570538312,490,32,448,30,522,478
2,1000,30,7.7,28,96,940,40,11,9,60,9.164562568,105,290,32.28021401,10.45474097,8.588595714,9.764038273,483,27,457,33,510,490
3,1000,30,7.7,28,102,949,33,9,9,51,9.175685605,116,319,32.2303517,10.52390658,8.418421973,10.00265551,506,16,443,35,522,478
5,1000,30,7.7,28,96,946,29,16,9,54,9.140884998,100,312,31.91555573,9.722310756,8.60137691,9.64693522,461,23,485,31,484,516
7,1000,30,7.7,28,100,951,24,18,7,49,9.123352475,118,311,31.65918595,10.05236087,8.772208257,9.48016031,480,24,471,25,504,496
8,1000,30,7.7,28,100,942,34,13,11,58,8.87106714,108,334,31.87990158,9.87772905,8.359546514,9.347038071,460,22,482,36,482,518
4,1000,30,7.7,28,100,949,30,13,8,51,9.13166825,114,321,31.69992733,10.36070484,8.486546439,9.888985159,519,21,430,30,540,460
1,1000,30,7.7,28,84,947,34,12,7,53,8.92605499,89,328,31.84523009,10.24105243,8.268847566,9.570248405,477,18,470,35,495,505
6,1000,30,7.7,28,101,934,42,14,10,66,9.353495468,109,312,32.02384572,10.00887347,9.157334949,9.567712603,487,35,447,31,522,478
3,1000,30,7.7,28,103,947,35,9,9,53,9.206687682,118,314,32.24267676,10.53911788,8.412449313,10.07403586,506,16,441,37,522,478
2,1000,30,7.7,28,97,940,40,11,9,60,9.177209984,118,316,32.3040078,10.47436453,8.594331461,9.783879467,483,27,457,33,510,490
5,1000,30,7.7,28,97,945,30,16,9,55,9.163623498,98,315,31.91106907,9.725813291,8.571439126,9.719083258,461,23,484,32,484,516
4,1000,30,7.7,28,101,950,29,13,8,50,9.155916544,101,305,31.70584137,10.36845101,8.492443705,9.934775963,520,20,430,30,540,460
7,1000,30,7.7,28,101,951,23,19,7,49,9.16420531,89,337,31.68172163,10.06845173,8.796627222,9.537712077,480,24,471,25,504,496
8,1000,30,7.7,28,101,944,34,12,10,56,8.889381042,96,319,31.88210436,9.903730879,8.367998218,9.374528767,460,22,484,34,482,518
6,1000,30,7.7,28,102,934,41,15,10,66,9.383191826,101,337,32.02271815,10.01809126,9.190937006,9.593143743,487,35,447,31,522,478
1,1000,30,7.7,28,85,946,35,12,7,54,8.931952982,111,306,31.87093838,10.25212195,8.253926673,9.596553027,477,18,469,36,495,505
3,1000,30,7.7,28,104,947,35,9,9,53,9.219790825,101,324,32.26420141,10.54536817,8.436876085,10.07477303,506,16,441,37,522,478
2,1000,30,7.7,28,98,939,40,12,9,61,9.186207884,114,318,32.3511409,10.48681057,8.626951641,9.768290912,482,28,457,33,510,490
9,1000,30,7.7,28,0,934,28,19,19,66,7.199,93,301,29.71627561,9.062839577,6.716831683,7.690909091,474,31,460,35,505,495
5,1000,30,7.7,28,98,946,29,16,9,54,9.181713375,104,308,31.93165416,9.727540362,8.631540744,9.697766773,461,23,485,31,484,516
4,1000,30,7.7,28,102,950,29,11,10,50,9.158551322,108,323,31.7275661,10.37742385,8.488196983,9.945489024,520,20,430,30,540,460
7,1000,30,7.7,28,102,952,23,19,6,48,9.180036606,115,321,31.69653679,10.07588963,8.835539578,9.530090037,479,25,473,23,504,496
6,1000,30,7.7,28,103,934,41,15,10,66,9.392699851,89,318,32.04009686,10.02333858,9.18099023,9.623897387,487,35,447,31,522,478
8,1000,30,7.7,28,102,944,34,12,10,56,8.908460535,95,316,31.90804799,9.919557369,8.406991426,9.375078509,460,22,484,34,482,518
1,1000,30,7.7,28,86,946,35,12,7,54,8.965607035,119,304,31.87766001,10.24347651,8.271669658,9.645803079,477,18,469,36,495,505
2,1000,30,7.7,28,99,937,42,12,9,63,9.246721904,98,326,32.39539428,10.51378132,8.671177338,9.845758086,481,29,456,34,510,490
9,1000,30,7.7,28,1,934,28,18,20,66,7.251074277,100,299,29.75117545,9.084073042,6.76387505,7.748115912,474,31,460,35,505,495
4,1000,30,7.7,28,103,951,28,11,10,49,9.181469544,111,310,31.74179882,10.38284561,8.527210403,9.949512883,520,20,431,29,540,460
7,1000,30,7.7,28,103,951,23,20,6,49,9.209122998,107,297,31.7299851,10.1046274,8.885632425,9.537831161,479,25,472,24,504,496
5,1000,30,7.7,28,99,943,32,16,9,57,9.193032162,104,320,31.95038641,9.739989657,8.668886035,9.684673102,460,24,483,33,484,516
6,1000,30,7.7,28,104,932,41,17,10,68,9.403038306,101,347,32.09524189,10.04466431,9.187325491,9.638607531,487,35,445,33,522,478
8,1000,30,7.7,28,103,944,33,13,10,56,8.88970088,98,313,31.93169483,9.92215539,8.372943163,9.370544934,460,22,484,34,482,518
10,1000,30,7.7,28,0,935,33,18,14,65,6.984,92,291,30.13625878,9.020546578,6.124521073,7.922594142,500,22,435,43,522,478
1,1000,30,7.7,28,87,946,35,11,8,54,8.979176631,118,319,31.89230085,10.26314048,8.278709653,9.665772975,477,18,469,36,495,505
2,1000,30,7.7,28,100,934,44,13,9,66,9.260635834,124,302,32.4021714,10.52407177,8.687872797,9.856776955,479,31,455,35,510,490
9,1000,30,7.7,28,2,934,28,18,20,66,7.303218674,94,291,29.76091958,9.108208196,6.820013158,7.796185917,474,31,460,35,505,495
4,1000,30,7.7,28,104,950,29,11,10,50,9.205699484,100,319,31.75168535,10.39789818,8.539623229,9.987615088,519,21,431,29,540,460
7,1000,30,7.7,28,104,951,23,20,6,49,9.172642455,113,350,31.75113582,10.12623312,8.891158907,9.458666059,478,26,473,23,504,496
11,1000,30,7.7,28,0,944,26,13,17,56,7.024,95,313,30.16566036,8.827744739,6.792775665,7.280590717,502,24,442,32,526,474
12,1000,30,7.7,28,0,925,34,21,20,75,7.677,99,296,29.87106381,9.219705704,7.064327485,8.32238193,485,28,440,47,513,487
8,1000,30,7.7,28,104,942,35,13,10,58,8.935669783,98,307,31.95915653,9.944260016,8.454733826,9.38318162,459,23,483,35,482,518
5,1000,30,7.7,28,100,942,33,16,9,58,9.212585971,109,296,31.94879568,9.736932118,8.697689811,9.695550586,460,24,482,34,484,516
13,1000,30,7.7,28,0,936,25,23,16,64,7.456,89,328,30.04018742,8.973801684,6.851703407,8.057884232,477,22,459,42,499,501
10,1000,30,7.7,28,1,936,32,18,14,64,7.003910677,95,322,30.13874536,9.040487392,6.178502928,7.905297382,500,22,436,42,522,478
2,1000,30,7.7,28,101,936,43,12,9,64,9.285129712,111,321,32.41800937,10.53175665,8.750815298,9.841252878,480,30,456,34,510,490
1,1000,30,7.7,28,88,948,33,10,9,52,8.982326471,103,316,31.92334464,10.26813601,8.268937421,9.681589006,478,17,470,35,495,505
9,1000,30,7.7,28,3,935,27,18,20,65,7.31419097,102,285,29.76615902,9.105844539,6.829982579,7.808181348,474,31,461,34,505,495
11,1000,30,7.7,28,1,945,26,12,17,55,7.055082396,84,295,30.18992023,8.844597701,6.831215226,7.303508834,501,25,444,30,526,474
12,1000,30,7.7,28,1,926,33,21,20,74,7.691462572,83,297,29.88709676,9.221274741,7.074681396,8.341172517,486,27,440,47,513,487
13,1000,30,7.7,28,1,935,26,23,16,65,7.507895462,95,300,30.08863075,8.990051081,6.883678993,8.129620049,477,22,458,43,499,501
5,1000,30,7.7,28,101,942,33,16,9,58,9.185529029,108,345,31.95194262,9.740644428,8.68399913,9.655956298,460,24,482,34,484,516
10,1000,30,7.7,28,2,937,32,18,13,63,7.018529536,100,318,30.16295735,9.052186261,6.175371458,7.939300493,501,21,436,42,522,478
2,1000,30,7.7,28,102,934,45,12,9,66,9.342482878,108,335,32.43561891,10.54269286,8.804271125,9.902662458,479,31,455,35,510,490
9,1000,30,7.7,28,4,936,25,20,19,64,7.289778745,101,320,29.76904132,9.123705926,6.839346466,7.749310666,474,31,462,33,505,495
1,1000,30,7.7,28,89,948,34,10,8,52,8.971743386,111,328,31.95236044,10.27798698,8.263459617,9.666001733,478,17,470,35,495,505
11,1000,30,7.7,28,2,946,26,11,17,54,7.065512637,85,308,30.20877469,8.865979174,6.800264656,7.359859553,502,24,444,30,526,474
13,1000,30,7.7,28,2,936,25,23,16,64,7.540006593,102,316,30.11031293,8.980800564,6.881219497,8.1961638,478,21,458,43,499,501
12,1000,30,7.7,28,2,930,29,21,20,70,7.692760458,92,303,29.89167083,9.219083572,7.065019321,8.354015495,488,25,442,45,513,487
5,1000,30,7.7,28,102,942,32,17,9,58,9.213516141,86,324,31.95181698,9.737734316,8.691135752,9.703500846,460,24,482,34,484,516
10,1000,30,7.7,28,3,938,32,17,13,62,7.029882628,83,309,30.1859937,9.059045618,6.193407355,7.943355624,501,21,437,41,522,478
2,1000,30,7.7,28,103,937,43,12,8,63,9.311142892,104,298,32.47620917,10.54441732,8.779497773,9.864487811,481,29,456,34,510,490
9,1000,30,7.7,28,5,937,25,19,19,63,7.31464756,93,314,29.79278362,9.134125297,6.864864471,7.773517177,475,30,462,33,505,495
11,1000,30,7.7,28,3,946,25,12,17,54,7.084680901,91,329,30.24741151,8.893598628,6.829701732,7.367632468,503,23,443,31,526,474
13,1000,30,7.7,28,3,936,25,23,16,64,7.554298235,103,294,30.13742981,8.994389094,6.91654225,8.189508288,478,21,458,43,499,501
1,1000,30,7.7,28,90,949,33,11,7,51,8.9679484,108,345,31.96856261,10.2661212,8.262433527,9.659492681,479,16,470,35,495,505
10,1000,30,7.7,28,4,940,30,17,13,60,7.025335431,95,289,30.19161899,9.060008982,6.219131874,7.905750193,502,20,438,40,522,478
12,1000,30,7.7,28,3,929,30,21,20,71,7.732622371,89,290,29.91425424,9.23404025,7.097921952,8.401208233,487,26,442,45,513,487
5,1000,30,7.7,28,103,944,32,15,9,56,9.224838194,115,327,32.00053734,9.74581261,8.710499772,9.707279661,462,22,482,34,484,516
9,1000,30,7.7,28,6,937,25,19,19,63,7.335022222,110,332,29.79114802,9.155289809,6.893547569,7.785415554,474,31,463,32,505,495
2,1000,30,7.7,28,104,936,44,12,8,64,9.358712905,112,350,32.47245067,10.54186228,8.797721522,9.942601894,481,29,455,35,510,490
11,1000,30,7.7,28,4,948,23,12,17,52,7.096987205,115,336,30.2689591,8.904753238,6.834588503,7.388172263,504,22,444,30,526,474
14,1000,30,7.7,28,0,957,20,15,8,43,6.958,97,294,30.08189977,8.596172651,5.912451362,8.063786008,503,11,454,32,514,486
13,1000,30,7.7,28,4,938,25,21,16,62,7.546753248,106,290,30.13315265,8.991904012,6.937249973,8.153823377,478,21,460,41,499,501
10,1000,30,7.7,28,5,939,30,18,13,61,7.093597146,84,289,30.2182086,9.064276906,6.329392911,7.92814654,501,21,438,40,522,478
1,1000,30,7.7,28,91,947,35,11,7,53,9.007824809,117,312,31.99506034,10.26953857,8.296963512,9.704609644,479,16,468,37,495,505
5,1000,30,7.7,28,104,945,31,15,9,55,9.241094774,103,326,32.04836167,9.759888667,8.760002976,9.692351421,462,22,483,33,484,516
12,1000,30,7.7,28,4,930,29,21,20,70,7.74339531,98,311,29.92388255,9.23114741,7.095106931,8.426294568,488,25,442,45,513,487
15,1000,30,7.7,28,0,952,22,11,15,48,6.837,91,280,30.09309756,8.698967319,6.033398821,7.6700611,498,11,454,37,509,491
9,1000,30,7.7,28,7,936,27,17,20,64,7.341179329,112,319,29.81529403,9.16945566,6.905897633,7.785254595,474,31,462,33,505,495
11,1000,30,7.7,28,5,947,24,12,17,53,7.136283641,105,314,30.26355473,8.91316799,6.858126803,7.444955576,503,23,444,30,526,474
13,1000,30,7.7,28,5,941,24,19,16,59,7.560737644,92,323,30.168598,9.007857624,6.95367828,8.165373618,479,20,462,39,499,501
14,1000,30,7.7,28,1,956,21,15,8,44,6.95249552,74,304,30.1050356,8.598524286,5.900202452,8.065414527,503,11,453,33,514,486
10,1000,30,7.7,28,6,941,29,17,13,59,7.09577691,86,299,30.22429443,9.083553295,6.328655407,7.933512108,502,20,439,39,522,478
12,1000,30,7.7,28,5,932,29,19,20,68,7.739510311,97,291,29.95370459,9.246845622,7.086899587,8.426962676,490,23,442,45,513,487
1,1000,30,7.7,28,92,947,35,11,7,53,9.010316856,93,322,32.02335918,10.28159247,8.281628732,9.724575513,479,16,468,37,495,505
15,1000,30,7.7,28,1,952,22,10,16,48,6.897188463,88,309,30.11324504,8.71104371,6.073558956,7.751012128,498,11,454,37,509,491
9,1000,30,7.7,28,8,938,24,18,20,62,7.324579224,94,300,29.85625681,9.169662286,6.882799628,7.775283661,475,30,463,32,505,495
11,1000,30,7.7,28,6,947,25,11,17,53,7.180890849,77,305,30.29715633,8.929299698,6.924162537,7.46578345,503,23,444,30,526,474
13,1000,30,7.7,28,6,941,24,18,17,59,7.584804922,91,306,30.19104202,9.0236752,6.938596367,8.228433802,479,20,462,39,499,501
10,1000,30,7.7,28,7,943,27,18,12,57,7.114596982,100,307,30.21287748,9.096073455,6.32543141,7.97640541,503,19,440,38,522,478
14,1000,30,7.7,28,2,958,19,15,8,42,6.969213253,97,311,30.12320892,8.6156187,5.925862613,8.072674629,503,11,455,31,514,486
12,1000,30,7.7,28,6,932,29,19,20,68,7.77266297,98,306,29.99050193,9.245105433,7.113734364,8.466770516,490,23,442,45,513,487
1,1000,30,7.7,28,93,946,36,11,7,54,9.027844705,109,298,32.03709976,10.29001869,8.350274803,9.691997381,478,17,468,37,495,505
15,1000,30,7.7,28,2,954,21,9,16,46,6.927653435,87,300,30.15232865,8.720046242,6.144965773,7.739034331,498,11,456,35,509,491
9,1000,30,7.7,28,9,939,23,18,20,61,7.372776364,86,301,29.87280593,9.176305198,6.89371623,7.861514481,475,30,464,31,505,495
11,1000,30,7.7,28,7,950,23,10,17,50,7.19287291,91,308,30.32633181,8.938380477,6.890263143,7.528680373,505,21,445,29,526,474
13,1000,30,7.7,28,7,941,24,18,17,59,7.645822799,108,312,30.21819456,9.036856935,7.011461069,8.277652147,479,20,462,39,499,501
10,1000,30,7.7,28,8,943,27,18,12,57,7.121779119,108,319,30.2237009,9.095919177,6.354883235,7.95926793,503,19,440,38,522,478
14,1000,30,7.7,28,3,959,19,14,8,41,7.001257344,82,299,30.15248846,8.627565064,5.961520106,8.100897138,504,10,455,31,514,486
12,1000,30,7.7,28,7,933,28,19,20,67,7.819720979,81,289,29.99360546,9.250763448,7.161589831,8.512988492,490,23,443,44,513,487
15,1000,30,7.7,28,3,957,20,7,16,43,6.936029696,87,313,30.16983643,8.724721572,6.147732965,7.753225288,500,9,457,34,509,491
9,1000,30,7.7,28,10,939,23,18,20,61,7.384487371,92,318,29.88687265,9.20637857,6.878953774,7.900233767,476,29,463,32,505,495
11,1000,30,7.7,28,8,951,23,9,17,49,7.192115121,89,322,30.32812236,8.930295755,6.865182678,7.55491357,506,20,445,29,526,474
1,1000,30,7.7,28,94,946,35,13,6,54,9.039719139,108,341,32.06372126,10.29862919,8.347694498,9.718040322,478,17,468,37,495,505
13,1000,30,7.7,28,8,941,24,18,17,59,7.665381843,96,313,30.22079966,9.042242585,7.014971073,8.313196163,479,20,462,39,499,501
10,1000,30,7.7,28,9,942,28,18,12,58,7.134003694,112,299,30.226946,9.110301689,6.383873058,7.953184011,502,20,440,38,522,478
12,1000,30,7.7,28,8,935,28,18,19,65,7.784088957,103,299,30.00266965,9.264502735,7.139706012,8.462874278,490,23,445,42,513,487
14,1000,30,7.7,28,4,959,19,13,9,41,7.006298702,74,319,30.18503911,8.650231023,5.983694858,8.087817995,504,10,455,31,514,486
9,1000,30,7.7,28,11,939,23,18,20,61,7.413384444,101,291,29.89208038,9.210598899,6.890149393,7.947189899,477,28,462,33,505,495
11,1000,30,7.7,28,9,950,24,9,17,50,7.205748012,96,310,30.33899779,8.940563428,6.882869626,7.564047656,505,21,445,29,526,474
15,1000,30,7.7,28,4,957,20,7,16,43,6.927441371,95,321,30.18580279,8.75402763,6.14469614,7.738881946,500,9,457,34,509,491
13,1000,30,7.7,28,9,942,23,18,17,58,7.716926554,88,318,30.22152681,9.056392114,7.098336783,8.333046905,479,20,463,38,499,501
1,1000,30,7.7,28,95,946,35,13,6,54,9.029884058,107,317,32.08404836,10.31796635,8.32815699,9.717715541,478,17,468,37,495,505
10,1000,30,7.7,28,10,942,28,19,11,58,7.127176468,89,303,30.22845459,9.116775776,6.398877923,7.922515046,502,20,440,38,522,478
12,1000,30,7.7,28,9,935,28,17,20,65,7.788463167,104,294,30.03693266,9.286340924,7.13974681,8.471813251,490,23,445,42,513,487
14,1000,30,7.7,28,5,959,18,13,10,41,7.039567621,96,291,30.19821125,8.65873802,6.019110906,8.118816081,504,10,455,31,514,486
11,1000,30,7.7,28,10,950,24,9,17,50,7.241611581,78,324,30.33293597,8.942678517,6.899642739,7.621095993,505,21,445,29,526,474
9,1000,30,7.7,28,12,941,23,17,19,59,7.445151315,93,280,29.90313525,9.216117511,6.973706095,7.926120681,478,27,463,32,505,495
13,1000,30,7.7,28,10,942,24,17,17,58,7.717351326,99,298,30.23822011,9.093244729,7.096323197,8.3359003,479,20,463,38,499,501
15,1000,30,7.7,28,5,957,20,7,16,43,6.964799063,86,328,30.22402971,8.775442978,6.197665176,7.760055984,500,9,457,34,509,491
10,1000,30,7.7,28,11,944,27,18,11,56,7.112816058,94,289,30.21790302,9.15027219,6.39291623,7.898982815,502,20,442,36,522,478
1,1000,30,7.7,28,96,947,34,13,6,53,9.022635167,104,367,32.10856308,10.32543289,8.341702489,9.690084029,478,17,469,36,495,505
12,1000,30,7.7,28,10,937,27,17,19,63,7.808568043,108,316,30.05031545,9.303907397,7.113865094,8.540359856,492,21,445,42,513,487
14,1000,30,7.7,28,6,959,20,12,9,41,7.024095138,95,295,30.24094741,8.676673216,5.978685263,8.129734389,504,10,455,31,514,486
11,1000,30,7.7,28,11,952,24,7,17,48,7.24041208,104,311,30.33979528,8.954476419,6.933915472,7.580532788,505,21,447,27,526,474
13,1000,30,7.7,28,11,944,23,17,16,56,7.703388172,89,312,30.25222213,9.108436861,7.114979978,8.289447432,479,20,465,36,499,501
9,1000,30,7.7,28,13,941,22,18,19,59,7.474951365,91,323,29.91974013,9.22140885,7.001589767,7.957875824,478,27,463,32,505,495
10,1000,30,7.7,28,12,945,27,17,11,55,7.138292285,104,282,30.23726757,9.166213837,6.43566517,7.905596374,504,18,441,37,522,478
15,1000,30,7.7,28,6,957,21,7,15,43,6.981680905,89,294,30.24309621,8.803642462,6.230759095,7.760131417,500,9,457,34,509,491
12,1000,30,7.7,28,11,938,26,17,19,62,7.856136602,98,291,30.06339901,9.334203393,7.155790013,8.593873358,492,21,446,41,513,487
1,1000,30,7.7,28,97,947,33,14,6,53,9.020817773,104,354,32.12445718,10.33741328,8.357186706,9.671307631,477,18,470,35,495,505
13,1000,30,7.7,28,12,944,23,17,16,56,7.719966199,99,321,30.25747388,9.115570058,7.145709946,8.291930011,479,20,465,36,499,501
11,1000,30,7.7,28,12,953,25,6,16,47,7.265881574,88,278,30.35687344,8.94719167,6.984953594,7.577628657,504,22,449,25,526,474
9,1000,30,7.7,28,14,941,22,19,18,59,7.47163877,83,298,29.93489505,9.228163695,7.00358596,7.949147193,479,26,462,33,505,495
10,1000,30,7.7,28,13,945,27,17,11,55,7.169917859,99,302,30.23438209,9.192472335,6.440309494,7.966686825,504,18,441,37,522,478
14,1000,30,7.7,28,7,958,22,11,9,42,7.065969675,100,292,30.27313027,8.692932196,6.032901402,8.158556284,503,11,455,31,514,486
15,1000,30,7.7,28,7,959,20,6,15,41,6.945977649,101,295,30.26018783,8.810585936,6.223882496,7.694544722,500,9,459,32,509,491
12,1000,30,7.7,28,12,940,23,18,19,60,7.859014008,105,338,30.06197986,9.333015757,7.173742419,8.580870939,492,21,448,39,513,487
11,1000,30,7.7,28,13,955,22,7,16,45,7.291253569,94,328,30.38925007,8.95918958,7.016018427,7.596683282,504,22,451,23,526,474
9,1000,30,7.7,28,15,943,20,18,19,57,7.464528967,113,307,29.93653407,9.24923459,6.996035821,7.942486622,479,26,464,31,505,495
13,1000,30,7.7,28,13,944,22,18,16,56,7.739483261,97,279,30.27658542,9.142472092,7.131390876,8.345148131,479,20,465,36,499,501
1,1000,30,7.7,28,98,944,37,14,5,56,9.059285598,103,322,32.15054965,10.34023307,8.420986259,9.684945347,475,20,469,36,495,505
10,1000,30,7.7,28,14,946,25,18,11,54,7.199257405,103,299,30.26366007,9.203592315,6.491105189,7.97259518,504,18,442,36,522,478
14,1000,30,7.7,28,8,959,22,10,9,41,7.081656825,86,318,30.28376444,8.712017772,6.108083064,8.111321257,502,12,457,29,514,486
12,1000,30,7.7,28,13,942,23,16,19,58,7.868852195,86,306,30.06604867,9.336204192,7.187103753,8.586997884,492,21,450,37,513,487
15,1000,30,7.7,28,8,960,18,7,15,40,6.991997957,97,298,30.27671245,8.808149931,6.292956375,7.716666319,500,9,460,31,509,491
11,1000,30,7.7,28,14,958,21,6,15,42,7.313478315,84,279,30.42596125,8.976509481,7.032096503,7.625729018,504,22,454,20,526,474
13,1000,30,7.7,28,14,944,22,18,16,56,7.729177015,89,300,30.29106798,9.141578978,7.119449113,8.336470874,479,20,465,36,499,501
9,1000,30,7.7,28,16,944,20,18,18,56,7.46797532,99,308,29.92482521,9.233827023,7.006007054,7.939276278,479,26,465,30,505,495
10,1000,30,7.7,28,15,947,24,18,11,53,7.194853211,89,304,30.27256648,9.213133448,6.50872381,7.944140967,504,18,443,35,522,478
1,1000,30,7.7,28,99,943,36,15,6,57,9.072241096,101,342,32.16897647,10.35018931,8.449670577,9.682483487,474,21,469,36,495,505
14,1000,30,7.7,28,9,958,23,10,9,42,7.126456277,101,313,30.30183685,8.729456345,6.174830521,8.132908208,501,13,457,29,514,486
12,1000,30,7.7,28,14,943,23,15,19,57,7.831459598,107,291,30.10195608,9.345161716,7.150868337,8.548386326,492,21,451,36,513,487
15,1000,30,7.7,28,9,962,17,6,15,38,6.986730759,84,298,30.29803254,8.829644384,6.303537551,7.694969746,500,9,462,29,509,491
13,1000,30,7.7,28,15,946,20,18,16,54,7.726826887,93,325,30.31948298,9.160442995,7.07734243,8.373718593,481,18,465,36,499,501
11,1000,30,7.7,28,15,959,21,6,14,41,7.314917583,108,317,30.4536605,8.997334515,7.044011316,7.615543524,504,22,455,19,526,474
10,1000,30,7.7,28,16,947,25,18,10,53,7.221082275,100,319,30.26898672,9.221283495,6.535326668,7.96996183,504,18,443,35,522,478
9,1000,30,7.7,28,17,945,21,17,17,55,7.497415813,99,298,29.95165006,9.237704248,7.016627614,7.987916904,479,26,466,29,505,495
1,1000,30,7.7,28,100,942,36,16,6,58,9.081855227,105,305,32.19322934,10.36835201,8.460516752,9.69088997,473,22,469,36,495,505
14,1000,30,7.7,28,10,958,24,10,8,42,7.145614867,79,310,30.31272326,8.737378512,6.225329003,8.118921314,501,13,457,29,514,486
12,1000,30,7.7,28,15,943,23,16,18,57,7.879719846,96,279,30.12040612,9.361640164,7.231470465,8.562578024,492,21,451,36,513,487
15,1000,30,7.7,28,10,961,18,6,15,39,7.000800627,93,300,30.32489364,8.860987549,6.323989661,7.7024234,500,9,461,30,509,491
11,1000,30,7.7,28,16,961,19,6,14,39,7.346845672,101,308,30.45278,9.003748671,7.074167516,7.649437887,505,21,456,18,526,474
13,1000,30,7.7,28,16,947,19,18,16,53,7.716425109,86,320,30.36101485,9.161355232,7.072879633,8.357401542,481,18,466,35,499,501
10,1000,30,7.7,28,17,947,25,18,10,53,7.236916742,97,308,30.27638582,9.233603419,6.563608639,7.972202995,504,18,443,35,522,478
9,1000,30,7.7,28,18,946,22,16,16,54,7.509556859,104,263,29.96168786,9.248649599,7.036997733,7.991662633,480,25,466,29,505,495
12,1000,30,7.7,28,16,944,23,15,18,56,7.898881426,104,299,30.1484368,9.372628346,7.274804137,8.55627701,492,21,452,35,513,487
14,1000,30,7.7,28,11,958,24,10,8,42,7.174309401,114,318,30.33028884,8.760925674,6.254146877,8.147485404,501,13,457,29,514,486
1,1000,30,7.7,28,101,943,36,16,5,57,9.06215346,100,320,32.21389705,10.36810572,8.400647533,9.71056026,475,20,468,37,495,505
15,1000,30,7.7,28,11,961,20,6,13,39,6.983931685,96,300,30.35868229,8.889602804,6.336541094,7.655055536,500,9,461,30,509,491
10,1000,30,7.7,28,18,946,27,17,10,54,7.284043885,118,301,30.29068654,9.22929709,6.602124751,8.028733819,504,18,442,36,522,478
13,1000,30,7.7,28,17,947,19,18,16,53,7.740887769,106,303,30.40831208,9.159963225,7.121898588,8.357405935,481,18,466,35,499,501
11,1000,30,7.7,28,17,963,17,6,14,37,7.353819439,101,303,30.49897232,8.995844441,7.043486226,7.698197645,506,20,457,17,526,474
9,1000,30,7.7,28,19,946,22,15,17,54,7.502795417,96,306,29.97143529,9.253884375,7.0307832,7.984343236,481,24,465,30,505,495
12,1000,30,7.7,28,17,945,22,15,18,55,7.885739426,96,299,30.173089,9.385002991,7.231898818,8.574487336,493,20,452,35,513,487
14,1000,30,7.7,28,12,959,23,10,8,41,7.18422961,116,310,30.36678876,8.750513828,6.284742374,8.135539156,501,13,458,28,514,486
15,1000,30,7.7,28,12,961,20,6,13,39,7.045817685,81,318,30.37183293,8.914571699,6.413313001,7.701509915,500,9,461,30,509,491
13,1000,30,7.7,28,18,949,18,17,16,51,7.729345876,112,340,30.41998592,9.179268984,7.072493306,8.383576281,482,17,467,34,499,501
10,1000,30,7.7,28,19,945,28,17,10,55,7.349071901,88,310,30.32908405,9.20876569,6.670576212,8.090023261,503,19,442,36,522,478
1,1000,30,7.7,28,102,944,36,16,4,56,9.064347943,117,345,32.22232252,10.37167359,8.413930508,9.701885824,475,20,469,36,495,505
9,1000,30,7.7,28,20,947,21,14,18,53,7.535149634,87,292,29.9984921,9.265339179,7.060524899,8.019362748,481,24,466,29,505,495
11,1000,30,7.7,28,18,962,18,6,14,38,7.378949044,91,325,30.50370358,9.020360014,7.095713524,7.693256815,505,21,457,17,526,474
12,1000,30,7.7,28,18,947,19,16,18,53,7.926105215,95,303,30.22221538,9.398052081,7.284431763,8.602036388,493,20,454,33,513,487
14,1000,30,7.7,28,13,959,23,10,8,41,7.219354704,71,286,30.3834209,8.775337687,6.338717025,8.150728711,501,13,458,28,514,486
13,1000,30,7.7,28,19,949,19,17,15,51,7.758905485,106,300,30.43855766,9.21184237,7.091688725,8.423458705,482,17,467,34,499,501
15,1000,30,7.7,28,13,960,21,6,13,40,7.072398352,94,302,30.38610013,8.937180868,6.423504159,7.745080926,499,10,461,30,509,491
10,1000,30,7.7,28,20,949,26,15,10,51,7.317671893,107,286,30.34946884,9.223895777,6.660224638,8.035637305,504,18,445,33,522,478
9,1000,30,7.7,28,21,949,18,15,18,51,7.542807315,108,315,30.00878714,9.289111508,7.11069475,7.983649426,481,24,468,27,505,495
11,1000,30,7.7,28,19,962,18,6,14,38,7.412734136,112,334,30.49959556,9.02177787,7.148451242,7.70601009,505,21,457,17,526,474
1,1000,30,7.7,28,103,945,35,15,5,55,9.080902759,105,343,32.27585483,10.37108781,8.424371285,9.72443361,476,19,469,36,495,505
12,1000,30,7.7,28,19,948,19,15,18,52,7.921777484,92,315,30.24081195,9.409878403,7.26042557,8.618437713,494,19,454,33,513,487
14,1000,30,7.7,28,14,960,22,10,8,40,7.241933493,102,313,30.41191167,8.771176552,6.374292958,8.159561548,502,12,458,28,514,486
13,1000,30,7.7,28,20,949,20,16,15,51,7.75589877,96,310,30.4650604,9.241901008,7.122011384,8.387255667,482,17,467,34,499,501
10,1000,30,7.7,28,21,948,27,15,10,52,7.364819241,78,321,30.37466929,9.224222661,6.709920928,8.08000108,503,19,445,33,522,478
15,1000,30,7.7,28,14,961,21,5,13,39,7.098927469,89,304,30.4277746,8.957868169,6.465891331,7.755170633,499,10,462,29,509,491
9,1000,30,7.7,28,22,949,18,15,18,51,7.591568638,104,318,30.01171896,9.309317535,7.139138589,8.053138688,481,24,468,27,505,495
11,1000,30,7.7,28,20,961,19,6,14,39,7.422981419,97,322,30.53024928,9.016620968,7.14945199,7.726518296,505,21,456,18,526,474
1,1000,30,7.7,28,104,945,35,15,5,55,9.110260065,92,334,32.31988245,10.37706861,8.448636281,9.758782387,476,19,469,36,495,505
16,1000,30,7.7,28,0,948,28,13,11,52,7.102,86,326,30.06632132,8.736359203,6.3187251,7.891566265,489,13,459,39,502,498
12,1000,30,7.7,28,20,947,19,16,18,53,7.933592433,105,291,30.26114258,9.440658066,7.259851597,8.643303006,493,20,454,33,513,487
14,1000,30,7.7,28,15,960,22,10,8,40,7.256133976,94,322,30.42505881,8.78217092,6.407686442,8.15346326,502,12,458,28,514,486
13,1000,30,7.7,28,21,949,20,16,15,51,7.799568434,109,324,30.55861395,9.265710811,7.158779222,8.437799606,482,17,467,34,499,501
15,1000,30,7.7,28,15,961,21,5,13,39,7.104118874,103,303,30.43294823,8.973322386,6.456238092,7.775750886,499,10,462,29,509,491
9,1000,30,7.7,28,23,949,18,15,18,51,7.663055642,98,317,30.02012926,9.322936951,7.190445334,8.145213633,481,24,468,27,505,495
10,1000,30,7.7,28,22,949,26,16,9,51,7.381046935,109,315,30.39233115,9.238187554,6.788347413,8.028304572,502,20,447,31,522,478
11,1000,30,7.7,28,21,963,18,6,13,37,7.448188089,104,326,30.53832603,9.020836506,7.18675397,7.738302745,506,20,457,17,526,474
14,1000,30,7.7,28,16,961,22,9,8,39,7.246765122,103,306,30.43303763,8.802625728,6.42420484,8.116715709,502,12,459,27,514,486
12,1000,30,7.7,28,21,947,20,16,17,53,7.929517278,104,301,30.28157609,9.478883305,7.278387921,8.615409189,493,20,454,33,513,487
16,1000,30,7.7,28,1,947,29,14,10,53,7.105944129,95,306,30.07384268,8.756917907,6.310989665,7.907283769,489,13,458,40,502,498
13,1000,30,7.7,28,22,947,23,16,14,53,7.81079465,97,319,30.59083053,9.277235314,7.222258594,8.396981261,479,20,468,33,499,501
15,1000,30,7.7,28,16,962,21,5,12,38,7.097742788,90,309,30.44464245,8.965575378,6.424451145,7.79571722,500,9,462,29,509,491
10,1000,30,7.7,28,23,949,27,16,8,51,7.383376702,86,304,30.4176175,9.248011458,6.811948499,8.00740499,502,20,447,31,522,478
9,1000,30,7.7,28,24,948,19,15,18,52,7.695631401,97,308,30.03878272,9.349613405,7.231056785,8.169591362,481,24,467,28,505,495
11,1000,30,7.7,28,22,964,17,6,13,36,7.455080204,109,306,30.56912977,9.02720355,7.193594676,7.745251908,507,19,457,17,526,474
12,1000,30,7.7,28,22,947,20,15,18,53,7.939353942,92,297,30.33282639,9.484556455,7.298691833,8.614219779,493,20,454,33,513,487
14,1000,30,7.7,28,17,961,22,9,8,39,7.294601572,90,299,30.45237161,8.821906758,6.466211193,8.170718146,502,12,459,27,514,486
15,1000,30,7.7,28,17,964,19,5,12,36,7.089270344,112,287,30.47555422,8.974883092,6.410127122,7.793310872,500,9,464,27,509,491
13,1000,30,7.7,28,23,946,25,16,13,54,7.842858326,86,327,30.60041531,9.31228165,7.282144338,8.401333934,478,21,468,33,499,501
10,1000,30,7.7,28,24,950,24,18,8,50,7.389424325,85,327,30.42974071,9.238968552,6.794833919,8.038746903,502,20,448,30,522,478
9,1000,30,7.7,28,25,950,17,15,18,50,7.687711856,105,311,30.07588298,9.366400211,7.199821513,8.18545857,483,22,467,28,505,495
11,1000,30,7.7,28,23,964,17,6,13,36,7.494765981,94,306,30.60981741,9.050608712,7.228939673,7.789754668,507,19,457,17,526,474
16,1000,30,7.7,28,2,946,28,16,10,54,7.169905844,78,299,30.0841602,8.761799061,6.368804933,7.977441299,489,13,457,41,502,498
14,1000,30,7.7,28,18,962,21,9,8,38,7.313073778,100,344,30.46870624,8.864335872,6.495798329,8.177435054,502,12,460,26,514,486
12,1000,30,7.7,28,23,946,21,14,19,54,7.995028333,93,297,30.36915357,9.48850251,7.324619306,8.701229217,493,20,453,34,513,487
13,1000,30,7.7,28,24,948,24,15,13,52,7.840069018,101,308,30.61448549,9.327629378,7.257731382,8.420081952,480,19,468,33,499,501
15,1000,30,7.7,28,18,964,19,5,12,36,7.093237286,126,311,30.48681056,8.987054301,6.419295403,7.791885797,500,9,464,27,509,491
10,1000,30,7.7,28,25,951,24,18,7,49,7.381980333,115,323,30.42844872,9.257855268,6.748098064,8.074211597,502,20,449,29,522,478
9,1000,30,7.7,28,26,950,17,14,19,50,7.702206758,97,299,30.10178002,9.382077563,7.207217145,8.207196161,483,22,467,28,505,495
11,1000,30,7.7,28,24,964,17,6,13,36,7.522104455,94,289,30.6273702,9.06040476,7.270474724,7.801339135,507,19,457,17,526,474
16,1000,30,7.7,28,3,946,29,16,9,54,7.201200429,104,329,30.11989873,8.774473091,6.39471448,8.014164176,489,13,457,41,502,498
14,1000,30,7.7,28,19,959,24,9,8,41,7.34912606,100,302,30.49273353,8.870476389,6.523621443,8.222190614,502,12,457,29,514,486
12,1000,30,7.7,28,24,945,24,14,17,55,7.988003583,111,307,30.39235751,9.502947973,7.341273499,8.669261351,493,20,452,35,513,487
13,1000,30,7.7,28,25,949,24,14,13,51,7.861038863,86,316,30.61662763,9.328783533,7.291175557,8.428627266,480,19,469,32,499,501
15,1000,30,7.7,28,19,964,19,5,12,36,7.129666427,88,300,30.52084229,9.015244795,6.460415994,7.823451499,500,9,464,27,509,491
10,1000,30,7.7,28,26,950,25,18,7,50,7.400314369,92,330,30.41746524,9.261079135,6.756625562,8.103254866,502,20,448,30,522,478
9,1000,30,7.7,28,27,952,15,14,19,48,7.690970121,110,278,30.13045249,9.398341306,7.218090922,8.173402435,484,21,468,27,505,495
11,1000,30,7.7,28,25,964,17,6,13,36,7.55424721,99,313,30.64086202,9.084391091,7.275038536,7.864086371,507,19,457,17,526,474
14,1000,30,7.7,28,20,960,23,9,8,40,7.343260072,107,310,30.52752663,8.885542458,6.500348749,8.234734187,503,11,457,29,514,486
16,1000,30,7.7,28,4,948,27,16,9,52,7.219779045,90,284,30.14758776,8.78955607,6.436251211,8.009600276,489,13,459,39,502,498
12,1000,30,7.7,28,25,943,26,14,17,57,8.032416082,83,316,30.41036764,9.521719694,7.364899414,8.73557019,493,20,450,37,513,487
13,1000,30,7.7,28,26,948,25,14,13,52,7.909981467,95,303,30.62722126,9.34245321,7.350804969,8.466925723,480,19,468,33,499,501
15,1000,30,7.7,28,20,964,19,5,12,36,7.17146479,84,290,30.54068977,9.057109096,6.474517983,7.893961582,500,9,464,27,509,491
10,1000,30,7.7,28,27,950,25,18,7,50,7.431827624,109,291,30.44189387,9.28791652,6.762829443,8.162407227,502,20,448,30,522,478
9,1000,30,7.7,28,28,951,16,14,19,49,7.739042002,100,342,30.1428169,9.40928346,7.286607956,8.200616129,483,22,468,27,505,495
11,1000,30,7.7,28,26,963,17,7,13,37,7.593431729,92,323,30.66377033,9.077767936,7.321738475,7.894930995,507,19,456,18,526,474
14,1000,30,7.7,28,21,960,23,9,8,40,7.389957097,89,306,30.53483905,8.906928283,6.55891538,8.268877761,503,11,457,29,514,486
12,1000,30,7.7,28,26,942,27,13,18,58,8.055509972,97,319,30.42578772,9.516699935,7.383987978,8.762883244,493,20,449,38,513,487
13,1000,30,7.7,28,27,947,26,14,13,53,7.970803736,88,312,30.67349201,9.349638676,7.4212736,8.518140139,480,19,467,34,499,501
10,1000,30,7.7,28,28,950,25,19,6,50,7.464454608,83,322,30.48144927,9.295559667,6.783874894,8.207681827,502,20,448,30,522,478
15,1000,30,7.7,28,21,964,18,6,12,36,7.197639931,93,313,30.55977848,9.057163466,6.453258122,7.969310686,501,8,463,28,509,491
16,1000,30,7.7,28,5,949,27,15,9,51,7.220255457,109,304,30.15625418,8.801439788,6.481626796,7.964816879,489,13,460,38,502,498
9,1000,30,7.7,28,29,952,16,15,17,48,7.705503107,108,317,30.15314242,9.42301576,7.248360349,8.171881072,484,21,468,27,505,495
11,1000,30,7.7,28,27,963,17,7,13,37,7.61459971,106,302,30.67548387,9.100169532,7.376024236,7.87934802,506,20,457,17,526,474
14,1000,30,7.7,28,22,959,25,9,7,41,7.405704978,80,295,30.55402088,8.924507226,6.593182355,8.265039603,503,11,456,30,514,486
12,1000,30,7.7,28,27,942,27,13,18,58,8.082175838,102,299,30.46743507,9.512989601,7.395309778,8.805712364,494,19,448,39,513,487
13,1000,30,7.7,28,28,948,25,14,13,52,7.962502283,86,326,30.67768842,9.346126185,7.43116631,8.491717154,481,18,467,34,499,501
15,1000,30,7.7,28,22,965,18,5,12,35,7.203288088,91,322,30.57283825,9.080657974,6.469031577,7.964462353,502,7,463,28,509,491
10,1000,30,7.7,28,29,951,26,17,6,49,7.448592727,88,319,30.50497795,9.314904945,6.794047169,8.163389341,502,20,449,29,522,478
9,1000,30,7.7,28,30,954,15,13,18,46,7.705183582,100,315,30.15318561,9.430656757,7.241100983,8.178641587,485,20,469,26,505,495
16,1000,30,7.7,28,6,950,26,15,9,50,7.267450812,90,331,30.17390568,8.82237264,6.509353074,8.031637688,489,13,461,37,502,498
11,1000,30,7.7,28,28,962,19,7,12,38,7.630514537,114,319,30.6940547,9.112513816,7.391451964,7.895803385,505,21,457,17,526,474
14,1000,30,7.7,28,23,957,27,9,7,43,7.451342311,91,326,30.56305966,8.934347563,6.646886884,8.302144964,503,11,454,32,514,486
12,1000,30,7.7,28,28,940,30,13,17,60,8.074158084,103,294,30.46714161,9.518962493,7.420974272,8.762214134,493,20,447,40,513,487
13,1000,30,7.7,28,29,949,25,13,13,51,7.960108296,92,312,30.68728918,9.365235677,7.41653383,8.501512804,482,17,467,34,499,501
10,1000,30,7.7,28,30,952,25,17,6,48,7.453667151,96,324,30.50812852,9.326270069,6.770476786,8.199745331,503,19,449,29,522,478
15,1000,30,7.7,28,23,966,17,5,12,34,7.229374425,89,308,30.60947437,9.094308031,6.457967079,8.02906147,503,6,463,28,509,491
9,1000,30,7.7,28,31,954,15,13,18,46,7.706768281,105,323,30.15685203,9.428817341,7.243196116,8.179705541,485,20,469,26,505,495
11,1000,30,7.7,28,29,963,18,7,12,37,7.644453395,100,318,30.6978414,9.124894467,7.388002752,7.929037865,506,20,457,17,526,474
16,1000,30,7.7,28,7,949,27,15,9,51,7.28513035,95,282,30.19548955,8.833765271,6.53422343,8.04206865,488,14,461,37,502,498
14,1000,30,7.7,28,24,957,27,10,6,43,7.472068365,98,297,30.54363275,8.943411186,6.677049236,8.312891065,503,11,454,32,514,486
13,1000,30,7.7,28,30,949,25,13,13,51,7.971951773,84,284,30.71220949,9.383105636,7.421269906,8.520435308,482,17,467,34,499,501
12,1000,30,7.7,28,29,940,30,13,17,60,8.124560403,100,310,30.50957952,9.538019586,7.473593228,8.810281472,493,20,447,40,513,487
10,1000,30,7.7,28,31,951,26,17,6,49,7.487659744,95,316,30.5245491,9.347824983,6.81064913,8.226989326,502,20,449,29,522,478
15,1000,30,7.7,28,24,966,17,5,12,34,7.246793407,97,305,30.64412067,9.089656691,6.455409209,8.067189653,503,6,463,28,509,491
9,1000,30,7.7,28,32,957,15,11,17,43,7.684318643,93,313,30.18610907,9.434755406,7.265235272,8.111868345,485,20,472,23,505,495
11,1000,30,7.7,28,30,965,16,7,12,35,7.665468156,92,297,30.71348009,9.132237001,7.432127231,7.924407665,507,19,458,16,526,474
14,1000,30,7.7,28,25,958,25,11,6,42,7.490302144,99,300,30.55795122,8.956997338,6.734160378,8.290007633,503,11,455,31,514,486
16,1000,30,7.7,28,8,950,27,14,9,50,7.277100657,96,325,30.22555261,8.861878376,6.541905969,8.018200524,488,14,462,36,502,498
12,1000,30,7.7,28,30,942,29,12,17,58,8.153545306,102,301,30.52576203,9.561149811,7.502368781,8.839486902,493,20,449,38,513,487
13,1000,30,7.7,28,31,951,26,11,12,49,7.936227452,109,323,30.73602481,9.398512198,7.385911981,8.484346054,484,15,467,34,499,501
15,1000,30,7.7,28,25,967,17,4,12,33,7.280960191,91,315,30.68882395,9.106261018,6.49431056,8.096448303,503,6,464,27,509,491
10,1000,30,7.7,28,32,952,25,17,6,48,7.524002918,100,296,30.54087094,9.342976081,6.83232892,8.279345653,503,19,449,29,522,478
9,1000,30,7.7,28,33,957,15,12,16,43,7.722993437,101,307,30.22250011,9.454999099,7.274973725,8.180064052,485,20,472,23,505,495
11,1000,30,7.7,28,31,965,15,8,12,35,7.672688439,102,312,30.72098872,9.153821861,7.431382933,7.940466278,507,19,458,16,526,474
14,1000,30,7.7,28,26,957,26,11,6,43,7.50813642,96,312,30.60480852,8.97557631,6.728452372,8.332740537,503,11,454,32,514,486
12,1000,30,7.7,28,31,943,27,13,17,57,8.147403064,105,294,30.52487613,9.574927189,7.525377344,8.802637549,493,20,450,37,513,487
13,1000,30,7.7,28,32,952,25,11,12,48,7.931376155,103,319,30.75958941,9.40545205,7.367632877,8.492868961,485,14,467,34,499,501
16,1000,30,7.7,28,9,951,26,14,9,49,7.29090339,96,306,30.2870511,8.869033702,6.577181197,8.010358292,488,14,463,35,502,498
9,1000,30,7.7,28,34,957,15,14,14,43,7.718060611,101,296,30.22398235,9.475222598,7.313958736,8.13032616,485,20,472,23,505,495
15,1000,30,7.7,28,26,967,17,4,12,33,7.303600498,102,326,30.72563974,9.125315814,6.516142822,8.119926276,503,6,464,27,509,491
10,1000,30,7.7,28,33,954,24,15,7,46,7.562130382,79,308,30.56933143,9.362284116,6.913510275,8.270456105,503,19,451,27,522,478
11,1000,30,7.7,28,32,965,16,8,11,35,7.692283944,85,294,30.75609673,9.162403981,7.463128509,7.946578793,507,19,458,16,526,474
14,1000,30,7.7,28,27,957,26,11,6,43,7.506855637,110,303,30.62475485,8.973362159,6.731859658,8.32650159,503,11,454,32,514,486
12,1000,30,7.7,28,32,944,25,13,18,56,8.161430008,115,291,30.53475873,9.570236862,7.529183111,8.82743136,493,20,451,36,513,487
13,1000,30,7.7,28,33,951,26,11,12,49,7.962300858,94,305,30.7663936,9.417973134,7.409599173,8.51279615,483,16,468,33,499,501
9,1000,30,7.7,28,35,956,16,14,14,44,7.758922159,85,309,30.23356594,9.498757784,7.337841764,8.188509228,485,20,471,24,505,495
10,1000,30,7.7,28,34,956,23,15,6,44,7.539791862,87,314,30.6052296,9.381526004,6.87136974,8.269742379,503,19,453,25,522,478
15,1000,30,7.7,28,27,967,17,4,12,33,7.332484185,78,328,30.71177457,9.124916525,6.536619781,8.15752488,503,6,464,27,509,491
16,1000,30,7.7,28,10,950,27,14,9,50,7.310073505,92,333,30.29859574,8.878637778,6.602608972,8.023220485,488,14,462,36,502,498
11,1000,30,7.7,28,33,964,16,9,11,36,7.744331776,101,302,30.78137438,9.160026162,7.533289645,7.978526207,506,20,458,16,526,474
14,1000,30,7.7,28,28,956,26,11,7,44,7.541676451,94,314,30.64484171,8.965581035,6.780228163,8.346994187,503,11,453,33,514,486
12,1000,30,7.7,28,33,945,25,13,17,55,8.182556408,90,330,30.55205025,9.591018484,7.577770136,8.819631065,493,20,452,35,513,487
13,1000,30,7.7,28,34,951,26,11,12,49,7.965140801,76,309,30.79669768,9.424822652,7.443445756,8.484753232,483,16,468,33,499,501
9,1000,30,7.7,28,36,955,17,14,14,45,7.759212169,78,292,30.25723318,9.510458104,7.368921178,8.157387827,484,21,471,24,505,495
10,1000,30,7.7,28,35,956,23,15,6,44,7.561893009,83,342,30.60461951,9.382261966,6.917597417,8.265496145,503,19,453,25,522,478
15,1000,30,7.7,28,28,969,17,4,10,31,7.340283511,89,294,30.74420761,9.160241343,6.571976743,8.136756312,503,6,466,25,509,491
11,1000,30,7.7,28,34,963,18,9,10,37,7.788785176,87,339,30.78970538,9.187704517,7.585177961,8.014729047,505,21,458,16,526,474
14,1000,30,7.7,28,29,956,26,11,7,44,7.560873763,99,313,30.64409225,8.966011567,6.80740428,8.357753011,504,10,452,34,514,486
16,1000,30,7.7,28,11,950,27,15,8,50,7.340353877,83,285,30.33418409,8.900515217,6.659827643,8.026346186,489,13,461,37,502,498
12,1000,30,7.7,28,34,947,24,13,16,53,8.213363763,95,306,30.57801561,9.599305955,7.614741846,8.84394496,494,19,453,34,513,487
13,1000,30,7.7,28,35,950,27,11,12,50,7.987187363,103,313,30.80039847,9.41969564,7.476096669,8.496237775,483,16,467,34,499,501
9,1000,30,7.7,28,37,955,17,14,14,45,7.792190671,108,291,30.29488663,9.521301124,7.382030806,8.210636595,485,20,470,25,505,495
10,1000,30,7.7,28,36,954,26,15,5,46,7.609615641,99,297,30.61899658,9.391647065,6.96961576,8.308527644,502,20,452,26,522,478
15,1000,30,7.7,28,29,969,18,3,10,31,7.34605518,99,301,30.75427124,9.163914857,6.580259768,8.139924559,503,6,466,25,509,491
14,1000,30,7.7,28,30,955,27,11,7,45,7.580984519,93,301,30.65756869,8.996721494,6.821667735,8.384047948,504,10,451,35,514,486
11,1000,30,7.7,28,35,964,18,8,10,36,7.813819484,94,307,30.83997981,9.198371543,7.603051217,8.047710008,506,20,458,16,526,474
12,1000,30,7.7,28,35,947,22,16,15,53,8.255807244,102,319,30.61024591,9.60458515,7.656402425,8.887213142,494,19,453,34,513,487
9,1000,30,7.7,28,38,957,16,13,14,43,7.794429726,93,308,30.29344476,9.531451014,7.369825088,8.227612235,486,19,471,24,505,495
16,1000,30,7.7,28,12,949,29,14,8,51,7.352267108,86,313,30.36730303,8.920151102,6.704979271,8.004754043,488,14,461,37,502,498
13,1000,30,7.7,28,36,951,26,12,11,49,7.974592042,93,327,30.82562589,9.443236291,7.481570331,8.465645602,483,16,468,33,499,501
10,1000,30,7.7,28,37,954,25,16,5,46,7.619924619,103,348,30.64567156,9.408507391,6.95767979,8.343129224,502,20,452,26,522,478
14,1000,30,7.7,28,31,955,29,10,6,45,7.602817687,99,279,30.67285011,8.990776268,6.882207334,8.364944687,504,10,451,35,514,486
11,1000,30,7.7,28,36,964,18,8,10,36,7.834155848,106,323,30.84976565,9.219880914,7.636922881,8.053026186,506,20,458,16,526,474
15,1000,30,7.7,28,30,971,16,3,10,29,7.371256958,107,320,30.78603477,9.189019898,6.610288556,8.160122367,504,5,467,24,509,491
12,1000,30,7.7,28,36,946,23,16,15,54,8.288851396,79,344,30.66797139,9.607556595,7.684990008,8.924951789,494,19,452,35,513,487
9,1000,30,7.7,28,39,958,16,12,14,42,7.806747382,104,300,30.2969835,9.530466514,7.349813066,8.272912695,486,19,472,23,505,495
13,1000,30,7.7,28,37,952,25,12,11,48,8.024031131,98,332,30.88088349,9.474949893,7.542634525,8.503505994,484,15,468,33,499,501
10,1000,30,7.7,28,38,954,25,16,5,46,7.663861642,95,291,30.64431016,9.440767247,7.009658603,8.378284208,502,20,452,26,522,478
16,1000,30,7.7,28,13,950,28,14,8,50,7.373310764,88,314,30.37055843,8.947649653,6.720542628,8.031322018,488,14,462,36,502,498
14,1000,30,7.7,28,32,956,28,10,6,44,7.635810505,92,358,30.70172482,9.00234408,6.933173958,8.378928169,504,10,452,34,514,486
11,1000,30,7.7,28,37,965,18,8,9,35,7.86670641,102,302,30.87164886,9.239728604,7.670712381,8.084201893,507,19,458,16,526,474
15,1000,30,7.7,28,31,970,17,3,10,30,7.407329916,107,306,30.8205311,9.204854864,6.68661831,8.154462721,503,6,467,24,509,491
12,1000,30,7.7,28,37,948,20,17,15,52,8.291910206,93,306,30.6873243,9.619093922,7.716662286,8.897869514,494,19,454,33,513,487
9,1000,30,7.7,28,40,956,18,12,14,44,7.836181388,109,280,30.35819357,9.543983101,7.388251493,8.293160371,484,21,472,23,505,495
13,1000,30,7.7,28,38,952,25,12,11,48,8.039407995,99,322,30.90624801,9.485417264,7.568723131,8.508213878,484,15,468,33,499,501
10,1000,30,7.7,28,39,956,24,15,5,44,7.672158515,105,331,30.63869371,9.43219961,7.039495777,8.363057989,502,20,454,24,522,478
14,1000,30,7.7,28,33,958,27,9,6,42,7.602639669,84,323,30.7360638,9.001102271,6.929117306,8.314965789,504,10,454,32,514,486
11,1000,30,7.7,28,38,966,17,8,9,34,7.896643354,101,299,30.89953477,9.236388006,7.717601497,8.095326934,507,19,459,15,526,474
16,1000,30,7.7,28,14,948,29,15,8,52,7.43388916,85,300,30.40204352,8.955000009,6.831245583,8.041373249,486,16,462,36,502,498
12,1000,30,7.7,28,38,949,20,15,16,51,8.318075723,89,323,30.72336691,9.620484968,7.736872184,8.930308608,494,19,455,32,513,487
9,1000,30,7.7,28,41,957,17,12,14,43,7.841947485,94,313,30.38334164,9.562310851,7.431042619,8.261153459,484,21,473,22,505,495
15,1000,30,7.7,28,32,971,16,3,10,29,7.415630724,95,294,30.85493577,9.202828857,6.697198488,8.160400599,504,5,467,24,509,491
13,1000,30,7.7,28,39,953,24,12,11,47,8.047999063,103,313,30.94268505,9.498599124,7.603038717,8.491183121,484,15,469,32,499,501
10,1000,30,7.7,28,40,955,26,14,5,45,7.678418554,94,289,30.66440596,9.440789881,7.056526453,8.357555953,503,19,452,26,522,478
14,1000,30,7.7,28,34,958,27,9,6,42,7.622891554,109,304,30.75771282,9.018874732,6.951113907,8.33337244,504,10,454,32,514,486
11,1000,30,7.7,28,39,964,19,8,9,36,7.942100819,105,318,30.90057736,9.242758973,7.770452475,8.132579783,506,20,458,16,526,474
12,1000,30,7.7,28,39,949,21,15,15,51,8.35415975,83,316,30.72318906,9.630888276,7.748755275,8.991885615,495,18,454,33,513,487
9,1000,30,7.7,28,42,958,16,12,14,42,7.843418056,101,302,30.41388672,9.583054128,7.429837573,8.265353701,485,20,473,22,505,495
16,1000,30,7.7,28,15,949,28,15,8,51,7.471058646,84,335,30.40718399,8.951171615,6.879441894,8.06742734,486,16,463,35,502,498
15,1000,30,7.7,28,33,971,16,3,10,29,7.434400746,101,314,30.87976983,9.226754053,6.703490356,8.192106222,504,5,467,24,509,491
13,1000,30,7.7,28,40,953,22,14,11,47,8.080624239,101,339,30.97746945,9.519344952,7.647022702,8.512494832,484,15,469,32,499,501
10,1000,30,7.7,28,41,956,26,13,5,44,7.661231678,99,307,30.67591998,9.465182793,7.025713803,8.355249107,504,18,452,26,522,478
14,1000,30,7.7,28,35,958,27,9,6,42,7.662108971,102,312,30.79637918,9.027670175,6.998429346,8.364025283,504,10,454,32,514,486
11,1000,30,7.7,28,40,965,18,8,9,35,7.978946933,106,298,30.94325443,9.27182607,7.797494244,8.180305824,507,19,458,16,526,474
12,1000,30,7.7,28,40,948,22,15,15,52,8.37388604,98,306,30.73144338,9.656429668,7.723939239,9.058532259,494,19,454,33,513,487
9,1000,30,7.7,28,43,957,17,12,14,43,7.866829815,101,320,30.42805323,9.601875753,7.452545852,8.289483152,484,21,473,22,505,495
15,1000,30,7.7,28,34,970,17,3,10,30,7.440384293,97,293,30.90692578,9.250106194,6.731550007,8.175204357,503,6,467,24,509,491
16,1000,30,7.7,28,16,951,28,13,8,49,7.453920532,92,317,30.43406143,8.996794929,6.912221656,7.999970404,486,16,465,33,502,498
13,1000,30,7.7,28,41,952,23,15,10,48,8.087793224,90,309,30.99857841,9.528953405,7.61318982,8.560502003,484,15,468,33,499,501
10,1000,30,7.7,28,42,958,24,13,5,42,7.670902712,111,328,30.69670296,9.488987416,7.050871033,8.348008438,504,18,454,24,522,478
14,1000,30,7.7,28,36,957,27,10,6,43,7.72157645,100,318,30.81726293,9.030132061,7.04884361,8.43306756,503,11,454,32,514,486
11,1000,30,7.7,28,41,966,18,7,9,34,7.990185418,101,347,30.96525247,9.277783201,7.793875205,8.208031772,508,18,458,16,526,474
12,1000,30,7.7,28,41,948,22,14,16,52,8.414124768,90,324,30.73003413,9.683101206,7.776877565,9.085393383,494,19,454,33,513,487
9,1000,30,7.7,28,44,957,17,12,14,43,7.891704452,95,298,30.42014561,9.629400588,7.469318145,8.322623815,484,21,473,22,505,495
15,1000,30,7.7,28,35,970,17,3,10,30,7.482512532,100,319,30.8990316,9.266771239,6.762609248,8.228807382,503,6,467,24,509,491
13,1000,30,7.7,28,42,953,22,15,10,47,8.075878564,89,333,31.01526302,9.538199032,7.609320354,8.540574266,485,14,468,33,499,501
16,1000,30,7.7,28,17,953,28,11,8,47,7.492622303,94,302,30.4586583,9.006432205,6.997966909,7.991250832,486,16,467,31,502,498
10,1000,30,7.7,28,43,956,26,13,5,44,7.705070357,86,329,30.71445248,9.500400273,7.08885802,8.378005169,503,19,453,25,522,478
14,1000,30,7.7,28,37,959,25,10,6,41,7.737687463,94,322,30.80214159,9.044825924,7.058572355,8.455928545,504,10,455,31,514,486
11,1000,30,7.7,28,42,966,18,7,9,34,8.027110056,94,283,30.97803549,9.296295848,7.816615529,8.260696809,508,18,458,16,526,474
12,1000,30,7.7,28,42,946,22,16,16,54,8.439016587,109,310,30.7697609,9.699101934,7.795240652,9.11716249,493,20,453,34,513,487
9,1000,30,7.7,28,45,959,17,11,13,41,7.866760992,88,298,30.45929576,9.646785043,7.434914124,8.307332039,485,20,474,21,505,495
15,1000,30,7.7,28,36,969,18,3,10,31,7.497947058,119,298,30.92275596,9.286866624,6.769601032,8.252994161,503,6,466,25,509,491
13,1000,30,7.7,28,43,953,22,15,10,47,8.09788968,98,301,31.01697601,9.550738999,7.653309167,8.540695421,485,14,468,33,499,501
10,1000,30,7.7,28,44,956,26,13,5,44,7.738071497,103,320,30.75513307,9.512878912,7.103257041,8.431320757,503,19,453,25,522,478
16,1000,30,7.7,28,18,953,28,11,8,47,7.545376074,97,294,30.46370271,9.020880265,7.01486817,8.080145085,486,16,467,31,502,498
14,1000,30,7.7,28,38,959,25,10,6,41,7.755584889,93,300,30.83866776,9.065743707,7.075188502,8.475181068,504,10,455,31,514,486
11,1000,30,7.7,28,43,966,19,7,8,34,8.027676332,93,318,30.99800242,9.315347821,7.838638593,8.237452389,508,18,458,16,526,474
12,1000,30,7.7,28,43,946,23,15,16,54,8.493479343,94,338,30.76438548,9.705336476,7.875622472,9.144322413,492,21,454,33,513,487
9,1000,30,7.7,28,46,959,17,11,13,41,7.892725127,114,300,30.46695007,9.656196339,7.451247656,8.343121335,485,20,474,21,505,495
15,1000,30,7.7,28,37,970,18,3,9,30,7.500245086,112,293,30.9630967,9.2956222,6.792168417,8.234279758,503,6,467,24,509,491
13,1000,30,7.7,28,44,953,24,13,10,47,8.10684237,92,323,31.03514032,9.549754607,7.654299945,8.557578239,483,16,470,31,499,501
10,1000,30,7.7,28,45,959,25,11,5,41,7.716038935,113,349,30.76854462,9.512136555,7.116379108,8.370897574,503,19,456,22,522,478
14,1000,30,7.7,28,39,958,26,9,7,42,7.777453731,89,321,30.87199982,9.098999425,7.09454729,8.499704575,504,10,454,32,514,486
11,1000,30,7.7,28,44,965,20,7,8,35,8.039897787,98,313,31.03641516,9.325695447,7.856408724,8.243516451,507,19,458,16,526,474
16,1000,30,7.7,28,19,952,29,11,8,48,7.578827906,91,342,30.48851432,9.056112135,7.045547233,8.116391957,486,16,466,32,502,498
12,1000,30,7.7,28,44,945,25,15,15,55,8.499366853,107,320,30.77304867,9.713691094,7.877355516,9.154586188,492,21,453,34,513,487
9,1000,30,7.7,28,47,959,17,11,13,41,7.921089164,123,312,30.50151466,9.669111299,7.50748219,8.343051833,485,20,474,21,505,495
15,1000,30,7.7,28,38,969,19,3,9,31,7.551422761,90,324,30.98477884,9.296073408,6.816310288,8.313484368,503,6,466,25,509,491
13,1000,30,7.7,28,45,952,25,13,10,48,8.153102696,108,308,31.05694273,9.574684032,7.721937761,8.582546413,482,17,470,31,499,501
10,1000,30,7.7,28,46,958,26,11,5,42,7.71909222,108,317,30.75823352,9.533071658,7.11760119,8.375950625,502,20,456,22,522,478
14,1000,30,7.7,28,40,959,25,10,6,41,7.79831325,94,330,30.87197591,9.099179607,7.132735058,8.502237511,504,10,455,31,514,486
11,1000,30,7.7,28,45,965,19,8,8,35,8.080563807,100,299,31.04713389,9.340885102,7.899906136,8.281040463,506,20,459,15,526,474
12,1000,30,7.7,28,45,946,24,15,15,54,8.516782871,113,338,30.76899462,9.720371914,7.881175375,9.186324238,493,20,453,34,513,487
9,1000,30,7.7,28,48,959,17,11,13,41,7.944904797,109,305,30.51502305,9.687764406,7.523611615,8.374708953,485,20,474,21,505,495
16,1000,30,7.7,28,20,952,29,11,8,48,7.604140876,96,306,30.52145247,9.058291948,7.082519639,8.129951842,486,16,466,32,502,498
15,1000,30,7.7,28,39,969,19,3,9,31,7.592053649,98,293,31.01117664,9.284028274,6.860302847,8.350630346,503,6,466,25,509,491
13,1000,30,7.7,28,46,952,25,13,10,48,8.173070977,101,334,31.08602519,9.576464512,7.765911211,8.578605354,481,18,471,30,499,501
10,1000,30,7.7,28,47,958,26,11,5,42,7.743551913,88,326,30.79728591,9.528829242,7.143790772,8.398521193,502,20,456,22,522,478
14,1000,30,7.7,28,41,958,26,11,5,42,7.807884256,90,334,30.89032733,9.118061518,7.150679972,8.502952162,504,10,454,32,514,486
11,1000,30,7.7,28,46,965,19,8,8,35,8.103688059,105,342,31.06446603,9.358117798,7.928668937,8.297907592,506,20,459,15,526,474
12,1000,30,7.7,28,46,947,24,14,15,53,8.525397954,92,308,30.80434194,9.728372672,7.907636159,9.176140871,493,20,454,33,513,487
9,1000,30,7.7,28,49,959,16,10,15,41,7.962253645,117,299,30.54930526,9.704957868,7.571479232,8.36092249,485,20,474,21,505,495
16,1000,30,7.7,28,21,953,28,11,8,47,7.621082381,91,298,30.55314051,9.081920375,7.101071449,8.145270107,486,16,467,31,502,498
13,1000,30,7.7,28,47,951,26,13,10,49,8.189771772,89,313,31.0905996,9.577209473,7.79896213,8.579021296,480,19,471,30,499,501
15,1000,30,7.7,28,40,969,19,3,9,31,7.593843797,113,304,31.01772185,9.293287133,6.835225178,8.380273282,503,6,466,25,509,491
10,1000,30,7.7,28,48,961,23,11,5,39,7.723447503,115,346,30.8256466,9.540922415,7.143238365,8.357065015,503,19,458,20,522,478
14,1000,30,7.7,28,42,959,26,11,4,41,7.806603447,78,319,30.90722596,9.145440883,7.138577524,8.51311646,504,10,455,31,514,486
11,1000,30,7.7,28,47,965,19,8,8,35,8.113831292,108,310,31.08664314,9.370625126,7.923157668,8.325422698,506,20,459,15,526,474
12,1000,30,7.7,28,47,947,24,14,15,53,8.556447004,105,309,30.83952093,9.756563914,7.969579333,9.17464642,493,20,454,33,513,487
9,1000,30,7.7,28,50,960,16,9,15,40,7.977312168,96,313,30.55423041,9.702003537,7.631015163,8.330605073,485,20,475,20,505,495
13,1000,30,7.7,28,48,951,27,13,9,49,8.190475312,101,327,31.13032574,9.589988864,7.777323257,8.601978056,480,19,471,30,499,501
15,1000,30,7.7,28,41,969,19,3,9,31,7.609010354,97,324,31.01933269,9.309341991,6.866596438,8.378641073,503,6,466,25,509,491
10,1000,30,7.7,28,49,960,24,11,5,40,7.742081432,90,319,30.83155456,9.53216824,7.195055496,8.33946122,503,19,457,21,522,478
16,1000,30,7.7,28,22,954,28,10,8,46,7.623301528,94,285,30.57658644,9.113084275,7.146617975,8.103813866,486,16,468,30,502,498
14,1000,30,7.7,28,43,960,26,10,4,40,7.809599211,101,325,30.94277062,9.140880397,7.148012248,8.509302296,504,10,456,30,514,486
11,1000,30,7.7,28,48,965,19,8,8,35,8.116373216,98,312,31.10223452,9.36850372,7.909152542,8.34632696,506,20,459,15,526,474
12,1000,30,7.7,28,48,947,24,14,15,53,8.556537792,105,312,30.88974951,9.774964075,7.927307149,9.219361857,493,20,454,33,513,487
9,1000,30,7.7,28,51,960,15,10,15,40,7.997050572,104,319,30.56936638,9.713230077,7.609640038,8.392287581,485,20,475,20,505,495
13,1000,30,7.7,28,49,950,28,13,9,50,8.213560783,111,300,31.1375876,9.598375019,7.806184335,8.619310977,480,19,470,31,499,501
15,1000,30,7.7,28,42,969,19,3,9,31,7.621043739,103,314,31.05997248,9.328532009,6.876664804,8.392711516,503,6,466,25,509,491
10,1000,30,7.7,28,50,960,24,11,5,40,7.751969212,111,297,30.84161153,9.539421209,7.192303933,8.363151797,503,19,457,21,522,478
14,1000,30,7.7,28,44,961,26,9,4,39,7.845850958,92,323,30.945654,9.150437092,7.158069492,8.573257694,504,10,457,29,514,486
11,1000,30,7.7,28,49,964,20,8,8,36,8.124710686,99,332,31.12043513,9.374837057,7.960599031,8.306826152,505,21,459,15,526,474
16,1000,30,7.7,28,23,954,28,10,8,46,7.66058196,95,294,30.6233726,9.126238118,7.16892967,8.156183263,486,16,468,30,502,498
12,1000,30,7.7,28,49,947,24,14,15,53,8.614872678,90,303,30.91394308,9.777082014,7.97629151,9.287546475,493,20,454,33,513,487
9,1000,30,7.7,28,52,960,15,10,15,40,8.000811043,115,317,30.59940964,9.719560249,7.626106373,8.383085505,485,20,475,20,505,495
13,1000,30,7.7,28,50,950,27,14,9,50,8.226474416,94,329,31.15762453,9.602058354,7.775882501,8.675267562,481,18,469,32,499,501
10,1000,30,7.7,28,51,960,25,11,4,40,7.779974495,107,314,30.86270952,9.565683264,7.202021138,8.411128579,503,19,457,21,522,478
15,1000,30,7.7,28,43,967,21,3,9,33,7.619381558,105,307,31.08285625,9.355929938,6.886603886,8.37902277,502,7,465,26,509,491
14,1000,30,7.7,28,45,960,27,9,4,40,7.852224958,95,325,30.98372574,9.149959369,7.161865104,8.58235863,504,10,456,30,514,486
11,1000,30,7.7,28,50,964,20,8,8,36,8.152274527,104,310,31.12191309,9.38977049,7.987875857,8.334708494,505,21,459,15,526,474
12,1000,30,7.7,28,50,947,25,14,14,53,8.601406658,102,294,30.94554239,9.785058974,7.918187818,9.321101248,494,19,453,34,513,487
16,1000,30,7.7,28,24,956,28,8,8,44,7.65371525,81,303,30.65565213,9.130625757,7.144925537,8.166591627,487,15,469,29,502,498
9,1000,30,7.7,28,53,960,15,10,15,40,8.04549165,114,343,30.62724366,9.716696042,7.693707964,8.404382078,485,20,475,20,505,495
13,1000,30,7.7,28,51,948,29,14,9,52,8.249430204,85,315,31.1658716,9.604060534,7.762535807,8.734380911,481,18,467,34,499,501
10,1000,30,7.7,28,52,958,27,11,4,42,7.83222175,99,297,30.8962194,9.598215326,7.252454448,8.465356753,503,19,455,23,522,478
15,1000,30,7.7,28,44,967,21,3,9,33,7.64589766,94,316,31.1081192,9.372039431,6.903337549,8.415679933,502,7,465,26,509,491
14,1000,30,7.7,28,46,961,26,9,4,39,7.868887817,111,284,30.99736332,9.139741272,7.237742676,8.53639523,504,10,457,29,514,486
11,1000,30,7.7,28,51,964,20,8,8,36,8.16723766,82,313,31.14947686,9.396930677,8.035976142,8.312899175,504,22,460,14,526,474
12,1000,30,7.7,28,51,947,25,14,14,53,8.575491311,110,310,30.96040151,9.786972015,7.890788122,9.296749496,494,19,453,34,513,487
9,1000,30,7.7,28,54,960,16,10,14,40,8.037673164,100,329,30.63987016,9.716968264,7.695564829,8.386692778,485,20,475,20,505,495
16,1000,30,7.7,28,25,957,27,8,8,43,7.687235561,96,287,30.66240286,9.137706163,7.193290983,8.185147566,487,15,470,28,502,498
13,1000,30,7.7,28,52,948,29,14,9,52,8.229418127,86,310,31.20592854,9.6058783,7.746659791,8.710249285,481,18,467,34,499,501
10,1000,30,7.7,28,53,958,27,11,4,42,7.898355895,90,312,30.89976977,9.602146284,7.306299508,8.544911195,503,19,455,23,522,478
15,1000,30,7.7,28,45,967,20,4,9,33,7.691714685,92,308,31.11690373,9.381274355,6.936102292,8.475027737,502,7,465,26,509,491
14,1000,30,7.7,28,47,960,27,9,4,40,7.893603592,114,309,31.01790226,9.157004129,7.286207437,8.535993764,503,11,457,29,514,486
11,1000,30,7.7,28,52,964,20,8,8,36,8.180721582,100,323,31.20636162,9.409184822,8.080600313,8.29182662,504,22,460,14,526,474
12,1000,30,7.7,28,52,949,26,12,13,51,8.578601964,109,291,30.97883828,9.80032176,7.882998198,9.311342687,495,18,454,33,513,487
9,1000,30,7.7,28,55,960,15,11,14,40,8.046686209,99,317,30.67565766,9.719537186,7.768535035,8.330456598,484,21,476,19,505,495
13,1000,30,7.7,28,53,948,28,15,9,52,8.243259972,86,318,31.23804659,9.604198414,7.742929797,8.741592821,481,18,467,34,499,501
10,1000,30,7.7,28,54,959,26,11,4,41,7.934477678,101,308,30.91707016,9.594745229,7.388921797,8.530252093,503,19,456,22,522,478
16,1000,30,7.7,28,26,958,26,8,8,42,7.69939582,100,303,30.67864669,9.149696915,7.196793048,8.206035562,487,15,471,27,502,498
15,1000,30,7.7,28,46,965,22,4,9,35,7.724951915,103,324,31.12061269,9.414680637,6.95787186,8.520153031,501,8,464,27,509,491
14,1000,30,7.7,28,48,960,27,9,4,40,7.904742846,94,306,31.02474782,9.156174596,7.293921134,8.550755932,503,11,457,29,514,486
11,1000,30,7.7,28,53,963,21,8,8,37,8.174398298,97,349,31.21878016,9.409521808,8.081076961,8.277957419,504,22,459,15,526,474
12,1000,30,7.7,28,53,948,28,12,12,52,8.559610139,88,293,30.99401778,9.818334272,7.862703417,9.293723379,495,18,453,34,513,487
9,1000,30,7.7,28,56,960,14,13,13,40,8.070486853,104,318,30.70306918,9.728971667,7.775052432,8.371889646,483,22,477,18,505,495
13,1000,30,7.7,28,54,947,29,15,9,53,8.292354646,87,294,31.29386735,9.626394521,7.765135975,8.817468651,480,19,467,34,499,501
10,1000,30,7.7,28,55,958,27,11,4,42,7.96682179,106,322,30.96301021,9.625361848,7.442404601,8.53951169,502,20,456,22,522,478
15,1000,30,7.7,28,47,964,22,5,9,36,7.746014809,100,298,31.12958399,9.436247812,6.966782369,8.553813816,501,8,463,28,509,491
14,1000,30,7.7,28,49,959,28,9,4,41,7.94209515,91,316,31.03458942,9.158818946,7.35632626,8.561612043,502,12,457,29,514,486
16,1000,30,7.7,28,27,961,25,6,8,39,7.704126241,95,293,30.7085271,9.186481275,7.219594476,8.192549827,488,14,473,25,502,498
11,1000,30,7.7,28,54,962,22,8,8,38,8.180465236,93,307,31.24023627,9.420963874,8.101864514,8.267688821,504,22,458,16,526,474
12,1000,30,7.7,28,54,950,27,11,12,50,8.548033392,113,309,31.0318143,9.840231439,7.857998145,9.274908303,495,18,455,32,513,487
9,1000,30,7.7,28,57,959,15,13,13,41,8.107194336,109,323,30.74980196,9.750416318,7.836693898,8.383159429,482,23,477,18,505,495
13,1000,30,7.7,28,55,947,28,16,9,53,8.327486068,102,330,31.29715271,9.647402733,7.793951422,8.858890835,480,19,467,34,499,501
10,1000,30,7.7,28,56,957,28,11,4,43,7.980696006,102,304,30.98432893,9.644437784,7.442003008,8.568975806,501,21,456,22,522,478
15,1000,30,7.7,28,48,964,22,5,9,36,7.776785552,89,288,31.1583755,9.42886037,7.019955139,8.561361276,501,8,463,28,509,491
14,1000,30,7.7,28,50,958,28,10,4,42,7.980175339,95,335,31.05190008,9.161265396,7.422136651,8.570364405,502,12,456,30,514,486
11,1000,30,7.7,28,55,960,24,8,8,40,8.191315518,83,323,31.28474062,9.425749253,8.130945754,8.258308125,502,24,458,16,526,474
12,1000,30,7.7,28,55,949,28,11,12,51,8.56870518,107,329,31.07773663,9.859391146,7.879702399,9.294492503,495,18,454,33,513,487
16,1000,30,7.7,28,28,962,23,7,8,38,7.736737702,105,312,30.7214027,9.187592557,7.264366862,8.212902686,488,14,474,24,502,498
9,1000,30,7.7,28,58,960,15,13,12,40,8.106321822,105,321,30.75747888,9.740612131,7.838752951,8.379296124,483,22,477,18,505,495
13,1000,30,7.7,28,56,947,29,16,8,53,8.346129818,102,306,31.31211094,9.63301389,7.857555999,8.832753243,479,20,468,33,499,501
10,1000,30,7.7,28,57,956,29,11,4,44,7.961175315,92,293,30.99051139,9.658579403,7.438489494,8.531974476,500,22,456,22,522,478
14,1000,30,7.7,28,51,958,27,11,4,42,7.993889814,95,336,31.05803988,9.186569167,7.470614302,8.547312886,501,13,457,29,514,486
15,1000,30,7.7,28,49,964,22,5,9,36,7.775784798,101,312,31.20871368,9.42183613,7.048540093,8.529690204,500,9,464,27,509,491
11,1000,30,7.7,28,56,959,23,10,8,41,8.224733972,84,300,31.29800965,9.430618264,8.160109162,8.296448423,501,25,458,16,526,474
12,1000,30,7.7,28,56,950,27,11,12,50,8.58753891,100,336,31.09761976,9.8750347,7.897146869,9.314789665,495,18,455,32,513,487
9,1000,30,7.7,28,59,959,16,13,12,41,8.145292913,94,306,30.74306917,9.741186571,7.90557456,8.389854061,482,23,477,18,505,495
16,1000,30,7.7,28,29,961,24,7,8,39,7.760098695,90,311,30.73123765,9.189546416,7.322356074,8.201357322,488,14,473,25,502,498
13,1000,30,7.7,28,57,947,29,16,8,53,8.354310114,95,315,31.32621504,9.637699551,7.855643575,8.850985969,479,20,468,33,499,501
10,1000,30,7.7,28,58,956,28,12,4,44,7.981017386,79,320,30.99576734,9.669928351,7.447027527,8.564161124,500,22,456,22,522,478
14,1000,30,7.7,28,52,958,27,11,4,42,8.036285762,101,326,31.07959766,9.175348305,7.504920736,8.598264411,501,13,457,29,514,486
15,1000,30,7.7,28,50,963,24,4,9,37,7.795447092,105,296,31.2118387,9.417264135,7.080533853,8.536568962,499,10,464,27,509,491
11,1000,30,7.7,28,57,960,22,11,7,40,8.242771519,110,318,31.29647521,9.447123739,8.12688398,8.371372459,503,23,457,17,526,474
12,1000,30,7.7,28,57,950,28,11,11,50,8.618008875,100,291,31.0904656,9.865897343,7.917953606,9.355438757,496,17,454,33,513,487
9,1000,30,7.7,28,60,959,16,13,12,41,8.195989645,100,310,30.78317836,9.750061243,7.957549359,8.439246906,482,23,477,18,505,495
13,1000,30,7.7,28,58,948,28,16,8,52,8.373378457,90,315,31.32647493,9.652923768,7.892048447,8.85278699,479,20,469,32,499,501
10,1000,30,7.7,28,59,955,28,13,4,45,8.008143424,96,342,31.02968296,9.640229932,7.492441548,8.571315766,500,22,455,23,522,478
16,1000,30,7.7,28,30,960,25,7,8,40,7.774257445,93,349,30.73113641,9.207096878,7.375882108,8.175832584,487,15,473,25,502,498
14,1000,30,7.7,28,53,959,25,12,4,41,8.028096757,106,331,31.1082911,9.191394588,7.488779571,8.598485714,501,13,458,28,514,486
15,1000,30,7.7,28,51,963,24,4,9,37,7.830247695,89,321,31.25062801,9.419213762,7.119454497,8.567098486,499,10,464,27,509,491
11,1000,30,7.7,28,58,959,22,12,7,41,8.24603599,104,323,31.33540372,9.451043676,8.155009362,8.347048661,502,24,457,17,526,474
12,1000,30,7.7,28,58,947,31,11,11,53,8.63970932,115,318,31.14000438,9.854162115,7.940390357,9.376363586,495,18,452,35,513,487
9,1000,30,7.7,28,61,959,16,12,13,41,8.210660511,102,338,30.78518802,9.772574183,7.955016023,8.471469535,482,23,477,18,505,495
13,1000,30,7.7,28,59,947,29,16,8,53,8.401511666,107,307,31.3577465,9.672159661,7.897976823,8.903036389,479,20,468,33,499,501
10,1000,30,7.7,28,60,955,28,13,4,45,8.031175797,98,320,31.06244172,9.64226002,7.491530808,8.620495219,500,22,455,23,522,478
14,1000,30,7.7,28,54,959,25,12,4,41,8.061502972,103,285,31.11091451,9.188031464,7.512757343,8.641863576,501,13,458,28,514,486
15,1000,30,7.7,28,52,959,26,6,9,41,7.862466114,107,307,31.25830334,9.449886608,7.135723597,8.615850923,499,10,460,31,509,491
11,1000,30,7.7,28,59,960,22,11,7,40,8.247161559,78,333,31.34980893,9.46738821,8.161630344,8.342075945,502,24,458,16,526,474
16,1000,30,7.7,28,31,961,24,7,8,39,7.799706751,91,311,30.76156379,9.228662443,7.403080369,8.199518888,488,14,473,25,502,498
12,1000,30,7.7,28,59,947,31,11,11,53,8.641163769,93,303,31.14842865,9.850668746,7.954217137,9.364785169,495,18,452,35,513,487
9,1000,30,7.7,28,62,958,16,13,13,42,8.251467561,91,312,30.81131147,9.776293893,8.008430751,8.499414205,482,23,476,19,505,495
13,1000,30,7.7,28,60,946,30,16,8,54,8.422390887,92,346,31.37111597,9.680666699,7.909086559,8.933646096,479,20,467,34,499,501
10,1000,30,7.7,28,61,956,27,13,4,44,7.994648291,112,340,31.10862159,9.653833341,7.487508288,8.548470638,500,22,456,22,522,478
14,1000,30,7.7,28,55,959,25,12,4,41,8.091952546,77,335,31.14717419,9.182538191,7.55263442,8.662342499,501,13,458,28,514,486
15,1000,30,7.7,28,53,960,26,6,8,40,7.881617149,92,327,31.28167896,9.450975996,7.181223482,8.607687161,499,10,461,30,509,491
11,1000,30,7.7,28,60,961,21,11,7,39,8.250828139,96,326,31.37642725,9.494366892,8.1479782,8.364961194,502,24,459,15,526,474
12,1000,30,7.7,28,60,946,32,11,11,54,8.652745341,106,327,31.16398428,9.826643976,7.956609955,9.386046065,494,19,452,35,513,487
16,1000,30,7.7,28,32,961,24,7,8,39,7.828093368,91,295,30.79051553,9.227193523,7.405003932,8.254581113,488,14,473,25,502,498
9,1000,30,7.7,28,63,959,16,13,12,41,8.235181798,99,327,30.8744931,9.786407853,7.996506538,8.478678781,482,23,477,18,505,495
10,1000,30,7.7,28,62,956,27,13,4,44,8.004377092,110,341,31.11784817,9.657800681,7.503312981,8.55156426,500,22,456,22,522,478
13,1000,30,7.7,28,61,946,30,16,8,54,8.426492944,95,337,31.38009562,9.687627589,7.93349026,8.917527553,479,20,467,34,499,501
14,1000,30,7.7,28,56,958,26,12,4,42,8.131432828,89,309,31.1606149,9.198704334,7.599669289,8.69383295,501,13,457,29,514,486
15,1000,30,7.7,28,54,960,26,7,7,40,7.884674989,95,315,31.29840236,9.453537769,7.235353589,8.557800432,499,10,461,30,509,491
11,1000,30,7.7,28,61,961,21,11,7,39,8.268560701,100,320,31.38860517,9.533722095,8.153459328,8.396289228,502,24,459,15,526,474
12,1000,30,7.7,28,61,948,31,10,11,52,8.677387258,90,302,31.19220861,9.847493226,7.971130295,9.421349932,494,19,454,33,513,487
9,1000,30,7.7,28,64,959,17,12,12,41,8.25531909,99,332,30.87812816,9.803929375,8.009304843,8.506303321,483,22,476,19,505,495
16,1000,30,7.7,28,33,961,25,7,7,39,7.903365081,88,309,30.78686975,9.236049212,7.462826959,8.347441662,488,14,473,25,502,498
10,1000,30,7.7,28,63,956,27,13,4,44,8.046659606,105,301,31.14142903,9.669781311,7.557983056,8.580318935,500,22,456,22,522,478
13,1000,30,7.7,28,62,948,29,15,8,52,8.437753761,95,310,31.41581656,9.714480354,7.971712803,8.901934276,479,20,469,32,499,501
14,1000,30,7.7,28,57,956,28,12,4,44,8.17635831,106,309,31.18189924,9.229015047,7.651198101,8.731774663,500,14,456,30,514,486
15,1000,30,7.7,28,55,960,25,7,8,40,7.933273107,125,295,31.32959175,9.473318513,7.279848182,8.610652511,499,10,461,30,509,491
11,1000,30,7.7,28,62,960,22,11,7,40,8.282471789,93,299,31.42085327,9.525546346,8.163094386,8.414945447,501,25,459,15,526,474
12,1000,30,7.7,28,62,950,30,9,11,50,8.64268225,117,303,31.19985645,9.873955794,7.922246105,9.401581104,496,17,454,33,513,487
9,1000,30,7.7,28,65,959,17,12,12,41,8.283545286,93,301,30.87509067,9.813952971,8.034656128,8.537462508,483,22,476,19,505,495
13,1000,30,7.7,28,63,949,28,15,8,51,8.490512595,111,303,31.44028565,9.730492946,8.045195218,8.934052258,479,20,470,31,499,501
10,1000,30,7.7,28,64,955,28,13,4,45,8.082639478,101,312,31.14445178,9.683227289,7.599342625,8.610423908,499,23,456,22,522,478
16,1000,30,7.7,28,34,961,25,7,7,39,7.907691746,104,303,30.80168698,9.245354497,7.476501664,8.342345202,488,14,473,25,502,498
14,1000,30,7.7,28,58,957,28,11,4,43,8.203493352,92,298,31.22489404,9.23413474,7.699114372,8.736931202,500,14,457,29,514,486
15,1000,30,7.7,28,56,961,24,7,8,39,7.957541826,103,326,31.35411227,9.470619815,7.302516343,8.636580463,499,10,462,29,509,491
11,1000,30,7.7,28,63,960,23,11,6,40,8.292922329,97,303,31.44985159,9.54301256,8.136220139,8.466815476,501,25,459,15,526,474
12,1000,30,7.7,28,63,951,27,11,11,49,8.641822854,100,326,31.20497835,9.875572877,7.913200066,9.409345422,496,17,455,32,513,487
9,1000,30,7.7,28,66,959,16,13,12,41,8.325724278,101,333,30.91683772,9.843166597,8.044886459,8.612235589,483,22,476,19,505,495
13,1000,30,7.7,28,64,950,28,14,8,50,8.510702618,103,308,31.45988034,9.736695095,8.093054817,8.926683162,479,20,471,30,499,501
10,1000,30,7.7,28,65,957,28,12,3,43,8.100929629,109,283,31.17617656,9.692553075,7.685862343,8.554203947,499,23,458,20,522,478
14,1000,30,7.7,28,59,958,27,11,4,42,8.210989153,85,301,31.24844569,9.230582612,7.712134258,8.738584659,500,14,458,28,514,486
15,1000,30,7.7,28,57,961,25,6,8,39,7.991720284,87,325,31.36787352,9.484817102,7.375425361,8.630608504,498,11,463,28,509,491
16,1000,30,7.7,28,35,962,25,7,6,38,7.934712379,92,310,30.80949851,9.261854,7.48915678,8.383846738,489,13,473,25,502,498
11,1000,30,7.7,28,64,959,24,9,8,41,8.354372439,91,316,31.46700571,9.543385432,8.203545964,8.521745278,500,26,459,15,526,474
12,1000,30,7.7,28,64,950,27,12,11,50,8.671800781,83,333,31.22538798,9.88901773,7.92431827,9.459189956,496,17,454,33,513,487
9,1000,30,7.7,28,67,960,16,13,11,40,8.33046626,109,321,30.94334186,9.841689247,8.059063008,8.607352406,483,22,477,18,505,495
10,1000,30,7.7,28,66,957,27,13,3,43,8.131120715,100,318,31.19569032,9.700582395,7.707088402,8.594185292,499,23,458,20,522,478
13,1000,30,7.7,28,65,951,27,13,9,49,8.516966149,84,303,31.49720121,9.736705961,8.117711393,8.914627073,479,20,472,29,499,501
14,1000,30,7.7,28,60,957,28,11,4,43,8.210044641,85,344,31.2436341,9.243867068,7.746820949,8.699956118,499,15,458,28,514,486
15,1000,30,7.7,28,58,962,25,6,7,38,7.98908296,104,318,31.38306543,9.515555202,7.399011338,8.600786537,498,11,464,27,509,491
11,1000,30,7.7,28,65,960,23,9,8,40,8.332055933,113,354,31.48359616,9.55178993,8.165034305,8.517400608,501,25,459,15,526,474
12,1000,30,7.7,28,65,949,29,11,11,51,8.693855065,104,337,31.22488981,9.90907399,7.959762223,9.467139722,496,17,453,34,513,487
16,1000,30,7.7,28,36,965,21,8,6,35,7.941225577,103,339,30.81790848,9.276672447,7.509253866,8.37666694,489,13,476,22,502,498
9,1000,30,7.7,28,68,960,16,13,11,40,8.348816493,107,311,30.98492101,9.833140316,8.07880074,8.624287109,483,22,477,18,505,495
10,1000,30,7.7,28,67,958,26,13,3,42,8.162654417,111,296,31.20605355,9.711687266,7.733185818,8.63165569,499,23,459,19,522,478
13,1000,30,7.7,28,66,951,27,13,9,49,8.504128735,98,342,31.50732073,9.745237059,8.11627815,8.890431015,479,20,472,29,499,501
14,1000,30,7.7,28,61,957,28,11,4,43,8.239049546,100,310,31.24769445,9.241772354,7.785183537,8.719064213,499,15,458,28,514,486
15,1000,30,7.7,28,59,962,25,6,7,38,8.013360005,92,343,31.38851778,9.555191793,7.411005144,8.637797121,498,11,464,27,509,491
11,1000,30,7.7,28,66,960,22,10,8,40,8.345342157,107,311,31.51518037,9.570246752,8.206315064,8.499621167,501,25,459,15,526,474
12,1000,30,7.7,28,66,950,28,11,11,50,8.729029846,92,330,31.24433275,9.918186103,7.995152094,9.502087929,496,17,454,33,513,487
9,1000,30,7.7,28,69,958,19,13,10,42,8.33487243,106,311,31.02615766,9.855942789,8.097112361,8.577435733,482,23,476,19,505,495
16,1000,30,7.7,28,37,965,21,8,6,35,7.944948458,93,306,30.81947537,9.28760226,7.494431795,8.399083729,489,13,476,22,502,498
10,1000,30,7.7,28,68,957,27,13,3,43,8.188543853,108,314,31.2033716,9.718695949,7.743580117,8.674466594,499,23,458,20,522,478
13,1000,30,7.7,28,67,951,27,13,9,49,8.529783996,96,317,31.55719772,9.758607067,8.11954334,8.938386965,479,20,472,29,499,501
14,1000,30,7.7,28,62,958,27,11,4,42,8.254142885,94,345,31.25903967,9.26132257,7.787717516,8.747440498,500,14,458,28,514,486
15,1000,30,7.7,28,60,964,23,6,7,36,8.002631889,106,332,31.39255716,9.545903801,7.431319402,8.594888621,498,11,466,25,509,491
11,1000,30,7.7,28,67,961,21,10,8,39,8.354465377,109,336,31.5095093,9.575024085,8.223701695,8.499574442,501,25,460,14,526,474
12,1000,30,7.7,28,67,950,28,11,11,50,8.744982234,105,329,31.28619919,9.946132663,8.006498186,9.522892535,495,18,455,32,513,487
9,1000,30,7.7,28,70,957,20,13,10,43,8.343572313,102,321,31.03744745,9.860117767,8.099287405,8.592792271,481,24,476,19,505,495
10,1000,30,7.7,28,69,958,26,13,3,42,8.193439688,99,312,31.20976347,9.724528684,7.753560644,8.673809691,500,22,458,20,522,478
13,1000,30,7.7,28,68,952,27,12,9,48,8.571136413,102,283,31.58188391,9.766963407,8.166629715,8.974028314,480,19,472,29,499,501
16,1000,30,7.7,28,38,965,21,8,6,35,7.974547993,97,313,30.84998894,9.315216081,7.535133692,8.417491727,489,13,476,22,502,498
14,1000,30,7.7,28,63,957,28,11,4,43,8.258043007,87,307,31.28548953,9.276719176,7.786200315,8.757070051,499,15,458,28,514,486
11,1000,30,7.7,28,68,960,22,10,8,40,8.378310605,105,324,31.50875216,9.591504985,8.244659817,8.526623504,500,26,460,14,526,474
15,1000,30,7.7,28,61,963,23,6,8,37,8.000792511,106,332,31.38290848,9.547000651,7.447165392,8.574715533,498,11,465,26,509,491
12,1000,30,7.7,28,68,949,29,11,11,51,8.787957885,107,314,31.28650156,9.947776344,8.04630679,9.569204315,494,19,455,32,513,487
9,1000,30,7.7,28,71,956,20,14,10,44,8.3867784,101,291,31.04799198,9.875720919,8.163975596,8.614082271,481,24,475,20,505,495
10,1000,30,7.7,28,70,959,26,12,3,41,8.191430644,95,303,31.22253282,9.753030383,7.735186735,8.689671899,501,21,458,20,522,478
13,1000,30,7.7,28,69,953,25,13,9,47,8.596175306,96,308,31.622763,9.77546476,8.236222295,8.954691378,480,19,473,28,499,501
14,1000,30,7.7,28,64,958,27,11,4,42,8.261023458,90,314,31.32148214,9.286294382,7.788710989,8.760547344,499,15,459,27,514,486
16,1000,30,7.7,28,39,965,21,8,6,35,8.00346708,101,299,30.87605367,9.318013204,7.547901204,8.46269212,489,13,476,22,502,498
11,1000,30,7.7,28,69,960,23,10,7,40,8.392390118,100,315,31.54686093,9.617511166,8.275125183,8.52251956,500,26,460,14,526,474
15,1000,30,7.7,28,62,962,25,6,7,38,7.99241587,109,344,31.38993981,9.564953451,7.43272356,8.572626431,498,11,464,27,509,491
12,1000,30,7.7,28,69,950,28,11,11,50,8.770876677,111,301,31.31595901,9.955092314,8.028869997,9.552497678,494,19,456,31,513,487
9,1000,30,7.7,28,72,957,20,13,10,43,8.40004107,111,295,31.08131451,9.868804852,8.154995585,8.65003697,482,23,475,20,505,495
10,1000,30,7.7,28,71,958,27,12,3,42,8.206855953,108,323,31.24456594,9.779116922,7.763959726,8.690520871,500,22,458,20,522,478
13,1000,30,7.7,28,70,954,25,13,8,46,8.60965144,81,329,31.65237156,9.802024052,8.239179257,8.978644692,479,20,475,26,499,501
14,1000,30,7.7,28,65,959,27,10,4,41,8.269994783,105,349,31.36479614,9.289309136,7.805592832,8.761152403,499,15,460,26,514,486
11,1000,30,7.7,28,70,960,23,10,7,40,8.379369665,92,337,31.57401794,9.63909737,8.300899839,8.466447994,500,26,460,14,526,474
16,1000,30,7.7,28,40,964,22,9,5,36,8.033371354,71,328,30.88178303,9.320441736,7.567509648,8.502974921,489,13,475,23,502,498
15,1000,30,7.7,28,63,962,25,6,7,38,8.013663,100,292,31.42699185,9.588034569,7.449822013,8.598174328,498,11,464,27,509,491
12,1000,30,7.7,28,70,951,28,10,11,49,8.79817817,89,301,31.34243914,9.978373687,8.060937228,9.574778999,494,19,457,30,513,487
9,1000,30,7.7,28,73,958,19,13,10,42,8.417987108,94,326,31.10155563,9.889144989,8.188182583,8.652434148,483,22,475,20,505,495
10,1000,30,7.7,28,72,958,28,11,3,42,8.21689084,109,316,31.2713322,9.771515798,7.735370268,8.742735481,501,21,457,21,522,478
13,1000,30,7.7,28,71,954,25,13,8,46,8.595149763,105,334,31.67526631,9.814099375,8.218006036,8.970787926,479,20,475,26,499,501
14,1000,30,7.7,28,66,959,26,11,4,41,8.284009176,97,332,31.37421673,9.298952219,7.8431179,8.750301594,498,16,461,25,514,486
11,1000,30,7.7,28,71,961,22,10,7,39,8.369520428,109,310,31.58248674,9.668706827,8.292925582,8.454518085,501,25,460,14,526,474
15,1000,30,7.7,28,64,963,24,6,7,37,8.048355807,88,286,31.43546775,9.583844967,7.502442991,8.61428172,498,11,465,26,509,491
16,1000,30,7.7,28,41,962,24,9,5,38,8.062754948,92,354,30.89264078,9.318215871,7.572150403,8.557300092,489,13,473,25,502,498
12,1000,30,7.7,28,71,950,29,10,11,50,8.818639462,101,287,31.32164837,9.994311352,8.116130827,9.558653691,494,19,456,31,513,487
9,1000,30,7.7,28,74,958,19,13,10,42,8.460483054,118,326,31.1102304,9.902657455,8.186674022,8.739823582,483,22,475,20,505,495
10,1000,30,7.7,28,73,957,29,11,3,43,8.239235123,102,326,31.26614404,9.770433252,7.758880846,8.763806113,500,22,457,21,522,478
13,1000,30,7.7,28,72,951,27,13,9,49,8.651024269,109,324,31.70166189,9.791039455,8.26716725,9.033348925,478,21,473,28,499,501
14,1000,30,7.7,28,67,960,25,11,4,40,8.281971216,106,326,31.41553898,9.326174416,7.833212474,8.756584371,498,16,462,24,514,486
11,1000,30,7.7,28,72,960,23,10,7,40,8.351800638,105,324,31.60591512,9.676128854,8.298967409,8.410429917,500,26,460,14,526,474
15,1000,30,7.7,28,65,963,24,6,7,37,8.075124867,91,338,31.4370762,9.596661094,7.539087507,8.630813292,497,12,466,25,509,491
12,1000,30,7.7,28,72,949,31,10,10,51,8.853158473,103,347,31.3458379,10.01140072,8.150292197,9.593549436,494,19,455,32,513,487
9,1000,30,7.7,28,75,959,19,13,9,41,8.498425782,107,299,31.13692858,9.917311989,8.23517158,8.766998252,483,22,476,19,505,495
10,1000,30,7.7,28,74,957,29,11,3,43,8.250533596,101,315,31.29347738,9.784342105,7.783932617,8.760085292,500,22,457,21,522,478
16,1000,30,7.7,28,42,961,25,9,5,39,8.097094019,110,300,30.92261361,9.331260548,7.602567693,8.595592444,489,13,472,26,502,498
13,1000,30,7.7,28,73,951,27,13,9,49,8.654542675,95,321,31.73107144,9.806366993,8.284889002,9.022720686,477,22,474,27,499,501
14,1000,30,7.7,28,68,960,25,11,4,40,8.321509063,87,325,31.41440032,9.332460264,7.856653149,8.813146798,498,16,462,24,514,486
11,1000,30,7.7,28,73,959,24,10,7,41,8.349830678,108,300,31.60788394,9.689537244,8.292246334,8.413732292,499,27,460,14,526,474
15,1000,30,7.7,28,66,963,23,7,7,37,8.071472203,116,322,31.45147842,9.600002307,7.565171739,8.596333581,496,13,467,24,509,491
12,1000,30,7.7,28,73,947,33,10,10,53,8.879766502,104,323,31.38927598,10.01803483,8.171669191,9.625667777,494,19,453,34,513,487
9,1000,30,7.7,28,76,960,20,12,8,40,8.473719217,108,305,31.18255208,9.927005621,8.206002275,8.746844583,483,22,477,18,505,495
10,1000,30,7.7,28,75,956,30,11,3,44,8.287526116,89,305,31.33105711,9.788221545,7.813767222,8.804894616,500,22,456,22,522,478
13,1000,30,7.7,28,74,949,29,13,9,51,8.675008564,110,328,31.71593622,9.832679433,8.305475896,9.043066053,475,24,474,27,499,501
16,1000,30,7.7,28,43,961,23,11,5,39,8.086118716,100,298,30.96846889,9.322608165,7.583879807,8.592391673,489,13,472,26,502,498
14,1000,30,7.7,28,69,960,25,11,4,40,8.349219703,88,320,31.41101115,9.335521058,7.898930223,8.825451788,498,16,462,24,514,486
11,1000,30,7.7,28,74,959,23,11,7,41,8.369596573,103,315,31.65318608,9.706600234,8.325585779,8.418435556,499,27,460,14,526,474
15,1000,30,7.7,28,67,963,23,7,7,37,8.089171356,98,322,31.46599069,9.61773504,7.597215743,8.599162001,496,13,467,24,509,491
9,1000,30,7.7,28,77,960,20,12,8,40,8.504894283,111,316,31.17799097,9.932646988,8.264485396,8.750159916,483,22,477,18,505,495
10,1000,30,7.7,28,76,957,29,11,3,43,8.295530343,108,330,31.35041195,9.819952839,7.820072183,8.814754527,501,21,456,22,522,478
12,1000,30,7.7,28,74,948,31,11,10,52,8.87002736,111,306,31.3958278,10.03111309,8.178477862,9.598497366,494,19,454,33,513,487
13,1000,30,7.7,28,75,948,30,13,9,52,8.698083709,116,360,31.7275165,9.853680577,8.321390743,9.073272911,475,24,473,28,499,501
14,1000,30,7.7,28,70,961,25,10,4,39,8.377395212,104,318,31.42256853,9.36202062,7.911852866,8.869758928,499,15,462,24,514,486
16,1000,30,7.7,28,44,961,23,11,5,39,8.11152343,98,311,30.98743932,9.315805382,7.588873832,8.638371017,489,13,472,26,502,498
11,1000,30,7.7,28,75,958,23,12,7,42,8.39546779,87,300,31.67914504,9.701706353,8.312192623,8.487878629,499,27,459,15,526,474
15,1000,30,7.7,28,68,963,23,7,7,37,8.096596343,90,311,31.48281285,9.62081687,7.592968889,8.618686718,496,13,467,24,509,491
9,1000,30,7.7,28,78,959,20,13,8,41,8.522171494,110,312,31.18821383,9.965469741,8.302004922,8.746785876,482,23,477,18,505,495
12,1000,30,7.7,28,75,947,32,11,10,53,8.898542911,108,329,31.3979324,10.04002268,8.23624786,9.59619663,494,19,453,34,513,487
10,1000,30,7.7,28,77,957,29,11,3,43,8.28335603,118,313,31.37401504,9.84428105,7.797811789,8.81359472,502,20,455,23,522,478
13,1000,30,7.7,28,76,948,32,12,8,52,8.707368887,117,322,31.76855969,9.848998387,8.339879132,9.073391618,475,24,473,28,499,501
14,1000,30,7.7,28,71,961,23,12,4,39,8.398137659,99,305,31.44069336,9.358994,7.933643834,8.889392444,499,15,462,24,514,486
11,1000,30,7.7,28,76,957,24,12,7,43,8.411327987,99,323,31.71281687,9.717766218,8.311313104,8.522314966,498,28,459,15,526,474
16,1000,30,7.7,28,45,959,25,11,5,41,8.127993001,82,299,30.99564891,9.313001191,7.613739666,8.646376886,487,15,472,26,502,498
15,1000,30,7.7,28,69,964,22,7,7,36,8.097573124,101,313,31.48308217,9.648358108,7.638658359,8.573311648,496,13,468,23,509,491
9,1000,30,7.7,28,79,958,21,13,8,42,8.560126103,83,339,31.17956421,9.96438961,8.34265034,8.781995317,482,23,476,19,505,495
10,1000,30,7.7,28,78,957,29,11,3,43,8.284537819,100,329,31.37087626,9.86119622,7.813512199,8.798921444,502,20,455,23,522,478
12,1000,30,7.7,28,76,947,32,11,10,53,8.921323542,96,306,31.4261018,10.06364579,8.230790036,9.648723314,494,19,453,34,513,487
13,1000,30,7.7,28,77,949,32,12,7,51,8.71611492,100,314,31.78269925,9.84485355,8.374976237,9.055891773,475,24,474,27,499,501
14,1000,30,7.7,28,72,961,23,12,4,39,8.419814829,101,314,31.47452891,9.370617786,7.949701054,8.917013348,499,15,462,24,514,486
11,1000,30,7.7,28,77,957,24,12,7,43,8.437849641,89,357,31.7475867,9.736571435,8.336618262,8.550186572,498,28,459,15,526,474
15,1000,30,7.7,28,70,964,22,7,7,36,8.124043046,90,302,31.50700403,9.640564831,7.676994675,8.587480155,496,13,468,23,509,491
10,1000,30,7.7,28,79,960,26,11,3,40,8.267593838,102,313,31.40685774,9.862256109,7.787984249,8.79135159,503,19,457,21,522,478
9,1000,30,7.7,28,80,959,20,13,8,41,8.587631953,100,302,31.21239546,9.983274664,8.34300215,8.837203773,483,22,476,19,505,495
12,1000,30,7.7,28,77,947,32,11,10,53,8.945134924,102,315,31.43910741,10.06373837,8.311627461,9.61246414,493,20,454,33,513,487
16,1000,30,7.7,28,46,959,25,11,5,41,8.115246758,91,305,31.01025093,9.341517557,7.613785282,8.620736037,487,15,472,26,502,498
13,1000,30,7.7,28,78,949,31,13,7,51,8.70217186,97,328,31.79176683,9.843791924,8.341625164,9.061279247,475,24,474,27,499,501
14,1000,30,7.7,28,73,962,22,12,4,38,8.410002305,104,344,31.4814273,9.379829708,7.945511214,8.901254199,499,15,463,23,514,486
11,1000,30,7.7,28,78,955,26,12,7,45,8.45443977,111,301,31.75933492,9.735893027,8.357384768,8.562142156,498,28,457,17,526,474
15,1000,30,7.7,28,71,964,22,7,7,36,8.144193338,110,317,31.5470169,9.648884995,7.71374016,8.590426876,496,13,468,23,509,491
10,1000,30,7.7,28,80,961,26,10,3,39,8.287558792,96,320,31.43442212,9.867109282,7.806584093,8.812807312,505,17,456,22,522,478
9,1000,30,7.7,28,81,959,20,12,9,41,8.613194754,108,343,31.22184661,9.998170051,8.411939058,8.818516222,483,22,476,19,505,495
12,1000,30,7.7,28,78,948,31,12,9,52,8.921235662,135,314,31.46538427,10.06885795,8.29902359,9.576666449,494,19,454,33,513,487
13,1000,30,7.7,28,79,948,32,12,8,52,8.724941907,111,356,31.79497735,9.859798158,8.368960901,9.07950183,474,25,474,27,499,501
16,1000,30,7.7,28,47,959,25,11,5,41,8.124169936,95,309,31.01693924,9.363766423,7.637172061,8.61507944,486,16,473,25,502,498
14,1000,30,7.7,28,74,960,24,12,4,40,8.428093257,104,323,31.50140772,9.377287578,7.997875126,8.883097619,498,16,462,24,514,486
11,1000,30,7.7,28,79,957,25,11,7,43,8.500414486,101,328,31.76691095,9.73153733,8.420338317,8.589275383,500,26,457,17,526,474
10,1000,30,7.7,28,81,961,26,10,3,39,8.306647448,101,319,31.4491726,9.875903043,7.845650964,8.810078756,506,16,455,23,522,478
9,1000,30,7.7,28,82,958,21,13,8,42,8.641755738,107,312,31.25207,10.00628272,8.417607158,8.870432572,483,22,475,20,505,495
15,1000,30,7.7,28,72,964,22,7,7,36,8.189790429,115,316,31.56581353,9.647822177,7.779566647,8.615052965,496,13,468,23,509,491
12,1000,30,7.7,28,79,947,32,12,9,53,8.936773335,96,291,31.4585502,10.0839884,8.279827686,9.628792058,494,19,453,34,513,487
13,1000,30,7.7,28,80,948,32,12,8,52,8.729237136,109,327,31.83777227,9.866453762,8.378152454,9.078920283,474,25,474,27,499,501
14,1000,30,7.7,28,75,961,22,13,4,39,8.460123921,94,326,31.52572927,9.399667766,8.057449334,8.885997867,498,16,463,23,514,486
16,1000,30,7.7,28,48,959,25,11,5,41,8.141454442,100,296,31.02496375,9.384393458,7.679189007,8.607432852,486,16,473,25,502,498
11,1000,30,7.7,28,80,957,25,11,7,43,8.521843089,114,312,31.78411265,9.737341548,8.426198575,8.62798025,501,25,456,18,526,474
10,1000,30,7.7,28,82,961,25,11,3,39,8.305014159,111,340,31.45265806,9.900941522,7.841810411,8.810855909,506,16,455,23,522,478
9,1000,30,7.7,28,83,960,20,12,8,40,8.631948683,113,331,31.26748736,10.03227924,8.414837748,8.853445697,485,20,475,20,505,495
15,1000,30,7.7,28,73,964,21,8,7,36,8.192299743,106,323,31.57653795,9.659221361,7.769045655,8.631070274,496,13,468,23,509,491
12,1000,30,7.7,28,80,948,31,12,9,52,8.951891149,109,321,31.48684621,10.11422288,8.313562332,9.624299122,494,19,454,33,513,487
13,1000,30,7.7,28,81,948,32,12,8,52,8.773300225,91,314,31.83166567,9.875641201,8.414716196,9.130452781,474,25,474,27,499,501
14,1000,30,7.7,28,76,962,23,12,3,38,8.435732679,96,312,31.53021264,9.404826163,8.057418485,8.835842753,498,16,464,22,514,486
16,1000,30,7.7,28,49,957,27,11,5,43,8.179837679,97,296,31.05682631,9.398700353,7.716324141,8.647074217,485,17,472,26,502,498
11,1000,30,7.7,28,81,956,26,11,7,44,8.555671482,117,343,31.82761489,9.735978517,8.417646096,8.708838895,501,25,455,19,526,474
10,1000,30,7.7,28,83,960,26,11,3,40,8.328707085,107,309,31.46907472,9.907005884,7.851726566,8.849593762,506,16,454,24,522,478
9,1000,30,7.7,28,84,959,21,11,9,41,8.665502662,116,348,31.30866411,10.05782223,8.443621525,8.891866247,484,21,475,20,505,495
15,1000,30,7.7,28,74,964,21,8,7,36,8.191625045,95,312,31.60800269,9.673165382,7.790415345,8.607543045,496,13,468,23,509,491
12,1000,30,7.7,28,81,949,31,11,9,51,8.973189423,103,324,31.49158591,10.12719078,8.326313734,9.654600569,495,18,454,33,513,487
13,1000,30,7.7,28,82,950,30,13,7,50,8.770722519,122,336,31.86300168,9.878763949,8.434262701,9.105839183,475,24,475,26,499,501
14,1000,30,7.7,28,77,963,22,12,3,37,8.475018004,109,342,31.56001583,9.422433869,8.107131561,8.86409955,499,15,464,22,514,486
11,1000,30,7.7,28,82,957,25,11,7,43,8.578421097,95,301,31.85093345,9.751884313,8.419342805,8.754951016,501,25,456,18,526,474
16,1000,30,7.7,28,50,957,26,11,6,43,8.173419063,115,291,31.06465246,9.414138368,7.732182713,8.61819948,485,17,472,26,502,498
10,1000,30,7.7,28,84,959,26,12,3,41,8.360136027,103,315,31.49151939,9.933875247,7.956771419,8.800630432,506,16,453,25,522,478
9,1000,30,7.7,28,85,960,21,10,9,40,8.660091669,109,319,31.33015882,10.04394557,8.427279871,8.897606735,484,21,476,19,505,495
15,1000,30,7.7,28,75,962,23,8,7,38,8.205011467,101,321,31.61932165,9.681352199,7.827579627,8.596279912,495,14,467,24,509,491
12,1000,30,7.7,28,82,948,32,11,9,52,9.001071228,124,298,31.50069445,10.13796547,8.350221956,9.6866681,495,18,453,34,513,487
13,1000,30,7.7,28,83,950,29,14,7,50,8.815467581,119,340,31.8658863,9.898953147,8.481785279,9.147817819,475,24,475,26,499,501
14,1000,30,7.7,28,78,962,22,12,4,38,8.517830788,112,305,31.57132124,9.432086894,8.141843515,8.915479879,498,16,464,22,514,486
11,1000,30,7.7,28,83,956,26,11,7,44,8.611271381,94,322,31.86737453,9.75229321,8.457818734,8.781558495,501,25,455,19,526,474
10,1000,30,7.7,28,85,958,26,13,3,42,8.399616817,123,320,31.49763208,9.953543353,7.966811694,8.872261741,505,17,453,25,522,478
9,1000,30,7.7,28,86,960,21,10,9,40,8.674448168,103,310,31.35989465,10.05097108,8.466746946,8.886345374,484,21,476,19,505,495
16,1000,30,7.7,28,51,955,28,11,6,45,8.206486616,101,335,31.076586,9.438637503,7.74842406,8.66822839,485,17,470,28,502,498
12,1000,30,7.7,28,83,948,33,11,8,52,9.018573901,100,344,31.52447592,10.13184325,8.350748331,9.722053402,496,17,452,35,513,487
15,1000,30,7.7,28,76,960,26,8,6,40,8.208549826,105,321,31.64425589,9.695519262,7.853966156,8.576132489,494,15,466,25,509,491
13,1000,30,7.7,28,84,950,29,14,7,50,8.841073178,115,309,31.89330598,9.903145801,8.53373844,9.14718103,474,25,476,25,499,501
14,1000,30,7.7,28,79,960,25,12,3,40,8.558314263,90,316,31.59217435,9.4417804,8.16411899,8.975220374,497,17,463,23,514,486
11,1000,30,7.7,28,84,956,26,11,7,44,8.619845451,92,305,31.87408567,9.755527967,8.443874344,8.815121405,502,24,454,20,526,474
10,1000,30,7.7,28,86,957,27,12,4,43,8.440436091,110,331,31.52206576,9.958113531,8.00881695,8.911785866,505,17,452,26,522,478
9,1000,30,7.7,28,87,960,20,11,9,40,8.697713897,107,323,31.3932333,10.06888665,8.493560176,8.905991936,484,21,476,19,505,495
12,1000,30,7.7,28,84,948,33,11,8,52,9.009665385,115,330,31.54151663,10.14279356,8.362430929,9.691454452,496,17,452,35,513,487
15,1000,30,7.7,28,77,960,27,8,5,40,8.202766133,105,322,31.65606997,9.715968115,7.909663047,8.506614341,494,15,466,25,509,491
13,1000,30,7.7,28,85,950,28,15,7,50,8.864437482,105,307,31.92587967,9.929489404,8.54958405,9.178034014,474,25,476,25,499,501
16,1000,30,7.7,28,52,954,29,11,6,46,8.245680076,110,294,31.08906633,9.45928556,7.775376761,8.719760927,484,18,470,28,502,498
14,1000,30,7.7,28,80,959,25,13,3,41,8.61348609,103,337,31.62232475,9.441780743,8.217366465,9.032427422,496,18,463,23,514,486
11,1000,30,7.7,28,85,956,26,11,7,44,8.634479769,107,329,31.88724923,9.761166699,8.461668546,8.826249186,502,24,454,20,526,474
10,1000,30,7.7,28,87,957,27,12,4,43,8.477508182,97,320,31.55182735,9.953397539,8.032681146,8.96328164,505,17,452,26,522,478
9,1000,30,7.7,28,88,960,20,11,9,40,8.732454595,108,284,31.41847222,10.08068867,8.558989619,8.909423913,484,21,476,19,505,495
12,1000,30,7.7,28,85,947,33,12,8,53,9.03969225,103,316,31.57804409,10.1332232,8.383874369,9.730522995,496,17,451,36,513,487
15,1000,30,7.7,28,78,957,29,9,5,43,8.243935214,110,347,31.67247744,9.729911932,7.916259294,8.583623694,493,16,464,27,509,491
13,1000,30,7.7,28,86,951,28,14,7,49,8.877866095,90,325,31.93799412,9.950959827,8.581872952,9.172677629,473,26,478,23,499,501
14,1000,30,7.7,28,81,959,25,13,3,41,8.636734383,112,323,31.64132811,9.441840363,8.24868822,9.047137116,496,18,463,23,514,486
16,1000,30,7.7,28,53,956,28,10,6,44,8.261991752,86,310,31.10555281,9.487617879,7.787550177,8.740244104,485,17,471,27,502,498
11,1000,30,7.7,28,86,957,24,12,7,43,8.67396159,100,322,31.91098839,9.758120626,8.525701092,8.838486952,502,24,455,19,526,474
10,1000,30,7.7,28,88,955,28,13,4,45,8.504423706,94,321,31.57799702,9.971380209,8.071877535,8.976785842,504,18,451,27,522,478
9,1000,30,7.7,28,89,960,18,12,10,40,8.767552622,84,336,31.41423734,10.09447941,8.605348532,8.933033562,484,21,476,19,505,495
12,1000,30,7.7,28,86,947,33,12,8,53,9.026106241,91,310,31.59909424,10.14299535,8.368382784,9.718944297,496,17,451,36,513,487
13,1000,30,7.7,28,87,950,28,15,7,50,8.92409452,101,326,31.9397783,9.949617113,8.606161118,9.240758727,474,25,476,25,499,501
15,1000,30,7.7,28,79,957,30,8,5,43,8.272828587,95,340,31.68882291,9.737160587,7.934615212,8.623440823,494,15,463,28,509,491
14,1000,30,7.7,28,82,959,25,13,3,41,8.666273649,98,342,31.67244846,9.449519753,8.302520116,9.050984175,496,18,463,23,514,486
11,1000,30,7.7,28,87,956,24,13,7,44,8.699492057,104,314,31.92472168,9.755908494,8.561419174,8.852712176,501,25,455,19,526,474
16,1000,30,7.7,28,54,957,28,9,6,43,8.265685874,109,319,31.11335771,9.493864249,7.810799401,8.724226053,485,17,472,26,502,498
10,1000,30,7.7,28,89,954,29,12,5,46,8.505597504,98,346,31.60176007,9.990969216,8.087484587,8.962197802,503,19,451,27,522,478
9,1000,30,7.7,28,90,959,19,12,10,41,8.770751612,94,326,31.43903773,10.08838861,8.591990913,8.953123637,483,22,476,19,505,495
12,1000,30,7.7,28,87,948,32,10,10,52,9.060610862,110,331,31.62342428,10.15844487,8.396681487,9.759986159,496,17,452,35,513,487
13,1000,30,7.7,28,88,951,27,15,7,49,8.93850128,97,323,31.98401482,9.960520781,8.589693614,9.2859165,475,24,476,25,499,501
15,1000,30,7.7,28,80,955,31,9,5,45,8.353564278,88,316,31.73985934,9.770680155,8.002156416,8.717854708,493,16,462,29,509,491
14,1000,30,7.7,28,83,958,27,12,3,42,8.67854874,117,323,31.68833926,9.465663167,8.300367131,9.078518589,496,18,462,24,514,486
11,1000,30,7.7,28,88,954,26,13,7,46,8.723082747,100,318,31.94334516,9.77434643,8.55772535,8.906580619,500,26,454,20,526,474
9,1000,30,7.7,28,91,958,19,13,10,42,8.786705353,115,282,31.46093227,10.0843164,8.604962699,8.972119577,483,22,475,20,505,495
10,1000,30,7.7,28,90,954,28,13,5,46,8.531507321,115,324,31.62661791,10.01186943,8.127769904,8.972408852,503,19,451,27,522,478
16,1000,30,7.7,28,55,958,27,9,6,42,8.250473588,108,314,31.11955069,9.526211242,7.815441507,8.688999902,485,17,473,25,502,498
12,1000,30,7.7,28,88,949,31,10,10,51,9.09093092,117,322,31.65132757,10.16781248,8.433906695,9.783032414,498,15,451,36,513,487
13,1000,30,7.7,28,89,950,28,15,7,50,8.923048552,102,306,32.02612508,9.964875451,8.536980968,9.307574948,475,24,475,26,499,501
15,1000,30,7.7,28,81,955,30,11,4,45,8.364299416,110,297,31.76861258,9.773870074,8.02989053,8.710967691,493,16,462,29,509,491
14,1000,30,7.7,28,84,955,30,12,3,45,8.73650837,106,306,31.71913854,9.470785879,8.375008753,9.118835125,494,20,461,25,514,486
11,1000,30,7.7,28,89,954,26,13,7,46,8.734154556,103,331,31.97953749,9.814447437,8.561524911,8.925722474,500,26,454,20,526,474
9,1000,30,7.7,28,92,957,20,12,11,43,8.770917703,100,304,31.48353288,10.11738636,8.616931056,8.928015191,483,22,474,21,505,495
10,1000,30,7.7,28,91,953,29,13,5,47,8.528558993,104,341,31.63194924,10.02865903,8.12305621,8.971388391,503,19,450,28,522,478
12,1000,30,7.7,28,89,950,30,10,10,50,9.108490616,110,308,31.66300699,10.19023929,8.456128491,9.795681108,498,15,452,35,513,487
13,1000,30,7.7,28,90,949,29,14,8,51,8.965155312,100,324,32.04504567,9.968952897,8.567586444,9.361137078,475,24,474,27,499,501
16,1000,30,7.7,28,56,961,26,7,6,39,8.220623789,108,311,31.13634455,9.520022704,7.797182009,8.647466707,486,16,475,23,502,498
15,1000,30,7.7,28,82,957,29,10,4,43,8.412889991,94,314,31.80208796,9.769124066,8.100791483,8.736429992,494,15,463,28,509,491
14,1000,30,7.7,28,85,956,30,11,3,44,8.712745966,85,306,31.73858105,9.473487937,8.368243599,9.077096206,494,20,462,24,514,486
11,1000,30,7.7,28,90,954,26,13,7,46,8.759427885,83,339,31.98848636,9.800655917,8.600719926,8.935546844,500,26,454,20,526,474
9,1000,30,7.7,28,93,958,19,12,11,42,8.780790439,110,328,31.52530483,10.1278427,8.638369208,8.926088867,483,22,475,20,505,495
10,1000,30,7.7,28,92,953,31,13,3,47,8.538366415,123,338,31.64641265,10.04045934,8.146017123,8.966831541,503,19,450,28,522,478
12,1000,30,7.7,28,90,950,29,11,10,50,9.134626792,106,300,31.68171326,10.19448101,8.509425138,9.793206769,497,16,453,34,513,487
13,1000,30,7.7,28,91,950,27,15,8,50,8.97257955,95,325,32.06419031,9.96092465,8.612303063,9.331417807,475,24,475,26,499,501
15,1000,30,7.7,28,83,957,29,10,4,43,8.393104023,117,316,31.83321154,9.793713151,8.120139056,8.676075853,494,15,463,28,509,491
14,1000,30,7.7,28,86,954,32,11,3,46,8.738307964,103,337,31.73603276,9.465108916,8.406877566,9.088833117,493,21,461,25,514,486
16,1000,30,7.7,28,57,962,26,6,6,38,8.245472459,81,314,31.16979628,9.526717121,7.849040321,8.645088791,486,16,476,22,502,498
11,1000,30,7.7,28,91,954,26,14,6,46,8.788573487,103,314,32.01391955,9.799939867,8.629158064,8.965477521,500,26,454,20,526,474
9,1000,30,7.7,28,94,959,18,12,11,41,8.772820708,105,320,31.56849339,10.12850821,8.627814449,8.920756387,484,21,475,20,505,495
10,1000,30,7.7,28,93,953,32,12,3,47,8.544811617,111,314,31.67763838,10.07175356,8.132272646,8.995324887,503,19,450,28,522,478
12,1000,30,7.7,28,91,948,31,11,10,52,9.193343278,109,320,31.73024066,10.20715883,8.559092201,9.861455808,496,17,452,35,513,487
13,1000,30,7.7,28,92,951,27,14,8,49,8.985075655,120,330,32.09217421,9.96546736,8.621057752,9.347640393,476,23,475,26,499,501
15,1000,30,7.7,28,84,957,29,10,4,43,8.454451672,94,327,31.87973886,9.811825462,8.123707823,8.797320549,495,14,462,29,509,491
14,1000,30,7.7,28,87,954,33,10,3,46,8.7680024,98,301,31.74953777,9.465767005,8.474346129,9.07857714,493,21,461,25,514,486
16,1000,30,7.7,28,58,963,26,5,6,37,8.299439306,92,339,31.1844113,9.520966111,7.901833124,8.700239112,486,16,477,21,502,498
11,1000,30,7.7,28,92,953,26,15,6,47,8.803639519,110,346,32.03363347,9.815637334,8.639651244,8.985618069,500,26,453,21,526,474
9,1000,30,7.7,28,95,957,20,12,11,43,8.780547054,117,319,31.5847952,10.15689854,8.657914197,8.905657342,483,22,474,21,505,495
10,1000,30,7.7,28,94,953,32,12,3,47,8.580671955,92,317,31.6883843,10.10027155,8.167163378,9.032244082,503,19,450,28,522,478
12,1000,30,7.7,28,92,948,31,11,10,52,9.22627308,104,330,31.72422214,10.23628443,8.587970719,9.898653185,496,17,452,35,513,487
13,1000,30,7.7,28,93,951,27,13,9,49,8.994657789,106,320,32.1279714,9.981815373,8.651086218,9.336857816,476,23,475,26,499,501
15,1000,30,7.7,28,85,955,31,10,4,45,8.496337412,105,310,31.90275011,9.808470435,8.171743336,8.832831066,493,16,462,29,509,491
14,1000,30,7.7,28,88,953,34,10,3,47,8.782760199,93,341,31.76387949,9.47005717,8.490879737,9.09145682,492,22,461,25,514,486
11,1000,30,7.7,28,93,951,28,15,6,49,8.826540866,119,330,32.05591062,9.826614456,8.647414624,9.025318088,499,27,452,22,526,474
9,1000,30,7.7,28,96,957,20,12,11,43,8.799507513,104,315,31.59196737,10.18139932,8.686818736,8.91447283,483,22,474,21,505,495
16,1000,30,7.7,28,59,964,25,5,6,36,8.317399374,119,320,31.20372536,9.510720222,7.890204984,8.748025045,487,15,477,21,502,498
10,1000,30,7.7,28,95,952,32,12,4,48,8.584579106,106,333,31.71146812,10.12075214,8.148827341,9.060441913,502,20,450,28,522,478
12,1000,30,7.7,28,93,947,31,11,11,53,9.234785349,103,328,31.74160843,10.24738977,8.584629918,9.919651336,496,17,451,36,513,487
13,1000,30,7.7,28,94,951,28,12,9,49,8.997199119,107,330,32.15344737,9.994861228,8.648964551,9.344043528,477,22,474,27,499,501
15,1000,30,7.7,28,86,955,30,10,5,45,8.521029712,105,333,31.9249711,9.815373688,8.178431469,8.876187565,493,16,462,29,509,491
14,1000,30,7.7,28,89,954,31,12,3,46,8.828524109,99,306,31.81575506,9.487255882,8.561837744,9.11057512,492,22,462,24,514,486
11,1000,30,7.7,28,94,950,29,15,6,50,8.837534562,92,331,32.06888315,9.826641636,8.629006712,9.068938884,499,27,451,23,526,474
9,1000,30,7.7,28,97,956,21,12,11,44,8.820834257,112,308,31.59511562,10.19640124,8.690577399,8.953722567,484,21,472,23,505,495
10,1000,30,7.7,28,96,952,31,12,5,48,8.611368127,104,320,31.70321932,10.14039097,8.183364107,9.078770007,502,20,450,28,522,478
16,1000,30,7.7,28,60,962,27,5,6,38,8.350219239,99,336,31.23248078,9.531099528,7.929586364,8.774230691,485,17,477,21,502,498
12,1000,30,7.7,28,94,947,31,11,11,53,9.268343765,103,337,31.74959206,10.25089308,8.651600996,9.918013253,495,18,452,35,513,487
13,1000,30,7.7,28,95,949,30,12,9,51,9.035283939,90,358,32.17415342,10.01629532,8.705841219,9.363411517,475,24,474,27,499,501
15,1000,30,7.7,28,87,955,31,9,5,45,8.495640463,98,320,31.94354853,9.820968895,8.161670821,8.841853392,493,16,462,29,509,491
14,1000,30,7.7,28,90,954,30,13,3,46,8.863054427,92,326,31.84131391,9.511874198,8.61659501,9.123713152,492,22,462,24,514,486
11,1000,30,7.7,28,95,950,29,15,6,50,8.839887992,105,304,32.0897597,9.8392402,8.617683513,9.086469334,499,27,451,23,526,474
9,1000,30,7.7,28,98,957,20,13,10,43,8.800613653,110,332,31.63227298,10.21669229,8.639562605,8.964918258,484,21,473,22,505,495
10,1000,30,7.7,28,97,952,31,12,5,48,8.637797664,115,290,31.72030452,10.15743763,8.219610169,9.094479406,502,20,450,28,522,478
12,1000,30,7.7,28,95,946,33,11,10,54,9.243726559,116,338,31.75725975,10.30087778,8.649634638,9.869535914,494,19,452,35,513,487
13,1000,30,7.7,28,96,947,33,12,8,53,9.064448517,112,313,32.18287147,10.02547655,8.724508738,9.40303125,475,24,472,29,499,501
16,1000,30,7.7,28,61,961,28,5,6,39,8.371021876,94,322,31.24148907,9.525533446,7.990289221,8.754812624,484,18,477,21,502,498
15,1000,30,7.7,28,88,955,31,9,5,45,8.499710893,108,321,31.96560595,9.819495296,8.187255867,8.823620483,493,16,462,29,509,491
14,1000,30,7.7,28,91,953,31,13,3,47,8.886589599,102,295,31.88024944,9.534538023,8.639265967,9.148162329,492,22,461,25,514,486
11,1000,30,7.7,28,96,950,29,15,6,50,8.845510935,91,309,32.1180757,9.840965665,8.631107895,9.083434985,499,27,451,23,526,474
9,1000,30,7.7,28,99,956,20,14,10,44,8.856569634,99,364,31.64580907,10.22195025,8.701886451,9.01437773,483,22,473,22,505,495
10,1000,30,7.7,28,98,953,30,12,5,47,8.640934731,104,299,31.73694054,10.16838139,8.227443288,9.092488148,502,20,451,27,522,478
12,1000,30,7.7,28,96,946,33,10,11,54,9.236982621,116,324,31.76465821,10.29506159,8.64300214,9.862674585,494,19,452,35,513,487
13,1000,30,7.7,28,97,946,33,13,8,54,9.05261657,103,328,32.183124,10.06208779,8.718574851,9.38532479,475,24,471,30,499,501
15,1000,30,7.7,28,89,955,30,10,5,45,8.520585657,102,334,31.97134982,9.819939701,8.225115188,8.826888036,493,16,462,29,509,491
14,1000,30,7.7,28,92,953,30,14,3,47,8.923825393,102,335,31.9011001,9.556343202,8.702833458,9.157549373,492,22,461,25,514,486
16,1000,30,7.7,28,62,961,27,5,7,39,8.407349537,88,318,31.26652946,9.527661894,8.053306061,8.764236735,483,19,478,20,502,498
11,1000,30,7.7,28,97,948,32,15,5,52,8.887967488,93,324,32.14627158,9.860446441,8.67731404,9.121730597,497,29,451,23,526,474
9,1000,30,7.7,28,100,955,21,14,10,45,8.861528333,99,330,31.67468325,10.23346565,8.698142843,9.028214539,483,22,472,23,505,495
10,1000,30,7.7,28,99,953,30,12,5,47,8.649343929,101,290,31.74997261,10.15978138,8.233238609,9.103751831,502,20,451,27,522,478
12,1000,30,7.7,28,97,945,35,10,10,55,9.262452962,102,320,31.77431396,10.32792878,8.672735427,9.88365439,493,20,452,35,513,487
13,1000,30,7.7,28,98,945,33,14,8,55,9.084009305,99,327,32.20229115,10.07499,8.736320354,9.430310276,475,24,470,31,499,501
15,1000,30,7.7,28,90,955,30,10,5,45,8.531267256,112,344,31.98857607,9.818539661,8.244747037,8.828291272,493,16,462,29,509,491
14,1000,30,7.7,28,93,953,29,15,3,47,8.936850784,92,328,31.91837347,9.55703254,8.698981925,9.188424022,492,22,461,25,514,486
11,1000,30,7.7,28,98,950,30,15,5,50,8.888095075,111,325,32.17682822,9.873777777,8.669503456,9.13066721,499,27,451,23,526,474
9,1000,30,7.7,28,101,954,22,14,10,46,8.888251009,101,330,31.67993134,10.24832426,8.712706583,9.067341786,482,23,472,23,505,495
16,1000,30,7.7,28,63,961,27,5,7,39,8.399304773,91,343,31.27321382,9.545549357,8.074870036,8.72634541,483,19,478,20,502,498
10,1000,30,7.7,28,100,954,30,11,5,46,8.645665038,112,316,31.77189967,10.16252732,8.240880904,9.087709636,502,20,452,26,522,478
12,1000,30,7.7,28,98,944,35,10,11,56,9.274179436,96,314,31.79172793,10.31467529,8.694751283,9.884542151,492,21,452,35,513,487
13,1000,30,7.7,28,99,944,34,14,8,56,9.079898486,118,338,32.23286091,10.09249157,8.722652429,9.435718411,475,24,469,32,499,501
14,1000,30,7.7,28,94,952,30,15,3,48,8.963063248,81,305,31.96726114,9.592402981,8.734235771,9.205074201,491,23,461,25,514,486
15,1000,30,7.7,28,91,955,30,9,6,45,8.516875571,113,303,31.99003657,9.822924442,8.216455595,8.828308907,493,16,462,29,509,491
11,1000,30,7.7,28,99,949,32,15,4,51,8.89926624,90,340,32.19764243,9.899546146,8.708290339,9.111193084,498,28,451,23,526,474
9,1000,30,7.7,28,102,955,22,14,9,45,8.903194758,98,341,31.69138548,10.25814344,8.764672923,9.044515014,482,23,473,22,505,495
10,1000,30,7.7,28,101,953,31,11,5,47,8.666342613,90,337,31.7645879,10.18764075,8.267138793,9.102293228,502,20,451,27,522,478
16,1000,30,7.7,28,64,960,29,5,6,40,8.433390057,98,317,31.28508776,9.549355726,8.129643321,8.739576527,483,19,477,21,502,498
12,1000,30,7.7,28,99,943,36,10,11,57,9.298529754,105,329,31.8023964,10.32097717,8.714654387,9.913577111,492,21,451,36,513,487
13,1000,30,7.7,28,100,944,34,13,9,56,9.112200489,112,328,32.27536424,10.10584958,8.758637917,9.464351633,475,24,469,32,499,501
14,1000,30,7.7,28,95,950,32,15,3,50,8.979070028,94,336,31.98969661,9.608841016,8.76392839,9.206606658,491,23,459,27,514,486
15,1000,30,7.7,28,92,955,30,10,5,45,8.500959765,112,348,32.02208672,9.838876265,8.163600721,8.850686351,493,16,462,29,509,491
11,1000,30,7.7,28,100,950,31,15,4,50,8.87750347,115,333,32.21867161,9.90851474,8.671646288,9.10594414,499,27,451,23,526,474
9,1000,30,7.7,28,103,955,22,14,9,45,8.900573125,117,315,31.72606596,10.26624036,8.808553388,8.994451847,482,23,473,22,505,495
10,1000,30,7.7,28,102,952,32,11,5,48,8.692777804,110,323,31.78394439,10.18138576,8.29621651,9.125842649,502,20,450,28,522,478
12,1000,30,7.7,28,100,942,37,10,11,58,9.335512906,115,317,31.82570473,10.32111341,8.755469334,9.946523897,491,22,451,36,513,487
13,1000,30,7.7,28,101,945,33,12,10,55,9.111984562,89,345,32.30677463,10.11312243,8.730783941,9.491663423,477,22,468,33,499,501
16,1000,30,7.7,28,65,960,29,5,6,40,8.472953984,96,293,31.30042059,9.56623101,8.157942088,8.790496096,483,19,477,21,502,498
14,1000,30,7.7,28,96,947,35,15,3,53,9.012845925,90,311,32.02424739,9.645486048,8.79755037,9.240545339,489,25,458,28,514,486
15,1000,30,7.7,28,93,954,31,10,5,46,8.541422268,109,335,32.02867089,9.832268931,8.235092107,8.858982454,492,17,462,29,509,491
11,1000,30,7.7,28,101,949,32,14,5,51,8.910018511,89,325,32.23096727,9.938835221,8.703093596,9.13964405,499,27,450,24,526,474
10,1000,30,7.7,28,103,953,30,12,5,47,8.689782436,109,332,31.78793995,10.18722291,8.291920295,9.12426787,503,19,450,28,522,478
9,1000,30,7.7,28,104,953,23,15,9,47,8.953334568,117,303,31.74630705,10.26465447,8.878198784,9.029988246,481,24,472,23,505,495
17,1000,30,7.7,28,0,941,37,14,8,59,7.177,85,312,30.25790924,8.90065686,6.472727273,7.867326733,474,21,467,38,495,505
12,1000,30,7.7,28,101,941,38,10,11,59,9.375658492,108,328,31.84051268,10.3293142,8.800571815,9.981447949,491,22,450,37,513,487
13,1000,30,7.7,28,102,944,32,13,11,56,9.157272406,107,301,32.3421287,10.12469811,8.773755556,9.539258251,477,22,467,34,499,501
14,1000,30,7.7,28,97,946,35,16,3,54,9.043945601,101,340,32.05683648,9.651973209,8.810077924,9.291287136,489,25,457,29,514,486
16,1000,30,7.7,28,66,959,29,6,6,41,8.516462348,71,294,31.31127423,9.569970657,8.180927203,8.854692555,482,20,477,21,502,498
15,1000,30,7.7,28,94,951,34,10,5,49,8.582668108,102,338,32.05492892,9.847825209,8.250171322,8.927354186,492,17,459,32,509,491
11,1000,30,7.7,28,102,948,33,14,5,52,8.945604809,116,321,32.2673628,9.952109773,8.733805936,9.180639,499,27,449,25,526,474
10,1000,30,7.7,28,104,953,30,12,5,47,8.699892776,129,335,31.79761308,10.19694588,8.29562504,9.141373442,505,17,448,30,522,478
18,1000,30,7.7,28,0,944,27,10,19,56,7.046,91,294,29.87756287,8.873258255,6.524654832,7.582150101,486,21,458,35,507,493
17,1000,30,7.7,28,1,939,37,16,8,61,7.23172921,92,305,30.27967102,8.901963252,6.55205088,7.897948563,474,21,465,40,495,505
12,1000,30,7.7,28,102,942,39,7,12,58,9.359450715,98,333,31.8726411,10.33730321,8.771225743,9.979079896,492,21,450,37,513,487
13,1000,30,7.7,28,103,942,32,14,12,58,9.151560541,115,344,32.38347833,10.1353665,8.734827064,9.566630412,477,22,465,36,499,501
14,1000,30,7.7,28,98,946,35,16,3,54,9.044489732,102,334,32.0974366,9.679433952,8.806954531,9.295710089,489,25,457,29,514,486
11,1000,30,7.7,28,103,949,33,13,5,51,8.963893443,102,343,32.31459924,10.00240725,8.757540381,9.192884393,499,27,450,24,526,474
15,1000,30,7.7,28,95,952,33,10,5,48,8.634308012,118,332,32.05657099,9.870106799,8.290057648,8.991178552,492,17,460,31,509,491
16,1000,30,7.7,28,67,959,29,6,6,41,8.530110602,101,321,31.32199601,9.581083474,8.21420467,8.848553931,482,20,477,21,502,498
18,1000,30,7.7,28,1,944,27,10,19,56,7.054367188,94,295,29.8826967,8.887565542,6.542845393,7.580414957,486,21,458,35,507,493
17,1000,30,7.7,28,2,938,38,15,9,62,7.287576405,93,306,30.28388491,8.923173744,6.578919124,7.982200868,474,21,464,41,495,505
12,1000,30,7.7,28,103,943,39,6,12,57,9.42613101,123,323,31.88659575,10.37182099,8.801662382,10.08393882,493,20,450,37,513,487
13,1000,30,7.7,28,104,943,30,15,12,57,9.15161856,100,308,32.39604746,10.14014434,8.727028451,9.574513698,477,22,466,35,499,501
19,1000,30,7.7,28,0,919,32,20,29,81,7.83,106,292,30.228581,9.273927926,6.456692913,9.24796748,488,20,431,61,508,492
14,1000,30,7.7,28,99,947,33,16,4,53,9.074576335,113,307,32.11732933,9.67829195,8.811812916,9.352478386,490,24,457,29,514,486
11,1000,30,7.7,28,104,949,33,13,5,51,8.971313133,122,306,32.32711733,10.00785415,8.759591654,9.20626144,499,27,450,24,526,474
20,1000,30,7.7,28,0,941,28,17,14,59,7.075,99,307,29.97871831,8.896889522,6.297455969,7.887525562,490,21,451,38,511,489
15,1000,30,7.7,28,96,954,32,9,5,46,8.622953224,99,333,32.09343779,9.862761265,8.321968775,8.934971726,491,18,463,28,509,491
18,1000,30,7.7,28,2,944,28,10,18,56,7.07252543,108,329,29.90425821,8.897096755,6.552226914,7.607599159,487,20,457,36,507,493
17,1000,30,7.7,28,3,940,37,15,8,60,7.285718615,83,313,30.31800457,8.931072897,6.575942127,7.981440123,476,19,464,41,495,505
16,1000,30,7.7,28,68,958,29,7,6,42,8.53710035,114,305,31.3474954,9.604583314,8.232110435,8.844539985,482,20,476,22,502,498
12,1000,30,7.7,28,104,942,41,6,11,58,9.420983648,111,312,31.90142807,10.38941237,8.813513807,10.06088514,492,21,450,37,513,487
21,1000,30,7.7,28,0,935,29,16,20,65,7.329,94,305,30.07220895,9.072199671,6.351084813,8.334685598,487,20,448,45,507,493
14,1000,30,7.7,28,100,946,35,15,4,54,9.115721701,96,350,32.14158897,9.69729182,8.856604775,9.389767174,489,25,457,29,514,486
19,1000,30,7.7,28,1,920,31,20,29,80,7.814954295,111,298,30.24669762,9.290708065,6.482822722,9.190407221,488,20,432,60,508,492
15,1000,30,7.7,28,97,953,33,9,5,47,8.648078391,98,334,32.11049146,9.877693794,8.349269402,8.95784168,491,18,462,29,509,491
18,1000,30,7.7,28,3,943,28,11,18,57,7.134044845,93,298,29.91648135,8.938987775,6.616745832,7.666033891,486,21,457,36,507,493
20,1000,30,7.7,28,1,942,28,16,14,58,7.066409433,99,296,29.99085275,8.915045659,6.296010625,7.87146831,490,21,452,37,511,489
17,1000,30,7.7,28,4,938,37,19,6,62,7.289546195,100,303,30.29791493,8.947237607,6.59140212,7.973865635,475,20,463,42,495,505
21,1000,30,7.7,28,1,937,26,16,21,63,7.376729853,94,325,30.10124497,9.102055002,6.385822979,8.395776071,488,19,449,44,507,493
16,1000,30,7.7,28,69,958,29,7,6,42,8.571857344,95,290,31.37009035,9.616366,8.243836759,8.902512633,482,20,476,22,502,498
14,1000,30,7.7,28,101,947,34,15,4,53,9.13287654,107,307,32.16354229,9.709757049,8.880140503,9.400173501,490,24,457,29,514,486
19,1000,30,7.7,28,2,921,32,19,28,79,7.810706819,113,323,30.26741339,9.284791339,6.511418456,9.152248462,488,20,433,59,508,492
15,1000,30,7.7,28,98,954,32,9,5,46,8.672059323,105,327,32.13014335,9.873986216,8.378321136,8.976565916,491,18,463,28,509,491
18,1000,30,7.7,28,4,944,26,12,18,56,7.182235867,105,289,29.94798646,8.958720561,6.702480267,7.675615359,486,21,458,35,507,493
17,1000,30,7.7,28,5,938,37,19,6,62,7.304786626,103,301,30.32563027,8.974283908,6.622658109,7.973407646,475,20,463,42,495,505
20,1000,30,7.7,28,2,943,29,14,14,57,7.059142415,84,309,30.02693324,8.937502717,6.303463731,7.848818914,489,22,454,35,511,489
21,1000,30,7.7,28,2,939,24,16,21,61,7.375964151,105,336,30.11113481,9.101474466,6.406970224,8.372475146,488,19,451,42,507,493
14,1000,30,7.7,28,102,945,37,14,4,55,9.145570454,114,343,32.19343587,9.721164333,8.888124467,9.417848721,488,26,457,29,514,486
16,1000,30,7.7,28,70,957,30,7,6,43,8.568566222,98,321,31.38970372,9.637018971,8.257401729,8.882230028,481,21,476,22,502,498
19,1000,30,7.7,28,3,923,29,20,28,77,7.836837881,98,303,30.26835732,9.314894182,6.547163161,9.168453243,488,20,435,57,508,492
18,1000,30,7.7,28,5,945,25,12,18,55,7.169675312,85,333,29.96336979,8.96874168,6.716224479,7.636003046,486,21,459,34,507,493
15,1000,30,7.7,28,99,956,31,8,5,44,8.677717507,101,331,32.19939071,9.88226453,8.365595517,9.001281851,493,16,463,28,509,491
17,1000,30,7.7,28,6,940,34,20,6,60,7.308215825,96,333,30.3491177,9.003035328,6.642564797,7.960685645,476,19,464,41,495,505
20,1000,30,7.7,28,3,944,29,13,14,56,7.058533468,97,294,30.05273258,8.948458175,6.340800251,7.808557341,489,22,455,34,511,489
14,1000,30,7.7,28,103,944,37,15,4,56,9.168581271,103,343,32.21369763,9.748662449,8.899539313,9.453123587,487,27,457,29,514,486
21,1000,30,7.7,28,3,939,24,16,21,61,7.404964098,66,289,30.1267018,9.108768868,6.435560737,8.401896156,488,19,451,42,507,493
18,1000,30,7.7,28,6,945,25,12,18,55,7.208535549,105,284,29.97498819,9.002724869,6.778136799,7.651156575,486,21,459,34,507,493
16,1000,30,7.7,28,71,955,32,7,6,45,8.601799713,102,319,31.40119202,9.638344592,8.284923138,8.921221481,481,21,474,24,502,498
15,1000,30,7.7,28,100,954,32,9,5,46,8.71362205,107,315,32.21433668,9.886008199,8.392040588,9.046992649,492,17,462,29,509,491
19,1000,30,7.7,28,4,923,28,20,29,77,7.861134422,97,315,30.28060149,9.321670835,6.584788172,9.178987867,488,20,435,57,508,492
17,1000,30,7.7,28,7,940,33,20,7,60,7.34743694,101,308,30.3732326,9.010449142,6.683929129,7.997805983,476,19,464,41,495,505
20,1000,30,7.7,28,4,945,29,13,13,55,7.089222021,102,297,30.05527294,8.939480902,6.4121781,7.796725996,489,22,456,33,511,489
14,1000,30,7.7,28,104,944,39,14,3,56,9.163243334,94,318,32.26073827,9.771211416,8.932308333,9.407483231,487,27,457,29,514,486
22,1000,30,7.7,28,0,939,28,14,19,61,7.416,98,322,30.2407992,9.011993634,6.706720978,8.100196464,470,21,469,40,491,509
21,1000,30,7.7,28,4,939,24,16,21,61,7.418073597,107,303,30.18061428,9.115525631,6.434588078,8.429487711,488,19,451,42,507,493
18,1000,30,7.7,28,7,946,24,12,18,54,7.208661196,97,308,29.99037195,9.034226972,6.767681944,7.662163185,487,20,459,34,507,493
15,1000,30,7.7,28,101,955,31,9,5,45,8.716188378,89,341,32.23847964,9.892222556,8.350279952,9.095510961,493,16,462,29,509,491
17,1000,30,7.7,28,8,939,34,20,7,61,7.402311643,91,300,30.41303776,9.006153668,6.740378752,8.051136952,476,19,463,42,495,505
19,1000,30,7.7,28,5,924,27,21,28,76,7.844649368,94,297,30.31683167,9.344991272,6.594179385,9.135785042,489,19,435,57,508,492
16,1000,30,7.7,28,72,955,30,9,6,45,8.644662823,114,325,31.42883275,9.655978472,8.316570808,8.975390115,481,21,474,24,502,498
20,1000,30,7.7,28,5,947,27,13,13,53,7.076837234,82,317,30.0631594,8.947124276,6.436457795,7.746027199,490,21,457,32,511,489
22,1000,30,7.7,28,1,940,27,14,19,60,7.438457149,88,289,30.259396,9.041291747,6.708309364,8.142784383,471,20,469,40,491,509
18,1000,30,7.7,28,8,947,23,12,18,53,7.215182504,92,296,30.01497955,9.041129179,6.766805879,7.676291934,488,19,459,34,507,493
21,1000,30,7.7,28,5,941,22,15,22,59,7.441857615,92,324,30.18883967,9.114981321,6.513121177,8.396967907,488,19,453,40,507,493
15,1000,30,7.7,28,102,955,31,9,5,45,8.746376578,111,329,32.26406212,9.917169083,8.323009842,9.185263886,493,16,462,29,509,491
17,1000,30,7.7,28,9,940,33,19,8,60,7.409710245,98,288,30.42139079,9.020466474,6.731121855,8.07486124,477,18,463,42,495,505
19,1000,30,7.7,28,6,923,27,22,28,77,7.874582962,100,297,30.33385659,9.3302388,6.644614703,9.144550189,488,20,435,57,508,492
16,1000,30,7.7,28,73,955,30,9,6,45,8.674100718,106,324,31.49771628,9.674525536,8.336901223,9.014008642,481,21,474,24,502,498
22,1000,30,7.7,28,2,940,26,15,19,60,7.470870441,90,296,30.24752179,9.052322141,6.746548993,8.169577377,471,20,469,40,491,509
20,1000,30,7.7,28,6,948,26,13,13,52,7.086948359,105,303,30.08771457,8.966658916,6.4248526,7.778831656,492,19,456,33,511,489
18,1000,30,7.7,28,9,947,22,13,18,53,7.264967492,76,333,30.04528699,9.045674067,6.837316444,7.704762788,488,19,459,34,507,493
15,1000,30,7.7,28,103,953,33,9,5,47,8.754820026,115,335,32.27642087,9.924711241,8.381005706,9.142338332,491,18,462,29,509,491
17,1000,30,7.7,28,10,939,33,20,8,61,7.435661328,99,299,30.44091817,9.010881696,6.748280599,8.109430557,477,18,462,43,495,505
21,1000,30,7.7,28,6,941,23,16,20,59,7.440727559,98,268,30.214302,9.150441589,6.545111088,8.361777357,488,19,453,40,507,493
19,1000,30,7.7,28,7,920,30,22,28,80,7.92450517,93,291,30.33821765,9.33600217,6.684175875,9.205170377,488,20,432,60,508,492
16,1000,30,7.7,28,74,954,31,9,6,46,8.663512601,104,318,31.50854849,9.704094679,8.334432683,8.99523573,480,22,474,24,502,498
18,1000,30,7.7,28,10,946,23,13,18,54,7.274382166,106,293,30.05161895,9.055551138,6.859648559,7.700893197,488,19,458,35,507,493
22,1000,30,7.7,28,3,940,27,14,19,60,7.512761786,99,277,30.24780103,9.060405473,6.771246177,8.22805484,471,20,469,40,491,509
20,1000,30,7.7,28,7,950,25,12,13,50,7.107555523,89,322,30.13923947,8.995488419,6.463761422,7.780313776,492,19,458,31,511,489
17,1000,30,7.7,28,11,942,31,19,8,58,7.412667135,91,301,30.43965457,9.01071359,6.751544076,8.060698648,477,18,465,40,495,505
15,1000,30,7.7,28,104,953,32,10,5,47,8.769564571,116,307,32.30276129,9.948864284,8.398001462,9.154749137,491,18,462,29,509,491
23,1000,30,7.7,28,0,943,37,5,15,57,7.351,101,310,29.83219467,8.829468963,6.692307692,8.028397566,487,20,456,37,507,493
21,1000,30,7.7,28,7,942,22,16,20,58,7.464310267,98,324,30.23997876,9.150496339,6.577157994,8.376655505,488,19,454,39,507,493
19,1000,30,7.7,28,8,922,29,20,29,78,7.936142444,93,302,30.35400076,9.350354044,6.725561347,9.186092032,488,20,434,58,508,492
18,1000,30,7.7,28,11,944,25,13,18,56,7.314986263,83,320,30.088334,9.063809875,6.911012873,7.730431515,487,20,457,36,507,493
16,1000,30,7.7,28,75,955,32,8,5,45,8.655258995,104,296,31.52799935,9.705246211,8.334668656,8.978424357,481,21,474,24,502,498
17,1000,30,7.7,28,12,942,31,19,8,58,7.415222271,91,289,30.45593619,9.016856233,6.761118335,8.056373653,477,18,465,40,495,505
22,1000,30,7.7,28,4,942,27,13,18,58,7.501329582,78,301,30.25911603,9.063282358,6.770169769,8.206633056,471,20,471,38,491,509
20,1000,30,7.7,28,8,952,25,11,12,48,7.13117415,99,281,30.15570469,9.004023855,6.482536662,7.808993694,493,18,459,30,511,489
23,1000,30,7.7,28,1,943,36,6,15,57,7.373869976,83,321,29.854146,8.846287537,6.704585296,8.062160712,487,20,456,37,507,493
21,1000,30,7.7,28,8,942,23,15,20,58,7.456326754,97,290,30.25924306,9.14629599,6.610849271,8.325813739,487,20,455,38,507,493
19,1000,30,7.7,28,9,923,27,21,29,77,7.939350896,114,304,30.36221481,9.375492423,6.724933043,9.193262013,489,19,434,58,508,492
18,1000,30,7.7,28,12,945,24,12,19,55,7.318562547,91,328,30.11472246,9.080384007,6.939739499,7.708143248,487,20,458,35,507,493
17,1000,30,7.7,28,13,944,30,18,8,56,7.427906474,100,295,30.4557216,9.031117417,6.795840499,8.047456292,477,18,467,38,495,505
22,1000,30,7.7,28,5,942,27,14,17,58,7.540294987,93,321,30.27136765,9.060645562,6.835095339,8.220556338,471,20,471,38,491,509
16,1000,30,7.7,28,76,955,32,8,5,45,8.696446748,94,330,31.54731228,9.711422332,8.36571607,9.029833897,481,21,474,24,502,498
20,1000,30,7.7,28,9,952,25,11,12,48,7.146803725,87,323,30.15429926,9.014344748,6.540845578,7.780023793,492,19,460,29,511,489
21,1000,30,7.7,28,9,944,21,15,20,56,7.484685367,94,302,30.29432384,9.158103951,6.693744285,8.29808725,487,20,457,36,507,493
23,1000,30,7.7,28,2,943,34,8,15,57,7.369472885,96,310,29.86660634,8.85766789,6.723462142,8.03382876,487,20,456,37,507,493
19,1000,30,7.7,28,10,924,27,20,29,76,7.931178487,118,306,30.36575057,9.378066263,6.719060076,9.182715383,489,19,435,57,508,492
18,1000,30,7.7,28,13,945,23,13,19,55,7.324226316,94,297,30.13922276,9.082419584,6.951729337,7.707301303,487,20,458,35,507,493
17,1000,30,7.7,28,14,945,29,18,8,55,7.446030343,91,315,30.48198525,9.05001094,6.835013355,8.044947985,478,17,467,38,495,505
20,1000,30,7.7,28,10,953,25,10,12,47,7.142176742,88,309,30.1602157,9.024730854,6.53359081,7.778142817,492,19,461,28,511,489
22,1000,30,7.7,28,6,943,26,14,17,57,7.547239299,106,302,30.28979442,9.064108433,6.854612721,8.215372206,471,20,472,37,491,509
21,1000,30,7.7,28,10,945,19,16,20,55,7.525133883,91,296,30.30254493,9.168348695,6.729770101,8.34308406,487,20,458,35,507,493
16,1000,30,7.7,28,77,954,33,8,5,46,8.724208157,121,328,31.57231372,9.73109421,8.373069451,9.078167255,480,22,474,24,502,498
23,1000,30,7.7,28,3,943,34,8,15,57,7.378655951,99,312,29.88075984,8.852791426,6.760959177,8.01389381,486,21,457,36,507,493
19,1000,30,7.7,28,11,924,27,20,29,76,7.925929147,99,322,30.38847015,9.379759526,6.73330754,9.157335197,489,19,435,57,508,492
18,1000,30,7.7,28,14,946,22,14,18,54,7.330527925,98,324,30.17047135,9.091598544,6.939708362,7.732445813,488,19,458,35,507,493
17,1000,30,7.7,28,15,946,29,17,8,54,7.465416838,94,296,30.49745647,9.05398904,6.836006988,8.082363127,479,16,467,38,495,505
20,1000,30,7.7,28,11,953,25,10,12,47,7.16765529,97,278,30.19516598,9.037387852,6.558045366,7.804691426,492,19,461,28,511,489
22,1000,30,7.7,28,7,947,25,12,16,53,7.520604134,94,316,30.31820517,9.092099721,6.874604,8.14375947,471,20,476,33,491,509
21,1000,30,7.7,28,11,945,18,17,20,55,7.564899587,88,315,30.33978321,9.168391854,6.794504782,8.35717173,487,20,458,35,507,493
23,1000,30,7.7,28,4,943,34,9,14,57,7.388272675,100,308,29.86880389,8.857256846,6.728898469,8.066371504,486,21,457,36,507,493
16,1000,30,7.7,28,78,954,32,9,5,46,8.751519259,83,325,31.61725014,9.74500596,8.384235383,9.121753205,480,22,474,24,502,498
19,1000,30,7.7,28,12,925,27,21,27,75,7.936271833,93,297,30.42204597,9.40974484,6.76178015,9.148958367,490,18,435,57,508,492
18,1000,30,7.7,28,15,946,23,13,18,54,7.360885315,117,323,30.19256602,9.107329415,7.004383526,7.727510887,488,19,458,35,507,493
17,1000,30,7.7,28,16,946,29,17,8,54,7.50418331,94,326,30.50622719,9.060806922,6.866702984,8.129040263,479,16,467,38,495,505
20,1000,30,7.7,28,12,955,24,9,12,45,7.185645209,97,303,30.20719446,9.0379634,6.59187151,7.806132653,492,19,463,26,511,489
22,1000,30,7.7,28,8,947,25,12,16,53,7.556147262,100,324,30.3337113,9.111754433,6.915966184,8.173689324,471,20,476,33,491,509
23,1000,30,7.7,28,5,943,35,7,15,57,7.424780019,92,298,29.87191744,8.877551607,6.817219456,8.049593823,485,22,458,35,507,493
21,1000,30,7.7,28,12,944,20,16,20,56,7.591627531,87,331,30.34264112,9.174368675,6.84396735,8.360519442,486,21,458,35,507,493
19,1000,30,7.7,28,13,925,27,21,27,75,7.954896005,109,292,30.44629937,9.406419447,6.789751382,9.157931509,490,18,435,57,508,492
18,1000,30,7.7,28,16,946,22,15,17,54,7.369209465,94,333,30.22236087,9.119282665,7.04415782,7.703491786,488,19,458,35,507,493
16,1000,30,7.7,28,79,953,33,9,5,47,8.796626637,90,319,31.62069002,9.770841945,8.424214567,9.172029969,479,23,474,24,502,498
17,1000,30,7.7,28,17,946,29,17,8,54,7.529281886,71,326,30.54555942,9.059429261,6.905409089,8.140800766,478,17,468,37,495,505
20,1000,30,7.7,28,13,955,24,9,12,45,7.216709485,109,300,30.2291973,9.038893556,6.628954035,7.83090792,492,19,463,26,511,489
23,1000,30,7.7,28,6,943,35,7,15,57,7.433524128,99,275,29.8928787,8.904007088,6.828283045,8.055952584,485,22,458,35,507,493
21,1000,30,7.7,28,13,943,21,16,20,57,7.665095032,87,285,30.36617866,9.179322199,6.899413444,8.452520114,485,22,458,35,507,493
22,1000,30,7.7,28,9,945,28,12,15,55,7.595776144,96,282,30.37274897,9.14434998,6.960711086,8.208383105,470,21,475,34,491,509
18,1000,30,7.7,28,17,944,24,15,17,56,7.39925127,92,319,30.22545202,9.125471455,7.065110602,7.742880719,487,20,457,36,507,493
19,1000,30,7.7,28,14,927,27,20,26,73,7.94784665,85,297,30.47908235,9.425125445,6.762968692,9.171257225,490,18,437,55,508,492
17,1000,30,7.7,28,18,946,28,18,8,54,7.541376772,103,316,30.53941685,9.089149549,6.934508025,8.136228315,478,17,468,37,495,505
16,1000,30,7.7,28,80,953,33,9,5,47,8.823810972,91,318,31.63326227,9.791472559,8.452902674,9.197698454,479,23,474,24,502,498
20,1000,30,7.7,28,14,957,23,9,11,43,7.229875274,123,287,30.23452024,9.046084977,6.61189092,7.875662605,493,18,464,25,511,489
23,1000,30,7.7,28,7,944,33,7,16,56,7.447471594,78,304,29.91301759,8.901859301,6.837121122,8.075154534,485,22,459,34,507,493
21,1000,30,7.7,28,14,944,21,15,20,56,7.653921104,101,337,30.39053549,9.225797744,6.882447131,8.44730306,485,22,459,34,507,493
22,1000,30,7.7,28,10,946,27,12,15,54,7.611938875,76,296,30.40925988,9.156108058,6.968152007,8.232959214,470,21,476,33,491,509
18,1000,30,7.7,28,18,943,25,15,17,57,7.42545401,100,290,30.2375682,9.141987497,7.121831243,7.737698925,486,21,457,36,507,493
19,1000,30,7.7,28,15,930,26,19,25,70,7.940411757,110,299,30.50207098,9.434152273,6.806279379,9.11142649,490,18,440,52,508,492
17,1000,30,7.7,28,19,946,28,18,8,54,7.551735828,91,319,30.54722361,9.100531596,6.933294617,8.157930678,478,17,468,37,495,505
20,1000,30,7.7,28,15,958,22,9,11,42,7.243391656,92,301,30.26727384,9.057337371,6.63619199,7.877909099,493,18,465,24,511,489
16,1000,30,7.7,28,81,953,33,9,5,47,8.82320405,97,319,31.64428448,9.807554572,8.431303446,9.218252451,478,24,475,23,502,498
23,1000,30,7.7,28,8,944,33,7,16,56,7.483891379,86,308,29.94850206,8.919344576,6.881214689,8.103682619,485,22,459,34,507,493
21,1000,30,7.7,28,15,944,21,15,20,56,7.668791461,97,296,30.40886533,9.241179345,6.87394666,8.48620792,485,22,459,34,507,493
22,1000,30,7.7,28,11,948,26,11,15,52,7.604195751,112,327,30.43333017,9.180430954,6.961391207,8.224268505,470,21,478,31,491,509
18,1000,30,7.7,28,19,943,26,14,17,57,7.404316334,108,310,30.24216739,9.1588063,7.081863745,7.735925791,487,20,456,37,507,493
19,1000,30,7.7,28,16,930,26,18,26,70,7.975794622,94,305,30.51486177,9.451325139,6.855762951,9.132250088,490,18,440,52,508,492
17,1000,30,7.7,28,20,946,29,18,7,54,7.560225029,93,326,30.57763513,9.122654551,6.954559712,8.153896973,478,17,468,37,495,505
20,1000,30,7.7,28,16,958,23,8,11,42,7.23822876,100,311,30.28491012,9.0774133,6.604277087,7.900701776,494,17,464,25,511,489
23,1000,30,7.7,28,9,943,34,7,16,57,7.540588405,101,287,29.96859846,8.928271626,6.929408619,8.169124209,485,22,458,35,507,493
21,1000,30,7.7,28,16,943,22,15,20,57,7.699143144,97,296,30.4238172,9.250477179,6.952457242,8.467033109,485,22,458,35,507,493
16,1000,30,7.7,28,82,954,33,8,5,46,8.840622557,96,329,31.66493234,9.830128914,8.443824066,9.240608184,479,23,475,23,502,498
22,1000,30,7.7,28,12,948,26,11,15,52,7.613019896,86,302,30.45538932,9.187887565,6.970154571,8.233151282,470,21,478,31,491,509
18,1000,30,7.7,28,20,944,26,13,17,56,7.402624504,96,283,30.26063969,9.144682799,7.070006192,7.744688367,488,19,456,37,507,493
19,1000,30,7.7,28,17,929,27,18,26,71,7.995122675,100,298,30.52416151,9.458630832,6.885415394,9.140917997,490,18,439,53,508,492
17,1000,30,7.7,28,21,946,29,17,8,54,7.603808017,99,309,30.5862763,9.143542846,6.962948162,8.231977577,478,17,468,37,495,505
20,1000,30,7.7,28,17,959,22,8,11,41,7.273328163,94,339,30.28157984,9.100080729,6.650305972,7.924379982,494,17,465,24,511,489
23,1000,30,7.7,28,10,943,34,6,17,57,7.603121169,97,308,29.99758485,8.933718575,7.009054415,8.214057973,484,23,459,34,507,493
21,1000,30,7.7,28,17,941,23,15,21,59,7.726947594,117,306,30.44682076,9.25102731,6.994615205,8.48007644,484,23,457,36,507,493
18,1000,30,7.7,28,21,944,26,12,18,56,7.446201138,106,296,30.26046505,9.152925293,7.15791284,7.742676121,488,19,456,37,507,493
22,1000,30,7.7,28,13,949,26,11,14,51,7.631030122,101,308,30.513423,9.208901489,6.985169917,8.254050478,471,20,478,31,491,509
16,1000,30,7.7,28,83,953,34,7,6,47,8.884209482,90,307,31.69300569,9.861741899,8.501031426,9.270465273,479,23,474,24,502,498
19,1000,30,7.7,28,18,931,25,18,26,69,7.996382738,105,304,30.52335101,9.47118959,6.905815879,9.122415186,491,17,440,52,508,492
17,1000,30,7.7,28,22,943,32,17,8,57,7.646178455,89,312,30.59421075,9.164003675,6.972094102,8.306914602,478,17,465,40,495,505
20,1000,30,7.7,28,18,957,24,8,11,43,7.299333965,97,296,30.28330027,9.101099585,6.696341667,7.929454752,492,19,465,24,511,489
23,1000,30,7.7,28,11,946,31,6,17,54,7.599138803,87,305,30.0109569,8.9507538,6.993258725,8.222224401,486,21,460,33,507,493
21,1000,30,7.7,28,18,942,23,15,20,58,7.738839672,89,292,30.47068083,9.268812884,7.058751101,8.438241103,484,23,458,35,507,493
18,1000,30,7.7,28,22,946,24,12,18,54,7.457652054,103,291,30.277082,9.16595498,7.168007781,7.755521518,489,18,457,36,507,493
22,1000,30,7.7,28,14,949,26,12,13,51,7.649213286,103,296,30.53604705,9.23598976,7.023989458,8.252327037,470,21,479,30,491,509
19,1000,30,7.7,28,19,932,24,18,26,68,8.044868694,98,313,30.55652885,9.485784979,6.997568333,9.126227603,491,17,441,51,508,492
16,1000,30,7.7,28,84,953,34,7,6,47,8.883157932,105,361,31.7142088,9.866934767,8.485288645,9.284222956,479,23,474,24,502,498
17,1000,30,7.7,28,23,943,32,17,8,57,7.685997671,84,302,30.59565481,9.175378572,7.000464962,8.357955474,478,17,465,40,495,505
20,1000,30,7.7,28,19,957,24,8,11,43,7.327023242,95,271,30.30829976,9.125493905,6.721836386,7.959437318,492,19,465,24,511,489
23,1000,30,7.7,28,12,946,32,6,16,54,7.615333856,92,300,30.03349173,8.966532028,6.985159929,8.26340319,486,21,460,33,507,493
21,1000,30,7.7,28,19,942,23,15,20,58,7.778937832,97,311,30.47627439,9.267961958,7.106872707,8.470087972,484,23,458,35,507,493
18,1000,30,7.7,28,23,947,24,11,18,53,7.473924236,92,335,30.29756056,9.185305623,7.200575708,7.755035198,489,18,458,35,507,493
19,1000,30,7.7,28,20,933,23,19,25,67,8.011440072,98,318,30.59329091,9.503558712,6.994298984,9.061658919,491,17,442,50,508,492
22,1000,30,7.7,28,15,950,25,12,13,50,7.660658513,87,317,30.55033439,9.262438531,7.003875818,8.294215101,471,20,479,30,491,509
17,1000,30,7.7,28,24,944,32,16,8,56,7.701602318,96,300,30.61116882,9.20637315,7.027908745,8.361955424,478,17,466,39,495,505
20,1000,30,7.7,28,20,957,24,8,11,43,7.366817846,103,311,30.3186282,9.119360541,6.771771935,7.988634739,492,19,465,24,511,489
16,1000,30,7.7,28,85,950,37,7,6,50,8.924818583,95,307,31.72929463,9.867300118,8.527790235,9.325035913,478,24,472,26,502,498
23,1000,30,7.7,28,13,947,32,5,16,53,7.615380119,102,291,30.0661802,8.991656659,6.982547126,8.266184028,486,21,461,32,507,493
21,1000,30,7.7,28,20,944,23,13,20,56,7.783625433,91,299,30.50973441,9.287109942,7.079895427,8.507339657,486,21,458,35,507,493
18,1000,30,7.7,28,24,947,24,11,18,53,7.518144194,100,314,30.34659242,9.187021118,7.251204528,7.792664297,489,18,458,35,507,493
19,1000,30,7.7,28,21,934,23,17,26,66,8.036840259,80,323,30.5981475,9.501206118,7.016568473,9.090291617,491,17,443,49,508,492
22,1000,30,7.7,28,16,951,25,11,13,49,7.65234087,106,298,30.58961949,9.279101256,7.017221522,8.265000202,471,20,480,29,491,509
17,1000,30,7.7,28,25,946,30,16,8,54,7.710706427,109,301,30.63068554,9.218735851,7.081323834,8.327625998,478,17,468,37,495,505
20,1000,30,7.7,28,21,955,25,9,11,45,7.426735749,83,297,30.36838671,9.119307045,6.833174202,8.047001496,490,21,465,24,511,489
23,1000,30,7.7,28,14,947,32,5,16,53,7.632997035,87,300,30.08713423,9.000551442,6.999823466,8.284151192,486,21,461,32,507,493
16,1000,30,7.7,28,86,950,37,7,6,50,8.98035499,91,329,31.7549285,9.885155296,8.568965898,9.395048412,478,24,472,26,502,498
21,1000,30,7.7,28,21,943,24,13,20,57,7.787593491,94,310,30.509712,9.282959979,7.07212473,8.523379822,486,21,457,36,507,493
18,1000,30,7.7,28,25,949,22,11,18,51,7.515246204,100,307,30.38790288,9.213072509,7.225372901,7.813351204,490,17,459,34,507,493
19,1000,30,7.7,28,22,935,22,17,26,65,8.059726706,92,314,30.61070718,9.506150352,7.074887053,9.076593666,491,17,444,48,508,492
22,1000,30,7.7,28,17,952,24,11,13,48,7.672739275,104,328,30.64287834,9.289892182,7.055984668,8.267683306,471,20,481,28,491,509
17,1000,30,7.7,28,26,948,28,16,8,52,7.706330012,99,310,30.64498173,9.222650317,7.032364813,8.366949366,480,15,468,37,495,505
20,1000,30,7.7,28,22,954,26,8,12,46,7.432459783,101,319,30.39867843,9.122965017,6.873249326,8.016828993,489,22,465,24,511,489
23,1000,30,7.7,28,15,948,32,4,16,52,7.635744692,90,292,30.12453015,8.999527179,7.006339786,8.283023166,486,21,462,31,507,493
16,1000,30,7.7,28,87,949,37,8,6,51,9.020899444,108,296,31.77573545,9.889706615,8.622650016,9.422347661,477,25,472,26,502,498
21,1000,30,7.7,28,22,943,24,12,21,57,7.827591287,99,305,30.53750067,9.275208824,7.109671171,8.565898586,486,21,457,36,507,493
18,1000,30,7.7,28,26,949,22,11,18,51,7.536384148,86,325,30.3993504,9.207536919,7.245380168,7.835651933,490,17,459,34,507,493
19,1000,30,7.7,28,23,937,21,18,24,63,8.001503079,104,338,30.62607426,9.508775604,7.022643637,9.012195348,492,16,445,47,508,492
17,1000,30,7.7,28,27,948,28,16,8,52,7.721999186,89,317,30.66531142,9.235502201,7.048687142,8.381978318,480,15,468,37,495,505
22,1000,30,7.7,28,18,948,28,11,13,52,7.736417734,95,312,30.65654555,9.277133066,7.118231883,8.332742397,470,21,478,31,491,509
20,1000,30,7.7,28,23,953,26,10,11,47,7.456640513,97,312,30.43920736,9.130506896,6.917445292,8.020094006,488,23,465,24,511,489
23,1000,30,7.7,28,16,949,31,5,15,51,7.659251167,87,302,30.13130971,9.015179728,7.034375878,8.301871393,486,21,463,30,507,493
18,1000,30,7.7,28,27,948,23,11,18,52,7.59155354,91,324,30.43640833,9.203710363,7.302396608,7.888921826,490,17,458,35,507,493
21,1000,30,7.7,28,23,944,23,12,21,56,7.835933166,89,317,30.55124311,9.286047489,7.129317288,8.562615215,487,20,457,36,507,493
16,1000,30,7.7,28,88,947,35,11,7,53,9.058303364,91,305,31.78542679,9.900990171,8.642298751,9.477649379,476,26,471,27,502,498
19,1000,30,7.7,28,24,938,21,18,23,62,8.031499952,96,297,30.64080846,9.532693155,7.047348144,9.047656696,492,16,446,46,508,492
17,1000,30,7.7,28,28,952,26,13,9,48,7.688403092,107,313,30.68286743,9.264469506,7.029951683,8.333815859,482,13,470,35,495,505
22,1000,30,7.7,28,19,949,26,12,13,51,7.744832344,112,301,30.67362657,9.285096707,7.107451215,8.359673472,471,20,478,31,491,509
20,1000,30,7.7,28,24,953,26,11,10,47,7.53494763,91,297,30.42810644,9.130434908,6.987499253,8.107025586,488,23,465,24,511,489
23,1000,30,7.7,28,17,950,31,5,14,50,7.676677472,87,312,30.16145207,9.013309925,7.059316824,8.31156966,486,21,464,29,507,493
18,1000,30,7.7,28,28,949,24,10,17,51,7.614458651,98,313,30.45059813,9.21308925,7.349267961,7.88718011,491,16,458,35,507,493
21,1000,30,7.7,28,24,945,22,12,21,55,7.856789261,95,324,30.58269573,9.284943283,7.132322709,8.6018289,488,19,457,36,507,493
19,1000,30,7.7,28,25,938,22,18,22,62,8.0239655,100,316,30.64603344,9.534610235,7.03088794,9.049338266,492,16,446,46,508,492
17,1000,30,7.7,28,29,952,26,13,9,48,7.716293567,83,314,30.71852489,9.281715483,7.056373351,8.363146055,482,13,470,35,495,505
16,1000,30,7.7,28,89,948,34,11,7,52,9.08438725,113,308,31.81240811,9.908557213,8.664004717,9.508146349,477,25,471,27,502,498
22,1000,30,7.7,28,20,950,25,12,13,50,7.767813367,81,288,30.68462535,9.323446854,7.147502468,8.366187927,471,20,479,30,491,509
23,1000,30,7.7,28,18,950,31,6,13,50,7.67517015,97,294,30.20329547,9.02110856,7.054652631,8.313308857,486,21,464,29,507,493
20,1000,30,7.7,28,25,953,27,11,9,47,7.546128005,103,311,30.4786492,9.157444418,6.995157102,8.121886966,489,22,464,25,511,489
18,1000,30,7.7,28,29,949,22,12,17,51,7.665556103,99,305,30.45352673,9.214332185,7.422122118,7.915903021,491,16,458,35,507,493
21,1000,30,7.7,28,25,945,23,12,20,55,7.869508978,102,326,30.60179357,9.31656677,7.157960435,8.601263768,488,19,457,36,507,493
19,1000,30,7.7,28,26,939,21,18,22,61,8.066664082,108,318,30.66923474,9.547996887,7.089213804,9.075901361,493,15,446,46,508,492
17,1000,30,7.7,28,30,951,27,13,9,49,7.75725431,103,330,30.76939269,9.280361558,7.108042667,8.393610277,481,14,470,35,495,505
22,1000,30,7.7,28,21,953,24,11,12,47,7.748083663,98,330,30.72101238,9.350423449,7.164532351,8.310998583,472,19,481,28,491,509
16,1000,30,7.7,28,90,948,33,12,7,52,9.08882007,116,349,31.80215002,9.914217917,8.670142271,9.510860742,477,25,471,27,502,498
23,1000,30,7.7,28,19,952,28,7,13,48,7.678420122,93,286,30.23597042,9.035638393,7.087599015,8.28601911,487,20,465,28,507,493
20,1000,30,7.7,28,26,954,27,10,9,46,7.607519748,86,301,30.51054637,9.173063205,7.054135746,8.185800372,490,21,464,25,511,489
18,1000,30,7.7,28,30,950,21,12,17,50,7.684968412,98,282,30.47499791,9.23491961,7.424723168,7.952603987,491,16,459,34,507,493
21,1000,30,7.7,28,26,946,22,12,20,54,7.873664239,93,315,30.63375347,9.332753299,7.127909577,8.640596518,489,18,457,36,507,493
17,1000,30,7.7,28,31,949,28,14,9,51,7.782970213,96,313,30.78857435,9.285920406,7.101841961,8.450610776,481,14,468,37,495,505
19,1000,30,7.7,28,27,940,20,18,22,60,8.099579939,92,294,30.69064453,9.549521539,7.119913197,9.111105761,494,14,446,46,508,492
20,1000,30,7.7,28,27,955,26,10,9,45,7.615563921,96,310,30.51964093,9.170238324,7.053618812,8.202790814,490,21,465,24,511,489
23,1000,30,7.7,28,20,954,26,7,13,46,7.703920096,95,299,30.2779063,9.058919501,7.102761925,8.322149696,488,19,466,27,507,493
22,1000,30,7.7,28,22,955,25,7,13,45,7.725225135,102,303,30.75129153,9.360253094,7.135069433,8.294510891,473,18,482,27,491,509
16,1000,30,7.7,28,91,948,34,12,6,52,9.106029576,106,326,31.83424623,9.920411153,8.714975977,9.500224168,476,26,472,26,502,498
18,1000,30,7.7,28,31,950,21,12,17,50,7.693246216,96,320,30.48548261,9.254815944,7.462388522,7.930659706,491,16,459,34,507,493
21,1000,30,7.7,28,27,947,22,13,18,53,7.85201927,102,318,30.63711939,9.342957495,7.119442444,8.605399495,490,17,457,36,507,493
17,1000,30,7.7,28,32,951,27,14,8,49,7.803828229,107,305,30.8071134,9.298216356,7.167137702,8.427911022,481,14,470,35,495,505
19,1000,30,7.7,28,28,941,19,19,21,59,8.121524077,86,318,30.68524966,9.550201703,7.159133101,9.11521232,494,14,447,45,508,492
23,1000,30,7.7,28,21,955,25,7,13,45,7.733325644,101,344,30.31616487,9.070427801,7.155569336,8.327488825,488,19,467,26,507,493
20,1000,30,7.7,28,28,955,25,10,10,45,7.647322905,95,309,30.53672805,9.165407235,7.072119258,8.248404834,490,21,465,24,511,489
22,1000,30,7.7,28,23,954,26,7,13,46,7.743184873,105,324,30.77180215,9.369268923,7.12660548,8.337959887,473,18,481,28,491,509
18,1000,30,7.7,28,32,950,22,12,16,50,7.703747789,99,303,30.46684495,9.269535439,7.441168061,7.973784143,491,16,459,34,507,493
16,1000,30,7.7,28,92,947,33,13,7,53,9.13700479,104,313,31.85631963,9.904380777,8.760943705,9.516086445,475,27,472,26,502,498
21,1000,30,7.7,28,28,947,23,13,17,53,7.875367432,111,304,30.65751873,9.367100414,7.153645101,8.617584921,490,17,457,36,507,493
17,1000,30,7.7,28,33,952,26,14,8,48,7.824902335,96,321,30.80358091,9.288617623,7.19772285,8.439662424,482,13,470,35,495,505
19,1000,30,7.7,28,29,942,20,18,20,58,8.125734036,118,302,30.69124071,9.550637837,7.180495922,9.101711601,493,15,449,43,508,492
23,1000,30,7.7,28,22,956,24,7,13,44,7.727104629,102,299,30.33641547,9.079009913,7.157397365,8.312990193,489,18,467,26,507,493
20,1000,30,7.7,28,29,953,28,10,9,47,7.675763067,96,334,30.5564459,9.173002585,7.116319348,8.260376033,490,21,463,26,511,489
22,1000,30,7.7,28,24,954,26,7,13,46,7.775958455,82,305,30.779956,9.382474968,7.176192717,8.354514402,473,18,481,28,491,509
18,1000,30,7.7,28,33,951,20,13,16,49,7.704427554,109,338,30.51063629,9.279920436,7.397279195,8.02029818,492,15,459,34,507,493
17,1000,30,7.7,28,34,950,28,14,8,50,7.850366695,97,319,30.83584241,9.299587062,7.237594048,8.451005231,480,15,470,35,495,505
21,1000,30,7.7,28,29,948,23,13,16,52,7.907511715,108,293,30.70830503,9.388980964,7.197778867,8.637399247,491,16,457,36,507,493
19,1000,30,7.7,28,30,944,20,18,18,56,8.108135851,103,310,30.67933068,9.552767205,7.186023065,9.060236045,493,15,451,41,508,492
16,1000,30,7.7,28,93,947,33,12,8,53,9.149089005,99,316,31.8576399,9.911487958,8.735239209,9.566262896,475,27,472,26,502,498
20,1000,30,7.7,28,30,952,28,11,9,48,7.695817799,103,306,30.59304242,9.189900781,7.088971803,8.32996566,490,21,462,27,511,489
23,1000,30,7.7,28,23,955,24,8,13,45,7.734977655,102,323,30.37492429,9.102102886,7.143658935,8.343088387,488,19,467,26,507,493
22,1000,30,7.7,28,25,953,27,6,14,47,7.787696726,91,322,30.80979516,9.379105197,7.160924526,8.392304093,473,18,480,29,491,509
18,1000,30,7.7,28,34,952,20,12,16,48,7.711176759,91,287,30.54171533,9.310911426,7.406785497,8.024211992,492,15,460,33,507,493
17,1000,30,7.7,28,35,949,29,14,8,51,7.853419704,107,307,30.8685245,9.325935577,7.229865883,8.464625925,481,14,468,37,495,505
21,1000,30,7.7,28,30,946,25,13,16,54,7.984669325,99,323,30.72087469,9.386440585,7.286621504,8.702540004,491,16,455,38,507,493
19,1000,30,7.7,28,31,944,20,18,18,56,8.094694081,109,335,30.70956755,9.56607099,7.171868358,9.047530396,493,15,451,41,508,492
16,1000,30,7.7,28,94,947,31,14,8,53,9.186517529,112,354,31.87700596,9.924325728,8.753737549,9.622773653,475,27,472,26,502,498
20,1000,30,7.7,28,31,953,28,10,9,47,7.702526095,115,285,30.60020046,9.199055873,7.107123316,8.324715911,490,21,463,26,511,489
23,1000,30,7.7,28,24,955,25,7,13,45,7.774352751,92,324,30.4035096,9.102283097,7.153314475,8.413027004,489,18,466,27,507,493
22,1000,30,7.7,28,26,953,28,6,13,47,7.786149911,105,327,30.80695985,9.375006712,7.182490871,8.36846148,473,18,480,29,491,509
18,1000,30,7.7,28,35,953,19,12,16,47,7.74763143,91,312,30.57058231,9.305120387,7.462244449,8.041122707,492,15,461,32,507,493
17,1000,30,7.7,28,36,950,29,13,8,50,7.858025512,116,333,30.86413143,9.335868675,7.197439394,8.505530717,482,13,468,37,495,505
21,1000,30,7.7,28,31,947,24,13,16,53,7.946768444,95,319,30.71750745,9.383588415,7.248124091,8.665252597,492,15,455,38,507,493
19,1000,30,7.7,28,32,944,21,16,19,56,8.084925119,100,298,30.76133126,9.579935973,7.201903443,8.996662947,493,15,451,41,508,492
23,1000,30,7.7,28,25,955,25,7,13,45,7.798044601,95,310,30.43629175,9.101084841,7.158331896,8.455923589,489,18,466,27,507,493
20,1000,30,7.7,28,32,952,29,10,9,48,7.737988753,95,320,30.60170934,9.199199341,7.155977402,8.346184664,490,21,462,27,511,489
16,1000,30,7.7,28,95,947,31,14,8,53,9.173825159,113,362,31.91250591,9.916761322,8.754071298,9.596950538,475,27,472,26,502,498
18,1000,30,7.7,28,36,955,18,10,17,45,7.745624704,87,302,30.59279324,9.30993228,7.482225513,8.016503791,492,15,463,30,507,493
22,1000,30,7.7,28,27,953,29,6,12,47,7.771827904,97,323,30.81955229,9.386759292,7.185061839,8.337843892,473,18,480,29,491,509
17,1000,30,7.7,28,37,950,29,13,8,50,7.880793883,85,299,30.88747382,9.339834638,7.22679275,8.521844498,482,13,468,37,495,505
21,1000,30,7.7,28,32,948,24,13,15,52,7.975512997,94,289,30.75394634,9.40063961,7.305280495,8.664778471,493,14,455,38,507,493
19,1000,30,7.7,28,33,944,22,16,18,56,8.097437893,96,302,30.7740089,9.594870806,7.252740878,8.969604729,493,15,451,41,508,492
23,1000,30,7.7,28,26,953,28,6,13,47,7.838427351,86,299,30.43800776,9.109823313,7.204358333,8.490502386,487,20,466,27,507,493
20,1000,30,7.7,28,33,954,27,11,8,46,7.706108577,103,310,30.63974286,9.215744547,7.09042647,8.349490084,492,19,462,27,511,489
18,1000,30,7.7,28,37,955,18,10,17,45,7.756012594,77,308,30.59372874,9.313480456,7.472717846,8.047352223,492,15,463,30,507,493
16,1000,30,7.7,28,96,950,30,13,7,50,9.134806288,105,340,31.93522268,9.943089324,8.679075431,9.594197635,478,24,472,26,502,498
22,1000,30,7.7,28,28,955,27,6,12,45,7.787218634,88,304,30.82508669,9.406775634,7.187609241,8.365623766,474,17,481,28,491,509
17,1000,30,7.7,28,38,950,29,13,8,50,7.911654504,104,319,30.91158037,9.346433654,7.268633489,8.54194243,482,13,468,37,495,505
19,1000,30,7.7,28,34,945,21,15,19,55,8.130230702,94,299,30.78368143,9.596161614,7.275180767,9.013087138,494,14,451,41,508,492
21,1000,30,7.7,28,33,948,25,13,14,52,7.991105107,85,291,30.80331108,9.411017383,7.318736421,8.682567428,493,14,455,38,507,493
20,1000,30,7.7,28,34,955,26,10,9,45,7.711785101,102,296,30.66873525,9.25684118,7.096092117,8.355177973,492,19,463,26,511,489
23,1000,30,7.7,28,27,954,27,6,13,46,7.836963183,96,344,30.46114022,9.117406748,7.215425985,8.476150523,488,19,466,27,507,493
18,1000,30,7.7,28,38,955,18,10,17,45,7.77355111,111,309,30.64023984,9.31610485,7.471741634,8.083931241,492,15,463,30,507,493
22,1000,30,7.7,28,29,955,27,6,12,45,7.77537668,99,291,30.84743208,9.407407676,7.216906167,8.314097745,473,18,482,27,491,509
17,1000,30,7.7,28,39,949,30,13,8,51,7.946469634,98,323,30.91839939,9.360023809,7.310615379,8.569732716,481,14,468,37,495,505
16,1000,30,7.7,28,97,950,31,12,7,50,9.150585912,106,320,31.95135909,9.946187663,8.714298909,9.590377228,479,23,471,27,502,498
19,1000,30,7.7,28,35,946,20,15,19,54,8.163800351,118,330,30.81835878,9.600336275,7.34675708,9.007414134,494,14,452,40,508,492
21,1000,30,7.7,28,34,947,26,13,14,53,8.039723151,102,314,30.85758615,9.402467962,7.372045207,8.726361523,492,15,455,38,507,493
20,1000,30,7.7,28,35,954,27,9,10,46,7.744066492,89,331,30.69075818,9.260659621,7.14056209,8.374722421,491,20,463,26,511,489
23,1000,30,7.7,28,28,954,27,6,13,46,7.830217869,91,296,30.47227055,9.12480646,7.220205156,8.457553458,488,19,466,27,507,493
18,1000,30,7.7,28,39,956,17,10,17,44,7.811622286,102,312,30.64577735,9.329079877,7.490747288,8.141609352,492,15,464,29,507,493
17,1000,30,7.7,28,40,946,33,13,8,54,7.954671355,98,306,30.96290702,9.375836873,7.311754848,8.584856841,479,16,467,38,495,505
22,1000,30,7.7,28,30,956,27,5,12,44,7.765268724,116,313,30.86009177,9.41204716,7.22502037,8.286412029,473,18,483,26,491,509
19,1000,30,7.7,28,36,946,20,15,19,54,8.184859733,87,306,30.82390694,9.618454589,7.37488063,9.021179619,494,14,452,40,508,492
21,1000,30,7.7,28,35,948,26,12,14,52,8.061791686,100,355,30.86718215,9.403737775,7.423731408,8.717971323,492,15,456,37,507,493
16,1000,30,7.7,28,98,953,29,11,7,47,9.143647999,116,345,31.97317152,9.963511152,8.732762835,9.557833445,480,22,473,25,502,498
20,1000,30,7.7,28,36,954,27,9,10,46,7.771308196,108,305,30.71508206,9.281110293,7.178805572,8.390467379,491,20,463,26,511,489
23,1000,30,7.7,28,29,953,28,6,13,47,7.864956365,99,318,30.48059723,9.133064981,7.241168593,8.506458192,488,19,465,28,507,493
18,1000,30,7.7,28,40,957,15,11,17,43,7.785206168,84,300,30.64640974,9.351233115,7.448540785,8.13143203,493,14,464,29,507,493
17,1000,30,7.7,28,41,948,31,14,7,52,7.946923306,116,337,30.99585935,9.359216036,7.347880978,8.53410341,479,16,469,36,495,505
22,1000,30,7.7,28,31,956,27,5,12,44,7.800840505,104,321,30.87310029,9.417050597,7.264954997,8.317775248,473,18,483,26,491,509
19,1000,30,7.7,28,37,947,19,15,19,53,8.183864486,86,331,30.86584683,9.634894731,7.395864989,8.997489983,494,14,453,39,508,492
21,1000,30,7.7,28,36,946,28,12,14,54,8.084088823,110,324,30.87228869,9.394181767,7.447224219,8.739038831,491,16,455,38,507,493
20,1000,30,7.7,28,37,954,28,9,9,46,7.816997116,92,311,30.734983,9.288210749,7.186228268,8.476144112,491,20,463,26,511,489
23,1000,30,7.7,28,30,955,26,6,13,45,7.862189982,92,289,30.47208866,9.148777565,7.247197904,8.494646338,490,17,465,28,507,493
16,1000,30,7.7,28,99,949,31,12,8,51,9.16677824,102,328,31.98928145,9.97454502,8.76225081,9.574554887,479,23,470,28,502,498
18,1000,30,7.7,28,41,957,15,11,17,43,7.814427343,89,304,30.67063329,9.352457259,7.487991759,8.150132903,493,14,464,29,507,493
17,1000,30,7.7,28,42,947,32,14,7,53,7.941270056,112,326,31.00604527,9.370090775,7.334065957,8.536450311,478,17,469,36,495,505
19,1000,30,7.7,28,38,947,20,15,18,53,8.178840269,93,313,30.9259676,9.641746065,7.391477436,8.991808397,494,14,453,39,508,492
22,1000,30,7.7,28,32,957,27,4,12,43,7.788071428,101,334,30.89395616,9.431589031,7.185512404,8.369321881,475,16,482,27,491,509
21,1000,30,7.7,28,37,945,29,12,14,55,8.107055047,89,322,30.91002488,9.40474382,7.444777152,8.788140022,490,17,455,38,507,493
20,1000,30,7.7,28,38,956,27,8,9,44,7.815579152,107,311,30.744229,9.288053903,7.206453656,8.452109067,492,19,464,25,511,489
23,1000,30,7.7,28,31,956,26,5,13,44,7.833487385,98,308,30.510147,9.163371714,7.190004742,8.49524337,491,16,465,28,507,493
18,1000,30,7.7,28,42,960,13,10,17,40,7.803021723,99,317,30.68256036,9.360208241,7.479780393,8.13544232,494,13,466,27,507,493
16,1000,30,7.7,28,100,947,33,12,8,53,9.208450263,118,321,32.00428758,9.98378228,8.76947066,9.650955807,478,24,469,29,502,498
17,1000,30,7.7,28,43,948,32,13,7,52,7.937645522,93,311,31.02675847,9.388664315,7.344543043,8.519003397,478,17,470,35,495,505
19,1000,30,7.7,28,39,947,21,14,18,53,8.214111995,80,311,30.94821848,9.651133997,7.414270581,9.039964512,494,14,453,39,508,492
21,1000,30,7.7,28,38,944,29,13,14,56,8.129928744,102,305,30.9164329,9.412644372,7.470283578,8.808306227,490,17,454,39,507,493
22,1000,30,7.7,28,33,957,26,5,12,43,7.830847491,97,306,30.91228868,9.452736344,7.260431133,8.381091954,475,16,482,27,491,509
20,1000,30,7.7,28,39,956,27,8,9,44,7.827463356,115,329,30.75499671,9.297868741,7.210898425,8.471767406,492,19,464,25,511,489
23,1000,30,7.7,28,32,955,28,5,12,45,7.867261584,108,311,30.52659651,9.17126582,7.228538242,8.524123113,491,16,464,29,507,493
18,1000,30,7.7,28,43,960,13,10,17,40,7.828648247,102,316,30.69945013,9.385239937,7.525721099,8.140177789,494,13,466,27,507,493
17,1000,30,7.7,28,44,947,33,13,7,53,7.966566586,96,316,31.04861509,9.378381155,7.34148623,8.579269112,477,18,470,35,495,505
16,1000,30,7.7,28,101,948,32,12,8,52,9.193690146,95,330,32.03017932,9.993266036,8.756816298,9.63407302,479,23,469,29,502,498
19,1000,30,7.7,28,40,948,20,15,17,52,8.245301752,102,325,30.96280779,9.648812464,7.416316811,9.101245554,495,13,453,39,508,492
21,1000,30,7.7,28,39,943,30,13,14,57,8.151873605,93,302,30.95723026,9.408775609,7.493024876,8.829432035,489,18,454,39,507,493
22,1000,30,7.7,28,34,958,27,5,10,42,7.811960704,97,303,30.91479393,9.452195414,7.194048001,8.408021876,477,14,481,28,491,509
23,1000,30,7.7,28,33,955,28,5,12,45,7.881919262,102,327,30.54457148,9.189914634,7.255715007,8.525906194,491,16,464,29,507,493
20,1000,30,7.7,28,40,955,28,8,9,45,7.838663634,92,299,30.76828716,9.27740359,7.179119799,8.527880198,492,19,463,26,511,489
18,1000,30,7.7,28,44,960,13,10,17,40,7.806808745,116,310,30.74734497,9.412626489,7.539033002,8.082188668,494,13,466,27,507,493
17,1000,30,7.7,28,45,947,34,12,7,53,7.992658253,98,310,31.06996239,9.375208734,7.359012472,8.613756592,476,19,471,34,495,505
19,1000,30,7.7,28,41,948,21,14,17,52,8.222713711,100,339,30.98717607,9.668580863,7.443845716,9.026910745,494,14,454,38,508,492
16,1000,30,7.7,28,102,950,32,11,7,50,9.159430222,125,303,32.03698986,9.988966132,8.738165696,9.584078398,480,22,470,28,502,498
21,1000,30,7.7,28,40,943,30,13,14,57,8.189411499,108,327,30.98145097,9.406506788,7.552828507,8.8440719,488,19,455,38,507,493
22,1000,30,7.7,28,35,959,26,7,8,41,7.822572964,100,317,30.93801814,9.476709243,7.235853128,8.388544358,478,13,481,28,491,509
23,1000,30,7.7,28,34,955,28,5,12,45,7.888432025,95,308,30.54689972,9.190128255,7.275437569,8.518834032,491,16,464,29,507,493
20,1000,30,7.7,28,41,956,28,8,8,44,7.850663265,90,334,30.78667709,9.31955879,7.209632596,8.52053376,493,18,463,26,511,489
18,1000,30,7.7,28,45,960,12,11,17,40,7.837728298,101,293,30.76305524,9.422311512,7.581278868,8.101460267,494,13,466,27,507,493
17,1000,30,7.7,28,46,946,35,12,7,54,8.028413672,101,300,31.09113923,9.399473401,7.424095624,8.620765026,475,20,471,34,495,505
19,1000,30,7.7,28,42,948,20,15,17,52,8.250950398,91,296,31.00266179,9.679273491,7.523706958,9.001844031,494,14,454,38,508,492
21,1000,30,7.7,28,41,943,31,12,14,57,8.213349472,77,333,31.0053665,9.416989364,7.56415728,8.880977142,488,19,455,38,507,493
23,1000,30,7.7,28,35,957,27,6,10,43,7.875404985,102,312,30.54227295,9.206621608,7.263383153,8.504806747,493,14,464,29,507,493
20,1000,30,7.7,28,42,956,29,7,8,44,7.887149361,93,317,30.80137492,9.30430553,7.199568492,8.605664339,494,17,462,27,511,489
16,1000,30,7.7,28,103,949,33,11,7,51,9.161641502,87,328,32.01926503,10.00697368,8.766193441,9.560265853,480,22,469,29,502,498
22,1000,30,7.7,28,36,960,25,7,8,40,7.849171217,79,308,30.99141946,9.492856861,7.26539122,8.412306735,479,12,481,28,491,509
18,1000,30,7.7,28,46,959,13,11,17,41,7.860509338,92,321,30.79712634,9.447611983,7.641274972,8.085969428,493,14,466,27,507,493
17,1000,30,7.7,28,47,944,38,12,6,56,8.018200832,98,304,31.1097134,9.399106614,7.406883159,8.617413204,474,21,470,35,495,505
19,1000,30,7.7,28,43,949,21,12,18,51,8.261133496,100,329,31.03061534,9.683344326,7.56250206,8.982484655,494,14,455,37,508,492
21,1000,30,7.7,28,42,944,30,12,14,56,8.246937537,97,320,31.05147406,9.426478651,7.615407494,8.896401495,488,19,456,37,507,493
23,1000,30,7.7,28,36,959,25,6,10,41,7.900773327,95,323,30.59640121,9.20132153,7.319704475,8.49834312,493,14,466,27,507,493
20,1000,30,7.7,28,43,957,28,7,8,43,7.905798263,106,302,30.84986423,9.323464445,7.240121353,8.601423826,494,17,463,26,511,489
22,1000,30,7.7,28,37,960,25,7,8,40,7.874166653,85,328,31.01170715,9.500008113,7.306492379,8.421766002,479,12,481,28,491,509
18,1000,30,7.7,28,47,958,15,10,17,42,7.850671036,100,292,30.81591889,9.446588532,7.671779936,8.034642207,492,15,466,27,507,493
16,1000,30,7.7,28,104,949,33,11,7,51,9.162508639,106,309,32.03814791,10.00895463,8.76697781,9.561216422,480,22,469,29,502,498
24,1000,30,7.7,28,0,938,26,15,21,62,7.472,87,301,29.99583015,8.97335121,7.258317025,7.695296524,482,29,456,33,511,489
17,1000,30,7.7,28,48,945,36,12,7,55,8.055888336,98,330,31.10295477,9.392866755,7.439388852,8.660179909,474,21,471,34,495,505
19,1000,30,7.7,28,44,948,22,12,18,52,8.266889218,80,333,31.04510136,9.704698536,7.574637303,8.981653391,493,15,455,37,508,492
21,1000,30,7.7,28,43,944,29,13,14,56,8.272166287,79,307,31.05896811,9.442589555,7.634548803,8.927890556,488,19,456,37,507,493
23,1000,30,7.7,28,37,959,25,6,10,41,7.928576316,89,326,30.61399441,9.216448969,7.358698747,8.514637021,493,14,466,27,507,493
20,1000,30,7.7,28,44,957,28,7,8,43,7.935282628,90,325,30.87054222,9.330275012,7.290610765,8.608958134,494,17,463,26,511,489
18,1000,30,7.7,28,48,958,15,11,16,42,7.86558782,98,288,30.85136941,9.464143206,7.698261161,8.03766615,492,15,466,27,507,493
22,1000,30,7.7,28,38,960,25,7,8,40,7.904818705,88,324,31.02266981,9.507650028,7.341812561,8.447915004,479,12,481,28,491,509
24,1000,30,7.7,28,1,940,24,15,21,60,7.452607669,90,357,30.00095994,8.983664707,7.214876177,7.701034648,483,28,457,32,511,489
17,1000,30,7.7,28,49,945,36,12,7,55,8.054297788,97,333,31.14944697,9.414344596,7.48054421,8.616689909,474,21,471,34,495,505
19,1000,30,7.7,28,45,948,22,12,18,52,8.271959855,102,328,31.08498608,9.723146907,7.581700508,8.984666659,493,15,455,37,508,492
23,1000,30,7.7,28,38,959,24,6,11,41,7.969640957,95,313,30.64964064,9.203196862,7.368243802,8.588116329,493,14,466,27,507,493
21,1000,30,7.7,28,44,943,30,13,14,57,8.329278386,97,341,31.09763111,9.463892406,7.69428191,8.982307217,488,19,455,38,507,493
20,1000,30,7.7,28,45,956,28,8,8,44,7.973003827,90,300,30.86379946,9.333445415,7.325694425,8.649435533,494,17,462,27,511,489
18,1000,30,7.7,28,49,957,16,11,16,43,7.886751861,92,313,30.84031255,9.475995513,7.692982229,8.086024079,492,15,465,28,507,493
22,1000,30,7.7,28,39,961,24,8,7,39,7.903039985,101,309,31.01935539,9.517029963,7.356848603,8.429916152,479,12,482,27,491,509
17,1000,30,7.7,28,50,947,32,14,7,53,8.085620234,109,320,31.17730548,9.437113271,7.547491866,8.613092595,474,21,473,32,495,505
19,1000,30,7.7,28,46,950,21,12,17,50,8.238049462,101,297,31.11581906,9.752511259,7.551720388,8.94669818,494,14,456,36,508,492
24,1000,30,7.7,28,2,938,27,15,20,62,7.495878943,95,314,30.01773425,9.006306655,7.2375492,7.765830884,482,29,456,33,511,489
23,1000,30,7.7,28,39,957,25,7,11,43,7.994788239,98,301,30.65906643,9.217699316,7.375739082,8.631416886,493,14,464,29,507,493
21,1000,30,7.7,28,45,942,31,13,14,58,8.332462643,93,329,31.10690117,9.479568507,7.7051804,8.977558175,487,20,455,38,507,493
20,1000,30,7.7,28,46,956,27,9,8,44,7.967477194,95,271,30.86067672,9.350677144,7.359024418,8.603304124,494,17,462,27,511,489
18,1000,30,7.7,28,50,957,17,9,17,43,7.91384172,111,292,30.8439471,9.488343516,7.737506676,8.09518425,491,16,466,27,507,493
22,1000,30,7.7,28,40,961,24,8,7,39,7.939302736,91,309,31.05663201,9.51865051,7.395663602,8.46371691,479,12,482,27,491,509
17,1000,30,7.7,28,51,947,32,14,7,53,8.112868042,116,318,31.20334273,9.466179187,7.547112866,8.667420146,475,20,472,33,495,505
19,1000,30,7.7,28,47,949,22,12,17,51,8.271179003,83,323,31.13868859,9.780229634,7.583535325,8.981185078,494,14,455,37,508,492
23,1000,30,7.7,28,40,957,25,7,11,43,8.003462586,109,315,30.69837732,9.223369377,7.402034396,8.621969873,492,15,465,28,507,493
21,1000,30,7.7,28,46,944,27,15,14,56,8.331861853,95,297,31.11543251,9.480495439,7.742833656,8.937617018,487,20,457,36,507,493
24,1000,30,7.7,28,3,937,28,16,19,63,7.518253805,95,330,30.04867933,9.026457126,7.249471266,7.79912881,481,30,456,33,511,489
20,1000,30,7.7,28,47,955,28,8,9,45,7.997717322,93,323,30.86807634,9.354729786,7.410264903,8.611599093,493,18,462,27,511,489
18,1000,30,7.7,28,51,958,17,10,15,42,7.956554981,98,313,30.86427038,9.492249002,7.799123525,8.118457108,491,16,467,26,507,493
22,1000,30,7.7,28,41,960,25,8,7,40,7.957813107,89,297,31.04913996,9.544524093,7.408285072,8.487907931,479,12,481,28,491,509
17,1000,30,7.7,28,52,946,33,14,7,54,8.134642924,107,334,31.21381321,9.474849643,7.573811725,8.684368555,475,20,471,34,495,505
19,1000,30,7.7,28,48,951,21,13,15,49,8.258091645,103,320,31.19048695,9.795511557,7.564950287,8.973774186,495,13,456,36,508,492
23,1000,30,7.7,28,41,957,25,7,11,43,8.068171473,100,290,30.72709554,9.222502597,7.500128182,8.652345811,492,15,465,28,507,493
21,1000,30,7.7,28,47,945,27,15,13,55,8.313856301,109,341,31.12824902,9.503492872,7.754215331,8.889389714,487,20,458,35,507,493
20,1000,30,7.7,28,48,954,29,8,9,46,8.010260285,89,305,30.88082378,9.357330095,7.412196393,8.635230937,493,18,461,28,511,489
18,1000,30,7.7,28,52,957,18,10,15,43,7.974366488,88,306,30.89012701,9.498739976,7.783801625,8.17034293,491,16,466,27,507,493
24,1000,30,7.7,28,4,938,27,16,19,62,7.53035706,90,298,30.07242722,9.039902807,7.265497809,7.807132269,481,30,457,32,511,489
22,1000,30,7.7,28,42,959,25,9,7,41,7.979740606,113,299,31.05104672,9.571028678,7.444088994,8.496449725,478,13,481,28,491,509
17,1000,30,7.7,28,53,947,31,15,7,53,8.137194887,99,322,31.25169593,9.484317068,7.595661005,8.668005326,475,20,472,33,495,505
19,1000,30,7.7,28,49,952,20,13,15,48,8.266093747,83,313,31.20270958,9.793597395,7.576680812,8.977926615,495,13,457,35,508,492
23,1000,30,7.7,28,42,957,26,6,11,43,8.085799778,104,304,30.72554712,9.230115087,7.536267214,8.650937731,491,16,466,27,507,493
20,1000,30,7.7,28,49,955,28,8,9,45,8.060756544,79,345,30.90176865,9.357996294,7.4993494,8.647421269,493,18,462,27,511,489
21,1000,30,7.7,28,48,944,28,15,13,56,8.327729442,104,319,31.17641353,9.503841637,7.791255714,8.879437718,487,20,457,36,507,493
18,1000,30,7.7,28,53,956,18,11,15,44,7.981524227,110,290,30.92170242,9.512542037,7.78146058,8.187269193,490,17,466,27,507,493
17,1000,30,7.7,28,54,946,32,15,7,54,8.167231678,95,300,31.27743503,9.497495773,7.651505165,8.672745785,474,21,472,33,495,505
24,1000,30,7.7,28,5,942,23,17,18,58,7.515880602,110,300,30.10139065,9.066857452,7.260279434,7.782981209,482,29,460,29,511,489
22,1000,30,7.7,28,43,959,25,10,6,41,7.990122535,95,337,31.04961967,9.602045338,7.479128515,8.48304604,478,13,481,28,491,509
19,1000,30,7.7,28,50,954,19,12,15,46,8.266512768,99,321,31.23164987,9.810246606,7.607932185,8.946510607,494,14,460,32,508,492
23,1000,30,7.7,28,43,958,25,6,11,42,8.07387447,90,302,30.74372186,9.216756441,7.546902718,8.615810937,491,16,467,26,507,493
20,1000,30,7.7,28,50,956,27,8,9,44,8.110293339,115,325,30.9156497,9.382490412,7.497619386,8.750531356,493,18,463,26,511,489
18,1000,30,7.7,28,54,956,17,12,15,44,8.008996811,85,309,30.95372637,9.508407661,7.809142875,8.214526113,490,17,466,27,507,493
21,1000,30,7.7,28,49,945,28,13,14,55,8.360831016,91,291,31.1966599,9.513227287,7.837361198,8.899166102,487,20,458,35,507,493
17,1000,30,7.7,28,55,946,32,15,7,54,8.150309823,88,284,31.30108201,9.542570133,7.611430128,8.678518633,475,20,471,34,495,505
22,1000,30,7.7,28,44,961,24,9,6,39,7.99949592,95,316,31.06433978,9.619989991,7.508919419,8.472723939,478,13,483,26,491,509
19,1000,30,7.7,28,51,957,20,10,13,43,8.24012586,116,315,31.26001564,9.809421901,7.594045576,8.907216884,496,12,461,31,508,492
24,1000,30,7.7,28,6,942,23,17,18,58,7.580316576,94,307,30.11271446,9.075364517,7.307839053,7.865052802,482,29,460,29,511,489
23,1000,30,7.7,28,44,959,25,6,10,41,8.119039753,96,306,30.74616076,9.217006936,7.579917035,8.673472244,492,15,467,26,507,493
20,1000,30,7.7,28,51,955,28,8,9,45,8.14497976,89,306,30.91546531,9.413946733,7.548606633,8.76818358,493,18,462,27,511,489
18,1000,30,7.7,28,55,955,18,12,15,45,8.042958217,116,328,30.9603452,9.496992618,7.858149956,8.233014583,489,18,466,27,507,493
21,1000,30,7.7,28,50,945,28,13,14,55,8.406592689,96,310,31.20702795,9.516607422,7.901180646,8.926357204,487,20,458,35,507,493
17,1000,30,7.7,28,56,945,33,16,6,55,8.133806615,100,324,31.31651952,9.557911237,7.644145974,8.613771005,474,21,471,34,495,505
19,1000,30,7.7,28,52,957,20,10,13,43,8.246079743,139,334,31.27994227,9.826019859,7.624906521,8.887453719,496,12,461,31,508,492
22,1000,30,7.7,28,45,962,23,9,6,38,8.039179725,85,301,31.081631,9.634274738,7.5543291,8.506884356,478,13,484,25,491,509
23,1000,30,7.7,28,45,959,25,6,10,41,8.12811433,79,321,30.75307107,9.253681719,7.612645178,8.658221552,492,15,467,26,507,493
20,1000,30,7.7,28,52,958,26,7,9,42,8.14215161,111,340,30.94714898,9.400798275,7.610200794,8.698034773,493,18,465,24,511,489
24,1000,30,7.7,28,7,942,23,17,18,58,7.585489926,93,306,30.1175491,9.079879789,7.354558847,7.826810544,481,30,461,28,511,489
18,1000,30,7.7,28,56,953,19,13,15,47,8.101145148,109,300,30.94738928,9.50613824,7.90225842,8.305679775,488,19,465,28,507,493
21,1000,30,7.7,28,51,947,27,13,13,53,8.409369695,96,301,31.23338588,9.52995548,7.955181561,8.876455666,487,20,460,33,507,493
17,1000,30,7.7,28,57,945,33,16,6,55,8.169973488,99,331,31.32803049,9.581928883,7.685335623,8.645014563,474,21,471,34,495,505
19,1000,30,7.7,28,53,958,20,9,13,42,8.26256184,96,317,31.2882794,9.84624932,7.673211747,8.87107779,495,13,463,29,508,492
23,1000,30,7.7,28,46,959,25,6,10,41,8.136864342,88,322,30.76195977,9.244829402,7.64689771,8.640744833,492,15,467,26,507,493
22,1000,30,7.7,28,46,962,25,8,5,38,8.03587334,100,312,31.10562417,9.640412981,7.504079725,8.548860895,479,12,483,26,491,509
20,1000,30,7.7,28,53,958,26,7,9,42,8.155471479,92,331,30.9639789,9.423244524,7.602165944,8.733670105,493,18,465,24,511,489
18,1000,30,7.7,28,57,954,18,13,15,46,8.134427547,81,317,30.97582178,9.508692491,7.924601319,8.35021233,488,19,466,27,507,493
21,1000,30,7.7,28,52,948,26,13,13,52,8.410485449,99,299,31.24085473,9.53414543,7.937708477,8.896688137,487,20,461,32,507,493
24,1000,30,7.7,28,8,942,23,17,18,58,7.601439682,89,309,30.1379525,9.088394678,7.38128126,7.831502982,481,30,461,28,511,489
17,1000,30,7.7,28,58,945,33,16,6,55,8.232489992,103,343,31.37107976,9.596767476,7.763688091,8.692008688,473,22,472,33,495,505
19,1000,30,7.7,28,54,959,20,7,14,41,8.28137203,86,316,31.30480795,9.860259407,7.701915249,8.879672933,495,13,464,28,508,492
23,1000,30,7.7,28,47,958,26,6,10,42,8.133964144,100,338,30.82564255,9.259725552,7.610353693,8.672443857,492,15,466,27,507,493
22,1000,30,7.7,28,47,963,24,7,6,37,8.029478292,93,327,31.12415721,9.64939118,7.468688469,8.570436648,479,12,484,25,491,509
18,1000,30,7.7,28,58,953,19,13,15,47,8.181130177,96,298,31.0057975,9.506924015,7.955947981,8.412706999,488,19,465,28,507,493
20,1000,30,7.7,28,54,958,26,7,9,42,8.186303287,76,327,30.99061228,9.425906149,7.644674628,8.752299699,493,18,465,24,511,489
21,1000,30,7.7,28,53,949,25,14,12,51,8.453495093,100,341,31.25435845,9.562125372,7.981628914,8.938761123,487,20,462,31,507,493
24,1000,30,7.7,28,9,942,22,18,18,58,7.625879161,100,293,30.1693269,9.113017043,7.399873235,7.862053042,481,30,461,28,511,489
17,1000,30,7.7,28,59,945,32,17,6,55,8.282519155,108,305,31.39738391,9.595427596,7.856423071,8.700177693,473,22,472,33,495,505
19,1000,30,7.7,28,55,960,18,8,14,40,8.346941932,108,302,31.30983985,9.870622664,7.781178023,8.931104667,495,13,465,27,508,492
23,1000,30,7.7,28,48,956,26,8,10,44,8.146328041,110,332,30.8352531,9.265002718,7.626729914,8.68068149,491,16,465,28,507,493
18,1000,30,7.7,28,59,953,17,15,15,47,8.201064022,110,327,31.02387769,9.53814256,7.988824242,8.419330894,488,19,465,28,507,493
20,1000,30,7.7,28,55,957,27,5,11,43,8.215351792,116,334,31.03009754,9.444453819,7.643423603,8.813010902,493,18,464,25,511,489
22,1000,30,7.7,28,48,966,23,6,5,34,7.991376484,112,324,31.1433297,9.6439022,7.430893135,8.532039204,480,11,486,23,491,509
21,1000,30,7.7,28,54,947,28,13,12,53,8.475673661,111,329,31.27684587,9.564338957,7.999852819,8.965006657,486,21,461,32,507,493
17,1000,30,7.7,28,60,947,30,17,6,53,8.314273459,113,329,31.44367624,9.608077991,7.916205566,8.704458819,473,22,474,31,495,505
24,1000,30,7.7,28,10,942,23,17,18,58,7.633120267,98,299,30.19477713,9.124816189,7.42897106,7.846454102,480,31,462,27,511,489
19,1000,30,7.7,28,56,959,19,8,14,41,8.384903727,89,332,31.33188712,9.870808281,7.845319166,8.942035754,495,13,464,28,508,492
23,1000,30,7.7,28,49,955,27,7,11,45,8.210819264,101,317,30.88425,9.269640497,7.693383234,8.742949217,491,16,464,29,507,493
18,1000,30,7.7,28,60,952,18,16,14,48,8.21357027,112,308,31.03231189,9.561046227,8.041642147,8.390380732,487,20,465,28,507,493
20,1000,30,7.7,28,56,957,26,6,11,43,8.251650955,104,337,31.04953573,9.432390897,7.678130467,8.850974,493,18,464,25,511,489
22,1000,30,7.7,28,49,966,23,6,5,34,8.004252061,104,326,31.1479057,9.660973675,7.43375598,8.554573429,480,11,486,23,491,509
21,1000,30,7.7,28,55,947,28,13,12,53,8.479425568,106,320,31.28836745,9.605950288,8.041771925,8.929507509,486,21,461,32,507,493
17,1000,30,7.7,28,61,949,28,17,6,51,8.307640938,100,305,31.44495979,9.623055359,7.924490565,8.683204174,473,22,476,29,495,505
19,1000,30,7.7,28,57,958,19,9,14,42,8.392762816,110,312,31.32997918,9.891608461,7.834080432,8.969613733,495,13,463,29,508,492
23,1000,30,7.7,28,50,955,27,7,11,45,8.202291431,81,333,30.91697805,9.288767271,7.679051466,8.740390139,491,16,464,29,507,493
24,1000,30,7.7,28,11,945,21,14,20,55,7.641210977,89,311,30.21201179,9.149716661,7.447065211,7.844091317,481,30,464,25,511,489
18,1000,30,7.7,28,61,955,17,15,13,45,8.209817171,104,301,31.06110768,9.563732502,8.044776007,8.379545102,488,19,467,26,507,493
20,1000,30,7.7,28,57,957,26,6,11,43,8.281390226,95,306,31.05279625,9.461034811,7.705473871,8.883216927,493,18,464,25,511,489
22,1000,30,7.7,28,50,968,23,4,5,32,8.014814126,118,294,31.16490759,9.698034287,7.495334969,8.515922703,480,11,488,21,491,509
21,1000,30,7.7,28,56,947,28,13,12,53,8.511864322,113,317,31.31420206,9.613377424,8.090972038,8.944708923,485,22,462,31,507,493
17,1000,30,7.7,28,62,949,28,17,6,51,8.354825954,109,313,31.47321157,9.634254795,7.956779848,8.744989958,473,22,476,29,495,505
23,1000,30,7.7,28,51,954,28,7,11,46,8.239694864,106,317,30.95861354,9.287716481,7.691963695,8.802980265,491,16,463,30,507,493
19,1000,30,7.7,28,58,958,20,9,13,42,8.381226663,114,326,31.351646,9.903581225,7.86612778,8.913076729,494,14,464,28,508,492
18,1000,30,7.7,28,62,956,17,14,13,44,8.234974346,106,301,31.0910269,9.578104345,8.071372743,8.403221836,489,18,467,26,507,493
20,1000,30,7.7,28,58,957,26,6,11,43,8.260205426,98,298,31.08499423,9.485497547,7.669221974,8.877777091,493,18,464,25,511,489
24,1000,30,7.7,28,12,946,20,13,21,54,7.642196085,93,312,30.22187086,9.181668004,7.474761042,7.817163994,481,30,465,24,511,489
22,1000,30,7.7,28,51,968,23,4,5,32,7.993804415,98,341,31.17689358,9.730357973,7.465804641,8.503132292,480,11,488,21,491,509
21,1000,30,7.7,28,57,946,29,13,12,54,8.561097292,97,291,31.33055577,9.641989701,8.137184234,8.997048448,484,23,462,31,507,493
17,1000,30,7.7,28,63,950,27,17,6,50,8.348057973,93,311,31.50625323,9.637536187,7.957108545,8.731265827,474,21,476,29,495,505
23,1000,30,7.7,28,52,951,30,7,12,49,8.278614382,79,315,30.9852527,9.287229077,7.699091449,8.874594357,491,16,460,33,507,493
19,1000,30,7.7,28,59,959,20,10,11,41,8.373396675,90,320,31.35801411,9.903944283,7.844355378,8.919642566,494,14,465,27,508,492
18,1000,30,7.7,28,63,956,18,13,13,44,8.247817326,100,315,31.09868925,9.616635371,8.089208102,8.410930665,490,17,466,27,507,493
20,1000,30,7.7,28,59,957,25,5,13,43,8.29139474,96,324,31.11182756,9.527513641,7.738895444,8.868750855,492,19,465,24,511,489
24,1000,30,7.7,28,13,946,20,13,21,54,7.644804322,105,326,30.25941756,9.225305864,7.485017542,7.811779873,481,30,465,24,511,489
22,1000,30,7.7,28,52,969,21,5,5,31,8.003340559,102,340,31.19234956,9.728877489,7.462040542,8.525498336,480,11,489,20,491,509
21,1000,30,7.7,28,58,946,30,12,12,54,8.578920208,91,304,31.35890887,9.658286897,8.188038478,8.980902028,483,24,463,30,507,493
17,1000,30,7.7,28,64,948,29,17,6,52,8.355755931,98,329,31.52441874,9.633507191,7.947033412,8.756384934,474,21,474,31,495,505
23,1000,30,7.7,28,53,951,30,7,12,49,8.302627246,89,320,30.96957265,9.291363376,7.712892055,8.90910948,491,16,460,33,507,493
19,1000,30,7.7,28,60,958,21,10,11,42,8.434482258,88,299,31.3977566,9.926027258,7.896027315,8.99044793,494,14,464,28,508,492
18,1000,30,7.7,28,64,956,17,14,13,44,8.280622246,82,319,31.11584017,9.628643034,8.127418821,8.438176275,490,17,466,27,507,493
20,1000,30,7.7,28,60,956,24,7,13,44,8.338525196,117,305,31.14141506,9.561131077,7.782376842,8.919694539,491,20,465,24,511,489
22,1000,30,7.7,28,53,971,20,4,5,29,8.01189046,93,328,31.20961043,9.741998796,7.515978599,8.490265164,480,11,491,18,491,509
17,1000,30,7.7,28,65,947,29,18,6,53,8.411324814,105,334,31.53839028,9.651832065,7.990631195,8.823687866,474,21,473,32,495,505
21,1000,30,7.7,28,59,948,28,12,12,52,8.558443541,116,323,31.38078099,9.663363037,8.168796155,8.959155963,484,23,464,29,507,493
24,1000,30,7.7,28,14,944,22,13,21,56,7.675021568,94,287,30.28179045,9.204867219,7.474986386,7.884056287,481,30,463,26,511,489
23,1000,30,7.7,28,54,951,30,6,13,49,8.346635073,95,266,30.96865104,9.305823775,7.735889879,8.974723944,491,16,460,33,507,493
19,1000,30,7.7,28,61,958,21,10,11,42,8.451570523,91,322,31.43159249,9.953790249,7.937493476,8.982365522,494,14,464,28,508,492
18,1000,30,7.7,28,65,956,17,13,14,44,8.315835239,98,314,31.10851727,9.673606198,8.191753399,8.443440701,490,17,466,27,507,493
20,1000,30,7.7,28,61,957,23,7,13,43,8.352632819,91,335,31.15177571,9.56714879,7.805734921,8.924135531,491,20,466,23,511,489
17,1000,30,7.7,28,66,946,30,18,6,54,8.433879023,114,294,31.54923117,9.643544569,7.994161032,8.864889727,474,21,472,33,495,505
22,1000,30,7.7,28,54,970,21,3,6,30,8.054016034,103,296,31.24337899,9.765558988,7.53664564,8.553090423,480,11,490,19,491,509
21,1000,30,7.7,28,60,948,27,12,13,52,8.59964177,95,313,31.39036922,9.6736253,8.225886552,8.984010726,483,24,465,28,507,493
23,1000,30,7.7,28,55,948,33,6,13,52,8.39418515,86,307,30.98758064,9.325784689,7.808850084,8.996142307,489,18,459,34,507,493
24,1000,30,7.7,28,15,943,24,12,21,57,7.721921448,94,321,30.29385948,9.237324798,7.535246124,7.916995253,481,30,462,27,511,489
19,1000,30,7.7,28,62,958,20,11,11,42,8.446957604,114,346,31.45131488,9.942548464,7.902568583,9.009050332,494,14,464,28,508,492
18,1000,30,7.7,28,66,957,17,12,14,43,8.331796968,99,339,31.13440911,9.679666102,8.213530548,8.453421867,491,16,466,27,507,493
20,1000,30,7.7,28,62,957,23,7,13,43,8.37393414,122,324,31.17865974,9.580424257,7.829587278,8.942771044,491,20,466,23,511,489
17,1000,30,7.7,28,67,947,28,18,7,53,8.475638841,112,320,31.5844165,9.661403048,8.039949206,8.902700958,475,20,472,33,495,505
22,1000,30,7.7,28,55,970,21,3,6,30,8.06339195,107,305,31.2781072,9.792604831,7.52174226,8.585887034,480,11,490,19,491,509
21,1000,30,7.7,28,61,949,26,12,13,51,8.593941788,88,317,31.41563258,9.667093158,8.237390412,8.960618355,483,24,466,27,507,493
23,1000,30,7.7,28,56,948,32,7,13,52,8.417262215,99,317,30.991511,9.359043935,7.860180482,8.990163713,489,18,459,34,507,493
19,1000,30,7.7,28,63,958,20,11,11,42,8.471510356,99,299,31.48354309,9.943842081,7.94890999,9.011105855,494,14,464,28,508,492
18,1000,30,7.7,28,67,956,19,12,13,44,8.343466748,117,318,31.12828347,9.698073748,8.227873102,8.462342972,490,17,466,27,507,493
24,1000,30,7.7,28,16,943,24,12,21,57,7.734190558,110,311,30.31789232,9.239613316,7.534551344,7.942811495,481,30,462,27,511,489
20,1000,30,7.7,28,63,955,24,8,13,45,8.40629583,111,333,31.19580466,9.593781077,7.839606722,8.998480154,491,20,464,25,511,489
17,1000,30,7.7,28,68,948,27,17,8,52,8.48592209,103,326,31.6058806,9.65630742,8.055599826,8.907723121,476,19,472,33,495,505
21,1000,30,7.7,28,62,949,25,13,13,51,8.586006864,104,320,31.43121769,9.689721295,8.234630184,8.947361786,483,24,466,27,507,493
22,1000,30,7.7,28,56,972,20,3,5,28,8.070189415,97,322,31.29464377,9.816507322,7.563334808,8.559119891,480,11,492,17,491,509
23,1000,30,7.7,28,57,948,34,7,11,52,8.443801222,108,297,31.02897143,9.367477052,7.931055161,8.971108022,488,19,460,33,507,493
19,1000,30,7.7,28,64,955,23,11,11,45,8.523683188,101,319,31.5100348,9.941172032,8.052355076,9.010339043,491,17,464,28,508,492
18,1000,30,7.7,28,68,957,18,12,13,43,8.33580449,114,332,31.13376678,9.695687244,8.217023373,8.457958701,490,17,467,26,507,493
20,1000,30,7.7,28,64,955,25,8,12,45,8.421148263,96,327,31.20815305,9.600280349,7.872293821,8.994695542,491,20,464,25,511,489
24,1000,30,7.7,28,17,943,24,11,22,57,7.748969232,103,310,30.34795454,9.259184132,7.520094772,7.988140702,481,30,462,27,511,489
17,1000,30,7.7,28,69,948,28,17,7,52,8.484162096,111,298,31.62672282,9.638809858,8.059912655,8.900010559,477,18,471,34,495,505
21,1000,30,7.7,28,63,949,24,13,14,51,8.63874161,106,315,31.44447624,9.716294922,8.275491086,9.012307565,483,24,466,27,507,493
22,1000,30,7.7,28,57,971,21,3,5,29,8.110980265,97,303,31.3378627,9.835586857,7.594627885,8.609072639,480,11,491,18,491,509
23,1000,30,7.7,28,58,947,36,7,10,53,8.438077418,88,293,31.01507564,9.357859512,7.956318433,8.933517186,488,19,459,34,507,493
19,1000,30,7.7,28,65,956,23,12,9,44,8.494695415,108,290,31.52018111,9.93280727,8.049333182,8.954540973,491,17,465,27,508,492
18,1000,30,7.7,28,69,958,19,13,10,42,8.321914536,100,308,31.15952266,9.698389348,8.198615868,8.448714586,490,17,468,25,507,493
20,1000,30,7.7,28,65,954,26,8,12,46,8.454379246,102,315,31.23945056,9.593884482,7.901771058,9.031849153,491,20,463,26,511,489
24,1000,30,7.7,28,18,945,23,11,21,55,7.783718839,99,310,30.36166842,9.286713381,7.58301868,7.993448453,482,29,463,26,511,489
17,1000,30,7.7,28,70,948,27,17,8,52,8.517261118,104,334,31.64668142,9.646535836,8.096945273,8.929253876,477,18,471,34,495,505
21,1000,30,7.7,28,64,947,26,14,13,53,8.658940007,115,324,31.4557869,9.727136863,8.287313821,9.041119471,482,25,465,28,507,493
23,1000,30,7.7,28,59,946,37,7,10,54,8.478706335,108,308,31.0283113,9.357488658,7.983639753,8.987831603,488,19,458,35,507,493
22,1000,30,7.7,28,58,972,21,3,4,28,8.120323691,109,308,31.3744268,9.833545285,7.629878523,8.593425022,480,11,492,17,491,509
19,1000,30,7.7,28,66,958,20,13,9,42,8.53071781,99,319,31.53919232,9.937622068,8.028992001,9.048759904,493,15,465,27,508,492
18,1000,30,7.7,28,70,959,17,14,10,41,8.331429541,93,319,31.17232558,9.700447798,8.164249658,8.503356925,491,16,468,25,507,493
20,1000,30,7.7,28,66,956,24,8,12,44,8.447979555,110,328,31.25851903,9.612266992,7.878436959,9.043145744,492,19,464,25,511,489
17,1000,30,7.7,28,71,949,26,16,9,51,8.531431565,109,337,31.64299214,9.664446536,8.105325297,8.949100085,477,18,472,33,495,505
24,1000,30,7.7,28,19,946,23,10,21,54,7.804171073,94,290,30.38541744,9.285528696,7.60234861,8.015073483,483,28,463,26,511,489
21,1000,30,7.7,28,65,946,26,15,13,54,8.677787546,96,319,31.47270035,9.732461743,8.317053778,9.048765275,482,25,464,29,507,493
23,1000,30,7.7,28,60,947,36,7,10,53,8.489150464,96,319,31.04687435,9.371972916,8.011752957,8.980104899,489,18,458,35,507,493
19,1000,30,7.7,28,67,956,22,13,9,44,8.53238428,96,314,31.53947526,9.92980833,8.009611746,9.072157547,492,16,464,28,508,492
22,1000,30,7.7,28,59,973,20,3,4,27,8.118639934,112,319,31.41035777,9.848423663,7.627009937,8.592884194,480,11,493,16,491,509
18,1000,30,7.7,28,71,960,16,14,10,40,8.342734116,98,319,31.19340124,9.707911478,8.169454926,8.520934013,492,15,468,25,507,493
20,1000,30,7.7,28,67,956,24,8,12,44,8.467430323,103,311,31.28998361,9.623934626,7.90114368,9.059194074,492,19,464,25,511,489
17,1000,30,7.7,28,72,949,25,17,9,51,8.532522384,89,334,31.66194286,9.662434751,8.082726242,8.973411672,477,18,472,33,495,505
23,1000,30,7.7,28,61,947,36,7,10,53,8.534486177,89,313,31.04891964,9.381467871,8.057963262,9.024541183,489,18,458,35,507,493
21,1000,30,7.7,28,66,944,28,15,13,56,8.69346676,89,305,31.49374328,9.756379804,8.346180638,9.050614963,481,26,463,30,507,493
19,1000,30,7.7,28,68,957,22,13,8,43,8.539152127,113,309,31.57806292,9.954789027,8.029946125,9.064917674,492,16,465,27,508,492
18,1000,30,7.7,28,72,960,16,14,10,40,8.350165732,94,302,31.20046588,9.734596834,8.173133129,8.532225631,492,15,468,25,507,493
24,1000,30,7.7,28,20,947,22,10,21,53,7.817553586,94,313,30.4005709,9.300317199,7.624930098,8.018843162,484,27,463,26,511,489
22,1000,30,7.7,28,60,974,19,3,4,26,8.158878589,90,311,31.42373664,9.868766439,7.685400588,8.615612771,480,11,494,15,491,509
20,1000,30,7.7,28,68,956,24,8,12,44,8.470523291,104,313,31.31554819,9.629663692,7.907251639,9.059136408,492,19,464,25,511,489
17,1000,30,7.7,28,73,949,24,18,9,51,8.505598051,108,299,31.67563668,9.683882244,8.075244001,8.927430239,476,19,473,32,495,505
23,1000,30,7.7,28,62,948,34,8,10,52,8.550942155,75,307,31.04875772,9.411934537,8.071871212,9.043617548,489,18,459,34,507,493
21,1000,30,7.7,28,67,945,27,15,13,55,8.711781407,92,329,31.51395328,9.766944568,8.355356314,9.078328106,481,26,464,29,507,493
19,1000,30,7.7,28,69,957,23,12,8,43,8.580579228,102,308,31.61633601,9.968283171,8.027434242,9.151712668,492,16,465,27,508,492
18,1000,30,7.7,28,73,959,17,14,10,41,8.339138789,97,321,31.23722839,9.745651145,8.116226828,8.568380908,491,16,468,25,507,493
22,1000,30,7.7,28,61,974,19,3,4,26,8.194376296,98,310,31.45175943,9.883752841,7.708332682,8.663231726,480,11,494,15,491,509
20,1000,30,7.7,28,69,956,23,9,12,44,8.475980237,100,318,31.34441942,9.651144265,7.892771381,9.085427528,493,18,463,26,511,489
24,1000,30,7.7,28,21,947,22,11,20,53,7.845261973,93,288,30.4378036,9.325472312,7.637681344,8.062181607,484,27,463,26,511,489
17,1000,30,7.7,28,74,948,24,19,9,52,8.506216996,102,314,31.70073704,9.699890125,8.090184082,8.914011635,476,19,472,33,495,505
23,1000,30,7.7,28,63,947,35,8,10,53,8.58397855,82,318,31.09795277,9.416557861,8.10726751,9.074227023,489,18,458,35,507,493
21,1000,30,7.7,28,68,946,26,14,14,54,8.707796796,93,327,31.5484507,9.798461727,8.360002978,9.065467112,481,26,465,28,507,493
19,1000,30,7.7,28,70,956,23,13,8,44,8.621582675,97,334,31.63202865,9.987464438,8.05308432,9.208568781,492,16,464,28,508,492
18,1000,30,7.7,28,74,958,17,15,10,42,8.374779982,100,318,31.25364713,9.77109793,8.171937374,8.583382826,490,17,468,25,507,493
20,1000,30,7.7,28,70,956,24,8,12,44,8.476637172,97,328,31.37978152,9.646503993,7.909392435,9.069402122,494,17,462,27,511,489
22,1000,30,7.7,28,62,973,21,3,3,27,8.158155007,104,318,31.46196644,9.901749796,7.715748826,8.584916175,479,12,494,15,491,509
24,1000,30,7.7,28,22,949,22,10,19,51,7.836174315,105,287,30.4426041,9.32256537,7.657983843,8.022381537,485,26,464,25,511,489
17,1000,30,7.7,28,75,948,24,19,9,52,8.552853795,98,323,31.70879964,9.727403077,8.13883438,8.958674806,476,19,472,33,495,505
23,1000,30,7.7,28,64,948,34,8,10,52,8.61335032,88,300,31.10716331,9.418175049,8.140651981,9.099472141,489,18,459,34,507,493
18,1000,30,7.7,28,75,956,19,15,10,44,8.426386223,109,340,31.24550653,9.791650101,8.213650879,8.645162733,489,18,467,26,507,493
19,1000,30,7.7,28,71,955,24,13,8,45,8.648143737,112,338,31.64327708,9.988371577,8.053731656,9.261886293,492,16,463,29,508,492
21,1000,30,7.7,28,69,945,27,12,16,55,8.70646069,102,331,31.57001916,9.803846278,8.323371163,9.100429027,481,26,464,29,507,493
20,1000,30,7.7,28,71,955,25,8,12,45,8.509780377,98,321,31.40571376,9.644554245,7.947452201,9.097407571,493,18,462,27,511,489
22,1000,30,7.7,28,63,972,22,3,3,28,8.221874318,86,316,31.48269904,9.938602112,7.794266641,8.63436031,478,13,494,15,491,509
17,1000,30,7.7,28,76,945,27,18,10,55,8.604067021,99,318,31.73595095,9.745602873,8.14702907,9.052054716,474,21,471,34,495,505
24,1000,30,7.7,28,23,947,24,10,19,53,7.873708015,103,310,30.43239534,9.337754052,7.715795099,8.038725398,483,28,464,25,511,489
23,1000,30,7.7,28,65,948,34,8,10,52,8.625473026,99,294,31.12788145,9.433956953,8.142598937,9.122059564,489,18,459,34,507,493
18,1000,30,7.7,28,76,956,20,15,9,44,8.426199842,105,314,31.25734184,9.81234536,8.222045498,8.636151673,490,17,466,27,507,493
19,1000,30,7.7,28,72,956,23,13,8,44,8.640839806,113,352,31.656393,9.99726194,8.034686867,9.266705035,492,16,464,28,508,492
21,1000,30,7.7,28,70,946,27,10,17,54,8.717266286,98,328,31.56531019,9.800063371,8.320304657,9.12550066,481,26,465,28,507,493
20,1000,30,7.7,28,72,956,24,8,12,44,8.48456471,122,308,31.41579172,9.642022604,7.944850334,9.048560714,493,18,463,26,511,489
22,1000,30,7.7,28,64,973,21,3,3,27,8.264192761,105,302,31.49549534,9.965168395,7.802790489,8.709278252,478,13,495,14,491,509
17,1000,30,7.7,28,77,945,27,18,10,55,8.606326876,117,343,31.74682642,9.759035626,8.134098307,9.069204384,474,21,471,34,495,505
23,1000,30,7.7,28,66,947,35,8,10,53,8.655844719,109,315,31.15216426,9.460822446,8.179605737,9.145607729,489,18,458,35,507,493
24,1000,30,7.7,28,24,947,24,10,19,53,7.892418782,101,317,30.45050293,9.355024918,7.713447893,8.079441531,483,28,464,25,511,489
18,1000,30,7.7,28,77,956,19,16,9,44,8.456590202,115,312,31.28211622,9.822007253,8.236484457,8.682946414,490,17,466,27,507,493
19,1000,30,7.7,28,73,957,21,14,8,43,8.641797347,104,328,31.68241001,9.983823783,8.063761923,9.238630671,492,16,465,27,508,492
21,1000,30,7.7,28,71,944,29,10,17,56,8.760166164,88,309,31.57375689,9.823810414,8.364898696,9.166658266,480,27,464,29,507,493
20,1000,30,7.7,28,73,956,24,8,12,44,8.508086534,110,310,31.41353764,9.6617275,7.969938874,9.070445337,493,18,463,26,511,489
22,1000,30,7.7,28,65,973,21,3,3,27,8.227507557,109,335,31.52808162,9.939400575,7.763886121,8.674733737,478,13,495,14,491,509
17,1000,30,7.7,28,78,944,28,18,10,56,8.62124535,101,305,31.77387604,9.770825633,8.136040054,9.09684262,474,21,470,35,495,505
23,1000,30,7.7,28,67,950,34,7,9,50,8.633741728,91,327,31.18601803,9.463703408,8.196150171,9.08375982,491,16,459,34,507,493
19,1000,30,7.7,28,74,956,22,13,9,44,8.696622081,100,294,31.70596159,9.972836335,8.142235402,9.269037596,492,16,464,28,508,492
18,1000,30,7.7,28,78,956,20,15,9,44,8.464668529,107,319,31.28851485,9.833134438,8.246731861,8.688794067,490,17,466,27,507,493
21,1000,30,7.7,28,72,944,28,11,17,56,8.77672654,109,345,31.60434629,9.822350205,8.396568043,9.167680614,480,27,464,29,507,493
24,1000,30,7.7,28,25,950,20,11,19,50,7.911862076,85,314,30.45013303,9.390960764,7.726418802,8.105648401,485,26,465,24,511,489
20,1000,30,7.7,28,74,956,24,8,12,44,8.512535991,94,313,31.40544051,9.672584441,7.983757409,9.065104203,493,18,463,26,511,489
22,1000,30,7.7,28,66,972,22,3,3,28,8.265910986,99,314,31.56400649,9.949765347,7.816881137,8.699061586,477,14,495,14,491,509
17,1000,30,7.7,28,79,946,25,19,10,54,8.633786561,108,339,31.80368693,9.788516802,8.154712573,9.103373935,475,20,471,34,495,505
23,1000,30,7.7,28,68,949,35,7,9,51,8.674575593,117,324,31.21308781,9.464679213,8.225471481,9.136433168,490,17,459,34,507,493
18,1000,30,7.7,28,79,955,21,14,10,45,8.472474086,106,318,31.31576187,9.841125823,8.24943181,8.70185022,490,17,465,28,507,493
19,1000,30,7.7,28,75,957,23,11,9,43,8.71593479,99,314,31.71464711,9.985000173,8.158645702,9.2913471,493,15,464,28,508,492
21,1000,30,7.7,28,73,945,27,10,18,55,8.772442349,105,311,31.63440583,9.835939852,8.357638842,9.199025265,481,26,464,29,507,493
20,1000,30,7.7,28,75,954,27,8,11,46,8.53043212,95,342,31.43260203,9.688871682,7.980477731,9.105128833,492,19,462,27,511,489
24,1000,30,7.7,28,26,950,20,11,19,50,7.917672239,110,331,30.43962977,9.413063878,7.73579119,8.107736075,484,27,466,23,511,489
17,1000,30,7.7,28,80,946,25,18,11,54,8.641571093,121,300,31.80970999,9.793061079,8.142980444,9.130288659,475,20,471,34,495,505
22,1000,30,7.7,28,67,972,22,3,3,28,8.270673541,99,320,31.579259,9.977065306,7.80294427,8.721862289,477,14,495,14,491,509
23,1000,30,7.7,28,69,949,35,7,9,51,8.71408105,88,336,31.25502829,9.470395444,8.263451876,9.177506995,490,17,459,34,507,493
18,1000,30,7.7,28,80,954,23,14,9,46,8.506938824,103,307,31.3362872,9.86091562,8.279636049,8.740696445,489,18,465,28,507,493
19,1000,30,7.7,28,76,958,23,11,8,42,8.712449293,114,349,31.73632796,10.00005743,8.147223755,9.29605615,493,15,465,27,508,492
21,1000,30,7.7,28,74,945,27,10,18,55,8.776293552,104,318,31.67218164,9.851961674,8.376091201,9.187860676,481,26,464,29,507,493
20,1000,30,7.7,28,76,954,26,9,11,46,8.558430742,102,298,31.44539604,9.674429654,8.02002776,9.121056353,492,19,462,27,511,489
24,1000,30,7.7,28,27,951,19,11,19,49,7.89530049,104,316,30.45988091,9.438629584,7.705388926,8.093756133,485,26,466,23,511,489
17,1000,30,7.7,28,81,945,26,18,11,55,8.670995885,100,329,31.84054405,9.801973366,8.167405527,9.164614157,475,20,470,35,495,505
22,1000,30,7.7,28,68,973,21,3,3,27,8.286114495,94,311,31.60943286,9.983217689,7.807500713,8.747802839,478,13,495,14,491,509
23,1000,30,7.7,28,70,948,36,7,9,52,8.712998796,105,330,31.29644245,9.472887807,8.267422207,9.171228676,489,18,459,34,507,493
18,1000,30,7.7,28,81,954,23,14,9,46,8.51592248,99,320,31.343425,9.855921946,8.294188341,8.743953329,489,18,465,28,507,493
19,1000,30,7.7,28,77,958,23,11,8,42,8.728103561,111,334,31.75648813,10.02659078,8.150490235,9.324501062,493,15,465,27,508,492
21,1000,30,7.7,28,75,945,27,10,18,55,8.799388691,104,319,31.69507562,9.861262361,8.367312655,9.243734634,481,26,464,29,507,493
20,1000,30,7.7,28,77,954,27,9,10,46,8.547184643,86,342,31.46098752,9.695998058,8.012420003,9.106008223,492,19,462,27,511,489
17,1000,30,7.7,28,82,945,28,17,10,55,8.676177775,106,312,31.84116241,9.831104295,8.175679193,9.166765493,474,21,471,34,495,505
24,1000,30,7.7,28,28,952,19,11,18,48,7.92663566,96,283,30.46579347,9.451482952,7.752912364,8.108174727,486,25,466,23,511,489
22,1000,30,7.7,28,69,971,22,4,3,29,8.3240458,93,333,31.6168445,9.983160194,7.857322698,8.774263958,477,14,494,15,491,509
23,1000,30,7.7,28,71,949,36,5,10,51,8.72090113,92,294,31.31289507,9.49881022,8.243433448,9.211927732,490,17,459,34,507,493
18,1000,30,7.7,28,82,952,25,14,9,48,8.599667227,107,332,31.38297655,9.850732754,8.397889504,8.807174947,488,19,464,29,507,493
19,1000,30,7.7,28,78,958,23,11,8,42,8.728553471,108,310,31.77916514,10.02583342,8.138441741,9.337855827,493,15,465,27,508,492
21,1000,30,7.7,28,76,944,29,11,16,56,8.797487444,97,288,31.69606395,9.874373607,8.378380555,9.228495947,481,26,463,30,507,493
20,1000,30,7.7,28,78,953,29,9,9,47,8.563437605,110,320,31.503359,9.711367946,8.019925008,9.131402711,491,20,462,27,511,489
17,1000,30,7.7,28,83,945,29,16,10,55,8.70417294,93,320,31.85253442,9.824412706,8.218015538,9.180703463,473,22,472,33,495,505
23,1000,30,7.7,28,72,947,38,5,10,53,8.733526824,107,305,31.32092331,9.520356503,8.242653476,9.238339781,490,17,457,36,507,493
22,1000,30,7.7,28,70,972,21,4,3,28,8.325850871,107,345,31.63197423,10.00007239,7.848930146,8.78590603,478,13,494,15,491,509
18,1000,30,7.7,28,83,954,23,13,10,46,8.600271657,87,317,31.40182279,9.859494395,8.40518614,8.800897128,489,18,465,28,507,493
19,1000,30,7.7,28,79,956,25,11,8,44,8.737038996,115,332,31.81573359,10.0303828,8.144654378,9.348688155,493,15,463,29,508,492
24,1000,30,7.7,28,29,950,21,11,18,50,7.947800827,98,309,30.49889342,9.476409514,7.745657206,8.159038844,485,26,465,24,511,489
20,1000,30,7.7,28,79,953,28,10,9,47,8.603856403,99,341,31.51807158,9.715236918,8.06575315,9.1661688,491,20,462,27,511,489
21,1000,30,7.7,28,77,945,28,12,15,55,8.796680331,107,311,31.70845797,9.861660719,8.39431535,9.210471499,481,26,464,29,507,493
17,1000,30,7.7,28,84,945,29,16,10,55,8.73082743,86,335,31.84946605,9.8624094,8.226656092,9.225015177,473,22,472,33,495,505
23,1000,30,7.7,28,73,946,39,5,10,54,8.793497764,98,319,31.35164072,9.540602858,8.320644826,9.279778574,489,18,457,36,507,493
18,1000,30,7.7,28,84,955,22,13,10,45,8.62468272,100,355,31.42520515,9.877459668,8.452502918,8.80175201,489,18,466,27,507,493
22,1000,30,7.7,28,71,972,21,4,3,28,8.341177588,101,317,31.65244609,10.0091548,7.858502774,8.806783352,478,13,494,15,491,509
19,1000,30,7.7,28,80,957,24,11,8,43,8.74584535,94,330,31.82547815,10.04005723,8.172198199,9.338147693,493,15,464,28,508,492
24,1000,30,7.7,28,30,949,22,11,18,51,7.972581105,87,299,30.5310346,9.498727031,7.786067237,8.16748619,484,27,465,24,511,489
20,1000,30,7.7,28,80,953,25,13,9,47,8.651530493,108,321,31.54380267,9.731519044,8.158758657,9.166472024,490,21,463,26,511,489
21,1000,30,7.7,28,78,945,28,13,14,55,8.801740647,105,318,31.73526084,9.862932413,8.387151181,9.228103444,481,26,464,29,507,493
17,1000,30,7.7,28,85,945,30,16,9,55,8.72762525,118,300,31.8668089,9.880586619,8.288360408,9.158191779,472,23,473,32,495,505
23,1000,30,7.7,28,74,946,39,5,10,54,8.835384373,105,308,31.38843563,9.560027931,8.371036558,9.312918537,490,17,456,37,507,493
18,1000,30,7.7,28,85,953,23,14,10,47,8.639016996,107,310,31.45124228,9.897092817,8.496821675,8.785250319,488,19,465,28,507,493
19,1000,30,7.7,28,81,955,24,12,9,45,8.775792253,104,299,31.83805469,10.05503825,8.196588086,9.373832327,492,16,463,29,508,492
22,1000,30,7.7,28,72,972,19,6,3,28,8.331931559,121,328,31.66404774,10.02033577,7.823196258,8.82267622,478,13,494,15,491,509
20,1000,30,7.7,28,81,951,28,13,8,49,8.671340441,95,312,31.55189334,9.741172051,8.147895427,9.218335129,489,22,462,27,511,489
21,1000,30,7.7,28,79,947,27,13,13,53,8.816068546,113,312,31.75847979,9.880235882,8.379636474,9.264894227,483,24,464,29,507,493
24,1000,30,7.7,28,31,950,22,11,17,50,7.995391111,106,304,30.53455005,9.492895425,7.784187941,8.216096265,486,25,464,25,511,489
17,1000,30,7.7,28,86,944,31,16,9,56,8.719315149,93,323,31.90292668,9.886572267,8.262588491,9.166997715,472,23,472,33,495,505
23,1000,30,7.7,28,75,945,40,5,10,55,8.829534433,93,352,31.4296756,9.566765551,8.360579906,9.311806127,490,17,455,38,507,493
18,1000,30,7.7,28,86,955,21,14,10,45,8.617182357,115,312,31.47734934,9.917730992,8.477414478,8.760919303,488,19,467,26,507,493
19,1000,30,7.7,28,82,954,25,12,9,46,8.784131933,129,328,31.83400144,10.06011146,8.210607213,9.376307863,491,17,463,29,508,492
22,1000,30,7.7,28,73,972,19,6,3,28,8.313629978,120,339,31.67990151,10.02115644,7.811681223,8.797828089,478,13,494,15,491,509
20,1000,30,7.7,28,82,950,27,16,7,50,8.651083846,112,317,31.57104093,9.754007412,8.142254728,9.182805073,488,23,462,27,511,489
21,1000,30,7.7,28,80,949,27,12,12,51,8.826515989,114,346,31.77391792,9.887282659,8.402807264,9.262257011,484,23,465,28,507,493
17,1000,30,7.7,28,87,943,32,16,9,57,8.730875053,115,316,31.91833861,9.877209612,8.253735765,9.198566039,471,24,472,33,495,505
24,1000,30,7.7,28,32,950,23,11,16,50,8.050978881,90,338,30.55528236,9.516004499,7.838306838,8.273218993,486,25,464,25,511,489
23,1000,30,7.7,28,76,945,40,4,11,55,8.861570505,92,312,31.4424665,9.57974101,8.378291334,9.358573628,490,17,455,38,507,493
18,1000,30,7.7,28,87,954,22,14,10,46,8.657265441,99,311,31.51743468,9.947218099,8.507968211,8.810802349,487,20,467,26,507,493
19,1000,30,7.7,28,83,956,23,12,9,44,8.796638118,105,327,31.85106095,10.08083252,8.250618625,9.360414343,492,16,464,28,508,492
22,1000,30,7.7,28,74,974,17,6,3,26,8.335753652,109,309,31.69909903,10.0321128,7.850754083,8.80360196,479,12,495,14,491,509
20,1000,30,7.7,28,83,949,27,17,7,51,8.677864107,94,335,31.60429908,9.759590629,8.148766156,9.230766056,488,23,461,28,511,489
21,1000,30,7.7,28,81,949,26,12,13,51,8.857880682,102,329,31.80472431,9.887325959,8.446194469,9.28125778,484,23,465,28,507,493
17,1000,30,7.7,28,88,944,32,15,9,56,8.742272191,99,312,31.94591015,9.883711181,8.306061065,9.169845473,471,24,473,32,495,505
23,1000,30,7.7,28,77,945,40,4,11,55,8.835825574,102,321,31.50976739,9.588227877,8.357700229,9.327528516,490,17,455,38,507,493
24,1000,30,7.7,28,33,951,22,11,16,49,8.081932371,100,337,30.56526359,9.539179277,7.882145578,8.290707526,486,25,465,24,511,489
18,1000,30,7.7,28,88,954,22,14,10,46,8.658049666,109,284,31.54463361,9.965037926,8.502393206,8.818126391,487,20,467,26,507,493
19,1000,30,7.7,28,84,955,23,13,9,45,8.817452667,104,330,31.86673782,10.10090678,8.242986066,9.410601109,492,16,463,29,508,492
22,1000,30,7.7,28,75,974,17,6,3,26,8.328471601,96,332,31.71338399,10.02801579,7.853006391,8.787122717,479,12,495,14,491,509
20,1000,30,7.7,28,84,949,28,16,7,51,8.676258053,113,313,31.61531974,9.753063317,8.138459206,9.238252349,489,22,460,29,511,489
21,1000,30,7.7,28,82,949,26,12,13,51,8.858977066,106,328,31.82594017,9.911634575,8.447053509,9.282598249,484,23,465,28,507,493
17,1000,30,7.7,28,89,945,32,14,9,55,8.73930927,115,327,31.96530065,9.877274147,8.353366229,9.117609875,471,24,474,31,495,505
23,1000,30,7.7,28,78,947,40,2,11,53,8.856094962,116,285,31.53001672,9.622781427,8.348245222,9.378366399,491,16,456,37,507,493
18,1000,30,7.7,28,89,956,22,12,10,44,8.650086659,100,322,31.59406317,9.979373953,8.541154734,8.762111986,488,19,468,25,507,493
19,1000,30,7.7,28,85,952,25,14,9,48,8.844623606,105,324,31.88380646,10.10897973,8.287962152,9.419387872,489,19,463,29,508,492
24,1000,30,7.7,28,34,951,21,12,16,49,8.121780979,102,318,30.59349484,9.560158121,7.918185339,8.334536341,486,25,465,24,511,489
20,1000,30,7.7,28,85,950,27,16,7,50,8.697647667,98,325,31.65043684,9.771283113,8.163280231,9.256056175,490,21,460,29,511,489
22,1000,30,7.7,28,76,974,17,6,3,26,8.344455393,102,317,31.73701419,10.02899506,7.877121946,8.795262313,479,12,495,14,491,509
21,1000,30,7.7,28,83,949,26,12,13,51,8.871611053,86,303,31.84032645,9.919586705,8.45755314,9.297427203,484,23,465,28,507,493
17,1000,30,7.7,28,90,946,31,13,10,54,8.712523088,119,326,31.99782977,9.90053633,8.312283212,9.104837422,472,23,474,31,495,505
23,1000,30,7.7,28,79,948,39,2,11,52,8.86956583,100,323,31.54844684,9.638681347,8.341027769,9.413113087,493,14,455,38,507,493
18,1000,30,7.7,28,90,956,22,12,10,44,8.638977783,112,307,31.61348324,9.981620735,8.514602146,8.766885386,488,19,468,25,507,493
19,1000,30,7.7,28,86,952,25,14,9,48,8.830371626,125,343,31.88901066,10.11897184,8.275790342,9.402988074,489,19,463,29,508,492
20,1000,30,7.7,28,86,950,26,17,7,50,8.739047449,124,313,31.66820935,9.774465733,8.252807227,9.24716351,490,21,460,29,511,489
24,1000,30,7.7,28,35,948,23,13,16,52,8.173871405,93,302,30.60907029,9.586930158,7.960153316,8.397204622,485,26,463,26,511,489
22,1000,30,7.7,28,77,973,18,6,3,27,8.35320824,110,353,31.74293847,10.03447345,7.87730431,8.812282562,479,12,494,15,491,509
21,1000,30,7.7,28,84,948,26,13,13,52,8.879011709,115,344,31.86282692,9.945017617,8.468480314,9.301201197,484,23,464,29,507,493
17,1000,30,7.7,28,91,945,31,12,12,55,8.763152582,100,346,32.00512778,9.90350302,8.387544159,9.131323215,472,23,473,32,495,505
23,1000,30,7.7,28,80,946,40,3,11,54,8.910329845,100,296,31.58419221,9.640551503,8.41926455,9.415340199,491,16,455,38,507,493
18,1000,30,7.7,28,91,954,23,14,9,46,8.643279378,120,320,31.64225383,10.00792477,8.511413982,8.778889429,487,20,467,26,507,493
19,1000,30,7.7,28,87,951,26,14,9,49,8.82290946,107,321,31.89351134,10.12845741,8.29664441,9.366288821,488,20,463,29,508,492
20,1000,30,7.7,28,87,951,26,16,7,49,8.742916586,105,318,31.71398751,9.778703906,8.272540865,9.234454405,490,21,461,28,511,489
22,1000,30,7.7,28,78,973,18,6,3,27,8.358649661,115,331,31.73479369,10.02456275,7.855082732,8.844408722,479,12,494,15,491,509
21,1000,30,7.7,28,85,948,26,13,13,52,8.928588023,112,337,31.86724747,9.9549697,8.533196559,9.335207643,484,23,464,29,507,493
24,1000,30,7.7,28,36,949,23,12,16,51,8.223090431,97,296,30.62442976,9.606408923,8.037062195,8.417488034,485,26,464,25,511,489
17,1000,30,7.7,28,92,946,30,12,12,54,8.778439762,95,355,32.00532812,9.923027367,8.405116474,9.14437051,473,22,473,32,495,505
23,1000,30,7.7,28,81,947,39,3,11,53,8.897984814,97,316,31.60258726,9.649638518,8.431542949,9.377672492,491,16,456,37,507,493
18,1000,30,7.7,28,92,956,23,12,9,44,8.618578893,104,316,31.62923549,10.02644632,8.494036155,8.746658343,488,19,468,25,507,493
19,1000,30,7.7,28,88,949,27,15,9,51,8.864428846,107,317,31.93610265,10.15257688,8.34170016,9.404156838,487,21,462,30,508,492
20,1000,30,7.7,28,88,951,26,14,9,49,8.782597,95,293,31.74396304,9.787355928,8.320455515,9.265530126,490,21,461,28,511,489
22,1000,30,7.7,28,79,973,18,6,3,27,8.384393057,123,321,31.75796425,10.03677115,7.874664369,8.876095975,479,12,494,15,491,509
21,1000,30,7.7,28,86,948,27,12,13,52,8.937835506,98,306,31.8953758,9.959878616,8.561428973,9.324931068,483,24,465,28,507,493
17,1000,30,7.7,28,93,946,30,12,12,54,8.79829486,96,319,32.06050437,9.945709322,8.44717167,9.142465115,473,22,473,32,495,505
23,1000,30,7.7,28,82,949,38,2,11,51,8.909301384,108,311,31.63050869,9.672882593,8.425923419,9.406406106,492,15,457,36,507,493
24,1000,30,7.7,28,37,948,23,12,17,52,8.274511068,104,311,30.63116689,9.640933294,8.089102633,8.468260988,485,26,463,26,511,489
18,1000,30,7.7,28,93,956,23,12,9,44,8.624528966,105,319,31.64298252,10.03066671,8.477116077,8.776128023,488,19,468,25,507,493
19,1000,30,7.7,28,89,950,27,15,8,50,8.861312431,103,359,31.93706058,10.15555905,8.357373854,9.381639256,488,20,462,30,508,492
20,1000,30,7.7,28,89,951,26,14,9,49,8.780895326,103,333,31.77540086,9.806904004,8.350688831,9.230456714,490,21,461,28,511,489
17,1000,30,7.7,28,94,946,30,12,12,54,8.819852879,119,307,32.07221849,9.954997182,8.492614756,9.140611039,473,22,473,32,495,505
22,1000,30,7.7,28,80,973,18,6,3,27,8.400115114,105,347,31.78754434,10.05610268,7.889424268,8.892746167,479,12,494,15,491,509
21,1000,30,7.7,28,87,947,27,13,13,53,8.98165936,108,341,31.90118274,9.966046274,8.654558743,9.318048838,483,24,464,29,507,493
18,1000,30,7.7,28,94,956,23,12,9,44,8.630668207,88,331,31.65465512,10.02143782,8.46644351,8.799556486,488,19,468,25,507,493
23,1000,30,7.7,28,83,949,39,1,11,51,8.938553122,95,343,31.67204028,9.691374902,8.468562638,9.421890191,491,16,458,35,507,493
24,1000,30,7.7,28,38,949,23,11,17,51,8.294492242,108,325,30.64835553,9.658441108,8.105177158,8.492324569,486,25,463,26,511,489
19,1000,30,7.7,28,90,951,25,16,8,49,8.879389665,92,331,31.943629,10.17091346,8.374316728,9.400887739,488,20,463,29,508,492
20,1000,30,7.7,28,90,949,27,15,9,51,8.836484216,107,312,31.7849358,9.827797592,8.407397864,9.284875067,489,22,460,29,511,489
17,1000,30,7.7,28,95,948,30,10,12,52,8.836057656,115,303,32.1147808,9.979771425,8.510202206,9.155460522,474,21,474,31,495,505
22,1000,30,7.7,28,81,973,18,6,3,27,8.425083395,105,344,31.81387116,10.04696153,7.903605891,8.928119651,479,12,494,15,491,509
21,1000,30,7.7,28,88,946,28,13,13,54,9.007322086,101,321,31.93406513,9.954006171,8.703985446,9.319272748,483,24,463,30,507,493
18,1000,30,7.7,28,95,952,28,12,8,48,8.644988534,106,326,31.67705295,10.02924906,8.439586634,8.856223348,488,19,464,29,507,493
23,1000,30,7.7,28,84,949,39,1,11,51,8.946572604,86,330,31.6663399,9.695870086,8.508862005,9.396713119,490,17,459,34,507,493
19,1000,30,7.7,28,91,949,26,17,8,51,8.885423475,110,327,31.95107196,10.1662152,8.392530274,9.394345724,487,21,462,30,508,492
24,1000,30,7.7,28,39,949,24,11,16,51,8.293133949,110,295,30.68121705,9.680345557,8.083185073,8.512528377,487,24,462,27,511,489
20,1000,30,7.7,28,91,948,28,15,9,52,8.866713603,108,319,31.82648853,9.846489199,8.479344641,9.271510207,489,22,459,30,511,489
17,1000,30,7.7,28,96,948,29,11,12,52,8.885411574,106,341,32.1397534,9.975840177,8.529143124,9.234625202,475,20,473,32,495,505
22,1000,30,7.7,28,82,973,18,6,3,27,8.413303716,104,317,31.8175553,10.05533876,7.88112637,8.926661431,479,12,494,15,491,509
21,1000,30,7.7,28,89,946,28,13,13,54,8.992472764,114,342,31.92776865,9.963108731,8.674897699,9.319066187,483,24,463,30,507,493
18,1000,30,7.7,28,96,954,25,13,8,46,8.637671257,112,330,31.67137264,10.03807906,8.424244891,8.857158412,489,18,465,28,507,493
23,1000,30,7.7,28,85,949,40,1,10,51,8.932980873,110,336,31.67570269,9.685458833,8.507870586,9.370163258,490,17,459,34,507,493
19,1000,30,7.7,28,92,947,28,17,8,53,8.887458186,126,331,31.96511312,10.16453365,8.404433962,9.386190515,486,22,461,31,508,492
20,1000,30,7.7,28,92,948,28,15,9,52,8.870153995,106,343,31.85525916,9.84530062,8.461628521,9.297058938,490,21,458,31,511,489
24,1000,30,7.7,28,40,947,25,12,16,53,8.311990036,103,315,30.71171113,9.676140321,8.140782787,8.490899862,486,25,461,28,511,489
17,1000,30,7.7,28,97,948,28,12,12,52,8.922162696,103,314,32.20108135,9.986813382,8.548569089,9.28835841,475,20,473,32,495,505
18,1000,30,7.7,28,97,954,25,13,8,46,8.672106816,107,316,31.69189319,10.04376328,8.46836049,8.881639043,489,18,465,28,507,493
23,1000,30,7.7,28,86,949,41,1,9,51,8.942303114,112,309,31.69711521,9.687496736,8.51418252,9.38258129,490,17,459,34,507,493
21,1000,30,7.7,28,90,945,30,13,12,55,9.000567899,102,327,31.94802373,9.97954086,8.663574808,9.347130773,483,24,462,31,507,493
22,1000,30,7.7,28,83,971,20,6,3,29,8.424153563,116,292,31.8123171,10.07681083,7.870199153,8.95851823,479,12,492,17,491,509
19,1000,30,7.7,28,93,947,29,15,9,53,8.923577141,110,318,31.9857021,10.18415335,8.454504183,9.407904505,485,23,462,30,508,492
20,1000,30,7.7,28,93,947,28,16,9,53,8.894153733,96,336,31.88766984,9.86845166,8.487996499,9.318583889,489,22,458,31,511,489
17,1000,30,7.7,28,98,945,30,13,12,55,8.921939825,106,310,32.22590237,10.00111239,8.554081858,9.282513475,473,22,472,33,495,505
24,1000,30,7.7,28,41,948,24,12,16,52,8.327277114,106,299,30.74930146,9.67045567,8.169565655,8.492083976,486,25,462,27,511,489
18,1000,30,7.7,28,98,954,25,12,9,46,8.697195643,108,286,31.70124156,10.04969634,8.500679539,8.899292325,489,18,465,28,507,493
23,1000,30,7.7,28,87,949,42,1,8,51,8.930413054,106,298,31.69834278,9.704227777,8.534137488,9.337941883,489,18,460,33,507,493
21,1000,30,7.7,28,91,944,28,15,13,56,9.00200893,117,284,31.948621,10.00570777,8.644445458,9.369726335,483,24,461,32,507,493
22,1000,30,7.7,28,84,971,19,7,3,29,8.447263841,120,344,31.83902613,10.11450917,7.86637353,9.007611862,479,12,492,17,491,509
19,1000,30,7.7,28,94,948,29,14,9,52,8.927661849,108,319,31.9916704,10.18632744,8.454581808,9.416126606,486,22,462,30,508,492
20,1000,30,7.7,28,94,947,29,15,9,53,8.911865787,110,352,31.89804219,9.870691974,8.520796931,9.320528743,490,21,457,32,511,489
17,1000,30,7.7,28,99,945,30,13,12,55,8.920907734,94,337,32.26059386,10.01448556,8.522388603,9.311535397,473,22,472,33,495,505
18,1000,30,7.7,28,99,950,29,12,9,50,8.725138667,95,340,31.72268316,10.06668662,8.557521679,8.897515569,485,22,465,28,507,493
23,1000,30,7.7,28,88,950,42,1,7,50,8.958263617,119,315,31.74855042,9.721517238,8.623814571,9.302210202,489,18,461,32,507,493
21,1000,30,7.7,28,92,945,28,15,12,55,9.018374996,124,314,31.94123706,10.00946337,8.687477553,9.35866912,483,24,462,31,507,493
24,1000,30,7.7,28,42,948,24,13,15,52,8.331040381,109,323,30.75421908,9.672055838,8.197926358,8.470143174,485,26,463,26,511,489
22,1000,30,7.7,28,85,971,19,7,3,29,8.463562848,112,319,31.84378111,10.12888907,7.904451041,9.002902528,479,12,492,17,491,509
19,1000,30,7.7,28,95,948,28,13,11,52,8.960696856,113,346,32.00894764,10.1960115,8.481495821,9.455481665,486,22,462,30,508,492
20,1000,30,7.7,28,95,947,30,15,8,53,8.937873439,102,300,31.90932874,9.871793129,8.589720353,9.301689854,490,21,457,32,511,489
17,1000,30,7.7,28,100,947,29,12,12,53,8.934935125,111,337,32.28757414,10.02018388,8.596095992,9.267064571,472,23,475,30,495,505
18,1000,30,7.7,28,100,948,30,13,9,52,8.784491835,74,332,31.76029399,10.08461415,8.605873371,8.968182629,484,23,464,29,507,493
23,1000,30,7.7,28,89,951,40,2,7,49,8.999806343,112,320,31.74836899,9.737090457,8.671190826,9.33775374,490,17,461,32,507,493
21,1000,30,7.7,28,93,946,28,14,12,54,9.056955627,91,339,31.94906895,10.01412308,8.745371651,9.377387829,483,24,463,30,507,493
22,1000,30,7.7,28,86,971,19,7,3,29,8.479880367,102,347,31.87296862,10.13683459,7.954272893,8.986900543,479,12,492,17,491,509
24,1000,30,7.7,28,43,948,24,13,15,52,8.328926663,103,302,30.77493663,9.677814701,8.189253197,8.474884007,485,26,463,26,511,489
19,1000,30,7.7,28,96,949,27,13,11,51,9.00468293,102,349,32.03979764,10.20964865,8.533944116,9.490730324,486,22,463,29,508,492
20,1000,30,7.7,28,96,948,29,15,8,52,8.945043741,103,341,31.91923673,9.903323008,8.597605799,9.308112837,491,20,457,32,511,489
17,1000,30,7.7,28,101,947,29,12,12,53,8.953064716,114,334,32.32858057,10.0375806,8.633398497,9.266400911,472,23,475,30,495,505
18,1000,30,7.7,28,101,947,31,13,9,53,8.812303381,102,334,31.77395248,10.09535441,8.627244391,9.002617596,483,24,464,29,507,493
23,1000,30,7.7,28,90,951,39,3,7,49,9.009697116,113,328,31.76817181,9.756419522,8.666377044,9.362766642,490,17,461,32,507,493
21,1000,30,7.7,28,94,946,27,15,12,54,9.045605893,109,308,31.98545505,10.01364317,8.736842631,9.36313728,483,24,463,30,507,493
22,1000,30,7.7,28,87,973,17,7,3,27,8.480870445,110,346,31.89622175,10.14821039,7.933332106,9.009045936,480,11,493,16,491,509
19,1000,30,7.7,28,97,950,25,14,11,50,9.012231252,110,336,32.04474173,10.24893757,8.527287527,9.512945506,487,21,463,29,508,492
24,1000,30,7.7,28,44,948,23,15,14,52,8.377935023,98,311,30.81161432,9.705797489,8.2175016,8.545586309,485,26,463,26,511,489
20,1000,30,7.7,28,97,948,29,15,8,52,8.979274436,109,353,31.95793465,9.899765919,8.620205623,9.354497675,490,21,458,31,511,489
17,1000,30,7.7,28,102,948,29,10,13,52,8.978126526,103,304,32.3576225,10.04418322,8.679163025,9.271169958,473,22,475,30,495,505
18,1000,30,7.7,28,102,947,31,13,9,53,8.830629204,112,317,31.80032438,10.11090659,8.647337516,9.019125929,482,25,465,28,507,493
23,1000,30,7.7,28,91,950,40,3,7,50,9.057520412,92,328,31.76776217,9.769444418,8.702470915,9.422652451,489,18,461,32,507,493
21,1000,30,7.7,28,95,944,29,15,12,56,9.076209634,113,331,32.00344913,10.02634124,8.792914093,9.36755008,482,25,462,31,507,493
19,1000,30,7.7,28,98,951,24,14,11,49,9.029670569,117,320,32.07143564,10.25444282,8.568616593,9.50571817,487,21,464,28,508,492
22,1000,30,7.7,28,88,971,18,8,3,29,8.527335084,108,363,31.92058907,10.1644404,7.987493111,9.048086377,480,11,491,18,491,509
20,1000,30,7.7,28,98,949,26,17,8,51,9.012282497,94,326,31.96222739,9.928061389,8.661387466,9.378964216,491,20,458,31,511,489
24,1000,30,7.7,28,45,949,22,15,14,51,8.366765625,102,315,30.82402219,9.713280972,8.226712489,8.51311972,485,26,464,25,511,489
17,1000,30,7.7,28,103,948,28,11,13,52,8.972436103,84,308,32.40810607,10.05588873,8.620347317,9.317552834,473,22,475,30,495,505
18,1000,30,7.7,28,103,945,33,13,9,55,8.855498911,117,313,31.79946063,10.120272,8.67253937,9.043654057,480,27,465,28,507,493
23,1000,30,7.7,28,92,948,40,5,7,52,9.108478137,100,317,31.7884763,9.786952932,8.712375414,9.515829214,489,18,459,34,507,493
21,1000,30,7.7,28,96,945,29,14,12,55,9.115091855,90,303,32.02754211,10.03970273,8.822836644,9.415646404,483,24,462,31,507,493
19,1000,30,7.7,28,99,950,25,14,11,50,9.068752825,84,309,32.12926593,10.28477907,8.615361838,9.536888233,486,22,464,28,508,492
22,1000,30,7.7,28,89,970,19,8,3,30,8.542659054,111,321,31.93293978,10.18460205,8.000685409,9.065466638,480,11,490,19,491,509
20,1000,30,7.7,28,99,949,27,16,8,51,9.002203607,97,308,31.99821883,9.944242257,8.662362534,9.357334053,491,20,458,31,511,489
17,1000,30,7.7,28,104,947,29,11,13,53,8.977308898,121,331,32.44234714,10.07088411,8.661537565,9.286827333,472,23,475,30,495,505
25,1000,30,7.7,28,0,950,25,10,15,50,7.393,93,301,30.46307323,8.713036427,6.769230769,8.001976285,473,21,477,29,494,506
18,1000,30,7.7,28,104,944,34,13,9,56,8.876475448,109,351,31.82205377,10.14578999,8.709084091,9.048620312,480,27,464,29,507,493
26,1000,30,7.7,28,0,938,26,17,19,62,7.318,85,299,30.00220269,8.91111363,6.148,8.488,481,19,457,43,500,500
23,1000,30,7.7,28,93,949,39,5,7,51,9.09984987,114,328,31.80232057,9.80161207,8.694538618,9.516670975,490,17,459,34,507,493
24,1000,30,7.7,28,46,950,21,15,14,50,8.386510282,95,301,30.83009002,9.720780078,8.240692992,8.538887858,485,26,465,24,511,489
21,1000,30,7.7,28,97,946,29,14,11,54,9.143879736,123,350,32.04899995,10.03290455,8.82419778,9.472639881,483,24,463,30,507,493
19,1000,30,7.7,28,100,951,24,14,11,49,9.102926955,110,329,32.17900851,10.29508406,8.648816212,9.571805528,486,22,465,27,508,492
22,1000,30,7.7,28,90,969,20,8,3,31,8.559655704,108,315,31.95839142,10.20222421,8.045462199,9.05566555,480,11,489,20,491,509
20,1000,30,7.7,28,100,947,29,15,9,53,9.018050768,91,299,32.03170796,9.948495927,8.649837682,9.402829678,491,20,456,33,511,489
23,1000,30,7.7,28,94,949,39,5,7,51,9.122685325,75,345,31.79983257,9.787236546,8.742972202,9.513181376,489,18,460,33,507,493
25,1000,30,7.7,28,1,950,26,9,15,50,7.406021849,95,311,30.50422387,8.734561121,6.776444228,8.020668776,473,21,477,29,494,506
26,1000,30,7.7,28,1,939,22,21,18,61,7.342256142,95,316,30.02852254,8.923202285,6.204459668,8.480052615,482,18,457,43,500,500
24,1000,30,7.7,28,47,950,22,15,13,50,8.412897121,112,296,30.85176885,9.723984585,8.293637547,8.537522156,485,26,465,24,511,489
21,1000,30,7.7,28,98,945,30,14,11,55,9.157503879,99,329,32.0386625,10.05775323,8.845538588,9.478328226,482,25,463,30,507,493
19,1000,30,7.7,28,101,950,25,14,11,50,9.110274029,112,328,32.20846185,10.30812348,8.654193388,9.581186561,486,22,464,28,508,492
22,1000,30,7.7,28,91,969,20,8,3,31,8.594058068,111,333,31.97398822,10.25178375,8.070303917,9.09929046,480,11,489,20,491,509
20,1000,30,7.7,28,101,947,29,15,9,53,9.039754743,104,306,32.03142157,9.954274844,8.665802364,9.430531155,491,20,456,33,511,489
23,1000,30,7.7,28,95,949,39,5,7,51,9.136454592,96,303,31.80177725,9.817356702,8.765501071,9.51794229,489,18,460,33,507,493
25,1000,30,7.7,28,2,949,26,10,15,51,7.469846292,83,330,30.498237,8.753920803,6.817494319,8.106727467,473,21,476,30,494,506
26,1000,30,7.7,28,2,939,23,20,18,61,7.377453497,101,318,30.01944948,8.932061257,6.207613694,8.5472933,483,17,456,44,500,500
21,1000,30,7.7,28,99,944,31,14,11,56,9.157652933,96,317,32.06135856,10.04181319,8.879801947,9.44339421,481,26,463,30,507,493
19,1000,30,7.7,28,102,951,25,13,11,49,9.107264813,126,300,32.2309489,10.32257751,8.683391607,9.544922515,486,22,465,27,508,492
24,1000,30,7.7,28,48,950,23,14,13,50,8.388193505,101,311,30.87875341,9.730494614,8.233853734,8.549476989,485,26,465,24,511,489
20,1000,30,7.7,28,102,945,31,15,9,55,9.069292275,114,337,32.10154538,9.927272293,8.686072267,9.469753265,490,21,455,34,511,489
22,1000,30,7.7,28,92,968,21,8,3,32,8.597535386,93,326,31.9792924,10.27666467,8.075271089,9.101330612,480,11,488,21,491,509
23,1000,30,7.7,28,96,948,40,5,7,52,9.170219441,107,310,31.81408747,9.81045072,8.784121569,9.567281553,489,18,459,34,507,493
25,1000,30,7.7,28,3,951,24,10,15,49,7.506676677,88,292,30.53471237,8.777010495,6.834677227,8.162739382,474,20,477,29,494,506
26,1000,30,7.7,28,3,941,21,20,18,59,7.364060566,107,295,30.02461779,8.941654821,6.205240477,8.522880655,484,16,457,43,500,500
21,1000,30,7.7,28,100,943,32,14,11,57,9.192735859,100,373,32.09070594,10.04809788,8.876579274,9.517870522,481,26,462,31,507,493
19,1000,30,7.7,28,103,952,25,12,11,48,9.114198792,108,316,32.25036845,10.33752743,8.713705252,9.527716513,487,21,465,27,508,492
20,1000,30,7.7,28,103,944,32,14,10,56,9.083859164,111,326,32.14569686,9.966699882,8.693037928,9.492263358,490,21,454,35,511,489
24,1000,30,7.7,28,49,952,21,14,13,48,8.358430909,94,313,30.90501176,9.740649608,8.238337948,8.483926825,486,25,466,23,511,489
22,1000,30,7.7,28,93,968,20,8,4,32,8.599947793,99,321,31.99669263,10.29812436,8.068249148,9.112843735,480,11,488,21,491,509
23,1000,30,7.7,28,97,947,41,5,7,53,9.184444957,105,343,31.83894364,9.821851739,8.777787906,9.602650079,489,18,458,35,507,493
25,1000,30,7.7,28,4,951,23,11,15,49,7.52902627,99,316,30.5337866,8.782995711,6.848967966,8.192956709,474,20,477,29,494,506
21,1000,30,7.7,28,101,945,32,12,11,55,9.220590265,88,320,32.11238826,10.07699753,8.910697139,9.539283601,482,25,463,30,507,493
19,1000,30,7.7,28,104,952,25,12,11,48,9.125059217,100,341,32.29500125,10.34190583,8.730432262,9.532519569,487,21,465,27,508,492
27,1000,30,7.7,28,0,948,25,13,14,52,6.808,85,321,30.10142876,8.80401398,5.766,7.85,486,14,462,38,500,500
26,1000,30,7.7,28,4,942,22,18,18,58,7.37438236,77,307,30.04628964,8.944337201,6.222222655,8.526542066,485,15,457,43,500,500
20,1000,30,7.7,28,104,944,32,14,10,56,9.078603415,132,307,32.17075557,9.989524214,8.689454347,9.485260212,490,21,454,35,511,489
28,1000,30,7.7,28,0,952,20,16,12,48,6.869,91,297,29.90943178,8.643046638,6.41682243,7.389247312,515,20,437,28,535,465
22,1000,30,7.7,28,94,967,21,8,4,33,8.620782892,109,331,32.01411619,10.30804208,8.101977157,9.121241862,480,11,487,22,491,509
24,1000,30,7.7,28,50,952,22,14,12,48,8.371660057,106,301,30.90512917,9.759065265,8.278388366,8.469128021,486,25,466,23,511,489
23,1000,30,7.7,28,98,946,42,5,7,54,9.207277686,102,332,31.84840336,9.806412686,8.833942244,9.591214947,488,19,458,35,507,493
21,1000,30,7.7,28,102,945,32,11,12,55,9.220382877,111,326,32.12827984,10.07495294,8.920099738,9.529193326,482,25,463,30,507,493
25,1000,30,7.7,28,5,950,24,11,15,50,7.500551237,89,320,30.54939632,8.81281697,6.845413411,8.140152198,474,20,476,30,494,506
27,1000,30,7.7,28,1,948,25,13,14,52,6.844009978,85,345,30.12139013,8.844824874,5.800648071,7.887371886,486,14,462,38,500,500
26,1000,30,7.7,28,5,943,21,18,18,57,7.376517822,87,287,30.03117061,8.940677221,6.239447484,8.51358816,485,15,458,42,500,500
28,1000,30,7.7,28,1,952,19,17,12,48,6.943823054,79,320,29.94716648,8.646256768,6.489735831,7.466267493,515,20,437,28,535,465
23,1000,30,7.7,28,99,948,40,5,7,52,9.203272488,109,326,31.88474992,9.806168713,8.866421087,9.549689648,489,18,459,34,507,493
22,1000,30,7.7,28,95,967,21,8,4,33,8.616131241,121,340,32.02418204,10.31969653,8.101660469,9.112408547,480,11,487,22,491,509
24,1000,30,7.7,28,51,952,21,15,12,48,8.38730597,129,313,30.91923173,9.761164114,8.291792814,8.487116242,486,25,466,23,511,489
25,1000,30,7.7,28,6,952,22,12,14,48,7.510884189,82,308,30.56618981,8.822639429,6.877406099,8.129339083,475,19,477,29,494,506
21,1000,30,7.7,28,103,945,32,10,13,55,9.217046888,107,331,32.16121158,10.11327217,8.891401259,9.55194006,482,25,463,30,507,493
27,1000,30,7.7,28,2,947,26,13,14,53,6.880822914,96,284,30.11219242,8.851462822,5.815478905,7.946166922,486,14,461,39,500,500
26,1000,30,7.7,28,6,947,18,18,17,53,7.362661473,95,311,30.03723839,8.938410699,6.234553725,8.49076922,487,13,460,40,500,500
28,1000,30,7.7,28,2,954,18,16,12,46,6.967461304,89,291,29.97653139,8.673097725,6.529758349,7.471055027,516,19,438,27,535,465
23,1000,30,7.7,28,100,948,40,5,7,52,9.201723159,91,324,31.9131968,9.813039083,8.87809728,9.534539225,489,18,459,34,507,493
22,1000,30,7.7,28,96,966,23,6,5,34,8.642203986,87,327,32.03619373,10.31797619,8.136639766,9.129889707,480,11,486,23,491,509
24,1000,30,7.7,28,52,955,19,14,12,45,8.401290737,117,330,30.93471289,9.771845473,8.34280741,8.462405216,487,24,468,21,511,489
25,1000,30,7.7,28,7,951,23,12,14,49,7.523363224,86,312,30.57922814,8.827694589,6.920460354,8.111968002,475,19,476,30,494,506
21,1000,30,7.7,28,104,944,32,11,13,56,9.20860129,97,317,32.19872869,10.15707553,8.869277271,9.557561286,482,25,462,31,507,493
29,1000,30,7.7,28,0,933,35,18,14,67,7.229,92,298,30.0090883,9.064598199,6.298113208,8.278723404,506,24,427,43,530,470
27,1000,30,7.7,28,3,947,25,13,15,53,6.915164031,88,309,30.12381278,8.86325399,5.822728238,8.007599824,487,13,460,40,500,500
26,1000,30,7.7,28,7,945,19,19,17,55,7.431982775,93,286,30.06512573,8.935827401,6.329366075,8.534599476,486,14,459,41,500,500
23,1000,30,7.7,28,101,947,38,7,8,53,9.210331235,106,316,31.91944364,9.827972857,8.912778364,9.516333884,487,20,460,33,507,493
28,1000,30,7.7,28,3,954,18,16,12,46,6.983028868,85,301,30.00375429,8.695736801,6.528336414,7.506169649,516,19,438,27,535,465
22,1000,30,7.7,28,97,967,21,7,5,33,8.633388518,108,304,32.04876452,10.33028229,8.140696013,9.108657712,480,11,487,22,491,509
25,1000,30,7.7,28,8,948,26,12,14,52,7.564805631,87,307,30.61902187,8.844543924,6.949315982,8.165698687,473,21,475,31,494,506
27,1000,30,7.7,28,4,948,25,13,14,52,6.916067512,99,307,30.14195255,8.874690035,5.83565285,7.996482174,487,13,461,39,500,500
26,1000,30,7.7,28,8,945,21,17,17,55,7.472789702,85,294,30.08543803,8.955503309,6.352326971,8.593252432,486,14,459,41,500,500
24,1000,30,7.7,28,53,954,21,13,12,46,8.405415349,113,303,30.9463301,9.788723618,8.345264993,8.468271856,488,23,466,23,511,489
29,1000,30,7.7,28,1,933,35,18,14,67,7.239458852,99,320,30.03007814,9.068834293,6.309482798,8.288155254,506,24,427,43,530,470
23,1000,30,7.7,28,102,945,40,7,8,55,9.257270476,98,331,31.92686746,9.84301569,8.928351466,9.595529985,486,21,459,34,507,493
28,1000,30,7.7,28,4,955,17,16,12,45,6.958948391,94,289,30.0336935,8.714278425,6.496538301,7.490968603,516,19,439,26,535,465
22,1000,30,7.7,28,98,967,20,8,5,33,8.674086377,104,324,32.04484738,10.36958064,8.152782495,9.176955151,481,10,486,23,491,509
25,1000,30,7.7,28,9,947,27,12,14,53,7.60747367,86,299,30.62641299,8.849318809,6.985628839,8.214571193,473,21,474,32,494,506
27,1000,30,7.7,28,5,949,25,11,15,51,6.952279054,106,309,30.14195877,8.8880822,5.896250312,8.008307796,487,13,462,38,500,500
26,1000,30,7.7,28,9,947,20,17,16,53,7.47703162,101,283,30.13523237,8.959689157,6.364053864,8.590009376,486,14,461,39,500,500
24,1000,30,7.7,28,54,954,21,13,12,46,8.391061518,124,308,30.98331592,9.784308008,8.335003149,8.449641941,488,23,466,23,511,489
29,1000,30,7.7,28,2,934,35,19,12,66,7.236516382,97,306,30.03927242,9.070300549,6.347982652,8.238479949,507,23,427,43,530,470
23,1000,30,7.7,28,103,944,40,8,8,56,9.284258748,107,329,31.93582568,9.865667963,8.961141395,9.616551848,486,21,458,35,507,493
28,1000,30,7.7,28,5,957,16,15,12,43,6.981272333,102,312,30.04822433,8.744104456,6.511250089,7.522050613,517,18,440,25,535,465
22,1000,30,7.7,28,99,968,20,8,4,32,8.651138183,120,343,32.07699987,10.39177577,8.132661807,9.151279443,481,10,487,22,491,509
25,1000,30,7.7,28,10,948,27,11,14,52,7.644086018,82,286,30.63388878,8.879636215,7.083624045,8.191256404,473,21,475,31,494,506
27,1000,30,7.7,28,6,948,24,13,15,52,7.02635584,82,327,30.16853797,8.877629434,5.961186713,8.091524966,487,13,461,39,500,500
26,1000,30,7.7,28,10,947,20,17,16,53,7.47340364,84,296,30.16515293,8.973019568,6.377343277,8.569464003,486,14,461,39,500,500
23,1000,30,7.7,28,104,943,41,8,8,57,9.328978853,101,321,31.95001138,9.908903725,9.003950211,9.663237518,485,22,458,35,507,493
30,1000,30,7.7,28,0,940,28,16,16,60,7.23,96,309,29.66296819,8.862286537,6.515748031,7.967479675,489,19,451,41,508,492
29,1000,30,7.7,28,3,935,34,19,12,65,7.272355083,90,291,30.08826728,9.088750512,6.412546404,8.241926573,507,23,428,42,530,470
24,1000,30,7.7,28,55,954,21,12,13,46,8.403080761,106,312,31.01727216,9.799449483,8.387405247,8.419461512,488,23,466,23,511,489
28,1000,30,7.7,28,6,959,15,14,12,41,6.969368677,85,311,30.06889547,8.735395437,6.487647264,7.523607292,519,16,440,25,535,465
25,1000,30,7.7,28,11,947,28,11,14,53,7.670052298,95,337,30.63034559,8.884151315,7.107996584,8.218778627,473,21,474,32,494,506
22,1000,30,7.7,28,100,969,19,8,4,31,8.673212578,117,312,32.11884536,10.41861082,8.165843714,9.162639125,481,10,488,21,491,509
27,1000,30,7.7,28,7,948,24,13,15,52,7.073333349,86,291,30.18414292,8.86940042,6.044117319,8.10254938,487,13,461,39,500,500
26,1000,30,7.7,28,11,948,20,16,16,52,7.46922987,95,292,30.1768934,8.988351707,6.388202209,8.550257531,486,14,462,38,500,500
30,1000,30,7.7,28,1,940,28,16,16,60,7.255489867,93,321,29.6654321,8.870274849,6.582064669,7.950815072,487,21,453,39,508,492
29,1000,30,7.7,28,4,935,34,19,12,65,7.291169346,115,282,30.11009417,9.105048507,6.43790968,8.253355777,507,23,428,42,530,470
24,1000,30,7.7,28,56,955,21,10,14,45,8.423502302,108,315,30.99862709,9.813843015,8.417242909,8.430043304,488,23,467,22,511,489
25,1000,30,7.7,28,12,948,28,10,14,52,7.697067189,106,306,30.64556269,8.905995086,7.141674275,8.239288729,474,20,474,32,494,506
28,1000,30,7.7,28,7,959,15,14,12,41,7.014666907,93,319,30.07501072,8.739505336,6.564203426,7.532942096,519,16,440,25,535,465
22,1000,30,7.7,28,101,969,19,8,4,31,8.699101434,112,304,32.16729095,10.43673176,8.183052091,9.196901489,481,10,488,21,491,509
27,1000,30,7.7,28,8,947,25,13,15,53,7.076232689,98,300,30.20314065,8.868098021,6.079347093,8.073118284,487,13,460,40,500,500
26,1000,30,7.7,28,12,948,22,16,14,52,7.476172197,85,292,30.20874246,8.997389949,6.381625486,8.570718909,486,14,462,38,500,500
30,1000,30,7.7,28,2,941,27,16,16,59,7.244528567,108,305,29.69839226,8.878034207,6.610670229,7.899000185,487,21,454,38,508,492
25,1000,30,7.7,28,13,948,29,9,14,52,7.729777293,84,307,30.65209982,8.912431662,7.159495826,8.286534299,475,19,473,33,494,506
29,1000,30,7.7,28,5,938,31,19,12,62,7.28283237,113,295,30.12601094,9.109352208,6.426447824,8.248542603,509,21,429,41,530,470
28,1000,30,7.7,28,8,961,14,14,11,39,7.032620944,90,314,30.09451745,8.731807019,6.593101682,7.538304395,520,15,441,24,535,465
24,1000,30,7.7,28,57,957,19,11,13,43,8.43804826,91,314,31.01598976,9.828055459,8.426989461,8.449604593,489,22,468,21,511,489
27,1000,30,7.7,28,9,947,25,13,15,53,7.066395629,111,306,30.22219827,8.891420095,6.063294843,8.069496414,487,13,460,40,500,500
26,1000,30,7.7,28,13,949,22,14,15,51,7.518126944,111,307,30.22241787,8.990754087,6.411365214,8.624888674,486,14,463,37,500,500
22,1000,30,7.7,28,102,969,20,7,4,31,8.675877001,112,315,32.18646984,10.43528148,8.176870681,9.157236732,481,10,488,21,491,509
25,1000,30,7.7,28,14,948,29,9,14,52,7.722287225,81,278,30.71537014,8.918491483,7.150247732,8.280760564,475,19,473,33,494,506
29,1000,30,7.7,28,6,938,31,19,12,62,7.300209056,114,289,30.14363919,9.117884716,6.437329639,8.273243291,510,20,428,42,530,470
30,1000,30,7.7,28,3,942,25,17,16,58,7.281371567,88,310,29.75911644,8.869138572,6.670676911,7.911926213,486,22,456,36,508,492
26,1000,30,7.7,28,14,948,23,14,15,52,7.533679863,92,281,30.23837303,8.999077441,6.473483728,8.593875998,486,14,462,38,500,500
28,1000,30,7.7,28,9,961,14,14,11,39,7.062904346,86,299,30.09481207,8.743090347,6.620907573,7.571438268,520,15,441,24,535,465
27,1000,30,7.7,28,10,947,25,12,16,53,7.129248811,89,302,30.25792368,8.895508625,6.144426722,8.1140709,487,13,460,40,500,500
22,1000,30,7.7,28,103,969,20,7,4,31,8.715952756,102,346,32.20876545,10.44492313,8.215880064,9.198341147,481,10,488,21,491,509
24,1000,30,7.7,28,58,955,21,11,13,45,8.453346435,100,305,31.03652091,9.824081415,8.500532939,8.404037021,487,24,468,21,511,489
25,1000,30,7.7,28,15,946,31,9,14,54,7.737439958,117,326,30.71913581,8.921679265,7.182982826,8.278747908,474,20,472,34,494,506
29,1000,30,7.7,28,7,940,31,17,12,60,7.319882901,92,316,30.15907458,9.143416496,6.45713922,8.292764072,510,20,430,40,530,470
30,1000,30,7.7,28,4,943,25,16,16,57,7.314848414,80,311,29.75905999,8.859038566,6.702521614,7.94708828,486,22,457,35,508,492
26,1000,30,7.7,28,15,948,23,14,15,52,7.567465364,110,318,30.26340492,9.010822347,6.511502414,8.623428315,486,14,462,38,500,500
27,1000,30,7.7,28,11,947,25,12,16,53,7.163859071,94,324,30.26799618,8.914932246,6.201375714,8.126342429,487,13,460,40,500,500
28,1000,30,7.7,28,10,962,13,14,11,38,7.072946214,97,293,30.11751198,8.770750851,6.624537182,7.58885768,521,14,441,24,535,465
22,1000,30,7.7,28,104,969,20,7,4,31,8.735857857,97,324,32.22386123,10.45963901,8.221677488,9.23185503,481,10,488,21,491,509
31,1000,30,7.7,28,0,924,36,20,20,76,7.686,101,293,29.86155982,9.190354884,6.812992126,8.587398374,480,28,444,48,508,492
24,1000,30,7.7,28,59,954,22,11,13,46,8.481262424,86,331,31.05091719,9.833940847,8.522226363,8.438455526,487,24,467,22,511,489
25,1000,30,7.7,28,16,946,31,10,13,54,7.715221851,93,308,30.74324351,8.932572644,7.155233622,8.261929726,474,20,472,34,494,506
29,1000,30,7.7,28,8,939,32,17,12,61,7.342033422,108,284,30.17452803,9.151511784,6.477688829,8.316719878,510,20,429,41,530,470
26,1000,30,7.7,28,16,948,23,14,15,52,7.588699788,104,321,30.28342256,9.027505915,6.56030636,8.617093216,485,15,463,37,500,500
30,1000,30,7.7,28,5,945,24,15,16,55,7.314823441,84,317,29.7734668,8.855235888,6.721910062,7.927018557,487,21,458,34,508,492
27,1000,30,7.7,28,12,947,25,11,17,53,7.184886003,84,318,30.28862563,8.914593837,6.233854565,8.135917442,486,14,461,39,500,500
28,1000,30,7.7,28,11,964,12,13,11,36,7.055730554,90,292,30.1246624,8.778878895,6.572122534,7.612139781,523,12,441,24,535,465
31,1000,30,7.7,28,1,927,35,19,19,73,7.685437659,97,299,29.87700852,9.210617793,6.812357585,8.586910581,481,27,446,46,508,492
25,1000,30,7.7,28,17,945,33,10,12,55,7.713796637,79,305,30.75910252,8.952927357,7.14103401,8.27297596,473,21,472,34,494,506
24,1000,30,7.7,28,60,953,23,10,14,47,8.517219765,97,318,31.07201505,9.848963242,8.564212226,8.468113124,487,24,466,23,511,489
29,1000,30,7.7,28,9,940,31,17,12,60,7.349561441,99,304,30.17905082,9.165910034,6.478510758,8.331810085,510,20,430,40,530,470
26,1000,30,7.7,28,17,948,23,13,16,52,7.626583396,98,306,30.29727188,9.029351458,6.588989829,8.664176964,485,15,463,37,500,500
30,1000,30,7.7,28,6,946,24,15,15,54,7.333635589,89,332,29.79819828,8.869417049,6.780847741,7.904400277,487,21,459,33,508,492
27,1000,30,7.7,28,13,949,25,10,16,51,7.190472865,103,322,30.29900491,8.937855492,6.266297014,8.114648716,485,15,464,36,500,500
28,1000,30,7.7,28,12,964,13,13,10,36,7.087860337,96,325,30.12744146,8.79123317,6.639326271,7.603915661,523,12,441,24,535,465
31,1000,30,7.7,28,2,927,35,19,19,73,7.725188993,101,281,29.8950831,9.217942174,6.85383283,8.624881942,481,27,446,46,508,492
25,1000,30,7.7,28,18,949,30,9,12,51,7.70455388,93,296,30.79926104,8.952482686,7.134118264,8.261461379,474,20,475,31,494,506
29,1000,30,7.7,28,10,941,30,17,12,59,7.381907241,107,310,30.17308231,9.178241633,6.51418901,8.360398011,511,19,430,40,530,470
26,1000,30,7.7,28,18,948,23,14,15,52,7.62787301,87,308,30.29590658,9.03954283,6.566573021,8.689172999,485,15,463,37,500,500
24,1000,30,7.7,28,61,953,23,10,14,47,8.538526649,90,298,31.0944062,9.867106639,8.59771445,8.476676003,487,24,466,23,511,489
27,1000,30,7.7,28,14,949,25,10,16,51,7.234096202,83,282,30.3204613,8.949550992,6.305789303,8.1624031,485,15,464,36,500,500
30,1000,30,7.7,28,7,948,23,14,15,52,7.340449296,97,298,29.83182304,8.895807148,6.814149457,7.883864576,487,21,461,31,508,492
28,1000,30,7.7,28,13,965,12,13,10,35,7.100429906,81,281,30.15279424,8.796669596,6.668522903,7.597355167,523,12,442,23,535,465
31,1000,30,7.7,28,3,929,36,16,19,71,7.706921273,113,286,29.90755196,9.229322059,6.803781612,8.639431329,482,26,447,45,508,492
25,1000,30,7.7,28,19,950,29,8,13,50,7.712914883,98,306,30.81219136,8.969994061,7.186617855,8.226730558,474,20,476,30,494,506
29,1000,30,7.7,28,11,943,29,16,12,57,7.382012521,86,293,30.18388351,9.185517785,6.525471051,8.34789971,512,18,431,39,530,470
26,1000,30,7.7,28,19,948,24,14,14,52,7.619996909,86,302,30.32133364,9.042394054,6.53635279,8.703641028,485,15,463,37,500,500
27,1000,30,7.7,28,15,950,24,10,16,50,7.297011054,90,317,30.31529725,8.953577083,6.35501136,8.239010747,485,15,465,35,500,500
24,1000,30,7.7,28,62,952,23,10,15,48,8.597331704,96,331,31.09530083,9.882257191,8.66275998,8.528959825,486,25,466,23,511,489
30,1000,30,7.7,28,8,949,22,14,15,51,7.372060116,78,322,29.83860149,8.919318935,6.827174889,7.934665187,487,21,462,30,508,492
28,1000,30,7.7,28,14,965,12,13,10,35,7.131666702,97,315,30.17641667,8.807164927,6.689063157,7.640898738,523,12,442,23,535,465
25,1000,30,7.7,28,20,952,29,7,12,48,7.719387633,95,314,30.83071743,8.968818038,7.229928347,8.19723919,475,19,477,29,494,506
29,1000,30,7.7,28,12,946,27,15,12,54,7.387816084,94,306,30.18067218,9.18717564,6.561975656,8.319082949,512,18,434,36,530,470
31,1000,30,7.7,28,4,929,35,16,20,71,7.72876958,104,289,29.945464,9.241743225,6.866520174,8.619059617,482,26,447,45,508,492
26,1000,30,7.7,28,20,947,25,14,14,53,7.619387278,112,329,30.3680849,9.071804193,6.550818536,8.687956019,484,16,463,37,500,500
27,1000,30,7.7,28,16,951,24,10,15,49,7.32742291,98,280,30.3479205,8.968006779,6.381189488,8.273656332,486,14,465,35,500,500
30,1000,30,7.7,28,9,949,22,14,15,51,7.382823139,87,314,29.84845843,8.936373624,6.828736883,7.954928459,487,21,462,30,508,492
24,1000,30,7.7,28,63,952,23,10,15,48,8.625299774,87,309,31.13597054,9.885195025,8.694009347,8.553498974,486,25,466,23,511,489
28,1000,30,7.7,28,15,965,12,13,10,35,7.164475657,91,299,30.22354875,8.80559713,6.733482836,7.660349118,523,12,442,23,535,465
25,1000,30,7.7,28,21,953,28,7,12,47,7.733125753,97,335,30.84146133,8.959586315,7.278307575,8.177157729,475,19,478,28,494,506
29,1000,30,7.7,28,13,944,28,16,12,56,7.445607642,106,303,30.21071542,9.200325121,6.599496321,8.399733175,512,18,432,38,530,470
31,1000,30,7.7,28,5,930,35,15,20,70,7.750017778,104,308,29.97404687,9.27290058,6.931149574,8.595515843,482,26,448,44,508,492
26,1000,30,7.7,28,21,946,24,16,14,54,7.646138879,107,316,30.39832381,9.074755643,6.59903289,8.693244869,483,17,463,37,500,500
27,1000,30,7.7,28,17,950,25,10,15,50,7.382520797,97,307,30.39308134,8.970330935,6.405610093,8.359431501,486,14,464,36,500,500
30,1000,30,7.7,28,10,950,21,14,15,50,7.403777784,97,313,29.87364928,8.946002833,6.869052447,7.955892563,487,21,463,29,508,492
28,1000,30,7.7,28,16,966,12,12,10,34,7.145734426,86,287,30.25489907,8.816741646,6.716470333,7.63961892,524,11,442,23,535,465
25,1000,30,7.7,28,22,953,29,7,11,47,7.748780195,88,292,30.85106441,8.971165882,7.294520617,8.192266817,475,19,478,28,494,506
24,1000,30,7.7,28,64,952,23,10,15,48,8.622814186,104,318,31.15709306,9.903605347,8.675582775,8.567671551,486,25,466,23,511,489
29,1000,30,7.7,28,14,944,28,15,13,56,7.469783715,102,297,30.21116595,9.20338168,6.650843774,8.39326918,512,18,432,38,530,470
26,1000,30,7.7,28,22,948,23,15,14,52,7.666578634,96,316,30.42788276,9.111175925,6.658720256,8.674437013,483,17,465,35,500,500
31,1000,30,7.7,28,6,932,34,15,19,68,7.754131523,95,304,30.00143282,9.293893566,6.948377576,8.58608885,483,25,449,43,508,492
27,1000,30,7.7,28,18,951,25,10,14,49,7.412487474,80,326,30.42149728,8.981585239,6.43735802,8.387616929,486,14,465,35,500,500
30,1000,30,7.7,28,11,950,21,14,15,50,7.427461299,85,322,29.90254281,8.957309427,6.908284632,7.963521759,487,21,463,29,508,492
28,1000,30,7.7,28,17,967,12,11,10,33,7.141264258,82,300,30.2954805,8.838397853,6.722443854,7.623132896,524,11,443,22,535,465
25,1000,30,7.7,28,23,953,29,7,11,47,7.779870765,97,306,30.89785526,8.986527242,7.360215382,8.189573846,475,19,478,28,494,506
29,1000,30,7.7,28,15,944,27,16,13,56,7.503699931,91,311,30.23476312,9.211995444,6.670158976,8.44365037,512,18,432,38,530,470
24,1000,30,7.7,28,65,951,24,10,15,49,8.622210428,99,326,31.16825473,9.902948262,8.678032634,8.563876794,487,24,464,25,511,489
26,1000,30,7.7,28,23,949,23,14,14,51,7.70233994,95,307,30.45117722,9.112446366,6.712704313,8.691975566,483,17,466,34,500,500
27,1000,30,7.7,28,19,951,24,11,14,49,7.452483417,85,281,30.41484795,8.990003281,6.47223636,8.432730475,486,14,465,35,500,500
31,1000,30,7.7,28,7,932,34,15,19,68,7.759493455,102,313,30.02258269,9.306220571,6.951738979,8.59351637,483,25,449,43,508,492
30,1000,30,7.7,28,12,950,23,13,14,50,7.420904792,74,297,29.93525941,8.974024048,6.89602907,7.962849642,487,21,463,29,508,492
25,1000,30,7.7,28,24,953,29,7,11,47,7.790028597,85,299,30.94565596,9.003861062,7.375398174,8.194825888,475,19,478,28,494,506
28,1000,30,7.7,28,18,967,12,11,10,33,7.161018778,91,306,30.32062364,8.838850518,6.736032772,7.649981172,524,11,443,22,535,465
29,1000,30,7.7,28,16,944,27,15,14,56,7.538651699,95,319,30.2454423,9.231535864,6.690145705,8.495477608,512,18,432,38,530,470
26,1000,30,7.7,28,24,948,24,14,14,52,7.732174192,104,283,30.47506859,9.117689382,6.712584605,8.75176378,483,17,465,35,500,500
24,1000,30,7.7,28,66,951,23,10,16,49,8.644111612,100,310,31.18725926,9.914765579,8.700058679,8.585647499,487,24,464,25,511,489
27,1000,30,7.7,28,20,951,24,11,14,49,7.488771761,87,326,30.43768201,9.003955666,6.522443598,8.455099924,486,14,465,35,500,500
31,1000,30,7.7,28,8,933,32,16,19,67,7.776410616,104,298,30.02971491,9.322663144,6.970144693,8.60889657,484,24,449,43,508,492
25,1000,30,7.7,28,25,952,30,7,11,48,7.79725736,104,354,30.96950394,9.006462038,7.373099279,8.211356356,475,19,477,29,494,506
30,1000,30,7.7,28,13,951,21,14,14,49,7.420692659,93,316,29.94947496,8.976406176,6.89527931,7.96319262,488,20,463,29,508,492
29,1000,30,7.7,28,17,945,25,16,14,55,7.568941084,82,321,30.25920202,9.227535701,6.683465206,8.567456435,513,17,432,38,530,470
28,1000,30,7.7,28,19,965,14,11,10,35,7.186220841,104,304,30.35438185,8.85943786,6.770616758,7.664388979,522,13,443,22,535,465
26,1000,30,7.7,28,25,949,24,13,14,51,7.748817071,97,306,30.47809852,9.129326546,6.752924272,8.744709869,483,17,466,34,500,500
27,1000,30,7.7,28,21,950,25,11,14,50,7.50802937,102,311,30.45728062,9.024831928,6.555804217,8.460254524,486,14,464,36,500,500
24,1000,30,7.7,28,67,953,23,8,16,47,8.616063953,113,310,31.21457253,9.898153147,8.613904349,8.618320717,489,22,464,25,511,489
31,1000,30,7.7,28,9,936,32,14,18,64,7.762789578,101,316,30.05370878,9.325344749,6.972710575,8.578562207,484,24,452,40,508,492
25,1000,30,7.7,28,26,952,28,8,12,48,7.819629309,113,327,30.99103468,9.014968239,7.413118918,8.216499137,475,19,477,29,494,506
29,1000,30,7.7,28,18,946,25,15,14,54,7.602961256,107,320,30.26073449,9.224696016,6.709343862,8.610657466,514,16,432,38,530,470
30,1000,30,7.7,28,14,951,21,14,14,49,7.435735089,92,263,29.95363576,8.998377858,6.906855796,7.981813707,488,20,463,29,508,492
28,1000,30,7.7,28,20,966,14,10,10,34,7.206206685,105,280,30.38018004,8.857231916,6.770835349,7.707117791,523,12,443,22,535,465
26,1000,30,7.7,28,26,949,24,13,14,51,7.773824397,84,341,30.50926636,9.164100738,6.777300995,8.770347799,483,17,466,34,500,500
27,1000,30,7.7,28,22,950,25,11,14,50,7.546044509,112,335,30.46604827,9.02529246,6.580780664,8.511308354,486,14,464,36,500,500
31,1000,30,7.7,28,10,936,33,14,17,64,7.782608189,113,296,30.07466849,9.330228155,7.010256682,8.580076818,484,24,452,40,508,492
24,1000,30,7.7,28,68,954,22,8,16,46,8.675939481,83,324,31.23664484,9.913025471,8.690237266,8.660998442,489,22,465,24,511,489
25,1000,30,7.7,28,27,953,29,7,11,47,7.810252867,91,276,30.99815816,9.035824045,7.408658647,8.202323114,476,18,477,29,494,506
29,1000,30,7.7,28,19,945,25,15,15,55,7.65273307,93,305,30.2911204,9.246682068,6.763026841,8.656018818,514,16,431,39,530,470
30,1000,30,7.7,28,15,951,22,14,13,49,7.455281401,105,301,30.0013191,9.01701147,6.908163235,8.020192028,487,21,464,28,508,492
28,1000,30,7.7,28,21,965,15,10,10,35,7.219091857,95,304,30.39062454,8.871636607,6.811446904,7.688102717,522,13,443,22,535,465
26,1000,30,7.7,28,27,950,22,14,14,50,7.794366554,99,335,30.52351174,9.183729765,6.763918838,8.82481427,484,16,466,34,500,500
27,1000,30,7.7,28,23,953,22,11,14,47,7.603550981,83,319,30.47884548,9.038231462,6.604958594,8.602143368,488,12,465,35,500,500
31,1000,30,7.7,28,11,937,31,15,17,63,7.802481899,94,294,30.07592115,9.343181068,7.042134269,8.587556281,484,24,453,39,508,492
25,1000,30,7.7,28,28,954,28,7,11,46,7.819511933,92,323,31.02738228,9.02548698,7.419088251,8.210439402,476,18,478,28,494,506
29,1000,30,7.7,28,20,945,25,15,15,55,7.69452726,87,338,30.29358549,9.283798716,6.823982131,8.676205811,514,16,431,39,530,470
24,1000,30,7.7,28,69,953,22,9,16,47,8.669134115,103,322,31.25353511,9.916815053,8.670408352,8.66780255,489,22,464,25,511,489
30,1000,30,7.7,28,16,950,23,14,13,50,7.508176044,97,314,30.04218314,9.018608382,6.954927989,8.079415906,486,22,464,28,508,492
26,1000,30,7.7,28,28,950,23,14,13,50,7.823620009,82,322,30.55314252,9.172804523,6.797210434,8.850029584,484,16,466,34,500,500
28,1000,30,7.7,28,22,966,16,9,9,34,7.224550958,88,310,30.4008081,8.89793086,6.84000316,7.666987672,522,13,444,21,535,465
27,1000,30,7.7,28,24,954,22,10,14,46,7.610944393,86,313,30.49263648,9.073695775,6.660217822,8.561670965,488,12,466,34,500,500
25,1000,30,7.7,28,29,954,28,7,11,46,7.857161521,86,323,31.05605106,9.023161659,7.452340135,8.2523824,476,18,478,28,494,506
31,1000,30,7.7,28,12,937,30,16,17,63,7.845964944,106,305,30.11218561,9.359892923,7.051069152,8.666711007,484,24,453,39,508,492
29,1000,30,7.7,28,21,945,25,15,15,55,7.69507778,92,312,30.28866735,9.299255548,6.860738497,8.635928462,514,16,431,39,530,470
30,1000,30,7.7,28,17,949,24,14,13,51,7.541245618,96,299,30.06928186,9.035450809,6.998189706,8.101961884,486,22,463,29,508,492
26,1000,30,7.7,28,29,951,22,14,13,49,7.833275436,88,305,30.56752241,9.183409167,6.815324639,8.851226233,484,16,467,33,500,500
28,1000,30,7.7,28,23,964,19,9,8,36,7.264441902,87,310,30.41818097,8.92870413,6.886353051,7.699447353,521,14,443,22,535,465
24,1000,30,7.7,28,70,953,21,10,16,47,8.683774298,91,319,31.25991743,9.919818171,8.681169486,8.686496299,489,22,464,25,511,489
27,1000,30,7.7,28,25,953,23,10,14,47,7.638361248,101,285,30.51634135,9.070233647,6.671406338,8.605316158,488,12,465,35,500,500
25,1000,30,7.7,28,30,954,27,7,12,46,7.855520651,106,275,31.10553683,9.040574106,7.469121366,8.232756316,476,18,478,28,494,506
29,1000,30,7.7,28,22,946,26,15,13,54,7.703871142,88,291,30.30980157,9.325642105,6.887993479,8.623903401,515,15,431,39,530,470
31,1000,30,7.7,28,13,938,30,15,17,62,7.855801403,94,288,30.14946273,9.363178399,7.045921201,8.692019173,485,23,453,39,508,492
26,1000,30,7.7,28,30,952,21,14,13,48,7.832547729,90,311,30.58160683,9.191894244,6.831656896,8.833438562,484,16,468,32,500,500
30,1000,30,7.7,28,18,951,23,14,12,49,7.51120818,102,306,30.08596738,9.048218337,6.935355862,8.105787404,488,20,463,29,508,492
27,1000,30,7.7,28,26,953,23,10,14,47,7.652135151,95,313,30.53723403,9.092545726,6.689312655,8.614957647,488,12,465,35,500,500
28,1000,30,7.7,28,24,965,18,9,8,35,7.286823849,105,312,30.4324513,8.923006963,6.923358751,7.705004122,522,13,443,22,535,465
24,1000,30,7.7,28,71,953,21,9,17,47,8.676868058,94,347,31.26870682,9.945985864,8.663227591,8.691122207,490,21,463,26,511,489
25,1000,30,7.7,28,31,953,28,7,12,47,7.858367523,94,321,31.1247915,9.047244653,7.460474657,8.246824194,476,18,477,29,494,506
29,1000,30,7.7,28,23,945,27,15,13,55,7.710577071,109,309,30.34723447,9.332830866,6.927884266,8.593188107,514,16,431,39,530,470
31,1000,30,7.7,28,14,938,31,15,16,62,7.890070309,76,273,30.17260732,9.380582744,7.076970481,8.729612409,485,23,453,39,508,492
26,1000,30,7.7,28,31,952,21,14,13,48,7.853707144,87,316,30.60202856,9.194239118,6.851196326,8.856217961,484,16,468,32,500,500
27,1000,30,7.7,28,27,953,22,11,14,47,7.685269633,95,297,30.56957654,9.10657235,6.746494957,8.624044309,488,12,465,35,500,500
30,1000,30,7.7,28,19,953,22,13,12,47,7.542248058,101,340,30.0857356,9.064299133,7.009711465,8.092102914,488,20,465,27,508,492
28,1000,30,7.7,28,25,965,18,9,8,35,7.298013057,106,290,30.4394369,8.926177899,6.930472869,7.720881874,522,13,443,22,535,465
24,1000,30,7.7,28,72,954,21,8,17,46,8.675119567,102,302,31.28560789,9.969088378,8.651829827,8.699457108,491,20,463,26,511,489
25,1000,30,7.7,28,32,952,28,8,12,48,7.87605325,95,324,31.18078913,9.072478344,7.497826354,8.245310338,474,20,478,28,494,506
29,1000,30,7.7,28,24,946,26,15,13,54,7.728012806,113,304,30.37094366,9.343598904,6.905952173,8.655017349,514,16,432,38,530,470
26,1000,30,7.7,28,32,952,21,14,13,48,7.860038461,103,305,30.61948009,9.216511806,6.865046796,8.855030126,484,16,468,32,500,500
31,1000,30,7.7,28,15,938,31,15,16,62,7.88637184,97,331,30.18874807,9.388176964,7.052058219,8.747817612,485,23,453,39,508,492
27,1000,30,7.7,28,28,954,21,11,14,46,7.708986255,104,289,30.58023238,9.128575987,6.786953955,8.631018556,488,12,466,34,500,500
30,1000,30,7.7,28,20,953,22,14,11,47,7.598520961,96,292,30.09082518,9.074998571,7.071107029,8.143086565,488,20,465,27,508,492
28,1000,30,7.7,28,26,967,16,9,8,33,7.297585593,104,302,30.46770155,8.935371448,6.946385407,7.701654625,523,12,444,21,535,465
25,1000,30,7.7,28,33,952,27,9,12,48,7.903834062,102,307,31.23098688,9.082251638,7.573421943,8.22641032,474,20,478,28,494,506
29,1000,30,7.7,28,25,946,27,15,12,54,7.737997923,98,292,30.39726984,9.353218498,6.927605632,8.65184455,514,16,432,38,530,470
24,1000,30,7.7,28,73,953,22,8,17,47,8.682001201,103,325,31.30887263,10.02189247,8.653239015,8.712057391,490,21,463,26,511,489
26,1000,30,7.7,28,33,952,21,14,13,48,7.85712472,110,334,30.63355293,9.23577995,6.880609014,8.833640426,484,16,468,32,500,500
31,1000,30,7.7,28,16,936,33,15,16,64,7.912981625,97,308,30.21459463,9.406624056,7.035710595,8.818781795,485,23,451,41,508,492
27,1000,30,7.7,28,29,957,20,9,14,43,7.726750404,96,314,30.59085204,9.136621428,6.772413911,8.681086896,491,9,466,34,500,500
28,1000,30,7.7,28,27,967,16,9,8,33,7.319606601,99,304,30.46756893,8.94116612,6.908727543,7.79233842,523,12,444,21,535,465
30,1000,30,7.7,28,21,953,23,14,10,47,7.587372229,89,290,30.08899592,9.087250568,7.065145708,8.126581726,488,20,465,27,508,492
25,1000,30,7.7,28,34,954,27,9,10,46,7.88899807,81,306,31.24749011,9.095879955,7.57117498,8.199283854,474,20,480,26,494,506
29,1000,30,7.7,28,26,946,27,14,13,54,7.780723733,101,344,30.41077487,9.374256946,6.944046184,8.724211183,514,16,432,38,530,470
26,1000,30,7.7,28,34,952,20,15,13,48,7.905002442,112,310,30.64380631,9.258996152,6.931277384,8.878727501,484,16,468,32,500,500
24,1000,30,7.7,28,74,954,22,8,16,46,8.6609629,113,302,31.32029767,10.05208034,8.582798032,8.742644389,491,20,463,26,511,489
27,1000,30,7.7,28,30,957,21,9,13,43,7.722923659,88,305,30.59741571,9.154143521,6.786126723,8.659720595,491,9,466,34,500,500
31,1000,30,7.7,28,17,937,32,16,15,63,7.897873578,98,303,30.24016414,9.413548397,7.076999792,8.745442446,484,24,453,39,508,492
28,1000,30,7.7,28,28,966,17,9,8,34,7.362155881,96,313,30.4734354,8.955233578,6.968012756,7.81563238,522,13,444,21,535,465
30,1000,30,7.7,28,22,955,21,14,10,45,7.602291403,89,277,30.1279409,9.072128112,7.101139338,8.119741096,489,19,466,26,508,492
25,1000,30,7.7,28,35,953,28,9,10,47,7.923242277,98,312,31.24407146,9.097562382,7.606779942,8.232199577,473,21,480,26,494,506
29,1000,30,7.7,28,27,945,28,14,13,55,7.837409274,106,329,30.42308649,9.383550155,7.008602545,8.772021117,513,17,432,38,530,470
26,1000,30,7.7,28,35,952,21,15,12,48,7.90983471,106,319,30.67788498,9.27699081,6.960846212,8.858823209,484,16,468,32,500,500
27,1000,30,7.7,28,31,956,22,9,13,44,7.727636634,73,328,30.63356051,9.17735263,6.796221306,8.659051962,491,9,465,35,500,500
24,1000,30,7.7,28,75,954,22,8,16,46,8.682142755,108,303,31.33343932,10.04077005,8.585991654,8.782619672,491,20,463,26,511,489
31,1000,30,7.7,28,18,937,32,16,15,63,7.924596171,103,342,30.26055236,9.4284702,7.104942259,8.770905495,485,23,452,40,508,492
28,1000,30,7.7,28,29,967,17,8,8,33,7.354746783,91,294,30.49522332,8.984959193,7.001618306,7.761034385,522,13,445,20,535,465
30,1000,30,7.7,28,23,954,23,13,10,46,7.624061913,91,324,30.14472844,9.072531536,7.104237796,8.16079088,488,20,466,26,508,492
25,1000,30,7.7,28,36,952,28,10,10,48,7.962722937,104,313,31.2664878,9.108840004,7.660770719,8.257514233,472,22,480,26,494,506
29,1000,30,7.7,28,28,944,29,14,13,56,7.860465812,95,305,30.42318084,9.385614011,7.037164146,8.788869818,513,17,431,39,530,470
26,1000,30,7.7,28,36,953,21,14,12,47,7.934543418,91,336,30.69256988,9.299244081,6.984154843,8.884931993,484,16,469,31,500,500
27,1000,30,7.7,28,32,956,23,9,12,44,7.739045122,87,320,30.66192024,9.196905515,6.833253911,8.644836333,491,9,465,35,500,500
31,1000,30,7.7,28,19,938,30,17,15,62,7.936815389,102,321,30.28389633,9.442367733,7.109001927,8.791549614,485,23,453,39,508,492
24,1000,30,7.7,28,76,952,24,8,16,48,8.721781318,107,349,31.36939646,10.05491398,8.607039925,8.8416849,490,21,462,27,511,489
25,1000,30,7.7,28,37,951,30,10,9,49,7.976912136,97,331,31.29853251,9.107552143,7.698858268,8.248371842,472,22,479,27,494,506
28,1000,30,7.7,28,30,968,17,8,7,32,7.338545642,97,314,30.54045987,9.001687032,6.955176757,7.779625972,522,13,446,19,535,465
29,1000,30,7.7,28,29,946,27,14,13,54,7.879938533,80,326,30.42544461,9.377588652,7.075235117,8.787370045,514,16,432,38,530,470
30,1000,30,7.7,28,24,952,25,13,10,48,7.648214622,102,297,30.17882173,9.086227363,7.111855113,8.202016716,487,21,465,27,508,492
26,1000,30,7.7,28,37,953,21,14,12,47,7.977889388,100,294,30.70818346,9.306471763,7.039797741,8.915981035,484,16,469,31,500,500
27,1000,30,7.7,28,33,955,25,9,11,45,7.800202499,85,313,30.6970238,9.188569105,6.884194959,8.716210039,491,9,464,36,500,500
31,1000,30,7.7,28,20,937,32,17,14,63,7.942233045,101,296,30.31801513,9.441500206,7.118011569,8.79325847,485,23,452,40,508,492
25,1000,30,7.7,28,38,951,30,10,9,49,8.048207836,95,344,31.3180072,9.094474579,7.738009543,8.351049647,472,22,479,27,494,506
29,1000,30,7.7,28,30,949,25,13,13,51,7.887161684,106,300,30.4511836,9.38742112,7.106355862,8.767644846,515,15,434,36,530,470
24,1000,30,7.7,28,77,952,23,9,16,48,8.744815516,115,338,31.40639405,10.03633599,8.639449506,8.854921918,490,21,462,27,511,489
28,1000,30,7.7,28,31,969,16,8,7,31,7.354168478,98,299,30.56620797,9.029242151,6.9843078,7.779707107,522,13,447,18,535,465
30,1000,30,7.7,28,25,953,24,14,9,47,7.652560534,74,285,30.20168476,9.090028426,7.102358067,8.220655765,488,20,465,27,508,492
26,1000,30,7.7,28,38,953,21,14,12,47,7.973715946,98,308,30.76780808,9.32915024,7.021138749,8.926293142,483,17,470,30,500,500
27,1000,30,7.7,28,34,956,24,9,11,44,7.828250958,92,294,30.72750117,9.216444484,6.930148804,8.726353113,491,9,465,35,500,500
29,1000,30,7.7,28,31,949,25,13,13,51,7.904986667,96,324,30.49392341,9.398963556,7.117784731,8.792682467,515,15,434,36,530,470
31,1000,30,7.7,28,21,934,35,17,14,66,7.991859338,83,290,30.35469066,9.44552209,7.159562452,8.851222791,484,24,450,42,508,492
25,1000,30,7.7,28,39,952,31,9,8,48,8.036526262,104,286,31.34645817,9.10114789,7.718539549,8.346971787,473,21,479,27,494,506
28,1000,30,7.7,28,32,970,16,7,7,30,7.370284136,97,330,30.61317206,9.024775123,6.997267979,7.799453262,522,13,448,17,535,465
30,1000,30,7.7,28,26,954,23,14,9,46,7.68257549,98,316,30.21347158,9.111255275,7.144704865,8.237937843,488,20,466,26,508,492
24,1000,30,7.7,28,78,952,23,9,16,48,8.762516399,122,326,31.41022928,10.05521601,8.682074681,8.846577172,490,21,462,27,511,489
26,1000,30,7.7,28,39,953,22,14,11,47,8.008350551,94,314,30.79661057,9.361411481,7.039269343,8.977431759,483,17,470,30,500,500
27,1000,30,7.7,28,35,958,24,7,11,42,7.840374078,97,324,30.75998828,9.208861377,6.961280653,8.719467503,491,9,467,33,500,500
29,1000,30,7.7,28,32,950,24,13,13,50,7.920875099,116,327,30.51494262,9.407616327,7.125403001,8.817896827,516,14,434,36,530,470
25,1000,30,7.7,28,40,951,32,9,8,49,8.074762266,86,284,31.37070825,9.11717489,7.776753662,8.365703472,473,21,478,28,494,506
31,1000,30,7.7,28,22,933,36,17,14,67,8.02679703,93,282,30.36191914,9.473230128,7.183533894,8.897483357,484,24,449,43,508,492
28,1000,30,7.7,28,33,971,16,6,7,29,7.362922466,99,298,30.61770144,9.054356152,6.988654951,7.793531327,522,13,449,16,535,465
26,1000,30,7.7,28,40,953,22,14,11,47,8.025661546,103,322,30.82226082,9.363970967,7.064980066,8.986343025,483,17,470,30,500,500
30,1000,30,7.7,28,27,954,23,14,9,46,7.705049196,90,318,30.23581078,9.146276685,7.149850577,8.278303054,488,20,466,26,508,492
24,1000,30,7.7,28,79,952,23,9,16,48,8.790686731,114,347,31.44661416,10.08576175,8.737318168,8.846456334,490,21,462,27,511,489
27,1000,30,7.7,28,36,957,26,7,10,43,7.891510204,99,323,30.79146548,9.214034986,7.00637847,8.776641939,491,9,466,34,500,500
29,1000,30,7.7,28,33,951,23,13,13,49,7.931649838,100,327,30.53451359,9.420331079,7.148323899,8.814974834,516,14,435,35,530,470
25,1000,30,7.7,28,41,950,31,11,8,50,8.11862341,95,306,31.38546405,9.129731712,7.816489846,8.413591751,473,21,477,29,494,506
31,1000,30,7.7,28,23,929,40,17,14,71,8.081975472,105,335,30.3911117,9.476540242,7.231481266,8.960128027,483,25,446,46,508,492
26,1000,30,7.7,28,41,955,23,12,10,45,7.991782267,113,306,30.84313977,9.371675494,7.069500593,8.914063941,484,16,471,29,500,500
28,1000,30,7.7,28,34,970,17,6,7,30,7.41126331,107,328,30.6570703,9.053790902,7.031455282,7.848246739,521,14,449,16,535,465
30,1000,30,7.7,28,28,955,22,14,9,45,7.731401731,90,325,30.27058777,9.156219712,7.191849546,8.288500327,488,20,467,25,508,492
27,1000,30,7.7,28,37,956,27,6,11,44,7.917304052,103,301,30.80602641,9.235590757,7.078161791,8.756446313,491,9,465,35,500,500
24,1000,30,7.7,28,80,951,24,10,15,49,8.826038181,116,291,31.47049651,10.08990624,8.805797685,8.847189291,489,22,462,27,511,489
29,1000,30,7.7,28,34,950,24,13,13,50,7.971923139,99,307,30.57319257,9.436280577,7.199421892,8.843041566,516,14,434,36,530,470
25,1000,30,7.7,28,42,951,30,11,8,49,8.124583459,103,325,31.42766251,9.142355509,7.81335082,8.428435086,474,20,477,29,494,506
31,1000,30,7.7,28,24,929,41,16,14,71,8.086475185,101,308,30.41987316,9.467251351,7.242228924,8.958176609,483,25,446,46,508,492
26,1000,30,7.7,28,42,957,23,11,9,43,7.986536514,104,327,30.87089821,9.389387134,7.090367796,8.882705232,484,16,473,27,500,500
28,1000,30,7.7,28,35,970,17,6,7,30,7.407141247,87,329,30.66298484,9.077496778,7.036388358,7.833706399,521,14,449,16,535,465
30,1000,30,7.7,28,29,954,23,14,9,46,7.754756274,112,316,30.28425264,9.150808627,7.19655216,8.331113366,488,20,466,26,508,492
27,1000,30,7.7,28,38,956,27,7,10,44,7.903464412,94,313,30.82895804,9.241710876,7.041445319,8.765483504,491,9,465,35,500,500
29,1000,30,7.7,28,35,950,24,13,13,50,7.997806146,86,312,30.60721194,9.436670343,7.265013933,8.824146302,515,15,435,35,530,470
24,1000,30,7.7,28,81,950,24,11,15,50,8.887957618,94,316,31.48833642,10.1235337,8.850279057,8.927331329,489,22,461,28,511,489
25,1000,30,7.7,28,43,953,28,11,8,47,8.170315684,110,294,31.44306432,9.143024072,7.870318531,8.463198281,474,20,479,27,494,506
26,1000,30,7.7,28,43,961,22,7,10,39,7.985599308,103,308,30.87487719,9.399570109,7.073514062,8.897684553,486,14,475,25,500,500
31,1000,30,7.7,28,25,930,40,16,14,70,8.096529901,114,319,30.4375499,9.491543834,7.251850485,8.968678566,483,25,447,45,508,492
28,1000,30,7.7,28,36,970,17,6,7,30,7.440922468,115,329,30.68480954,9.070555928,7.08665816,7.848516886,521,14,449,16,535,465
30,1000,30,7.7,28,30,952,25,14,9,48,7.799185325,94,310,30.31314169,9.163473065,7.252689207,8.363453675,486,22,466,26,508,492
27,1000,30,7.7,28,39,955,28,6,11,45,7.939070785,108,298,30.83758352,9.241099016,7.072892774,8.805248796,490,10,465,35,500,500
29,1000,30,7.7,28,36,951,24,13,12,49,8.012096237,93,273,30.62144774,9.448938607,7.313879875,8.799446603,515,15,436,34,530,470
25,1000,30,7.7,28,44,953,28,11,8,47,8.217347307,80,310,31.46648664,9.148762789,7.923427043,8.50429713,474,20,479,27,494,506
24,1000,30,7.7,28,82,949,25,11,15,51,8.916689164,102,308,31.51773851,10.12572885,8.90371858,8.93024329,487,24,462,27,511,489
26,1000,30,7.7,28,44,959,24,7,10,41,7.99705495,101,337,30.89559313,9.408109185,7.105660144,8.888449756,485,15,474,26,500,500
31,1000,30,7.7,28,26,929,41,16,14,71,8.116130381,96,333,30.4314521,9.505070444,7.268565242,8.991258613,482,26,447,45,508,492
28,1000,30,7.7,28,37,970,17,6,7,30,7.459743224,90,288,30.75387986,9.085966688,7.097905657,7.876050962,521,14,449,16,535,465
27,1000,30,7.7,28,40,955,28,6,11,45,7.992558409,96,341,30.86822875,9.261437392,7.149795778,8.83532104,490,10,465,35,500,500
30,1000,30,7.7,28,31,951,27,14,8,49,7.798919552,87,307,30.32864938,9.188992851,7.238874401,8.377177554,486,22,465,27,508,492
29,1000,30,7.7,28,37,954,21,13,12,46,8.033098947,101,316,30.65722854,9.474244992,7.339933932,8.814753113,516,14,438,32,530,470
25,1000,30,7.7,28,45,954,29,10,7,46,8.212574438,96,319,31.47838694,9.156674093,7.925295556,8.493040382,473,21,481,25,494,506
26,1000,30,7.7,28,45,958,24,8,10,42,8.034228402,117,330,30.91812235,9.40735849,7.118758125,8.949698679,485,15,473,27,500,500
24,1000,30,7.7,28,83,949,24,12,15,51,8.949100523,131,308,31.54569748,10.1284161,8.912480115,8.987368474,487,24,462,27,511,489
27,1000,30,7.7,28,41,957,27,5,11,43,8.002033139,95,312,30.88532454,9.296612312,7.157184028,8.846882249,490,10,467,33,500,500
31,1000,30,7.7,28,27,929,41,16,14,71,8.148180054,91,342,30.43734809,9.513261233,7.302428619,9.021435601,482,26,447,45,508,492
28,1000,30,7.7,28,38,970,17,6,7,30,7.479337035,79,334,30.79314051,9.113220848,7.114209492,7.899430014,521,14,449,16,535,465
30,1000,30,7.7,28,32,950,28,14,8,50,7.80383175,92,295,30.32946899,9.199073815,7.238874401,8.387161695,486,22,464,28,508,492
29,1000,30,7.7,28,38,955,22,11,12,45,8.062164971,102,315,30.68918897,9.48420289,7.370312707,8.8423388,516,14,439,31,530,470
25,1000,30,7.7,28,46,955,28,10,7,45,8.238544056,107,290,31.47302289,9.186303602,7.928239926,8.541489195,474,20,481,25,494,506
26,1000,30,7.7,28,46,958,23,9,10,42,8.067500711,102,319,30.9352048,9.416367085,7.143970925,8.991030497,485,15,473,27,500,500
27,1000,30,7.7,28,42,957,27,5,11,43,8.0464723,83,330,30.90775376,9.307633576,7.177418534,8.915526067,490,10,467,33,500,500
24,1000,30,7.7,28,84,949,24,12,15,51,8.95766425,112,330,31.58566776,10.14981161,8.941442679,8.974615626,487,24,462,27,511,489
28,1000,30,7.7,28,39,970,18,6,6,30,7.486647123,96,330,30.81765834,9.14020127,7.129260735,7.897833612,521,14,449,16,535,465
31,1000,30,7.7,28,28,929,40,17,14,71,8.163495792,94,305,30.50099122,9.518436866,7.33611294,9.017785402,482,26,447,45,508,492
30,1000,30,7.7,28,33,951,28,13,8,49,7.82148682,103,310,30.35565987,9.210890791,7.233965603,8.428114418,486,22,465,27,508,492
29,1000,30,7.7,28,39,955,23,11,11,45,8.085032094,100,317,30.69625526,9.500404416,7.453228703,8.797491238,515,15,440,30,530,470
25,1000,30,7.7,28,47,955,28,10,7,45,8.263780214,103,323,31.50215923,9.198211277,7.960564767,8.559804781,474,20,481,25,494,506
26,1000,30,7.7,28,47,959,22,9,10,41,8.095648368,100,308,30.96730312,9.43820526,7.170658989,9.020637747,486,14,473,27,500,500
27,1000,30,7.7,28,43,958,27,4,11,42,8.054928125,97,305,30.89858518,9.316190134,7.199822624,8.910033626,490,10,468,32,500,500
28,1000,30,7.7,28,40,970,19,6,5,30,7.480405596,106,327,30.84763273,9.157602566,7.142234449,7.869484227,521,14,449,16,535,465
31,1000,30,7.7,28,29,929,40,17,14,71,8.177444093,91,324,30.55716946,9.543782029,7.337734005,9.044461825,482,26,447,45,508,492
24,1000,30,7.7,28,85,950,23,12,15,50,8.976067955,100,312,31.62336401,10.16915433,8.995032757,8.956249931,488,23,462,27,511,489
29,1000,30,7.7,28,40,954,24,11,11,46,8.134435146,99,320,30.73253692,9.504652638,7.49403405,8.856589573,514,16,440,30,530,470
25,1000,30,7.7,28,48,955,28,10,7,45,8.259009192,102,327,31.51142781,9.21719682,7.9485853,8.562071252,474,20,481,25,494,506
30,1000,30,7.7,28,34,954,26,12,8,46,7.778482027,103,302,30.37425611,9.215150608,7.170213466,8.406531678,486,22,468,24,508,492
26,1000,30,7.7,28,48,960,21,9,10,40,8.095799025,110,340,30.98374564,9.466333927,7.181685715,9.009912334,487,13,473,27,500,500
27,1000,30,7.7,28,44,958,27,4,11,42,8.041545957,107,288,30.9233303,9.326734182,7.219735874,8.863356041,490,10,468,32,500,500
28,1000,30,7.7,28,41,968,22,6,4,32,7.510736714,97,315,30.894833,9.171857282,7.168349525,7.904666061,521,14,447,18,535,465
31,1000,30,7.7,28,30,929,40,17,14,71,8.214193829,97,303,30.58744592,9.55954499,7.368852755,9.08702567,482,26,447,45,508,492
29,1000,30,7.7,28,41,954,24,11,11,46,8.179079487,89,304,30.76262762,9.529600308,7.552304362,8.885868457,514,16,440,30,530,470
25,1000,30,7.7,28,49,954,29,10,7,46,8.294507846,92,309,31.53299301,9.239482378,7.991727456,8.590107672,473,21,481,25,494,506
30,1000,30,7.7,28,35,955,25,12,8,45,7.783245687,92,325,30.3995246,9.218014819,7.191530484,8.394203661,486,22,469,23,508,492
24,1000,30,7.7,28,86,948,24,13,15,52,9.035587965,100,332,31.65717833,10.15355628,9.046682525,9.023994262,488,23,460,29,511,489
26,1000,30,7.7,28,49,960,21,9,10,40,8.111831573,94,317,31.02826581,9.488951405,7.222520282,9.001142864,487,13,473,27,500,500
27,1000,30,7.7,28,45,959,27,4,10,41,8.068762978,107,322,30.95061486,9.330024779,7.229288378,8.908237578,490,10,469,31,500,500
29,1000,30,7.7,28,42,953,25,11,11,47,8.183237042,119,305,30.79734344,9.53926683,7.562942038,8.882718643,513,17,440,30,530,470
28,1000,30,7.7,28,42,968,22,6,4,32,7.520325755,97,334,30.91134353,9.190832619,7.157840759,7.937378385,521,14,447,18,535,465
31,1000,30,7.7,28,31,930,38,18,14,70,8.217912155,93,308,30.5941593,9.559193889,7.370194533,9.09319783,482,26,448,44,508,492
25,1000,30,7.7,28,50,954,29,10,7,46,8.292434853,93,326,31.54538143,9.238357154,7.991513571,8.586219663,473,21,481,25,494,506
30,1000,30,7.7,28,36,954,26,12,8,46,7.80368919,90,292,30.40654132,9.224256469,7.205344266,8.421492486,486,22,468,24,508,492
26,1000,30,7.7,28,50,960,21,8,11,40,8.138992638,89,338,31.06584895,9.496610636,7.256016531,9.021968744,487,13,473,27,500,500
24,1000,30,7.7,28,87,946,26,13,15,54,9.061280327,101,326,31.67496479,10.16714528,9.07445034,9.047517799,487,24,459,30,511,489
27,1000,30,7.7,28,46,958,28,4,10,42,8.101724079,107,328,30.9517966,9.339180895,7.275051387,8.928396771,490,10,468,32,500,500
29,1000,30,7.7,28,43,953,26,11,10,47,8.218920174,105,315,30.82898066,9.531871431,7.618625716,8.895847967,512,18,441,29,530,470
25,1000,30,7.7,28,51,954,29,10,7,46,8.313035177,90,313,31.5541929,9.264761928,8.006056974,8.612733264,473,21,481,25,494,506
28,1000,30,7.7,28,43,968,22,6,4,32,7.547743363,93,320,30.93241416,9.20775025,7.221497199,7.923101852,521,14,447,18,535,465
31,1000,30,7.7,28,32,931,38,17,14,69,8.226664211,96,305,30.63333617,9.575039826,7.366566957,9.114732107,483,25,448,44,508,492
30,1000,30,7.7,28,37,952,28,12,8,48,7.820511914,107,325,30.43894996,9.223969548,7.214121011,8.446622846,485,23,467,25,508,492
26,1000,30,7.7,28,51,958,24,7,11,42,8.169298248,98,328,31.06401638,9.497390499,7.31877122,9.019825276,487,13,471,29,500,500
24,1000,30,7.7,28,88,946,27,13,14,54,9.093067605,119,309,31.69512639,10.19158297,9.085812812,9.10064879,487,24,459,30,511,489
27,1000,30,7.7,28,47,958,27,5,10,42,8.077277704,119,297,30.97751847,9.341148197,7.211474202,8.943081206,491,9,467,33,500,500
29,1000,30,7.7,28,44,952,27,11,10,48,8.249616,115,331,30.84443402,9.534248285,7.629962134,8.948374616,512,18,440,30,530,470
25,1000,30,7.7,28,52,954,29,9,8,46,8.340472218,98,306,31.57604799,9.272897078,8.029932126,8.643647723,472,22,482,24,494,506
28,1000,30,7.7,28,44,968,22,6,4,32,7.541215216,101,314,30.95069926,9.227902606,7.231637218,7.897396354,521,14,447,18,535,465
31,1000,30,7.7,28,33,933,37,17,13,67,8.234359767,91,322,30.63829758,9.579255593,7.381813064,9.114631566,483,25,450,42,508,492
26,1000,30,7.7,28,52,957,25,7,11,43,8.164609222,93,344,31.07315545,9.523526071,7.34770368,8.981514765,486,14,471,29,500,500
30,1000,30,7.7,28,38,950,30,12,8,50,7.846798252,99,332,30.44510008,9.242747204,7.240674152,8.472633705,484,24,466,26,508,492
27,1000,30,7.7,28,48,959,27,4,10,41,8.090302385,116,328,31.01255702,9.333151648,7.244281297,8.936323473,491,9,468,32,500,500
24,1000,30,7.7,28,89,946,26,14,14,54,9.10929008,112,324,31.70286141,10.17772261,9.074169178,9.145991065,487,24,459,30,511,489
29,1000,30,7.7,28,45,953,26,11,10,47,8.266443403,100,325,30.87561293,9.571797717,7.677325025,8.930768382,513,17,440,30,530,470
25,1000,30,7.7,28,53,954,29,9,8,46,8.363552652,99,321,31.63460541,9.308891715,8.076279969,8.644012544,472,22,482,24,494,506
28,1000,30,7.7,28,45,968,21,7,4,32,7.524071698,102,315,30.95805973,9.227514436,7.207256344,7.888579685,521,14,447,18,535,465
31,1000,30,7.7,28,34,934,36,17,13,66,8.240630309,99,308,30.66463347,9.576882655,7.382076018,9.127105066,484,24,450,42,508,492
26,1000,30,7.7,28,53,958,24,7,11,42,8.158249958,91,332,31.09704862,9.558568186,7.31796815,8.998531766,486,14,472,28,500,500
30,1000,30,7.7,28,39,950,30,12,8,50,7.886052023,103,304,30.46873231,9.264217156,7.316461135,8.474166193,484,24,466,26,508,492
27,1000,30,7.7,28,49,961,25,5,9,39,8.092121603,89,306,31.03508068,9.339117675,7.273552733,8.910690474,492,8,469,31,500,500
29,1000,30,7.7,28,46,951,26,13,10,49,8.300184946,99,337,30.89098239,9.615890391,7.722796858,8.951282152,512,18,439,31,530,470
25,1000,30,7.7,28,54,953,29,10,8,47,8.372802695,95,342,31.64094683,9.311822816,8.119241119,8.620350953,470,24,483,23,494,506
24,1000,30,7.7,28,90,947,26,12,15,53,9.144131936,106,312,31.72976898,10.20690943,9.132341293,9.156453037,487,24,460,29,511,489
26,1000,30,7.7,28,54,957,25,7,11,43,8.188235482,83,327,31.11634393,9.577099614,7.364762082,9.011708882,485,15,472,28,500,500
28,1000,30,7.7,28,46,969,21,7,3,31,7.510779636,104,305,30.96065411,9.243851178,7.226278013,7.838109461,522,13,447,18,535,465
31,1000,30,7.7,28,35,936,33,18,13,64,8.240673429,120,338,30.68334368,9.575548823,7.352755555,9.157466681,485,23,451,41,508,492
30,1000,30,7.7,28,40,951,29,13,7,49,7.892193879,113,323,30.48097423,9.292227895,7.339608686,8.462749323,484,24,467,25,508,492
27,1000,30,7.7,28,50,960,26,5,9,40,8.097496408,106,293,31.04259841,9.368379557,7.259637805,8.93535501,492,8,468,32,500,500
29,1000,30,7.7,28,47,953,26,13,8,47,8.268639289,93,332,30.91835755,9.647491125,7.744724623,8.859436679,513,17,440,30,530,470
25,1000,30,7.7,28,55,952,29,11,8,48,8.399990222,101,324,31.67344621,9.289808605,8.175042949,8.619602776,469,25,483,23,494,506
24,1000,30,7.7,28,91,946,27,12,15,54,9.140101854,105,315,31.7154895,10.21394708,9.107879555,9.173773828,487,24,459,30,511,489
26,1000,30,7.7,28,55,957,25,7,11,43,8.172201913,94,292,31.13547791,9.59228946,7.374415556,8.969988269,486,14,471,29,500,500
28,1000,30,7.7,28,47,970,19,8,3,30,7.518791464,104,308,30.98638334,9.265147384,7.26222895,7.813976291,522,13,448,17,535,465
31,1000,30,7.7,28,36,938,31,18,13,62,8.245032301,80,302,30.71050642,9.561126351,7.343519165,9.175862937,486,22,452,40,508,492
27,1000,30,7.7,28,51,959,27,5,9,41,8.10766237,110,323,31.04220303,9.377609405,7.282193054,8.933131686,492,8,467,33,500,500
30,1000,30,7.7,28,41,950,28,15,7,50,7.920944404,101,312,30.50942816,9.304359725,7.366269919,8.493657083,483,25,467,25,508,492
29,1000,30,7.7,28,48,952,28,13,7,48,8.303286143,99,336,30.93907694,9.653743791,7.783055513,8.889929194,513,17,439,31,530,470
25,1000,30,7.7,28,56,953,28,11,8,47,8.402055355,98,337,31.70052147,9.306233063,8.14806853,8.650018777,470,24,483,23,494,506
26,1000,30,7.7,28,56,956,26,7,11,44,8.178508665,105,308,31.16246908,9.608032923,7.38569563,8.971321699,486,14,470,30,500,500
24,1000,30,7.7,28,92,946,27,11,16,54,9.150005587,107,314,31.71953759,10.23583173,9.124808746,9.176336027,487,24,459,30,511,489
28,1000,30,7.7,28,48,970,19,8,3,30,7.557512529,93,314,31.0000565,9.26363931,7.294712841,7.859873462,522,13,448,17,535,465
31,1000,30,7.7,28,37,935,35,17,13,65,8.280506239,91,341,30.72109786,9.557235114,7.352527187,9.238663471,485,23,450,42,508,492
27,1000,30,7.7,28,52,958,28,6,8,42,8.11873943,103,291,31.06153352,9.373850352,7.294433774,8.943045085,491,9,467,33,500,500
30,1000,30,7.7,28,42,949,28,15,8,51,7.929284044,94,319,30.53822705,9.320897696,7.375381683,8.501199491,484,24,465,27,508,492
29,1000,30,7.7,28,49,952,28,13,7,48,8.33663789,104,299,30.97508687,9.62852325,7.820860426,8.918259285,513,17,439,31,530,470
25,1000,30,7.7,28,57,951,29,12,8,49,8.430546932,89,314,31.68811868,9.302679309,8.206804273,8.648983442,468,26,483,23,494,506
26,1000,30,7.7,28,57,956,25,8,11,44,8.234540835,88,332,31.1616059,9.604440993,7.470318388,8.998763281,486,14,470,30,500,500
28,1000,30,7.7,28,49,971,19,8,2,29,7.569125664,92,328,31.03044301,9.277088223,7.321129493,7.854454592,522,13,449,16,535,465
31,1000,30,7.7,28,38,936,34,17,13,64,8.281053251,89,312,30.75915039,9.557626103,7.306304286,9.287501369,486,22,450,42,508,492
27,1000,30,7.7,28,53,959,27,6,8,41,8.135748645,109,322,31.0636027,9.360385737,7.291358407,8.980138883,491,9,468,32,500,500
24,1000,30,7.7,28,93,946,27,11,16,54,9.152733054,101,331,31.74500835,10.25315288,9.125902364,9.180770851,487,24,459,30,511,489
29,1000,30,7.7,28,50,953,28,13,6,47,8.351960048,93,309,30.98315305,9.630306165,7.834201845,8.935815042,513,17,440,30,530,470
30,1000,30,7.7,28,43,948,29,14,9,52,7.942053171,105,315,30.54818237,9.328897624,7.37786562,8.524588285,484,24,464,28,508,492
25,1000,30,7.7,28,58,951,29,12,8,49,8.454380146,107,328,31.70948546,9.303856846,8.229082477,8.674334786,468,26,483,23,494,506
26,1000,30,7.7,28,58,957,25,8,10,43,8.26771032,113,315,31.17564134,9.615670561,7.52226318,9.013157459,486,14,471,29,500,500
28,1000,30,7.7,28,50,972,18,8,2,28,7.567304982,106,350,31.04582595,9.29937198,7.344369993,7.823800076,522,13,450,15,535,465
27,1000,30,7.7,28,54,959,27,6,8,41,8.161854683,110,354,31.09043639,9.354576651,7.34258231,8.981127057,491,9,468,32,500,500
31,1000,30,7.7,28,39,935,36,15,14,65,8.309528865,100,308,30.78775159,9.553288863,7.364382608,9.285411586,485,23,450,42,508,492
29,1000,30,7.7,28,51,953,27,14,6,47,8.358468404,82,328,30.98895678,9.642952144,7.837543543,8.945894311,513,17,440,30,530,470
24,1000,30,7.7,28,94,946,27,11,16,54,9.182586721,102,341,31.77119134,10.29104221,9.131061321,9.236430237,487,24,459,30,511,489
25,1000,30,7.7,28,59,954,28,11,7,46,8.47634563,90,301,31.71571097,9.303181342,8.244706641,8.702491204,470,24,484,22,494,506
30,1000,30,7.7,28,44,947,30,14,9,53,7.969909026,97,310,30.5630911,9.335919528,7.404671237,8.553528531,484,24,463,29,508,492
26,1000,30,7.7,28,59,956,26,8,10,44,8.294753933,98,303,31.19608172,9.632566941,7.536760661,9.052747205,486,14,470,30,500,500
27,1000,30,7.7,28,55,959,27,6,8,41,8.185758871,104,309,31.11360043,9.36588173,7.395721947,8.975795796,491,9,468,32,500,500
28,1000,30,7.7,28,51,972,18,9,1,28,7.558381548,107,313,31.05186113,9.340439341,7.358284374,7.788600877,522,13,450,15,535,465
29,1000,30,7.7,28,52,954,27,13,6,46,8.356623284,99,319,31.01261257,9.656104803,7.833982888,8.945983731,512,18,442,28,530,470
31,1000,30,7.7,28,40,934,37,15,14,66,8.323259458,103,317,30.81691457,9.568731877,7.38328191,9.293805382,484,24,450,42,508,492
25,1000,30,7.7,28,60,955,27,11,7,45,8.456410092,94,316,31.73213835,9.323765907,8.204060338,8.702775266,471,23,484,22,494,506
30,1000,30,7.7,28,45,947,29,15,9,53,7.972033605,116,319,30.60465495,9.332468389,7.400319462,8.562340078,485,23,462,30,508,492
26,1000,30,7.7,28,60,956,26,8,10,44,8.308187086,102,326,31.21493649,9.62404263,7.549691937,9.066682236,486,14,470,30,500,500
24,1000,30,7.7,28,95,946,27,11,16,54,9.174602924,102,316,31.81026901,10.31315683,9.14791853,9.202487844,487,24,459,30,511,489
27,1000,30,7.7,28,56,957,29,6,8,43,8.229821762,98,334,31.14905404,9.382605127,7.443324732,9.016318792,489,11,468,32,500,500
29,1000,30,7.7,28,53,954,27,13,6,46,8.382574502,107,303,31.02172563,9.658174389,7.869284829,8.961390516,512,18,442,28,530,470
28,1000,30,7.7,28,52,969,20,10,1,31,7.553821726,85,317,31.05289668,9.353072794,7.361835901,7.774708643,520,15,449,16,535,465
31,1000,30,7.7,28,41,935,36,15,14,65,8.348862132,94,320,30.82412819,9.56991972,7.408800142,9.319495245,484,24,451,41,508,492
25,1000,30,7.7,28,61,955,27,10,8,45,8.470139997,95,350,31.73045347,9.325955072,8.194858866,8.738892723,471,23,484,22,494,506
30,1000,30,7.7,28,46,950,28,15,7,50,7.972041764,97,310,30.6494675,9.331689717,7.397214837,8.56556225,486,22,464,28,508,492
26,1000,30,7.7,28,61,957,25,8,10,43,8.312840463,107,301,31.22996656,9.6368,7.544627827,9.081053098,486,14,471,29,500,500
24,1000,30,7.7,28,96,947,27,11,15,53,9.2138407,106,331,31.81928225,10.36180831,9.179424152,9.24980564,487,24,460,29,511,489
27,1000,30,7.7,28,57,957,30,6,7,43,8.232102066,94,289,31.16642214,9.396938418,7.419620059,9.044584073,489,11,468,32,500,500
29,1000,30,7.7,28,54,954,28,13,5,46,8.417672771,84,307,31.03713912,9.648505882,7.927438756,8.970489851,512,18,442,28,530,470
28,1000,30,7.7,28,53,969,19,11,1,31,7.595205243,114,332,31.06461981,9.367747949,7.418164857,7.798896869,520,15,449,16,535,465
31,1000,30,7.7,28,42,936,35,16,13,64,8.343470276,92,300,30.83462342,9.573096053,7.381287166,9.336943893,485,23,451,41,508,492
25,1000,30,7.7,28,62,954,28,10,8,46,8.467779938,99,314,31.75248319,9.348704212,8.217510839,8.712113801,471,23,483,23,494,506
26,1000,30,7.7,28,62,959,24,8,9,41,8.300591568,86,300,31.25397051,9.654973148,7.569080309,9.032102827,486,14,473,27,500,500
30,1000,30,7.7,28,47,951,28,14,7,49,7.988575629,89,291,30.68457118,9.335624887,7.41644877,8.57930824,486,22,465,27,508,492
29,1000,30,7.7,28,55,955,27,13,5,45,8.420954243,101,293,31.0793905,9.665432658,7.944714208,8.957990877,512,18,443,27,530,470
27,1000,30,7.7,28,58,955,32,6,7,45,8.24575854,100,328,31.18341955,9.396921939,7.445461463,9.046055618,487,13,468,32,500,500
24,1000,30,7.7,28,97,946,29,11,14,54,9.253673686,125,324,31.85811141,10.39301033,9.200625009,9.309109012,487,24,459,30,511,489
28,1000,30,7.7,28,54,970,19,11,0,30,7.603210136,101,307,31.0793235,9.37430854,7.454351396,7.774477719,520,15,450,15,535,465
25,1000,30,7.7,28,63,955,27,10,8,45,8.477344018,95,331,31.76324363,9.356610369,8.18118599,8.766478535,472,22,483,23,494,506
31,1000,30,7.7,28,43,937,36,14,13,63,8.351478639,115,315,30.87794537,9.573227896,7.398556446,9.335390172,486,22,451,41,508,492
26,1000,30,7.7,28,63,959,24,9,8,41,8.29067319,108,294,31.25741581,9.667155978,7.54545213,9.03589425,486,14,473,27,500,500
30,1000,30,7.7,28,48,952,28,14,6,48,7.966482388,103,305,30.70873275,9.32870034,7.408802866,8.542297828,487,21,465,27,508,492
29,1000,30,7.7,28,56,957,25,13,5,43,8.418805642,99,330,31.10351531,9.683203658,7.941837744,8.956663059,514,16,443,27,530,470
27,1000,30,7.7,28,59,955,32,6,7,45,8.295025925,95,319,31.20147768,9.415851069,7.507331409,9.082720441,487,13,468,32,500,500
28,1000,30,7.7,28,55,969,20,11,0,31,7.616567683,122,342,31.10240068,9.37653749,7.457432451,7.799658757,519,16,450,15,535,465
25,1000,30,7.7,28,64,956,27,10,7,44,8.497282182,106,325,31.76674782,9.390153864,8.165348013,8.821344395,473,21,483,23,494,506
24,1000,30,7.7,28,98,944,30,12,14,56,9.269202513,118,315,31.87591286,10.40441595,9.23603668,9.30386047,485,26,459,30,511,489
26,1000,30,7.7,28,64,956,27,9,8,44,8.29820621,105,326,31.28956665,9.679198713,7.574388798,9.022023622,484,16,472,28,500,500
31,1000,30,7.7,28,44,937,36,14,13,63,8.359641885,100,300,30.88669354,9.599567365,7.408186583,9.342038822,486,22,451,41,508,492
30,1000,30,7.7,28,49,951,29,14,6,49,7.982432216,92,331,30.72368435,9.341473683,7.440441525,8.542048621,486,22,465,27,508,492
29,1000,30,7.7,28,57,955,27,13,5,45,8.439334896,98,314,31.10850559,9.679526332,7.979166869,8.958247778,512,18,443,27,530,470
27,1000,30,7.7,28,60,955,32,6,7,45,8.320187067,85,296,31.21139756,9.435118729,7.545756903,9.094617231,487,13,468,32,500,500
25,1000,30,7.7,28,65,955,28,10,7,45,8.520325212,97,345,31.79004873,9.400569588,8.179140637,8.853418453,472,22,483,23,494,506
28,1000,30,7.7,28,56,968,21,11,0,32,7.61630221,117,311,31.11767636,9.413282538,7.44091637,7.81809022,518,17,450,15,535,465
26,1000,30,7.7,28,65,954,28,9,9,46,8.313258888,111,314,31.30463567,9.677811598,7.602337952,9.024179824,482,18,472,28,500,500
24,1000,30,7.7,28,99,945,29,13,13,55,9.263303287,113,326,31.89295126,10.41795539,9.267970606,9.258425986,485,26,460,29,511,489
31,1000,30,7.7,28,45,939,34,14,13,61,8.381168523,103,307,30.88609634,9.605310116,7.421977619,9.371552628,486,22,453,39,508,492
30,1000,30,7.7,28,50,951,28,15,6,49,7.997085862,110,322,30.75684214,9.373717403,7.45430057,8.557522708,486,22,465,27,508,492
29,1000,30,7.7,28,58,954,27,13,6,46,8.454246442,115,341,31.15102364,9.67929137,7.991328213,8.976260615,512,18,442,28,530,470
27,1000,30,7.7,28,61,953,34,6,7,47,8.329131965,98,303,31.24525051,9.467025913,7.546873314,9.111390616,486,14,467,33,500,500
25,1000,30,7.7,28,66,957,26,10,7,43,8.492052108,103,328,31.79011003,9.393051016,8.10857099,8.866438812,474,20,483,23,494,506
28,1000,30,7.7,28,57,968,21,11,0,32,7.617382725,115,332,31.12531748,9.411717501,7.436523376,7.825468213,519,16,449,16,535,465
26,1000,30,7.7,28,66,953,29,9,9,47,8.363940763,103,322,31.31612261,9.706504003,7.662533831,9.065347695,481,19,472,28,500,500
31,1000,30,7.7,28,46,938,35,14,13,62,8.391969656,116,306,30.904217,9.613205204,7.443180187,9.371614067,486,22,452,40,508,492
24,1000,30,7.7,28,100,944,30,13,13,56,9.247668642,105,292,31.91113749,10.43896523,9.248905492,9.246376147,484,27,460,29,511,489
30,1000,30,7.7,28,51,951,27,16,6,49,8.034463188,102,335,30.76681054,9.386203108,7.486805361,8.599931026,486,22,465,27,508,492
29,1000,30,7.7,28,59,956,25,14,5,44,8.464746531,96,297,31.16453826,9.695779079,8.012015797,8.975272677,512,18,444,26,530,470
27,1000,30,7.7,28,62,953,34,6,7,47,8.375556817,104,319,31.25036154,9.475515326,7.602623972,9.148489662,486,14,467,33,500,500
25,1000,30,7.7,28,67,958,25,10,7,42,8.504436829,89,325,31.83597671,9.399829128,8.127760107,8.872180507,474,20,484,22,494,506
26,1000,30,7.7,28,67,953,28,10,9,47,8.404302338,115,290,31.3324146,9.69621357,7.702467761,9.106136914,480,20,473,27,500,500
28,1000,30,7.7,28,58,968,21,11,0,32,7.616800217,109,319,31.13850864,9.411047501,7.427058693,7.83510498,519,16,449,16,535,465
31,1000,30,7.7,28,47,938,34,16,12,62,8.371608032,105,329,30.931016,9.624158847,7.453684184,9.319383062,486,22,452,40,508,492
29,1000,30,7.7,28,60,956,25,13,6,44,8.456728668,99,330,31.19191647,9.710462446,8.006045194,8.964946203,512,18,444,26,530,470
24,1000,30,7.7,28,101,945,30,12,13,55,9.248496625,111,333,31.92307371,10.42920899,9.236793123,9.260726666,485,26,460,29,511,489
30,1000,30,7.7,28,52,951,27,16,6,49,8.045276514,94,303,30.75955756,9.412954546,7.546300639,8.560479247,486,22,465,27,508,492
27,1000,30,7.7,28,63,953,34,6,7,47,8.36336558,123,308,31.30721452,9.480771839,7.581095597,9.145635562,486,14,467,33,500,500
25,1000,30,7.7,28,68,957,26,10,7,43,8.506660255,94,342,31.84547414,9.436737279,8.106535726,8.897295665,473,21,484,22,494,506
26,1000,30,7.7,28,68,953,28,10,9,47,8.414308485,96,330,31.34372928,9.71715011,7.722492025,9.106124945,480,20,473,27,500,500
28,1000,30,7.7,28,59,965,24,10,1,35,7.701430361,117,330,31.14877426,9.421071554,7.516867718,7.913776628,519,16,446,19,535,465
31,1000,30,7.7,28,48,940,33,16,11,60,8.379076775,117,327,30.9420542,9.631878871,7.472071767,9.315577881,486,22,454,38,508,492
29,1000,30,7.7,28,61,955,26,13,6,45,8.485971866,112,331,31.20874337,9.734351643,8.071990212,8.952802241,511,19,444,26,530,470
27,1000,30,7.7,28,64,953,34,6,7,47,8.37121431,114,306,31.32009452,9.50142351,7.611738306,9.130690313,486,14,467,33,500,500
30,1000,30,7.7,28,53,948,30,16,6,52,8.080260421,112,312,30.78369139,9.445768006,7.556873213,8.62066835,486,22,462,30,508,492
24,1000,30,7.7,28,102,941,33,13,13,59,9.273877018,126,330,31.95233879,10.42503927,9.246030632,9.302976207,484,27,457,32,511,489
25,1000,30,7.7,28,69,956,27,10,7,44,8.528272395,98,314,31.86522696,9.446035774,8.13265164,8.914510839,472,22,484,22,494,506
26,1000,30,7.7,28,69,953,28,9,10,47,8.469773821,103,316,31.35804518,9.732616425,7.773354591,9.166193052,480,20,473,27,500,500
28,1000,30,7.7,28,60,967,22,10,1,33,7.699267483,102,316,31.16382424,9.429139055,7.538745649,7.883953895,520,15,447,18,535,465
29,1000,30,7.7,28,62,956,25,13,6,44,8.507023941,118,325,31.22646234,9.771567701,8.088183984,8.979332829,512,18,444,26,530,470
31,1000,30,7.7,28,49,940,33,16,11,60,8.43222184,102,327,30.98364346,9.652986869,7.515646561,9.378604445,486,22,454,38,508,492
27,1000,30,7.7,28,65,954,33,5,8,46,8.405362237,100,336,31.33871102,9.520957167,7.626996648,9.183727826,486,14,468,32,500,500
30,1000,30,7.7,28,54,949,30,15,6,51,8.067177961,94,314,30.80097005,9.481720549,7.578312354,8.571941637,486,22,463,29,508,492
25,1000,30,7.7,28,70,954,29,10,7,46,8.595988092,109,321,31.8990485,9.449555351,8.166731335,9.015064847,471,23,483,23,494,506
26,1000,30,7.7,28,70,953,28,9,10,47,8.504725705,95,302,31.34702656,9.728991725,7.819534463,9.189916947,480,20,473,27,500,500
24,1000,30,7.7,28,103,940,33,14,13,60,9.316762678,112,315,31.97954881,10.449828,9.295756393,9.338714031,483,28,457,32,511,489
28,1000,30,7.7,28,61,967,22,10,1,33,7.694176642,101,332,31.18492438,9.431919692,7.524847019,7.888996746,520,15,447,18,535,465
29,1000,30,7.7,28,63,956,26,13,5,44,8.518724786,110,343,31.23749797,9.789804651,8.122784301,8.965210864,512,18,444,26,530,470
31,1000,30,7.7,28,50,941,31,17,11,59,8.475071823,109,316,31.00036667,9.672416463,7.581852321,9.397339113,486,22,455,37,508,492
27,1000,30,7.7,28,66,952,36,5,7,48,8.405464352,96,321,31.37009997,9.536971784,7.639820242,9.171108461,485,15,467,33,500,500
25,1000,30,7.7,28,71,953,30,10,7,47,8.630285528,92,317,31.93152791,9.443605871,8.198480094,9.051850518,471,23,482,24,494,506
30,1000,30,7.7,28,55,952,29,13,6,48,8.026475468,111,315,30.84004481,9.500260722,7.537448309,8.53140595,489,19,463,29,508,492
26,1000,30,7.7,28,71,955,27,9,9,45,8.524568366,101,300,31.38162572,9.722386372,7.839306778,9.209829954,480,20,475,25,500,500
24,1000,30,7.7,28,104,940,33,14,13,60,9.340978063,106,294,32.03154764,10.46118586,9.305867219,9.377668537,482,29,458,31,511,489
32,1000,30,7.7,28,0,925,32,22,21,75,7.643,86,295,29.93640611,9.202245137,7.32748538,7.975359343,478,35,447,40,513,487
28,1000,30,7.7,28,62,968,22,9,1,32,7.719472,81,342,31.22192093,9.435288447,7.535601929,7.931021437,521,14,447,18,535,465
29,1000,30,7.7,28,64,957,25,13,5,43,8.518755507,104,326,31.23645438,9.81146618,8.104266192,8.986158352,512,18,445,25,530,470
27,1000,30,7.7,28,67,952,36,5,7,48,8.423177349,92,317,31.42588111,9.546695774,7.645883901,9.200470797,485,15,467,33,500,500
31,1000,30,7.7,28,51,942,29,18,11,58,8.47414313,112,308,31.02759878,9.687846288,7.578526217,9.398885796,486,22,456,36,508,492
25,1000,30,7.7,28,72,952,30,11,7,48,8.667340721,102,326,31.94435179,9.452754598,8.225198673,9.098997188,470,24,482,24,494,506
26,1000,30,7.7,28,72,955,27,9,9,45,8.501461891,112,320,31.38410343,9.757147209,7.831095733,9.171828048,480,20,475,25,500,500
30,1000,30,7.7,28,56,953,29,12,6,47,8.039303879,107,315,30.85945658,9.515183722,7.582061726,8.511415695,489,19,464,28,508,492
29,1000,30,7.7,28,65,958,22,15,5,42,8.548312928,119,342,31.25778146,9.830356853,8.169642427,8.975324345,512,18,446,24,530,470
28,1000,30,7.7,28,63,966,24,8,2,34,7.75418834,96,327,31.22461905,9.429859426,7.562899961,7.97427282,521,14,445,20,535,465
32,1000,30,7.7,28,1,925,32,22,21,75,7.692544525,107,293,29.95201201,9.204552261,7.368919548,8.033447222,478,35,447,40,513,487
27,1000,30,7.7,28,68,952,36,5,7,48,8.432804184,104,327,31.44327549,9.540882434,7.655328516,9.210279851,485,15,467,33,500,500
31,1000,30,7.7,28,52,942,30,17,11,58,8.480644692,92,303,31.05302624,9.690914021,7.621444623,9.367786227,485,23,457,35,508,492
25,1000,30,7.7,28,73,950,31,12,7,50,8.71871898,88,352,31.95401845,9.436992737,8.279489301,9.147532145,470,24,480,26,494,506
26,1000,30,7.7,28,73,955,27,9,9,45,8.543731743,88,313,31.3976253,9.779305999,7.859881664,9.227581822,480,20,475,25,500,500
30,1000,30,7.7,28,57,954,28,12,6,46,8.048892275,102,332,30.87055475,9.531828479,7.566916347,8.546542217,490,18,464,28,508,492
29,1000,30,7.7,28,66,959,22,14,5,41,8.551351509,121,313,31.27431341,9.856898828,8.16559741,8.986350812,513,17,446,24,530,470
28,1000,30,7.7,28,64,967,23,8,2,33,7.785934794,105,329,31.25343157,9.430423868,7.553222181,8.053679414,522,13,445,20,535,465
27,1000,30,7.7,28,69,953,34,5,8,47,8.464139557,106,321,31.4564125,9.542109103,7.692423789,9.235855325,486,14,467,33,500,500
25,1000,30,7.7,28,74,950,31,12,7,50,8.707925909,119,328,31.98836257,9.443967615,8.299682705,9.106487456,470,24,480,26,494,506
31,1000,30,7.7,28,53,942,32,16,10,58,8.498124444,92,354,31.05492174,9.672854809,7.660863053,9.362613847,485,23,457,35,508,492
32,1000,30,7.7,28,2,928,31,20,21,72,7.699271283,98,327,29.98328454,9.206691305,7.344237063,8.073260102,479,34,449,38,513,487
26,1000,30,7.7,28,74,956,25,10,9,44,8.549392102,96,304,31.42011024,9.795931456,7.854961361,9.243822842,481,19,475,25,500,500
30,1000,30,7.7,28,58,953,29,12,6,47,8.060412243,103,279,30.89986226,9.538214302,7.591884464,8.544176698,489,19,464,28,508,492
29,1000,30,7.7,28,67,957,24,14,5,43,8.585422713,108,272,31.32805374,9.871191665,8.206348544,9.012889329,512,18,445,25,530,470
28,1000,30,7.7,28,65,966,23,9,2,34,7.814556573,125,316,31.30228754,9.457579253,7.603933488,8.05688636,522,13,444,21,535,465
27,1000,30,7.7,28,70,955,33,5,7,45,8.480112272,97,317,31.48292074,9.551920012,7.728496734,9.231727809,486,14,469,31,500,500
25,1000,30,7.7,28,75,951,30,12,7,49,8.704855821,96,340,32.00643083,9.461257244,8.288909658,9.110937648,471,23,480,26,494,506
26,1000,30,7.7,28,75,954,28,10,8,46,8.578187425,96,313,31.44612106,9.785893655,7.895233757,9.261141093,480,20,474,26,500,500
31,1000,30,7.7,28,54,942,32,16,10,58,8.486077981,99,326,31.08485242,9.66170138,7.689528507,9.308531503,484,24,458,34,508,492
32,1000,30,7.7,28,3,927,32,20,21,73,7.710684048,96,303,29.9901229,9.226659515,7.335575961,8.105818439,479,34,448,39,513,487
30,1000,30,7.7,28,59,953,29,12,6,47,8.040207732,107,332,30.91748195,9.544128602,7.563347996,8.532575101,489,19,464,28,508,492
29,1000,30,7.7,28,68,957,24,14,5,43,8.574000908,104,314,31.3145586,9.886263887,8.192509369,9.004193495,512,18,445,25,530,470
28,1000,30,7.7,28,66,967,22,9,2,33,7.825612018,100,323,31.36983698,9.469126727,7.622376664,8.059441941,522,13,445,20,535,465
27,1000,30,7.7,28,71,956,32,5,7,44,8.50326008,94,301,31.49012386,9.576156421,7.761379113,9.245141048,486,14,470,30,500,500
25,1000,30,7.7,28,76,951,31,11,7,49,8.750495914,102,325,32.02836983,9.482734119,8.308563128,9.181948081,472,22,479,27,494,506
26,1000,30,7.7,28,76,952,30,10,8,48,8.595277723,120,336,31.45060931,9.812295634,7.919510897,9.271044549,479,21,473,27,500,500
31,1000,30,7.7,28,55,941,34,15,10,59,8.504442224,98,308,31.09267067,9.69290525,7.71046514,9.324239701,483,25,458,34,508,492
29,1000,30,7.7,28,69,957,25,13,5,43,8.634897321,84,353,31.35200703,9.910124742,8.270124452,9.046236939,511,19,446,24,530,470
30,1000,30,7.7,28,60,953,28,13,6,47,8.064770212,99,289,30.91631698,9.559712283,7.596961849,8.547791855,489,19,464,28,508,492
32,1000,30,7.7,28,4,928,31,20,21,72,7.732487209,101,305,30.02501123,9.225401816,7.358226994,8.126728464,479,34,449,38,513,487
27,1000,30,7.7,28,72,956,32,4,8,44,8.541401101,101,307,31.51868005,9.595974318,7.82199475,9.260807452,486,14,470,30,500,500
28,1000,30,7.7,28,67,967,22,9,2,33,7.910192822,96,313,31.36856358,9.480408525,7.702735612,8.14888015,522,13,445,20,535,465
25,1000,30,7.7,28,77,952,30,11,7,48,8.758645912,103,309,32.05440669,9.497661426,8.287327684,9.218786633,473,21,479,27,494,506
26,1000,30,7.7,28,77,951,29,12,8,49,8.62390397,97,311,31.49229484,9.813883468,7.963067548,9.284740392,479,21,472,28,500,500
31,1000,30,7.7,28,56,940,35,14,11,60,8.532158598,90,312,31.16104609,9.716247992,7.746857794,9.342997639,482,26,458,34,508,492
29,1000,30,7.7,28,70,955,26,14,5,45,8.672719205,110,329,31.38207283,9.929891283,8.33521383,9.053310372,509,21,446,24,530,470
30,1000,30,7.7,28,61,952,29,13,6,48,8.104132581,108,324,30.93621845,9.572229591,7.637832109,8.585597296,488,20,464,28,508,492
32,1000,30,7.7,28,5,931,28,20,21,69,7.752769806,100,301,30.06124453,9.242203052,7.395540857,8.129070526,480,33,451,36,513,487
27,1000,30,7.7,28,73,955,31,5,9,45,8.593832168,92,354,31.54020851,9.595845622,7.882727296,9.304937039,486,14,469,31,500,500
25,1000,30,7.7,28,78,952,29,12,7,48,8.786791148,96,341,32.07697105,9.523641245,8.344578336,9.218516699,473,21,479,27,494,506
28,1000,30,7.7,28,68,967,22,9,2,33,7.931025047,99,332,31.39956566,9.519571541,7.705254013,8.190783119,522,13,445,20,535,465
26,1000,30,7.7,28,78,951,29,12,8,49,8.625728746,106,346,31.50416055,9.824957123,7.980123173,9.27133432,479,21,472,28,500,500
31,1000,30,7.7,28,57,939,37,14,10,61,8.572511106,99,284,31.17624564,9.740832895,7.771348345,9.39972794,482,26,457,35,508,492
29,1000,30,7.7,28,71,954,27,14,5,46,8.701838136,102,316,31.39285806,9.974676586,8.344890517,9.104353537,509,21,445,25,530,470
30,1000,30,7.7,28,62,952,29,13,6,48,8.128832593,96,323,30.96870332,9.580905893,7.662410661,8.610422718,488,20,464,28,508,492
27,1000,30,7.7,28,74,956,30,5,9,44,8.598835832,99,325,31.5675509,9.609068748,7.887308084,9.310363581,487,13,469,31,500,500
25,1000,30,7.7,28,79,952,29,12,7,48,8.805442506,100,331,32.08631341,9.52678304,8.347845879,9.252187039,473,21,479,27,494,506
32,1000,30,7.7,28,6,931,27,21,21,69,7.77007092,93,315,30.07802471,9.257745915,7.414778521,8.144331703,481,32,450,37,513,487
26,1000,30,7.7,28,79,952,29,11,8,48,8.639045963,103,346,31.51062882,9.848490018,7.99689014,9.281201785,480,20,472,28,500,500
28,1000,30,7.7,28,69,968,21,9,2,32,7.967166079,102,329,31.43976687,9.520857968,7.760596717,8.204831904,522,13,446,19,535,465
29,1000,30,7.7,28,72,954,26,15,5,46,8.692738162,115,303,31.39982061,9.983191913,8.347304504,9.082269734,509,21,445,25,530,470
31,1000,30,7.7,28,58,938,38,14,10,62,8.581280167,95,328,31.19989578,9.761861802,7.777796808,9.410893066,480,28,458,34,508,492
30,1000,30,7.7,28,63,952,27,15,6,48,8.175337509,90,312,30.99402454,9.58510667,7.767608201,8.596326307,488,20,464,28,508,492
27,1000,30,7.7,28,75,956,30,5,9,44,8.620557713,82,311,31.58170215,9.626911134,7.877339346,9.36377608,487,13,469,31,500,500
25,1000,30,7.7,28,80,952,29,12,7,48,8.829938601,83,343,32.09352958,9.546280558,8.365523341,9.283340061,474,20,478,28,494,506
26,1000,30,7.7,28,80,952,29,11,8,48,8.688385471,95,308,31.53294253,9.850292068,8.044396722,9.33237422,480,20,472,28,500,500
28,1000,30,7.7,28,70,968,21,9,2,32,7.988620116,116,305,31.48968156,9.533173743,7.794634392,8.211807992,522,13,446,19,535,465
32,1000,30,7.7,28,7,932,26,21,21,68,7.773964817,89,299,30.10280451,9.256836455,7.400332879,8.16754425,482,31,450,37,513,487
29,1000,30,7.7,28,73,954,26,15,5,46,8.715266624,88,299,31.4218075,10.01965385,8.352976647,9.123806385,509,21,445,25,530,470
31,1000,30,7.7,28,59,939,38,12,11,61,8.568408167,99,311,31.22106564,9.764452632,7.766904628,9.395976862,481,27,458,34,508,492
30,1000,30,7.7,28,64,952,26,15,7,48,8.239068572,96,333,31.03165058,9.594330783,7.804212384,8.688066425,488,20,464,28,508,492
27,1000,30,7.7,28,76,954,31,6,9,46,8.658495689,108,331,31.59350912,9.651318764,7.898830778,9.4181606,485,15,469,31,500,500
25,1000,30,7.7,28,81,952,29,12,7,48,8.846882587,97,329,32.10403991,9.5663743,8.341230837,9.340542596,474,20,478,28,494,506
26,1000,30,7.7,28,81,951,30,10,9,49,8.719987103,109,303,31.55125302,9.850119346,8.055562919,9.384411287,479,21,472,28,500,500
28,1000,30,7.7,28,71,969,18,11,2,31,8.0014942,105,303,31.51145791,9.544142755,7.80977113,8.222078808,522,13,447,18,535,465
29,1000,30,7.7,28,74,955,26,14,5,45,8.741405426,113,332,31.44271984,10.0207607,8.376865689,9.152482152,510,20,445,25,530,470
32,1000,30,7.7,28,8,933,25,21,21,67,7.809212558,81,294,30.11235436,9.270052058,7.46498259,8.171820306,482,31,451,36,513,487
31,1000,30,7.7,28,60,938,38,13,11,62,8.579642451,106,314,31.22862232,9.775962902,7.773782955,9.411708759,481,27,457,35,508,492
25,1000,30,7.7,28,82,952,29,12,7,48,8.898076144,102,336,32.09963093,9.588053463,8.424908349,9.360022568,474,20,478,28,494,506
27,1000,30,7.7,28,77,954,32,5,9,46,8.651571767,89,321,31.6323658,9.676782715,7.909303257,9.393840276,485,15,469,31,500,500
30,1000,30,7.7,28,65,951,25,17,7,49,8.233060164,120,283,31.05036694,9.59022734,7.818763014,8.660830393,487,21,464,28,508,492
26,1000,30,7.7,28,82,950,31,10,9,50,8.743633696,104,311,31.56271558,9.836369123,8.086903891,9.400363502,478,22,472,28,500,500
29,1000,30,7.7,28,75,954,26,14,6,46,8.746447281,98,317,31.43860283,10.04127358,8.387518525,9.151196728,509,21,445,25,530,470
28,1000,30,7.7,28,72,969,18,11,2,31,8.034065511,119,324,31.52913521,9.558034155,7.845330215,8.251212573,522,13,447,18,535,465
31,1000,30,7.7,28,61,939,37,14,10,61,8.567302546,102,315,31.26022939,9.810666095,7.741489354,9.419971452,482,26,457,35,508,492
25,1000,30,7.7,28,83,952,30,11,7,48,8.901492547,121,331,32.13724537,9.598523574,8.389000656,9.40183048,475,19,477,29,494,506
27,1000,30,7.7,28,78,951,35,5,9,49,8.654236649,101,308,31.6497021,9.707109348,7.902959938,9.405513359,485,15,466,34,500,500
32,1000,30,7.7,28,9,930,28,21,21,70,7.843152229,93,307,30.12101142,9.252226511,7.492667541,8.212348626,481,32,449,38,513,487
30,1000,30,7.7,28,66,950,26,17,7,50,8.244283514,104,326,31.08231885,9.625553864,7.825380785,8.676809095,487,21,463,29,508,492
26,1000,30,7.7,28,83,950,31,10,9,50,8.731821401,107,326,31.58388721,9.852705848,8.10620322,9.357439583,478,22,472,28,500,500
29,1000,30,7.7,28,76,956,24,14,6,44,8.756610689,92,334,31.4766712,10.03707048,8.442033137,9.111347078,509,21,447,23,530,470
28,1000,30,7.7,28,73,967,19,11,3,33,8.076387644,114,308,31.56081906,9.572427213,7.855203466,8.330868366,522,13,445,20,535,465
31,1000,30,7.7,28,62,941,36,13,10,59,8.561279669,97,326,31.26065984,9.832588184,7.697405466,9.453247342,484,24,457,35,508,492
25,1000,30,7.7,28,84,949,32,12,7,51,8.940035962,107,319,32.14833537,9.586548225,8.439760719,9.428446971,474,20,475,31,494,506
27,1000,30,7.7,28,79,951,35,5,9,49,8.679208177,95,343,31.67454457,9.719409565,7.939210254,9.4192061,485,15,466,34,500,500
30,1000,30,7.7,28,67,949,27,17,7,51,8.270503418,114,315,31.09748821,9.634657284,7.827388513,8.728028563,487,21,462,30,508,492
32,1000,30,7.7,28,10,932,27,21,20,68,7.842033785,92,293,30.15099319,9.246724719,7.522548438,8.178575845,482,31,450,37,513,487
26,1000,30,7.7,28,84,950,31,10,9,50,8.737393074,114,324,31.59026219,9.871683882,8.084119789,9.39066636,478,22,472,28,500,500
29,1000,30,7.7,28,77,959,22,13,6,41,8.767968163,106,321,31.48003355,10.03702074,8.476862903,9.096235798,510,20,449,21,530,470
28,1000,30,7.7,28,74,967,19,11,3,33,8.083520489,115,321,31.57671879,9.616275324,7.865218551,8.334685083,522,13,445,20,535,465
25,1000,30,7.7,28,85,949,32,11,8,51,8.96681226,97,320,32.15041495,9.583500007,8.483021973,9.439129259,474,20,475,31,494,506
27,1000,30,7.7,28,80,949,36,6,9,51,8.704128894,104,314,31.68187538,9.742187747,7.950323727,9.457934062,485,15,464,36,500,500
31,1000,30,7.7,28,63,938,39,13,10,62,8.615340234,93,293,31.26854579,9.859289822,7.739747903,9.519407113,484,24,454,38,508,492
26,1000,30,7.7,28,85,950,31,10,9,50,8.770582749,117,316,31.6110582,9.885889112,8.114836883,9.426328614,477,23,473,27,500,500
30,1000,30,7.7,28,68,947,29,16,8,53,8.298580202,113,288,31.10933532,9.631640236,7.886558265,8.724001227,486,22,461,31,508,492
29,1000,30,7.7,28,78,959,22,13,6,41,8.772270061,100,305,31.50204475,10.04448956,8.512067198,9.065690311,510,20,449,21,530,470
32,1000,30,7.7,28,11,933,27,20,20,67,7.873507472,87,314,30.15032054,9.257000244,7.550786706,8.213457684,483,30,450,37,513,487
28,1000,30,7.7,28,75,968,18,11,3,32,8.085085617,105,318,31.60896952,9.626954975,7.884683052,8.31565631,522,13,446,19,535,465
25,1000,30,7.7,28,86,948,31,13,8,52,8.965191143,90,314,32.16149292,9.592621025,8.457557991,9.460785563,475,19,473,33,494,506
27,1000,30,7.7,28,81,948,38,6,8,52,8.696966838,91,310,31.72174231,9.754090576,7.974071578,9.419862098,485,15,463,37,500,500
31,1000,30,7.7,28,64,937,40,13,10,63,8.641194928,103,321,31.28530683,9.890682276,7.754482855,9.556743165,484,24,453,39,508,492
26,1000,30,7.7,28,86,949,32,10,9,51,8.778018063,109,336,31.6243364,9.887360889,8.127888452,9.428147674,476,24,473,27,500,500
30,1000,30,7.7,28,69,945,31,16,8,55,8.345190125,110,339,31.14218708,9.642742093,7.958090096,8.744878772,485,23,460,32,508,492
29,1000,30,7.7,28,79,958,23,13,6,42,8.799672248,112,318,31.53440925,10.0531869,8.555054564,9.07551772,509,21,449,21,530,470
32,1000,30,7.7,28,12,935,25,19,21,65,7.914592506,113,323,30.16180547,9.270208269,7.587904315,8.258721957,484,29,451,36,513,487
28,1000,30,7.7,28,76,967,19,11,3,33,8.088170362,105,341,31.64208336,9.619136731,7.891028554,8.31498943,521,14,446,19,535,465
25,1000,30,7.7,28,87,948,30,14,8,52,8.979736494,110,331,32.18415864,9.58405701,8.47686639,9.470680826,475,19,473,33,494,506
27,1000,30,7.7,28,82,946,40,6,8,54,8.733824715,104,310,31.73984228,9.749153438,7.980967099,9.486682332,483,17,463,37,500,500
26,1000,30,7.7,28,87,950,33,7,10,50,8.768565925,97,321,31.63456109,9.876314417,8.103907309,9.433224542,477,23,473,27,500,500
31,1000,30,7.7,28,65,938,39,13,10,62,8.662458995,91,309,31.29332883,9.896967788,7.781877381,9.571677409,485,23,453,39,508,492
29,1000,30,7.7,28,80,957,23,14,6,43,8.83677255,102,314,31.5687082,10.08164705,8.593336426,9.111285626,508,22,449,21,530,470
30,1000,30,7.7,28,70,945,31,16,8,55,8.358092335,105,346,31.15325966,9.673587796,7.994371724,8.733641259,485,23,460,32,508,492
28,1000,30,7.7,28,77,968,18,11,3,32,8.104261491,85,335,31.65915812,9.637466669,7.910686676,8.326976602,521,14,447,18,535,465
32,1000,30,7.7,28,13,936,25,19,20,64,7.914672968,116,292,30.17322985,9.271916341,7.552356089,8.296333254,485,28,451,36,513,487
25,1000,30,7.7,28,88,948,30,14,8,52,8.979301766,97,310,32.20762059,9.6050275,8.471030248,9.475519414,475,19,473,33,494,506
27,1000,30,7.7,28,83,946,38,8,8,54,8.752745683,109,326,31.74832293,9.749149145,8.029945298,9.475546069,483,17,463,37,500,500
26,1000,30,7.7,28,88,949,34,7,10,51,8.776255749,103,329,31.66892803,9.886512125,8.124971668,9.427539829,476,24,473,27,500,500
31,1000,30,7.7,28,66,940,38,12,10,60,8.620734003,118,314,31.3095659,9.917402922,7.775857366,9.493086304,485,23,455,37,508,492
29,1000,30,7.7,28,81,955,25,14,6,45,8.873092078,116,307,31.58669753,10.08410782,8.635147199,9.1414129,508,22,447,23,530,470
30,1000,30,7.7,28,71,945,31,17,7,55,8.348032048,96,335,31.18028409,9.683173573,7.952467908,8.756460062,486,22,459,33,508,492
28,1000,30,7.7,28,78,968,18,11,3,32,8.112128449,94,333,31.68283126,9.651298812,7.920185952,8.332965516,521,14,447,18,535,465
25,1000,30,7.7,28,89,946,32,14,8,54,9.015748207,114,329,32.20823902,9.610840288,8.512697436,9.50686892,474,20,472,34,494,506
27,1000,30,7.7,28,84,946,38,8,8,54,8.750006624,102,355,31.76919021,9.765933636,8.007032478,9.492980769,483,17,463,37,500,500
26,1000,30,7.7,28,89,947,35,8,10,53,8.807895957,117,312,31.72218841,9.868216311,8.167076265,9.44871565,475,25,472,28,500,500
32,1000,30,7.7,28,14,938,24,18,20,62,7.930568706,106,318,30.18541841,9.280122508,7.573669219,8.306522374,486,27,452,35,513,487
29,1000,30,7.7,28,82,954,26,14,6,46,8.942977259,105,340,31.58840502,10.08544871,8.738603346,9.173441459,507,23,447,23,530,470
31,1000,30,7.7,28,67,938,39,12,11,62,8.679976051,109,291,31.30526851,9.925699348,7.858438573,9.528230194,485,23,453,39,508,492
30,1000,30,7.7,28,72,945,31,17,7,55,8.388800606,91,326,31.22586046,9.695504021,7.993460261,8.796997547,486,22,459,33,508,492
25,1000,30,7.7,28,90,947,31,14,8,53,9.008239642,106,321,32.23102782,9.608296481,8.524888571,9.480127842,475,19,472,34,494,506
28,1000,30,7.7,28,79,969,19,9,3,31,8.109395451,112,325,31.68439053,9.661354244,7.957246329,8.284448742,520,15,449,16,535,465
27,1000,30,7.7,28,85,943,41,8,8,57,8.761446788,117,328,31.76917941,9.785456147,8.049648457,9.473245119,481,19,462,38,500,500
26,1000,30,7.7,28,90,948,34,8,10,52,8.853607481,104,322,31.76492779,9.881319448,8.217705366,9.489509597,475,25,473,27,500,500
29,1000,30,7.7,28,83,956,24,13,7,44,8.937513431,111,326,31.59586363,10.09910702,8.704807677,9.199926303,509,21,447,23,530,470
32,1000,30,7.7,28,15,937,26,17,20,63,7.950936081,115,295,30.18778357,9.294594134,7.575198462,8.346733613,486,27,451,36,513,487
31,1000,30,7.7,28,68,939,36,13,12,61,8.693800462,116,308,31.32591868,9.948053872,7.858043195,9.556736827,486,22,453,39,508,492
30,1000,30,7.7,28,73,944,33,17,6,56,8.384327044,95,316,31.23739185,9.716654197,7.975278341,8.806678144,486,22,458,34,508,492
25,1000,30,7.7,28,91,946,31,14,9,54,9.021097105,90,347,32.26046503,9.626595219,8.576233316,9.455410765,474,20,472,34,494,506
28,1000,30,7.7,28,80,969,19,9,3,31,8.153015484,83,304,31.70966149,9.658595884,7.997850197,8.331538986,520,15,449,16,535,465
27,1000,30,7.7,28,86,943,41,8,8,57,8.795265027,112,343,31.78444954,9.801273913,8.101133687,9.489396367,481,19,462,38,500,500
26,1000,30,7.7,28,91,948,34,9,9,52,8.870538419,107,336,31.7964482,9.894715401,8.302443101,9.438633736,475,25,473,27,500,500
29,1000,30,7.7,28,84,957,23,13,7,43,8.933549533,110,331,31.60297445,10.09259333,8.721264165,9.172935162,509,21,448,22,530,470
32,1000,30,7.7,28,16,940,24,16,20,60,7.944576304,92,311,30.2103403,9.30018679,7.548321297,8.361986608,487,26,453,34,513,487
31,1000,30,7.7,28,69,939,36,13,12,61,8.696712253,106,306,31.33502876,9.970357102,7.870485041,9.549808643,486,22,453,39,508,492
30,1000,30,7.7,28,74,943,34,17,6,57,8.405117915,110,316,31.23752694,9.764814038,7.999274274,8.824159722,486,22,457,35,508,492
25,1000,30,7.7,28,92,946,30,15,9,54,9.027311025,99,325,32.26099435,9.656838136,8.605510883,9.439108002,474,20,472,34,494,506
27,1000,30,7.7,28,87,942,40,10,8,58,8.839899683,112,330,31.79581502,9.837072984,8.118769364,9.561030001,481,19,461,39,500,500
28,1000,30,7.7,28,81,967,21,9,3,33,8.170410874,112,350,31.72414737,9.645414832,8.078011354,8.276719999,518,17,449,16,535,465
26,1000,30,7.7,28,92,949,34,9,8,51,8.859947666,96,307,31.79035944,9.921161079,8.295228337,9.424666995,475,25,474,26,500,500
29,1000,30,7.7,28,85,956,24,13,7,44,8.955947508,111,319,31.61727614,10.11219163,8.751388881,9.186620002,508,22,448,22,530,470
31,1000,30,7.7,28,70,940,36,13,11,60,8.688468989,89,297,31.40426169,9.97073159,7.855649931,9.548371594,486,22,454,38,508,492
32,1000,30,7.7,28,17,940,24,17,19,60,7.966471516,93,312,30.23535177,9.280802216,7.564421889,8.389985804,487,26,453,34,513,487
30,1000,30,7.7,28,75,943,33,17,7,57,8.430322848,96,343,31.27576824,9.78296268,8.050729452,8.822260744,486,22,457,35,508,492
25,1000,30,7.7,28,93,946,29,16,9,54,9.05418524,115,329,32.28142074,9.672721797,8.650263097,9.448528201,474,20,472,34,494,506
27,1000,30,7.7,28,88,939,42,10,9,61,8.856009778,103,343,31.77968335,9.845028725,8.159630572,9.552388984,480,20,459,41,500,500
26,1000,30,7.7,28,93,949,34,9,8,51,8.874214878,104,330,31.82760525,9.925093301,8.338614155,9.4098156,475,25,474,26,500,500
28,1000,30,7.7,28,82,966,22,9,3,34,8.190300009,91,340,31.75398035,9.672551356,8.093597629,8.301559737,518,17,448,17,535,465
29,1000,30,7.7,28,86,956,24,13,7,44,8.960306912,91,342,31.62773596,10.11055219,8.761588252,9.184393912,508,22,448,22,530,470
31,1000,30,7.7,28,71,941,36,12,11,59,8.717569308,97,300,31.42044691,9.991820745,7.827382786,9.636704985,487,21,454,38,508,492
25,1000,30,7.7,28,94,947,28,16,9,53,9.080831852,105,304,32.29495032,9.708479958,8.703622909,9.449095129,474,20,473,33,494,506
30,1000,30,7.7,28,76,943,33,17,7,57,8.451556324,95,295,31.27970806,9.784949077,8.016637009,8.900619357,486,22,457,35,508,492
26,1000,30,7.7,28,94,949,34,9,8,51,8.919386786,100,304,31.84562613,9.937985468,8.372531384,9.466242188,475,25,474,26,500,500
27,1000,30,7.7,28,89,940,42,9,9,60,8.901179036,105,332,31.81672542,9.851880716,8.177362244,9.624995828,481,19,459,41,500,500
32,1000,30,7.7,28,18,941,23,17,19,59,7.947826546,100,328,30.28149863,9.299842205,7.562041458,8.354207963,487,26,454,33,513,487
28,1000,30,7.7,28,83,965,23,9,3,35,8.196314922,108,324,31.77176031,9.686036938,8.090626212,8.317913761,518,17,447,18,535,465
29,1000,30,7.7,28,87,957,23,13,7,43,8.96237739,110,353,31.62855569,10.12417311,8.785167445,9.162209882,508,22,449,21,530,470
31,1000,30,7.7,28,72,944,32,13,11,56,8.746292826,107,330,31.43894341,10.00671646,7.898985836,9.621154514,488,20,456,36,508,492
25,1000,30,7.7,28,95,947,28,16,9,53,9.085231795,121,334,32.3061055,9.726652322,8.686187344,9.474812742,474,20,473,33,494,506
26,1000,30,7.7,28,95,949,32,11,8,51,8.959004151,108,329,31.86729656,9.957596326,8.38851914,9.529489161,475,25,474,26,500,500
30,1000,30,7.7,28,77,943,32,18,7,57,8.474908792,121,324,31.2757761,9.796481228,8.032598114,8.931603557,486,22,457,35,508,492
27,1000,30,7.7,28,90,940,40,11,9,60,8.901297366,113,320,31.83062604,9.845358634,8.170255043,9.632339689,481,19,459,41,500,500
29,1000,30,7.7,28,88,956,24,12,8,44,8.981187473,111,320,31.64381572,10.14716943,8.767360574,9.222311423,508,22,448,22,530,470
32,1000,30,7.7,28,19,942,22,17,19,58,7.950765247,93,307,30.26891046,9.308200489,7.563640889,8.358557436,487,26,455,32,513,487
28,1000,30,7.7,28,84,965,22,10,3,35,8.216531623,98,301,31.78670548,9.708470768,8.116039298,8.332151824,518,17,447,18,535,465
25,1000,30,7.7,28,96,945,30,15,10,55,9.10781616,98,337,32.34284667,9.73378702,8.719413419,9.487007768,472,22,473,33,494,506
26,1000,30,7.7,28,96,950,31,11,8,50,8.936130966,115,282,31.90190165,9.963465819,8.362212339,9.510049594,476,24,474,26,500,500
31,1000,30,7.7,28,73,942,34,13,11,58,8.792146769,119,308,31.48226503,10.01937685,7.958812309,9.652581536,488,20,454,38,508,492
27,1000,30,7.7,28,91,939,41,11,9,61,8.938210636,84,317,31.87320625,9.852908678,8.228290281,9.648130991,481,19,458,42,500,500
30,1000,30,7.7,28,78,944,31,19,6,56,8.468056127,99,296,31.31903457,9.808628269,8.045503091,8.904350724,486,22,458,34,508,492
29,1000,30,7.7,28,89,955,26,12,7,45,9.031419779,96,322,31.68095178,10.18163136,8.823483198,9.265901455,508,22,447,23,530,470
28,1000,30,7.7,28,85,964,23,10,3,36,8.242043492,95,317,31.80532625,9.719806579,8.108701155,8.395458869,518,17,446,19,535,465
32,1000,30,7.7,28,20,943,22,17,18,57,7.962603587,108,323,30.2990677,9.303121405,7.556500991,8.390387224,488,25,455,32,513,487
25,1000,30,7.7,28,97,944,32,14,10,56,9.111040761,103,317,32.38653496,9.731514154,8.751159842,9.462386955,471,23,473,33,494,506
26,1000,30,7.7,28,97,951,30,11,8,49,8.945354031,105,319,31.91191688,9.987518892,8.375339854,9.515368209,477,23,474,26,500,500
27,1000,30,7.7,28,92,939,42,10,9,61,8.959431426,105,302,31.90088555,9.852194768,8.251502129,9.667360722,480,20,459,41,500,500
31,1000,30,7.7,28,74,942,34,13,11,58,8.819167534,121,318,31.50611094,10.0440699,8.008657411,9.65603571,488,20,454,38,508,492
29,1000,30,7.7,28,90,956,26,11,7,44,9.02878908,111,310,31.69072989,10.19653592,8.829341885,9.253697619,508,22,448,22,530,470
30,1000,30,7.7,28,79,945,29,20,6,55,8.481562185,111,321,31.3470497,9.821439212,8.090362139,8.885484184,486,22,459,33,508,492
28,1000,30,7.7,28,86,960,27,10,3,40,8.27969114,100,323,31.84636565,9.747932891,8.149255239,8.429762554,515,20,445,20,535,465
32,1000,30,7.7,28,21,941,24,17,18,59,7.990951394,109,306,30.33992491,9.308418795,7.643026386,8.357451453,487,26,454,33,513,487
25,1000,30,7.7,28,98,944,32,14,10,56,9.093082346,120,342,32.41958977,9.751894162,8.752302071,9.425780876,471,23,473,33,494,506
26,1000,30,7.7,28,98,949,32,11,8,51,8.960670977,105,332,31.93434091,10.00531296,8.385770367,9.535571586,475,25,474,26,500,500
27,1000,30,7.7,28,93,937,43,12,8,63,8.956619108,88,309,31.9224223,9.851991859,8.274573392,9.638664824,480,20,457,43,500,500
29,1000,30,7.7,28,91,957,26,8,9,43,9.0355958,90,338,31.7173298,10.20857437,8.81888619,9.279970467,508,22,449,21,530,470
31,1000,30,7.7,28,75,942,34,13,11,58,8.831539709,112,323,31.51588916,10.05766432,8.01827042,9.67125678,487,21,455,37,508,492
30,1000,30,7.7,28,80,945,29,20,6,55,8.475516543,102,302,31.35194888,9.834616091,8.057975151,8.906636518,486,22,459,33,508,492
28,1000,30,7.7,28,87,960,28,9,3,40,8.31065237,107,323,31.8875791,9.769064103,8.181881254,8.458808386,515,20,445,20,535,465
26,1000,30,7.7,28,99,948,32,12,8,52,8.967614355,109,321,31.95055515,10.01339361,8.395335212,9.539893498,475,25,473,27,500,500
25,1000,30,7.7,28,99,941,34,15,10,59,9.148519574,119,309,32.45799632,9.751610587,8.820738839,9.468526853,470,24,471,35,494,506
32,1000,30,7.7,28,22,940,25,17,18,60,8.002364213,111,287,30.35814973,9.324688338,7.674936048,8.347273143,486,27,454,33,513,487
27,1000,30,7.7,28,94,934,45,13,8,66,8.99918246,109,307,31.94394267,9.856273488,8.339317106,9.659047814,477,23,457,43,500,500
29,1000,30,7.7,28,92,958,25,8,9,42,9.081556004,112,313,31.73207333,10.21928678,8.862501161,9.328575295,509,21,449,21,530,470
31,1000,30,7.7,28,76,942,33,14,11,58,8.869111389,104,298,31.5392355,10.06677233,8.068510776,9.695747795,486,22,456,36,508,492
30,1000,30,7.7,28,81,944,29,20,7,56,8.521022797,105,291,31.37183497,9.843345473,8.102552785,8.953101591,486,22,458,34,508,492
28,1000,30,7.7,28,88,960,28,9,3,40,8.361106428,89,353,31.91894788,9.802362453,8.232021603,8.509623376,514,21,446,19,535,465
26,1000,30,7.7,28,100,949,30,13,8,51,8.994579569,107,337,31.96909403,10.01135259,8.410333148,9.57882599,476,24,473,27,500,500
25,1000,30,7.7,28,100,940,35,15,10,60,9.188254025,116,330,32.50463624,9.761021182,8.870723383,9.498254295,469,25,471,35,494,506
27,1000,30,7.7,28,95,934,43,15,8,66,8.99860858,100,324,31.97043186,9.889774317,8.326419422,9.670797737,477,23,457,43,500,500
29,1000,30,7.7,28,93,957,25,8,10,43,9.123848242,105,328,31.73939784,10.23312109,8.877192042,9.401992468,508,22,449,21,530,470
32,1000,30,7.7,28,23,941,25,18,16,59,7.983405255,107,297,30.38399921,9.305504759,7.691851908,8.290524078,486,27,455,32,513,487
31,1000,30,7.7,28,77,941,34,14,11,59,8.90207021,102,318,31.55283478,10.07175043,8.095015405,9.735370699,485,23,456,36,508,492
30,1000,30,7.7,28,82,944,30,19,7,56,8.52193835,106,325,31.36189979,9.857451371,8.114198467,8.942938066,485,23,459,33,508,492
28,1000,30,7.7,28,89,959,29,9,3,41,8.378051355,96,318,31.93028825,9.800452145,8.231016949,8.547219973,514,21,445,20,535,465
26,1000,30,7.7,28,101,950,28,14,8,50,8.97996139,110,324,31.97980007,10.02161352,8.406631313,9.553291467,476,24,474,26,500,500
25,1000,30,7.7,28,101,942,34,15,9,58,9.148300378,107,331,32.51920688,9.78949715,8.835951095,9.453242169,470,24,472,34,494,506
27,1000,30,7.7,28,96,934,43,15,8,66,8.983234275,104,326,31.97693686,9.895363291,8.311554443,9.654914107,477,23,457,43,500,500
29,1000,30,7.7,28,94,957,25,8,10,43,9.128527905,117,333,31.76285889,10.22862908,8.901754695,9.384250887,508,22,449,21,530,470
32,1000,30,7.7,28,24,941,25,18,16,59,7.998773103,109,301,30.40926814,9.330172605,7.708653187,8.304381967,486,27,455,32,513,487
31,1000,30,7.7,28,78,941,34,13,12,59,8.920763473,102,319,31.58710566,10.08932801,8.094952175,9.773430422,485,23,456,36,508,492
30,1000,30,7.7,28,83,944,31,19,6,56,8.520344676,106,306,31.39670889,9.888780883,8.135884681,8.917307436,485,23,459,33,508,492
28,1000,30,7.7,28,90,956,32,9,3,44,8.39426783,109,349,31.94690775,9.820490122,8.265737627,8.542146665,513,22,443,22,535,465
26,1000,30,7.7,28,102,950,27,15,8,50,8.974316821,97,313,32.00404513,10.04646401,8.408383744,9.540249897,476,24,474,26,500,500
25,1000,30,7.7,28,102,941,35,15,9,59,9.161002742,104,330,32.55519957,9.784364109,8.853800525,9.460919531,469,25,472,34,494,506
27,1000,30,7.7,28,97,934,43,15,8,66,8.99598683,105,325,32.00069035,9.90495323,8.327335961,9.664637698,477,23,457,43,500,500
29,1000,30,7.7,28,95,955,27,8,10,45,9.167786123,102,318,31.78144659,10.23506008,8.942473704,9.421861829,508,22,447,23,530,470
31,1000,30,7.7,28,79,941,34,12,13,59,8.962788159,101,314,31.60685534,10.0965046,8.116886142,9.836199185,485,23,456,36,508,492
32,1000,30,7.7,28,25,944,23,16,17,56,7.967204751,96,321,30.41916939,9.337499604,7.682469831,8.267141124,487,26,457,30,513,487
30,1000,30,7.7,28,84,944,30,20,6,56,8.533225175,95,322,31.43385943,9.894421712,8.152422843,8.926411323,485,23,459,33,508,492
28,1000,30,7.7,28,91,955,33,9,3,45,8.455540423,105,320,31.97237437,9.830438402,8.33667167,8.592303396,512,23,443,22,535,465
26,1000,30,7.7,28,103,949,27,16,8,51,8.94369796,129,356,32.01904627,10.058953,8.37176927,9.515626651,475,25,474,26,500,500
25,1000,30,7.7,28,103,940,36,15,9,60,9.19037641,104,343,32.57309419,9.798813386,8.91471796,9.459497505,468,26,472,34,494,506
29,1000,30,7.7,28,96,955,27,8,10,45,9.161412839,120,332,31.78892718,10.24999665,8.933969013,9.417892048,508,22,447,23,530,470
27,1000,30,7.7,28,98,934,42,16,8,66,9.006707926,93,330,32.04590762,9.932373545,8.362340028,9.651075825,477,23,457,43,500,500
31,1000,30,7.7,28,80,942,33,12,13,58,8.962186955,102,335,31.61208349,10.11467473,8.091559781,9.861127208,486,22,456,36,508,492
30,1000,30,7.7,28,85,945,29,20,6,55,8.552996593,107,313,31.44616045,9.908967029,8.203317802,8.914047052,485,23,460,32,508,492
26,1000,30,7.7,28,104,950,26,15,9,50,8.970776673,109,322,32.05165118,10.05264215,8.410780758,9.530772588,476,24,474,26,500,500
28,1000,30,7.7,28,92,954,34,8,4,46,8.468216068,106,340,31.99814301,9.831985643,8.363068139,8.589192718,511,24,443,22,535,465
32,1000,30,7.7,28,26,945,22,16,17,55,7.985384997,99,305,30.44950899,9.348966147,7.6893754,8.297197982,487,26,458,29,513,487
33,1000,30,7.7,28,0,940,29,14,17,60,7.378,95,286,30.19534561,8.944362817,6.591093117,8.146245059,475,19,465,41,494,506
25,1000,30,7.7,28,104,941,35,14,10,59,9.207788361,90,341,32.57217265,9.806458755,8.940947535,9.468300946,468,26,473,33,494,506
34,1000,30,7.7,28,0,931,30,14,25,69,7.543,77,299,29.88857851,9.171375571,6.546534653,8.55959596,481,24,450,45,505,495
29,1000,30,7.7,28,97,955,27,8,10,45,9.185268852,111,344,31.77956394,10.26454744,8.924318806,9.47953167,508,22,447,23,530,470
27,1000,30,7.7,28,99,933,43,16,8,67,9.025498811,99,300,32.08134473,9.955272166,8.372541977,9.678455645,477,23,456,44,500,500
31,1000,30,7.7,28,81,942,32,13,13,58,8.994641228,112,321,31.60166902,10.12676097,8.131572614,9.885777113,486,22,456,36,508,492
30,1000,30,7.7,28,86,946,29,19,6,54,8.607914606,104,323,31.50464379,9.912557735,8.290297739,8.935860477,484,24,462,30,508,492
28,1000,30,7.7,28,93,954,34,8,4,46,8.468639255,111,325,32.02051506,9.830496207,8.370915039,8.581074643,511,24,443,22,535,465
29,1000,30,7.7,28,98,953,29,8,10,47,9.204718974,98,308,31.77184954,10.27664294,8.947805981,9.49442937,507,23,446,24,530,470
33,1000,30,7.7,28,1,942,29,12,17,58,7.386613451,100,299,30.20636088,8.955461436,6.549179373,8.204187431,478,16,464,42,494,506
27,1000,30,7.7,28,100,931,45,16,8,69,9.070182963,98,321,32.11613784,9.987688277,8.40235518,9.738010746,477,23,454,46,500,500
34,1000,30,7.7,28,1,931,30,14,25,69,7.563497984,91,307,29.90994474,9.182920338,6.565367013,8.581793216,480,25,451,44,505,495
32,1000,30,7.7,28,27,944,23,16,17,56,8.028997966,106,307,30.45155867,9.367435595,7.703669123,8.371695493,486,27,458,29,513,487
31,1000,30,7.7,28,82,942,32,13,13,58,9.010525426,87,318,31.62136676,10.12653735,8.163758437,9.884829552,486,22,456,36,508,492
29,1000,30,7.7,28,99,951,31,8,10,49,9.236003914,110,306,31.78276412,10.28512494,8.994452329,9.508391873,506,24,445,25,530,470
30,1000,30,7.7,28,87,947,29,18,6,53,8.626380672,100,296,31.53814898,9.922017083,8.272941092,8.991314221,485,23,462,30,508,492
28,1000,30,7.7,28,94,954,34,8,4,46,8.490375594,108,292,32.04954471,9.843170853,8.410909473,8.581804356,511,24,443,22,535,465
27,1000,30,7.7,28,101,932,43,16,9,68,9.064264454,98,322,32.14162731,9.980098418,8.419626656,9.708902252,477,23,455,45,500,500
33,1000,30,7.7,28,2,942,29,12,17,58,7.40204978,93,301,30.2185801,8.972105665,6.560692603,8.223453822,478,16,464,42,494,506
34,1000,30,7.7,28,2,931,30,13,26,69,7.601461575,80,308,29.93240152,9.205124872,6.638915237,8.583453292,479,26,452,43,505,495
32,1000,30,7.7,28,28,944,24,16,16,56,8.065436185,94,341,30.48362888,9.372965319,7.732490982,8.416156696,486,27,458,29,513,487
29,1000,30,7.7,28,100,950,32,8,10,50,9.25857875,107,327,31.80023636,10.28670096,9.000028395,9.550135534,505,25,445,25,530,470
31,1000,30,7.7,28,83,941,33,13,13,59,9.04637772,101,305,31.62857459,10.14036509,8.202156359,9.918053433,485,23,456,36,508,492
30,1000,30,7.7,28,88,948,28,18,6,52,8.643408358,116,307,31.56738901,9.946545733,8.283552809,9.014966527,485,23,463,29,508,492
28,1000,30,7.7,28,95,954,34,8,4,46,8.517116699,90,290,32.06872027,9.825297403,8.432004344,8.615041667,511,24,443,22,535,465
27,1000,30,7.7,28,102,930,44,17,9,70,9.111468975,101,347,32.17416555,9.977968375,8.455195008,9.767742941,477,23,453,47,500,500
33,1000,30,7.7,28,3,943,28,12,17,57,7.432369225,90,288,30.23893529,8.956788969,6.58488288,8.25975708,478,16,465,41,494,506
34,1000,30,7.7,28,3,934,28,13,25,66,7.614388282,110,307,29.94786439,9.231899894,6.626599452,8.622132442,482,23,452,43,505,495
32,1000,30,7.7,28,29,946,24,15,15,54,8.076845807,82,292,30.51580337,9.362882803,7.722397167,8.450217783,487,26,459,28,513,487
29,1000,30,7.7,28,101,949,33,8,10,51,9.284376147,110,369,31.77982073,10.28881177,9.034429297,9.566231105,505,25,444,26,530,470
27,1000,30,7.7,28,103,931,43,18,8,69,9.132628316,96,347,32.20764009,9.990608721,8.473325954,9.791930678,478,22,453,47,500,500
28,1000,30,7.7,28,96,954,33,9,4,46,8.550758337,109,323,32.06993913,9.836349924,8.434943215,8.684007993,511,24,443,22,535,465
30,1000,30,7.7,28,89,948,27,19,6,52,8.650490702,110,315,31.6097465,9.968823164,8.290370386,9.022322248,485,23,463,29,508,492
31,1000,30,7.7,28,84,940,34,12,14,60,9.089620028,103,329,31.628488,10.15877347,8.243198535,9.963567424,485,23,455,37,508,492
34,1000,30,7.7,28,4,936,27,12,25,64,7.594620385,98,324,29.99212089,9.229430228,6.632222068,8.576461093,482,23,454,41,505,495
33,1000,30,7.7,28,4,943,28,12,17,57,7.469430086,89,308,30.26164212,8.973066705,6.599667473,8.318565918,478,16,465,41,494,506
32,1000,30,7.7,28,30,948,23,14,15,52,8.062962792,92,317,30.56514137,9.3702999,7.694850078,8.450728341,489,24,459,28,513,487
29,1000,30,7.7,28,102,948,34,8,10,52,9.331388637,108,311,31.81595899,10.28405907,9.104327003,9.587436862,505,25,443,27,530,470
27,1000,30,7.7,28,104,931,43,17,9,69,9.144906463,117,322,32.24198147,10.01885485,8.494536804,9.795276122,478,22,453,47,500,500
35,1000,30,7.7,28,0,959,19,11,11,41,6.786,82,317,29.86902191,8.454910856,6.278787879,7.283168317,479,16,480,25,495,505
30,1000,30,7.7,28,90,948,27,19,6,52,8.689912147,99,316,31.6522506,9.994673193,8.334235457,9.057155558,485,23,463,29,508,492
28,1000,30,7.7,28,97,954,32,9,5,46,8.560147098,96,322,32.11068523,9.842187637,8.469747457,8.664155286,511,24,443,22,535,465
31,1000,30,7.7,28,85,938,36,12,14,62,9.120716442,113,319,31.64240014,10.17631112,8.290698255,9.977727091,483,25,455,37,508,492
33,1000,30,7.7,28,5,944,27,12,17,56,7.515143045,97,298,30.27815765,8.983822186,6.653476051,8.356375249,478,16,466,40,494,506
34,1000,30,7.7,28,5,935,28,12,25,65,7.616622077,103,290,30.0116551,9.23844803,6.665924261,8.58652591,481,24,454,41,505,495
29,1000,30,7.7,28,103,946,36,8,10,54,9.339542024,97,321,31.83694374,10.30492789,9.088048772,9.623140798,505,25,441,29,530,470
32,1000,30,7.7,28,31,949,22,14,15,51,8.08977136,87,321,30.56268428,9.384814198,7.725935692,8.473031519,489,24,460,27,513,487
35,1000,30,7.7,28,1,960,18,11,11,40,6.791165228,89,306,29.86456592,8.439934282,6.279255879,7.292937758,480,15,480,25,495,505
28,1000,30,7.7,28,98,954,32,9,5,46,8.571131487,92,312,32.12607599,9.856781974,8.450598497,8.709809229,511,24,443,22,535,465
30,1000,30,7.7,28,91,949,26,19,6,51,8.710326558,100,345,31.67087723,10.00777699,8.39327905,9.037684553,486,22,463,29,508,492
31,1000,30,7.7,28,86,939,36,12,13,61,9.133821027,102,318,31.67247843,10.19912144,8.287350577,10.00781897,484,24,455,37,508,492
33,1000,30,7.7,28,6,945,26,12,17,55,7.53663246,90,311,30.29002353,9.008696919,6.694487529,8.358805574,478,16,467,39,494,506
34,1000,30,7.7,28,6,937,30,10,23,63,7.609946049,103,306,30.05268173,9.246096575,6.691884315,8.546554485,481,24,456,39,505,495
29,1000,30,7.7,28,104,945,37,8,10,55,9.374121987,96,325,31.87222434,10.32861728,9.136905707,9.641621196,505,25,440,30,530,470
36,1000,30,7.7,28,0,948,27,11,14,52,6.976,86,326,29.79831448,8.825611205,6.155555556,7.78019802,476,19,472,33,495,505
32,1000,30,7.7,28,32,950,23,12,15,50,8.125496947,88,304,30.59058068,9.413558995,7.763900565,8.506398269,489,24,461,26,513,487
35,1000,30,7.7,28,2,961,17,11,11,39,6.804465408,93,307,29.89507336,8.462866165,6.314268718,7.284955233,480,15,481,24,495,505
28,1000,30,7.7,28,99,954,31,10,5,46,8.612049408,86,332,32.12260248,9.874542611,8.483733638,8.75968153,511,24,443,22,535,465
30,1000,30,7.7,28,92,950,25,19,6,50,8.751759481,93,326,31.67098676,10.0408569,8.458901894,9.054140893,486,22,464,28,508,492
31,1000,30,7.7,28,87,939,36,12,13,61,9.143614541,115,337,31.68694464,10.21502545,8.295870274,10.01892773,484,24,455,37,508,492
33,1000,30,7.7,28,7,944,27,12,17,56,7.554958353,110,303,30.30288718,9.020486469,6.731108459,8.359270305,477,17,467,39,494,506
34,1000,30,7.7,28,7,938,29,10,23,62,7.617926284,89,292,30.07999173,9.273338252,6.673001737,8.581940216,483,22,455,40,505,495
36,1000,30,7.7,28,1,948,27,10,15,52,7.025540828,91,287,29.85818516,8.836677584,6.173300553,7.860905059,476,19,472,33,495,505
28,1000,30,7.7,28,100,954,31,10,5,46,8.635917783,112,302,32.12463053,9.889228379,8.496718396,8.796071917,511,24,443,22,535,465
35,1000,30,7.7,28,3,962,17,10,11,38,6.845504565,85,294,29.91045783,8.473618252,6.324198337,7.356487898,480,15,482,23,495,505
33,1000,30,7.7,28,8,944,27,12,17,56,7.553514941,85,292,30.32304207,9.040875982,6.728322361,8.359137736,477,17,467,39,494,506
30,1000,30,7.7,28,93,952,23,19,6,48,8.731442911,123,321,31.70063185,10.0450654,8.452391675,9.019568983,486,22,466,26,508,492
32,1000,30,7.7,28,33,951,23,11,15,49,8.165887711,101,311,30.60059179,9.45106677,7.771730189,8.581088549,490,23,461,26,513,487
31,1000,30,7.7,28,88,939,36,12,13,61,9.188733399,112,337,31.70384352,10.23751968,8.379318062,10.02447119,484,24,455,37,508,492
34,1000,30,7.7,28,8,939,29,10,22,61,7.624796612,99,320,30.10270223,9.279104954,6.694364534,8.574025298,483,22,456,39,505,495
36,1000,30,7.7,28,2,949,25,11,15,51,7.045102993,99,314,29.88658316,8.859814067,6.142699715,7.929636899,478,17,471,34,495,505
28,1000,30,7.7,28,101,955,29,11,5,45,8.636227993,86,323,32.14971524,9.902803499,8.485270975,8.809909723,511,24,444,21,535,465
33,1000,30,7.7,28,9,945,26,12,17,55,7.555786162,88,320,30.3549204,9.052946175,6.751280908,8.34121224,477,17,468,38,494,506
35,1000,30,7.7,28,4,961,19,10,10,39,6.88534186,93,315,29.97158861,8.463872334,6.330021067,7.429666202,479,16,482,23,495,505
30,1000,30,7.7,28,94,951,25,19,5,49,8.742027038,91,345,31.71502178,10.06741095,8.496111748,8.995939574,485,23,466,26,508,492
31,1000,30,7.7,28,89,938,37,12,13,62,9.204179097,93,307,31.75791183,10.25924745,8.359961027,10.07585141,483,25,455,37,508,492
32,1000,30,7.7,28,34,951,23,11,15,49,8.205195341,103,316,30.62051678,9.479672652,7.848398027,8.581041382,490,23,461,26,513,487
34,1000,30,7.7,28,9,939,30,9,22,61,7.642887391,100,313,30.13673839,9.272128424,6.697586436,8.607285335,484,21,455,40,505,495
36,1000,30,7.7,28,3,950,25,10,15,50,7.044176711,85,284,29.91242271,8.869022267,6.142419945,7.928076907,478,17,472,33,495,505
33,1000,30,7.7,28,10,946,25,12,17,54,7.565021115,91,305,30.39804878,9.05498429,6.758839068,8.35208422,477,17,469,37,494,506
28,1000,30,7.7,28,102,955,29,11,5,45,8.684676585,105,345,32.14935647,9.920465587,8.54711361,8.842947965,511,24,444,21,535,465
35,1000,30,7.7,28,5,962,19,9,10,38,6.878511698,90,319,29.98544679,8.47420471,6.329364035,7.41678515,479,16,483,22,495,505
30,1000,30,7.7,28,95,951,26,18,5,49,8.766781923,105,345,31.74439601,10.06924859,8.49863679,9.043647222,485,23,466,26,508,492
31,1000,30,7.7,28,90,939,37,12,12,61,9.206352119,100,341,31.80748035,10.28350255,8.36384739,10.07625538,484,24,455,37,508,492
32,1000,30,7.7,28,35,951,23,11,15,49,8.208172216,108,332,30.63278647,9.48587125,7.819274579,8.617832356,490,23,461,26,513,487
34,1000,30,7.7,28,10,941,27,10,22,59,7.692505147,84,305,30.15980659,9.268522826,6.71293011,8.691869578,485,20,456,39,505,495
36,1000,30,7.7,28,4,951,24,10,15,49,7.073899841,77,292,29.94140139,8.888646591,6.195303834,7.935097907,478,17,473,32,495,505
33,1000,30,7.7,28,11,946,26,13,15,54,7.568308736,85,300,30.39396474,9.072733462,6.763101444,8.354420203,478,16,468,38,494,506
28,1000,30,7.7,28,103,955,29,11,5,45,8.732738587,107,335,32.15464358,9.904525809,8.542510635,8.951603004,511,24,444,21,535,465
35,1000,30,7.7,28,6,961,20,9,10,39,6.90124432,103,325,30.02537156,8.482366301,6.336852043,7.454460512,479,16,482,23,495,505
30,1000,30,7.7,28,96,950,27,19,4,50,8.753042163,113,321,31.76233658,10.0660772,8.498673785,9.015682684,484,24,466,26,508,492
31,1000,30,7.7,28,91,938,38,12,12,62,9.229353471,108,332,31.82072401,10.30367573,8.407547493,10.07788485,483,25,455,37,508,492
34,1000,30,7.7,28,11,942,27,10,21,58,7.683716212,100,315,30.16369907,9.272263275,6.705697547,8.681492831,486,19,456,39,505,495
32,1000,30,7.7,28,36,952,22,12,14,48,8.21799914,118,314,30.63622142,9.49739752,7.845294788,8.610601465,490,23,462,25,513,487
33,1000,30,7.7,28,12,945,28,13,14,55,7.551216437,103,298,30.40332387,9.075441037,6.731605066,8.351390385,477,17,468,38,494,506
36,1000,30,7.7,28,5,952,24,10,14,48,7.110759079,90,297,29.95118718,8.888151866,6.194724176,8.008654677,479,16,473,32,495,505
28,1000,30,7.7,28,104,955,29,11,5,45,8.735563278,123,334,32.16563624,9.908516139,8.558246437,8.939572977,511,24,444,21,535,465
35,1000,30,7.7,28,7,963,19,9,9,37,6.92754362,87,310,30.04774309,8.49293531,6.370769377,7.473292631,481,14,482,23,495,505
37,1000,30,7.7,28,0,941,21,18,20,59,7.194,89,304,29.87526565,8.913664258,6.263917526,8.069902913,466,19,475,40,485,515
30,1000,30,7.7,28,97,951,27,18,4,49,8.727675546,116,350,31.80849633,10.0816154,8.464235696,8.999682546,485,23,466,26,508,492
31,1000,30,7.7,28,92,938,39,12,11,62,9.25354646,106,310,31.83685225,10.30670245,8.431588944,10.1022343,483,25,455,37,508,492
34,1000,30,7.7,28,12,942,28,9,21,58,7.699004691,105,322,30.17489342,9.296648093,6.749373947,8.667819895,486,19,456,39,505,495
33,1000,30,7.7,28,13,946,29,13,12,54,7.549485818,103,303,30.40699192,9.053378057,6.756615572,8.323552818,477,17,469,37,494,506
32,1000,30,7.7,28,37,949,25,12,14,51,8.229450878,133,298,30.67302617,9.517549033,7.825529617,8.654936723,488,25,461,26,513,487
36,1000,30,7.7,28,6,951,26,10,13,49,7.118748921,88,304,29.98004923,8.904290214,6.234241482,7.985741362,479,16,472,33,495,505
35,1000,30,7.7,28,8,962,18,11,9,38,6.954599421,82,309,30.06319781,8.505725092,6.420741297,7.477886097,480,15,482,23,495,505
37,1000,30,7.7,28,1,941,21,18,20,59,7.211105766,111,319,29.89110301,8.928983034,6.28487907,8.083377509,466,19,475,40,485,515
30,1000,30,7.7,28,98,951,27,18,4,49,8.745370798,96,324,31.82956914,10.11321426,8.456404663,9.043734206,486,22,465,27,508,492
31,1000,30,7.7,28,93,936,41,12,11,64,9.268195459,118,334,31.85196878,10.31220819,8.452729951,10.11018017,483,25,453,39,508,492
34,1000,30,7.7,28,13,941,29,10,20,59,7.716532755,98,316,30.18323808,9.28613718,6.78576253,8.66610642,485,20,456,39,505,495
33,1000,30,7.7,28,14,947,28,13,12,53,7.591094452,92,298,30.40911839,9.051956901,6.791424429,8.371799969,477,17,470,36,494,506
36,1000,30,7.7,28,7,952,26,9,13,48,7.101212829,100,313,29.99893326,8.931122381,6.204450582,7.980217408,479,16,473,32,495,505
35,1000,30,7.7,28,9,962,18,11,9,38,6.975064842,95,282,30.10496022,8.528446711,6.479466377,7.460849476,480,15,482,23,495,505
32,1000,30,7.7,28,38,949,25,12,14,51,8.238540909,96,330,30.66952737,9.527938191,7.815333497,8.684342556,488,25,461,26,513,487
37,1000,30,7.7,28,2,941,21,18,20,59,7.231099499,93,317,29.92032008,8.947744408,6.293437656,8.114140263,466,19,475,40,485,515
30,1000,30,7.7,28,99,949,28,19,4,51,8.766590045,98,319,31.85713926,10.12103619,8.477036226,9.065560249,486,22,463,29,508,492
31,1000,30,7.7,28,94,936,41,11,12,64,9.298602017,116,316,31.87040853,10.3266652,8.480996697,10.14279613,483,25,453,39,508,492
33,1000,30,7.7,28,15,950,25,13,12,50,7.621269343,86,315,30.43396014,9.059696373,6.816207938,8.407238382,479,15,471,35,494,506
34,1000,30,7.7,28,14,943,28,9,20,57,7.757187456,102,290,30.2125127,9.302803568,6.838170415,8.694770498,486,19,457,38,505,495
36,1000,30,7.7,28,8,952,26,9,13,48,7.140045645,97,315,29.99091064,8.954778308,6.247139461,8.015270517,479,16,473,32,495,505
35,1000,30,7.7,28,10,962,17,12,9,38,7.015970202,80,321,30.12341074,8.546916252,6.545431277,7.477191524,480,15,482,23,495,505
32,1000,30,7.7,28,39,948,26,11,15,52,8.262718962,100,323,30.68060962,9.543618543,7.827524606,8.721147513,487,26,461,26,513,487
30,1000,30,7.7,28,100,949,28,19,4,51,8.763432155,120,321,31.88028408,10.12962485,8.458053763,9.078741552,486,22,463,29,508,492
37,1000,30,7.7,28,3,940,21,18,21,60,7.258711269,82,314,29.94595829,8.970930335,6.333479832,8.130045728,465,20,475,40,485,515
31,1000,30,7.7,28,95,937,41,10,12,63,9.312983042,106,327,31.90197048,10.33553721,8.499158164,10.15327377,483,25,454,38,508,492
33,1000,30,7.7,28,16,950,25,13,12,50,7.645947085,95,301,30.44720408,9.066979711,6.839830166,8.432946607,478,16,472,34,494,506
34,1000,30,7.7,28,15,944,27,9,20,56,7.787114709,104,316,30.23268729,9.317709109,6.875674359,8.716967995,487,18,457,38,505,495
36,1000,30,7.7,28,9,953,25,9,13,47,7.165796545,97,294,29.99277471,8.96129352,6.287950356,8.026259642,479,16,474,31,495,505
35,1000,30,7.7,28,11,961,18,13,8,39,7.035181077,89,320,30.16992734,8.549256391,6.602448751,7.459344445,479,16,482,23,495,505
30,1000,30,7.7,28,101,948,29,19,4,52,8.782796809,106,334,31.88560498,10.14141318,8.49233175,9.082707886,485,23,463,29,508,492
37,1000,30,7.7,28,4,942,20,18,20,58,7.221802411,91,278,29.9535366,8.98684143,6.294135414,8.095430555,465,20,477,38,485,515
32,1000,30,7.7,28,40,949,25,9,17,51,8.274899867,90,304,30.73274839,9.546865422,7.843480808,8.729351566,487,26,462,25,513,487
33,1000,30,7.7,28,17,950,26,12,12,50,7.660590389,120,317,30.4834868,9.075824982,6.93054265,8.373324742,477,17,473,33,494,506
31,1000,30,7.7,28,96,937,42,10,11,63,9.326684728,103,332,31.93261773,10.35422999,8.5004446,10.17979445,483,25,454,38,508,492
34,1000,30,7.7,28,16,945,26,9,20,55,7.814933848,110,294,30.25597263,9.350634212,6.91841596,8.729563208,487,18,458,37,505,495
35,1000,30,7.7,28,12,960,19,13,8,40,7.072709531,84,307,30.18542725,8.568961365,6.634981222,7.501769952,478,17,482,23,495,505
36,1000,30,7.7,28,10,954,24,9,13,46,7.209509368,110,318,29.99262213,8.950566339,6.307216237,8.093935309,480,15,474,31,495,505
30,1000,30,7.7,28,102,945,33,18,4,55,8.791207599,122,315,31.90529531,10.14859881,8.476469995,9.116180572,484,24,461,31,508,492
33,1000,30,7.7,28,18,950,28,11,11,50,7.674287046,107,340,30.50036209,9.077111615,6.981832226,8.350320014,476,18,474,32,494,506
37,1000,30,7.7,28,5,944,20,17,19,56,7.221503299,93,308,29.96096062,8.995148853,6.32875246,8.062249235,466,19,478,37,485,515
31,1000,30,7.7,28,97,936,42,11,11,64,9.358431258,107,324,31.94354995,10.36429177,8.517077176,10.22714645,482,26,454,38,508,492
32,1000,30,7.7,28,41,949,26,8,17,51,8.288131047,105,274,30.74856398,9.559298826,7.851908218,8.74764298,489,24,460,27,513,487
34,1000,30,7.7,28,17,947,24,9,20,53,7.836726527,115,313,30.28733198,9.371723751,6.960770296,8.730378843,487,18,460,35,505,495
35,1000,30,7.7,28,13,960,19,13,8,40,7.074911987,87,332,30.21275189,8.575611758,6.651594056,7.489847384,477,18,483,22,495,505
36,1000,30,7.7,28,11,955,24,9,12,45,7.219496547,79,306,30.01828326,8.944181773,6.293049966,8.127597651,481,14,474,31,495,505
30,1000,30,7.7,28,103,943,35,18,4,57,8.789925274,107,315,31.94242155,10.15852617,8.48292528,9.106909008,483,25,460,32,508,492
33,1000,30,7.7,28,19,951,28,10,11,49,7.680464598,93,320,30.51640867,9.079799128,6.969014355,8.375042503,476,18,475,31,494,506
37,1000,30,7.7,28,6,942,22,17,19,58,7.24980498,97,311,29.9660065,9.021084912,6.337417036,8.109044111,465,20,477,38,485,515
31,1000,30,7.7,28,98,938,39,12,11,62,9.346670736,132,332,31.95055968,10.38349335,8.466251887,10.25572109,483,25,455,37,508,492
34,1000,30,7.7,28,18,947,24,9,20,53,7.841702694,94,325,30.30289524,9.381506999,7.00423664,8.696087255,487,18,460,35,505,495
32,1000,30,7.7,28,42,949,26,8,17,51,8.304676342,94,312,30.76387402,9.584583304,7.864555957,8.768293914,489,24,460,27,513,487
35,1000,30,7.7,28,14,961,18,13,8,39,7.069392572,90,304,30.23527154,8.594790183,6.667595874,7.4632329,477,18,484,21,495,505
33,1000,30,7.7,28,20,952,28,10,10,48,7.691485856,88,315,30.52763797,9.087588844,6.969635078,8.396217642,476,18,476,30,494,506
30,1000,30,7.7,28,104,943,35,18,4,57,8.829725514,109,347,31.96346121,10.18362764,8.588726155,9.078562251,483,25,460,32,508,492
36,1000,30,7.7,28,12,955,24,9,12,45,7.257168503,95,317,30.03292,8.954368896,6.336724907,8.159385493,481,14,474,31,495,505
38,1000,30,7.7,28,0,940,34,13,13,60,7.232,84,304,30.264735,8.942848359,6.162217659,8.247563353,467,20,473,40,487,513
31,1000,30,7.7,28,99,937,40,12,11,63,9.37889868,93,346,31.97655573,10.40810365,8.49615307,10.29035146,483,25,454,38,508,492
37,1000,30,7.7,28,7,943,23,16,18,57,7.21608833,96,295,29.98286757,9.01751746,6.316888256,8.062907817,465,20,478,37,485,515
34,1000,30,7.7,28,19,947,24,9,20,53,7.87101718,96,310,30.32454924,9.396561027,7.085488689,8.672414932,486,19,461,34,505,495
35,1000,30,7.7,28,15,960,18,14,8,40,7.133741465,90,319,30.26698276,8.59473591,6.772698817,7.487634754,476,19,484,21,495,505
32,1000,30,7.7,28,43,952,25,7,16,48,8.288168223,94,304,30.7778759,9.603258738,7.860290429,8.738889595,490,23,462,25,513,487
33,1000,30,7.7,28,21,951,29,10,10,49,7.736466951,97,311,30.53204708,9.110528234,7.058286446,8.398564124,475,19,476,30,494,506
36,1000,30,7.7,28,13,954,25,9,12,46,7.289511548,84,282,30.05440205,8.954690536,6.389605569,8.171597605,481,14,473,32,495,505
38,1000,30,7.7,28,1,941,33,13,13,59,7.245925021,103,341,30.29348869,8.940088697,6.201385107,8.237525289,468,19,473,40,487,513
31,1000,30,7.7,28,100,937,39,13,11,63,9.42542282,99,315,31.99134835,10.44279684,8.573308692,10.30524798,483,25,454,38,508,492
37,1000,30,7.7,28,8,942,24,16,18,58,7.25315463,87,305,29.98805204,9.033258511,6.398388938,8.058128145,464,21,478,37,485,515
34,1000,30,7.7,28,20,948,24,8,20,52,7.874280155,98,321,30.36083787,9.407157896,7.088849687,8.675577905,486,19,462,33,505,495
35,1000,30,7.7,28,16,960,18,14,8,40,7.123835513,94,316,30.25494783,8.612270027,6.762508974,7.478007071,476,19,484,21,495,505
32,1000,30,7.7,28,44,953,24,7,16,47,8.293879083,102,313,30.78685417,9.619865635,7.893741769,8.715378965,490,23,463,24,513,487
33,1000,30,7.7,28,22,951,29,10,10,49,7.74986069,99,289,30.56274084,9.101123936,7.082902254,8.401001931,475,19,476,30,494,506
36,1000,30,7.7,28,14,955,24,9,12,45,7.322038333,98,299,30.04768343,8.970087498,6.4317319,8.194714935,481,14,474,31,495,505
38,1000,30,7.7,28,2,941,33,13,13,59,7.29855186,100,295,30.29813212,8.95242668,6.279088992,8.266346045,468,19,473,40,487,513
31,1000,30,7.7,28,101,937,40,13,10,63,9.41999292,122,321,32.02127545,10.45265263,8.568105633,10.29958386,483,25,454,38,508,492
37,1000,30,7.7,28,9,944,23,16,17,56,7.251657464,103,297,30.00587991,9.065814904,6.380094164,8.072450085,464,21,480,35,485,515
34,1000,30,7.7,28,21,949,23,9,19,51,7.890069015,116,297,30.38999584,9.399950622,7.103029144,8.693008681,486,19,463,32,505,495
35,1000,30,7.7,28,17,960,18,14,8,40,7.122829727,95,278,30.2653659,8.622087683,6.769049062,7.469604833,476,19,484,21,495,505
33,1000,30,7.7,28,23,951,29,10,10,49,7.749868729,99,272,30.58445184,9.104094193,7.092949806,8.391208548,474,20,477,29,494,506
36,1000,30,7.7,28,15,957,21,10,12,43,7.323353349,97,309,30.09311398,8.964369959,6.439647371,8.189560198,482,13,475,30,495,505
32,1000,30,7.7,28,45,954,24,6,16,46,8.307518449,97,310,30.82762956,9.617246938,7.908050923,8.728312782,491,22,463,24,513,487
38,1000,30,7.7,28,3,943,31,13,13,57,7.31169671,82,293,30.31318528,8.952459122,6.310670901,8.261988267,468,19,475,38,487,513
31,1000,30,7.7,28,102,936,41,13,10,64,9.441816561,117,314,32.04000334,10.46482584,8.57448351,10.33735556,482,26,454,38,508,492
37,1000,30,7.7,28,10,943,24,15,18,57,7.32324893,99,312,30.01341565,9.086096708,6.42902899,8.165378388,466,19,477,38,485,515
35,1000,30,7.7,28,18,960,19,14,7,40,7.137534702,89,316,30.28821706,8.631302668,6.804552651,7.463923049,476,19,484,21,495,505
34,1000,30,7.7,28,22,947,25,8,20,53,7.901834024,96,303,30.39167633,9.414744573,7.156596711,8.662126637,484,21,463,32,505,495
33,1000,30,7.7,28,24,950,30,10,10,50,7.74891432,132,316,30.60206242,9.098288561,7.058972055,8.422494318,473,21,477,29,494,506
36,1000,30,7.7,28,16,958,20,9,13,42,7.350037609,112,265,30.10735226,8.988034821,6.470322682,8.212332438,482,13,476,29,495,505
38,1000,30,7.7,28,4,944,30,13,13,56,7.35098869,89,310,30.32051297,8.973822045,6.346479516,8.304587067,469,18,475,38,487,513
35,1000,30,7.7,28,19,960,18,15,7,40,7.139159666,90,329,30.29940255,8.657104568,6.818027832,7.453932453,476,19,484,21,495,505
32,1000,30,7.7,28,46,952,26,6,16,48,8.319447733,95,340,30.84000101,9.646519061,7.909253294,8.751541669,490,23,462,25,513,487
31,1000,30,7.7,28,103,935,41,14,10,65,9.50267791,99,313,32.07518543,10.46992148,8.665738522,10.36683484,481,27,454,38,508,492
37,1000,30,7.7,28,11,944,24,14,18,56,7.317995578,109,308,30.0527134,9.106865442,6.384371096,8.197234167,467,18,477,38,485,515
34,1000,30,7.7,28,23,947,25,9,19,53,7.894413514,93,298,30.40281206,9.428501741,7.15073888,8.653111878,484,21,463,32,505,495
33,1000,30,7.7,28,25,951,28,11,10,49,7.788769206,100,327,30.59033843,9.097580901,7.141326732,8.420857312,473,21,478,28,494,506
36,1000,30,7.7,28,17,956,23,9,12,44,7.395576829,102,305,30.13776479,9.01026066,6.486009701,8.287132727,482,13,474,31,495,505
38,1000,30,7.7,28,5,944,30,13,13,56,7.335356833,78,314,30.33470683,8.980329939,6.376953139,8.245186461,468,19,476,37,487,513
35,1000,30,7.7,28,20,959,19,15,7,41,7.172535288,101,294,30.30929747,8.672265029,6.855614695,7.483180225,476,19,483,22,495,505
31,1000,30,7.7,28,104,935,41,14,10,65,9.518572853,120,301,32.08878364,10.50020437,8.690802977,10.37326207,481,27,454,38,508,492
39,1000,30,7.7,28,0,946,30,13,11,54,6.817,90,293,29.99059,8.785137283,6.128404669,7.54526749,495,19,451,35,514,486
37,1000,30,7.7,28,12,944,24,15,17,56,7.317895924,112,310,30.08794575,9.134555969,6.401895853,8.180536768,467,18,477,38,485,515
32,1000,30,7.7,28,47,950,28,6,16,50,8.331312306,92,304,30.87340761,9.652514653,7.921270897,8.763245042,490,23,460,27,513,487
34,1000,30,7.7,28,24,946,25,9,20,54,7.936204248,105,320,30.44686425,9.441841398,7.233888698,8.652707992,483,22,463,32,505,495
33,1000,30,7.7,28,26,951,28,11,10,49,7.815710774,90,307,30.61271299,9.104828592,7.152182222,8.463503472,473,21,478,28,494,506
36,1000,30,7.7,28,18,955,24,9,12,45,7.413858184,104,301,30.14985637,9.041705176,6.511767322,8.29808586,481,14,474,31,495,505
35,1000,30,7.7,28,21,959,19,15,7,41,7.179860565,80,314,30.31592203,8.703108668,6.873514884,7.480139994,476,19,483,22,495,505
38,1000,30,7.7,28,6,945,31,13,11,55,7.350572722,95,293,30.33593038,9.006240314,6.418337679,8.235559985,468,19,477,36,487,513
37,1000,30,7.7,28,13,943,26,14,17,57,7.353130465,107,294,30.12158873,9.150054295,6.431851771,8.22074244,468,17,475,40,485,515
39,1000,30,7.7,28,1,945,30,14,11,55,6.851915784,87,310,30.01696181,8.804778626,6.194083812,7.547647541,494,20,451,35,514,486
34,1000,30,7.7,28,25,946,25,9,20,54,7.926820141,107,332,30.47488197,9.470889275,7.231456182,8.636231857,483,22,463,32,505,495
32,1000,30,7.7,28,48,951,26,7,16,49,8.352144023,105,301,30.89435269,9.648055849,7.930828627,8.795952644,490,23,461,26,513,487
33,1000,30,7.7,28,27,953,26,11,10,47,7.803272472,100,297,30.64986955,9.12392949,7.155549887,8.435634048,473,21,480,26,494,506
35,1000,30,7.7,28,22,960,19,14,7,40,7.181727481,84,304,30.34374528,8.702204158,6.856649847,7.500367933,477,18,483,22,495,505
36,1000,30,7.7,28,19,954,25,10,11,46,7.442399887,108,329,30.16800058,9.062759015,6.54734634,8.319729601,481,14,473,32,495,505
38,1000,30,7.7,28,7,946,29,14,11,54,7.375120733,94,319,30.34292166,9.012636633,6.450403597,8.252971114,468,19,478,35,487,513
37,1000,30,7.7,28,14,942,26,14,18,58,7.388895846,88,322,30.14459309,9.142876406,6.456505224,8.26697245,467,18,475,40,485,515
39,1000,30,7.7,28,2,946,30,12,12,54,6.856762232,101,308,30.02339995,8.820738731,6.226233584,7.523617633,494,20,452,34,514,486
34,1000,30,7.7,28,26,946,25,10,19,54,7.953769028,98,307,30.50009496,9.493765667,7.265712347,8.655725844,483,22,463,32,505,495
33,1000,30,7.7,28,28,951,28,11,10,49,7.82261806,96,329,30.6920406,9.12632153,7.154545164,8.474847329,473,21,478,28,494,506
32,1000,30,7.7,28,49,951,26,7,16,49,8.366773869,102,316,30.90642474,9.65861654,7.951761534,8.80394292,490,23,461,26,513,487
35,1000,30,7.7,28,23,960,19,14,7,40,7.219864096,78,312,30.36939059,8.713771423,6.933740306,7.500322069,477,18,483,22,495,505
36,1000,30,7.7,28,20,954,25,10,11,46,7.464509065,101,290,30.17821991,9.076485746,6.59389057,8.31788759,481,14,473,32,495,505
38,1000,30,7.7,28,8,945,30,14,11,55,7.422566027,87,324,30.38651505,9.018598544,6.529979011,8.269914714,469,18,476,37,487,513
37,1000,30,7.7,28,15,944,26,13,17,56,7.41055634,106,308,30.1771273,9.15127468,6.532425198,8.237534212,468,17,476,39,485,515
39,1000,30,7.7,28,3,948,29,11,12,52,6.872787498,99,278,30.04639952,8.818825422,6.262438887,7.518300226,494,20,454,32,514,486
33,1000,30,7.7,28,29,952,28,9,11,48,7.844629509,82,305,30.71786077,9.136282606,7.172538116,8.500781975,473,21,479,27,494,506
34,1000,30,7.7,28,27,946,26,9,19,54,7.997148299,109,336,30.5260812,9.503119874,7.313095001,8.695020856,483,22,463,32,505,495
32,1000,30,7.7,28,50,949,27,8,16,51,8.357932676,91,337,30.93154879,9.674398254,7.954263947,8.783152508,489,24,460,27,513,487
35,1000,30,7.7,28,24,960,19,14,7,40,7.262308917,96,317,30.42311166,8.72328198,6.969518884,7.549301127,477,18,483,22,495,505
36,1000,30,7.7,28,21,952,26,11,11,48,7.463031281,107,298,30.20176454,9.085918652,6.591885738,8.316926418,479,16,473,32,495,505
38,1000,30,7.7,28,9,945,29,15,11,55,7.446793406,103,297,30.40621937,9.043675444,6.548354853,8.299697061,469,18,476,37,487,513
33,1000,30,7.7,28,30,953,28,8,11,47,7.852518109,102,305,30.73928525,9.157129228,7.190636192,8.498703223,473,21,480,26,494,506
39,1000,30,7.7,28,4,948,29,11,12,52,6.878904373,91,319,30.04212696,8.83723269,6.239938134,7.554683482,495,19,453,33,514,486
34,1000,30,7.7,28,28,946,25,9,20,54,8.022277398,98,310,30.53092464,9.527722846,7.349763119,8.708377823,483,22,463,32,505,495
37,1000,30,7.7,28,16,945,25,13,17,55,7.433661692,99,300,30.20128205,9.167073499,6.59432513,8.224104861,468,17,477,38,485,515
35,1000,30,7.7,28,25,960,19,14,7,40,7.277074346,107,311,30.43616827,8.733618441,7.002420798,7.546289209,477,18,483,22,495,505
32,1000,30,7.7,28,51,949,26,9,16,51,8.35703524,100,310,30.97329295,9.678797077,7.961025237,8.77418746,489,24,460,27,513,487
36,1000,30,7.7,28,22,952,26,11,11,48,7.504134707,93,336,30.21271684,9.09358165,6.657951426,8.333561884,479,16,473,32,495,505
33,1000,30,7.7,28,31,953,28,8,11,47,7.880900104,106,309,30.77837644,9.167262803,7.240628873,8.505987037,473,21,480,26,494,506
38,1000,30,7.7,28,10,947,27,15,11,53,7.465771068,103,291,30.43396848,9.064092263,6.550762188,8.334405229,470,17,477,36,487,513
39,1000,30,7.7,28,5,948,29,11,12,52,6.879952279,100,320,30.07038553,8.83426012,6.277561927,7.517048248,494,20,454,32,514,486
34,1000,30,7.7,28,29,947,23,10,20,53,7.997382717,107,326,30.55395613,9.551230483,7.35864078,8.649028532,483,22,464,31,505,495
37,1000,30,7.7,28,17,945,25,13,17,55,7.484267274,101,321,30.22171431,9.175054396,6.650857108,8.269129275,468,17,477,38,485,515
35,1000,30,7.7,28,26,961,19,14,6,39,7.25928875,93,302,30.45585856,8.740270583,6.95867028,7.553954379,478,17,483,22,495,505
32,1000,30,7.7,28,52,949,26,9,16,51,8.372551333,100,313,31.00822181,9.67261097,7.962701356,8.804282419,489,24,460,27,513,487
36,1000,30,7.7,28,23,954,26,9,11,46,7.483346313,108,291,30.23589834,9.109756979,6.644946795,8.305143861,479,16,475,30,495,505
33,1000,30,7.7,28,32,954,27,8,11,46,7.912229336,106,296,30.81380506,9.18143824,7.316558877,8.493773224,473,21,481,25,494,506
38,1000,30,7.7,28,11,946,28,15,11,54,7.458052302,86,309,30.47192071,9.068047775,6.575330983,8.296035309,469,18,477,36,487,513
39,1000,30,7.7,28,6,947,28,13,12,53,6.920160542,89,307,30.09205483,8.874565796,6.326988657,7.54750694,494,20,453,33,514,486
34,1000,30,7.7,28,30,946,24,11,19,54,8.027709077,93,308,30.59881731,9.561023494,7.361082995,8.707802352,483,22,463,32,505,495
37,1000,30,7.7,28,18,946,25,14,15,54,7.500692316,96,320,30.23196391,9.205274769,6.649478611,8.302320756,469,16,477,38,485,515
35,1000,30,7.7,28,27,960,20,14,6,40,7.261437907,89,314,30.47220659,8.756154816,6.97040894,7.546703924,477,18,483,22,495,505
33,1000,30,7.7,28,33,955,27,7,11,45,7.920869093,81,332,30.83235432,9.189650217,7.342524899,8.485497613,473,21,482,24,494,506
36,1000,30,7.7,28,24,955,25,9,11,45,7.521917185,118,310,30.2544859,9.127755375,6.696942565,8.330555675,480,15,475,30,495,505
32,1000,30,7.7,28,53,949,26,9,16,51,8.363089513,105,333,31.02476764,9.693748603,7.952308527,8.795801312,490,23,459,28,513,487
38,1000,30,7.7,28,12,946,28,15,11,54,7.457714374,86,305,30.49269954,9.061998426,6.566163063,8.304079849,469,18,477,36,487,513
34,1000,30,7.7,28,31,946,25,11,18,54,8.031335113,96,322,30.61275291,9.587678385,7.384628329,8.691106682,483,22,463,32,505,495
39,1000,30,7.7,28,7,948,28,12,12,52,6.941069843,81,332,30.10001448,8.876619806,6.352788346,7.563244101,495,19,453,33,514,486
35,1000,30,7.7,28,28,959,21,13,7,41,7.281673824,92,317,30.47244701,8.764792488,7.001463209,7.556335713,476,19,483,22,495,505
37,1000,30,7.7,28,19,946,25,14,15,54,7.538524812,85,322,30.26078024,9.211686519,6.700550376,8.327685203,469,16,477,38,485,515
33,1000,30,7.7,28,34,956,26,7,11,44,7.911378787,83,318,30.84264417,9.19325473,7.301059089,8.5072245,474,20,482,24,494,506
36,1000,30,7.7,28,25,953,26,10,11,47,7.555379685,95,297,30.31734764,9.147693819,6.746425723,8.348314756,478,17,475,30,495,505
32,1000,30,7.7,28,54,947,28,9,16,53,8.397759354,107,322,31.03718711,9.704811373,7.984656258,8.832917237,489,24,458,29,513,487
38,1000,30,7.7,28,13,949,26,13,12,51,7.472849272,102,302,30.50260982,9.060308432,6.602350414,8.29922928,469,18,480,33,487,513
34,1000,30,7.7,28,32,946,26,10,18,54,8.048964669,109,311,30.60834238,9.608022649,7.396407701,8.714704606,484,21,462,33,505,495
39,1000,30,7.7,28,8,950,27,11,12,50,6.963580102,89,324,30.1251242,8.890052689,6.366365116,7.595202536,496,18,454,32,514,486
35,1000,30,7.7,28,29,960,21,12,7,40,7.322396815,95,329,30.49949835,8.763586159,7.021046083,7.617780205,477,18,483,22,495,505
37,1000,30,7.7,28,20,947,23,15,15,53,7.531977796,106,332,30.27286816,9.212785672,6.688746967,8.326088382,469,16,478,37,485,515
33,1000,30,7.7,28,35,956,26,8,10,44,7.892483034,106,290,30.83710365,9.203038556,7.316233044,8.455067016,474,20,482,24,494,506
36,1000,30,7.7,28,26,953,24,12,11,47,7.588780444,91,296,30.33086199,9.168131998,6.779999136,8.38154628,478,17,475,30,495,505
38,1000,30,7.7,28,14,949,26,11,14,51,7.531382927,96,291,30.55084657,9.076333375,6.633589715,8.383673949,469,18,480,33,487,513
35,1000,30,7.7,28,30,964,19,12,5,36,7.312965437,89,297,30.52466085,8.77918521,7.001952262,7.617819936,480,15,484,21,495,505
34,1000,30,7.7,28,33,947,26,9,18,53,8.022551052,93,305,30.64750545,9.628983136,7.339093163,8.719816172,486,19,461,34,505,495
39,1000,30,7.7,28,9,950,28,9,13,50,7.008302894,74,296,30.15271092,8.874662209,6.437350163,7.61215002,496,18,454,32,514,486
32,1000,30,7.7,28,55,945,30,9,16,55,8.40453623,104,308,31.04082072,9.702747302,8.036896862,8.791803161,489,24,456,31,513,487
37,1000,30,7.7,28,21,946,24,15,15,54,7.54926858,100,320,30.29133015,9.230440346,6.699645767,8.349398802,468,17,478,37,485,515
33,1000,30,7.7,28,36,958,25,8,9,42,7.901866139,96,317,30.87129789,9.220292359,7.342429689,8.44803532,475,19,483,23,494,506
36,1000,30,7.7,28,27,953,25,11,11,47,7.643792425,102,335,30.34310282,9.190234891,6.844409476,8.427346008,478,17,475,30,495,505
35,1000,30,7.7,28,31,964,19,12,5,36,7.287528591,70,320,30.51588709,8.802139937,6.990996381,7.578188876,479,16,485,20,495,505
38,1000,30,7.7,28,15,950,25,11,14,50,7.576815718,96,302,30.59553129,9.083644544,6.63747031,8.468552976,470,17,480,33,487,513
34,1000,30,7.7,28,34,945,28,9,18,55,8.099915743,85,327,30.67259117,9.635536524,7.410450133,8.803309952,485,20,460,35,505,495
39,1000,30,7.7,28,10,950,28,9,13,50,7.039108269,75,300,30.15397292,8.891230184,6.472796922,7.638046607,496,18,454,32,514,486
37,1000,30,7.7,28,22,946,26,14,14,54,7.538953043,98,301,30.28998854,9.253972761,6.662735006,8.364129252,470,15,476,39,485,515
32,1000,30,7.7,28,56,946,30,8,16,54,8.452023349,101,310,31.07380819,9.725998211,8.099732031,8.823122827,489,24,457,30,513,487
33,1000,30,7.7,28,37,958,24,9,9,42,7.937954521,101,316,30.87967399,9.241708004,7.377076013,8.485531562,475,19,483,23,494,506
36,1000,30,7.7,28,28,953,24,12,11,47,7.651473482,92,330,30.36100678,9.188342632,6.845690402,8.441300462,478,17,475,30,495,505
35,1000,30,7.7,28,32,963,20,12,5,37,7.312890438,100,332,30.53297543,8.81510308,7.021495146,7.598515527,478,17,485,20,495,505
38,1000,30,7.7,28,16,951,25,11,13,49,7.555407349,94,307,30.59032569,9.090676998,6.625618028,8.438072844,470,17,481,32,487,513
34,1000,30,7.7,28,35,945,28,9,18,55,8.103612675,100,312,30.71730104,9.665274103,7.38782404,8.833861686,485,20,460,35,505,495
39,1000,30,7.7,28,11,950,30,8,12,50,7.072554807,87,295,30.18803442,8.906725553,6.518149176,7.658901503,496,18,454,32,514,486
37,1000,30,7.7,28,23,947,24,14,15,53,7.576756639,91,308,30.3065018,9.253859655,6.726708923,8.377287013,470,15,477,38,485,515
33,1000,30,7.7,28,38,957,25,9,9,43,7.991023734,94,320,30.89409206,9.262168872,7.439327218,8.529636537,473,21,484,22,494,506
32,1000,30,7.7,28,57,946,29,9,16,54,8.464507687,99,313,31.11284094,9.749012018,8.104876611,8.843338779,489,24,457,30,513,487
36,1000,30,7.7,28,29,954,23,11,12,46,7.665025909,103,323,30.36504953,9.18567224,6.850974322,8.462957662,479,16,475,30,495,505
35,1000,30,7.7,28,33,964,20,11,5,36,7.320485488,104,315,30.54913965,8.82156847,7.074009274,7.562080984,478,17,486,19,495,505
34,1000,30,7.7,28,36,946,26,9,19,54,8.110863341,109,344,30.71480817,9.684687826,7.431270491,8.804185339,485,20,461,34,505,495
39,1000,30,7.7,28,12,951,29,8,12,49,7.122933033,88,286,30.20334503,8.91120543,6.587080524,7.689657702,496,18,455,31,514,486
38,1000,30,7.7,28,17,951,25,11,13,49,7.594171625,89,300,30.59577659,9.103395974,6.669618013,8.47186677,470,17,481,32,487,513
33,1000,30,7.7,28,39,956,27,9,8,44,7.984589587,105,322,30.92841323,9.256894079,7.462465559,8.494331227,472,22,484,22,494,506
37,1000,30,7.7,28,24,947,24,14,15,53,7.608731116,107,306,30.33611439,9.271205914,6.760510397,8.407540919,470,15,477,38,485,515
32,1000,30,7.7,28,58,945,30,9,16,55,8.482786767,102,342,31.09106144,9.780714159,8.11722295,8.867867338,489,24,456,31,513,487
35,1000,30,7.7,28,34,964,20,11,5,36,7.335885565,109,323,30.57513551,8.833012387,7.070521918,7.595994486,478,17,486,19,495,505
36,1000,30,7.7,28,30,954,23,11,12,46,7.687538858,93,296,30.37893437,9.184157813,6.863252656,8.495502561,478,17,476,29,495,505
34,1000,30,7.7,28,37,949,25,8,18,51,8.150739326,116,309,30.71655996,9.686034142,7.47514721,8.839979768,486,19,463,32,505,495
39,1000,30,7.7,28,13,949,31,8,12,51,7.157691257,108,286,30.23245018,8.928456557,6.640099046,7.705103597,495,19,454,32,514,486
33,1000,30,7.7,28,40,955,28,10,7,45,8.004321882,116,329,30.95090809,9.28730922,7.473762182,8.522299139,471,23,484,22,494,506
38,1000,30,7.7,28,18,953,25,8,14,47,7.607149476,95,279,30.59998499,9.11731119,6.696244989,8.471887264,471,16,482,31,487,513
37,1000,30,7.7,28,25,948,22,15,15,52,7.655264255,81,325,30.34466385,9.284128268,6.817644444,8.44409068,470,15,478,37,485,515
35,1000,30,7.7,28,35,964,20,11,5,36,7.349292166,90,292,30.58000962,8.850800213,7.100845238,7.592819353,478,17,486,19,495,505
36,1000,30,7.7,28,31,953,24,11,12,47,7.711405997,94,309,30.39247709,9.187728734,6.866969583,8.539120899,478,17,475,30,495,505
32,1000,30,7.7,28,59,942,32,10,16,58,8.553233891,91,309,31.09860548,9.810845482,8.220287287,8.903955878,486,27,456,31,513,487
34,1000,30,7.7,28,38,950,24,8,18,50,8.161372671,113,317,30.72747005,9.714222222,7.443753282,8.893489422,487,18,463,32,505,495
33,1000,30,7.7,28,41,955,29,9,7,45,8.009342954,91,296,30.97476727,9.311564005,7.487042317,8.519257016,470,24,485,21,494,506
39,1000,30,7.7,28,14,947,32,9,12,53,7.209605589,99,307,30.2537664,8.959609599,6.679976779,7.769747992,495,19,452,34,514,486
38,1000,30,7.7,28,19,952,26,8,14,48,7.618895202,93,319,30.61904293,9.130914632,6.710075266,8.481654088,471,16,481,32,487,513
37,1000,30,7.7,28,26,950,21,14,15,50,7.674934851,92,311,30.35856742,9.275337529,6.898382204,8.406251421,470,15,480,35,485,515
35,1000,30,7.7,28,36,963,22,10,5,37,7.366034644,86,286,30.56991765,8.856604227,7.061723871,7.664319462,479,16,484,21,495,505
36,1000,30,7.7,28,32,953,24,11,12,47,7.714835236,100,344,30.3956345,9.181768399,6.867411585,8.545478221,477,18,476,29,495,505
33,1000,30,7.7,28,42,957,29,8,6,43,7.999378973,103,298,30.99542311,9.334127402,7.510747708,8.476422146,471,23,486,20,494,506
32,1000,30,7.7,28,60,942,33,9,16,58,8.547782402,117,321,31.10812674,9.828029609,8.208713729,8.904953305,485,28,457,30,513,487
34,1000,30,7.7,28,39,950,24,9,17,50,8.159351703,97,325,30.74818168,9.73608775,7.442553195,8.890630988,487,18,463,32,505,495
39,1000,30,7.7,28,15,949,30,9,12,51,7.243542608,82,296,30.28713545,8.952903273,6.737025241,7.779242046,495,19,454,32,514,486
38,1000,30,7.7,28,20,953,26,7,14,47,7.663658211,99,280,30.63222266,9.131777926,6.744507882,8.536223922,472,15,481,32,487,513
37,1000,30,7.7,28,27,948,23,14,15,52,7.71253399,90,315,30.40151324,9.283586059,6.910479467,8.46786689,470,15,478,37,485,515
35,1000,30,7.7,28,37,963,22,10,5,37,7.414911485,91,299,30.60227144,8.859322641,7.113435702,7.710417452,479,16,484,21,495,505
36,1000,30,7.7,28,33,954,24,11,11,46,7.72551499,103,315,30.40994726,9.201487941,6.80345175,8.629319551,478,17,476,29,495,505
33,1000,30,7.7,28,43,956,28,10,6,44,8.046804428,87,325,31.01380123,9.377743833,7.543536882,8.538136776,470,24,486,20,494,506
34,1000,30,7.7,28,40,950,24,9,17,50,8.174027877,90,322,30.75829135,9.772403353,7.465858549,8.896503656,487,18,463,32,505,495
39,1000,30,7.7,28,16,951,30,7,12,49,7.265309579,84,316,30.28345811,8.967622163,6.799801417,7.757637142,496,18,455,31,514,486
32,1000,30,7.7,28,61,942,33,9,16,58,8.567550304,101,366,31.15838822,9.851905728,8.195766467,8.959182971,485,28,457,30,513,487
38,1000,30,7.7,28,21,955,24,7,14,45,7.694742528,88,303,30.65198581,9.148379303,6.791334192,8.552364086,472,15,483,30,487,513
35,1000,30,7.7,28,38,963,22,10,5,37,7.447430976,88,331,30.63273344,8.875185214,7.174591781,7.714867416,479,16,484,21,495,505
37,1000,30,7.7,28,28,948,24,14,14,52,7.711460279,106,321,30.41220929,9.319678198,6.913053863,8.463357584,470,15,478,37,485,515
33,1000,30,7.7,28,44,956,28,9,7,44,8.045915071,99,343,31.03281861,9.366793247,7.516089996,8.563175125,471,23,485,21,494,506
36,1000,30,7.7,28,34,954,24,11,11,46,7.740626404,101,296,30.42202482,9.209211656,6.820006731,8.643015984,478,17,476,29,495,505
34,1000,30,7.7,28,41,950,24,9,17,50,8.193446026,110,291,30.76197073,9.776009038,7.506073771,8.894704589,487,18,463,32,505,495
39,1000,30,7.7,28,17,952,29,7,12,48,7.26932667,82,312,30.28939713,8.964813857,6.841453799,7.721850653,495,19,457,29,514,486
38,1000,30,7.7,28,22,954,25,8,13,46,7.715426452,102,296,30.66889438,9.149918912,6.878288452,8.510136405,472,15,482,31,487,513
35,1000,30,7.7,28,39,963,23,10,4,37,7.500461489,95,308,30.6466938,8.881836951,7.202943047,7.792088478,479,16,484,21,495,505
32,1000,30,7.7,28,62,941,35,8,16,59,8.580058747,121,314,31.1782784,9.864758258,8.233575916,8.945039635,483,30,458,29,513,487
37,1000,30,7.7,28,29,951,23,13,13,49,7.715396231,98,308,30.42984002,9.335964099,6.969676208,8.417676253,470,15,481,34,485,515
33,1000,30,7.7,28,45,955,29,9,7,45,8.090574564,107,340,31.04209886,9.38595411,7.5598904,8.608673333,470,24,485,21,494,506
36,1000,30,7.7,28,35,954,24,11,11,46,7.733112671,93,304,30.41720663,9.236229502,6.812550878,8.635445517,478,17,476,29,495,505
34,1000,30,7.7,28,42,949,25,9,17,51,8.206033582,97,304,30.77816449,9.768980518,7.524536992,8.90129778,486,19,463,32,505,495
39,1000,30,7.7,28,18,952,27,9,12,48,7.258610171,96,316,30.30029042,8.966032654,6.846214572,7.694765188,495,19,457,29,514,486
35,1000,30,7.7,28,40,965,21,10,4,35,7.49602632,97,288,30.67579215,8.885302466,7.215841204,7.770663216,480,15,485,20,495,505
38,1000,30,7.7,28,23,957,23,8,12,43,7.712001485,104,320,30.72630493,9.156597961,6.881768153,8.500156715,474,13,483,30,487,513
37,1000,30,7.7,28,30,950,25,13,12,50,7.727103836,95,307,30.44861616,9.336775531,6.997080322,8.414601708,470,15,480,35,485,515
32,1000,30,7.7,28,63,939,36,8,17,61,8.598223176,102,344,31.19636214,9.882978217,8.235014626,8.980822736,483,30,456,31,513,487
33,1000,30,7.7,28,46,956,28,8,8,44,8.106303491,108,309,31.05001174,9.387449493,7.59923962,8.601342132,471,23,485,21,494,506
36,1000,30,7.7,28,36,953,26,10,11,47,7.75350313,91,296,30.43326141,9.231818371,6.828286899,8.660398247,479,16,474,31,495,505
34,1000,30,7.7,28,43,949,25,9,17,51,8.220433293,100,305,30.77424623,9.780440505,7.558593975,8.895643101,486,19,463,32,505,495
35,1000,30,7.7,28,41,966,21,9,4,34,7.515883203,93,335,30.67994611,8.900320451,7.262215824,7.764527465,480,15,486,19,495,505
39,1000,30,7.7,28,19,952,27,9,12,48,7.294088422,102,305,30.30616977,8.975153937,6.893535034,7.717718959,495,19,457,29,514,486
38,1000,30,7.7,28,24,958,23,8,11,42,7.710687695,107,300,30.74965603,9.164367041,6.946641617,8.436010189,474,13,484,29,487,513
37,1000,30,7.7,28,31,950,25,13,12,50,7.7294185,97,303,30.46880682,9.361660699,6.995205115,8.420862173,471,14,479,36,485,515
33,1000,30,7.7,28,47,957,28,7,8,43,8.111831363,105,334,31.07437048,9.388861357,7.660696722,8.552267158,472,22,485,21,494,506
32,1000,30,7.7,28,64,939,37,7,17,61,8.594149094,103,303,31.20148443,9.877134491,8.267855842,8.93786252,483,30,456,31,513,487
36,1000,30,7.7,28,37,953,25,11,11,47,7.738168778,99,308,30.43176148,9.242644255,6.818325479,8.639797358,479,16,474,31,495,505
35,1000,30,7.7,28,42,965,22,9,4,35,7.514108985,96,328,30.69413622,8.913918729,7.278027935,7.745515162,480,15,485,20,495,505
34,1000,30,7.7,28,44,949,25,9,17,51,8.21954203,100,307,30.77606328,9.791515301,7.558866395,8.893564648,486,19,463,32,505,495
39,1000,30,7.7,28,20,951,29,9,11,49,7.329960615,91,312,30.31567729,8.993869588,6.932696443,7.750112435,494,20,457,29,514,486
38,1000,30,7.7,28,25,959,22,8,11,41,7.722157928,88,302,30.75510317,9.152493301,6.993558152,8.413830621,474,13,485,28,487,513
33,1000,30,7.7,28,48,957,28,7,8,43,8.135305156,96,329,31.10515331,9.410156127,7.672837107,8.586805583,472,22,485,21,494,506
37,1000,30,7.7,28,32,951,25,12,12,49,7.75509916,91,319,30.48754652,9.377118349,7.021515291,8.445949988,472,13,479,36,485,515
36,1000,30,7.7,28,38,952,25,12,11,48,7.780501065,116,312,30.46260818,9.253946217,6.865291121,8.67758804,478,17,474,31,495,505
32,1000,30,7.7,28,65,939,37,7,17,61,8.59223094,110,335,31.1977836,9.867801644,8.278655716,8.922547347,483,30,456,31,513,487
35,1000,30,7.7,28,43,964,23,9,4,36,7.530204747,76,308,30.71686389,8.940988862,7.31747523,7.7387218,479,16,485,20,495,505
34,1000,30,7.7,28,45,948,27,8,17,52,8.280896808,93,327,30.80162554,9.805241508,7.583426585,8.992457338,486,19,462,33,505,495
39,1000,30,7.7,28,21,950,28,10,12,50,7.391069671,99,315,30.33670438,8.975935842,6.977254611,7.828725928,494,20,456,30,514,486
38,1000,30,7.7,28,26,957,24,8,11,43,7.771645467,100,302,30.77554742,9.161515512,7.027269709,8.478294579,473,14,484,29,487,513
33,1000,30,7.7,28,49,958,26,7,9,42,8.176339611,100,306,31.11327068,9.430476344,7.708585234,8.633000999,473,21,485,21,494,506
37,1000,30,7.7,28,33,952,26,11,11,48,7.761021812,103,316,30.53901499,9.405461896,7.041899349,8.438253646,472,13,480,35,485,515
36,1000,30,7.7,28,39,953,24,12,11,47,7.813820435,96,304,30.48278792,9.259653747,6.898698204,8.710821434,479,16,474,31,495,505
35,1000,30,7.7,28,44,963,23,10,4,37,7.557080488,100,294,30.70619343,8.949829152,7.339676757,7.770179193,479,16,484,21,495,505
32,1000,30,7.7,28,66,937,39,6,18,63,8.611438544,103,308,31.24288003,9.872217624,8.307488625,8.931615768,482,31,455,32,513,487
34,1000,30,7.7,28,46,947,28,9,16,53,8.302707984,101,316,30.83240802,9.803803353,7.622242712,8.99692003,486,19,461,34,505,495
39,1000,30,7.7,28,22,949,29,9,13,51,7.415904592,108,297,30.37778079,9.007273922,7.020222051,7.834383657,493,21,456,30,514,486
38,1000,30,7.7,28,27,957,24,8,11,43,7.788552452,89,321,30.76315849,9.174714023,6.985231527,8.551159256,473,14,484,29,487,513
33,1000,30,7.7,28,50,959,26,7,8,41,8.212162333,108,294,31.13590137,9.445353154,7.756790647,8.656734691,472,22,487,19,494,506
37,1000,30,7.7,28,34,951,28,10,11,49,7.79809169,92,311,30.56372072,9.407677993,7.094252389,8.460930644,472,13,479,36,485,515
36,1000,30,7.7,28,40,951,26,12,11,49,7.826276177,110,306,30.49774489,9.27992968,6.905045542,8.729264621,478,17,473,32,495,505
35,1000,30,7.7,28,45,963,23,10,4,37,7.582508873,103,310,30.7178217,8.934407757,7.393083606,7.768183144,479,16,484,21,495,505
34,1000,30,7.7,28,47,946,29,9,16,54,8.32404524,112,291,30.84150369,9.801051192,7.657959817,9.003586935,486,19,460,35,505,495
32,1000,30,7.7,28,67,935,41,6,18,65,8.604821352,108,302,31.24756079,9.877217493,8.325423821,8.899135384,481,32,454,33,513,487
33,1000,30,7.7,28,51,959,27,7,7,41,8.2037245,91,324,31.17027159,9.462829634,7.781847891,8.615596129,472,22,487,19,494,506
39,1000,30,7.7,28,23,950,28,9,13,50,7.426860748,98,307,30.39948907,9.009710812,7.057714323,7.81727487,494,20,456,30,514,486
38,1000,30,7.7,28,28,957,24,8,11,43,7.798795854,104,327,30.81104818,9.19781105,6.948410876,8.606081398,473,14,484,29,487,513
37,1000,30,7.7,28,35,951,28,10,11,49,7.832600211,95,330,30.57148244,9.429852081,7.127867194,8.496280819,471,14,480,35,485,515
35,1000,30,7.7,28,46,964,22,10,4,36,7.595505141,107,317,30.743375,8.944759584,7.375559903,7.811095027,479,16,485,20,495,505
36,1000,30,7.7,28,41,951,26,12,11,49,7.848233305,94,325,30.53526509,9.274038314,6.906325443,8.771489526,477,18,474,31,495,505
34,1000,30,7.7,28,48,946,29,9,16,54,8.372224006,125,305,30.84420647,9.800126574,7.690175375,9.068051396,486,19,460,35,505,495
33,1000,30,7.7,28,52,959,27,7,7,41,8.224809872,95,319,31.18944675,9.481455846,7.807121037,8.632593042,472,22,487,19,494,506
39,1000,30,7.7,28,24,949,28,10,13,51,7.492117436,95,327,30.41383705,9.017119119,7.115036786,7.890922897,494,20,455,31,514,486
38,1000,30,7.7,28,29,957,25,7,11,43,7.804927044,97,320,30.82581812,9.207010945,6.996490525,8.572390172,473,14,484,29,487,513
32,1000,30,7.7,28,68,935,40,7,18,65,8.617829701,105,326,31.26675945,9.876146267,8.333605301,8.917228299,481,32,454,33,513,487
37,1000,30,7.7,28,36,951,28,10,11,49,7.905013815,125,293,30.58503178,9.429030121,7.213130064,8.556593659,471,14,480,35,485,515
35,1000,30,7.7,28,47,964,22,9,5,36,7.618663323,98,282,30.75340574,8.939078352,7.416837486,7.816492609,479,16,485,20,495,505
36,1000,30,7.7,28,42,950,28,11,11,50,7.85424483,104,320,30.56877422,9.267074616,6.945514237,8.744980758,476,19,474,31,495,505
33,1000,30,7.7,28,53,960,26,7,7,40,8.24425222,117,301,31.22190602,9.481238303,7.849646742,8.629499466,473,21,487,19,494,506
34,1000,30,7.7,28,49,947,28,8,17,53,8.387866537,88,300,30.85981428,9.807368004,7.704925352,9.084604513,486,19,461,34,505,495
39,1000,30,7.7,28,25,952,26,9,13,48,7.504107978,104,303,30.43610655,9.034499575,7.10053005,7.930937309,496,18,456,30,514,486
38,1000,30,7.7,28,30,957,25,7,11,43,7.852721422,94,309,30.84688985,9.21190992,7.037750908,8.626387387,473,14,484,29,487,513
32,1000,30,7.7,28,69,934,41,7,18,66,8.608627807,94,328,31.29882684,9.875309746,8.345175961,8.886144845,480,33,454,33,513,487
37,1000,30,7.7,28,37,951,28,10,11,49,7.926248651,93,307,30.59927813,9.443586626,7.253106985,8.560178182,471,14,480,35,485,515
35,1000,30,7.7,28,48,962,24,9,5,38,7.643770387,93,300,30.77362,8.929031668,7.459604933,7.824289,479,16,483,22,495,505
36,1000,30,7.7,28,43,950,28,11,11,50,7.855051965,108,291,30.60318988,9.281363523,6.92433648,8.767337439,476,19,474,31,495,505
33,1000,30,7.7,28,54,960,26,7,7,40,8.275739467,95,332,31.25041299,9.48574225,7.866165086,8.675600621,473,21,487,19,494,506
34,1000,30,7.7,28,50,948,28,8,16,52,8.39276118,105,295,30.85394311,9.84470791,7.723415501,9.075628993,486,19,462,33,505,495
39,1000,30,7.7,28,26,951,27,9,13,49,7.524003485,100,314,30.48361005,9.024540262,7.129778471,7.940941051,495,19,456,30,514,486
38,1000,30,7.7,28,31,958,24,7,11,42,7.826938177,88,305,30.86011792,9.20640757,6.996692068,8.615105535,474,13,484,29,487,513
37,1000,30,7.7,28,38,951,28,10,11,49,7.941067469,94,340,30.61043649,9.467738528,7.267694357,8.575214962,471,14,480,35,485,515
35,1000,30,7.7,28,49,959,27,9,5,41,7.663121841,92,304,30.82471329,8.921612521,7.475055716,7.847463885,477,18,482,23,495,505
32,1000,30,7.7,28,70,934,40,7,19,66,8.628238403,114,330,31.32164315,9.881037707,8.393294784,8.875725213,480,33,454,33,513,487
33,1000,30,7.7,28,55,960,26,7,7,40,8.342586985,104,309,31.26831986,9.524150834,7.917545578,8.757548359,473,21,487,19,494,506
36,1000,30,7.7,28,44,950,29,11,10,50,7.92218306,88,312,30.62170285,9.293103762,7.004299586,8.821890624,476,19,474,31,495,505
34,1000,30,7.7,28,51,948,28,8,16,52,8.415491981,89,305,30.89106102,9.852866733,7.772943393,9.071021348,486,19,462,33,505,495
39,1000,30,7.7,28,27,951,26,10,13,49,7.539630512,93,305,30.51731405,9.048305637,7.137852374,7.964556361,495,19,456,30,514,486
38,1000,30,7.7,28,32,957,25,7,11,43,7.854919712,105,332,30.86500357,9.220528966,7.039636614,8.628882418,474,13,483,30,487,513
35,1000,30,7.7,28,50,959,27,9,5,41,7.689632084,89,307,30.8617203,8.958636088,7.518197392,7.85767203,477,18,482,23,495,505
37,1000,30,7.7,28,39,954,26,9,11,46,7.914588471,96,295,30.63397923,9.49038938,7.241024657,8.548915558,472,13,482,33,485,515
33,1000,30,7.7,28,56,960,26,7,7,40,8.370379897,111,329,31.29074717,9.515739577,7.968632079,8.762600099,473,21,487,19,494,506
32,1000,30,7.7,28,71,934,39,7,20,66,8.651303512,97,301,31.33888779,9.899354794,8.391886187,8.924570632,480,33,454,33,513,487
36,1000,30,7.7,28,45,950,29,11,10,50,7.958767273,107,341,30.63557184,9.31343218,7.046297567,8.853168273,476,19,474,31,495,505
34,1000,30,7.7,28,52,949,27,9,15,51,8.430651441,105,350,30.89219492,9.891131085,7.816135423,9.057581925,487,18,462,33,505,495
39,1000,30,7.7,28,28,951,26,9,14,49,7.559467861,84,295,30.55188051,9.061004978,7.173010287,7.968190481,495,19,456,30,514,486
38,1000,30,7.7,28,33,956,24,9,11,44,7.883235381,88,320,30.88832181,9.225944301,7.052893716,8.671493453,473,14,483,30,487,513
35,1000,30,7.7,28,51,960,25,10,5,40,7.716962776,88,295,30.87549316,8.993298888,7.556516206,7.874232186,477,18,483,22,495,505
37,1000,30,7.7,28,40,954,26,9,11,46,7.942013743,104,314,30.65286478,9.496366414,7.289865137,8.55617311,472,13,482,33,485,515
33,1000,30,7.7,28,57,960,26,7,7,40,8.366207551,94,321,31.3075885,9.501998136,7.968013408,8.754958355,473,21,487,19,494,506
36,1000,30,7.7,28,46,950,29,11,10,50,7.980962964,109,320,30.65052788,9.319394497,7.085252852,8.858936242,476,19,474,31,495,505
32,1000,30,7.7,28,72,932,40,8,20,68,8.681587848,92,319,31.36933516,9.893890396,8.438348414,8.937813372,478,35,454,33,513,487
34,1000,30,7.7,28,53,949,28,9,14,51,8.466855077,100,314,30.90651493,9.905797452,7.867268804,9.078554203,487,18,462,33,505,495
39,1000,30,7.7,28,29,952,24,10,14,48,7.578579948,103,345,30.55850311,9.073602833,7.189969527,7.989579446,495,19,457,29,514,486
35,1000,30,7.7,28,52,960,25,10,5,40,7.760309691,102,310,30.88815043,8.995945647,7.611264126,7.906403859,477,18,483,22,495,505
38,1000,30,7.7,28,34,956,24,9,11,44,7.868020968,118,304,30.9072938,9.229309969,7.043022315,8.651206823,473,14,483,30,487,513
33,1000,30,7.7,28,58,960,26,7,7,40,8.398308826,93,339,31.3216112,9.536828475,8.024191527,8.763553777,473,21,487,19,494,506
37,1000,30,7.7,28,41,956,25,8,11,44,7.93458266,100,302,30.67739357,9.521178086,7.28076185,8.550316821,472,13,484,31,485,515
36,1000,30,7.7,28,47,950,29,11,10,50,8.018263173,80,295,30.64515924,9.316713282,7.10620096,8.912264748,476,19,474,31,495,505
34,1000,30,7.7,28,54,949,28,9,14,51,8.471275735,118,345,30.9474243,9.924604159,7.868246488,9.086487391,487,18,462,33,505,495
32,1000,30,7.7,28,73,933,39,8,20,67,8.681849215,106,304,31.39697088,9.904092903,8.49774047,8.875787174,478,35,455,32,513,487
35,1000,30,7.7,28,53,960,26,9,5,40,7.765725097,108,303,30.91085176,8.995109292,7.643103711,7.885918337,476,19,484,21,495,505
39,1000,30,7.7,28,30,952,24,10,14,48,7.603643456,91,280,30.57749899,9.095445855,7.233927496,7.994659923,495,19,457,29,514,486
38,1000,30,7.7,28,35,956,24,7,13,44,7.89087267,101,300,30.91155728,9.238336637,7.061328807,8.678373374,473,14,483,30,487,513
33,1000,30,7.7,28,59,958,28,7,7,42,8.439821089,108,329,31.36660854,9.543902276,8.084480995,8.786734146,472,22,486,20,494,506
37,1000,30,7.7,28,42,956,25,8,11,44,7.922504975,105,304,30.68079473,9.524945076,7.286236887,8.521708903,472,13,484,31,485,515
36,1000,30,7.7,28,48,951,28,11,10,49,8.023865528,95,315,30.65331598,9.3214293,7.136871239,8.893295573,476,19,475,30,495,505
34,1000,30,7.7,28,55,949,26,11,14,51,8.502838271,101,305,30.96469687,9.923138135,7.916153092,9.101375677,486,19,463,32,505,495
35,1000,30,7.7,28,54,961,25,9,5,39,7.827443076,91,297,30.93745724,9.019487872,7.736367163,7.916715506,477,18,484,21,495,505
39,1000,30,7.7,28,31,950,26,10,14,50,7.656300063,96,297,30.59008622,9.112443227,7.300904493,8.032171098,494,20,456,30,514,486
32,1000,30,7.7,28,74,933,37,11,19,67,8.681469524,104,321,31.4175953,9.90376431,8.451871596,8.923325246,478,35,455,32,513,487
33,1000,30,7.7,28,60,958,28,7,7,42,8.43038821,110,324,31.37554482,9.564722089,8.073698584,8.778618793,472,22,486,20,494,506
38,1000,30,7.7,28,36,956,25,7,12,44,7.896950581,94,335,30.93008355,9.245901302,7.082099819,8.670502864,473,14,483,30,487,513
37,1000,30,7.7,28,43,956,25,9,10,44,7.925531948,117,299,30.69832713,9.549411092,7.319922252,8.495863409,472,13,484,31,485,515
36,1000,30,7.7,28,49,950,29,11,10,50,8.058008705,101,319,30.66990367,9.319091913,7.158785107,8.939425896,476,19,474,31,495,505
34,1000,30,7.7,28,56,949,26,11,14,51,8.532840156,115,300,30.9692155,9.938621065,7.979696043,9.097158896,486,19,463,32,505,495
35,1000,30,7.7,28,55,961,26,8,5,39,7.838709852,110,320,30.95999015,9.020539293,7.774372574,7.901773125,476,19,485,20,495,505
39,1000,30,7.7,28,32,949,27,10,14,51,7.682528842,93,312,30.60251591,9.127338857,7.317343593,8.06875357,494,20,455,31,514,486
33,1000,30,7.7,28,61,958,28,7,7,42,8.475096646,106,312,31.40134822,9.563008256,8.133847688,8.808252744,472,22,486,20,494,506
38,1000,30,7.7,28,37,954,27,7,12,46,7.924099934,97,293,30.95255108,9.247735764,7.135418939,8.672808792,471,16,483,30,487,513
32,1000,30,7.7,28,75,935,36,11,18,65,8.716280152,119,322,31.40542345,9.902046034,8.477275633,8.968044667,479,34,456,31,513,487
37,1000,30,7.7,28,44,956,25,9,10,44,7.942258967,98,320,30.72011354,9.558436024,7.319559822,8.528684377,472,13,484,31,485,515
36,1000,30,7.7,28,50,950,27,13,10,50,8.096888349,97,320,30.705518,9.331945526,7.206014236,8.97012139,476,19,474,31,495,505
35,1000,30,7.7,28,56,961,26,8,5,39,7.853331366,100,323,30.94875557,9.026977541,7.788657032,7.91672502,476,19,485,20,495,505
34,1000,30,7.7,28,57,950,26,11,13,50,8.528223842,118,307,31.00120863,9.950286579,7.985565605,9.081844872,487,18,463,32,505,495
33,1000,30,7.7,28,62,957,29,7,7,43,8.472719929,101,303,31.42448401,9.575112385,8.127878352,8.809383446,471,23,486,20,494,506
39,1000,30,7.7,28,33,950,26,10,14,50,7.701322015,95,311,30.63061085,9.155838743,7.319724008,8.104905093,495,19,455,31,514,486
38,1000,30,7.7,28,38,954,27,7,12,46,7.966353753,80,333,30.97045883,9.265283385,7.181878063,8.711070441,471,16,483,30,487,513
32,1000,30,7.7,28,76,934,37,11,18,66,8.715104421,96,315,31.40747614,9.914048092,8.468712892,8.974650324,479,34,455,32,513,487
37,1000,30,7.7,28,45,956,25,9,10,44,7.966002562,85,294,30.74828961,9.577895615,7.34595187,8.549933796,472,13,484,31,485,515
35,1000,30,7.7,28,57,961,26,8,5,39,7.860397834,98,319,30.95948997,9.027505649,7.818007628,7.90194863,476,19,485,20,495,505
36,1000,30,7.7,28,51,950,26,14,10,50,8.124328215,102,301,30.72083832,9.347066459,7.232490674,8.998505607,476,19,474,31,495,505
34,1000,30,7.7,28,58,949,26,12,13,51,8.554285167,110,330,31.0329183,9.951972535,8.008564616,9.111030374,486,19,463,32,505,495
33,1000,30,7.7,28,63,958,28,7,7,42,8.431494818,109,295,31.45321484,9.589215629,8.078574829,8.776045163,472,22,486,20,494,506
39,1000,30,7.7,28,34,951,25,10,14,49,7.707612763,93,314,30.63863763,9.18055829,7.340364224,8.096019655,495,19,456,30,514,486
38,1000,30,7.7,28,39,953,28,7,12,47,7.984983645,128,310,30.98170448,9.269878321,7.196293066,8.733701603,471,16,482,31,487,513
37,1000,30,7.7,28,46,956,25,8,11,44,7.993623043,100,315,30.77694799,9.590271128,7.341701879,8.607568218,472,13,484,31,485,515
32,1000,30,7.7,28,77,932,39,11,18,68,8.762433554,105,324,31.42976346,9.904881618,8.560005903,8.97566843,477,36,455,32,513,487
35,1000,30,7.7,28,58,960,26,9,5,40,7.89727004,111,307,30.97350718,9.022634435,7.818819274,7.974167326,476,19,484,21,495,505
36,1000,30,7.7,28,52,950,26,14,10,50,8.131304345,94,326,30.72587587,9.346079037,7.239389192,9.005557813,476,19,474,31,495,505
33,1000,30,7.7,28,64,957,28,8,7,43,8.467956337,106,332,31.46515352,9.574403368,8.08215426,8.844608957,472,22,485,21,494,506
34,1000,30,7.7,28,59,948,27,12,13,52,8.585651765,106,317,31.04579184,9.953244639,8.015681071,9.167137019,486,19,462,33,505,495
39,1000,30,7.7,28,35,950,26,10,14,50,7.755532627,108,297,30.65698016,9.201607792,7.388477158,8.143735325,494,20,456,30,514,486
38,1000,30,7.7,28,40,955,27,7,11,45,7.979561884,100,299,31.01670237,9.299366551,7.223285705,8.697508277,471,16,484,29,487,513
37,1000,30,7.7,28,47,956,25,8,11,44,8.009032278,109,301,30.81756505,9.602479479,7.335663959,8.643175259,472,13,484,31,485,515
35,1000,30,7.7,28,59,961,25,9,5,39,7.938896849,87,332,30.98323237,9.025307253,7.839544532,8.036281793,477,18,484,21,495,505
33,1000,30,7.7,28,65,956,29,8,7,44,8.500165088,93,311,31.50291308,9.598963562,8.121832157,8.869525696,471,23,485,21,494,506
36,1000,30,7.7,28,53,952,25,13,10,48,8.154861982,90,322,30.74547092,9.361693859,7.276776686,9.015559451,476,19,476,29,495,505
32,1000,30,7.7,28,78,932,39,11,18,68,8.781202275,104,321,31.480178,9.90735014,8.592270487,8.980220771,477,36,455,32,513,487
34,1000,30,7.7,28,60,947,28,12,13,53,8.584136156,108,315,31.07831069,9.954576299,8.00691526,9.17301808,486,19,461,34,505,495
39,1000,30,7.7,28,36,950,25,11,14,50,7.771835334,107,305,30.68589736,9.20761562,7.400046784,8.165043801,494,20,456,30,514,486
38,1000,30,7.7,28,41,955,27,7,11,45,8.004335622,98,305,31.0375692,9.299913594,7.248371765,8.721985521,471,16,484,29,487,513
37,1000,30,7.7,28,48,956,25,8,11,44,8.032799512,95,308,30.84267846,9.620364801,7.357250898,8.668995781,472,13,484,31,485,515
35,1000,30,7.7,28,60,961,26,9,4,39,7.937130975,95,324,30.9880132,9.036487514,7.828327832,8.043779599,477,18,484,21,495,505
33,1000,30,7.7,28,66,957,26,9,8,43,8.528248025,100,298,31.52189643,9.61209896,8.169711112,8.878282087,472,22,485,21,494,506
36,1000,30,7.7,28,54,951,26,13,10,49,8.209580825,107,308,30.7562865,9.374255351,7.347756361,9.054339459,475,20,476,29,495,505
34,1000,30,7.7,28,61,947,28,12,13,53,8.583704392,119,296,31.09132017,9.972188315,8.015520196,9.163367057,485,20,462,33,505,495
32,1000,30,7.7,28,79,932,37,13,18,68,8.80808438,99,323,31.51339798,9.906539162,8.617608359,9.008729552,477,36,455,32,513,487
39,1000,30,7.7,28,37,946,28,10,16,54,7.813526815,102,331,30.69529225,9.205442059,7.410699335,8.239562462,493,21,453,33,514,486
38,1000,30,7.7,28,42,955,26,8,11,45,8.019393882,84,319,31.05355824,9.303232716,7.271585372,8.729301766,471,16,484,29,487,513
35,1000,30,7.7,28,61,961,25,10,4,39,7.955614039,94,314,30.99062232,9.059599488,7.873982201,8.035629404,476,19,485,20,495,505
33,1000,30,7.7,28,67,955,28,9,8,45,8.518547071,107,306,31.52132817,9.606963927,8.189936241,8.83936476,471,23,484,22,494,506
37,1000,30,7.7,28,49,956,25,8,11,44,8.0872961,107,307,30.85265196,9.613766872,7.392748614,8.74138451,473,12,483,32,485,515
36,1000,30,7.7,28,55,951,26,13,10,49,8.231606308,105,328,30.77999934,9.364250843,7.403582114,9.043233984,475,20,476,29,495,505
34,1000,30,7.7,28,62,947,29,11,13,53,8.60459896,109,328,31.10180042,9.991221116,8.005500014,9.215800914,485,20,462,33,505,495
39,1000,30,7.7,28,38,945,29,10,16,55,7.837043177,109,300,30.70211721,9.251285314,7.409250044,8.289482827,492,22,453,33,514,486
32,1000,30,7.7,28,80,929,39,13,19,71,8.87147936,93,329,31.54818857,9.907582025,8.692366364,9.060154856,475,38,454,33,513,487
38,1000,30,7.7,28,43,956,26,7,11,44,8.048013111,91,315,31.06556994,9.305041882,7.296762524,8.761188618,472,15,484,29,487,513
35,1000,30,7.7,28,62,960,26,10,4,40,8.016147757,94,315,31.01510953,9.06754825,7.949057516,8.081909478,475,20,485,20,495,505
33,1000,30,7.7,28,68,954,28,10,8,46,8.549397412,98,321,31.52511458,9.625959548,8.217787398,8.873143157,471,23,483,23,494,506
37,1000,30,7.7,28,50,956,25,8,11,44,8.091834973,114,312,30.8718354,9.614312257,7.40775147,8.73606895,473,12,483,32,485,515
34,1000,30,7.7,28,63,946,29,12,13,54,8.651340741,100,337,31.12016361,9.999958813,8.071279231,9.243120665,485,20,461,34,505,495
36,1000,30,7.7,28,56,950,27,13,10,50,8.293224769,102,289,30.80527992,9.379202048,7.483182017,9.087227071,474,21,476,29,495,505
39,1000,30,7.7,28,39,945,29,10,16,55,7.85565107,113,299,30.70068322,9.2456651,7.450582985,8.284056411,492,22,453,33,514,486
35,1000,30,7.7,28,63,960,27,10,3,40,8.024096173,102,299,31.0492495,9.086010927,8.012827084,8.035142111,474,21,486,19,495,505
33,1000,30,7.7,28,69,954,28,10,8,46,8.535182471,84,307,31.53864508,9.638753453,8.199860388,8.862552251,471,23,483,23,494,506
38,1000,30,7.7,28,44,955,26,8,11,45,8.097174781,102,329,31.09278459,9.3145372,7.352315601,8.804282814,472,15,483,30,487,513
32,1000,30,7.7,28,81,930,39,13,18,70,8.853748972,106,320,31.57314859,9.930724158,8.630455467,9.088963691,475,38,455,32,513,487
37,1000,30,7.7,28,51,957,24,8,11,43,8.078554614,96,318,30.90404906,9.621489966,7.394293921,8.72295546,473,12,484,31,485,515
34,1000,30,7.7,28,64,948,28,12,12,52,8.65950147,107,302,31.14435539,10.01238158,8.085418397,9.245182181,485,20,463,32,505,495
36,1000,30,7.7,28,57,951,27,12,10,49,8.325680538,99,325,30.80476337,9.388415054,7.532036497,9.103608855,474,21,477,28,495,505
39,1000,30,7.7,28,40,947,28,10,15,53,7.843374921,112,305,30.73287677,9.263315835,7.455613236,8.253476785,492,22,455,31,514,486
35,1000,30,7.7,28,64,959,29,9,3,41,8.065400182,104,330,31.07568787,9.094094529,8.023891226,8.106087177,473,22,486,19,495,505
33,1000,30,7.7,28,70,954,27,11,8,46,8.53407628,127,332,31.56570733,9.640428627,8.193738432,8.866342874,471,23,483,23,494,506
38,1000,30,7.7,28,45,957,25,7,11,43,8.096887119,79,352,31.12814611,9.327771224,7.362616273,8.793943459,473,14,484,29,487,513
32,1000,30,7.7,28,82,929,40,12,19,71,8.855153931,116,338,31.58960475,9.936778383,8.612123533,9.111159258,475,38,454,33,513,487
37,1000,30,7.7,28,52,957,24,8,11,43,8.105652706,101,336,30.91411053,9.626428282,7.421608947,8.749849255,473,12,484,31,485,515
34,1000,30,7.7,28,65,948,28,12,12,52,8.666276424,93,311,31.16429661,10.0294691,8.101844224,9.242111294,485,20,463,32,505,495
36,1000,30,7.7,28,58,952,27,12,9,48,8.361505614,88,307,30.84722738,9.398716241,7.562598214,9.144593065,474,21,478,27,495,505
33,1000,30,7.7,28,71,952,29,11,8,48,8.537728409,101,361,31.60421812,9.663795447,8.220544762,8.847389916,470,24,482,24,494,506
35,1000,30,7.7,28,65,956,32,9,3,44,8.121765428,80,309,31.09312902,9.103032465,8.062231332,8.18012063,472,23,484,21,495,505
39,1000,30,7.7,28,41,947,29,9,15,53,7.853949214,98,286,30.7662568,9.269665666,7.453325142,8.277654509,492,22,455,31,514,486
38,1000,30,7.7,28,46,957,25,7,11,43,8.119138849,94,287,31.17035651,9.343386168,7.391694518,8.809714656,473,14,484,29,487,513
37,1000,30,7.7,28,53,959,23,7,11,41,8.125207869,95,294,30.92257577,9.643813919,7.441143843,8.769423504,474,11,485,30,485,515
32,1000,30,7.7,28,83,929,40,12,19,71,8.856122674,102,323,31.59459111,9.955981972,8.631170441,9.093084677,475,38,454,33,513,487
34,1000,30,7.7,28,66,949,27,12,12,51,8.685120603,102,305,31.16874704,10.04158235,8.123058067,9.258537938,485,20,464,31,505,495
36,1000,30,7.7,28,59,951,28,13,8,49,8.383398233,94,312,30.87021103,9.412911601,7.577724343,9.173118186,474,21,477,28,495,505
35,1000,30,7.7,28,66,955,32,10,3,45,8.172649627,101,326,31.09841188,9.128199622,8.135229615,8.209328649,472,23,483,22,495,505
33,1000,30,7.7,28,72,954,28,11,7,46,8.557088209,103,345,31.62664694,9.681284078,8.243539,8.863201469,471,23,483,23,494,506
39,1000,30,7.7,28,42,948,28,9,15,52,7.895289345,85,332,30.79184936,9.300627817,7.486359119,8.327779338,493,21,455,31,514,486
38,1000,30,7.7,28,47,957,25,7,11,43,8.163265897,83,316,31.19331865,9.350117133,7.442953357,8.847071368,473,14,484,29,487,513
37,1000,30,7.7,28,54,958,23,7,12,42,8.149732925,81,302,30.91227178,9.632219815,7.469780479,8.790076492,474,11,484,31,485,515
34,1000,30,7.7,28,67,948,27,13,12,52,8.71653805,84,309,31.18869581,10.05822915,8.139990953,9.304732563,485,20,463,32,505,495
36,1000,30,7.7,28,60,951,28,12,9,49,8.426699195,98,335,30.88795203,9.433369479,7.631973748,9.205687504,473,22,478,27,495,505
32,1000,30,7.7,28,84,930,39,12,19,70,8.860134878,111,333,31.63447957,9.943999305,8.642007132,9.089908048,476,37,454,33,513,487
35,1000,30,7.7,28,67,952,35,10,3,48,8.191856067,101,321,31.12203028,9.120221475,8.144398916,8.238373473,470,25,482,23,495,505
33,1000,30,7.7,28,73,954,28,11,7,46,8.562170262,100,315,31.66882879,9.702287863,8.252325238,8.864667182,471,23,483,23,494,506
39,1000,30,7.7,28,43,946,30,9,15,54,7.921971185,81,327,30.80154761,9.284013623,7.509642949,8.358054959,491,23,455,31,514,486
38,1000,30,7.7,28,48,958,24,7,11,42,8.184378739,106,319,31.21012844,9.375831574,7.430572512,8.899980363,473,14,485,28,487,513
37,1000,30,7.7,28,55,957,24,7,12,43,8.193213323,95,317,30.92550806,9.627032525,7.520934255,8.826330503,472,13,485,30,485,515
34,1000,30,7.7,28,68,947,29,12,12,53,8.773864492,80,297,31.20839226,10.05558044,8.181136776,9.378566505,485,20,462,33,505,495
36,1000,30,7.7,28,61,949,30,12,9,51,8.459892562,89,339,30.92026279,9.455928901,7.662260629,9.241729804,471,24,478,27,495,505
35,1000,30,7.7,28,68,951,35,11,3,49,8.220466106,89,315,31.14314827,9.131266187,8.176846455,8.263222001,470,25,481,24,495,505
33,1000,30,7.7,28,74,953,29,11,7,47,8.575868005,103,318,31.67963882,9.711945023,8.245103823,8.898787977,471,23,482,24,494,506
32,1000,30,7.7,28,85,929,37,14,20,71,8.892133049,115,330,31.66362458,9.963341037,8.674331169,9.121562955,475,38,454,33,513,487
39,1000,30,7.7,28,44,945,31,9,15,55,7.957589836,107,296,30.80425918,9.271339666,7.563249872,8.374648974,490,24,455,31,514,486
38,1000,30,7.7,28,49,958,24,7,11,42,8.204856592,107,314,31.24854897,9.385899631,7.478382083,8.894511729,473,14,485,28,487,513
37,1000,30,7.7,28,56,956,25,7,12,44,8.222166416,82,303,30.93783188,9.626652703,7.53894363,8.865589817,472,13,484,31,485,515
34,1000,30,7.7,28,69,946,28,14,12,54,8.814926824,104,304,31.23312329,10.07299312,8.226441008,9.415301243,484,21,462,33,505,495
35,1000,30,7.7,28,69,951,36,10,3,49,8.226828231,103,298,31.21096548,9.138382621,8.206231764,8.247016848,469,26,482,23,495,505
36,1000,30,7.7,28,62,950,29,11,10,50,8.447976093,94,326,30.94931131,9.465357243,7.630439469,9.249323873,472,23,478,27,495,505
33,1000,30,7.7,28,75,953,30,10,7,47,8.575075214,115,330,31.72744964,9.729418417,8.242168468,8.900086939,470,24,483,23,494,506
39,1000,30,7.7,28,45,945,31,10,14,55,7.950593221,104,307,30.82163803,9.264697479,7.550878384,8.373336895,490,24,455,31,514,486
32,1000,30,7.7,28,86,928,38,14,20,72,8.916474118,103,305,31.67935783,9.963225614,8.658426734,9.188298159,476,37,452,35,513,487
38,1000,30,7.7,28,50,959,23,7,11,41,8.197752593,91,308,31.26630363,9.390987422,7.494319779,8.865533841,473,14,486,27,487,513
37,1000,30,7.7,28,57,955,26,8,11,45,8.220559765,91,309,30.95822419,9.640629794,7.517797319,8.882384593,472,13,483,32,485,515
34,1000,30,7.7,28,70,945,29,14,12,55,8.823942987,115,325,31.25295126,10.0790273,8.213149782,9.44707545,484,21,461,34,505,495
35,1000,30,7.7,28,70,951,35,10,4,49,8.268001851,103,337,31.23454607,9.140724731,8.238012698,8.297397159,469,26,482,23,495,505
33,1000,30,7.7,28,76,954,29,10,7,46,8.600102512,114,328,31.73988876,9.741041271,8.227083589,8.964275136,470,24,484,22,494,506
36,1000,30,7.7,28,63,949,30,11,10,51,8.509365137,111,301,30.96692517,9.469400402,7.721301169,9.281823877,472,23,477,28,495,505
39,1000,30,7.7,28,46,946,32,8,14,54,7.915748616,115,330,30.84375934,9.246321628,7.492262138,8.363633492,491,23,455,31,514,486
32,1000,30,7.7,28,87,927,39,14,20,73,8.930727556,103,306,31.68977799,9.963393539,8.628802939,9.248771352,476,37,451,36,513,487
38,1000,30,7.7,28,51,957,25,7,11,43,8.224343534,117,310,31.28432032,9.419268372,7.563562453,8.851634735,471,16,486,27,487,513
35,1000,30,7.7,28,71,953,33,10,4,47,8.260436224,101,292,31.25314331,9.145803065,8.216990471,8.303021666,470,25,483,22,495,505
33,1000,30,7.7,28,77,954,29,10,7,46,8.641858663,134,323,31.75871575,9.750177395,8.263572342,9.011173766,470,24,484,22,494,506
37,1000,30,7.7,28,58,955,26,8,11,45,8.234339009,100,318,30.96884301,9.650724918,7.5319453,8.89581658,472,13,483,32,485,515
34,1000,30,7.7,28,71,944,28,16,12,56,8.84981409,104,322,31.2787844,10.09244385,8.2599857,9.451558205,483,22,461,34,505,495
36,1000,30,7.7,28,64,948,31,11,10,52,8.560129973,91,314,31.0020875,9.475889076,7.770453352,9.334169432,472,23,476,29,495,505
39,1000,30,7.7,28,47,946,31,9,14,54,7.959254649,103,319,30.87949531,9.256962942,7.547333632,8.394907742,491,23,455,31,514,486
38,1000,30,7.7,28,52,958,24,7,11,42,8.239504609,114,323,31.31730486,9.426854626,7.562939895,8.881779493,472,15,486,27,487,513
32,1000,30,7.7,28,88,927,38,15,20,73,8.939019354,103,327,31.69993914,9.981548024,8.664157273,9.228555796,475,38,452,35,513,487
35,1000,30,7.7,28,72,955,31,10,4,45,8.256248237,97,293,31.28267711,9.155456153,8.214757226,8.296917643,472,23,483,22,495,505
33,1000,30,7.7,28,78,954,29,10,7,46,8.619470149,123,328,31.80263149,9.758196586,8.270085819,8.960568685,470,24,484,22,494,506
37,1000,30,7.7,28,59,955,26,8,11,45,8.262156992,105,322,30.98714997,9.67395584,7.564025857,8.919620293,472,13,483,32,485,515
34,1000,30,7.7,28,72,944,29,15,12,56,8.858085392,104,323,31.29333493,10.12467859,8.254440049,9.47392559,483,22,461,34,505,495
36,1000,30,7.7,28,65,948,31,11,10,52,8.576164912,98,307,31.03482945,9.493332723,7.771064896,9.365322353,472,23,476,29,495,505
39,1000,30,7.7,28,48,948,31,8,13,52,7.953855072,103,312,30.89455064,9.276932003,7.55647919,8.374125039,491,23,457,29,514,486
38,1000,30,7.7,28,53,958,25,6,11,42,8.265594804,83,324,31.32384439,9.434020324,7.601100441,8.896411089,472,15,486,27,487,513
33,1000,30,7.7,28,79,954,29,11,6,46,8.654203244,102,320,31.83263556,9.774450164,8.263334641,9.035802235,471,23,483,23,494,506
35,1000,30,7.7,28,73,955,31,9,5,45,8.290520192,97,310,31.32365175,9.167035161,8.225256789,8.354491251,472,23,483,22,495,505
32,1000,30,7.7,28,89,928,38,15,19,72,8.918606268,110,305,31.72884431,10.02133905,8.65479813,9.196498618,476,37,452,35,513,487
37,1000,30,7.7,28,60,954,27,8,11,46,8.31103807,112,310,31.01992734,9.710218858,7.622622435,8.959351823,471,14,483,32,485,515
34,1000,30,7.7,28,73,944,29,15,12,56,8.894376855,107,323,31.30556427,10.14273619,8.277607314,9.523606387,483,22,461,34,505,495
36,1000,30,7.7,28,66,947,31,11,11,53,8.596746212,96,328,31.07458339,9.5064536,7.792905424,9.384669361,472,23,475,30,495,505
39,1000,30,7.7,28,49,947,32,7,14,53,7.968613252,95,310,30.95208995,9.303620545,7.548816724,8.412595587,490,24,457,29,514,486
33,1000,30,7.7,28,80,954,29,11,6,46,8.675154912,111,310,31.85405123,9.779476851,8.310216022,9.031439125,471,23,483,23,494,506
35,1000,30,7.7,28,74,957,29,9,5,43,8.285641809,93,313,31.33022779,9.196996205,8.221992566,8.348030671,473,22,484,21,495,505
38,1000,30,7.7,28,54,959,23,7,11,41,8.285617746,109,313,31.34995941,9.442202796,7.61127285,8.925785317,472,15,487,26,487,513
34,1000,30,7.7,28,74,943,30,15,12,57,8.926657535,106,329,31.31457227,10.1524329,8.292990371,9.573126057,483,22,460,35,505,495
37,1000,30,7.7,28,61,954,27,8,11,46,8.326298819,98,321,31.03457938,9.707027908,7.610900527,9.000023425,471,14,483,32,485,515
36,1000,30,7.7,28,67,948,30,11,11,52,8.613647738,89,327,31.09107894,9.500562843,7.788397952,9.422555943,474,21,474,31,495,505
32,1000,30,7.7,28,90,928,39,15,18,72,8.959210685,100,314,31.73030462,10.02638736,8.716510234,9.21486845,476,37,452,35,513,487
39,1000,30,7.7,28,50,945,35,7,13,55,8.01516519,112,343,30.96207003,9.313825826,7.600740347,8.453466362,490,24,455,31,514,486
33,1000,30,7.7,28,81,954,29,10,7,46,8.686539013,107,313,31.86686556,9.784768942,8.283699064,9.079825445,471,23,483,23,494,506
35,1000,30,7.7,28,75,955,31,9,5,45,8.30860344,84,331,31.35327078,9.21565249,8.233163926,8.382549101,473,22,482,23,495,505
38,1000,30,7.7,28,55,959,23,7,11,41,8.301632311,97,308,31.35993184,9.462998439,7.654537297,8.915931087,472,15,487,26,487,513
34,1000,30,7.7,28,75,942,31,15,12,58,8.948358877,109,313,31.3401375,10.1657358,8.311503655,9.59807986,483,22,459,36,505,495
37,1000,30,7.7,28,62,953,28,8,11,47,8.35535281,94,333,31.03502744,9.722046208,7.651563448,9.018144734,470,15,483,32,485,515
36,1000,30,7.7,28,68,948,29,12,11,52,8.651200899,118,314,31.10902726,9.501224842,7.824449012,9.461581461,474,21,474,31,495,505
32,1000,30,7.7,28,91,929,37,15,19,71,8.979777669,116,337,31.75234589,10.05842846,8.732362324,9.240402048,477,36,452,35,513,487
39,1000,30,7.7,28,51,946,33,8,13,54,8.012232279,96,327,30.98024475,9.313836839,7.594724708,8.453793783,491,23,455,31,514,486
33,1000,30,7.7,28,82,953,30,10,7,47,8.709920092,102,345,31.89577167,9.810495055,8.305898326,9.104360313,470,24,483,23,494,506
35,1000,30,7.7,28,76,954,32,9,5,46,8.355613545,95,297,31.35402534,9.219531937,8.293806928,8.416196268,473,22,481,24,495,505
38,1000,30,7.7,28,56,957,26,7,10,43,8.32275233,97,330,31.3833271,9.470324215,7.645429667,8.965746749,471,16,486,27,487,513
34,1000,30,7.7,28,76,941,32,15,12,59,8.956626519,108,322,31.37262968,10.15485366,8.334136921,9.591691664,482,23,459,36,505,495
37,1000,30,7.7,28,63,954,27,8,11,46,8.350701731,110,351,31.04659994,9.726702425,7.663511969,8.997861022,470,15,484,31,485,515
36,1000,30,7.7,28,69,948,29,12,11,52,8.68831005,88,307,31.14666199,9.521167644,7.871242318,9.489198223,474,21,474,31,495,505
33,1000,30,7.7,28,83,951,32,10,7,49,8.698866176,104,279,31.91764319,9.797318121,8.298408907,9.089826433,470,24,481,25,494,506
39,1000,30,7.7,28,52,947,33,8,12,53,8.024281704,101,331,31.02139494,9.335076533,7.573331409,8.501212676,492,22,455,31,514,486
32,1000,30,7.7,28,92,932,35,15,18,68,8.959477778,108,317,31.79017889,10.06201084,8.702851077,9.229805288,479,34,453,34,513,487
35,1000,30,7.7,28,77,953,33,9,5,47,8.384763116,88,312,31.36763214,9.233844283,8.334394679,8.434134157,472,23,481,24,495,505
38,1000,30,7.7,28,57,959,26,4,11,41,8.272147702,99,330,31.42182515,9.456186531,7.62212614,8.889224701,472,15,487,26,487,513
34,1000,30,7.7,28,77,939,34,15,12,61,8.989214718,98,317,31.39333216,10.13382135,8.35221842,9.639079628,482,23,457,38,505,495
37,1000,30,7.7,28,64,953,28,8,11,47,8.378654826,94,320,31.06690908,9.757351139,7.695649896,9.021873061,470,15,483,32,485,515
36,1000,30,7.7,28,70,948,29,13,10,52,8.711514006,106,328,31.16266865,9.517994605,7.894728555,9.512125487,474,21,474,31,495,505
33,1000,30,7.7,28,84,949,34,10,7,51,8.744489446,103,311,31.9381665,9.814975842,8.347523237,9.132041438,469,25,480,26,494,506
35,1000,30,7.7,28,78,952,33,10,5,48,8.407938582,96,321,31.39773621,9.232044807,8.332697513,8.48168973,472,23,480,25,495,505
39,1000,30,7.7,28,53,947,32,9,12,53,8.035033216,96,325,31.07102225,9.329154188,7.554096521,8.543678198,493,21,454,32,514,486
32,1000,30,7.7,28,93,932,35,15,18,68,8.985957652,119,325,31.81232583,10.07283416,8.737116326,9.248084141,479,34,453,34,513,487
38,1000,30,7.7,28,58,960,25,4,11,40,8.286831545,102,318,31.43551432,9.464356342,7.655660679,8.886013244,472,15,488,25,487,513
34,1000,30,7.7,28,78,939,34,14,13,61,8.976004425,114,312,31.39748434,10.14714252,8.376633967,9.587483378,482,23,457,38,505,495
37,1000,30,7.7,28,65,952,30,8,10,48,8.358662984,113,318,31.0651761,9.757370161,7.672151424,9.005183579,469,16,483,32,485,515
36,1000,30,7.7,28,71,948,29,13,10,52,8.736296519,99,284,31.17328976,9.532807345,7.930225957,9.526405287,474,21,474,31,495,505
33,1000,30,7.7,28,85,950,33,10,7,50,8.750981119,105,320,31.94847125,9.830312192,8.363613598,9.12916206,469,25,481,25,494,506
35,1000,30,7.7,28,79,953,33,10,4,47,8.391730725,110,318,31.43491465,9.247828894,8.344668127,8.437861391,472,23,481,24,495,505
39,1000,30,7.7,28,54,946,33,9,12,54,8.050943134,101,321,31.0978274,9.320650631,7.558202627,8.572071983,492,22,454,32,514,486
32,1000,30,7.7,28,94,934,34,15,17,66,8.980827092,119,331,31.83435764,10.09523426,8.749525073,9.224477884,479,34,455,32,513,487
38,1000,30,7.7,28,59,960,25,4,11,40,8.299451946,106,288,31.45764125,9.479931443,7.67697015,8.890384956,472,15,488,25,487,513
34,1000,30,7.7,28,79,939,34,14,13,61,8.994811104,97,302,31.40325942,10.14847156,8.38657917,9.615330552,482,23,457,38,505,495
37,1000,30,7.7,28,66,951,30,9,10,49,8.427566084,90,335,31.09075614,9.755322204,7.755630044,9.060360219,468,17,483,32,485,515
33,1000,30,7.7,28,86,950,33,10,7,50,8.763861459,99,312,31.98922069,9.857194435,8.378436803,9.140145608,469,25,481,25,494,506
36,1000,30,7.7,28,72,948,27,15,10,52,8.791840501,87,325,31.18717439,9.551950638,7.967773295,9.599589546,474,21,474,31,495,505
35,1000,30,7.7,28,80,952,33,11,4,48,8.403713947,101,322,31.44718365,9.252784316,8.348827713,8.457513326,472,23,480,25,495,505
39,1000,30,7.7,28,55,946,34,8,12,54,8.082582991,106,320,31.10331684,9.327419263,7.621254502,8.570490075,492,22,454,32,514,486
38,1000,30,7.7,28,60,959,24,6,11,41,8.355825619,108,287,31.47684534,9.497786215,7.78306484,8.899557586,470,17,489,24,487,513
32,1000,30,7.7,28,95,935,35,14,16,65,8.982662653,103,316,31.86402817,10.10499645,8.760155553,9.217048983,478,35,457,30,513,487
34,1000,30,7.7,28,80,939,32,16,13,61,9.029852968,96,334,31.43461264,10.16360228,8.41611916,9.655985439,482,23,457,38,505,495
33,1000,30,7.7,28,87,949,34,10,7,51,8.789363037,117,301,32.03289045,9.875177358,8.415374076,9.154482695,469,25,480,26,494,506
37,1000,30,7.7,28,67,951,31,8,10,49,8.464660155,114,309,31.10581406,9.745164896,7.764265296,9.124255313,469,16,482,33,485,515
36,1000,30,7.7,28,73,948,27,15,10,52,8.7976886,95,314,31.20388709,9.554051201,7.994342405,9.585126949,474,21,474,31,495,505
35,1000,30,7.7,28,81,956,28,12,4,44,8.426179661,93,310,31.45644146,9.248592128,8.415835707,8.436318785,473,22,483,22,495,505
39,1000,30,7.7,28,56,947,33,7,13,53,8.084812638,102,314,31.1269437,9.332641641,7.627396938,8.568581507,493,21,454,32,514,486
38,1000,30,7.7,28,61,957,26,8,9,43,8.354971832,97,328,31.48530541,9.513634713,7.749159505,8.930080221,470,17,487,26,487,513
33,1000,30,7.7,28,88,950,34,9,7,50,8.786223484,94,313,32.05731722,9.89962897,8.439907311,9.124326626,468,26,482,24,494,506
34,1000,30,7.7,28,81,940,32,15,13,60,9.064011139,112,327,31.44263709,10.16454402,8.461614249,9.678577664,482,23,458,37,505,495
37,1000,30,7.7,28,68,952,30,8,10,48,8.491411949,103,291,31.1251813,9.757124458,7.829656449,9.114618585,469,16,483,32,485,515
32,1000,30,7.7,28,96,934,36,14,16,66,8.977136808,96,302,31.8873856,10.11427513,8.756598486,9.20944925,477,36,457,30,513,487
36,1000,30,7.7,28,74,948,27,15,10,52,8.837821851,117,318,31.2150012,9.565672995,8.068533813,9.591876462,474,21,474,31,495,505
35,1000,30,7.7,28,82,955,28,13,4,45,8.476542975,73,307,31.45672923,9.252988442,8.445450478,8.507019779,472,23,483,22,495,505
39,1000,30,7.7,28,57,946,34,7,13,54,8.105200262,112,304,31.13191467,9.340026004,7.631662812,8.606019706,494,20,452,34,514,486
38,1000,30,7.7,28,62,960,23,8,9,40,8.407888544,96,345,31.50339412,9.532475176,7.818263824,8.967629749,471,16,489,24,487,513
33,1000,30,7.7,28,89,950,34,9,7,50,8.819861934,106,334,32.05851521,9.915047957,8.467158809,9.164200558,468,26,482,24,494,506
34,1000,30,7.7,28,82,938,34,15,13,62,9.080013184,93,303,31.44322032,10.16561145,8.467603076,9.704795214,480,25,458,37,505,495
37,1000,30,7.7,28,69,951,30,9,10,49,8.504334674,95,335,31.14628946,9.760303826,7.823111279,9.145875153,469,16,482,33,485,515
35,1000,30,7.7,28,83,955,27,14,4,45,8.520114277,92,328,31.45322933,9.242149929,8.522537398,8.517739139,472,23,483,22,495,505
36,1000,30,7.7,28,75,948,26,16,10,52,8.853576364,117,298,31.24781663,9.569740619,8.125378518,9.567354451,474,21,474,31,495,505
32,1000,30,7.7,28,97,934,36,15,15,66,9.001584594,100,328,31.902635,10.13016522,8.80622192,9.207377309,477,36,457,30,513,487
39,1000,30,7.7,28,58,948,32,7,13,52,8.091498366,110,329,31.16211316,9.364838655,7.621847099,8.588207731,495,19,453,33,514,486
33,1000,30,7.7,28,90,949,34,10,7,51,8.813707937,114,318,32.08520823,9.943071006,8.474604022,9.144769862,467,27,482,24,494,506
38,1000,30,7.7,28,63,959,24,8,9,41,8.430374764,87,307,31.52539469,9.538658613,7.869101144,8.963201768,470,17,489,24,487,513
34,1000,30,7.7,28,83,938,34,15,13,62,9.07122026,116,308,31.46937305,10.17361775,8.457907988,9.696922679,480,25,458,37,505,495
35,1000,30,7.7,28,84,955,28,14,3,45,8.502693998,94,301,31.47042486,9.24430618,8.499093287,8.506223407,472,23,483,22,495,505
36,1000,30,7.7,28,76,949,25,17,9,51,8.880249107,93,307,31.27149179,9.58782367,8.122397119,9.623094126,474,21,475,30,495,505
37,1000,30,7.7,28,70,952,29,9,10,48,8.476846724,97,298,31.17403775,9.771548651,7.833792629,9.082441357,469,16,483,32,485,515
32,1000,30,7.7,28,98,934,36,14,16,66,9.014632598,113,338,31.92609138,10.14652033,8.806710555,9.233655202,478,35,456,31,513,487
39,1000,30,7.7,28,59,946,34,7,13,54,8.158716259,102,320,31.17913395,9.370384188,7.6722197,8.673241427,494,20,452,34,514,486
33,1000,30,7.7,28,91,949,34,10,7,51,8.817797194,116,327,32.10647123,9.959937273,8.500508394,9.127561358,467,27,482,24,494,506
38,1000,30,7.7,28,64,959,24,8,9,41,8.403369514,115,323,31.51394335,9.540409795,7.853082756,8.925766495,470,17,489,24,487,513
35,1000,30,7.7,28,85,957,27,13,3,43,8.536670769,95,300,31.49616259,9.270958738,8.488558592,8.583830229,473,22,484,21,495,505
34,1000,30,7.7,28,84,939,34,14,13,61,9.098444795,122,330,31.49287272,10.21014211,8.4411757,9.768992054,481,24,458,37,505,495
36,1000,30,7.7,28,77,946,28,17,9,54,8.927387497,87,308,31.27907983,9.606964126,8.178023233,9.661912864,472,23,474,31,495,505
37,1000,30,7.7,28,71,952,29,9,10,48,8.51707511,97,304,31.18778934,9.782643797,7.857751531,9.137991491,469,16,483,32,485,515
39,1000,30,7.7,28,60,946,34,6,14,54,8.201704092,105,340,31.20477736,9.370594791,7.723355323,8.707612048,494,20,452,34,514,486
32,1000,30,7.7,28,99,935,36,13,16,65,8.984491825,112,291,31.94034552,10.17140733,8.783771735,9.195927977,479,34,456,31,513,487
33,1000,30,7.7,28,92,951,33,9,7,49,8.824965172,119,335,32.11227864,9.965421164,8.520010061,9.122688146,468,26,483,23,494,506
38,1000,30,7.7,28,65,958,25,8,9,42,8.469879158,90,326,31.53907866,9.5513309,7.954755378,8.9588953,469,18,489,24,487,513
35,1000,30,7.7,28,86,958,27,12,3,42,8.536054127,96,291,31.49106169,9.288856827,8.473518065,8.59735185,474,21,484,21,495,505
34,1000,30,7.7,28,85,941,33,12,14,59,9.123780395,106,313,31.52434986,10.22968984,8.49646901,9.763764737,481,24,460,35,505,495
36,1000,30,7.7,28,78,946,28,17,9,54,8.8952154,103,308,31.28755793,9.624488983,8.151215751,9.624482384,472,23,474,31,495,505
37,1000,30,7.7,28,72,952,29,9,10,48,8.554504043,111,327,31.20524908,9.789878386,7.918705182,9.153266078,469,16,483,32,485,515
33,1000,30,7.7,28,93,951,33,9,7,49,8.851116308,84,338,32.14588483,9.965877447,8.54258944,9.152326333,468,26,483,23,494,506
39,1000,30,7.7,28,61,946,34,6,14,54,8.188587994,94,325,31.20813369,9.368080847,7.735179933,8.668118329,494,20,452,34,514,486
32,1000,30,7.7,28,100,936,35,14,15,64,8.98350031,108,336,31.95271393,10.17800834,8.76565136,9.212979799,480,33,456,31,513,487
35,1000,30,7.7,28,87,958,28,12,2,42,8.517738162,108,320,31.49488514,9.303173564,8.437378882,8.596506168,474,21,484,21,495,505
38,1000,30,7.7,28,66,959,24,8,9,41,8.501943029,104,312,31.54635531,9.55801592,7.987818961,8.990010127,469,18,490,23,487,513
34,1000,30,7.7,28,86,939,34,14,13,61,9.105650972,96,317,31.54930994,10.23716883,8.491410191,9.732300657,479,26,460,35,505,495
36,1000,30,7.7,28,79,946,28,17,9,54,8.932252414,104,309,31.30963819,9.629298914,8.209353472,9.640836526,472,23,474,31,495,505
37,1000,30,7.7,28,73,950,31,9,10,50,8.591818943,103,310,31.23360341,9.801270132,7.989030185,9.159493792,468,17,482,33,485,515
33,1000,30,7.7,28,94,950,34,9,7,50,8.862386811,126,319,32.17748866,9.969036839,8.528639749,9.188218923,467,27,483,23,494,506
39,1000,30,7.7,28,62,946,34,5,15,54,8.198993431,89,298,31.19516303,9.372082288,7.709107711,8.71710302,494,20,452,34,514,486
35,1000,30,7.7,28,88,956,29,13,2,44,8.56423079,112,329,31.49140825,9.314606565,8.451528695,8.674701161,473,22,483,22,495,505
32,1000,30,7.7,28,101,937,36,13,14,63,8.998018204,101,316,31.96549409,10.16110407,8.767932563,9.240387679,481,32,456,31,513,487
38,1000,30,7.7,28,67,961,22,8,9,39,8.501641723,102,305,31.57553899,9.563117428,7.933936679,9.040574192,471,16,490,23,487,513
34,1000,30,7.7,28,87,938,35,15,12,62,9.089727549,113,317,31.57339596,10.23824642,8.493869691,9.69762294,479,26,459,36,505,495
36,1000,30,7.7,28,80,948,27,16,9,52,8.995559403,96,303,31.32563705,9.627343142,8.274557015,9.702284516,473,22,475,30,495,505
37,1000,30,7.7,28,74,951,30,9,10,49,8.591243606,105,323,31.27445303,9.806806835,7.995105862,9.152654879,468,17,483,32,485,515
33,1000,30,7.7,28,95,950,34,9,7,50,8.839602743,102,333,32.19087995,9.987898362,8.493026346,9.177959937,467,27,483,23,494,506
39,1000,30,7.7,28,63,944,34,7,15,56,8.236390631,76,313,31.2012784,9.389007058,7.717614117,8.785055504,494,20,450,36,514,486
35,1000,30,7.7,28,89,956,29,13,2,44,8.563706009,113,291,31.50741266,9.35166556,8.445435579,8.67963445,473,22,483,22,495,505
32,1000,30,7.7,28,102,937,36,13,14,63,8.987026876,99,309,31.98420366,10.17158461,8.772606683,9.212894554,481,32,456,31,513,487
38,1000,30,7.7,28,68,961,22,8,9,39,8.504249515,108,297,31.58269964,9.570029194,7.935761071,9.043925679,471,16,490,23,487,513
34,1000,30,7.7,28,88,935,35,16,14,65,9.128022271,108,342,31.59634726,10.25385755,8.571127731,9.696167206,476,29,459,36,505,495
36,1000,30,7.7,28,81,948,27,16,9,52,9.018495153,94,315,31.35290464,9.639162591,8.278070291,9.744258136,474,21,474,31,495,505
37,1000,30,7.7,28,75,951,30,9,10,49,8.625375624,105,309,31.29629121,9.812391172,8.005624466,9.209024773,468,17,483,32,485,515
33,1000,30,7.7,28,96,950,34,9,7,50,8.851355364,104,326,32.22793845,10.00342776,8.490992851,9.203171731,467,27,483,23,494,506
39,1000,30,7.7,28,64,944,35,7,14,56,8.235747546,94,300,31.19136248,9.389404212,7.711072363,8.790650929,494,20,450,36,514,486
35,1000,30,7.7,28,90,956,28,14,2,44,8.571062909,99,334,31.50593964,9.377250296,8.45470097,8.685120652,473,22,483,22,495,505
38,1000,30,7.7,28,69,960,23,8,9,40,8.519663793,108,321,31.61365596,9.591284267,7.963809007,9.047346603,470,17,490,23,487,513
34,1000,30,7.7,28,89,933,37,16,14,67,9.146396756,95,331,31.60617381,10.25918873,8.599069024,9.704781614,475,30,458,37,505,495
32,1000,30,7.7,28,103,937,36,13,14,63,8.988626987,94,328,31.99837914,10.17882506,8.752704223,9.237145217,481,32,456,31,513,487
33,1000,30,7.7,28,97,949,35,8,8,51,8.889828801,116,335,32.21788071,10.00630324,8.530162293,9.240965667,467,27,482,24,494,506
37,1000,30,7.7,28,76,952,30,8,10,48,8.680797249,105,318,31.31439247,9.806039767,8.099738028,9.22800836,469,16,483,32,485,515
36,1000,30,7.7,28,82,948,26,17,9,52,9.035173314,108,288,31.36579049,9.651119105,8.297197804,9.758535447,474,21,474,31,495,505
35,1000,30,7.7,28,91,957,27,14,2,43,8.595223398,104,345,31.5408559,9.377242208,8.504926979,8.683731769,473,22,484,21,495,505
39,1000,30,7.7,28,65,945,32,9,14,55,8.268356381,99,320,31.22716718,9.392438859,7.753483761,8.812892444,494,20,451,35,514,486
38,1000,30,7.7,28,70,961,22,8,9,39,8.49826795,114,319,31.63251126,9.599347693,7.942988122,9.02540494,470,17,491,22,487,513
34,1000,30,7.7,28,90,934,36,16,14,66,9.171699408,120,306,31.62311116,10.26481497,8.629089361,9.725271274,476,29,458,37,505,495
33,1000,30,7.7,28,98,949,35,7,9,51,8.893948656,114,326,32.22434691,10.01067366,8.505381156,9.273301116,467,27,482,24,494,506
37,1000,30,7.7,28,77,951,30,9,10,49,8.68694389,99,346,31.35838472,9.81557437,8.107809303,9.232342482,468,17,483,32,485,515
32,1000,30,7.7,28,104,937,36,13,14,63,9.015917829,117,328,32.00015553,10.19674844,8.817008492,9.225446556,481,32,456,31,513,487
36,1000,30,7.7,28,83,948,26,17,9,52,9.066188177,105,318,31.37234774,9.658678649,8.358911566,9.759459311,474,21,474,31,495,505
40,1000,30,7.7,28,0,945,24,14,17,55,7.316,100,309,30.28665882,8.78638726,6.679513185,7.934911243,474,19,471,36,493,507
35,1000,30,7.7,28,92,956,28,14,2,44,8.578897597,103,308,31.5826222,9.410251501,8.45299875,8.702303397,472,23,484,21,495,505
39,1000,30,7.7,28,66,945,31,10,14,55,8.293119943,94,319,31.24373552,9.396034175,7.747711803,8.869950774,494,20,451,35,514,486
33,1000,30,7.7,28,99,948,36,7,9,52,8.926775792,95,330,32.22394545,10.02960066,8.538949883,9.305404249,466,28,482,24,494,506
34,1000,30,7.7,28,91,934,37,15,14,66,9.202089652,106,326,31.62394939,10.28154577,8.610042786,9.80609706,478,27,456,39,505,495
38,1000,30,7.7,28,71,960,23,7,10,40,8.520732181,106,326,31.65062439,9.590648247,7.969195917,9.044315341,469,18,491,22,487,513
37,1000,30,7.7,28,78,951,31,9,9,49,8.714468157,115,323,31.37254781,9.828946671,8.131928926,9.263073064,468,17,483,32,485,515
36,1000,30,7.7,28,84,947,27,17,9,53,9.098476308,95,328,31.39164382,9.674625678,8.391064073,9.79188038,474,21,473,32,495,505
35,1000,30,7.7,28,93,956,26,15,3,44,8.611458604,100,329,31.60084456,9.405046039,8.490619842,8.729904518,472,23,484,21,495,505
40,1000,30,7.7,28,1,946,23,14,17,54,7.34382137,106,309,30.29290389,8.782166948,6.741879184,7.929141878,473,20,473,34,493,507
39,1000,30,7.7,28,67,946,30,10,14,54,8.286465721,95,307,31.26592683,9.420731293,7.71036169,8.89576093,494,20,452,34,514,486
33,1000,30,7.7,28,100,949,36,7,8,51,8.905437323,105,331,32.25614523,10.04328685,8.511941921,9.289600819,466,28,483,23,494,506
34,1000,30,7.7,28,92,934,37,15,14,66,9.213794532,101,298,31.66151622,10.27422639,8.636283694,9.802972255,478,27,456,39,505,495
38,1000,30,7.7,28,72,959,23,8,10,41,8.541887659,103,343,31.68994697,9.621046032,7.96842808,9.086283011,469,18,490,23,487,513
37,1000,30,7.7,28,79,951,32,9,8,49,8.698114768,115,318,31.3877669,9.819949249,8.101943115,9.259557975,468,17,483,32,485,515
36,1000,30,7.7,28,85,945,29,17,9,55,9.144768761,94,314,31.42187058,9.712561943,8.442389071,9.833239942,473,22,472,33,495,505
35,1000,30,7.7,28,94,955,27,15,3,45,8.669552917,99,324,31.64549406,9.426140525,8.546582342,8.790088432,472,23,483,22,495,505
40,1000,30,7.7,28,2,946,23,14,17,54,7.386793182,91,298,30.31349893,8.784088651,6.74777013,8.008170628,473,20,473,34,493,507
39,1000,30,7.7,28,68,946,30,10,14,54,8.316039694,93,341,31.32346123,9.433369072,7.757458933,8.906802063,494,20,452,34,514,486
33,1000,30,7.7,28,101,946,39,7,8,54,8.911880994,118,331,32.28270532,10.03249396,8.528263912,9.286400439,465,29,481,25,494,506
34,1000,30,7.7,28,93,934,36,16,14,66,9.232091746,105,293,31.69438591,10.27982733,8.665995702,9.809624074,478,27,456,39,505,495
38,1000,30,7.7,28,73,957,24,9,10,43,8.56438921,110,325,31.7298178,9.626785222,8.021217594,9.080031659,468,19,489,24,487,513
37,1000,30,7.7,28,80,951,32,9,8,49,8.726212023,104,335,31.42736917,9.818925711,8.151082194,9.267839143,468,17,483,32,485,515
35,1000,30,7.7,28,95,955,27,15,3,45,8.679639241,95,330,31.669082,9.464070604,8.546593018,8.810050884,472,23,483,22,495,505
36,1000,30,7.7,28,86,946,29,16,9,54,9.140813548,96,315,31.45001905,9.740331128,8.468038246,9.800266566,473,22,473,32,495,505
39,1000,30,7.7,28,69,945,30,12,13,55,8.338374127,109,338,31.33732057,9.439772162,7.821045537,8.885507656,493,21,452,34,514,486
33,1000,30,7.7,28,102,945,40,7,8,55,8.898824434,90,323,32.26787625,10.04603467,8.494579562,9.29348247,465,29,480,26,494,506
40,1000,30,7.7,28,3,947,24,14,15,53,7.408565427,113,300,30.35098558,8.792979162,6.825387398,7.975639919,473,20,474,33,493,507
34,1000,30,7.7,28,94,933,37,16,14,67,9.232277851,123,339,31.6808509,10.28781501,8.653050887,9.823206371,478,27,455,40,505,495
38,1000,30,7.7,28,74,956,25,9,10,44,8.594252338,100,322,31.74659135,9.652287442,8.056809934,9.104455945,467,20,489,24,487,513
37,1000,30,7.7,28,81,951,32,9,8,49,8.745463385,98,311,31.43462677,9.812248655,8.186104884,9.272237895,468,17,483,32,485,515
35,1000,30,7.7,28,96,957,27,13,3,43,8.69378955,92,322,31.66705328,9.476872069,8.554067644,8.830744685,473,22,484,21,495,505
36,1000,30,7.7,28,87,944,31,16,9,56,9.142360633,115,311,31.47805433,9.742692605,8.484980226,9.786723605,472,23,472,33,495,505
33,1000,30,7.7,28,103,945,40,7,8,55,8.929635585,107,306,32.27622622,10.07068779,8.531273115,9.318550724,465,29,480,26,494,506
39,1000,30,7.7,28,70,945,30,12,13,55,8.340697431,102,307,31.36113527,9.446193721,7.834880936,8.875655618,493,21,452,34,514,486
40,1000,30,7.7,28,4,946,24,15,15,54,7.445167108,103,305,30.37215055,8.811407183,6.837892115,8.035673166,473,20,473,34,493,507
34,1000,30,7.7,28,95,932,38,16,14,68,9.237300638,108,309,31.71671336,10.3042298,8.642448851,9.844169633,478,27,454,41,505,495
35,1000,30,7.7,28,97,957,27,13,3,43,8.737712665,101,345,31.7071396,9.4850782,8.622516865,8.85062736,473,22,484,21,495,505
38,1000,30,7.7,28,75,955,24,11,10,45,8.614759378,108,325,31.79369463,9.654672672,8.086528311,9.1162185,467,20,488,25,487,513
37,1000,30,7.7,28,82,951,32,9,8,49,8.75937965,98,300,31.44355797,9.819300813,8.203493569,9.282884016,467,18,484,31,485,515
36,1000,30,7.7,28,88,945,30,16,9,55,9.163246508,104,336,31.52551505,9.732178585,8.511561079,9.802027274,473,22,472,33,495,505
33,1000,30,7.7,28,104,942,40,11,7,58,8.972769971,102,336,32.31004066,10.0842367,8.579222475,9.356984324,463,31,479,27,494,506
41,1000,30,7.7,28,0,948,24,17,11,52,6.888,94,301,30.10565591,8.619930345,6.401980198,7.383838384,486,19,462,33,505,495
39,1000,30,7.7,28,71,945,30,12,13,55,8.367589042,92,306,31.37395802,9.4583357,7.848909834,8.916151002,493,21,452,34,514,486
40,1000,30,7.7,28,5,947,23,15,15,53,7.47045948,106,310,30.37315623,8.824620926,6.869943796,8.054392877,473,20,474,33,493,507
35,1000,30,7.7,28,98,957,27,13,3,43,8.759666074,99,313,31.72025111,9.490234993,8.662079504,8.855320237,474,21,483,22,495,505
34,1000,30,7.7,28,96,932,38,16,14,68,9.260191072,93,303,31.72268423,10.33809803,8.683369665,9.848665436,478,27,454,41,505,495
38,1000,30,7.7,28,76,956,23,11,10,44,8.647467244,96,309,31.82173814,9.648979357,8.106924403,9.160614152,467,20,489,24,487,513
37,1000,30,7.7,28,83,951,31,9,9,49,8.756784365,120,340,31.46780295,9.823189062,8.206347308,9.275157127,467,18,484,31,485,515
36,1000,30,7.7,28,89,946,29,16,9,54,9.179391007,93,330,31.56186437,9.764705008,8.541779848,9.804376201,474,21,472,33,495,505
41,1000,30,7.7,28,1,947,24,17,12,53,6.94531573,93,331,30.12781759,8.633869041,6.48755752,7.412321581,486,19,461,34,505,495
39,1000,30,7.7,28,72,945,30,12,13,55,8.393946812,76,321,31.38306818,9.480153454,7.86492739,8.953444719,493,21,452,34,514,486
35,1000,30,7.7,28,99,958,26,13,3,42,8.785659264,101,333,31.76222391,9.485942679,8.644209089,8.924308445,475,20,483,22,495,505
34,1000,30,7.7,28,97,933,37,16,14,67,9.267849092,107,298,31.7446549,10.3602792,8.700535051,9.846624023,479,26,454,41,505,495
40,1000,30,7.7,28,6,948,23,14,15,52,7.505176649,117,288,30.37928537,8.841433125,6.924990402,8.069341974,473,20,475,32,493,507
38,1000,30,7.7,28,77,956,23,11,10,44,8.665418413,103,319,31.86339341,9.663748992,8.11021101,9.192486648,467,20,489,24,487,513
37,1000,30,7.7,28,84,952,30,9,9,48,8.78052358,100,308,31.47051379,9.830844746,8.238765196,9.290723224,468,17,484,31,485,515
36,1000,30,7.7,28,90,945,29,17,9,55,9.18258426,110,349,31.5702353,9.766279831,8.544322535,9.808207138,474,21,471,34,495,505
41,1000,30,7.7,28,2,949,24,14,13,51,6.934921219,103,320,30.13738694,8.650124247,6.471448693,7.407756827,487,18,462,33,505,495
39,1000,30,7.7,28,73,945,30,12,13,55,8.420614989,109,291,31.42191183,9.483098486,7.881934899,8.990330145,493,21,452,34,514,486
35,1000,30,7.7,28,100,957,27,13,3,43,8.844465519,86,329,31.78588597,9.4929189,8.700197207,8.985877033,475,20,482,23,495,505
34,1000,30,7.7,28,98,933,35,17,15,67,9.306735334,94,341,31.766581,10.3689403,8.747652427,9.877112846,479,26,454,41,505,495
38,1000,30,7.7,28,78,956,23,11,10,44,8.688619733,101,326,31.87257104,9.674882734,8.148952803,9.200935122,467,20,489,24,487,513
37,1000,30,7.7,28,85,952,30,9,9,48,8.804168532,92,329,31.48031671,9.862381814,8.265856972,9.311122138,468,17,484,31,485,515
40,1000,30,7.7,28,7,948,24,13,15,52,7.537856831,100,288,30.40779397,8.844339619,7.011423928,8.049753126,473,20,475,32,493,507
36,1000,30,7.7,28,91,944,30,17,9,56,9.187906785,101,314,31.60588484,9.786743209,8.558626942,9.80472564,474,21,470,35,495,505
41,1000,30,7.7,28,3,949,24,14,13,51,6.957407522,94,316,30.14991492,8.645386359,6.473224596,7.451371921,487,18,462,33,505,495
39,1000,30,7.7,28,74,945,30,11,14,55,8.437330874,98,341,31.42339981,9.492800072,7.906378053,8.998873569,493,21,452,34,514,486
35,1000,30,7.7,28,101,957,27,13,3,43,8.870495134,95,339,31.80051945,9.507610074,8.73994343,8.998461656,475,20,482,23,495,505
34,1000,30,7.7,28,99,935,35,15,15,65,9.272115205,127,320,31.77096315,10.38106544,8.726266494,9.828991163,479,26,456,39,505,495
38,1000,30,7.7,28,79,957,22,11,10,43,8.684636053,96,307,31.88142052,9.690392193,8.154411459,9.187987666,467,20,490,23,487,513
37,1000,30,7.7,28,86,952,30,9,9,48,8.821855576,114,304,31.49235961,9.900584373,8.297122954,9.316021249,468,17,484,31,485,515
36,1000,30,7.7,28,92,942,31,18,9,58,9.178713417,110,330,31.61721728,9.797161503,8.591864765,9.753941304,473,22,469,36,495,505
41,1000,30,7.7,28,4,949,23,14,14,51,7.009200775,91,279,30.1765961,8.670485947,6.520415476,7.507860525,487,18,462,33,505,495
40,1000,30,7.7,28,8,947,24,14,15,53,7.559787998,89,337,30.43286886,8.865540126,7.000140802,8.103981425,474,19,473,34,493,507
35,1000,30,7.7,28,102,956,27,14,3,44,8.908311649,93,322,31.82432994,9.518165217,8.79798522,9.016453397,474,21,482,23,495,505
39,1000,30,7.7,28,75,946,29,11,14,54,8.445857768,94,321,31.44611636,9.503579048,7.912518087,9.009924838,494,20,452,34,514,486
34,1000,30,7.7,28,100,936,35,15,14,64,9.267611121,124,341,31.80585028,10.41272699,8.687394029,9.859549771,479,26,457,38,505,495
38,1000,30,7.7,28,80,957,22,11,10,43,8.707063139,111,334,31.91750897,9.717542034,8.191673554,9.196331615,468,19,489,24,487,513
37,1000,30,7.7,28,87,952,29,10,9,48,8.855560504,115,327,31.4851542,9.913710153,8.328894572,9.351546868,468,17,484,31,485,515
41,1000,30,7.7,28,5,949,24,13,14,51,7.059462588,96,311,30.19373279,8.677473403,6.590719239,7.537675498,487,18,462,33,505,495
36,1000,30,7.7,28,93,942,31,18,9,58,9.18829437,100,327,31.635149,9.805724673,8.57455062,9.789884778,473,22,469,36,495,505
40,1000,30,7.7,28,9,947,25,14,14,53,7.581118422,106,302,30.45748698,8.878588016,7.002935735,8.143335513,474,19,473,34,493,507
35,1000,30,7.7,28,103,957,27,13,3,43,8.937078105,95,303,31.84804451,9.540220539,8.811906824,9.059770747,475,20,482,23,495,505
39,1000,30,7.7,28,76,946,29,11,14,54,8.468188508,94,307,31.4422482,9.508701357,7.944730171,9.021804938,494,20,452,34,514,486
34,1000,30,7.7,28,101,937,34,14,15,63,9.294750878,106,316,31.83344025,10.40923175,8.692327755,9.909344165,480,25,457,38,505,495
38,1000,30,7.7,28,81,959,20,11,10,41,8.729431975,117,315,31.94934679,9.709585577,8.208140371,9.224303343,469,18,490,23,487,513
37,1000,30,7.7,28,88,953,29,9,9,47,8.852870448,109,335,31.51925156,9.911609906,8.340845508,9.335068693,468,17,485,30,485,515
41,1000,30,7.7,28,6,948,25,13,14,52,7.088634723,92,317,30.2298742,8.689698894,6.637783199,7.548594359,486,19,462,33,505,495
36,1000,30,7.7,28,94,942,31,18,9,58,9.188358374,120,316,31.65542263,9.804396132,8.576708243,9.787896623,473,22,469,36,495,505
35,1000,30,7.7,28,104,957,27,13,3,43,8.959671673,94,316,31.84916253,9.547134678,8.810702244,9.105691212,475,20,482,23,495,505
42,1000,30,7.7,28,0,940,29,15,16,60,7.263,86,304,30.05321536,8.917641954,6.592870544,8.027837259,511,22,429,38,533,467
40,1000,30,7.7,28,10,947,24,15,14,53,7.61845652,93,302,30.48076792,8.887840959,7.044633911,8.176433928,474,19,473,34,493,507
39,1000,30,7.7,28,77,946,29,11,14,54,8.470998617,90,316,31.44790337,9.537758873,7.924391696,9.049097294,494,20,452,34,514,486
34,1000,30,7.7,28,102,937,33,15,15,63,9.300399928,124,342,31.85250161,10.42746996,8.689708861,9.923428188,480,25,457,38,505,495
41,1000,30,7.7,28,7,951,25,9,15,49,7.103317988,94,311,30.24926603,8.697034603,6.638678691,7.577343937,488,17,463,32,505,495
38,1000,30,7.7,28,82,959,20,11,10,41,8.742962616,116,348,31.96680189,9.726346772,8.202598771,9.2559396,469,18,490,23,487,513
37,1000,30,7.7,28,89,953,29,9,9,47,8.865938763,98,319,31.54425666,9.904509815,8.385132325,9.318737059,468,17,485,30,485,515
36,1000,30,7.7,28,95,940,32,19,9,60,9.193409538,98,320,31.6824417,9.819806243,8.597461995,9.77755614,471,24,469,36,495,505
42,1000,30,7.7,28,1,940,30,14,16,60,7.312514501,88,322,30.06621335,8.942342759,6.637581414,8.082834278,512,21,428,39,533,467
39,1000,30,7.7,28,78,946,28,12,14,54,8.462945337,103,320,31.46631213,9.543588591,7.908517002,9.049316044,494,20,452,34,514,486
40,1000,30,7.7,28,11,949,22,14,15,51,7.593993889,116,313,30.52560315,8.914615612,7.007108192,8.16467367,475,18,474,33,493,507
41,1000,30,7.7,28,8,952,24,9,15,48,7.137635808,92,294,30.27224463,8.712190197,6.658998999,7.625942048,488,17,464,31,505,495
34,1000,30,7.7,28,103,937,33,15,15,63,9.313384746,110,334,31.86368221,10.44149469,8.673437461,9.96626026,480,25,457,38,505,495
38,1000,30,7.7,28,83,960,20,11,9,40,8.752137014,102,342,31.98432324,9.718728759,8.192678738,9.28324068,470,17,490,23,487,513
37,1000,30,7.7,28,90,954,28,9,9,46,8.855227288,128,322,31.58485971,9.914622144,8.362545944,9.319208748,468,17,486,29,485,515
36,1000,30,7.7,28,96,938,34,19,9,62,9.219577314,109,316,31.68968664,9.842456256,8.598845989,9.82801693,471,24,467,38,495,505
42,1000,30,7.7,28,2,939,32,14,15,61,7.308349282,102,307,30.09092655,8.956918705,6.645213204,8.065204805,512,21,427,40,533,467
39,1000,30,7.7,28,79,946,28,12,14,54,8.471535875,112,301,31.49823213,9.549713135,7.932479412,9.041649089,494,20,452,34,514,486
41,1000,30,7.7,28,9,952,24,9,15,48,7.152016559,91,322,30.31321831,8.738363267,6.680796745,7.632755964,488,17,464,31,505,495
40,1000,30,7.7,28,12,950,22,14,14,50,7.602364392,98,300,30.56764366,8.921376866,6.991930607,8.195942017,476,17,474,33,493,507
34,1000,30,7.7,28,104,937,34,15,14,63,9.331508229,102,330,31.88032981,10.46581066,8.705337902,9.970328461,480,25,457,38,505,495
43,1000,30,7.7,28,0,938,31,13,18,62,7.456,107,299,30.06469992,9.012744339,6.646365422,8.295315682,490,19,448,43,509,491
38,1000,30,7.7,28,84,960,20,11,9,40,8.759530216,104,297,32.02231089,9.737456622,8.208281607,9.282840299,470,17,490,23,487,513
37,1000,30,7.7,28,91,953,28,10,9,47,8.828216273,97,348,31.61293714,9.923944617,8.325731103,9.301430461,468,17,485,30,485,515
36,1000,30,7.7,28,97,935,37,19,9,65,9.249832565,116,318,31.72048143,9.861908639,8.647081783,9.840647689,469,26,466,39,495,505
42,1000,30,7.7,28,3,940,33,13,14,60,7.304610387,83,297,30.1233108,8.965975557,6.667078926,8.032242653,512,21,428,39,533,467
39,1000,30,7.7,28,80,946,27,13,14,54,8.480257646,96,296,31.50756788,9.553192184,7.950859548,9.040156046,494,20,452,34,514,486
41,1000,30,7.7,28,10,953,23,9,15,47,7.187103367,96,320,30.32470543,8.753377763,6.722365683,7.661229692,488,17,465,30,505,495
40,1000,30,7.7,28,13,948,25,14,13,52,7.617054291,91,336,30.56141294,8.934052582,6.981249023,8.235302806,477,16,471,36,493,507
43,1000,30,7.7,28,1,938,32,11,19,62,7.489240276,97,317,30.06263856,9.018683986,6.672550308,8.335869998,491,18,447,44,509,491
37,1000,30,7.7,28,92,951,30,10,9,49,8.863501763,102,312,31.62706894,9.938421875,8.385733834,9.313438551,468,17,483,32,485,515
38,1000,30,7.7,28,85,960,20,11,9,40,8.770053409,106,329,32.02951552,9.736082987,8.224392773,9.28805873,470,17,490,23,487,513
36,1000,30,7.7,28,98,936,36,19,9,64,9.291504364,104,318,31.73399597,9.877133972,8.699742436,9.871548235,469,26,467,38,495,505
42,1000,30,7.7,28,4,941,31,14,14,59,7.31919456,109,287,30.13400946,8.97611179,6.670934409,8.059071778,513,20,428,39,533,467
41,1000,30,7.7,28,11,952,24,9,15,48,7.236414317,81,317,30.34574375,8.765962244,6.76806945,7.714220697,488,17,464,31,505,495
39,1000,30,7.7,28,81,945,28,13,14,55,8.507249702,99,314,31.53547777,9.564560638,7.953569084,9.092829615,494,20,451,35,514,486
37,1000,30,7.7,28,93,950,31,10,9,50,8.841703292,113,349,31.66907703,9.952209177,8.343488049,9.310896289,468,17,482,33,485,515
43,1000,30,7.7,28,2,936,34,12,18,64,7.494395598,97,313,30.07660046,9.036054107,6.676359016,8.342421301,490,19,446,45,509,491
38,1000,30,7.7,28,86,960,21,10,9,40,8.758285377,97,351,32.05579072,9.727520475,8.226701126,9.262927735,470,17,490,23,487,513
40,1000,30,7.7,28,14,948,25,14,13,52,7.620461782,91,309,30.57457116,8.935417983,7.00981842,8.214243197,476,17,472,35,493,507
36,1000,30,7.7,28,99,937,35,19,9,63,9.341115885,103,328,31.76484796,9.916018874,8.748263357,9.922228758,470,25,467,38,495,505
41,1000,30,7.7,28,12,953,23,10,14,47,7.24315746,102,307,30.3690087,8.768927362,6.8098996,7.685168004,488,17,465,30,505,495
42,1000,30,7.7,28,5,942,30,14,14,58,7.325208755,75,316,30.17423588,8.996794651,6.687570606,8.052962787,514,19,428,39,533,467
39,1000,30,7.7,28,82,945,28,13,14,55,8.508193517,106,295,31.56674754,9.57007859,7.936476491,9.112848971,494,20,451,35,514,486
37,1000,30,7.7,28,94,950,31,10,9,50,8.85895256,97,326,31.68643016,9.962355755,8.349284205,9.338931497,468,17,482,33,485,515
38,1000,30,7.7,28,87,960,21,10,9,40,8.74986297,93,307,32.05657812,9.744354916,8.238691968,9.23512667,470,17,490,23,487,513
43,1000,30,7.7,28,3,937,31,14,18,63,7.537389896,84,298,30.10471039,9.048387404,6.73877167,8.365285369,490,19,447,44,509,491
36,1000,30,7.7,28,100,937,35,18,10,63,9.363352745,107,314,31.77620632,9.907082928,8.775279268,9.939781202,470,25,467,38,495,505
40,1000,30,7.7,28,15,948,25,14,13,52,7.630574206,107,322,30.63152124,8.936862864,6.999049826,8.244660044,477,16,471,36,493,507
41,1000,30,7.7,28,13,954,23,9,14,46,7.252651026,92,303,30.38240209,8.779459843,6.801980858,7.712425643,488,17,466,29,505,495
42,1000,30,7.7,28,6,944,28,14,14,56,7.33602238,96,286,30.19006649,9.021851128,6.712012483,8.048222113,514,19,430,37,533,467
39,1000,30,7.7,28,83,946,27,14,13,54,8.501206871,97,353,31.59319566,9.572752857,7.940389401,9.094334812,495,19,451,35,514,486
37,1000,30,7.7,28,95,950,30,11,9,50,8.871374412,114,322,31.71394036,9.995952811,8.367955753,9.345467712,468,17,482,33,485,515
38,1000,30,7.7,28,88,961,21,10,8,39,8.747980847,92,323,32.09736422,9.755608007,8.214491587,9.254431664,471,16,490,23,487,513
43,1000,30,7.7,28,4,938,29,16,17,62,7.532656237,113,317,30.12475132,9.061457528,6.707821357,8.387729462,491,18,447,44,509,491
36,1000,30,7.7,28,101,935,35,20,10,65,9.432427355,79,315,31.81627238,9.917471715,8.855986064,9.997453968,470,25,465,40,495,505
40,1000,30,7.7,28,16,947,25,15,13,53,7.658775334,99,320,30.65069006,8.937824664,7.016116488,8.283688176,476,17,471,36,493,507
41,1000,30,7.7,28,14,954,22,10,14,46,7.283056655,101,307,30.39800405,8.767533054,6.835858823,7.739288787,488,17,466,29,505,495
39,1000,30,7.7,28,84,946,27,14,13,54,8.512173847,96,325,31.61985871,9.586427358,7.95119606,9.105471341,495,19,451,35,514,486
42,1000,30,7.7,28,7,945,27,14,14,55,7.360326209,95,318,30.19632174,9.04134489,6.739567911,8.068814802,514,19,431,36,533,467
37,1000,30,7.7,28,96,950,30,11,9,50,8.889371683,85,326,31.74083725,10.00353451,8.380270089,9.368816873,468,17,482,33,485,515
38,1000,30,7.7,28,89,962,21,8,9,38,8.756600385,86,323,32.10236769,9.759820041,8.247955997,9.239465525,471,16,491,22,487,513
43,1000,30,7.7,28,5,938,30,15,17,62,7.555013558,102,301,30.16280517,9.071824367,6.780733518,8.35767861,490,19,448,43,509,491
36,1000,30,7.7,28,102,936,35,20,9,64,9.416171025,94,327,31.84028325,9.933413323,8.878038014,9.943647936,470,25,466,39,495,505
41,1000,30,7.7,28,15,954,22,10,14,46,7.319578615,95,298,30.43776199,8.797111349,6.870525686,7.77770332,488,17,466,29,505,495
40,1000,30,7.7,28,17,951,24,12,13,49,7.638623622,90,304,30.6771316,8.950113525,7.032073146,8.228425171,476,17,475,32,493,507
39,1000,30,7.7,28,85,945,29,14,12,55,8.526127774,92,304,31.64179502,9.610611991,7.962191469,9.122554236,495,19,450,36,514,486
42,1000,30,7.7,28,8,943,29,14,14,57,7.411535819,106,288,30.20935737,9.067092297,6.803840519,8.105115251,513,20,430,37,533,467
38,1000,30,7.7,28,90,960,22,9,9,40,8.803764816,104,314,32.12467814,9.770997276,8.31198102,9.270623898,471,16,489,24,487,513
37,1000,30,7.7,28,97,950,30,10,10,50,8.885812684,104,303,31.7388796,10.02568508,8.381381509,9.360859517,468,17,482,33,485,515
43,1000,30,7.7,28,6,938,30,15,17,62,7.587990089,110,294,30.18543005,9.065187208,6.807871694,8.39670753,490,19,448,43,509,491
36,1000,30,7.7,28,103,936,35,20,9,64,9.423483336,90,313,31.84111017,9.940042739,8.901118448,9.935504365,470,25,466,39,495,505
41,1000,30,7.7,28,16,951,25,9,15,49,7.36424227,105,310,30.43784592,8.794733077,6.924144674,7.813230727,488,17,463,32,505,495
40,1000,30,7.7,28,18,950,26,11,13,50,7.691168061,110,309,30.69396248,8.965111248,7.133384548,8.233549267,475,18,475,32,493,507
39,1000,30,7.7,28,86,946,28,14,12,54,8.53670971,86,317,31.6450384,9.616994369,7.997871375,9.10659223,495,19,451,35,514,486
42,1000,30,7.7,28,9,943,29,14,14,57,7.46100031,95,323,30.21374897,9.091673199,6.831746334,8.179185256,513,20,430,37,533,467
38,1000,30,7.7,28,91,959,22,10,9,41,8.828684771,112,331,32.14287156,9.781315448,8.36435499,9.269481268,470,17,489,24,487,513
37,1000,30,7.7,28,98,950,30,10,10,50,8.880910349,121,350,31.76536107,10.04929139,8.389141195,9.344032756,468,17,482,33,485,515
41,1000,30,7.7,28,17,953,24,9,14,47,7.367857532,101,316,30.45021438,8.803381375,6.946965709,7.797252221,488,17,465,30,505,495
36,1000,30,7.7,28,104,934,37,20,9,66,9.44902981,96,304,31.86360283,9.943122544,8.95703358,9.931283542,469,26,465,40,495,505
43,1000,30,7.7,28,7,938,30,13,19,62,7.6440521,103,300,30.19966715,9.092739917,6.841721454,8.475796089,490,19,448,43,509,491
44,1000,30,7.7,28,0,939,28,19,14,61,7.451,94,315,29.81779042,8.963412611,6.683206107,8.296218487,500,24,439,37,524,476
39,1000,30,7.7,28,87,945,29,14,12,55,8.562849153,97,316,31.68541492,9.621667864,7.998297789,9.159926109,495,19,450,36,514,486
42,1000,30,7.7,28,10,943,29,14,14,57,7.480209344,102,297,30.22440229,9.098274557,6.854451964,8.194403526,512,21,431,36,533,467
40,1000,30,7.7,28,19,952,27,9,12,48,7.694837044,82,339,30.71926534,8.960948163,7.149415291,8.225197841,476,17,476,31,493,507
38,1000,30,7.7,28,92,958,24,10,8,42,8.836044218,105,363,32.16111109,9.766668073,8.375656884,9.273098081,470,17,488,25,487,513
41,1000,30,7.7,28,18,952,26,9,13,48,7.415257013,94,289,30.45677254,8.801043777,7.00904125,7.829679156,488,17,464,31,505,495
37,1000,30,7.7,28,99,947,35,10,8,53,8.915702312,102,293,31.78772123,10.06186392,8.440307827,9.363403914,467,18,480,35,485,515
43,1000,30,7.7,28,8,938,32,13,17,62,7.610271633,96,324,30.22777527,9.1031402,6.764165306,8.487396115,490,19,448,43,509,491
44,1000,30,7.7,28,1,940,27,20,13,60,7.4379541,102,337,29.83674306,8.989334584,6.649387722,8.306039777,501,23,439,37,524,476
39,1000,30,7.7,28,88,947,29,13,11,53,8.549683679,87,324,31.70390768,9.614807016,8.010406385,9.120030446,495,19,452,34,514,486
42,1000,30,7.7,28,11,943,29,14,14,57,7.503939744,99,313,30.23119964,9.112993827,6.848811128,8.251656129,512,21,431,36,533,467
40,1000,30,7.7,28,20,952,27,9,12,48,7.698860677,97,307,30.72732186,8.988617982,7.168882561,8.214204289,476,17,476,31,493,507
41,1000,30,7.7,28,19,952,26,9,13,48,7.441285634,72,311,30.46366238,8.814088245,7.037348406,7.85338321,488,17,464,31,505,495
38,1000,30,7.7,28,93,957,25,10,8,43,8.858481662,92,327,32.20600283,9.76531396,8.386590021,9.306456768,470,17,487,26,487,513
37,1000,30,7.7,28,100,946,35,11,8,54,8.923874179,104,321,31.78673883,10.08823581,8.43297392,9.386178307,467,18,479,36,485,515
43,1000,30,7.7,28,9,940,30,13,17,60,7.602410741,95,297,30.24408027,9.117996886,6.761646307,8.473997497,491,18,449,42,509,491
44,1000,30,7.7,28,2,943,25,19,13,57,7.444159069,95,314,29.86285902,8.993878443,6.692005505,8.272160052,501,23,442,34,524,476
39,1000,30,7.7,28,89,947,29,13,11,53,8.553892033,94,318,31.71243942,9.620510175,8.013475392,9.125443789,494,20,453,33,514,486
42,1000,30,7.7,28,12,943,29,14,14,57,7.511592809,92,283,30.25902432,9.099910772,6.859375431,8.25598652,512,21,431,36,533,467
41,1000,30,7.7,28,20,952,27,9,12,48,7.440616625,89,319,30.4759001,8.806907688,7.046609381,7.842583612,488,17,464,31,505,495
38,1000,30,7.7,28,94,957,25,10,8,43,8.871213958,126,347,32.2322043,9.77571872,8.404859268,9.313932738,469,18,488,25,487,513
40,1000,30,7.7,28,21,952,27,9,12,48,7.719854884,105,326,30.73266737,9.004715913,7.158570727,8.265640069,476,17,476,31,493,507
37,1000,30,7.7,28,101,945,36,11,8,55,8.934837083,109,340,31.81879667,10.10820786,8.420382722,9.419323229,466,19,479,36,485,515
44,1000,30,7.7,28,3,943,25,19,13,57,7.50046198,91,270,29.89181556,9.022196386,6.761301309,8.314159861,501,23,442,34,524,476
43,1000,30,7.7,28,10,941,28,14,17,59,7.600469233,94,302,30.27076323,9.138036819,6.751919287,8.480126915,492,17,449,42,509,491
39,1000,30,7.7,28,90,945,31,13,11,55,8.600767988,93,335,31.71900527,9.629747359,8.019604222,9.215414439,494,20,451,35,514,486
42,1000,30,7.7,28,13,945,28,14,13,55,7.540097726,114,335,30.2666236,9.088252527,6.893584807,8.27798078,513,20,432,35,533,467
41,1000,30,7.7,28,21,952,25,10,13,48,7.483090229,89,301,30.50537743,8.824023956,7.061811543,7.912879596,488,17,464,31,505,495
38,1000,30,7.7,28,95,957,24,11,8,43,8.881383616,100,336,32.26212955,9.79054396,8.39721343,9.341014962,469,18,488,25,487,513
37,1000,30,7.7,28,102,944,38,10,8,56,8.937660796,105,339,31.81925119,10.146993,8.447785992,9.398999204,465,20,479,36,485,515
44,1000,30,7.7,28,4,942,25,20,13,58,7.544214284,92,305,29.91770058,9.041155769,6.762969721,8.40423981,501,23,441,35,524,476
40,1000,30,7.7,28,22,952,27,9,12,48,7.752343448,93,301,30.75056211,9.000066467,7.189782353,8.299370312,476,17,476,31,493,507
43,1000,30,7.7,28,11,940,29,14,17,60,7.655060703,83,316,30.31407296,9.149398287,6.825808484,8.514713207,491,18,449,42,509,491
39,1000,30,7.7,28,91,945,32,13,10,55,8.61097238,122,306,31.75841256,9.640629059,8.045328462,9.209204837,494,20,451,35,514,486
41,1000,30,7.7,28,22,953,25,9,13,47,7.489486242,85,282,30.53051994,8.831244742,7.047319935,7.940585201,489,16,464,31,505,495
42,1000,30,7.7,28,14,946,27,14,13,54,7.583089571,104,288,30.28054788,9.110562982,6.956645676,8.298067292,513,20,433,34,533,467
38,1000,30,7.7,28,96,956,25,11,8,44,8.894612181,90,361,32.26171628,9.798352998,8.408413356,9.356169349,469,18,487,26,487,513
37,1000,30,7.7,28,103,943,39,10,8,57,8.95857428,111,314,31.82477831,10.14808838,8.49025413,9.399613645,464,21,479,36,485,515
44,1000,30,7.7,28,5,943,25,19,13,57,7.549727757,100,304,29.93502787,9.059659927,6.790500881,8.385515326,501,23,442,34,524,476
40,1000,30,7.7,28,23,953,25,10,12,47,7.747322933,113,296,30.76481808,9.016210729,7.198022378,8.281455425,476,17,477,30,493,507
43,1000,30,7.7,28,12,941,28,14,17,59,7.691937283,97,308,30.32909039,9.149317703,6.87170345,8.542240789,491,18,450,41,509,491
41,1000,30,7.7,28,23,953,26,8,13,47,7.509477073,96,330,30.5444264,8.859886109,7.062354538,7.965632387,489,16,464,31,505,495
39,1000,30,7.7,28,92,943,33,14,10,57,8.658866035,94,289,31.76846715,9.64516682,8.122614567,9.226012649,492,22,451,35,514,486
42,1000,30,7.7,28,15,949,23,15,13,51,7.56206063,98,325,30.32040087,9.132952665,6.946229501,8.26492571,514,19,435,32,533,467
38,1000,30,7.7,28,97,957,25,10,8,43,8.905470317,103,309,32.28037428,9.812379462,8.402936888,9.382534215,469,18,488,25,487,513
44,1000,30,7.7,28,6,943,25,18,14,57,7.561094899,100,297,29.97032432,9.066325463,6.806275999,8.392029991,501,23,442,34,524,476
37,1000,30,7.7,28,104,944,38,10,8,56,8.977750496,117,324,31.85108133,10.16991953,8.528507274,9.400824211,464,21,480,35,485,515
45,1000,30,7.7,28,0,940,29,16,15,60,7.198,88,302,29.87474639,8.885274623,6.179190751,8.297297297,501,18,439,42,519,481
40,1000,30,7.7,28,24,955,26,9,10,45,7.734062823,99,302,30.77788773,9.043586044,7.140748676,8.310993542,477,16,478,29,493,507
43,1000,30,7.7,28,13,941,28,15,16,59,7.685541295,107,316,30.36824221,9.183064461,6.867587392,8.533481289,491,18,450,41,509,491
41,1000,30,7.7,28,24,954,26,7,13,46,7.545266373,80,330,30.5724265,8.880346302,7.116237363,7.982962636,489,16,465,30,505,495
39,1000,30,7.7,28,93,943,34,14,9,57,8.66737951,117,341,31.77207372,9.651808898,8.162529496,9.201315534,491,23,452,34,514,486
42,1000,30,7.7,28,16,951,21,15,13,49,7.564006467,88,296,30.34596493,9.133944109,6.958871856,8.254663314,515,18,436,31,533,467
44,1000,30,7.7,28,7,944,25,17,14,56,7.594348926,107,306,29.99835352,9.071020664,6.867579781,8.394405716,501,23,443,33,524,476
38,1000,30,7.7,28,98,959,24,9,8,41,8.916296498,101,354,32.31006834,9.816321693,8.436955444,9.371343464,470,17,489,24,487,513
45,1000,30,7.7,28,1,942,27,16,15,58,7.220187605,85,318,29.91312482,8.904472061,6.208446179,8.311858708,502,17,440,41,519,481
41,1000,30,7.7,28,25,953,27,7,13,47,7.580027849,94,327,30.58566832,8.882864116,7.12794478,8.04124391,489,16,464,31,505,495
43,1000,30,7.7,28,14,942,26,16,16,58,7.699019746,93,289,30.40421354,9.186703285,6.9054729,8.521657922,491,18,451,40,509,491
40,1000,30,7.7,28,25,955,25,10,10,45,7.782392181,102,301,30.81767311,9.04249395,7.189305555,8.359101661,477,16,478,29,493,507
39,1000,30,7.7,28,94,942,34,15,9,58,8.699371078,104,320,31.81258543,9.659995506,8.218944124,9.207476952,490,24,452,34,514,486
44,1000,30,7.7,28,8,946,24,15,15,54,7.621900039,91,310,30.03998614,9.097310388,6.897053332,8.419840531,502,22,444,32,524,476
42,1000,30,7.7,28,17,951,21,15,13,49,7.533025302,96,303,30.37752548,9.140706086,6.93885379,8.21116966,515,18,436,31,533,467
38,1000,30,7.7,28,99,959,24,9,8,41,8.933763936,93,313,32.33910278,9.857530411,8.446467705,9.396362892,470,17,489,24,487,513
45,1000,30,7.7,28,2,943,26,16,15,57,7.244556547,93,309,29.92218264,8.92687153,6.239124469,8.32941985,502,17,441,40,519,481
41,1000,30,7.7,28,26,953,27,7,13,47,7.580787437,80,294,30.58855488,8.907917552,7.115307917,8.055670583,489,16,464,31,505,495
43,1000,30,7.7,28,15,942,26,14,18,58,7.715335016,101,330,30.44907669,9.198573588,6.904967121,8.555410898,491,18,451,40,509,491
39,1000,30,7.7,28,95,942,34,14,10,58,8.739417467,91,292,31.83932255,9.687462585,8.247309808,9.259877007,490,24,452,34,514,486
40,1000,30,7.7,28,26,955,25,10,10,45,7.812615547,82,326,30.84285812,9.031281349,7.218386331,8.390436067,477,16,478,29,493,507
44,1000,30,7.7,28,9,947,22,17,14,53,7.661046838,76,296,30.05594581,9.127125472,6.942403083,8.45215887,502,22,445,31,524,476
42,1000,30,7.7,28,18,952,20,15,13,48,7.537952654,92,306,30.39953459,9.148707035,6.928530241,8.233503288,515,18,437,30,533,467
38,1000,30,7.7,28,100,959,24,9,8,41,8.936940252,97,305,32.37794216,9.865736269,8.451486468,9.397790142,470,17,489,24,487,513
45,1000,30,7.7,28,3,944,26,15,15,56,7.253363958,80,306,29.96578397,8.935337167,6.249855246,8.336151945,503,16,441,40,519,481
41,1000,30,7.7,28,27,954,26,7,13,46,7.586596836,91,293,30.59393637,8.91337949,7.103653101,8.07929701,489,16,465,30,505,495
43,1000,30,7.7,28,16,942,26,14,18,58,7.737882883,95,297,30.53442984,9.198106915,6.954767966,8.549706697,491,18,451,40,509,491
39,1000,30,7.7,28,96,942,34,14,10,58,8.758742684,105,341,31.86399995,9.708547545,8.277936456,9.267249682,490,24,452,34,514,486
44,1000,30,7.7,28,10,946,23,17,14,54,7.701701753,107,328,30.08968298,9.114450978,7.015253611,8.457371556,501,23,445,31,524,476
40,1000,30,7.7,28,27,956,25,10,9,44,7.829543931,96,306,30.8387976,9.058746776,7.275429808,8.368357073,477,16,479,28,493,507
42,1000,30,7.7,28,19,952,20,14,14,48,7.582160307,92,303,30.42836478,9.161112996,6.998079899,8.24878741,515,18,437,30,533,467
38,1000,30,7.7,28,101,959,25,9,7,41,8.944189209,103,350,32.40535366,9.880106978,8.441428172,9.42146918,471,16,488,25,487,513
41,1000,30,7.7,28,28,954,26,7,13,46,7.610836615,84,301,30.61280502,8.919561734,7.108382372,8.12344145,490,15,464,31,505,495
45,1000,30,7.7,28,4,944,26,15,15,56,7.290481568,93,285,29.99699415,8.958036085,6.290890415,8.3690425,503,16,441,40,519,481
44,1000,30,7.7,28,11,946,23,17,14,54,7.734270969,103,313,30.14406666,9.131672294,7.046509327,8.491386726,501,23,445,31,524,476
43,1000,30,7.7,28,17,942,26,14,18,58,7.794728717,100,288,30.56325159,9.199774615,7.047551386,8.569297477,491,18,451,40,509,491
39,1000,30,7.7,28,97,941,34,15,10,59,8.810661095,96,336,31.89671392,9.726411857,8.363603349,9.283475255,489,25,452,34,514,486
42,1000,30,7.7,28,20,953,20,13,14,47,7.560999513,98,297,30.45209178,9.168255772,6.995523331,8.206393099,515,18,438,29,533,467
40,1000,30,7.7,28,28,955,26,10,9,45,7.858080926,94,305,30.84244405,9.053955281,7.278873664,8.421294299,477,16,478,29,493,507
38,1000,30,7.7,28,102,959,25,9,7,41,8.947054005,104,317,32.41602074,9.906720265,8.436800306,9.431446893,471,16,488,25,487,513
41,1000,30,7.7,28,29,955,26,6,13,45,7.666269952,88,299,30.63270828,8.923937545,7.140413186,8.202750087,490,15,465,30,505,495
45,1000,30,7.7,28,5,945,23,17,15,55,7.347827826,110,298,30.01887395,8.970831019,6.33780964,8.437639549,503,16,442,39,519,481
44,1000,30,7.7,28,12,950,22,15,13,50,7.71883446,98,313,30.15743108,9.139320857,7.049301643,8.455883191,502,22,448,28,524,476
43,1000,30,7.7,28,18,942,26,14,18,58,7.856852783,117,314,30.55875334,9.212260856,7.128937703,8.611453141,491,18,451,40,509,491
39,1000,30,7.7,28,98,942,34,14,10,58,8.812165496,106,304,31.92420232,9.727965869,8.357218291,9.293323651,490,24,452,34,514,486
42,1000,30,7.7,28,21,953,19,14,14,47,7.590108241,90,308,30.44693839,9.199867472,7.040261346,8.217663691,514,19,439,28,533,467
38,1000,30,7.7,28,103,957,27,9,7,43,8.950987175,97,304,32.45120257,9.920826616,8.444965113,9.431362896,471,16,486,27,487,513
41,1000,30,7.7,28,30,955,26,6,13,45,7.662780654,95,301,30.66135427,8.925378334,7.151433389,8.184458167,490,15,465,30,505,495
40,1000,30,7.7,28,29,955,26,10,9,45,7.878561619,86,315,30.86937453,9.069846183,7.267000128,8.473235811,478,15,477,30,493,507
45,1000,30,7.7,28,6,946,22,17,15,54,7.377824054,82,323,30.02682364,8.984640089,6.377866622,8.456780202,504,15,442,39,519,481
44,1000,30,7.7,28,13,950,21,16,13,50,7.758320203,88,306,30.16885332,9.164584285,7.085167519,8.499353829,502,22,448,28,524,476
39,1000,30,7.7,28,99,943,33,14,10,57,8.851295578,113,346,31.93072509,9.753332434,8.441955341,9.284219203,490,24,453,33,514,486
43,1000,30,7.7,28,19,943,26,15,16,57,7.865455606,82,304,30.56954807,9.221282105,7.109805917,8.64880732,491,18,452,39,509,491
41,1000,30,7.7,28,31,955,26,6,13,45,7.684144657,71,300,30.66361034,8.939778303,7.14955463,8.229534483,490,15,465,30,505,495
42,1000,30,7.7,28,22,954,19,13,14,46,7.584412968,88,317,30.45077866,9.204226885,7.058688547,8.184436771,514,19,440,27,533,467
38,1000,30,7.7,28,104,956,28,9,7,44,8.972650697,100,313,32.47705957,9.94369815,8.467388054,9.452305487,470,17,486,27,487,513
46,1000,30,7.7,28,0,926,39,18,17,74,7.48,105,295,29.90142918,9.214747488,6.51953125,8.487704918,494,18,432,56,512,488
40,1000,30,7.7,28,30,955,25,11,9,45,7.933298951,87,296,30.89470977,9.090624213,7.320524093,8.529153005,478,15,477,30,493,507
44,1000,30,7.7,28,14,952,19,17,12,48,7.747991749,102,294,30.19710494,9.172612232,7.075085467,8.488754128,503,21,449,27,524,476
45,1000,30,7.7,28,7,948,20,17,15,52,7.397630524,96,294,30.04623656,8.993635279,6.390073414,8.48478674,504,15,444,37,519,481
39,1000,30,7.7,28,100,945,32,13,10,55,8.841877211,103,322,31.95306755,9.768066933,8.419828642,9.288241336,492,22,453,33,514,486
43,1000,30,7.7,28,20,943,26,14,17,57,7.891225669,101,311,30.58470799,9.223323619,7.121692287,8.68897005,491,18,452,39,509,491
41,1000,30,7.7,28,32,956,25,7,12,44,7.723009346,106,329,30.6974766,8.959746939,7.195731067,8.260939711,491,14,465,30,505,495
42,1000,30,7.7,28,23,954,19,13,14,46,7.608252028,92,337,30.46119898,9.223844923,7.054997282,8.239696952,514,19,440,27,533,467
46,1000,30,7.7,28,1,928,36,19,17,72,7.482595515,115,305,29.91007356,9.232395558,6.58684207,8.422402408,494,18,434,54,512,488
44,1000,30,7.7,28,15,953,18,17,12,47,7.744740531,106,320,30.20141958,9.186302413,7.084707091,8.471331964,503,21,450,26,524,476
40,1000,30,7.7,28,31,955,25,11,9,45,7.945460047,90,310,30.90442842,9.096954162,7.326585657,8.547245204,478,15,477,30,493,507
45,1000,30,7.7,28,8,949,19,17,15,51,7.420509623,95,310,30.05964224,8.999415514,6.428215829,8.491196689,505,14,444,37,519,481
39,1000,30,7.7,28,101,942,34,13,11,58,8.847392938,104,325,31.9746004,9.768561968,8.42162711,9.297688483,490,24,452,34,514,486
43,1000,30,7.7,28,21,945,25,13,17,55,7.902159158,95,329,30.60463858,9.230129965,7.142439555,8.689729989,491,18,454,37,509,491
41,1000,30,7.7,28,33,954,26,8,12,46,7.755886692,93,319,30.7072626,8.96315404,7.213018824,8.309721588,489,16,465,30,505,495
42,1000,30,7.7,28,24,954,20,12,14,46,7.608829419,96,294,30.49666255,9.241174304,7.073192998,8.220166061,513,20,441,26,533,467
46,1000,30,7.7,28,2,931,34,19,16,69,7.50249412,92,299,29.90279047,9.253542246,6.595371863,8.454228948,495,17,436,52,512,488
44,1000,30,7.7,28,16,955,16,17,12,45,7.748707214,104,320,30.21066954,9.197592764,7.098150194,8.464866623,504,20,451,25,524,476
45,1000,30,7.7,28,9,950,19,16,15,50,7.445381737,74,308,30.07195817,9.005682202,6.46295591,8.505421247,505,14,445,36,519,481
40,1000,30,7.7,28,32,954,26,11,9,46,7.968660513,104,299,30.91931278,9.098864818,7.370052429,8.550738985,478,15,476,31,493,507
41,1000,30,7.7,28,34,954,26,9,11,46,7.813721706,94,339,30.72606201,8.988016596,7.308398949,8.329253005,489,16,465,30,505,495
39,1000,30,7.7,28,102,941,34,14,11,59,8.868605986,110,309,31.99897166,9.775098466,8.417328552,9.345882943,490,24,451,35,514,486
43,1000,30,7.7,28,22,944,26,13,17,56,7.935544048,100,308,30.60507853,9.250936223,7.207048747,8.690745899,490,19,454,37,509,491
42,1000,30,7.7,28,25,954,20,12,14,46,7.632421403,97,310,30.48828689,9.265383545,7.099808211,8.24030755,513,20,441,26,533,467
46,1000,30,7.7,28,3,932,34,18,16,68,7.528107919,108,311,29.93839926,9.270522491,6.6559748,8.44313283,495,17,437,51,512,488
44,1000,30,7.7,28,17,954,17,17,12,46,7.800603331,78,334,30.22758749,9.206814809,7.139383969,8.528500276,503,21,451,25,524,476
45,1000,30,7.7,28,10,952,18,15,15,48,7.461573807,100,294,30.07876387,9.028519558,6.468380244,8.533231725,506,13,446,35,519,481
41,1000,30,7.7,28,35,954,27,9,10,46,7.820174675,94,312,30.73654557,9.008926962,7.268751727,8.382737481,489,16,465,30,505,495
40,1000,30,7.7,28,33,952,28,11,9,48,8.008787949,104,314,30.93697562,9.093740644,7.423016476,8.578384274,476,17,476,31,493,507
39,1000,30,7.7,28,103,941,34,14,11,59,8.868465364,95,327,32.02425024,9.795388417,8.433666341,9.328314536,490,24,451,35,514,486
43,1000,30,7.7,28,23,945,26,12,17,55,7.966087797,74,319,30.64366157,9.275138079,7.263326706,8.694612023,490,19,455,36,509,491
42,1000,30,7.7,28,26,955,20,11,14,45,7.661551023,101,310,30.5028217,9.276149416,7.174928052,8.216947262,512,21,443,24,533,467
46,1000,30,7.7,28,4,934,33,17,16,66,7.498863803,112,318,29.96695106,9.268301135,6.680073157,8.357922842,494,18,440,48,512,488
44,1000,30,7.7,28,18,954,17,17,12,46,7.790364895,85,293,30.21035612,9.230312977,7.128427837,8.519051908,503,21,451,25,524,476
41,1000,30,7.7,28,36,955,27,9,9,45,7.816158107,102,290,30.73247463,9.032619582,7.263487073,8.379994212,489,16,466,29,505,495
45,1000,30,7.7,28,11,952,18,15,15,48,7.472085754,106,304,30.0777896,9.061834542,6.504995071,8.515578611,506,13,446,35,519,481
39,1000,30,7.7,28,104,941,34,14,11,59,8.966049267,96,326,32.03969747,9.788231462,8.526838224,9.43056465,490,24,451,35,514,486
47,1000,30,7.7,28,0,932,30,26,12,68,7.31,103,282,30.23735181,9.014441388,6.707792208,7.827137546,438,24,494,44,462,538
40,1000,30,7.7,28,34,953,27,11,9,47,8.034852581,101,311,30.94366028,9.096810923,7.456718517,8.597022391,476,17,477,30,493,507
43,1000,30,7.7,28,24,944,27,12,17,56,7.98883579,100,306,30.64956817,9.277250811,7.263914524,8.740332581,491,18,453,38,509,491
46,1000,30,7.7,28,5,935,33,16,16,65,7.5017805,89,308,29.99641487,9.278119535,6.703151536,8.339686298,494,18,441,47,512,488
42,1000,30,7.7,28,27,954,20,12,14,46,7.675423209,100,319,30.53052165,9.280517,7.202506284,8.215176359,512,21,442,25,533,467
44,1000,30,7.7,28,19,954,17,16,13,46,7.814792146,84,293,30.21891963,9.226525635,7.141390341,8.556100015,504,20,450,26,524,476
41,1000,30,7.7,28,37,956,27,8,9,44,7.838492923,95,279,30.75144823,9.049638546,7.288421412,8.39967699,489,16,467,28,505,495
45,1000,30,7.7,28,12,952,18,16,14,48,7.473544036,78,301,30.10234656,9.080799911,6.552389547,8.467471644,506,13,446,35,519,481
47,1000,30,7.7,28,1,934,27,27,12,66,7.372409821,96,320,30.25459761,9.025861445,6.76762032,7.891764374,439,23,495,43,462,538
43,1000,30,7.7,28,25,945,26,12,17,55,8.007213532,97,293,30.65963864,9.294701446,7.264285869,8.777376833,492,17,453,38,509,491
40,1000,30,7.7,28,35,953,27,11,9,47,8.031790714,109,317,30.97055412,9.114136404,7.495843286,8.552938803,475,18,478,29,493,507
44,1000,30,7.7,28,20,954,18,15,13,46,7.842483737,107,320,30.22401588,9.21356001,7.1838365,8.567549183,503,21,451,25,524,476
42,1000,30,7.7,28,28,954,21,12,13,46,7.701804797,112,316,30.54965429,9.297568764,7.201238672,8.273114743,512,21,442,25,533,467
46,1000,30,7.7,28,6,937,31,16,16,63,7.481486212,104,293,30.03373929,9.271969591,6.688608027,8.313358406,494,18,443,45,512,488
41,1000,30,7.7,28,38,957,26,8,9,43,7.860473222,86,313,30.78868685,9.064855875,7.315556552,8.416398309,489,16,468,27,505,495
45,1000,30,7.7,28,13,952,18,15,15,48,7.484638941,110,315,30.13559366,9.109748794,6.585914041,8.454364976,505,14,447,34,519,481
47,1000,30,7.7,28,2,936,26,28,10,64,7.365543289,87,307,30.27125134,9.040049656,6.800418066,7.850836697,440,22,496,42,462,538
43,1000,30,7.7,28,26,945,26,12,17,55,8.007411302,99,294,30.66765259,9.3257301,7.259020736,8.783237775,492,17,453,38,509,491
44,1000,30,7.7,28,21,955,18,14,13,45,7.881762692,96,317,30.22571595,9.233120093,7.205671359,8.626031301,504,20,451,25,524,476
46,1000,30,7.7,28,7,939,29,16,16,61,7.485345533,107,308,30.03479495,9.277232717,6.702847982,8.306326571,494,18,445,43,512,488
42,1000,30,7.7,28,29,953,22,12,13,47,7.730483776,113,292,30.562417,9.306536476,7.218493638,8.314832264,511,22,442,25,533,467
40,1000,30,7.7,28,36,953,27,11,9,47,8.054733837,104,303,30.99852159,9.134204855,7.539259433,8.555974235,475,18,478,29,493,507
41,1000,30,7.7,28,39,957,26,8,9,43,7.881756587,100,316,30.82995013,9.062477034,7.322581934,8.452227699,489,16,468,27,505,495
45,1000,30,7.7,28,14,952,18,15,15,48,7.497648556,92,326,30.16414784,9.124511802,6.602326375,8.463703051,505,14,447,34,519,481
47,1000,30,7.7,28,3,936,27,26,11,64,7.38815489,87,300,30.3077707,9.028042705,6.873297484,7.830281511,439,23,497,41,462,538
43,1000,30,7.7,28,27,945,25,13,17,55,8.047457209,106,302,30.68638,9.337586992,7.272551993,8.850770355,492,17,453,38,509,491
44,1000,30,7.7,28,22,955,18,14,13,45,7.881976719,108,309,30.25868314,9.254655515,7.205018565,8.627199561,504,20,451,25,524,476
41,1000,30,7.7,28,40,959,23,9,9,41,7.894940651,108,338,30.83098065,9.082544265,7.354467396,8.446332558,490,15,469,26,505,495
46,1000,30,7.7,28,8,939,30,15,16,61,7.502424149,86,290,30.05387543,9.280981155,6.74035128,8.30197601,494,18,445,43,512,488
42,1000,30,7.7,28,30,952,23,12,13,48,7.753857985,84,319,30.61741671,9.329825999,7.256613907,8.321376386,510,23,442,25,533,467
40,1000,30,7.7,28,37,952,28,11,9,48,8.049410298,87,322,31.01056552,9.15151593,7.525137277,8.559206353,474,19,478,29,493,507
45,1000,30,7.7,28,15,952,19,15,14,48,7.48446036,113,313,30.17504758,9.123256751,6.615268419,8.422320271,505,14,447,34,519,481
44,1000,30,7.7,28,23,955,18,14,13,45,7.91185423,85,317,30.28898281,9.26580491,7.25451062,8.635484592,504,20,451,25,524,476
47,1000,30,7.7,28,4,938,27,25,10,62,7.342151424,99,309,30.31881914,9.035732764,6.862085362,7.754401463,439,23,499,39,462,538
43,1000,30,7.7,28,28,946,25,12,17,54,8.081111424,79,286,30.7003703,9.327240728,7.31180816,8.878617252,492,17,454,37,509,491
41,1000,30,7.7,28,41,959,23,9,9,41,7.930075616,85,312,30.83992478,9.097558079,7.382023717,8.48919927,490,15,469,26,505,495
46,1000,30,7.7,28,9,940,27,17,16,60,7.515472547,90,326,30.05045109,9.293268542,6.734070382,8.335304327,494,18,446,42,512,488
42,1000,30,7.7,28,31,952,23,12,13,48,7.781259478,103,329,30.62640115,9.318726799,7.329271978,8.297125298,510,23,442,25,533,467
40,1000,30,7.7,28,38,952,28,11,9,48,8.059898469,90,348,31.07335092,9.156736821,7.54683908,8.558790536,474,19,478,29,493,507
44,1000,30,7.7,28,24,956,19,12,13,44,7.946555732,89,326,30.30395409,9.284210363,7.312303476,8.6447662,503,21,453,23,524,476
45,1000,30,7.7,28,16,952,19,15,14,48,7.526089471,99,293,30.19125162,9.124771291,6.649068607,8.472396806,505,14,447,34,519,481
47,1000,30,7.7,28,5,938,27,25,10,62,7.36583181,116,288,30.33324399,9.021888699,6.897855742,7.767699736,439,23,499,39,462,538
41,1000,30,7.7,28,42,960,23,8,9,40,7.968163098,103,290,30.86452374,9.123536988,7.401711768,8.546057889,490,15,470,25,505,495
43,1000,30,7.7,28,29,946,24,14,16,54,8.114104673,78,316,30.71022354,9.34416873,7.377775316,8.877427774,492,17,454,37,509,491
46,1000,30,7.7,28,10,940,28,16,16,60,7.515786453,104,314,30.06713672,9.300361546,6.713880659,8.357130236,494,18,446,42,512,488
42,1000,30,7.7,28,32,952,23,12,13,48,7.794614109,113,315,30.63628537,9.344114189,7.329792401,8.325127964,510,23,442,25,533,467
40,1000,30,7.7,28,39,951,29,11,9,49,8.09651631,89,316,31.10376609,9.161215633,7.568739838,8.609719073,473,20,478,29,493,507
44,1000,30,7.7,28,25,958,18,11,13,42,7.964347475,109,326,30.32869702,9.305525787,7.348476829,8.642322724,504,20,454,22,524,476
41,1000,30,7.7,28,43,961,21,8,10,39,7.980349217,104,306,30.88140887,9.130247713,7.416227497,8.555867336,490,15,471,24,505,495
45,1000,30,7.7,28,17,952,19,15,14,48,7.558640622,94,312,30.19576171,9.125424028,6.678805116,8.507984962,505,14,447,34,519,481
47,1000,30,7.7,28,6,938,26,26,10,62,7.381992332,76,284,30.34784038,9.012000539,6.940989148,7.760697668,439,23,499,39,462,538
43,1000,30,7.7,28,30,946,25,13,16,54,8.150986461,108,281,30.71566962,9.352666918,7.40596836,8.923316836,492,17,454,37,509,491
42,1000,30,7.7,28,33,951,23,13,13,49,7.821699365,111,321,30.64317128,9.343501284,7.345364872,8.365353079,510,23,441,26,533,467
46,1000,30,7.7,28,11,939,29,17,15,61,7.551041115,88,328,30.08205247,9.309803661,6.767588945,8.373023719,494,18,445,43,512,488
44,1000,30,7.7,28,26,959,17,11,13,41,7.997200805,108,306,30.33912456,9.301723329,7.450656222,8.598859126,504,20,455,21,524,476
40,1000,30,7.7,28,40,950,30,11,9,50,8.131658404,100,325,31.11725831,9.15094601,7.600989174,8.647674046,472,21,478,29,493,507
41,1000,30,7.7,28,44,959,23,8,10,41,8.022488372,96,308,30.89834333,9.136936377,7.43313583,8.623747026,490,15,469,26,505,495
45,1000,30,7.7,28,18,954,18,13,15,46,7.578494628,92,329,30.20880151,9.138949081,6.707404431,8.518402761,506,13,448,33,519,481
47,1000,30,7.7,28,7,940,25,25,10,60,7.420421061,95,322,30.37553549,9.022125162,7.00801874,7.774565805,440,22,500,38,462,538
43,1000,30,7.7,28,31,946,24,14,16,54,8.150324573,103,317,30.73193001,9.364481507,7.429651977,8.897416938,492,17,454,37,509,491
42,1000,30,7.7,28,34,950,26,11,13,50,7.851361745,110,295,30.67373944,9.33769296,7.409505447,8.355664544,509,24,441,26,533,467
46,1000,30,7.7,28,12,941,28,16,15,59,7.556732447,111,307,30.09776734,9.310455813,6.786035243,8.365332792,495,17,446,42,512,488
44,1000,30,7.7,28,27,959,17,11,13,41,8.032596911,100,309,30.36478617,9.309004121,7.485029877,8.635380789,504,20,455,21,524,476
41,1000,30,7.7,28,45,959,23,8,10,41,8.063942195,94,304,30.91667616,9.14065323,7.481910701,8.657731901,490,15,469,26,505,495
45,1000,30,7.7,28,19,954,18,13,15,46,7.619409851,99,295,30.2139874,9.152964003,6.760889755,8.545754819,506,13,448,33,519,481
40,1000,30,7.7,28,41,949,32,10,9,51,8.164140562,96,329,31.15053815,9.166867944,7.622939052,8.690397651,472,21,477,30,493,507
47,1000,30,7.7,28,8,940,25,25,10,60,7.424233533,103,309,30.38984169,9.030153438,7.017070514,7.7738791,440,22,500,38,462,538
43,1000,30,7.7,28,32,946,24,15,15,54,8.168057339,95,336,30.74100579,9.366079913,7.432123406,8.93097052,492,17,454,37,509,491
46,1000,30,7.7,28,13,941,28,16,15,59,7.579805965,97,309,30.13480214,9.313780286,6.798013705,8.400047024,495,17,446,42,512,488
42,1000,30,7.7,28,35,950,26,11,13,50,7.869509809,95,293,30.71209874,9.347382555,7.424987889,8.376854956,509,24,441,26,533,467
44,1000,30,7.7,28,28,958,18,11,13,42,8.069793743,87,305,30.38118029,9.325684121,7.527448551,8.666829208,504,20,454,22,524,476
41,1000,30,7.7,28,46,959,23,8,10,41,8.053657489,90,288,30.93872476,9.170882367,7.497523327,8.621026685,490,15,469,26,505,495
45,1000,30,7.7,28,20,953,19,13,15,47,7.648897802,110,307,30.21826201,9.160423053,6.818387771,8.545019853,506,13,447,34,519,481
47,1000,30,7.7,28,9,941,26,24,9,59,7.426692168,97,315,30.42065196,9.042561318,7.004847681,7.788945241,440,22,501,37,462,538
40,1000,30,7.7,28,42,949,32,10,9,51,8.188686107,107,329,31.17097644,9.192092774,7.636433965,8.725688682,471,22,478,29,493,507
43,1000,30,7.7,28,33,946,25,14,15,54,8.179083712,102,298,30.77372229,9.393845975,7.43340118,8.952102875,493,16,453,38,509,491
46,1000,30,7.7,28,14,940,29,16,15,60,7.631054373,85,316,30.14119615,9.333982015,6.842522686,8.458366307,494,18,446,42,512,488
42,1000,30,7.7,28,36,949,27,10,14,51,7.861172332,101,301,30.73631148,9.375988591,7.421981903,8.362432502,509,24,440,27,533,467
44,1000,30,7.7,28,29,958,17,12,13,42,8.064188023,90,311,30.4041801,9.351658273,7.517749109,8.665730021,504,20,454,22,524,476
41,1000,30,7.7,28,47,960,22,9,9,40,8.069977548,104,334,30.95649952,9.180481039,7.556391155,8.593939423,490,15,470,25,505,495
45,1000,30,7.7,28,21,953,20,12,15,47,7.68493576,97,325,30.24567616,9.180442477,6.848486826,8.587465899,506,13,447,34,519,481
47,1000,30,7.7,28,10,944,26,22,8,56,7.420709125,100,302,30.47170513,9.040182127,7.056978881,7.733057402,440,22,504,34,462,538
40,1000,30,7.7,28,43,947,35,10,8,53,8.209208753,99,307,31.17261517,9.202938986,7.673888296,8.729747185,470,23,477,30,493,507
43,1000,30,7.7,28,34,947,24,13,16,53,8.187090211,112,338,30.81437803,9.396399103,7.457562875,8.943361929,493,16,454,37,509,491
46,1000,30,7.7,28,15,940,29,16,15,60,7.656088661,83,283,30.15247006,9.360881451,6.862662639,8.488535634,494,18,446,42,512,488
42,1000,30,7.7,28,37,948,28,10,14,52,7.870221504,104,300,30.78080752,9.397338024,7.43567439,8.366182129,508,25,440,27,533,467
44,1000,30,7.7,28,30,960,15,12,13,40,8.074890575,102,297,30.46546439,9.349704381,7.546470349,8.656596875,505,19,455,21,524,476
41,1000,30,7.7,28,48,961,22,8,9,39,8.106440084,89,303,30.98432475,9.189432557,7.583277508,8.640171601,491,14,470,25,505,495
45,1000,30,7.7,28,22,951,22,12,15,49,7.735459291,102,315,30.25628167,9.195981859,6.874766577,8.664148519,504,15,447,34,519,481
47,1000,30,7.7,28,11,944,26,22,8,56,7.453474015,83,303,30.4772991,9.057233243,7.099171109,7.757726697,440,22,504,34,462,538
43,1000,30,7.7,28,35,946,25,13,16,54,8.21986482,104,303,30.81647508,9.41872344,7.524726799,8.940486515,492,17,454,37,509,491
40,1000,30,7.7,28,44,946,36,10,8,54,8.236192123,102,296,31.17968357,9.217346761,7.762769725,8.696541714,469,24,477,30,493,507
44,1000,30,7.7,28,31,958,17,12,13,42,8.113582545,107,328,30.48567379,9.370096988,7.594467493,8.685045333,505,19,453,23,524,476
41,1000,30,7.7,28,49,962,22,7,9,38,8.107471116,104,312,31.00284048,9.190401131,7.603111941,8.622019365,491,14,471,24,505,495
42,1000,30,7.7,28,38,948,28,10,14,52,7.866240637,105,307,30.80086654,9.40270133,7.448932278,8.342526195,508,25,440,27,533,467
46,1000,30,7.7,28,16,939,30,16,15,61,7.70857262,106,296,30.17545074,9.384019296,6.911470491,8.544876493,493,19,446,42,512,488
45,1000,30,7.7,28,23,951,22,12,15,49,7.741251487,116,292,30.28740745,9.207300057,6.876242764,8.674597697,504,15,447,34,519,481
47,1000,30,7.7,28,12,946,25,20,9,54,7.46838522,99,292,30.48985581,9.072005257,7.119285158,7.768170032,441,21,505,33,462,538
43,1000,30,7.7,28,36,947,25,12,16,53,8.249297135,95,296,30.85324252,9.434179772,7.586251312,8.936650136,492,17,455,36,509,491
44,1000,30,7.7,28,32,957,18,12,13,43,8.138805748,84,322,30.51444832,9.397167192,7.596045436,8.736298192,505,19,452,24,524,476
41,1000,30,7.7,28,50,960,23,8,9,40,8.165829215,101,310,31.04108489,9.182679085,7.697238963,8.643885936,490,15,470,25,505,495
42,1000,30,7.7,28,39,950,28,10,12,50,7.864038319,103,310,30.85250226,9.4393032,7.438774368,8.349403813,510,23,440,27,533,467
46,1000,30,7.7,28,17,937,32,16,15,63,7.743385284,93,326,30.1963823,9.373787615,6.92995739,8.596817828,492,20,445,43,512,488
40,1000,30,7.7,28,45,947,35,10,8,53,8.245050352,102,308,31.21361869,9.231718401,7.788889772,8.688614782,469,24,478,29,493,507
45,1000,30,7.7,28,24,951,22,12,15,49,7.767247237,96,303,30.28258373,9.206464446,6.923874018,8.677248694,504,15,447,34,519,481
47,1000,30,7.7,28,13,945,26,20,9,55,7.512499655,92,297,30.50980522,9.082492086,7.153750627,7.820570382,441,21,504,34,462,538
41,1000,30,7.7,28,51,958,25,8,9,42,8.212848592,91,302,31.04559037,9.19786734,7.73611027,8.69921799,489,16,469,26,505,495
44,1000,30,7.7,28,33,957,19,11,13,43,8.151797714,113,306,30.52141155,9.411494796,7.591373143,8.768735687,506,18,451,25,524,476
43,1000,30,7.7,28,37,948,24,12,16,52,8.228337276,94,287,30.85857155,9.434971355,7.544721851,8.937013959,493,16,455,36,509,491
42,1000,30,7.7,28,40,951,28,9,12,49,7.884112101,93,291,30.83970385,9.464140186,7.457409303,8.371119792,510,23,441,26,533,467
46,1000,30,7.7,28,18,937,32,16,15,63,7.774919214,103,308,30.19294868,9.396708325,6.955725997,8.634400622,492,20,445,43,512,488
40,1000,30,7.7,28,46,948,34,10,8,52,8.261463031,115,311,31.22489874,9.242105132,7.792377184,8.717595817,471,22,477,30,493,507
45,1000,30,7.7,28,25,951,21,13,15,49,7.755229635,82,309,30.29201341,9.205148958,6.943506406,8.631080687,503,16,448,33,519,481
41,1000,30,7.7,28,52,958,25,8,9,42,8.23951691,89,311,31.05085974,9.20876278,7.787100668,8.701072875,489,16,469,26,505,495
47,1000,30,7.7,28,14,949,25,18,8,51,7.520595991,91,310,30.51744542,9.103981866,7.165419568,7.825598794,443,19,506,32,462,538
44,1000,30,7.7,28,34,958,18,11,13,42,8.159862502,94,287,30.5562288,9.4409163,7.593851942,8.782949757,507,17,451,25,524,476
43,1000,30,7.7,28,38,950,23,11,16,50,8.245511742,101,318,30.88634213,9.462553891,7.558961057,8.957231292,494,15,456,35,509,491
46,1000,30,7.7,28,19,937,32,16,15,63,7.814342863,102,330,30.20719065,9.430118954,7.005406851,8.663062614,492,20,445,43,512,488
42,1000,30,7.7,28,41,952,28,9,11,48,7.895820424,103,322,30.8509608,9.475071723,7.4673244,8.384874772,510,23,442,25,533,467
40,1000,30,7.7,28,47,950,33,9,8,50,8.251503643,108,321,31.24319957,9.251945416,7.778116012,8.711819425,472,21,478,29,493,507
41,1000,30,7.7,28,53,958,27,8,7,42,8.238946388,96,332,31.08585771,9.218229621,7.800782731,8.685961835,489,16,469,26,505,495
44,1000,30,7.7,28,35,958,18,11,13,42,8.175086219,100,299,30.56026011,9.444166153,7.647204609,8.756199589,507,17,451,25,524,476
45,1000,30,7.7,28,26,951,22,12,15,49,7.775401062,92,306,30.28394548,9.237324919,6.953495221,8.662239173,503,16,448,33,519,481
47,1000,30,7.7,28,15,951,23,18,8,49,7.506967432,86,309,30.58210075,9.105523971,7.13132773,7.82954279,444,18,507,31,462,538
43,1000,30,7.7,28,39,952,22,10,16,48,8.239346681,93,308,30.90474128,9.487336129,7.583111601,8.91963926,494,15,458,33,509,491
46,1000,30,7.7,28,20,939,31,14,16,61,7.837877292,108,316,30.22794617,9.441560471,7.053440213,8.660893244,493,19,446,42,512,488
42,1000,30,7.7,28,42,952,27,10,11,48,7.911366446,109,326,30.84854103,9.494087944,7.471379794,8.413535367,510,23,442,25,533,467
40,1000,30,7.7,28,48,950,33,9,8,50,8.275316292,85,321,31.27087828,9.262726551,7.80151225,8.736036988,472,21,478,29,493,507
41,1000,30,7.7,28,54,957,28,8,7,43,8.26009846,104,301,31.10910036,9.243687068,7.840760098,8.687908305,488,17,469,26,505,495
44,1000,30,7.7,28,36,955,21,11,13,45,8.205573514,91,321,30.58636899,9.46120862,7.675559426,8.789034402,506,18,449,27,524,476
45,1000,30,7.7,28,27,951,22,12,15,49,7.802748128,105,307,30.29258821,9.233389765,6.978522331,8.692089478,503,16,448,33,519,481
47,1000,30,7.7,28,16,952,23,18,7,48,7.519171139,89,309,30.61335319,9.10667658,7.151956601,7.834511505,445,17,507,31,462,538
43,1000,30,7.7,28,40,951,24,10,15,49,8.276824248,101,313,30.92967433,9.50418327,7.650946739,8.925646351,493,16,458,33,509,491
46,1000,30,7.7,28,21,940,31,14,15,60,7.859547345,100,322,30.26287202,9.454266759,7.124432152,8.630815745,492,20,448,40,512,488
42,1000,30,7.7,28,43,953,26,10,11,47,7.923330101,107,311,30.86537986,9.488984061,7.501892374,8.40432862,512,21,441,26,533,467
41,1000,30,7.7,28,55,957,27,9,7,43,8.281130574,105,302,31.13887785,9.254126647,7.857232456,8.713592291,488,17,469,26,505,495
44,1000,30,7.7,28,37,956,20,11,13,44,8.2051639,93,299,30.60433594,9.471597331,7.682498417,8.780535147,506,18,450,26,524,476
40,1000,30,7.7,28,49,950,32,10,8,50,8.296050664,99,302,31.26540335,9.256582999,7.855325111,8.72460628,472,21,478,29,493,507
45,1000,30,7.7,28,28,952,22,11,15,48,7.800287616,95,306,30.30955848,9.252839189,7.004774948,8.658647438,503,16,449,32,519,481
47,1000,30,7.7,28,17,954,21,18,7,46,7.522871424,93,301,30.64663462,9.107031996,7.191345919,7.80756433,445,17,509,29,462,538
43,1000,30,7.7,28,41,953,23,9,15,47,8.291615803,97,329,30.93907538,9.514327009,7.697505843,8.907505763,493,16,460,31,509,491
46,1000,30,7.7,28,22,940,30,16,14,60,7.890834551,88,348,30.28045183,9.455563957,7.164020358,8.653393705,491,21,449,39,512,488
42,1000,30,7.7,28,44,953,27,8,12,47,7.926029542,94,294,30.87478139,9.497335444,7.483659124,8.430919119,512,21,441,26,533,467
41,1000,30,7.7,28,56,959,23,12,6,41,8.31864586,90,318,31.14814653,9.259503428,7.892931496,8.752960514,490,15,469,26,505,495
44,1000,30,7.7,28,38,956,20,11,13,44,8.197450808,89,296,30.62238077,9.500756159,7.662406894,8.786448731,506,18,450,26,524,476
45,1000,30,7.7,28,29,952,25,9,14,48,7.815728144,85,322,30.33283524,9.264108465,7.017179321,8.677363985,503,16,449,32,519,481
40,1000,30,7.7,28,50,952,30,10,8,48,8.287569378,92,337,31.33329119,9.286524177,7.854588007,8.708594657,472,21,480,27,493,507
47,1000,30,7.7,28,18,954,21,18,7,46,7.550566542,96,286,30.67232201,9.101772969,7.228347358,7.827267774,445,17,509,29,462,538
43,1000,30,7.7,28,42,952,25,9,14,48,8.261193642,122,328,30.95989807,9.524237791,7.705031558,8.837744559,492,17,460,31,509,491
46,1000,30,7.7,28,23,942,28,16,14,58,7.907117922,91,294,30.29280359,9.443094062,7.196970792,8.652190322,491,21,451,37,512,488
42,1000,30,7.7,28,45,952,28,8,12,48,7.942672177,92,316,30.89440367,9.519526615,7.526945155,8.41715291,512,21,440,27,533,467
41,1000,30,7.7,28,57,959,25,10,6,41,8.306923201,113,338,31.16488761,9.260232573,7.911824597,8.710003595,490,15,469,26,505,495
44,1000,30,7.7,28,39,955,22,10,13,45,8.23219023,103,310,30.65243025,9.505326429,7.714409818,8.802183793,506,18,449,27,524,476
45,1000,30,7.7,28,30,954,23,9,14,46,7.801323815,114,303,30.38373407,9.271164091,6.998342204,8.667742642,504,15,450,31,519,481
47,1000,30,7.7,28,19,953,22,18,7,47,7.567095454,101,304,30.67876212,9.111581795,7.258027753,7.832503034,445,17,508,30,462,538
40,1000,30,7.7,28,51,952,30,10,8,48,8.33694466,102,290,31.35057065,9.295056361,7.885288823,8.776128738,472,21,480,27,493,507
43,1000,30,7.7,28,43,953,24,9,14,47,8.282249081,83,317,30.98255954,9.530930433,7.739261011,8.845143027,492,17,461,30,509,491
46,1000,30,7.7,28,24,941,30,15,14,59,7.939965428,91,312,30.32956578,9.439919567,7.247647558,8.666331718,490,22,451,37,512,488
41,1000,30,7.7,28,58,959,25,10,6,41,8.359598194,104,306,31.17939439,9.294584867,7.945615634,8.781944037,490,15,469,26,505,495
42,1000,30,7.7,28,46,953,27,8,12,47,7.982476973,98,312,30.91380585,9.539845125,7.599178657,8.419945928,512,21,441,26,533,467
44,1000,30,7.7,28,40,955,21,11,13,45,8.256224958,89,316,30.67713383,9.508957465,7.728836917,8.836794985,506,18,449,27,524,476
45,1000,30,7.7,28,31,953,25,8,14,47,7.796702803,110,305,30.38452709,9.303279089,7.016584646,8.638451917,502,17,451,30,519,481
47,1000,30,7.7,28,20,954,21,18,7,46,7.565691067,79,294,30.71967643,9.114205691,7.26997178,7.819635883,445,17,509,29,462,538
40,1000,30,7.7,28,52,952,30,10,8,48,8.353399439,86,324,31.37959861,9.314371585,7.871500445,8.821991557,473,20,479,28,493,507
43,1000,30,7.7,28,44,953,24,9,14,47,8.329693513,84,326,31.01229233,9.547409983,7.802335923,8.876383967,492,17,461,30,509,491
41,1000,30,7.7,28,59,959,25,10,6,41,8.387057704,81,316,31.18740714,9.31329181,7.954486929,8.828367282,490,15,469,26,505,495
46,1000,30,7.7,28,25,939,32,15,14,61,7.968813308,91,335,30.34244668,9.460410313,7.27121769,8.700716906,489,23,450,38,512,488
44,1000,30,7.7,28,41,956,22,10,12,44,8.226526276,108,299,30.68110754,9.502589376,7.701925743,8.804027702,508,16,448,28,524,476
42,1000,30,7.7,28,47,954,27,7,12,46,8.036764236,101,356,30.92757604,9.546485045,7.635380866,8.494874164,512,21,442,25,533,467
45,1000,30,7.7,28,32,952,26,8,14,48,7.803452631,88,306,30.39983409,9.305404023,7.035129177,8.632475235,502,17,450,31,519,481
47,1000,30,7.7,28,21,954,22,17,7,46,7.597529619,94,328,30.75867326,9.117661317,7.298150668,7.854617119,445,17,509,29,462,538
41,1000,30,7.7,28,60,959,25,10,6,41,8.385393962,107,320,31.18566645,9.306388551,7.961225367,8.818131619,490,15,469,26,505,495
43,1000,30,7.7,28,45,952,25,9,14,48,8.35589684,97,317,31.00886943,9.565124075,7.823141402,8.908183028,492,17,460,31,509,491
40,1000,30,7.7,28,53,951,30,10,9,49,8.378507681,98,324,31.44911051,9.324113411,7.910330838,8.833756563,472,21,479,28,493,507
44,1000,30,7.7,28,42,956,22,10,12,44,8.225351773,124,312,30.69567019,9.510292339,7.735097327,8.765043643,508,16,448,28,524,476
46,1000,30,7.7,28,26,938,33,15,14,62,7.988649996,108,313,30.37688023,9.461032838,7.322839321,8.687205457,488,24,450,38,512,488
42,1000,30,7.7,28,48,954,27,7,12,46,8.049636357,94,308,30.96714423,9.574284767,7.681621287,8.469662122,512,21,442,25,533,467
45,1000,30,7.7,28,33,951,28,9,12,49,7.818392665,104,326,30.43016315,9.323001143,7.041685356,8.656461466,502,17,449,32,519,481
47,1000,30,7.7,28,22,955,22,16,7,45,7.580842104,91,315,30.78825327,9.120902279,7.27668209,7.842035277,446,16,509,29,462,538
41,1000,30,7.7,28,61,959,25,10,6,41,8.395143856,94,296,31.19259649,9.306620838,7.974205347,8.824586173,490,15,469,26,505,495
44,1000,30,7.7,28,43,956,22,10,12,44,8.214014809,95,291,30.70670862,9.546698607,7.717562048,8.760530033,508,16,448,28,524,476
43,1000,30,7.7,28,46,953,25,9,13,47,8.366040065,88,329,31.03246058,9.575767588,7.844961612,8.90622119,492,17,461,30,509,491
46,1000,30,7.7,28,27,937,34,14,15,63,8.055705744,99,318,30.39806693,9.481755139,7.390798262,8.753313595,488,24,449,39,512,488
40,1000,30,7.7,28,54,952,30,9,9,48,8.379096181,96,322,31.49040749,9.326722318,7.935004415,8.810925058,472,21,480,27,493,507
42,1000,30,7.7,28,49,954,27,7,12,46,8.070517793,108,300,30.9856171,9.599140569,7.71325131,8.4782759,512,21,442,25,533,467
45,1000,30,7.7,28,34,952,27,9,12,48,7.842854685,113,311,30.43972342,9.335104432,7.071358161,8.675301039,502,17,450,31,519,481
41,1000,30,7.7,28,62,958,26,10,6,42,8.391642,111,299,31.22486537,9.305517879,7.986293861,8.805178991,489,16,469,26,505,495
47,1000,30,7.7,28,23,956,22,15,7,44,7.588014745,104,306,30.80990831,9.121796395,7.273198969,7.858358405,447,15,509,29,462,538
44,1000,30,7.7,28,44,955,23,10,12,45,8.218026844,108,332,30.72346567,9.564278055,7.713527113,8.773400497,508,16,447,29,524,476
43,1000,30,7.7,28,47,953,25,9,13,47,8.362207677,108,321,31.04327731,9.622296177,7.860064096,8.88275978,492,17,461,30,509,491
46,1000,30,7.7,28,28,938,33,15,14,62,8.063534071,86,293,30.38622048,9.509327615,7.42196373,8.736657052,489,23,449,39,512,488
42,1000,30,7.7,28,50,954,27,7,12,46,8.089839281,104,305,31.00961196,9.610241193,7.730882993,8.499526008,512,21,442,25,533,467
40,1000,30,7.7,28,55,952,31,9,8,48,8.378310289,96,319,31.50877895,9.336607808,7.890210488,8.852931989,472,21,480,27,493,507
41,1000,30,7.7,28,63,959,25,11,5,41,8.395430542,96,329,31.22917678,9.311661468,7.976382192,8.822944516,490,15,469,26,505,495
45,1000,30,7.7,28,35,952,27,9,12,48,7.839477837,84,280,30.44018816,9.339268033,7.058666619,8.681974764,503,16,449,32,519,481
47,1000,30,7.7,28,24,955,21,16,8,45,7.654070029,103,330,30.83329407,9.143462478,7.34943031,7.91567514,447,15,508,30,462,538
44,1000,30,7.7,28,45,955,23,10,12,45,8.228962878,101,308,30.76235325,9.572352369,7.70096504,8.810204195,508,16,447,29,524,476
43,1000,30,7.7,28,48,953,25,9,13,47,8.350490043,102,341,31.06190953,9.639036494,7.850992887,8.868298703,492,17,461,30,509,491
46,1000,30,7.7,28,29,939,33,15,13,61,8.077997768,93,302,30.42309609,9.522381296,7.44578071,8.741307467,490,22,449,39,512,488
42,1000,30,7.7,28,51,950,30,8,12,50,8.115674466,110,307,30.99861296,9.63021436,7.73386741,8.551441406,510,23,440,27,533,467
40,1000,30,7.7,28,56,953,31,8,8,47,8.421883326,99,327,31.52799968,9.359344883,7.945591644,8.885022969,472,21,481,26,493,507
41,1000,30,7.7,28,64,960,24,11,5,40,8.414801932,112,299,31.2607665,9.32864762,8.003901053,8.834003839,490,15,470,25,505,495
45,1000,30,7.7,28,36,952,27,10,11,48,7.880760559,100,318,30.4304949,9.358659276,7.119659312,8.701990386,503,16,449,32,519,481
44,1000,30,7.7,28,46,956,23,9,12,44,8.205002906,106,332,30.78858173,9.577140303,7.69988468,8.761057425,508,16,448,28,524,476
47,1000,30,7.7,28,25,955,20,17,8,45,7.701320237,109,331,30.84882114,9.154425685,7.414405455,7.947704306,447,15,508,30,462,538
43,1000,30,7.7,28,49,953,25,9,13,47,8.357924621,95,317,31.09290151,9.665208298,7.876175111,8.85733501,492,17,461,30,509,491
46,1000,30,7.7,28,30,939,32,16,13,61,8.090894439,101,319,30.42156723,9.526232176,7.493104529,8.718083852,490,22,449,39,512,488
42,1000,30,7.7,28,52,948,32,8,12,52,8.156940385,103,288,31.01186564,9.648610562,7.758265239,8.61195934,508,25,440,27,533,467
41,1000,30,7.7,28,65,960,24,11,5,40,8.429206026,111,287,31.29068581,9.34458328,8.015473259,8.851297031,490,15,470,25,505,495
40,1000,30,7.7,28,57,954,30,8,8,46,8.436063918,121,317,31.54099663,9.366754467,7.923705336,8.934274531,473,20,481,26,493,507
44,1000,30,7.7,28,47,957,22,8,13,43,8.20655769,94,310,30.82339289,9.59135029,7.696433514,8.76812296,510,14,447,29,524,476
45,1000,30,7.7,28,37,954,27,8,11,46,7.889457532,95,309,30.44277695,9.368665823,7.137446598,8.700878893,503,16,451,30,519,481
47,1000,30,7.7,28,26,956,18,15,11,44,7.717721718,97,314,30.86495256,9.169329688,7.431054782,7.963892954,447,15,509,29,462,538
43,1000,30,7.7,28,50,953,25,9,13,47,8.350796523,100,315,31.12177988,9.678855491,7.890423952,8.828046296,492,17,461,30,509,491
46,1000,30,7.7,28,31,939,32,17,12,61,8.112515624,107,311,30.43986963,9.530742155,7.544631511,8.708328465,491,21,448,40,512,488
42,1000,30,7.7,28,53,948,31,9,12,52,8.206509324,91,325,31.04996364,9.649245577,7.763245711,8.712418331,508,25,440,27,533,467
41,1000,30,7.7,28,66,960,24,10,6,40,8.456320869,107,334,31.33528391,9.354028973,8.042161933,8.878846652,491,14,469,26,505,495
44,1000,30,7.7,28,48,955,23,9,13,45,8.245636038,123,286,30.83342732,9.593939718,7.753778899,8.787092215,508,16,447,29,524,476
40,1000,30,7.7,28,58,952,31,9,8,48,8.477261543,74,329,31.55411325,9.381586373,7.933655715,9.005856559,472,21,480,27,493,507
45,1000,30,7.7,28,38,954,27,9,10,46,7.917019039,90,293,30.45080327,9.38252163,7.179886118,8.712386993,504,15,450,31,519,481
47,1000,30,7.7,28,27,958,17,14,11,42,7.716196527,97,320,30.88113419,9.173105533,7.390605614,7.995793185,449,13,509,29,462,538
43,1000,30,7.7,28,51,954,25,8,13,46,8.394581765,102,287,31.14344542,9.704673563,7.939536997,8.866308419,493,16,461,30,509,491
46,1000,30,7.7,28,32,938,33,17,12,62,8.156728669,109,311,30.45760773,9.54260262,7.604401107,8.736219881,489,23,449,39,512,488
42,1000,30,7.7,28,54,946,32,9,13,54,8.244938491,106,314,31.09537642,9.643494202,7.807870258,8.743776539,507,26,439,28,533,467
41,1000,30,7.7,28,67,961,24,10,5,39,8.468465341,114,323,31.37379006,9.394403579,8.051360907,8.893996128,491,14,470,25,505,495
44,1000,30,7.7,28,49,957,22,9,12,43,8.260637163,118,334,30.8340479,9.607455461,7.805400288,8.761780277,509,15,448,28,524,476
45,1000,30,7.7,28,39,955,26,9,10,45,7.941314567,94,310,30.48733358,9.409348495,7.202733609,8.738244955,505,14,450,31,519,481
47,1000,30,7.7,28,28,961,16,13,10,39,7.730455286,86,309,30.917234,9.193251464,7.4409959,7.979024498,450,12,511,27,462,538
40,1000,30,7.7,28,59,951,32,10,7,49,8.493595896,107,321,31.57036313,9.395760667,7.898729029,9.072036458,472,21,479,28,493,507
46,1000,30,7.7,28,33,939,32,17,12,61,8.18080086,99,307,30.46522297,9.546642447,7.644325565,8.743660185,489,23,450,38,512,488
43,1000,30,7.7,28,52,954,25,8,13,46,8.439916223,122,326,31.15768324,9.743669506,7.980135488,8.916552465,493,16,461,30,509,491
41,1000,30,7.7,28,68,960,25,10,5,40,8.47435523,114,339,31.37543281,9.399332,8.079591721,8.877093759,490,15,470,25,505,495
42,1000,30,7.7,28,55,945,33,9,13,55,8.284274866,101,316,31.12341635,9.665197516,7.851103156,8.778665705,506,27,439,28,533,467
44,1000,30,7.7,28,50,956,24,9,11,44,8.240970978,85,314,30.85428158,9.613065653,7.775557812,8.753316565,508,16,448,28,524,476
45,1000,30,7.7,28,40,958,23,9,10,42,7.953263071,95,289,30.51046517,9.412987042,7.236743531,8.726389144,505,14,453,28,519,481
47,1000,30,7.7,28,29,959,18,13,10,41,7.758619351,83,347,30.9436151,9.197018275,7.450175604,8.023491119,449,13,510,28,462,538
40,1000,30,7.7,28,60,950,33,10,7,50,8.549736854,100,315,31.58419206,9.423566956,7.911767832,9.170089375,471,22,479,28,493,507
46,1000,30,7.7,28,34,939,33,16,12,61,8.17373918,103,318,30.51200186,9.56917943,7.657126594,8.715758941,489,23,450,38,512,488
43,1000,30,7.7,28,53,954,24,9,13,46,8.5031252,102,310,31.18617383,9.759371476,8.088147676,8.93331575,493,16,461,30,509,491
41,1000,30,7.7,28,69,961,24,10,5,39,8.452461494,120,301,31.40103648,9.401914239,8.050165274,8.86288491,491,14,470,25,505,495
42,1000,30,7.7,28,56,946,31,11,12,54,8.309481429,100,309,31.16753944,9.677131387,7.851351563,8.832357701,507,26,439,28,533,467
44,1000,30,7.7,28,51,956,25,9,10,44,8.253610459,100,301,30.88142842,9.637017813,7.814966931,8.736486947,508,16,448,28,524,476
45,1000,30,7.7,28,41,958,23,9,10,42,8.017654966,92,283,30.5563634,9.428932046,7.293771404,8.798726833,505,14,453,28,519,481
47,1000,30,7.7,28,30,959,18,13,10,41,7.767356452,105,309,30.96335232,9.207285977,7.463545762,8.028249646,449,13,510,28,462,538
40,1000,30,7.7,28,61,949,32,11,8,51,8.572999279,101,313,31.63082691,9.435030548,7.934682895,9.193689569,470,23,479,28,493,507
46,1000,30,7.7,28,35,939,34,15,12,61,8.19876336,94,295,30.52288962,9.554150543,7.681049003,8.741939079,489,23,450,38,512,488
41,1000,30,7.7,28,70,962,23,10,5,38,8.46418295,106,319,31.42574173,9.406962681,8.0710497,8.865258286,490,15,472,23,505,495
43,1000,30,7.7,28,54,954,24,9,13,46,8.543265341,107,304,31.2223679,9.794092177,8.145493538,8.955619409,493,16,461,30,509,491
44,1000,30,7.7,28,52,956,26,9,9,44,8.264079251,103,311,30.89220196,9.663816974,7.84391228,8.726616,507,17,449,27,524,476
42,1000,30,7.7,28,57,947,30,11,12,53,8.342714716,88,314,31.17612675,9.673379963,7.870979228,8.881119459,507,26,440,27,533,467
47,1000,30,7.7,28,31,959,19,13,9,41,7.795683709,77,301,30.97118944,9.224772376,7.495473662,8.053484902,450,12,509,29,462,538
45,1000,30,7.7,28,42,959,22,7,12,41,8.025085662,99,329,30.55514437,9.428381648,7.326452165,8.778912657,505,14,454,27,519,481
44,1000,30,7.7,28,53,955,27,9,9,45,8.30858348,98,297,30.91521627,9.676637811,7.872511601,8.788628993,507,17,448,28,524,476
43,1000,30,7.7,28,55,954,24,9,13,46,8.540468615,98,317,31.21337135,9.796265437,8.167185289,8.927436461,493,16,461,30,509,491
41,1000,30,7.7,28,71,961,23,11,5,39,8.507988553,114,314,31.44836238,9.427965031,8.121631016,8.902151292,489,16,472,23,505,495
40,1000,30,7.7,28,62,950,32,11,7,50,8.567297589,96,322,31.66891248,9.440225555,7.950953609,9.166622209,470,23,480,27,493,507
46,1000,30,7.7,28,36,939,34,14,13,61,8.227838825,108,313,30.55570467,9.562155053,7.706828662,8.774472439,489,23,450,38,512,488
42,1000,30,7.7,28,58,947,30,11,12,53,8.333791583,93,342,31.19338255,9.682132777,7.869544645,8.863649437,507,26,440,27,533,467
47,1000,30,7.7,28,32,959,19,13,9,41,7.806385411,107,303,30.99824213,9.229401416,7.535373298,8.039113286,450,12,509,29,462,538
44,1000,30,7.7,28,54,954,28,9,9,46,8.332526441,96,306,30.95151396,9.681214155,7.906841884,8.801137171,507,17,447,29,524,476
45,1000,30,7.7,28,43,959,22,7,12,41,8.055418697,93,336,30.59255049,9.422234015,7.347383125,8.819390551,506,13,453,28,519,481
43,1000,30,7.7,28,56,954,24,9,13,46,8.583667489,99,306,31.21657586,9.801603505,8.19863114,8.982819224,493,16,461,30,509,491
41,1000,30,7.7,28,72,960,24,11,5,40,8.543046759,98,334,31.48707021,9.424612024,8.17214678,8.921439666,489,16,471,24,505,495
46,1000,30,7.7,28,37,939,35,13,13,61,8.233537584,96,325,30.57578373,9.574915522,7.729141524,8.762740008,489,23,450,38,512,488
40,1000,30,7.7,28,63,950,34,10,6,50,8.568287328,121,330,31.68083212,9.465269861,7.933922825,9.185134862,470,23,480,27,493,507
42,1000,30,7.7,28,59,947,30,11,12,53,8.34969852,96,302,31.20268485,9.716787626,7.88729404,8.877453528,507,26,440,27,533,467
47,1000,30,7.7,28,33,960,20,11,9,40,7.82400933,97,314,31.04841383,9.246840863,7.587537298,8.027076392,449,13,511,27,462,538
44,1000,30,7.7,28,55,955,27,9,9,45,8.340108568,107,340,30.95038122,9.685105693,7.911981988,8.811407576,507,17,448,28,524,476
41,1000,30,7.7,28,73,960,24,11,5,40,8.5565673,79,329,31.48968416,9.425605565,8.187488819,8.933101912,488,17,472,23,505,495
45,1000,30,7.7,28,44,959,22,7,12,41,8.065171653,100,326,30.61197687,9.426471961,7.343818578,8.84351312,506,13,453,28,519,481
43,1000,30,7.7,28,57,954,24,9,13,46,8.594216135,134,331,31.24503682,9.813340217,8.218388576,8.983821485,493,16,461,30,509,491
46,1000,30,7.7,28,38,938,35,14,13,62,8.272912569,106,324,30.59401282,9.610436379,7.771780731,8.798690236,489,23,449,39,512,488
42,1000,30,7.7,28,60,947,30,12,11,53,8.338736754,83,302,31.21898067,9.722122043,7.901042806,8.838288948,506,27,441,26,533,467
40,1000,30,7.7,28,64,949,35,10,6,51,8.612317076,77,343,31.70781773,9.45153999,7.963516899,9.243201666,470,23,479,28,493,507
47,1000,30,7.7,28,34,961,19,11,9,39,7.840669769,83,297,31.05958949,9.279397266,7.625010588,8.025864085,449,13,512,26,462,538
44,1000,30,7.7,28,56,955,27,9,9,45,8.375786191,88,324,30.9838274,9.698735459,7.951470581,8.842889931,507,17,448,28,524,476
41,1000,30,7.7,28,74,959,25,11,5,41,8.556318063,106,328,31.51675612,9.44237345,8.200692174,8.919128314,487,18,472,23,505,495
45,1000,30,7.7,28,45,960,21,7,12,40,8.070624407,88,292,30.63387844,9.442871786,7.34828792,8.850026977,506,13,454,27,519,481
43,1000,30,7.7,28,58,954,24,9,13,46,8.621027745,101,301,31.28014641,9.821868186,8.255278679,9.000185128,493,16,461,30,509,491
46,1000,30,7.7,28,39,938,35,14,13,62,8.25835344,93,312,30.61609426,9.635218506,7.763761199,8.777269889,489,23,449,39,512,488
42,1000,30,7.7,28,61,946,31,12,11,54,8.365301292,91,300,31.2266939,9.721753412,7.924797289,8.86806068,505,28,441,26,533,467
47,1000,30,7.7,28,35,960,20,11,9,40,7.879385686,93,315,31.0814193,9.304768762,7.692640805,8.03975025,448,14,512,26,462,538
40,1000,30,7.7,28,65,949,35,10,6,51,8.599567,100,309,31.74863279,9.448732347,7.954017114,9.22729105,470,23,479,28,493,507
44,1000,30,7.7,28,57,956,26,9,9,44,8.366902938,113,314,31.02967898,9.708535151,7.919166858,8.859788876,507,17,449,27,524,476
41,1000,30,7.7,28,75,959,25,11,5,41,8.572327116,83,322,31.52269725,9.448265805,8.218076278,8.933734537,487,18,472,23,505,495
45,1000,30,7.7,28,46,960,20,8,12,40,8.083352846,102,313,30.64713136,9.472985952,7.335939254,8.889813665,506,13,454,27,519,481
43,1000,30,7.7,28,59,954,23,10,13,46,8.636293532,91,319,31.30236576,9.824354306,8.256507877,9.030002083,493,16,461,30,509,491
46,1000,30,7.7,28,40,939,36,13,12,61,8.248662059,100,313,30.6609679,9.646825267,7.732631053,8.79007164,489,23,450,38,512,488
42,1000,30,7.7,28,62,946,30,13,11,54,8.394331645,103,293,31.24292552,9.737839452,7.957807508,8.892548701,505,28,441,26,533,467
44,1000,30,7.7,28,58,955,26,10,9,45,8.402048882,119,320,31.05057652,9.715672636,7.927246086,8.924730952,506,18,449,27,524,476
47,1000,30,7.7,28,36,963,18,9,10,37,7.894327163,97,287,31.08774563,9.314688796,7.704467246,8.057366719,449,13,514,24,462,538
41,1000,30,7.7,28,76,959,25,11,5,41,8.573517069,99,353,31.5271917,9.454486638,8.223590353,8.930513011,487,18,472,23,505,495
40,1000,30,7.7,28,66,948,36,9,7,52,8.607049404,111,331,31.78440879,9.458404873,7.977431651,9.219281261,469,24,479,28,493,507
45,1000,30,7.7,28,47,960,20,8,12,40,8.106063524,102,292,30.64964232,9.500673088,7.342725297,8.929707058,506,13,454,27,519,481
43,1000,30,7.7,28,60,953,24,10,13,47,8.661404775,92,317,31.32412146,9.848926302,8.29289827,9.043420682,492,17,461,30,509,491
46,1000,30,7.7,28,41,938,36,14,12,62,8.288111591,80,342,30.68985613,9.658162286,7.77483832,8.826627808,489,23,449,39,512,488
44,1000,30,7.7,28,59,953,28,10,9,47,8.428472273,110,313,31.11240618,9.726054827,7.966279312,8.937272927,506,18,447,29,524,476
41,1000,30,7.7,28,77,959,24,13,4,41,8.573740697,86,316,31.54524993,9.457284362,8.2606024,8.89320502,487,18,472,23,505,495
42,1000,30,7.7,28,63,947,29,13,11,53,8.389035127,118,312,31.24324694,9.761444904,7.937133845,8.904802544,506,27,441,26,533,467
47,1000,30,7.7,28,37,962,19,8,11,38,7.919371875,106,304,31.10732775,9.311020731,7.704264677,8.104092182,449,13,513,25,462,538
40,1000,30,7.7,28,67,949,35,9,7,51,8.604755295,104,366,31.80004041,9.478542395,7.974013646,9.218080015,469,24,480,27,493,507
45,1000,30,7.7,28,48,957,23,8,12,43,8.148898936,102,296,30.68008672,9.527154954,7.396399706,8.960847169,505,14,452,29,519,481
43,1000,30,7.7,28,61,953,24,11,12,47,8.691772851,102,333,31.34604245,9.862157741,8.29293595,9.105231064,492,17,461,30,509,491
46,1000,30,7.7,28,42,936,38,14,12,64,8.341185599,107,302,30.69302068,9.665199662,7.813191052,8.895147091,488,24,448,40,512,488
44,1000,30,7.7,28,60,954,27,9,10,46,8.435542968,117,308,31.14344056,9.746368364,7.969325114,8.948774388,506,18,448,28,524,476
41,1000,30,7.7,28,78,957,25,14,4,43,8.603355959,110,336,31.54907302,9.474613412,8.318586197,8.893878646,486,19,471,24,505,495
42,1000,30,7.7,28,64,946,28,15,11,54,8.441888519,105,316,31.25666828,9.756446236,7.927307214,9.029194376,505,28,441,26,533,467
47,1000,30,7.7,28,38,962,18,9,11,38,7.953288414,92,309,31.13420197,9.323946319,7.740193754,8.136280483,449,13,513,25,462,538
40,1000,30,7.7,28,68,949,35,9,7,51,8.631807181,103,366,31.80665689,9.480136427,7.974206651,9.271249117,469,24,480,27,493,507
45,1000,30,7.7,28,49,954,26,8,12,46,8.211667582,109,291,30.68805304,9.533633258,7.464596516,9.017758815,504,15,450,31,519,481
43,1000,30,7.7,28,62,953,24,11,12,47,8.730761303,111,311,31.36441541,9.895354998,8.323253682,9.153208103,492,17,461,30,509,491
46,1000,30,7.7,28,43,936,37,15,12,64,8.362010881,96,308,30.72371614,9.674813022,7.805057348,8.946355572,488,24,448,40,512,488
44,1000,30,7.7,28,61,956,24,10,10,44,8.446763466,115,309,31.16977971,9.769829606,7.997824475,8.940973617,506,18,450,26,524,476
41,1000,30,7.7,28,79,959,23,13,5,41,8.606938601,87,317,31.57232393,9.475573041,8.344411996,8.874768774,486,19,473,22,505,495
47,1000,30,7.7,28,39,962,18,9,11,38,7.961913975,109,309,31.15061398,9.35824685,7.751845635,8.142307234,449,13,513,25,462,538
42,1000,30,7.7,28,65,946,28,15,11,54,8.477290444,96,285,31.29080477,9.768438767,7.964818624,9.062188688,505,28,441,26,533,467
45,1000,30,7.7,28,50,955,25,8,12,45,8.236188943,108,300,30.70661412,9.546498223,7.507586953,9.022352005,504,15,451,30,519,481
40,1000,30,7.7,28,69,948,35,10,7,52,8.684773295,96,330,31.83497412,9.489426816,8.018648264,9.332504342,469,24,479,28,493,507
43,1000,30,7.7,28,63,952,24,12,12,48,8.788356692,106,307,31.39750493,9.905276956,8.397207071,9.193845809,492,17,460,31,509,491
44,1000,30,7.7,28,62,955,25,10,10,45,8.459650903,111,299,31.16917537,9.78056813,8.028255191,8.934548704,505,19,450,26,524,476
41,1000,30,7.7,28,80,959,23,13,5,41,8.645052906,96,319,31.58470966,9.498150992,8.386224527,8.909110141,486,19,473,22,505,495
46,1000,30,7.7,28,44,937,36,14,13,63,8.385213185,96,343,30.74269085,9.687183832,7.817480875,8.980866757,489,23,448,40,512,488
42,1000,30,7.7,28,66,946,28,15,11,54,8.511007689,95,324,31.31739427,9.768461807,8.009749804,9.08310716,505,28,441,26,533,467
47,1000,30,7.7,28,40,960,19,10,11,40,7.989065249,96,347,31.13756008,9.342851307,7.778351765,8.170012515,448,14,512,26,462,538
45,1000,30,7.7,28,51,954,26,8,12,46,8.244132768,88,322,30.71728902,9.544630396,7.50669863,9.039825737,504,15,450,31,519,481
44,1000,30,7.7,28,63,955,24,11,10,45,8.509991236,104,324,31.19065338,9.778716399,8.076995557,8.986650345,505,19,450,26,524,476
43,1000,30,7.7,28,64,950,26,13,11,50,8.831281331,100,306,31.42289248,9.907341865,8.450272527,9.226257872,490,19,460,31,509,491
41,1000,30,7.7,28,81,958,24,13,5,42,8.660481363,108,315,31.62971952,9.504769506,8.412308398,8.913667923,485,20,473,22,505,495
40,1000,30,7.7,28,70,947,36,10,7,53,8.717166432,92,307,31.84739329,9.495702914,8.026415247,9.388843619,469,24,478,29,493,507
46,1000,30,7.7,28,45,937,36,14,13,63,8.423071633,103,325,30.80395065,9.695334612,7.842323297,9.032381362,489,23,448,40,512,488
47,1000,30,7.7,28,41,959,21,10,10,41,7.991976844,105,317,31.17639035,9.368586279,7.802623961,8.154580992,449,13,510,28,462,538
42,1000,30,7.7,28,67,943,32,15,10,57,8.54187915,99,326,31.3298999,9.789306829,8.041834526,9.112593893,503,30,440,27,533,467
44,1000,30,7.7,28,64,956,22,13,9,44,8.52764505,96,329,31.21938096,9.786448156,8.112810133,8.98431206,506,18,450,26,524,476
45,1000,30,7.7,28,52,953,27,8,12,47,8.279355954,110,330,30.74956874,9.554750602,7.514248188,9.104908825,503,16,450,31,519,481
41,1000,30,7.7,28,82,958,23,14,5,42,8.640035748,114,299,31.64905469,9.500072636,8.368808118,8.916742725,485,20,473,22,505,495
43,1000,30,7.7,28,65,949,27,13,11,51,8.847320077,105,317,31.45866667,9.925953442,8.469212248,9.239289293,489,20,460,31,509,491
46,1000,30,7.7,28,46,937,36,14,13,63,8.433642152,95,303,30.82228107,9.707635881,7.840889722,9.055546341,489,23,448,40,512,488
40,1000,30,7.7,28,71,947,36,10,7,53,8.710297294,125,307,31.86946359,9.506678291,8.038335395,9.363704032,469,24,478,29,493,507
47,1000,30,7.7,28,42,959,21,9,11,41,8.009634266,94,274,31.20027128,9.385924727,7.831845852,8.162307589,449,13,510,28,462,538
42,1000,30,7.7,28,68,942,33,15,10,58,8.543125518,102,320,31.34349237,9.807966925,8.05594178,9.099161775,503,30,439,28,533,467
44,1000,30,7.7,28,65,955,23,13,9,45,8.538763055,88,302,31.23659192,9.811169471,8.123768028,8.995606319,506,18,449,27,524,476
41,1000,30,7.7,28,83,958,23,14,5,42,8.619611507,106,294,31.67387466,9.509660764,8.355949692,8.888599823,485,20,473,22,505,495
45,1000,30,7.7,28,53,954,25,8,13,46,8.294376386,114,336,30.76695123,9.584630314,7.54324157,9.104852413,504,15,450,31,519,481
43,1000,30,7.7,28,66,947,29,13,11,53,8.864033892,103,307,31.48837155,9.939245661,8.499488173,9.241943813,488,21,459,32,509,491
46,1000,30,7.7,28,47,938,35,14,13,62,8.421643563,100,293,30.84602245,9.694732934,7.843532676,9.028186132,489,23,449,39,512,488
40,1000,30,7.7,28,72,947,36,10,7,53,8.70473632,97,319,31.91399477,9.511609329,8.022223191,9.368402932,469,24,478,29,493,507
47,1000,30,7.7,28,43,960,20,9,11,40,8.026408544,93,309,31.22825781,9.398629012,7.835708392,8.190169642,449,13,511,27,462,538
42,1000,30,7.7,28,69,942,34,15,9,58,8.555094992,101,323,31.34914551,9.805686679,8.077465746,9.100226445,503,30,439,28,533,467
44,1000,30,7.7,28,66,955,22,14,9,45,8.529737677,104,301,31.2601906,9.830762709,8.111707592,8.989922056,506,18,449,27,524,476
41,1000,30,7.7,28,84,959,22,14,5,41,8.632538882,111,318,31.69834693,9.509072755,8.378887595,8.891314437,486,19,473,22,505,495
45,1000,30,7.7,28,54,953,26,8,13,47,8.343485128,98,329,30.7931099,9.594386892,7.599721877,9.146007223,503,16,450,31,519,481
43,1000,30,7.7,28,67,946,30,12,12,54,8.91904026,95,308,31.52317784,9.946075634,8.548483787,9.303181287,488,21,458,33,509,491
46,1000,30,7.7,28,48,939,35,13,13,61,8.431449193,103,333,30.86835158,9.689353483,7.84540218,9.04631819,489,23,450,38,512,488
40,1000,30,7.7,28,73,949,35,10,6,51,8.701338806,85,318,31.96038678,9.520115241,8.01617637,9.367581568,471,22,478,29,493,507
47,1000,30,7.7,28,44,961,20,9,10,39,8.040624801,98,323,31.27698331,9.42390694,7.865276146,8.191203015,449,13,512,26,462,538
42,1000,30,7.7,28,70,943,30,18,9,57,8.569924427,88,328,31.3536259,9.817826898,8.0929336,9.114327233,504,29,439,28,533,467
44,1000,30,7.7,28,67,955,20,16,9,45,8.579269864,118,331,31.29551481,9.839818316,8.170079911,9.029722668,506,18,449,27,524,476
41,1000,30,7.7,28,85,959,23,13,5,41,8.637225974,107,324,31.72559457,9.513686158,8.379063049,8.900604312,486,19,473,22,505,495
45,1000,30,7.7,28,55,953,26,8,13,47,8.374448575,99,306,30.82982332,9.615785825,7.614418776,9.194522308,503,16,450,31,519,481
43,1000,30,7.7,28,68,947,31,12,10,53,8.913580391,98,320,31.55294611,9.943494466,8.568331402,9.271486166,487,22,460,31,509,491
46,1000,30,7.7,28,49,940,35,12,13,60,8.421551798,96,324,30.90433142,9.70133016,7.862640522,9.007950514,489,23,451,37,512,488
47,1000,30,7.7,28,45,961,20,9,10,39,8.06220758,93,299,31.32758843,9.442071571,7.875296,8.222715292,449,13,512,26,462,538
42,1000,30,7.7,28,71,945,29,17,9,55,8.600618196,122,325,31.36425812,9.832231183,8.111744009,9.158583809,506,27,439,28,533,467
44,1000,30,7.7,28,68,955,18,17,10,45,8.591453843,100,349,31.3063808,9.839296779,8.160931641,9.065390049,506,18,449,27,524,476
41,1000,30,7.7,28,86,959,23,13,5,41,8.650032219,109,337,31.72938514,9.503220067,8.4022276,8.902842992,486,19,473,22,505,495
40,1000,30,7.7,28,74,947,36,10,7,53,8.7229463,95,323,31.99500317,9.540700382,8.052953771,9.374438049,470,23,477,30,493,507
45,1000,30,7.7,28,56,951,28,7,14,49,8.398222094,129,298,30.84789039,9.659605436,7.642048235,9.21413526,503,16,448,33,519,481
43,1000,30,7.7,28,69,944,33,13,10,56,8.985249833,104,295,31.53994555,9.958456727,8.612725354,9.371431013,485,24,459,32,509,491
46,1000,30,7.7,28,50,941,35,12,12,59,8.392115999,98,300,30.9149793,9.713604347,7.838953926,8.972482765,489,23,452,36,512,488
41,1000,30,7.7,28,87,959,23,13,5,41,8.671500087,99,325,31.74127199,9.523504213,8.469588921,8.877490268,485,20,474,21,505,495
44,1000,30,7.7,28,69,955,18,17,10,45,8.60171299,99,324,31.33841609,9.840216801,8.16475172,9.082737581,506,18,449,27,524,476
47,1000,30,7.7,28,46,960,21,8,11,40,8.102662891,112,321,31.34879293,9.469255305,7.898544952,8.277946325,448,14,512,26,462,538
42,1000,30,7.7,28,72,944,31,16,9,56,8.611546698,109,319,31.38991098,9.84853963,8.092998616,9.203379948,506,27,438,29,533,467
40,1000,30,7.7,28,75,946,37,10,7,54,8.739667829,101,319,32.00152083,9.568669365,8.061712309,9.398902684,470,23,476,31,493,507
45,1000,30,7.7,28,57,952,26,8,14,48,8.408284504,106,308,30.86749783,9.671798367,7.656071528,9.219923869,503,16,449,32,519,481
43,1000,30,7.7,28,70,944,33,13,10,56,9.007668398,97,319,31.56194047,9.978728556,8.624466161,9.404918782,485,24,459,32,509,491
46,1000,30,7.7,28,51,943,34,11,12,57,8.380027295,106,277,30.95303585,9.734440858,7.823231862,8.964206111,489,23,454,34,512,488
41,1000,30,7.7,28,88,959,22,14,5,41,8.703519714,98,353,31.78467179,9.530123054,8.477641556,8.933961067,485,20,474,21,505,495
44,1000,30,7.7,28,70,954,19,17,10,46,8.661512181,96,320,31.35523659,9.846838032,8.229665817,9.136906077,505,19,449,27,524,476
47,1000,30,7.7,28,47,959,23,8,10,41,8.110439027,105,335,31.37088667,9.505918526,7.870674726,8.316333279,448,14,511,27,462,538
42,1000,30,7.7,28,73,946,30,15,9,54,8.602950697,111,331,31.40246857,9.832708848,8.065726527,9.216099481,508,25,438,29,533,467
40,1000,30,7.7,28,76,944,37,12,7,56,8.780164562,98,342,32.02402985,9.57924296,8.099126514,9.442396825,468,25,476,31,493,507
45,1000,30,7.7,28,58,951,26,9,14,49,8.435134911,93,315,30.86321358,9.667287804,7.654603878,9.277329518,503,16,448,33,519,481
46,1000,30,7.7,28,52,943,34,11,12,57,8.423413318,92,307,30.98142614,9.741196792,7.854086737,9.020739566,489,23,454,34,512,488
43,1000,30,7.7,28,71,943,34,13,10,57,9.007799593,90,315,31.56601141,9.986184942,8.642484684,9.386506902,484,25,459,32,509,491
41,1000,30,7.7,28,89,959,22,14,5,41,8.709937178,102,338,31.79313557,9.545975427,8.472410982,8.952261884,485,20,474,21,505,495
44,1000,30,7.7,28,71,955,19,16,10,45,8.689925615,96,335,31.3739519,9.855558667,8.241417704,9.183661215,505,19,450,26,524,476
47,1000,30,7.7,28,48,962,20,8,10,38,8.105075633,99,303,31.42538647,9.511342146,7.806509209,8.361465388,449,13,513,25,462,538
42,1000,30,7.7,28,74,946,30,15,9,54,8.592933315,99,311,31.43793064,9.841900544,8.066764937,9.19346382,508,25,438,29,533,467
40,1000,30,7.7,28,77,944,38,11,7,56,8.797518274,76,327,32.02534934,9.595453267,8.138922373,9.437928094,467,26,477,30,493,507
45,1000,30,7.7,28,59,951,26,9,14,49,8.443906032,112,358,30.88013233,9.691223115,7.646841631,9.303940178,503,16,448,33,519,481
46,1000,30,7.7,28,53,942,35,11,12,58,8.455934284,93,320,31.00185567,9.743380689,7.873412478,9.067104704,489,23,453,35,512,488
43,1000,30,7.7,28,72,943,34,13,10,57,9.017310527,96,307,31.60196716,10.00252882,8.700129616,9.346119253,483,26,460,31,509,491
41,1000,30,7.7,28,90,960,21,13,6,40,8.711387135,103,320,31.82644801,9.544864184,8.483151336,8.944233759,485,20,475,20,505,495
44,1000,30,7.7,28,72,954,20,15,11,46,8.740046019,100,319,31.40849567,9.867619678,8.340081,9.180343644,505,19,449,27,524,476
47,1000,30,7.7,28,49,962,20,8,10,38,8.11846242,101,315,31.44665346,9.511081788,7.852473583,8.346876625,449,13,513,25,462,538
42,1000,30,7.7,28,75,947,29,15,9,53,8.607735506,109,298,31.4379262,9.847616619,8.089226598,9.199524044,508,25,439,28,533,467
45,1000,30,7.7,28,60,951,26,9,14,49,8.485026439,99,316,30.90537971,9.705341361,7.686148773,9.347017102,503,16,448,33,519,481
40,1000,30,7.7,28,78,945,35,13,7,55,8.847550487,109,304,32.03084257,9.611555092,8.225472469,9.452450808,468,25,477,30,493,507
41,1000,30,7.7,28,91,960,21,13,6,40,8.737928419,105,321,31.84068711,9.540078783,8.530151691,8.949902657,485,20,475,20,505,495
44,1000,30,7.7,28,73,954,20,15,11,46,8.806874356,101,298,31.42906177,9.883277485,8.418094178,9.234859259,505,19,449,27,524,476
46,1000,30,7.7,28,54,944,33,11,12,56,8.45970445,109,302,31.06004178,9.767886543,7.915239409,9.03094646,489,23,455,33,512,488
43,1000,30,7.7,28,73,942,34,14,10,58,9.047170204,95,322,31.65055923,10.02306182,8.755370453,9.349667299,482,27,460,31,509,491
47,1000,30,7.7,28,50,962,21,8,9,38,8.124814373,103,335,31.45421263,9.521552939,7.881072676,8.334124158,449,13,513,25,462,538
42,1000,30,7.7,28,76,946,30,15,9,54,8.656466787,96,326,31.45701514,9.859162467,8.151347485,9.232973399,508,25,438,29,533,467
45,1000,30,7.7,28,61,953,25,8,14,47,8.460962914,111,343,30.92793778,9.73610042,7.703911804,9.277822637,504,15,449,32,519,481
41,1000,30,7.7,28,92,960,21,13,6,40,8.787146519,103,307,31.84358284,9.550898762,8.591989096,8.986246516,485,20,475,20,505,495
44,1000,30,7.7,28,74,952,22,15,11,48,8.824263986,115,320,31.45131567,9.881741346,8.426915391,9.261681348,505,19,447,29,524,476
46,1000,30,7.7,28,55,941,37,10,12,59,8.485752213,97,335,31.09323688,9.780948213,7.949711632,9.048155445,487,25,454,34,512,488
40,1000,30,7.7,28,79,944,36,13,7,56,8.835500662,105,307,32.02556139,9.655827904,8.17024,9.482391208,468,25,476,31,493,507
43,1000,30,7.7,28,74,941,36,14,9,59,9.055112052,104,339,31.67269679,10.03768781,8.757680826,9.36344707,482,27,459,32,509,491
47,1000,30,7.7,28,51,958,25,8,9,42,8.159188262,98,323,31.4956908,9.519895085,7.937907112,8.349210365,446,16,512,26,462,538
42,1000,30,7.7,28,77,946,30,15,9,54,8.693702321,100,324,31.49438404,9.845095306,8.199834453,9.257367361,508,25,438,29,533,467
41,1000,30,7.7,28,93,959,21,14,6,41,8.820287058,84,325,31.86483323,9.555722233,8.61377301,9.030973107,484,21,475,20,505,495
45,1000,30,7.7,28,62,954,24,8,14,46,8.495849632,110,322,30.96634573,9.748670017,7.719090816,9.33397401,504,15,450,31,519,481
44,1000,30,7.7,28,75,953,22,14,11,47,8.841712119,107,315,31.4576808,9.881435747,8.427567628,9.29761908,506,18,447,29,524,476
46,1000,30,7.7,28,56,940,39,10,11,60,8.50201684,95,328,31.11893244,9.80370732,7.972930226,9.057124106,488,24,452,36,512,488
43,1000,30,7.7,28,75,939,38,14,9,61,9.069243584,103,330,31.70305238,10.03706294,8.797808919,9.350629011,480,29,459,32,509,491
40,1000,30,7.7,28,80,944,36,13,7,56,8.85865321,115,329,32.04388617,9.671494061,8.215561431,9.483987031,467,26,477,30,493,507
47,1000,30,7.7,28,52,957,26,8,9,43,8.205456964,75,326,31.52418319,9.534217863,7.986281133,8.393671154,445,17,512,26,462,538
42,1000,30,7.7,28,78,946,29,16,9,54,8.72230317,103,320,31.51690837,9.853697982,8.24014676,9.2726016,508,25,438,29,533,467
41,1000,30,7.7,28,94,958,22,14,6,42,8.845141313,102,327,31.90038296,9.570423727,8.642874904,9.051493913,483,22,475,20,505,495
44,1000,30,7.7,28,76,952,23,13,12,48,8.830411786,105,307,31.4860982,9.887707505,8.390819778,9.314332399,505,19,447,29,524,476
45,1000,30,7.7,28,63,954,25,7,14,46,8.517117876,101,305,30.99198684,9.763059445,7.756416654,9.337916077,504,15,450,31,519,481
46,1000,30,7.7,28,57,939,39,11,11,61,8.511082822,109,306,31.13941671,9.832496604,8.009728533,9.037093879,488,24,451,37,512,488
43,1000,30,7.7,28,76,937,40,14,9,63,9.109210388,99,328,31.71737254,10.05318579,8.850193064,9.377723255,479,30,458,33,509,491
40,1000,30,7.7,28,81,943,37,13,7,57,8.868842501,97,323,32.03917216,9.682714737,8.223108426,9.496745654,467,26,476,31,493,507
47,1000,30,7.7,28,53,956,27,8,9,44,8.207510646,110,318,31.53780691,9.543448536,7.977252176,8.405241898,445,17,511,27,462,538
42,1000,30,7.7,28,79,945,31,15,9,55,8.713794695,113,321,31.51643957,9.873579439,8.214138619,9.284065977,509,24,436,31,533,467
41,1000,30,7.7,28,95,958,22,14,6,42,8.833205311,100,328,31.91363456,9.566599791,8.656947761,9.01302362,483,22,475,20,505,495
44,1000,30,7.7,28,77,952,23,13,12,48,8.843240026,92,330,31.5212789,9.906852228,8.411994669,9.31797231,505,19,447,29,524,476
45,1000,30,7.7,28,64,954,26,7,13,46,8.523561338,103,296,31.00429082,9.788722467,7.748465578,9.359891275,505,14,449,32,519,481
46,1000,30,7.7,28,58,939,39,11,11,61,8.522802781,113,306,31.18082229,9.825056458,8.036441038,9.033083955,488,24,451,37,512,488
43,1000,30,7.7,28,77,938,40,13,9,62,9.121081406,116,308,31.74778411,10.06928679,8.863747724,9.38784891,480,29,458,33,509,491
40,1000,30,7.7,28,82,941,39,13,7,59,8.905008019,99,318,32.06915914,9.685744117,8.28408799,9.508782327,467,26,474,33,493,507
47,1000,30,7.7,28,54,956,27,8,9,44,8.240190268,95,325,31.53275096,9.561189552,8.003391735,8.443537707,445,17,511,27,462,538
41,1000,30,7.7,28,96,957,23,14,6,43,8.849602761,98,334,31.91710064,9.572408559,8.66061035,9.042413201,483,22,474,21,505,495
42,1000,30,7.7,28,80,945,31,15,9,55,8.741919668,105,314,31.53039206,9.872885494,8.254659962,9.298042631,508,25,437,30,533,467
44,1000,30,7.7,28,78,951,23,14,12,49,8.862926721,100,326,31.53955844,9.934033541,8.457959435,9.308731043,505,19,446,30,524,476
45,1000,30,7.7,28,65,954,27,7,12,46,8.519626255,95,295,31.00403784,9.811627036,7.725988794,9.375962725,505,14,449,32,519,481
46,1000,30,7.7,28,59,939,38,12,11,61,8.545757726,102,329,31.20424648,9.857686372,8.08651442,9.027586768,488,24,451,37,512,488
43,1000,30,7.7,28,78,936,43,12,9,64,9.16034167,105,329,31.7798975,10.07459,8.912373242,9.41740059,480,29,456,35,509,491
41,1000,30,7.7,28,97,957,23,14,6,43,8.875867592,107,327,31.94080922,9.592239974,8.677108391,9.078642131,483,22,474,21,505,495
47,1000,30,7.7,28,55,955,28,8,9,45,8.290525322,104,327,31.5406573,9.58268806,8.038197329,8.507208468,445,17,510,28,462,538
42,1000,30,7.7,28,81,944,32,15,9,56,8.799374797,93,313,31.54435897,9.887372399,8.280210169,9.391911727,508,25,436,31,533,467
40,1000,30,7.7,28,83,940,40,13,7,60,8.928283888,97,330,32.11143003,9.717250678,8.287321098,9.551547509,467,26,473,34,493,507
44,1000,30,7.7,28,79,949,27,13,11,51,8.904298326,113,333,31.56769597,9.946415741,8.519206302,9.328223159,503,21,446,30,524,476
45,1000,30,7.7,28,66,953,28,7,12,47,8.578957369,107,324,31.03273739,9.826833461,7.773066677,9.4485151,505,14,448,33,519,481
46,1000,30,7.7,28,60,939,38,13,10,61,8.560856849,106,341,31.2221609,9.87735069,8.072055485,9.073697624,488,24,451,37,512,488
43,1000,30,7.7,28,79,935,44,12,9,65,9.207521382,103,336,31.79643864,10.08001011,8.942278585,9.482487948,479,30,456,35,509,491
41,1000,30,7.7,28,98,958,22,14,6,42,8.916011241,103,314,31.98429827,9.613553502,8.732676084,9.103050139,484,21,474,21,505,495
47,1000,30,7.7,28,56,956,27,8,9,44,8.317174495,105,302,31.56225356,9.59978152,8.053430119,8.543661302,445,17,511,27,462,538
44,1000,30,7.7,28,80,948,28,13,11,52,8.943234943,118,323,31.60156219,9.965396362,8.56058186,9.364474892,502,22,446,30,524,476
42,1000,30,7.7,28,82,943,33,15,9,57,8.834413638,105,306,31.55373034,9.878611398,8.299492623,9.444933768,508,25,435,32,533,467
40,1000,30,7.7,28,84,941,39,13,7,59,8.947818273,100,299,32.1334832,9.745477169,8.35600601,9.52328858,466,27,475,32,493,507
45,1000,30,7.7,28,67,954,28,7,11,46,8.57173893,106,305,31.03630105,9.856611502,7.750326163,9.458045014,505,14,449,32,519,481
46,1000,30,7.7,28,61,940,37,14,9,60,8.59802661,96,341,31.21900345,9.90651214,8.074625576,9.147168679,488,24,452,36,512,488
41,1000,30,7.7,28,99,959,21,14,6,41,8.96819949,107,319,32.00862148,9.594001518,8.75004198,9.190764222,485,20,474,21,505,495
43,1000,30,7.7,28,80,932,46,13,9,68,9.262280702,102,318,31.79739378,10.09946744,8.983914068,9.550852224,476,33,456,35,509,491
44,1000,30,7.7,28,81,948,29,13,10,52,8.971736787,124,327,31.59908936,9.992676444,8.574295189,9.409256528,502,22,446,30,524,476
47,1000,30,7.7,28,57,955,27,9,9,45,8.36834125,85,338,31.5850944,9.602033954,8.131963729,8.57132715,444,18,511,27,462,538
42,1000,30,7.7,28,83,944,33,15,8,56,8.817544265,105,313,31.56706365,9.89017813,8.308054202,9.399039348,507,26,437,30,533,467
40,1000,30,7.7,28,85,940,40,13,7,60,8.957985902,113,330,32.15598813,9.754781179,8.375178761,9.52469975,465,28,475,32,493,507
45,1000,30,7.7,28,68,954,28,7,11,46,8.586053458,112,331,31.05069955,9.886281026,7.788138385,9.447005481,505,14,449,32,519,481
46,1000,30,7.7,28,62,940,37,14,9,60,8.605559053,109,306,31.25607456,9.921649036,8.073415606,9.16387349,489,23,451,37,512,488
41,1000,30,7.7,28,100,958,23,13,6,42,9.023106028,107,313,32.01856742,9.615632765,8.762680107,9.288793079,485,20,473,22,505,495
43,1000,30,7.7,28,81,931,47,13,9,69,9.284851207,93,325,31.78413357,10.10085726,9.003100728,9.576930625,476,33,455,36,509,491
44,1000,30,7.7,28,82,948,27,15,10,52,9.014083636,102,328,31.62511862,10.00884125,8.638971288,9.427022439,502,22,446,30,524,476
47,1000,30,7.7,28,58,956,26,9,9,44,8.360816015,109,312,31.6028914,9.636954281,8.148749939,8.542924802,445,17,511,27,462,538
42,1000,30,7.7,28,84,944,31,17,8,56,8.840735384,113,319,31.54247846,9.922925417,8.324751358,9.429642207,507,26,437,30,533,467
45,1000,30,7.7,28,69,954,28,7,11,46,8.604871871,110,320,31.07256442,9.890682656,7.812093431,9.460281455,505,14,449,32,519,481
40,1000,30,7.7,28,86,941,40,12,7,59,8.961398915,110,353,32.17390932,9.768805924,8.388417019,9.518558825,465,28,476,31,493,507
46,1000,30,7.7,28,63,939,38,14,9,61,8.639259746,121,329,31.28833991,9.93720383,8.104920817,9.199877638,489,23,450,38,512,488
41,1000,30,7.7,28,101,959,23,12,6,41,9.016483753,113,331,32.03048637,9.627154622,8.769991205,9.267955948,485,20,474,21,505,495
44,1000,30,7.7,28,83,951,24,15,10,49,8.997815098,107,317,31.63984807,10.02630914,8.622552956,9.410918802,503,21,448,28,524,476
43,1000,30,7.7,28,82,930,48,13,9,70,9.312369167,116,302,31.79856138,10.12154281,9.029911321,9.605181883,477,32,453,38,509,491
47,1000,30,7.7,28,59,956,26,9,9,44,8.371180785,93,335,31.59685534,9.670754644,8.142305673,8.567724097,445,17,511,27,462,538
42,1000,30,7.7,28,85,947,29,16,8,53,8.834131234,97,324,31.549505,9.938460539,8.351634411,9.384818186,509,24,438,29,533,467
45,1000,30,7.7,28,70,953,30,7,10,47,8.634736372,108,319,31.07815532,9.899453342,7.829412251,9.503682774,506,13,447,34,519,481
41,1000,30,7.7,28,102,957,23,14,6,43,9.066496328,110,312,32.04227822,9.644971999,8.82856989,9.309229361,484,21,473,22,505,495
46,1000,30,7.7,28,64,939,37,14,10,61,8.652176792,100,322,31.29089234,9.968969597,8.102666651,9.228712022,489,23,450,38,512,488
40,1000,30,7.7,28,87,938,43,12,7,62,8.976722773,110,330,32.19712442,9.769911804,8.399089599,9.538405524,463,30,475,32,493,507
44,1000,30,7.7,28,84,949,26,15,10,51,9.009236139,94,343,31.6832902,10.03163236,8.634099273,9.422201932,503,21,446,30,524,476
43,1000,30,7.7,28,83,928,49,14,9,72,9.350090717,120,338,31.80778763,10.12247087,9.07636477,9.633851424,476,33,452,39,509,491
47,1000,30,7.7,28,60,956,26,9,9,44,8.393855361,99,307,31.61925357,9.675862988,8.182168758,8.575638281,445,17,511,27,462,538
42,1000,30,7.7,28,86,947,29,16,8,53,8.853329698,103,309,31.56725294,9.934737852,8.375558042,9.398623685,509,24,438,29,533,467
41,1000,30,7.7,28,103,955,25,14,6,45,9.105416791,102,313,32.07933808,9.658091736,8.849547276,9.366455388,483,22,472,23,505,495
45,1000,30,7.7,28,71,952,31,7,10,48,8.675495288,102,295,31.08080777,9.908216242,7.87991342,9.533929778,505,14,447,34,519,481
46,1000,30,7.7,28,65,942,34,14,10,58,8.652105579,95,321,31.30219291,9.985950794,8.093297998,9.238395499,491,21,451,37,512,488
44,1000,30,7.7,28,85,947,28,15,10,53,9.022651886,102,327,31.7042718,10.05512173,8.645236703,9.438125744,502,22,445,31,524,476
40,1000,30,7.7,28,88,938,43,12,7,62,9.006159656,89,334,32.2229548,9.772265072,8.39112222,9.604213811,463,30,475,32,493,507
43,1000,30,7.7,28,84,927,49,15,9,73,9.353434003,120,310,31.81621379,10.1314864,9.097468369,9.618783306,475,34,452,39,509,491
47,1000,30,7.7,28,61,957,25,9,9,43,8.412197658,101,303,31.65545294,9.691976893,8.204088892,8.590908161,445,17,512,26,462,538
42,1000,30,7.7,28,87,948,29,15,8,52,8.858498621,89,333,31.59810101,9.946729913,8.364679943,9.422107519,510,23,438,29,533,467
41,1000,30,7.7,28,104,956,24,14,6,44,9.105597695,111,349,32.09157645,9.655819014,8.84507576,9.371382699,483,22,473,22,505,495
48,1000,30,7.7,28,0,932,35,11,22,68,7.415,85,286,29.9185252,8.963884196,6.436734694,8.354901961,470,20,462,48,490,510
45,1000,30,7.7,28,72,953,30,6,11,47,8.702287992,99,324,31.09062944,9.934390405,7.90522635,9.562319161,505,14,448,33,519,481
46,1000,30,7.7,28,66,942,35,14,9,58,8.678520319,91,351,31.32884438,9.995825872,8.138916056,9.244662497,491,21,451,37,512,488
44,1000,30,7.7,28,86,947,28,15,10,53,9.037538873,101,314,31.70707897,10.06630418,8.682108951,9.428810469,502,22,445,31,524,476
40,1000,30,7.7,28,89,936,46,12,6,64,8.997833682,98,310,32.24712516,9.794839082,8.399808275,9.579345567,463,30,473,34,493,507
43,1000,30,7.7,28,85,929,47,15,9,71,9.371092244,110,308,31.84317662,10.1435717,9.11136398,9.640342116,477,32,452,39,509,491
47,1000,30,7.7,28,62,957,25,9,9,43,8.41265282,105,310,31.69860095,9.704936838,8.20262875,8.593008062,445,17,512,26,462,538
42,1000,30,7.7,28,88,948,29,15,8,52,8.882776491,99,326,31.60536493,9.950966169,8.396562732,9.437705684,510,23,438,29,533,467
48,1000,30,7.7,28,1,932,34,12,22,68,7.439830446,106,296,29.92453417,8.989967866,6.466820184,8.374683442,470,20,462,48,490,510
45,1000,30,7.7,28,73,953,28,8,11,47,8.722344767,97,346,31.11058707,9.940033011,7.938747154,9.567848221,505,14,448,33,519,481
44,1000,30,7.7,28,87,946,29,15,10,54,9.051846423,112,306,31.70763353,10.10072028,8.701840093,9.437147509,502,22,444,32,524,476
46,1000,30,7.7,28,67,940,37,14,9,60,8.715690471,108,321,31.38556761,10.02745691,8.189250129,9.268021322,490,22,450,38,512,488
43,1000,30,7.7,28,86,930,46,15,9,70,9.362425318,125,316,31.8563569,10.13382663,9.094126157,9.640560295,479,30,451,40,509,491
40,1000,30,7.7,28,90,937,46,10,7,63,8.975880306,115,329,32.26744909,9.805201804,8.374378637,9.560772461,464,29,473,34,493,507
47,1000,30,7.7,28,63,959,23,9,9,41,8.425680179,97,320,31.70511036,9.720694139,8.203850783,8.616173081,446,16,513,25,462,538
42,1000,30,7.7,28,89,946,30,16,8,54,8.905527351,107,324,31.61186033,9.96426754,8.440161334,9.436662442,508,25,438,29,533,467
48,1000,30,7.7,28,2,933,34,12,21,67,7.415244529,87,283,29.93532384,8.994096938,6.482429848,8.311478243,471,19,462,48,490,510
45,1000,30,7.7,28,74,954,28,7,11,46,8.731002234,114,298,31.12528659,9.93549715,7.935651783,9.589187025,505,14,449,32,519,481
44,1000,30,7.7,28,88,945,30,15,10,55,9.080618827,102,308,31.73556757,10.09923497,8.728320763,9.468442746,502,22,443,33,524,476
46,1000,30,7.7,28,68,940,36,16,8,60,8.76223817,113,312,31.39080365,10.03941856,8.239426998,9.310761367,490,22,450,38,512,488
43,1000,30,7.7,28,87,931,45,15,9,69,9.381961183,103,347,31.88881701,10.13800993,9.13078468,9.642345786,478,31,453,38,509,491
47,1000,30,7.7,28,64,959,24,9,8,41,8.44130135,97,325,31.71805276,9.753776505,8.209396773,8.640446172,446,16,513,25,462,538
40,1000,30,7.7,28,91,936,47,9,8,64,8.995799763,97,331,32.30474655,9.806635589,8.400813209,9.574356709,464,29,472,35,493,507
48,1000,30,7.7,28,3,934,32,13,21,66,7.432691668,81,305,29.97779797,9.002123264,6.505976871,8.323064709,471,19,463,47,490,510
42,1000,30,7.7,28,90,945,30,17,8,55,8.939437224,99,326,31.64353876,10.01191383,8.502940978,9.437622447,507,26,438,29,533,467
44,1000,30,7.7,28,89,946,30,15,9,54,9.086380626,108,348,31.74036418,10.10545895,8.739303542,9.468457079,502,22,444,32,524,476
45,1000,30,7.7,28,75,955,27,6,12,45,8.749041244,117,320,31.15407384,9.939485439,7.967640666,9.592174093,505,14,450,31,519,481
46,1000,30,7.7,28,69,940,37,15,8,60,8.763229654,83,340,31.41741187,10.04116054,8.24757556,9.304243786,490,22,450,38,512,488
43,1000,30,7.7,28,88,933,43,15,9,67,9.369005957,113,310,31.90529929,10.13937281,9.12195894,9.625109687,479,30,454,37,509,491
47,1000,30,7.7,28,65,958,25,9,8,42,8.497905246,98,321,31.73336159,9.74974343,8.291441264,8.675203313,445,17,513,25,462,538
48,1000,30,7.7,28,4,932,35,12,21,68,7.46139229,103,296,30.0131948,8.994604833,6.555877961,8.331396254,470,20,462,48,490,510
40,1000,30,7.7,28,92,934,49,9,8,66,9.009729584,91,313,32.32556447,9.808927063,8.417052969,9.586040375,464,29,470,37,493,507
44,1000,30,7.7,28,90,946,31,15,8,54,9.088677675,107,324,31.74821408,10.13913016,8.762104532,9.448182563,502,22,444,32,524,476
42,1000,30,7.7,28,91,945,29,18,8,55,8.970142715,94,312,31.65837014,10.00656114,8.519122824,9.484904176,507,26,438,29,533,467
45,1000,30,7.7,28,76,955,26,7,12,45,8.797971911,113,336,31.1578608,9.950388195,8.018976117,9.638509993,505,14,450,31,519,481
46,1000,30,7.7,28,70,940,37,15,8,60,8.768865774,107,316,31.43340739,10.0513363,8.258500202,9.304331291,490,22,450,38,512,488
43,1000,30,7.7,28,89,933,43,15,9,67,9.381702939,102,309,31.90637975,10.13247243,9.102210953,9.671441067,479,30,454,37,509,491
47,1000,30,7.7,28,66,959,25,8,8,41,8.49242327,99,324,31.76835818,9.759998991,8.301315912,8.656534049,445,17,514,24,462,538
48,1000,30,7.7,28,5,933,36,11,20,67,7.467253416,83,293,30.0343678,9.000847102,6.564054189,8.335033065,470,20,463,47,490,510
44,1000,30,7.7,28,91,947,31,14,8,53,9.086919983,105,326,31.76129959,10.17324743,8.776078664,9.429106645,502,22,445,31,524,476
42,1000,30,7.7,28,92,943,32,17,8,57,9.019760162,98,343,31.68842337,10.02176984,8.575565383,9.526731933,505,28,438,29,533,467
40,1000,30,7.7,28,93,935,49,8,8,65,9.024860762,117,317,32.36109856,9.811198829,8.437122325,9.596369736,464,29,471,36,493,507
45,1000,30,7.7,28,77,953,29,7,11,47,8.790338711,106,328,31.1905634,9.965220846,8.012581293,9.629540582,504,15,449,32,519,481
46,1000,30,7.7,28,71,940,37,15,8,60,8.816356783,119,333,31.44859581,10.04259105,8.269724097,9.389873043,490,22,450,38,512,488
43,1000,30,7.7,28,90,933,43,15,9,67,9.407568938,112,321,31.92487014,10.13777355,9.131495873,9.693762808,479,30,454,37,509,491
48,1000,30,7.7,28,6,935,35,10,20,65,7.469748429,82,306,30.05978702,9.037363277,6.549598822,8.353813738,472,18,463,47,490,510
47,1000,30,7.7,28,67,957,27,8,8,43,8.51558889,120,337,31.79668684,9.777425311,8.325967687,8.678423454,445,17,512,26,462,538
44,1000,30,7.7,28,92,948,30,14,8,52,9.081485373,97,316,31.76795203,10.17704759,8.813019691,9.377023224,502,22,446,30,524,476
42,1000,30,7.7,28,93,941,34,17,8,59,9.039260189,100,306,31.70273277,10.02478824,8.594026242,9.547417992,505,28,436,31,533,467
40,1000,30,7.7,28,94,934,50,8,8,66,9.0440661,104,324,32.39066425,9.836719846,8.451656739,9.620117017,465,28,469,38,493,507
46,1000,30,7.7,28,72,939,38,15,8,61,8.808370899,98,315,31.45671052,10.06324727,8.307832748,9.33352568,490,22,449,39,512,488
45,1000,30,7.7,28,78,953,29,7,11,47,8.807735404,84,327,31.21204536,9.972894091,8.03015455,9.646746762,504,15,449,32,519,481
48,1000,30,7.7,28,7,935,34,11,20,65,7.496808169,91,333,30.09582207,9.053239356,6.595174003,8.363084132,472,18,463,47,490,510
43,1000,30,7.7,28,91,932,44,15,9,68,9.448403239,105,323,31.93746261,10.14903515,9.176819703,9.729942994,479,30,453,38,509,491
44,1000,30,7.7,28,93,948,30,14,8,52,9.115390296,87,328,31.77500804,10.19040904,8.868670959,9.386988894,502,22,446,30,524,476
47,1000,30,7.7,28,68,956,28,8,8,44,8.532540643,100,330,31.80941493,9.794364921,8.35409464,8.68577866,445,17,511,27,462,538
42,1000,30,7.7,28,94,940,35,17,8,60,9.076205291,102,312,31.70827783,10.03787862,8.6259116,9.590137919,505,28,435,32,533,467
46,1000,30,7.7,28,73,943,37,14,6,57,8.755367321,119,316,31.49260413,10.05372851,8.257022176,9.278221244,492,20,451,37,512,488
45,1000,30,7.7,28,79,954,28,7,11,46,8.820365811,106,326,31.22059914,9.985715479,8.067846936,9.63233524,505,14,449,32,519,481
40,1000,30,7.7,28,95,933,51,8,8,67,9.07588458,95,332,32.41382716,9.861007161,8.462543565,9.672289157,465,28,468,39,493,507
48,1000,30,7.7,28,8,936,34,11,19,64,7.535092658,97,312,30.10972303,9.071095346,6.608887965,8.424975597,473,17,463,47,490,510
44,1000,30,7.7,28,94,947,31,14,8,53,9.128752307,97,335,31.77320508,10.20269863,8.886404696,9.395538332,501,23,446,30,524,476
43,1000,30,7.7,28,92,932,44,15,9,68,9.486682423,91,322,31.92816146,10.16365495,9.214785671,9.768546877,479,30,453,38,509,491
47,1000,30,7.7,28,69,955,29,7,9,45,8.539829834,115,318,31.84081707,9.817472432,8.371347318,8.684511846,445,17,510,28,462,538
42,1000,30,7.7,28,95,941,35,16,8,59,9.077733769,105,316,31.73958681,10.05511168,8.641083882,9.576094347,506,27,435,32,533,467
46,1000,30,7.7,28,74,942,38,14,6,58,8.794381565,103,352,31.52059493,10.08517708,8.270990062,9.343513634,492,20,450,38,512,488
45,1000,30,7.7,28,80,954,28,7,11,46,8.828053311,104,315,31.23365798,10.00205393,8.130280746,9.580951359,505,14,449,32,519,481
40,1000,30,7.7,28,96,934,50,8,8,66,9.067648105,113,319,32.44966989,9.84213594,8.472140531,9.646711682,465,28,469,38,493,507
48,1000,30,7.7,28,9,936,34,11,19,64,7.529409253,85,318,30.10830844,9.076849782,6.609093325,8.41363436,472,18,464,46,490,510
44,1000,30,7.7,28,95,946,30,15,9,54,9.141265485,109,285,31.79071429,10.21653412,8.90008386,9.406767946,501,23,445,31,524,476
43,1000,30,7.7,28,93,930,46,15,9,70,9.484066978,119,343,31.92329491,10.17771968,9.223559628,9.754124495,478,31,452,39,509,491
47,1000,30,7.7,28,70,955,31,6,8,45,8.52196099,97,298,31.86169369,9.847534544,8.406376927,8.621217192,445,17,510,28,462,538
42,1000,30,7.7,28,96,941,35,16,8,59,9.106181734,98,327,31.73352786,10.0652316,8.670818151,9.603074217,506,27,435,32,533,467
46,1000,30,7.7,28,75,942,38,14,6,58,8.813661054,111,318,31.53386028,10.11198543,8.281124468,9.372387964,492,20,450,38,512,488
45,1000,30,7.7,28,81,953,30,7,10,47,8.844542694,106,322,31.25593268,9.994439554,8.145983071,9.59828998,504,15,449,32,519,481
48,1000,30,7.7,28,10,937,34,11,18,63,7.592048652,91,303,30.11928041,9.093874698,6.683068155,8.465382855,472,18,465,45,490,510
44,1000,30,7.7,28,96,947,29,15,9,53,9.172093723,108,352,31.81046325,10.23666022,8.917450165,9.452415623,502,22,445,31,524,476
40,1000,30,7.7,28,97,933,51,8,8,67,9.104315143,97,337,32.46730555,9.847353027,8.547355527,9.645895202,464,29,469,38,493,507
43,1000,30,7.7,28,94,928,49,15,8,72,9.493705798,112,306,31.93388073,10.19762948,9.19295957,9.805477347,477,32,451,40,509,491
47,1000,30,7.7,28,71,955,31,6,8,45,8.522055991,115,326,31.8832882,9.863873104,8.397934676,8.628643441,445,17,510,28,462,538
42,1000,30,7.7,28,97,941,35,16,8,59,9.125164591,84,314,31.76975087,10.07850984,8.644599228,9.673647115,507,26,434,33,533,467
46,1000,30,7.7,28,76,940,40,14,6,60,8.83839771,92,328,31.5547862,10.12841366,8.276260666,9.428180838,492,20,448,40,512,488
45,1000,30,7.7,28,82,952,30,8,10,48,8.848532673,107,338,31.25614258,10.00157257,8.182259424,9.567442894,503,16,449,32,519,481
44,1000,30,7.7,28,97,946,31,15,8,54,9.179217446,120,323,31.83820321,10.24223915,8.900539314,9.485997575,502,22,444,32,524,476
48,1000,30,7.7,28,11,936,38,9,17,64,7.607186195,106,316,30.11707533,9.09127767,6.698189285,8.480536167,470,20,466,44,490,510
40,1000,30,7.7,28,98,933,51,7,9,67,9.127430626,104,370,32.5091853,9.863383214,8.590341829,9.649688569,463,30,470,37,493,507
43,1000,30,7.7,28,95,927,49,16,8,73,9.512927783,110,350,31.94116199,10.21379756,9.186460544,9.851363271,477,32,450,41,509,491
47,1000,30,7.7,28,72,955,31,6,8,45,8.536682478,93,295,31.89860654,9.873707732,8.414357238,8.641727572,445,17,510,28,462,538
42,1000,30,7.7,28,98,945,34,12,9,55,9.126676122,106,306,31.77817766,10.08691524,8.645206578,9.676190612,509,24,436,31,533,467
46,1000,30,7.7,28,77,940,40,14,6,60,8.860322421,108,334,31.56589459,10.12961898,8.288595653,9.460166898,492,20,448,40,512,488
44,1000,30,7.7,28,98,949,28,15,8,51,9.153978628,121,357,31.8366211,10.24218681,8.859853786,9.477763119,504,20,445,31,524,476
48,1000,30,7.7,28,12,939,37,8,16,61,7.610550743,98,309,30.1390028,9.09223557,6.715495955,8.470505344,472,18,467,43,490,510
45,1000,30,7.7,28,83,952,29,9,10,48,8.875283629,127,330,31.29209504,10.00710285,8.204339498,9.599233741,504,15,448,33,519,481
47,1000,30,7.7,28,73,955,31,7,7,45,8.533089332,107,330,31.92785688,9.864893193,8.390736523,8.655332823,445,17,510,28,462,538
43,1000,30,7.7,28,96,930,47,15,8,70,9.520165473,108,315,31.95860645,10.21947331,9.2186615,9.832722545,477,32,453,38,509,491
40,1000,30,7.7,28,99,931,53,7,9,69,9.099404181,112,346,32.53491942,9.872165089,8.575974998,9.608379697,463,30,468,39,493,507
42,1000,30,7.7,28,99,944,34,13,9,56,9.161204317,109,339,31.80181281,10.10742022,8.673419617,9.717926469,508,25,436,31,533,467
48,1000,30,7.7,28,13,938,37,9,16,62,7.624845797,94,313,30.17938587,9.093731833,6.7101151,8.503704702,472,18,466,44,490,510
44,1000,30,7.7,28,99,950,26,16,8,50,9.169961606,115,340,31.84933859,10.25619814,8.884676719,9.484014717,505,19,445,31,524,476
46,1000,30,7.7,28,78,941,38,15,6,59,8.853022157,114,344,31.6018074,10.14540532,8.28187496,9.45225856,493,19,448,40,512,488
45,1000,30,7.7,28,84,951,30,9,10,49,8.883637194,101,307,31.31494064,10.02273708,8.204981137,9.61590849,504,15,447,34,519,481
47,1000,30,7.7,28,74,954,32,7,7,46,8.593847176,94,304,32.00192752,9.881186172,8.464032319,8.705323875,444,18,510,28,462,538
43,1000,30,7.7,28,97,930,46,16,8,70,9.520749113,118,322,31.98794936,10.21583085,9.2496167,9.801821208,477,32,453,38,509,491
40,1000,30,7.7,28,100,932,52,7,9,68,9.136497814,105,313,32.54692819,9.874968618,8.680856455,9.57955736,463,30,469,38,493,507
42,1000,30,7.7,28,100,944,34,13,9,56,9.167918561,103,325,31.80043585,10.11960084,8.691426303,9.711752336,508,25,436,31,533,467
48,1000,30,7.7,28,14,938,38,7,17,62,7.650959845,90,313,30.19263253,9.11692685,6.708356653,8.556598205,471,19,467,43,490,510
44,1000,30,7.7,28,100,950,26,15,9,50,9.18017445,109,334,31.87008159,10.27056429,8.93042764,9.455105812,505,19,445,31,524,476
46,1000,30,7.7,28,79,940,39,15,6,60,8.88822259,105,309,31.61210048,10.15824052,8.338302693,9.465187727,492,20,448,40,512,488
45,1000,30,7.7,28,85,951,29,10,10,49,8.86257351,113,320,31.34007066,10.04309281,8.191674175,9.586475287,505,14,446,35,519,481
47,1000,30,7.7,28,75,952,34,7,7,48,8.665872805,101,301,32.02007246,9.893959701,8.51859345,8.792346897,444,18,508,30,462,538
43,1000,30,7.7,28,98,929,47,16,8,71,9.562252883,123,314,31.97859376,10.22802827,9.310225693,9.82351936,476,33,453,38,509,491
42,1000,30,7.7,28,101,942,36,13,9,58,9.189061103,101,330,31.8520266,10.12171616,8.69851402,9.74893604,508,25,434,33,533,467
48,1000,30,7.7,28,15,939,37,7,17,61,7.674154916,103,330,30.21212809,9.120011435,6.702011919,8.608174658,472,18,467,43,490,510
44,1000,30,7.7,28,101,949,26,16,9,51,9.191199544,127,311,31.89167831,10.28993534,8.977199413,9.42677952,504,20,445,31,524,476
40,1000,30,7.7,28,101,930,54,7,9,70,9.159776133,123,327,32.56910109,9.879944115,8.687427855,9.619081263,463,30,467,40,493,507
46,1000,30,7.7,28,80,939,40,15,6,61,8.909296871,97,321,31.64116973,10.15524977,8.351274992,9.494762449,491,21,448,40,512,488
45,1000,30,7.7,28,86,951,29,10,10,49,8.877015227,109,330,31.34189871,10.05695614,8.221079034,9.584771743,505,14,446,35,519,481
47,1000,30,7.7,28,76,952,34,7,7,48,8.72422096,103,307,32.04749122,9.900762235,8.571673753,8.855218747,444,18,508,30,462,538
43,1000,30,7.7,28,99,927,49,16,8,73,9.57334479,108,310,32.01368698,10.23759335,9.288111812,9.869034374,475,34,452,39,509,491
48,1000,30,7.7,28,16,942,35,7,16,58,7.654484278,100,294,30.22428802,9.138419399,6.694684698,8.57664466,472,18,470,40,490,510
44,1000,30,7.7,28,102,948,26,17,9,52,9.212232558,107,328,31.93874687,10.29873286,8.985599578,9.461719284,503,21,445,31,524,476
42,1000,30,7.7,28,102,942,36,13,9,58,9.148292236,109,330,31.89478543,10.15508516,8.678594271,9.684371497,508,25,434,33,533,467
40,1000,30,7.7,28,102,931,54,7,8,69,9.185918369,86,318,32.58175372,9.901156901,8.676656117,9.681118153,465,28,466,41,493,507
46,1000,30,7.7,28,81,940,39,14,7,60,8.900597294,123,336,31.65129467,10.1699844,8.363418357,9.464194868,491,21,449,39,512,488
45,1000,30,7.7,28,87,952,29,9,10,48,8.881384842,87,323,31.3510404,10.06553672,8.210224132,9.605568644,505,14,447,34,519,481
47,1000,30,7.7,28,77,952,33,8,7,48,8.73768965,110,310,32.05516517,9.910458765,8.588954782,8.865413645,443,19,509,29,462,538
43,1000,30,7.7,28,100,927,49,16,8,73,9.609311354,99,317,32.03744779,10.25054479,9.312415036,9.917091855,475,34,452,39,509,491
44,1000,30,7.7,28,103,946,28,17,9,54,9.267324591,104,326,31.97761413,10.30383212,9.041311712,9.516128684,501,23,445,31,524,476
48,1000,30,7.7,28,17,941,36,7,16,59,7.694493178,98,292,30.23072621,9.154021047,6.719008052,8.631723985,471,19,470,40,490,510
42,1000,30,7.7,28,103,941,37,13,9,59,9.180509805,90,323,31.91755665,10.1715689,8.723381713,9.702242723,508,25,433,34,533,467
46,1000,30,7.7,28,82,940,38,14,8,60,8.903913532,116,331,31.66159979,10.18401291,8.349193263,9.485915127,492,20,448,40,512,488
45,1000,30,7.7,28,88,953,28,8,11,47,8.879917594,117,289,31.38199393,10.0855462,8.180372103,9.634728632,505,14,448,33,519,481
40,1000,30,7.7,28,103,931,53,8,8,69,9.24058714,102,347,32.60450631,9.914023989,8.720510688,9.746302506,465,28,466,41,493,507
47,1000,30,7.7,28,78,952,33,8,7,48,8.76427521,110,335,32.08356947,9.936039835,8.616038474,8.89157144,443,19,509,29,462,538
43,1000,30,7.7,28,101,928,48,16,8,72,9.637831375,98,344,32.06607912,10.2861639,9.321329748,9.965935913,476,33,452,39,509,491
44,1000,30,7.7,28,104,947,27,16,10,53,9.259299652,125,337,31.97688472,10.3202224,9.053627509,9.485711843,501,23,446,30,524,476
48,1000,30,7.7,28,18,938,39,7,16,62,7.73092615,82,299,30.26488298,9.179727543,6.731807558,8.690863621,471,19,467,43,490,510
49,1000,30,7.7,28,0,942,27,18,13,58,7.1,109,305,30.13090085,8.815059816,6.503144654,7.644359465,456,21,486,37,477,523
42,1000,30,7.7,28,104,942,37,12,9,58,9.17257435,109,331,31.94324788,10.18922307,8.699322565,9.712709685,509,24,433,34,533,467
50,1000,30,7.7,28,0,939,34,13,14,61,7.069,91,290,29.75320678,8.923606067,6.446850394,7.711382114,480,28,459,33,508,492
46,1000,30,7.7,28,83,942,36,14,8,58,8.905494984,97,316,31.70278545,10.20457414,8.342251397,9.496439075,493,19,449,39,512,488
45,1000,30,7.7,28,89,952,30,9,9,48,8.901144138,115,313,31.41200125,10.10673943,8.19527009,9.662783705,504,15,448,33,519,481
40,1000,30,7.7,28,104,931,53,8,8,69,9.241310986,113,315,32.60542802,9.935863089,8.704473352,9.763324701,465,28,466,41,493,507
47,1000,30,7.7,28,79,952,32,9,7,48,8.80023817,84,341,32.08819148,9.930279983,8.65212097,8.92743175,443,19,509,29,462,538
43,1000,30,7.7,28,102,929,47,16,8,71,9.633126542,110,327,32.07772523,10.3159007,9.315628036,9.962264504,476,33,453,38,509,491
48,1000,30,7.7,28,19,940,37,7,16,60,7.747584909,91,257,30.30294222,9.187722419,6.775985929,8.681081969,471,19,469,41,490,510
49,1000,30,7.7,28,1,944,26,17,13,56,7.099893219,96,317,30.13723153,8.832378912,6.49424591,7.652271358,457,20,487,36,477,523
46,1000,30,7.7,28,84,942,35,15,8,58,8.909633982,120,349,31.73929493,10.19247882,8.361694523,9.484521283,492,20,450,38,512,488
50,1000,30,7.7,28,1,939,33,14,14,61,7.104570803,88,293,29.77472815,8.944323271,6.463106028,7.766896221,480,28,459,33,508,492
45,1000,30,7.7,28,90,952,30,9,9,48,8.923820251,106,322,31.43104651,10.11342613,8.259712656,9.640393726,503,16,449,32,519,481
47,1000,30,7.7,28,80,952,31,10,7,48,8.832213639,99,350,32.09591789,9.929934761,8.733694366,8.916815692,443,19,509,29,462,538
48,1000,30,7.7,28,20,941,36,6,17,59,7.77251239,90,309,30.31642655,9.2061364,6.834275238,8.673955928,472,18,469,41,490,510
43,1000,30,7.7,28,103,931,46,16,7,69,9.627739204,109,338,32.1155347,10.34632752,9.27465839,9.993763918,478,31,453,38,509,491
49,1000,30,7.7,28,2,943,26,18,13,57,7.116770506,93,291,30.17500781,8.83983512,6.497082698,7.681954224,457,20,486,37,477,523
46,1000,30,7.7,28,85,941,36,15,8,59,8.927053065,118,307,31.76096547,10.18615366,8.372607672,9.508766263,492,20,449,39,512,488
50,1000,30,7.7,28,2,939,32,15,14,61,7.168199094,100,292,29.78900206,8.963405321,6.543547461,7.813164601,480,28,459,33,508,492
45,1000,30,7.7,28,91,951,31,9,9,49,8.945471978,112,344,31.43521962,10.13266005,8.263837404,9.680957101,503,16,448,33,519,481
48,1000,30,7.7,28,21,943,34,6,17,57,7.785596857,113,338,30.33964738,9.223657214,6.844304044,8.689976226,473,17,470,40,490,510
47,1000,30,7.7,28,81,951,31,11,7,49,8.865931268,102,328,32.10607173,9.94620841,8.781582175,8.938364876,442,20,509,29,462,538
43,1000,30,7.7,28,104,931,46,15,8,69,9.678276373,108,324,32.14799291,10.35323463,9.327549412,10.04186094,478,31,453,38,509,491
49,1000,30,7.7,28,3,944,25,18,13,56,7.109324471,104,293,30.19662504,8.838293405,6.494930255,7.66968019,457,20,487,36,477,523
46,1000,30,7.7,28,86,940,37,15,8,60,8.97190658,113,321,31.78109252,10.19945248,8.401429361,9.570440056,491,21,449,39,512,488
50,1000,30,7.7,28,3,939,32,15,14,61,7.253067073,80,290,29.79906166,8.98706287,6.601575226,7.925745646,480,28,459,33,508,492
45,1000,30,7.7,28,92,951,31,8,10,49,8.943682758,117,328,31.43442636,10.16350451,8.250894169,9.691203086,503,16,448,33,519,481
48,1000,30,7.7,28,22,943,34,6,17,57,7.789225209,98,278,30.35490142,9.236146965,6.856394439,8.68547438,473,17,470,40,490,510
47,1000,30,7.7,28,82,953,31,10,6,47,8.883543938,103,316,32.12696741,9.955119587,8.806191145,8.949969572,443,19,510,28,462,538
49,1000,30,7.7,28,4,944,24,19,13,56,7.123403971,89,317,30.22559645,8.861998579,6.517717853,7.675817506,457,20,487,36,477,523
46,1000,30,7.7,28,87,939,38,15,8,61,8.99884228,105,320,31.79718928,10.21166021,8.387025447,9.640748464,491,21,448,40,512,488
50,1000,30,7.7,28,4,944,30,13,13,56,7.215045254,101,314,29.80563113,9.012027159,6.556016202,7.895506145,483,25,461,31,508,492
48,1000,30,7.7,28,23,942,35,7,16,58,7.866813824,108,310,30.38341067,9.241555854,6.941719542,8.755629898,472,18,470,40,490,510
45,1000,30,7.7,28,93,949,32,9,10,51,8.980282217,111,325,31.45046784,10.16553299,8.292718409,9.722164995,502,17,447,34,519,481
49,1000,30,7.7,28,5,944,23,20,13,56,7.159964075,101,311,30.23898717,8.866367144,6.554567738,7.712113317,457,20,487,36,477,523
47,1000,30,7.7,28,83,954,30,10,6,46,8.893979953,109,321,32.15237831,9.960097487,8.82602165,8.952338198,443,19,511,27,462,538
46,1000,30,7.7,28,88,939,38,14,9,61,8.994405674,111,336,31.84059982,10.20235888,8.40833326,9.609301322,491,21,448,40,512,488
50,1000,30,7.7,28,5,947,28,12,13,53,7.214350161,68,313,29.815246,9.010891147,6.586945005,7.862158737,483,25,464,28,508,492
48,1000,30,7.7,28,24,942,34,8,16,58,7.876654154,83,299,30.39694644,9.247941969,6.950151069,8.766823785,472,18,470,40,490,510
49,1000,30,7.7,28,6,944,25,19,12,56,7.176692948,109,321,30.27515538,8.885106554,6.587937469,7.713664962,458,19,486,37,477,523
45,1000,30,7.7,28,94,950,31,9,10,50,8.951764331,117,317,31.47878688,10.16306526,8.229984885,9.730565854,503,16,447,34,519,481
47,1000,30,7.7,28,84,954,28,12,6,46,8.919947066,104,324,32.17373695,9.970418534,8.864807739,8.967297195,443,19,511,27,462,538
46,1000,30,7.7,28,89,940,37,14,9,60,8.998699318,116,320,31.89622878,10.2283486,8.406111419,9.620430883,491,21,449,39,512,488
50,1000,30,7.7,28,6,949,26,12,13,51,7.194930516,98,336,29.8271213,9.019062265,6.589361666,7.820192662,483,25,466,26,508,492
48,1000,30,7.7,28,25,944,31,9,16,56,7.869073565,102,324,30.43832153,9.267266166,6.968321392,8.734502124,472,18,472,38,490,510
49,1000,30,7.7,28,7,945,23,20,12,55,7.215397881,90,325,30.30325923,8.874602713,6.655590927,7.725967512,458,19,487,36,477,523
45,1000,30,7.7,28,95,949,32,9,10,51,8.948300115,112,310,31.47840412,10.16119319,8.21176569,9.743022292,503,16,446,35,519,481
47,1000,30,7.7,28,85,954,28,12,6,46,8.925413096,118,314,32.19343444,9.994146686,8.8415477,8.997431335,443,19,511,27,462,538
46,1000,30,7.7,28,90,935,41,15,9,65,9.054628073,111,327,31.91958918,10.23876496,8.424716153,9.715519267,488,24,447,41,512,488
49,1000,30,7.7,28,8,946,23,18,13,54,7.255638745,89,331,30.32318555,8.893251615,6.708994286,7.754203576,459,18,487,36,477,523
45,1000,30,7.7,28,96,947,34,9,10,53,8.963751053,120,335,31.48113351,10.17797891,8.226793915,9.758929338,502,17,445,36,519,481
50,1000,30,7.7,28,7,951,24,12,13,49,7.18831853,97,292,29.85425494,9.022849154,6.588096248,7.808060237,484,24,467,25,508,492
48,1000,30,7.7,28,26,946,31,9,14,54,7.868899887,102,309,30.44512838,9.288432592,7.035935403,8.669199097,471,19,475,35,490,510
47,1000,30,7.7,28,86,954,28,11,7,46,8.956176397,96,343,32.19906703,10.01093489,8.851606911,9.045973986,443,19,511,27,462,538
45,1000,30,7.7,28,97,949,31,10,10,51,8.940493143,115,305,31.50296069,10.18941834,8.160849543,9.781730208,503,16,446,35,519,481
46,1000,30,7.7,28,91,934,42,15,9,66,9.095399138,95,336,31.94080526,10.25629212,8.441736932,9.781208667,487,25,447,41,512,488
49,1000,30,7.7,28,9,947,22,18,13,53,7.269790662,92,302,30.35271238,8.915657764,6.734203274,7.758270937,459,18,488,35,477,523
48,1000,30,7.7,28,27,946,31,9,14,54,7.911844076,88,296,30.45610407,9.296552471,7.105583202,8.686486877,471,19,475,35,490,510
50,1000,30,7.7,28,8,951,24,13,12,49,7.190386683,113,316,29.87587871,9.046617303,6.54739801,7.854285557,484,24,467,25,508,492
47,1000,30,7.7,28,87,954,28,11,7,46,8.95758534,105,334,32.20516552,10.02578679,8.847886245,9.051787907,443,19,511,27,462,538
45,1000,30,7.7,28,98,948,30,12,10,52,8.956893152,114,325,31.52554426,10.1808736,8.180965177,9.79412105,503,16,445,36,519,481
46,1000,30,7.7,28,92,933,43,15,9,67,9.171583268,99,329,31.9630089,10.26365826,8.519136841,9.856117225,486,26,447,41,512,488
49,1000,30,7.7,28,10,948,20,19,13,52,7.294662808,94,294,30.35459749,8.939608587,6.767211945,7.775722199,460,17,488,35,477,523
48,1000,30,7.7,28,28,946,32,9,13,54,7.905941214,96,296,30.49145005,9.301829003,7.130721185,8.650760457,471,19,475,35,490,510
50,1000,30,7.7,28,9,950,24,14,12,50,7.221457566,97,311,29.91223411,9.037399634,6.569627968,7.894484875,483,25,467,25,508,492
47,1000,30,7.7,28,88,954,27,12,7,46,8.970653513,94,311,32.21992512,10.04114825,8.895121547,9.035515535,443,19,511,27,462,538
45,1000,30,7.7,28,99,948,30,12,10,52,8.94294805,112,315,31.54169117,10.17648734,8.191529396,9.753730339,503,16,445,36,519,481
46,1000,30,7.7,28,93,933,42,16,9,67,9.214436431,111,306,31.9614065,10.29313776,8.50898713,9.95457996,486,26,447,41,512,488
49,1000,30,7.7,28,11,948,20,19,13,52,7.351530829,97,336,30.37849349,8.942734992,6.799021639,7.855444564,460,17,488,35,477,523
48,1000,30,7.7,28,29,946,32,9,13,54,7.910496169,111,288,30.53135499,9.329468449,7.135665421,8.654941397,471,19,475,35,490,510
50,1000,30,7.7,28,10,952,22,14,12,48,7.253174037,95,311,29.9529214,9.054295668,6.560881666,7.967979981,485,23,467,25,508,492
45,1000,30,7.7,28,100,948,30,12,10,52,8.960721235,115,338,31.53606422,10.19631964,8.235185735,9.743575547,503,16,445,36,519,481
47,1000,30,7.7,28,89,954,27,12,7,46,8.957835153,106,314,32.2470737,10.05680313,8.870475802,9.032853777,442,20,512,26,462,538
49,1000,30,7.7,28,12,947,20,20,13,53,7.399874093,93,320,30.42059867,8.957884633,6.857966432,7.894118747,459,18,488,35,477,523
48,1000,30,7.7,28,30,945,33,9,13,55,7.93139194,90,309,30.5747017,9.352061539,7.158527631,8.673947844,471,19,474,36,490,510
46,1000,30,7.7,28,94,932,43,16,9,68,9.248014195,100,324,31.96473871,10.29823505,8.542751938,9.987961482,486,26,446,42,512,488
50,1000,30,7.7,28,11,951,22,15,12,49,7.259672489,98,320,29.99985381,9.0540895,6.585159097,7.956121276,485,23,466,26,508,492
47,1000,30,7.7,28,90,955,27,11,7,45,8.968267683,102,320,32.29461667,10.04503393,8.885324634,9.03949387,442,20,513,25,462,538
45,1000,30,7.7,28,101,949,30,11,10,51,8.95376565,102,323,31.54733535,10.19087903,8.206994754,9.759532999,503,16,446,35,519,481
49,1000,30,7.7,28,13,949,19,19,13,51,7.404971165,84,311,30.43998846,8.970775469,6.864364853,7.89802893,459,18,490,33,477,523
48,1000,30,7.7,28,31,945,32,10,13,55,7.924474516,88,297,30.59147887,9.375928804,7.155597711,8.663199289,471,19,474,36,490,510
50,1000,30,7.7,28,12,950,23,15,12,50,7.272939928,86,286,30.02375741,9.054899769,6.616819145,7.950397972,484,24,466,26,508,492
46,1000,30,7.7,28,95,932,43,16,9,68,9.277555466,103,342,32.00066544,10.30702687,8.57659231,10.01299222,487,25,445,43,512,488
45,1000,30,7.7,28,102,949,30,11,10,51,8.977709437,121,340,31.55598532,10.20063402,8.23837662,9.775451083,503,16,446,35,519,481
47,1000,30,7.7,28,91,956,25,12,7,44,8.976960442,108,315,32.29962658,10.03320512,8.939829255,9.008846331,441,21,515,23,462,538
49,1000,30,7.7,28,14,952,16,19,13,48,7.411586938,100,308,30.44703986,9.006361846,6.851064825,7.922808828,460,17,492,31,477,523
48,1000,30,7.7,28,32,944,33,9,14,56,7.962512597,99,322,30.61173895,9.380948503,7.2091786,8.686304085,471,19,473,37,490,510
50,1000,30,7.7,28,13,951,22,15,12,49,7.273407412,114,295,30.04038365,9.068662479,6.612059148,7.956262937,485,23,466,26,508,492
46,1000,30,7.7,28,96,931,43,17,9,69,9.275805207,105,329,32.02751525,10.32115621,8.571861683,10.0143689,487,25,444,44,512,488
47,1000,30,7.7,28,92,956,25,12,7,44,9.023647489,108,327,32.31925362,10.03478104,8.95772511,9.080257412,441,21,515,23,462,538
45,1000,30,7.7,28,103,944,34,11,11,56,9.053762287,125,351,31.57552285,10.22682159,8.306910313,9.85961712,499,20,445,36,519,481
49,1000,30,7.7,28,15,950,19,18,13,50,7.45520858,86,293,30.4712078,9.009440864,6.905260342,7.956786611,459,18,491,32,477,523
48,1000,30,7.7,28,33,944,33,8,15,56,8.018196528,111,303,30.6285254,9.406364863,7.270967417,8.736122538,471,19,473,37,490,510
50,1000,30,7.7,28,14,951,22,15,12,49,7.311368496,108,329,30.07124823,9.083744666,6.662800714,7.981027914,485,23,466,26,508,492
47,1000,30,7.7,28,93,957,23,13,7,43,9.030981323,104,322,32.33815547,10.0341256,8.971972096,9.081654674,442,20,515,23,462,538
46,1000,30,7.7,28,97,930,44,17,9,70,9.281433709,119,289,32.04652055,10.33755757,8.599406006,9.997003758,487,25,443,45,512,488
45,1000,30,7.7,28,104,943,35,11,11,57,9.085965252,108,298,31.58399386,10.22252445,8.342072398,9.888627188,498,21,445,36,519,481
48,1000,30,7.7,28,34,946,31,7,16,54,8.02279871,103,306,30.642981,9.398055056,7.273434552,8.742776038,472,18,474,36,490,510
49,1000,30,7.7,28,16,950,19,18,13,50,7.507398561,86,309,30.51076461,9.01408794,6.966858166,8.000396207,459,18,491,32,477,523
50,1000,30,7.7,28,15,953,20,15,12,47,7.314037149,95,306,30.09486913,9.112526816,6.675295413,7.973550974,487,21,466,26,508,492
47,1000,30,7.7,28,94,957,23,12,8,43,9.0190713,106,340,32.35660696,10.03058006,8.956221188,9.073042957,442,20,515,23,462,538
46,1000,30,7.7,28,98,930,44,18,8,70,9.278188486,94,341,32.06390172,10.35110196,8.591466081,9.998684124,487,25,443,45,512,488
48,1000,30,7.7,28,35,946,31,7,16,54,8.056986101,112,306,30.63964936,9.392167378,7.341396876,8.744513004,471,19,475,35,490,510
49,1000,30,7.7,28,17,951,19,18,12,49,7.492292696,97,300,30.53241156,9.029560252,6.979701819,7.959799099,459,18,492,31,477,523
47,1000,30,7.7,28,95,958,22,12,8,42,9.035589344,121,342,32.37501115,10.05535906,8.918979952,9.135726033,443,19,515,23,462,538
50,1000,30,7.7,28,16,952,21,15,12,48,7.35102845,95,305,30.1162505,9.123154857,6.73362768,7.988507293,487,21,465,27,508,492
46,1000,30,7.7,28,99,930,45,17,8,70,9.283581904,101,332,32.08897939,10.36579305,8.569364323,10.03292494,488,24,442,46,512,488
48,1000,30,7.7,28,36,947,29,8,16,53,8.096501547,88,289,30.65243392,9.403743477,7.343302203,8.820163661,472,18,475,35,490,510
49,1000,30,7.7,28,18,954,17,18,11,46,7.472825937,102,311,30.54785683,9.052020039,6.963250757,7.937581885,459,18,495,28,477,523
47,1000,30,7.7,28,96,958,22,12,8,42,9.027806565,113,324,32.40178063,10.08581365,8.896817496,9.140291602,444,18,514,24,462,538
50,1000,30,7.7,28,17,953,20,15,12,47,7.376523646,82,290,30.14420209,9.137800254,6.777919744,7.994594341,487,21,466,26,508,492
48,1000,30,7.7,28,37,948,28,8,16,52,8.11276334,116,330,30.69561007,9.423967454,7.337978456,8.857164504,473,17,475,35,490,510
46,1000,30,7.7,28,100,930,45,17,8,70,9.330506578,97,299,32.103545,10.38131253,8.626938454,10.06867641,487,25,443,45,512,488
49,1000,30,7.7,28,19,954,18,17,11,46,7.480087844,102,299,30.58478787,9.065722784,6.965712137,7.949222094,459,18,495,28,477,523
47,1000,30,7.7,28,97,957,22,13,8,43,9.070731989,104,310,32.44012278,10.08779459,8.922963403,9.197626202,444,18,513,25,462,538
48,1000,30,7.7,28,38,949,27,9,15,51,8.105185617,94,326,30.72688013,9.427490167,7.337354249,8.84290595,472,18,477,33,490,510
50,1000,30,7.7,28,18,954,19,15,12,46,7.398705305,99,296,30.13275754,9.14318607,6.776770833,8.040865289,489,19,465,27,508,492
46,1000,30,7.7,28,101,930,46,17,7,70,9.331892438,114,361,32.1116857,10.37765898,8.630385974,10.06789922,487,25,443,45,512,488
49,1000,30,7.7,28,20,953,19,16,12,47,7.523464002,105,295,30.59447843,9.076577679,7.006889355,7.994603785,459,18,494,29,477,523
48,1000,30,7.7,28,39,947,29,9,15,53,8.135203076,93,311,30.75927844,9.432538298,7.357220244,8.882676777,472,18,475,35,490,510
47,1000,30,7.7,28,98,957,22,13,8,43,9.121145693,100,336,32.46890092,10.10499963,8.965411558,9.25488021,444,18,513,25,462,538
46,1000,30,7.7,28,102,930,46,17,7,70,9.363278294,106,363,32.1137092,10.37607664,8.653609765,10.10784855,488,24,442,46,512,488
50,1000,30,7.7,28,19,954,19,16,11,46,7.415037689,101,290,30.16916552,9.169656133,6.844350925,8.004283372,489,19,465,27,508,492
48,1000,30,7.7,28,40,946,30,9,15,54,8.131448104,101,288,30.78797744,9.454256049,7.387503738,8.846218181,471,19,475,35,490,510
49,1000,30,7.7,28,21,953,21,15,11,47,7.528313928,83,326,30.60004482,9.103867534,7.008691852,8.002233107,457,20,496,27,477,523
47,1000,30,7.7,28,99,957,22,13,8,43,9.122019735,125,342,32.50216623,10.11823266,8.950578362,9.269242624,444,18,513,25,462,538
46,1000,30,7.7,28,103,931,46,16,7,69,9.360479876,103,322,32.14222142,10.39708185,8.675021265,10.07964957,489,23,442,46,512,488
50,1000,30,7.7,28,20,954,18,17,11,46,7.470937385,109,313,30.22502733,9.178427185,6.875143647,8.086106528,489,19,465,27,508,492
48,1000,30,7.7,28,41,946,31,8,15,54,8.156262255,75,310,30.80456225,9.461911689,7.441717467,8.842785679,470,20,476,34,490,510
49,1000,30,7.7,28,22,952,23,15,10,48,7.534764099,99,315,30.62322897,9.117393441,7.048106339,7.978618309,456,21,496,27,477,523
47,1000,30,7.7,28,100,955,24,13,8,45,9.127344985,110,328,32.54288168,10.12730109,8.963911704,9.267691036,443,19,512,26,462,538
46,1000,30,7.7,28,104,931,45,17,7,69,9.386570429,115,335,32.17349233,10.40164531,8.711087238,10.0952741,489,23,442,46,512,488
48,1000,30,7.7,28,42,946,31,9,14,54,8.130733214,113,343,30.81720382,9.509586021,7.425261957,8.808538932,469,21,477,33,490,510
50,1000,30,7.7,28,21,956,16,16,12,44,7.473181949,103,308,30.2502859,9.17204403,6.874839378,8.090982815,489,19,467,25,508,492
49,1000,30,7.7,28,23,952,23,15,10,48,7.556679464,92,309,30.6466943,9.124845721,7.055420559,8.013850588,456,21,496,27,477,523
47,1000,30,7.7,28,101,955,24,12,9,45,9.123590401,112,365,32.55731396,10.13011663,8.955621078,9.267831716,443,19,512,26,462,538
48,1000,30,7.7,28,43,946,30,10,14,54,8.175390554,106,315,30.81792957,9.529325382,7.484395143,8.839288106,468,22,478,32,490,510
50,1000,30,7.7,28,22,956,16,15,13,44,7.494956221,81,284,30.27536043,9.196320251,6.877157688,8.132845764,489,19,467,25,508,492
49,1000,30,7.7,28,24,953,23,14,10,47,7.623348307,96,308,30.65516175,9.10190389,7.098730698,8.101823641,457,20,496,27,477,523
47,1000,30,7.7,28,102,956,23,12,9,44,9.131025548,115,323,32.55115364,10.14387149,8.971775698,9.267779137,443,19,513,25,462,538
48,1000,30,7.7,28,44,945,31,10,14,55,8.199697407,95,307,30.84634061,9.552826802,7.497511425,8.874346684,468,22,477,33,490,510
50,1000,30,7.7,28,23,957,15,15,13,43,7.498501942,92,292,30.27537567,9.206068409,6.916729954,8.099193345,489,19,468,24,508,492
49,1000,30,7.7,28,25,952,24,14,10,48,7.673426023,92,295,30.6665806,9.13010522,7.143512622,8.156731363,457,20,495,28,477,523
47,1000,30,7.7,28,103,956,23,12,9,44,9.149485802,106,353,32.56892102,10.16122722,8.966765194,9.306394576,443,19,513,25,462,538
48,1000,30,7.7,28,45,948,30,10,12,52,8.164353061,112,300,30.84397427,9.572806238,7.462114674,8.839052689,469,21,479,31,490,510
50,1000,30,7.7,28,24,955,18,14,13,45,7.536029015,98,295,30.26873062,9.218903208,6.954961065,8.135993483,489,19,466,26,508,492
49,1000,30,7.7,28,26,952,23,15,10,48,7.694955256,101,334,30.69204375,9.15369134,7.160477075,8.182423883,457,20,495,28,477,523
47,1000,30,7.7,28,104,956,23,13,8,44,9.129106284,111,336,32.58628932,10.16423853,8.960147377,9.274197389,443,19,513,25,462,538
48,1000,30,7.7,28,46,949,29,11,11,51,8.19297044,106,280,30.84346108,9.587803009,7.504640525,8.854307025,469,21,480,30,490,510
50,1000,30,7.7,28,25,956,17,13,14,44,7.537957387,97,306,30.27716753,9.247803619,6.943993405,8.151237271,489,19,467,25,508,492
49,1000,30,7.7,28,27,952,24,14,10,48,7.717370455,84,317,30.68217533,9.172717355,7.201727524,8.18766047,457,20,495,28,477,523
48,1000,30,7.7,28,47,949,29,11,11,51,8.242424601,92,313,30.87230458,9.599102066,7.547924946,8.909688976,469,21,480,30,490,510
50,1000,30,7.7,28,26,954,19,13,14,46,7.572974588,79,289,30.3328115,9.27295913,6.971002117,8.194523398,488,20,466,26,508,492
49,1000,30,7.7,28,28,953,24,13,10,47,7.744189617,112,307,30.69995977,9.204758963,7.243436382,8.200899546,457,20,496,27,477,523
48,1000,30,7.7,28,48,948,30,12,10,52,8.249355701,103,330,30.91912365,9.611231242,7.520705843,8.949431055,469,21,479,31,490,510
50,1000,30,7.7,28,27,952,21,13,14,48,7.616115052,88,312,30.35618905,9.280006385,7.017100682,8.234609564,487,21,465,27,508,492
49,1000,30,7.7,28,29,953,23,14,10,47,7.768019439,81,308,30.71212333,9.209250205,7.271133029,8.221202647,457,20,496,27,477,523
48,1000,30,7.7,28,49,948,30,12,10,52,8.285294806,106,317,30.95008551,9.623998283,7.593877812,8.949597408,469,21,479,31,490,510
50,1000,30,7.7,28,28,953,21,13,13,47,7.590018889,102,325,30.39175353,9.272058552,6.992160022,8.20732032,488,20,465,27,508,492
49,1000,30,7.7,28,30,954,23,13,10,46,7.775127223,123,319,30.72058458,9.200244066,7.312465202,8.197096219,457,20,497,26,477,523
48,1000,30,7.7,28,50,948,30,12,10,52,8.289404887,119,320,30.95025852,9.621409551,7.602611669,8.949265038,469,21,479,31,490,510
50,1000,30,7.7,28,29,953,22,13,12,47,7.661820329,98,293,30.38582039,9.25609244,7.058474141,8.284787532,488,20,465,27,508,492
49,1000,30,7.7,28,31,954,23,13,10,46,7.789343275,89,315,30.7493154,9.222194362,7.325138455,8.212719372,457,20,497,26,477,523
48,1000,30,7.7,28,51,949,29,12,10,51,8.297959185,97,308,31.00278869,9.629639967,7.608858809,8.960036017,469,21,480,30,490,510
50,1000,30,7.7,28,30,952,24,13,11,48,7.697585271,116,312,30.40948363,9.265262545,7.082621037,8.332548342,487,21,465,27,508,492
49,1000,30,7.7,28,32,953,25,14,8,47,7.819992239,100,310,30.74049516,9.235769723,7.403409446,8.199934862,457,20,496,27,477,523
48,1000,30,7.7,28,52,949,29,12,10,51,8.324396872,103,312,31.03596894,9.638075344,7.643412134,8.978676325,469,21,480,30,490,510
50,1000,30,7.7,28,31,951,25,14,10,49,7.711753636,95,284,30.41656505,9.259188246,7.088964187,8.3547964,487,21,464,28,508,492
49,1000,30,7.7,28,33,953,25,14,8,47,7.841689939,99,330,30.76027582,9.256488296,7.440651642,8.207455269,457,20,496,27,477,523
48,1000,30,7.7,28,53,949,29,12,10,51,8.353071568,95,311,31.05189758,9.64286195,7.611977035,9.06510357,469,21,480,30,490,510
50,1000,30,7.7,28,32,952,24,14,10,48,7.7306659,116,309,30.47036353,9.255425135,7.112495526,8.368939375,487,21,465,27,508,492
49,1000,30,7.7,28,34,953,25,14,8,47,7.877762607,96,312,30.73661555,9.254432266,7.48856373,8.232729843,457,20,496,27,477,523
48,1000,30,7.7,28,54,947,31,12,10,53,8.410777432,88,310,31.07429616,9.650977493,7.658060602,9.133975954,469,21,478,32,490,510
50,1000,30,7.7,28,33,953,24,14,9,47,7.724439797,110,298,30.48521318,9.270190917,7.128146058,8.340125201,488,20,465,27,508,492
49,1000,30,7.7,28,35,953,24,15,8,47,7.89990543,91,300,30.75144698,9.283010661,7.524880414,8.241945455,457,20,496,27,477,523
48,1000,30,7.7,28,55,947,31,12,10,53,8.423248712,122,316,31.07440509,9.668415102,7.673913209,9.143198508,469,21,478,32,490,510
50,1000,30,7.7,28,34,954,22,15,9,46,7.762659258,94,348,30.50392693,9.28030903,7.156304881,8.388732478,488,20,466,26,508,492
49,1000,30,7.7,28,36,954,23,15,8,46,7.903705417,90,318,30.78729068,9.296743509,7.509327458,8.263396214,457,20,497,26,477,523
48,1000,30,7.7,28,56,946,32,13,9,54,8.442532955,102,317,31.07430225,9.696605684,7.714334531,9.142174577,469,21,477,33,490,510
50,1000,30,7.7,28,35,954,22,14,10,46,7.778852595,91,317,30.52546106,9.302641972,7.152130433,8.425955965,488,20,466,26,508,492
49,1000,30,7.7,28,37,956,22,14,8,44,7.890741543,92,323,30.78834899,9.305228546,7.495296939,8.251405169,458,19,498,25,477,523
48,1000,30,7.7,28,57,947,32,12,9,53,8.449310445,112,300,31.09473498,9.725495754,7.734677917,9.135918168,469,21,478,32,490,510
50,1000,30,7.7,28,36,954,21,16,9,46,7.80222719,100,306,30.55140941,9.310698805,7.135822911,8.490303153,490,18,464,28,508,492
49,1000,30,7.7,28,38,955,23,13,9,45,7.915392648,94,314,30.81023582,9.30976909,7.513659951,8.281791303,457,20,498,25,477,523
48,1000,30,7.7,28,58,947,32,12,9,53,8.481861504,107,314,31.10926019,9.746092708,7.78329921,9.153029199,470,20,477,33,490,510
50,1000,30,7.7,28,37,954,21,16,9,46,7.859858572,102,278,30.57638865,9.315217902,7.184704619,8.55696875,490,18,464,28,508,492
49,1000,30,7.7,28,39,955,23,13,9,45,7.945461577,115,327,30.82298015,9.323582485,7.533940547,8.32078764,457,20,498,25,477,523
48,1000,30,7.7,28,59,947,32,12,9,53,8.470792125,93,295,31.14429798,9.74946027,7.742435339,9.1705859,470,20,477,33,490,510
50,1000,30,7.7,28,38,955,21,15,9,45,7.852058505,92,278,30.60816445,9.336989307,7.185308558,8.540491377,490,18,465,27,508,492
49,1000,30,7.7,28,40,958,21,12,9,42,7.950407826,99,317,30.85688194,9.331400273,7.581667679,8.286715762,458,19,500,23,477,523
48,1000,30,7.7,28,60,949,31,12,8,51,8.457817318,110,345,31.16451047,9.769382281,7.713821703,9.172636635,471,19,478,32,490,510
50,1000,30,7.7,28,39,956,21,13,10,44,7.873567919,103,302,30.61872006,9.337320384,7.224314708,8.543935057,490,18,466,26,508,492
49,1000,30,7.7,28,41,958,21,12,9,42,7.952113237,112,296,30.8965195,9.350408237,7.586357984,8.285698812,458,19,500,23,477,523
48,1000,30,7.7,28,61,949,31,12,8,51,8.456419072,86,312,31.19572146,9.774663276,7.712685815,9.170986319,471,19,478,32,490,510
50,1000,30,7.7,28,40,956,21,13,10,44,7.893345907,105,317,30.64409999,9.353511698,7.252077834,8.555468226,490,18,466,26,508,492
49,1000,30,7.7,28,42,958,21,12,9,42,8.008311002,106,325,30.94295952,9.358159572,7.6271971,8.355904369,458,19,500,23,477,523
48,1000,30,7.7,28,62,949,33,11,7,51,8.438205563,112,317,31.22537547,9.779968304,7.703199566,9.144387795,469,21,480,30,490,510
50,1000,30,7.7,28,41,956,21,13,10,44,7.899974476,110,315,30.65506452,9.372594891,7.228610324,8.593171609,490,18,466,26,508,492
49,1000,30,7.7,28,43,958,21,12,9,42,7.996266411,105,295,30.94683775,9.354209621,7.621919774,8.337687723,458,19,500,23,477,523
48,1000,30,7.7,28,63,948,34,11,7,52,8.46421485,86,305,31.23767008,9.795835151,7.75613669,9.144525238,469,21,479,31,490,510
50,1000,30,7.7,28,42,956,21,13,10,44,7.905654443,93,354,30.67440473,9.372525082,7.223595062,8.609894617,490,18,466,26,508,492
49,1000,30,7.7,28,44,960,19,12,9,40,7.990317074,104,342,30.97821994,9.413616247,7.625184135,8.32333507,459,18,501,22,477,523
48,1000,30,7.7,28,64,948,34,11,7,52,8.506041239,87,317,31.25961119,9.802818625,7.786000729,9.197844865,469,21,479,31,490,510
50,1000,30,7.7,28,43,959,19,13,9,41,7.931962466,97,347,30.69199949,9.386353107,7.236437527,8.650106103,491,17,468,24,508,492
49,1000,30,7.7,28,45,960,20,12,8,40,8.02952238,84,316,30.9869333,9.410329256,7.668796136,8.358521268,459,18,501,22,477,523
48,1000,30,7.7,28,65,950,32,11,7,50,8.508322616,110,306,31.29242911,9.821083239,7.76943883,9.218230567,471,19,479,31,490,510
50,1000,30,7.7,28,44,958,20,14,8,42,7.947841776,88,322,30.70839866,9.402694317,7.246528964,8.671961509,491,17,467,25,508,492
49,1000,30,7.7,28,46,960,20,12,8,40,8.043613296,119,330,31.03802838,9.404186362,7.6942102,8.362284953,459,18,501,22,477,523
48,1000,30,7.7,28,66,950,32,11,7,50,8.500219868,89,314,31.30072573,9.844648884,7.768550656,9.20319617,471,19,479,31,490,510
50,1000,30,7.7,28,45,958,20,14,8,42,7.990136529,91,305,30.73788575,9.424861475,7.314811725,8.687423114,491,17,467,25,508,492
49,1000,30,7.7,28,47,961,20,12,7,39,8.073124969,93,324,31.05384631,9.382294564,7.727951113,8.387939365,460,17,501,22,477,523
48,1000,30,7.7,28,67,952,30,11,7,48,8.519511632,112,309,31.31241549,9.856841597,7.804146024,9.206823688,472,18,480,30,490,510
50,1000,30,7.7,28,46,960,21,13,6,40,7.966331333,119,318,30.77610459,9.406842774,7.244900607,8.711223222,493,15,467,25,508,492
49,1000,30,7.7,28,48,961,20,12,7,39,8.07074178,90,323,31.08664823,9.400917823,7.729349498,8.382107207,460,17,501,22,477,523
48,1000,30,7.7,28,68,951,31,11,7,49,8.525741046,122,321,31.32594853,9.850253285,7.828390836,9.195744188,472,18,479,31,490,510
50,1000,30,7.7,28,47,961,21,13,5,39,7.958898803,122,302,30.79243368,9.446428545,7.241414941,8.699715474,494,14,467,25,508,492
49,1000,30,7.7,28,49,961,21,12,6,39,8.058054688,103,335,31.10735602,9.410087299,7.688110872,8.395460424,461,16,500,23,477,523
48,1000,30,7.7,28,69,950,31,12,7,50,8.54664219,107,330,31.34876886,9.862496302,7.838375447,9.227133767,472,18,478,32,490,510
50,1000,30,7.7,28,48,960,22,13,5,40,7.999538608,86,297,30.81119533,9.470318241,7.284927808,8.737388783,493,15,467,25,508,492
49,1000,30,7.7,28,50,960,22,12,6,40,8.114892431,91,346,31.1399902,9.429985294,7.754088961,8.443961752,460,17,500,23,477,523
48,1000,30,7.7,28,70,950,31,12,7,50,8.548838052,98,314,31.36013004,9.887608798,7.854197853,9.21623746,472,18,478,32,490,510
50,1000,30,7.7,28,49,961,22,13,4,39,8.012021815,100,311,30.84393065,9.484738057,7.30065753,8.746519899,494,14,467,25,508,492
49,1000,30,7.7,28,51,961,20,13,6,39,8.11862605,89,305,31.15848302,9.440545394,7.765018016,8.441132803,460,17,501,22,477,523
48,1000,30,7.7,28,71,950,31,12,7,50,8.56070531,104,311,31.39137,9.87924578,7.860987802,9.232982915,472,18,478,32,490,510
50,1000,30,7.7,28,50,961,23,12,4,39,8.017819103,118,288,30.84614187,9.511368739,7.290330708,8.768965657,495,13,466,26,508,492
49,1000,30,7.7,28,52,961,20,13,6,39,8.170966754,91,341,31.19218973,9.463589646,7.852264983,8.461637394,460,17,501,22,477,523
48,1000,30,7.7,28,72,951,29,13,7,49,8.590567883,107,346,31.41221964,9.911273829,7.919464188,9.235353786,473,17,478,32,490,510
49,1000,30,7.7,28,53,962,20,12,6,38,8.143222809,109,322,31.22396363,9.47699581,7.773861684,8.480097106,462,15,500,23,477,523
50,1000,30,7.7,28,51,959,24,13,4,41,8.030620102,112,336,30.87163851,9.527750791,7.31408046,8.770461847,495,13,464,28,508,492
48,1000,30,7.7,28,73,951,29,13,7,49,8.633894382,103,340,31.45180817,9.940446648,7.961805986,9.279626371,473,17,478,32,490,510
49,1000,30,7.7,28,54,961,21,12,6,39,8.15300799,100,310,31.23970548,9.485932694,7.761637,8.509956292,461,16,500,23,477,523
50,1000,30,7.7,28,52,959,25,13,3,41,8.036886146,103,289,30.86707242,9.573032408,7.353693561,8.742296375,495,13,464,28,508,492
48,1000,30,7.7,28,74,950,30,13,7,50,8.691009827,84,336,31.48584774,9.953857875,8.021265944,9.334489245,473,17,477,33,490,510
49,1000,30,7.7,28,55,961,21,12,6,39,8.18346613,99,327,31.25343158,9.517092331,7.795164264,8.53761525,461,16,500,23,477,523
50,1000,30,7.7,28,53,959,24,14,3,41,8.083055701,112,324,30.88570498,9.584752589,7.419682977,8.768001522,495,13,464,28,508,492
48,1000,30,7.7,28,75,950,30,13,7,50,8.732803985,112,310,31.4799639,9.964741876,8.089249299,9.351121232,473,17,477,33,490,510
49,1000,30,7.7,28,56,960,22,12,6,40,8.188774348,98,323,31.27876114,9.532167384,7.792860675,8.549865785,460,17,500,23,477,523
50,1000,30,7.7,28,54,959,24,14,3,41,8.128929303,120,313,30.9339633,9.631336093,7.461240239,8.818331833,495,13,464,28,508,492
48,1000,30,7.7,28,76,948,32,13,7,52,8.755378106,97,317,31.52454653,9.97633533,8.095098381,9.38976451,473,17,475,35,490,510
49,1000,30,7.7,28,57,961,21,12,6,39,8.176738357,106,311,31.32112122,9.531196521,7.788540358,8.530792745,460,17,501,22,477,523
50,1000,30,7.7,28,55,960,22,15,3,40,8.123738982,104,326,30.99817048,9.635825161,7.457806487,8.811327819,495,13,465,27,508,492
48,1000,30,7.7,28,77,948,32,13,7,52,8.779566339,96,312,31.57210587,9.98889771,8.088446464,9.443583474,473,17,475,35,490,510
49,1000,30,7.7,28,58,962,21,12,5,38,8.166887794,107,314,31.38272155,9.537165878,7.833342228,8.471096656,460,17,502,21,477,523
50,1000,30,7.7,28,56,960,22,15,3,40,8.131856539,90,301,31.02666863,9.645125399,7.485411987,8.799323678,495,13,465,27,508,492
48,1000,30,7.7,28,78,948,33,13,6,52,8.75835348,90,337,31.58813761,9.996214933,8.089699941,9.400785311,473,17,475,35,490,510
49,1000,30,7.7,28,59,962,21,12,5,38,8.185263027,113,334,31.39473657,9.574453937,7.893271807,8.451572418,460,17,502,21,477,523
50,1000,30,7.7,28,57,960,22,15,3,40,8.134678237,103,310,31.05832117,9.654775972,7.475181989,8.815621518,495,13,465,27,508,492
48,1000,30,7.7,28,79,948,34,13,5,52,8.772005514,115,313,31.62320177,10.00627071,8.158293659,9.361650237,472,18,476,34,490,510
49,1000,30,7.7,28,60,961,22,12,5,39,8.211373287,103,343,31.39803943,9.585955934,7.944094162,8.455144115,460,17,501,22,477,523
50,1000,30,7.7,28,58,961,22,13,4,39,8.141282357,96,301,31.08165042,9.647137374,7.499893196,8.803529702,496,12,465,27,508,492
48,1000,30,7.7,28,80,948,33,14,5,52,8.788461455,97,300,31.62772007,10.02300753,8.186413515,9.366899672,472,18,476,34,490,510
49,1000,30,7.7,28,61,960,24,11,5,40,8.198731404,112,302,31.40355115,9.594889331,7.922651398,8.450529039,460,17,500,23,477,523
50,1000,30,7.7,28,59,961,22,13,4,39,8.157707583,90,327,31.09842602,9.665372477,7.519278751,8.816898329,496,12,465,27,508,492
48,1000,30,7.7,28,81,948,33,14,5,52,8.814757691,116,324,31.68721346,10.02638752,8.187394932,9.417517988,472,18,476,34,490,510
49,1000,30,7.7,28,62,959,24,12,5,41,8.234995297,118,345,31.42689625,9.587714715,7.926464241,8.516389778,460,17,499,24,477,523
50,1000,30,7.7,28,60,960,23,13,4,40,8.178750251,92,281,31.13053392,9.689224009,7.515680589,8.863383153,496,12,464,28,508,492
48,1000,30,7.7,28,82,948,32,15,5,52,8.81815331,117,317,31.7098659,10.02698137,8.223595042,9.389395567,472,18,476,34,490,510
49,1000,30,7.7,28,63,958,25,12,5,42,8.262696922,106,343,31.44308624,9.601813419,7.916040591,8.578863405,460,17,498,25,477,523
48,1000,30,7.7,28,83,948,31,16,5,52,8.827183977,102,299,31.75567135,10.05166415,8.207453412,9.422611384,472,18,476,34,490,510
50,1000,30,7.7,28,61,961,22,13,4,39,8.174840164,112,316,31.15284736,9.695748007,7.535748436,8.834715363,496,12,465,27,508,492
49,1000,30,7.7,28,64,958,25,12,5,42,8.332783825,97,333,31.4722138,9.615410782,7.94888724,8.682915126,460,17,498,25,477,523
48,1000,30,7.7,28,84,949,30,16,5,51,8.826856333,106,327,31.80281874,10.07067108,8.222769164,9.407253809,473,17,476,34,490,510
50,1000,30,7.7,28,62,960,23,13,4,40,8.184650766,96,311,31.17468291,9.721055086,7.548151745,8.841848943,495,13,465,27,508,492
49,1000,30,7.7,28,65,958,24,13,5,42,8.384491503,106,316,31.50567629,9.636938889,8.043802622,8.695215397,460,17,498,25,477,523
48,1000,30,7.7,28,85,948,30,17,5,52,8.831869415,105,303,31.82890346,10.0762217,8.225423776,9.414532872,473,17,475,35,490,510
50,1000,30,7.7,28,63,960,23,13,4,40,8.213968287,120,325,31.18077378,9.731809687,7.574591456,8.874137859,495,13,465,27,508,492
49,1000,30,7.7,28,66,959,23,14,4,41,8.380143817,107,324,31.53922595,9.664207354,8.016024196,8.712237619,460,17,499,24,477,523
48,1000,30,7.7,28,86,947,31,17,5,53,8.845698281,99,318,31.86225527,10.06912461,8.261118124,9.407353725,472,18,475,35,490,510
50,1000,30,7.7,28,64,960,24,12,4,40,8.24107752,101,308,31.21099944,9.737268113,7.606274403,8.89652464,494,14,466,26,508,492
49,1000,30,7.7,28,67,959,24,14,3,41,8.395109775,100,336,31.5531465,9.686147741,8.027829072,8.73008663,460,17,499,24,477,523
48,1000,30,7.7,28,87,946,32,17,5,54,8.891101784,100,332,31.90770481,10.07630878,8.295689234,9.463164822,472,18,474,36,490,510
50,1000,30,7.7,28,65,960,24,12,4,40,8.265138889,98,313,31.22571646,9.762233471,7.639525434,8.911097497,494,14,466,26,508,492
49,1000,30,7.7,28,68,959,24,13,4,41,8.432425704,112,324,31.55291932,9.698362737,8.066018436,8.766605946,460,17,499,24,477,523
48,1000,30,7.7,28,88,947,30,18,5,53,8.896821417,95,325,31.91882858,10.06296647,8.311550853,9.459140194,472,18,475,35,490,510
50,1000,30,7.7,28,66,961,24,11,4,39,8.311105257,89,314,31.24958692,9.778461728,7.709048218,8.932741387,494,14,467,25,508,492
49,1000,30,7.7,28,69,958,25,13,4,42,8.468770068,94,315,31.55533765,9.705631199,8.113048022,8.793204898,459,18,499,24,477,523
48,1000,30,7.7,28,89,947,30,18,5,53,8.921099918,109,329,31.91265585,10.06423024,8.296670346,9.521042055,472,18,475,35,490,510
50,1000,30,7.7,28,67,962,23,11,4,38,8.335739789,82,311,31.25967682,9.788312726,7.755328327,8.935026421,494,14,468,24,508,492
49,1000,30,7.7,28,70,959,24,13,4,41,8.498996119,93,309,31.56862292,9.715852714,8.156053684,8.811775357,460,17,499,24,477,523
48,1000,30,7.7,28,90,947,30,17,6,53,8.93243662,101,302,31.93164384,10.07147134,8.31890857,9.521904747,472,18,475,35,490,510
50,1000,30,7.7,28,68,961,24,11,4,39,8.352219321,97,326,31.30000378,9.780986674,7.770263714,8.953100313,493,15,468,24,508,492
49,1000,30,7.7,28,71,959,22,14,5,41,8.530569144,115,328,31.58114381,9.732512492,8.158441806,8.869966352,460,17,499,24,477,523
48,1000,30,7.7,28,91,948,29,17,6,52,8.933875518,109,346,31.9595386,10.07160179,8.358200155,9.486975377,471,19,477,33,490,510
50,1000,30,7.7,28,69,962,24,10,4,38,8.328058557,114,334,31.31407441,9.809910634,7.735651373,8.939731014,493,15,469,23,508,492
49,1000,30,7.7,28,72,958,24,13,5,42,8.549214974,106,350,31.58951764,9.748074537,8.181964161,8.884164568,459,18,499,24,477,523
48,1000,30,7.7,28,92,948,30,16,6,52,8.932108018,105,285,31.97679795,10.08073408,8.344987504,9.496204198,470,20,478,32,490,510
50,1000,30,7.7,28,70,961,26,10,3,39,8.379049586,97,314,31.32975029,9.812821354,7.772893838,9.004917716,493,15,468,24,508,492
49,1000,30,7.7,28,73,958,24,13,5,42,8.548492338,96,306,31.62588973,9.754647323,8.204496871,8.862231991,459,18,499,24,477,523
48,1000,30,7.7,28,93,948,30,16,6,52,8.952677918,121,339,32.02323949,10.08628076,8.347576523,9.534049847,470,20,478,32,490,510
50,1000,30,7.7,28,71,961,26,10,3,39,8.401515959,106,336,31.3465845,9.831047127,7.812651235,9.009530756,493,15,468,24,508,492
49,1000,30,7.7,28,74,957,24,13,6,43,8.616203731,109,324,31.63921487,9.761505511,8.287225581,8.9162469,458,19,499,24,477,523
48,1000,30,7.7,28,94,948,30,15,7,52,8.951186481,113,314,32.03299052,10.09059239,8.368313718,9.511201488,469,21,479,31,490,510
50,1000,30,7.7,28,72,962,27,8,3,38,8.40206943,100,316,31.3694788,9.843587377,7.839998106,8.982419497,492,16,470,22,508,492
49,1000,30,7.7,28,75,958,23,13,6,42,8.635082632,117,363,31.63849496,9.776448692,8.290853193,8.949035676,458,19,500,23,477,523
48,1000,30,7.7,28,95,947,32,15,6,53,8.949894056,118,323,32.05436077,10.10377501,8.400897765,9.477361081,467,23,480,30,490,510
50,1000,30,7.7,28,73,962,26,9,3,38,8.421693829,117,304,31.40766348,9.848534768,7.887936934,8.972808672,492,16,470,22,508,492
49,1000,30,7.7,28,76,957,23,13,7,43,8.660500795,107,320,31.65721095,9.794619415,8.304700312,8.985007163,458,19,499,24,477,523
48,1000,30,7.7,28,96,949,31,13,7,51,8.978994722,117,312,32.09921149,10.11824209,8.416430834,9.519497282,469,21,480,30,490,510
50,1000,30,7.7,28,74,962,26,9,3,38,8.435530865,89,315,31.41906529,9.858759948,7.915928984,8.972030367,492,16,470,22,508,492
48,1000,30,7.7,28,97,951,30,11,8,49,8.96236259,110,314,32.12389014,10.1094427,8.407526545,9.495440359,470,20,481,29,490,510
49,1000,30,7.7,28,77,958,23,12,7,42,8.667690773,103,318,31.66648344,9.797609511,8.291150533,9.011112752,459,18,499,24,477,523
50,1000,30,7.7,28,75,963,25,9,3,37,8.424723731,111,318,31.44726155,9.874173229,7.926266762,8.939390684,492,16,471,21,508,492
48,1000,30,7.7,28,98,951,30,11,8,49,8.99386806,102,335,32.13833976,10.13122989,8.472635638,9.494659994,470,20,481,29,490,510
49,1000,30,7.7,28,78,957,24,12,7,43,8.68258188,104,322,31.67241897,9.820262508,8.314345514,9.018430344,458,19,499,24,477,523
50,1000,30,7.7,28,76,964,23,10,3,36,8.400069257,100,314,31.47363755,9.885695739,7.893392708,8.923223092,493,15,471,21,508,492
49,1000,30,7.7,28,79,957,24,12,7,43,8.676339455,104,305,31.69544308,9.820644397,8.309353485,9.0110475,458,19,499,24,477,523
48,1000,30,7.7,28,99,951,30,11,8,49,9.037128882,96,305,32.16139047,10.13541749,8.52437703,9.529772818,470,20,481,29,490,510
50,1000,30,7.7,28,77,963,23,11,3,37,8.403975634,104,299,31.52535636,9.901099082,7.914024528,8.90986011,492,16,471,21,508,492
49,1000,30,7.7,28,80,956,25,12,7,44,8.721932108,110,305,31.70210788,9.822975799,8.353870734,9.05762097,457,20,499,24,477,523
48,1000,30,7.7,28,100,950,31,11,8,50,9.045180137,83,346,32.15794919,10.13520994,8.505151422,9.564031256,470,20,480,30,490,510
50,1000,30,7.7,28,78,961,24,12,3,39,8.404632867,102,334,31.53714957,9.91235966,7.915618109,8.909550543,492,16,469,23,508,492
49,1000,30,7.7,28,81,955,25,13,7,45,8.728417527,101,302,31.72037037,9.828762549,8.361219452,9.063319021,456,21,499,24,477,523
48,1000,30,7.7,28,101,951,30,11,8,49,9.03951304,110,349,32.20284511,10.12060976,8.529842097,9.529196888,470,20,481,29,490,510
50,1000,30,7.7,28,79,960,25,12,3,40,8.437519987,97,311,31.56574095,9.921205229,7.973510625,8.916619084,491,17,469,23,508,492
49,1000,30,7.7,28,82,955,26,12,7,45,8.748042546,103,310,31.74960858,9.859315792,8.393493218,9.071407803,456,21,499,24,477,523
48,1000,30,7.7,28,102,951,29,12,8,49,9.072113898,103,319,32.21846044,10.14824582,8.600514807,9.525218907,470,20,481,29,490,510
50,1000,30,7.7,28,80,961,24,12,3,39,8.469241743,94,308,31.57673935,9.93125372,8.043959799,8.908353994,491,17,470,22,508,492
48,1000,30,7.7,28,103,950,30,12,8,50,9.089588151,138,301,32.25367236,10.16557456,8.597565795,9.562315514,470,20,480,30,490,510
49,1000,30,7.7,28,83,954,27,12,7,46,8.748130901,98,319,31.78945007,9.879152158,8.421339915,9.046179277,456,21,498,25,477,523
50,1000,30,7.7,28,81,966,21,10,3,34,8.434599787,87,314,31.61041814,9.948655399,7.991939854,8.891655166,494,14,472,20,508,492
48,1000,30,7.7,28,104,949,31,12,8,51,9.10886142,117,319,32.25486182,10.18151147,8.626393447,9.572409081,469,21,480,30,490,510
49,1000,30,7.7,28,84,956,27,10,7,44,8.752928423,103,303,31.82340612,9.898073902,8.440284626,9.038073914,457,20,499,24,477,523
50,1000,30,7.7,28,82,966,19,11,4,34,8.444239218,99,314,31.64856492,9.964828752,7.997554739,8.905450021,495,13,471,21,508,492
49,1000,30,7.7,28,85,955,28,10,7,45,8.780676026,107,329,31.86343746,9.92194328,8.479509163,9.055354025,456,21,499,24,477,523
50,1000,30,7.7,28,83,966,19,11,4,34,8.456238689,106,323,31.66467273,9.990971689,8.031683163,8.894600898,494,14,472,20,508,492
49,1000,30,7.7,28,86,953,29,10,8,47,8.801292718,93,324,31.85426394,9.926337994,8.495491808,9.08019718,456,21,497,26,477,523
50,1000,30,7.7,28,84,965,20,11,4,35,8.47809123,108,292,31.68345744,10.00858629,8.065192178,8.904417894,493,15,472,20,508,492
49,1000,30,7.7,28,87,952,30,10,8,48,8.824097002,104,318,31.89354734,9.941081019,8.519428664,9.101968507,455,22,497,26,477,523
50,1000,30,7.7,28,85,964,19,13,4,36,8.504787069,115,341,31.70130725,10.03170143,8.128370692,8.89344463,492,16,472,20,508,492
49,1000,30,7.7,28,88,952,29,10,9,48,8.828509816,113,309,31.90703713,9.945891235,8.513889353,9.115458116,455,22,497,26,477,523
50,1000,30,7.7,28,86,963,19,14,4,37,8.536766836,102,322,31.74055572,10.03383047,8.155274879,8.930665035,491,17,472,20,508,492
49,1000,30,7.7,28,89,952,29,10,9,48,8.831498976,106,324,31.94556391,9.959826766,8.509193803,9.125456085,455,22,497,26,477,523
50,1000,30,7.7,28,87,962,19,14,5,38,8.567248353,121,322,31.73429058,10.03969963,8.188960057,8.957838706,491,17,471,21,508,492
49,1000,30,7.7,28,90,948,33,10,9,52,8.865516258,127,293,31.95480217,9.992031469,8.506289893,9.193147188,455,22,493,30,477,523
50,1000,30,7.7,28,88,962,20,13,5,38,8.577938575,107,323,31.77248586,10.06635568,8.179612876,8.989217956,490,18,472,20,508,492
49,1000,30,7.7,28,91,949,33,9,9,51,8.893451787,101,344,31.969135,9.991755171,8.61327458,9.148986256,455,22,494,29,477,523
50,1000,30,7.7,28,89,963,19,13,5,37,8.595348856,110,320,31.80617095,10.06550549,8.184373599,9.019689162,491,17,472,20,508,492
49,1000,30,7.7,28,92,948,34,9,9,52,8.926521433,105,319,31.96986887,10.00995338,8.663258282,9.166629507,454,23,494,29,477,523
50,1000,30,7.7,28,90,963,19,12,6,37,8.592263425,124,332,31.82295344,10.08359079,8.172435226,9.025744573,492,16,471,21,508,492
49,1000,30,7.7,28,93,948,35,9,8,52,8.936180813,96,287,31.99860146,10.01665919,8.698060243,9.1533577,454,23,494,29,477,523
50,1000,30,7.7,28,91,959,23,12,6,41,8.603879193,115,348,31.87334023,10.10305676,8.168129037,9.053800086,491,17,468,24,508,492
49,1000,30,7.7,28,94,948,34,10,8,52,8.979174694,125,353,32.01882034,10.03991572,8.736896024,9.20014396,453,24,495,28,477,523
50,1000,30,7.7,28,92,960,22,12,6,40,8.606225546,99,319,31.89063401,10.09869849,8.187344751,9.038728481,491,17,469,23,508,492
49,1000,30,7.7,28,95,947,34,11,8,53,9.000891373,127,328,32.04324048,10.05074109,8.734948374,9.243443592,453,24,494,29,477,523
50,1000,30,7.7,28,93,960,21,13,6,40,8.637466469,90,338,31.93698883,10.12747793,8.228794785,9.05942829,491,17,469,23,508,492
49,1000,30,7.7,28,96,947,34,11,8,53,8.997350592,120,340,32.04042223,10.05121374,8.716106673,9.253857953,454,23,493,30,477,523
50,1000,30,7.7,28,94,960,22,13,5,40,8.674045418,113,283,31.96439563,10.12744477,8.262121488,9.099365248,492,16,468,24,508,492
49,1000,30,7.7,28,97,945,36,11,8,55,9.048232452,113,323,32.05665981,10.03736727,8.758507317,9.312475071,454,23,491,32,477,523
50,1000,30,7.7,28,95,958,24,12,6,42,8.694358728,108,355,31.98120055,10.1179867,8.263620438,9.139104768,490,18,468,24,508,492
49,1000,30,7.7,28,98,943,38,11,8,57,9.083394601,104,335,32.06767567,10.04056791,8.85762209,9.289309492,451,26,492,31,477,523
50,1000,30,7.7,28,96,957,25,12,6,43,8.746511363,105,308,32.02595092,10.11840643,8.31516715,9.191883029,490,18,467,25,508,492
49,1000,30,7.7,28,99,943,37,12,8,57,9.092220016,96,302,32.08204659,10.04870997,8.848309561,9.314677543,451,26,492,31,477,523
50,1000,30,7.7,28,97,956,26,12,6,44,8.785456131,93,313,32.05986525,10.12079916,8.377350785,9.206833196,490,18,466,26,508,492
49,1000,30,7.7,28,100,944,35,13,8,56,9.121237714,98,329,32.10756693,10.06883081,8.857809924,9.361495946,452,25,492,31,477,523
50,1000,30,7.7,28,98,956,26,12,6,44,8.786456866,103,337,32.07058551,10.13012498,8.373060922,9.213296582,490,18,466,26,508,492
49,1000,30,7.7,28,101,944,35,13,8,56,9.124161249,97,320,32.11505373,10.1052907,8.860386047,9.364736338,452,25,492,31,477,523
50,1000,30,7.7,28,99,957,25,12,6,43,8.793336024,128,332,32.09193252,10.16307441,8.377004719,9.223206558,490,18,467,25,508,492
49,1000,30,7.7,28,102,945,35,12,8,55,9.150571543,112,345,32.13098142,10.11982269,8.925096047,9.356215543,452,25,493,30,477,523
50,1000,30,7.7,28,100,957,24,13,6,43,8.811653425,106,319,32.10698483,10.18756657,8.427085789,9.208727324,490,18,467,25,508,492
49,1000,30,7.7,28,103,946,34,12,8,54,9.163068557,119,329,32.13110001,10.12086036,8.934320147,9.371697605,453,24,493,30,477,523
50,1000,30,7.7,28,101,957,25,12,6,43,8.835839222,106,338,32.12786153,10.2035399,8.449189303,9.235063122,489,19,468,24,508,492
49,1000,30,7.7,28,104,945,35,12,8,55,9.187694987,112,329,32.15628461,10.13251285,8.940825963,9.412850865,453,24,492,31,477,523
50,1000,30,7.7,28,102,956,26,12,6,44,8.870526699,108,343,32.14975221,10.22330116,8.482265546,9.27141423,489,19,467,25,508,492
50,1000,30,7.7,28,103,957,25,12,6,43,8.859452149,110,327,32.16048101,10.22646824,8.481112374,9.250095656,490,18,467,25,508,492
50,1000,30,7.7,28,104,957,26,11,6,43,8.875767531,109,295,32.19205601,10.25274982,8.4980141,9.265805626,490,18,467,25,508,492
