[run number],initial-people,environment,healthy-treatment-chance,dep-treatment-chance,[step],"count turtles with [ severity = ""No Depression"" ]","count turtles with [ severity = ""Mild Depression"" ]","count turtles with [ severity = ""Moderate Depression"" ]","count turtles with [ severity = ""Severe Depression"" ]","count turtles with [ severity != ""No Depression"" ]",mean [ dep-score ] of turtles,count turtles with [ treatment? ],count turtles with [ talks? ],mean [ prob-of-talking ] of turtles,mean [ prob-of-treatment ] of turtles,"mean [ dep-score ] of turtles with [ gender? = ""male"" ]","mean [ dep-score ] of turtles with [ gender? = ""female"" ]","count turtles with [ severity = ""No Depression"" and gender? = ""male"" ]","count turtles with [ severity != ""No Depression"" and gender? = ""male"" ]","count turtles with [ severity = ""No Depression"" and gender? = ""female"" ]","count turtles with [ severity != ""No Depression"" and gender? = ""female"" ]","count turtles with [ gender? = ""male"" ]","count turtles with [ gender? = ""female"" ]"
2,1000,20,7.7,28,0,941,26,13,20,59,7.432,104,199,19.62354535,8.921789153,6.336397059,8.739035088,530,14,411,45,544,456
5,1000,20,7.7,28,0,949,19,18,14,51,7.031,81,204,20.13365112,8.689518946,6.169421488,7.839147287,469,15,480,36,484,516
6,1000,20,7.7,28,0,942,28,14,16,58,7.222,86,231,20.0365097,8.945570593,6.458158996,7.921455939,459,19,483,39,478,522
4,1000,20,7.7,28,0,929,31,22,18,71,7.341,101,206,19.97170515,9.022727428,6.081871345,8.667351129,493,20,436,51,513,487
8,1000,20,7.7,28,0,939,19,22,20,61,7.401,83,221,19.95859551,8.890608083,6.525911708,8.352818372,505,16,434,45,521,479
3,1000,20,7.7,28,0,928,35,20,17,72,7.601,97,186,20.2036562,9.187832911,6.597222222,8.620967742,478,26,450,46,504,496
7,1000,20,7.7,28,0,951,25,15,9,49,6.884,91,230,19.80137845,8.660078536,6.16015625,7.643442623,493,19,458,30,512,488
1,1000,20,7.7,28,0,949,28,11,12,51,6.909,96,214,20.01033916,8.7560907,5.984126984,7.848790323,492,12,457,39,504,496
2,1000,20,7.7,28,1,941,26,13,20,59,7.455656731,96,159,19.63761969,8.930417602,6.350327607,8.774294984,530,14,411,45,544,456
5,1000,20,7.7,28,1,949,21,18,12,51,7.018601634,92,204,20.14270095,8.692249226,6.136860651,7.845661005,469,15,480,36,484,516
8,1000,20,7.7,28,1,940,19,21,20,60,7.43949989,102,212,19.98317817,8.910779159,6.589998165,8.363488196,505,16,435,44,521,479
4,1000,20,7.7,28,1,930,31,22,17,70,7.359540753,96,210,19.98906763,9.048175869,6.112768492,8.672875805,493,20,437,50,513,487
7,1000,20,7.7,28,1,951,26,14,9,49,6.89626891,113,211,19.81019794,8.679649272,6.181179964,7.646526165,493,19,458,30,512,488
6,1000,20,7.7,28,1,943,27,15,15,57,7.224994198,100,219,20.04670844,8.971526109,6.4792965,7.907836152,459,19,484,38,478,522
1,1000,20,7.7,28,1,951,27,11,11,49,6.879596332,95,186,20.03131208,8.73476662,5.989736403,7.783808842,492,12,459,37,504,496
3,1000,20,7.7,28,1,931,33,19,17,69,7.603629608,113,209,20.21666537,9.20460278,6.603033538,8.620364323,479,25,452,44,504,496
2,1000,20,7.7,28,2,940,28,13,19,60,7.483002483,85,195,19.66238329,8.926009959,6.380117973,8.798724355,529,15,411,45,544,456
5,1000,20,7.7,28,2,949,21,18,12,51,7.075538846,94,208,20.14587143,8.683379402,6.228127064,7.87039796,469,15,480,36,484,516
8,1000,20,7.7,28,2,939,20,21,20,61,7.4982518,86,206,19.99728479,8.923715408,6.632101598,8.440348367,504,17,435,44,521,479
4,1000,20,7.7,28,2,931,30,21,18,69,7.377233177,95,185,20.00811869,9.045492914,6.113890451,8.708023359,494,19,437,50,513,487
7,1000,20,7.7,28,2,951,26,14,9,49,6.901807479,97,200,19.82076892,8.686727342,6.184335651,7.654564807,493,19,458,30,512,488
6,1000,20,7.7,28,2,943,27,15,15,57,7.219876944,98,204,20.04689589,8.979731814,6.453946144,7.921246528,459,19,484,38,478,522
1,1000,20,7.7,28,2,952,26,12,10,48,6.86548539,94,215,20.05681644,8.744881606,6.009880017,7.73489085,492,12,460,36,504,496
3,1000,20,7.7,28,2,932,32,19,17,68,7.606078529,92,214,20.24022792,9.204504333,6.648201241,8.579405451,479,25,453,43,504,496
2,1000,20,7.7,28,3,941,27,14,18,59,7.520746813,78,210,19.67829169,8.948741965,6.468642035,8.775889355,529,15,412,44,544,456
5,1000,20,7.7,28,3,949,21,18,12,51,7.109215394,87,170,20.15761086,8.691713437,6.232446381,7.931611134,469,15,480,36,484,516
8,1000,20,7.7,28,3,940,20,21,19,60,7.499974812,90,227,20.03519402,8.933284767,6.660853557,8.412672462,504,17,436,43,521,479
4,1000,20,7.7,28,3,936,29,18,17,64,7.342616219,90,206,20.01261331,9.066085486,6.153441893,8.595278291,494,19,442,45,513,487
7,1000,20,7.7,28,3,952,23,16,9,48,6.933501841,77,205,19.84020309,8.687366388,6.222742575,7.679216481,493,19,459,29,512,488
6,1000,20,7.7,28,3,943,28,16,13,57,7.195146679,88,191,20.07276989,8.992182492,6.460528715,7.867842823,459,19,484,38,478,522
3,1000,20,7.7,28,3,934,31,18,17,66,7.610159529,93,214,20.24927884,9.215116739,6.656645597,8.579052719,480,24,454,42,504,496
1,1000,20,7.7,28,3,953,25,12,10,47,6.887429999,105,207,20.05477085,8.744104416,6.036174024,7.75241591,492,12,461,35,504,496
2,1000,20,7.7,28,4,940,27,15,18,60,7.563613568,73,185,19.6900217,8.943541428,6.541444441,8.783043404,528,16,412,44,544,456
5,1000,20,7.7,28,4,948,21,19,12,52,7.127977717,93,190,20.17716363,8.693847341,6.245781859,7.955463755,469,15,479,37,484,516
8,1000,20,7.7,28,4,942,20,19,19,58,7.525616601,108,228,20.03740797,8.942312017,6.73747175,8.382868097,504,17,438,41,521,479
4,1000,20,7.7,28,4,935,29,19,17,65,7.366422926,99,208,20.02473957,9.089381779,6.173619609,8.622907734,494,19,441,46,513,487
7,1000,20,7.7,28,4,953,22,16,9,47,6.950430432,97,223,19.84045929,8.695697579,6.234993943,7.701052323,493,19,460,28,512,488
6,1000,20,7.7,28,4,943,28,16,13,57,7.195738342,101,214,20.08375021,8.993751482,6.47687647,7.854006493,459,19,484,38,478,522
3,1000,20,7.7,28,4,934,30,19,17,66,7.608856225,96,203,20.24701999,9.22215507,6.684437963,8.54818446,480,24,454,42,504,496
2,1000,20,7.7,28,5,939,28,16,17,61,7.5940462,91,223,19.72302747,8.951873576,6.569198808,8.816671159,528,16,411,45,544,456
1,1000,20,7.7,28,4,953,26,13,8,47,6.91578785,97,197,20.0897498,8.746134458,6.082860787,7.762149222,493,11,460,36,504,496
5,1000,20,7.7,28,5,949,22,18,11,51,7.127988954,102,201,20.18763209,8.699887984,6.248128833,7.953284106,471,13,478,38,484,516
8,1000,20,7.7,28,5,942,22,19,17,58,7.50117859,94,191,20.05264782,8.955563353,6.738751396,8.330457438,504,17,438,41,521,479
4,1000,20,7.7,28,5,940,27,16,17,60,7.355916297,100,207,20.03009534,9.087739672,6.184506346,8.589865588,495,18,445,42,513,487
7,1000,20,7.7,28,5,954,20,16,10,46,6.993880227,91,197,19.85256392,8.71749245,6.291441914,7.730864688,493,19,461,27,512,488
6,1000,20,7.7,28,5,943,28,16,13,57,7.213909912,99,233,20.113187,8.982675521,6.485075819,7.881309714,460,18,483,39,478,522
3,1000,20,7.7,28,5,936,28,19,17,64,7.598496869,105,203,20.2471443,9.227064174,6.657868489,8.554296674,482,22,454,42,504,496
2,1000,20,7.7,28,6,938,29,16,17,62,7.622180263,93,228,19.76103928,8.95407949,6.591275429,8.852031643,527,17,411,45,544,456
1,1000,20,7.7,28,5,956,24,12,8,44,6.915200808,94,207,20.11429022,8.74312278,6.043802364,7.800654066,495,9,461,35,504,496
5,1000,20,7.7,28,6,950,22,18,10,50,7.156959283,89,228,20.19623028,8.693930194,6.303209432,7.957763406,471,13,479,37,484,516
4,1000,20,7.7,28,6,940,26,15,19,60,7.419098892,77,217,20.04946265,9.092221086,6.232547081,8.668998438,495,18,445,42,513,487
8,1000,20,7.7,28,6,942,22,19,17,58,7.564656866,97,205,20.08686425,8.952306497,6.781951884,8.415991513,504,17,438,41,521,479
7,1000,20,7.7,28,6,956,19,16,9,44,7.005908925,103,203,19.85369623,8.71304967,6.342342887,7.702109358,493,19,463,25,512,488
6,1000,20,7.7,28,6,944,27,16,13,56,7.246218229,92,220,20.14686793,9.009969381,6.517277177,7.913715975,460,18,484,38,478,522
3,1000,20,7.7,28,6,938,27,18,17,62,7.581642156,100,192,20.23708688,9.235695321,6.638987018,8.539501409,483,21,455,41,504,496
2,1000,20,7.7,28,7,938,30,16,16,62,7.648793176,96,186,19.76772292,8.94917237,6.64035757,8.851839162,527,17,411,45,544,456
1,1000,20,7.7,28,6,956,26,11,7,44,6.922944359,77,184,20.12169948,8.749222869,6.044964329,7.815085357,495,9,461,35,504,496
5,1000,20,7.7,28,7,950,23,17,10,50,7.164860954,86,222,20.21085258,8.691724355,6.316182469,7.960908215,470,14,480,36,484,516
7,1000,20,7.7,28,7,957,18,16,9,43,7.046037133,93,210,19.88423307,8.72094234,6.384084125,7.740545207,494,18,463,25,512,488
4,1000,20,7.7,28,7,940,26,15,19,60,7.451305185,107,231,20.06425234,9.117191797,6.270186626,8.695481408,495,18,445,42,513,487
8,1000,20,7.7,28,7,944,24,16,16,56,7.56318383,83,216,20.10316226,8.976087752,6.734003864,8.46506851,506,15,438,41,521,479
3,1000,20,7.7,28,7,941,25,17,17,59,7.602059867,86,204,20.26640574,9.256205283,6.668922167,8.550248175,484,20,457,39,504,496
6,1000,20,7.7,28,7,946,26,16,12,54,7.258307783,98,207,20.15503524,9.024282024,6.562059174,7.895868769,460,18,486,36,478,522
2,1000,20,7.7,28,8,938,30,15,17,62,7.68945931,82,214,19.75903732,8.960824433,6.705249355,8.863604519,527,17,411,45,544,456
5,1000,20,7.7,28,8,950,22,17,11,50,7.22925151,89,216,20.20988004,8.677848252,6.393765471,8.012924461,470,14,480,36,484,516
1,1000,20,7.7,28,7,955,27,11,7,45,7.011203571,91,205,20.15006894,8.758581864,6.140227123,7.896228025,494,10,461,35,504,496
7,1000,20,7.7,28,8,958,17,16,9,42,7.092801008,81,196,19.9063878,8.727871062,6.453651421,7.763384182,494,18,464,24,512,488
4,1000,20,7.7,28,8,939,27,15,19,61,7.498226574,93,200,20.08398084,9.129275003,6.330118318,8.728697898,494,19,445,42,513,487
8,1000,20,7.7,28,8,945,23,16,16,55,7.583554415,92,216,20.10920831,8.98323463,6.751677063,8.488372996,506,15,439,40,521,479
3,1000,20,7.7,28,8,941,25,17,17,59,7.645701808,87,197,20.27345136,9.256160584,6.7005484,8.606099625,484,20,457,39,504,496
6,1000,20,7.7,28,8,947,26,15,12,53,7.246158927,100,214,20.17538277,9.027375999,6.547624872,7.885812717,461,17,486,36,478,522
2,1000,20,7.7,28,9,939,30,14,17,61,7.756906476,104,186,19.76692529,8.968324794,6.771822955,8.932093834,528,16,411,45,544,456
5,1000,20,7.7,28,9,950,22,17,11,50,7.224178996,99,220,20.21592093,8.696426636,6.394469403,8.002433731,470,14,480,36,484,516
1,1000,20,7.7,28,8,956,26,11,7,44,7.022732584,93,216,20.14836,8.761753086,6.186995444,7.871949355,494,10,462,34,504,496
7,1000,20,7.7,28,9,958,17,16,9,42,7.137598816,88,190,19.91728497,8.725715058,6.495917245,7.810838497,494,18,464,24,512,488
4,1000,20,7.7,28,9,940,27,14,19,60,7.529565641,91,185,20.0819118,9.13191262,6.359077695,8.762543703,494,19,446,41,513,487
8,1000,20,7.7,28,9,947,21,16,16,53,7.570173184,107,225,20.12006578,8.981325569,6.783117074,8.426240476,506,15,441,38,521,479
3,1000,20,7.7,28,9,939,27,17,17,61,7.673883155,90,202,20.29313853,9.266783716,6.724272689,8.63880992,483,21,456,40,504,496
6,1000,20,7.7,28,9,951,23,14,12,49,7.251794301,106,183,20.17832235,9.037984555,6.57019257,7.875943014,461,17,490,32,478,522
2,1000,20,7.7,28,10,937,32,13,18,63,7.787740743,98,204,19.78200057,8.976790738,6.785873164,8.982951189,528,16,409,47,544,456
5,1000,20,7.7,28,10,950,22,17,11,50,7.233244428,107,204,20.23941927,8.692268731,6.410323706,8.005131307,470,14,480,36,484,516
7,1000,20,7.7,28,10,959,17,15,9,41,7.137761547,90,199,19.92693291,8.742326584,6.507076293,7.79946411,494,18,465,23,512,488
8,1000,20,7.7,28,10,947,20,17,16,53,7.584301341,99,234,20.12479168,8.982396508,6.794989708,8.442821928,506,15,441,38,521,479
1,1000,20,7.7,28,9,957,25,11,7,43,7.043671617,80,193,20.1722498,8.756787871,6.183701424,7.917512296,495,9,462,34,504,496
4,1000,20,7.7,28,10,940,27,14,19,60,7.553909118,82,185,20.07897617,9.152754558,6.361168991,8.810327363,494,19,446,41,513,487
3,1000,20,7.7,28,10,940,26,18,16,60,7.700002081,82,222,20.3133113,9.273424793,6.768790185,8.646233522,484,20,456,40,504,496
6,1000,20,7.7,28,10,952,22,14,12,48,7.286317171,104,210,20.18042739,9.051399593,6.614016569,7.901948756,461,17,491,31,478,522
2,1000,20,7.7,28,11,939,31,13,17,61,7.790526214,112,185,19.80837764,8.994992728,6.808097624,8.962546285,529,15,410,46,544,456
5,1000,20,7.7,28,11,951,22,17,10,49,7.237713631,102,197,20.25892466,8.689988004,6.383374909,8.039070108,471,13,480,36,484,516
7,1000,20,7.7,28,11,960,17,14,9,40,7.165282075,76,210,19.94260454,8.73911552,6.551346737,7.809410953,495,17,465,23,512,488
8,1000,20,7.7,28,11,946,22,17,15,54,7.608320629,80,193,20.13987768,8.98266279,6.833073194,8.451543831,506,15,440,39,521,479
4,1000,20,7.7,28,11,941,26,14,19,59,7.577836063,99,190,20.09653004,9.175300937,6.409978363,8.808043456,494,19,447,40,513,487
1,1000,20,7.7,28,10,958,25,10,7,42,7.081782464,95,210,20.16851871,8.759209534,6.263019873,7.913750904,495,9,463,33,504,496
3,1000,20,7.7,28,11,940,26,18,16,60,7.731558043,85,202,20.33371461,9.274121026,6.798352067,8.679815729,483,21,457,39,504,496
2,1000,20,7.7,28,12,939,31,13,17,61,7.809889977,99,181,19.82533101,9.008145678,6.843155505,8.963187242,529,15,410,46,544,456
6,1000,20,7.7,28,11,952,21,15,12,48,7.285337703,90,220,20.19016413,9.060825982,6.614450937,7.899674627,461,17,491,31,478,522
5,1000,20,7.7,28,12,952,22,16,10,48,7.206625153,93,210,20.25589223,8.693193557,6.357658301,8.002942897,472,12,480,36,484,516
7,1000,20,7.7,28,12,960,17,13,10,40,7.183728409,77,224,19.96009815,8.74219017,6.571030829,7.826558657,495,17,465,23,512,488
8,1000,20,7.7,28,12,944,24,17,15,56,7.671775849,87,193,20.14194769,8.974673131,6.90299754,8.507962695,504,17,440,39,521,479
4,1000,20,7.7,28,12,940,28,14,18,60,7.601982531,125,195,20.1088066,9.168300205,6.453560423,8.811716703,494,19,446,41,513,487
2,1000,20,7.7,28,13,941,29,13,17,59,7.809756514,84,193,19.84055488,9.006165946,6.880689186,8.918117536,530,14,411,45,544,456
3,1000,20,7.7,28,12,939,27,18,16,61,7.762697724,101,209,20.35017668,9.279937971,6.83260948,8.707787392,482,22,457,39,504,496
1,1000,20,7.7,28,11,959,24,10,7,41,7.100211205,96,203,20.17459165,8.751904165,6.306147222,7.907082671,495,9,464,32,504,496
6,1000,20,7.7,28,12,953,21,14,12,47,7.312859933,90,211,20.18676452,9.071948154,6.672332806,7.899396267,462,16,491,31,478,522
5,1000,20,7.7,28,13,952,23,16,9,48,7.207059128,89,206,20.25719406,8.692142533,6.392213795,7.971371418,472,12,480,36,484,516
7,1000,20,7.7,28,13,960,17,12,11,40,7.213752135,100,190,19.96739381,8.752833123,6.627352409,7.828991192,495,17,465,23,512,488
8,1000,20,7.7,28,13,945,23,17,15,55,7.703073779,96,213,20.17419177,9.000372492,6.967564318,8.503074676,504,17,441,38,521,479
4,1000,20,7.7,28,13,941,28,13,18,59,7.630174222,99,230,20.09453029,9.163950215,6.476624527,8.845309733,494,19,447,40,513,487
2,1000,20,7.7,28,14,942,28,13,17,58,7.832252349,84,203,19.85730023,9.0164956,6.915610444,8.925790061,530,14,412,44,544,456
3,1000,20,7.7,28,13,938,28,17,17,62,7.793084957,88,187,20.37484021,9.291658061,6.87456987,8.726414802,482,22,456,40,504,496
5,1000,20,7.7,28,14,953,22,16,9,47,7.256161681,95,236,20.27045285,8.689424211,6.49157363,7.973333418,472,12,481,35,484,516
6,1000,20,7.7,28,13,953,21,14,12,47,7.304200187,100,207,20.18626458,9.077032345,6.68631664,7.870001595,462,16,491,31,478,522
1,1000,20,7.7,28,12,960,23,10,7,40,7.115138783,99,193,20.19252562,8.740113576,6.364052366,7.878339497,495,9,465,31,504,496
7,1000,20,7.7,28,14,961,17,11,11,39,7.20708548,83,229,20.00038588,8.764354012,6.617869165,7.825279647,495,17,466,22,512,488
8,1000,20,7.7,28,14,945,23,18,14,55,7.720604941,87,201,20.18052108,9.001661891,7.016457854,8.486493525,503,18,442,37,521,479
4,1000,20,7.7,28,14,941,28,13,18,59,7.679616461,95,187,20.11366737,9.162740285,6.517183811,8.904109171,494,19,447,40,513,487
2,1000,20,7.7,28,15,943,27,14,16,57,7.81986257,99,219,19.86842419,9.014773177,6.911547167,8.903466911,531,13,412,44,544,456
3,1000,20,7.7,28,14,939,27,19,15,61,7.752535417,106,213,20.39604642,9.295827478,6.913454911,8.60514948,482,22,457,39,504,496
5,1000,20,7.7,28,15,955,20,16,9,45,7.286094857,87,204,20.26991431,8.733660107,6.555168262,7.971692671,472,12,483,33,484,516
6,1000,20,7.7,28,14,956,20,12,12,44,7.303268607,85,211,20.19730073,9.091305467,6.728067079,7.829985714,462,16,494,28,478,522
7,1000,20,7.7,28,15,961,17,10,12,39,7.26975968,108,192,19.99156238,8.771542292,6.686966822,7.881214481,495,17,466,22,512,488
1,1000,20,7.7,28,13,960,23,10,7,40,7.143244897,94,207,20.21053737,8.73550278,6.374416314,7.92447394,495,9,465,31,504,496
8,1000,20,7.7,28,15,945,25,18,12,55,7.688556011,81,227,20.18103673,9.004261166,6.96752568,8.472808207,503,18,442,37,521,479
4,1000,20,7.7,28,15,943,27,12,18,57,7.683937778,96,182,20.12113302,9.168086992,6.5293114,8.900207454,495,18,448,39,513,487
2,1000,20,7.7,28,16,943,28,13,16,57,7.845132528,100,203,19.91608735,9.019810764,6.973489412,8.884987472,531,13,412,44,544,456
3,1000,20,7.7,28,15,939,26,20,15,61,7.769166688,93,194,20.39829732,9.295006465,6.947695071,8.603887847,482,22,457,39,504,496
5,1000,20,7.7,28,16,954,21,16,9,46,7.319285988,94,201,20.28957212,8.75988294,6.572227218,8.020015532,472,12,482,34,484,516
6,1000,20,7.7,28,15,955,21,12,12,45,7.318839141,88,189,20.19522858,9.085556892,6.755763863,7.834452135,461,17,494,28,478,522
7,1000,20,7.7,28,16,961,17,10,12,39,7.293559399,80,195,19.99279074,8.761661156,6.683474295,7.933648688,495,17,466,22,512,488
1,1000,20,7.7,28,14,960,23,10,7,40,7.206571371,98,221,20.21148496,8.748928625,6.446875845,7.97852005,495,9,465,31,504,496
8,1000,20,7.7,28,16,945,26,17,12,55,7.696562193,95,208,20.19743085,8.998691358,7.008136113,8.445351312,503,18,442,37,521,479
2,1000,20,7.7,28,17,944,29,12,15,56,7.830392813,97,175,19.93299775,9.016744457,7.013890946,8.804465216,531,13,413,43,544,456
4,1000,20,7.7,28,16,943,26,13,18,57,7.720837726,103,193,20.12303696,9.171188636,6.545344798,8.959087977,495,18,448,39,513,487
3,1000,20,7.7,28,16,936,29,20,15,64,7.794447963,99,223,20.38740312,9.294214243,6.943077286,8.659550425,482,22,454,42,504,496
5,1000,20,7.7,28,17,955,20,16,9,45,7.326873907,89,211,20.30877971,8.766156419,6.584685341,8.023035274,472,12,483,33,484,516
7,1000,20,7.7,28,17,960,18,10,12,40,7.30796128,102,171,19.99441999,8.755070747,6.725600082,7.918963192,494,18,466,22,512,488
6,1000,20,7.7,28,16,954,22,11,13,46,7.359191791,106,235,20.20926584,9.094768932,6.763181502,7.904963665,461,17,493,29,478,522
1,1000,20,7.7,28,15,960,23,10,7,40,7.224173994,86,238,20.21660823,8.763867794,6.496243239,7.963845567,495,9,465,31,504,496
8,1000,20,7.7,28,17,946,25,17,12,54,7.717080097,90,201,20.19303008,8.988122052,7.064265876,8.427134813,503,18,443,36,521,479
2,1000,20,7.7,28,18,944,30,11,15,56,7.859176404,107,205,19.92938502,9.020657754,7.042724129,8.833189644,531,13,413,43,544,456
4,1000,20,7.7,28,17,944,25,13,18,56,7.7485712,107,231,20.13001245,9.173626203,6.545899998,9.01545072,496,17,448,39,513,487
3,1000,20,7.7,28,17,935,31,19,15,65,7.781792508,95,196,20.39352931,9.313324798,6.912739538,8.664862462,482,22,453,43,504,496
5,1000,20,7.7,28,18,955,20,16,9,45,7.335707687,109,204,20.33606742,8.781686537,6.591697893,8.033577339,472,12,483,33,484,516
7,1000,20,7.7,28,18,961,18,9,12,39,7.321267882,89,205,20.01979804,8.775048746,6.73925036,7.931909217,494,18,467,21,512,488
6,1000,20,7.7,28,17,955,21,11,13,45,7.39467282,109,208,20.22883999,9.089428535,6.813288431,7.927051628,461,17,494,28,478,522
2,1000,20,7.7,28,19,945,30,10,15,55,7.886523898,105,199,19.95528206,9.04292478,7.076819893,8.852486572,532,12,413,43,544,456
8,1000,20,7.7,28,18,946,25,17,12,54,7.725665777,81,215,20.20373128,9.000604286,7.129259012,8.374367081,503,18,443,36,521,479
1,1000,20,7.7,28,16,960,24,9,7,40,7.243376016,103,219,20.23063319,8.770146982,6.511207065,7.987354143,495,9,465,31,504,496
4,1000,20,7.7,28,18,944,25,13,18,56,7.751493362,97,218,20.14035098,9.203080011,6.555373956,9.011471299,496,17,448,39,513,487
3,1000,20,7.7,28,18,936,31,18,15,64,7.795753547,106,205,20.41118332,9.319204232,6.945760701,8.659455955,482,22,454,42,504,496
5,1000,20,7.7,28,19,958,19,14,9,42,7.343203028,92,196,20.33203963,8.789098694,6.62341319,8.018354736,472,12,486,30,484,516
7,1000,20,7.7,28,19,959,19,10,12,41,7.334613151,95,208,20.03887349,8.782344437,6.761897882,7.935494744,493,19,466,22,512,488
6,1000,20,7.7,28,18,956,20,11,13,44,7.414265323,95,190,20.26650812,9.100776979,6.862611678,7.919419428,461,17,495,27,478,522
2,1000,20,7.7,28,20,945,29,12,14,55,7.938014429,89,226,19.95641519,9.044055143,7.110890602,8.924758643,532,12,413,43,544,456
8,1000,20,7.7,28,19,946,25,17,12,54,7.75018326,101,210,20.23285688,9.009688459,7.183564762,8.366484382,503,18,443,36,521,479
4,1000,20,7.7,28,19,945,28,9,18,55,7.741700116,109,212,20.15873935,9.205585177,6.521302168,9.027252779,497,16,448,39,513,487
3,1000,20,7.7,28,19,936,32,17,15,64,7.796920105,101,192,20.41962123,9.324132121,6.922494764,8.68544908,483,21,453,43,504,496
1,1000,20,7.7,28,17,961,24,8,7,39,7.288560906,93,191,20.2659631,8.78410543,6.603282589,7.984892099,495,9,466,30,504,496
5,1000,20,7.7,28,20,960,17,14,9,40,7.326036978,95,226,20.34300844,8.782021857,6.634359632,7.974819604,472,12,488,28,484,516
7,1000,20,7.7,28,20,959,19,10,12,41,7.375864641,82,223,20.05091056,8.794083316,6.763221456,8.018637817,493,19,466,22,512,488
6,1000,20,7.7,28,19,956,20,11,13,44,7.47040236,95,215,20.26342932,9.120355773,6.90516853,7.987991959,462,16,494,28,478,522
2,1000,20,7.7,28,21,945,30,12,13,55,7.923482929,94,203,19.97566866,9.031542419,7.067828078,8.944264156,532,12,413,43,544,456
8,1000,20,7.7,28,20,944,28,16,12,56,7.773830772,100,195,20.24234035,9.014208763,7.205190757,8.392330664,501,20,443,36,521,479
4,1000,20,7.7,28,20,946,27,9,18,54,7.746998446,82,200,20.1659546,9.194221279,6.539337914,9.019133667,497,16,449,38,513,487
3,1000,20,7.7,28,20,935,33,18,14,65,7.84556186,106,223,20.45883006,9.311662042,6.961814599,8.74356311,483,21,452,44,504,496
5,1000,20,7.7,28,21,959,18,14,9,41,7.339855125,83,192,20.37353426,8.823198391,6.649613739,7.987290843,471,13,488,28,484,516
1,1000,20,7.7,28,18,964,21,8,7,36,7.299675852,82,210,20.27448271,8.776772766,6.636642828,7.973402957,495,9,469,27,504,496
7,1000,20,7.7,28,21,956,22,10,12,44,7.400566535,89,216,20.05068099,8.78567921,6.749121705,8.084049634,493,19,463,25,512,488
6,1000,20,7.7,28,20,956,20,11,13,44,7.464874995,100,237,20.26322283,9.132390851,6.878846781,8.001506194,462,16,494,28,478,522
2,1000,20,7.7,28,22,945,30,12,13,55,7.954628932,82,198,19.98244892,9.044129677,7.076317544,9.002439009,532,12,413,43,544,456
8,1000,20,7.7,28,21,943,29,17,11,57,7.775146662,95,199,20.24920451,9.010284748,7.197996237,8.40290318,501,20,442,37,521,479
3,1000,20,7.7,28,21,937,33,17,13,63,7.821542041,99,231,20.47286136,9.303350753,6.971935331,8.684852084,483,21,454,42,504,496
4,1000,20,7.7,28,21,946,27,9,18,54,7.763876131,104,214,20.1905752,9.1921977,6.56817291,9.023415663,497,16,449,38,513,487
5,1000,20,7.7,28,22,958,19,14,9,42,7.365903739,93,206,20.37833597,8.84797792,6.697710718,7.992658434,470,14,488,28,484,516
7,1000,20,7.7,28,22,957,21,10,12,43,7.42224514,96,218,20.05621303,8.781062986,6.750625556,8.126895196,493,19,464,24,512,488
6,1000,20,7.7,28,21,955,21,11,13,45,7.494479593,87,186,20.27405324,9.143495582,6.919223576,8.021246597,462,16,493,29,478,522
1,1000,20,7.7,28,19,962,22,9,7,38,7.337096274,97,204,20.27746571,8.799001794,6.689683451,7.994951239,494,10,468,28,504,496
2,1000,20,7.7,28,23,945,32,11,12,55,7.948565189,93,193,20.01279005,9.038421211,7.069870684,8.996832319,532,12,413,43,544,456
8,1000,20,7.7,28,22,944,28,17,11,56,7.790331663,92,222,20.23760483,9.008622996,7.203393093,8.428734575,502,19,442,37,521,479
3,1000,20,7.7,28,22,936,34,18,12,64,7.830842998,100,211,20.47407097,9.293263382,7.002362638,8.672685943,482,22,454,42,504,496
5,1000,20,7.7,28,23,955,22,14,9,45,7.401369448,71,227,20.41458236,8.859928614,6.71783331,8.042515749,468,16,487,29,484,516
4,1000,20,7.7,28,22,945,28,10,17,55,7.780214511,104,215,20.21473391,9.202524444,6.544344003,9.082065784,497,16,448,39,513,487
7,1000,20,7.7,28,23,957,22,9,12,43,7.420550343,94,216,20.06453905,8.767778354,6.705714696,8.170541841,494,18,463,25,512,488
6,1000,20,7.7,28,22,955,21,11,13,45,7.526832996,80,236,20.27089962,9.145208386,6.963705787,8.042493543,462,16,493,29,478,522
1,1000,20,7.7,28,20,961,23,9,7,39,7.391908011,90,209,20.27386207,8.800141385,6.748920049,8.045266747,494,10,467,29,504,496
2,1000,20,7.7,28,24,950,29,9,12,50,7.91505643,86,228,20.02026328,9.064190494,7.012500614,8.991789683,536,8,414,42,544,456
5,1000,20,7.7,28,24,955,22,14,9,45,7.436557434,84,206,20.43534877,8.847916497,6.750090856,8.080452441,468,16,487,29,484,516
4,1000,20,7.7,28,23,947,26,10,17,53,7.79964185,102,193,20.22572031,9.215680697,6.581004109,9.083340334,497,16,450,37,513,487
8,1000,20,7.7,28,23,943,29,17,11,57,7.828641818,86,211,20.22967312,9.024955002,7.250606339,8.457360992,501,20,442,37,521,479
7,1000,20,7.7,28,24,956,23,10,11,44,7.493660954,82,184,20.0947075,8.767094161,6.755372603,8.268258567,494,18,462,26,512,488
3,1000,20,7.7,28,23,936,33,19,12,64,7.901183615,87,206,20.49306701,9.286364445,7.070225952,8.745543822,482,22,454,42,504,496
6,1000,20,7.7,28,23,955,21,11,13,45,7.537754431,81,216,20.27633379,9.163400892,6.969530872,8.058081751,463,15,492,30,478,522
2,1000,20,7.7,28,25,951,28,9,12,49,7.929742548,108,221,20.03878596,9.065898438,7.036874754,8.994918163,536,8,415,41,544,456
5,1000,20,7.7,28,25,954,23,15,8,46,7.428995855,95,209,20.46257844,8.856544063,6.779433015,8.038275729,467,17,487,29,484,516
4,1000,20,7.7,28,24,948,27,8,17,52,7.81773277,95,195,20.23271859,9.226454168,6.620661064,9.078713848,498,15,450,37,513,487
1,1000,20,7.7,28,21,963,22,8,7,37,7.391193191,109,202,20.30099845,8.802205469,6.77504078,8.017283544,494,10,469,27,504,496
8,1000,20,7.7,28,24,944,28,17,11,56,7.825201933,98,186,20.23342735,9.023995512,7.256885805,8.443349539,501,20,443,36,521,479
3,1000,20,7.7,28,24,937,33,18,12,63,7.886331563,102,221,20.51255413,9.297944284,7.06463651,8.721279762,482,22,455,41,504,496
7,1000,20,7.7,28,25,956,23,10,11,44,7.478699197,84,220,20.10896603,8.773010417,6.73801487,8.255810622,494,18,462,26,512,488
2,1000,20,7.7,28,26,950,29,9,12,50,7.963267137,93,203,20.05218055,9.073537755,7.075928374,9.021846715,536,8,414,42,544,456
5,1000,20,7.7,28,26,955,23,14,8,45,7.42169577,93,222,20.46566647,8.861313917,6.788886972,8.015260612,467,17,488,28,484,516
6,1000,20,7.7,28,24,956,21,11,12,44,7.572664966,88,201,20.27884854,9.148821424,7.0149431,8.083375794,463,15,493,29,478,522
4,1000,20,7.7,28,25,948,27,8,17,52,7.866136878,80,225,20.23425882,9.245281153,6.678474292,9.117206502,498,15,450,37,513,487
8,1000,20,7.7,28,25,945,27,17,11,55,7.847312927,93,200,20.25536611,9.031717939,7.280795685,8.463503914,502,19,443,36,521,479
1,1000,20,7.7,28,22,964,22,7,7,36,7.404421751,112,218,20.29530752,8.809909198,6.803587799,8.014946573,494,10,470,26,504,496
2,1000,20,7.7,28,27,951,28,10,11,49,8.00259485,87,217,20.07989657,9.09750586,7.108271694,9.069506686,536,8,415,41,544,456
7,1000,20,7.7,28,26,957,23,10,10,43,7.463798673,103,191,20.12770492,8.779960911,6.725012465,8.238918629,494,18,463,25,512,488
3,1000,20,7.7,28,25,938,33,17,12,62,7.896802329,111,208,20.53671864,9.289066649,7.096846125,8.709661052,482,22,456,40,504,496
5,1000,20,7.7,28,27,955,23,14,8,45,7.457671607,92,221,20.46944277,8.873918014,6.83626617,8.040540273,467,17,488,28,484,516
4,1000,20,7.7,28,26,949,27,8,16,51,7.87584922,98,190,20.24363716,9.254043326,6.754566991,9.056994567,497,16,452,35,513,487
6,1000,20,7.7,28,25,956,21,11,12,44,7.584233636,125,229,20.30205934,9.141365299,7.051861308,8.071731668,463,15,493,29,478,522
2,1000,20,7.7,28,28,950,29,10,11,50,8.021563658,103,169,20.09127727,9.103632101,7.126019954,9.089931587,535,9,415,41,544,456
5,1000,20,7.7,28,28,955,22,15,8,45,7.460923162,107,188,20.4562077,8.876972574,6.856780296,8.027599804,467,17,488,28,484,516
8,1000,20,7.7,28,26,945,27,17,11,55,7.888515813,82,211,20.27629068,9.031698507,7.336575072,8.488852192,502,19,443,36,521,479
4,1000,20,7.7,28,27,949,27,8,16,51,7.900950018,103,206,20.2356711,9.269383053,6.784611136,9.076888101,496,17,453,34,513,487
7,1000,20,7.7,28,27,957,23,10,10,43,7.464776166,93,196,20.12824113,8.778178632,6.733708139,8.231798357,493,19,464,24,512,488
3,1000,20,7.7,28,26,939,32,17,12,61,7.904374741,114,214,20.55884724,9.266915928,7.114976895,8.706504811,483,21,456,40,504,496
1,1000,20,7.7,28,23,965,21,7,7,35,7.443625452,80,199,20.29862476,8.816542776,6.869125351,8.027391683,494,10,471,25,504,496
2,1000,20,7.7,28,29,950,29,10,11,50,8.045700718,101,205,20.11289804,9.119065004,7.160035983,9.102283208,535,9,415,41,544,456
6,1000,20,7.7,28,26,958,19,11,12,42,7.62217756,73,224,20.31695807,9.141866701,7.072948417,8.125111527,464,14,494,28,478,522
5,1000,20,7.7,28,29,954,23,15,8,46,7.477384412,102,221,20.44776541,8.879928638,6.862488351,8.054147384,467,17,487,29,484,516
4,1000,20,7.7,28,28,949,27,8,16,51,7.97011341,106,187,20.23941746,9.276323548,6.81829974,9.183420213,496,17,453,34,513,487
7,1000,20,7.7,28,28,958,22,10,10,42,7.436624711,105,204,20.15097488,8.77834585,6.742650753,8.164728536,493,19,465,23,512,488
3,1000,20,7.7,28,27,939,32,17,12,61,7.893972298,78,209,20.56656439,9.265339656,7.094268855,8.706574185,483,21,456,40,504,496
8,1000,20,7.7,28,27,947,27,17,9,53,7.883819172,96,224,20.30588106,9.021650786,7.364417772,8.448763075,502,19,445,34,521,479
2,1000,20,7.7,28,30,948,31,10,11,52,8.087326639,81,194,20.11748001,9.130572371,7.242820994,9.094807057,533,11,415,41,544,456
5,1000,20,7.7,28,30,954,23,15,8,46,7.491316863,98,205,20.45028053,8.888996631,6.876889175,8.067640508,467,17,487,29,484,516
1,1000,20,7.7,28,24,965,22,6,7,35,7.48383681,86,179,20.3326616,8.83215822,6.931723494,8.04485518,493,11,472,24,504,496
4,1000,20,7.7,28,29,950,26,8,16,50,7.979891473,118,220,20.2439397,9.28663991,6.84799219,9.172220697,496,17,454,33,513,487
6,1000,20,7.7,28,27,958,19,11,12,42,7.616600779,80,206,20.32472198,9.122407752,7.093252336,8.095835561,464,14,494,28,478,522
8,1000,20,7.7,28,28,948,28,16,8,52,7.8987653,94,206,20.31318511,9.032471237,7.422259193,8.417052736,502,19,446,33,521,479
2,1000,20,7.7,28,31,948,30,11,11,52,8.085988487,106,183,20.13588686,9.132187646,7.271582791,9.057560195,533,11,415,41,544,456
7,1000,20,7.7,28,29,958,22,10,10,42,7.461527229,105,228,20.15971004,8.7925533,6.780933415,8.175592869,493,19,465,23,512,488
5,1000,20,7.7,28,31,954,22,15,9,46,7.525197601,93,210,20.45622545,8.891776663,6.943318871,8.070990828,466,18,488,28,484,516
3,1000,20,7.7,28,28,940,31,17,12,60,7.917324282,99,200,20.59066906,9.266551879,7.124788787,8.722642608,484,20,456,40,504,496
4,1000,20,7.7,28,30,951,26,7,16,49,7.986990326,105,209,20.25579493,9.288604682,6.84187289,9.193243395,498,15,453,34,513,487
1,1000,20,7.7,28,25,967,21,5,7,33,7.512712588,88,195,20.33195252,8.819715646,6.981215305,8.052782407,494,10,473,23,504,496
6,1000,20,7.7,28,28,959,19,11,11,41,7.633910056,82,209,20.33903312,9.132965792,7.134229496,8.091471949,464,14,495,27,478,522
2,1000,20,7.7,28,32,949,30,11,10,51,8.121299216,102,213,20.1514131,9.151072226,7.335312581,9.058967482,532,12,417,39,544,456
5,1000,20,7.7,28,32,952,24,16,8,48,7.542737427,90,223,20.47251186,8.897764468,6.970596869,8.0793964,465,19,487,29,484,516
7,1000,20,7.7,28,30,955,24,11,10,45,7.489348157,92,214,20.17314989,8.792913337,6.805633483,8.206688144,493,19,462,26,512,488
4,1000,20,7.7,28,31,951,26,7,16,49,8.017275811,94,210,20.28889209,9.282247866,6.87070045,9.22506464,498,15,453,34,513,487
3,1000,20,7.7,28,29,941,30,17,12,59,7.942352509,79,193,20.5901093,9.286054683,7.115735393,8.782302159,485,19,456,40,504,496
8,1000,20,7.7,28,29,949,27,17,7,51,7.918103692,81,194,20.33191857,9.038335406,7.447042315,8.430468989,502,19,447,32,521,479
2,1000,20,7.7,28,33,949,29,12,10,51,8.152510121,83,202,20.16116274,9.169050018,7.378757707,9.075583176,532,12,417,39,544,456
5,1000,20,7.7,28,33,953,24,15,8,47,7.580365317,99,200,20.4816569,8.894710656,7.015186517,8.110494269,466,18,487,29,484,516
1,1000,20,7.7,28,26,966,22,5,7,34,7.540131087,87,218,20.34322818,8.822916924,7.029280385,8.059221316,494,10,472,24,504,496
6,1000,20,7.7,28,29,958,20,11,11,42,7.690519806,98,195,20.3549882,9.132839315,7.20793429,8.132427616,464,14,494,28,478,522
4,1000,20,7.7,28,32,952,24,8,16,48,8.046015668,101,204,20.27393653,9.275048555,6.888324274,9.265513996,499,14,453,34,513,487
7,1000,20,7.7,28,31,955,24,11,10,45,7.52057704,96,211,20.18780978,8.807125609,6.819373464,8.256266038,493,19,462,26,512,488
8,1000,20,7.7,28,30,948,27,18,7,52,7.961236906,81,208,20.33871891,9.042706093,7.472965006,8.492321791,502,19,446,33,521,479
2,1000,20,7.7,28,34,950,29,12,9,50,8.164542076,114,205,20.16980545,9.193179782,7.385377238,9.094072059,532,12,418,38,544,456
3,1000,20,7.7,28,30,943,29,16,12,57,7.951595539,113,210,20.60944381,9.285664909,7.181383594,8.734230257,484,20,459,37,504,496
5,1000,20,7.7,28,34,952,26,15,7,48,7.632420284,93,224,20.49741973,8.906135909,7.088016359,8.143062726,466,18,486,30,484,516
4,1000,20,7.7,28,33,952,26,7,15,48,8.068300344,107,207,20.27815843,9.267733619,6.944686725,9.251901549,500,13,452,35,513,487
1,1000,20,7.7,28,27,966,22,5,7,34,7.567576293,88,209,20.35792686,8.820202312,7.062016339,8.08129044,494,10,472,24,504,496
6,1000,20,7.7,28,30,958,21,10,11,42,7.697795761,97,217,20.37410599,9.149461591,7.203207099,8.150694957,464,14,494,28,478,522
7,1000,20,7.7,28,32,955,24,10,11,45,7.560907849,104,186,20.20867629,8.818221598,6.848449675,8.308404949,494,18,461,27,512,488
2,1000,20,7.7,28,35,950,29,12,9,50,8.185835249,101,220,20.18357674,9.203129087,7.420811828,9.09849477,532,12,418,38,544,456
5,1000,20,7.7,28,35,952,27,14,7,48,7.65278056,87,203,20.50563051,8.913760027,7.135730501,8.137765499,465,19,487,29,484,516
8,1000,20,7.7,28,31,949,26,17,8,51,7.963345519,91,222,20.34917294,9.046769676,7.458748053,8.512187439,502,19,447,32,521,479
3,1000,20,7.7,28,31,944,29,15,12,56,7.997536526,112,228,20.6213945,9.27970503,7.179419888,8.828848594,485,19,459,37,504,496
4,1000,20,7.7,28,34,953,25,7,15,47,8.093484729,102,241,20.28173667,9.29651913,6.974071056,9.27266176,500,13,453,34,513,487
6,1000,20,7.7,28,31,958,21,10,11,42,7.738659067,112,222,20.36943512,9.171972929,7.227963959,8.206307079,464,14,494,28,478,522
1,1000,20,7.7,28,28,966,23,4,7,34,7.591156637,94,206,20.36415209,8.81501884,7.090286066,8.100105765,494,10,472,24,504,496
2,1000,20,7.7,28,36,952,28,10,10,48,8.208554817,112,193,20.19742952,9.213196093,7.502143948,9.05129059,532,12,420,36,544,456
7,1000,20,7.7,28,33,955,25,9,11,45,7.611017809,104,193,20.21325823,8.826068143,6.90490044,8.351862261,495,17,460,28,512,488
8,1000,20,7.7,28,32,950,27,16,7,50,7.988655412,110,212,20.3829559,9.069788455,7.50909152,8.510268748,502,19,448,31,521,479
5,1000,20,7.7,28,36,954,27,13,6,46,7.651309524,75,214,20.51961023,8.911034351,7.124893408,8.145079678,466,18,488,28,484,516
3,1000,20,7.7,28,32,944,29,15,12,56,8.006921972,90,221,20.60691698,9.29361489,7.193703123,8.833257254,484,20,460,36,504,496
4,1000,20,7.7,28,35,954,25,7,14,46,8.081044331,109,204,20.30341808,9.285143937,6.971230124,9.250109399,501,12,453,34,513,487
2,1000,20,7.7,28,37,956,25,9,10,44,8.206370219,114,201,20.21030453,9.23081534,7.515095206,9.031049183,533,11,423,33,544,456
6,1000,20,7.7,28,32,957,22,10,11,43,7.786456413,100,222,20.39603627,9.167231608,7.316850915,8.216478306,464,14,493,29,478,522
7,1000,20,7.7,28,34,956,24,9,11,44,7.613115907,77,228,20.21098528,8.832681239,6.915608942,8.344926492,495,17,461,27,512,488
5,1000,20,7.7,28,37,954,26,14,6,46,7.664191168,106,229,20.52819672,8.910885216,7.142713594,8.153329047,466,18,488,28,484,516
1,1000,20,7.7,28,29,965,23,5,7,35,7.625044485,91,204,20.37289705,8.826179554,7.120712039,8.137511325,494,10,471,25,504,496
8,1000,20,7.7,28,33,953,24,16,7,47,8.02520535,100,202,20.3869628,9.081333178,7.559248174,8.532018895,503,18,450,29,521,479
4,1000,20,7.7,28,36,954,25,7,14,46,8.100900725,93,211,20.29869119,9.29777204,7.015842905,9.243887709,501,12,453,34,513,487
3,1000,20,7.7,28,33,944,29,15,12,56,8.03478784,97,220,20.61714746,9.316573775,7.247603388,8.834668816,484,20,460,36,504,496
2,1000,20,7.7,28,38,956,25,9,10,44,8.211418632,107,229,20.20385494,9.236361436,7.530351551,9.023919711,533,11,423,33,544,456
5,1000,20,7.7,28,38,954,26,14,6,46,7.683391674,85,229,20.54168788,8.899307499,7.143593361,8.189714122,466,18,488,28,484,516
6,1000,20,7.7,28,33,957,22,10,11,43,7.82623831,101,197,20.37883478,9.185594793,7.342897378,8.268837861,464,14,493,29,478,522
4,1000,20,7.7,28,37,954,26,6,14,46,8.115993253,106,229,20.32003861,9.306810745,7.046832502,9.242234455,501,12,453,34,513,487
7,1000,20,7.7,28,35,956,24,9,11,44,7.664943203,85,201,20.23563965,8.850208076,6.950958148,8.414042277,495,17,461,27,512,488
1,1000,20,7.7,28,30,966,22,5,7,34,7.649779189,78,188,20.40079546,8.829725149,7.189468595,8.117514148,494,10,472,24,504,496
2,1000,20,7.7,28,39,958,25,7,10,42,8.168356009,104,209,20.21273801,9.240295826,7.52283685,8.93844904,532,12,426,30,544,456
8,1000,20,7.7,28,34,954,24,15,7,46,8.028416936,83,229,20.38353386,9.086087763,7.545072221,8.554142607,504,17,450,29,521,479
5,1000,20,7.7,28,39,955,26,13,6,45,7.686442637,96,221,20.56551869,8.892443416,7.151745953,8.187979836,466,18,489,27,484,516
3,1000,20,7.7,28,34,943,30,15,12,57,8.032948979,90,206,20.65861228,9.335408003,7.211910511,8.867230003,484,20,459,37,504,496
4,1000,20,7.7,28,38,955,25,6,14,45,8.148290125,73,213,20.32893353,9.326324947,7.085726769,9.26758171,502,11,453,34,513,487
2,1000,20,7.7,28,40,961,22,7,10,39,8.162698159,96,222,20.21725684,9.250263554,7.519142046,8.930449311,533,11,428,28,544,456
7,1000,20,7.7,28,36,957,23,9,11,43,7.683983328,101,215,20.24537757,8.862668825,6.949092626,8.455016195,496,16,461,27,512,488
6,1000,20,7.7,28,34,958,22,9,11,42,7.821071064,91,212,20.39046708,9.187658499,7.315463462,8.284060401,465,13,493,29,478,522
5,1000,20,7.7,28,40,955,26,13,6,45,7.720761657,96,224,20.55757454,8.89159774,7.185499734,8.222829043,466,18,489,27,484,516
1,1000,20,7.7,28,31,966,22,5,7,34,7.647264027,104,206,20.41119001,8.851867456,7.187801653,8.114137085,494,10,472,24,504,496
8,1000,20,7.7,28,35,953,26,14,7,47,8.055060637,81,189,20.4103746,9.079814482,7.566240275,8.586742074,503,18,450,29,521,479
4,1000,20,7.7,28,39,957,24,5,14,43,8.148017668,98,229,20.33835569,9.351665481,7.102027686,9.249851058,502,11,455,32,513,487
3,1000,20,7.7,28,35,944,28,16,12,56,8.093421744,97,184,20.66430545,9.351969462,7.243016211,8.957543495,484,20,460,36,504,496
2,1000,20,7.7,28,41,961,22,7,10,39,8.210968843,75,212,20.24968585,9.248784896,7.568526386,8.977391423,533,11,428,28,544,456
5,1000,20,7.7,28,41,955,26,13,6,45,7.753400286,87,197,20.55765322,8.909690897,7.196387519,8.275869627,466,18,489,27,484,516
6,1000,20,7.7,28,35,958,22,9,11,42,7.822340007,109,195,20.41675185,9.18175594,7.315185444,8.286745909,465,13,493,29,478,522
7,1000,20,7.7,28,37,957,23,9,11,43,7.694949591,96,174,20.26553094,8.875502793,6.981024926,8.443985304,496,16,461,27,512,488
4,1000,20,7.7,28,40,956,25,5,14,44,8.179260316,100,227,20.35506051,9.372868643,7.120815337,9.29421365,502,11,454,33,513,487
8,1000,20,7.7,28,36,952,26,15,7,48,8.083360684,106,222,20.40976414,9.077827033,7.598050465,8.611224199,502,19,450,29,521,479
1,1000,20,7.7,28,32,966,22,5,7,34,7.664852147,103,205,20.40638302,8.851668374,7.207713348,8.129364151,494,10,472,24,504,496
2,1000,20,7.7,28,42,961,22,7,10,39,8.218953786,105,224,20.26397392,9.263242834,7.540196722,9.028699055,533,11,428,28,544,456
5,1000,20,7.7,28,42,955,24,14,7,45,7.773451251,102,191,20.549485,8.920484825,7.223599825,8.289203363,466,18,489,27,484,516
3,1000,20,7.7,28,36,943,29,16,12,57,8.102690805,99,208,20.66772453,9.371496143,7.280672766,8.937967199,482,22,461,35,504,496
6,1000,20,7.7,28,36,955,25,9,11,45,7.830761,120,198,20.4175035,9.195594303,7.350748587,8.270312597,462,16,493,29,478,522
7,1000,20,7.7,28,38,956,25,9,10,44,7.694242558,81,232,20.27323614,8.8836071,7.001495014,8.421059653,495,17,461,27,512,488
4,1000,20,7.7,28,41,957,24,5,14,43,8.197470885,102,193,20.37847142,9.366861949,7.151608466,9.299169902,502,11,455,32,513,487
2,1000,20,7.7,28,43,961,22,7,10,39,8.235123698,94,222,20.26073796,9.279939965,7.57024096,9.02831714,533,11,428,28,544,456
8,1000,20,7.7,28,37,952,26,15,7,48,8.105169916,98,209,20.4240612,9.081369916,7.669463343,8.579080407,502,19,450,29,521,479
1,1000,20,7.7,28,33,966,22,5,7,34,7.686594666,94,201,20.43525862,8.865966631,7.213018963,8.167808688,494,10,472,24,504,496
5,1000,20,7.7,28,43,956,24,12,8,44,7.804014797,96,197,20.5907002,8.923455007,7.261870137,8.312538083,467,17,489,27,484,516
3,1000,20,7.7,28,37,944,27,17,12,56,8.135610545,93,205,20.70137165,9.379334435,7.319159008,8.965230656,482,22,462,34,504,496
7,1000,20,7.7,28,39,956,25,9,10,44,7.719942331,93,222,20.29702393,8.881840841,7.025998739,8.448014296,495,17,461,27,512,488
4,1000,20,7.7,28,42,955,25,6,14,45,8.210446104,103,204,20.39150696,9.385553159,7.178308212,9.297687867,500,13,455,32,513,487
2,1000,20,7.7,28,44,961,20,9,10,39,8.264281254,99,201,20.28327573,9.279760873,7.598360752,9.058712731,532,12,429,27,544,456
6,1000,20,7.7,28,37,957,23,9,11,43,7.834369561,92,215,20.42882798,9.207018823,7.354884118,8.273438606,462,16,495,27,478,522
8,1000,20,7.7,28,38,952,27,15,6,48,8.067668526,99,196,20.42508807,9.083562296,7.633141837,8.540295677,502,19,450,29,521,479
5,1000,20,7.7,28,44,955,25,12,8,45,7.860599416,97,217,20.6059701,8.915839527,7.306341911,8.380484363,467,17,488,28,484,516
1,1000,20,7.7,28,34,966,22,5,7,34,7.706067569,103,216,20.45399127,8.884507672,7.219150853,8.200837781,495,9,471,25,504,496
3,1000,20,7.7,28,38,944,27,17,12,56,8.163119848,100,223,20.71039069,9.389766267,7.361949719,8.977212077,482,22,462,34,504,496
4,1000,20,7.7,28,43,956,25,5,14,44,8.202439683,106,184,20.39691058,9.382924226,7.153450934,9.307431938,500,13,456,31,513,487
7,1000,20,7.7,28,40,956,24,10,10,44,7.739392033,84,229,20.31099876,8.890810573,7.024365666,8.489583631,495,17,461,27,512,488
2,1000,20,7.7,28,45,961,20,9,10,39,8.259077214,101,209,20.32999612,9.292138121,7.580552979,9.068544723,532,12,429,27,544,456
5,1000,20,7.7,28,45,955,24,13,8,45,7.892343203,98,191,20.63924674,8.925775467,7.369441798,8.382816614,467,17,488,28,484,516
6,1000,20,7.7,28,38,957,23,9,11,43,7.86055849,95,236,20.42323676,9.216989943,7.371621002,8.308282857,462,16,495,27,478,522
8,1000,20,7.7,28,39,951,28,16,5,49,8.10322059,90,194,20.44029085,9.09265156,7.657922202,8.58756393,502,19,449,30,521,479
3,1000,20,7.7,28,39,946,26,16,12,54,8.162420672,91,224,20.72244924,9.389058541,7.365023714,8.972678872,482,22,464,32,504,496
1,1000,20,7.7,28,35,966,22,5,7,34,7.733906382,109,214,20.46113198,8.904014491,7.206696169,8.269619987,495,9,471,25,504,496
2,1000,20,7.7,28,46,961,20,9,10,39,8.287409391,89,202,20.33473683,9.289701349,7.590249079,9.119109413,533,11,428,28,544,456
4,1000,20,7.7,28,44,958,23,5,14,42,8.24246667,87,175,20.43045254,9.393602414,7.180847649,9.360763504,501,12,457,30,513,487
7,1000,20,7.7,28,41,955,25,10,10,45,7.772224669,112,210,20.32808776,8.899327282,7.067284737,8.511833777,494,18,461,27,512,488
5,1000,20,7.7,28,46,956,23,12,9,44,7.907577277,81,192,20.64579979,8.928983289,7.36746077,8.414198187,467,17,489,27,484,516
6,1000,20,7.7,28,39,957,24,9,10,43,7.846423824,128,205,20.43575588,9.203250588,7.422914953,8.234234628,461,17,496,26,478,522
8,1000,20,7.7,28,40,951,28,16,5,49,8.093418401,94,224,20.45702226,9.117226129,7.686335259,8.536195681,501,20,450,29,521,479
3,1000,20,7.7,28,40,946,26,16,12,54,8.1994488,90,211,20.75650324,9.409004568,7.395255654,9.016612804,482,22,464,32,504,496
4,1000,20,7.7,28,45,960,21,5,14,40,8.239500898,111,234,20.43309539,9.395959769,7.169626382,9.366493972,503,10,457,30,513,487
2,1000,20,7.7,28,47,961,21,7,11,39,8.304466702,107,199,20.35028778,9.292981169,7.647517278,9.088195839,531,13,430,26,544,456
1,1000,20,7.7,28,36,969,21,3,7,31,7.712907615,106,217,20.49269887,8.907926365,7.194165683,8.240016353,495,9,474,22,504,496
5,1000,20,7.7,28,47,955,24,11,10,45,7.942327551,98,216,20.64761758,8.931351252,7.382023965,8.467883628,466,18,489,27,484,516
7,1000,20,7.7,28,42,956,25,9,10,44,7.780656919,99,190,20.32992711,8.896965099,7.082078091,8.513592083,494,18,462,26,512,488
6,1000,20,7.7,28,40,956,26,9,9,44,7.855451343,97,203,20.43448205,9.216242441,7.453196346,8.223799789,460,18,496,26,478,522
8,1000,20,7.7,28,41,950,29,16,5,50,8.076431645,99,230,20.47468104,9.142327216,7.654074221,8.535822496,501,20,449,30,521,479
3,1000,20,7.7,28,41,944,28,16,12,56,8.212706876,94,214,20.77729836,9.405218115,7.420823923,9.017362135,481,23,463,33,504,496
2,1000,20,7.7,28,48,962,21,6,11,38,8.308943759,106,217,20.34133069,9.312666695,7.650861008,9.094024935,531,13,431,25,544,456
4,1000,20,7.7,28,46,961,19,6,14,39,8.243618827,84,202,20.44471946,9.412627451,7.167502671,9.377186769,503,10,458,29,513,487
5,1000,20,7.7,28,48,956,23,11,10,44,7.957435671,109,188,20.65925689,8.963369854,7.378608314,8.500366758,467,17,489,27,484,516
1,1000,20,7.7,28,37,968,22,3,7,32,7.748499912,91,251,20.50541952,8.902119199,7.229839104,8.275526216,494,10,474,22,504,496
7,1000,20,7.7,28,43,956,27,8,9,44,7.779830487,81,191,20.32567722,8.918034232,7.094604087,8.498756547,494,18,462,26,512,488
6,1000,20,7.7,28,41,957,26,8,9,43,7.835701996,107,214,20.45156619,9.213856718,7.430136284,8.207082092,461,17,496,26,478,522
8,1000,20,7.7,28,42,950,29,16,5,50,8.100109642,97,204,20.4996598,9.148636664,7.688656432,8.54764017,502,19,448,31,521,479
3,1000,20,7.7,28,42,944,28,16,12,56,8.262482505,106,235,20.79148102,9.422332399,7.462662211,9.075203126,481,23,463,33,504,496
2,1000,20,7.7,28,49,959,24,6,11,41,8.335069914,108,227,20.35377102,9.316511542,7.655487971,9.145799249,530,14,429,27,544,456
4,1000,20,7.7,28,47,962,19,5,14,38,8.209672859,96,210,20.48394373,9.402838359,7.168374619,9.306564024,503,10,459,28,513,487
5,1000,20,7.7,28,49,956,23,11,10,44,7.971540413,93,210,20.65635916,8.959960077,7.411988943,8.496391017,467,17,489,27,484,516
7,1000,20,7.7,28,44,957,26,8,9,43,7.765911158,95,186,20.32464126,8.906874817,7.067559785,8.49860768,495,17,462,26,512,488
1,1000,20,7.7,28,38,969,21,3,7,31,7.788133605,86,226,20.51858622,8.907474903,7.253372608,8.331519778,494,10,475,21,504,496
6,1000,20,7.7,28,42,957,26,8,9,43,7.864575006,75,214,20.47082329,9.213313871,7.464786692,8.230664687,461,17,496,26,478,522
2,1000,20,7.7,28,50,959,24,6,11,41,8.338763722,100,211,20.35652858,9.33866983,7.683690266,9.120254862,530,14,429,27,544,456
8,1000,20,7.7,28,43,952,27,16,5,48,8.11963933,81,206,20.49990447,9.137315548,7.714134876,8.560699497,503,18,449,30,521,479
3,1000,20,7.7,28,43,945,27,16,12,55,8.274866415,92,201,20.7973461,9.449990306,7.488438733,9.073978414,481,23,464,32,504,496
4,1000,20,7.7,28,48,961,20,5,14,39,8.213600243,90,199,20.47874734,9.42304823,7.142213936,9.34218582,503,10,458,29,513,487
5,1000,20,7.7,28,50,956,23,11,10,44,7.992844229,99,223,20.66705136,8.951337675,7.46079885,8.491894546,466,18,490,26,484,516
7,1000,20,7.7,28,45,957,26,8,9,43,7.762057784,97,217,20.34607178,8.918109338,7.055905013,8.502939379,495,17,462,26,512,488
1,1000,20,7.7,28,39,970,21,2,7,30,7.779797665,97,190,20.54033274,8.924198802,7.28129781,8.286337841,494,10,476,20,504,496
6,1000,20,7.7,28,43,957,26,8,9,43,7.912022733,84,201,20.46615735,9.233161651,7.507056293,8.28285407,461,17,496,26,478,522
2,1000,20,7.7,28,51,960,23,6,11,40,8.356101675,101,189,20.37523312,9.357774152,7.722622973,9.111830652,530,14,430,26,544,456
3,1000,20,7.7,28,44,945,28,15,12,55,8.267037315,105,216,20.78829621,9.463432448,7.460692155,9.086388041,482,22,463,33,504,496
8,1000,20,7.7,28,44,952,29,15,4,48,8.142636342,97,224,20.50522948,9.141895866,7.76465713,8.553757781,503,18,449,30,521,479
5,1000,20,7.7,28,51,957,21,12,10,43,7.98174111,92,239,20.69055927,8.955385893,7.485196407,8.447492342,467,17,490,26,484,516
4,1000,20,7.7,28,49,962,20,4,14,38,8.182792121,115,213,20.48226079,9.404256037,7.093968984,9.329745445,504,9,458,29,513,487
7,1000,20,7.7,28,46,956,26,9,9,44,7.822292355,89,216,20.35347828,8.931394809,7.127539752,8.55121312,495,17,461,27,512,488
6,1000,20,7.7,28,44,960,25,7,8,40,7.90881083,92,197,20.446929,9.24663116,7.513622717,8.270688067,463,15,497,25,478,522
1,1000,20,7.7,28,40,968,23,2,7,32,7.816330401,89,197,20.57844745,8.924117802,7.27729201,8.36406296,494,10,474,22,504,496
3,1000,20,7.7,28,45,945,28,16,11,55,8.262479788,93,209,20.79917004,9.464876886,7.497857338,9.039434858,482,22,463,33,504,496
2,1000,20,7.7,28,52,960,23,6,11,40,8.383418869,101,206,20.38808859,9.368913432,7.777237754,9.106582305,530,14,430,26,544,456
8,1000,20,7.7,28,45,952,27,17,4,48,8.166500661,86,214,20.49961718,9.146663844,7.792598406,8.573187665,503,18,449,30,521,479
5,1000,20,7.7,28,52,957,22,11,10,43,7.981227096,91,211,20.71094698,8.950992712,7.511011441,8.42228209,467,17,490,26,484,516
4,1000,20,7.7,28,50,962,20,4,14,38,8.203370443,109,209,20.48981174,9.409309014,7.113458695,9.351470497,504,9,458,29,513,487
7,1000,20,7.7,28,47,958,25,8,9,42,7.83328643,86,204,20.35200293,8.950632015,7.156061314,8.543817699,495,17,463,25,512,488
6,1000,20,7.7,28,45,960,24,8,8,40,7.914347611,101,219,20.46403884,9.250703039,7.561368424,8.237573764,463,15,497,25,478,522
2,1000,20,7.7,28,53,959,24,6,11,41,8.398616558,81,206,20.41296273,9.384649881,7.797346271,9.115921462,530,14,429,27,544,456
3,1000,20,7.7,28,46,945,29,15,11,55,8.25840153,111,219,20.83528529,9.46343773,7.493080101,9.036066853,481,23,464,32,504,496
1,1000,20,7.7,28,41,968,23,2,7,32,7.829265147,82,202,20.58528876,8.914835291,7.286607707,8.380675127,494,10,474,22,504,496
5,1000,20,7.7,28,53,957,22,11,10,43,8.020384884,94,226,20.70595141,8.951874836,7.583676762,8.430010332,467,17,490,26,484,516
8,1000,20,7.7,28,46,951,28,17,4,49,8.178671116,82,222,20.50745695,9.162573415,7.803828763,8.586380649,503,18,448,31,521,479
4,1000,20,7.7,28,51,961,21,4,14,39,8.244793758,95,220,20.49317481,9.404781455,7.137579828,9.411119726,503,10,458,29,513,487
7,1000,20,7.7,28,48,959,23,9,9,41,7.853416351,112,196,20.37631129,8.991048452,7.114148315,8.629041832,495,17,464,24,512,488
6,1000,20,7.7,28,46,958,26,8,8,42,7.920441686,90,224,20.46601903,9.289420152,7.580251333,8.23195699,462,16,496,26,478,522
2,1000,20,7.7,28,54,960,23,6,11,40,8.392301876,105,198,20.41884558,9.393847258,7.828768746,9.064587013,530,14,430,26,544,456
3,1000,20,7.7,28,47,947,28,14,11,53,8.281481546,88,208,20.82172665,9.462551898,7.54328672,9.031582741,482,22,465,31,504,496
5,1000,20,7.7,28,54,960,22,10,8,40,8.029681951,107,187,20.73735489,8.950471623,7.588754894,8.443264694,468,16,492,24,484,516
1,1000,20,7.7,28,42,968,23,2,7,32,7.856109327,108,227,20.6274386,8.923299825,7.354588262,8.365719442,494,10,474,22,504,496
4,1000,20,7.7,28,52,961,21,4,14,39,8.267749797,116,214,20.48037813,9.423568976,7.16836777,9.42582573,503,10,458,29,513,487
8,1000,20,7.7,28,47,951,28,17,4,49,8.183289134,93,200,20.52803686,9.164941428,7.822334817,8.575892889,503,18,448,31,521,479
7,1000,20,7.7,28,49,959,22,10,9,41,7.882851613,102,185,20.40165343,8.991810141,7.130137479,8.672584474,495,17,464,24,512,488
3,1000,20,7.7,28,48,947,27,15,11,53,8.318773709,108,210,20.84050313,9.477408511,7.593529862,9.055715038,482,22,465,31,504,496
6,1000,20,7.7,28,47,958,26,8,8,42,7.959732838,94,222,20.50115794,9.295456893,7.621773038,8.269205604,462,16,496,26,478,522
5,1000,20,7.7,28,55,960,24,8,8,40,8.02424393,87,198,20.74790031,8.951600826,7.587412693,8.433984858,468,16,492,24,484,516
2,1000,20,7.7,28,55,956,28,6,10,44,8.418213606,104,217,20.41417406,9.422610442,7.927492604,9.003635153,526,18,430,26,544,456
8,1000,20,7.7,28,48,952,27,17,4,48,8.203751519,109,199,20.53871141,9.177882083,7.818374645,8.622919267,503,18,449,30,521,479
1,1000,20,7.7,28,43,969,22,2,7,31,7.870171078,83,223,20.62975176,8.936160437,7.360877764,8.3876788,494,10,475,21,504,496
4,1000,20,7.7,28,53,960,22,4,14,40,8.287417357,111,224,20.4941966,9.437829467,7.219400167,9.412453944,503,10,457,30,513,487
7,1000,20,7.7,28,50,956,23,12,9,44,7.923800865,94,204,20.40512442,8.988866594,7.186608543,8.697248548,494,18,462,26,512,488
3,1000,20,7.7,28,49,946,27,16,11,54,8.352914213,101,210,20.85134139,9.483515515,7.649511768,9.067661858,481,23,465,31,504,496
6,1000,20,7.7,28,48,959,26,7,8,41,7.972566395,104,208,20.50067409,9.305864394,7.670678988,8.249007354,462,16,497,25,478,522
8,1000,20,7.7,28,49,951,27,18,4,49,8.204969915,109,202,20.53920404,9.175259145,7.842133866,8.599620399,502,19,449,30,521,479
5,1000,20,7.7,28,56,959,25,8,8,41,8.039889167,90,191,20.72746632,8.968442204,7.573620808,8.477241658,468,16,491,25,484,516
2,1000,20,7.7,28,56,954,30,7,9,46,8.44231434,93,221,20.40402857,9.429495417,7.954806935,9.023902121,525,19,429,27,544,456
4,1000,20,7.7,28,54,959,22,5,14,41,8.330329548,71,197,20.4992017,9.459386935,7.257891163,9.460023371,502,11,457,30,513,487
7,1000,20,7.7,28,51,954,25,11,10,46,7.984286141,104,207,20.44153433,9.007202926,7.236469054,8.768881118,494,18,460,28,512,488
1,1000,20,7.7,28,44,969,22,2,7,31,7.866980367,86,216,20.66608692,8.93888364,7.379681419,8.362138975,494,10,475,21,504,496
3,1000,20,7.7,28,50,946,27,17,10,54,8.327983219,111,222,20.84263316,9.472044662,7.636517162,9.030601954,481,23,465,31,504,496
6,1000,20,7.7,28,49,960,23,9,8,40,7.981023453,94,216,20.53963038,9.31161377,7.661042983,8.274032389,462,16,498,24,478,522
8,1000,20,7.7,28,50,950,28,18,4,50,8.20390459,96,221,20.54245422,9.203721008,7.824018529,8.617100076,502,19,448,31,521,479
5,1000,20,7.7,28,57,960,24,8,8,40,8.044834357,105,212,20.74013939,8.958230065,7.59644453,8.465417063,468,16,492,24,484,516
2,1000,20,7.7,28,57,952,31,8,9,48,8.511158156,98,190,20.45736147,9.411267235,8.027855827,9.087729355,524,20,428,28,544,456
7,1000,20,7.7,28,52,954,25,11,10,46,8.021396507,87,224,20.45889236,9.030886485,7.315540558,8.761966683,494,18,460,28,512,488
4,1000,20,7.7,28,55,958,24,4,14,42,8.355109018,97,220,20.50301107,9.446728889,7.297869489,9.468792546,502,11,456,31,513,487
1,1000,20,7.7,28,45,969,22,2,7,31,7.870201766,98,208,20.6624153,8.93885504,7.390014278,8.358134215,494,10,475,21,504,496
3,1000,20,7.7,28,51,946,28,16,10,54,8.335974712,102,214,20.86713955,9.461156019,7.650936741,9.032061684,481,23,465,31,504,496
6,1000,20,7.7,28,50,961,22,9,8,39,8.001808537,104,204,20.57414615,9.290017866,7.707764878,8.271066906,462,16,499,23,478,522
2,1000,20,7.7,28,58,952,31,8,9,48,8.538873717,96,212,20.45035674,9.430352267,8.012892855,9.166359657,525,19,427,29,544,456
5,1000,20,7.7,28,58,960,23,8,9,40,8.057410875,98,214,20.74943523,8.974512758,7.589143659,8.496638263,468,16,492,24,484,516
8,1000,20,7.7,28,51,950,28,18,4,50,8.220094951,105,203,20.5534556,9.229054557,7.839482599,8.634080412,502,19,448,31,521,479
7,1000,20,7.7,28,53,955,25,10,10,45,8.054516342,88,217,20.46042646,9.053205894,7.38588641,8.756029714,494,18,461,27,512,488
3,1000,20,7.7,28,52,945,29,17,9,55,8.376502511,101,227,20.89837868,9.480339885,7.722800743,9.040747856,481,23,464,32,504,496
4,1000,20,7.7,28,56,958,24,4,14,42,8.37811692,97,195,20.54012205,9.46065974,7.327324282,9.485009371,502,11,456,31,513,487
1,1000,20,7.7,28,46,969,22,2,7,31,7.906321275,91,214,20.66437343,8.950058766,7.447804953,8.372233022,494,10,475,21,504,496
6,1000,20,7.7,28,51,962,21,9,8,38,8.029941831,78,224,20.58423531,9.306165429,7.750299362,8.286012905,462,16,500,22,478,522
5,1000,20,7.7,28,59,960,23,7,10,40,8.115410377,79,213,20.73936636,8.982824274,7.6301217,8.570603632,468,16,492,24,484,516
2,1000,20,7.7,28,59,952,31,8,9,48,8.533745916,137,218,20.44622631,9.44893743,7.975141919,9.200150684,526,18,426,30,544,456
8,1000,20,7.7,28,52,949,29,18,4,51,8.255358083,100,195,20.55632457,9.230844269,7.872908746,8.6713416,501,20,448,31,521,479
7,1000,20,7.7,28,54,955,25,10,10,45,8.083156542,96,208,20.482328,9.049488339,7.445849239,8.751806828,494,18,461,27,512,488
4,1000,20,7.7,28,57,958,24,5,13,42,8.349858383,96,213,20.54182904,9.470875627,7.281715646,9.475027221,501,12,457,30,513,487
3,1000,20,7.7,28,53,946,27,18,9,54,8.393903922,88,206,20.90478567,9.491722937,7.737791952,9.060598342,481,23,465,31,504,496
1,1000,20,7.7,28,47,968,23,2,7,32,7.955926421,93,220,20.68217569,8.937232669,7.486861282,8.432557126,494,10,474,22,504,496
5,1000,20,7.7,28,60,961,23,6,10,39,8.141818795,95,227,20.77150407,8.98982013,7.669235324,8.585094765,469,15,492,24,484,516
2,1000,20,7.7,28,60,950,33,8,9,50,8.557563979,91,222,20.46414824,9.463669458,8.022756829,9.195579527,525,19,425,31,544,456
6,1000,20,7.7,28,52,962,21,9,8,38,8.084656851,79,224,20.60462458,9.305983783,7.842279766,8.306603683,462,16,500,22,478,522
8,1000,20,7.7,28,53,947,31,18,4,53,8.286973439,95,196,20.57032064,9.241587644,7.949008838,8.654571679,499,22,448,31,521,479
7,1000,20,7.7,28,55,954,27,10,9,46,8.108874356,91,181,20.48052299,9.084490502,7.502818175,8.74473658,493,19,461,27,512,488
4,1000,20,7.7,28,58,958,25,4,13,42,8.367512239,112,215,20.56200575,9.498895375,7.320223724,9.470713487,501,12,457,30,513,487
3,1000,20,7.7,28,54,946,27,17,10,54,8.419983089,101,214,20.91881267,9.514957385,7.789156028,9.060984781,481,23,465,31,504,496
2,1000,20,7.7,28,61,950,33,8,9,50,8.583106523,106,205,20.49327948,9.481073977,8.044027003,9.226218933,525,19,425,31,544,456
5,1000,20,7.7,28,61,961,22,7,10,39,8.184058267,101,227,20.81114424,9.000744626,7.748312997,8.592780575,469,15,492,24,484,516
1,1000,20,7.7,28,48,968,21,3,8,32,8.004071385,99,234,20.70241025,8.946944216,7.558912552,8.456410199,494,10,474,22,504,496
6,1000,20,7.7,28,53,963,20,10,7,37,8.094564806,86,220,20.61933242,9.301405462,7.865050721,8.304732877,462,16,501,21,478,522
8,1000,20,7.7,28,54,947,31,18,4,53,8.293326862,99,211,20.5816365,9.2875085,7.928097428,8.690580589,499,22,448,31,521,479
7,1000,20,7.7,28,56,955,26,10,9,45,8.163651253,85,210,20.46592155,9.075913471,7.591867314,8.763555712,493,19,462,26,512,488
4,1000,20,7.7,28,59,957,26,4,13,43,8.379312965,104,215,20.57544183,9.513700428,7.353695938,9.459685727,500,13,457,30,513,487
2,1000,20,7.7,28,62,950,33,8,9,50,8.634133717,85,203,20.50205463,9.502378104,8.08751821,9.286236427,524,20,426,30,544,456
5,1000,20,7.7,28,62,962,21,7,10,38,8.191315853,106,190,20.81836262,9.004720769,7.728554127,8.625379176,470,14,492,24,484,516
3,1000,20,7.7,28,55,947,27,16,10,53,8.404462339,105,204,20.94943428,9.508163837,7.794763218,9.023995318,481,23,466,30,504,496
7,1000,20,7.7,28,57,955,25,11,9,45,8.171535509,104,215,20.46654227,9.078664287,7.602188653,8.768883029,493,19,462,26,512,488
4,1000,20,7.7,28,60,957,26,4,13,43,8.379424189,87,204,20.58956416,9.532451944,7.364321836,9.448720917,500,13,457,30,513,487
1,1000,20,7.7,28,49,967,22,3,8,33,8.058017049,85,197,20.72022522,8.941455316,7.612399666,8.51082181,494,10,473,23,504,496
2,1000,20,7.7,28,63,948,33,10,9,52,8.657757692,101,187,20.5062778,9.5139107,8.126014492,9.292118001,523,21,425,31,544,456
5,1000,20,7.7,28,63,961,22,7,10,39,8.252438935,101,221,20.82446607,9.001387906,7.797427865,8.679232265,470,14,491,25,484,516
8,1000,20,7.7,28,55,947,31,18,4,53,8.325180376,109,203,20.58057603,9.287425916,7.970759731,8.710677571,499,22,448,31,521,479
6,1000,20,7.7,28,54,964,18,11,7,36,8.109549163,98,226,20.62081658,9.30729262,7.898898554,8.302443782,462,16,502,20,478,522
3,1000,20,7.7,28,56,947,27,16,10,53,8.411478713,109,224,20.96316194,9.514656867,7.763336922,9.070074405,482,22,465,31,504,496
4,1000,20,7.7,28,61,957,24,6,13,43,8.409064308,92,197,20.61325947,9.544037361,7.404173192,9.467604643,500,13,457,30,513,487
2,1000,20,7.7,28,64,950,32,9,9,50,8.635734026,107,204,20.52509388,9.543636193,8.087132374,9.290206171,525,19,425,31,544,456
5,1000,20,7.7,28,64,961,22,6,11,39,8.255437231,112,232,20.82153081,8.988088355,7.808180577,8.674957037,469,15,492,24,484,516
7,1000,20,7.7,28,58,956,24,11,9,44,8.161507392,111,216,20.45856236,9.053990645,7.622520327,8.727002018,493,19,463,25,512,488
6,1000,20,7.7,28,55,964,18,11,7,36,8.125698718,96,220,20.66069996,9.30326814,7.930694188,8.304266084,462,16,502,20,478,522
8,1000,20,7.7,28,56,945,32,19,4,55,8.368023506,98,204,20.58989647,9.305035445,8.044428719,8.71999195,497,24,448,31,521,479
1,1000,20,7.7,28,50,967,22,3,8,33,8.091892881,101,208,20.72726533,8.945514477,7.649849069,8.541066432,494,10,473,23,504,496
3,1000,20,7.7,28,57,947,27,16,10,53,8.438409554,92,221,20.99217523,9.523602003,7.764016538,9.123679877,483,21,464,32,504,496
4,1000,20,7.7,28,62,957,24,6,13,43,8.356673677,110,198,20.6129625,9.565520989,7.358002368,9.40866214,500,13,457,30,513,487
2,1000,20,7.7,28,65,950,33,9,8,50,8.642429918,92,205,20.5590882,9.543645127,8.112702558,9.274385364,525,19,425,31,544,456
5,1000,20,7.7,28,65,962,22,6,10,38,8.232668282,103,206,20.83043623,8.998423583,7.785511802,8.652094128,470,14,492,24,484,516
7,1000,20,7.7,28,59,956,24,11,9,44,8.16117677,92,196,20.46682011,9.070200704,7.610488133,8.738948455,493,19,463,25,512,488
6,1000,20,7.7,28,56,966,18,9,7,34,8.141240059,97,215,20.68463084,9.302699595,7.957944584,8.309085341,464,14,502,20,478,522
4,1000,20,7.7,28,63,957,24,6,13,43,8.337262643,94,199,20.63335539,9.562425869,7.379597143,9.346056075,500,13,457,30,513,487
2,1000,20,7.7,28,66,950,33,9,8,50,8.659150217,100,216,20.57840995,9.561912261,8.132776003,9.28710542,525,19,425,31,544,456
3,1000,20,7.7,28,58,947,27,16,10,53,8.443922818,102,196,21.01626203,9.536347007,7.78141393,9.117117333,483,21,464,32,504,496
8,1000,20,7.7,28,57,944,33,19,4,56,8.361696798,90,212,20.59209194,9.308595633,8.050291131,8.700407346,496,25,448,31,521,479
5,1000,20,7.7,28,66,962,22,5,11,38,8.25319358,106,218,20.8404619,9.003893036,7.783197488,8.694042627,470,14,492,24,484,516
1,1000,20,7.7,28,51,968,22,3,7,32,8.078129312,92,216,20.74838628,8.939048001,7.680935057,8.481729925,494,10,474,22,504,496
7,1000,20,7.7,28,60,957,23,11,9,43,8.185673302,100,213,20.48674619,9.082158831,7.653229728,8.744302624,493,19,464,24,512,488
6,1000,20,7.7,28,57,965,18,10,7,35,8.202236409,105,213,20.70758403,9.320421786,8.026639737,8.36303183,463,15,502,20,478,522
4,1000,20,7.7,28,64,957,24,6,13,43,8.34735417,104,181,20.6566681,9.555838421,7.415257636,9.329213558,500,13,457,30,513,487
2,1000,20,7.7,28,67,949,35,9,7,51,8.669571502,101,200,20.58572998,9.590296221,8.15059715,9.288698798,524,20,425,31,544,456
3,1000,20,7.7,28,59,948,26,16,10,52,8.454459301,106,213,21.0589826,9.529355622,7.796596943,9.122932342,483,21,465,31,504,496
8,1000,20,7.7,28,58,945,32,19,4,55,8.353940179,89,217,20.62130609,9.317176256,8.046492242,8.688345972,496,25,449,30,521,479
5,1000,20,7.7,28,67,960,24,5,11,40,8.270280822,96,232,20.84129421,9.028243853,7.796431761,8.714743895,469,15,491,25,484,516
1,1000,20,7.7,28,52,966,24,3,7,34,8.116142476,79,207,20.76073871,8.971742567,7.69867269,8.540345645,494,10,472,24,504,496
7,1000,20,7.7,28,61,956,24,11,9,44,8.191313591,89,236,20.49111421,9.069223253,7.614933432,8.796040315,494,18,462,26,512,488
2,1000,20,7.7,28,68,950,34,9,7,50,8.695533148,97,198,20.59816921,9.570349669,8.171795098,9.320343453,525,19,425,31,544,456
4,1000,20,7.7,28,65,957,24,6,13,43,8.388409463,88,191,20.66003565,9.564273797,7.461283041,9.365033393,500,13,457,30,513,487
6,1000,20,7.7,28,58,966,17,10,7,34,8.242185618,111,222,20.72554553,9.338446752,8.098640752,8.373630917,463,15,503,19,478,522
5,1000,20,7.7,28,68,959,25,4,12,41,8.30888585,98,204,20.85262753,9.036022299,7.849933276,8.73937625,468,16,491,25,484,516
3,1000,20,7.7,28,60,950,24,15,11,50,8.460701906,100,224,21.08456228,9.537136511,7.805939532,9.126024963,483,21,467,29,504,496
8,1000,20,7.7,28,59,946,32,18,4,54,8.331078362,109,193,20.63883447,9.326776971,8.019126705,8.670382774,495,26,451,28,521,479
7,1000,20,7.7,28,62,956,24,11,9,44,8.215449289,92,226,20.50391558,9.090579976,7.65374823,8.804774991,494,18,462,26,512,488
1,1000,20,7.7,28,53,963,27,3,7,37,8.1602087,90,195,20.76782884,8.978833575,7.751568907,8.575439457,492,12,471,25,504,496
2,1000,20,7.7,28,69,951,32,10,7,49,8.723247714,100,206,20.6154303,9.582637426,8.181733011,9.369265255,526,18,425,31,544,456
4,1000,20,7.7,28,66,958,23,6,13,42,8.359600097,111,230,20.66628509,9.568917058,7.454975621,9.312520746,500,13,458,29,513,487
6,1000,20,7.7,28,59,966,17,10,7,34,8.267703506,95,228,20.74489773,9.330599515,8.173807566,8.353684846,463,15,503,19,478,522
5,1000,20,7.7,28,69,959,25,4,12,41,8.328329592,96,190,20.86739495,9.029832313,7.881267523,8.747666882,468,16,491,25,484,516
3,1000,20,7.7,28,61,952,22,15,11,48,8.462833572,97,240,21.10715706,9.52976528,7.841443765,9.094245796,483,21,469,27,504,496
8,1000,20,7.7,28,60,947,30,19,4,53,8.32714969,95,215,20.65837007,9.331353171,8.013716587,8.668065446,496,25,451,28,521,479
7,1000,20,7.7,28,63,957,23,11,9,43,8.194117413,92,217,20.51398857,9.092462954,7.636815013,8.778828128,494,18,463,25,512,488
2,1000,20,7.7,28,70,951,32,10,7,49,8.759115597,97,211,20.62615927,9.578520455,8.243172643,9.374626489,526,18,425,31,544,456
1,1000,20,7.7,28,54,963,27,3,7,37,8.196822214,90,210,20.77873143,9.002157081,7.791554307,8.6086267,492,12,471,25,504,496
4,1000,20,7.7,28,67,957,24,6,13,43,8.415434494,99,206,20.6660899,9.559513024,7.507014325,9.372353482,500,13,457,30,513,487
5,1000,20,7.7,28,70,957,25,6,12,43,8.358541429,98,243,20.8709511,9.030574637,7.88345881,8.804161559,467,17,490,26,484,516
3,1000,20,7.7,28,62,952,21,16,11,48,8.477457526,80,227,21.10209362,9.530389366,7.837259785,9.127981038,482,22,470,26,504,496
6,1000,20,7.7,28,60,965,17,11,7,35,8.279096152,101,215,20.76764523,9.31709688,8.215297233,8.337517385,462,16,503,19,478,522
8,1000,20,7.7,28,61,947,30,19,4,53,8.344619633,98,213,20.67068719,9.32460788,8.028365864,8.688603376,496,25,451,28,521,479
7,1000,20,7.7,28,64,958,23,11,8,42,8.210805824,119,206,20.54636854,9.103035161,7.65614146,8.792748764,494,18,464,24,512,488
2,1000,20,7.7,28,71,950,33,10,7,50,8.801500596,95,210,20.65371433,9.585660487,8.305770436,9.392897978,526,18,424,32,544,456
4,1000,20,7.7,28,68,956,25,6,13,44,8.406858158,114,231,20.67484344,9.559421014,7.473561792,9.389981434,500,13,456,31,513,487
5,1000,20,7.7,28,71,955,27,6,12,45,8.41839598,79,207,20.91526035,9.020354839,7.953435044,8.854522129,466,18,489,27,484,516
1,1000,20,7.7,28,55,963,27,3,7,37,8.210397902,97,214,20.79689073,8.998008182,7.796201983,8.6312744,492,12,471,25,504,496
6,1000,20,7.7,28,61,965,18,10,7,35,8.284579707,95,217,20.78818918,9.316132153,8.221156909,8.342656521,461,17,504,18,478,522
3,1000,20,7.7,28,63,952,23,15,10,48,8.471045714,110,195,21.11628203,9.529925173,7.861528106,9.090394251,482,22,470,26,504,496
7,1000,20,7.7,28,65,958,23,11,8,42,8.240669729,82,222,20.57702484,9.111224983,7.666382625,8.84320046,494,18,464,24,512,488
2,1000,20,7.7,28,72,949,34,10,7,51,8.802516599,111,210,20.67421117,9.586510241,8.32100868,9.376947099,525,19,424,32,544,456
8,1000,20,7.7,28,62,945,32,19,4,55,8.358113269,112,211,20.6897279,9.323234405,8.065745832,8.676116263,496,25,449,30,521,479
4,1000,20,7.7,28,69,956,25,6,13,44,8.431553291,101,207,20.68612041,9.558538731,7.487433644,9.426077683,500,13,456,31,513,487
5,1000,20,7.7,28,72,954,26,8,12,46,8.444303961,91,211,20.93867419,9.029603398,7.990271262,8.870179594,465,19,489,27,484,516
1,1000,20,7.7,28,56,962,27,4,7,38,8.21659382,92,202,20.80569641,9.010392448,7.801683633,8.638196107,492,12,470,26,504,496
3,1000,20,7.7,28,64,950,25,15,10,50,8.507875863,84,214,21.14895553,9.541617709,7.893954854,9.131698824,482,22,468,28,504,496
6,1000,20,7.7,28,62,966,18,9,7,34,8.290151291,113,208,20.80907566,9.322118674,8.224378765,8.350379773,462,16,504,18,478,522
7,1000,20,7.7,28,66,958,23,11,8,42,8.251539086,99,219,20.60318424,9.112722221,7.681218705,8.849908009,493,19,465,23,512,488
2,1000,20,7.7,28,73,949,34,10,7,51,8.8359248,99,216,20.67947108,9.60582632,8.371442499,9.390044035,525,19,424,32,544,456
8,1000,20,7.7,28,63,946,32,18,4,54,8.358158853,104,200,20.686516,9.331448487,8.076138211,8.66490782,497,24,449,30,521,479
4,1000,20,7.7,28,70,957,24,6,13,43,8.430125039,94,214,20.6887844,9.561747772,7.513282976,9.395915549,499,14,458,29,513,487
5,1000,20,7.7,28,73,955,25,8,12,45,8.486277805,95,203,20.96232455,9.044168436,8.03109018,8.91323674,466,18,489,27,484,516
3,1000,20,7.7,28,65,949,25,16,10,51,8.525611727,102,232,21.18190631,9.574792144,7.900346133,9.16096225,481,23,468,28,504,496
1,1000,20,7.7,28,57,961,28,5,6,39,8.219454944,105,195,20.81867202,9.01990257,7.821416299,8.623913566,492,12,469,27,504,496
4,1000,20,7.7,28,71,958,24,6,12,42,8.440207363,95,230,20.70273159,9.55438283,7.551295497,9.376576535,499,14,459,28,513,487
8,1000,20,7.7,28,64,948,30,18,4,52,8.357488069,103,197,20.70936777,9.34351167,8.100903029,8.636571171,498,23,450,29,521,479
6,1000,20,7.7,28,63,966,18,9,7,34,8.341001642,91,205,20.8192021,9.340380885,8.239221879,8.434202267,463,15,503,19,478,522
5,1000,20,7.7,28,74,951,29,8,12,49,8.498053684,91,213,20.96932368,9.061157507,8.064586495,8.904639186,463,21,488,28,484,516
7,1000,20,7.7,28,67,958,24,9,9,42,8.247077757,97,222,20.64760073,9.13218469,7.713478982,8.806919095,492,20,466,22,512,488
2,1000,20,7.7,28,74,950,33,10,7,50,8.856669452,120,218,20.69433414,9.60635935,8.409149968,9.390552345,525,19,425,31,544,456
3,1000,20,7.7,28,66,950,25,16,9,50,8.550766583,103,191,21.20525355,9.586928202,7.934556606,9.176915431,482,22,468,28,504,496
4,1000,20,7.7,28,72,956,25,8,11,44,8.453218783,110,193,20.70038186,9.557097095,7.612809384,9.338496034,499,14,457,30,513,487
5,1000,20,7.7,28,75,951,29,8,12,49,8.53979501,90,201,20.9871703,9.07948272,8.082341002,8.968879778,463,21,488,28,484,516
2,1000,20,7.7,28,75,950,34,9,7,50,8.864233532,99,218,20.67967454,9.621208523,8.438533263,9.372086485,525,19,425,31,544,456
8,1000,20,7.7,28,65,948,30,18,4,52,8.356494204,88,223,20.70955017,9.353041583,8.092892163,8.643209576,498,23,450,29,521,479
7,1000,20,7.7,28,68,956,26,9,9,44,8.298255088,83,209,20.64754033,9.131564031,7.795014659,8.826245046,490,22,466,22,512,488
6,1000,20,7.7,28,64,965,19,9,7,35,8.379957582,90,204,20.84323928,9.344429317,8.266896263,8.483488828,463,15,502,20,478,522
1,1000,20,7.7,28,58,961,28,5,6,39,8.227012308,94,211,20.84952562,9.029473189,7.812152791,8.648563106,492,12,469,27,504,496
4,1000,20,7.7,28,73,956,24,9,11,44,8.48561261,118,210,20.70036177,9.571417578,7.682005092,9.332123198,499,14,457,30,513,487
5,1000,20,7.7,28,76,953,28,8,11,47,8.564382073,94,235,20.99887395,9.103546498,8.11396748,8.986863979,463,21,490,26,484,516
3,1000,20,7.7,28,67,948,27,16,9,52,8.565449956,109,227,21.25067682,9.575104732,7.952865953,9.187914346,481,23,467,29,504,496
2,1000,20,7.7,28,76,950,34,9,7,50,8.864761435,96,207,20.68175717,9.634232376,8.438594595,9.373170999,525,19,425,31,544,456
8,1000,20,7.7,28,66,947,31,17,5,53,8.405497957,102,198,20.73705778,9.37641447,8.161140878,8.671280917,497,24,450,29,521,479
7,1000,20,7.7,28,69,956,26,9,9,44,8.304711446,85,223,20.65732726,9.145641037,7.809548208,8.824226975,490,22,466,22,512,488
6,1000,20,7.7,28,65,964,20,10,6,36,8.377501906,103,221,20.85709992,9.362841062,8.25457949,8.490063045,463,15,501,21,478,522
1,1000,20,7.7,28,59,962,28,5,5,38,8.210847187,102,210,20.8391714,9.056344474,7.835108876,8.592645793,491,13,471,25,504,496
4,1000,20,7.7,28,74,956,24,9,11,44,8.529189064,93,200,20.73665975,9.578060872,7.728678164,9.372437713,499,14,457,30,513,487
5,1000,20,7.7,28,77,953,28,8,11,47,8.61458109,90,216,21.0220181,9.106552114,8.204736757,8.99900872,463,21,490,26,484,516
3,1000,20,7.7,28,68,946,29,16,9,54,8.570573081,103,232,21.26542578,9.579227142,7.949163652,9.202005243,480,24,466,30,504,496
2,1000,20,7.7,28,77,950,34,10,6,50,8.86646932,114,197,20.69219488,9.612404085,8.445793481,9.368328214,525,19,425,31,544,456
8,1000,20,7.7,28,67,947,30,18,5,53,8.391553757,110,212,20.74287305,9.376833032,8.139269047,8.665959464,497,24,450,29,521,479
7,1000,20,7.7,28,70,957,25,9,9,43,8.31361808,88,208,20.66601478,9.134112045,7.811001818,8.840953175,491,21,466,22,512,488
6,1000,20,7.7,28,66,964,20,10,6,36,8.395872384,99,226,20.90708359,9.350447525,8.280429298,8.501584635,463,15,501,21,478,522
4,1000,20,7.7,28,75,956,25,9,10,44,8.562988736,97,190,20.7400796,9.575424618,7.770772202,9.397500198,499,14,457,30,513,487
1,1000,20,7.7,28,60,960,30,5,5,40,8.242239105,95,220,20.850573,9.07194457,7.866815568,8.62371786,490,14,470,26,504,496
5,1000,20,7.7,28,78,952,29,8,11,48,8.626186065,89,219,21.054672,9.121809898,8.228555342,8.999157519,462,22,490,26,484,516
2,1000,20,7.7,28,78,947,36,11,6,53,8.914086531,84,225,20.72630744,9.600940134,8.491043031,9.418770006,522,22,425,31,544,456
3,1000,20,7.7,28,69,946,29,16,9,54,8.569495384,92,220,21.28350542,9.572282211,7.974779442,9.173803519,480,24,466,30,504,496
8,1000,20,7.7,28,68,948,29,18,5,52,8.401131486,109,208,20.74522227,9.386711621,8.187011043,8.634026582,497,24,451,28,521,479
6,1000,20,7.7,28,67,965,19,10,6,35,8.415113101,96,203,20.90565411,9.365699003,8.304220889,8.516658076,463,15,502,20,478,522
7,1000,20,7.7,28,71,957,25,9,9,43,8.38375938,97,224,20.67283126,9.137558464,7.877211575,8.915219373,491,21,466,22,512,488
5,1000,20,7.7,28,79,954,28,8,10,46,8.613868091,105,225,21.07854221,9.138909896,8.225131649,8.978496847,463,21,491,25,484,516
4,1000,20,7.7,28,76,956,25,9,10,44,8.587847379,121,203,20.73441352,9.572821007,7.787511037,9.43091215,499,14,457,30,513,487
2,1000,20,7.7,28,79,945,38,11,6,55,8.944320854,117,211,20.71719563,9.60262754,8.537674455,9.429442872,520,24,425,31,544,456
1,1000,20,7.7,28,61,960,30,4,6,40,8.26901958,90,221,20.86800058,9.072243391,7.904434108,8.639485463,490,14,470,26,504,496
3,1000,20,7.7,28,70,949,27,15,9,51,8.566004902,102,231,21.30570846,9.566295269,7.986459807,9.154897499,481,23,468,28,504,496
8,1000,20,7.7,28,69,946,30,19,5,54,8.45179044,82,229,20.76926131,9.394212824,8.247040906,8.67449296,497,24,449,30,521,479
5,1000,20,7.7,28,80,954,28,8,10,46,8.656331022,111,201,21.08178983,9.165990248,8.262697388,9.025553268,464,20,490,26,484,516
7,1000,20,7.7,28,72,961,22,8,9,39,8.413527817,106,227,20.68081625,9.154565638,7.893295851,8.959344962,494,18,467,21,512,488
4,1000,20,7.7,28,77,955,25,9,11,45,8.573278253,97,224,20.75680895,9.589499227,7.799374128,9.388499641,498,15,457,30,513,487
6,1000,20,7.7,28,68,962,22,9,7,38,8.468672698,100,206,20.90426107,9.379827097,8.33325326,8.592677471,462,16,500,22,478,522
2,1000,20,7.7,28,80,945,37,12,6,55,8.961479387,101,200,20.70206124,9.612061687,8.584513638,9.411192912,520,24,425,31,544,456
1,1000,20,7.7,28,62,958,32,4,6,42,8.294234768,122,205,20.86194946,9.086369728,7.909753808,8.684917034,489,15,469,27,504,496
3,1000,20,7.7,28,71,951,25,15,9,49,8.556837707,106,211,21.31190156,9.569587725,7.956472134,9.166886595,482,22,469,27,504,496
8,1000,20,7.7,28,70,946,30,19,5,54,8.450501908,103,205,20.7999241,9.406795332,8.239828734,8.679647468,498,23,448,31,521,479
7,1000,20,7.7,28,73,964,21,7,8,36,8.396942468,105,205,20.68865415,9.156687229,7.884677379,8.934400923,496,16,468,20,512,488
5,1000,20,7.7,28,81,956,26,8,10,44,8.642560758,94,192,21.0834623,9.165056772,8.270623367,8.991432264,464,20,492,24,484,516
2,1000,20,7.7,28,81,945,37,12,6,55,9.003513258,89,215,20.70807853,9.623849438,8.625226666,9.454802525,521,23,424,32,544,456
4,1000,20,7.7,28,78,955,25,8,12,45,8.600315958,97,218,20.75755538,9.585536213,7.85586455,9.384512205,498,15,457,30,513,487
6,1000,20,7.7,28,69,962,22,9,7,38,8.483404878,88,196,20.94554958,9.38769744,8.368778358,8.588369393,462,16,500,22,478,522
3,1000,20,7.7,28,72,951,25,15,9,49,8.578384778,105,226,21.32819957,9.568509619,7.960890524,9.205838616,483,21,468,28,504,496
8,1000,20,7.7,28,71,946,30,19,5,54,8.434182181,108,229,20.80634583,9.418787045,8.210464382,8.677516154,498,23,448,31,521,479
1,1000,20,7.7,28,63,958,33,4,5,42,8.324708135,101,201,20.86075735,9.095377804,7.96096441,8.694318693,489,15,469,27,504,496
7,1000,20,7.7,28,74,963,22,7,8,37,8.438646373,93,214,20.70004097,9.152207167,7.98272864,8.91698629,495,17,468,20,512,488
5,1000,20,7.7,28,82,956,25,9,10,44,8.654881787,98,206,21.07596145,9.170085036,8.2471214,9.037354708,464,20,492,24,484,516
2,1000,20,7.7,28,82,945,37,12,6,55,8.999962225,108,217,20.72253913,9.647349439,8.644610504,9.423890593,521,23,424,32,544,456
4,1000,20,7.7,28,79,955,26,7,12,45,8.638616321,95,230,20.7707022,9.607006736,7.89368486,9.42331825,498,15,457,30,513,487
6,1000,20,7.7,28,70,961,22,10,7,39,8.524291056,91,216,20.96664828,9.401609838,8.425483473,8.614770029,462,16,499,23,478,522
3,1000,20,7.7,28,73,953,24,14,9,47,8.588481354,97,202,21.35928524,9.581208181,8.010245382,9.176043712,483,21,470,26,504,496
5,1000,20,7.7,28,83,956,25,9,10,44,8.671714738,101,216,21.10464051,9.175954253,8.261353925,9.056626818,464,20,492,24,484,516
2,1000,20,7.7,28,83,944,38,11,7,56,9.03953627,95,202,20.71463843,9.657130038,8.656094274,9.496975845,521,23,423,33,544,456
7,1000,20,7.7,28,75,963,22,8,7,37,8.45507111,95,243,20.71942091,9.146208184,7.961660096,8.972748239,495,17,468,20,512,488
4,1000,20,7.7,28,80,955,26,7,12,45,8.695683855,92,209,20.7972647,9.626065544,7.946161608,9.485221663,498,15,457,30,513,487
8,1000,20,7.7,28,72,946,30,19,5,54,8.451066303,97,193,20.79557284,9.423066303,8.227979445,8.693714014,498,23,448,31,521,479
1,1000,20,7.7,28,64,958,33,4,5,42,8.332251632,95,217,20.88500602,9.121109128,7.981528669,8.688631417,489,15,469,27,504,496
5,1000,20,7.7,28,84,958,23,9,10,42,8.690455223,94,213,21.10424421,9.181804049,8.331554746,9.027098305,464,20,494,22,484,516
2,1000,20,7.7,28,84,941,42,10,7,59,9.072427107,102,209,20.73209783,9.652602631,8.67362865,9.548186669,521,23,420,36,544,456
6,1000,20,7.7,28,71,959,23,11,7,41,8.515131499,82,232,20.99263855,9.419232051,8.428042567,8.594879602,460,18,499,23,478,522
4,1000,20,7.7,28,81,954,27,6,13,46,8.709497929,110,215,20.8084606,9.615797766,7.951418577,9.508049691,498,15,456,31,513,487
7,1000,20,7.7,28,76,962,23,9,6,38,8.477369386,94,210,20.73245712,9.136770663,8.014209773,8.963307341,495,17,467,21,512,488
3,1000,20,7.7,28,74,953,24,14,9,47,8.571831381,89,204,21.36109595,9.586280857,8.001367822,9.151495966,483,21,470,26,504,496
8,1000,20,7.7,28,73,945,31,18,6,55,8.495106726,105,234,20.80591986,9.418553567,8.262426101,8.74818941,498,23,447,32,521,479
1,1000,20,7.7,28,65,960,31,4,5,40,8.340652665,105,198,20.90426183,9.119774263,7.984564793,8.702483891,490,14,470,26,504,496
5,1000,20,7.7,28,85,958,23,9,10,42,8.706742588,104,231,21.11411516,9.209303811,8.369623605,9.022954967,464,20,494,22,484,516
2,1000,20,7.7,28,85,941,42,10,7,59,9.100978396,94,201,20.74832702,9.666898426,8.722662173,9.552303014,521,23,420,36,544,456
4,1000,20,7.7,28,82,954,27,6,13,46,8.725239379,104,212,20.82509934,9.622343361,7.958384493,9.533035182,498,15,456,31,513,487
6,1000,20,7.7,28,72,958,24,12,6,42,8.575421176,99,214,21.03474509,9.40779224,8.458344526,8.682629295,459,19,499,23,478,522
3,1000,20,7.7,28,75,952,25,14,9,48,8.596258716,103,223,21.38567824,9.591733796,8.020635193,9.181166489,482,22,470,26,504,496
7,1000,20,7.7,28,77,962,23,9,6,38,8.492158794,101,200,20.73088082,9.146241659,8.006373056,9.001835634,495,17,467,21,512,488
8,1000,20,7.7,28,74,944,32,18,6,56,8.506819682,106,191,20.86036101,9.430938976,8.301009985,8.730675322,497,24,447,32,521,479
5,1000,20,7.7,28,86,959,22,9,10,41,8.740452895,96,234,21.13344583,9.211386682,8.401484639,9.058399863,464,20,495,21,484,516
1,1000,20,7.7,28,66,961,30,4,5,39,8.342121804,96,209,20.90357434,9.133405346,7.966654984,8.723644542,492,12,469,27,504,496
2,1000,20,7.7,28,86,943,39,10,8,57,9.126432304,119,221,20.75889427,9.650102029,8.778303246,9.541744162,521,23,422,34,544,456
4,1000,20,7.7,28,83,955,25,8,12,45,8.727592807,78,203,20.84715158,9.651468492,8.016536485,9.476611068,497,16,458,29,513,487
6,1000,20,7.7,28,73,958,24,12,6,42,8.608722248,81,223,21.03979658,9.417124281,8.483804648,8.723110395,459,19,499,23,478,522
3,1000,20,7.7,28,76,952,25,14,9,48,8.645690692,97,216,21.40628376,9.58956272,8.089807367,9.210539877,482,22,470,26,504,496
7,1000,20,7.7,28,78,958,27,9,6,42,8.500091181,113,227,20.74864966,9.153255899,8.025113116,8.998428824,494,18,464,24,512,488
5,1000,20,7.7,28,87,960,21,9,10,40,8.753841133,106,189,21.14999241,9.210995535,8.434128394,9.053726726,464,20,496,20,484,516
2,1000,20,7.7,28,87,942,39,11,8,58,9.130561122,116,212,20.74815979,9.662906007,8.774327267,9.555541861,520,24,422,34,544,456
8,1000,20,7.7,28,75,944,31,19,6,56,8.515739602,90,214,20.88245086,9.445419829,8.293207277,8.757784156,496,25,448,31,521,479
1,1000,20,7.7,28,67,961,30,4,5,39,8.353016886,95,202,20.94770052,9.143841997,7.964096945,8.748209729,492,12,469,27,504,496
4,1000,20,7.7,28,84,955,25,8,12,45,8.740240643,104,194,20.87023484,9.649797075,8.060028467,9.456768047,497,16,458,29,513,487
7,1000,20,7.7,28,79,958,28,7,7,42,8.52285792,95,232,20.75598145,9.156053121,8.058490205,9.010063392,494,18,464,24,512,488
3,1000,20,7.7,28,77,952,25,14,9,48,8.67136488,91,197,21.43312793,9.591008721,8.136081057,9.215282314,482,22,470,26,504,496
6,1000,20,7.7,28,74,958,24,12,6,42,8.624626195,118,203,21.04861225,9.429063375,8.513956668,8.725967257,459,19,499,23,478,522
5,1000,20,7.7,28,88,960,22,7,11,40,8.787135559,85,207,21.1591835,9.237884903,8.443545614,9.109417602,464,20,496,20,484,516
2,1000,20,7.7,28,88,941,40,11,8,59,9.153908882,99,213,20.76826848,9.671766097,8.792493287,9.585071347,519,25,422,34,544,456
1,1000,20,7.7,28,68,961,30,4,5,39,8.400650133,85,184,20.98647795,9.153696964,8.009874171,8.797728933,492,12,469,27,504,496
8,1000,20,7.7,28,76,944,30,21,5,56,8.552217618,95,215,20.90624461,9.449382839,8.34253769,8.780282842,496,25,448,31,521,479
4,1000,20,7.7,28,85,956,25,8,11,44,8.739451606,117,216,20.90397989,9.648559944,8.120628078,9.391312942,496,17,460,27,513,487
7,1000,20,7.7,28,80,960,25,8,7,40,8.532579945,101,242,20.75676326,9.155567389,8.074270035,9.013429688,496,16,464,24,512,488
3,1000,20,7.7,28,78,952,25,14,9,48,8.674566123,92,216,21.46883922,9.594443596,8.138741415,9.219033165,482,22,470,26,504,496
5,1000,20,7.7,28,89,959,22,8,11,41,8.82967941,93,218,21.16925011,9.223379706,8.465366657,9.171399124,463,21,496,20,484,516
6,1000,20,7.7,28,75,958,24,12,6,42,8.627672512,91,210,21.05334325,9.453662806,8.522253091,8.724206004,459,19,499,23,478,522
2,1000,20,7.7,28,89,939,42,11,8,61,9.153306375,107,193,20.77702323,9.679174641,8.795031681,9.580721799,519,25,420,36,544,456
4,1000,20,7.7,28,86,956,26,8,10,44,8.734765273,91,216,20.9216168,9.678888108,8.124990845,9.377094393,497,16,459,28,513,487
1,1000,20,7.7,28,69,962,30,3,5,38,8.375107723,92,224,20.98676779,9.15083594,7.997840334,8.758460069,491,13,471,25,504,496
8,1000,20,7.7,28,77,944,28,22,6,56,8.562125028,93,247,20.93156902,9.454152412,8.378274433,8.762096135,495,26,449,30,521,479
7,1000,20,7.7,28,81,958,27,8,7,42,8.569554694,86,196,20.80305963,9.159978696,8.116390497,9.045005655,494,18,464,24,512,488
5,1000,20,7.7,28,90,959,22,8,11,41,8.827297618,97,224,21.18986642,9.23687385,8.457479866,9.174180935,463,21,496,20,484,516
2,1000,20,7.7,28,90,940,42,10,8,60,9.147627489,95,210,20.79061301,9.690303309,8.829156339,9.527557985,519,25,421,35,544,456
3,1000,20,7.7,28,79,952,25,14,9,48,8.67696837,105,219,21.47174957,9.593912499,8.135094894,9.227581741,483,21,469,27,504,496
6,1000,20,7.7,28,76,958,23,13,6,42,8.655520088,93,207,21.07412719,9.464680106,8.589921113,8.715589648,459,19,499,23,478,522
4,1000,20,7.7,28,87,956,25,9,10,44,8.724483884,101,217,20.93140136,9.68953954,8.119082935,9.362206034,497,16,459,28,513,487
8,1000,20,7.7,28,78,943,29,22,6,57,8.563843227,114,220,20.93444013,9.464330988,8.399490309,8.742607048,494,27,449,30,521,479
7,1000,20,7.7,28,82,956,28,9,7,44,8.614229708,101,220,20.81050685,9.163942417,8.17851834,9.071369503,492,20,464,24,512,488
1,1000,20,7.7,28,70,962,30,3,5,38,8.392794438,85,218,20.99199066,9.148680056,8.020462579,8.771131649,491,13,471,25,504,496
5,1000,20,7.7,28,91,958,23,8,11,42,8.863796426,113,219,21.19734058,9.23009991,8.508714127,9.196858117,462,22,496,20,484,516
2,1000,20,7.7,28,91,939,43,10,8,61,9.2046596,114,217,20.77832635,9.701912219,8.912677543,9.55298907,518,26,421,35,544,456
3,1000,20,7.7,28,80,953,24,15,8,47,8.668814218,99,189,21.46976607,9.612945702,8.132897821,9.213374428,483,21,470,26,504,496
6,1000,20,7.7,28,77,958,24,12,6,42,8.670217098,87,223,21.08397105,9.484440889,8.635012375,8.702454373,459,19,499,23,478,522
4,1000,20,7.7,28,88,955,26,9,10,45,8.723388692,103,212,20.95463649,9.719579823,8.092780074,9.3876643,497,16,458,29,513,487
5,1000,20,7.7,28,92,956,25,8,11,44,8.920866549,91,203,21.21955281,9.240145689,8.57409691,9.246131095,461,23,495,21,484,516
8,1000,20,7.7,28,79,943,31,20,6,57,8.575602734,113,213,20.9429526,9.476710543,8.430906201,8.732986645,493,28,450,29,521,479
2,1000,20,7.7,28,92,939,44,10,7,61,9.236141999,98,201,20.7974777,9.716880597,8.931650069,9.599395529,518,26,421,35,544,456
7,1000,20,7.7,28,83,955,28,10,7,45,8.626126792,106,210,20.82009877,9.18912889,8.145334702,9.130564396,492,20,463,25,512,488
3,1000,20,7.7,28,81,954,24,15,7,46,8.684516405,92,209,21.50219844,9.622983781,8.113458318,9.264785106,484,20,470,26,504,496
1,1000,20,7.7,28,71,962,30,3,5,38,8.389955825,102,228,21.02249634,9.164889259,8.03809814,8.747488633,491,13,471,25,504,496
6,1000,20,7.7,28,78,958,24,11,7,42,8.655770879,111,210,21.07819631,9.491708839,8.629925515,8.679437707,459,19,499,23,478,522
4,1000,20,7.7,28,89,955,26,9,10,45,8.732163964,111,208,20.97760523,9.719933557,8.122247128,9.374643095,497,16,458,29,513,487
5,1000,20,7.7,28,93,955,25,8,12,45,8.955037075,108,199,21.23865973,9.257884576,8.614480653,9.27447372,460,24,495,21,484,516
2,1000,20,7.7,28,93,938,45,10,7,62,9.277140446,105,210,20.81272493,9.740231264,8.948314116,9.669424488,517,27,421,35,544,456
7,1000,20,7.7,28,84,955,28,10,7,45,8.65058466,97,220,20.83191253,9.206505536,8.176746161,9.147726692,492,20,463,25,512,488
8,1000,20,7.7,28,80,944,30,20,6,56,8.564785565,118,244,20.95529067,9.488491582,8.408197877,8.735103281,494,27,450,29,521,479
4,1000,20,7.7,28,90,956,25,9,10,44,8.744194961,98,232,20.99506887,9.734677569,8.105251777,9.417250102,498,15,458,29,513,487
6,1000,20,7.7,28,79,957,25,11,7,43,8.656558992,108,223,21.09654529,9.473026354,8.63594147,8.675438639,459,19,498,24,478,522
5,1000,20,7.7,28,94,956,24,8,12,44,8.954529128,123,235,21.26043361,9.255257585,8.638875236,9.250607585,461,23,495,21,484,516
3,1000,20,7.7,28,82,953,24,16,7,47,8.710657855,101,218,21.52415564,9.648785995,8.139211365,9.291321225,484,20,469,27,504,496
2,1000,20,7.7,28,94,938,44,11,7,62,9.309561382,87,210,20.8260248,9.736890289,8.967614424,9.717498105,517,27,421,35,544,456
1,1000,20,7.7,28,72,962,30,3,5,38,8.378865248,117,217,21.02063062,9.16705192,8.022125402,8.741358963,491,13,471,25,504,496
7,1000,20,7.7,28,85,955,28,9,8,45,8.665079153,91,209,20.84601515,9.221011247,8.203646392,9.149205329,492,20,463,25,512,488
4,1000,20,7.7,28,91,956,25,9,10,44,8.763810298,104,205,21.0107154,9.740761225,8.120010984,9.441980829,498,15,458,29,513,487
8,1000,20,7.7,28,81,944,30,20,6,56,8.5666399,106,221,20.98205712,9.495942341,8.404750462,8.742724235,494,27,450,29,521,479
5,1000,20,7.7,28,95,956,24,8,12,44,8.978783186,99,220,21.27925345,9.281802239,8.670061648,9.268359203,461,23,495,21,484,516
2,1000,20,7.7,28,95,938,44,11,7,62,9.319871778,91,211,20.83140397,9.758454019,8.99152516,9.711583534,517,27,421,35,544,456
3,1000,20,7.7,28,83,953,23,16,8,47,8.746756716,122,216,21.55329626,9.648115908,8.157345686,9.345674374,484,20,469,27,504,496
6,1000,20,7.7,28,80,958,25,10,7,42,8.680120906,94,222,21.11432107,9.482071521,8.634005285,8.722349387,459,19,499,23,478,522
7,1000,20,7.7,28,86,956,28,7,9,44,8.693591646,98,247,20.85696703,9.239870922,8.211383731,9.199514705,493,19,463,25,512,488
4,1000,20,7.7,28,92,955,26,9,10,45,8.789048657,83,199,21.05013199,9.757965331,8.153596359,9.45842654,498,15,457,30,513,487
1,1000,20,7.7,28,73,961,31,3,5,39,8.397728508,105,230,21.01962402,9.157844871,8.063712455,8.737131916,490,14,471,25,504,496
5,1000,20,7.7,28,96,955,25,8,12,45,8.988143918,97,231,21.29875271,9.279949995,8.693158074,9.264836066,461,23,494,22,484,516
8,1000,20,7.7,28,82,946,29,19,6,54,8.561775256,97,215,20.99934291,9.506324129,8.401019751,8.736626234,495,26,451,28,521,479
2,1000,20,7.7,28,96,936,46,11,7,64,9.367936073,103,208,20.84767825,9.763267806,9.040532763,9.758522479,515,29,421,35,544,456
3,1000,20,7.7,28,84,953,22,17,8,47,8.80586809,102,218,21.55969292,9.642803819,8.197481582,9.424067284,484,20,469,27,504,496
6,1000,20,7.7,28,81,957,26,10,7,43,8.67428385,90,207,21.13239465,9.494322749,8.59775103,8.744365628,460,18,497,25,478,522
7,1000,20,7.7,28,87,957,28,7,8,43,8.687485164,104,239,20.86153345,9.248372111,8.17897049,9.221008757,495,17,462,26,512,488
4,1000,20,7.7,28,93,954,28,8,10,46,8.812423535,129,222,21.07816081,9.769150277,8.183511685,9.474911788,496,17,458,29,513,487
5,1000,20,7.7,28,97,954,26,8,12,46,9.01906197,89,211,21.30238662,9.285296194,8.754993679,9.266753933,461,23,493,23,484,516
1,1000,20,7.7,28,74,958,34,3,5,42,8.446675868,96,231,21.03240331,9.177095557,8.08023072,8.819031422,489,15,469,27,504,496
2,1000,20,7.7,28,97,938,44,11,7,62,9.35536671,93,203,20.8438207,9.768819315,9.043621061,9.727273799,517,27,421,35,544,456
8,1000,20,7.7,28,83,946,29,18,7,54,8.573478951,107,218,20.99745594,9.504146684,8.428669077,8.730986142,495,26,451,28,521,479
6,1000,20,7.7,28,82,956,27,10,7,44,8.725529923,121,224,21.14748587,9.509842412,8.660212493,8.78534167,459,19,497,25,478,522
3,1000,20,7.7,28,85,954,21,17,8,46,8.787664657,100,239,21.5971554,9.657549548,8.153828822,9.431723651,485,19,469,27,504,496
4,1000,20,7.7,28,94,954,28,8,10,46,8.814537197,107,215,21.08174638,9.772037233,8.187858601,9.474672966,496,17,458,29,513,487
5,1000,20,7.7,28,98,953,27,8,12,47,9.034941123,115,231,21.32429296,9.300344247,8.766713149,9.286534804,460,24,493,23,484,516
2,1000,20,7.7,28,98,939,43,11,7,61,9.377861471,107,202,20.84621289,9.787563724,9.073719114,9.740697966,518,26,421,35,544,456
7,1000,20,7.7,28,88,956,29,7,8,44,8.72145449,105,223,20.89737923,9.25419082,8.23806519,9.228617035,495,17,461,27,512,488
8,1000,20,7.7,28,84,946,29,18,7,54,8.608636854,100,221,21.0394291,9.508161452,8.506987892,8.719198668,495,26,451,28,521,479
1,1000,20,7.7,28,75,957,35,3,5,43,8.428206618,104,214,21.05412561,9.19641812,8.038888133,8.823804433,489,15,468,28,504,496
5,1000,20,7.7,28,99,954,27,8,11,46,9.0312933,105,231,21.34606653,9.301892774,8.747863098,9.297146435,461,23,493,23,484,516
4,1000,20,7.7,28,95,954,27,9,10,46,8.840031865,97,223,21.10419063,9.771006133,8.190832661,9.523890574,496,17,458,29,513,487
2,1000,20,7.7,28,99,939,43,11,7,61,9.362909575,102,242,20.86904313,9.79083672,9.05454535,9.730782686,518,26,421,35,544,456
6,1000,20,7.7,28,83,955,26,12,7,45,8.750349271,92,194,21.17605151,9.514513736,8.67379365,8.820451927,458,20,497,25,478,522
3,1000,20,7.7,28,86,953,22,17,8,47,8.798381832,91,233,21.6059341,9.640860867,8.17497219,9.431846468,485,19,468,28,504,496
7,1000,20,7.7,28,89,958,29,6,7,42,8.740253991,71,202,20.92970813,9.247977251,8.27540014,9.227969506,496,16,462,26,512,488
8,1000,20,7.7,28,85,947,29,16,8,53,8.612729442,95,216,21.05949934,9.537080777,8.548476556,8.682616192,495,26,452,27,521,479
5,1000,20,7.7,28,100,952,29,8,11,48,9.024318563,101,197,21.37293228,9.30998808,8.710100882,9.319049875,461,23,491,25,484,516
1,1000,20,7.7,28,76,958,33,4,5,42,8.439769193,84,195,21.07787708,9.204573369,8.070660118,8.81483164,489,15,469,27,504,496
4,1000,20,7.7,28,96,955,26,9,10,45,8.845304993,112,220,21.11975395,9.788662503,8.197072049,9.528145855,496,17,459,28,513,487
2,1000,20,7.7,28,100,940,41,12,7,60,9.357890582,114,219,20.91141697,9.804861315,9.067069127,9.704835475,518,26,422,34,544,456
3,1000,20,7.7,28,87,954,22,16,8,46,8.779139867,97,232,21.62483408,9.65096263,8.15949431,9.408779706,485,19,469,27,504,496
6,1000,20,7.7,28,84,955,27,12,6,45,8.747502423,99,203,21.18438845,9.517451222,8.679632273,8.809651718,458,20,497,25,478,522
7,1000,20,7.7,28,90,959,29,5,7,41,8.760175126,83,208,20.94372798,9.258954114,8.27265546,9.271671168,497,15,462,26,512,488
8,1000,20,7.7,28,86,947,28,17,8,53,8.618455588,105,213,21.0765138,9.552353237,8.550417776,8.692459137,494,27,453,26,521,479
5,1000,20,7.7,28,101,952,29,8,11,48,9.027535117,96,240,21.37879759,9.310090197,8.769844133,9.269245264,461,23,491,25,484,516
4,1000,20,7.7,28,97,955,27,9,9,45,8.844282301,108,213,21.13056966,9.812900444,8.197706831,9.525377199,496,17,459,28,513,487
2,1000,20,7.7,28,101,941,39,13,7,59,9.36831234,110,225,20.94284101,9.815181673,9.127678845,9.655383878,518,26,423,33,544,456
1,1000,20,7.7,28,77,958,33,4,5,42,8.450119322,121,219,21.11038397,9.2289541,8.072945843,8.833376243,489,15,469,27,504,496
3,1000,20,7.7,28,88,953,21,18,8,47,8.824665088,96,239,21.65153241,9.648814399,8.201546115,9.457834366,484,20,469,27,504,496
7,1000,20,7.7,28,91,959,30,4,7,41,8.801214458,93,216,20.96074001,9.271419272,8.354915259,9.269462798,496,16,463,25,512,488
6,1000,20,7.7,28,85,955,28,11,6,45,8.739128153,96,227,21.16498271,9.524567557,8.682498305,8.790984605,458,20,497,25,478,522
5,1000,20,7.7,28,102,952,28,9,11,48,9.0303704,92,217,21.40596611,9.324777291,8.768215084,9.276268022,461,23,491,25,484,516
4,1000,20,7.7,28,98,954,28,9,9,46,8.862309523,111,216,21.13944933,9.830596425,8.206745999,9.552872332,496,17,458,29,513,487
2,1000,20,7.7,28,102,943,36,14,7,57,9.347186692,105,220,20.96212892,9.827226579,9.094042379,9.649183417,519,25,424,32,544,456
8,1000,20,7.7,28,87,947,28,16,9,53,8.627418456,109,237,21.0994676,9.545922243,8.553961865,8.707315916,494,27,453,26,521,479
3,1000,20,7.7,28,89,950,23,19,8,50,8.895281847,89,216,21.66732135,9.655807692,8.291716521,9.508582098,483,21,467,29,504,496
1,1000,20,7.7,28,78,960,29,6,5,40,8.488819576,103,211,21.12677892,9.244008066,8.046912166,8.937854524,491,13,469,27,504,496
5,1000,20,7.7,28,103,953,28,8,11,47,9.038274877,96,205,21.42351839,9.339097598,8.739795902,9.318243528,462,22,491,25,484,516
7,1000,20,7.7,28,92,959,30,4,7,41,8.809286718,108,227,20.98730755,9.298698447,8.383827063,9.255670617,496,16,463,25,512,488
4,1000,20,7.7,28,99,953,28,10,9,47,8.887890486,96,221,21.13901874,9.82947398,8.217742276,9.593816629,496,17,457,30,513,487
2,1000,20,7.7,28,103,941,37,15,7,59,9.35713008,95,205,20.97901709,9.846105833,9.084034644,9.682928143,519,25,422,34,544,456
6,1000,20,7.7,28,86,954,28,12,6,46,8.775951694,104,207,21.16352398,9.533705063,8.746929639,8.802527445,458,20,496,26,478,522
8,1000,20,7.7,28,88,949,26,16,9,51,8.61373348,92,195,21.09584158,9.550855662,8.556319084,8.676182123,495,26,454,25,521,479
5,1000,20,7.7,28,104,951,30,9,10,49,9.070332193,116,194,21.43361983,9.361152718,8.756603163,9.364605158,461,23,490,26,484,516
9,1000,20,7.7,28,0,948,30,8,14,52,7.045,108,225,20.12671953,8.911574287,6.438223938,7.697095436,499,19,449,33,518,482
4,1000,20,7.7,28,100,952,29,10,9,48,8.918793499,108,219,21.16282539,9.841165802,8.265781043,9.606669043,495,18,457,30,513,487
3,1000,20,7.7,28,90,950,23,19,8,50,8.908709788,103,221,21.67509971,9.665183158,8.295052146,9.532265134,483,21,467,29,504,496
2,1000,20,7.7,28,104,940,39,15,6,60,9.360126647,95,237,20.96669524,9.834100714,9.067710959,9.708973433,517,27,423,33,544,456
10,1000,20,7.7,28,0,935,33,13,19,65,7.567,100,201,19.91005134,8.970817583,6.545454545,8.613360324,486,20,449,45,506,494
7,1000,20,7.7,28,93,958,29,6,7,42,8.850306253,115,202,20.99390187,9.304795732,8.372865767,9.351227418,496,16,462,26,512,488
1,1000,20,7.7,28,79,959,30,6,5,41,8.499108075,97,196,21.14100675,9.238225034,8.042369439,8.963213463,490,14,469,27,504,496
6,1000,20,7.7,28,87,953,27,13,7,47,8.809982332,100,204,21.16505452,9.528036536,8.780673628,8.83682057,458,20,495,27,478,522
8,1000,20,7.7,28,89,949,27,14,10,51,8.624390336,90,221,21.10204831,9.552203923,8.566795394,8.687035357,495,26,454,25,521,479
9,1000,20,7.7,28,1,946,31,9,14,54,7.093079744,87,197,20.14396973,8.93850232,6.492687482,7.738314582,498,20,448,34,518,482
4,1000,20,7.7,28,101,954,29,8,9,46,8.896619894,110,211,21.17027285,9.834071518,8.236120201,9.592382405,496,17,458,29,513,487
10,1000,20,7.7,28,1,937,31,13,19,63,7.55410727,92,174,19.91648179,8.970657063,6.531446346,8.601610159,487,19,450,44,506,494
3,1000,20,7.7,28,91,950,24,19,7,50,8.915911111,107,234,21.69238856,9.669871185,8.33601676,9.505158597,483,21,467,29,504,496
7,1000,20,7.7,28,94,955,32,6,7,45,8.873068924,93,211,20.99695013,9.30422679,8.399329879,9.37010661,494,18,461,27,512,488
1,1000,20,7.7,28,80,959,30,6,5,41,8.52352689,89,220,21.16354398,9.236266766,8.068967426,8.985417957,490,14,469,27,504,496
6,1000,20,7.7,28,88,953,27,12,8,47,8.83260081,102,232,21.18252341,9.540155106,8.83153082,8.833580609,458,20,495,27,478,522
9,1000,20,7.7,28,2,948,30,9,13,52,7.11273923,93,220,20.18584276,8.958493733,6.53717493,7.731291735,499,19,449,33,518,482
4,1000,20,7.7,28,102,954,28,8,10,46,8.884650334,114,227,21.19824882,9.84272016,8.205714156,9.599833619,497,16,457,30,513,487
8,1000,20,7.7,28,90,950,26,14,10,50,8.634940201,125,224,21.11852966,9.565217403,8.614635611,8.657025151,496,25,454,25,521,479
10,1000,20,7.7,28,2,938,31,12,19,62,7.577508696,86,209,19.93770931,8.979936715,6.52826636,8.652238701,489,17,449,45,506,494
3,1000,20,7.7,28,92,950,24,19,7,50,8.965523713,83,200,21.69489594,9.66351843,8.393760828,9.54650858,483,21,467,29,504,496
7,1000,20,7.7,28,95,954,33,6,7,46,8.896788741,99,205,21.01072001,9.304490296,8.406736672,9.410941732,494,18,460,28,512,488
1,1000,20,7.7,28,81,959,30,6,5,41,8.526765747,86,202,21.19578196,9.251748619,8.08371132,8.976966213,490,14,469,27,504,496
4,1000,20,7.7,28,103,953,29,8,10,47,8.928945053,102,231,21.21874629,9.872454821,8.283281956,9.609078869,495,18,458,29,513,487
9,1000,20,7.7,28,3,948,29,10,13,52,7.128429053,87,208,20.20598609,8.968675091,6.561897994,7.737273634,499,19,449,33,518,482
6,1000,20,7.7,28,89,951,28,13,8,49,8.898524931,105,219,21.18778846,9.548628259,8.933587604,8.866417733,456,22,495,27,478,522
10,1000,20,7.7,28,3,940,31,11,18,60,7.583063173,96,216,19.95081867,8.967500947,6.604381157,8.585518842,489,17,451,43,506,494
8,1000,20,7.7,28,91,949,26,15,10,51,8.651602192,109,230,21.13299822,9.550980167,8.651468332,8.65174779,495,26,454,25,521,479
3,1000,20,7.7,28,93,950,24,19,7,50,9.011214557,96,230,21.69207185,9.696538045,8.442615026,9.588985048,483,21,467,29,504,496
4,1000,20,7.7,28,104,952,30,8,10,48,8.962224428,103,222,21.22555991,9.895228654,8.326747984,9.631627746,495,18,457,30,513,487
11,1000,20,7.7,28,0,936,31,13,20,64,7.447,73,215,19.80323911,8.991221304,6.202868852,8.6328125,467,21,469,43,488,512
7,1000,20,7.7,28,96,953,34,6,7,47,8.942414972,88,216,21.04266033,9.31750732,8.472940574,9.434978276,493,19,460,28,512,488
9,1000,20,7.7,28,4,950,28,8,14,50,7.157630472,75,197,20.22390894,8.993292909,6.595361027,7.761895146,500,18,450,32,518,482
10,1000,20,7.7,28,4,940,31,11,18,60,7.618902185,96,215,19.95755871,8.991405976,6.631904354,8.629875672,489,17,451,43,506,494
6,1000,20,7.7,28,90,951,28,13,8,49,8.890251162,89,211,21.21136873,9.566616959,8.945058069,8.840063994,455,23,496,26,478,522
1,1000,20,7.7,28,82,957,31,6,6,43,8.538548763,96,234,21.21197144,9.257637291,8.097354295,8.986859271,489,15,468,28,504,496
8,1000,20,7.7,28,92,948,28,14,10,52,8.630773886,101,195,21.15097069,9.549139497,8.635757295,8.625353518,494,27,454,25,521,479
3,1000,20,7.7,28,94,948,25,20,7,52,9.010774894,98,243,21.70593773,9.704266661,8.435257868,9.595574453,482,22,466,30,504,496
11,1000,20,7.7,28,1,937,30,13,20,63,7.473276449,82,194,19.8506466,8.990643159,6.246531037,8.642518171,467,21,470,42,488,512
9,1000,20,7.7,28,5,952,26,8,14,48,7.160875898,89,228,20.23068642,9.006986526,6.609246816,7.753705493,501,17,451,31,518,482
7,1000,20,7.7,28,97,952,35,6,7,48,8.948965652,95,222,21.06214874,9.328745719,8.488636312,9.43193414,492,20,460,28,512,488
10,1000,20,7.7,28,5,941,31,11,17,59,7.594526573,91,215,19.97147235,9.000830071,6.63513825,8.577219875,490,16,451,43,506,494
6,1000,20,7.7,28,91,951,28,13,8,49,8.88805749,97,224,21.23149276,9.575429629,8.972328489,8.810889793,455,23,496,26,478,522
8,1000,20,7.7,28,93,946,30,14,10,54,8.68691903,104,231,21.19038755,9.54156628,8.66485636,8.710916215,493,28,453,26,521,479
1,1000,20,7.7,28,83,956,33,6,5,44,8.546737479,96,211,21.20473023,9.246802174,8.093115388,9.007676055,489,15,467,29,504,496
3,1000,20,7.7,28,95,948,24,20,8,52,9.09288726,104,231,21.71797499,9.734724048,8.507122296,9.688100046,482,22,466,30,504,496
9,1000,20,7.7,28,6,953,25,8,14,47,7.202857345,96,216,20.23703234,9.011210913,6.627630252,7.821047457,501,17,452,30,518,482
11,1000,20,7.7,28,2,936,31,13,20,64,7.497644726,107,211,19.85622606,8.985780217,6.271659208,8.666162172,466,22,470,42,488,512
7,1000,20,7.7,28,98,953,34,6,7,47,8.962036484,81,192,21.09967693,9.330413274,8.526222073,9.419284391,493,19,460,28,512,488
10,1000,20,7.7,28,6,941,31,11,17,59,7.658614237,93,206,19.99844566,8.985201291,6.713952248,8.62622348,491,15,450,44,506,494
6,1000,20,7.7,28,92,952,27,13,8,48,8.88259771,103,218,21.23301216,9.583714117,8.987055794,8.786944521,456,22,496,26,478,522
8,1000,20,7.7,28,94,946,30,14,10,54,8.703188805,81,222,21.19223948,9.560127191,8.678754342,8.729765747,493,28,453,26,521,479
3,1000,20,7.7,28,96,947,25,20,8,53,9.124868572,111,198,21.73774303,9.723790191,8.588146495,9.670247456,482,22,465,31,504,496
1,1000,20,7.7,28,84,955,34,6,5,45,8.583316043,82,215,21.23200051,9.246969046,8.17898504,8.994168513,488,16,467,29,504,496
9,1000,20,7.7,28,7,955,23,8,14,45,7.21677395,93,212,20.23390606,9.009253598,6.648767737,7.827203863,502,16,453,29,518,482
7,1000,20,7.7,28,99,953,34,6,7,47,8.991063631,94,217,21.11375687,9.331533642,8.526212043,9.478776772,493,19,460,28,512,488
11,1000,20,7.7,28,3,939,28,13,20,61,7.497532295,90,218,19.87622436,8.986812828,6.320657028,8.619241535,466,22,473,39,488,512
10,1000,20,7.7,28,7,940,32,11,17,60,7.681429895,102,205,20.01226965,9.009669483,6.718692518,8.667553604,490,16,450,44,506,494
6,1000,20,7.7,28,93,952,27,13,8,48,8.910926714,102,227,21.26008382,9.594717864,9.030742559,8.801210289,457,21,495,27,478,522
8,1000,20,7.7,28,95,946,30,14,10,54,8.685116581,98,204,21.20588869,9.559070456,8.668687705,8.702985984,493,28,453,26,521,479
3,1000,20,7.7,28,97,946,26,21,7,54,9.136613694,114,222,21.74947023,9.735522178,8.608222113,9.673527721,481,23,465,31,504,496
9,1000,20,7.7,28,8,955,23,8,14,45,7.240424541,85,213,20.24317921,9.011027246,6.661396404,7.862699593,502,16,453,29,518,482
7,1000,20,7.7,28,100,954,32,7,7,46,9.04056438,98,233,21.12286078,9.333637112,8.600185951,9.502600764,493,19,461,27,512,488
1,1000,20,7.7,28,85,955,33,7,5,45,8.629398279,85,198,21.25457013,9.261986403,8.25473017,9.010109422,487,17,468,28,504,496
11,1000,20,7.7,28,4,939,27,15,19,61,7.50261235,83,182,19.91075244,8.991449684,6.358844218,8.592766351,467,21,472,40,488,512
10,1000,20,7.7,28,8,940,32,11,17,60,7.710197932,90,202,20.04923215,9.016155563,6.751713416,8.691965472,490,16,450,44,506,494
6,1000,20,7.7,28,94,953,26,12,9,47,8.937473863,96,214,21.29149008,9.597470761,9.057158539,8.827877551,457,21,496,26,478,522
3,1000,20,7.7,28,98,944,27,22,7,56,9.159833726,87,239,21.78337004,9.72531702,8.612092996,9.716408985,480,24,464,32,504,496
8,1000,20,7.7,28,96,946,30,14,10,54,8.675401818,105,202,21.21098789,9.554605735,8.673611687,8.677348913,493,28,453,26,521,479
9,1000,20,7.7,28,9,955,23,8,14,45,7.294747012,96,204,20.24639172,9.020309519,6.697742298,7.93634129,502,16,453,29,518,482
7,1000,20,7.7,28,101,951,35,6,8,49,9.073768614,94,217,21.14560709,9.336409168,8.623036844,9.546667521,492,20,459,29,512,488
10,1000,20,7.7,28,9,939,32,12,17,61,7.726525489,88,205,20.07375273,9.023386542,6.726635108,8.750704706,490,16,449,45,506,494
11,1000,20,7.7,28,5,938,28,14,20,62,7.52647979,105,204,19.92558313,9.000335609,6.375238407,8.623756733,467,21,471,41,488,512
1,1000,20,7.7,28,86,958,31,6,5,42,8.603124491,115,214,21.26547448,9.276524532,8.266943017,8.944728248,487,17,471,25,504,496
6,1000,20,7.7,28,95,953,25,12,10,47,8.943498999,87,226,21.30039118,9.601262219,9.008904068,8.883607001,457,21,496,26,478,522
3,1000,20,7.7,28,99,946,27,20,7,54,9.137285964,117,210,21.7896177,9.768594079,8.618529664,9.664409301,481,23,465,31,504,496
9,1000,20,7.7,28,10,955,23,8,14,45,7.322694593,98,224,20.25169848,9.052610935,6.725436402,7.96456128,503,15,452,30,518,482
8,1000,20,7.7,28,97,946,30,14,10,54,8.676545102,112,217,21.23727482,9.553269066,8.660537546,8.693956244,493,28,453,26,521,479
7,1000,20,7.7,28,102,951,35,6,8,49,9.120869289,81,197,21.16677814,9.341952811,8.657398152,9.607134089,492,20,459,29,512,488
10,1000,20,7.7,28,10,940,32,11,17,60,7.784725304,86,206,20.09578516,9.043288806,6.818950424,8.773960302,490,16,450,44,506,494
11,1000,20,7.7,28,6,939,28,14,19,61,7.527786181,102,202,19.93416859,9.000796898,6.406629075,8.596389048,467,21,472,40,488,512
1,1000,20,7.7,28,87,959,30,6,5,41,8.599983919,102,214,21.28957762,9.283547338,8.288338762,8.91665561,487,17,472,24,504,496
6,1000,20,7.7,28,96,952,25,13,10,48,8.962273523,94,216,21.31254069,9.617956796,9.060108689,8.872684999,456,22,496,26,478,522
3,1000,20,7.7,28,100,946,26,21,7,54,9.140756989,110,230,21.82782102,9.755124453,8.688749654,9.600054765,481,23,465,31,504,496
9,1000,20,7.7,28,11,955,23,8,14,45,7.357092811,109,199,20.26232708,9.063365275,6.738560838,8.021822194,503,15,452,30,518,482
7,1000,20,7.7,28,103,950,35,7,8,50,9.1763917,99,226,21.14792086,9.356821237,8.72671548,9.648183143,492,20,458,30,512,488
8,1000,20,7.7,28,98,946,30,14,10,54,8.675855202,102,212,21.23632706,9.558458897,8.661372069,8.691608254,493,28,453,26,521,479
10,1000,20,7.7,28,11,942,29,12,17,58,7.787370874,104,218,20.10077751,9.060220968,6.817649362,8.780648374,490,16,452,42,506,494
11,1000,20,7.7,28,7,940,28,14,18,60,7.549904179,108,197,19.94053834,9.00670306,6.426120037,8.62101094,468,20,472,40,488,512
1,1000,20,7.7,28,88,959,30,6,5,41,8.636911637,100,219,21.32237809,9.295999322,8.334528316,8.944172109,486,18,473,23,504,496
9,1000,20,7.7,28,12,955,22,9,14,45,7.41126458,78,227,20.26660277,9.059889332,6.776477595,8.09346304,503,15,452,30,518,482
3,1000,20,7.7,28,101,945,27,21,7,55,9.149574149,108,233,21.86233369,9.768056679,8.652662564,9.654500438,481,23,464,32,504,496
6,1000,20,7.7,28,97,950,27,13,10,50,8.972570322,108,230,21.32863257,9.610605914,9.066035772,8.886983187,455,23,495,27,478,522
7,1000,20,7.7,28,104,947,38,7,8,53,9.208144884,92,216,21.15624494,9.378813006,8.765965883,9.672070393,489,23,458,30,512,488
12,1000,20,7.7,28,0,950,19,15,16,50,6.989,90,214,20.27501948,8.689375774,6.626804124,7.330097087,464,21,486,29,485,515
8,1000,20,7.7,28,99,944,32,14,10,56,8.681597947,115,188,21.25854593,9.568799757,8.657002697,8.708349773,492,29,452,27,521,479
10,1000,20,7.7,28,12,945,27,12,16,55,7.783054159,91,216,20.13900011,9.092369559,6.847972102,8.740850759,491,15,454,40,506,494
11,1000,20,7.7,28,8,940,28,14,18,60,7.590559895,83,203,19.9448982,9.036723989,6.472685688,8.656033748,468,20,472,40,488,512
9,1000,20,7.7,28,13,956,22,8,14,44,7.441749703,107,240,20.29686544,9.050779999,6.783565182,8.149093235,505,13,451,31,518,482
3,1000,20,7.7,28,102,945,27,21,7,55,9.1556662,117,238,21.88005712,9.778479344,8.676388677,9.642674006,481,23,464,32,504,496
1,1000,20,7.7,28,89,958,31,6,5,42,8.671247306,97,199,21.33913579,9.322560698,8.383576058,8.963558412,486,18,472,24,504,496
6,1000,20,7.7,28,98,950,26,14,10,50,9.000473468,96,215,21.3236818,9.617596332,9.093905742,8.914916712,455,23,495,27,478,522
10,1000,20,7.7,28,13,945,27,12,16,55,7.797343901,109,203,20.15654596,9.106374161,6.882668643,8.734237991,491,15,454,40,506,494
8,1000,20,7.7,28,100,944,31,15,10,56,8.689195281,114,227,21.2754604,9.576909595,8.641828982,8.740714783,493,28,451,28,521,479
12,1000,20,7.7,28,1,951,19,15,15,49,7.012009434,84,198,20.2907863,8.699708406,6.64355423,7.359001228,464,21,487,28,485,515
11,1000,20,7.7,28,9,939,29,14,18,61,7.623751012,94,211,19.94949564,9.044274457,6.532986433,8.663386001,468,20,471,41,488,512
9,1000,20,7.7,28,14,959,20,7,14,41,7.425200302,96,207,20.29168935,9.059602837,6.809677963,8.086695264,505,13,454,28,518,482
3,1000,20,7.7,28,103,943,30,20,7,57,9.188764861,129,253,21.88265846,9.762909161,8.700771899,9.684628678,478,26,465,31,504,496
6,1000,20,7.7,28,99,951,26,13,10,49,8.990005679,104,212,21.35105321,9.639638247,9.097392166,8.891670926,455,23,496,26,478,522
1,1000,20,7.7,28,90,958,31,6,5,42,8.698264361,92,242,21.34884819,9.329443328,8.440564774,8.960120393,486,18,472,24,504,496
10,1000,20,7.7,28,14,941,30,13,16,59,7.859133151,101,218,20.18866676,9.104429309,6.960981684,8.779102062,489,17,452,42,506,494
8,1000,20,7.7,28,101,942,33,15,10,58,8.737695058,104,237,21.31309185,9.574646375,8.661399771,8.820680121,493,28,449,30,521,479
12,1000,20,7.7,28,2,953,18,14,15,47,6.986443364,105,202,20.30401401,8.687061814,6.639650555,7.313034651,465,20,488,27,485,515
11,1000,20,7.7,28,10,943,29,11,17,57,7.62994487,88,202,19.98484123,9.059011876,6.593465751,8.617839029,469,19,474,38,488,512
9,1000,20,7.7,28,15,957,21,8,14,43,7.456938096,97,187,20.31340267,9.07269055,6.828835608,8.131952803,504,14,453,29,518,482
3,1000,20,7.7,28,104,943,30,20,7,57,9.223536279,93,224,21.88179866,9.77074875,8.761654335,9.692867931,476,28,467,29,504,496
13,1000,20,7.7,28,0,943,29,9,19,57,6.984,88,220,20.04442589,8.861876677,5.814,8.154,482,18,461,39,500,500
10,1000,20,7.7,28,15,940,31,13,16,60,7.891726411,93,180,20.19730543,9.11608745,6.981478694,8.824085409,489,17,451,43,506,494
6,1000,20,7.7,28,100,950,27,13,10,50,9.003252637,113,200,21.36911654,9.643123665,9.108517676,8.906860513,455,23,495,27,478,522
8,1000,20,7.7,28,102,942,33,14,11,58,8.791214136,104,236,21.31210561,9.572534411,8.729492232,8.858347983,493,28,449,30,521,479
1,1000,20,7.7,28,91,956,33,6,5,44,8.748321898,106,230,21.33536022,9.324084377,8.466505111,9.034684117,485,19,471,25,504,496
12,1000,20,7.7,28,3,953,19,14,14,47,7.011514672,98,204,20.31120504,8.685775218,6.675705271,7.327762361,465,20,488,27,485,515
11,1000,20,7.7,28,11,942,29,12,17,58,7.654053396,100,193,20.01034696,9.052809349,6.636110077,8.624280621,468,20,474,38,488,512
9,1000,20,7.7,28,16,959,20,7,14,41,7.475052046,90,205,20.32759388,9.080565082,6.882354281,8.112017694,505,13,454,28,518,482
10,1000,20,7.7,28,16,941,30,13,16,59,7.926405279,91,214,20.20986423,9.110480349,6.997726421,8.877643137,489,17,452,42,506,494
6,1000,20,7.7,28,101,949,27,12,12,51,9.02835868,113,209,21.37314254,9.645176351,9.155006952,8.912385742,454,24,495,27,478,522
13,1000,20,7.7,28,1,943,29,9,19,57,7.023710298,97,226,20.07266333,8.878046468,5.851840567,8.195580029,482,18,461,39,500,500
8,1000,20,7.7,28,103,939,35,14,12,61,8.855626175,98,223,21.33127245,9.57927825,8.805285424,8.910380938,491,30,448,31,521,479
12,1000,20,7.7,28,4,955,18,14,13,45,7.028648587,89,203,20.33214263,8.689233884,6.721726865,7.317691373,465,20,490,25,485,515
1,1000,20,7.7,28,92,956,33,6,5,44,8.758488652,90,224,21.34025537,9.319713035,8.471998977,9.049599128,485,19,471,25,504,496
11,1000,20,7.7,28,12,941,30,12,17,59,7.669224043,109,182,20.01183321,9.045954906,6.628482303,8.661181014,468,20,473,39,488,512
9,1000,20,7.7,28,17,957,21,8,14,43,7.494326669,90,195,20.34952331,9.104816786,6.891015529,8.142698392,504,14,453,29,518,482
10,1000,20,7.7,28,17,941,30,13,16,59,7.954255227,102,171,20.23393242,9.120264463,7.020325508,8.910871498,489,17,452,42,506,494
6,1000,20,7.7,28,102,949,25,14,12,51,9.046217504,110,210,21.41050853,9.660132589,9.182897286,8.921058622,454,24,495,27,478,522
8,1000,20,7.7,28,104,938,36,14,12,62,8.894590703,109,214,21.34829768,9.584303223,8.792879678,9.005220023,491,30,447,32,521,479
13,1000,20,7.7,28,2,943,29,9,19,57,7.034695355,92,211,20.07077246,8.888190614,5.864589527,8.204801183,482,18,461,39,500,500
14,1000,20,7.7,28,0,937,24,19,20,63,7.687,102,198,19.87396483,9.055859687,6.7265625,8.694672131,495,17,442,46,512,488
11,1000,20,7.7,28,13,941,30,13,16,59,7.706731042,96,223,20.05388085,9.036429907,6.676088936,8.689061799,468,20,473,39,488,512
9,1000,20,7.7,28,18,957,22,8,13,43,7.497924041,86,204,20.3782017,9.130231062,6.909088649,8.130738839,505,13,452,30,518,482
12,1000,20,7.7,28,5,955,18,14,13,45,7.054922227,67,215,20.34761508,8.708568823,6.778297797,7.315432613,464,21,491,24,485,515
1,1000,20,7.7,28,93,954,35,6,5,46,8.784321391,99,235,21.36594558,9.338909637,8.518896542,9.054027286,484,20,470,26,504,496
10,1000,20,7.7,28,18,943,29,14,14,57,7.950889747,97,225,20.23252405,9.129745549,7.037796732,8.88616316,489,17,454,40,506,494
13,1000,20,7.7,28,3,945,27,9,19,55,7.082678831,95,216,20.07672478,8.897112207,5.896629502,8.268728161,483,17,462,38,500,500
6,1000,20,7.7,28,103,948,26,14,12,52,9.07771398,98,200,21.42485602,9.66380343,9.193872332,8.971346754,453,25,495,27,478,522
14,1000,20,7.7,28,1,938,25,19,18,62,7.637716132,101,201,19.87624025,9.067724179,6.735176183,8.584643291,495,17,443,45,512,488
11,1000,20,7.7,28,14,941,30,13,16,59,7.684914527,88,197,20.0670706,9.034322592,6.698862472,8.624745392,468,20,473,39,488,512
9,1000,20,7.7,28,19,956,23,7,14,44,7.539275758,98,232,20.37039418,9.114793727,6.911520397,8.213917411,505,13,451,31,518,482
12,1000,20,7.7,28,6,954,19,14,13,46,7.087981367,107,174,20.35467927,8.718257252,6.82156018,7.338882873,464,21,490,25,485,515
1,1000,20,7.7,28,94,953,36,6,5,47,8.825474502,81,223,21.37614449,9.348361812,8.576433291,9.078532508,484,20,469,27,504,496
10,1000,20,7.7,28,19,940,31,15,14,60,7.980964395,94,203,20.25073196,9.135280229,7.057614675,8.926743662,488,18,452,42,506,494
13,1000,20,7.7,28,4,945,26,10,19,55,7.109475044,86,199,20.07486339,8.910714422,5.873488019,8.34546207,485,15,460,40,500,500
6,1000,20,7.7,28,104,948,26,14,12,52,9.099015773,106,219,21.46411985,9.670336816,9.216314953,8.99160388,453,25,495,27,478,522
15,1000,20,7.7,28,0,932,30,15,23,68,7.654,109,173,20.08119468,9.18195304,6.569002123,8.620037807,452,19,480,49,471,529
14,1000,20,7.7,28,2,939,25,18,18,61,7.647064564,89,212,19.88316727,9.068985918,6.752085223,8.586059283,495,17,444,44,512,488
12,1000,20,7.7,28,7,953,20,14,13,47,7.130114197,84,211,20.36244297,8.729638128,6.864988915,7.379795288,464,21,489,26,485,515
9,1000,20,7.7,28,20,956,24,6,14,44,7.580429137,102,219,20.38427472,9.132704935,6.951199555,8.25665512,505,13,451,31,518,482
11,1000,20,7.7,28,15,944,27,12,17,56,7.69009528,96,213,20.06982323,9.039395414,6.767674257,8.569277817,468,20,476,36,488,512
10,1000,20,7.7,28,20,941,30,15,14,59,7.973064629,114,195,20.26018184,9.123327014,7.039565187,8.929240171,489,17,452,42,506,494
13,1000,20,7.7,28,5,944,26,11,19,56,7.160036684,91,205,20.09043193,8.916826309,5.906028483,8.414044885,486,14,458,42,500,500
1,1000,20,7.7,28,95,954,36,6,4,46,8.839289758,109,197,21.37480189,9.357049851,8.574314226,9.108539089,485,19,469,27,504,496
15,1000,20,7.7,28,1,933,29,15,23,67,7.666286211,93,218,20.13558013,9.205625992,6.557297089,8.653684843,453,18,480,49,471,529
9,1000,20,7.7,28,21,956,24,6,14,44,7.627841483,111,205,20.38175532,9.124101099,7.004902397,8.297307139,505,13,451,31,518,482
12,1000,20,7.7,28,8,953,19,14,14,47,7.17244891,91,220,20.37498612,8.735239556,6.932547511,7.398375471,464,21,489,26,485,515
11,1000,20,7.7,28,16,946,26,12,16,54,7.665994133,88,210,20.09986166,9.036189489,6.779069653,8.511344028,468,20,478,34,488,512
14,1000,20,7.7,28,3,938,25,19,18,62,7.657651225,100,214,19.88929149,9.051272862,6.741672525,8.618678058,494,18,444,44,512,488
13,1000,20,7.7,28,6,943,27,11,19,57,7.189873072,99,192,20.11294166,8.934775929,5.934270368,8.445475775,486,14,457,43,500,500
10,1000,20,7.7,28,21,941,30,15,14,59,7.987797495,95,215,20.28396754,9.09910679,7.070632814,8.927241479,488,18,453,41,506,494
1,1000,20,7.7,28,96,953,35,8,4,47,8.858776214,102,224,21.37747182,9.367425176,8.613165255,9.108348641,484,20,469,27,504,496
12,1000,20,7.7,28,9,953,19,14,14,47,7.176371493,87,204,20.38296326,8.746636205,6.951474346,7.388167834,464,21,489,26,485,515
15,1000,20,7.7,28,2,933,29,15,23,67,7.688600695,100,207,20.13482521,9.233840115,6.571145536,8.683537141,454,17,479,50,471,529
9,1000,20,7.7,28,22,957,25,5,13,43,7.630714391,105,203,20.39826387,9.133712236,7.034408814,8.271557314,505,13,452,30,518,482
11,1000,20,7.7,28,17,947,25,12,16,53,7.68907427,88,208,20.10091296,9.03701655,6.776204478,8.55915329,469,19,478,34,488,512
13,1000,20,7.7,28,7,943,27,11,19,57,7.22337158,75,211,20.14028353,8.93234806,5.964839636,8.481903524,486,14,457,43,500,500
14,1000,20,7.7,28,4,937,26,18,19,63,7.675251099,84,186,19.88985812,9.063587381,6.750236333,8.645758395,493,19,444,44,512,488
10,1000,20,7.7,28,22,943,28,15,14,57,8.017447527,88,216,20.28794184,9.122869247,7.092818826,8.964536844,489,17,454,40,506,494
12,1000,20,7.7,28,10,956,18,12,14,44,7.164327546,82,210,20.41086245,8.759788695,6.917192007,7.397066839,466,19,490,25,485,515
1,1000,20,7.7,28,97,952,36,8,4,48,8.882099287,98,197,21.39621751,9.375052885,8.643925106,9.124114987,484,20,468,28,504,496
11,1000,20,7.7,28,18,946,26,12,16,54,7.741162884,89,187,20.09728553,9.033386225,6.804782016,8.6336509,469,19,477,35,488,512
9,1000,20,7.7,28,23,956,26,5,13,44,7.659639078,98,209,20.41941511,9.136350492,7.074868517,8.288085449,504,14,452,30,518,482
15,1000,20,7.7,28,3,932,31,14,23,68,7.719513963,114,211,20.16007218,9.25051976,6.634964831,8.685152226,453,18,479,50,471,529
13,1000,20,7.7,28,8,944,25,12,19,56,7.235159476,93,213,20.14501666,8.949878948,6.028029487,8.442289466,486,14,458,42,500,500
14,1000,20,7.7,28,5,942,24,14,20,58,7.664351925,103,241,19.92012337,9.058869253,6.784858519,8.587099107,494,18,448,40,512,488
10,1000,20,7.7,28,23,944,28,15,13,56,8.023493849,97,208,20.30090952,9.126984752,7.133470559,8.935137138,488,18,456,38,506,494
9,1000,20,7.7,28,24,957,26,5,12,43,7.627628138,96,207,20.43796847,9.147595922,7.069475376,8.227468658,504,14,453,29,518,482
12,1000,20,7.7,28,11,958,17,12,13,42,7.1458786,95,202,20.40872824,8.778492079,6.929497044,7.349655406,467,18,491,24,485,515
11,1000,20,7.7,28,19,946,26,13,15,54,7.754958618,90,191,20.08819905,9.024745814,6.862780126,8.605316243,469,19,477,35,488,512
13,1000,20,7.7,28,9,943,25,14,18,57,7.220305678,90,231,20.17509452,8.959094821,6.021871962,8.418739394,486,14,457,43,500,500
1,1000,20,7.7,28,98,950,37,8,5,50,8.908093878,94,219,21.43014977,9.395731727,8.666235629,9.153853067,484,20,466,30,504,496
15,1000,20,7.7,28,4,931,33,13,23,69,7.772661419,96,212,20.16761128,9.257091271,6.659379598,8.763882096,454,17,477,52,471,529
10,1000,20,7.7,28,24,941,31,15,13,59,8.066154905,96,195,20.29904304,9.135011251,7.154991083,8.999452261,486,20,455,39,506,494
14,1000,20,7.7,28,6,942,23,15,20,58,7.710155217,89,206,19.92847836,9.054421465,6.851722551,8.610805882,494,18,448,40,512,488
9,1000,20,7.7,28,25,956,28,5,11,44,7.645119355,85,206,20.44140913,9.163869339,7.084866944,8.247216344,503,15,453,29,518,482
12,1000,20,7.7,28,12,957,18,12,13,43,7.159377894,102,219,20.39681484,8.787335281,6.938715102,7.367186543,467,18,490,25,485,515
11,1000,20,7.7,28,20,946,26,13,15,54,7.754346514,89,196,20.12135874,9.033021823,6.864487931,8.602492976,469,19,477,35,488,512
13,1000,20,7.7,28,10,944,24,14,18,56,7.238855433,100,213,20.17438417,8.956683885,6.034755729,8.442955137,487,13,457,43,500,500
15,1000,20,7.7,28,5,932,33,12,23,68,7.781962788,98,191,20.18335745,9.260796589,6.68196207,8.761358512,455,16,477,52,471,529
1,1000,20,7.7,28,99,950,37,7,6,50,8.924042647,103,200,21.43240738,9.416062823,8.69033928,9.161515423,484,20,466,30,504,496
10,1000,20,7.7,28,25,942,30,15,13,58,8.063550565,93,212,20.30281045,9.140937695,7.181093078,8.967444265,486,20,456,38,506,494
14,1000,20,7.7,28,7,943,23,14,20,57,7.72630991,92,201,19.96186128,9.058580505,6.860045391,8.635177603,494,18,449,39,512,488
12,1000,20,7.7,28,13,957,19,11,13,43,7.177371599,94,205,20.42356743,8.795132159,6.962572305,7.379658312,467,18,490,25,485,515
9,1000,20,7.7,28,26,954,30,5,11,46,7.687585615,92,222,20.46280686,9.185351524,7.114703803,8.303255281,503,15,451,31,518,482
13,1000,20,7.7,28,11,944,24,14,18,56,7.23540443,95,199,20.18826818,8.950107781,6.022175729,8.448633132,487,13,457,43,500,500
11,1000,20,7.7,28,21,945,27,13,15,55,7.8004586,87,208,20.13277834,9.041322657,6.92138068,8.638329743,469,19,476,36,488,512
15,1000,20,7.7,28,6,932,34,11,23,68,7.794749702,105,244,20.20829739,9.268392693,6.758511525,8.717373865,455,16,477,52,471,529
10,1000,20,7.7,28,26,943,29,15,13,57,8.060440051,83,208,20.31428361,9.1463591,7.173045373,8.969390875,486,20,457,37,506,494
1,1000,20,7.7,28,100,947,39,8,6,53,8.957846889,106,225,21.45484594,9.434626274,8.728098927,9.191300463,482,22,465,31,504,496
14,1000,20,7.7,28,8,944,21,13,22,56,7.772165345,96,205,19.9844073,9.08626065,6.910258449,8.676461104,495,17,449,39,512,488
12,1000,20,7.7,28,14,958,19,10,13,42,7.184562358,83,212,20.43050933,8.804712583,6.993545188,7.364452314,467,18,491,24,485,515
9,1000,20,7.7,28,27,956,28,5,11,44,7.728730364,102,200,20.46735611,9.19886509,7.141798041,8.359499956,503,15,453,29,518,482
13,1000,20,7.7,28,12,945,23,13,19,55,7.257608892,90,217,20.23314322,8.960210676,6.050468197,8.464749586,488,12,457,43,500,500
11,1000,20,7.7,28,22,945,26,14,15,55,7.828333496,93,217,20.14890499,9.052838426,6.971473282,8.645028387,469,19,476,36,488,512
10,1000,20,7.7,28,27,942,30,14,14,58,8.095009103,102,183,20.34148043,9.144319257,7.1990782,9.01270351,486,20,456,38,506,494
15,1000,20,7.7,28,7,932,34,11,23,68,7.798821549,83,216,20.20539732,9.269398452,6.820601934,8.669788351,455,16,477,52,471,529
1,1000,20,7.7,28,101,946,37,11,6,54,8.973728092,106,209,21.46457828,9.435907018,8.767026389,9.183763693,481,23,465,31,504,496
12,1000,20,7.7,28,15,958,19,10,13,42,7.172205764,94,213,20.45716772,8.806737638,6.986507446,7.347086704,467,18,491,24,485,515
9,1000,20,7.7,28,28,956,28,5,11,44,7.752695303,100,219,20.48947318,9.196436469,7.185102485,8.362680945,502,16,454,28,518,482
13,1000,20,7.7,28,13,945,24,13,18,55,7.287151078,103,194,20.2506557,8.953811606,6.13775671,8.436545445,488,12,457,43,500,500
14,1000,20,7.7,28,9,945,21,11,23,55,7.79258336,91,237,20.00987184,9.085012205,6.935487125,8.691831869,496,16,449,39,512,488
11,1000,20,7.7,28,23,946,26,13,15,54,7.845374672,97,204,20.1569797,9.05522162,6.951825915,8.69703833,470,18,476,36,488,512
10,1000,20,7.7,28,28,942,30,14,14,58,8.128388321,93,208,20.35555183,9.140110185,7.22598621,9.052711132,486,20,456,38,506,494
15,1000,20,7.7,28,8,933,33,11,23,67,7.831176207,109,203,20.21269737,9.281187754,6.834695439,8.718401995,455,16,478,51,471,529
13,1000,20,7.7,28,14,945,25,13,17,55,7.275373492,106,203,20.27223349,8.938664465,6.148294884,8.4024521,488,12,457,43,500,500
12,1000,20,7.7,28,16,959,18,10,13,41,7.22397484,73,201,20.48531722,8.813510849,7.098137464,7.342481883,467,18,492,23,485,515
14,1000,20,7.7,28,10,942,24,11,23,58,7.832669147,118,207,20.02354332,9.091307957,6.966003307,8.741957898,495,17,447,41,512,488
1,1000,20,7.7,28,102,946,36,12,6,54,9.019118803,103,250,21.47094359,9.438909284,8.845023439,9.196022157,481,23,465,31,504,496
11,1000,20,7.7,28,24,946,25,14,15,54,7.840747122,88,201,20.16543672,9.05336792,6.972519085,8.668276969,470,18,476,36,488,512
9,1000,20,7.7,28,29,959,24,6,11,41,7.734311558,109,233,20.50441263,9.225304491,7.191709684,8.317439714,503,15,456,26,518,482
10,1000,20,7.7,28,29,940,32,14,14,60,8.16479361,105,192,20.37808153,9.135889614,7.295865764,9.054829015,483,23,457,37,506,494
15,1000,20,7.7,28,9,932,34,11,23,68,7.860553799,97,218,20.20545976,9.286889927,6.860281522,8.751155392,455,16,477,52,471,529
13,1000,20,7.7,28,15,945,27,12,16,55,7.302750755,113,210,20.28454941,8.927048161,6.172455871,8.43304564,487,13,458,42,500,500
14,1000,20,7.7,28,11,943,23,11,23,57,7.81667935,87,220,20.06406594,9.087454835,6.980036145,8.694468941,495,17,448,40,512,488
11,1000,20,7.7,28,25,946,25,14,15,54,7.855840495,84,203,20.18865751,9.047869816,6.964159408,8.705724032,470,18,476,36,488,512
12,1000,20,7.7,28,17,961,16,10,13,39,7.258059177,98,216,20.52055893,8.803879548,7.146987312,7.362660836,467,18,494,21,485,515
9,1000,20,7.7,28,30,959,25,6,10,41,7.762703749,90,206,20.52940156,9.2402202,7.230776491,8.334360013,503,15,456,26,518,482
1,1000,20,7.7,28,103,945,37,12,6,55,9.047375343,96,185,21.4787597,9.458548039,8.868824523,9.228806016,481,23,464,32,504,496
10,1000,20,7.7,28,30,942,31,13,14,58,8.154059273,98,219,20.40596239,9.110955253,7.297255208,9.031676392,483,23,459,35,506,494
15,1000,20,7.7,28,10,934,34,10,22,66,7.866606788,101,207,20.23108886,9.296128005,6.890488622,8.735702547,455,16,479,50,471,529
13,1000,20,7.7,28,16,946,26,12,16,54,7.325954335,108,224,20.29063109,8.922250555,6.20993021,8.44197846,487,13,459,41,500,500
14,1000,20,7.7,28,12,945,23,9,23,55,7.822264526,91,225,20.06039686,9.084850856,7.013796431,8.670493346,496,16,449,39,512,488
11,1000,20,7.7,28,26,946,24,15,15,54,7.904423077,83,220,20.18848826,9.066584728,6.977611859,8.787790019,470,18,476,36,488,512
12,1000,20,7.7,28,18,961,16,10,13,39,7.260192724,101,216,20.5573573,8.818710465,7.150118287,7.363855058,467,18,494,21,485,515
9,1000,20,7.7,28,31,959,25,6,10,41,7.807881738,112,205,20.52798524,9.269434043,7.266671844,8.389513948,503,15,456,26,518,482
10,1000,20,7.7,28,31,942,31,13,14,58,8.162366343,100,214,20.43891235,9.115111068,7.309662121,9.035784027,483,23,459,35,506,494
1,1000,20,7.7,28,104,945,37,12,6,55,9.038595622,106,235,21.47147694,9.450961652,8.819150754,9.261579924,481,23,464,32,504,496
15,1000,20,7.7,28,11,935,35,9,21,65,7.900599254,102,193,20.2727286,9.296011172,6.906784153,8.785451641,455,16,480,49,471,529
16,1000,20,7.7,28,0,954,20,13,13,46,6.847,81,200,20.23940763,8.686538372,6.391304348,7.313765182,485,21,469,25,506,494
14,1000,20,7.7,28,13,949,21,8,22,51,7.804507231,104,208,20.07803728,9.117596451,7.011042563,8.636994751,497,15,452,36,512,488
13,1000,20,7.7,28,17,946,27,11,16,54,7.337412806,88,188,20.31100581,8.923724175,6.247094822,8.42773079,487,13,459,41,500,500
11,1000,20,7.7,28,27,946,25,14,15,54,7.903131728,104,221,20.18524929,9.061607484,7.005191167,8.758981325,470,18,476,36,488,512
12,1000,20,7.7,28,19,960,17,10,13,40,7.316476563,90,200,20.5532192,8.838601523,7.201167189,7.425068886,467,18,493,22,485,515
9,1000,20,7.7,28,32,958,26,6,10,42,7.870820717,106,180,20.55254647,9.274506062,7.363420762,8.416117763,502,16,456,26,518,482
10,1000,20,7.7,28,32,942,30,14,14,58,8.187689531,99,203,20.45315831,9.119475355,7.342633357,9.053273386,483,23,459,35,506,494
15,1000,20,7.7,28,12,936,35,8,21,64,7.893606042,86,214,20.29154888,9.296762314,6.91816718,8.762096977,455,16,481,48,471,529
14,1000,20,7.7,28,14,949,21,8,22,51,7.833741793,102,205,20.09164843,9.099011237,7.051979352,8.653951567,497,15,452,36,512,488
13,1000,20,7.7,28,18,947,26,11,16,53,7.360534749,86,181,20.33899725,8.92049535,6.254444957,8.466624542,488,12,459,41,500,500
11,1000,20,7.7,28,28,947,26,12,15,53,7.890700329,102,199,20.20370453,9.083760609,7.009664264,8.730437828,471,17,476,36,488,512
16,1000,20,7.7,28,1,954,20,13,13,46,6.898189197,112,210,20.25856653,8.688809654,6.460914098,7.346086363,485,21,469,25,506,494
12,1000,20,7.7,28,20,960,17,10,13,40,7.367217994,89,202,20.57238552,8.873317428,7.24133248,7.485770372,467,18,493,22,485,515
9,1000,20,7.7,28,33,958,26,6,10,42,7.87438436,89,217,20.56991882,9.291807387,7.348932524,8.439081561,502,16,456,26,518,482
10,1000,20,7.7,28,33,942,31,14,13,58,8.198793941,95,207,20.44667163,9.144656237,7.381738126,9.035697265,483,23,459,35,506,494
15,1000,20,7.7,28,13,937,34,8,21,63,7.892647711,86,223,20.31696886,9.304296176,6.929677467,8.750037097,455,16,482,47,471,529
14,1000,20,7.7,28,15,949,21,8,22,51,7.84361563,77,210,20.10349725,9.100240305,7.060065968,8.665700522,497,15,452,36,512,488
13,1000,20,7.7,28,19,947,26,11,16,53,7.376842652,107,218,20.36319021,8.931116695,6.257602408,8.496082896,488,12,459,41,500,500
12,1000,20,7.7,28,21,960,17,10,13,40,7.432302598,107,194,20.5848659,8.891842962,7.266896275,7.588073601,467,18,493,22,485,515
11,1000,20,7.7,28,29,947,27,11,15,53,7.904058332,91,213,20.21186934,9.11188104,7.045409753,8.722457758,471,17,476,36,488,512
10,1000,20,7.7,28,34,942,31,14,13,58,8.21524608,99,225,20.46312317,9.155191653,7.424159198,9.025549646,483,23,459,35,506,494
9,1000,20,7.7,28,34,959,25,7,9,41,7.888258083,98,210,20.58090923,9.299035619,7.325579989,8.492961928,503,15,456,26,518,482
16,1000,20,7.7,28,2,957,18,13,12,43,6.900851506,90,201,20.27155418,8.709944797,6.43311986,7.379945055,488,18,469,25,506,494
15,1000,20,7.7,28,14,937,33,9,21,63,7.914511558,93,199,20.33099149,9.308114176,6.940645346,8.781602269,455,16,482,47,471,529
14,1000,20,7.7,28,16,949,21,8,22,51,7.841589983,96,215,20.12394595,9.111693625,7.056826928,8.664947943,497,15,452,36,512,488
13,1000,20,7.7,28,20,948,26,11,15,52,7.411266053,82,201,20.3683777,8.941166323,6.34942235,8.473109757,488,12,460,40,500,500
12,1000,20,7.7,28,22,962,16,9,13,38,7.430843689,102,205,20.5757975,8.923489474,7.287332426,7.565995073,466,19,496,19,485,515
11,1000,20,7.7,28,30,948,27,10,15,52,7.903138294,75,208,20.23725031,9.112637498,7.026996908,8.738210552,472,16,476,36,488,512
10,1000,20,7.7,28,35,945,30,13,12,55,8.181230662,99,217,20.47954602,9.16103978,7.378627938,9.003329808,485,21,460,34,506,494
9,1000,20,7.7,28,35,959,24,8,9,41,7.90095275,107,191,20.58384055,9.3081183,7.309242469,8.536857159,503,15,456,26,518,482
15,1000,20,7.7,28,15,937,33,9,21,63,7.954797115,91,216,20.32239751,9.321442514,7.029363538,8.778765386,455,16,482,47,471,529
16,1000,20,7.7,28,3,957,18,13,12,43,6.967790361,89,217,20.27010551,8.730600321,6.501649395,7.445254589,488,18,469,25,506,494
14,1000,20,7.7,28,17,950,20,8,22,50,7.836332793,97,208,20.14934069,9.144543087,7.042886242,8.668801305,498,14,452,36,512,488
13,1000,20,7.7,28,21,948,26,11,15,52,7.419536108,82,206,20.39295048,8.958089017,6.343803274,8.495268943,488,12,460,40,500,500
12,1000,20,7.7,28,23,962,16,9,13,38,7.491935919,97,216,20.60946344,8.920394301,7.352354042,7.623386812,466,19,496,19,485,515
11,1000,20,7.7,28,31,949,26,10,15,51,7.909315839,95,213,20.25818106,9.111234696,7.050732073,8.727653491,472,16,477,35,488,512
10,1000,20,7.7,28,36,946,30,11,13,54,8.199313391,94,223,20.50119235,9.199437899,7.432411187,8.984844799,486,20,460,34,506,494
9,1000,20,7.7,28,36,959,24,8,9,41,7.929943332,109,219,20.59027999,9.330936523,7.335525986,8.568756995,503,15,456,26,518,482
15,1000,20,7.7,28,16,937,33,10,20,63,8.003719608,77,196,20.32884477,9.33536692,7.12444825,8.786586923,455,16,482,47,471,529
14,1000,20,7.7,28,18,952,18,8,22,48,7.841222955,84,216,20.15605437,9.163336343,7.064669387,8.655967682,498,14,454,34,512,488
13,1000,20,7.7,28,22,949,26,10,15,51,7.408110331,97,207,20.39401518,8.966966149,6.357798828,8.458421834,488,12,461,39,500,500
16,1000,20,7.7,28,4,958,17,14,11,42,6.971111729,95,215,20.28248362,8.761810333,6.47785073,7.476354777,489,17,469,25,506,494
12,1000,20,7.7,28,24,962,16,9,13,38,7.527646905,107,209,20.62515556,8.93642549,7.391808553,7.655572343,466,19,496,19,485,515
11,1000,20,7.7,28,32,950,27,10,13,50,7.908749351,88,187,20.30785423,9.118647608,7.065182812,8.712773708,473,15,477,35,488,512
10,1000,20,7.7,28,37,945,32,11,12,55,8.226698586,102,188,20.54006921,9.210158535,7.448961866,9.023327696,486,20,459,35,506,494
9,1000,20,7.7,28,37,959,24,8,9,41,7.978006971,87,208,20.61311628,9.34593068,7.404558013,8.594286143,503,15,456,26,518,482
15,1000,20,7.7,28,17,938,32,10,20,62,7.990634922,106,201,20.3221472,9.359329676,7.091024092,8.791611673,456,15,482,47,471,529
14,1000,20,7.7,28,19,953,20,6,21,47,7.853775321,93,213,20.17449745,9.157724302,7.113992789,8.629940601,498,14,455,33,512,488
13,1000,20,7.7,28,23,949,27,10,14,51,7.402458702,77,170,20.38833845,8.9698986,6.38737035,8.417547054,488,12,461,39,500,500
11,1000,20,7.7,28,33,953,25,9,13,47,7.955001607,90,212,20.30997036,9.119221249,7.12721738,8.743983448,473,15,480,32,488,512
12,1000,20,7.7,28,25,965,16,7,12,35,7.498633558,89,216,20.63077384,8.950766684,7.429078463,7.564136899,467,18,498,17,485,515
10,1000,20,7.7,28,38,944,34,11,11,56,8.262557667,86,226,20.55377349,9.232043154,7.467135198,9.077302139,485,21,459,35,506,494
16,1000,20,7.7,28,5,960,16,14,10,40,6.908776071,83,211,20.27225188,8.763052935,6.459677006,7.368784425,491,15,469,25,506,494
9,1000,20,7.7,28,38,959,24,9,8,41,7.994060215,98,209,20.63804502,9.35590742,7.414032543,8.617409457,503,15,456,26,518,482
15,1000,20,7.7,28,18,940,31,11,18,60,7.952535333,99,182,20.32700898,9.367668563,7.086556432,8.723567588,456,15,484,45,471,529
14,1000,20,7.7,28,20,951,23,6,20,49,7.912715089,100,209,20.18967129,9.17402399,7.189480675,8.671518409,497,15,454,34,512,488
13,1000,20,7.7,28,24,948,27,11,14,52,7.447180856,105,203,20.40571864,8.981187625,6.463415049,8.430946663,487,13,461,39,500,500
12,1000,20,7.7,28,26,964,15,9,12,36,7.545855321,98,233,20.65827891,8.960874082,7.468197262,7.618989608,466,19,498,17,485,515
11,1000,20,7.7,28,34,951,27,9,13,49,7.983076506,95,213,20.30822748,9.122444013,7.159018102,8.768507172,472,16,479,33,488,512
10,1000,20,7.7,28,39,943,35,12,10,57,8.281663285,90,226,20.55686155,9.245995427,7.493795136,9.088669931,484,22,459,35,506,494
9,1000,20,7.7,28,39,959,23,10,8,41,8.018633035,94,214,20.64709194,9.359481684,7.440818783,8.639603538,503,15,456,26,518,482
16,1000,20,7.7,28,6,962,15,13,10,38,6.921952538,91,179,20.27672559,8.777553524,6.525799165,7.327729071,491,15,471,23,506,494
14,1000,20,7.7,28,21,951,23,6,20,49,7.94944175,90,197,20.19525756,9.184579089,7.252903587,8.680235887,497,15,454,34,512,488
15,1000,20,7.7,28,19,941,29,11,19,59,7.945277221,89,201,20.34415945,9.375495371,7.104866389,8.69354471,455,16,486,43,471,529
13,1000,20,7.7,28,25,948,29,11,12,52,7.476521327,90,210,20.40234909,9.006680012,6.536854502,8.416188153,487,13,461,39,500,500
12,1000,20,7.7,28,27,965,15,9,11,35,7.581886937,96,211,20.67079791,8.965892559,7.493454649,7.66516783,466,19,499,16,485,515
11,1000,20,7.7,28,35,951,27,9,13,49,7.964311182,81,202,20.2808101,9.123651769,7.172018633,8.719465019,470,18,481,31,488,512
10,1000,20,7.7,28,40,942,37,12,9,58,8.311882768,87,202,20.5719294,9.249756141,7.54422722,9.09818582,483,23,459,35,506,494
9,1000,20,7.7,28,40,959,23,10,8,41,8.036953734,95,196,20.66873311,9.365797098,7.502625463,8.61119034,503,15,456,26,518,482
14,1000,20,7.7,28,22,951,23,6,20,49,7.966974272,102,205,20.2162116,9.197138492,7.258565493,8.710222826,497,15,454,34,512,488
16,1000,20,7.7,28,7,963,15,12,10,37,6.937050019,95,215,20.28984223,8.769231634,6.525663441,7.358429793,491,15,472,22,506,494
15,1000,20,7.7,28,20,941,29,10,20,59,7.985145284,91,213,20.34915935,9.393682419,7.166565817,8.713975019,455,16,486,43,471,529
13,1000,20,7.7,28,26,947,30,11,12,53,7.518952228,102,192,20.42495676,9.005391255,6.557886787,8.480017669,486,14,461,39,500,500
12,1000,20,7.7,28,28,964,15,10,11,36,7.613318176,102,200,20.69101085,8.989531171,7.533517715,7.688470066,466,19,498,17,485,515
11,1000,20,7.7,28,36,952,27,8,13,48,7.998811846,92,194,20.29933586,9.13776575,7.203118971,8.757206617,472,16,480,32,488,512
10,1000,20,7.7,28,41,942,37,12,9,58,8.272969524,120,210,20.60156381,9.262843777,7.559429021,9.003842994,483,23,459,35,506,494
9,1000,20,7.7,28,41,957,26,9,8,43,8.055591056,94,194,20.69452981,9.372762984,7.547639396,8.601481014,501,17,456,26,518,482
14,1000,20,7.7,28,23,952,22,6,20,48,7.99412471,97,208,20.24555107,9.196970217,7.317190904,8.704350342,497,15,455,33,512,488
15,1000,20,7.7,28,21,942,29,9,20,58,7.990102186,118,197,20.37067308,9.392872026,7.1756643,8.715244425,455,16,487,42,471,529
13,1000,20,7.7,28,27,947,30,11,12,53,7.538297075,88,189,20.44890431,9.009546357,6.561462156,8.515131993,486,14,461,39,500,500
16,1000,20,7.7,28,8,966,13,11,10,34,6.916147619,106,211,20.3300175,8.787089103,6.483626497,7.359175328,493,13,473,21,506,494
12,1000,20,7.7,28,29,964,16,10,10,36,7.620416709,90,212,20.71448426,8.986354222,7.503992286,7.730059126,467,18,497,18,485,515
11,1000,20,7.7,28,37,951,27,9,13,49,8.036372729,96,203,20.31553975,9.147883837,7.235201997,8.799988583,472,16,479,33,488,512
10,1000,20,7.7,28,42,941,38,12,9,59,8.301374515,80,198,20.61892972,9.27257908,7.563517767,9.057154909,483,23,458,36,506,494
9,1000,20,7.7,28,42,958,26,9,7,42,8.068552437,98,194,20.70453284,9.380926215,7.585009088,8.588211058,501,17,457,25,518,482
14,1000,20,7.7,28,24,952,22,6,20,48,8.006082086,90,224,20.25925974,9.204647002,7.348713892,8.695779863,497,15,455,33,512,488
15,1000,20,7.7,28,22,940,29,11,20,60,8.050488356,94,216,20.39323309,9.405809605,7.24366417,8.768851666,454,17,486,43,471,529
13,1000,20,7.7,28,28,948,29,11,12,52,7.532281123,75,194,20.4613685,9.007776443,6.567027133,8.497535112,486,14,462,38,500,500
12,1000,20,7.7,28,30,963,17,10,10,37,7.661521724,95,225,20.71920093,8.994820997,7.534691306,7.780963962,467,18,496,19,485,515
11,1000,20,7.7,28,38,952,26,9,13,48,8.033945797,84,242,20.33315989,9.159474948,7.242543437,8.788251171,472,16,480,32,488,512
10,1000,20,7.7,28,43,940,39,12,9,60,8.364668757,97,202,20.61992125,9.283049046,7.646510251,9.100272409,482,24,458,36,506,494
16,1000,20,7.7,28,9,966,14,10,10,34,6.931064147,98,192,20.31991767,8.807797641,6.469230607,7.404116316,494,12,472,22,506,494
9,1000,20,7.7,28,43,958,25,10,7,42,8.083707182,95,226,20.70943131,9.382059016,7.636296728,8.564534184,501,17,457,25,518,482
14,1000,20,7.7,28,25,952,22,6,20,48,8.024823004,90,219,20.27372466,9.202505265,7.372536497,8.709189174,497,15,455,33,512,488
15,1000,20,7.7,28,23,938,31,11,20,62,8.125291327,97,201,20.41349199,9.420992024,7.27053414,8.886332225,453,18,485,44,471,529
13,1000,20,7.7,28,29,950,29,9,12,50,7.533598922,104,219,20.46977281,9.003606342,6.587980631,8.479217213,486,14,464,36,500,500
12,1000,20,7.7,28,31,963,16,11,10,37,7.661141539,107,215,20.76031866,8.982838181,7.543179898,7.772231628,467,18,496,19,485,515
11,1000,20,7.7,28,39,952,26,9,13,48,8.086349555,94,188,20.3495724,9.180346554,7.262800884,8.871294382,472,16,480,32,488,512
10,1000,20,7.7,28,44,940,39,12,9,60,8.387985672,91,198,20.62412368,9.275008164,7.670261337,9.123144605,482,24,458,36,506,494
9,1000,20,7.7,28,44,957,26,10,7,43,8.066051916,94,198,20.68894201,9.387239588,7.610921567,8.555175403,500,18,457,25,518,482
16,1000,20,7.7,28,10,967,13,10,10,33,6.958161025,104,210,20.31982665,8.811670548,6.512664803,7.414479019,494,12,473,21,506,494
14,1000,20,7.7,28,26,950,24,6,20,50,8.070804366,98,188,20.26829856,9.205312718,7.42843066,8.744770221,496,16,454,34,512,488
13,1000,20,7.7,28,30,951,29,8,12,49,7.534448833,88,203,20.48869933,9.016195839,6.61139485,8.457502816,485,15,466,34,500,500
15,1000,20,7.7,28,24,938,28,14,20,62,8.143019814,94,216,20.4168701,9.427622841,7.289072454,8.903339675,453,18,485,44,471,529
12,1000,20,7.7,28,32,961,18,11,10,39,7.666630591,108,218,20.79554873,8.977082923,7.545320278,7.780874284,466,19,495,20,485,515
11,1000,20,7.7,28,40,953,26,8,13,47,8.078725868,94,203,20.36620402,9.196060267,7.290415723,8.830083974,472,16,481,31,488,512
10,1000,20,7.7,28,45,939,39,13,9,61,8.392578332,99,207,20.62595694,9.289297031,7.667208868,9.135568107,481,25,458,36,506,494
9,1000,20,7.7,28,45,956,26,11,7,44,8.121906129,89,236,20.70376605,9.38224129,7.689012977,8.587131549,499,19,457,25,518,482
16,1000,20,7.7,28,11,966,14,10,10,34,6.997365888,90,213,20.33124353,8.824440186,6.550656715,7.454926297,494,12,472,22,506,494
14,1000,20,7.7,28,27,949,25,6,20,51,8.081536704,85,212,20.27977429,9.210209753,7.447582703,8.746668771,496,16,453,35,512,488
13,1000,20,7.7,28,31,952,27,7,14,48,7.569962996,85,230,20.49485591,9.022196266,6.638697154,8.501228839,485,15,467,33,500,500
15,1000,20,7.7,28,25,937,30,13,20,63,8.135451137,114,190,20.42570662,9.446245684,7.319744209,8.861723279,453,18,484,45,471,529
12,1000,20,7.7,28,33,961,18,11,10,39,7.671877981,92,226,20.84694665,8.989696747,7.559730639,7.777492468,466,19,495,20,485,515
10,1000,20,7.7,28,46,939,40,11,10,61,8.415990054,95,229,20.64855984,9.304399917,7.691379844,9.158202131,481,25,458,36,506,494
11,1000,20,7.7,28,41,953,25,8,14,47,8.076136925,96,221,20.38672037,9.20846446,7.30625506,8.809930578,472,16,481,31,488,512
9,1000,20,7.7,28,46,957,26,10,7,43,8.107857668,98,213,20.71709942,9.383735341,7.709342439,8.53613752,499,19,458,24,518,482
14,1000,20,7.7,28,28,949,26,6,19,51,8.057228905,98,194,20.30251714,9.204959174,7.447155614,8.697305802,496,16,453,35,512,488
16,1000,20,7.7,28,12,966,13,11,10,34,7.050277334,93,232,20.33420681,8.831579649,6.559545761,7.552929513,494,12,472,22,506,494
13,1000,20,7.7,28,32,952,28,6,14,48,7.571767601,84,223,20.50656831,9.01511612,6.630608458,8.512926745,486,14,466,34,500,500
12,1000,20,7.7,28,34,962,17,10,11,38,7.694899133,77,199,20.84597709,8.986345071,7.569328252,7.813155205,467,18,495,20,485,515
15,1000,20,7.7,28,26,939,27,14,20,61,8.167121052,99,218,20.45401397,9.464356095,7.313496777,8.92715325,454,17,485,44,471,529
11,1000,20,7.7,28,42,953,24,9,14,47,8.113192472,97,223,20.40607314,9.226210887,7.377710311,8.814198906,472,16,481,31,488,512
10,1000,20,7.7,28,47,939,40,11,10,61,8.40817748,96,230,20.66217472,9.330556771,7.686071679,9.147824313,481,25,458,36,506,494
9,1000,20,7.7,28,47,956,26,11,7,44,8.12667042,105,195,20.74173745,9.401563451,7.757312223,8.523615535,499,19,457,25,518,482
13,1000,20,7.7,28,33,951,29,6,14,49,7.609126492,90,221,20.51900713,9.023381297,6.662709914,8.555543069,486,14,465,35,500,500
12,1000,20,7.7,28,35,961,18,10,11,39,7.735651078,104,228,20.85077183,8.980473141,7.579031446,7.883147236,466,19,495,20,485,515
14,1000,20,7.7,28,29,949,27,5,19,51,8.064373053,86,203,20.3306206,9.21299305,7.470353791,8.687606377,496,16,453,35,512,488
15,1000,20,7.7,28,27,938,28,14,20,62,8.209529213,89,231,20.49593188,9.444048901,7.362153667,8.9639978,454,17,484,45,471,529
16,1000,20,7.7,28,13,967,13,11,9,33,7.051982813,86,220,20.36958156,8.86016422,6.589856937,7.525334418,495,11,472,22,506,494
11,1000,20,7.7,28,43,953,25,8,14,47,8.096789897,100,208,20.42924427,9.237097289,7.399653658,8.761247874,471,17,482,30,488,512
10,1000,20,7.7,28,48,939,39,12,10,61,8.427926515,84,206,20.66278777,9.342884337,7.690339635,9.183430485,481,25,458,36,506,494
9,1000,20,7.7,28,48,954,28,11,7,46,8.152427043,104,190,20.73948538,9.405628674,7.772157908,8.561098023,499,19,455,27,518,482
14,1000,20,7.7,28,30,950,27,4,19,50,8.089967741,97,217,20.34548914,9.22544609,7.458303114,8.752697841,496,16,454,34,512,488
13,1000,20,7.7,28,34,951,29,6,14,49,7.633665829,109,224,20.55444811,9.03233976,6.669678614,8.597653044,487,13,464,36,500,500
12,1000,20,7.7,28,36,962,17,10,11,38,7.776377023,97,238,20.85568571,8.99211548,7.618625114,7.9249395,467,18,495,20,485,515
15,1000,20,7.7,28,28,935,31,13,21,65,8.281972567,94,204,20.50274574,9.460800741,7.404311741,9.063405931,453,18,482,47,471,529
11,1000,20,7.7,28,44,954,25,7,14,46,8.138273895,94,201,20.44563252,9.227399799,7.432387176,8.811072173,472,16,482,30,488,512
10,1000,20,7.7,28,49,940,40,9,11,60,8.435711031,107,214,20.69627996,9.380353808,7.733929173,9.154540222,482,24,458,36,506,494
16,1000,20,7.7,28,14,968,13,10,9,32,7.056014867,93,196,20.39531691,8.877506683,6.623116786,7.499428691,495,11,473,21,506,494
9,1000,20,7.7,28,49,955,27,11,7,45,8.171900113,89,212,20.77647632,9.407909743,7.791525206,8.580684764,500,18,455,27,518,482
13,1000,20,7.7,28,35,950,30,7,13,50,7.654513195,101,197,20.55197695,9.031835468,6.690086401,8.618939988,488,12,462,38,500,500
12,1000,20,7.7,28,37,962,17,10,11,38,7.804915083,93,204,20.86450632,8.997173599,7.658288181,7.943000612,467,18,495,20,485,515
14,1000,20,7.7,28,31,950,27,4,19,50,8.085607234,98,210,20.36592127,9.245408629,7.496228582,8.703971722,496,16,454,34,512,488
15,1000,20,7.7,28,29,936,31,12,21,64,8.29103834,101,197,20.50839792,9.465474932,7.416376675,9.069801373,453,18,483,46,471,529
11,1000,20,7.7,28,45,953,26,7,14,47,8.159927312,94,215,20.45830841,9.236226689,7.441010947,8.845144474,471,17,482,30,488,512
10,1000,20,7.7,28,50,942,38,9,11,58,8.427312379,92,224,20.7258118,9.39704114,7.769454667,9.101150441,482,24,460,34,506,494
9,1000,20,7.7,28,50,955,25,13,7,45,8.196216407,86,191,20.78287435,9.42465503,7.775339181,8.648528447,501,17,454,28,518,482
16,1000,20,7.7,28,15,968,13,10,9,32,7.086920724,107,214,20.42720112,8.876265959,6.650961017,7.533470545,495,11,473,21,506,494
13,1000,20,7.7,28,36,950,31,5,14,50,7.68940698,96,190,20.55576536,9.046477239,6.701396213,8.677417746,489,11,461,39,500,500
12,1000,20,7.7,28,38,964,16,10,10,36,7.84803392,102,213,20.86494215,9.015250108,7.682126288,8.004277029,467,18,497,18,485,515
14,1000,20,7.7,28,32,948,28,5,19,52,8.137691002,96,196,20.40738236,9.249844699,7.571871127,8.731338084,496,16,452,36,512,488
15,1000,20,7.7,28,30,936,31,12,21,64,8.293312988,110,225,20.52322973,9.47109243,7.43166758,9.060486877,453,18,483,46,471,529
11,1000,20,7.7,28,46,953,24,8,15,47,8.199491125,104,234,20.48284354,9.239870004,7.509627432,8.857017456,471,17,482,30,488,512
10,1000,20,7.7,28,51,941,40,9,10,59,8.421976878,89,218,20.74975184,9.392159892,7.767070566,9.092791845,483,23,458,36,506,494
9,1000,20,7.7,28,51,956,24,13,7,44,8.170137516,92,216,20.81776411,9.427450891,7.720525735,8.653330259,502,16,454,28,518,482
16,1000,20,7.7,28,16,968,14,9,9,32,7.086978888,82,233,20.44358371,8.871739067,6.690642301,7.492943085,494,12,474,20,506,494
13,1000,20,7.7,28,37,950,32,5,13,50,7.70375255,102,213,20.57340699,9.058581,6.722629757,8.684875343,487,13,463,37,500,500
12,1000,20,7.7,28,39,964,16,10,10,36,7.839893159,95,210,20.88235242,9.026598076,7.67595704,7.994279602,467,18,497,18,485,515
14,1000,20,7.7,28,33,948,28,5,19,52,8.195081653,88,217,20.42593436,9.244550679,7.626634448,8.791485279,496,16,452,36,512,488
15,1000,20,7.7,28,31,935,33,12,20,65,8.288633556,100,233,20.53922028,9.482142831,7.414017049,9.067356382,452,19,483,46,471,529
11,1000,20,7.7,28,47,955,24,8,13,45,8.215158238,99,217,20.49547117,9.251204051,7.500857609,8.895976024,473,15,482,30,488,512
10,1000,20,7.7,28,52,941,40,9,10,59,8.413175222,102,208,20.75867473,9.396834026,7.773723601,9.068160082,484,22,457,37,506,494
9,1000,20,7.7,28,52,958,23,12,7,42,8.193759363,95,221,20.83715849,9.440177896,7.773853437,8.645027557,503,15,455,27,518,482
13,1000,20,7.7,28,38,951,33,5,11,49,7.749823277,97,208,20.58561181,9.067652947,6.75979074,8.739855814,487,13,464,36,500,500
12,1000,20,7.7,28,40,964,15,10,11,36,7.887309856,89,219,20.89161358,9.035906204,7.725058632,8.040109553,467,18,497,18,485,515
16,1000,20,7.7,28,17,968,14,10,8,32,7.096953755,91,227,20.44697096,8.880009536,6.693851983,7.509847473,494,12,474,20,506,494
14,1000,20,7.7,28,34,947,29,4,20,53,8.221139474,72,201,20.43087266,9.241862944,7.65361057,8.816579636,495,17,452,36,512,488
15,1000,20,7.7,28,32,934,34,12,20,66,8.319828246,89,191,20.54723356,9.504220009,7.451430689,9.093013973,451,20,483,46,471,529
11,1000,20,7.7,28,48,955,24,8,13,45,8.234436954,97,197,20.51065074,9.268504604,7.551237388,8.88561154,473,15,482,30,488,512
10,1000,20,7.7,28,53,942,39,10,9,58,8.449686981,90,214,20.76745806,9.392445688,7.81071835,9.104177117,485,21,457,37,506,494
9,1000,20,7.7,28,53,958,23,12,7,42,8.234863536,96,214,20.85196746,9.441595686,7.820515075,8.680159184,503,15,455,27,518,482
13,1000,20,7.7,28,39,950,34,5,11,50,7.763616646,98,185,20.59497551,9.092315629,6.756771864,8.770461429,487,13,463,37,500,500
12,1000,20,7.7,28,41,963,18,10,9,37,7.900881553,94,223,20.89878459,9.032437431,7.707118728,8.083357223,467,18,496,19,485,515
14,1000,20,7.7,28,35,947,29,5,19,53,8.214427172,100,211,20.44487451,9.251762397,7.610139035,8.848434398,495,17,452,36,512,488
16,1000,20,7.7,28,18,966,16,10,8,34,7.135793831,100,204,20.45638923,8.89244271,6.74360245,7.537512127,493,13,473,21,506,494
15,1000,20,7.7,28,33,935,32,13,20,65,8.303582141,95,234,20.53543375,9.5143488,7.417034889,9.092927614,451,20,484,45,471,529
11,1000,20,7.7,28,49,955,24,9,12,45,8.220096406,107,207,20.50747426,9.266004937,7.55661383,8.852478237,473,15,482,30,488,512
10,1000,20,7.7,28,54,942,39,10,9,58,8.471916665,101,198,20.78101469,9.420264441,7.810308761,9.149596016,485,21,457,37,506,494
9,1000,20,7.7,28,54,957,22,14,7,43,8.250901801,89,206,20.84841191,9.442396966,7.828342864,8.705021156,502,16,455,27,518,482
12,1000,20,7.7,28,42,965,17,10,8,35,7.897269963,99,223,20.89028585,9.028013957,7.7216923,8.062619801,467,18,498,17,485,515
13,1000,20,7.7,28,40,951,33,5,11,49,7.772127994,75,234,20.61323808,9.100413835,6.774205966,8.770050023,487,13,464,36,500,500
14,1000,20,7.7,28,36,947,29,5,19,53,8.284500366,116,214,20.45560602,9.256872406,7.673249421,8.925812833,495,17,452,36,512,488
11,1000,20,7.7,28,50,955,23,10,12,45,8.250513641,94,207,20.50205762,9.270010775,7.580641923,8.888985122,474,14,481,31,488,512
15,1000,20,7.7,28,34,939,31,12,18,61,8.273853027,110,207,20.54592158,9.515720063,7.385851019,9.064493756,453,18,486,43,471,529
10,1000,20,7.7,28,55,941,41,10,8,59,8.498071855,102,202,20.79226036,9.442392902,7.808651163,9.20423961,485,21,456,38,506,494
16,1000,20,7.7,28,19,966,16,10,8,34,7.162159712,91,203,20.45197763,8.890778608,6.78619342,7.547258788,493,13,473,21,506,494
9,1000,20,7.7,28,55,957,22,14,7,43,8.23962657,109,213,20.86445973,9.44567472,7.810232374,8.701091702,502,16,455,27,518,482
12,1000,20,7.7,28,43,965,17,10,8,35,7.92052894,79,225,20.89614185,9.048594307,7.726281107,8.103461365,467,18,498,17,485,515
13,1000,20,7.7,28,41,951,32,6,11,49,7.760035258,104,204,20.62259531,9.121207004,6.767974268,8.752096248,487,13,464,36,500,500
14,1000,20,7.7,28,37,948,29,5,18,52,8.281019628,111,206,20.44854694,9.269858657,7.700726597,8.88985166,495,17,453,35,512,488
11,1000,20,7.7,28,51,954,23,11,12,46,8.310878051,77,205,20.51407558,9.286078589,7.665461729,8.926040482,473,15,481,31,488,512
15,1000,20,7.7,28,35,940,29,13,18,60,8.2814958,98,203,20.5607373,9.514641472,7.370036613,9.093021844,454,17,486,43,471,529
10,1000,20,7.7,28,56,942,40,10,8,58,8.512194266,99,217,20.80061151,9.453658588,7.787712125,9.254275164,487,19,455,39,506,494
9,1000,20,7.7,28,56,957,22,14,7,43,8.277387528,99,219,20.88411623,9.447093723,7.833382933,8.754554292,502,16,455,27,518,482
16,1000,20,7.7,28,20,966,16,9,9,34,7.183725103,94,185,20.45204935,8.903840092,6.805626277,7.571008515,493,13,473,21,506,494
12,1000,20,7.7,28,44,968,15,9,8,32,7.933028029,90,219,20.909732,9.065547572,7.745580426,8.109556353,468,17,500,15,485,515
13,1000,20,7.7,28,42,951,32,6,11,49,7.792378028,96,217,20.62912979,9.116029104,6.797626025,8.787130032,487,13,464,36,500,500
11,1000,20,7.7,28,52,952,24,12,12,48,8.363102899,94,201,20.53408221,9.28809367,7.736461121,8.960370843,472,16,480,32,488,512
14,1000,20,7.7,28,38,947,30,5,18,53,8.313535779,109,249,20.47061731,9.285004527,7.744726256,8.910319542,494,18,453,35,512,488
15,1000,20,7.7,28,36,940,29,13,18,60,8.293657095,106,220,20.56773433,9.517412175,7.398544459,9.090628836,454,17,486,43,471,529
10,1000,20,7.7,28,57,945,38,9,8,55,8.507878581,103,223,20.80403757,9.468276619,7.810414941,9.222284658,487,19,458,36,506,494
9,1000,20,7.7,28,57,956,23,14,7,44,8.273818586,90,210,20.89946016,9.458258358,7.819353108,8.762227543,502,16,454,28,518,482
16,1000,20,7.7,28,21,965,17,9,9,35,7.200881999,102,219,20.48962499,8.910775469,6.818229011,7.592830202,492,14,473,21,506,494
12,1000,20,7.7,28,45,968,15,9,8,32,7.918076862,99,218,20.93218425,9.08071309,7.76569395,8.061583099,468,17,500,15,485,515
13,1000,20,7.7,28,43,951,32,6,11,49,7.775436985,93,211,20.66433442,9.11887032,6.792643505,8.758230465,487,13,464,36,500,500
11,1000,20,7.7,28,53,952,24,12,12,48,8.398165691,88,225,20.55404729,9.280869906,7.797645945,8.970536074,471,17,481,31,488,512
14,1000,20,7.7,28,39,949,29,5,17,51,8.315790563,106,209,20.47250254,9.30478447,7.742127677,8.917666377,496,16,453,35,512,488
15,1000,20,7.7,28,37,942,27,13,18,58,8.280071953,101,200,20.58241315,9.541229627,7.406445448,9.057913322,454,17,488,41,471,529
10,1000,20,7.7,28,58,945,38,10,7,55,8.545406928,103,209,20.80796386,9.494549118,7.832251144,9.275886334,487,19,458,36,506,494
9,1000,20,7.7,28,58,956,23,14,7,44,8.31526876,102,198,20.91072162,9.452689962,7.876010709,8.787334466,502,16,454,28,518,482
12,1000,20,7.7,28,46,968,16,7,9,32,7.962689696,101,196,20.94157582,9.074731066,7.829330729,8.08828018,467,18,501,14,485,515
13,1000,20,7.7,28,44,951,33,5,11,49,7.79541253,116,208,20.6571729,9.123268474,6.828227738,8.762597321,487,13,464,36,500,500
16,1000,20,7.7,28,22,966,17,8,9,34,7.201826019,97,188,20.49823231,8.931026587,6.806755965,7.606492917,493,13,473,21,506,494
11,1000,20,7.7,28,54,952,23,13,12,48,8.426961358,102,208,20.56522895,9.289883082,7.811856202,9.013233459,471,17,481,31,488,512
14,1000,20,7.7,28,40,949,29,5,17,51,8.345773223,81,216,20.50419593,9.31405566,7.785550534,8.933547847,496,16,453,35,512,488
15,1000,20,7.7,28,38,942,26,14,18,58,8.274617049,102,224,20.60463884,9.556145063,7.390038926,9.062209291,454,17,488,41,471,529
10,1000,20,7.7,28,59,945,38,10,7,55,8.570745531,107,222,20.83455222,9.502009155,7.872368058,9.286087639,487,19,458,36,506,494
9,1000,20,7.7,28,59,956,23,14,7,44,8.317778621,93,232,20.92222643,9.464285353,7.882856359,8.785184703,502,16,454,28,518,482
12,1000,20,7.7,28,47,968,17,7,8,32,7.969741679,94,214,20.96783292,9.076380363,7.831233229,8.100181675,466,19,502,13,485,515
13,1000,20,7.7,28,45,953,32,5,10,47,7.80283326,91,195,20.67306095,9.122971646,6.806010064,8.799656457,488,12,465,35,500,500
11,1000,20,7.7,28,55,955,22,12,11,45,8.418159801,95,197,20.56118237,9.303598709,7.866831981,8.94364413,472,16,483,29,488,512
14,1000,20,7.7,28,41,948,31,4,17,52,8.367289567,90,200,20.51042725,9.329039336,7.79024776,8.972710478,496,16,452,36,512,488
16,1000,20,7.7,28,23,966,17,8,9,34,7.250943848,83,218,20.51168476,8.940901621,6.830833788,7.681259011,493,13,473,21,506,494
15,1000,20,7.7,28,39,946,23,14,17,54,8.238268368,101,208,20.61957938,9.556943251,7.387133085,8.996084471,455,16,491,38,471,529
10,1000,20,7.7,28,60,946,38,9,7,54,8.591502433,113,201,20.83328923,9.507680028,7.871253051,9.329247751,488,18,458,36,506,494
9,1000,20,7.7,28,60,958,23,12,7,42,8.326118685,104,220,20.93712163,9.458630046,7.897088971,8.787192112,503,15,455,27,518,482
12,1000,20,7.7,28,48,968,18,7,7,32,7.975350086,99,246,20.95787582,9.103626833,7.84379014,8.099246345,466,19,502,13,485,515
13,1000,20,7.7,28,46,954,32,5,9,46,7.801729572,108,225,20.70064873,9.125829674,6.815519423,8.78793972,488,12,466,34,500,500
11,1000,20,7.7,28,56,954,23,12,11,46,8.442924242,90,224,20.54713861,9.306584123,7.906169462,8.954518642,471,17,483,29,488,512
14,1000,20,7.7,28,42,949,30,4,17,51,8.366779855,109,193,20.52384482,9.340791625,7.795442657,8.966215604,496,16,453,35,512,488
15,1000,20,7.7,28,40,947,23,12,18,53,8.238588022,120,221,20.64702726,9.554244426,7.401631641,8.983779808,455,16,492,37,471,529
10,1000,20,7.7,28,61,946,38,9,7,54,8.628618974,103,215,20.8470377,9.505859837,7.939278575,9.334704484,488,18,458,36,506,494
9,1000,20,7.7,28,61,960,22,11,7,40,8.339476692,90,227,20.97334749,9.443066801,7.910258112,8.800753091,504,14,456,26,518,482
16,1000,20,7.7,28,24,966,19,8,7,34,7.282564953,115,215,20.50337851,8.940041331,6.850199834,7.725432868,493,13,473,21,506,494
12,1000,20,7.7,28,49,967,19,7,7,33,8.012860188,94,179,20.97267439,9.12140109,7.892126148,8.126561178,465,20,502,13,485,515
13,1000,20,7.7,28,47,955,32,4,9,45,7.79199626,101,216,20.71491787,9.123002183,6.856725044,8.727267476,488,12,467,33,500,500
11,1000,20,7.7,28,57,955,23,11,11,45,8.450672081,109,197,20.57560488,9.3240143,7.950647791,8.927257731,471,17,484,28,488,512
14,1000,20,7.7,28,43,951,28,5,16,49,8.373586739,95,202,20.51830852,9.36351171,7.831607946,8.942220227,497,15,454,34,512,488
15,1000,20,7.7,28,41,948,22,12,18,52,8.263653466,103,194,20.66494744,9.565840194,7.439527203,8.997421841,455,16,493,36,471,529
10,1000,20,7.7,28,62,947,38,9,6,53,8.617874668,107,249,20.85896794,9.511796314,7.919844836,9.33286069,488,18,459,35,506,494
9,1000,20,7.7,28,62,960,21,12,7,40,8.371781802,73,217,20.9896266,9.444452512,7.893390589,8.885903478,504,14,456,26,518,482
16,1000,20,7.7,28,25,964,21,8,7,36,7.285522805,100,199,20.52861297,8.947468689,6.854099904,7.727425615,492,14,472,22,506,494
12,1000,20,7.7,28,50,967,19,7,7,33,8.028529502,98,223,20.98459591,9.14055941,7.896838215,8.152549451,465,20,502,13,485,515
13,1000,20,7.7,28,48,956,31,5,8,44,7.785684577,81,227,20.72553999,9.128030163,6.867322347,8.704046808,487,13,469,31,500,500
11,1000,20,7.7,28,58,955,21,13,11,45,8.464736345,97,208,20.59368724,9.310010664,7.949435756,8.955882219,471,17,484,28,488,512
14,1000,20,7.7,28,44,950,28,6,16,50,8.375288698,96,199,20.5314167,9.369914035,7.85523285,8.920921064,496,16,454,34,512,488
15,1000,20,7.7,28,42,948,22,12,18,52,8.297452925,95,235,20.67016595,9.573764176,7.48563527,9.020262217,455,16,493,36,471,529
10,1000,20,7.7,28,63,950,35,10,5,50,8.611356573,103,234,20.86549883,9.520111357,7.945842113,9.293037376,489,17,461,33,506,494
9,1000,20,7.7,28,63,959,21,13,7,41,8.41985256,93,234,20.99224964,9.460307957,7.902254215,8.976109703,503,15,456,26,518,482
16,1000,20,7.7,28,26,964,21,8,7,36,7.288348983,104,227,20.54101292,8.965322575,6.853928216,7.733322482,492,14,472,22,506,494
12,1000,20,7.7,28,51,968,17,8,7,32,8.061700724,94,213,21.0009195,9.166561321,7.936274573,8.179820498,466,19,502,13,485,515
13,1000,20,7.7,28,49,956,31,5,8,44,7.819705248,102,205,20.73342158,9.131438445,6.926608376,8.71280212,487,13,469,31,500,500
11,1000,20,7.7,28,59,955,21,13,11,45,8.493286957,109,222,20.61429787,9.310679331,7.993220474,8.969912825,471,17,484,28,488,512
14,1000,20,7.7,28,45,950,27,7,16,50,8.422830465,108,219,20.53547758,9.391198092,7.908998026,8.961933352,495,17,455,33,512,488
10,1000,20,7.7,28,64,950,34,11,5,50,8.64122272,113,213,20.86459534,9.542596781,7.972134142,9.326564461,489,17,461,33,506,494
15,1000,20,7.7,28,43,948,23,12,17,52,8.283559598,91,222,20.69901106,9.584445937,7.47619598,9.002403198,455,16,493,36,471,529
9,1000,20,7.7,28,64,960,20,13,7,40,8.432461303,85,214,20.99451738,9.477955103,7.879031588,9.027226017,504,14,456,26,518,482
12,1000,20,7.7,28,52,967,18,9,6,33,8.048647963,104,192,21.00131789,9.189427601,7.908449242,8.180679769,465,20,502,13,485,515
13,1000,20,7.7,28,50,956,31,5,8,44,7.82286306,109,197,20.74611241,9.152368616,6.985782447,8.659943674,487,13,469,31,500,500
16,1000,20,7.7,28,27,964,22,7,7,36,7.300521922,88,220,20.55210959,8.963204203,6.884016229,7.727145162,491,15,473,21,506,494
11,1000,20,7.7,28,60,955,21,12,12,45,8.489326469,104,205,20.64210584,9.338305014,8.029356056,8.927735768,471,17,484,28,488,512
14,1000,20,7.7,28,46,949,28,7,16,51,8.452387981,100,233,20.54842189,9.390631569,7.954176185,8.975101997,495,17,454,34,512,488
10,1000,20,7.7,28,65,949,35,11,5,51,8.642602487,91,195,20.87479584,9.543131546,7.978695813,9.322636449,488,18,461,33,506,494
15,1000,20,7.7,28,44,950,21,12,17,50,8.270084792,100,231,20.72343607,9.583342504,7.492892411,8.962065154,455,16,495,34,471,529
9,1000,20,7.7,28,65,959,21,13,7,41,8.462175752,92,230,21.01074456,9.480446786,7.920317201,9.044505067,504,14,455,27,518,482
12,1000,20,7.7,28,53,967,19,9,5,33,8.08211477,111,191,21.03316263,9.201912347,7.925378839,8.229720453,466,19,501,14,485,515
13,1000,20,7.7,28,51,954,33,5,8,46,7.858638021,94,199,20.77429401,9.157047643,7.022214011,8.69506203,486,14,468,32,500,500
11,1000,20,7.7,28,61,953,23,12,12,47,8.536071589,99,200,20.64182469,9.362269835,8.100637798,8.95109442,470,18,483,29,488,512
14,1000,20,7.7,28,47,949,28,7,16,51,8.48735037,113,217,20.54514376,9.399502223,7.996000812,9.00286466,495,17,454,34,512,488
16,1000,20,7.7,28,28,962,24,7,7,38,7.350037418,106,200,20.59807983,8.975516566,6.906221449,7.804634343,489,17,473,21,506,494
10,1000,20,7.7,28,66,950,34,12,4,50,8.681998541,95,203,20.88432909,9.538101464,8.030575528,9.349245595,488,18,462,32,506,494
9,1000,20,7.7,28,66,959,21,13,7,41,8.473900153,111,232,21.02796559,9.489026857,7.945270997,9.042011985,504,14,455,27,518,482
15,1000,20,7.7,28,45,950,22,12,16,50,8.275101178,108,209,20.73668034,9.582109187,7.499309996,8.96583397,455,16,495,34,471,529
12,1000,20,7.7,28,54,965,21,9,5,35,8.107580277,95,196,21.04801955,9.222369124,7.929769995,8.275032679,465,20,500,15,485,515
13,1000,20,7.7,28,52,954,33,5,8,46,7.914658142,98,235,20.78791839,9.143998812,7.057755652,8.771560632,486,14,468,32,500,500
11,1000,20,7.7,28,62,951,25,12,12,49,8.607871394,91,235,20.66472668,9.354590071,8.160721003,9.03406161,470,18,481,31,488,512
14,1000,20,7.7,28,48,949,29,8,14,51,8.503798063,107,209,20.5601408,9.402655295,8.069629057,8.959319644,494,18,455,33,512,488
10,1000,20,7.7,28,67,950,34,12,4,50,8.691450721,98,223,20.89269522,9.546535864,8.082834052,9.3148516,488,18,462,32,506,494
9,1000,20,7.7,28,67,958,22,13,7,42,8.471865493,95,196,21.04802853,9.488745619,7.94363045,9.039553775,503,15,455,27,518,482
15,1000,20,7.7,28,46,950,22,12,16,50,8.29947567,91,212,20.74413589,9.581730415,7.511613781,9.000955726,455,16,495,34,471,529
16,1000,20,7.7,28,29,962,24,7,7,38,7.383210607,107,205,20.59343027,8.977516652,6.951861308,7.825038027,489,17,473,21,506,494
12,1000,20,7.7,28,55,966,20,9,5,34,8.136228555,95,222,21.06103931,9.220653282,7.956986384,8.305029434,466,19,500,15,485,515
13,1000,20,7.7,28,53,956,31,5,8,44,7.906848101,102,201,20.80674229,9.15307605,7.034053188,8.779643014,487,13,469,31,500,500
11,1000,20,7.7,28,63,951,24,13,12,49,8.639569787,96,206,20.68611349,9.408733438,8.172560853,9.084687676,470,18,481,31,488,512
14,1000,20,7.7,28,49,948,30,8,14,52,8.504014284,95,203,20.53880542,9.430709717,8.061418799,8.968376759,493,19,455,33,512,488
10,1000,20,7.7,28,68,950,34,12,4,50,8.708425851,104,213,20.90541884,9.572689705,8.092218784,9.33960151,488,18,462,32,506,494
9,1000,20,7.7,28,68,957,23,13,7,43,8.451383846,104,191,21.05095166,9.483315814,7.944707997,8.995902703,502,16,455,27,518,482
15,1000,20,7.7,28,47,950,23,12,15,50,8.299114435,79,206,20.74024452,9.594983927,7.511376789,9.00048387,455,16,495,34,471,529
16,1000,20,7.7,28,30,962,25,7,6,38,7.373412884,106,194,20.61113224,8.969802038,6.969160113,7.78748556,488,18,474,20,506,494
12,1000,20,7.7,28,56,968,20,8,4,32,8.150315467,85,225,21.07837526,9.242908727,7.958587603,8.330874718,468,17,500,15,485,515
13,1000,20,7.7,28,54,957,30,5,8,43,7.936894857,83,218,20.84112626,9.163396122,7.055200129,8.818589584,487,13,470,30,500,500
11,1000,20,7.7,28,64,950,25,13,12,50,8.673976822,81,227,20.69658628,9.414488738,8.207955059,9.118153815,470,18,480,32,488,512
14,1000,20,7.7,28,50,949,29,9,13,51,8.480512727,111,228,20.52072753,9.44444536,8.108396602,8.870929644,494,18,455,33,512,488
10,1000,20,7.7,28,69,949,36,11,4,51,8.732356981,91,188,20.89752782,9.594638558,8.110310401,9.369514005,488,18,461,33,506,494
9,1000,20,7.7,28,69,957,22,14,7,43,8.46670343,96,211,21.08006715,9.497968884,7.940138908,9.032596423,502,16,455,27,518,482
15,1000,20,7.7,28,48,948,25,13,14,52,8.318070462,107,223,20.75778559,9.614391691,7.545180457,9.006220165,453,18,495,34,471,529
12,1000,20,7.7,28,57,969,19,8,4,31,8.178370889,99,223,21.08537501,9.246014978,7.970382691,8.374243269,469,16,500,15,485,515
16,1000,20,7.7,28,31,962,25,7,6,38,7.408911634,113,205,20.65574521,8.968214948,6.959357921,7.869385679,488,18,474,20,506,494
13,1000,20,7.7,28,55,958,29,5,8,42,7.955343063,98,211,20.86815855,9.178347439,7.104079324,8.806606802,487,13,471,29,500,500
11,1000,20,7.7,28,65,950,25,13,12,50,8.687271815,93,201,20.70054303,9.414856432,8.242060704,9.111613654,470,18,480,32,488,512
14,1000,20,7.7,28,51,950,27,10,13,50,8.462909497,90,194,20.53044461,9.461430303,8.079568504,8.865103325,495,17,455,33,512,488
10,1000,20,7.7,28,70,948,37,11,4,52,8.736594851,89,212,20.91819998,9.610745474,8.126214488,9.361802267,488,18,460,34,506,494
9,1000,20,7.7,28,70,957,22,14,7,43,8.498858975,92,199,21.10019795,9.497499946,7.987124313,9.048814483,502,16,455,27,518,482
15,1000,20,7.7,28,49,949,24,13,14,51,8.340389573,85,224,20.75187845,9.633057427,7.559938059,9.035271734,453,18,496,33,471,529
12,1000,20,7.7,28,58,969,18,9,4,31,8.191824051,89,220,21.13416557,9.251004417,7.976245192,8.394844918,470,15,499,16,485,515
13,1000,20,7.7,28,56,957,29,6,8,43,7.976101177,94,181,20.87536391,9.182680164,7.13240685,8.819795503,487,13,470,30,500,500
11,1000,20,7.7,28,66,949,26,13,12,51,8.725632673,103,203,20.68731184,9.409799845,8.298632551,9.132617164,470,18,479,33,488,512
16,1000,20,7.7,28,32,963,25,7,5,37,7.393966565,95,209,20.65422301,8.980118235,6.96572911,7.832606549,488,18,475,19,506,494
14,1000,20,7.7,28,52,951,27,10,12,49,8.50393936,96,194,20.55875255,9.467260823,8.112053045,8.915098771,496,16,455,33,512,488
10,1000,20,7.7,28,71,948,37,11,4,52,8.772769328,99,221,20.93029235,9.612699125,8.12857216,9.432615011,488,18,460,34,506,494
9,1000,20,7.7,28,71,958,21,15,6,42,8.473189209,99,219,21.11038848,9.499357059,7.975012739,9.008573881,502,16,456,26,518,482
15,1000,20,7.7,28,50,951,22,13,14,49,8.389862323,81,187,20.7553532,9.648757514,7.628014663,9.068180372,453,18,498,31,471,529
12,1000,20,7.7,28,59,968,18,10,4,32,8.265052307,97,213,21.15756204,9.254300148,8.032807814,8.483767995,469,16,499,16,485,515
13,1000,20,7.7,28,57,955,31,6,8,45,8.030734763,85,228,20.88279656,9.200472929,7.210276973,8.851192554,486,14,469,31,500,500
11,1000,20,7.7,28,67,948,27,13,12,52,8.744770039,104,228,20.7122621,9.407851391,8.329580828,9.140497256,470,18,478,34,488,512
14,1000,20,7.7,28,53,951,27,10,12,49,8.541893351,100,200,20.56256026,9.487676418,8.178289979,8.923378857,496,16,455,33,512,488
16,1000,20,7.7,28,33,964,24,7,5,36,7.424376014,84,210,20.66938501,8.978129468,6.966938349,7.892925525,489,17,475,19,506,494
10,1000,20,7.7,28,72,947,38,11,4,53,8.838139542,81,208,20.96635771,9.631389277,8.190665739,9.501341454,488,18,459,35,506,494
9,1000,20,7.7,28,72,959,20,14,7,41,8.495721194,93,223,21.12360919,9.503706672,7.998754754,9.029805459,502,16,457,25,518,482
15,1000,20,7.7,28,51,951,22,13,14,49,8.422696854,111,207,20.77269512,9.64458561,7.65320002,9.107825415,453,18,498,31,471,529
12,1000,20,7.7,28,60,968,18,10,4,32,8.265289845,115,225,21.15754471,9.261236704,8.023208921,8.493268966,469,16,499,16,485,515
13,1000,20,7.7,28,58,955,31,6,8,45,8.067146854,112,192,20.88268123,9.197477802,7.252894753,8.881398955,486,14,469,31,500,500
11,1000,20,7.7,28,68,948,28,12,12,52,8.753478181,98,232,20.72371107,9.399083102,8.336992737,9.150440871,470,18,478,34,488,512
14,1000,20,7.7,28,54,951,27,10,12,49,8.547907701,109,194,20.58299361,9.504773973,8.194802722,8.918378498,496,16,455,33,512,488
10,1000,20,7.7,28,73,948,37,11,4,52,8.876255514,106,213,20.98099283,9.640976644,8.247325217,9.52046347,488,18,460,34,506,494
9,1000,20,7.7,28,73,960,20,13,7,40,8.531120026,105,210,21.12953898,9.522747523,8.060885828,9.03647545,502,16,458,24,518,482
15,1000,20,7.7,28,52,952,22,13,13,48,8.461562415,115,190,20.79673987,9.667103582,7.681765464,9.15586178,454,17,498,31,471,529
16,1000,20,7.7,28,34,965,23,7,5,35,7.420873317,88,220,20.67854774,8.97490755,6.941914758,7.911466497,490,16,475,19,506,494
12,1000,20,7.7,28,61,967,18,11,4,33,8.295103843,84,204,21.14084998,9.268654508,8.050494725,8.525463886,469,16,498,17,485,515
13,1000,20,7.7,28,59,955,31,6,8,45,8.130844164,97,214,20.92858247,9.212462752,7.309669142,8.952019187,486,14,469,31,500,500
11,1000,20,7.7,28,69,948,28,12,12,52,8.740851603,106,223,20.72981888,9.393177122,8.363945245,9.100090475,470,18,478,34,488,512
14,1000,20,7.7,28,55,952,26,10,12,48,8.576203412,98,248,20.61020063,9.500188327,8.235019791,8.934166555,496,16,456,32,512,488
9,1000,20,7.7,28,74,960,20,13,7,40,8.53001981,100,213,21.13788141,9.531792716,8.054445933,9.041113728,502,16,458,24,518,482
10,1000,20,7.7,28,74,948,36,12,4,52,8.941965952,101,210,20.99130073,9.648469961,8.305510002,9.593882371,488,18,460,34,506,494
15,1000,20,7.7,28,53,953,22,14,11,47,8.454211771,86,213,20.81778685,9.682688193,7.687195322,9.137131898,454,17,499,30,471,529
16,1000,20,7.7,28,35,965,23,7,5,35,7.421449477,107,232,20.69797517,8.982777996,6.93972317,7.914877639,490,16,475,19,506,494
12,1000,20,7.7,28,62,965,19,12,4,35,8.305768974,105,219,21.12659988,9.281140784,8.068548224,8.529171039,467,18,498,17,485,515
13,1000,20,7.7,28,60,955,31,6,8,45,8.127694819,108,237,20.93531156,9.23239625,7.293540282,8.961849356,486,14,469,31,500,500
11,1000,20,7.7,28,70,951,26,11,12,49,8.733741253,88,217,20.73904959,9.417735767,8.373282042,9.077303939,471,17,480,32,488,512
14,1000,20,7.7,28,56,951,27,10,12,49,8.593252855,98,204,20.6052014,9.51707084,8.24948169,8.953930799,495,17,456,32,512,488
9,1000,20,7.7,28,75,959,21,13,7,41,8.565001042,94,223,21.15764815,9.520097942,8.054148048,9.114009031,502,16,457,25,518,482
10,1000,20,7.7,28,75,948,36,12,4,52,8.965913307,92,223,21.00087572,9.659845236,8.343608392,9.60333494,488,18,460,34,506,494
15,1000,20,7.7,28,54,955,22,12,11,45,8.435049472,93,200,20.81574428,9.690766815,7.710983206,9.079728511,454,17,501,28,471,529
12,1000,20,7.7,28,63,963,21,12,4,37,8.338205819,89,238,21.13626083,9.278290636,8.068806921,8.591911577,467,18,496,19,485,515
16,1000,20,7.7,28,36,965,21,9,5,35,7.433064653,83,212,20.71019865,9.009330826,6.94679527,7.931146248,490,16,475,19,506,494
13,1000,20,7.7,28,61,956,30,6,8,44,8.115937064,103,222,20.94751719,9.245561679,7.308197472,8.923676655,486,14,470,30,500,500
11,1000,20,7.7,28,71,951,26,11,12,49,8.767153707,103,235,20.75276327,9.422416964,8.415572357,9.102254681,471,17,480,32,488,512
14,1000,20,7.7,28,57,952,27,9,12,48,8.591479139,98,202,20.62294014,9.520255922,8.230227204,8.970497562,497,15,455,33,512,488
9,1000,20,7.7,28,76,958,21,13,8,42,8.617116976,101,207,21.17711038,9.564067502,8.10042182,9.172403471,501,17,457,25,518,482
10,1000,20,7.7,28,76,946,38,12,4,54,9.018145938,107,233,21.01306808,9.663473672,8.379018295,9.672798949,487,19,459,35,506,494
15,1000,20,7.7,28,55,955,20,14,11,45,8.451398426,103,202,20.80710825,9.704243228,7.743754887,9.08145534,454,17,501,28,471,529
12,1000,20,7.7,28,64,961,23,12,4,39,8.335891408,99,246,21.1494514,9.315673879,8.049286343,8.605801033,466,19,495,20,485,515
13,1000,20,7.7,28,62,956,28,9,7,44,8.133833759,95,206,20.95030045,9.254907746,7.352241796,8.915425722,486,14,470,30,500,500
11,1000,20,7.7,28,72,951,26,11,12,49,8.773056872,97,197,20.76249037,9.422700571,8.416078322,9.113302053,471,17,480,32,488,512
16,1000,20,7.7,28,37,964,21,10,5,36,7.459978545,88,220,20.71556348,9.010904462,6.946666702,7.985759501,489,17,475,19,506,494
14,1000,20,7.7,28,58,951,29,9,11,49,8.628452422,78,203,20.63314364,9.524330851,8.264233064,9.010584208,497,15,454,34,512,488
9,1000,20,7.7,28,77,958,21,13,8,42,8.614123802,84,235,21.18909307,9.572976576,8.099376741,9.167316701,502,16,456,26,518,482
10,1000,20,7.7,28,77,947,38,12,3,53,8.991679796,106,222,21.03680711,9.663867443,8.341375582,9.657780873,487,19,460,34,506,494
15,1000,20,7.7,28,56,955,21,12,12,45,8.428559585,114,213,20.81988669,9.708121001,7.761778046,9.022234641,454,17,501,28,471,529
12,1000,20,7.7,28,65,963,22,11,4,37,8.392807752,86,229,21.18453362,9.338650088,8.095720815,8.672588653,467,18,496,19,485,515
13,1000,20,7.7,28,63,956,28,9,7,44,8.177312929,85,196,20.97969971,9.265188985,7.394250411,8.960375447,486,14,470,30,500,500
11,1000,20,7.7,28,73,951,26,11,12,49,8.760912688,85,210,20.77789677,9.429084703,8.355703565,9.147127633,471,17,480,32,488,512
14,1000,20,7.7,28,59,950,31,7,12,50,8.663759476,111,226,20.63401888,9.536021984,8.339562366,9.003900706,496,16,454,34,512,488
9,1000,20,7.7,28,78,957,22,13,8,43,8.65633934,99,226,21.2053925,9.582868854,8.135574985,9.215998958,502,16,455,27,518,482
10,1000,20,7.7,28,78,947,38,12,3,53,9.017438484,123,240,21.06841946,9.662781663,8.389411497,9.660721187,487,19,460,34,506,494
16,1000,20,7.7,28,38,966,19,10,5,34,7.434280099,105,209,20.73037737,9.021713236,6.903819298,7.977626587,490,16,476,18,506,494
15,1000,20,7.7,28,57,956,20,12,12,44,8.458573142,89,202,20.83181791,9.730306881,7.824002145,9.023569247,454,17,502,27,471,529
12,1000,20,7.7,28,66,964,21,11,4,36,8.421197225,102,209,21.1883038,9.347821623,8.119479836,8.705338844,468,17,496,19,485,515
13,1000,20,7.7,28,64,956,28,9,7,44,8.206529357,91,216,20.99288492,9.263527871,7.416345027,8.996713687,486,14,470,30,500,500
11,1000,20,7.7,28,74,949,28,12,11,51,8.766815477,108,217,20.78439004,9.436325401,8.362114671,9.152545933,469,19,480,32,488,512
9,1000,20,7.7,28,79,954,24,14,8,46,8.691451123,88,210,21.19126462,9.603571912,8.139527395,9.284597369,500,18,454,28,518,482
14,1000,20,7.7,28,60,951,31,7,11,49,8.667423914,106,207,20.63988577,9.536524283,8.375712905,8.973481367,496,16,455,33,512,488
10,1000,20,7.7,28,79,947,38,11,4,53,9.050741961,104,205,21.07668809,9.673170108,8.409799614,9.707253758,487,19,460,34,506,494
15,1000,20,7.7,28,58,956,20,12,12,44,8.450168159,103,220,20.84100621,9.756991869,7.824374153,9.00734959,454,17,502,27,471,529
16,1000,20,7.7,28,39,965,20,10,5,35,7.44255149,103,228,20.74497852,9.037880077,6.914169761,7.983768403,490,16,475,19,506,494
12,1000,20,7.7,28,67,966,19,11,4,34,8.404640164,96,195,21.196997,9.358876223,8.15002819,8.644420373,469,16,497,18,485,515
13,1000,20,7.7,28,65,954,30,10,6,46,8.189520277,95,192,21.02237977,9.252519186,7.432201128,8.946839426,484,16,470,30,500,500
11,1000,20,7.7,28,75,948,29,12,11,52,8.82230344,101,217,20.80335385,9.455529563,8.409049156,9.21618643,468,20,480,32,488,512
9,1000,20,7.7,28,80,956,23,13,8,44,8.733421269,101,224,21.20773079,9.632873389,8.188310699,9.319245491,500,18,456,26,518,482
14,1000,20,7.7,28,61,951,31,7,11,49,8.661676599,94,206,20.64881349,9.550534449,8.35632356,8.982047001,496,16,455,33,512,488
10,1000,20,7.7,28,80,947,38,11,4,53,9.076204949,96,225,21.08505558,9.68616871,8.426248009,9.741950318,487,19,460,34,506,494
15,1000,20,7.7,28,59,956,20,12,12,44,8.431038127,103,206,20.84358864,9.77575045,7.822356053,8.972983791,454,17,502,27,471,529
12,1000,20,7.7,28,68,965,20,11,4,35,8.433760099,99,219,21.18772713,9.347587293,8.200705059,8.653239116,469,16,496,19,485,515
16,1000,20,7.7,28,40,966,20,9,5,34,7.437484258,88,214,20.74084549,9.035754972,6.949642178,7.937176752,490,16,476,18,506,494
13,1000,20,7.7,28,66,954,30,10,6,46,8.219296991,104,196,21.0326736,9.265055069,7.459508304,8.979085678,484,16,470,30,500,500
11,1000,20,7.7,28,76,948,28,13,11,52,8.818342781,103,225,20.81077869,9.476368729,8.398881179,9.218142119,468,20,480,32,488,512
14,1000,20,7.7,28,62,950,32,7,11,50,8.677473258,109,218,20.66084749,9.556631958,8.4008551,8.967695587,494,18,456,32,512,488
9,1000,20,7.7,28,81,955,24,14,7,45,8.712255234,97,200,21.24095152,9.628358011,8.181539556,9.282609428,500,18,455,27,518,482
10,1000,20,7.7,28,81,948,36,11,5,52,9.077835357,95,199,21.09336022,9.684259731,8.414137121,9.757655818,488,18,460,34,506,494
15,1000,20,7.7,28,60,956,20,12,12,44,8.491299651,98,207,20.83281809,9.80449856,7.891522825,9.025316446,455,16,501,28,471,529
12,1000,20,7.7,28,69,965,19,12,4,35,8.456113983,90,223,21.18972265,9.352383224,8.191483948,8.705328676,470,15,495,20,485,515
13,1000,20,7.7,28,67,953,31,10,6,47,8.217741739,89,221,21.03015465,9.258066109,7.442937324,8.992546153,484,16,469,31,500,500
16,1000,20,7.7,28,41,967,19,9,5,33,7.462552067,109,205,20.73525363,9.027574146,7.003084149,7.933181149,490,16,477,17,506,494
11,1000,20,7.7,28,77,946,30,13,11,54,8.852357218,98,223,20.81971069,9.475116662,8.46004608,9.226278772,467,21,479,33,488,512
14,1000,20,7.7,28,63,948,34,7,11,52,8.710565279,106,199,20.69525415,9.552744066,8.442266252,8.992059341,492,20,456,32,512,488
9,1000,20,7.7,28,82,954,25,14,7,46,8.723221732,92,200,21.24945327,9.635649041,8.199262251,9.286315115,500,18,454,28,518,482
10,1000,20,7.7,28,82,947,38,10,5,53,9.101242606,115,211,21.11717573,9.703097164,8.477159698,9.740485423,487,19,460,34,506,494
15,1000,20,7.7,28,61,955,21,12,12,45,8.530817018,97,206,20.81870449,9.820674156,7.941773201,9.055277581,455,16,500,29,471,529
12,1000,20,7.7,28,70,965,19,12,4,35,8.452868596,99,234,21.19064781,9.370952348,8.192310089,8.698248937,470,15,495,20,485,515
13,1000,20,7.7,28,68,950,34,10,6,50,8.273254101,77,210,21.03301674,9.265067599,7.508105205,9.038402998,482,18,468,32,500,500
11,1000,20,7.7,28,78,946,30,13,11,54,8.865743384,104,184,20.81705995,9.462958661,8.472591595,9.240466182,467,21,479,33,488,512
16,1000,20,7.7,28,42,967,19,9,5,33,7.464396451,86,190,20.73398875,9.027316619,6.992892222,7.947354224,490,16,477,17,506,494
9,1000,20,7.7,28,83,955,24,14,7,45,8.711179076,99,235,21.25473835,9.644291272,8.194472947,9.266477365,500,18,455,27,518,482
10,1000,20,7.7,28,83,947,37,11,5,53,9.140805294,102,222,21.13264171,9.728817335,8.54023913,9.75596011,487,19,460,34,506,494
14,1000,20,7.7,28,64,949,31,9,11,51,8.731159756,107,218,20.7321992,9.55812467,8.437365969,9.039402419,493,19,456,32,512,488
15,1000,20,7.7,28,62,953,23,12,12,47,8.549276854,106,218,20.85399875,9.807301925,7.968023215,9.066801361,454,17,499,30,471,529
12,1000,20,7.7,28,71,964,20,12,4,36,8.461200876,89,218,21.22562315,9.382563295,8.200800433,8.706432361,469,16,495,20,485,515
13,1000,20,7.7,28,69,950,34,10,6,50,8.321484387,82,206,21.04846173,9.266420331,7.54943284,9.093535935,482,18,468,32,500,500
11,1000,20,7.7,28,79,946,30,14,10,54,8.911541341,104,211,20.83607333,9.469455393,8.473398154,9.329146566,468,20,478,34,488,512
10,1000,20,7.7,28,84,945,39,11,5,55,9.169060582,106,198,21.14145716,9.727083055,8.559398675,9.793532091,486,20,459,35,506,494
9,1000,20,7.7,28,84,951,28,14,7,49,8.741039707,97,218,21.25448981,9.660269754,8.236960107,9.282768406,499,19,452,30,518,482
14,1000,20,7.7,28,65,946,33,10,11,54,8.772906572,83,231,20.74661358,9.568438837,8.523875616,9.034184952,491,21,455,33,512,488
16,1000,20,7.7,28,43,966,20,9,5,34,7.498006871,100,228,20.76384587,9.038952866,7.026531729,7.98093485,490,16,476,18,506,494
15,1000,20,7.7,28,63,954,23,12,11,46,8.572314869,98,212,20.8822927,9.815287547,8.005626291,9.07687124,454,17,500,29,471,529
12,1000,20,7.7,28,72,963,21,12,4,37,8.482781223,102,212,21.22978455,9.387762873,8.241613527,8.709900315,469,16,494,21,485,515
13,1000,20,7.7,28,70,951,33,10,6,49,8.325238316,94,194,21.05596525,9.287116287,7.546535187,9.103941444,483,17,468,32,500,500
11,1000,20,7.7,28,80,945,31,14,10,55,8.924598354,105,222,20.83899914,9.481196836,8.514340053,9.315625798,468,20,477,35,488,512
9,1000,20,7.7,28,85,952,27,14,7,48,8.766276443,105,213,21.26044704,9.647279352,8.26884337,9.300862193,500,18,452,30,518,482
10,1000,20,7.7,28,85,943,41,11,5,57,9.183066297,102,204,21.15912807,9.723696039,8.586674004,9.793945853,484,22,459,35,506,494
14,1000,20,7.7,28,66,946,33,10,11,54,8.800783469,97,210,20.76466285,9.584053472,8.587249579,9.024819027,491,21,455,33,512,488
15,1000,20,7.7,28,64,954,22,13,11,46,8.605224383,102,209,20.88099003,9.841795623,8.054756583,9.095338435,455,16,499,30,471,529
16,1000,20,7.7,28,44,965,21,9,5,35,7.530973524,97,218,20.77078112,9.045193143,7.067005161,8.006212374,488,18,477,17,506,494
12,1000,20,7.7,28,73,963,22,11,4,37,8.508968206,105,218,21.22806939,9.388608382,8.283609875,8.721198867,469,16,494,21,485,515
13,1000,20,7.7,28,71,951,32,11,6,49,8.376193274,97,227,21.07197577,9.28768102,7.556872128,9.195514421,483,17,468,32,500,500
11,1000,20,7.7,28,81,944,31,15,10,56,8.982733225,95,210,20.89057193,9.4979459,8.560217048,9.385443955,468,20,476,36,488,512
10,1000,20,7.7,28,86,943,41,11,5,57,9.2224992,113,217,21.19253041,9.725677154,8.653575507,9.805242903,484,22,459,35,506,494
9,1000,20,7.7,28,86,954,27,13,6,46,8.759407819,90,201,21.26166015,9.65523408,8.271910582,9.283315638,501,17,453,29,518,482
14,1000,20,7.7,28,67,947,33,10,10,53,8.825628851,98,228,20.78881872,9.593475858,8.617006746,9.044511059,491,21,456,32,512,488
15,1000,20,7.7,28,65,954,22,14,10,46,8.607418057,102,221,20.88853959,9.844973706,8.07468167,9.081744784,455,16,499,30,471,529
12,1000,20,7.7,28,74,962,23,11,4,38,8.537400581,108,214,21.2308083,9.374404726,8.316676743,8.745266719,469,16,493,22,485,515
16,1000,20,7.7,28,45,966,20,8,6,34,7.535737777,90,229,20.76387998,9.052805314,7.111966774,7.969802813,488,18,478,16,506,494
11,1000,20,7.7,28,82,943,29,18,10,57,9.013610683,114,216,20.90136464,9.519645353,8.575954066,9.430752146,467,21,476,36,488,512
13,1000,20,7.7,28,72,953,29,12,6,47,8.353399775,83,232,21.06612418,9.291054567,7.524656591,9.182142958,483,17,470,30,500,500
10,1000,20,7.7,28,87,944,39,12,5,56,9.215262783,121,212,21.20763756,9.749073041,8.674525918,9.769134956,483,23,461,33,506,494
9,1000,20,7.7,28,87,953,28,13,6,47,8.783958898,68,205,21.25960059,9.670563271,8.312874187,9.29022836,500,18,453,29,518,482
14,1000,20,7.7,28,68,947,31,10,12,53,8.836423449,117,189,20.78759068,9.601198238,8.651321633,9.030628634,491,21,456,32,512,488
15,1000,20,7.7,28,66,954,23,14,9,46,8.594818007,102,211,20.90085273,9.855845632,8.067970754,9.06390129,455,16,499,30,471,529
12,1000,20,7.7,28,75,961,23,12,4,39,8.563987962,110,226,21.21528286,9.367349117,8.341736783,8.77329247,468,17,493,22,485,515
11,1000,20,7.7,28,83,943,28,19,10,57,9.061501165,97,226,20.91016866,9.515004584,8.600175819,9.501201885,467,21,476,36,488,512
13,1000,20,7.7,28,73,954,29,11,6,46,8.339573502,100,206,21.07753205,9.313652437,7.517031468,9.162115535,483,17,471,29,500,500
16,1000,20,7.7,28,46,967,19,8,6,33,7.546204439,93,220,20.78083065,9.059745433,7.132322119,7.970140581,489,17,478,16,506,494
10,1000,20,7.7,28,88,943,39,13,5,57,9.270469375,89,219,21.19627419,9.767955073,8.716343178,9.838056127,482,24,461,33,506,494
9,1000,20,7.7,28,88,953,29,13,5,47,8.790696441,95,220,21.26591633,9.688837588,8.292724207,9.325861622,500,18,453,29,518,482
14,1000,20,7.7,28,69,949,29,11,11,51,8.830136663,105,204,20.80156857,9.61505601,8.685759999,8.981613819,492,20,457,31,512,488
15,1000,20,7.7,28,67,953,24,13,10,47,8.605934428,93,209,20.9138639,9.859165771,8.084391661,9.070294812,454,17,499,30,471,529
12,1000,20,7.7,28,76,961,23,12,4,39,8.561768834,92,232,21.22856294,9.361018418,8.327166454,8.782705056,468,17,493,22,485,515
11,1000,20,7.7,28,84,945,29,17,9,55,9.046488962,104,230,20.93069002,9.524204678,8.639296986,9.434593814,466,22,479,33,488,512
13,1000,20,7.7,28,74,953,30,11,6,47,8.37428427,91,223,21.09514841,9.320264407,7.55046108,9.19810746,483,17,470,30,500,500
16,1000,20,7.7,28,47,965,21,8,6,35,7.576644423,102,230,20.78224768,9.06810651,7.127853549,8.036337099,488,18,477,17,506,494
10,1000,20,7.7,28,89,942,41,12,5,58,9.273709838,90,227,21.21724674,9.766635787,8.724582468,9.836176334,482,24,460,34,506,494
9,1000,20,7.7,28,89,952,31,12,5,48,8.809066871,97,232,21.28276313,9.690658115,8.292024664,9.364726338,500,18,452,30,518,482
14,1000,20,7.7,28,70,949,29,11,11,51,8.823810358,100,200,20.79611608,9.630588458,8.646545347,9.009793321,492,20,457,31,512,488
15,1000,20,7.7,28,68,955,24,13,8,45,8.61577645,92,226,20.93955265,9.85538582,8.114886695,9.061748235,454,17,501,28,471,529
12,1000,20,7.7,28,77,961,23,12,4,39,8.566647062,102,217,21.26023665,9.341093938,8.334860666,8.784931338,468,17,493,22,485,515
11,1000,20,7.7,28,85,946,29,17,8,54,9.09581425,97,212,20.95661086,9.526884892,8.691153941,9.481506108,467,21,479,33,488,512
13,1000,20,7.7,28,75,953,30,11,6,47,8.396412936,105,203,21.08550794,9.317991606,7.54597067,9.246855202,483,17,470,30,500,500
10,1000,20,7.7,28,90,943,40,12,5,57,9.27673405,124,248,21.2310275,9.773732508,8.735767237,9.830841756,482,24,461,33,506,494
9,1000,20,7.7,28,90,953,31,12,4,47,8.808730665,107,228,21.30645067,9.716037372,8.339233445,9.313294068,499,19,454,28,518,482
14,1000,20,7.7,28,71,949,29,11,11,51,8.868057491,104,226,20.78114332,9.647587499,8.686217021,9.058840936,492,20,457,31,512,488
16,1000,20,7.7,28,48,963,23,8,6,37,7.588697145,82,216,20.79338412,9.066249206,7.18428379,8.002934306,487,19,476,18,506,494
15,1000,20,7.7,28,69,955,25,12,8,45,8.653194794,122,228,20.95882943,9.880744201,8.141869613,9.108457856,453,18,502,27,471,529
12,1000,20,7.7,28,78,960,24,12,4,40,8.613826956,101,227,21.27053509,9.353745607,8.385710355,8.828655212,467,18,493,22,485,515
11,1000,20,7.7,28,86,945,30,17,8,55,9.140493442,102,213,20.963155,9.541131578,8.742256765,9.520062774,466,22,479,33,488,512
13,1000,20,7.7,28,76,951,32,11,6,49,8.41675093,80,210,21.10180429,9.321850608,7.550365121,9.283136738,483,17,468,32,500,500
10,1000,20,7.7,28,91,942,41,12,5,58,9.290654655,96,210,21.25308368,9.794142468,8.724887298,9.870165348,482,24,460,34,506,494
9,1000,20,7.7,28,91,954,30,12,4,46,8.809674563,90,210,21.31718972,9.70900192,8.351818667,9.301727164,500,18,454,28,518,482
14,1000,20,7.7,28,72,947,31,11,11,53,8.907724658,106,227,20.80172558,9.655538518,8.727414357,9.096902679,492,20,455,33,512,488
15,1000,20,7.7,28,70,952,28,12,8,48,8.684663486,113,216,20.97034016,9.879176214,8.152288518,9.158668419,451,20,501,28,471,529
16,1000,20,7.7,28,49,963,23,8,6,37,7.578482589,99,214,20.79655348,9.082050184,7.162853183,8.004208256,487,19,476,18,506,494
12,1000,20,7.7,28,79,960,24,12,4,40,8.639327705,93,210,21.27936237,9.364017927,8.416377298,8.849290709,467,18,493,22,485,515
11,1000,20,7.7,28,87,945,31,17,7,55,9.155828211,100,213,20.99839354,9.550610119,8.765861078,9.527515634,465,23,480,32,488,512
13,1000,20,7.7,28,77,952,30,12,6,48,8.436284362,88,221,21.10039429,9.326388544,7.535783952,9.336784773,484,16,468,32,500,500
10,1000,20,7.7,28,92,940,43,12,5,60,9.311327979,79,213,21.26393672,9.779748116,8.699263159,9.938260771,482,24,458,36,506,494
9,1000,20,7.7,28,92,952,32,11,5,48,8.846013574,106,220,21.32176877,9.729956302,8.37036408,9.357188755,498,20,454,28,518,482
14,1000,20,7.7,28,73,949,28,12,11,51,8.895048194,108,217,20.84698512,9.649679038,8.725697715,9.072727385,493,19,456,32,512,488
15,1000,20,7.7,28,71,953,26,13,8,47,8.673311506,127,209,20.99477625,9.885362161,8.159737878,9.130576493,451,20,502,27,471,529
12,1000,20,7.7,28,80,959,25,12,4,41,8.662849423,94,223,21.27292641,9.373940335,8.442799959,8.870080472,467,18,492,23,485,515
16,1000,20,7.7,28,50,961,25,8,6,39,7.630953398,89,207,20.82416526,9.066551831,7.216227765,8.055753338,486,20,475,19,506,494
11,1000,20,7.7,28,88,945,31,17,7,55,9.158973952,105,211,21.02729475,9.561555295,8.755075403,9.543939756,466,22,479,33,488,512
13,1000,20,7.7,28,78,952,31,13,4,48,8.45479603,77,223,21.10759046,9.337702111,7.549245879,9.360346182,484,16,468,32,500,500
10,1000,20,7.7,28,93,941,42,12,5,59,9.283674808,95,237,21.28048582,9.785199704,8.678339578,9.903714538,482,24,459,35,506,494
9,1000,20,7.7,28,93,952,33,10,5,48,8.862692995,98,233,21.33969071,9.746685593,8.385851988,9.375148683,498,20,454,28,518,482
14,1000,20,7.7,28,74,950,27,12,11,50,8.88382013,101,220,20.84142596,9.66330508,8.742874115,9.031697916,493,19,457,31,512,488
15,1000,20,7.7,28,72,952,27,12,9,48,8.69453651,81,217,21.0026148,9.897771606,8.152167222,9.177439978,451,20,501,28,471,529
12,1000,20,7.7,28,81,959,25,13,3,41,8.620648729,99,228,21.31525282,9.379960957,8.419667705,8.80992212,467,18,492,23,485,515
11,1000,20,7.7,28,89,945,31,16,8,55,9.197693484,98,240,21.04351756,9.549603847,8.766154597,9.609003986,466,22,479,33,488,512
16,1000,20,7.7,28,51,960,26,8,6,40,7.6840934,97,213,20.82107008,9.064774694,7.257776716,8.120765955,486,20,474,20,506,494
13,1000,20,7.7,28,79,952,32,12,4,48,8.462465542,106,210,21.12893407,9.330547214,7.548417246,9.376513839,484,16,468,32,500,500
10,1000,20,7.7,28,94,941,42,12,5,59,9.313139495,114,212,21.30649577,9.777814021,8.707669573,9.933317188,482,24,459,35,506,494
9,1000,20,7.7,28,94,951,34,10,5,49,8.866299789,101,228,21.33737015,9.776496581,8.393451692,9.374464342,498,20,453,29,518,482
14,1000,20,7.7,28,75,950,27,12,11,50,8.909591341,96,208,20.85996678,9.65455437,8.806126645,9.018144465,493,19,457,31,512,488
15,1000,20,7.7,28,73,949,30,12,9,51,8.733595372,97,194,21.0127468,9.923777755,8.189406923,9.218118547,451,20,498,31,471,529
12,1000,20,7.7,28,82,958,26,13,3,42,8.661042898,108,226,21.35871976,9.382923329,8.433591912,8.875244312,467,18,491,24,485,515
11,1000,20,7.7,28,90,945,31,16,8,55,9.199182077,101,221,21.06604075,9.568403508,8.741419285,9.635487238,466,22,479,33,488,512
13,1000,20,7.7,28,80,952,32,12,4,48,8.467364124,108,207,21.13882332,9.334218642,7.555924232,9.378804017,484,16,468,32,500,500
9,1000,20,7.7,28,95,950,35,10,5,50,8.880832061,103,211,21.35938665,9.760332781,8.409010988,9.387892882,497,21,453,29,518,482
10,1000,20,7.7,28,95,942,42,10,6,58,9.30230923,120,208,21.3338884,9.783675457,8.676860477,9.94295107,483,23,459,35,506,494
16,1000,20,7.7,28,52,958,28,8,6,42,7.72143432,95,204,20.86342373,9.071909449,7.31050505,8.142345678,484,22,474,20,506,494
14,1000,20,7.7,28,76,947,29,13,11,53,8.945605621,106,221,20.86858131,9.66311712,8.871513142,9.023341993,490,22,457,31,512,488
15,1000,20,7.7,28,74,949,30,11,10,51,8.729953962,100,206,21.01524201,9.92855206,8.191171499,9.209663867,451,20,498,31,471,529
12,1000,20,7.7,28,83,958,26,11,5,42,8.679061604,102,216,21.37187587,9.375934313,8.41580316,8.926984604,468,17,490,25,485,515
11,1000,20,7.7,28,91,944,31,17,8,56,9.221940034,103,212,21.08098223,9.583708068,8.786101756,9.637348394,466,22,478,34,488,512
13,1000,20,7.7,28,81,952,32,12,4,48,8.503674519,92,203,21.14280612,9.344386279,7.603013598,9.40433544,484,16,468,32,500,500
9,1000,20,7.7,28,96,951,34,10,5,49,8.925368775,108,222,21.37853939,9.771535009,8.463511646,9.421721458,496,22,455,27,518,482
10,1000,20,7.7,28,96,944,39,11,6,56,9.300988033,110,207,21.32834915,9.791672868,8.681301764,9.93572741,484,22,460,34,506,494
14,1000,20,7.7,28,77,944,31,14,11,56,9.014658954,96,211,20.88960465,9.650558596,8.93362205,9.09968128,488,24,456,32,512,488
16,1000,20,7.7,28,53,960,27,7,6,40,7.726419034,109,220,20.88025401,9.09779302,7.349724015,8.112264539,484,22,476,18,506,494
15,1000,20,7.7,28,75,950,29,11,10,50,8.72894518,123,217,21.02901012,9.931161826,8.197187108,9.202400855,451,20,499,30,471,529
12,1000,20,7.7,28,84,958,26,11,5,42,8.693081179,96,222,21.40074686,9.390350899,8.419615459,8.950616858,468,17,490,25,485,515
11,1000,20,7.7,28,92,944,29,19,8,56,9.224906992,110,215,21.08291613,9.585774102,8.789556643,9.639850293,466,22,478,34,488,512
13,1000,20,7.7,28,82,951,33,12,4,49,8.545618364,94,200,21.16199066,9.349226757,7.63180262,9.459434107,484,16,467,33,500,500
10,1000,20,7.7,28,97,943,38,13,6,57,9.375880599,93,225,21.33992375,9.773531639,8.772366463,9.994054997,484,22,459,35,506,494
9,1000,20,7.7,28,97,952,32,11,5,48,8.931830143,99,233,21.37146523,9.783093117,8.43604411,9.464645839,497,21,455,27,518,482
14,1000,20,7.7,28,78,944,31,14,11,56,9.061323106,95,220,20.91426302,9.681903191,8.959218436,9.168449316,488,24,456,32,512,488
15,1000,20,7.7,28,76,951,28,11,10,49,8.740438584,110,209,21.05787337,9.948123144,8.231314124,9.193742215,451,20,500,29,471,529
16,1000,20,7.7,28,54,960,27,7,6,40,7.746690308,89,212,20.89251291,9.090149859,7.383033404,8.119180982,484,22,476,18,506,494
12,1000,20,7.7,28,85,957,27,11,5,43,8.758022564,100,220,21.40384866,9.400628964,8.468521494,9.030659495,468,17,489,26,485,515
11,1000,20,7.7,28,93,945,29,17,9,55,9.22205777,108,218,21.10599717,9.615787146,8.775702513,9.647490125,466,22,479,33,488,512
13,1000,20,7.7,28,83,950,33,13,4,50,8.571844796,95,201,21.17327147,9.347757888,7.636413278,9.507276314,484,16,466,34,500,500
10,1000,20,7.7,28,98,942,39,13,6,58,9.414279523,116,211,21.36766612,9.766404312,8.853472024,9.988709876,483,23,459,35,506,494
9,1000,20,7.7,28,98,952,32,11,5,48,8.946354633,123,230,21.36615782,9.811322295,8.440523781,9.489965384,497,21,455,27,518,482
14,1000,20,7.7,28,79,944,31,14,11,56,9.110272723,100,207,20.92573965,9.694022528,9.01221236,9.213155725,488,24,456,32,512,488
12,1000,20,7.7,28,86,957,28,11,4,43,8.762087516,105,239,21.41551179,9.406061328,8.47355945,9.033808122,468,17,489,26,485,515
15,1000,20,7.7,28,77,952,27,11,10,48,8.763503946,122,210,21.07488251,9.950934552,8.241348596,9.22840975,451,20,501,28,471,529
11,1000,20,7.7,28,94,944,29,18,9,56,9.220646146,105,221,21.12340198,9.609186788,8.763848586,9.656031321,466,22,478,34,488,512
16,1000,20,7.7,28,55,958,29,8,5,42,7.773309839,103,198,20.90354131,9.106886446,7.424135797,8.130965842,483,23,475,19,506,494
13,1000,20,7.7,28,84,950,33,13,4,50,8.578989669,107,222,21.19276757,9.350531441,7.6482024,9.509776938,484,16,466,34,500,500
10,1000,20,7.7,28,99,941,40,13,6,59,9.463517464,114,219,21.38201922,9.762799812,8.912053506,10.02837731,483,23,458,36,506,494
9,1000,20,7.7,28,99,953,31,11,5,47,8.942486387,96,239,21.36493231,9.829810115,8.425056534,9.498562452,498,20,455,27,518,482
14,1000,20,7.7,28,80,945,31,14,10,55,9.119796609,97,227,20.94624945,9.689794286,8.98680316,9.259330719,489,23,456,32,512,488
12,1000,20,7.7,28,87,956,29,11,4,44,8.802739858,93,220,21.42847162,9.410436785,8.508531027,9.07981031,468,17,488,27,485,515
15,1000,20,7.7,28,78,952,27,11,10,48,8.776133379,132,224,21.08046995,9.963640748,8.295830081,9.203775824,450,21,502,27,471,529
11,1000,20,7.7,28,95,944,29,18,9,56,9.227754458,95,234,21.14870405,9.615105887,8.772605552,9.661568259,466,22,478,34,488,512
13,1000,20,7.7,28,85,951,31,13,5,49,8.584083209,96,223,21.21839361,9.356544461,7.620987344,9.547179074,484,16,467,33,500,500
16,1000,20,7.7,28,56,954,33,8,5,46,7.787396767,104,214,20.9395911,9.112137767,7.464535001,8.118101328,481,25,473,21,506,494
10,1000,20,7.7,28,100,941,41,13,5,59,9.440323677,118,218,21.39336975,9.768058996,8.874737138,10.01964916,482,24,459,35,506,494
9,1000,20,7.7,28,100,951,33,11,5,49,8.986510186,117,230,21.39050731,9.842487354,8.474347484,9.536925705,497,21,454,28,518,482
14,1000,20,7.7,28,81,943,33,14,10,57,9.17568385,108,207,20.9623367,9.691597756,9.050886656,9.306618611,488,24,455,33,512,488
12,1000,20,7.7,28,88,955,29,12,4,45,8.825530043,106,206,21.44706929,9.428326611,8.542502812,9.09207025,467,18,488,27,485,515
15,1000,20,7.7,28,79,953,26,10,11,47,8.820546702,103,232,21.10006554,9.98060545,8.311560325,9.273727389,451,20,502,27,471,529
11,1000,20,7.7,28,96,941,32,18,9,59,9.248848245,109,185,21.15612284,9.603192234,8.774756326,9.700717104,464,24,477,35,488,512
13,1000,20,7.7,28,86,950,32,13,5,50,8.588128733,80,212,21.24401354,9.363982938,7.625665843,9.550591623,483,17,467,33,500,500
10,1000,20,7.7,28,101,941,41,13,5,59,9.451235816,96,226,21.39407796,9.780483097,8.903859129,10.0119091,482,24,459,35,506,494
9,1000,20,7.7,28,101,949,35,11,5,51,8.998929138,100,218,21.40219998,9.825020195,8.516478933,9.517412969,496,22,453,29,518,482
16,1000,20,7.7,28,57,952,34,8,6,48,7.828009758,87,191,20.96650352,9.120495894,7.51005626,8.153686822,481,25,471,23,506,494
14,1000,20,7.7,28,82,943,33,14,10,57,9.180315426,109,218,20.98096779,9.697872431,9.032402684,9.335502565,489,23,454,34,512,488
15,1000,20,7.7,28,80,953,26,10,11,47,8.855245446,90,203,21.12276667,10.00020563,8.340703022,9.313373011,451,20,502,27,471,529
12,1000,20,7.7,28,89,953,30,13,4,47,8.838319409,98,223,21.47082639,9.435977177,8.583249234,9.078531128,466,19,487,28,485,515
11,1000,20,7.7,28,97,941,32,18,9,59,9.251646376,93,231,21.14789238,9.611489083,8.778671996,9.702450082,465,23,476,36,488,512
13,1000,20,7.7,28,87,951,31,12,6,49,8.61133526,108,192,21.25989153,9.387250876,7.671363913,9.551306606,483,17,468,32,500,500
10,1000,20,7.7,28,102,941,41,13,5,59,9.429770226,113,222,21.41539347,9.806813886,8.873044523,10.00001963,482,24,459,35,506,494
9,1000,20,7.7,28,102,951,31,13,5,49,9.014069497,99,232,21.42823851,9.827471604,8.494151121,9.572819951,497,21,454,28,518,482
14,1000,20,7.7,28,83,944,33,14,9,56,9.195348833,106,224,20.98218818,9.699254788,9.065053932,9.332051679,489,23,455,33,512,488
16,1000,20,7.7,28,58,951,35,8,6,49,7.872373811,84,211,20.97029741,9.138214351,7.582127931,8.169670197,480,26,471,23,506,494
12,1000,20,7.7,28,90,953,30,12,5,47,8.898869827,99,195,21.48962271,9.448164925,8.655055739,9.128481152,466,19,487,28,485,515
15,1000,20,7.7,28,81,952,27,10,11,48,8.891622148,109,208,21.1548516,9.993628537,8.376011599,9.350700728,450,21,502,27,471,529
11,1000,20,7.7,28,98,941,31,18,10,59,9.260084519,104,200,21.15647186,9.619176927,8.782019656,9.715740092,465,23,476,36,488,512
10,1000,20,7.7,28,103,941,41,14,4,59,9.437539446,95,227,21.44837928,9.810088061,8.890952886,9.997403412,482,24,459,35,506,494
13,1000,20,7.7,28,88,950,32,12,6,50,8.666599084,90,211,21.284064,9.398988798,7.723691871,9.609506296,482,18,468,32,500,500
9,1000,20,7.7,28,103,952,29,14,5,48,9.062277004,104,204,21.42994519,9.821294862,8.561548256,9.600404579,496,22,456,26,518,482
14,1000,20,7.7,28,84,945,32,14,9,55,9.21938423,96,210,20.98800325,9.718896802,9.069450085,9.376692185,490,22,455,33,512,488
12,1000,20,7.7,28,91,952,31,12,5,48,8.908563541,93,211,21.49937295,9.456074748,8.672886241,9.130512067,465,20,487,28,485,515
15,1000,20,7.7,28,82,952,26,10,12,48,8.911509926,97,215,21.15462104,9.998915501,8.440631863,9.330760527,450,21,502,27,471,529
16,1000,20,7.7,28,59,951,35,7,7,49,7.919895489,94,218,20.96797066,9.141903706,7.621263519,8.225781677,480,26,471,23,506,494
11,1000,20,7.7,28,99,941,31,18,10,59,9.294947868,113,209,21.16317047,9.622818277,8.822633369,9.745122625,465,23,476,36,488,512
10,1000,20,7.7,28,104,939,40,17,4,61,9.4974063,86,214,21.44417541,9.815461032,8.960333309,10.0475256,482,24,457,37,506,494
13,1000,20,7.7,28,89,949,32,12,7,51,8.682377257,102,190,21.29994948,9.417854178,7.768261673,9.596492842,481,19,468,32,500,500
17,1000,20,7.7,28,0,943,23,13,21,57,6.975,79,184,19.98172503,8.824675192,6.15860735,7.848861284,499,18,444,39,517,483
9,1000,20,7.7,28,104,951,29,15,5,49,9.091112299,99,228,21.43899227,9.843104077,8.581034954,9.639286707,496,22,455,27,518,482
18,1000,20,7.7,28,0,946,33,12,9,54,7.052,77,212,20.02899877,8.865208555,6.090373281,8.048879837,492,17,454,37,509,491
14,1000,20,7.7,28,85,945,32,14,9,55,9.245229352,99,219,21.02282848,9.73129132,9.1072838,9.389959111,490,22,455,33,512,488
15,1000,20,7.7,28,83,951,27,10,12,49,8.936315184,113,216,21.16690733,10.02266178,8.47738125,9.34493122,449,22,502,27,471,529
11,1000,20,7.7,28,100,940,32,18,10,60,9.360294659,94,209,21.17766373,9.617325172,8.895459842,9.803340344,464,24,476,36,488,512
12,1000,20,7.7,28,92,952,31,12,5,48,8.918987629,100,231,21.48343016,9.471901107,8.693988402,9.130880105,465,20,487,28,485,515
16,1000,20,7.7,28,60,950,36,7,7,50,7.961024414,96,200,20.97743882,9.147889566,7.647213348,8.28245842,479,27,471,23,506,494
13,1000,20,7.7,28,90,949,32,12,7,51,8.695140933,83,227,21.30871235,9.422218543,7.800954073,9.589327794,480,20,469,31,500,500
17,1000,20,7.7,28,1,943,23,13,21,57,6.983123843,78,198,19.9887262,8.841242031,6.162129062,7.861911218,499,18,444,39,517,483
18,1000,20,7.7,28,1,947,35,10,8,53,7.023565504,100,235,20.05316531,8.870662339,6.079704195,8.002028654,491,18,456,35,509,491
14,1000,20,7.7,28,86,944,34,14,8,56,9.284520342,92,219,21.04638065,9.760012477,9.170697885,9.403940625,489,23,455,33,512,488
15,1000,20,7.7,28,84,951,25,11,13,49,8.95613416,110,242,21.18711628,10.01376802,8.422927672,9.430879445,450,21,501,28,471,529
11,1000,20,7.7,28,101,940,32,18,10,60,9.405469729,101,213,21.18497619,9.627886069,8.947533494,9.841940203,464,24,476,36,488,512
12,1000,20,7.7,28,93,949,34,12,5,51,9.0061956,88,218,21.50471021,9.46543809,8.775057019,9.223869797,464,21,485,30,485,515
16,1000,20,7.7,28,61,950,35,8,7,50,7.946424914,92,226,20.989398,9.163338227,7.632601467,8.267871604,479,27,471,23,506,494
13,1000,20,7.7,28,91,950,31,12,7,50,8.725990153,100,188,21.34463885,9.422200441,7.819906273,9.632074034,480,20,470,30,500,500
17,1000,20,7.7,28,2,943,23,13,21,57,7.034359263,80,211,20.0023766,8.851839488,6.209896384,7.916858866,499,18,444,39,517,483
18,1000,20,7.7,28,2,947,35,10,8,53,7.038963941,83,186,20.07027371,8.877711809,6.089616744,8.023114091,491,18,456,35,509,491
14,1000,20,7.7,28,87,941,37,14,8,59,9.324352236,108,234,21.05654749,9.77041071,9.234310527,9.418822226,487,25,454,34,512,488
15,1000,20,7.7,28,85,951,24,11,14,49,9.004650015,109,211,21.18732176,10.01605536,8.489605271,9.463224825,450,21,501,28,471,529
11,1000,20,7.7,28,102,940,32,18,10,60,9.426134393,112,220,21.18820044,9.635775182,8.991938304,9.83997754,464,24,476,36,488,512
12,1000,20,7.7,28,94,948,35,12,5,52,8.997458979,112,208,21.47667913,9.462706167,8.755151993,9.225650994,464,21,484,31,485,515
13,1000,20,7.7,28,92,952,29,12,7,48,8.74038439,94,233,21.39067474,9.414149487,7.808613746,9.672155035,481,19,471,29,500,500
16,1000,20,7.7,28,62,950,35,8,7,50,7.922651524,103,201,21.00229648,9.17254193,7.596040745,8.257196169,480,26,470,24,506,494
14,1000,20,7.7,28,88,942,37,14,7,58,9.339659545,105,202,21.06287613,9.786722656,9.280765393,9.40145013,487,25,455,33,512,488
17,1000,20,7.7,28,3,944,22,15,19,56,7.02213673,108,213,20.00311488,8.836876715,6.196379968,7.906021296,499,18,445,38,517,483
18,1000,20,7.7,28,3,948,36,9,7,52,7.051945023,92,207,20.09774407,8.88142579,6.093830554,8.045183852,492,17,456,35,509,491
11,1000,20,7.7,28,103,938,34,17,11,62,9.440680776,106,199,21.2046293,9.641381092,9.033892384,9.828400963,463,25,475,37,488,512
15,1000,20,7.7,28,86,948,26,12,14,52,9.012385433,103,205,21.2052852,10.01700871,8.493971461,9.473960066,449,22,499,30,471,529
12,1000,20,7.7,28,95,948,35,12,5,52,9.037664131,102,215,21.48828602,9.4729888,8.775203121,9.284836149,464,21,484,31,485,515
13,1000,20,7.7,28,93,950,30,13,7,50,8.810498625,92,204,21.41041396,9.425036243,7.88846796,9.732529289,480,20,470,30,500,500
14,1000,20,7.7,28,89,941,38,14,7,59,9.363193126,99,202,21.06271604,9.789372892,9.27722698,9.453387115,488,24,453,35,512,488
16,1000,20,7.7,28,63,952,35,6,7,48,7.900042536,98,231,21.04024918,9.178354889,7.556349281,8.252084614,482,24,470,24,506,494
17,1000,20,7.7,28,4,945,21,16,18,55,7.069251783,94,204,20.00462036,8.835010205,6.255208352,7.940598479,500,17,445,38,517,483
11,1000,20,7.7,28,104,936,36,17,11,64,9.463106256,106,229,21.20535477,9.653146047,9.048067377,9.858690188,463,25,473,39,488,512
19,1000,20,7.7,28,0,941,31,10,18,59,7.175,89,194,19.92621881,8.89198127,6.347193347,7.942196532,462,19,479,40,481,519
15,1000,20,7.7,28,87,949,25,12,14,51,8.986735093,130,215,21.23780761,10.01517689,8.460382218,9.455378201,450,21,499,30,471,529
18,1000,20,7.7,28,4,951,33,9,7,49,7.070778603,94,188,20.14001707,8.874868783,6.109358577,8.067444169,494,15,457,34,509,491
12,1000,20,7.7,28,96,948,36,11,5,52,9.07110298,91,204,21.5159658,9.499272706,8.840471635,9.288299488,464,21,484,31,485,515
13,1000,20,7.7,28,94,950,30,13,7,50,8.84008921,87,210,21.43282497,9.422146496,7.898121664,9.782056756,480,20,470,30,500,500
14,1000,20,7.7,28,90,939,40,14,7,61,9.392473259,102,202,21.06336601,9.802777225,9.316140595,9.472559989,486,26,453,35,512,488
16,1000,20,7.7,28,64,950,37,6,7,50,7.947181729,83,207,21.07157344,9.200010035,7.610263271,8.29228444,481,25,469,25,506,494
15,1000,20,7.7,28,88,949,25,12,14,51,8.980015122,102,203,21.26997832,10.03793742,8.445893087,9.455575574,450,21,499,30,471,529
12,1000,20,7.7,28,97,947,37,11,5,53,9.104474474,109,194,21.52167085,9.504908149,8.911558492,9.286152632,463,22,484,31,485,515
19,1000,20,7.7,28,1,942,31,9,18,58,7.192360631,102,212,19.95634704,8.90707469,6.361258077,7.962611746,462,19,480,39,481,519
17,1000,20,7.7,28,5,947,20,15,18,53,7.061329307,95,211,20.02773796,8.854150848,6.273609693,7.904499163,500,17,447,36,517,483
18,1000,20,7.7,28,5,951,32,10,7,49,7.144550677,105,206,20.16659888,8.881799016,6.200768979,8.122931298,494,15,457,34,509,491
13,1000,20,7.7,28,95,950,29,14,7,50,8.843140847,97,198,21.45363732,9.438056818,7.88304775,9.803233945,480,20,470,30,500,500
14,1000,20,7.7,28,91,938,41,13,8,62,9.415003449,101,218,21.08845289,9.816174131,9.372969112,9.45910505,485,27,453,35,512,488
12,1000,20,7.7,28,98,946,36,12,6,54,9.143499117,107,231,21.55477313,9.515853712,8.929743215,9.344803219,462,23,484,31,485,515
15,1000,20,7.7,28,89,950,24,12,14,50,8.980969838,115,212,21.27790353,10.04157523,8.44936839,9.454286062,450,21,500,29,471,529
16,1000,20,7.7,28,65,950,37,6,7,50,7.965931463,106,188,21.10436853,9.211890405,7.62270927,8.317491037,481,25,469,25,506,494
17,1000,20,7.7,28,6,948,19,15,18,52,7.088091607,94,210,20.06211344,8.882725245,6.305089036,7.926212372,500,17,448,35,517,483
19,1000,20,7.7,28,2,946,28,9,17,54,7.208553178,103,221,19.9657696,8.915667666,6.382721419,7.973919413,464,17,482,37,481,519
18,1000,20,7.7,28,6,951,32,10,7,49,7.17090318,78,205,20.19000484,8.888683617,6.246851599,8.128830379,494,15,457,34,509,491
13,1000,20,7.7,28,96,953,26,14,7,47,8.831593827,120,220,21.46901377,9.452672901,7.82449476,9.838692893,483,17,470,30,500,500
14,1000,20,7.7,28,92,935,44,13,8,65,9.445348668,118,220,21.11144432,9.822444605,9.418696991,9.473311083,483,29,452,36,512,488
12,1000,20,7.7,28,99,946,36,11,7,54,9.173638977,102,224,21.57508896,9.507302919,8.937780277,9.395758336,462,23,484,31,485,515
15,1000,20,7.7,28,90,951,23,11,15,49,9.013302889,108,235,21.2990041,10.06114575,8.513980204,9.45787942,450,21,501,28,471,529
17,1000,20,7.7,28,7,948,20,15,17,52,7.083078628,88,193,20.06380057,8.882919357,6.320924613,7.898883235,500,17,448,35,517,483
18,1000,20,7.7,28,7,953,31,9,7,47,7.205846706,89,209,20.19392392,8.894232756,6.264771017,8.181422114,496,13,457,34,509,491
19,1000,20,7.7,28,3,946,28,10,16,54,7.240192871,110,218,19.97088288,8.920881205,6.421954433,7.99852175,464,17,482,37,481,519
16,1000,20,7.7,28,66,949,38,6,7,51,8.024890295,96,213,21.10750358,9.201258054,7.69150761,8.366371346,480,26,469,25,506,494
13,1000,20,7.7,28,97,953,26,14,7,47,8.860404781,91,205,21.46883032,9.450412851,7.864723599,9.856085964,483,17,470,30,500,500
14,1000,20,7.7,28,93,934,44,14,8,66,9.459713134,87,226,21.1214195,9.818353836,9.435588285,9.48502445,483,29,451,37,512,488
12,1000,20,7.7,28,100,946,36,11,7,54,9.172845838,103,197,21.5770746,9.521450432,8.945065711,9.38735722,462,23,484,31,485,515
17,1000,20,7.7,28,8,948,21,12,19,52,7.134931933,94,197,20.06159169,8.882101099,6.371312617,7.952304989,499,18,449,34,517,483
18,1000,20,7.7,28,8,953,31,9,7,47,7.231644281,91,204,20.21122278,8.902291647,6.268083825,8.230528745,496,13,457,34,509,491
15,1000,20,7.7,28,91,949,25,11,15,51,9.023376907,99,227,21.30387327,10.08108618,8.554508542,9.440838154,449,22,500,29,471,529
19,1000,20,7.7,28,4,948,26,10,16,52,7.245477489,104,173,19.99800711,8.919839686,6.42448566,8.006358163,465,16,483,36,481,519
13,1000,20,7.7,28,98,952,27,14,7,48,8.849353568,111,242,21.49587428,9.464910922,7.855671642,9.843035494,483,17,469,31,500,500
16,1000,20,7.7,28,67,949,36,8,7,51,8.06875194,95,205,21.1153412,9.190828669,7.72352478,8.422365186,480,26,469,25,506,494
14,1000,20,7.7,28,94,934,44,14,8,66,9.492023965,110,229,21.13254279,9.817147909,9.499875185,9.48378662,483,29,451,37,512,488
12,1000,20,7.7,28,101,945,37,11,7,55,9.198116137,101,202,21.59742209,9.532377584,8.968026672,9.414802332,462,23,483,32,485,515
17,1000,20,7.7,28,9,949,22,10,19,51,7.144010821,101,215,20.08547442,8.888775729,6.41758349,7.921573823,499,18,450,33,517,483
18,1000,20,7.7,28,9,953,31,9,7,47,7.2263539,107,219,20.20492998,8.916328304,6.274411744,8.213194139,496,13,457,34,509,491
15,1000,20,7.7,28,92,949,25,11,15,51,9.018046141,116,215,21.32101938,10.0747222,8.571083031,9.416003844,449,22,500,29,471,529
13,1000,20,7.7,28,99,952,27,14,7,48,8.882640163,107,243,21.48410602,9.47324418,7.906795165,9.858485161,483,17,469,31,500,500
19,1000,20,7.7,28,5,948,25,11,16,52,7.254966854,100,186,20.01556247,8.929553503,6.436307421,8.013685905,465,16,483,36,481,519
16,1000,20,7.7,28,68,949,36,8,7,51,8.057184172,102,217,21.16770264,9.204581393,7.696882007,8.426238616,480,26,469,25,506,494
14,1000,20,7.7,28,95,935,43,14,8,65,9.548040625,123,224,21.16721489,9.831351556,9.566954136,9.528196942,484,28,451,37,512,488
12,1000,20,7.7,28,102,945,38,10,7,55,9.22951813,97,232,21.61588413,9.534942284,9.008270767,9.437877297,463,22,482,33,485,515
17,1000,20,7.7,28,10,949,23,9,19,51,7.169280465,79,222,20.10555569,8.899360075,6.427527181,7.963248267,499,18,450,33,517,483
18,1000,20,7.7,28,10,953,31,9,7,47,7.245049596,91,223,20.21272401,8.921205173,6.321568736,8.202385153,495,14,458,33,509,491
15,1000,20,7.7,28,93,948,26,10,16,52,9.054952948,113,256,21.33640053,10.10184628,8.612439381,9.44894896,448,23,500,29,471,529
13,1000,20,7.7,28,100,951,28,14,7,49,8.902660548,88,215,21.49768026,9.473551221,7.964257589,9.841063508,483,17,468,32,500,500
19,1000,20,7.7,28,6,949,25,10,16,51,7.253162115,97,207,20.02205737,8.934224548,6.438904923,8.007801248,465,16,484,35,481,519
14,1000,20,7.7,28,96,936,42,14,8,64,9.572075811,106,209,21.18134552,9.847288787,9.602296651,9.5403687,484,28,452,36,512,488
16,1000,20,7.7,28,69,949,35,9,7,51,8.091397502,98,226,21.19656843,9.228836435,7.741059005,8.450246246,481,25,468,26,506,494
12,1000,20,7.7,28,103,948,35,10,7,52,9.233088564,98,243,21.62387229,9.522430095,9.031011569,9.423394083,463,22,485,30,485,515
17,1000,20,7.7,28,11,949,23,9,19,51,7.187005899,86,212,20.12748366,8.89905501,6.457630333,7.967724673,499,18,450,33,517,483
18,1000,20,7.7,28,11,954,31,8,7,46,7.267483421,90,220,20.2241231,8.92670856,6.356066373,8.212312908,496,13,458,33,509,491
15,1000,20,7.7,28,94,947,27,10,16,53,9.10977095,99,209,21.3386473,10.10877108,8.679154746,9.493174035,448,23,499,30,471,529
13,1000,20,7.7,28,101,949,30,14,7,51,8.907740801,114,248,21.5002165,9.483257243,7.97057,9.844911601,483,17,466,34,500,500
19,1000,20,7.7,28,7,950,24,10,16,50,7.271394685,94,214,20.03389814,8.928762813,6.457985367,8.025248023,465,16,485,34,481,519
14,1000,20,7.7,28,97,936,42,14,8,64,9.569629276,101,213,21.19947393,9.847463519,9.607216213,9.530193802,484,28,452,36,512,488
17,1000,20,7.7,28,12,948,26,8,18,52,7.192901921,93,201,20.13795995,8.897332956,6.422412101,8.017629119,499,18,449,34,517,483
12,1000,20,7.7,28,104,947,37,10,6,53,9.282269566,126,225,21.63606913,9.534602785,9.063893712,9.487924497,463,22,484,31,485,515
18,1000,20,7.7,28,12,955,30,8,7,45,7.286170963,94,233,20.22286733,8.937372281,6.434386404,8.169181839,496,13,459,32,509,491
20,1000,20,7.7,28,0,944,29,10,17,56,7.33,87,190,19.95766053,8.731937305,6.206680585,8.362763916,464,15,480,41,479,521
15,1000,20,7.7,28,95,946,28,10,16,54,9.142334979,87,211,21.37754823,10.10748147,8.734188472,9.505731964,447,24,499,30,471,529
16,1000,20,7.7,28,70,949,35,9,7,51,8.125601676,91,213,21.1889121,9.222042424,7.7564061,8.503765566,481,25,468,26,506,494
13,1000,20,7.7,28,102,949,30,14,7,51,8.941842849,105,220,21.53086624,9.474689,8.014596431,9.869089268,483,17,466,34,500,500
19,1000,20,7.7,28,8,950,25,10,15,50,7.284250352,86,215,20.04796434,8.937836687,6.49060593,8.019785933,465,16,485,34,481,519
14,1000,20,7.7,28,98,937,43,13,7,63,9.569933836,93,212,21.21115001,9.85430446,9.642755169,9.493531126,485,27,452,36,512,488
17,1000,20,7.7,28,13,950,26,8,16,50,7.187077966,78,198,20.15282172,8.910297095,6.443382696,7.983124456,500,17,450,33,517,483
18,1000,20,7.7,28,13,955,30,8,7,45,7.312476033,93,222,20.21790424,8.959246806,6.461681588,8.194460499,496,13,459,32,509,491
15,1000,20,7.7,28,96,945,29,10,16,55,9.172936763,97,224,21.39536489,10.1101836,8.786283119,9.51719738,447,24,498,31,471,529
20,1000,20,7.7,28,1,945,30,8,17,55,7.330942278,94,191,19.97937721,8.750698369,6.221939579,8.350543608,464,15,481,40,479,521
13,1000,20,7.7,28,103,949,30,14,7,51,8.98006473,96,232,21.54468023,9.481937792,8.068139676,9.891989784,483,17,466,34,500,500
16,1000,20,7.7,28,71,948,35,11,6,52,8.13142718,97,227,21.1838162,9.221370817,7.761211501,8.510635952,482,24,466,28,506,494
19,1000,20,7.7,28,9,950,24,11,15,50,7.306044822,96,192,20.04679542,8.913645982,6.484452084,8.067482408,465,16,485,34,481,519
14,1000,20,7.7,28,99,939,40,13,8,61,9.583450907,112,217,21.22994748,9.859612264,9.645936218,9.517892547,487,25,452,36,512,488
17,1000,20,7.7,28,14,950,26,8,16,50,7.21020252,94,183,20.13890753,8.932408483,6.432213685,8.042956614,500,17,450,33,517,483
18,1000,20,7.7,28,14,957,29,6,8,43,7.328404682,91,200,20.22089767,8.950461794,6.5134912,8.173192793,496,13,461,30,509,491
15,1000,20,7.7,28,97,944,29,10,17,56,9.197456905,103,198,21.39895248,10.10316674,8.83810856,9.517405998,447,24,497,32,471,529
13,1000,20,7.7,28,104,949,31,13,7,51,9.012232343,96,211,21.55964537,9.48323813,8.130345559,9.894119126,482,18,467,33,500,500
21,1000,20,7.7,28,0,939,31,13,17,61,7.146,103,190,20.00313945,8.897267327,6.784,7.508,473,27,466,34,500,500
20,1000,20,7.7,28,2,945,32,7,16,55,7.347594866,89,217,19.98123321,8.770310895,6.29716855,8.313341901,463,16,482,39,479,521
16,1000,20,7.7,28,72,948,36,11,5,52,8.160942424,91,238,21.18056548,9.236469502,7.781643223,8.549455371,482,24,466,28,506,494
19,1000,20,7.7,28,10,950,24,11,15,50,7.32427432,85,205,20.06046203,8.910109696,6.492063447,8.095552605,465,16,485,34,481,519
14,1000,20,7.7,28,100,937,42,13,8,63,9.587252538,100,224,21.25042695,9.875962936,9.66086192,9.510023022,485,27,452,36,512,488
17,1000,20,7.7,28,15,950,26,8,16,50,7.271821265,95,208,20.14877659,8.942372462,6.478741215,8.120728896,501,16,449,34,517,483
18,1000,20,7.7,28,15,955,30,7,8,45,7.345340665,88,200,20.23601995,8.949417218,6.508893865,8.212451503,496,13,459,32,509,491
15,1000,20,7.7,28,98,942,30,11,17,58,9.226280827,112,238,21.41333342,10.11877572,8.837369063,9.572551982,447,24,495,34,471,529
21,1000,20,7.7,28,1,942,31,12,15,58,7.139155241,82,186,20.03477542,8.905219757,6.828844135,7.449466347,474,26,468,32,500,500
20,1000,20,7.7,28,3,947,31,7,15,53,7.354323346,90,185,19.99087368,8.765813116,6.323823623,8.301750156,463,16,484,37,479,521
16,1000,20,7.7,28,73,948,36,12,4,52,8.196827196,96,206,21.19785618,9.257707824,7.801407942,8.601851776,482,24,466,28,506,494
19,1000,20,7.7,28,11,950,25,11,14,50,7.33124356,84,196,20.07391091,8.909815769,6.509703164,8.092632635,465,16,485,34,481,519
14,1000,20,7.7,28,101,938,42,12,8,62,9.586488876,91,195,21.27249936,9.883609901,9.651570339,9.518206686,486,26,452,36,512,488
17,1000,20,7.7,28,16,949,27,8,16,51,7.301370737,80,201,20.13927445,8.954259663,6.519569153,8.138205972,501,16,448,35,517,483
18,1000,20,7.7,28,16,955,30,7,8,45,7.352545845,87,219,20.25814229,8.954224862,6.500342929,8.235990416,496,13,459,32,509,491
15,1000,20,7.7,28,99,942,29,12,17,58,9.246249484,100,215,21.43769668,10.15231483,8.829556835,9.617255605,447,24,495,34,471,529
21,1000,20,7.7,28,2,942,30,13,15,58,7.162539312,95,183,20.04518256,8.931407672,6.865848364,7.459230261,474,26,468,32,500,500
20,1000,20,7.7,28,4,946,32,7,15,54,7.386293351,83,209,19.99145938,8.765253302,6.345470829,8.343210794,463,16,483,38,479,521
14,1000,20,7.7,28,102,938,41,13,8,62,9.601653655,95,216,21.28521246,9.873298337,9.677894644,9.52166311,486,26,452,36,512,488
18,1000,20,7.7,28,17,955,30,7,8,45,7.348450435,97,172,20.26344923,8.950124475,6.508350136,8.219348708,495,14,460,31,509,491
16,1000,20,7.7,28,74,949,35,11,5,51,8.210444451,99,189,21.21645968,9.271596906,7.814885775,8.61561184,482,24,467,27,506,494
19,1000,20,7.7,28,12,948,27,11,14,52,7.392797282,97,175,20.09131422,8.939808043,6.578753328,8.147238789,465,16,483,36,481,519
15,1000,20,7.7,28,100,942,27,14,17,58,9.24253878,107,207,21.45491758,10.15774077,8.852286324,9.590003633,446,25,496,33,471,529
17,1000,20,7.7,28,17,951,25,8,16,49,7.320673958,97,199,20.16358824,8.976899116,6.565508693,8.128997853,502,15,449,34,517,483
20,1000,20,7.7,28,5,947,30,8,15,53,7.424168804,91,208,20.01758773,8.794427757,6.412886626,8.353927275,463,16,484,37,479,521
21,1000,20,7.7,28,3,942,30,12,16,58,7.211699032,95,215,20.05711478,8.936750868,6.879842195,7.543555869,475,25,467,33,500,500
14,1000,20,7.7,28,103,936,41,15,8,64,9.609461901,98,226,21.31419459,9.856540472,9.68237731,9.532960489,485,27,451,37,512,488
18,1000,20,7.7,28,18,955,30,7,8,45,7.35470909,98,207,20.25834332,8.960351737,6.524978447,8.214857557,495,14,460,31,509,491
19,1000,20,7.7,28,13,949,26,11,14,51,7.386364252,89,218,20.09851783,8.941692337,6.582645722,8.131236338,466,15,483,36,481,519
16,1000,20,7.7,28,75,952,32,12,4,48,8.200383545,105,204,21.24297814,9.279318184,7.78326859,8.627630846,484,22,468,26,506,494
17,1000,20,7.7,28,18,951,25,8,16,49,7.362473924,81,240,20.1837666,8.982779321,6.596713868,8.182138415,502,15,449,34,517,483
15,1000,20,7.7,28,101,938,31,14,17,62,9.277103086,97,213,21.46711647,10.16830238,8.90449241,9.608860418,442,29,496,33,471,529
20,1000,20,7.7,28,6,948,30,7,15,52,7.460229309,104,215,20.04187651,8.787652119,6.501408273,8.341755752,463,16,485,36,479,521
21,1000,20,7.7,28,4,944,28,12,16,56,7.188267635,88,204,20.07096187,8.943797844,6.839521372,7.537013898,476,24,468,32,500,500
14,1000,20,7.7,28,104,936,41,15,8,64,9.60766789,101,228,21.33760623,9.849022003,9.701192411,9.509543802,485,27,451,37,512,488
18,1000,20,7.7,28,19,956,29,7,8,44,7.4073766,95,193,20.27531658,8.964817118,6.565255863,8.280369381,495,14,461,30,509,491
22,1000,20,7.7,28,0,928,33,16,23,72,7.485,81,212,19.88045139,9.04187421,6.406122449,8.521568627,469,21,459,51,490,510
17,1000,20,7.7,28,19,952,24,8,16,48,7.357497865,99,220,20.16828682,8.993047632,6.588650292,8.180467214,503,14,449,34,517,483
15,1000,20,7.7,28,102,938,32,13,17,62,9.286594349,91,218,21.4557134,10.17079713,8.873386259,9.654497961,443,28,495,34,471,529
21,1000,20,7.7,28,5,944,28,12,16,56,7.215815785,97,198,20.09927799,8.957532032,6.888893113,7.542738457,476,24,468,32,500,500
20,1000,20,7.7,28,7,950,28,7,15,50,7.432772153,100,190,20.06155287,8.803622819,6.464331029,8.323143168,463,16,487,34,479,521
19,1000,20,7.7,28,14,948,28,11,13,52,7.416749514,100,207,20.09123898,8.941589908,6.64883795,8.128436338,466,15,482,37,481,519
16,1000,20,7.7,28,76,951,33,12,4,49,8.257808493,93,222,21.26670445,9.299348266,7.823524402,8.702641995,483,23,468,26,506,494
18,1000,20,7.7,28,20,956,29,7,8,44,7.425082374,70,218,20.2824833,8.975748208,6.612541259,8.267411146,494,15,462,29,509,491
22,1000,20,7.7,28,1,929,33,17,21,71,7.443759648,91,208,19.90346751,9.051366819,6.39499282,8.451398365,470,20,459,51,490,510
17,1000,20,7.7,28,20,952,24,8,16,48,7.392109705,90,206,20.16897288,9.004155161,6.619129582,8.219502508,503,14,449,34,517,483
15,1000,20,7.7,28,103,939,31,12,18,61,9.287942742,87,209,21.45346936,10.18337182,8.881249436,9.650045855,444,27,495,34,471,529
21,1000,20,7.7,28,6,944,28,12,16,56,7.23325409,85,229,20.11789715,8.977879985,6.911335207,7.555172974,475,25,469,31,500,500
20,1000,20,7.7,28,8,951,28,6,15,49,7.442025146,98,209,20.059714,8.82151554,6.463834223,8.341359986,463,16,488,33,479,521
19,1000,20,7.7,28,15,949,26,11,14,51,7.432429129,100,215,20.10405083,8.953342988,6.661727116,8.146702093,467,14,482,37,481,519
16,1000,20,7.7,28,77,951,33,12,4,49,8.254265708,94,181,21.26846328,9.291185223,7.823275562,8.69572525,483,23,468,26,506,494
18,1000,20,7.7,28,21,956,29,7,8,44,7.446654931,86,196,20.27675683,8.981724144,6.609379248,8.314625038,494,15,462,29,509,491
17,1000,20,7.7,28,21,953,23,8,16,47,7.460378836,93,204,20.17389513,9.004418253,6.696344875,8.278195726,504,13,449,34,517,483
21,1000,20,7.7,28,7,946,27,12,15,54,7.27510068,91,223,20.11862182,9.016503305,6.979032596,7.571168764,476,24,470,30,500,500
15,1000,20,7.7,28,104,935,35,12,18,65,9.369254198,98,210,21.46018215,10.20141592,8.95316572,9.739722389,444,27,491,38,471,529
23,1000,20,7.7,28,0,939,34,13,14,61,7.276,89,230,20.39321442,8.901313642,6.782426778,7.727969349,456,22,483,39,478,522
22,1000,20,7.7,28,2,929,33,17,21,71,7.480163214,94,219,19.9379776,9.058887603,6.395589719,8.522204414,470,20,459,51,490,510
20,1000,20,7.7,28,9,950,29,6,15,50,7.443035383,109,175,20.10036225,8.845662247,6.473668671,8.33425737,463,16,487,34,479,521
19,1000,20,7.7,28,16,949,26,11,14,51,7.473442229,101,207,20.10514874,8.948084352,6.697651838,8.192431011,467,14,482,37,481,519
16,1000,20,7.7,28,78,950,34,12,4,50,8.251053475,86,210,21.28884797,9.302052105,7.78654824,8.726842238,483,23,467,27,506,494
18,1000,20,7.7,28,22,956,28,8,8,44,7.474945404,98,185,20.29433133,8.997160827,6.624785946,8.356271603,494,15,462,29,509,491
17,1000,20,7.7,28,22,954,22,8,16,46,7.483297515,89,211,20.17633634,9.006607997,6.725795488,8.294122667,504,13,450,33,517,483
21,1000,20,7.7,28,8,946,27,12,15,54,7.302409935,102,207,20.1209646,9.021778719,6.993889347,7.610930523,476,24,470,30,500,500
20,1000,20,7.7,28,10,951,28,6,15,49,7.449476119,80,203,20.11300597,8.865961213,6.438442442,8.379006122,464,15,487,34,479,521
23,1000,20,7.7,28,1,939,33,14,14,61,7.321439321,82,211,20.40622409,8.920075817,6.819508125,7.78106214,456,22,483,39,478,522
22,1000,20,7.7,28,3,930,32,17,21,70,7.482634865,92,220,19.9429476,9.072546861,6.413777082,8.509576657,470,20,460,50,490,510
19,1000,20,7.7,28,17,950,25,11,14,50,7.501738242,98,188,20.10805491,8.970462266,6.710331844,8.235199662,468,13,482,37,481,519
16,1000,20,7.7,28,79,950,34,12,4,50,8.236707588,94,206,21.27147977,9.32299062,7.774173234,8.710477594,483,23,467,27,506,494
18,1000,20,7.7,28,23,955,29,8,8,45,7.50737864,106,231,20.28571674,8.999122785,6.662301903,8.383435786,494,15,461,30,509,491
21,1000,20,7.7,28,9,946,26,13,15,54,7.32601889,96,206,20.13165988,9.041554957,7.003699595,7.648338185,476,24,470,30,500,500
20,1000,20,7.7,28,11,951,28,6,15,49,7.437711079,118,198,20.12916548,8.854652268,6.42387438,8.36981814,465,14,486,35,479,521
17,1000,20,7.7,28,23,954,23,7,16,46,7.486621742,96,206,20.19884496,8.986911076,6.746367928,8.278984519,503,14,451,32,517,483
23,1000,20,7.7,28,2,940,33,13,14,60,7.328567071,84,213,20.40574875,8.924433549,6.820418339,7.793883342,457,21,483,39,478,522
22,1000,20,7.7,28,4,931,31,17,21,69,7.523548117,101,194,19.96154408,9.084078285,6.524703358,8.483222493,469,21,462,48,490,510
19,1000,20,7.7,28,18,951,24,11,14,49,7.499552612,104,208,20.11191166,8.984520863,6.712719045,8.228776013,468,13,483,36,481,519
21,1000,20,7.7,28,10,946,26,13,15,54,7.374745625,99,197,20.14687412,9.061499685,7.086562011,7.662929239,476,24,470,30,500,500
17,1000,20,7.7,28,24,952,25,7,16,48,7.532160899,102,211,20.21576658,8.985384348,6.785521596,8.331358662,502,15,450,33,517,483
20,1000,20,7.7,28,12,952,28,5,15,48,7.452762758,103,194,20.16025597,8.87252598,6.400470141,8.420225643,465,14,487,34,479,521
16,1000,20,7.7,28,80,948,36,12,4,52,8.240831499,93,228,21.24994825,9.34804522,7.780896325,8.711939187,482,24,466,28,506,494
18,1000,20,7.7,28,24,955,30,7,8,45,7.534718504,101,204,20.30704909,8.997109897,6.676209465,8.42470038,494,15,461,30,509,491
23,1000,20,7.7,28,3,942,31,13,14,58,7.356801101,92,221,20.42430785,8.937362558,6.859514712,7.81217063,457,21,485,37,478,522
22,1000,20,7.7,28,5,931,31,16,22,69,7.548112327,90,203,19.98381024,9.103386503,6.511111522,8.544446434,469,21,462,48,490,510
19,1000,20,7.7,28,19,951,24,11,14,49,7.505744311,98,178,20.12221125,8.97524453,6.702690279,8.250000552,468,13,483,36,481,519
21,1000,20,7.7,28,11,949,25,12,14,51,7.348256364,96,220,20.17449378,9.062377393,7.061212872,7.635299857,478,22,471,29,500,500
20,1000,20,7.7,28,13,953,26,6,15,47,7.512127061,104,214,20.16932881,8.87753468,6.427202657,8.509591149,466,13,487,34,479,521
17,1000,20,7.7,28,25,953,24,8,15,47,7.533425487,97,225,20.21391054,8.982192134,6.812695126,8.30489049,503,14,450,33,517,483
18,1000,20,7.7,28,25,953,31,8,8,47,7.581915118,91,210,20.32803184,9.011112377,6.726121404,8.469082126,493,16,460,31,509,491
16,1000,20,7.7,28,81,948,36,11,5,52,8.288362785,108,221,21.24692678,9.351805554,7.838350501,8.749306541,483,23,465,29,506,494
23,1000,20,7.7,28,4,942,32,14,12,58,7.351621588,98,207,20.4133552,8.939652467,6.854534643,7.806808485,455,23,487,35,478,522
22,1000,20,7.7,28,6,932,30,16,22,68,7.569234709,109,193,19.99218394,9.114442219,6.518953421,8.578328497,470,20,462,48,490,510
19,1000,20,7.7,28,20,950,24,12,14,50,7.564352958,78,185,20.13393786,8.971841508,6.75271669,8.316563063,467,14,483,36,481,519
21,1000,20,7.7,28,12,949,26,12,13,51,7.378604507,107,226,20.19599867,9.062037165,7.100542836,7.656666178,477,23,472,28,500,500
17,1000,20,7.7,28,26,952,26,8,14,48,7.541369281,80,204,20.22987683,8.995530462,6.82335604,8.309925897,503,14,449,34,517,483
20,1000,20,7.7,28,14,952,26,7,15,48,7.561160499,81,196,20.19826977,8.879300301,6.496840442,8.539681242,465,14,487,34,479,521
18,1000,20,7.7,28,26,952,32,8,8,48,7.599049781,91,189,20.31681424,9.007357177,6.772274617,8.456134423,492,17,460,31,509,491
23,1000,20,7.7,28,5,944,30,13,13,56,7.390433712,104,197,20.41833827,8.961373802,6.866871596,7.869864156,456,22,488,34,478,522
16,1000,20,7.7,28,82,947,37,11,5,53,8.294188391,103,219,21.27182689,9.353450054,7.868647108,8.730066709,482,24,465,29,506,494
22,1000,20,7.7,28,7,935,28,17,20,65,7.557352755,91,215,20.00104825,9.123817817,6.572623858,8.503464833,470,20,465,45,490,510
21,1000,20,7.7,28,13,949,27,12,12,51,7.410118355,85,228,20.22294913,9.072148763,7.124144223,7.696092487,477,23,472,28,500,500
17,1000,20,7.7,28,27,953,24,9,14,47,7.55958017,89,194,20.23898411,8.991729785,6.827154628,8.343563618,503,14,450,33,517,483
19,1000,20,7.7,28,21,949,25,12,14,51,7.568198938,95,228,20.14869532,8.977793688,6.759535554,8.317653827,467,14,482,37,481,519
20,1000,20,7.7,28,15,952,26,7,15,48,7.590082041,108,206,20.21753544,8.895736466,6.539546532,8.555929467,465,14,487,34,479,521
18,1000,20,7.7,28,27,952,32,8,8,48,7.608588981,111,203,20.33768092,8.998641378,6.783441379,8.463986394,492,17,460,31,509,491
23,1000,20,7.7,28,6,943,31,13,13,57,7.413058987,95,191,20.4313426,8.974211725,6.915166925,7.868983136,455,23,488,34,478,522
22,1000,20,7.7,28,8,936,28,16,20,64,7.588873625,102,210,20.00304513,9.146210143,6.567882693,8.569825697,471,19,465,45,490,510
16,1000,20,7.7,28,83,946,38,11,5,54,8.329839754,95,204,21.27895976,9.374177109,7.926314861,8.74316687,482,24,464,30,506,494
21,1000,20,7.7,28,14,951,25,12,12,49,7.400337783,107,210,20.23691318,9.086072999,7.135420027,7.66525554,477,23,474,26,500,500
17,1000,20,7.7,28,28,954,24,8,14,46,7.573331049,76,216,20.26552875,8.977749261,6.797444032,8.403835372,504,13,450,33,517,483
20,1000,20,7.7,28,16,951,27,7,15,49,7.626614891,111,223,20.21305439,8.90318055,6.548189467,8.618103908,465,14,486,35,479,521
19,1000,20,7.7,28,22,950,25,11,14,50,7.571699302,114,201,20.15973531,8.998576781,6.784068585,8.30166149,467,14,483,36,481,519
18,1000,20,7.7,28,28,953,32,8,7,47,7.591314333,101,192,20.3310655,9.007990063,6.773318698,8.439297588,493,16,460,31,509,491
23,1000,20,7.7,28,7,942,32,13,13,58,7.431643833,96,218,20.43556032,8.977474001,6.936274725,7.885257691,455,23,487,35,478,522
22,1000,20,7.7,28,9,937,27,16,20,63,7.587579876,83,207,20.01200977,9.151555928,6.577186095,8.558350373,472,18,465,45,490,510
16,1000,20,7.7,28,84,947,37,11,5,53,8.318937155,106,212,21.29298099,9.366623582,7.9428631,8.704146613,482,24,465,29,506,494
21,1000,20,7.7,28,15,950,26,12,12,50,7.422548405,95,211,20.23588991,9.110635648,7.166152163,7.678944647,476,24,474,26,500,500
17,1000,20,7.7,28,29,955,22,9,14,45,7.60975419,97,194,20.26874755,8.973436389,6.856157009,8.416399619,504,13,451,32,517,483
20,1000,20,7.7,28,17,951,27,7,15,49,7.645212216,118,207,20.20737016,8.913593601,6.515173356,8.684153895,465,14,486,35,479,521
19,1000,20,7.7,28,23,952,24,10,14,48,7.556331893,95,186,20.1842139,9.002183032,6.792635617,8.264112065,467,14,485,34,481,519
18,1000,20,7.7,28,29,952,33,8,7,48,7.605536236,101,230,20.34777778,8.99300059,6.807599817,8.432724907,493,16,459,32,509,491
23,1000,20,7.7,28,8,945,31,12,12,55,7.417784821,87,208,20.44152302,8.970690102,6.952205947,7.844119498,456,22,489,33,478,522
22,1000,20,7.7,28,10,938,26,16,20,62,7.599697654,91,183,20.01733861,9.165173765,6.576530624,8.582740486,473,17,465,45,490,510
17,1000,20,7.7,28,30,954,23,9,14,46,7.642218634,81,198,20.27433883,8.964711456,6.891226319,8.446075832,503,14,451,32,517,483
21,1000,20,7.7,28,16,949,26,13,12,51,7.442142244,88,195,20.25879862,9.118337341,7.181177055,7.703107433,476,24,473,27,500,500
20,1000,20,7.7,28,18,952,27,6,15,48,7.671667219,74,202,20.22550776,8.922998766,6.533537565,8.718047458,465,14,487,34,479,521
18,1000,20,7.7,28,30,952,33,7,8,48,7.628809721,89,186,20.35551924,8.991931525,6.811795528,8.475775555,494,15,458,33,509,491
16,1000,20,7.7,28,85,947,37,10,6,53,8.356613485,92,227,21.31418524,9.368084353,7.946698554,8.776485864,482,24,465,29,506,494
19,1000,20,7.7,28,24,952,24,10,14,48,7.602112979,85,227,20.2135451,9.013689832,6.833841937,8.314132963,467,14,485,34,481,519
23,1000,20,7.7,28,9,944,31,12,13,56,7.477285351,81,191,20.43647368,8.978799471,7.013060258,7.902380359,456,22,488,34,478,522
22,1000,20,7.7,28,11,939,25,16,20,61,7.631109384,96,221,20.06569581,9.191346888,6.614285312,8.608058001,473,17,466,44,490,510
21,1000,20,7.7,28,17,949,25,14,12,51,7.494911779,90,213,20.28732304,9.133009749,7.24201628,7.747807279,476,24,473,27,500,500
17,1000,20,7.7,28,31,953,24,9,14,47,7.652931662,94,204,20.27655232,8.979269845,6.865250604,8.496060247,503,14,450,33,517,483
20,1000,20,7.7,28,19,949,30,6,15,51,7.714769918,80,215,20.24050819,8.91323526,6.546395419,8.788956837,465,14,484,37,479,521
18,1000,20,7.7,28,31,951,34,7,8,49,7.624652961,88,199,20.36445437,9.008283622,6.788863058,8.491082819,494,15,457,34,509,491
19,1000,20,7.7,28,25,952,24,9,15,48,7.63454645,92,219,20.23520424,9.017073715,6.892994271,8.321803864,467,14,485,34,481,519
16,1000,20,7.7,28,86,947,37,10,6,53,8.37683312,108,210,21.33926216,9.374724887,7.946156462,8.81797156,482,24,465,29,506,494
23,1000,20,7.7,28,10,944,30,13,13,56,7.547740599,102,208,20.43137672,8.976477022,7.105999603,7.952246722,456,22,488,34,478,522
17,1000,20,7.7,28,32,952,26,8,14,48,7.667220419,105,189,20.31266984,9.000150272,6.883083595,8.50655528,502,15,450,33,517,483
21,1000,20,7.7,28,18,949,26,14,11,51,7.492777343,83,205,20.30406591,9.120873439,7.230035259,7.755519427,476,24,473,27,500,500
22,1000,20,7.7,28,12,941,23,16,20,59,7.635813198,114,205,20.07624826,9.194355676,6.616366551,8.615281546,474,16,467,43,490,510
20,1000,20,7.7,28,20,949,29,7,15,51,7.76330706,104,187,20.24658198,8.916589283,6.576663524,8.854290272,465,14,484,37,479,521
18,1000,20,7.7,28,32,952,32,7,9,48,7.673446307,92,238,20.35698812,9.037868898,6.855980881,8.520879915,494,15,458,33,509,491
23,1000,20,7.7,28,11,944,30,12,14,56,7.582100045,110,224,20.43271848,8.967955944,7.180664853,7.949697789,456,22,488,34,478,522
19,1000,20,7.7,28,26,952,24,9,15,48,7.678752356,97,219,20.24035614,9.030905518,6.909629204,8.39156206,468,13,484,35,481,519
16,1000,20,7.7,28,87,946,38,10,6,54,8.403429231,99,224,21.37317717,9.384697858,7.986895671,8.830081015,481,25,465,29,506,494
21,1000,20,7.7,28,19,950,25,14,11,50,7.493270799,83,202,20.3135749,9.118503364,7.246705151,7.739836448,476,24,474,26,500,500
17,1000,20,7.7,28,33,952,26,8,14,48,7.699621798,100,225,20.31204429,9.011290388,6.891524635,8.564603646,503,14,449,34,517,483
22,1000,20,7.7,28,13,942,24,14,20,58,7.630299659,89,197,20.09262756,9.210216888,6.630866095,8.59053975,475,15,467,43,490,510
20,1000,20,7.7,28,21,949,29,7,15,51,7.768389975,101,212,20.25272873,8.924900978,6.58826261,8.853382313,465,14,484,37,479,521
18,1000,20,7.7,28,33,953,31,7,9,47,7.69213628,101,203,20.36762311,9.039549967,6.905911471,8.507183994,494,15,459,32,509,491
23,1000,20,7.7,28,12,945,29,12,14,55,7.583562498,88,234,20.42819441,8.989096494,7.203757589,7.9313532,456,22,489,33,478,522
19,1000,20,7.7,28,27,952,25,9,14,48,7.672997183,100,215,20.26340853,9.010996833,6.925511521,8.365753644,467,14,485,34,481,519
16,1000,20,7.7,28,88,946,36,12,6,54,8.442660194,91,224,21.38940581,9.393490867,8.002989505,8.893011142,481,25,465,29,506,494
17,1000,20,7.7,28,34,952,26,8,14,48,7.757891967,92,230,20.3252776,9.011922031,6.91423961,8.660931861,503,14,449,34,517,483
21,1000,20,7.7,28,20,949,26,14,11,51,7.519628627,95,219,20.3315891,9.132297497,7.255093901,7.784163352,476,24,473,27,500,500
22,1000,20,7.7,28,14,942,24,14,20,58,7.654320724,92,186,20.10626131,9.217109128,6.658897414,8.610707825,475,15,467,43,490,510
20,1000,20,7.7,28,22,949,29,7,15,51,7.818095807,94,190,20.26607104,8.949213885,6.673834212,8.870113666,465,14,484,37,479,521
18,1000,20,7.7,28,34,953,31,7,9,47,7.72931096,79,200,20.39599381,9.057102546,6.941953774,8.545532564,494,15,459,32,509,491
23,1000,20,7.7,28,13,946,28,12,14,54,7.602821895,91,227,20.44018505,9.000060644,7.165672885,8.003123096,457,21,489,33,478,522
19,1000,20,7.7,28,28,950,27,9,14,50,7.697591768,92,238,20.26629433,9.01993548,6.980055714,8.362591463,466,15,484,35,481,519
17,1000,20,7.7,28,35,955,26,7,12,45,7.741597797,111,210,20.3578959,9.012017536,6.895221477,8.647553402,505,12,450,33,517,483
21,1000,20,7.7,28,21,951,25,13,11,49,7.529903571,80,207,20.35113031,9.141592123,7.256771266,7.803035877,478,22,473,27,500,500
22,1000,20,7.7,28,15,942,23,15,20,58,7.655058434,95,210,20.12602095,9.224924051,6.68807814,8.584117932,475,15,467,43,490,510
16,1000,20,7.7,28,89,946,36,12,6,54,8.450772733,100,230,21.41409037,9.412105351,8.033969348,8.877700896,481,25,465,29,506,494
20,1000,20,7.7,28,23,950,28,7,15,50,7.830710416,87,185,20.2660028,8.951232806,6.716703524,8.854912529,465,14,485,36,479,521
18,1000,20,7.7,28,35,953,31,7,9,47,7.754928526,66,213,20.39891651,9.051025402,6.988478278,8.549476747,493,16,460,31,509,491
23,1000,20,7.7,28,14,948,28,11,13,52,7.603334781,98,199,20.46293228,9.009725546,7.194071361,7.978100902,457,21,491,31,478,522
19,1000,20,7.7,28,29,950,26,10,14,50,7.744286362,86,205,20.29923189,9.024453783,7.009896438,8.424905926,466,15,484,35,481,519
17,1000,20,7.7,28,36,955,26,7,12,45,7.755891952,84,192,20.36156838,9.003025649,6.950754105,8.61770617,504,13,451,32,517,483
21,1000,20,7.7,28,22,951,25,13,11,49,7.57265294,87,202,20.36666348,9.125847569,7.265945447,7.879360434,478,22,473,27,500,500
22,1000,20,7.7,28,16,942,23,15,20,58,7.683267164,85,178,20.14112277,9.253596332,6.703857853,8.624268266,475,15,467,43,490,510
18,1000,20,7.7,28,36,953,31,7,9,47,7.768816148,94,199,20.41075394,9.067715938,7.021242246,8.543796017,493,16,460,31,509,491
20,1000,20,7.7,28,24,951,28,7,14,49,7.869632045,99,232,20.26960039,8.960049023,6.785393499,8.866465564,465,14,486,35,479,521
16,1000,20,7.7,28,90,945,38,12,5,55,8.48417278,101,242,21.41715084,9.423594529,8.073912491,8.904398906,481,25,464,30,506,494
23,1000,20,7.7,28,15,948,28,11,13,52,7.626016572,101,215,20.46981017,9.013294906,7.215489412,8.00193991,457,21,491,31,478,522
19,1000,20,7.7,28,30,951,25,10,14,49,7.75293332,104,219,20.3110843,9.040034457,6.992343128,8.457834828,467,14,484,35,481,519
21,1000,20,7.7,28,23,954,23,12,11,46,7.543137163,110,206,20.38368621,9.1338186,7.248725641,7.837548685,479,21,475,25,500,500
17,1000,20,7.7,28,37,955,26,7,12,45,7.795345492,74,202,20.37940384,9.026930301,7.023507366,8.621515909,504,13,451,32,517,483
22,1000,20,7.7,28,17,942,23,15,20,58,7.716727484,101,206,20.15321974,9.292482498,6.748158149,8.647313707,475,15,467,43,490,510
18,1000,20,7.7,28,37,953,31,7,9,47,7.792352584,85,201,20.41842125,9.052240502,7.052390243,8.559441855,493,16,460,31,509,491
20,1000,20,7.7,28,25,952,29,6,13,48,7.881764107,93,221,20.28172955,8.963086045,6.783513546,8.891480074,466,13,486,35,479,521
23,1000,20,7.7,28,16,949,27,11,13,51,7.645646576,105,214,20.4903271,9.038121929,7.225322962,8.030540612,457,21,492,30,478,522
16,1000,20,7.7,28,91,946,38,11,5,54,8.495599631,93,210,21.42745448,9.427421929,8.048220212,8.953846566,482,24,464,30,506,494
19,1000,20,7.7,28,31,951,26,10,13,49,7.778816767,82,240,20.31491766,9.041364377,7.028630858,8.474075768,467,14,484,35,481,519
21,1000,20,7.7,28,24,955,23,12,10,45,7.544011622,93,215,20.41044199,9.133383134,7.244343771,7.843679473,479,21,476,24,500,500
17,1000,20,7.7,28,38,954,28,6,12,46,7.796073578,97,216,20.38345856,9.054262543,7.005604487,8.642186456,504,13,450,33,517,483
22,1000,20,7.7,28,18,942,23,15,20,58,7.73215112,107,184,20.17539954,9.310585241,6.778463788,8.648438949,475,15,467,43,490,510
18,1000,20,7.7,28,38,954,30,7,9,46,7.837299322,109,193,20.43276266,9.063090348,7.117826707,8.583147715,493,16,461,30,509,491
20,1000,20,7.7,28,26,948,33,7,12,52,7.931506884,95,205,20.2873456,8.95961746,6.813844131,8.959070144,464,15,484,37,479,521
23,1000,20,7.7,28,17,949,27,11,13,51,7.675133818,92,228,20.50246812,9.034913239,7.25331421,8.061397751,457,21,492,30,478,522
16,1000,20,7.7,28,92,947,38,10,5,53,8.528527435,90,214,21.42918984,9.443075338,8.080523504,8.987414053,482,24,465,29,506,494
21,1000,20,7.7,28,25,956,22,12,10,44,7.540611078,107,208,20.41797626,9.160863081,7.233057351,7.848164805,480,20,476,24,500,500
17,1000,20,7.7,28,39,954,28,5,13,46,7.858332593,80,207,20.42417869,9.064752574,7.076858303,8.694817495,504,13,450,33,517,483
19,1000,20,7.7,28,32,951,26,10,13,49,7.823056728,82,206,20.32583318,9.040425705,7.097691772,8.495312111,467,14,484,35,481,519
22,1000,20,7.7,28,19,944,23,14,19,56,7.718167291,92,229,20.17471457,9.312192417,6.73109882,8.666527195,475,15,469,41,490,510
18,1000,20,7.7,28,39,953,30,8,9,47,7.862499369,105,225,20.44245889,9.078605147,7.162368094,8.588297371,493,16,460,31,509,491
20,1000,20,7.7,28,27,949,34,6,11,51,7.954466573,110,225,20.29040248,8.945045775,6.852740064,8.967378276,464,15,485,36,479,521
23,1000,20,7.7,28,18,950,27,10,13,50,7.681341109,109,200,20.51542002,9.026634347,7.260593556,8.066623351,458,20,492,30,478,522
21,1000,20,7.7,28,26,959,21,11,9,41,7.519583768,88,215,20.41655312,9.164480357,7.209394133,7.829773403,482,18,477,23,500,500
17,1000,20,7.7,28,40,955,27,5,13,45,7.873677897,123,194,20.47001588,9.074698975,7.103467985,8.698105484,504,13,451,32,517,483
22,1000,20,7.7,28,20,945,21,15,19,55,7.731045703,106,207,20.20385709,9.307211512,6.747997029,8.675543448,475,15,470,40,490,510
16,1000,20,7.7,28,93,947,38,9,6,53,8.5277117,105,224,21.41575739,9.465949521,8.073009221,8.993459583,482,24,465,29,506,494
18,1000,20,7.7,28,40,954,29,8,9,46,7.892294839,92,192,20.45385602,9.081182356,7.157905566,8.653606734,493,16,461,30,509,491
19,1000,20,7.7,28,33,952,25,10,13,48,7.827160676,91,212,20.34706819,9.060439975,7.072021423,8.52701035,467,14,485,34,481,519
20,1000,20,7.7,28,28,947,36,6,11,53,7.960082531,109,212,20.32504816,8.947194545,6.877294481,8.955582485,463,16,484,37,479,521
23,1000,20,7.7,28,19,952,24,10,14,48,7.707502424,95,193,20.52539554,9.043056388,7.294558955,8.085638398,458,20,494,28,478,522
21,1000,20,7.7,28,27,960,20,11,9,40,7.520091112,96,202,20.40706176,9.181736374,7.21553973,7.824642494,483,17,477,23,500,500
17,1000,20,7.7,28,41,954,28,5,13,46,7.933752945,91,228,20.48972554,9.069751456,7.176073508,8.744767994,504,13,450,33,517,483
22,1000,20,7.7,28,21,944,22,15,19,56,7.778489617,98,213,20.21305011,9.3193823,6.762312305,8.754816839,475,15,469,41,490,510
18,1000,20,7.7,28,41,954,29,8,9,46,7.919881562,91,211,20.45050974,9.080724781,7.217964295,8.647531029,493,16,461,30,509,491
16,1000,20,7.7,28,94,946,38,9,7,54,8.579118025,105,208,21.41589691,9.476564156,8.130951009,9.038171689,482,24,464,30,506,494
20,1000,20,7.7,28,29,946,37,6,11,54,7.981439152,102,188,20.33506729,8.94711927,6.897720784,8.977794427,463,16,483,38,479,521
19,1000,20,7.7,28,34,952,25,10,13,48,7.847047877,83,225,20.35045349,9.09591874,7.097625061,8.541599658,467,14,485,34,481,519
23,1000,20,7.7,28,20,953,23,10,14,47,7.722785165,92,206,20.54129834,9.032519452,7.293686098,8.115714961,458,20,495,27,478,522
21,1000,20,7.7,28,28,959,21,11,9,41,7.534535027,96,205,20.41311347,9.193595744,7.21708406,7.851985993,483,17,476,24,500,500
17,1000,20,7.7,28,42,953,28,6,13,47,7.937018933,103,220,20.50686562,9.088182633,7.166406069,8.761877836,504,13,449,34,517,483
22,1000,20,7.7,28,22,944,23,14,19,56,7.787838497,89,220,20.24490269,9.327022234,6.797679531,8.739167699,474,16,470,40,490,510
18,1000,20,7.7,28,42,955,27,9,9,45,7.918014173,94,214,20.45521294,9.101475175,7.208819852,8.653207471,493,16,462,29,509,491
20,1000,20,7.7,28,30,946,37,6,11,54,8.002181145,86,194,20.35314092,8.963586001,6.899707997,9.015779297,463,16,483,38,479,521
23,1000,20,7.7,28,21,954,23,10,13,46,7.716400029,114,212,20.56379563,9.018821186,7.315310957,8.083680827,459,19,495,27,478,522
19,1000,20,7.7,28,35,951,26,10,13,49,7.875602992,96,216,20.35391592,9.089340335,7.127969479,8.568496479,467,14,484,35,481,519
16,1000,20,7.7,28,95,947,37,9,7,53,8.566101159,96,223,21.44574954,9.488340381,8.169898615,8.971928055,482,24,465,29,506,494
21,1000,20,7.7,28,29,961,19,11,9,39,7.558473426,104,209,20.41983278,9.189696047,7.237647688,7.879299165,483,17,478,22,500,500
17,1000,20,7.7,28,43,953,27,7,13,47,7.941216295,96,208,20.55737955,9.080636301,7.143540073,8.795043637,504,13,449,34,517,483
22,1000,20,7.7,28,23,942,26,14,18,58,7.77646264,108,206,20.24854505,9.304087111,6.773269248,8.740315115,473,17,469,41,490,510
18,1000,20,7.7,28,43,954,25,12,9,46,7.964203267,99,239,20.46908448,9.097159869,7.251486601,8.703048039,493,16,461,30,509,491
20,1000,20,7.7,28,31,946,37,6,11,54,8.041355681,100,202,20.35372013,8.945852489,6.922798808,9.069740983,463,16,483,38,479,521
23,1000,20,7.7,28,22,956,21,10,13,44,7.698580741,91,234,20.5984896,9.018577712,7.289137169,8.073511829,459,19,497,25,478,522
19,1000,20,7.7,28,36,950,28,9,13,50,7.904947201,86,231,20.39125794,9.095803092,7.168018311,8.587919833,466,15,484,35,481,519
16,1000,20,7.7,28,96,945,39,9,7,55,8.602863566,114,204,21.4705554,9.511851052,8.204676377,9.010723318,481,25,464,30,506,494
21,1000,20,7.7,28,30,958,21,12,9,42,7.610196435,112,215,20.43222547,9.200888586,7.299705955,7.920686914,482,18,476,24,500,500
17,1000,20,7.7,28,44,953,27,7,13,47,7.950132749,92,221,20.58453659,9.094088026,7.179883349,8.774602603,503,14,450,33,517,483
22,1000,20,7.7,28,24,943,25,14,18,57,7.757341214,89,196,20.23586663,9.303261543,6.74067427,8.734138867,474,16,469,41,490,510
18,1000,20,7.7,28,44,954,24,12,10,46,7.983103379,102,202,20.49631707,9.115310021,7.238356541,8.755152546,493,16,461,30,509,491
20,1000,20,7.7,28,32,946,37,6,11,54,8.065977899,96,218,20.38170694,8.958385103,6.960650014,9.082200658,463,16,483,38,479,521
23,1000,20,7.7,28,23,954,23,10,13,46,7.724837398,84,215,20.62658434,9.019521456,7.334067081,8.08266922,457,21,497,25,478,522
19,1000,20,7.7,28,37,950,29,9,12,50,7.902861955,104,198,20.39216595,9.090266621,7.207635418,8.547185586,466,15,484,35,481,519
21,1000,20,7.7,28,31,958,21,12,9,42,7.617033889,83,213,20.441524,9.191555577,7.286723772,7.947344005,482,18,476,24,500,500
16,1000,20,7.7,28,97,944,40,9,7,56,8.655223515,104,212,21.46584211,9.508008298,8.266485872,9.053404178,481,25,463,31,506,494
17,1000,20,7.7,28,45,953,28,7,12,47,7.938022689,93,205,20.601506,9.11965326,7.198859815,8.729217732,503,14,450,33,517,483
22,1000,20,7.7,28,25,943,25,14,18,57,7.766972847,111,206,20.24858314,9.336117542,6.741985572,8.751764543,474,16,469,41,490,510
18,1000,20,7.7,28,45,954,24,12,10,46,8.009431492,110,200,20.52452058,9.112567773,7.296657186,8.748336017,493,16,461,30,509,491
23,1000,20,7.7,28,24,953,24,10,13,47,7.745973024,91,220,20.65125427,9.022368349,7.36106241,8.098439064,457,21,496,26,478,522
20,1000,20,7.7,28,33,949,35,6,10,51,8.035688485,116,236,20.40045759,8.962533818,6.969401547,9.016017551,464,15,485,36,479,521
19,1000,20,7.7,28,38,948,31,9,12,52,7.956620871,92,212,20.41175293,9.104137518,7.275077462,8.588263222,465,16,483,36,481,519
21,1000,20,7.7,28,32,958,21,12,9,42,7.628808397,101,204,20.44004984,9.182410994,7.280896281,7.976720513,482,18,476,24,500,500
17,1000,20,7.7,28,46,950,31,8,11,50,7.970932793,87,220,20.62268076,9.143235606,7.217073005,8.777859315,502,15,448,35,517,483
22,1000,20,7.7,28,26,944,26,12,18,56,7.755592535,101,218,20.27138153,9.348911895,6.762118157,8.710107133,473,17,471,39,490,510
16,1000,20,7.7,28,98,944,39,10,7,56,8.67939484,84,215,21.47341449,9.517968821,8.307965836,9.05984641,480,26,464,30,506,494
18,1000,20,7.7,28,46,952,26,13,9,48,8.020878939,90,223,20.55161968,9.103388131,7.287387966,8.781259601,492,17,460,31,509,491
23,1000,20,7.7,28,25,952,24,11,13,48,7.765812066,126,214,20.65175513,9.047809269,7.425011313,8.07788632,457,21,495,27,478,522
20,1000,20,7.7,28,34,950,35,5,10,50,8.056392595,110,199,20.41000883,8.991747743,7.01172782,9.016842552,464,15,486,35,479,521
19,1000,20,7.7,28,39,948,31,9,12,52,7.991429505,104,203,20.40555215,9.119824612,7.296432075,8.635540803,465,16,483,36,481,519
21,1000,20,7.7,28,33,959,21,9,11,41,7.648874617,101,206,20.4393952,9.178542935,7.302136398,7.995612836,483,17,476,24,500,500
17,1000,20,7.7,28,47,949,31,9,11,51,8.003013903,87,224,20.63475391,9.163318982,7.239186853,8.820609316,502,15,447,36,517,483
22,1000,20,7.7,28,27,945,26,11,18,55,7.738618587,104,223,20.27796919,9.360562887,6.798976168,8.641412282,473,17,472,38,490,510
18,1000,20,7.7,28,47,951,27,13,9,49,8.050905565,107,217,20.58942718,9.122126554,7.300157695,8.82917576,492,17,459,32,509,491
23,1000,20,7.7,28,26,952,24,11,13,48,7.806104686,103,212,20.65555127,9.053219461,7.468509322,8.115243737,456,22,496,26,478,522
20,1000,20,7.7,28,35,948,36,6,10,52,8.104312986,104,204,20.42223406,8.999312615,7.070330014,9.054942245,463,16,485,36,479,521
16,1000,20,7.7,28,99,942,41,10,7,58,8.712418459,86,231,21.49247688,9.533033874,8.353879301,9.079667071,478,28,464,30,506,494
19,1000,20,7.7,28,40,948,32,9,11,52,8.023001032,97,185,20.42950933,9.117852064,7.307345981,8.686257447,465,16,483,36,481,519
21,1000,20,7.7,28,34,958,21,10,11,42,7.663416195,92,202,20.44576592,9.18135747,7.300240578,8.026591812,483,17,475,25,500,500
17,1000,20,7.7,28,48,950,31,9,10,50,7.994950466,96,213,20.64719801,9.170643216,7.225392477,8.81868024,502,15,448,35,517,483
22,1000,20,7.7,28,28,945,27,10,18,55,7.771608576,92,199,20.284658,9.362987209,6.843937787,8.662900118,473,17,472,38,490,510
18,1000,20,7.7,28,48,950,28,13,9,50,8.069444506,80,205,20.60269582,9.142166621,7.358783214,8.806158555,492,17,458,33,509,491
23,1000,20,7.7,28,27,952,24,11,13,48,7.811937815,96,216,20.68654825,9.057785575,7.476621827,8.118989621,456,22,496,26,478,522
20,1000,20,7.7,28,36,948,35,7,10,52,8.179875406,93,212,20.44702527,9.032929656,7.195329975,9.085052491,463,16,485,36,479,521
16,1000,20,7.7,28,100,942,42,9,7,58,8.76177028,98,221,21.51184738,9.550244667,8.431972057,9.099579796,477,29,465,29,506,494
21,1000,20,7.7,28,35,958,21,10,11,42,7.686298287,94,210,20.45882833,9.177621265,7.309160733,8.06343584,483,17,475,25,500,500
19,1000,20,7.7,28,41,946,33,10,11,54,8.063781941,107,215,20.44904117,9.128538186,7.32694224,8.746671914,465,16,481,38,481,519
17,1000,20,7.7,28,49,950,32,9,9,50,8.026610838,78,207,20.63622594,9.178625586,7.262074648,8.844965311,501,16,449,34,517,483
22,1000,20,7.7,28,29,946,26,11,17,54,7.766085768,92,214,20.30021031,9.36590133,6.892969094,8.604962573,473,17,473,37,490,510
18,1000,20,7.7,28,49,950,28,13,9,50,8.072768867,87,214,20.60450816,9.123499231,7.377672109,8.793347787,492,17,458,33,509,491
23,1000,20,7.7,28,28,953,23,11,13,47,7.826109346,83,187,20.70308927,9.085828861,7.513722242,8.112164969,456,22,497,25,478,522
20,1000,20,7.7,28,37,948,35,7,10,52,8.212242067,96,196,20.4654909,9.039541615,7.251798782,9.095259982,462,17,486,35,479,521
21,1000,20,7.7,28,36,958,21,10,11,42,7.710218669,100,188,20.47173436,9.187142661,7.31068914,8.109748197,483,17,475,25,500,500
16,1000,20,7.7,28,101,941,43,9,7,59,8.806157058,104,217,21.51203628,9.548548535,8.484638096,9.135486196,476,30,465,29,506,494
19,1000,20,7.7,28,42,948,34,8,10,52,8.051385172,91,212,20.47130933,9.135918908,7.304272837,8.74379564,466,15,482,37,481,519
17,1000,20,7.7,28,50,951,31,9,9,49,8.029342188,100,209,20.66016246,9.191321966,7.258183097,8.85478577,502,15,449,34,517,483
22,1000,20,7.7,28,30,948,25,10,17,52,7.772727638,98,211,20.31156637,9.366457071,6.903324314,8.608036715,474,16,474,36,490,510
18,1000,20,7.7,28,50,952,26,13,9,48,8.050431486,100,213,20.65973516,9.123775693,7.382675134,8.742667705,492,17,460,31,509,491
23,1000,20,7.7,28,29,951,25,11,13,49,7.868196889,93,204,20.70936127,9.096878886,7.557993794,8.152252597,455,23,496,26,478,522
20,1000,20,7.7,28,38,948,34,8,10,52,8.268820217,86,214,20.46015172,9.053550283,7.303057656,9.156728598,462,17,486,35,479,521
21,1000,20,7.7,28,37,959,20,10,11,41,7.710947096,92,208,20.465072,9.193643948,7.300038757,8.121855435,483,17,476,24,500,500
17,1000,20,7.7,28,51,953,30,8,9,47,8.024925982,102,217,20.69219064,9.220948292,7.305331735,8.795174896,501,16,452,31,517,483
22,1000,20,7.7,28,31,947,26,10,17,53,7.789404097,101,224,20.32848754,9.366956269,6.935841228,8.609493912,473,17,474,36,490,510
18,1000,20,7.7,28,51,953,26,12,9,47,8.075713205,96,229,20.66006282,9.116547408,7.424805216,8.750483401,491,18,462,29,509,491
16,1000,20,7.7,28,102,938,46,9,7,62,8.84042119,89,229,21.51812004,9.569627111,8.505593583,9.183382261,474,32,464,30,506,494
19,1000,20,7.7,28,43,949,34,7,10,51,8.088427129,103,211,20.46783906,9.139075546,7.362743448,8.760977901,466,15,483,36,481,519
23,1000,20,7.7,28,30,950,26,11,13,50,7.889787829,102,195,20.7189692,9.115714425,7.578776655,8.174583502,454,24,496,26,478,522
20,1000,20,7.7,28,39,950,32,8,10,50,8.308604906,94,227,20.49230396,9.057032808,7.348258631,9.191533631,462,17,488,33,479,521
21,1000,20,7.7,28,38,958,21,10,11,42,7.749538511,106,235,20.48401002,9.200202673,7.336182815,8.162894207,483,17,475,25,500,500
17,1000,20,7.7,28,52,952,32,8,8,48,8.04564699,100,216,20.69184894,9.226003724,7.346172838,8.794359489,501,16,451,32,517,483
18,1000,20,7.7,28,52,952,27,12,9,48,8.10631271,103,201,20.6629353,9.126038031,7.472768794,8.763082269,490,19,462,29,509,491
22,1000,20,7.7,28,32,949,24,10,17,51,7.78486987,112,181,20.32594433,9.372115372,6.92158766,8.614297876,475,15,474,36,490,510
19,1000,20,7.7,28,44,949,34,7,10,51,8.100688537,115,215,20.47950858,9.155776725,7.42289712,8.728853608,466,15,483,36,481,519
23,1000,20,7.7,28,31,951,25,11,13,49,7.902994434,100,220,20.71826621,9.111981147,7.610464127,8.170867013,454,24,497,25,478,522
16,1000,20,7.7,28,103,940,45,9,6,60,8.827766306,93,233,21.55249457,9.556323429,8.505014917,9.15835781,474,32,466,28,506,494
20,1000,20,7.7,28,40,950,32,8,10,50,8.325566682,96,198,20.48647912,9.058171877,7.376924074,9.197735221,462,17,488,33,479,521
21,1000,20,7.7,28,39,959,21,10,10,41,7.783306004,93,231,20.48600475,9.202029647,7.395917677,8.170694331,484,16,475,25,500,500
17,1000,20,7.7,28,53,951,32,9,8,49,8.086840448,103,215,20.68324006,9.229370883,7.407184277,8.81433991,500,17,451,32,517,483
18,1000,20,7.7,28,53,954,26,11,9,46,8.118266782,99,222,20.66693876,9.130267353,7.452156114,8.808796986,491,18,463,28,509,491
22,1000,20,7.7,28,33,950,24,11,15,50,7.763656463,104,210,20.35985324,9.352323139,6.878917995,8.613699304,475,15,475,35,490,510
19,1000,20,7.7,28,45,948,35,7,10,52,8.114652728,106,211,20.46668332,9.183177863,7.451051673,8.729666423,465,16,483,36,481,519
23,1000,20,7.7,28,32,951,26,10,13,49,7.913048205,85,228,20.73704413,9.12109485,7.636324161,8.166446852,453,25,498,24,478,522
20,1000,20,7.7,28,41,950,30,10,10,50,8.341675211,96,212,20.49565962,9.058835072,7.396223572,9.210910018,462,17,488,33,479,521
16,1000,20,7.7,28,104,940,43,11,6,60,8.833446667,96,223,21.5658809,9.54875468,8.509045757,9.165727761,474,32,466,28,506,494
24,1000,20,7.7,28,0,946,23,14,17,54,6.839,82,201,20.15549495,8.662613027,5.886409736,7.765285996,468,25,478,29,493,507
17,1000,20,7.7,28,54,950,33,9,8,50,8.147201266,91,227,20.70717359,9.229048564,7.470721472,8.871300755,500,17,450,33,517,483
21,1000,20,7.7,28,40,959,21,10,10,41,7.806690368,92,219,20.50657996,9.203468337,7.408502506,8.20487823,484,16,475,25,500,500
18,1000,20,7.7,28,54,955,26,11,8,45,8.113763566,99,200,20.66046927,9.131844806,7.452863595,8.798892048,491,18,464,27,509,491
22,1000,20,7.7,28,34,949,25,11,15,51,7.806233605,99,201,20.39471666,9.370816745,6.884995477,8.691344748,474,16,475,35,490,510
19,1000,20,7.7,28,46,948,34,8,10,52,8.13709293,71,203,20.47680198,9.198140185,7.495517583,8.731693589,465,16,483,36,481,519
23,1000,20,7.7,28,33,951,26,10,13,49,7.965192556,97,222,20.76861643,9.120150028,7.656084011,8.248245974,454,24,497,25,478,522
20,1000,20,7.7,28,42,948,31,11,10,52,8.374692822,91,205,20.48896103,9.076689386,7.419723746,9.252677827,462,17,486,35,479,521
18,1000,20,7.7,28,55,955,25,12,8,45,8.156736479,107,212,20.65540269,9.131528462,7.495291309,8.84243015,491,18,464,27,509,491
17,1000,20,7.7,28,55,950,33,9,8,50,8.181641016,92,194,20.72886964,9.231361599,7.48294806,8.929517326,500,17,450,33,517,483
24,1000,20,7.7,28,1,947,22,14,17,53,6.889466798,89,222,20.19599887,8.674748502,5.908732744,7.843119439,468,25,479,28,493,507
21,1000,20,7.7,28,41,959,21,10,10,41,7.843421278,92,197,20.51193717,9.222018765,7.459214982,8.227627574,484,16,475,25,500,500
22,1000,20,7.7,28,35,948,25,12,15,52,7.846157264,110,228,20.41434429,9.365842362,6.895431106,8.759600043,474,16,474,36,490,510
20,1000,20,7.7,28,43,948,33,10,9,52,8.35678375,107,203,20.51663657,9.085092427,7.397108009,9.239095996,463,16,485,36,479,521
19,1000,20,7.7,28,47,948,34,8,10,52,8.154686031,102,212,20.5019017,9.199413363,7.487058322,8.773431557,465,16,483,36,481,519
23,1000,20,7.7,28,34,950,27,10,13,50,8.015668181,82,205,20.78515528,9.121326903,7.69779788,8.306744817,454,24,496,26,478,522
17,1000,20,7.7,28,56,950,32,10,8,50,8.215106446,84,202,20.75293615,9.259831393,7.50336527,8.976949486,500,17,450,33,517,483
18,1000,20,7.7,28,56,955,25,12,8,45,8.198447401,83,204,20.68131733,9.162452372,7.552394872,8.868184136,491,18,464,27,509,491
21,1000,20,7.7,28,42,959,22,8,11,41,7.844592711,97,216,20.53296788,9.224728555,7.463763259,8.225422164,485,15,474,26,500,500
24,1000,20,7.7,28,2,948,22,13,17,52,6.913416445,81,206,20.23334343,8.686699951,5.927367207,7.872237499,469,24,479,28,493,507
22,1000,20,7.7,28,36,949,24,12,15,51,7.867190495,117,214,20.43091726,9.37959711,6.91072215,8.786150278,475,15,474,36,490,510
20,1000,20,7.7,28,44,948,33,9,10,52,8.376475697,87,207,20.51195052,9.11124556,7.426192864,9.250152235,463,16,485,36,479,521
23,1000,20,7.7,28,35,950,27,10,13,50,8.008382021,100,240,20.7888833,9.149585664,7.68084926,8.308306657,454,24,496,26,478,522
19,1000,20,7.7,28,48,947,35,8,10,53,8.158909655,90,201,20.50041897,9.204391606,7.504227479,8.76565749,464,17,483,36,481,519
17,1000,20,7.7,28,57,950,32,10,8,50,8.200029258,98,184,20.77201761,9.26180465,7.515485692,8.932760155,500,17,450,33,517,483
18,1000,20,7.7,28,57,955,25,12,8,45,8.252891431,96,228,20.69584326,9.16604188,7.600248485,8.929460187,491,18,464,27,509,491
21,1000,20,7.7,28,43,959,22,8,11,41,7.863267693,83,218,20.55329243,9.227259509,7.48278987,8.243745516,485,15,474,26,500,500
22,1000,20,7.7,28,37,949,23,12,16,51,7.918454517,102,201,20.43418915,9.378987922,6.960182621,8.839147123,475,15,474,36,490,510
20,1000,20,7.7,28,45,947,33,10,10,53,8.415346712,90,225,20.529541,9.09954257,7.444363785,9.308054624,463,16,484,37,479,521
24,1000,20,7.7,28,3,948,22,13,17,52,6.929641519,95,221,20.25090647,8.713852907,5.964217124,7.868407251,469,24,479,28,493,507
23,1000,20,7.7,28,36,950,27,9,14,50,8.029361567,108,206,20.80833286,9.160038995,7.713575271,8.318529861,454,24,496,26,478,522
19,1000,20,7.7,28,49,949,32,9,10,51,8.154640991,102,218,20.50593,9.22912497,7.505309952,8.756429489,464,17,485,34,481,519
17,1000,20,7.7,28,58,949,33,10,8,51,8.259282858,98,185,20.76278864,9.270739681,7.559987206,9.007804292,500,17,449,34,517,483
18,1000,20,7.7,28,58,955,26,11,8,45,8.248907004,87,243,20.70043335,9.177065426,7.603452577,8.918023712,490,19,465,26,509,491
21,1000,20,7.7,28,44,958,23,8,11,42,7.879600066,85,222,20.58184673,9.236566603,7.483806468,8.275393664,485,15,473,27,500,500
22,1000,20,7.7,28,38,949,23,12,16,51,7.941962061,90,193,20.46549924,9.377395974,6.981824347,8.864447315,475,15,474,36,490,510
20,1000,20,7.7,28,46,946,34,10,10,54,8.420491111,87,205,20.53459298,9.101942911,7.476047571,9.288799088,462,17,484,37,479,521
23,1000,20,7.7,28,37,950,26,10,14,50,8.043014165,88,197,20.83103737,9.155274518,7.749019713,8.312227475,454,24,496,26,478,522
19,1000,20,7.7,28,50,948,31,11,10,52,8.184391041,98,211,20.52793986,9.221994803,7.522711512,8.7976239,464,17,484,35,481,519
24,1000,20,7.7,28,4,951,21,12,16,49,6.899766261,101,195,20.24866836,8.703974095,5.932301416,7.840516101,471,22,480,27,493,507
17,1000,20,7.7,28,59,951,32,11,6,49,8.217933004,102,231,20.77810344,9.244377116,7.566078091,8.915674184,500,17,451,32,517,483
18,1000,20,7.7,28,59,955,26,11,8,45,8.278676284,91,216,20.72480334,9.16853437,7.624830076,8.956492415,490,19,465,26,509,491
21,1000,20,7.7,28,45,958,23,8,11,42,7.903216763,93,201,20.59539675,9.255454847,7.539899202,8.266534324,485,15,473,27,500,500
22,1000,20,7.7,28,39,949,23,13,15,51,7.913184204,111,210,20.46546461,9.403400531,6.995838229,8.794555827,475,15,474,36,490,510
20,1000,20,7.7,28,47,946,34,11,9,54,8.445132407,97,210,20.54942869,9.103697437,7.514024645,9.301179658,461,18,485,36,479,521
23,1000,20,7.7,28,38,951,25,10,14,49,8.070423309,112,231,20.82676889,9.141258078,7.793561502,8.323948107,455,23,496,26,478,522
19,1000,20,7.7,28,51,949,30,10,11,51,8.210744372,92,225,20.5433621,9.227063615,7.514640143,8.855881431,465,16,484,35,481,519
17,1000,20,7.7,28,60,951,32,11,6,49,8.256223108,106,231,20.78726034,9.248065446,7.601188293,8.957368034,500,17,451,32,517,483
24,1000,20,7.7,28,5,952,20,11,17,48,6.895469948,109,199,20.25757924,8.685167116,5.917084826,7.846838518,473,20,479,28,493,507
18,1000,20,7.7,28,60,954,27,11,8,46,8.299813486,97,183,20.72829891,9.159215223,7.615124493,9.009603093,490,19,464,27,509,491
21,1000,20,7.7,28,46,955,26,7,12,45,7.944986294,98,203,20.59869566,9.265256299,7.596856088,8.2931165,484,16,471,29,500,500
22,1000,20,7.7,28,40,948,23,14,15,52,7.954794388,98,225,20.48103905,9.420403001,7.022931754,8.850113389,475,15,473,37,490,510
20,1000,20,7.7,28,48,947,33,11,9,53,8.437820749,92,220,20.54935668,9.103118185,7.490216128,9.309034978,461,18,486,35,479,521
23,1000,20,7.7,28,39,952,25,10,13,48,8.057277178,84,218,20.83760928,9.161973342,7.777960673,8.313049763,456,22,496,26,478,522
19,1000,20,7.7,28,52,950,29,10,11,50,8.189498721,97,233,20.57135731,9.224661581,7.510949074,8.818366505,464,17,486,33,481,519
17,1000,20,7.7,28,61,952,32,10,6,48,8.29211767,90,193,20.78966223,9.259712615,7.675974596,8.951633135,500,17,452,31,517,483
18,1000,20,7.7,28,61,955,26,11,8,45,8.363164736,119,198,20.7326058,9.165756859,7.667675511,9.084150512,491,18,464,27,509,491
24,1000,20,7.7,28,6,953,19,11,17,47,6.929341279,92,206,20.23990819,8.707484165,5.940987554,7.890403185,473,20,480,27,493,507
21,1000,20,7.7,28,47,954,27,7,12,46,7.993581641,107,205,20.62758118,9.27674271,7.626191967,8.360971314,484,16,470,30,500,500
22,1000,20,7.7,28,41,947,24,14,15,53,7.969080107,96,203,20.5019381,9.427536308,7.022996276,8.878062611,474,16,473,37,490,510
20,1000,20,7.7,28,49,949,30,12,9,51,8.447489037,84,232,20.56525865,9.107331133,7.463365575,9.35227817,462,17,487,34,479,521
23,1000,20,7.7,28,40,951,26,9,14,49,8.109728723,92,215,20.84897459,9.170740335,7.831097975,8.364873354,456,22,495,27,478,522
17,1000,20,7.7,28,62,953,30,11,6,47,8.297857,105,217,20.8106854,9.250120495,7.7104659,8.926596541,500,17,453,30,517,483
18,1000,20,7.7,28,62,957,25,11,7,43,8.376204645,77,201,20.74571743,9.197686622,7.660533526,9.11811218,491,18,466,25,509,491
19,1000,20,7.7,28,53,950,29,10,11,50,8.225661652,103,212,20.58375502,9.226701039,7.506371143,8.892287347,464,17,486,33,481,519
21,1000,20,7.7,28,48,955,26,7,12,45,8.007946473,97,225,20.64783556,9.302663672,7.623547528,8.392345418,485,15,470,30,500,500
22,1000,20,7.7,28,42,948,24,13,15,52,7.980813124,114,211,20.51841149,9.433708427,7.07052657,8.855402167,474,16,474,36,490,510
24,1000,20,7.7,28,7,955,18,11,16,45,6.918756372,100,205,20.25822669,8.727290455,5.933671086,7.876640093,474,19,481,26,493,507
20,1000,20,7.7,28,50,949,30,12,9,51,8.460384155,105,203,20.57909909,9.098989369,7.475894341,9.365510106,462,17,487,34,479,521
17,1000,20,7.7,28,63,953,30,11,6,47,8.335047466,117,192,20.82846051,9.2606119,7.75860724,8.952065265,499,18,454,29,517,483
18,1000,20,7.7,28,63,957,25,11,7,43,8.406151281,112,208,20.75046809,9.187381485,7.718778443,9.118723124,491,18,466,25,509,491
23,1000,20,7.7,28,41,951,26,9,14,49,8.136760896,92,197,20.88119805,9.201113665,7.853472894,8.396170216,456,22,495,27,478,522
19,1000,20,7.7,28,54,951,28,11,10,49,8.251572663,96,209,20.58966215,9.206224875,7.597176407,8.858055513,465,16,486,33,481,519
21,1000,20,7.7,28,49,954,27,7,12,46,8.049205209,98,209,20.65854611,9.298972175,7.690636531,8.407773886,484,16,470,30,500,500
22,1000,20,7.7,28,43,948,25,13,14,52,7.990414715,105,219,20.50266033,9.433839857,7.083685057,8.861586348,474,16,474,36,490,510
20,1000,20,7.7,28,51,949,31,12,8,51,8.458670909,105,215,20.60445279,9.096869682,7.481554503,9.357017855,462,17,487,34,479,521
18,1000,20,7.7,28,64,957,25,11,7,43,8.398711036,100,202,20.74991747,9.222528126,7.729594149,9.092357667,491,18,466,25,509,491
24,1000,20,7.7,28,8,956,16,12,16,44,6.957532476,92,211,20.2804149,8.759996171,5.962430346,7.92515644,475,18,481,26,493,507
17,1000,20,7.7,28,64,952,30,12,6,48,8.366996584,107,213,20.81961122,9.265072444,7.775059166,9.000602476,499,18,453,30,517,483
23,1000,20,7.7,28,42,950,26,10,14,50,8.160797603,109,230,20.87273905,9.215281465,7.879450222,8.418429879,456,22,494,28,478,522
19,1000,20,7.7,28,55,951,29,10,10,49,8.267705132,107,201,20.60330412,9.216794688,7.613776818,8.873754302,465,16,486,33,481,519
21,1000,20,7.7,28,50,954,27,7,12,46,8.061981736,96,205,20.66648443,9.322205335,7.72565105,8.398312422,484,16,470,30,500,500
22,1000,20,7.7,28,44,950,24,12,14,50,8.012747001,103,225,20.53985064,9.469203107,7.105092803,8.884806918,475,15,475,35,490,510
17,1000,20,7.7,28,65,952,30,12,6,48,8.367041624,94,228,20.82947946,9.263858247,7.769088797,9.00708637,499,18,453,30,517,483
18,1000,20,7.7,28,65,956,26,11,7,44,8.426953927,91,222,20.75650935,9.215784056,7.756012857,9.122491615,491,18,465,26,509,491
20,1000,20,7.7,28,52,949,31,12,8,51,8.497278859,95,207,20.62198564,9.121562153,7.531792783,9.384933044,462,17,487,34,479,521
23,1000,20,7.7,28,43,952,25,9,14,48,8.158169745,104,229,20.89725304,9.233852837,7.862092863,8.429289955,457,21,495,27,478,522
24,1000,20,7.7,28,9,956,16,12,16,44,7.017969236,102,202,20.2817971,8.760226944,6.021593807,7.986831339,474,19,482,25,493,507
19,1000,20,7.7,28,56,953,28,10,9,47,8.273604155,93,203,20.61673446,9.219287053,7.638314753,8.862379111,465,16,488,31,481,519
21,1000,20,7.7,28,51,952,30,6,12,48,8.106672545,99,227,20.6959668,9.319671372,7.783594412,8.429750679,481,19,471,29,500,500
22,1000,20,7.7,28,45,950,24,13,13,50,8.015777187,97,208,20.53988938,9.505424069,7.077073936,8.917668546,475,15,475,35,490,510
18,1000,20,7.7,28,66,958,26,9,7,42,8.425927872,100,196,20.76188884,9.230647895,7.785790113,9.089533003,491,18,467,24,509,491
17,1000,20,7.7,28,66,953,31,11,5,47,8.354212205,87,213,20.84434,9.276181708,7.783634863,8.964954411,499,18,454,29,517,483
20,1000,20,7.7,28,53,949,31,12,8,51,8.513689928,109,213,20.63531744,9.127556727,7.560330293,9.390195235,462,17,487,34,479,521
23,1000,20,7.7,28,44,952,25,9,14,48,8.159793059,111,207,20.91537244,9.256475101,7.850087862,8.443392837,457,21,495,27,478,522
24,1000,20,7.7,28,10,957,15,12,16,43,7.025412258,99,218,20.26798338,8.764234092,6.051173901,7.972748569,474,19,483,24,493,507
19,1000,20,7.7,28,57,957,25,9,9,43,8.236802342,111,196,20.62123376,9.23862577,7.600754865,8.82627987,467,14,490,29,481,519
21,1000,20,7.7,28,52,952,30,6,12,48,8.119006688,100,215,20.70363187,9.34086732,7.780634412,8.457378964,481,19,471,29,500,500
22,1000,20,7.7,28,46,951,24,12,13,49,8.011746104,98,208,20.55616394,9.507341964,7.060442581,8.925743606,476,14,475,35,490,510
18,1000,20,7.7,28,67,960,25,8,7,40,8.394144221,105,226,20.76043088,9.229197886,7.781050941,9.029713427,491,18,469,22,509,491
17,1000,20,7.7,28,67,953,31,11,5,47,8.378709127,111,206,20.86627538,9.303435202,7.813733365,8.983455439,499,18,454,29,517,483
20,1000,20,7.7,28,54,948,32,12,8,52,8.538004882,99,223,20.65059652,9.128291008,7.577352612,9.421214934,462,17,486,35,479,521
23,1000,20,7.7,28,45,952,25,9,14,48,8.196974614,89,206,20.93331911,9.270469603,7.891184535,8.476989285,457,21,495,27,478,522
21,1000,20,7.7,28,53,949,32,7,12,51,8.169448467,101,194,20.72534418,9.35242322,7.849788817,8.489108116,480,20,469,31,500,500
19,1000,20,7.7,28,58,956,27,8,9,44,8.234698176,100,232,20.61214869,9.25827717,7.564039435,8.856252809,466,15,490,29,481,519
24,1000,20,7.7,28,11,958,15,12,15,42,7.032013875,98,201,20.28598412,8.768861227,6.031205541,8.005186475,475,18,483,24,493,507
22,1000,20,7.7,28,47,952,25,12,11,48,7.986995556,115,210,20.54988531,9.515227736,7.073279956,8.864879171,476,14,476,34,490,510
18,1000,20,7.7,28,68,958,26,9,7,42,8.421790118,111,220,20.75932331,9.242693686,7.782439266,9.084579494,490,19,468,23,509,491
17,1000,20,7.7,28,68,953,29,13,5,47,8.393819462,119,225,20.86828325,9.317832345,7.835909864,8.991002199,499,18,454,29,517,483
20,1000,20,7.7,28,55,949,31,12,8,51,8.551617877,84,208,20.65407406,9.136951537,7.610592645,9.416783109,462,17,487,34,479,521
23,1000,20,7.7,28,46,950,27,9,14,50,8.224147838,102,217,20.93474012,9.28401373,7.921857976,8.500957328,457,21,493,29,478,522
21,1000,20,7.7,28,54,948,33,8,11,52,8.180507845,98,203,20.74554949,9.35587413,7.821641003,8.539374688,481,19,467,33,500,500
19,1000,20,7.7,28,59,956,27,8,9,44,8.229642578,82,217,20.62887339,9.267302545,7.570115634,8.840880459,466,15,490,29,481,519
22,1000,20,7.7,28,48,952,26,11,11,48,8.000266492,100,232,20.58772071,9.527484453,7.108201862,8.857348196,476,14,476,34,490,510
24,1000,20,7.7,28,12,957,16,12,15,43,7.049726251,98,194,20.29061519,8.797992946,6.071938065,8.000514368,475,18,482,25,493,507
18,1000,20,7.7,28,69,955,28,10,7,45,8.478218756,95,214,20.7814084,9.258927222,7.835258359,9.144750004,489,20,466,25,509,491
17,1000,20,7.7,28,69,953,29,13,5,47,8.376635866,100,194,20.85573956,9.321728562,7.7838928,9.011104117,499,18,454,29,517,483
20,1000,20,7.7,28,56,949,31,12,8,51,8.562394868,114,194,20.67015163,9.143546821,7.62452915,9.424655288,462,17,487,34,479,521
23,1000,20,7.7,28,47,951,26,9,14,49,8.23733539,96,226,20.94257279,9.287742673,7.92641281,8.522049937,458,20,493,29,478,522
21,1000,20,7.7,28,55,948,32,9,11,52,8.1831189,93,217,20.77244681,9.369559654,7.851560953,8.514676848,480,20,468,32,500,500
19,1000,20,7.7,28,60,956,27,8,9,44,8.259607341,107,207,20.62667905,9.267053371,7.611922482,8.859870187,466,15,490,29,481,519
18,1000,20,7.7,28,70,955,28,10,7,45,8.483511535,102,216,20.78069721,9.265738221,7.848831941,9.141458405,489,20,466,25,509,491
17,1000,20,7.7,28,70,953,29,13,5,47,8.399744043,100,223,20.86025474,9.304990963,7.806750175,9.034480751,500,17,453,30,517,483
22,1000,20,7.7,28,49,953,26,11,10,47,8.026536198,77,205,20.59396497,9.528460903,7.141487082,8.876877506,476,14,477,33,490,510
24,1000,20,7.7,28,13,956,17,12,15,44,7.106292214,89,196,20.29423285,8.802415214,6.111473447,8.073640639,475,18,481,26,493,507
20,1000,20,7.7,28,57,949,31,12,8,51,8.562854346,90,191,20.67364291,9.14557543,7.62497219,9.425129879,462,17,487,34,479,521
23,1000,20,7.7,28,48,950,27,9,14,50,8.255365492,105,194,20.96541117,9.28259137,7.919473096,8.562945119,458,20,492,30,478,522
21,1000,20,7.7,28,56,947,32,9,12,53,8.185128395,86,209,20.78187712,9.366154091,7.82777738,8.54247941,480,20,467,33,500,500
18,1000,20,7.7,28,71,955,28,10,7,45,8.500863552,95,224,20.79468903,9.265429469,7.872029665,9.152750414,489,20,466,25,509,491
19,1000,20,7.7,28,61,956,26,9,9,44,8.286718681,90,185,20.64797694,9.268450837,7.611311089,8.912674465,466,15,490,29,481,519
17,1000,20,7.7,28,71,953,29,12,6,47,8.445027334,98,226,20.87250471,9.32527123,7.852330863,9.07944571,500,17,453,30,517,483
22,1000,20,7.7,28,50,952,27,11,10,48,8.031965097,70,222,20.5977082,9.522647623,7.137659317,8.891200061,476,14,476,34,490,510
20,1000,20,7.7,28,58,948,32,12,8,52,8.579893751,98,201,20.68816485,9.134596511,7.651677327,9.433282747,462,17,486,35,479,521
21,1000,20,7.7,28,57,947,32,10,11,53,8.188121032,111,217,20.78294641,9.381021863,7.830688495,8.545553569,480,20,467,33,500,500
24,1000,20,7.7,28,14,955,18,12,15,45,7.094674587,90,183,20.31439163,8.808610391,6.111877228,8.050333556,475,18,480,27,493,507
23,1000,20,7.7,28,49,949,27,10,14,51,8.26626371,104,196,21.01317366,9.28914698,7.937094028,8.567687289,457,21,492,30,478,522
18,1000,20,7.7,28,72,955,28,10,7,45,8.512512374,91,216,20.81592,9.280601257,7.865687016,9.183050272,489,20,466,25,509,491
19,1000,20,7.7,28,62,957,26,9,8,43,8.273792995,101,222,20.65552486,9.280809899,7.610620134,8.888409847,466,15,491,28,481,519
17,1000,20,7.7,28,72,953,29,12,6,47,8.465743861,109,184,20.87161094,9.340424314,7.890315753,9.081678296,500,17,453,30,517,483
22,1000,20,7.7,28,51,953,27,12,8,47,8.03633722,96,226,20.6021906,9.542039436,7.185077029,8.854214658,476,14,477,33,490,510
20,1000,20,7.7,28,59,947,32,13,8,53,8.642409024,84,222,20.72744438,9.147622591,7.752136268,9.460913151,462,17,485,36,479,521
21,1000,20,7.7,28,58,947,32,10,11,53,8.222736304,99,226,20.78783059,9.371735994,7.896179253,8.549293354,480,20,467,33,500,500
18,1000,20,7.7,28,73,952,31,10,7,48,8.522219197,104,206,20.80073347,9.273255525,7.853640113,9.215308308,489,20,463,28,509,491
23,1000,20,7.7,28,50,950,26,10,14,50,8.26891495,99,216,21.01353332,9.287927961,7.940040141,8.57006851,458,20,492,30,478,522
24,1000,20,7.7,28,15,956,18,10,16,44,7.096526608,107,199,20.31611758,8.818432769,6.140672578,8.025986248,475,18,481,26,493,507
17,1000,20,7.7,28,73,955,28,11,6,45,8.445273399,91,223,20.87002776,9.343490859,7.872194975,9.058692748,501,16,454,29,517,483
19,1000,20,7.7,28,63,957,26,9,8,43,8.282610741,95,221,20.66811055,9.303323487,7.619895956,8.896803056,466,15,491,28,481,519
22,1000,20,7.7,28,52,953,27,12,8,47,8.068359945,95,198,20.59876158,9.539562013,7.220379519,8.883086237,476,14,477,33,490,510
20,1000,20,7.7,28,60,945,34,12,9,55,8.646650412,90,193,20.74392718,9.165646246,7.76165616,9.460301557,461,18,484,37,479,521
21,1000,20,7.7,28,59,947,31,11,11,53,8.238912717,83,213,20.80947456,9.38023832,7.919248167,8.558577267,480,20,467,33,500,500
18,1000,20,7.7,28,74,952,31,10,7,48,8.546075297,90,209,20.81042995,9.295335921,7.875224879,9.24151901,489,20,463,28,509,491
23,1000,20,7.7,28,51,950,26,10,14,50,8.301353211,98,210,21.02167051,9.298671139,7.928342041,8.642922827,459,19,491,31,478,522
17,1000,20,7.7,28,74,955,28,11,6,45,8.449290119,104,208,20.88984585,9.353013864,7.880670505,9.057936786,501,16,454,29,517,483
24,1000,20,7.7,28,16,958,18,8,16,42,7.139888463,90,206,20.34199102,8.83505888,6.175637838,8.077512838,477,16,481,26,493,507
19,1000,20,7.7,28,64,957,25,10,8,43,8.312369597,85,189,20.68665354,9.311854765,7.652680507,8.923757753,466,15,491,28,481,519
22,1000,20,7.7,28,53,953,29,11,7,47,8.081163763,113,214,20.60113204,9.545954995,7.254270439,8.875629897,476,14,477,33,490,510
20,1000,20,7.7,28,61,945,34,13,8,55,8.699952433,90,192,20.74397615,9.165741079,7.816093233,9.512560028,461,18,484,37,479,521
21,1000,20,7.7,28,60,946,32,11,11,54,8.267984603,98,225,20.83870481,9.397444187,7.929103813,8.606865393,480,20,466,34,500,500
18,1000,20,7.7,28,75,953,28,11,8,47,8.591311912,94,228,20.82387965,9.29669899,7.938721888,9.267825808,490,19,463,28,509,491
23,1000,20,7.7,28,52,949,26,11,14,51,8.30845221,100,218,21.0462814,9.283399856,7.934897677,8.650519388,458,20,491,31,478,522
17,1000,20,7.7,28,75,954,29,11,6,46,8.503052808,90,208,20.9121944,9.345926706,7.949861497,9.095185121,501,16,453,30,517,483
19,1000,20,7.7,28,65,955,27,10,8,45,8.323574333,93,214,20.69207735,9.329629298,7.635893798,8.960904462,465,16,490,29,481,519
24,1000,20,7.7,28,17,956,20,8,16,44,7.177303742,92,213,20.37811129,8.839257307,6.204446737,8.123296846,476,17,480,27,493,507
22,1000,20,7.7,28,54,952,31,10,7,48,8.115226781,98,244,20.60858582,9.549659226,7.310106161,8.888774043,476,14,476,34,490,510
20,1000,20,7.7,28,62,946,33,13,8,54,8.735802939,101,231,20.7362937,9.172643599,7.909404708,9.495581735,461,18,485,36,479,521
21,1000,20,7.7,28,61,947,31,11,11,53,8.277633521,112,209,20.8536811,9.397736259,7.952393087,8.602873955,481,19,466,34,500,500
18,1000,20,7.7,28,76,953,28,11,8,47,8.600759424,105,214,20.82629658,9.309090227,7.943798361,9.281804599,490,19,463,28,509,491
23,1000,20,7.7,28,53,949,27,10,14,51,8.313808012,99,239,21.05450606,9.310962086,7.959101608,8.638615791,457,21,492,30,478,522
17,1000,20,7.7,28,76,953,30,10,7,47,8.532390912,83,211,20.94670554,9.358644162,7.97668034,9.127219825,501,16,452,31,517,483
19,1000,20,7.7,28,66,955,28,9,8,45,8.312376632,102,208,20.70189619,9.350129108,7.661314662,8.915769324,466,15,489,30,481,519
22,1000,20,7.7,28,55,951,31,11,7,49,8.132213531,91,201,20.64475551,9.567744149,7.355739043,8.878238039,475,15,476,34,490,510
24,1000,20,7.7,28,18,956,20,9,15,44,7.181423288,83,216,20.38320694,8.830666802,6.258951344,8.078422634,476,17,480,27,493,507
21,1000,20,7.7,28,62,946,31,12,11,54,8.306872141,89,220,20.85152282,9.409639807,8.03113735,8.582606932,479,21,467,33,500,500
20,1000,20,7.7,28,63,945,33,15,7,55,8.726723627,93,222,20.7667914,9.168025536,7.920054961,9.468363341,461,18,484,37,479,521
18,1000,20,7.7,28,77,953,28,11,8,47,8.633126272,102,208,20.84348161,9.310214695,7.992579132,9.297155792,490,19,463,28,509,491
23,1000,20,7.7,28,54,949,25,12,14,51,8.324166947,110,217,21.07653317,9.315840912,8.011706168,8.610290036,457,21,492,30,478,522
17,1000,20,7.7,28,77,953,30,10,7,47,8.528162053,87,244,20.98717433,9.379544577,7.974189942,9.121130131,501,16,452,31,517,483
19,1000,20,7.7,28,67,956,27,9,8,44,8.301058319,95,192,20.72515099,9.363540392,7.667551301,8.888181394,466,15,490,29,481,519
22,1000,20,7.7,28,56,952,30,11,7,48,8.140294929,107,229,20.65291325,9.594611245,7.409824634,8.84211933,475,15,477,33,490,510
21,1000,20,7.7,28,63,946,31,11,12,54,8.307573956,100,230,20.86430709,9.435657447,8.035013734,8.580134179,479,21,467,33,500,500
20,1000,20,7.7,28,64,944,34,15,7,56,8.763215282,102,211,20.79975058,9.182519497,7.954513285,9.506724412,461,18,483,38,479,521
18,1000,20,7.7,28,78,953,28,11,8,47,8.671893098,97,222,20.85107087,9.328290001,8.031536006,9.335725602,490,19,463,28,509,491
24,1000,20,7.7,28,19,956,20,9,15,44,7.187536232,98,219,20.3788962,8.847064868,6.266188908,8.083442013,476,17,480,27,493,507
23,1000,20,7.7,28,55,950,25,12,13,50,8.350200905,102,223,21.10663103,9.322159664,8.037541093,8.63650625,457,21,493,29,478,522
17,1000,20,7.7,28,78,950,32,9,9,50,8.599045645,88,210,21.00775379,9.378369025,8.048327902,9.188530269,499,18,451,32,517,483
22,1000,20,7.7,28,57,952,30,11,7,48,8.155640972,103,212,20.64535057,9.599521153,7.446315318,8.837149934,474,16,478,32,490,510
19,1000,20,7.7,28,68,959,26,9,6,41,8.271154325,100,217,20.72113001,9.355224187,7.625724433,8.869327308,467,14,492,27,481,519
21,1000,20,7.7,28,64,946,31,11,12,54,8.334200828,91,231,20.88095821,9.438403131,8.083372981,8.585028676,479,21,467,33,500,500
18,1000,20,7.7,28,79,952,30,10,8,48,8.69578937,96,218,20.87584729,9.345726663,8.039865041,9.375759803,490,19,462,29,509,491
20,1000,20,7.7,28,65,941,37,15,7,59,8.782078449,92,212,20.78398177,9.172701872,7.938479521,9.557671322,460,19,481,40,479,521
23,1000,20,7.7,28,56,951,23,13,13,49,8.34107754,94,203,21.13366975,9.317638223,8.016471918,8.638321768,458,20,493,29,478,522
24,1000,20,7.7,28,20,956,20,9,15,44,7.184568584,101,206,20.37956593,8.868589225,6.280524049,8.063649365,476,17,480,27,493,507
17,1000,20,7.7,28,79,950,31,9,10,50,8.650859444,104,217,21.00260858,9.374601078,8.070931011,9.271610998,498,19,452,31,517,483
22,1000,20,7.7,28,58,952,30,11,7,48,8.166249423,111,225,20.64869471,9.598304757,7.445795446,8.858450304,474,16,478,32,490,510
19,1000,20,7.7,28,69,958,27,9,6,42,8.280663595,112,209,20.71821079,9.372840637,7.638178244,8.876107629,467,14,491,28,481,519
21,1000,20,7.7,28,65,945,32,11,12,55,8.372650451,103,212,20.87773165,9.435603513,8.139873889,8.605427012,479,21,466,34,500,500
18,1000,20,7.7,28,80,951,30,11,8,49,8.725722159,92,225,20.89453241,9.356745574,8.034194031,9.442601622,489,20,462,29,509,491
20,1000,20,7.7,28,66,942,36,15,7,58,8.78885593,96,213,20.79941433,9.187982815,7.936103467,9.572864433,461,18,481,40,479,521
23,1000,20,7.7,28,57,951,22,14,13,49,8.345799903,93,215,21.15846959,9.320611141,8.021841405,8.642451555,458,20,493,29,478,522
17,1000,20,7.7,28,80,951,30,9,10,49,8.640727639,100,234,20.99508232,9.369430382,8.023981133,9.300889013,499,18,452,31,517,483
24,1000,20,7.7,28,21,955,21,9,15,45,7.218484227,78,211,20.40260854,8.886389667,6.31071535,8.101186508,475,18,480,27,493,507
22,1000,20,7.7,28,59,951,31,10,8,49,8.152707522,109,242,20.6581987,9.612311623,7.468877865,8.80972033,474,16,477,33,490,510
19,1000,20,7.7,28,70,958,27,9,6,42,8.281137631,113,225,20.71918539,9.370775489,7.630660081,8.883988694,467,14,491,28,481,519
21,1000,20,7.7,28,66,942,35,11,12,58,8.423572748,99,201,20.90822311,9.451724078,8.197714006,8.64943149,478,22,464,36,500,500
18,1000,20,7.7,28,81,948,33,11,8,52,8.754989147,102,218,20.89807139,9.389459189,8.050047874,9.48577348,487,22,461,30,509,491
20,1000,20,7.7,28,67,939,38,15,8,61,8.834658649,90,234,20.8023634,9.212362536,7.95359173,9.64469906,460,19,479,42,479,521
23,1000,20,7.7,28,58,951,23,14,12,49,8.363432909,92,201,21.15100783,9.335169933,8.0333127,8.665726893,458,20,493,29,478,522
17,1000,20,7.7,28,81,951,30,10,9,49,8.651859565,100,195,20.9889596,9.385608139,8.088271802,9.255120172,499,18,452,31,517,483
24,1000,20,7.7,28,22,956,21,8,15,44,7.254463887,108,219,20.40129787,8.899857024,6.406430836,8.079079851,475,18,481,26,493,507
22,1000,20,7.7,28,60,950,32,10,8,50,8.189499349,103,213,20.68132412,9.621356514,7.514719498,8.837817244,473,17,477,33,490,510
21,1000,20,7.7,28,67,942,34,12,12,58,8.471309654,91,213,20.93370146,9.469831209,8.250487617,8.692131692,478,22,464,36,500,500
18,1000,20,7.7,28,82,946,36,11,7,54,8.768493446,106,216,20.91265045,9.400829328,8.058040628,9.504991379,486,23,460,31,509,491
20,1000,20,7.7,28,68,941,36,16,7,59,8.813268415,93,212,20.81915822,9.244758502,7.99324375,9.567187444,460,19,481,40,479,521
19,1000,20,7.7,28,71,959,27,8,6,41,8.283855768,80,192,20.73818374,9.370519523,7.65764111,8.864220412,468,13,491,28,481,519
23,1000,20,7.7,28,59,950,23,15,12,50,8.375933057,106,227,21.15952184,9.347146911,8.029074392,8.693554593,458,20,492,30,478,522
17,1000,20,7.7,28,82,952,30,10,8,48,8.680709178,95,238,21.01446225,9.409521574,8.158670589,9.239495825,499,18,453,30,517,483
22,1000,20,7.7,28,61,949,31,11,9,51,8.225480883,90,228,20.68143521,9.634596528,7.560305407,8.864571047,472,18,477,33,490,510
21,1000,20,7.7,28,68,942,34,12,12,58,8.467427979,110,214,20.94389256,9.467241731,8.24739433,8.687461629,477,23,465,35,500,500
18,1000,20,7.7,28,83,946,36,11,7,54,8.785975476,103,210,20.93980718,9.400971249,8.084361472,9.513310564,486,23,460,31,509,491
24,1000,20,7.7,28,23,957,20,8,15,43,7.277721737,93,196,20.43202164,8.903259348,6.38115184,8.149534279,476,17,481,26,493,507
20,1000,20,7.7,28,69,941,35,17,7,59,8.83905852,93,204,20.8331689,9.272352638,8.032020128,9.581038156,460,19,481,40,479,521
23,1000,20,7.7,28,60,949,24,15,12,51,8.419229094,104,221,21.17448015,9.337878833,8.08589593,8.724465209,458,20,491,31,478,522
19,1000,20,7.7,28,72,958,28,8,6,42,8.305907656,101,230,20.77584449,9.370681083,7.672285535,8.893137406,468,13,490,29,481,519
17,1000,20,7.7,28,83,953,30,10,7,47,8.710608901,95,237,21.01343132,9.407547235,8.206525414,9.250176526,499,18,454,29,517,483
22,1000,20,7.7,28,62,952,29,11,8,48,8.215063158,107,200,20.71574443,9.633412935,7.554512424,8.849709941,473,17,479,31,490,510
21,1000,20,7.7,28,69,939,37,12,12,61,8.527619087,104,211,20.95659522,9.467555148,8.308019275,8.747218899,475,25,464,36,500,500
18,1000,20,7.7,28,84,945,36,13,6,55,8.779957814,116,201,20.95073555,9.412869622,8.075424875,9.510318844,485,24,460,31,509,491
20,1000,20,7.7,28,70,942,35,16,7,58,8.868265655,111,208,20.84358698,9.292704689,8.009946433,9.657392156,461,18,481,40,479,521
23,1000,20,7.7,28,61,950,23,16,11,50,8.404029335,109,218,21.1773884,9.348924083,8.100829554,8.681672047,458,20,492,30,478,522
24,1000,20,7.7,28,24,957,20,8,15,43,7.317860626,79,207,20.44700169,8.915212881,6.433822195,8.17748774,476,17,481,26,493,507
19,1000,20,7.7,28,73,957,28,9,6,43,8.316643795,89,223,20.79490624,9.376141262,7.654481817,8.930323779,468,13,489,30,481,519
17,1000,20,7.7,28,84,951,32,10,7,49,8.717788422,113,213,21.0235222,9.393926023,8.200595597,9.271388196,499,18,452,31,517,483
22,1000,20,7.7,28,63,952,28,11,9,48,8.264083736,93,208,20.74278922,9.647707034,7.591248459,8.910533316,472,18,480,30,490,510
21,1000,20,7.7,28,70,939,37,12,12,61,8.498886666,102,220,20.94933806,9.466764845,8.274649536,8.723123796,475,25,464,36,500,500
18,1000,20,7.7,28,85,946,35,13,6,54,8.811717428,106,221,20.94976444,9.433047751,8.107362731,9.541893682,487,22,459,32,509,491
20,1000,20,7.7,28,71,942,35,16,7,58,8.878374595,98,218,20.85855041,9.30847623,7.995382909,9.69018461,461,18,481,40,479,521
23,1000,20,7.7,28,62,951,23,16,10,49,8.429205948,92,217,21.17778326,9.357299575,8.153955064,8.681255609,458,20,493,29,478,522
19,1000,20,7.7,28,74,958,26,10,6,42,8.324939385,99,225,20.80292919,9.38185477,7.682933728,8.919938847,469,12,489,30,481,519
17,1000,20,7.7,28,85,951,33,10,6,49,8.715571423,89,237,21.04078778,9.420594351,8.218842302,9.247266983,498,19,453,30,517,483
24,1000,20,7.7,28,25,957,20,8,15,43,7.329383244,104,206,20.48039149,8.928834474,6.441309009,8.192934719,475,18,482,25,493,507
22,1000,20,7.7,28,64,951,29,11,9,49,8.29217387,92,224,20.75598028,9.676079847,7.641776278,8.917065673,471,19,480,30,490,510
18,1000,20,7.7,28,86,946,35,12,7,54,8.816150917,88,213,20.96907395,9.441543572,8.115115317,9.542886396,488,21,458,33,509,491
21,1000,20,7.7,28,71,940,37,11,12,60,8.519351547,111,221,20.97012568,9.478873284,8.271394067,8.767309026,476,24,464,36,500,500
20,1000,20,7.7,28,72,942,35,15,8,58,8.876822304,85,222,20.88912452,9.307168361,8.019120455,9.665381202,461,18,481,40,479,521
23,1000,20,7.7,28,63,951,24,15,10,49,8.441034914,93,230,21.19991244,9.376280545,8.160876656,8.6975783,459,19,492,30,478,522
17,1000,20,7.7,28,86,952,33,9,6,48,8.751628369,100,240,21.04100503,9.42599612,8.222441166,9.318066845,500,17,452,31,517,483
19,1000,20,7.7,28,75,958,26,10,6,42,8.330891386,102,222,20.82865906,9.387499399,7.700740647,8.91490392,469,12,489,30,481,519
24,1000,20,7.7,28,26,958,20,9,13,42,7.324136509,95,184,20.48799638,8.912919098,6.43436621,8.189337213,477,16,481,26,493,507
22,1000,20,7.7,28,65,951,29,11,9,49,8.325770509,106,194,20.77221099,9.684173251,7.716057604,8.911573104,471,19,480,30,490,510
21,1000,20,7.7,28,72,941,35,11,13,59,8.516530217,111,218,20.98290242,9.499030007,8.295025905,8.738034528,476,24,465,35,500,500
18,1000,20,7.7,28,87,946,35,12,7,54,8.82147281,99,203,20.98696511,9.454690344,8.146214228,9.521486288,487,22,459,32,509,491
20,1000,20,7.7,28,73,942,35,15,8,58,8.893318029,96,210,20.89956222,9.332999157,8.073333709,9.647199967,461,18,481,40,479,521
23,1000,20,7.7,28,64,950,25,15,10,50,8.458951937,93,205,21.2206195,9.385124752,8.165657267,8.727524451,459,19,491,31,478,522
17,1000,20,7.7,28,87,951,34,9,6,49,8.760388433,91,207,21.06587376,9.425617795,8.272721401,9.282383993,498,19,453,30,517,483
19,1000,20,7.7,28,76,959,25,10,6,41,8.341917566,111,214,20.83404132,9.394668779,7.686140269,8.94968034,470,11,489,30,481,519
22,1000,20,7.7,28,66,947,33,11,9,53,8.361997763,105,196,20.81207994,9.698265993,7.762138357,8.938333271,471,19,476,34,490,510
24,1000,20,7.7,28,27,959,20,8,13,41,7.330211179,85,215,20.5092137,8.92337596,6.477332881,8.159538597,477,16,482,25,493,507
21,1000,20,7.7,28,73,942,32,12,14,58,8.541712278,121,216,20.98255266,9.494050391,8.313618019,8.769806538,476,24,466,34,500,500
20,1000,20,7.7,28,74,943,34,14,9,57,8.875496426,101,220,20.93001566,9.342600753,8.069235915,9.616760889,461,18,482,39,479,521
23,1000,20,7.7,28,65,950,25,15,10,50,8.476751589,85,198,21.24275486,9.379216901,8.16828728,8.759215074,459,19,491,31,478,522
18,1000,20,7.7,28,88,946,34,13,7,54,8.821569218,104,209,21.01190354,9.476037694,8.149472395,9.518305028,487,22,459,32,509,491
17,1000,20,7.7,28,88,951,34,9,6,49,8.814137808,89,217,21.07710836,9.42267678,8.34285168,9.318599357,498,19,453,30,517,483
19,1000,20,7.7,28,77,957,27,10,6,43,8.379562957,114,203,20.84373326,9.405872096,7.727606188,8.983784933,469,12,488,31,481,519
22,1000,20,7.7,28,67,945,33,12,10,55,8.413522659,108,214,20.82910434,9.705839815,7.818456827,8.985252575,470,20,475,35,490,510
21,1000,20,7.7,28,74,941,34,12,13,59,8.529646251,100,223,21.01624616,9.501684473,8.27963641,8.779656091,477,23,464,36,500,500
20,1000,20,7.7,28,75,942,34,15,9,58,8.9154922,106,229,20.94577911,9.375423858,8.077189347,9.686215936,461,18,481,40,479,521
23,1000,20,7.7,28,66,950,25,15,10,50,8.54151344,111,214,21.25729771,9.395860751,8.227701221,8.828874055,459,19,491,31,478,522
24,1000,20,7.7,28,28,959,20,8,13,41,7.357386464,91,218,20.50221731,8.941826948,6.527101256,8.164744665,477,16,482,25,493,507
18,1000,20,7.7,28,89,946,33,14,7,54,8.819791036,106,210,21.03198286,9.478715334,8.18842588,9.474301962,487,22,459,32,509,491
17,1000,20,7.7,28,89,950,36,8,6,50,8.845100538,83,210,21.09232204,9.437010362,8.379021453,9.343988502,496,21,454,29,517,483
19,1000,20,7.7,28,78,957,27,9,7,43,8.429667579,94,199,20.86830281,9.40778192,7.753958631,9.055902654,469,12,488,31,481,519
22,1000,20,7.7,28,68,945,33,12,10,55,8.451177054,92,222,20.83969525,9.722057931,7.849116588,9.029627306,470,20,475,35,490,510
21,1000,20,7.7,28,75,941,34,12,13,59,8.533618466,89,222,21.01185639,9.513642396,8.284022495,8.783214437,477,23,464,36,500,500
23,1000,20,7.7,28,67,950,25,14,11,50,8.528097823,90,213,21.26994384,9.393247172,8.215401077,8.814436988,459,19,491,31,478,522
20,1000,20,7.7,28,76,943,33,16,8,57,8.905560349,96,200,20.97323988,9.372841468,8.075583475,9.668629297,462,17,481,40,479,521
18,1000,20,7.7,28,90,947,32,14,7,53,8.866322071,99,216,21.0384846,9.472740784,8.232185399,9.523706115,487,22,460,31,509,491
17,1000,20,7.7,28,90,950,37,7,6,50,8.856414206,101,235,21.11688167,9.44552704,8.411989939,9.332122997,495,22,455,28,517,483
24,1000,20,7.7,28,29,959,20,8,13,41,7.399474391,84,240,20.49921206,8.929829395,6.599454614,8.177402893,477,16,482,25,493,507
19,1000,20,7.7,28,79,960,24,10,6,40,8.435496016,96,203,20.86676149,9.411077841,7.82346012,9.002720036,469,12,491,28,481,519
22,1000,20,7.7,28,69,945,32,13,10,55,8.482798252,99,218,20.86539377,9.740535698,7.892132071,9.050301054,469,21,476,34,490,510
21,1000,20,7.7,28,76,942,33,12,13,58,8.583156463,104,220,21.04413436,9.516488818,8.379093753,8.787219173,477,23,465,35,500,500
23,1000,20,7.7,28,68,951,24,14,11,49,8.538338686,89,216,21.2695299,9.405883896,8.25235596,8.800215589,460,18,491,31,478,522
20,1000,20,7.7,28,77,942,34,16,8,58,8.925202668,98,193,20.97270421,9.390764275,8.105728865,9.678615243,461,18,481,40,479,521
18,1000,20,7.7,28,91,947,31,15,7,53,8.887040107,104,219,21.04683729,9.49074392,8.256713195,9.540474726,487,22,460,31,509,491
17,1000,20,7.7,28,91,950,37,7,6,50,8.889618869,79,217,21.11714493,9.469457348,8.413372375,9.399389961,495,22,455,28,517,483
24,1000,20,7.7,28,30,960,20,7,13,40,7.396070909,89,188,20.53026789,8.951084201,6.606174752,8.164155339,477,16,483,24,493,507
19,1000,20,7.7,28,80,960,24,10,6,40,8.443049178,111,208,20.87249001,9.42413059,7.837503639,9.004258049,469,12,491,28,481,519
22,1000,20,7.7,28,70,944,34,13,9,56,8.483167188,124,232,20.88201687,9.739518826,7.919152057,9.025064078,468,22,476,34,490,510
21,1000,20,7.7,28,77,942,33,12,13,58,8.571099658,104,246,21.06474047,9.520898544,8.352734586,8.789464731,477,23,465,35,500,500
23,1000,20,7.7,28,69,951,24,14,11,49,8.54992431,96,215,21.29299092,9.410759877,8.248316837,8.82610893,460,18,491,31,478,522
18,1000,20,7.7,28,92,944,34,15,7,56,8.899192104,110,224,21.06525125,9.491346808,8.24926813,9.572942211,486,23,458,33,509,491
20,1000,20,7.7,28,78,942,34,16,8,58,8.965191618,84,199,20.99906439,9.385432756,8.123556561,9.738978935,461,18,481,40,479,521
17,1000,20,7.7,28,92,951,36,7,6,49,8.883386552,99,217,21.12387849,9.482400992,8.412351307,9.387579558,495,22,456,27,517,483
24,1000,20,7.7,28,31,961,19,7,13,39,7.469166281,103,210,20.54661587,8.969661633,6.68284642,8.233773168,477,16,484,23,493,507
22,1000,20,7.7,28,71,943,35,12,10,57,8.519074209,98,222,20.87440396,9.758525157,7.994801254,9.022787439,467,23,476,34,490,510
19,1000,20,7.7,28,81,957,27,10,6,43,8.484207276,104,212,20.88753042,9.425515561,7.857155229,9.065347998,468,13,489,30,481,519
21,1000,20,7.7,28,78,943,33,12,12,57,8.583156072,115,233,21.07537044,9.543601699,8.358586572,8.807725572,478,22,465,35,500,500
23,1000,20,7.7,28,70,951,26,13,10,49,8.499977278,116,236,21.32274635,9.416503486,8.192845379,8.781220664,459,19,492,30,478,522
18,1000,20,7.7,28,93,942,36,15,7,58,8.944810496,89,221,21.11073339,9.480416712,8.292755507,9.620769741,486,23,456,35,509,491
20,1000,20,7.7,28,79,943,33,16,8,57,8.995044715,92,213,20.99987906,9.398827197,8.188324464,9.736731856,461,18,482,39,479,521
17,1000,20,7.7,28,93,952,36,6,6,48,8.898485066,97,193,21.15260315,9.466468282,8.458287488,9.369669637,495,22,457,26,517,483
22,1000,20,7.7,28,72,944,33,13,10,56,8.535904349,102,213,20.89246373,9.761415517,8.067156998,8.986269451,467,23,477,33,490,510
19,1000,20,7.7,28,82,958,26,10,6,42,8.487625104,89,203,20.87913322,9.416313008,7.850600642,9.078008084,468,13,490,29,481,519
21,1000,20,7.7,28,79,944,33,11,12,56,8.569176699,108,225,21.0897628,9.536470474,8.369657576,8.768695821,478,22,466,34,500,500
24,1000,20,7.7,28,32,960,20,7,13,40,7.489058914,89,211,20.55115586,8.991607102,6.68533163,8.270592544,476,17,484,23,493,507
23,1000,20,7.7,28,71,951,26,14,9,49,8.527039747,101,232,21.34119111,9.442310934,8.197422455,8.828873205,460,18,491,31,478,522
18,1000,20,7.7,28,94,943,36,14,7,57,8.960079722,109,222,21.12740224,9.495250015,8.304888067,9.639290622,487,22,456,35,509,491
20,1000,20,7.7,28,80,942,34,15,9,58,9.025976998,112,228,21.02802377,9.420628397,8.225576488,9.761853859,461,18,481,40,479,521
17,1000,20,7.7,28,94,951,36,7,6,49,8.921452346,95,224,21.19880788,9.481433149,8.48954852,9.38375934,494,23,457,26,517,483
22,1000,20,7.7,28,73,943,35,12,10,57,8.542128925,101,199,20.90337258,9.788812451,8.084260091,8.982042119,466,24,477,33,490,510
21,1000,20,7.7,28,80,944,32,12,12,56,8.575625012,107,230,21.0967429,9.552466252,8.373721865,8.777528159,478,22,466,34,500,500
19,1000,20,7.7,28,83,957,27,10,6,43,8.557292153,95,217,20.88164943,9.4354913,7.956198842,9.114374779,467,14,490,29,481,519
23,1000,20,7.7,28,72,953,25,14,8,47,8.503545896,103,208,21.35274296,9.438442621,8.124406933,8.850726786,461,17,492,30,478,522
18,1000,20,7.7,28,95,942,36,15,7,58,8.988447888,105,229,21.15435449,9.515014234,8.329584645,9.671464978,487,22,455,36,509,491
20,1000,20,7.7,28,81,942,34,16,8,58,9.040822228,90,213,21.04735767,9.428930825,8.29442118,9.727052751,461,18,481,40,479,521
24,1000,20,7.7,28,33,959,21,6,14,41,7.532638495,99,212,20.57780068,8.99012296,6.721425019,8.321451599,476,17,483,24,493,507
17,1000,20,7.7,28,95,952,36,6,6,48,8.933029669,113,226,21.22722246,9.487182494,8.536833662,9.35711525,494,23,458,25,517,483
22,1000,20,7.7,28,74,943,35,12,10,57,8.590947654,99,225,20.93234676,9.793539053,8.114367326,9.048838558,466,24,477,33,490,510
21,1000,20,7.7,28,81,943,33,12,12,57,8.611192119,83,226,21.12628783,9.554387291,8.378771399,8.843612839,478,22,465,35,500,500
23,1000,20,7.7,28,73,955,25,12,8,45,8.479631403,97,216,21.35045918,9.442919062,8.155261055,8.776660189,461,17,494,28,478,522
19,1000,20,7.7,28,84,955,28,11,6,45,8.57033848,97,217,20.90847261,9.449826218,7.928043169,9.165606389,467,14,488,31,481,519
18,1000,20,7.7,28,96,941,37,15,7,59,8.985323621,115,221,21.16234784,9.507089511,8.315870532,9.679318778,487,22,454,37,509,491
20,1000,20,7.7,28,82,942,34,16,8,58,9.088974783,98,220,21.06355209,9.438862352,8.364829894,9.754743309,461,18,481,40,479,521
17,1000,20,7.7,28,96,952,36,6,6,48,8.950583095,89,205,21.22632201,9.492305868,8.556530461,9.372374425,494,23,458,25,517,483
24,1000,20,7.7,28,34,959,21,6,14,41,7.542152966,90,204,20.57802182,9.011591178,6.724740111,8.336994263,476,17,483,24,493,507
21,1000,20,7.7,28,82,943,32,13,12,57,8.653535262,101,209,21.13589165,9.540928357,8.457955743,8.84911478,478,22,465,35,500,500
22,1000,20,7.7,28,75,943,35,12,10,57,8.616407996,97,218,20.94398637,9.809746634,8.120374782,9.092988926,466,24,477,33,490,510
23,1000,20,7.7,28,74,957,24,12,7,43,8.48008639,100,215,21.35745122,9.452240484,8.202067342,8.734670882,461,17,496,26,478,522
18,1000,20,7.7,28,97,941,38,13,8,59,9.000683237,96,213,21.1802407,9.517513552,8.339354335,9.686256376,487,22,454,37,509,491
20,1000,20,7.7,28,83,943,34,16,7,57,9.066158634,82,198,21.07132882,9.437873648,8.37148775,9.704829177,460,19,483,38,479,521
19,1000,20,7.7,28,85,955,28,11,6,45,8.590364823,107,210,20.92077362,9.446986414,7.960474553,9.174135959,467,14,488,31,481,519
17,1000,20,7.7,28,97,952,35,7,6,48,8.978734827,98,209,21.23373459,9.479693276,8.556059154,9.431164067,495,22,457,26,517,483
24,1000,20,7.7,28,35,959,23,6,12,41,7.527379708,105,231,20.62355871,9.02972784,6.697419373,8.334422006,477,16,482,25,493,507
21,1000,20,7.7,28,83,944,31,14,11,56,8.658679154,106,193,21.14495246,9.529008939,8.489156487,8.82820182,478,22,466,34,500,500
22,1000,20,7.7,28,76,942,35,13,10,58,8.631869788,102,208,20.94323332,9.827684517,8.184612274,9.061587791,465,25,477,33,490,510
23,1000,20,7.7,28,75,957,23,13,7,43,8.514494858,76,229,21.36152454,9.45111436,8.275637137,8.733218978,461,17,496,26,478,522
18,1000,20,7.7,28,98,940,38,13,9,60,9.023947394,109,213,21.19268543,9.526127832,8.378105084,9.693466204,487,22,453,38,509,491
20,1000,20,7.7,28,84,942,35,16,7,58,9.101433789,97,203,21.09031289,9.448177631,8.388940593,9.756489913,460,19,482,39,479,521
19,1000,20,7.7,28,86,955,27,11,7,45,8.600418104,106,192,20.93429779,9.458357339,7.95556342,9.198057995,467,14,488,31,481,519
17,1000,20,7.7,28,98,952,34,9,5,48,9.003075938,99,224,21.21408247,9.488399882,8.607338246,9.426670941,494,23,458,25,517,483
24,1000,20,7.7,28,36,960,23,5,12,40,7.571083553,98,216,20.63228005,9.033751475,6.75464086,8.364981478,477,16,483,24,493,507
22,1000,20,7.7,28,77,944,33,13,10,56,8.620416116,113,220,20.95374773,9.841853785,8.163253689,9.059650604,466,24,478,32,490,510
21,1000,20,7.7,28,84,945,30,14,11,55,8.673879335,99,194,21.16800403,9.544492718,8.510102368,8.837656302,478,22,467,33,500,500
23,1000,20,7.7,28,76,956,24,13,7,44,8.543665282,90,221,21.35004166,9.46022708,8.31084723,8.756858823,461,17,495,27,478,522
18,1000,20,7.7,28,99,940,37,14,9,60,9.03687336,99,182,21.21326643,9.545560411,8.398757138,9.698382844,487,22,453,38,509,491
20,1000,20,7.7,28,85,941,36,16,7,59,9.097958469,108,213,21.11063442,9.459525255,8.382206414,9.756010743,460,19,481,40,479,521
17,1000,20,7.7,28,99,953,33,9,5,47,8.976630198,94,229,21.23752543,9.483410516,8.618771028,9.359680282,495,22,458,25,517,483
19,1000,20,7.7,28,87,956,25,12,7,44,8.580607354,97,269,20.96078757,9.48214835,7.922115981,9.190885486,467,14,489,30,481,519
21,1000,20,7.7,28,85,946,30,15,9,54,8.683014109,103,200,21.18493066,9.54311818,8.536438208,8.82959001,478,22,468,32,500,500
22,1000,20,7.7,28,78,944,34,13,9,56,8.610884338,98,210,21.01179504,9.854742632,8.188756556,9.01645809,466,24,478,32,490,510
23,1000,20,7.7,28,77,956,24,13,7,44,8.586713993,93,209,21.3699336,9.461988835,8.354786955,8.799091625,461,17,495,27,478,522
24,1000,20,7.7,28,37,960,23,5,12,40,7.555817634,84,196,20.65011122,9.02869735,6.721747361,8.36685638,478,15,482,25,493,507
18,1000,20,7.7,28,100,941,37,14,8,59,9.032119732,98,211,21.23823135,9.554997503,8.428891451,9.657462289,487,22,454,37,509,491
20,1000,20,7.7,28,86,941,36,16,7,59,9.09682603,97,192,21.13019725,9.48010358,8.409457479,9.728782913,460,19,481,40,479,521
17,1000,20,7.7,28,100,953,33,9,5,47,8.989172452,78,215,21.25057073,9.492973211,8.647100879,9.355323597,495,22,458,25,517,483
19,1000,20,7.7,28,88,955,26,12,7,45,8.598242466,104,212,20.98469749,9.492541123,7.932787166,9.214974642,467,14,488,31,481,519
21,1000,20,7.7,28,86,946,30,14,10,54,8.707143297,82,204,21.19763263,9.545992334,8.547330717,8.866955877,478,22,468,32,500,500
22,1000,20,7.7,28,79,942,35,14,9,58,8.649465769,94,237,21.02570529,9.857573407,8.217419276,9.064569262,466,24,476,34,490,510
23,1000,20,7.7,28,78,956,24,13,7,44,8.560955064,92,207,21.3717238,9.473577042,8.33630722,8.766667073,461,17,495,27,478,522
18,1000,20,7.7,28,101,942,36,14,8,58,8.99541664,103,219,21.25807526,9.55146527,8.404575479,9.607917967,487,22,455,36,509,491
20,1000,20,7.7,28,87,940,36,17,7,60,9.090564895,104,233,21.17538637,9.48827255,8.419254625,9.707758022,459,20,481,40,479,521
24,1000,20,7.7,28,38,960,23,5,12,40,7.566116369,87,218,20.67546528,9.027415102,6.717478426,8.391320522,478,15,482,25,493,507
17,1000,20,7.7,28,101,953,34,9,4,47,8.99415287,101,200,21.26538014,9.518298359,8.673061813,9.337846611,494,23,459,24,517,483
19,1000,20,7.7,28,89,955,26,12,7,45,8.621116548,104,229,21.01035345,9.534670569,7.956744537,9.236844752,467,14,488,31,481,519
21,1000,20,7.7,28,87,948,28,13,11,52,8.715978299,98,194,21.18561454,9.550535413,8.564029174,8.867927425,479,21,469,31,500,500
22,1000,20,7.7,28,80,941,36,14,9,59,8.673785629,110,207,21.03225338,9.858964459,8.225089986,9.104885364,466,24,475,35,490,510
23,1000,20,7.7,28,79,955,25,13,7,45,8.556755316,114,247,21.38045479,9.486886223,8.355520927,8.74102742,460,18,495,27,478,522
18,1000,20,7.7,28,102,944,35,13,8,56,9.008444302,111,218,21.23276704,9.569348346,8.412778728,9.625946904,488,21,456,35,509,491
20,1000,20,7.7,28,88,940,36,17,7,60,9.088883798,100,211,21.17925192,9.496298109,8.414161871,9.709213554,459,20,481,40,479,521
17,1000,20,7.7,28,102,953,33,10,4,47,9.049705137,95,232,21.27306798,9.52467358,8.726969621,9.395159094,494,23,459,24,517,483
24,1000,20,7.7,28,39,959,24,5,12,41,7.612662331,88,210,20.68264416,9.024019841,6.757370808,8.444336336,478,15,481,26,493,507
19,1000,20,7.7,28,90,955,26,12,7,45,8.607207993,86,205,21.02786317,9.544146919,7.956860036,9.209938952,467,14,488,31,481,519
21,1000,20,7.7,28,88,946,29,14,11,54,8.74083992,96,207,21.18302868,9.575774645,8.595892342,8.885787497,478,22,468,32,500,500
22,1000,20,7.7,28,81,940,37,14,9,60,8.693117409,101,199,21.05083392,9.86473516,8.243660234,9.124948812,466,24,474,36,490,510
23,1000,20,7.7,28,80,957,24,11,8,43,8.566343158,109,226,21.39063615,9.492104273,8.372857346,8.743519821,461,17,496,26,478,522
18,1000,20,7.7,28,103,945,34,13,8,55,9.005896505,112,218,21.24878863,9.588480472,8.419920065,9.61335477,488,21,457,34,509,491
20,1000,20,7.7,28,89,941,35,16,8,59,9.098958632,95,226,21.18024424,9.500642609,8.42284136,9.720571249,460,19,481,40,479,521
17,1000,20,7.7,28,103,953,33,10,4,47,9.054066601,112,235,21.29557514,9.508869552,8.720861339,9.410727305,494,23,459,24,517,483
19,1000,20,7.7,28,91,954,27,12,7,46,8.615930537,105,181,21.05110015,9.544760132,7.977873678,9.207270323,467,14,487,32,481,519
24,1000,20,7.7,28,40,959,24,5,12,41,7.627347723,97,174,20.68397652,9.033205107,6.770732738,8.460308646,478,15,481,26,493,507
21,1000,20,7.7,28,89,945,28,15,12,55,8.758114743,109,224,21.20002725,9.59858026,8.600092141,8.916137345,478,22,467,33,500,500
22,1000,20,7.7,28,82,940,37,15,8,60,8.68773819,83,201,21.03567529,9.857965683,8.222859623,9.134386226,465,25,475,35,490,510
23,1000,20,7.7,28,81,954,28,11,7,46,8.641689337,108,230,21.38500948,9.48327104,8.516189127,8.756610986,458,20,496,26,478,522
18,1000,20,7.7,28,104,945,34,13,8,55,9.04105531,94,220,21.26540506,9.602918929,8.468736347,9.634355416,488,21,457,34,509,491
20,1000,20,7.7,28,90,941,34,17,8,59,9.116665091,97,223,21.20815408,9.50327181,8.438696851,9.739979461,460,19,481,40,479,521
25,1000,20,7.7,28,0,944,29,11,16,56,7.211,73,220,19.92698336,8.739856808,6.32790224,8.062868369,472,19,472,37,491,509
17,1000,20,7.7,28,104,953,33,10,4,47,9.064086019,101,220,21.32478994,9.515664547,8.706104437,9.447267133,495,22,458,25,517,483
26,1000,20,7.7,28,0,929,45,12,14,71,7.256,107,207,20.1056337,9.143381131,6.549568966,7.867537313,439,25,490,46,464,536
19,1000,20,7.7,28,92,953,26,14,7,47,8.643135187,93,244,21.05527465,9.539967572,8.008248074,9.231537308,466,15,487,32,481,519
21,1000,20,7.7,28,90,944,29,14,13,56,8.804437918,94,214,21.21454368,9.616084077,8.622994931,8.985880904,477,23,467,33,500,500
24,1000,20,7.7,28,41,958,25,5,12,42,7.685474173,91,225,20.69838729,9.038206914,6.860772927,8.487402603,478,15,480,27,493,507
22,1000,20,7.7,28,83,940,37,15,8,60,8.680838206,97,230,21.05296479,9.866983739,8.222398513,9.121299873,465,25,475,35,490,510
23,1000,20,7.7,28,82,953,29,11,7,47,8.662049707,87,226,21.40313588,9.513946255,8.541000121,8.77289588,457,21,496,26,478,522
20,1000,20,7.7,28,91,940,35,17,8,60,9.130081434,104,232,21.23022955,9.52623326,8.464322368,9.742170864,459,20,481,40,479,521
25,1000,20,7.7,28,1,944,30,10,16,56,7.22985425,106,201,19.93457411,8.751340694,6.355511561,8.073277159,471,20,473,36,491,509
26,1000,20,7.7,28,1,930,44,12,14,70,7.268348031,111,194,20.10888151,9.154548252,6.565142896,7.877092774,439,25,491,45,464,536
19,1000,20,7.7,28,93,951,28,14,7,49,8.686492997,91,221,21.0749502,9.540039986,8.08105606,9.247601218,464,17,487,32,481,519
21,1000,20,7.7,28,91,944,30,14,12,56,8.814128069,96,210,21.2227414,9.63634333,8.65372649,8.974529648,477,23,467,33,500,500
22,1000,20,7.7,28,84,940,37,15,8,60,8.723057646,106,210,21.07546723,9.875043487,8.273768796,9.154727326,465,25,475,35,490,510
23,1000,20,7.7,28,83,953,29,11,7,47,8.662782506,106,220,21.40603355,9.525773176,8.583061026,8.735784167,457,21,496,26,478,522
20,1000,20,7.7,28,92,940,34,18,8,60,9.145593511,98,228,21.22717712,9.539821218,8.484905854,9.753020358,459,20,481,40,479,521
24,1000,20,7.7,28,42,958,25,5,12,42,7.698345243,78,203,20.69843554,9.045755097,6.852794608,8.52054734,478,15,480,27,493,507
25,1000,20,7.7,28,2,944,30,10,16,56,7.250314056,91,226,19.93714204,8.748304353,6.353842775,8.115083014,471,20,473,36,491,509
26,1000,20,7.7,28,2,932,43,11,14,68,7.271409163,91,223,20.12907122,9.160707566,6.530204803,7.913048759,441,23,491,45,464,536
21,1000,20,7.7,28,92,945,31,13,11,55,8.844262271,89,217,21.23414629,9.629269521,8.727469804,8.961054738,477,23,468,32,500,500
19,1000,20,7.7,28,94,950,29,14,7,50,8.700420761,99,215,21.08263076,9.553081949,8.1197079,9.238615148,464,17,486,33,481,519
22,1000,20,7.7,28,85,940,36,14,10,60,8.742927136,104,218,21.09247379,9.86880703,8.263005596,9.204028224,465,25,475,35,490,510
23,1000,20,7.7,28,84,955,28,11,6,45,8.685147014,96,189,21.38803905,9.529842816,8.63396763,8.732012427,457,21,498,24,478,522
20,1000,20,7.7,28,93,942,32,18,8,58,9.119714976,107,209,21.26098072,9.54071407,8.493714741,9.695250701,459,20,483,38,479,521
24,1000,20,7.7,28,43,958,25,5,12,42,7.726737582,94,210,20.70696922,9.040864023,6.850080935,8.579186748,478,15,480,27,493,507
25,1000,20,7.7,28,3,943,32,10,15,57,7.264394007,88,216,19.96427956,8.742737008,6.375859042,8.121507303,471,20,472,37,491,509
26,1000,20,7.7,28,3,933,42,11,14,67,7.339264375,93,191,20.13059902,9.15948901,6.588635308,7.989062671,442,22,491,45,464,536
21,1000,20,7.7,28,93,945,31,13,11,55,8.866298994,93,217,21.2678133,9.639519464,8.732540167,9.000057821,477,23,468,32,500,500
22,1000,20,7.7,28,86,940,36,14,10,60,8.778736273,108,210,21.12431847,9.889221186,8.31690286,9.222458572,465,25,475,35,490,510
19,1000,20,7.7,28,95,950,30,14,6,50,8.709224042,92,216,21.0926806,9.560904612,8.139705525,9.237043708,463,18,487,32,481,519
23,1000,20,7.7,28,85,952,31,11,6,48,8.71817914,106,219,21.40765591,9.545122033,8.661188433,8.770366032,455,23,497,25,478,522
20,1000,20,7.7,28,94,943,32,17,8,57,9.116846244,113,205,21.28909148,9.562904699,8.477273389,9.704860442,460,19,483,38,479,521
24,1000,20,7.7,28,44,958,24,6,12,42,7.773081541,76,209,20.72126112,9.068970085,6.896112298,8.62583467,478,15,480,27,493,507
25,1000,20,7.7,28,4,943,32,10,15,57,7.259589734,98,209,19.9814545,8.750022823,6.390425733,8.09801709,471,20,472,37,491,509
26,1000,20,7.7,28,4,934,41,11,14,66,7.366581989,86,222,20.1326739,9.159499855,6.620043006,8.012839616,443,21,491,45,464,536
21,1000,20,7.7,28,94,945,30,14,11,55,8.888479063,110,210,21.26532595,9.639123981,8.749871639,9.027086488,477,23,468,32,500,500
22,1000,20,7.7,28,87,938,37,13,12,62,8.793480256,106,243,21.12997264,9.898212083,8.281274076,9.285599919,464,26,474,36,490,510
23,1000,20,7.7,28,86,952,30,12,6,48,8.742176031,107,205,21.41341582,9.547388914,8.717863079,8.764439616,455,23,497,25,478,522
20,1000,20,7.7,28,95,944,31,17,8,56,9.156698961,103,229,21.31544119,9.569974126,8.495683531,9.764427159,461,18,483,38,479,521
19,1000,20,7.7,28,96,951,30,13,6,49,8.715851478,87,212,21.11757623,9.554594043,8.133426479,9.255632643,463,18,488,31,481,519
25,1000,20,7.7,28,5,945,30,11,14,55,7.258453024,95,198,20.01328614,8.749594817,6.398233032,8.088252663,471,20,474,35,491,509
24,1000,20,7.7,28,45,959,23,6,12,41,7.777386994,109,212,20.73419893,9.07470669,6.917913851,8.61312715,478,15,481,26,493,507
21,1000,20,7.7,28,95,945,31,14,10,55,8.889097282,98,222,21.28189845,9.633811097,8.72692614,9.051268423,478,22,467,33,500,500
22,1000,20,7.7,28,88,938,36,14,12,62,8.777250768,117,226,21.14158961,9.917360501,8.257707154,9.276420122,464,26,474,36,490,510
26,1000,20,7.7,28,5,935,39,12,14,65,7.388728341,108,212,20.1506594,9.163709634,6.643039296,8.034250201,443,21,492,44,464,536
23,1000,20,7.7,28,87,951,31,12,6,49,8.757957981,101,201,21.4312266,9.543648836,8.705019243,8.80643445,455,23,496,26,478,522
20,1000,20,7.7,28,96,944,31,16,9,56,9.192521005,104,214,21.31880244,9.571005097,8.531099832,9.800622236,461,18,483,38,479,521
19,1000,20,7.7,28,97,950,31,13,6,50,8.745288914,113,218,21.12540574,9.571487016,8.173376205,9.275327475,462,19,488,31,481,519
25,1000,20,7.7,28,6,946,30,9,15,54,7.260226112,98,210,20.03443889,8.745265318,6.403288861,8.086859099,471,20,475,34,491,509
21,1000,20,7.7,28,96,945,30,15,10,55,8.878965633,99,233,21.31209635,9.656545749,8.761140217,8.996791048,478,22,467,33,500,500
22,1000,20,7.7,28,89,938,35,14,13,62,8.832338403,94,218,21.16182008,9.942531002,8.330638884,9.31436343,464,26,474,36,490,510
26,1000,20,7.7,28,6,937,37,12,14,63,7.384046505,88,195,20.16626468,9.176770331,6.631495799,8.03550831,444,20,493,43,464,536
23,1000,20,7.7,28,88,954,30,10,6,46,8.729339285,110,209,21.44903352,9.542499078,8.716068964,8.741491035,455,23,499,23,478,522
24,1000,20,7.7,28,46,956,26,6,12,44,7.813122679,93,226,20.74857217,9.092789882,6.972393859,8.630636107,477,16,479,28,493,507
20,1000,20,7.7,28,97,944,31,16,9,56,9.19885568,103,223,21.32775293,9.573300186,8.529571042,9.81418647,461,18,483,38,479,521
19,1000,20,7.7,28,98,950,31,13,6,50,8.783589761,105,236,21.14710895,9.572694133,8.202558242,9.322079474,462,19,488,31,481,519
25,1000,20,7.7,28,7,948,29,8,15,52,7.284330479,84,209,20.03644134,8.753840156,6.441832594,8.097034725,472,19,476,33,491,509
21,1000,20,7.7,28,97,943,30,17,10,57,8.888360583,108,213,21.31365567,9.661039029,8.769042985,9.00767818,476,24,467,33,500,500
26,1000,20,7.7,28,7,938,37,11,14,62,7.37986892,107,232,20.18904013,9.200870678,6.637930351,8.022144099,444,20,494,42,464,536
22,1000,20,7.7,28,90,938,35,14,13,62,8.864579823,96,194,21.16152859,9.97736327,8.371638109,9.33819049,464,26,474,36,490,510
23,1000,20,7.7,28,89,952,32,10,6,48,8.745642962,110,200,21.45491096,9.560779498,8.735108432,8.755289523,455,23,497,25,478,522
20,1000,20,7.7,28,98,941,34,16,9,59,9.234476085,110,210,21.35797094,9.584822006,8.57238025,9.843197591,460,19,481,40,479,521
24,1000,20,7.7,28,47,955,28,6,11,45,7.861516944,103,201,20.76093913,9.093977028,7.051767325,8.648906613,476,17,479,28,493,507
19,1000,20,7.7,28,99,949,32,13,6,51,8.808648265,101,231,21.14500548,9.566074501,8.214147824,9.359620736,462,19,487,32,481,519
25,1000,20,7.7,28,8,948,29,8,15,52,7.320447762,75,213,20.05072471,8.767106813,6.46349573,8.147095006,472,19,476,33,491,509
21,1000,20,7.7,28,98,943,29,18,10,57,8.92574493,108,224,21.32623078,9.677822261,8.8291586,9.02233126,476,24,467,33,500,500
26,1000,20,7.7,28,8,938,37,11,14,62,7.36242313,100,206,20.19504658,9.221724485,6.606179936,8.017081417,444,20,494,42,464,536
22,1000,20,7.7,28,91,936,37,14,13,64,8.84291412,108,238,21.16330455,9.98374056,8.326025092,9.33953299,464,26,472,38,490,510
23,1000,20,7.7,28,90,952,33,9,6,48,8.800888074,91,239,21.45569578,9.57634069,8.746180461,8.850984317,455,23,497,25,478,522
20,1000,20,7.7,28,99,941,34,16,9,59,9.251211943,111,230,21.40665491,9.5804149,8.573654506,9.874148627,459,20,482,39,479,521
19,1000,20,7.7,28,100,949,32,13,6,51,8.828147365,99,217,21.15558198,9.559534856,8.29589004,9.32143402,461,20,488,31,481,519
24,1000,20,7.7,28,48,955,28,6,11,45,7.882158665,97,234,20.77978815,9.110101588,7.076356988,8.665709407,476,17,479,28,493,507
25,1000,20,7.7,28,9,949,28,8,15,51,7.320494863,94,227,20.06435697,8.772010174,6.437165466,8.172586678,473,18,476,33,491,509
21,1000,20,7.7,28,99,941,31,18,10,59,8.941759631,94,222,21.34180614,9.686300701,8.827645632,9.05587363,474,26,467,33,500,500
26,1000,20,7.7,28,9,940,36,11,13,60,7.340952257,118,178,20.20350231,9.239369749,6.558608459,8.018205098,445,19,495,41,464,536
22,1000,20,7.7,28,92,936,37,14,13,64,8.881457456,107,252,21.16448144,9.990423764,8.348289161,9.39371719,464,26,472,38,490,510
23,1000,20,7.7,28,91,951,34,9,6,49,8.861283592,95,204,21.46167082,9.579680235,8.837381733,8.883170735,454,24,497,25,478,522
20,1000,20,7.7,28,100,944,32,15,9,56,9.241371359,91,236,21.40704094,9.577666295,8.586729321,9.843239952,459,20,485,36,479,521
19,1000,20,7.7,28,101,950,31,13,6,50,8.823191851,112,224,21.16886373,9.581052933,8.289681072,9.317640184,462,19,488,31,481,519
24,1000,20,7.7,28,49,956,27,6,11,44,7.881011185,86,200,20.77920528,9.131022225,7.11484943,8.626016599,476,17,480,27,493,507
25,1000,20,7.7,28,10,949,28,8,15,51,7.370194652,88,201,20.07377623,8.777747104,6.501237921,8.208422068,473,18,476,33,491,509
21,1000,20,7.7,28,100,941,30,19,10,59,9.00882376,90,222,21.33642534,9.696539752,8.86535447,9.152293049,474,26,467,33,500,500
26,1000,20,7.7,28,10,941,36,11,12,59,7.383581338,85,209,20.23531311,9.245899101,6.581379638,8.078024601,446,18,495,41,464,536
22,1000,20,7.7,28,93,936,38,14,12,64,8.892098572,109,231,21.18277916,9.984854789,8.379696286,9.384406651,464,26,472,38,490,510
23,1000,20,7.7,28,92,951,33,10,6,49,8.859249092,115,246,21.47444669,9.614628024,8.817475156,8.897501854,454,24,497,25,478,522
20,1000,20,7.7,28,101,944,32,15,9,56,9.23177458,105,219,21.40607442,9.577954749,8.567617404,9.842391255,459,20,485,36,479,521
19,1000,20,7.7,28,102,949,32,13,6,51,8.882718486,88,235,21.18340082,9.595390867,8.375061723,9.353205776,461,20,488,31,481,519
25,1000,20,7.7,28,11,949,28,8,15,51,7.37849881,101,191,20.08192505,8.796737522,6.526118996,8.200735527,473,18,476,33,491,509
21,1000,20,7.7,28,101,940,31,19,10,60,9.015180618,125,212,21.3477004,9.704978513,8.859269909,9.171091327,473,27,467,33,500,500
26,1000,20,7.7,28,11,941,37,10,12,59,7.372309209,101,207,20.24591965,9.248190345,6.593267005,8.046703953,445,19,496,40,464,536
24,1000,20,7.7,28,50,953,29,7,11,47,7.928961125,97,199,20.78852645,9.120071885,7.131815782,8.704094565,476,17,477,30,493,507
22,1000,20,7.7,28,94,936,38,14,12,64,8.902612682,107,223,21.18230448,9.990884536,8.37755985,9.407075207,464,26,472,38,490,510
23,1000,20,7.7,28,93,952,32,10,6,48,8.874457298,102,209,21.4916606,9.637066122,8.832034652,8.91330409,455,23,497,25,478,522
20,1000,20,7.7,28,102,943,32,16,9,57,9.269284826,107,212,21.3975496,9.580915917,8.570368985,9.911858123,459,20,484,37,479,521
19,1000,20,7.7,28,103,948,33,13,6,52,8.949430276,84,199,21.17137619,9.598606146,8.459411341,9.403571138,461,20,487,32,481,519
25,1000,20,7.7,28,12,949,28,8,15,51,7.433318846,97,171,20.09806033,8.805268549,6.573060184,8.263155788,473,18,476,33,491,509
21,1000,20,7.7,28,102,939,33,18,10,61,9.016512555,105,191,21.36611428,9.707677243,8.922521469,9.110503641,471,29,468,32,500,500
26,1000,20,7.7,28,12,941,37,11,11,59,7.374943778,89,223,20.2448213,9.264018379,6.587221808,8.05685235,445,19,496,40,464,536
22,1000,20,7.7,28,95,938,37,13,12,62,8.88174525,105,196,21.20153239,9.994560436,8.367904319,9.375435556,464,26,474,36,490,510
23,1000,20,7.7,28,94,952,32,10,6,48,8.884009519,84,230,21.48552065,9.634672781,8.852382083,8.91297104,455,23,497,25,478,522
24,1000,20,7.7,28,51,951,31,6,12,49,7.979320064,96,215,20.8140628,9.13609481,7.190979425,8.745891929,476,17,475,32,493,507
20,1000,20,7.7,28,103,944,31,16,9,56,9.262761497,109,228,21.39375148,9.608898701,8.564766749,9.904487954,460,19,484,37,479,521
25,1000,20,7.7,28,13,946,31,8,15,54,7.473311582,95,208,20.11394846,8.837791972,6.594148746,8.32138418,473,18,473,36,491,509
19,1000,20,7.7,28,104,948,33,13,6,52,8.962780641,80,230,21.1755154,9.605859085,8.45738808,9.431169507,461,20,487,32,481,519
21,1000,20,7.7,28,103,939,33,17,11,61,9.029163783,101,225,21.35207753,9.711609255,8.940623732,9.117703835,471,29,468,32,500,500
27,1000,20,7.7,28,0,931,39,13,17,69,7.297,102,201,20.11578438,9.147786305,6.529527559,8.089430894,488,20,443,49,508,492
26,1000,20,7.7,28,13,943,36,10,11,57,7.391167802,85,225,20.27054114,9.272037885,6.610743582,8.066758919,447,17,496,40,464,536
22,1000,20,7.7,28,96,938,37,13,12,62,8.900014065,97,200,21.21944497,10.00008204,8.390122455,9.389909925,464,26,474,36,490,510
23,1000,20,7.7,28,95,953,32,10,5,47,8.889155729,113,210,21.49520268,9.640349651,8.845072196,8.929523408,455,23,498,24,478,522
20,1000,20,7.7,28,104,944,29,17,10,56,9.30446044,106,208,21.38904874,9.621352472,8.603902389,9.948543562,460,19,484,37,479,521
28,1000,20,7.7,28,0,952,18,23,7,48,6.859,99,209,20.29938658,8.796209609,6.098393574,7.613545817,479,19,473,29,498,502
24,1000,20,7.7,28,52,952,31,6,11,48,7.972950015,102,216,20.84346612,9.145373443,7.20052253,8.724048141,476,17,476,31,493,507
25,1000,20,7.7,28,14,947,29,9,15,53,7.51831643,87,216,20.12506678,8.846364035,6.629770943,8.375439876,474,17,473,36,491,509
21,1000,20,7.7,28,104,939,34,17,10,61,9.050076607,105,212,21.35874809,9.710184065,8.959473055,9.14068016,470,30,469,31,500,500
29,1000,20,7.7,28,0,935,29,18,18,65,7.301,94,213,20.1327596,9.016481393,6.694949495,7.895049505,470,25,465,40,495,505
26,1000,20,7.7,28,14,943,36,9,12,57,7.433683535,91,208,20.28224951,9.287041536,6.596975696,8.157997784,447,17,496,40,464,536
27,1000,20,7.7,28,1,930,40,13,17,70,7.305764944,116,205,20.15257241,9.172062663,6.52298527,8.114000867,487,21,443,49,508,492
22,1000,20,7.7,28,97,937,39,13,11,63,8.914068259,98,197,21.22876004,10.03815042,8.399281274,9.408667519,463,27,474,36,490,510
23,1000,20,7.7,28,96,951,34,10,5,49,8.934987967,98,224,21.4982158,9.643920001,8.899939449,8.967082204,454,24,497,25,478,522
28,1000,20,7.7,28,1,953,17,22,8,47,6.877019548,100,186,20.31227601,8.792156965,6.121994506,7.626028454,479,19,474,28,498,502
24,1000,20,7.7,28,53,951,31,7,11,49,8.011221076,104,201,20.89093815,9.164131146,7.235697947,8.765329366,476,17,475,32,493,507
25,1000,20,7.7,28,15,946,29,9,16,54,7.539841815,94,200,20.14169167,8.852847728,6.69727753,8.352610114,473,18,473,36,491,509
26,1000,20,7.7,28,15,944,34,10,12,56,7.432463131,94,205,20.30859027,9.291324895,6.558741001,8.188819602,448,16,496,40,464,536
29,1000,20,7.7,28,1,935,29,18,18,65,7.284705958,122,200,20.1415481,9.033241936,6.688618028,7.868990166,470,25,465,40,495,505
22,1000,20,7.7,28,98,936,40,13,11,64,8.904489871,106,203,21.24277396,10.04961378,8.442201054,9.348649715,462,28,474,36,490,510
23,1000,20,7.7,28,97,951,33,12,4,49,8.938948367,109,227,21.50342548,9.670165374,8.892472443,8.98150678,454,24,497,25,478,522
27,1000,20,7.7,28,2,932,38,13,17,68,7.307535889,88,204,20.16548963,9.148748469,6.540368997,8.099651298,487,21,445,47,508,492
28,1000,20,7.7,28,2,953,16,23,8,47,6.910450558,74,198,20.31683695,8.79344549,6.146776307,7.668039755,480,18,473,29,498,502
25,1000,20,7.7,28,16,945,32,9,14,55,7.570993948,85,223,20.17035816,8.846531875,6.705510727,8.40587069,473,18,472,37,491,509
24,1000,20,7.7,28,54,951,31,7,11,49,8.046262225,89,202,20.89230399,9.160558862,7.274006684,8.797193155,475,18,476,31,493,507
26,1000,20,7.7,28,16,945,33,10,12,55,7.463955763,93,215,20.32955952,9.293556478,6.575246804,8.233285907,449,15,496,40,464,536
22,1000,20,7.7,28,99,937,38,14,11,63,8.90962585,110,212,21.24087356,10.05652541,8.46066892,9.340976627,462,28,475,35,490,510
23,1000,20,7.7,28,98,951,33,11,5,49,9.005147926,115,230,21.51306894,9.683976394,8.960709716,9.045840387,454,24,497,25,478,522
29,1000,20,7.7,28,2,935,29,17,19,65,7.334964671,107,197,20.1641961,9.025592141,6.773822221,7.88499539,470,25,465,40,495,505
27,1000,20,7.7,28,3,932,38,13,17,68,7.337676382,106,203,20.17268334,9.146055725,6.55480447,8.146007543,488,20,444,48,508,492
28,1000,20,7.7,28,3,953,16,23,8,47,6.941721529,106,189,20.33382303,8.787988176,6.167066681,7.710203829,480,18,473,29,498,502
25,1000,20,7.7,28,17,947,29,10,14,53,7.584541268,109,228,20.18771918,8.86229431,6.733081025,8.405890933,473,18,474,35,491,509
26,1000,20,7.7,28,17,944,33,11,12,56,7.514654486,96,226,20.35447011,9.292837909,6.603482484,8.303430249,448,16,496,40,464,536
22,1000,20,7.7,28,100,937,38,14,11,63,8.946786832,95,228,21.25770339,10.07357977,8.507850164,9.368510298,462,28,475,35,490,510
24,1000,20,7.7,28,55,949,34,6,11,51,8.060028924,104,206,20.90284147,9.162325866,7.291474166,8.807361263,474,19,475,32,493,507
23,1000,20,7.7,28,99,952,32,11,5,48,9.021661227,106,205,21.52995208,9.689683477,8.967244652,9.071490964,454,24,498,24,478,522
29,1000,20,7.7,28,3,936,30,16,18,64,7.310907659,98,209,20.17129719,9.029157712,6.775566195,7.835648302,471,24,465,40,495,505
27,1000,20,7.7,28,4,934,37,12,17,66,7.310957589,99,197,20.19133681,9.166836711,6.516610979,8.13113661,489,19,445,47,508,492
28,1000,20,7.7,28,4,955,15,22,8,45,6.959820203,96,208,20.37106659,8.794875254,6.134252022,7.77881015,482,16,473,29,498,502
25,1000,20,7.7,28,18,949,27,10,14,51,7.574999367,102,192,20.20479634,8.870996275,6.723329228,8.396551505,473,18,476,33,491,509
26,1000,20,7.7,28,18,944,33,11,12,56,7.526075212,103,219,20.34107826,9.312690281,6.542856348,8.377219902,448,16,496,40,464,536
22,1000,20,7.7,28,101,936,38,15,11,64,8.983651154,94,215,21.27182573,10.09346353,8.538455458,9.411388195,462,28,474,36,490,510
23,1000,20,7.7,28,100,952,32,11,5,48,9.016772782,112,214,21.57151106,9.694312015,8.961994902,9.066933369,455,23,497,25,478,522
24,1000,20,7.7,28,56,949,34,6,11,51,8.103982079,87,200,20.92861356,9.175068418,7.321887463,8.864480393,474,19,475,32,493,507
29,1000,20,7.7,28,4,937,30,15,18,63,7.296157552,109,204,20.17827903,9.039343218,6.79244112,7.789899401,471,24,466,39,495,505
27,1000,20,7.7,28,5,936,36,12,16,64,7.28615264,92,198,20.20894866,9.166661562,6.492310168,8.105811128,491,17,445,47,508,492
25,1000,20,7.7,28,19,948,27,11,14,52,7.63656971,87,200,20.21092097,8.88388465,6.80029614,8.443269754,472,19,476,33,491,509
28,1000,20,7.7,28,5,954,16,21,9,46,6.993650198,82,200,20.37402843,8.808692943,6.196533373,7.784415495,480,18,474,28,498,502
26,1000,20,7.7,28,19,946,31,11,12,54,7.555196886,86,209,20.36529124,9.308919841,6.563169164,8.413967153,448,16,498,38,464,536
22,1000,20,7.7,28,102,934,40,15,11,66,9.000066108,105,201,21.29019213,10.11270414,8.54252282,9.439666522,461,29,473,37,490,510
23,1000,20,7.7,28,101,951,33,11,5,49,9.055742606,78,218,21.57750861,9.714540063,9.001017291,9.105855058,454,24,497,25,478,522
29,1000,20,7.7,28,5,935,33,15,17,65,7.315969703,101,190,20.20648617,9.033194385,6.828477581,7.793808516,471,24,464,41,495,505
24,1000,20,7.7,28,57,949,34,6,11,51,8.099727116,98,225,20.93417133,9.184794047,7.318135922,8.859735911,474,19,475,32,493,507
27,1000,20,7.7,28,6,937,35,12,16,63,7.304516155,93,197,20.22160095,9.167353887,6.500010224,8.135184881,491,17,446,46,508,492
25,1000,20,7.7,28,20,950,26,10,14,50,7.630316477,105,199,20.25398298,8.872798764,6.820729816,8.411273354,472,19,478,31,491,509
28,1000,20,7.7,28,6,954,16,21,9,46,7.042363634,87,189,20.4073576,8.817501218,6.274932187,7.80368009,480,18,474,28,498,502
26,1000,20,7.7,28,20,946,31,11,12,54,7.561038129,88,215,20.38150338,9.303830671,6.556920585,8.430274212,448,16,498,38,464,536
22,1000,20,7.7,28,103,935,39,15,11,65,8.950604811,104,217,21.30532565,10.11508644,8.537963915,9.347063711,461,29,474,36,490,510
23,1000,20,7.7,28,102,950,33,12,5,50,9.055392009,101,202,21.58394646,9.721485807,8.989225654,9.115981124,453,25,497,25,478,522
29,1000,20,7.7,28,6,936,33,15,16,64,7.33599864,82,196,20.24004403,9.041449432,6.814472304,7.847197722,473,22,463,42,495,505
27,1000,20,7.7,28,7,937,36,11,16,63,7.352058764,104,187,20.21680789,9.162705619,6.530833557,8.199990482,491,17,446,46,508,492
24,1000,20,7.7,28,58,948,33,7,12,52,8.130033435,90,209,20.91886058,9.195339584,7.337276361,8.900899782,474,19,474,33,493,507
25,1000,20,7.7,28,21,950,26,10,14,50,7.662308818,89,206,20.27680639,8.86508279,6.890132998,8.40717783,472,19,478,31,491,509
28,1000,20,7.7,28,7,955,15,20,10,45,7.070777227,92,210,20.41941045,8.84081238,6.318977054,7.81658696,480,18,475,27,498,502
26,1000,20,7.7,28,21,946,32,11,11,54,7.547493654,95,204,20.40142015,9.306617583,6.557523944,8.404482359,448,16,498,38,464,536
23,1000,20,7.7,28,103,949,35,11,5,51,9.096388976,107,250,21.60116039,9.707269248,9.008470614,9.176896595,452,26,497,25,478,522
22,1000,20,7.7,28,104,935,39,15,11,65,8.966707351,108,217,21.31357155,10.11762833,8.542118584,9.374645578,461,29,474,36,490,510
30,1000,20,7.7,28,0,946,23,19,12,54,7.101,94,196,20.1194256,8.784403222,6.540709812,7.616122841,463,16,483,38,479,521
29,1000,20,7.7,28,7,937,33,15,15,63,7.347944846,98,219,20.2588262,9.069573061,6.796499741,7.888470246,474,21,463,42,495,505
25,1000,20,7.7,28,22,950,27,10,13,50,7.669086419,87,218,20.30644677,8.877890973,6.901917925,8.409125182,472,19,478,31,491,509
27,1000,20,7.7,28,8,940,34,11,15,60,7.352594877,105,207,20.19890976,9.153423689,6.549657177,8.181644371,491,17,449,43,508,492
28,1000,20,7.7,28,8,955,17,19,9,45,7.079592266,101,205,20.42274598,8.835253499,6.320489159,7.832646742,481,17,474,28,498,502
23,1000,20,7.7,28,104,948,36,11,5,52,9.076949887,120,225,21.61819643,9.708569268,8.939222854,9.203067745,453,25,495,27,478,522
26,1000,20,7.7,28,22,946,33,11,10,54,7.567112537,92,203,20.400343,9.31130572,6.540550669,8.455778034,448,16,498,38,464,536
31,1000,20,7.7,28,0,948,26,12,14,52,7.05,96,213,20.15186071,8.884749277,5.989539749,8.021072797,461,17,487,35,478,522
24,1000,20,7.7,28,59,946,34,8,12,54,8.171322497,110,218,20.94465048,9.174446072,7.41620738,8.905586309,472,21,474,33,493,507
30,1000,20,7.7,28,1,945,24,19,12,55,7.131097003,83,187,20.12989943,8.790660207,6.584898236,7.633264392,462,17,483,38,479,521
29,1000,20,7.7,28,8,938,33,14,15,62,7.3551375,109,226,20.29113632,9.064845586,6.8194187,7.880248008,474,21,464,41,495,505
28,1000,20,7.7,28,9,954,18,18,10,46,7.120986191,93,210,20.43815249,8.848780421,6.335618057,7.900096412,480,18,474,28,498,502
25,1000,20,7.7,28,23,950,28,9,13,50,7.720280794,99,206,20.30916207,8.900725399,6.948604249,8.464668187,473,18,477,32,491,509
27,1000,20,7.7,28,9,942,32,12,14,58,7.373411204,93,215,20.22003944,9.15694246,6.571122688,8.201790403,491,17,451,41,508,492
26,1000,20,7.7,28,23,947,31,12,10,53,7.568067996,81,209,20.40429135,9.318957519,6.568162167,8.433658117,447,17,500,36,464,536
31,1000,20,7.7,28,1,949,27,11,13,51,7.044031167,113,206,20.1713995,8.90290286,6.004243152,7.996174216,460,18,489,33,478,522
24,1000,20,7.7,28,60,945,35,8,12,55,8.207229752,93,233,20.95600209,9.187510912,7.457675561,8.936086193,472,21,473,34,493,507
30,1000,20,7.7,28,2,945,24,18,13,55,7.154103227,100,192,20.14383584,8.808133729,6.632747911,7.6334299,462,17,483,38,479,521
29,1000,20,7.7,28,9,939,32,15,14,61,7.347746598,88,187,20.26889782,9.056956924,6.814275068,7.870654335,475,20,464,41,495,505
28,1000,20,7.7,28,10,956,18,17,9,44,7.107307853,108,217,20.44301259,8.869592698,6.333990029,7.874463782,481,17,475,27,498,502
25,1000,20,7.7,28,24,950,29,9,12,50,7.748833326,100,216,20.32208609,8.90817667,6.994374402,8.476611974,473,18,477,32,491,509
27,1000,20,7.7,28,10,941,32,13,14,59,7.448232018,103,227,20.23905103,9.182277063,6.691250177,8.229831155,490,18,451,41,508,492
26,1000,20,7.7,28,24,946,32,12,10,54,7.592716163,107,210,20.40761653,9.330129722,6.584256604,8.465711005,447,17,499,37,464,536
31,1000,20,7.7,28,2,950,26,10,14,50,7.06590632,98,200,20.19536167,8.916647746,6.066834587,7.98076511,460,18,490,32,478,522
29,1000,20,7.7,28,10,940,31,14,15,60,7.359292085,85,219,20.25682381,9.083261407,6.823329349,7.884641697,475,20,465,40,495,505
24,1000,20,7.7,28,61,944,36,8,12,56,8.229632126,109,208,20.97934532,9.205510506,7.474516873,8.96389607,471,22,473,34,493,507
30,1000,20,7.7,28,3,944,25,18,13,56,7.19445568,105,240,20.14098373,8.817454352,6.691455429,7.656906965,461,18,483,38,479,521
28,1000,20,7.7,28,11,955,19,17,9,45,7.127828434,100,214,20.45508039,8.880548277,6.361416985,7.888133018,479,19,476,26,498,502
25,1000,20,7.7,28,25,952,28,9,11,48,7.757615521,88,202,20.3312035,8.902064564,7.013592478,8.475327337,474,17,478,31,491,509
26,1000,20,7.7,28,25,946,32,12,10,54,7.638697184,79,217,20.43239356,9.343725148,6.630084971,8.511824173,447,17,499,37,464,536
27,1000,20,7.7,28,11,941,32,13,14,59,7.477231847,94,197,20.25428293,9.197500725,6.723602402,8.255369567,490,18,451,41,508,492
31,1000,20,7.7,28,3,952,25,8,15,48,7.074484068,98,212,20.21258552,8.919047889,6.09490288,7.971495193,460,18,492,30,478,522
29,1000,20,7.7,28,11,941,31,13,15,59,7.383467873,107,208,20.25479896,9.091544306,6.86451533,7.892144128,476,19,465,40,495,505
30,1000,20,7.7,28,4,945,25,17,13,55,7.217518486,99,197,20.16490128,8.80914136,6.719752873,7.675157122,461,18,484,37,479,521
24,1000,20,7.7,28,62,947,33,8,12,53,8.222299444,102,204,20.98459306,9.207828971,7.48651214,8.93776915,473,20,474,33,493,507
28,1000,20,7.7,28,12,956,19,16,9,44,7.17224826,95,211,20.47025028,8.868406727,6.434563912,7.904054645,479,19,477,25,498,502
25,1000,20,7.7,28,26,953,26,10,11,47,7.804120307,91,231,20.33525499,8.904520605,7.07348662,8.508916262,474,17,479,30,491,509
26,1000,20,7.7,28,26,945,33,12,10,55,7.663635191,93,195,20.47767332,9.352539349,6.671622563,8.522392391,446,18,499,37,464,536
27,1000,20,7.7,28,12,941,32,13,14,59,7.483440192,92,209,20.27371227,9.195128658,6.700178134,8.292174187,490,18,451,41,508,492
31,1000,20,7.7,28,4,952,26,7,15,48,7.101385701,103,194,20.23547846,8.955207909,6.121591284,7.998592084,460,18,492,30,478,522
29,1000,20,7.7,28,12,943,29,13,15,57,7.432487042,91,227,20.27236009,9.093225475,6.892847151,7.961440994,477,18,466,39,495,505
30,1000,20,7.7,28,5,946,24,17,13,54,7.278963132,99,200,20.18599188,8.829936953,6.76310097,7.753239476,462,17,484,37,479,521
28,1000,20,7.7,28,13,955,20,16,9,45,7.225543023,102,219,20.49824025,8.890358928,6.483746196,7.961429118,479,19,476,26,498,502
25,1000,20,7.7,28,27,953,26,10,11,47,7.815212631,104,223,20.32302472,8.916661118,7.085703551,8.518923747,474,17,479,30,491,509
24,1000,20,7.7,28,63,946,34,8,12,54,8.226132413,98,199,20.99843312,9.208930977,7.49284985,8.939166543,472,21,474,33,493,507
26,1000,20,7.7,28,27,943,35,12,10,57,7.689249392,85,209,20.50549289,9.366928314,6.699860985,8.545734879,446,18,497,39,464,536
27,1000,20,7.7,28,13,942,31,13,14,58,7.487806553,89,215,20.28534633,9.196082375,6.708451213,8.292506782,490,18,452,40,508,492
29,1000,20,7.7,28,13,945,29,11,15,55,7.452615867,94,238,20.27243984,9.101631074,6.964858697,7.93071448,477,18,468,37,495,505
31,1000,20,7.7,28,5,953,25,7,15,47,7.119016123,108,209,20.25725765,8.959364836,6.139120092,8.016315554,460,18,493,29,478,522
30,1000,20,7.7,28,6,947,23,17,13,53,7.309256763,95,212,20.19290609,8.85343124,6.786057317,7.790278903,462,17,485,36,479,521
28,1000,20,7.7,28,14,957,19,15,9,43,7.224995632,88,209,20.50776501,8.891417298,6.480397079,7.963661129,479,19,478,24,498,502
25,1000,20,7.7,28,28,953,26,11,10,47,7.81342685,102,207,20.31793904,8.917981448,7.043882052,8.555757882,474,17,479,30,491,509
26,1000,20,7.7,28,28,944,35,11,10,56,7.716478403,112,227,20.52018338,9.367529466,6.75636425,8.547621999,446,18,498,38,464,536
24,1000,20,7.7,28,64,946,34,8,12,54,8.237857309,104,209,21.01285318,9.249558478,7.535062426,8.921245626,471,22,475,32,493,507
27,1000,20,7.7,28,14,942,32,13,13,58,7.521262441,100,203,20.29202355,9.186318537,6.771248852,8.295666716,489,19,453,39,508,492
31,1000,20,7.7,28,6,954,25,6,15,46,7.119884875,81,197,20.27043569,8.980550038,6.117126635,8.038119432,461,17,493,29,478,522
29,1000,20,7.7,28,14,945,30,11,14,55,7.471399372,77,184,20.28530189,9.097525548,6.988683761,7.944556259,477,18,468,37,495,505
30,1000,20,7.7,28,7,948,22,17,13,52,7.328760986,88,204,20.19043938,8.865984806,6.848921836,7.769918285,462,17,486,35,479,521
28,1000,20,7.7,28,15,956,19,15,10,44,7.304723181,76,194,20.52721435,8.902417458,6.56127754,8.042244952,478,20,478,24,498,502
25,1000,20,7.7,28,29,953,26,11,10,47,7.876369787,85,215,20.33277824,8.928431322,7.126607251,8.599618128,474,17,479,30,491,509
26,1000,20,7.7,28,29,944,36,11,9,56,7.73766731,93,211,20.53612344,9.369892654,6.819171277,8.532783278,446,18,498,38,464,536
27,1000,20,7.7,28,15,942,32,13,13,58,7.57399287,105,202,20.30206406,9.183547827,6.858316045,8.312943738,488,20,454,38,508,492
31,1000,20,7.7,28,7,954,25,6,15,46,7.140046409,107,185,20.28894767,8.987262684,6.138536001,8.057138315,461,17,493,29,478,522
24,1000,20,7.7,28,65,946,36,6,12,54,8.237545251,103,216,21.01371118,9.251463247,7.535007322,8.920683711,470,23,476,31,493,507
29,1000,20,7.7,28,15,943,31,13,13,57,7.500422843,97,230,20.29358441,9.115132516,7.050704742,7.941235636,477,18,466,39,495,505
30,1000,20,7.7,28,8,949,22,16,13,51,7.308902243,100,209,20.19423274,8.865159515,6.844396314,7.735962397,463,16,486,35,479,521
28,1000,20,7.7,28,16,953,22,15,10,47,7.311076208,109,222,20.56030608,8.899556889,6.567264183,8.048961443,475,23,478,24,498,502
25,1000,20,7.7,28,30,954,26,11,9,46,7.895642142,87,200,20.33371559,8.945387623,7.140570686,8.62401166,475,16,479,30,491,509
26,1000,20,7.7,28,30,947,33,11,9,53,7.744128767,105,208,20.52762066,9.387206908,6.849280492,8.518773542,446,18,501,35,464,536
31,1000,20,7.7,28,8,956,25,4,15,44,7.161294848,81,208,20.291903,9.012724763,6.183154964,8.056986159,461,17,495,27,478,522
30,1000,20,7.7,28,9,948,22,17,13,52,7.322864681,98,208,20.20787897,8.88740748,6.852032948,7.755740688,462,17,486,35,479,521
29,1000,20,7.7,28,16,942,32,13,13,58,7.533783704,105,212,20.31396165,9.12386785,7.105622732,7.953466241,475,20,467,38,495,505
27,1000,20,7.7,28,16,943,31,13,13,57,7.601704583,85,198,20.32724939,9.211694275,6.888278251,8.338331771,489,19,454,38,508,492
24,1000,20,7.7,28,66,947,36,5,12,53,8.244510991,91,205,21.04367978,9.251920375,7.558526717,8.9115529,470,23,477,30,493,507
28,1000,20,7.7,28,17,953,22,15,10,47,7.362583577,98,206,20.57760699,8.92299774,6.582036512,8.136911143,475,23,478,24,498,502
25,1000,20,7.7,28,31,954,26,11,9,46,7.928597367,102,197,20.35298919,8.957243051,7.215102744,8.616860353,474,17,480,29,491,509
26,1000,20,7.7,28,31,949,32,10,9,51,7.739599666,97,241,20.5421517,9.399580204,6.809268424,8.544961039,448,16,501,35,464,536
31,1000,20,7.7,28,9,957,24,4,15,43,7.163950739,87,197,20.30999476,9.031449753,6.210410152,8.037116258,461,17,496,26,478,522
30,1000,20,7.7,28,10,948,23,16,13,52,7.35321023,98,205,20.20666603,8.898932699,6.898067024,7.771662428,461,18,487,34,479,521
29,1000,20,7.7,28,17,943,31,13,13,57,7.584428633,88,206,20.33583225,9.134612257,7.168714228,7.991911069,476,19,467,38,495,505
27,1000,20,7.7,28,17,943,31,13,13,57,7.592077415,92,214,20.32687896,9.226902803,6.897563994,8.309176639,489,19,454,38,508,492
28,1000,20,7.7,28,18,954,20,16,10,46,7.386148635,87,209,20.60281324,8.932827775,6.609248439,8.156858391,475,23,479,23,498,502
25,1000,20,7.7,28,32,955,26,11,8,45,7.917673517,100,181,20.37499408,8.964415845,7.224238269,8.586586496,474,17,481,28,491,509
24,1000,20,7.7,28,67,945,38,5,12,55,8.316380726,83,223,21.07140441,9.245502706,7.617459669,8.996002187,468,25,477,30,493,507
26,1000,20,7.7,28,32,950,33,9,8,50,7.751213087,96,188,20.55878539,9.389842616,6.875114015,8.50962721,447,17,503,33,464,536
30,1000,20,7.7,28,11,948,26,15,11,52,7.357892822,110,188,20.21087968,8.902509282,6.939096353,7.742928347,461,18,487,34,479,521
31,1000,20,7.7,28,10,957,24,4,15,43,7.190728471,93,194,20.31848014,9.03657972,6.242423447,8.059099738,461,17,496,26,478,522
29,1000,20,7.7,28,18,944,30,13,13,56,7.600433196,95,206,20.35549344,9.145486912,7.180197272,8.012347616,476,19,468,37,495,505
27,1000,20,7.7,28,18,943,31,12,14,57,7.638505028,91,231,20.34964554,9.271396377,6.942133902,8.357522369,489,19,454,38,508,492
28,1000,20,7.7,28,19,953,21,16,10,47,7.425515811,94,214,20.60827373,8.925032023,6.624551701,8.220097737,475,23,478,24,498,502
25,1000,20,7.7,28,33,953,27,12,8,47,7.924791168,116,189,20.37800573,8.991134498,7.230967145,8.594079174,474,17,479,30,491,509
24,1000,20,7.7,28,68,945,38,5,12,55,8.361049905,95,245,21.09211907,9.2445558,7.67663438,9.026566383,467,26,478,29,493,507
26,1000,20,7.7,28,33,953,32,7,8,47,7.736651381,102,217,20.58617489,9.385809553,6.865563859,8.490727146,449,15,504,32,464,536
30,1000,20,7.7,28,12,949,25,14,12,51,7.391820953,86,216,20.21070493,8.895466877,6.993889973,7.757673044,461,18,488,33,479,521
31,1000,20,7.7,28,11,957,24,4,15,43,7.222352155,95,190,20.34838241,9.045067115,6.316847905,8.051530375,460,18,497,25,478,522
29,1000,20,7.7,28,19,945,30,12,13,55,7.640003448,111,218,20.37927235,9.155375464,7.240853305,8.031249627,476,19,469,36,495,505
28,1000,20,7.7,28,20,953,22,15,10,47,7.440942638,101,188,20.63798115,8.926743682,6.632626175,8.242818333,476,22,477,25,498,502
27,1000,20,7.7,28,19,943,30,13,14,57,7.644979204,98,226,20.374403,9.277870713,6.940925567,8.371928894,489,19,454,38,508,492
25,1000,20,7.7,28,34,954,27,12,7,46,7.896621244,96,215,20.42763841,8.991286759,7.245605681,8.524614646,474,17,480,29,491,509
26,1000,20,7.7,28,34,957,29,7,7,43,7.689701933,86,207,20.5933472,9.403064227,6.818491218,8.443884342,451,13,506,30,464,536
24,1000,20,7.7,28,69,943,40,5,12,57,8.392971971,95,230,21.10055942,9.241538374,7.69768427,9.069060407,466,27,477,30,493,507
30,1000,20,7.7,28,13,949,25,13,13,51,7.446190352,84,204,20.22551052,8.902676411,7.046273971,7.813867793,461,18,488,33,479,521
31,1000,20,7.7,28,12,957,24,4,15,43,7.224750648,105,199,20.36720357,9.045964936,6.369977891,8.007473595,460,18,497,25,478,522
29,1000,20,7.7,28,20,946,28,13,13,54,7.688830163,107,206,20.4154419,9.167618081,7.3072817,8.062823212,476,19,470,35,495,505
28,1000,20,7.7,28,21,954,22,15,9,46,7.464020332,86,212,20.66438215,8.927477837,6.679538975,8.242250842,476,22,478,24,498,502
25,1000,20,7.7,28,35,954,26,14,6,46,7.909736002,86,215,20.43643318,9.000021638,7.26526906,8.531412366,474,17,480,29,491,509
27,1000,20,7.7,28,20,944,30,12,14,56,7.642417765,90,215,20.40231416,9.298240117,6.984354756,8.321881198,489,19,455,37,508,492
26,1000,20,7.7,28,35,957,30,7,6,43,7.707653724,97,224,20.60064828,9.388627394,6.826622249,8.470337688,452,12,505,31,464,536
31,1000,20,7.7,28,13,958,22,5,15,42,7.241753175,86,214,20.41575548,9.068933534,6.384905048,8.026376556,461,17,497,25,478,522
30,1000,20,7.7,28,14,950,24,13,13,50,7.467256946,86,207,20.24879165,8.91180063,7.037945283,7.861959992,462,17,488,33,479,521
29,1000,20,7.7,28,21,949,26,13,12,51,7.649267273,100,203,20.43507043,9.167030531,7.287291635,8.004075077,477,18,472,33,495,505
24,1000,20,7.7,28,70,943,39,6,12,57,8.413053505,88,195,21.09829837,9.232654558,7.703761048,9.102759978,466,27,477,30,493,507
28,1000,20,7.7,28,22,954,22,15,9,46,7.494092109,95,230,20.68295887,8.94983403,6.710696756,8.271245267,477,21,477,25,498,502
25,1000,20,7.7,28,36,954,26,14,6,46,7.918366817,115,227,20.44031927,9.024725126,7.270558283,8.543266602,474,17,480,29,491,509
27,1000,20,7.7,28,21,944,30,12,14,56,7.660911547,109,214,20.39645418,9.318192168,7.018902188,8.32379926,489,19,455,37,508,492
26,1000,20,7.7,28,36,958,29,7,6,42,7.74821623,105,211,20.62420624,9.40083909,6.875734199,8.503499183,453,11,505,31,464,536
30,1000,20,7.7,28,15,950,24,13,13,50,7.482006046,103,206,20.285991,8.924818191,7.043367464,7.885284128,462,17,488,33,479,521
31,1000,20,7.7,28,14,958,21,6,15,42,7.254099294,84,199,20.41829357,9.079882455,6.383680079,8.051149839,461,17,497,25,478,522
29,1000,20,7.7,28,22,950,26,12,12,50,7.644751376,92,211,20.44041303,9.169804417,7.285072204,7.997308188,478,17,472,33,495,505
28,1000,20,7.7,28,23,954,22,15,9,46,7.518833723,101,216,20.68543977,8.953048252,6.726145261,8.305205942,477,21,477,25,498,502
24,1000,20,7.7,28,71,943,39,6,12,57,8.464397538,98,222,21.11085276,9.24495584,7.759931601,9.149410767,466,27,477,30,493,507
25,1000,20,7.7,28,37,954,27,13,6,46,7.901750878,109,232,20.44120333,9.046441511,7.269296628,8.51183936,473,18,481,28,491,509
27,1000,20,7.7,28,22,944,30,12,14,56,7.683108977,118,205,20.42055676,9.337559656,7.039451892,8.347698,489,19,455,37,508,492
26,1000,20,7.7,28,37,957,30,7,6,43,7.79270658,104,189,20.64490433,9.406743544,6.900988736,8.564641431,453,11,504,32,464,536
30,1000,20,7.7,28,16,951,23,13,13,49,7.509422237,99,215,20.29162527,8.920832223,7.070772357,7.912710706,462,17,489,32,479,521
31,1000,20,7.7,28,15,958,21,6,15,42,7.272615474,93,210,20.4216104,9.095688874,6.407818684,8.064517514,461,17,497,25,478,522
29,1000,20,7.7,28,23,949,27,11,13,51,7.645415157,104,201,20.46699085,9.162957573,7.312449359,7.971787573,478,17,471,34,495,505
28,1000,20,7.7,28,24,954,21,16,9,46,7.56370384,86,202,20.70945631,8.96094187,6.819183141,8.302292103,477,21,477,25,498,502
25,1000,20,7.7,28,38,952,28,14,6,48,7.920549342,93,205,20.44686269,9.044569849,7.304215575,8.515087416,472,19,480,29,491,509
27,1000,20,7.7,28,23,944,31,11,14,56,7.682401849,102,202,20.43372296,9.350817546,7.058172171,8.326931679,489,19,455,37,508,492
24,1000,20,7.7,28,72,942,40,6,12,58,8.518233856,88,198,21.11292916,9.259507645,7.785381747,9.230849416,466,27,476,31,493,507
26,1000,20,7.7,28,38,955,32,7,6,45,7.802040416,104,193,20.62925421,9.424612946,6.930817738,8.556233181,452,12,503,33,464,536
30,1000,20,7.7,28,17,951,22,14,13,49,7.514813221,88,229,20.30419344,8.947118774,7.015173692,7.974174706,463,16,488,33,479,521
31,1000,20,7.7,28,16,957,21,7,15,43,7.296664505,94,209,20.44497468,9.117528318,6.435895444,8.084878319,461,17,496,26,478,522
29,1000,20,7.7,28,24,948,28,11,13,52,7.646361077,83,211,20.47533711,9.15252523,7.283412877,8.002122184,477,18,471,34,495,505
28,1000,20,7.7,28,25,955,21,15,9,45,7.548098939,84,201,20.71498476,8.960504425,6.830232108,8.260245715,477,21,478,24,498,502
25,1000,20,7.7,28,39,952,29,13,6,48,7.942304828,93,194,20.44978098,9.065864162,7.335582225,8.527571622,472,19,480,29,491,509
27,1000,20,7.7,28,24,944,31,11,14,56,7.682678241,93,209,20.43016683,9.342630412,7.072118024,8.313094074,489,19,455,37,508,492
26,1000,20,7.7,28,39,954,33,7,6,46,7.833279899,93,222,20.62025888,9.428801943,6.935897831,8.610118107,452,12,502,34,464,536
24,1000,20,7.7,28,73,941,41,7,11,59,8.53705676,104,200,21.12821832,9.271854343,7.784798398,9.268542702,465,28,476,31,493,507
31,1000,20,7.7,28,17,956,23,7,14,44,7.325836545,96,204,20.4830933,9.124890101,6.485354704,8.095473173,459,19,497,25,478,522
30,1000,20,7.7,28,18,951,22,14,13,49,7.535267625,99,225,20.34811094,8.962413722,7.024840521,8.004547055,463,16,488,33,479,521
29,1000,20,7.7,28,25,947,28,12,13,53,7.658165117,106,210,20.49705297,9.161618637,7.262531941,8.045963973,477,18,470,35,495,505
28,1000,20,7.7,28,26,955,22,15,8,45,7.553067226,94,201,20.73322819,8.983611745,6.833081578,8.267315936,477,21,478,24,498,502
25,1000,20,7.7,28,40,951,30,13,6,49,7.942643775,91,226,20.45274547,9.070250703,7.373317217,8.491836978,472,19,479,30,491,509
27,1000,20,7.7,28,25,945,30,11,14,55,7.712885407,92,201,20.43982137,9.360336349,7.117057368,8.328089967,490,18,455,37,508,492
26,1000,20,7.7,28,40,954,33,7,6,46,7.837734858,100,197,20.62191278,9.434687204,6.983852353,8.576916729,452,12,502,34,464,536
31,1000,20,7.7,28,18,956,23,7,14,44,7.369986319,86,214,20.48074421,9.138293876,6.505965058,8.161178201,459,19,497,25,478,522
30,1000,20,7.7,28,19,952,19,16,13,48,7.549462904,103,205,20.38381305,8.98801088,7.082404575,7.978869699,462,17,490,31,479,521
24,1000,20,7.7,28,74,941,41,8,10,59,8.607680814,90,218,21.13045311,9.263012847,7.865375122,9.329488912,464,29,477,30,493,507
29,1000,20,7.7,28,26,948,28,12,12,52,7.658995692,93,188,20.51578173,9.152330757,7.27602787,8.034379994,477,18,471,34,495,505
28,1000,20,7.7,28,27,955,21,16,8,45,7.551756389,83,217,20.75076219,8.989399811,6.821647828,8.276047351,477,21,478,24,498,502
25,1000,20,7.7,28,41,952,29,13,6,48,7.959253746,87,243,20.48723654,9.089527865,7.397179551,8.501451053,472,19,480,29,491,509
27,1000,20,7.7,28,26,944,31,11,14,56,7.749595419,92,203,20.4587619,9.369150575,7.157007263,8.361454736,489,19,455,37,508,492
26,1000,20,7.7,28,41,954,33,7,6,46,7.847085342,94,208,20.63952396,9.452683327,7.000938741,8.57957046,452,12,502,34,464,536
30,1000,20,7.7,28,20,951,20,16,13,49,7.56217211,87,219,20.38978303,8.992985986,7.095376807,7.991337082,462,17,489,32,479,521
31,1000,20,7.7,28,19,956,24,7,13,44,7.395050384,78,219,20.48762556,9.152082515,6.525496599,8.191308447,460,18,496,26,478,522
29,1000,20,7.7,28,27,949,28,11,12,51,7.65725034,113,201,20.55034845,9.144854582,7.273046941,8.033845751,477,18,472,33,495,505
24,1000,20,7.7,28,75,941,41,7,11,59,8.608781951,108,215,21.11753587,9.267442367,7.886920022,9.310710809,464,29,477,30,493,507
28,1000,20,7.7,28,28,956,21,15,8,44,7.582982732,84,204,20.76850675,8.993344986,6.86133105,8.298884201,477,21,479,23,498,502
25,1000,20,7.7,28,42,952,29,12,7,48,7.953583991,94,183,20.51887203,9.083876453,7.402095754,8.485569696,472,19,480,29,491,509
26,1000,20,7.7,28,42,953,34,7,6,47,7.865549048,96,222,20.6436838,9.448075922,7.015728007,8.601215023,452,12,501,35,464,536
27,1000,20,7.7,28,27,946,30,11,13,54,7.755427825,112,205,20.4839209,9.378302361,7.188017103,8.341290928,490,18,456,36,508,492
30,1000,20,7.7,28,21,951,19,17,13,49,7.571991397,106,226,20.43671851,9.007628837,7.103113697,8.003070894,462,17,489,32,479,521
31,1000,20,7.7,28,20,957,22,8,13,43,7.405776734,103,210,20.46816557,9.159546447,6.577812338,8.163951028,459,19,498,24,478,522
29,1000,20,7.7,28,28,948,29,10,13,52,7.669470633,110,213,20.56165653,9.145589301,7.316095395,8.015848341,476,19,472,33,495,505
28,1000,20,7.7,28,29,956,21,14,9,44,7.616324191,93,198,20.78870697,9.012218233,6.890890522,8.335977513,477,21,479,23,498,502
25,1000,20,7.7,28,43,952,29,12,7,48,7.986771056,98,209,20.52766403,9.081262057,7.458615339,8.49624936,472,19,480,29,491,509
24,1000,20,7.7,28,76,941,40,8,11,59,8.654325074,96,213,21.12491202,9.28356494,7.906015697,9.381971076,464,29,477,30,493,507
26,1000,20,7.7,28,43,952,35,6,7,48,7.921329888,97,211,20.66806703,9.45360664,7.057375271,8.6692309,451,13,501,35,464,536
27,1000,20,7.7,28,28,946,30,10,14,54,7.778842424,74,197,20.50153541,9.388913223,7.216448169,8.359525923,490,18,456,36,508,492
30,1000,20,7.7,28,22,952,19,16,13,48,7.585291437,108,213,20.45441833,9.015268796,7.137296318,7.997171786,462,17,490,31,479,521
31,1000,20,7.7,28,21,957,22,8,13,43,7.41138692,95,201,20.46900852,9.141332465,6.569358852,8.182439443,459,19,498,24,478,522
29,1000,20,7.7,28,29,949,29,9,13,51,7.678192327,95,214,20.56991536,9.137332231,7.320014587,8.029277439,476,19,473,32,495,505
28,1000,20,7.7,28,30,956,21,14,9,44,7.627851486,97,242,20.78173766,9.010064519,6.877842368,8.371884435,477,21,479,23,498,502
25,1000,20,7.7,28,44,952,28,13,7,48,8.008443602,88,219,20.54065405,9.076436425,7.455011888,8.542304058,472,19,480,29,491,509
24,1000,20,7.7,28,77,940,40,9,11,60,8.696166882,106,231,21.14057442,9.297407812,7.920642793,9.450276105,464,29,476,31,493,507
26,1000,20,7.7,28,44,953,34,6,7,47,7.912780886,85,206,20.70492385,9.460159012,7.04492364,8.664060293,452,12,501,35,464,536
27,1000,20,7.7,28,29,946,31,10,13,54,7.810195169,79,196,20.52317101,9.381772682,7.265849491,8.372243144,490,18,456,36,508,492
29,1000,20,7.7,28,30,952,27,9,12,48,7.667234292,94,223,20.58548627,9.143799588,7.329480202,7.998300183,476,19,476,29,495,505
31,1000,20,7.7,28,22,955,24,8,13,45,7.460113737,104,219,20.47080084,9.164272568,6.638315497,8.212641627,458,20,497,25,478,522
30,1000,20,7.7,28,23,953,19,15,13,47,7.626361081,109,185,20.48217134,9.020453602,7.193768035,8.024080984,462,17,491,30,479,521
28,1000,20,7.7,28,31,957,21,12,10,43,7.67491122,97,210,20.79961027,9.023219579,6.958796383,8.385319962,477,21,480,22,498,502
25,1000,20,7.7,28,45,950,31,13,6,50,8.032311401,94,221,20.55860309,9.092441998,7.502961173,8.542941975,470,21,480,29,491,509
26,1000,20,7.7,28,45,952,35,6,7,48,7.913830063,103,208,20.73837596,9.451671687,7.039452728,8.670753726,452,12,500,36,464,536
24,1000,20,7.7,28,78,940,39,10,11,60,8.737024088,88,225,21.17339878,9.303357843,7.970299749,9.482576552,464,29,476,31,493,507
29,1000,20,7.7,28,31,952,27,8,13,48,7.686256986,82,220,20.59243767,9.145940412,7.327341496,8.038065237,476,19,476,29,495,505
30,1000,20,7.7,28,24,955,17,15,13,45,7.655837273,103,223,20.50347324,9.047105452,7.230403558,8.046974989,463,16,492,29,479,521
31,1000,20,7.7,28,23,955,24,8,13,45,7.50386124,77,183,20.48803909,9.168941236,6.710239685,8.230587492,458,20,497,25,478,522
27,1000,20,7.7,28,30,947,30,10,13,53,7.787147482,112,230,20.58061917,9.401120223,7.240557697,8.351512545,490,18,457,35,508,492
28,1000,20,7.7,28,32,957,21,14,8,43,7.66896712,104,213,20.81456812,9.007577198,7.007668745,8.324996185,477,21,480,22,498,502
25,1000,20,7.7,28,46,952,30,12,6,48,8.05874199,101,219,20.57433285,9.103303089,7.540821626,8.5583469,470,21,482,27,491,509
26,1000,20,7.7,28,46,952,34,7,7,48,7.94109782,98,216,20.75487767,9.450446885,7.099743429,8.669434458,452,12,500,36,464,536
29,1000,20,7.7,28,32,951,27,9,13,49,7.731157474,79,182,20.59748957,9.13735574,7.326859381,8.127449666,475,20,476,29,495,505
30,1000,20,7.7,28,25,955,17,16,12,45,7.662170094,108,207,20.52905796,9.036227005,7.24915968,8.041886003,463,16,492,29,479,521
31,1000,20,7.7,28,24,957,23,7,13,43,7.504385857,92,220,20.51922412,9.188297757,6.728649866,8.214734139,458,20,499,23,478,522
27,1000,20,7.7,28,31,947,31,10,12,53,7.808469185,95,234,20.61069778,9.418732688,7.241197076,8.394189168,491,17,456,36,508,492
24,1000,20,7.7,28,79,938,40,10,12,62,8.749282658,103,202,21.20521951,9.306446138,7.984351439,9.493091516,463,30,475,32,493,507
28,1000,20,7.7,28,33,957,22,13,8,43,7.691848303,99,216,20.82536933,9.012774344,7.041828248,8.336688916,477,21,480,22,498,502
25,1000,20,7.7,28,47,952,30,13,5,48,8.054654703,105,190,20.57855613,9.102379716,7.518444064,8.571903081,470,21,482,27,491,509
26,1000,20,7.7,28,47,952,34,6,8,48,7.982251618,99,223,20.78798091,9.464181452,7.106378705,8.74046996,452,12,500,36,464,536
29,1000,20,7.7,28,33,951,27,9,13,49,7.749390551,103,209,20.60911605,9.134736449,7.345371854,8.145408878,475,20,476,29,495,505
31,1000,20,7.7,28,25,957,23,7,13,43,7.513953374,99,207,20.52077197,9.199893458,6.742782056,8.220121746,458,20,499,23,478,522
30,1000,20,7.7,28,26,955,17,16,12,45,7.695812324,104,215,20.54470453,9.034923563,7.290065519,8.068850174,463,16,492,29,479,521
27,1000,20,7.7,28,32,947,31,10,12,53,7.820911892,90,207,20.63814339,9.426033742,7.249007398,8.411414907,491,17,456,36,508,492
28,1000,20,7.7,28,34,958,24,11,7,42,7.700983005,102,179,20.81627853,9.019080802,7.041748446,8.3549647,479,19,479,23,498,502
24,1000,20,7.7,28,80,937,40,12,11,63,8.751591573,110,223,21.20209638,9.31501125,7.996764641,9.485575157,463,30,474,33,493,507
25,1000,20,7.7,28,48,950,32,13,5,50,8.070013139,101,189,20.59686783,9.114939464,7.533136284,8.587904173,469,22,481,28,491,509
26,1000,20,7.7,28,48,950,34,8,8,50,8.0288101,95,226,20.79971295,9.49729715,7.130016618,8.806870129,452,12,498,38,464,536
29,1000,20,7.7,28,34,952,27,9,12,48,7.757530768,114,203,20.6319247,9.155856212,7.321233049,8.185188928,476,19,476,29,495,505
31,1000,20,7.7,28,26,957,23,7,13,43,7.506298131,98,216,20.52220525,9.212304408,6.780679285,8.170753703,457,21,500,22,478,522
30,1000,20,7.7,28,27,956,17,15,12,44,7.735446884,97,238,20.58598455,9.046308134,7.345671092,8.093801211,463,16,493,28,479,521
28,1000,20,7.7,28,35,959,24,10,7,41,7.736518499,94,210,20.82375736,9.032853164,7.05320104,8.414391198,479,19,480,22,498,502
27,1000,20,7.7,28,33,948,30,9,13,52,7.847047287,119,188,20.65122758,9.44117654,7.280277908,8.432248191,492,16,456,36,508,492
25,1000,20,7.7,28,49,950,32,13,5,50,8.083521711,113,225,20.59834475,9.107837413,7.537565349,8.610171168,469,22,481,28,491,509
24,1000,20,7.7,28,81,937,40,13,10,63,8.724790346,99,213,21.21724483,9.314711952,7.95958195,9.468868727,464,29,473,34,493,507
26,1000,20,7.7,28,49,949,34,9,8,51,8.057584599,97,216,20.81890248,9.506133941,7.163833724,8.831279386,451,13,498,38,464,536
29,1000,20,7.7,28,35,951,28,9,12,49,7.791412472,104,206,20.65025923,9.171073323,7.366226507,8.208178913,476,19,475,30,495,505
31,1000,20,7.7,28,27,957,24,7,12,43,7.514453445,96,206,20.5518374,9.237648166,6.756141637,8.20884625,457,21,500,22,478,522
30,1000,20,7.7,28,28,956,18,14,12,44,7.779845085,87,221,20.59624953,9.059353729,7.388348729,8.139781274,463,16,493,28,479,521
28,1000,20,7.7,28,36,960,24,9,7,40,7.702940781,112,192,20.83691951,9.029263119,7.060823953,8.339941141,479,19,481,21,498,502
27,1000,20,7.7,28,34,949,28,10,13,51,7.857185827,114,211,20.65692973,9.474561425,7.318056503,8.413847811,493,15,456,36,508,492
25,1000,20,7.7,28,50,950,32,13,5,50,8.113726957,103,189,20.59753234,9.113714354,7.567940776,8.640212253,468,23,482,27,491,509
24,1000,20,7.7,28,82,938,39,13,10,62,8.743299031,85,236,21.22726878,9.329719211,7.970752361,9.494513052,464,29,474,33,493,507
26,1000,20,7.7,28,50,949,35,8,8,51,8.095360298,96,191,20.84628086,9.523645517,7.244189531,8.832194692,450,14,499,37,464,536
29,1000,20,7.7,28,36,949,30,9,12,51,7.825181297,99,210,20.65678643,9.186874308,7.372385515,8.269010827,476,19,473,32,495,505
31,1000,20,7.7,28,28,956,24,7,13,44,7.559299277,91,210,20.5818755,9.248090848,6.779532283,8.273338786,456,22,500,22,478,522
30,1000,20,7.7,28,29,954,21,13,12,46,7.813611281,89,195,20.61373087,9.070983263,7.417686023,8.17761934,462,17,492,29,479,521
28,1000,20,7.7,28,37,961,24,8,7,39,7.693439336,103,209,20.82236898,9.041742116,7.052205963,8.32956328,480,18,481,21,498,502
27,1000,20,7.7,28,35,949,28,10,13,51,7.879907416,96,190,20.66296761,9.47829556,7.358567602,8.41820137,493,15,456,36,508,492
25,1000,20,7.7,28,51,950,32,13,5,50,8.110702624,92,186,20.60228542,9.12744351,7.540905965,8.660349303,468,23,482,27,491,509
26,1000,20,7.7,28,51,949,35,8,8,51,8.118582872,119,218,20.84503547,9.511584824,7.273177166,8.850426618,450,14,499,37,464,536
29,1000,20,7.7,28,37,951,29,10,10,49,7.85032299,100,206,20.67054244,9.177817827,7.426716195,8.265541533,476,19,475,30,495,505
31,1000,20,7.7,28,29,956,25,7,12,44,7.565603301,98,238,20.59677947,9.259987333,6.816134942,8.251898082,456,22,500,22,478,522
24,1000,20,7.7,28,83,939,38,14,9,61,8.77222668,101,232,21.23504798,9.328871604,7.968904273,9.553366615,465,28,474,33,493,507
30,1000,20,7.7,28,30,954,21,13,12,46,7.852940018,121,219,20.65094778,9.083401151,7.449437019,8.223914944,462,17,492,29,479,521
28,1000,20,7.7,28,38,961,25,8,6,39,7.716211386,97,205,20.8424615,9.060399017,7.110089967,8.317503152,480,18,481,21,498,502
25,1000,20,7.7,28,52,948,35,13,4,52,8.114069913,91,234,20.60873666,9.139387452,7.505011699,8.701589723,466,25,482,27,491,509
27,1000,20,7.7,28,36,949,28,10,13,51,7.871629172,114,206,20.66529295,9.490363148,7.374540516,8.384883312,493,15,456,36,508,492
26,1000,20,7.7,28,52,950,35,7,8,50,8.09782468,113,203,20.85936869,9.526954777,7.289597591,8.797483951,450,14,500,36,464,536
29,1000,20,7.7,28,38,951,29,10,10,49,7.895423806,111,218,20.69055471,9.187551402,7.508085281,8.275092261,476,19,475,30,495,505
31,1000,20,7.7,28,30,959,23,6,12,41,7.592521147,98,232,20.62965166,9.258058479,6.829421742,8.291297997,457,21,502,20,478,522
30,1000,20,7.7,28,31,953,21,14,12,47,7.885426797,109,223,20.64559045,9.106885653,7.462970486,8.273827129,463,16,490,31,479,521
28,1000,20,7.7,28,39,962,24,8,6,38,7.751098591,101,206,20.86014362,9.043240189,7.141049842,8.356286394,481,17,481,21,498,502
24,1000,20,7.7,28,84,938,38,14,10,62,8.818481924,99,224,21.25189364,9.330672754,8.02612607,9.588958129,464,29,474,33,493,507
25,1000,20,7.7,28,53,947,36,13,4,53,8.117536269,97,231,20.6301622,9.132082987,7.515911475,8.697885529,466,25,481,28,491,509
27,1000,20,7.7,28,37,950,27,10,13,50,7.915801186,95,206,20.67885375,9.508065682,7.436670736,8.410513113,493,15,457,35,508,492
26,1000,20,7.7,28,53,950,35,8,7,50,8.142118286,83,214,20.86749487,9.535330736,7.320279134,8.853561134,451,13,499,37,464,536
29,1000,20,7.7,28,39,951,28,11,10,49,7.905868146,88,222,20.7211595,9.199740705,7.513938183,8.29003712,476,19,475,30,495,505
31,1000,20,7.7,28,31,957,25,6,12,43,7.61869356,88,199,20.64880837,9.261563192,6.844088087,8.328006617,456,22,501,21,478,522
30,1000,20,7.7,28,32,953,20,14,13,47,7.917281946,95,204,20.65497098,9.092118021,7.50983065,8.291886881,462,17,491,30,479,521
28,1000,20,7.7,28,40,963,24,6,7,37,7.761166292,105,231,20.85630724,9.05563315,7.166479844,8.351114204,481,17,482,20,498,502
25,1000,20,7.7,28,54,949,35,12,4,51,8.132924804,101,221,20.66018445,9.134103147,7.484866526,8.7580655,468,23,481,28,491,509
24,1000,20,7.7,28,85,937,39,14,10,63,8.834317401,104,234,21.25753185,9.348098836,8.036789041,9.609823281,463,30,474,33,493,507
27,1000,20,7.7,28,38,951,28,9,12,49,7.933943837,104,209,20.70337965,9.51094376,7.513050883,8.368524367,493,15,458,34,508,492
26,1000,20,7.7,28,54,951,34,9,6,49,8.087387547,126,208,20.87460793,9.533458053,7.305861143,8.763932793,451,13,500,36,464,536
29,1000,20,7.7,28,40,951,26,13,10,49,7.991457793,85,197,20.74379383,9.19275471,7.584422561,8.39043292,476,19,475,30,495,505
31,1000,20,7.7,28,32,958,24,6,12,42,7.623592986,107,197,20.66964401,9.255418293,6.873576855,8.310389367,457,21,501,21,478,522
30,1000,20,7.7,28,33,953,20,14,13,47,7.953621768,99,218,20.67677535,9.093138218,7.538133277,8.335615985,462,17,491,30,479,521
28,1000,20,7.7,28,41,963,24,6,7,37,7.777445102,94,213,20.86175637,9.071141317,7.184124302,8.366038245,481,17,482,20,498,502
25,1000,20,7.7,28,55,949,35,12,4,51,8.140537133,85,208,20.66590356,9.126780235,7.484756202,8.773127383,468,23,481,28,491,509
27,1000,20,7.7,28,39,953,27,8,12,47,7.926437387,94,233,20.73702168,9.508305454,7.542016291,8.323359982,493,15,460,32,508,492
24,1000,20,7.7,28,86,937,40,14,9,63,8.833489105,97,227,21.26903281,9.350190606,8.006418281,9.637721682,464,29,473,34,493,507
26,1000,20,7.7,28,55,950,35,9,6,50,8.123419359,93,211,20.8879743,9.531317382,7.340554554,8.801123221,451,13,499,37,464,536
29,1000,20,7.7,28,41,951,27,12,10,49,7.990881875,88,212,20.76217634,9.202506334,7.564601022,8.408721522,477,18,474,31,495,505
31,1000,20,7.7,28,33,957,25,6,12,43,7.635836628,113,209,20.69393281,9.246164951,6.870716125,8.336464215,457,21,500,22,478,522
30,1000,20,7.7,28,34,954,18,15,13,46,7.958368262,94,207,20.7018285,9.107564855,7.585879471,8.300829166,462,17,492,29,479,521
28,1000,20,7.7,28,42,963,26,6,5,37,7.777979515,106,206,20.88826311,9.069803217,7.20462054,8.346769893,481,17,482,20,498,502
25,1000,20,7.7,28,56,949,35,13,3,51,8.181626476,87,191,20.69676985,9.136029896,7.554073803,8.786986717,468,23,481,28,491,509
27,1000,20,7.7,28,40,953,27,8,12,47,7.980037793,95,197,20.73916798,9.498133386,7.56420751,8.409391013,493,15,460,32,508,492
26,1000,20,7.7,28,56,954,33,7,6,46,8.125993534,100,229,20.89840584,9.569606418,7.417485123,8.739329173,451,13,503,33,464,536
24,1000,20,7.7,28,87,938,38,15,9,62,8.873916201,100,193,21.28774012,9.352371852,8.005184068,9.718659676,465,28,473,34,493,507
29,1000,20,7.7,28,42,950,26,14,10,50,8.033627774,83,204,20.78225054,9.218154853,7.593572221,8.464969356,477,18,473,32,495,505
31,1000,20,7.7,28,34,957,24,7,12,43,7.669116005,100,215,20.72013577,9.261297602,6.912017608,8.36239768,458,20,499,23,478,522
30,1000,20,7.7,28,35,955,17,14,14,45,7.960883822,92,229,20.70630686,9.100510306,7.587096964,8.304538151,462,17,493,28,479,521
28,1000,20,7.7,28,43,963,26,6,5,37,7.805526706,78,208,20.91820537,9.057319329,7.235314279,8.371195607,481,17,482,20,498,502
25,1000,20,7.7,28,57,950,34,13,3,50,8.179130741,107,225,20.70941548,9.149918029,7.530445427,8.8048763,469,22,481,28,491,509
27,1000,20,7.7,28,41,952,27,9,12,48,8.047429995,105,207,20.74030273,9.514313563,7.629104026,8.479360061,493,15,459,33,508,492
26,1000,20,7.7,28,57,954,33,7,6,46,8.156117457,100,206,20.89802476,9.588238321,7.449462398,8.767848702,451,13,503,33,464,536
29,1000,20,7.7,28,43,950,25,15,10,50,8.079450562,92,213,20.79338568,9.235190597,7.602775605,8.546686411,478,17,472,33,495,505
31,1000,20,7.7,28,35,958,24,7,11,42,7.677999591,107,213,20.7521061,9.274548889,6.938386006,8.355270268,459,19,499,23,478,522
30,1000,20,7.7,28,36,957,17,13,13,43,7.956921289,88,213,20.72710879,9.122670086,7.55843479,8.323284115,464,15,493,28,479,521
24,1000,20,7.7,28,88,937,38,15,10,63,8.917133163,99,234,21.30715196,9.348891073,8.096971019,9.714647833,465,28,472,35,493,507
28,1000,20,7.7,28,44,963,26,6,5,37,7.810019456,79,216,20.93598093,9.06044523,7.237165385,8.378308952,481,17,482,20,498,502
25,1000,20,7.7,28,58,953,30,14,3,47,8.181701633,98,199,20.73211391,9.170008613,7.522830217,8.817273078,470,21,483,26,491,509
27,1000,20,7.7,28,42,954,25,9,12,46,8.068655407,104,205,20.76046892,9.520388813,7.639254387,8.512020688,495,13,459,33,508,492
26,1000,20,7.7,28,58,954,33,7,6,46,8.17573882,110,221,20.9072171,9.591087183,7.471514631,8.78536573,451,13,503,33,464,536
29,1000,20,7.7,28,44,950,25,15,10,50,8.093043882,85,203,20.7729368,9.238324653,7.629098712,8.547802018,478,17,472,33,495,505
31,1000,20,7.7,28,36,958,23,8,11,42,7.741337988,88,197,20.76736808,9.273907335,7.008351113,8.412540529,459,19,499,23,478,522
30,1000,20,7.7,28,37,957,17,13,13,43,7.977538173,110,197,20.75145916,9.13322296,7.567226137,8.35477323,464,15,493,28,479,521
28,1000,20,7.7,28,45,964,26,5,5,36,7.828159841,86,211,20.94832512,9.046410941,7.25473617,8.3970144,482,16,482,20,498,502
25,1000,20,7.7,28,59,953,31,13,3,47,8.202936341,96,201,20.75933199,9.176309731,7.498507052,8.882454574,471,20,482,27,491,509
24,1000,20,7.7,28,89,939,38,15,8,61,8.920167674,100,203,21.31990971,9.356015631,8.083205443,9.734018521,466,27,473,34,493,507
27,1000,20,7.7,28,43,953,26,9,12,47,8.094420268,100,225,20.77088851,9.539988628,7.678128193,8.524250295,494,14,459,33,508,492
26,1000,20,7.7,28,59,954,33,7,6,46,8.200716354,98,237,20.96542254,9.608132641,7.527305757,8.783668811,450,14,504,32,464,536
29,1000,20,7.7,28,45,951,25,14,10,49,8.091057618,113,200,20.80321006,9.248645912,7.648158967,8.525185999,478,17,473,32,495,505
31,1000,20,7.7,28,37,959,22,8,11,41,7.751608049,98,204,20.7796955,9.268683552,7.064447814,8.380846731,459,19,500,22,478,522
30,1000,20,7.7,28,38,956,19,12,13,44,7.98555755,114,186,20.78010265,9.123918428,7.563734999,8.373375211,464,15,492,29,479,521
28,1000,20,7.7,28,46,964,26,4,6,36,7.855749816,103,216,20.96458772,9.067057989,7.310567227,8.396588321,482,16,482,20,498,502
25,1000,20,7.7,28,60,953,32,12,3,47,8.182726251,109,205,20.79314352,9.172627246,7.465632305,8.874461276,472,19,481,28,491,509
24,1000,20,7.7,28,90,938,38,16,8,62,8.94682522,111,233,21.31898824,9.364969566,8.122911995,9.74798739,465,28,473,34,493,507
26,1000,20,7.7,28,60,953,34,7,6,47,8.217764288,105,239,20.96308261,9.623366596,7.564630063,8.783164064,450,14,503,33,464,536
29,1000,20,7.7,28,46,949,29,11,11,51,8.125759597,94,213,20.82794854,9.257080833,7.680175417,8.562520328,477,18,472,33,495,505
27,1000,20,7.7,28,44,954,25,9,12,46,8.101233563,98,225,20.8082935,9.554564261,7.680803513,8.535336135,494,14,460,32,508,492
31,1000,20,7.7,28,38,959,22,7,12,41,7.768541266,84,201,20.7939229,9.28659901,7.080126174,8.398929033,459,19,500,22,478,522
30,1000,20,7.7,28,39,955,20,12,13,45,8.004673728,86,205,20.79482259,9.133203429,7.620217883,8.358136972,463,16,492,29,479,521
28,1000,20,7.7,28,47,964,26,4,6,36,7.856746053,103,231,20.96885425,9.099055314,7.32516251,8.38409387,482,16,482,20,498,502
25,1000,20,7.7,28,61,953,32,12,3,47,8.195908627,99,230,20.8035559,9.175318245,7.458454474,8.907283851,473,18,480,29,491,509
24,1000,20,7.7,28,91,938,38,16,8,62,8.979730783,102,204,21.3305057,9.379939106,8.171772939,9.765378154,465,28,473,34,493,507
29,1000,20,7.7,28,47,949,29,11,11,51,8.15177547,95,212,20.85576109,9.272607418,7.730163186,8.565038996,477,18,472,33,495,505
26,1000,20,7.7,28,61,955,33,6,6,45,8.201160504,94,211,20.99409984,9.599260591,7.541501893,8.772208258,450,14,505,31,464,536
27,1000,20,7.7,28,45,955,26,9,10,45,8.097988911,92,211,20.82345976,9.559116647,7.698147917,8.510832865,494,14,461,31,508,492
31,1000,20,7.7,28,39,960,22,7,11,40,7.768904817,102,215,20.81045312,9.310561058,7.085299814,8.394887942,460,18,500,22,478,522
30,1000,20,7.7,28,40,955,21,12,12,45,8.009161956,103,227,20.77815769,9.13040801,7.609575839,8.376535757,463,16,492,29,479,521
28,1000,20,7.7,28,48,964,26,4,6,36,7.87834486,90,212,21.00839445,9.110662092,7.32153161,8.430721352,482,16,482,20,498,502
25,1000,20,7.7,28,62,953,32,12,3,47,8.221472294,82,204,20.82749411,9.173171831,7.504526213,8.913064684,472,19,481,28,491,509
26,1000,20,7.7,28,62,956,32,6,6,44,8.198862515,95,214,21.00113125,9.59363139,7.563214274,8.749125171,450,14,506,30,464,536
29,1000,20,7.7,28,48,949,29,11,11,51,8.196398416,97,205,20.84602965,9.285586316,7.777439965,8.60706066,477,18,472,33,495,505
24,1000,20,7.7,28,92,937,39,15,9,63,9.002604903,110,201,21.33521504,9.401909582,8.222897976,9.760781462,465,28,472,35,493,507
31,1000,20,7.7,28,40,960,22,7,11,40,7.777274132,112,216,20.83992698,9.322013829,7.077320443,8.418227893,460,18,500,22,478,522
27,1000,20,7.7,28,46,955,26,9,10,45,8.12787761,100,208,20.85182841,9.576710833,7.732341401,8.536276786,494,14,461,31,508,492
30,1000,20,7.7,28,41,957,19,12,12,43,8.031862906,95,212,20.79708451,9.155786481,7.597385924,8.431314872,465,14,492,29,479,521
28,1000,20,7.7,28,49,963,28,4,5,37,7.918524154,80,221,21.02115716,9.123036895,7.380582716,8.452179205,480,18,483,19,498,502
25,1000,20,7.7,28,63,951,34,12,3,49,8.249384191,113,202,20.82019088,9.181764194,7.54858893,8.925396909,470,21,481,28,491,509
29,1000,20,7.7,28,49,949,29,11,11,51,8.216093304,99,210,20.85275895,9.295479295,7.81389166,8.610330558,477,18,472,33,495,505
26,1000,20,7.7,28,63,956,32,6,6,44,8.217533461,97,206,21.00772246,9.575383128,7.59883558,8.753122671,450,14,506,30,464,536
31,1000,20,7.7,28,41,960,22,7,11,40,7.777911248,107,214,20.85339843,9.328528625,7.091436271,8.406522434,460,18,500,22,478,522
28,1000,20,7.7,28,50,963,28,4,5,37,7.965074844,87,244,21.04511511,9.120191331,7.406803923,8.518897392,480,18,483,19,498,502
30,1000,20,7.7,28,42,957,19,12,12,43,8.072766213,90,206,20.83314631,9.162342485,7.64069316,8.47000804,465,14,492,29,479,521
27,1000,20,7.7,28,47,954,27,9,10,46,8.169791739,99,214,20.88437996,9.580654108,7.755098593,8.597970842,494,14,460,32,508,492
24,1000,20,7.7,28,93,937,39,15,9,63,9.012204159,97,208,21.34379443,9.417834155,8.247778468,9.755521448,464,29,473,34,493,507
25,1000,20,7.7,28,64,950,34,13,3,50,8.25590957,102,223,20.81943715,9.191126391,7.567255987,8.920209982,470,21,480,29,491,509
29,1000,20,7.7,28,50,950,26,13,11,50,8.239853569,96,216,20.87894186,9.321747781,7.857641418,8.614497163,477,18,473,32,495,505
26,1000,20,7.7,28,64,956,32,6,6,44,8.242828008,97,214,21.02295888,9.599958994,7.64356163,8.761595917,450,14,506,30,464,536
31,1000,20,7.7,28,42,961,21,7,11,39,7.77255523,102,195,20.84896084,9.348114706,7.078438126,8.408164379,460,18,501,21,478,522
28,1000,20,7.7,28,51,963,28,4,5,37,8.008339377,96,221,21.06255657,9.144628411,7.453030336,8.559223644,480,18,483,19,498,502
30,1000,20,7.7,28,43,956,20,12,12,44,8.076212661,93,214,20.87567254,9.172299339,7.657730453,8.460959259,465,14,491,30,479,521
27,1000,20,7.7,28,48,954,26,10,10,46,8.199807948,84,226,20.89657011,9.584951203,7.762957756,8.65086465,494,14,460,32,508,492
25,1000,20,7.7,28,65,951,32,13,4,49,8.287954474,101,189,20.84010492,9.219620312,7.583733996,8.967271281,470,21,481,28,491,509
24,1000,20,7.7,28,94,935,41,14,10,65,9.065566347,91,216,21.37710131,9.416889691,8.331729096,9.779139847,464,29,471,36,493,507
29,1000,20,7.7,28,51,953,24,12,11,47,8.234119866,109,198,20.89896413,9.322037474,7.812179212,8.647705259,478,17,475,30,495,505
26,1000,20,7.7,28,65,957,33,6,4,43,8.250889383,105,208,21.03314226,9.597537121,7.663951111,8.758985201,450,14,507,29,464,536
31,1000,20,7.7,28,43,961,21,7,11,39,7.796610107,93,207,20.87131577,9.357349442,7.149653087,8.389034352,460,18,501,21,478,522
28,1000,20,7.7,28,52,962,28,5,5,38,8.035972537,99,209,21.06990379,9.144281794,7.476644527,8.590843751,480,18,482,20,498,502
30,1000,20,7.7,28,44,955,22,12,11,45,8.128219699,100,229,20.8780915,9.169344064,7.660116165,8.55858744,465,14,490,31,479,521
27,1000,20,7.7,28,49,954,24,12,10,46,8.23074401,86,211,20.92057568,9.606844916,7.829689235,8.644841216,494,14,460,32,508,492
25,1000,20,7.7,28,66,950,34,12,4,50,8.323123528,91,242,20.85003912,9.231413461,7.61046269,9.010582215,470,21,480,29,491,509
24,1000,20,7.7,28,95,935,40,15,10,65,9.095244065,121,216,21.39205219,9.422347254,8.395173276,9.775983512,464,29,471,36,493,507
29,1000,20,7.7,28,52,955,22,12,11,45,8.229758259,97,195,20.91891004,9.319910378,7.788543648,8.662235947,480,15,475,30,495,505
26,1000,20,7.7,28,66,956,34,6,4,44,8.274354075,103,207,21.034187,9.596772887,7.689329771,8.780793026,449,15,507,29,464,536
31,1000,20,7.7,28,44,961,21,7,11,39,7.801268083,106,198,20.88799764,9.374455123,7.15314639,8.394758828,460,18,501,21,478,522
28,1000,20,7.7,28,53,962,28,5,5,38,8.062851769,85,210,21.0804844,9.163590215,7.489233277,8.631899596,480,18,482,20,498,502
30,1000,20,7.7,28,45,956,21,13,10,44,8.141002787,95,214,20.89782264,9.167331461,7.703624002,8.54312263,465,14,491,30,479,521
27,1000,20,7.7,28,50,953,25,12,10,47,8.243045338,113,227,20.94574914,9.611002186,7.853206727,8.645561628,493,15,460,32,508,492
25,1000,20,7.7,28,67,950,34,12,4,50,8.344518413,96,212,20.86462307,9.24447856,7.668615814,8.99651876,470,21,480,29,491,509
29,1000,20,7.7,28,53,956,21,12,11,44,8.267854537,117,220,20.92212016,9.319605152,7.79195743,8.734327939,481,14,475,30,495,505
24,1000,20,7.7,28,96,936,40,13,11,64,9.087923373,97,230,21.41207346,9.425986196,8.393101274,9.763559063,465,28,471,36,493,507
26,1000,20,7.7,28,67,958,32,6,4,42,8.270969725,109,235,21.04343207,9.606103081,7.68880254,8.774935347,450,14,508,28,464,536
28,1000,20,7.7,28,54,961,28,6,5,39,8.094014207,103,231,21.09584928,9.18617508,7.525944708,8.657557257,480,18,481,21,498,502
31,1000,20,7.7,28,45,960,22,7,11,40,7.811388785,107,223,20.91220686,9.404583247,7.162579377,8.405509277,459,19,501,21,478,522
30,1000,20,7.7,28,46,956,21,14,9,44,8.147849804,113,231,20.92337566,9.184658075,7.693971657,8.565138925,465,14,491,30,479,521
25,1000,20,7.7,28,68,948,36,12,4,52,8.383766079,92,215,20.89245108,9.232470363,7.677567181,9.064991342,470,21,478,31,491,509
27,1000,20,7.7,28,51,953,25,12,10,47,8.244172671,112,218,20.94869023,9.619975233,7.847203075,8.654051847,494,14,459,33,508,492
29,1000,20,7.7,28,54,955,23,12,10,45,8.294168352,100,226,20.94059773,9.314273357,7.82397277,8.755053129,480,15,475,30,495,505
26,1000,20,7.7,28,68,957,32,7,4,43,8.297322753,106,231,21.05339819,9.599306559,7.716330947,8.800270884,450,14,507,29,464,536
28,1000,20,7.7,28,55,962,27,6,5,38,8.108499066,100,225,21.07906171,9.197515839,7.530724056,8.681670292,481,17,481,21,498,502
31,1000,20,7.7,28,46,960,22,7,11,40,7.83390758,97,218,20.93020718,9.425809979,7.211322838,8.404013914,459,19,501,21,478,522
30,1000,20,7.7,28,47,956,21,14,9,44,8.141610397,89,213,20.93751753,9.169592242,7.716997683,8.531993295,465,14,491,30,479,521
24,1000,20,7.7,28,97,936,40,12,12,64,9.107624696,103,220,21.41751314,9.436421356,8.442890858,9.754002964,465,28,471,36,493,507
25,1000,20,7.7,28,69,948,35,12,5,52,8.383958446,103,226,20.88927947,9.258445721,7.68006544,9.062959362,470,21,478,31,491,509
27,1000,20,7.7,28,52,951,27,12,10,49,8.270640869,98,218,20.96233757,9.64353637,7.86368882,8.690827131,493,15,458,34,508,492
29,1000,20,7.7,28,55,956,21,13,10,44,8.324385276,103,231,20.94915622,9.29634121,7.849770899,8.789601349,480,15,476,29,495,505
26,1000,20,7.7,28,69,957,32,7,4,43,8.365150026,84,237,21.06820026,9.605871019,7.773730381,8.877125242,450,14,507,29,464,536
28,1000,20,7.7,28,56,962,27,6,5,38,8.132828123,114,204,21.08697303,9.214108703,7.566028257,8.695111656,481,17,481,21,498,502
31,1000,20,7.7,28,47,959,22,8,11,41,7.886103677,104,221,20.94864499,9.437695904,7.24854733,8.469919642,459,19,500,22,478,522
30,1000,20,7.7,28,48,956,21,13,10,44,8.141839599,92,231,20.94158064,9.172828916,7.719567156,8.530070886,466,13,490,31,479,521
25,1000,20,7.7,28,70,948,35,12,5,52,8.392030452,109,216,20.91409827,9.274472804,7.670313559,9.08822494,470,21,478,31,491,509
24,1000,20,7.7,28,98,935,40,12,13,65,9.116885391,102,231,21.42396563,9.430804782,8.447892496,9.767405111,465,28,470,37,493,507
27,1000,20,7.7,28,53,952,25,13,10,48,8.296068969,106,214,20.98568017,9.652542575,7.895335205,8.709834726,493,15,459,33,508,492
29,1000,20,7.7,28,56,956,21,13,10,44,8.315012438,98,249,20.96801403,9.296624725,7.830381859,8.790046373,480,15,476,29,495,505
26,1000,20,7.7,28,70,959,31,7,3,41,8.324417358,112,224,21.09197837,9.620847126,7.768054866,8.80604459,450,14,509,27,464,536
28,1000,20,7.7,28,57,965,24,6,5,35,8.107653432,90,223,21.08820557,9.221747534,7.532569043,8.678155474,483,15,482,20,498,502
31,1000,20,7.7,28,48,959,22,8,11,41,7.903917546,77,189,20.95415804,9.439372645,7.282440315,8.473009723,459,19,500,22,478,522
30,1000,20,7.7,28,49,956,21,13,10,44,8.128872866,111,203,20.96393483,9.188198919,7.712946234,8.511269904,465,14,491,30,479,521
25,1000,20,7.7,28,71,948,34,13,5,52,8.43108004,79,217,20.90687411,9.286631058,7.705844174,9.130669058,470,21,478,31,491,509
27,1000,20,7.7,28,54,952,25,13,10,48,8.330809873,108,206,20.99156777,9.68489923,7.946879996,8.727225273,492,16,460,32,508,492
24,1000,20,7.7,28,99,936,38,12,14,64,9.129037686,83,221,21.43987937,9.436670819,8.447861482,9.791404289,466,27,470,37,493,507
29,1000,20,7.7,28,57,957,20,13,10,43,8.337983593,87,210,20.98031914,9.320708756,7.859480474,8.807011403,480,15,477,28,495,505
26,1000,20,7.7,28,71,959,31,7,3,41,8.355327622,108,213,21.13188985,9.613557399,7.815211749,8.822890617,450,14,509,27,464,536
28,1000,20,7.7,28,58,965,24,6,5,35,8.095966264,108,221,21.09630242,9.216065536,7.560779064,8.626889025,483,15,482,20,498,502
31,1000,20,7.7,28,49,960,20,9,11,40,7.915899909,93,214,20.98957058,9.454583781,7.284837731,8.493769107,460,18,500,22,478,522
30,1000,20,7.7,28,50,956,22,12,10,44,8.12694758,97,203,20.9779713,9.193519145,7.747495745,8.475810208,466,13,490,31,479,521
25,1000,20,7.7,28,72,948,33,14,5,52,8.428665928,96,199,20.91280756,9.290595256,7.706254644,9.125530252,470,21,478,31,491,509
27,1000,20,7.7,28,55,952,26,12,10,48,8.333639855,102,226,21.02873928,9.695098958,7.945362921,8.734543681,491,17,461,31,508,492
29,1000,20,7.7,28,58,958,20,12,10,42,8.369526898,91,226,21.00374528,9.312757717,7.885555437,8.843914766,481,14,477,28,495,505
24,1000,20,7.7,28,100,936,37,13,14,64,9.18419721,97,214,21.44785168,9.44847473,8.489518427,9.859693542,466,27,470,37,493,507
26,1000,20,7.7,28,72,960,30,7,3,40,8.354576925,95,220,21.14548313,9.611012327,7.834232199,8.805024598,450,14,510,26,464,536
28,1000,20,7.7,28,59,964,25,6,5,36,8.14285554,93,231,21.12365753,9.216699993,7.619209041,8.662329557,482,16,482,20,498,502
31,1000,20,7.7,28,50,959,21,9,11,41,7.93042566,95,207,21.00249056,9.464979133,7.28410395,8.522268146,460,18,499,23,478,522
30,1000,20,7.7,28,51,955,23,12,10,45,8.148553822,105,233,20.96880308,9.20115613,7.812579408,8.457443927,466,13,489,32,479,521
25,1000,20,7.7,28,73,948,32,14,6,52,8.450350188,100,222,20.91285421,9.310462543,7.734456277,9.140927615,470,21,478,31,491,509
27,1000,20,7.7,28,56,952,26,12,10,48,8.40029721,106,220,21.04564782,9.711558468,8.008277469,8.80506556,491,17,461,31,508,492
29,1000,20,7.7,28,59,957,21,12,10,43,8.37502266,101,212,21.01729701,9.32640199,7.893927321,8.846591359,480,15,477,28,495,505
28,1000,20,7.7,28,60,963,27,6,4,37,8.161436746,111,210,21.16711867,9.224671461,7.656487039,8.66236295,482,16,481,21,498,502
26,1000,20,7.7,28,73,960,30,7,3,40,8.409698793,105,212,21.14427853,9.613406018,7.87982835,8.868392609,450,14,510,26,464,536
31,1000,20,7.7,28,51,960,21,8,11,40,7.922676732,112,230,21.00817684,9.457627229,7.316370664,8.47787654,460,18,500,22,478,522
30,1000,20,7.7,28,52,956,23,11,10,44,8.149519466,92,228,20.97277561,9.215662492,7.819500234,8.452934461,466,13,490,31,479,521
24,1000,20,7.7,28,101,936,37,13,14,64,9.214586725,91,217,21.48889849,9.468473136,8.538753292,9.87175809,466,27,470,37,493,507
25,1000,20,7.7,28,74,945,36,13,6,55,8.470071187,95,219,20.93131639,9.343331854,7.712380408,9.2009674,470,21,475,34,491,509
27,1000,20,7.7,28,57,952,26,12,10,48,8.386056197,102,227,21.0715904,9.723488847,8.008138427,8.776263975,491,17,461,31,508,492
29,1000,20,7.7,28,60,956,22,12,10,44,8.439540064,96,217,21.03809372,9.344237198,7.970519779,8.899272819,480,15,476,29,495,505
28,1000,20,7.7,28,61,964,25,6,5,36,8.169062428,90,226,21.18847268,9.229104036,7.672717279,8.661452636,482,16,482,20,498,502
26,1000,20,7.7,28,74,961,30,6,3,39,8.445754697,102,216,21.15629093,9.624394407,7.910045035,8.90950336,450,14,511,25,464,536
31,1000,20,7.7,28,52,961,21,8,10,39,7.92025532,90,217,21.03530622,9.468779647,7.318956779,8.470869693,460,18,501,21,478,522
30,1000,20,7.7,28,53,957,23,10,10,43,8.180170289,101,233,20.98296644,9.226835304,7.82508946,8.506626559,466,13,491,30,479,521
24,1000,20,7.7,28,102,936,38,13,13,64,9.234667598,93,226,21.50448449,9.480394773,8.581438836,9.869858485,466,27,470,37,493,507
25,1000,20,7.7,28,75,945,35,14,6,55,8.542162276,85,214,20.96072026,9.34021221,7.787401711,9.270231899,470,21,475,34,491,509
29,1000,20,7.7,28,61,953,25,12,10,47,8.449244517,114,187,21.05768044,9.35606318,7.97824206,8.910920192,478,17,475,30,495,505
27,1000,20,7.7,28,58,951,27,11,11,49,8.417443899,88,215,21.06793022,9.724899337,8.023074472,8.824638348,490,18,461,31,508,492
28,1000,20,7.7,28,62,962,27,6,5,38,8.208588321,90,207,21.20972128,9.236379959,7.725073741,8.688250195,482,16,480,22,498,502
26,1000,20,7.7,28,75,962,29,6,3,38,8.483268813,98,224,21.17308152,9.619065472,7.979792791,8.919113726,450,14,512,24,464,536
31,1000,20,7.7,28,53,963,19,8,10,37,7.902463548,120,230,21.0614645,9.468487244,7.305771945,8.448859307,461,17,502,20,478,522
30,1000,20,7.7,28,54,956,25,9,10,44,8.164789659,108,221,21.01073848,9.237804943,7.836490605,8.466623147,466,13,490,31,479,521
25,1000,20,7.7,28,76,945,34,15,6,55,8.546462252,94,206,20.97227412,9.357719851,7.835468181,9.232313113,470,21,475,34,491,509
24,1000,20,7.7,28,103,935,39,12,14,65,9.254446073,100,234,21.51142181,9.476278749,8.580528938,9.909754056,465,28,470,37,493,507
29,1000,20,7.7,28,62,955,25,10,10,45,8.461271029,104,223,21.08426459,9.350338132,8.004068026,8.909420507,478,17,477,28,495,505
27,1000,20,7.7,28,59,950,28,11,11,50,8.450163109,103,217,21.06792167,9.709351841,8.044269756,8.869256246,491,17,459,33,508,492
28,1000,20,7.7,28,63,960,29,6,5,40,8.280790478,102,212,21.22380858,9.2377554,7.767171291,8.790317083,481,17,479,23,498,502
26,1000,20,7.7,28,76,962,29,6,3,38,8.463701595,109,215,21.17962275,9.635750744,7.963067019,8.89708675,450,14,512,24,464,536
31,1000,20,7.7,28,54,963,19,7,11,37,7.927721538,85,210,21.06699954,9.464563346,7.326490366,8.478274222,461,17,502,20,478,522
30,1000,20,7.7,28,55,957,24,9,10,43,8.152839437,81,201,21.0319456,9.240465243,7.832912971,8.446975285,466,13,491,30,479,521
25,1000,20,7.7,28,77,945,35,14,6,55,8.571734512,86,220,20.97301985,9.387914883,7.841438078,9.276205139,470,21,475,34,491,509
24,1000,20,7.7,28,104,933,40,12,15,67,9.271411073,95,222,21.51716219,9.494460108,8.549791638,9.973104133,465,28,468,39,493,507
32,1000,20,7.7,28,0,934,36,13,17,66,7.752,94,203,20.073568,9.031919852,6.964948454,8.493203883,463,22,471,44,485,515
29,1000,20,7.7,28,63,955,25,10,10,45,8.459630645,107,220,21.12462019,9.363626198,7.976576098,8.933119755,478,17,477,28,495,505
28,1000,20,7.7,28,64,959,30,6,5,41,8.315336362,92,203,21.22859041,9.23994536,7.770707429,8.855625622,481,17,478,24,498,502
27,1000,20,7.7,28,60,950,28,11,11,50,8.47124207,110,222,21.07485016,9.718754578,8.025632715,8.931342786,492,16,458,34,508,492
26,1000,20,7.7,28,77,961,30,6,3,39,8.464519689,105,246,21.17029008,9.628854392,7.975596702,8.887766454,449,15,512,24,464,536
31,1000,20,7.7,28,55,961,21,7,11,39,7.968768894,106,245,21.1021061,9.459625627,7.375298587,8.512214883,460,18,501,21,478,522
30,1000,20,7.7,28,56,957,24,10,9,43,8.159958321,100,205,21.02334254,9.246077537,7.800452149,8.490483189,466,13,491,30,479,521
25,1000,20,7.7,28,78,945,35,14,6,55,8.581995984,99,205,20.98688549,9.388622463,7.863696536,9.27489388,470,21,475,34,491,509
29,1000,20,7.7,28,64,955,25,10,10,45,8.485396491,106,212,21.12476523,9.38409156,7.998142461,8.963001926,478,17,477,28,495,505
28,1000,20,7.7,28,65,961,28,6,5,39,8.333122296,92,230,21.2353727,9.252035847,7.814580711,8.847532076,481,17,480,22,498,502
26,1000,20,7.7,28,78,962,29,6,3,38,8.469311538,102,255,21.19419728,9.63027151,7.942013115,8.92577883,450,14,512,24,464,536
31,1000,20,7.7,28,56,963,20,6,11,37,7.992478238,104,220,21.12674139,9.469727714,7.385283688,8.548491638,461,17,502,20,478,522
30,1000,20,7.7,28,57,957,25,10,8,43,8.160426932,100,212,21.05055504,9.259861297,7.814416262,8.478544227,465,14,492,29,479,521
27,1000,20,7.7,28,61,949,29,11,11,51,8.491132188,115,217,21.08622469,9.763423303,8.031600019,8.965608492,491,17,458,34,508,492
32,1000,20,7.7,28,1,935,37,12,16,65,7.763248667,92,186,20.07982287,9.034565051,7.008155388,8.47435593,463,22,472,43,485,515
25,1000,20,7.7,28,79,945,35,14,6,55,8.583259597,92,196,20.99888928,9.406531391,7.868233767,9.27299964,470,21,475,34,491,509
29,1000,20,7.7,28,65,956,24,9,11,44,8.477864074,81,224,21.11834439,9.38650583,7.990693061,8.955388137,479,16,477,28,495,505
28,1000,20,7.7,28,66,960,30,6,4,40,8.374878743,99,205,21.25660896,9.245153469,7.835929625,8.909533445,481,17,479,23,498,502
26,1000,20,7.7,28,79,961,30,6,3,39,8.506169759,86,225,21.20710417,9.641767766,8.004445015,8.940498642,450,14,511,25,464,536
31,1000,20,7.7,28,57,964,19,6,11,36,8.008652213,100,210,21.13640761,9.504173172,7.385267814,8.579490801,462,16,502,20,478,522
30,1000,20,7.7,28,58,956,27,10,7,44,8.165357566,90,212,21.06891447,9.263706175,7.843740195,8.46104801,464,15,492,29,479,521
27,1000,20,7.7,28,62,950,29,10,11,50,8.521590436,107,218,21.09425932,9.784435137,8.100960813,8.955899071,491,17,459,33,508,492
32,1000,20,7.7,28,2,934,39,11,16,66,7.783206848,93,202,20.07911465,9.043727299,7.063832101,8.460676269,463,22,471,44,485,515
25,1000,20,7.7,28,80,944,36,14,6,56,8.566771593,108,249,21.02215571,9.410704761,7.851236954,9.257002453,469,22,475,34,491,509
29,1000,20,7.7,28,66,953,26,10,11,47,8.521912795,95,235,21.13454573,9.384155683,8.055726735,8.978867447,478,17,475,30,495,505
28,1000,20,7.7,28,67,961,29,6,4,39,8.381523993,98,231,21.24280044,9.24813411,7.83773144,8.920983537,482,16,479,23,498,502
31,1000,20,7.7,28,58,963,20,6,11,37,8.039676808,92,195,21.15470975,9.52830274,7.411397248,8.614997938,462,16,501,21,478,522
26,1000,20,7.7,28,80,961,30,6,3,39,8.519778966,101,211,21.23282437,9.638494099,8.014837532,8.956892446,450,14,511,25,464,536
30,1000,20,7.7,28,59,956,27,10,7,44,8.163507104,99,221,21.1084703,9.274198865,7.837867551,8.462895484,464,15,492,29,479,521
27,1000,20,7.7,28,63,948,31,10,11,52,8.548351268,106,244,21.11264786,9.786646055,8.151134744,8.958485402,491,17,457,35,508,492
25,1000,20,7.7,28,81,942,37,15,6,58,8.58996143,87,210,21.03248214,9.421571588,7.870143103,9.284324493,468,23,474,35,491,509
32,1000,20,7.7,28,3,935,41,10,14,65,7.77142965,95,215,20.08777094,9.047586649,7.029792868,8.469864288,463,22,472,43,485,515
29,1000,20,7.7,28,67,953,26,10,11,47,8.53448114,104,222,21.14728731,9.369455862,8.078782663,8.981155885,478,17,475,30,495,505
28,1000,20,7.7,28,68,961,29,6,4,39,8.402969194,113,232,21.24316025,9.263220194,7.872010019,8.929697619,482,16,479,23,498,502
31,1000,20,7.7,28,59,963,19,7,11,37,8.067850907,105,214,21.18744432,9.527986666,7.409142626,8.671035885,462,16,501,21,478,522
26,1000,20,7.7,28,81,960,29,7,4,40,8.545892171,110,225,21.24910002,9.646188394,8.079801277,8.949373841,449,15,511,25,464,536
30,1000,20,7.7,28,60,957,26,11,6,43,8.18123787,83,202,21.1139416,9.288344954,7.861364023,8.475325341,465,14,492,29,479,521
27,1000,20,7.7,28,64,949,30,9,12,51,8.548371513,94,222,21.13288352,9.796750601,8.142261552,8.967688301,492,16,457,35,508,492
25,1000,20,7.7,28,82,942,37,16,5,58,8.603357962,105,230,21.046914,9.430845615,7.901139967,9.2807431,468,23,474,35,491,509
32,1000,20,7.7,28,4,935,39,12,14,65,7.810106631,95,236,20.1214662,9.037791033,7.092471816,8.485937476,462,23,473,42,485,515
29,1000,20,7.7,28,68,955,25,10,10,45,8.540340285,113,225,21.17574103,9.364887447,8.1088143,8.963321201,479,16,476,29,495,505
28,1000,20,7.7,28,69,960,31,6,3,40,8.410815222,101,227,21.28451039,9.307892775,7.86785158,8.949452461,482,16,478,24,498,502
31,1000,20,7.7,28,60,963,19,7,11,37,8.094838996,129,213,21.17795948,9.547361483,7.457292267,8.678646154,462,16,501,21,478,522
26,1000,20,7.7,28,82,960,29,6,5,40,8.576179317,106,224,21.24624525,9.654436249,8.101926375,8.98672664,449,15,511,25,464,536
30,1000,20,7.7,28,61,957,26,11,6,43,8.211890916,99,232,21.12114615,9.313744759,7.888494688,8.509216815,465,14,492,29,479,521
27,1000,20,7.7,28,65,949,30,10,11,51,8.565045436,101,229,21.16264384,9.812430679,8.163762529,8.979378194,492,16,457,35,508,492
25,1000,20,7.7,28,83,943,35,17,5,57,8.606292007,88,215,21.06809935,9.451621465,7.885039952,9.302038095,468,23,475,34,491,509
29,1000,20,7.7,28,69,953,27,10,10,47,8.566890336,98,222,21.19295241,9.372652395,8.120577604,9.004365192,478,17,475,30,495,505
28,1000,20,7.7,28,70,957,33,6,4,43,8.446333625,95,224,21.29958077,9.310315507,7.884924613,9.003269259,482,16,475,27,498,502
32,1000,20,7.7,28,5,935,39,12,14,65,7.807093218,103,197,20.13476478,9.064747485,7.083980671,8.488082704,462,23,473,42,485,515
31,1000,20,7.7,28,61,963,18,8,11,37,8.107010938,88,192,21.17290616,9.558864594,7.48735821,8.674432402,462,16,501,21,478,522
26,1000,20,7.7,28,83,959,29,7,5,41,8.570690029,114,197,21.25238532,9.670491002,8.074967079,8.999823329,448,16,511,25,464,536
30,1000,20,7.7,28,62,957,26,11,6,43,8.217549013,112,219,21.13231808,9.317167804,7.912050873,8.498419665,465,14,492,29,479,521
25,1000,20,7.7,28,84,942,36,16,6,58,8.636193356,111,211,21.05308575,9.44578905,7.93242161,9.315077299,468,23,474,35,491,509
27,1000,20,7.7,28,66,949,30,10,11,51,8.555292765,113,208,21.16367613,9.826436774,8.151306812,8.972416473,492,16,457,35,508,492
29,1000,20,7.7,28,70,951,29,10,10,49,8.606939485,112,201,21.20503368,9.380325274,8.160070574,9.044959506,477,18,474,31,495,505
28,1000,20,7.7,28,71,959,31,6,4,41,8.438261943,100,213,21.32512988,9.309697636,7.865558717,9.006401798,484,14,475,27,498,502
31,1000,20,7.7,28,62,963,18,8,11,37,8.13928447,94,223,21.17920054,9.568870838,7.510424861,8.715136754,462,16,501,21,478,522
26,1000,20,7.7,28,84,959,29,7,5,41,8.587153896,111,192,21.28034604,9.680895448,8.096244515,9.012120225,448,16,511,25,464,536
30,1000,20,7.7,28,63,957,26,11,6,43,8.21385632,84,221,21.14269855,9.332577418,7.885880236,8.515392873,465,14,492,29,479,521
32,1000,20,7.7,28,6,934,40,12,14,66,7.819797667,91,223,20.14540291,9.086200642,7.077919738,8.518459406,462,23,472,43,485,515
25,1000,20,7.7,28,85,941,37,15,7,59,8.686437363,91,218,21.08196038,9.447097864,7.99646164,9.352013158,468,23,473,36,491,509
27,1000,20,7.7,28,67,950,30,9,11,50,8.537426416,105,208,21.18673943,9.82979454,8.146907238,8.940645404,491,17,459,33,508,492
29,1000,20,7.7,28,71,950,29,11,10,50,8.632176458,110,237,21.21160128,9.4232869,8.208622653,9.047343059,476,19,474,31,495,505
28,1000,20,7.7,28,72,959,33,5,3,41,8.462448292,101,225,21.35054077,9.322974916,7.884010228,9.036277287,485,13,474,28,498,502
31,1000,20,7.7,28,63,962,19,8,11,38,8.149993427,95,207,21.19872018,9.598565139,7.514013937,8.732365451,461,17,501,21,478,522
26,1000,20,7.7,28,85,958,30,7,5,42,8.597170083,99,232,21.3002785,9.691851288,8.100250558,9.027339224,448,16,510,26,464,536
30,1000,20,7.7,28,64,957,27,11,5,43,8.207537117,93,229,21.15032324,9.3296966,7.875388493,8.512909844,464,15,493,28,479,521
25,1000,20,7.7,28,86,942,36,15,7,58,8.700914007,100,215,21.08811116,9.454913733,8.00747225,9.369833266,468,23,474,35,491,509
32,1000,20,7.7,28,7,935,38,13,14,65,7.893664357,96,215,20.15866961,9.107079216,7.187690631,8.558513401,463,22,472,43,485,515
27,1000,20,7.7,28,68,948,32,8,12,52,8.560719287,112,223,21.19260556,9.864563982,8.196155432,8.937138878,491,17,457,35,508,492
29,1000,20,7.7,28,72,948,30,12,10,52,8.675400422,88,235,21.22623634,9.429746455,8.257242413,9.085278075,475,20,473,32,495,505
28,1000,20,7.7,28,73,959,33,5,3,41,8.46367401,104,222,21.37038606,9.326832144,7.907266817,9.01564768,485,13,474,28,498,502
31,1000,20,7.7,28,64,962,19,8,11,38,8.171167723,96,204,21.22510043,9.604376845,7.553193387,8.737052268,461,17,501,21,478,522
30,1000,20,7.7,28,65,957,28,10,5,43,8.224322697,99,227,21.1782126,9.33690413,7.912076258,8.511397639,463,16,494,27,479,521
26,1000,20,7.7,28,86,958,30,7,5,42,8.606124066,109,225,21.32190564,9.696484423,8.088437127,9.054270969,449,15,509,27,464,536
25,1000,20,7.7,28,87,942,37,15,6,58,8.744649263,91,199,21.09662296,9.478961951,8.074688803,9.390917604,469,22,473,36,491,509
32,1000,20,7.7,28,8,936,36,14,14,64,7.921344105,101,218,20.16958755,9.112525265,7.24634058,8.557027038,463,22,473,42,485,515
27,1000,20,7.7,28,69,947,33,8,12,53,8.592214151,96,225,21.19382428,9.85641801,8.212957488,8.983804364,491,17,456,36,508,492
29,1000,20,7.7,28,73,945,33,11,11,55,8.721558062,87,205,21.25283656,9.459020891,8.330662976,9.104712651,473,22,472,33,495,505
28,1000,20,7.7,28,74,959,33,5,3,41,8.477337942,89,214,21.36920348,9.344389982,7.926059663,9.024223565,485,13,474,28,498,502
31,1000,20,7.7,28,65,962,19,8,11,38,8.16957928,96,207,21.22695719,9.595075735,7.555986753,8.731451365,461,17,501,21,478,522
30,1000,20,7.7,28,66,959,26,11,4,41,8.280064053,94,228,21.19748735,9.354887238,8.001285465,8.536369127,463,16,496,25,479,521
26,1000,20,7.7,28,87,958,30,7,5,42,8.621516195,96,219,21.31369252,9.708949139,8.12418511,9.052041612,448,16,510,26,464,536
25,1000,20,7.7,28,88,943,38,15,4,57,8.705187624,94,224,21.10974247,9.486527072,8.081201949,9.307107007,469,22,474,35,491,509
27,1000,20,7.7,28,70,946,34,8,12,54,8.635151707,107,242,21.21299102,9.863380024,8.261563046,9.020889594,491,17,455,37,508,492
29,1000,20,7.7,28,74,945,33,11,11,55,8.718431701,86,234,21.2652332,9.479753167,8.324403184,9.104657673,473,22,472,33,495,505
32,1000,20,7.7,28,9,936,36,14,14,64,7.960025913,89,193,20.1775247,9.125189656,7.2982638,8.583238776,463,22,473,42,485,515
28,1000,20,7.7,28,75,961,32,4,3,39,8.508134976,94,215,21.39874545,9.348447725,7.974768952,9.037251071,485,13,476,26,498,502
31,1000,20,7.7,28,66,962,19,8,11,38,8.157577822,113,240,21.25429589,9.599645675,7.559624722,8.705128744,461,17,501,21,478,522
30,1000,20,7.7,28,67,959,26,11,4,41,8.293870561,88,209,21.22115905,9.360493087,8.023849918,8.542123704,463,16,496,25,479,521
26,1000,20,7.7,28,88,956,32,6,6,44,8.627062402,85,218,21.31122796,9.701607235,8.113859103,9.071327943,447,17,509,27,464,536
25,1000,20,7.7,28,89,942,39,15,4,58,8.731923341,110,236,21.13568899,9.507620016,8.124282527,9.318075874,468,23,474,35,491,509
29,1000,20,7.7,28,75,943,35,11,11,57,8.740193618,96,205,21.26658082,9.488605786,8.356627172,9.116164689,472,23,471,34,495,505
27,1000,20,7.7,28,71,944,36,8,12,56,8.663157968,109,215,21.22713588,9.866312034,8.27808428,9.060754376,489,19,455,37,508,492
28,1000,20,7.7,28,76,959,34,4,3,41,8.534707524,98,210,21.40669644,9.346467513,7.966593373,9.098294868,485,13,474,28,498,502
31,1000,20,7.7,28,67,962,19,8,11,38,8.219944666,103,208,21.27143486,9.609325138,7.633118999,8.7573061,461,17,501,21,478,522
32,1000,20,7.7,28,10,935,37,14,14,65,8.003634243,102,211,20.17704587,9.135779897,7.357363428,8.612258215,462,23,473,42,485,515
30,1000,20,7.7,28,68,959,25,11,5,41,8.304871407,97,236,21.23173979,9.376649684,8.017218581,8.569335329,463,16,496,25,479,521
26,1000,20,7.7,28,89,955,33,6,6,45,8.670960311,89,230,21.33692385,9.72219848,8.150848156,9.121206654,447,17,508,28,464,536
25,1000,20,7.7,28,90,945,36,15,4,55,8.763506204,126,257,21.14117013,9.514618775,8.160032438,9.34563905,469,22,476,33,491,509
29,1000,20,7.7,28,76,945,35,10,10,55,8.771889897,102,214,21.29305111,9.509138062,8.436334796,9.100800342,472,23,473,32,495,505
27,1000,20,7.7,28,72,943,37,9,11,57,8.673141414,116,225,21.21148737,9.879844183,8.305156413,9.053093407,489,19,454,38,508,492
28,1000,20,7.7,28,77,958,34,5,3,42,8.560977001,101,199,21.4230763,9.373114352,8.022142449,9.095518051,484,14,474,28,498,502
31,1000,20,7.7,28,68,961,20,8,11,39,8.229536146,101,210,21.27666376,9.606060817,7.658749529,8.752210481,461,17,500,22,478,522
30,1000,20,7.7,28,69,959,24,12,5,41,8.297003242,110,217,21.24558413,9.372289437,8.014173805,8.557032609,463,16,496,25,479,521
26,1000,20,7.7,28,90,954,34,6,6,46,8.682558092,108,187,21.35740062,9.727502223,8.168782894,9.127318712,447,17,507,29,464,536
32,1000,20,7.7,28,11,935,37,14,14,65,7.98260954,125,211,20.16809723,9.134599852,7.352984072,8.575557796,462,23,473,42,485,515
25,1000,20,7.7,28,91,946,36,14,4,54,8.757197844,114,226,21.16438946,9.527722353,8.126553914,9.365540024,470,21,476,33,491,509
29,1000,20,7.7,28,77,945,34,11,10,55,8.782106908,96,218,21.28366022,9.528423158,8.4751883,9.08294792,472,23,473,32,495,505
28,1000,20,7.7,28,78,957,35,5,3,43,8.599435403,95,235,21.4464852,9.386543702,8.073740292,9.120941708,483,15,474,28,498,502
27,1000,20,7.7,28,73,941,38,10,11,59,8.709200051,113,200,21.23404514,9.877412597,8.357000057,9.072853704,488,20,453,39,508,492
31,1000,20,7.7,28,69,959,22,7,12,41,8.259385995,93,225,21.29877903,9.639480717,7.687265928,8.783281383,461,17,498,24,478,522
30,1000,20,7.7,28,70,960,23,12,5,40,8.309454185,100,238,21.2805567,9.380576532,8.039427754,8.55771265,463,16,497,24,479,521
26,1000,20,7.7,28,91,953,34,7,6,47,8.734960733,101,217,21.39017514,9.749125191,8.181224094,9.214314839,447,17,506,30,464,536
25,1000,20,7.7,28,92,946,36,14,4,54,8.769711159,101,214,21.15030344,9.536275111,8.135528053,9.381467358,470,21,476,33,491,509
32,1000,20,7.7,28,12,935,39,14,12,65,7.964606472,96,200,20.16136255,9.143461707,7.291089899,8.59888907,463,22,472,43,485,515
29,1000,20,7.7,28,78,945,34,11,10,55,8.801351702,96,239,21.33678697,9.542596434,8.509214428,9.08770408,472,23,473,32,495,505
28,1000,20,7.7,28,79,956,36,5,3,44,8.612900152,108,219,21.4886269,9.385648465,8.089559986,9.132070278,482,16,474,28,498,502
27,1000,20,7.7,28,74,943,35,10,12,57,8.728390757,99,216,21.24119576,9.89543777,8.419172162,9.04766524,488,20,455,37,508,492
31,1000,20,7.7,28,70,957,25,7,11,43,8.287225329,108,200,21.30510384,9.655676589,7.723837066,8.803124927,459,19,498,24,478,522
30,1000,20,7.7,28,71,960,23,12,5,40,8.375114042,90,232,21.29564306,9.430467459,8.104659978,8.623765667,463,16,497,24,479,521
26,1000,20,7.7,28,92,954,33,7,6,46,8.74140674,115,232,21.40402201,9.764494875,8.203595095,9.20697503,448,16,506,30,464,536
25,1000,20,7.7,28,93,945,36,15,4,55,8.770472912,112,225,21.17066674,9.549058878,8.130322635,9.387985263,470,21,475,34,491,509
29,1000,20,7.7,28,79,946,33,11,10,54,8.81352159,118,190,21.34327955,9.534644435,8.530907035,9.090539817,472,23,474,31,495,505
32,1000,20,7.7,28,13,935,39,14,12,65,7.989512317,89,198,20.19485734,9.131855269,7.2778023,8.659763498,464,21,471,44,485,515
28,1000,20,7.7,28,80,957,35,5,3,43,8.608022397,100,226,21.49112371,9.389151291,8.066535551,9.145194607,483,15,474,28,498,502
31,1000,20,7.7,28,71,957,25,7,11,43,8.293224164,113,226,21.3388301,9.668884546,7.73354431,8.805727938,460,18,497,25,478,522
27,1000,20,7.7,28,75,942,36,10,12,58,8.725501836,98,230,21.26948027,9.906464496,8.388900807,9.07304924,488,20,454,38,508,492
30,1000,20,7.7,28,72,960,23,12,5,40,8.383791888,112,202,21.32096562,9.454267347,8.124450911,8.622226298,463,16,497,24,479,521
26,1000,20,7.7,28,93,954,33,7,6,46,8.76966798,116,219,21.40141732,9.760204565,8.24581568,9.223152061,448,16,506,30,464,536
25,1000,20,7.7,28,94,944,35,17,4,56,8.78713142,87,221,21.15147399,9.549965156,8.167788067,9.384572651,469,22,475,34,491,509
29,1000,20,7.7,28,80,945,33,12,10,55,8.840171155,116,207,21.35331699,9.538396501,8.535432358,9.138875521,471,24,474,31,495,505
28,1000,20,7.7,28,81,958,35,5,2,42,8.628334124,102,208,21.50168406,9.39785519,8.117684539,9.134914788,483,15,475,27,498,502
31,1000,20,7.7,28,72,957,25,7,11,43,8.315331536,106,229,21.35874662,9.676221459,7.800953151,8.786352357,460,18,497,25,478,522
32,1000,20,7.7,28,14,934,40,14,12,66,7.989352003,77,199,20.19589503,9.146515979,7.300835337,8.637760903,464,21,470,45,485,515
30,1000,20,7.7,28,73,960,22,13,5,40,8.41800953,93,224,21.34389402,9.475980864,8.168942737,8.646998001,463,16,497,24,479,521
26,1000,20,7.7,28,94,954,33,7,6,46,8.811675185,105,204,21.42006265,9.763702848,8.30156881,9.253259809,448,16,506,30,464,536
27,1000,20,7.7,28,76,941,37,10,12,59,8.746192719,108,206,21.28379137,9.907082127,8.386088948,9.118007182,487,21,454,38,508,492
25,1000,20,7.7,28,95,945,35,17,3,55,8.794708491,97,211,21.16628092,9.544396593,8.188988586,9.379008045,469,22,476,33,491,509
29,1000,20,7.7,28,81,945,33,11,11,55,8.888921167,90,230,21.37955884,9.525705958,8.596907508,9.175152377,471,24,474,31,495,505
28,1000,20,7.7,28,82,959,34,5,2,41,8.626149591,105,209,21.5406859,9.400332633,8.106559358,9.141599663,484,14,475,27,498,502
31,1000,20,7.7,28,73,957,25,7,11,43,8.283996159,105,224,21.36464404,9.676924086,7.759006015,8.764734261,460,18,497,25,478,522
30,1000,20,7.7,28,74,962,21,12,5,38,8.434783509,103,209,21.36959535,9.46906083,8.209125708,8.642250086,463,16,499,22,479,521
26,1000,20,7.7,28,95,953,34,7,6,47,8.793998268,104,229,21.44514283,9.766744699,8.294741841,9.226190398,448,16,505,31,464,536
27,1000,20,7.7,28,77,941,37,11,11,59,8.735878406,94,212,21.30843256,9.922531088,8.384601443,9.098579011,487,21,454,38,508,492
32,1000,20,7.7,28,15,934,41,13,12,66,8.003775163,112,192,20.2200859,9.137071938,7.322152662,8.645691499,463,22,471,44,485,515
25,1000,20,7.7,28,96,945,32,20,3,55,8.821833493,97,224,21.17638234,9.563374215,8.20529816,9.416566004,469,22,476,33,491,509
29,1000,20,7.7,28,82,944,33,12,11,56,8.916880118,103,223,21.37940031,9.54536791,8.623545738,9.204405896,471,24,473,32,495,505
28,1000,20,7.7,28,83,956,37,5,2,44,8.634583541,115,219,21.55577582,9.396778658,8.111020774,9.153974493,483,15,473,29,498,502
31,1000,20,7.7,28,74,955,25,9,11,45,8.358117914,74,228,21.36972356,9.716854239,7.812294527,8.857933199,460,18,495,27,478,522
30,1000,20,7.7,28,75,962,22,11,5,38,8.45933409,100,230,21.4091334,9.474100167,8.228509852,8.671550617,464,15,498,23,479,521
26,1000,20,7.7,28,96,953,35,6,6,47,8.819001565,107,222,21.44267623,9.756376306,8.354388469,9.221203946,449,15,504,32,464,536
27,1000,20,7.7,28,78,941,37,11,11,59,8.773814666,102,229,21.32673664,9.906567074,8.405594567,9.154009403,487,21,454,38,508,492
25,1000,20,7.7,28,97,945,31,21,3,55,8.843437486,98,221,21.17502554,9.565744728,8.228219819,9.43689893,469,22,476,33,491,509
32,1000,20,7.7,28,16,935,40,13,12,65,8.005406426,95,202,20.22033176,9.145041402,7.319154915,8.65168212,463,22,472,43,485,515
29,1000,20,7.7,28,83,943,34,12,11,57,8.955635927,103,207,21.38626264,9.548128669,8.673225527,9.232454042,470,25,473,32,495,505
28,1000,20,7.7,28,84,954,37,7,2,46,8.670069892,102,205,21.55435726,9.426049158,8.158256251,9.177805337,482,16,472,30,498,502
31,1000,20,7.7,28,75,956,24,9,11,44,8.37529161,98,216,21.37642776,9.718753166,7.836537035,8.868633921,461,17,495,27,478,522
30,1000,20,7.7,28,76,962,22,11,5,38,8.450346428,119,182,21.4176696,9.491195801,8.244502603,8.639596317,464,15,498,23,479,521
26,1000,20,7.7,28,97,953,34,7,6,47,8.827018973,106,239,21.47071018,9.762758643,8.363467883,9.228302007,449,15,504,32,464,536
25,1000,20,7.7,28,98,946,30,20,4,54,8.835022174,104,211,21.17978241,9.580752486,8.24497675,9.404201551,469,22,477,32,491,509
27,1000,20,7.7,28,79,941,36,12,11,59,8.801033744,114,229,21.34454887,9.9070886,8.427608583,9.186602812,487,21,454,38,508,492
29,1000,20,7.7,28,84,942,36,12,10,58,8.949816999,97,219,21.40202313,9.553978724,8.632952041,9.260407403,470,25,472,33,495,505
32,1000,20,7.7,28,17,935,40,14,11,65,8.010650748,96,221,20.22365185,9.156795867,7.376751325,8.607623991,463,22,472,43,485,515
28,1000,20,7.7,28,85,953,38,7,2,47,8.682570654,97,208,21.55393125,9.444475111,8.198976075,9.162311891,482,16,471,31,498,502
31,1000,20,7.7,28,76,956,24,9,11,44,8.397476935,108,211,21.39619491,9.729677359,7.852954853,8.896100604,461,17,495,27,478,522
30,1000,20,7.7,28,77,961,22,12,5,39,8.496447051,99,219,21.43648016,9.501908036,8.287896058,8.688185872,463,16,498,23,479,521
26,1000,20,7.7,28,98,953,33,8,6,47,8.836590169,104,242,21.46417138,9.749791123,8.394236013,9.219523617,449,15,504,32,464,536
25,1000,20,7.7,28,99,947,30,18,5,53,8.876221235,92,214,21.19462722,9.58219018,8.319617579,9.41314146,469,22,478,31,491,509
27,1000,20,7.7,28,80,939,38,12,11,61,8.829589642,94,208,21.34859282,9.935239075,8.460355571,9.210831325,487,21,452,40,508,492
29,1000,20,7.7,28,85,942,35,13,10,58,9.020273428,98,233,21.39944956,9.577620363,8.699592261,9.334604472,470,25,472,33,495,505
28,1000,20,7.7,28,86,951,39,8,2,49,8.722239219,113,223,21.58259567,9.462552686,8.261095543,9.179708444,480,18,471,31,498,502
32,1000,20,7.7,28,18,937,37,15,11,63,8.043726286,82,200,20.26278302,9.154043544,7.424962586,8.626445498,464,21,473,42,485,515
31,1000,20,7.7,28,77,957,22,10,11,43,8.425366514,93,217,21.41128214,9.741765639,7.880509935,8.924296484,462,16,495,27,478,522
30,1000,20,7.7,28,78,959,23,13,5,41,8.534189231,97,215,21.45003532,9.513174894,8.304062501,8.745764478,462,17,497,24,479,521
26,1000,20,7.7,28,99,953,33,8,6,47,8.828584511,114,226,21.47883522,9.755964833,8.400491563,9.199172436,449,15,504,32,464,536
25,1000,20,7.7,28,100,947,30,18,5,53,8.890665047,94,234,21.21601748,9.599692914,8.342995192,9.418967402,469,22,478,31,491,509
27,1000,20,7.7,28,81,938,39,12,11,62,8.844935439,115,212,21.37669198,9.959376501,8.480413459,9.221311792,486,22,452,40,508,492
29,1000,20,7.7,28,86,943,34,13,10,57,9.036353765,117,222,21.43157619,9.590832961,8.69997341,9.366073123,471,24,472,33,495,505
28,1000,20,7.7,28,87,949,40,9,2,51,8.786714823,86,210,21.59411867,9.449045763,8.33682573,9.233019143,479,19,470,32,498,502
31,1000,20,7.7,28,78,957,20,10,13,43,8.476119321,98,228,21.42539686,9.756589935,7.929860869,8.976333,462,16,495,27,478,522
32,1000,20,7.7,28,19,939,36,14,11,61,8.070563229,101,211,20.28836539,9.160285363,7.467955713,8.638067394,465,20,474,41,485,515
30,1000,20,7.7,28,79,958,24,13,5,42,8.539771434,115,219,21.4885485,9.523798629,8.316687428,8.7448717,461,18,497,24,479,521
26,1000,20,7.7,28,100,951,34,9,6,49,8.859528339,98,245,21.47999651,9.771310049,8.424971644,9.235711746,448,16,503,33,464,536
25,1000,20,7.7,28,101,946,32,18,4,54,8.910918319,103,241,21.22044522,9.603335084,8.383590452,9.419598049,469,22,477,32,491,509
27,1000,20,7.7,28,82,941,37,11,11,59,8.861552796,105,226,21.37652594,9.962222295,8.525527607,9.208505633,486,22,455,37,508,492
29,1000,20,7.7,28,87,943,34,13,10,57,9.052118423,106,228,21.43493983,9.592520033,8.714981293,9.38257957,472,23,471,34,495,505
28,1000,20,7.7,28,88,949,40,9,2,51,8.821008523,104,232,21.60722633,9.455785003,8.365411036,9.272975751,480,18,469,33,498,502
31,1000,20,7.7,28,79,959,17,10,14,41,8.537311267,105,210,21.44197757,9.778747305,7.98329006,9.044633368,463,15,496,26,478,522
30,1000,20,7.7,28,80,958,23,13,6,42,8.558353668,111,207,21.50734224,9.544539822,8.363456708,8.737539164,461,18,497,24,479,521
26,1000,20,7.7,28,101,950,34,10,6,50,8.879159348,88,221,21.49153292,9.791433671,8.403832366,9.290636436,448,16,502,34,464,536
32,1000,20,7.7,28,20,940,35,14,11,60,8.094513034,101,204,20.29380424,9.155491111,7.521467542,8.634177236,465,20,475,40,485,515
25,1000,20,7.7,28,102,943,34,19,4,57,8.912758933,94,229,21.22555121,9.611230562,8.398439167,9.408890573,468,23,475,34,491,509
27,1000,20,7.7,28,83,942,34,12,12,58,8.892815118,93,234,21.39556058,9.970084554,8.567643947,9.228560961,485,23,457,35,508,492
29,1000,20,7.7,28,88,943,34,13,10,57,9.077234621,99,207,21.46662053,9.609380152,8.725180874,9.422317006,472,23,471,34,495,505
28,1000,20,7.7,28,89,949,40,9,2,51,8.801199887,119,203,21.59456916,9.486183481,8.356160139,9.242693502,480,18,469,33,498,502
31,1000,20,7.7,28,80,960,16,10,14,40,8.567670743,113,239,21.45995698,9.752439377,8.012773714,9.075794843,463,15,497,25,478,522
30,1000,20,7.7,28,81,958,23,13,6,42,8.577445104,107,222,21.53190064,9.559353838,8.432843849,8.710389444,460,19,498,23,479,521
26,1000,20,7.7,28,102,948,35,11,6,52,8.901125877,102,238,21.48911469,9.805041893,8.438587101,9.301532578,447,17,501,35,464,536
25,1000,20,7.7,28,103,943,34,18,5,57,8.932283997,112,210,21.23368403,9.609768266,8.436632664,9.410407385,468,23,475,34,491,509
32,1000,20,7.7,28,21,941,34,14,11,59,8.125899907,98,221,20.30870274,9.160597278,7.563036847,8.655974826,465,20,476,39,485,515
29,1000,20,7.7,28,89,939,37,14,10,61,9.127734687,103,234,21.47497919,9.639115358,8.794172198,9.454691978,471,24,468,37,495,505
27,1000,20,7.7,28,84,939,37,12,12,61,8.914342242,105,205,21.42491635,9.974271007,8.563828715,9.276254582,484,24,455,37,508,492
28,1000,20,7.7,28,90,946,43,8,3,54,8.852753663,91,220,21.62201037,9.49713187,8.428234981,9.273889727,478,20,468,34,498,502
31,1000,20,7.7,28,81,960,17,9,14,40,8.577776792,100,231,21.48365805,9.75952079,8.046320229,9.06443625,462,16,498,24,478,522
30,1000,20,7.7,28,82,958,23,13,6,42,8.580950777,103,204,21.52947688,9.551044062,8.436141986,8.714085922,461,18,497,24,479,521
26,1000,20,7.7,28,103,947,36,11,6,53,8.915304869,101,209,21.53721122,9.825188145,8.473288858,9.297945594,446,18,501,35,464,536
25,1000,20,7.7,28,104,943,35,17,5,57,8.91553268,107,221,21.26443005,9.633146691,8.44192372,9.37239319,467,24,476,33,491,509
33,1000,20,7.7,28,0,948,28,14,10,52,7.001,99,205,19.91269539,8.714175536,6.282608696,7.736842105,490,16,458,36,506,494
29,1000,20,7.7,28,90,936,40,15,9,64,9.171969072,112,209,21.49486423,9.639766441,8.882996647,9.455219271,469,26,467,38,495,505
32,1000,20,7.7,28,22,943,32,13,12,57,8.137482142,110,235,20.31975273,9.172679559,7.577420248,8.664919072,465,20,478,37,485,515
28,1000,20,7.7,28,91,945,44,8,3,55,8.884315933,95,244,21.6407829,9.498751861,8.482483379,9.282946634,478,20,467,35,498,502
27,1000,20,7.7,28,85,938,38,13,11,62,8.943189852,106,196,21.44003558,9.9932385,8.609115776,9.288128126,483,25,455,37,508,492
31,1000,20,7.7,28,82,961,16,9,14,39,8.604060832,101,215,21.47845583,9.763748452,8.059370249,9.102838798,462,16,499,23,478,522
30,1000,20,7.7,28,83,958,23,13,6,42,8.596045162,94,223,21.54819674,9.561967454,8.46263653,8.718699163,461,18,497,24,479,521
26,1000,20,7.7,28,104,948,36,11,5,52,8.921573678,85,224,21.5626481,9.835971148,8.490855444,9.29443424,446,18,502,34,464,536
34,1000,20,7.7,28,0,941,30,15,14,59,7.162,102,200,20.0470976,8.80629988,6.338842975,7.934108527,468,16,473,43,484,516
33,1000,20,7.7,28,1,949,28,13,10,51,7.045449791,82,190,19.93407982,8.715376516,6.334786648,7.773376006,491,15,458,36,506,494
29,1000,20,7.7,28,91,935,41,15,9,65,9.174952534,95,228,21.52795355,9.631933648,8.883265201,9.460863881,469,26,466,39,495,505
28,1000,20,7.7,28,92,947,42,8,3,53,8.86795368,91,221,21.66496937,9.500136865,8.458135303,9.274506572,479,19,468,34,498,502
27,1000,20,7.7,28,86,937,40,13,10,63,8.943411484,100,213,21.45711234,9.98492413,8.613522083,9.284028995,482,26,455,37,508,492
32,1000,20,7.7,28,23,943,33,13,11,57,8.16438629,92,226,20.32495851,9.178814065,7.619635901,8.677403647,465,20,478,37,485,515
31,1000,20,7.7,28,83,960,16,9,15,40,8.643024771,94,241,21.50199314,9.774577193,8.104962873,9.135732793,462,16,498,24,478,522
30,1000,20,7.7,28,84,960,22,13,5,40,8.59330831,91,216,21.56451894,9.552896869,8.445776627,8.728946844,462,17,498,23,479,521
34,1000,20,7.7,28,1,941,30,15,14,59,7.21513679,96,197,20.0797296,8.813133013,6.402350502,7.977517727,468,16,473,43,484,516
33,1000,20,7.7,28,2,950,25,15,10,50,7.080694492,92,226,19.95732229,8.723451041,6.36001521,7.818880154,492,14,458,36,506,494
29,1000,20,7.7,28,92,935,41,15,9,65,9.196823987,107,215,21.55293536,9.63188266,8.937049758,9.451454171,469,26,466,39,495,505
28,1000,20,7.7,28,93,947,42,8,3,53,8.88418366,97,232,21.6717078,9.520353685,8.500861956,9.264451008,478,20,469,33,498,502
31,1000,20,7.7,28,84,961,16,9,14,39,8.647288371,125,213,21.50801273,9.789641776,8.093718269,9.154197391,462,16,499,23,478,522
27,1000,20,7.7,28,87,937,40,13,10,63,8.92417306,117,228,21.47175873,10.0045885,8.598861779,9.260063569,482,26,455,37,508,492
30,1000,20,7.7,28,85,959,23,13,5,41,8.640781448,91,224,21.58745512,9.553473083,8.467653014,8.79995327,462,17,497,24,479,521
32,1000,20,7.7,28,24,944,32,13,11,56,8.15098881,95,224,20.34250798,9.177499795,7.58021252,8.688515997,466,19,478,37,485,515
34,1000,20,7.7,28,2,946,26,14,14,54,7.2176753,97,219,20.09326871,8.821412762,6.436987693,7.949948172,469,15,477,39,484,516
33,1000,20,7.7,28,3,950,25,14,11,50,7.121406764,89,222,19.9665168,8.708008153,6.382856009,7.877898024,492,14,458,36,506,494
29,1000,20,7.7,28,93,934,42,15,9,66,9.229121944,108,216,21.57681726,9.651381993,8.982803645,9.470562652,469,26,465,40,495,505
28,1000,20,7.7,28,94,946,42,9,3,54,8.903319201,107,216,21.67708888,9.532401669,8.531740454,9.271937161,477,21,469,33,498,502
31,1000,20,7.7,28,85,961,16,9,14,39,8.665204604,107,220,21.52872136,9.792159907,8.158797314,9.128926223,462,16,499,23,478,522
27,1000,20,7.7,28,88,936,39,15,10,64,8.92582372,113,218,21.48180333,9.99908066,8.602851481,9.259299122,482,26,454,38,508,492
30,1000,20,7.7,28,86,957,25,13,5,43,8.667485808,79,232,21.61733917,9.556838446,8.512729689,8.809766385,461,18,496,25,479,521
32,1000,20,7.7,28,25,945,32,12,11,55,8.176826479,117,199,20.3678894,9.190657451,7.604843712,8.715489862,466,19,479,36,485,515
34,1000,20,7.7,28,3,948,25,13,14,52,7.197262749,103,215,20.09337402,8.845347523,6.415263544,7.93076588,470,14,478,38,484,516
29,1000,20,7.7,28,94,935,40,16,9,65,9.266626619,107,229,21.60443991,9.666601583,9.02945944,9.499097419,469,26,466,39,495,505
28,1000,20,7.7,28,95,945,43,9,3,55,8.965726177,112,245,21.70214675,9.527184311,8.57541143,9.352930846,477,21,468,34,498,502
33,1000,20,7.7,28,4,952,24,14,10,48,7.140834531,99,195,20.00156117,8.70728096,6.428406573,7.870568433,493,13,459,35,506,494
31,1000,20,7.7,28,86,959,18,9,14,41,8.69522937,108,206,21.52774478,9.795005912,8.189242193,9.158566286,461,17,498,24,478,522
30,1000,20,7.7,28,87,955,27,13,5,45,8.696630135,103,200,21.64804161,9.56886788,8.542331489,8.838490119,460,19,495,26,479,521
27,1000,20,7.7,28,89,937,38,15,10,63,8.949851127,102,220,21.50699456,10.01511181,8.596303904,9.31489582,483,25,454,38,508,492
32,1000,20,7.7,28,26,943,33,13,11,57,8.191962631,93,223,20.39273693,9.184616616,7.615667532,8.734687142,465,20,478,37,485,515
29,1000,20,7.7,28,95,936,39,15,10,64,9.265129177,102,212,21.61777368,9.665129814,9.033420654,9.492249413,470,25,466,39,495,505
34,1000,20,7.7,28,4,949,24,13,14,51,7.245934074,98,193,20.10056597,8.848434929,6.471364717,7.972468122,471,13,478,38,484,516
28,1000,20,7.7,28,96,944,44,9,3,56,8.982966254,103,211,21.71024186,9.540269772,8.623915772,9.339155777,477,21,467,35,498,502
33,1000,20,7.7,28,5,951,25,14,10,49,7.174780999,94,216,20.00990834,8.707583067,6.485038678,7.881278194,492,14,459,35,506,494
31,1000,20,7.7,28,87,958,19,9,14,42,8.723829714,95,216,21.53757193,9.81048264,8.189985133,9.212675901,461,17,497,25,478,522
30,1000,20,7.7,28,88,955,26,13,6,45,8.705150065,113,210,21.6579165,9.561194789,8.545343073,8.852074343,460,19,495,26,479,521
27,1000,20,7.7,28,90,937,38,15,10,63,8.980891093,101,237,21.49905392,10.00293826,8.583580706,9.391122143,483,25,454,38,508,492
29,1000,20,7.7,28,96,935,40,15,10,65,9.285448044,93,209,21.65324888,9.674971403,9.048418389,9.517784043,470,25,465,40,495,505
34,1000,20,7.7,28,5,949,24,13,14,51,7.281661408,95,192,20.13435076,8.839612448,6.514877139,8.000893163,471,13,478,38,484,516
28,1000,20,7.7,28,97,945,43,9,3,55,8.9504979,91,193,21.7181699,9.544691511,8.564334883,9.333583922,478,20,467,35,498,502
32,1000,20,7.7,28,27,942,34,13,11,58,8.233214427,90,203,20.39194239,9.194473499,7.682994865,8.751382364,464,21,478,37,485,515
31,1000,20,7.7,28,88,954,22,10,14,46,8.776428995,93,204,21.54314746,9.8225829,8.212363925,9.29294835,459,19,495,27,478,522
33,1000,20,7.7,28,6,951,25,14,10,49,7.205532368,99,217,20.03427978,8.709406547,6.501021663,7.927156694,492,14,459,35,506,494
30,1000,20,7.7,28,89,955,26,13,6,45,8.75167273,78,230,21.67187214,9.562708808,8.617585999,8.874950167,460,19,495,26,479,521
27,1000,20,7.7,28,91,937,38,15,10,63,8.959602927,111,221,21.52709594,10.0061808,8.608308981,9.322321066,483,25,454,38,508,492
34,1000,20,7.7,28,6,953,21,12,14,47,7.263251602,91,205,20.16519563,8.841252782,6.48576463,7.992522329,474,10,479,37,484,516
29,1000,20,7.7,28,97,935,40,15,10,65,9.2821316,96,210,21.67707127,9.668582079,9.053610822,9.506127213,470,25,465,40,495,505
28,1000,20,7.7,28,98,945,43,9,3,55,8.977377907,98,221,21.73783315,9.56017133,8.601718271,9.350044239,478,20,467,35,498,502
31,1000,20,7.7,28,89,953,23,10,14,47,8.819101309,98,216,21.55762109,9.829942218,8.280377043,9.312415867,459,19,494,28,478,522
32,1000,20,7.7,28,28,941,35,13,11,59,8.249715058,103,209,20.41189223,9.198265474,7.661389035,8.803769661,465,20,476,39,485,515
33,1000,20,7.7,28,7,949,27,14,10,51,7.209461981,96,208,20.03719374,8.711452325,6.494270921,7.942026103,492,14,457,37,506,494
30,1000,20,7.7,28,90,955,26,13,6,45,8.772054061,109,231,21.68291575,9.567277083,8.614772578,8.916656422,460,19,495,26,479,521
27,1000,20,7.7,28,92,937,38,15,10,63,8.986848683,110,240,21.54673118,10.00486736,8.618555434,9.367118947,483,25,454,38,508,492
34,1000,20,7.7,28,7,952,22,12,14,48,7.260704755,95,226,20.16827792,8.851583017,6.488184505,7.985316772,473,11,479,37,484,516
29,1000,20,7.7,28,98,935,40,14,11,65,9.307720367,92,226,21.68009217,9.673752309,9.098057163,9.513231824,469,26,466,39,495,505
28,1000,20,7.7,28,99,946,41,10,3,54,8.980924599,121,219,21.74061924,9.559137106,8.629278828,9.329768412,478,20,468,34,498,502
31,1000,20,7.7,28,90,952,24,10,14,48,8.817632023,111,224,21.58039814,9.854115633,8.267630384,9.32127337,459,19,493,29,478,522
30,1000,20,7.7,28,91,954,27,13,6,46,8.788988196,97,219,21.67843993,9.573307441,8.621904924,8.942602182,459,20,495,26,479,521
33,1000,20,7.7,28,8,951,25,14,10,49,7.225554478,98,205,20.06800324,8.72147082,6.547125865,7.920463138,492,14,459,35,506,494
32,1000,20,7.7,28,29,941,35,13,11,59,8.272300944,91,216,20.42791451,9.197929309,7.702867035,8.808563945,465,20,476,39,485,515
27,1000,20,7.7,28,93,938,38,14,10,62,9.009135458,106,219,21.54720974,10.01557952,8.651190381,9.378721026,483,25,455,37,508,492
34,1000,20,7.7,28,8,952,22,12,14,48,7.295994866,92,201,20.19382353,8.862383537,6.501112752,8.041581964,474,10,478,38,484,516
29,1000,20,7.7,28,99,936,41,13,10,64,9.287682964,112,223,21.70461639,9.692565988,9.045498223,9.525071968,470,25,466,39,495,505
28,1000,20,7.7,28,100,945,41,11,3,55,9.051142664,83,266,21.7453225,9.548428039,8.693581477,9.405854757,477,21,468,34,498,502
31,1000,20,7.7,28,91,952,24,11,13,48,8.815117194,101,224,21.59667525,9.859037007,8.265987617,9.317959986,459,19,493,29,478,522
30,1000,20,7.7,28,92,956,25,13,6,44,8.793815904,101,239,21.69014103,9.565922351,8.617644151,8.955785712,460,19,496,25,479,521
33,1000,20,7.7,28,9,950,25,15,10,50,7.242936327,109,200,20.11116549,8.724220583,6.575297438,7.926793165,492,14,458,36,506,494
32,1000,20,7.7,28,30,941,35,13,11,59,8.275010493,94,197,20.45103357,9.195857399,7.696556785,8.819767869,465,20,476,39,485,515
27,1000,20,7.7,28,94,937,39,14,10,63,9.030775753,98,235,21.54615777,10.02221226,8.667233254,9.406140771,483,25,454,38,508,492
34,1000,20,7.7,28,9,956,18,12,14,44,7.292526642,102,198,20.20245889,8.864206026,6.555499743,7.983846446,474,10,482,34,484,516
29,1000,20,7.7,28,100,935,43,13,9,65,9.28768108,112,221,21.7305964,9.715083689,9.085145074,9.486206471,468,27,467,38,495,505
28,1000,20,7.7,28,101,944,42,11,3,56,9.082255173,96,231,21.77621241,9.537033595,8.716186137,9.445407324,476,22,468,34,498,502
31,1000,20,7.7,28,92,952,24,11,13,48,8.849973093,96,223,21.6015659,9.872115277,8.262470919,9.387954011,459,19,493,29,478,522
30,1000,20,7.7,28,93,955,27,13,5,45,8.800804248,115,238,21.69164582,9.587665186,8.617698804,8.969148793,460,19,495,26,479,521
33,1000,20,7.7,28,10,951,24,15,10,49,7.286637136,110,196,20.1264367,8.726107061,6.575834411,8.014706325,494,12,457,37,506,494
34,1000,20,7.7,28,10,957,17,12,14,43,7.338658467,102,219,20.22002288,8.862684656,6.574215047,8.055694542,475,9,482,34,484,516
27,1000,20,7.7,28,95,936,40,14,10,64,9.060852943,99,227,21.55615929,10.02957322,8.685045834,9.448881422,482,26,454,38,508,492
32,1000,20,7.7,28,31,943,34,13,10,57,8.26026116,100,217,20.44310865,9.194131834,7.686003543,8.801066877,466,19,477,38,485,515
29,1000,20,7.7,28,101,935,44,12,9,65,9.286503889,87,221,21.74573352,9.727827795,9.098985016,9.470309516,467,28,468,37,495,505
28,1000,20,7.7,28,102,942,42,12,4,58,9.138181833,98,229,21.77805457,9.545960048,8.739148072,9.534036043,476,22,466,36,498,502
31,1000,20,7.7,28,93,952,24,11,13,48,8.890873348,105,227,21.62243114,9.910904429,8.324773639,9.409255839,459,19,493,29,478,522
30,1000,20,7.7,28,94,956,26,13,5,44,8.796487491,114,233,21.71841324,9.601500394,8.596997421,8.979895828,461,18,495,26,479,521
33,1000,20,7.7,28,11,954,24,12,10,46,7.312618835,85,208,20.1511378,8.714030222,6.630442019,8.011366748,495,11,459,35,506,494
34,1000,20,7.7,28,11,956,19,12,13,44,7.376384027,90,219,20.23432764,8.8613141,6.618093263,8.087649008,473,11,483,33,484,516
27,1000,20,7.7,28,96,936,39,15,10,64,9.067512038,101,217,21.55448078,10.04452657,8.726332313,9.419787039,482,26,454,38,508,492
29,1000,20,7.7,28,102,934,43,14,9,66,9.302402257,112,212,21.74188217,9.753128715,9.085180653,9.515322442,468,27,466,39,495,505
28,1000,20,7.7,28,103,943,42,11,4,57,9.141652354,98,233,21.79332548,9.534195774,8.754736194,9.525485516,476,22,467,35,498,502
32,1000,20,7.7,28,32,945,32,13,10,55,8.30979516,89,188,20.45651169,9.214895934,7.786469461,8.802635868,466,19,479,36,485,515
31,1000,20,7.7,28,94,952,23,12,13,48,8.929160077,108,224,21.61786079,9.919835016,8.40527682,9.408884592,459,19,493,29,478,522
30,1000,20,7.7,28,95,955,27,13,5,45,8.818165704,80,229,21.74872867,9.61500361,8.641542845,8.980550252,460,19,495,26,479,521
33,1000,20,7.7,28,12,954,24,13,9,46,7.307921816,105,205,20.13807548,8.72533519,6.657870114,7.973764248,495,11,459,35,506,494
34,1000,20,7.7,28,12,958,19,10,13,42,7.355825854,101,196,20.25847658,8.874305647,6.588156899,8.075887432,474,10,484,32,484,516
29,1000,20,7.7,28,103,934,42,15,9,66,9.304655832,111,208,21.75897656,9.750763007,9.05758062,9.546838465,468,27,466,39,495,505
28,1000,20,7.7,28,104,942,43,11,4,58,9.174638502,105,219,21.81587002,9.546342518,8.777927535,9.568188425,475,23,467,35,498,502
27,1000,20,7.7,28,97,936,39,15,10,64,9.098150388,86,221,21.57989167,10.05366285,8.77807361,9.428636168,481,27,455,37,508,492
35,1000,20,7.7,28,0,941,30,13,16,59,7.408,96,179,20.01192326,9.033668215,6.673553719,8.096899225,464,20,477,39,484,516
31,1000,20,7.7,28,95,952,24,10,14,48,8.926420422,111,204,21.63392393,9.926810956,8.378119767,9.428504163,459,19,493,29,478,522
30,1000,20,7.7,28,96,955,27,13,5,45,8.824974246,99,232,21.73453149,9.649077038,8.646937804,8.988658421,460,19,495,26,479,521
32,1000,20,7.7,28,33,946,32,13,9,54,8.332254863,106,208,20.47018849,9.239612794,7.789814189,8.843097052,466,19,480,35,485,515
34,1000,20,7.7,28,13,960,19,11,10,40,7.306076047,82,187,20.2602135,8.883562494,6.585732083,7.981747518,474,10,486,30,484,516
33,1000,20,7.7,28,13,954,23,14,9,46,7.340246897,102,207,20.15018121,8.72682761,6.687036148,8.009325113,495,11,459,35,506,494
29,1000,20,7.7,28,104,933,43,15,9,67,9.310015244,110,230,21.77114058,9.760185102,9.105174381,9.510799853,467,28,466,39,495,505
36,1000,20,7.7,28,0,945,26,15,14,55,6.992,95,205,19.92431888,8.862052562,6.280412371,7.662135922,468,17,477,38,485,515
27,1000,20,7.7,28,98,935,40,15,10,65,9.142512202,115,213,21.61512934,10.06706713,8.856061176,9.438278709,480,28,455,37,508,492
35,1000,20,7.7,28,1,943,30,11,16,57,7.416955182,107,206,20.01915273,9.026394177,6.692597156,8.09639178,465,19,478,38,484,516
31,1000,20,7.7,28,96,951,24,11,14,49,8.944361536,107,228,21.65671741,9.929513285,8.389384676,9.452558737,458,20,493,29,478,522
30,1000,20,7.7,28,97,952,30,14,4,48,8.837105442,102,204,21.75534983,9.637080563,8.683105215,8.978691064,458,21,494,27,479,521
32,1000,20,7.7,28,34,946,32,13,9,54,8.357545575,96,205,20.50461561,9.225980591,7.842442127,8.842642997,466,19,480,35,485,515
34,1000,20,7.7,28,14,958,19,13,10,42,7.344468764,87,193,20.28082314,8.88714158,6.645040847,8.000521307,474,10,484,32,484,516
33,1000,20,7.7,28,14,954,23,14,9,46,7.377900246,82,204,20.160693,8.72155418,6.723097956,8.048608664,496,10,458,36,506,494
36,1000,20,7.7,28,1,946,24,15,15,54,7.005239882,93,207,19.9372675,8.852081693,6.311670192,7.658407454,469,16,477,38,485,515
27,1000,20,7.7,28,99,935,39,16,10,65,9.164096648,126,193,21.619602,10.06951823,8.849442498,9.488983453,480,28,455,37,508,492
35,1000,20,7.7,28,2,944,30,11,15,56,7.428094661,95,211,20.0247284,9.030555024,6.666442401,8.142512672,466,18,478,38,484,516
31,1000,20,7.7,28,97,951,25,11,13,49,8.924040839,97,216,21.66641493,9.92589763,8.419707226,9.385863573,458,20,493,29,478,522
30,1000,20,7.7,28,98,952,29,15,4,48,8.842425825,107,242,21.77557376,9.642596806,8.67643344,8.995036866,458,21,494,27,479,521
34,1000,20,7.7,28,15,961,17,13,9,39,7.34040079,96,186,20.28006943,8.892360764,6.692846718,7.947796469,474,10,487,29,484,516
32,1000,20,7.7,28,35,945,33,13,9,55,8.366742671,98,174,20.49525003,9.233435528,7.861763492,8.842305587,466,19,479,36,485,515
33,1000,20,7.7,28,15,952,25,14,9,48,7.410585314,82,207,20.17846916,8.706693793,6.763079219,8.073820302,494,12,458,36,506,494
35,1000,20,7.7,28,3,943,31,11,15,57,7.465229136,96,217,20.04132581,9.036871923,6.711748939,8.171981879,465,19,478,38,484,516
36,1000,20,7.7,28,2,946,25,14,15,54,7.022879345,91,195,19.95069442,8.8505751,6.31248407,7.691892371,468,17,478,37,485,515
27,1000,20,7.7,28,100,935,39,16,10,65,9.193575209,123,215,21.63001377,10.07120903,8.926387473,9.469451977,480,28,455,37,508,492
31,1000,20,7.7,28,98,951,25,11,13,49,8.98052851,97,265,21.68186803,9.927833212,8.504649626,9.416294997,458,20,493,29,478,522
30,1000,20,7.7,28,99,950,31,15,4,50,8.868498292,103,215,21.79086398,9.63975521,8.712266117,9.012135935,456,23,494,27,479,521
34,1000,20,7.7,28,16,960,18,13,9,40,7.363974258,102,211,20.276059,8.937798244,6.705488368,7.981623814,474,10,486,30,484,516
32,1000,20,7.7,28,36,945,32,12,11,55,8.419917427,96,192,20.49969768,9.256030442,7.928307509,8.882889873,465,20,480,35,485,515
33,1000,20,7.7,28,16,953,24,14,9,47,7.444843886,81,203,20.21120273,8.705296721,6.789466962,8.116140897,494,12,459,35,506,494
35,1000,20,7.7,28,4,945,29,11,15,55,7.453141999,101,213,20.03349693,9.041246744,6.710065355,8.150136369,467,17,478,38,484,516
31,1000,20,7.7,28,99,951,25,11,13,49,8.992476931,110,222,21.67786304,9.937370756,8.507090152,9.436949882,458,20,493,29,478,522
36,1000,20,7.7,28,3,945,25,15,15,55,7.063586688,100,201,19.94913666,8.863907386,6.366693547,7.719884111,468,17,477,38,485,515
27,1000,20,7.7,28,101,935,40,16,9,65,9.188900991,110,205,21.65431044,10.07540296,8.939517753,9.446394252,480,28,455,37,508,492
30,1000,20,7.7,28,100,950,31,15,4,50,8.875759853,101,220,21.79869073,9.645542374,8.687717595,9.048643233,456,23,494,27,479,521
34,1000,20,7.7,28,17,960,18,13,9,40,7.384363024,80,208,20.29759017,8.939496827,6.713669588,8.013463068,474,10,486,30,484,516
35,1000,20,7.7,28,5,946,29,12,13,54,7.470527715,89,225,20.04090902,9.05066046,6.803232636,8.096440154,467,17,479,37,484,516
33,1000,20,7.7,28,17,955,23,13,9,45,7.445755312,88,238,20.22092634,8.7142045,6.825116781,8.081470083,494,12,461,33,506,494
31,1000,20,7.7,28,100,951,25,10,14,49,8.997732041,118,193,21.69601032,9.960707505,8.51278938,9.44179831,457,21,494,28,478,522
30,1000,20,7.7,28,101,949,32,14,5,51,8.917584809,104,230,21.78492596,9.660693582,8.745406866,9.075882764,455,24,494,27,479,521
32,1000,20,7.7,28,37,946,33,12,9,54,8.45106526,92,219,20.49613624,9.275818291,7.945298549,8.927369833,467,18,479,36,485,515
27,1000,20,7.7,28,102,935,39,16,10,65,9.210168689,105,204,21.65286124,10.05967276,8.953915762,9.474755044,481,27,454,38,508,492
36,1000,20,7.7,28,4,945,26,14,15,55,7.072470689,91,207,19.96461474,8.860728693,6.389213479,7.715926508,468,17,477,38,485,515
34,1000,20,7.7,28,18,959,19,13,9,41,7.421401306,108,197,20.32449481,8.951028429,6.769115643,8.033235145,474,10,485,31,484,516
35,1000,20,7.7,28,6,947,28,12,13,53,7.494430404,84,230,20.05549558,9.089857104,6.821631525,8.12550532,467,17,480,36,484,516
31,1000,20,7.7,28,101,949,26,11,14,51,9.0097469,107,221,21.70381103,9.96041044,8.538358956,9.441400994,455,23,494,28,478,522
30,1000,20,7.7,28,102,948,33,14,5,52,8.938976011,106,204,21.79445791,9.669424259,8.762133229,9.101562753,455,24,493,28,479,521
33,1000,20,7.7,28,18,955,23,13,9,45,7.447045566,108,210,20.23492482,8.720971713,6.855354015,8.05311019,494,12,461,33,506,494
27,1000,20,7.7,28,103,936,38,16,10,64,9.204275044,110,213,21.65084808,10.07193631,8.955167825,9.461483311,482,26,454,38,508,492
36,1000,20,7.7,28,5,945,26,14,15,55,7.097477811,98,216,19.96746694,8.854082089,6.390524424,7.763249447,468,17,477,38,485,515
32,1000,20,7.7,28,38,949,32,10,9,51,8.429397396,107,219,20.48759538,9.295997757,7.917761781,8.911228995,468,17,481,34,485,515
34,1000,20,7.7,28,19,958,20,14,8,42,7.416414732,98,225,20.34506517,8.958705788,6.754971913,8.036837842,473,11,485,31,484,516
35,1000,20,7.7,28,7,946,29,12,13,54,7.520824694,98,211,20.07643924,9.098738558,6.861854262,8.138928743,465,19,481,35,484,516
31,1000,20,7.7,28,102,948,27,11,14,52,9.035992976,104,227,21.71147876,9.990667063,8.5713233,9.461495093,454,24,494,28,478,522
30,1000,20,7.7,28,103,948,33,14,5,52,8.946660779,106,213,21.81940859,9.671704441,8.783639731,9.096540016,455,24,493,28,479,521
33,1000,20,7.7,28,19,955,23,13,9,45,7.505459882,81,202,20.25961273,8.729015978,6.923337566,8.101722822,494,12,461,33,506,494
27,1000,20,7.7,28,104,936,37,17,10,64,9.223293864,96,199,21.67502192,10.07416751,8.977212453,9.477377923,482,26,454,38,508,492
37,1000,20,7.7,28,0,946,32,10,12,54,7.04,82,216,20.23600312,8.651744465,5.654736842,8.293333333,457,18,489,36,475,525
36,1000,20,7.7,28,6,946,25,14,15,54,7.124329413,90,184,19.98446024,8.836235459,6.420328802,7.787320281,469,16,477,38,485,515
32,1000,20,7.7,28,39,949,33,10,8,51,8.437984106,99,203,20.49464951,9.313397292,7.938491231,8.908380309,468,17,481,34,485,515
34,1000,20,7.7,28,20,958,20,14,8,42,7.468772616,107,208,20.35922344,8.977218995,6.753038346,8.140120265,474,10,484,32,484,516
35,1000,20,7.7,28,8,947,29,12,12,53,7.520384942,116,202,20.08592485,9.113123466,6.86427662,8.135804376,466,18,481,35,484,516
31,1000,20,7.7,28,103,948,28,10,14,52,9.045894414,99,221,21.72670576,9.993103449,8.575555963,9.476587479,454,24,494,28,478,522
30,1000,20,7.7,28,104,945,36,14,5,55,9.022404795,101,207,21.83376019,9.669867191,8.883783462,9.14985128,453,26,492,29,479,521
38,1000,20,7.7,28,0,945,29,12,14,55,7.007,91,217,19.97969883,8.794101133,6.241779497,7.826086957,492,25,453,30,517,483
33,1000,20,7.7,28,20,955,24,12,9,45,7.54658796,89,209,20.29009472,8.736469083,6.982441811,8.124438065,494,12,461,33,506,494
34,1000,20,7.7,28,21,957,20,15,8,43,7.505032477,97,207,20.39366163,8.96855556,6.80870284,8.158178881,473,11,484,32,484,516
36,1000,20,7.7,28,7,947,24,14,15,53,7.136101731,101,225,20.00176635,8.840066333,6.429381612,7.801653688,469,16,478,37,485,515
37,1000,20,7.7,28,1,947,32,9,12,53,7.054412409,88,193,20.24722846,8.653248046,5.665179765,8.311337183,457,18,490,35,475,525
32,1000,20,7.7,28,40,949,33,10,8,51,8.473613467,96,204,20.52633298,9.336482153,7.94807278,8.968540134,468,17,481,34,485,515
35,1000,20,7.7,28,9,945,32,11,12,55,7.531915729,80,187,20.08942935,9.133079364,6.850470296,8.171100981,465,19,480,36,484,516
31,1000,20,7.7,28,104,947,28,11,14,53,9.095166537,102,213,21.74468616,9.991926173,8.632964451,9.518409059,454,24,493,29,478,522
39,1000,20,7.7,28,0,941,31,11,17,59,7.31,97,192,19.64405564,8.875661184,6.114822547,8.408829175,463,16,478,43,479,521
38,1000,20,7.7,28,1,945,29,12,14,55,7.055906968,83,218,19.99904349,8.8255249,6.298425958,7.866709622,492,25,453,30,517,483
33,1000,20,7.7,28,21,954,25,12,9,46,7.562906552,83,217,20.31966382,8.741941238,6.999278175,8.140226306,493,13,461,33,506,494
34,1000,20,7.7,28,22,956,22,15,7,44,7.519701461,97,203,20.40875981,8.985690303,6.83374287,8.163119985,473,11,483,33,484,516
36,1000,20,7.7,28,8,947,24,14,15,53,7.15238057,108,186,20.01604808,8.839223836,6.533622484,7.735094495,468,17,479,36,485,515
37,1000,20,7.7,28,2,947,33,9,11,53,7.095292252,103,205,20.2632613,8.671896291,5.69588205,8.361425292,457,18,490,35,475,525
35,1000,20,7.7,28,10,945,32,11,12,55,7.578673079,97,208,20.09477978,9.128959805,6.895454697,8.21952133,464,20,481,35,484,516
32,1000,20,7.7,28,41,948,34,10,8,52,8.479709056,85,210,20.5358188,9.348506503,7.99055231,8.940371233,467,18,481,34,485,515
39,1000,20,7.7,28,1,941,31,11,17,59,7.337500255,96,201,19.65598834,8.879938863,6.114512132,8.461898165,463,16,478,43,479,521
38,1000,20,7.7,28,2,945,29,12,14,55,7.091808456,94,192,20.02354739,8.824760565,6.361863487,7.873136715,492,25,453,30,517,483
34,1000,20,7.7,28,23,958,21,13,8,42,7.539889102,84,230,20.39486469,8.986669479,6.837755537,8.198479501,474,10,484,32,484,516
33,1000,20,7.7,28,22,953,26,12,9,47,7.588784371,85,224,20.34293452,8.733773809,7.026053833,8.165184477,492,14,461,33,506,494
36,1000,20,7.7,28,9,950,23,12,15,50,7.170799444,81,204,20.01496022,8.858985755,6.535472203,7.769117331,469,16,481,34,485,515
37,1000,20,7.7,28,3,947,33,8,12,53,7.141360352,86,213,20.29567762,8.664636469,5.716620703,8.430410511,457,18,490,35,475,525
35,1000,20,7.7,28,11,946,31,11,12,54,7.608807174,102,218,20.09359625,9.124675847,6.90035868,8.273320878,465,19,481,35,484,516
32,1000,20,7.7,28,42,949,34,9,8,51,8.460645082,112,204,20.52849776,9.335252443,7.973171896,8.919721772,467,18,482,33,485,515
39,1000,20,7.7,28,2,942,29,12,17,58,7.380142194,84,230,19.68082768,8.885584557,6.177238998,8.486074307,463,16,479,42,479,521
34,1000,20,7.7,28,24,958,21,13,8,42,7.563531266,85,192,20.40336757,8.971767844,6.8901822,8.195122251,474,10,484,32,484,516
38,1000,20,7.7,28,3,945,28,13,14,55,7.105584446,70,226,20.03699998,8.84141533,6.359995196,7.90365824,493,24,452,31,517,483
33,1000,20,7.7,28,23,953,25,12,10,47,7.622162472,86,230,20.36482423,8.753481997,7.044169531,8.214195728,492,14,461,33,506,494
36,1000,20,7.7,28,10,949,24,12,15,51,7.214746273,90,188,20.02609723,8.870568139,6.588557565,7.804457969,469,16,480,35,485,515
37,1000,20,7.7,28,4,947,33,9,11,53,7.176482759,79,211,20.30530376,8.675580295,5.748134954,8.468797439,457,18,490,35,475,525
35,1000,20,7.7,28,12,948,30,10,12,52,7.60870721,99,218,20.10334944,9.134172108,6.938507857,8.237343812,465,19,483,33,484,516
39,1000,20,7.7,28,3,944,28,11,17,56,7.384006903,90,189,19.69657735,8.866233799,6.21289142,8.460713845,464,15,480,41,479,521
34,1000,20,7.7,28,25,959,20,13,8,41,7.622210627,103,225,20.43962621,8.991631196,6.958418151,8.244837679,474,10,485,31,484,516
32,1000,20,7.7,28,43,949,33,10,8,51,8.492758438,90,191,20.54542781,9.333582816,8.003905749,8.95313427,467,18,482,33,485,515
38,1000,20,7.7,28,4,946,27,13,14,54,7.136800049,96,207,20.03109487,8.846873646,6.373793059,7.953517676,493,24,453,30,517,483
33,1000,20,7.7,28,24,954,24,12,10,46,7.642213658,97,211,20.38282082,8.787149231,7.056858233,8.241788242,493,13,461,33,506,494
36,1000,20,7.7,28,11,951,22,12,15,49,7.204759093,87,188,20.04880749,8.90273998,6.592057323,7.781769498,469,16,482,33,485,515
37,1000,20,7.7,28,5,949,31,9,11,51,7.215775373,99,209,20.31756222,8.684421065,5.804054352,8.493046773,457,18,492,33,475,525
35,1000,20,7.7,28,13,948,31,9,12,52,7.654476124,96,209,20.11283405,9.125628918,6.986854566,8.280694794,465,19,483,33,484,516
39,1000,20,7.7,28,4,945,27,11,17,55,7.403368265,96,190,19.71680736,8.840483951,6.261435451,8.453245075,464,15,481,40,479,521
34,1000,20,7.7,28,26,958,21,13,8,42,7.702798832,103,237,20.46714713,9.019769313,7.03795719,8.326409985,473,11,485,31,484,516
38,1000,20,7.7,28,5,948,25,13,14,52,7.140575565,87,189,20.0461361,8.854155094,6.400675278,7.93255993,493,24,455,28,517,483
32,1000,20,7.7,28,44,947,36,10,7,53,8.464278168,92,219,20.57287248,9.333658859,8.002521933,8.899135982,467,18,480,35,485,515
33,1000,20,7.7,28,25,953,25,12,10,47,7.681681577,90,214,20.38406375,8.777350805,7.084652053,8.293213842,493,13,460,34,506,494
35,1000,20,7.7,28,14,947,32,9,12,53,7.672377803,97,196,20.13097143,9.135778221,7.016221608,8.287842141,465,19,482,34,484,516
36,1000,20,7.7,28,12,949,24,12,15,51,7.227993479,91,188,20.04104365,8.920416215,6.621893456,7.798786705,467,18,482,33,485,515
37,1000,20,7.7,28,6,948,32,9,11,52,7.263119203,83,212,20.3276828,8.694247007,5.858502639,8.533962762,457,18,491,34,475,525
39,1000,20,7.7,28,5,946,27,10,17,54,7.385449287,96,200,19.73535724,8.857728786,6.249848812,8.429504234,464,15,482,39,479,521
34,1000,20,7.7,28,27,959,21,12,8,41,7.714959455,87,195,20.48366026,9.019921163,7.022019371,8.364926512,475,9,484,32,484,516
38,1000,20,7.7,28,6,950,24,13,13,50,7.140194139,97,200,20.07265832,8.861402037,6.3873594,7.946023456,494,23,456,27,517,483
32,1000,20,7.7,28,45,947,36,10,7,53,8.480864531,101,207,20.57795152,9.352294174,8.020242372,8.914654332,467,18,480,35,485,515
33,1000,20,7.7,28,26,953,24,13,10,47,7.6885651,98,192,20.40608775,8.779473171,7.077737446,8.314230672,493,13,460,34,506,494
35,1000,20,7.7,28,15,947,31,10,12,53,7.673932544,103,219,20.17349931,9.141655281,6.973226984,8.331183497,465,19,482,34,484,516
36,1000,20,7.7,28,13,952,23,10,15,48,7.24169805,89,187,20.05761262,8.925322937,6.636098643,7.812019821,468,17,484,31,485,515
37,1000,20,7.7,28,7,949,30,10,11,51,7.296747529,106,197,20.33493433,8.682469329,5.878629453,8.579806741,457,18,492,33,475,525
39,1000,20,7.7,28,6,945,29,9,17,55,7.396975184,92,189,19.74380357,8.869405797,6.283130187,8.421028454,463,16,482,39,479,521
34,1000,20,7.7,28,28,960,20,12,8,40,7.744736549,87,199,20.50089787,9.025085464,7.053792198,8.392831638,475,9,485,31,484,516
38,1000,20,7.7,28,7,951,22,14,13,49,7.180755582,69,215,20.09145668,8.850707072,6.432661287,7.98151076,495,22,456,27,517,483
35,1000,20,7.7,28,16,949,30,10,11,51,7.694410907,77,203,20.16193166,9.161952247,6.997922897,8.347705861,466,18,483,33,484,516
33,1000,20,7.7,28,27,953,24,13,10,47,7.709803204,98,208,20.40596272,8.777326132,7.105805654,8.32847276,493,13,460,34,506,494
32,1000,20,7.7,28,46,947,35,11,7,53,8.490064394,100,222,20.59392821,9.354371523,8.025495311,8.9275712,468,17,479,36,485,515
36,1000,20,7.7,28,14,952,23,10,15,48,7.263096584,92,217,20.07625065,8.920312913,6.639746281,7.850135218,468,17,484,31,485,515
39,1000,20,7.7,28,7,947,28,9,16,53,7.434767229,94,196,19.77743557,8.890607352,6.367769799,8.415749512,464,15,483,38,479,521
37,1000,20,7.7,28,8,949,29,11,11,51,7.330639895,89,190,20.35356844,8.680484372,5.92065069,8.606344414,457,18,492,33,475,525
34,1000,20,7.7,28,29,960,20,12,8,40,7.790915811,90,210,20.51315764,9.025063694,7.085512125,8.452573531,475,9,485,31,484,516
35,1000,20,7.7,28,17,948,31,10,11,52,7.732217832,101,210,20.18650511,9.174888118,7.041036365,8.380535331,466,18,482,34,484,516
38,1000,20,7.7,28,8,953,20,14,13,47,7.17750773,93,197,20.09665911,8.849737863,6.421399516,7.986840953,496,21,457,26,517,483
33,1000,20,7.7,28,28,953,23,14,10,47,7.73807249,71,212,20.42877168,8.778997717,7.148630192,8.341833224,492,14,461,33,506,494
39,1000,20,7.7,28,8,948,27,10,15,52,7.430538616,96,214,19.77843149,8.881624088,6.387620388,8.389382822,463,16,485,36,479,521
32,1000,20,7.7,28,47,943,39,11,7,57,8.503281091,117,209,20.61799936,9.354259818,8.074191079,8.907375567,465,20,478,37,485,515
36,1000,20,7.7,28,15,953,22,10,15,47,7.317346446,103,221,20.1026394,8.930228611,6.700874013,7.897907864,468,17,485,30,485,515
37,1000,20,7.7,28,9,948,30,11,11,52,7.352255234,92,194,20.32593953,8.681825807,5.955440515,8.61603998,457,18,491,34,475,525
34,1000,20,7.7,28,30,961,20,12,7,39,7.811512276,111,197,20.53591728,9.02562422,7.101873732,8.477142228,476,8,485,31,484,516
35,1000,20,7.7,28,18,947,32,9,12,53,7.769600078,105,218,20.19100917,9.165762696,7.078495432,8.417845522,465,19,482,34,484,516
38,1000,20,7.7,28,9,953,20,15,12,47,7.16443819,71,221,20.09958967,8.837908798,6.403609604,7.978824068,496,21,457,26,517,483
33,1000,20,7.7,28,29,953,23,14,10,47,7.732754938,100,199,20.42202098,8.774776683,7.139684913,8.340231522,493,13,460,34,506,494
39,1000,20,7.7,28,9,949,26,10,15,51,7.427485485,89,199,19.81510628,8.899592609,6.414659301,8.358663494,463,16,486,35,479,521
34,1000,20,7.7,28,31,963,18,11,8,37,7.838443227,98,207,20.54381055,9.04699286,7.149575878,8.484590119,476,8,487,29,484,516
36,1000,20,7.7,28,16,952,23,10,15,48,7.353352398,103,200,20.11371634,8.950688907,6.681280539,7.986274439,468,17,484,31,485,515
37,1000,20,7.7,28,10,949,29,11,11,51,7.348107726,97,210,20.32367709,8.687532185,5.963066815,8.60123998,457,18,492,33,475,525
32,1000,20,7.7,28,48,942,40,11,7,58,8.533328419,85,224,20.63254505,9.344334866,8.089729555,8.951086572,465,20,477,38,485,515
35,1000,20,7.7,28,19,947,32,8,13,53,7.806666378,83,203,20.20014434,9.170409457,7.100288021,8.469238325,464,20,483,33,484,516
38,1000,20,7.7,28,10,952,20,16,12,48,7.18135853,100,216,20.1255831,8.854831518,6.418932304,7.997454511,496,21,456,27,517,483
39,1000,20,7.7,28,10,949,26,9,16,51,7.490925622,83,199,19.8399844,8.908501294,6.489602228,8.411528128,463,16,486,35,479,521
33,1000,20,7.7,28,30,953,23,14,10,47,7.75250039,83,203,20.45131284,8.760196252,7.162197358,8.357142766,494,12,459,35,506,494
34,1000,20,7.7,28,32,962,19,10,9,38,7.892187385,95,200,20.54493627,9.049219629,7.192739262,8.54825888,476,8,486,30,484,516
36,1000,20,7.7,28,17,950,25,10,15,50,7.409457489,77,188,20.1413245,8.966387661,6.782492988,7.999899786,467,18,483,32,485,515
37,1000,20,7.7,28,11,949,29,11,11,51,7.348103493,89,227,20.33836812,8.707724452,5.964725225,8.59973145,457,18,492,33,475,525
32,1000,20,7.7,28,49,942,40,11,7,58,8.565973506,98,209,20.65180326,9.359440378,8.102075099,9.002848704,465,20,477,38,485,515
35,1000,20,7.7,28,20,949,30,9,12,51,7.772528563,108,225,20.23430564,9.183511908,7.072282023,8.429348961,464,20,485,31,484,516
39,1000,20,7.7,28,11,949,27,9,15,51,7.515799659,90,204,19.85331156,8.925569152,6.573772492,8.381886056,462,17,487,34,479,521
38,1000,20,7.7,28,11,953,19,16,12,47,7.183179164,89,210,20.15008701,8.85756814,6.426697804,7.9929118,496,21,457,26,517,483
34,1000,20,7.7,28,33,961,20,10,9,39,7.928874387,94,211,20.53223815,9.070599148,7.191337441,8.620672608,476,8,485,31,484,516
33,1000,20,7.7,28,31,953,22,14,11,47,7.807157848,89,224,20.4659033,8.768970151,7.207404728,8.421479869,494,12,459,35,506,494
36,1000,20,7.7,28,18,950,25,10,15,50,7.408846257,93,204,20.15956403,8.979751307,6.779392517,8.00163279,468,17,482,33,485,515
37,1000,20,7.7,28,12,949,28,12,11,51,7.399768409,84,204,20.35597819,8.735616245,6.008123572,8.658875643,457,18,492,33,475,525
35,1000,20,7.7,28,21,948,31,9,12,52,7.811923044,110,221,20.2553648,9.193203541,7.100783502,8.478960909,463,21,485,31,484,516
32,1000,20,7.7,28,50,943,39,11,7,57,8.552370427,109,209,20.66855985,9.358331078,8.11311032,8.966042567,465,20,478,37,485,515
39,1000,20,7.7,28,12,948,28,9,15,52,7.543837097,85,189,19.87796108,8.939576553,6.558618391,8.449633181,463,16,485,36,479,521
34,1000,20,7.7,28,34,962,20,9,9,38,7.94593154,86,199,20.5588981,9.072917685,7.221843326,8.625115059,476,8,486,30,484,516
38,1000,20,7.7,28,12,953,19,16,12,47,7.228020877,93,197,20.14226073,8.867468843,6.473217988,8.035956889,496,21,457,26,517,483
33,1000,20,7.7,28,32,956,21,14,9,44,7.815155311,101,194,20.47660587,8.778883501,7.22047262,8.424283736,495,11,461,33,506,494
36,1000,20,7.7,28,19,952,25,8,15,48,7.378236992,98,215,20.16467827,8.980259026,6.704268488,8.012945196,470,15,482,33,485,515
37,1000,20,7.7,28,13,952,27,10,11,48,7.399039829,92,200,20.34243479,8.740114997,6.028678391,8.638890654,458,17,494,31,475,525
35,1000,20,7.7,28,22,949,31,9,11,51,7.84126967,96,221,20.25550056,9.230626491,7.155436181,8.48457085,464,20,485,31,484,516
32,1000,20,7.7,28,51,943,39,11,7,57,8.577095279,99,201,20.67626022,9.365463906,8.143109335,8.985800488,465,20,478,37,485,515
39,1000,20,7.7,28,13,948,28,9,15,52,7.562633265,91,217,19.88114909,8.952248796,6.534266497,8.508099066,464,15,484,37,479,521
34,1000,20,7.7,28,35,960,21,10,9,40,8.012550654,93,205,20.59308892,9.094214853,7.300143087,8.680777906,476,8,484,32,484,516
38,1000,20,7.7,28,13,955,17,16,12,45,7.248367561,105,199,20.15393398,8.86901157,6.458576472,8.093754711,497,20,458,25,517,483
33,1000,20,7.7,28,33,956,22,14,8,44,7.827818718,95,201,20.50683142,8.793164999,7.252010832,8.417613839,494,12,462,32,506,494
36,1000,20,7.7,28,20,953,24,8,15,47,7.408597852,83,196,20.1776659,8.984372551,6.725867469,8.051557534,471,14,482,33,485,515
35,1000,20,7.7,28,23,947,32,10,11,53,7.88463789,110,214,20.26348816,9.236837753,7.189639808,8.536535315,463,21,484,32,484,516
37,1000,20,7.7,28,14,951,29,10,10,49,7.403966032,98,216,20.36891393,8.724032928,6.067214155,8.613408206,457,18,494,31,475,525
39,1000,20,7.7,28,14,948,28,9,15,52,7.55907243,105,215,19.88689352,8.960752937,6.524516601,8.510228364,464,15,484,37,479,521
34,1000,20,7.7,28,36,959,22,10,9,41,7.990394008,102,214,20.60444093,9.112675764,7.278317195,8.658311018,476,8,483,33,484,516
32,1000,20,7.7,28,52,944,38,11,7,56,8.599743375,107,230,20.67706088,9.383020159,8.146790356,9.026310781,465,20,479,36,485,515
38,1000,20,7.7,28,14,957,17,14,12,43,7.259849438,92,205,20.18182347,8.874143609,6.483023232,8.091359062,497,20,460,23,517,483
33,1000,20,7.7,28,34,954,24,14,8,46,7.849315735,99,210,20.52715317,8.793574906,7.268100262,8.444649803,493,13,461,33,506,494
35,1000,20,7.7,28,24,947,32,10,11,53,7.910521761,109,208,20.26404494,9.241371097,7.214623745,8.563263312,463,21,484,32,484,516
36,1000,20,7.7,28,21,953,24,8,15,47,7.448191524,101,226,20.20074657,8.992710149,6.761418219,8.094958618,471,14,482,33,485,515
37,1000,20,7.7,28,15,951,29,8,12,49,7.437589108,83,223,20.39302939,8.718954208,6.118509528,8.631042062,457,18,494,31,475,525
34,1000,20,7.7,28,37,958,23,10,9,42,8.007785313,106,211,20.60746732,9.122553319,7.314862865,8.657735826,475,9,483,33,484,516
39,1000,20,7.7,28,15,948,28,10,14,52,7.592538365,90,197,19.90226395,8.954729262,6.591762972,8.512637046,464,15,484,37,479,521
32,1000,20,7.7,28,53,944,37,12,7,56,8.630403373,109,226,20.6837451,9.398867236,8.144278479,9.088210313,465,20,479,36,485,515
38,1000,20,7.7,28,15,957,17,14,12,43,7.282460727,99,204,20.19265726,8.884250424,6.485417305,8.135610726,497,20,460,23,517,483
33,1000,20,7.7,28,35,954,24,14,8,46,7.861624809,92,212,20.56701511,8.811672411,7.289705839,8.447436546,493,13,461,33,506,494
35,1000,20,7.7,28,25,943,36,9,12,57,7.908215432,88,192,20.28766515,9.232246806,7.205017389,8.567804293,461,23,482,34,484,516
36,1000,20,7.7,28,22,953,25,6,16,47,7.445636528,94,207,20.18611568,8.990079794,6.772001185,8.080030978,471,14,482,33,485,515
34,1000,20,7.7,28,38,957,24,11,8,43,8.009364849,96,210,20.64294226,9.12746573,7.363909634,8.614791834,474,10,483,33,484,516
37,1000,20,7.7,28,16,952,28,8,12,48,7.449708598,84,208,20.41985485,8.729188202,6.140995578,8.633782282,457,18,495,30,475,525
39,1000,20,7.7,28,16,947,29,10,14,53,7.605000781,99,204,19.94349502,8.962546896,6.59699103,8.531750628,464,15,483,38,479,521
38,1000,20,7.7,28,16,956,18,14,12,44,7.303097286,114,208,20.20147976,8.896804627,6.491320761,8.1720175,497,20,459,24,517,483
33,1000,20,7.7,28,36,953,25,14,8,47,7.885855098,94,178,20.58322898,8.825842977,7.332442689,8.452710723,493,13,460,34,506,494
32,1000,20,7.7,28,54,944,37,12,7,56,8.667552201,89,201,20.69563645,9.423172729,8.189244018,9.117997772,465,20,479,36,485,515
35,1000,20,7.7,28,26,947,32,9,12,53,7.92638062,118,205,20.29586598,9.23906619,7.260904794,8.550586626,461,23,486,30,484,516
36,1000,20,7.7,28,23,953,26,6,15,47,7.465994883,89,214,20.183938,9.009389498,6.774688371,8.117031113,471,14,482,33,485,515
34,1000,20,7.7,28,39,957,23,12,8,43,7.998573184,88,203,20.65231084,9.141668107,7.384013918,8.575020248,473,11,484,32,484,516
39,1000,20,7.7,28,17,948,28,10,14,52,7.612244997,99,206,19.96455087,8.980116176,6.617530985,8.526770932,464,15,484,37,479,521
37,1000,20,7.7,28,17,952,28,9,11,48,7.4431745,84,221,20.44104459,8.738169492,6.130952,8.630423428,458,17,494,31,475,525
38,1000,20,7.7,28,17,956,18,14,12,44,7.323749216,88,219,20.21810056,8.919162191,6.509265031,8.195567692,497,20,459,24,517,483
35,1000,20,7.7,28,27,947,32,10,11,53,7.949434797,97,186,20.30992864,9.256219125,7.267368316,8.589202582,460,24,487,29,484,516
33,1000,20,7.7,28,37,953,25,14,8,47,7.889528339,81,199,20.60542684,8.842733548,7.348971502,8.443216112,493,13,460,34,506,494
32,1000,20,7.7,28,55,942,39,12,7,58,8.688065688,98,229,20.7090573,9.419762757,8.20709114,9.141022302,464,21,478,37,485,515
34,1000,20,7.7,28,40,959,24,10,7,41,7.996563242,109,199,20.66987524,9.15304852,7.374292895,8.580243179,474,10,485,31,484,516
36,1000,20,7.7,28,24,953,28,5,14,47,7.494948618,114,218,20.18905204,9.025095925,6.818943174,8.131575104,471,14,482,33,485,515
39,1000,20,7.7,28,18,950,26,10,14,50,7.597709617,108,218,19.97536273,8.976847083,6.60100412,8.514066493,466,13,484,37,479,521
37,1000,20,7.7,28,18,951,29,9,11,49,7.491346843,92,218,20.46050487,8.737542578,6.177289865,8.680255537,457,18,494,31,475,525
35,1000,20,7.7,28,28,948,31,10,11,52,7.987649739,84,215,20.32679358,9.281510244,7.330025823,8.604490777,460,24,488,28,484,516
38,1000,20,7.7,28,18,956,18,14,12,44,7.344180882,95,205,20.24740584,8.944299118,6.560015237,8.183546594,497,20,459,24,517,483
33,1000,20,7.7,28,38,954,25,13,8,46,7.901518446,91,205,20.61770368,8.849869717,7.361976086,8.454167097,493,13,461,33,506,494
34,1000,20,7.7,28,41,957,26,10,7,43,8.050077308,97,210,20.68618485,9.185522994,7.407407648,8.652891486,473,11,484,32,484,516
32,1000,20,7.7,28,56,942,40,11,7,58,8.676170817,105,215,20.7269645,9.445026077,8.197364085,9.127085895,464,21,478,37,485,515
39,1000,20,7.7,28,19,949,27,10,14,51,7.633375961,103,201,19.98065336,8.978733719,6.616526605,8.568252817,466,13,483,38,479,521
36,1000,20,7.7,28,25,955,27,4,14,45,7.514818812,100,221,20.19877697,9.044330072,6.865070937,8.126717296,471,14,484,31,485,515
37,1000,20,7.7,28,19,952,29,9,10,48,7.477377068,96,205,20.49207353,8.745264622,6.117594612,8.707656432,458,17,494,31,475,525
35,1000,20,7.7,28,29,950,30,10,10,50,8.012112919,99,214,20.36105977,9.306529061,7.323883534,8.657661412,461,23,489,27,484,516
38,1000,20,7.7,28,19,956,18,14,12,44,7.352079563,108,206,20.27771845,8.982636718,6.571667296,8.187427682,497,20,459,24,517,483
33,1000,20,7.7,28,39,952,27,13,8,48,7.950920506,93,246,20.61565474,8.847499229,7.423116172,8.491545998,493,13,459,35,506,494
34,1000,20,7.7,28,42,956,27,10,7,44,8.069252974,92,218,20.68730461,9.182339738,7.423957624,8.674530007,473,11,483,33,484,516
39,1000,20,7.7,28,20,948,28,10,14,52,7.638065099,94,218,20.01836556,8.980986279,6.622861906,8.571428495,466,13,482,39,479,521
36,1000,20,7.7,28,26,956,26,4,14,44,7.523687551,102,211,20.22371149,9.06356832,6.83996626,8.167580418,472,13,484,31,485,515
32,1000,20,7.7,28,57,943,39,11,7,57,8.688800737,74,227,20.7391285,9.456028036,8.200247285,9.148894765,465,20,478,37,485,515
37,1000,20,7.7,28,20,951,29,10,10,49,7.520499016,88,199,20.4968658,8.743475505,6.162177532,8.749456549,458,17,493,32,475,525
35,1000,20,7.7,28,30,951,28,11,10,49,8.040025871,101,216,20.36086429,9.320669085,7.346586572,8.690461183,462,22,489,27,484,516
38,1000,20,7.7,28,20,956,18,14,12,44,7.345884818,87,228,20.27407969,9.003549187,6.571231178,8.175068942,498,19,458,25,517,483
34,1000,20,7.7,28,43,955,27,11,7,45,8.092548228,111,205,20.70456406,9.18227395,7.424847947,8.71884074,472,12,483,33,484,516
33,1000,20,7.7,28,40,952,27,13,8,48,7.903112014,91,190,20.61523608,8.847980691,7.410549784,8.407639318,493,13,459,35,506,494
39,1000,20,7.7,28,21,948,27,11,14,52,7.695729364,105,215,20.0214258,8.97962201,6.691437853,8.619060715,466,13,482,39,479,521
36,1000,20,7.7,28,27,956,25,5,14,44,7.549682893,101,201,20.22216287,9.061668075,6.832492934,8.225094795,472,13,484,31,485,515
32,1000,20,7.7,28,58,945,37,11,7,55,8.696114556,89,214,20.76026592,9.455190009,8.186051648,9.176465061,466,19,479,36,485,515
35,1000,20,7.7,28,31,952,27,10,11,48,8.072481573,89,178,20.37271104,9.323499802,7.38840769,8.71413227,463,21,489,27,484,516
37,1000,20,7.7,28,21,951,31,8,10,49,7.539767891,106,197,20.51968412,8.755000866,6.162490977,8.785875576,458,17,493,32,475,525
34,1000,20,7.7,28,44,955,27,11,7,45,8.110772209,107,201,20.73165683,9.184961672,7.443128992,8.737011196,472,12,483,33,484,516
38,1000,20,7.7,28,21,955,20,14,11,45,7.390821157,79,211,20.29904789,9.007418862,6.591686757,8.246209324,498,19,457,26,517,483
33,1000,20,7.7,28,41,954,27,11,8,46,7.889477693,120,199,20.62462761,8.84238374,7.394723642,8.396250061,493,13,461,33,506,494
39,1000,20,7.7,28,22,949,26,12,13,51,7.702323203,86,205,20.0461969,8.994838913,6.741982449,8.585246852,466,13,483,38,479,521
36,1000,20,7.7,28,28,956,25,5,14,44,7.583698975,94,223,20.23956639,9.076174912,6.884672092,8.242005845,472,13,484,31,485,515
35,1000,20,7.7,28,32,950,31,9,10,50,8.096135949,90,226,20.39546522,9.3240423,7.450311605,8.70190917,461,23,489,27,484,516
32,1000,20,7.7,28,59,945,37,11,7,55,8.733644729,107,216,20.79623106,9.44991987,8.224835824,9.212814281,466,19,479,36,485,515
37,1000,20,7.7,28,22,953,30,7,10,47,7.556174697,95,215,20.53560396,8.753734486,6.183352284,8.798252119,459,16,494,31,475,525
34,1000,20,7.7,28,45,955,27,11,7,45,8.134126285,95,216,20.75865003,9.198872582,7.476293493,8.751163245,471,13,484,32,484,516
38,1000,20,7.7,28,22,955,20,14,11,45,7.425801417,78,249,20.31566942,9.013910672,6.617054453,8.29147881,498,19,457,26,517,483
33,1000,20,7.7,28,42,954,27,11,8,46,7.924772255,104,208,20.62073757,8.824706667,7.449838089,8.411243284,493,13,461,33,506,494
39,1000,20,7.7,28,23,949,26,12,13,51,7.736222398,80,215,20.0670365,9.015685625,6.806148973,8.591318694,466,13,483,38,479,521
36,1000,20,7.7,28,29,956,25,5,14,44,7.623228366,89,224,20.26695646,9.080001528,6.910559783,8.294382276,472,13,484,31,485,515
35,1000,20,7.7,28,33,949,32,9,10,51,8.155846043,77,207,20.41827568,9.320635585,7.513585505,8.75827647,460,24,489,27,484,516
34,1000,20,7.7,28,46,954,29,11,6,46,8.123707731,108,218,20.7616966,9.206835984,7.486456448,8.721439554,471,13,483,33,484,516
32,1000,20,7.7,28,60,945,37,11,7,55,8.78555807,106,227,20.8276894,9.45486965,8.289208846,9.252993748,466,19,479,36,485,515
37,1000,20,7.7,28,23,951,32,7,10,49,7.587222178,96,229,20.55391838,8.76460595,6.233843593,8.811707564,459,16,492,33,475,525
39,1000,20,7.7,28,24,948,27,12,13,52,7.806703326,95,190,20.09847255,9.031188114,6.877821054,8.660704494,465,14,483,38,479,521
38,1000,20,7.7,28,23,957,18,14,11,43,7.444460051,104,216,20.31483589,9.021791372,6.617935687,8.329166256,500,17,457,26,517,483
33,1000,20,7.7,28,43,958,26,7,9,42,7.912912462,109,210,20.64480754,8.81505395,7.470194248,8.366384966,493,13,465,29,506,494
35,1000,20,7.7,28,34,948,33,9,10,52,8.185677189,102,197,20.44614684,9.312488885,7.507331637,8.821954799,460,24,488,28,484,516
36,1000,20,7.7,28,30,956,25,5,14,44,7.678688442,87,209,20.28037021,9.088445984,7.007709318,8.310581403,472,13,484,31,485,515
34,1000,20,7.7,28,47,955,28,11,6,45,8.135386232,99,241,20.77629982,9.201553392,7.451702311,8.776671149,472,12,483,33,484,516
37,1000,20,7.7,28,24,951,30,9,10,49,7.629787868,95,207,20.56714438,8.768296693,6.289831194,8.84212962,459,16,492,33,475,525
39,1000,20,7.7,28,25,950,26,11,13,50,7.843274619,98,213,20.10673632,9.044862889,6.953859424,8.660990318,465,14,485,36,479,521
32,1000,20,7.7,28,61,945,37,11,7,55,8.809518727,117,196,20.82672709,9.445272553,8.328691154,9.262336927,466,19,479,36,485,515
33,1000,20,7.7,28,44,958,26,7,9,42,7.938075788,105,234,20.66302553,8.808341086,7.503927418,8.382770272,493,13,465,29,506,494
38,1000,20,7.7,28,24,958,18,13,11,42,7.467047811,88,231,20.32403704,9.039187242,6.624219796,8.369205334,501,16,457,26,517,483
35,1000,20,7.7,28,35,947,34,9,10,53,8.204400512,102,233,20.4462832,9.312844426,7.521119198,8.845307791,460,24,487,29,484,516
36,1000,20,7.7,28,31,956,25,5,14,44,7.705316297,87,196,20.2688722,9.11326462,7.062680893,8.310516629,472,13,484,31,485,515
34,1000,20,7.7,28,48,956,27,11,6,44,8.157133362,93,194,20.79338124,9.198732541,7.468567363,8.802997594,472,12,484,32,484,516
37,1000,20,7.7,28,25,951,29,9,11,49,7.666762597,102,198,20.60782279,8.777545832,6.352098841,8.85622028,459,16,492,33,475,525
39,1000,20,7.7,28,26,951,25,11,13,49,7.863482017,106,180,20.10118024,9.059395143,6.97927016,8.676413839,465,14,486,35,479,521
32,1000,20,7.7,28,62,945,37,11,7,55,8.812720269,104,183,20.84937868,9.4633838,8.320206463,9.27654395,466,19,479,36,485,515
33,1000,20,7.7,28,45,958,27,6,9,42,7.958889999,88,227,20.67252285,8.80790699,7.502554524,8.426310547,493,13,465,29,506,494
38,1000,20,7.7,28,25,959,17,13,11,41,7.484234499,87,217,20.35181443,9.043907656,6.66266508,8.363636962,502,15,457,26,517,483
35,1000,20,7.7,28,36,947,34,9,10,53,8.249845887,109,207,20.45325505,9.316374012,7.553862086,8.902667902,460,24,487,29,484,516
36,1000,20,7.7,28,32,958,23,5,14,42,7.711530896,105,202,20.30483865,9.122396865,7.071523159,8.31425663,473,12,485,30,485,515
34,1000,20,7.7,28,49,957,27,10,6,43,8.165508662,98,207,20.80000975,9.208658704,7.466339609,8.821318395,473,11,484,32,484,516
39,1000,20,7.7,28,27,952,25,10,13,48,7.860475859,102,225,20.13476146,9.062374723,6.990862721,8.659985827,465,14,487,34,479,521
37,1000,20,7.7,28,26,950,30,9,11,50,7.698837972,89,196,20.61844247,8.774701405,6.405464191,8.869033296,458,17,492,33,475,525
33,1000,20,7.7,28,46,958,26,7,9,42,8.015432681,86,220,20.68782723,8.811224531,7.552145733,8.489973563,493,13,465,29,506,494
38,1000,20,7.7,28,26,960,17,12,11,40,7.539313645,97,229,20.36078359,9.036292223,6.702324393,8.435221396,503,14,457,26,517,483
32,1000,20,7.7,28,63,945,36,12,7,55,8.851526172,87,216,20.8577092,9.465261284,8.328219931,9.344348554,466,19,479,36,485,515
35,1000,20,7.7,28,37,947,33,9,11,53,8.279028004,93,211,20.46372444,9.320154256,7.562082042,8.951512201,461,23,486,30,484,516
34,1000,20,7.7,28,50,955,29,10,6,45,8.201340875,92,225,20.83229846,9.215161433,7.52008759,8.840345893,471,13,484,32,484,516
36,1000,20,7.7,28,33,958,24,5,13,42,7.733892158,98,200,20.30535962,9.139069265,7.097866123,8.332868133,473,12,485,30,485,515
39,1000,20,7.7,28,28,952,26,9,13,48,7.881978537,89,195,20.15991852,9.064908327,7.018884519,8.675494918,466,13,486,35,479,521
37,1000,20,7.7,28,27,950,30,8,12,50,7.746021543,86,229,20.65812602,8.783096213,6.457512947,8.911815034,458,17,492,33,475,525
33,1000,20,7.7,28,47,959,25,7,9,41,8.056351873,83,207,20.69635995,8.82878325,7.567072497,8.557516578,493,13,466,28,506,494
38,1000,20,7.7,28,27,961,17,11,11,39,7.569919129,72,207,20.37413077,9.036336602,6.7176488,8.482183642,503,14,458,25,517,483
35,1000,20,7.7,28,38,946,34,9,11,54,8.307148765,87,210,20.47155573,9.323176151,7.598719247,8.97164467,461,23,485,31,484,516
32,1000,20,7.7,28,64,944,37,12,7,56,8.876663316,88,228,20.87814564,9.455979416,8.382274452,9.342252829,466,19,478,37,485,515
34,1000,20,7.7,28,51,955,29,10,6,45,8.201548566,98,212,20.83649838,9.214352129,7.571633939,8.79239872,471,13,484,32,484,516
36,1000,20,7.7,28,34,959,23,5,13,41,7.750998678,91,200,20.33108734,9.167363687,7.121838062,8.34350916,474,11,485,30,485,515
39,1000,20,7.7,28,29,951,26,10,13,49,7.949429039,85,219,20.19127487,9.086961688,7.071640521,8.756455334,466,13,485,36,479,521
37,1000,20,7.7,28,28,952,29,8,11,48,7.732578829,87,215,20.66948016,8.790929647,6.448851683,8.894046246,459,16,493,32,475,525
35,1000,20,7.7,28,39,945,35,9,11,55,8.339913991,99,214,20.4646219,9.328797496,7.634120638,9.001937213,461,23,484,32,484,516
33,1000,20,7.7,28,48,959,26,7,8,41,8.091223398,87,220,20.69329281,8.836196788,7.607939164,8.58624733,493,13,466,28,506,494
38,1000,20,7.7,28,28,960,18,11,11,40,7.584451136,107,222,20.3775497,9.035396164,6.715684219,8.514373487,503,14,457,26,517,483
34,1000,20,7.7,28,52,955,28,11,6,45,8.208571768,110,218,20.849303,9.223016887,7.565337515,8.811915524,471,13,484,32,484,516
32,1000,20,7.7,28,65,944,37,12,7,56,8.913874165,94,210,20.86827483,9.45655855,8.432146616,9.367539916,466,19,478,37,485,515
36,1000,20,7.7,28,35,960,23,5,12,40,7.772978257,105,194,20.35204597,9.17208743,7.15351529,8.356356003,475,10,485,30,485,515
39,1000,20,7.7,28,30,952,26,9,13,48,7.947493539,104,206,20.18858849,9.096539573,7.065513053,8.75837387,467,12,485,36,479,521
37,1000,20,7.7,28,29,953,29,6,12,47,7.734764902,89,208,20.69383241,8.783878515,6.492484614,8.858732781,459,16,494,31,475,525
35,1000,20,7.7,28,40,946,34,9,11,54,8.354274602,109,229,20.47204749,9.344063215,7.645910616,9.018709039,462,22,484,32,484,516
33,1000,20,7.7,28,49,958,28,7,7,42,8.12808532,103,204,20.72312168,8.825763802,7.669021309,8.598300684,491,15,467,27,506,494
38,1000,20,7.7,28,29,961,17,10,12,39,7.567521175,94,224,20.4025159,9.053333531,6.694407699,8.502096054,504,13,457,26,517,483
34,1000,20,7.7,28,53,956,27,11,6,44,8.20622086,82,227,20.83971019,9.245135394,7.541268077,8.829936261,471,13,485,31,484,516
32,1000,20,7.7,28,66,945,36,12,7,55,8.897779717,101,215,20.8811879,9.469416514,8.415919347,9.351570552,466,19,479,36,485,515
39,1000,20,7.7,28,31,952,26,9,13,48,7.946168139,98,187,20.18813953,9.094915666,7.048114325,8.771826061,467,12,485,36,479,521
36,1000,20,7.7,28,36,959,23,6,12,41,7.769214064,100,219,20.37593494,9.167283967,7.170764646,8.332802351,474,11,485,30,485,515
35,1000,20,7.7,28,41,945,36,9,10,55,8.413842218,95,222,20.48916234,9.35139201,7.739792237,9.046090648,461,23,484,32,484,516
37,1000,20,7.7,28,30,954,29,5,12,46,7.740488824,97,224,20.69562268,8.771307044,6.495263997,8.867120811,459,16,495,30,475,525
33,1000,20,7.7,28,50,956,29,8,7,44,8.163059461,93,232,20.74360065,8.836763771,7.679222619,8.658649425,491,15,465,29,506,494
34,1000,20,7.7,28,54,957,26,11,6,43,8.222012554,87,209,20.864224,9.253827152,7.585533264,8.819020261,472,12,485,31,484,516
38,1000,20,7.7,28,30,962,18,8,12,38,7.596750412,100,225,20.42777506,9.077236069,6.755448593,8.497274304,504,13,458,25,517,483
39,1000,20,7.7,28,32,952,26,9,13,48,7.969265938,96,208,20.19027612,9.133903005,7.072784233,8.793478486,467,12,485,36,479,521
36,1000,20,7.7,28,37,959,23,6,12,41,7.796323369,103,198,20.37973562,9.167532494,7.205816951,8.352431354,474,11,485,30,485,515
32,1000,20,7.7,28,67,945,36,13,6,55,8.895720162,95,234,20.87687537,9.493664846,8.424820337,9.339188929,465,20,480,35,485,515
35,1000,20,7.7,28,42,945,35,10,10,55,8.441911301,86,204,20.48990969,9.353124054,7.775249842,9.067229415,461,23,484,32,484,516
37,1000,20,7.7,28,31,953,30,5,12,47,7.780587893,94,212,20.7156002,8.775926606,6.544283377,8.899149122,459,16,494,31,475,525
34,1000,20,7.7,28,55,958,25,11,6,42,8.216961325,100,207,20.88488328,9.269105851,7.5873652,8.807512729,472,12,486,30,484,516
33,1000,20,7.7,28,51,956,28,9,7,44,8.197788906,86,214,20.75597926,8.851195989,7.74558608,8.660976416,490,16,466,28,506,494
38,1000,20,7.7,28,31,962,18,8,12,38,7.635524568,90,212,20.46656089,9.085644808,6.782102813,8.549021559,504,13,458,25,517,483
39,1000,20,7.7,28,33,955,24,8,13,45,7.972535867,104,198,20.20647127,9.13031006,7.090505091,8.783462435,468,11,487,34,479,521
36,1000,20,7.7,28,38,957,25,6,12,43,7.834127647,105,197,20.38301156,9.169742931,7.226741544,8.406132036,473,12,484,31,485,515
35,1000,20,7.7,28,43,945,35,9,11,55,8.452109669,115,207,20.49514554,9.354343993,7.78277591,9.079934358,461,23,484,32,484,516
32,1000,20,7.7,28,68,944,37,13,6,56,8.928042706,99,190,20.88595856,9.48030913,8.448449735,9.379698221,464,21,480,35,485,515
34,1000,20,7.7,28,56,959,24,11,6,41,8.248383034,109,214,20.87233289,9.268947929,7.629863294,8.828544961,472,12,487,29,484,516
37,1000,20,7.7,28,32,954,29,5,12,46,7.771730028,102,219,20.76131645,8.792489472,6.556127611,8.871560785,460,15,494,31,475,525
33,1000,20,7.7,28,52,954,29,10,7,46,8.192094051,87,196,20.78073555,8.86301194,7.719041359,8.676637902,489,17,465,29,506,494
38,1000,20,7.7,28,32,964,18,6,12,36,7.640319044,103,232,20.46888356,9.089381546,6.779260589,8.56199031,505,12,459,24,517,483
39,1000,20,7.7,28,34,956,24,7,13,44,7.993405302,99,221,20.19643654,9.140882522,7.146114656,8.772392287,468,11,488,33,479,521
35,1000,20,7.7,28,44,944,36,9,11,56,8.467979986,104,206,20.498981,9.363923056,7.769058623,9.123557389,461,23,483,33,484,516
36,1000,20,7.7,28,39,957,25,6,12,43,7.852593662,108,225,20.36848621,9.159037555,7.267865458,8.403260028,473,12,484,31,485,515
34,1000,20,7.7,28,57,958,25,10,7,42,8.240218683,106,223,20.87647924,9.273171554,7.651287767,8.792626752,471,13,487,29,484,516
32,1000,20,7.7,28,69,945,36,13,6,55,8.946408581,104,215,20.92794401,9.492134205,8.464619304,9.400132463,464,21,481,34,485,515
37,1000,20,7.7,28,33,954,29,5,12,46,7.797902429,86,226,20.78726247,8.81195789,6.609888425,8.872772241,460,15,494,31,475,525
33,1000,20,7.7,28,53,955,28,10,7,45,8.218178756,109,214,20.7885905,8.872608815,7.714700831,8.733886913,490,16,465,29,506,494
39,1000,20,7.7,28,35,955,24,8,13,45,8.000058641,113,212,20.22202604,9.14962938,7.142740542,8.788264724,468,11,487,34,479,521
38,1000,20,7.7,28,33,964,18,6,12,36,7.643347333,101,198,20.48444895,9.097464187,6.796684084,8.549610066,505,12,459,24,517,483
35,1000,20,7.7,28,45,944,36,10,10,56,8.483266413,92,192,20.51896189,9.373584158,7.750754715,9.170351028,461,23,483,33,484,516
36,1000,20,7.7,28,40,954,28,6,12,46,7.87721797,95,211,20.38319139,9.163315779,7.288252373,8.431874891,472,13,482,33,485,515
34,1000,20,7.7,28,58,959,23,11,7,41,8.248996884,97,231,20.91760531,9.283176856,7.627957816,8.831521902,471,13,488,28,484,516
32,1000,20,7.7,28,70,945,37,12,6,55,8.937479298,95,198,20.93698576,9.503463321,8.450539531,9.396053642,465,20,480,35,485,515
37,1000,20,7.7,28,34,954,29,5,12,46,7.853302016,105,231,20.81049787,8.811458936,6.674300874,8.920017334,459,16,495,30,475,525
39,1000,20,7.7,28,36,954,25,7,14,46,8.036911827,100,181,20.24742822,9.152365084,7.152950575,8.849613246,468,11,486,35,479,521
33,1000,20,7.7,28,54,957,28,8,7,43,8.189872283,110,204,20.80084251,8.895996483,7.695471108,8.696283203,490,16,467,27,506,494
38,1000,20,7.7,28,34,964,18,6,12,36,7.649285512,99,211,20.48626692,9.11713377,6.793601918,8.565203563,505,12,459,24,517,483
35,1000,20,7.7,28,46,942,38,10,10,58,8.473318423,116,213,20.52603298,9.374033063,7.720395581,9.179548374,461,23,481,35,484,516
36,1000,20,7.7,28,41,954,30,6,10,46,7.892241142,88,185,20.37971964,9.161492073,7.302818976,8.447328036,472,13,482,33,485,515
34,1000,20,7.7,28,59,957,25,11,7,43,8.264719969,105,226,20.93369871,9.282540139,7.661632135,8.830407008,470,14,487,29,484,516
39,1000,20,7.7,28,37,953,26,7,14,47,8.054164564,93,192,20.24048256,9.16010975,7.196269987,8.842900654,467,12,486,35,479,521
37,1000,20,7.7,28,35,954,30,4,12,46,7.871394924,81,240,20.83693157,8.81934195,6.707684695,8.924275607,459,16,495,30,475,525
32,1000,20,7.7,28,71,947,36,11,6,53,8.933128291,114,225,20.93029266,9.509749243,8.466404971,9.372663845,466,19,481,34,485,515
33,1000,20,7.7,28,55,956,29,8,7,44,8.223639432,85,214,20.81107411,8.899990863,7.724333385,8.73507437,490,16,466,28,506,494
38,1000,20,7.7,28,35,965,17,6,12,35,7.669153214,119,204,20.49705584,9.125343639,6.820104261,8.577969587,505,12,460,23,517,483
35,1000,20,7.7,28,47,943,39,9,9,57,8.447840889,93,215,20.54146385,9.364879946,7.703029999,9.146461956,461,23,482,34,484,516
34,1000,20,7.7,28,60,956,26,11,7,44,8.296559545,107,212,20.9715811,9.31736829,7.695051363,8.860764894,470,14,486,30,484,516
36,1000,20,7.7,28,42,954,30,6,10,46,7.922693917,84,214,20.40401717,9.180468842,7.322081304,8.488319388,472,13,482,33,485,515
39,1000,20,7.7,28,38,953,26,7,14,47,8.084447104,88,216,20.24333736,9.174902454,7.230557156,8.869501395,467,12,486,35,479,521
37,1000,20,7.7,28,36,954,30,4,12,46,7.9195867,97,211,20.84250318,8.830788158,6.767974379,8.961521657,459,16,495,30,475,525
33,1000,20,7.7,28,56,956,30,8,6,44,8.225092788,89,224,20.81327196,8.900774971,7.731817314,8.730350663,490,16,466,28,506,494
32,1000,20,7.7,28,72,947,35,11,7,53,8.959479014,98,240,20.94680985,9.521919992,8.51580383,9.377309042,466,19,481,34,485,515
38,1000,20,7.7,28,36,966,17,6,11,34,7.678651877,87,211,20.49774045,9.12119028,6.826946948,8.590311189,506,11,460,23,517,483
35,1000,20,7.7,28,48,945,38,8,9,55,8.417573043,114,196,20.55466815,9.370095377,7.729088769,9.063360618,461,23,484,32,484,516
34,1000,20,7.7,28,61,955,26,12,7,45,8.325683982,111,222,20.97344584,9.332016454,7.734584518,8.880126115,469,15,486,30,484,516
36,1000,20,7.7,28,43,955,29,6,10,45,7.941028908,121,203,20.42299627,9.212371133,7.349722912,8.497889893,472,13,483,32,485,515
39,1000,20,7.7,28,39,952,27,7,14,48,8.149232876,88,203,20.26630668,9.173808161,7.270030231,8.9575593,467,12,485,36,479,521
37,1000,20,7.7,28,37,955,29,4,12,45,7.938455484,96,190,20.86234763,8.839133372,6.79498854,8.973020814,459,16,496,29,475,525
33,1000,20,7.7,28,57,953,33,8,6,47,8.281862956,93,211,20.80952871,8.914625689,7.829801287,8.74490588,488,18,465,29,506,494
35,1000,20,7.7,28,49,944,40,7,9,56,8.4170127,121,212,20.5685089,9.383780847,7.728595773,9.062737105,462,22,482,34,484,516
38,1000,20,7.7,28,37,967,15,7,11,33,7.673820766,100,215,20.49857685,9.129518177,6.850656408,8.554930441,506,11,461,22,517,483
32,1000,20,7.7,28,73,947,35,11,7,53,8.968634469,103,220,20.96140391,9.527071465,8.522012937,9.389239212,466,19,481,34,485,515
34,1000,20,7.7,28,62,957,24,12,7,43,8.324344707,81,215,21.00290073,9.331475419,7.766649869,8.847453818,469,15,488,28,484,516
36,1000,20,7.7,28,44,955,28,7,10,45,7.978223142,115,217,20.44695346,9.226199766,7.36850381,8.552424843,472,13,483,32,485,515
39,1000,20,7.7,28,40,953,28,7,12,47,8.145981784,96,227,20.26359151,9.1846965,7.276528164,8.945345094,467,12,486,35,479,521
35,1000,20,7.7,28,50,944,41,7,8,56,8.426468518,92,208,20.56904829,9.402253048,7.755809512,9.055536268,462,22,482,34,484,516
37,1000,20,7.7,28,38,955,29,5,11,45,7.95043909,97,199,20.86376446,8.859425878,6.805976991,8.985904799,459,16,496,29,475,525
33,1000,20,7.7,28,58,953,31,10,6,47,8.307311663,104,193,20.83243923,8.909588515,7.85662017,8.768951128,488,18,465,29,506,494
38,1000,20,7.7,28,38,967,15,7,11,33,7.702656217,101,214,20.51975094,9.143875847,6.865508593,8.598733487,506,11,461,22,517,483
34,1000,20,7.7,28,63,957,24,12,7,43,8.332759421,97,208,21.03681669,9.323817144,7.767348188,8.863106392,469,15,488,28,484,516
32,1000,20,7.7,28,74,946,35,12,7,54,8.984965244,104,216,20.96370605,9.528700017,8.596709901,9.35060377,465,20,481,34,485,515
39,1000,20,7.7,28,41,953,28,7,12,47,8.164702578,96,198,20.26985329,9.199287231,7.305299799,8.954825287,467,12,486,35,479,521
36,1000,20,7.7,28,45,954,28,8,10,46,8.018920491,100,214,20.47201305,9.236010294,7.449386194,8.555278033,471,14,483,32,485,515
35,1000,20,7.7,28,51,943,41,8,8,57,8.44246712,87,203,20.58152968,9.423265219,7.773811938,9.069655313,462,22,481,35,484,516
37,1000,20,7.7,28,39,954,29,6,11,46,8.028755298,92,201,20.86755219,8.870663265,6.852016361,9.093423859,459,16,495,30,475,525
33,1000,20,7.7,28,59,953,32,10,5,47,8.308533691,96,197,20.83608063,8.915631242,7.872457717,8.755202604,488,18,465,29,506,494
34,1000,20,7.7,28,64,958,24,11,7,42,8.322957202,108,200,21.07415863,9.332645937,7.759627284,8.851351932,469,15,489,27,484,516
38,1000,20,7.7,28,39,968,15,4,13,32,7.719915361,114,206,20.52085796,9.156724402,6.927814562,8.567774808,506,11,462,21,517,483
32,1000,20,7.7,28,75,945,36,12,7,55,9.00073432,88,232,20.96268418,9.526874566,8.602428901,9.375837481,465,20,480,35,485,515
39,1000,20,7.7,28,42,952,30,6,12,48,8.156938367,82,214,20.2932108,9.189131331,7.330703394,8.916567065,466,13,486,35,479,521
36,1000,20,7.7,28,46,954,28,8,10,46,8.064872107,102,206,20.4618867,9.231642133,7.509625021,8.587774703,472,13,482,33,485,515
35,1000,20,7.7,28,52,942,41,9,8,58,8.46158212,109,207,20.57584128,9.426335699,7.822203091,9.061309736,462,22,480,36,484,516
34,1000,20,7.7,28,65,959,23,11,7,41,8.341098614,92,209,21.06435606,9.360621861,7.79441794,8.853876611,469,15,490,26,484,516
37,1000,20,7.7,28,40,953,30,6,11,47,8.011424318,91,201,20.89115767,8.867985039,6.81917777,9.090123577,459,16,494,31,475,525
33,1000,20,7.7,28,60,952,33,10,5,48,8.359236031,96,220,20.83390046,8.915656581,7.919761158,8.809386408,488,18,464,30,506,494
38,1000,20,7.7,28,40,968,15,4,13,32,7.748105404,112,206,20.51739214,9.160387781,6.924218952,8.629988004,506,11,462,21,517,483
39,1000,20,7.7,28,43,952,30,6,12,48,8.166369862,104,208,20.28759701,9.199068221,7.336573287,8.929273047,466,13,486,35,479,521
32,1000,20,7.7,28,76,945,36,12,7,55,8.98246433,98,215,20.97401683,9.544365069,8.583959855,9.357754952,465,20,480,35,485,515
36,1000,20,7.7,28,47,955,28,7,10,45,8.070164244,106,199,20.46712594,9.237701893,7.548692214,8.561259263,472,13,483,32,485,515
35,1000,20,7.7,28,53,942,40,10,8,58,8.471244562,106,214,20.57712549,9.434344939,7.822986384,9.079300682,462,22,480,36,484,516
34,1000,20,7.7,28,66,958,24,11,7,42,8.38318299,116,215,21.07831654,9.368422507,7.870843663,8.863749336,468,16,490,26,484,516
33,1000,20,7.7,28,61,952,33,10,5,48,8.43628411,99,196,20.84103277,8.919460421,7.947107267,8.93734379,488,18,464,30,506,494
37,1000,20,7.7,28,41,954,28,8,10,46,8.019138261,86,228,20.90716339,8.862995068,6.823690679,9.100733693,459,16,495,30,475,525
38,1000,20,7.7,28,41,968,14,5,13,32,7.780679875,93,211,20.52566041,9.179309847,6.975949389,8.642058055,506,11,462,21,517,483
39,1000,20,7.7,28,44,952,29,6,13,48,8.195476295,100,216,20.31609179,9.20437284,7.370787154,8.953683778,465,14,487,34,479,521
36,1000,20,7.7,28,48,955,29,6,10,45,8.082099251,99,199,20.46372538,9.234537933,7.59118561,8.544415982,471,14,484,31,485,515
35,1000,20,7.7,28,54,942,41,10,7,58,8.479366434,121,175,20.57943888,9.422265415,7.860310553,9.060031251,462,22,480,36,484,516
32,1000,20,7.7,28,77,943,37,12,8,57,9.07115891,97,221,21.00373276,9.552484494,8.629871235,9.486740506,464,21,479,36,485,515
34,1000,20,7.7,28,67,957,25,11,7,43,8.433303888,95,219,21.0880814,9.373009488,7.96368836,8.873795972,466,18,491,25,484,516
33,1000,20,7.7,28,62,954,31,10,5,46,8.439655943,107,217,20.85694838,8.919356156,7.960185562,8.930773379,488,18,466,28,506,494
37,1000,20,7.7,28,42,952,30,8,10,48,8.050859984,111,228,20.90745544,8.869974237,6.836108198,9.149921125,459,16,493,32,475,525
38,1000,20,7.7,28,42,969,13,5,13,31,7.802022511,92,208,20.53450402,9.170094472,6.997157151,8.663545059,506,11,463,20,517,483
39,1000,20,7.7,28,45,952,30,6,12,48,8.197978185,99,210,20.32701968,9.204392196,7.370878888,8.95840153,465,14,487,34,479,521
35,1000,20,7.7,28,55,942,41,10,7,58,8.495007212,97,189,20.58685685,9.439615997,7.88696805,9.065338519,462,22,480,36,484,516
36,1000,20,7.7,28,49,954,30,6,10,46,8.102802146,109,203,20.50115943,9.209666104,7.607802391,8.568966963,471,14,483,32,485,515
34,1000,20,7.7,28,68,958,24,11,7,42,8.429033285,109,210,21.09435539,9.38492038,7.938883581,8.888786108,466,18,492,24,484,516
32,1000,20,7.7,28,78,945,35,12,8,55,9.06080118,114,185,21.00772748,9.552734689,8.628109057,9.468287937,465,20,480,35,485,515
33,1000,20,7.7,28,63,953,32,10,5,47,8.479715558,96,199,20.86247042,8.922475268,7.977703578,8.993922161,488,18,465,29,506,494
37,1000,20,7.7,28,43,952,30,8,10,48,8.076441233,100,236,20.91627718,8.893182316,6.904513363,9.136756926,459,16,493,32,475,525
39,1000,20,7.7,28,46,952,30,6,12,48,8.219891929,110,205,20.34788701,9.214436751,7.399251169,8.974377388,465,14,487,34,479,521
38,1000,20,7.7,28,43,971,12,4,13,29,7.798027333,97,199,20.53361489,9.172777049,7.016030074,8.635072019,507,10,464,19,517,483
35,1000,20,7.7,28,56,942,41,10,7,58,8.503527411,107,214,20.59272235,9.458710738,7.890361408,9.078667615,462,22,480,36,484,516
36,1000,20,7.7,28,50,955,29,6,10,45,8.103951716,92,204,20.5013072,9.213227682,7.6048872,8.573944513,472,13,483,32,485,515
34,1000,20,7.7,28,69,957,26,11,6,43,8.443198999,90,206,21.1081937,9.404614246,7.958880183,8.89748254,467,17,490,26,484,516
32,1000,20,7.7,28,79,945,33,14,8,55,9.090668718,118,214,21.01192016,9.558687752,8.665202433,9.49135056,465,20,480,35,485,515
33,1000,20,7.7,28,64,951,35,9,5,49,8.491103946,90,205,20.86736276,8.942161163,8.022135532,8.971464304,488,18,463,31,506,494
39,1000,20,7.7,28,47,951,30,7,12,49,8.270538082,106,217,20.35084747,9.221518343,7.468026641,9.008355703,464,15,487,34,479,521
37,1000,20,7.7,28,44,952,30,8,10,48,8.08469398,88,207,20.93904853,8.894225855,6.921511749,9.137096951,459,16,493,32,475,525
38,1000,20,7.7,28,44,970,13,4,13,30,7.810854898,83,200,20.56208453,9.173749811,7.092457607,8.579822598,506,11,464,19,517,483
35,1000,20,7.7,28,57,942,42,9,7,58,8.502780384,118,212,20.62223748,9.456308118,7.908820804,9.059905261,462,22,480,36,484,516
34,1000,20,7.7,28,70,957,25,12,6,43,8.460168959,99,198,21.11249672,9.394805356,7.961362008,8.928042146,468,16,489,27,484,516
36,1000,20,7.7,28,51,957,28,5,10,43,8.120176997,114,240,20.54060132,9.219457155,7.591941406,8.617641583,473,12,484,31,485,515
39,1000,20,7.7,28,48,950,31,7,12,50,8.327997052,101,204,20.36026952,9.233987264,7.504194379,9.085389529,463,16,487,34,479,521
33,1000,20,7.7,28,65,951,35,9,5,49,8.516211218,98,228,20.88113193,8.947624569,8.064396663,8.979001025,488,18,463,31,506,494
32,1000,20,7.7,28,80,945,33,14,8,55,9.103996182,101,215,21.01767209,9.568879845,8.671564418,9.511237746,465,20,480,35,485,515
37,1000,20,7.7,28,45,951,31,8,10,49,8.142891576,77,195,20.93250677,8.903698217,6.979419457,9.195556826,458,17,493,32,475,525
38,1000,20,7.7,28,45,970,13,4,13,30,7.811056539,107,223,20.58405944,9.180741368,7.084072794,8.589215124,506,11,464,19,517,483
35,1000,20,7.7,28,58,940,44,9,7,60,8.507546004,101,199,20.62245373,9.474890966,7.893389097,9.08361566,462,22,478,38,484,516
34,1000,20,7.7,28,71,956,26,12,6,44,8.514110933,81,222,21.10477233,9.408169827,8.053675537,8.945992197,467,17,489,27,484,516
36,1000,20,7.7,28,52,959,27,5,9,41,8.171218228,98,198,20.54421377,9.217710837,7.648947251,8.663065652,473,12,486,29,485,515
39,1000,20,7.7,28,49,949,32,7,12,51,8.377856972,90,205,20.39430204,9.217305975,7.515878091,9.170348112,463,16,486,35,479,521
33,1000,20,7.7,28,66,950,36,9,5,50,8.53000938,97,212,20.90775237,8.970865501,8.087318396,8.983453992,487,19,463,31,506,494
32,1000,20,7.7,28,81,946,33,14,7,54,9.09841777,100,212,21.03413538,9.571020464,8.661366159,9.510010064,466,19,480,35,485,515
35,1000,20,7.7,28,59,938,44,10,8,62,8.555426678,110,215,20.64671885,9.478126799,7.9240639,9.147635176,462,22,476,40,484,516
37,1000,20,7.7,28,46,951,31,8,10,49,8.167047743,87,219,20.93581631,8.914848662,7.006686347,9.21689853,458,17,493,32,475,525
38,1000,20,7.7,28,46,970,13,4,13,30,7.837004248,93,204,20.58428839,9.180029077,7.112080009,8.61295835,506,11,464,19,517,483
34,1000,20,7.7,28,72,956,26,12,6,44,8.535430125,102,238,21.12419215,9.426586938,8.061486996,8.979981433,467,17,489,27,484,516
36,1000,20,7.7,28,53,959,28,5,8,41,8.142693299,100,203,20.55162348,9.225867911,7.645213032,8.611194133,473,12,486,29,485,515
39,1000,20,7.7,28,50,950,33,6,11,50,8.364415095,93,227,20.40845257,9.234458358,7.528473098,9.132968293,463,16,487,34,479,521
33,1000,20,7.7,28,67,949,35,10,6,51,8.584750039,83,201,20.93707577,8.983326005,8.153965757,9.025998716,486,20,463,31,506,494
35,1000,20,7.7,28,60,936,46,10,8,64,8.58606941,87,215,20.65861994,9.481511517,7.973253225,9.160881491,462,22,474,42,484,516
37,1000,20,7.7,28,47,950,32,8,10,50,8.19050882,111,228,20.9458257,8.919841988,7.01927519,9.25019639,458,17,492,33,475,525
38,1000,20,7.7,28,47,971,12,3,14,29,7.845405935,102,215,20.59246193,9.180481535,7.120964056,8.620843724,506,11,465,18,517,483
32,1000,20,7.7,28,82,945,34,14,7,55,9.121320197,94,226,21.05467069,9.577292887,8.682816884,9.534279628,465,20,480,35,485,515
34,1000,20,7.7,28,73,956,26,12,6,44,8.567874724,88,236,21.14224515,9.421183531,8.085081268,9.020727501,467,17,489,27,484,516
36,1000,20,7.7,28,54,959,28,5,8,41,8.191963775,98,210,20.56112989,9.217922018,7.706903773,8.648767856,473,12,486,29,485,515
39,1000,20,7.7,28,51,950,32,7,11,50,8.382594557,95,226,20.42761831,9.233246229,7.583722838,9.117065869,463,16,487,34,479,521
35,1000,20,7.7,28,61,935,47,10,8,65,8.593598499,100,188,20.6946637,9.510620533,7.99234002,9.157569631,462,22,473,43,484,516
33,1000,20,7.7,28,68,949,35,10,6,51,8.604393657,96,193,20.94935888,8.984837444,8.173715711,9.045533415,486,20,463,31,506,494
37,1000,20,7.7,28,48,950,32,8,10,50,8.225312688,90,216,20.97740558,8.911533985,7.043519842,9.294553835,458,17,492,33,475,525
34,1000,20,7.7,28,74,954,27,13,6,46,8.60434909,81,219,21.14975742,9.436878406,8.094278249,9.08278763,467,17,487,29,484,516
38,1000,20,7.7,28,48,971,12,3,14,29,7.839236952,93,226,20.59243547,9.187371402,7.140143918,8.587541504,506,11,465,18,517,483
32,1000,20,7.7,28,83,945,34,14,7,55,9.160029779,97,218,21.05676448,9.594351463,8.734998498,9.560301957,464,21,481,34,485,515
39,1000,20,7.7,28,52,951,31,7,11,49,8.377467526,98,197,20.44218221,9.24728936,7.560793052,9.128306437,464,15,487,34,479,521
36,1000,20,7.7,28,55,959,28,5,8,41,8.190303962,103,217,20.56595334,9.236079944,7.68385242,8.667253472,473,12,486,29,485,515
35,1000,20,7.7,28,62,935,47,10,8,65,8.598632207,107,200,20.69403722,9.506891772,7.970181988,9.18810877,462,22,473,43,484,516
33,1000,20,7.7,28,69,950,34,10,6,50,8.630078605,98,230,20.97620711,8.97964945,8.192627904,9.078155639,487,19,463,31,506,494
34,1000,20,7.7,28,75,953,28,13,6,47,8.621388714,98,185,21.16654972,9.447709475,8.151971698,9.061694598,466,18,487,29,484,516
38,1000,20,7.7,28,49,969,14,3,14,31,7.824545052,104,201,20.60051019,9.19962899,7.135174102,8.562443149,505,12,464,19,517,483
37,1000,20,7.7,28,49,949,32,10,9,51,8.258739344,88,201,20.96526921,8.93186309,7.148029016,9.263667737,458,17,491,34,475,525
32,1000,20,7.7,28,84,946,33,14,7,54,9.182816316,101,203,21.08209937,9.61514878,8.734811312,9.604723941,465,20,481,34,485,515
39,1000,20,7.7,28,53,952,30,8,10,48,8.391161264,91,218,20.46952041,9.245734651,7.577328059,9.139387954,465,14,487,34,479,521
36,1000,20,7.7,28,56,960,27,5,8,40,8.196201886,93,222,20.57466818,9.250223991,7.685234663,8.677404028,474,11,486,29,485,515
35,1000,20,7.7,28,63,933,48,11,8,67,8.631446885,100,200,20.69298428,9.524471194,8.023682766,9.201520206,460,24,473,43,484,516
33,1000,20,7.7,28,70,948,36,10,6,52,8.671759032,97,198,20.98486021,8.985103557,8.25939248,9.094142586,485,21,463,31,506,494
34,1000,20,7.7,28,76,953,28,13,6,47,8.642653978,103,209,21.16748607,9.485937146,8.173952519,9.08228868,467,17,486,30,484,516
38,1000,20,7.7,28,50,969,13,4,14,31,7.858482767,113,221,20.59264613,9.211237289,7.192561063,8.571280947,505,12,464,19,517,483
37,1000,20,7.7,28,50,951,31,9,9,49,8.248188367,104,213,20.96376917,8.938408205,7.135104858,9.255263922,459,16,492,33,475,525
39,1000,20,7.7,28,54,952,29,8,11,48,8.439746619,96,225,20.4836709,9.262169328,7.640565107,9.174502749,465,14,487,34,479,521
36,1000,20,7.7,28,57,959,28,5,8,41,8.211720507,89,194,20.57564688,9.24755112,7.699819437,8.693802098,474,11,485,30,485,515
32,1000,20,7.7,28,85,944,35,14,7,56,9.219079389,103,212,21.09280497,9.617487769,8.754714181,9.656394196,465,20,479,36,485,515
35,1000,20,7.7,28,64,933,47,13,7,67,8.627320576,102,187,20.70356508,9.524924961,8.036883596,9.181141309,459,25,474,42,484,516
34,1000,20,7.7,28,77,950,30,14,6,50,8.669747334,84,227,21.1785271,9.496824475,8.231596476,9.080726045,464,20,486,30,484,516
33,1000,20,7.7,28,71,946,38,10,6,54,8.70979162,103,218,21.00810501,8.987360242,8.291611369,9.138130095,484,22,462,32,506,494
38,1000,20,7.7,28,51,967,14,5,14,33,7.881418406,89,188,20.60058525,9.216723129,7.221667255,8.587611667,503,14,464,19,517,483
37,1000,20,7.7,28,51,953,29,9,9,47,8.252017554,93,209,20.97397714,8.938847006,7.142337529,9.256013768,459,16,494,31,475,525
39,1000,20,7.7,28,55,952,28,10,10,48,8.409426307,103,227,20.50072427,9.259168854,7.65096941,9.106740804,465,14,487,34,479,521
36,1000,20,7.7,28,58,959,28,5,8,41,8.238438191,93,194,20.60022104,9.262093782,7.762184753,8.68694871,474,11,485,30,485,515
35,1000,20,7.7,28,65,935,45,14,6,65,8.6103451,79,197,20.7269908,9.52061785,8.021880714,9.162315571,461,23,474,42,484,516
32,1000,20,7.7,28,86,944,33,15,8,56,9.260191329,92,233,21.11856508,9.632685123,8.769263585,9.72252134,465,20,479,36,485,515
34,1000,20,7.7,28,78,947,34,13,6,53,8.714339045,82,223,21.2092874,9.500716455,8.276685445,9.124851337,461,23,486,30,484,516
33,1000,20,7.7,28,72,947,37,10,6,53,8.745168466,99,227,21.03471976,8.998724849,8.290548801,9.210831522,486,20,461,33,506,494
38,1000,20,7.7,28,52,967,14,6,13,33,7.90805528,110,212,20.6555926,9.225894338,7.232690432,8.630961338,503,14,464,19,517,483
37,1000,20,7.7,28,52,954,28,9,9,46,8.225112876,86,213,20.99039807,8.941473363,7.09371619,9.248757497,459,16,495,30,475,525
39,1000,20,7.7,28,56,950,30,10,10,50,8.427123888,94,219,20.51729847,9.26730476,7.694257942,9.100910429,464,15,486,35,479,521
35,1000,20,7.7,28,66,937,44,13,6,63,8.607401388,95,216,20.74275131,9.520910026,7.993813096,9.182937693,463,21,474,42,484,516
36,1000,20,7.7,28,59,961,26,6,7,39,8.240134527,93,201,20.6201562,9.275935893,7.759140825,8.693109178,476,9,485,30,485,515
34,1000,20,7.7,28,79,947,34,13,6,53,8.725820493,111,233,21.22519001,9.518605179,8.316388497,9.109861358,461,23,486,30,484,516
32,1000,20,7.7,28,87,943,34,15,8,57,9.262538526,106,207,21.14024424,9.641477124,8.764152882,9.731891996,465,20,478,37,485,515
33,1000,20,7.7,28,73,948,36,10,6,52,8.765690085,97,216,21.05154028,9.014124847,8.299564574,9.243138483,486,20,462,32,506,494
38,1000,20,7.7,28,53,965,16,6,13,35,7.932249677,97,204,20.65051116,9.22904122,7.282815197,8.627400042,501,16,464,19,517,483
39,1000,20,7.7,28,57,949,31,10,10,51,8.455067836,97,210,20.52883202,9.271022059,7.748676037,9.104514422,464,15,485,36,479,521
37,1000,20,7.7,28,53,955,28,9,8,45,8.239170333,94,208,20.99638011,8.958528493,7.110935999,9.259953779,459,16,496,29,475,525
35,1000,20,7.7,28,67,937,44,13,6,63,8.647798499,97,224,20.73682936,9.512990114,8.058224589,9.200809686,463,21,474,42,484,516
34,1000,20,7.7,28,80,949,33,12,6,51,8.722365375,102,209,21.23010607,9.53833047,8.327421721,9.092816399,461,23,488,28,484,516
36,1000,20,7.7,28,60,960,27,6,7,40,8.277724808,93,209,20.63087411,9.299514357,7.797957854,8.729544172,476,9,484,31,485,515
32,1000,20,7.7,28,88,944,33,15,8,56,9.252297458,101,209,21.15977285,9.640712345,8.738830024,9.735854169,466,19,478,37,485,515
33,1000,20,7.7,28,74,947,37,10,6,53,8.753401269,112,221,21.05998264,9.039203925,8.299433795,9.218396293,485,21,462,32,506,494
39,1000,20,7.7,28,58,947,34,10,9,53,8.456010869,103,204,20.56466646,9.289463064,7.759485997,9.096385942,463,16,484,37,479,521
38,1000,20,7.7,28,54,965,16,6,13,35,7.944949893,101,233,20.64011588,9.2414248,7.3478358,8.584096861,501,16,464,19,517,483
37,1000,20,7.7,28,54,955,27,10,8,45,8.254179889,114,212,21.02004717,8.981333588,7.117779373,9.282351785,459,16,496,29,475,525
35,1000,20,7.7,28,68,938,43,13,6,62,8.642396001,107,179,20.75315633,9.511450543,8.040217283,9.207230302,463,21,475,41,484,516
34,1000,20,7.7,28,81,948,33,12,7,52,8.758741479,98,213,21.25239156,9.538150298,8.372429187,9.121096418,460,24,488,28,484,516
36,1000,20,7.7,28,61,961,27,5,7,39,8.31459244,91,218,20.63448784,9.301268981,7.843522702,8.758221223,476,9,485,30,485,515
33,1000,20,7.7,28,75,947,37,10,6,53,8.751582616,94,224,21.06997934,9.048595445,8.318148925,9.195545061,485,21,462,32,506,494
39,1000,20,7.7,28,59,947,34,10,9,53,8.48608359,96,203,20.56601777,9.301805644,7.808865105,9.108708647,463,16,484,37,479,521
32,1000,20,7.7,28,89,942,36,15,7,58,9.263229495,107,221,21.17565589,9.655818716,8.758705607,9.738363642,465,20,477,38,485,515
38,1000,20,7.7,28,55,965,17,5,13,35,7.9284948,116,235,20.65936409,9.242114849,7.362124299,8.534734032,501,16,464,19,517,483
37,1000,20,7.7,28,55,954,28,10,8,46,8.331943244,99,220,21.02405408,8.999011035,7.190806896,9.364399941,458,17,496,29,475,525
35,1000,20,7.7,28,69,937,44,13,6,63,8.669060804,97,219,20.77448721,9.512797513,8.062374718,9.238122947,462,22,475,41,484,516
34,1000,20,7.7,28,82,948,33,11,8,52,8.76761079,108,229,21.2775983,9.546658685,8.354358555,9.155234979,461,23,487,29,484,516
36,1000,20,7.7,28,62,960,28,5,7,40,8.312952774,101,204,20.64523241,9.321598982,7.825185842,8.7723061,475,10,485,30,485,515
39,1000,20,7.7,28,60,947,34,10,9,53,8.517387101,83,230,20.56579547,9.305824965,7.817042306,9.161274159,464,15,483,38,479,521
33,1000,20,7.7,28,76,945,39,10,6,55,8.791656751,91,221,21.0898494,9.068336123,8.345197909,9.248960748,485,21,460,34,506,494
35,1000,20,7.7,28,70,935,46,13,6,65,8.734832872,101,222,20.78505764,9.518559882,8.146716812,9.286476619,462,22,473,43,484,516
38,1000,20,7.7,28,56,963,18,6,13,37,7.981360981,103,239,20.66626852,9.256520942,7.393294337,8.610823621,501,16,462,21,517,483
32,1000,20,7.7,28,90,941,37,15,7,59,9.242304244,111,224,21.18858516,9.680611552,8.715196639,9.738706551,465,20,476,39,485,515
37,1000,20,7.7,28,56,954,27,11,8,46,8.38722981,101,229,21.04201699,9.0122047,7.256583113,9.410195868,458,17,496,29,475,525
34,1000,20,7.7,28,83,947,34,11,8,53,8.800811745,97,233,21.29801926,9.538514098,8.419100087,9.158851363,460,24,487,29,484,516
36,1000,20,7.7,28,63,961,27,5,7,39,8.328722576,98,208,20.64799877,9.322539964,7.84315108,8.786008353,475,10,486,29,485,515
39,1000,20,7.7,28,61,947,35,9,9,53,8.517425015,104,221,20.56509388,9.31806114,7.815064253,9.163165524,464,15,483,38,479,521
33,1000,20,7.7,28,77,943,41,10,6,57,8.839156034,74,213,21.10283382,9.080939279,8.399485414,9.289506912,483,23,460,34,506,494
35,1000,20,7.7,28,71,935,45,14,6,65,8.775988971,104,214,20.78679112,9.521827095,8.23054916,9.287603058,462,22,473,43,484,516
38,1000,20,7.7,28,57,964,18,6,12,36,7.991035776,112,225,20.71402266,9.268816304,7.396365896,8.627566475,501,16,463,20,517,483
34,1000,20,7.7,28,84,945,36,11,8,55,8.845591437,102,215,21.27292239,9.54129293,8.488341636,9.180686211,459,25,486,30,484,516
37,1000,20,7.7,28,57,957,25,10,8,43,8.374435031,98,213,21.05260163,9.017203846,7.274907087,9.369246028,459,16,498,27,475,525
32,1000,20,7.7,28,91,940,38,15,7,60,9.234074825,100,227,21.19372454,9.686599751,8.671683167,9.763705805,465,20,475,40,485,515
36,1000,20,7.7,28,64,960,28,4,8,40,8.344365995,106,216,20.65395163,9.326586433,7.885536284,8.776467762,475,10,485,30,485,515
39,1000,20,7.7,28,62,946,36,9,9,54,8.535169011,99,215,20.56689147,9.321514346,7.830958816,9.182609861,464,15,482,39,479,521
35,1000,20,7.7,28,72,934,46,14,6,66,8.799184471,104,188,20.78971367,9.542680301,8.253506385,9.311022056,462,22,472,44,484,516
33,1000,20,7.7,28,78,944,40,10,6,56,8.83719503,103,222,21.13076235,9.093799121,8.402645456,9.282300464,483,23,461,33,506,494
38,1000,20,7.7,28,58,964,19,6,11,36,8.018728167,103,203,20.71977628,9.258210641,7.409263669,8.671094928,501,16,463,20,517,483
34,1000,20,7.7,28,85,945,36,11,8,55,8.853316299,104,216,21.29696314,9.564699365,8.488695161,9.195325274,459,25,486,30,484,516
37,1000,20,7.7,28,58,955,27,10,8,45,8.414760773,103,223,21.05158771,9.013741638,7.319885479,9.405362229,459,16,496,29,475,525
32,1000,20,7.7,28,92,941,38,16,5,59,9.262791728,108,213,21.2185917,9.689739594,8.698728553,9.793996854,466,19,475,40,485,515
36,1000,20,7.7,28,65,961,28,3,8,39,8.370186793,108,222,20.66715086,9.332892493,7.909526434,8.804012567,475,10,486,29,485,515
39,1000,20,7.7,28,63,949,34,8,9,51,8.535663359,86,212,20.57683188,9.346113955,7.865528825,9.151775532,465,14,484,37,479,521
35,1000,20,7.7,28,73,933,47,14,6,67,8.859391579,116,209,20.79438172,9.545267372,8.314077993,9.370887269,462,22,471,45,484,516
33,1000,20,7.7,28,79,943,41,9,7,57,8.873953892,94,210,21.16477805,9.10315679,8.442015775,9.316384433,482,24,461,33,506,494
34,1000,20,7.7,28,86,944,37,11,8,56,8.889570039,101,222,21.30525745,9.553205857,8.534764418,9.222372211,459,25,485,31,484,516
38,1000,20,7.7,28,59,964,20,6,10,36,8.040870316,97,228,20.74073308,9.281049274,7.457654289,8.665140889,501,16,463,20,517,483
37,1000,20,7.7,28,59,954,27,11,8,46,8.4467239,95,207,21.05865293,9.02827016,7.326434464,9.460319104,459,16,495,30,475,525
32,1000,20,7.7,28,93,940,39,16,5,60,9.284297556,102,233,21.23323912,9.681013029,8.712782666,9.822520316,465,20,475,40,485,515
39,1000,20,7.7,28,64,949,35,8,8,51,8.564902353,92,209,20.56743294,9.365799455,7.873477682,9.200588376,465,14,484,37,479,521
36,1000,20,7.7,28,66,960,28,4,8,40,8.416261085,100,231,20.68299445,9.330907241,7.978718242,8.828315995,474,11,486,29,485,515
35,1000,20,7.7,28,74,933,47,14,6,67,8.870553308,105,222,20.80664328,9.536816209,8.337518726,9.370531482,462,22,471,45,484,516
34,1000,20,7.7,28,87,944,37,11,8,56,8.861913963,106,203,21.30749072,9.57398341,8.517737569,9.184746085,459,25,485,31,484,516
33,1000,20,7.7,28,80,942,42,9,7,58,8.874481075,95,218,21.1961465,9.123103885,8.428331754,9.331468031,482,24,460,34,506,494
38,1000,20,7.7,28,60,965,19,6,10,35,8.06995952,105,219,20.74858495,9.266921803,7.473488151,8.708418521,501,16,464,19,517,483
37,1000,20,7.7,28,60,951,30,11,8,49,8.468399166,87,202,21.07473432,9.022514416,7.338349747,9.490824831,459,16,492,33,475,525
39,1000,20,7.7,28,65,948,34,9,9,52,8.559119926,100,236,20.56528128,9.364418382,7.872819435,9.190094849,463,16,485,36,479,521
36,1000,20,7.7,28,67,960,28,4,8,40,8.428290034,91,202,20.68934786,9.348911772,7.996409402,8.835012571,473,12,487,28,485,515
32,1000,20,7.7,28,94,940,39,15,6,60,9.296312804,113,201,21.25743554,9.701792621,8.729157037,9.83043037,465,20,475,40,485,515
35,1000,20,7.7,28,75,934,47,13,6,66,8.898069971,89,204,20.8356837,9.547940102,8.34956392,9.412560144,463,21,471,45,484,516
34,1000,20,7.7,28,88,944,37,11,8,56,8.88755414,112,212,21.33301554,9.600000566,8.555674008,9.19885256,459,25,485,31,484,516
33,1000,20,7.7,28,81,942,42,9,7,58,8.892162549,98,223,21.22236077,9.142495693,8.441844341,9.35341966,482,24,460,34,506,494
38,1000,20,7.7,28,61,965,18,7,10,35,8.061124108,94,207,20.74105196,9.256560994,7.447796037,8.717626412,501,16,464,19,517,483
37,1000,20,7.7,28,61,951,30,11,8,49,8.47764234,84,216,21.0929345,9.016304347,7.33910696,9.50774578,459,16,492,33,475,525
39,1000,20,7.7,28,66,947,34,10,9,53,8.577197298,89,200,20.57971447,9.387444519,7.889480773,9.209474103,463,16,484,37,479,521
36,1000,20,7.7,28,68,960,28,4,8,40,8.445023796,97,203,20.69304235,9.358802082,8.00923281,8.855428898,473,12,487,28,485,515
35,1000,20,7.7,28,76,932,49,13,6,68,8.897463976,91,230,20.8472222,9.581641228,8.361012952,9.400646719,462,22,470,46,484,516
32,1000,20,7.7,28,95,940,39,15,6,60,9.285377413,105,217,21.2733428,9.706293781,8.693618388,9.842665039,465,20,475,40,485,515
34,1000,20,7.7,28,89,944,36,12,8,56,8.939801515,102,221,21.35220999,9.595347248,8.632457739,9.228085212,459,25,485,31,484,516
33,1000,20,7.7,28,82,944,40,8,8,56,8.869326804,98,197,21.24410894,9.152677362,8.423425848,9.326059362,482,24,462,32,506,494
38,1000,20,7.7,28,62,965,18,7,10,35,8.081475648,99,207,20.76773752,9.258623031,7.445316108,8.762416606,501,16,464,19,517,483
39,1000,20,7.7,28,67,950,31,10,9,50,8.563022713,108,215,20.59460778,9.410229955,7.870146717,9.200043063,465,14,485,36,479,521
37,1000,20,7.7,28,62,951,31,10,8,49,8.496925641,109,208,21.12387045,9.024878523,7.381863981,9.505790952,459,16,492,33,475,525
35,1000,20,7.7,28,77,932,49,12,7,68,8.897980432,105,214,20.86594731,9.604470918,8.34724461,9.414562094,462,22,470,46,484,516
36,1000,20,7.7,28,69,961,27,4,8,39,8.463576052,101,217,20.71190358,9.358901706,8.067377259,8.836695305,473,12,488,27,485,515
34,1000,20,7.7,28,90,944,36,12,8,56,8.965932264,85,201,21.4090031,9.601517489,8.664107297,9.249039403,459,25,485,31,484,516
32,1000,20,7.7,28,96,940,39,15,6,60,9.294424382,105,187,21.2695412,9.716741234,8.703232127,9.851178254,465,20,475,40,485,515
33,1000,20,7.7,28,83,943,41,8,8,57,8.87261275,94,216,21.30425147,9.202541115,8.424807502,9.331295859,481,25,462,32,506,494
38,1000,20,7.7,28,63,965,18,7,10,35,8.076021915,98,217,20.77318477,9.263756507,7.415144208,8.783421035,501,16,464,19,517,483
39,1000,20,7.7,28,68,951,30,10,9,49,8.584259979,91,211,20.60311605,9.423513786,7.895468238,9.217525323,465,14,486,35,479,521
37,1000,20,7.7,28,63,951,33,10,6,49,8.499020585,90,228,21.10397962,9.031098116,7.409640698,9.484650007,458,17,493,32,475,525
35,1000,20,7.7,28,78,934,48,12,6,66,8.911412809,112,205,20.86999195,9.589195515,8.429619786,9.363327195,462,22,472,44,484,516
34,1000,20,7.7,28,91,943,37,12,8,57,9.006093637,95,194,21.42995341,9.612680729,8.728493258,9.266478488,459,25,484,32,484,516
36,1000,20,7.7,28,70,961,27,4,8,39,8.515540352,104,198,20.72940012,9.3663789,8.088652218,8.917561215,473,12,488,27,485,515
33,1000,20,7.7,28,84,943,41,8,8,57,8.890253449,86,213,21.30241299,9.217875125,8.445240357,9.346076575,481,25,462,32,506,494
32,1000,20,7.7,28,97,941,39,13,7,59,9.300159084,107,219,21.28531959,9.719609068,8.720015264,9.846508118,465,20,476,39,485,515
38,1000,20,7.7,28,64,965,18,7,10,35,8.076977046,112,233,20.79627118,9.268299346,7.38587243,8.816730848,501,16,464,19,517,483
39,1000,20,7.7,28,69,949,31,11,9,51,8.621141209,79,222,20.62718115,9.443336256,7.943617507,9.244046877,464,15,485,36,479,521
37,1000,20,7.7,28,64,951,32,11,6,49,8.515585513,91,203,21.10515775,9.040063005,7.437583797,9.490920399,458,17,493,32,475,525
35,1000,20,7.7,28,79,932,49,13,6,68,8.912626351,109,205,20.88355868,9.599624925,8.436017021,9.359678514,461,23,471,45,484,516
34,1000,20,7.7,28,92,942,37,13,8,58,9.035726078,85,210,21.44780275,9.619597004,8.720247502,9.331640091,459,25,483,33,484,516
36,1000,20,7.7,28,71,959,28,5,8,41,8.53021321,101,194,20.73793139,9.361059175,8.094116709,8.940906031,473,12,486,29,485,515
33,1000,20,7.7,28,85,940,42,8,10,60,8.923111629,95,225,21.32900083,9.2208497,8.509151782,9.347127182,479,27,461,33,506,494
39,1000,20,7.7,28,70,951,30,11,8,49,8.62266595,103,196,20.64044527,9.42982097,7.969177392,9.22347405,465,14,486,35,479,521
38,1000,20,7.7,28,65,964,18,8,10,36,8.116542364,91,214,20.8017101,9.275794101,7.39609805,8.887701186,501,16,463,20,517,483
32,1000,20,7.7,28,98,940,41,13,6,60,9.339898282,96,213,21.29861018,9.734408811,8.765201655,9.881117436,464,21,476,39,485,515
35,1000,20,7.7,28,80,931,50,13,6,69,8.932994022,101,204,20.90295608,9.601428564,8.432287936,9.402648567,461,23,470,46,484,516
37,1000,20,7.7,28,65,953,30,11,6,47,8.536001859,93,227,21.14215134,9.039740653,7.476013448,9.495038992,458,17,495,30,475,525
34,1000,20,7.7,28,93,942,37,13,8,58,9.071276878,110,243,21.45873697,9.631280509,8.800331609,9.32541934,458,26,484,32,484,516
36,1000,20,7.7,28,72,960,27,5,8,40,8.568272658,96,203,20.72985194,9.379416209,8.125502356,8.985250514,473,12,487,28,485,515
33,1000,20,7.7,28,86,939,43,8,10,61,8.942601866,112,207,21.33192145,9.239555711,8.465993482,9.430787781,480,26,459,35,506,494
39,1000,20,7.7,28,71,951,30,11,8,49,8.64819283,104,219,20.66050662,9.425029759,8.014524299,9.230778677,465,14,486,35,479,521
38,1000,20,7.7,28,66,967,16,8,9,33,8.12346261,91,205,20.80630673,9.274957426,7.400912854,8.896875082,502,15,465,18,517,483
35,1000,20,7.7,28,81,929,52,13,6,71,8.960307544,87,206,20.89091144,9.604609837,8.47547643,9.415071612,461,23,468,48,484,516
32,1000,20,7.7,28,99,938,42,13,7,62,9.387141804,109,213,21.32407806,9.74399373,8.818523189,9.922637004,463,22,475,40,485,515
34,1000,20,7.7,28,94,942,37,13,8,58,9.100694274,96,217,21.47483121,9.640434316,8.780902119,9.400654357,458,26,484,32,484,516
37,1000,20,7.7,28,66,951,31,12,6,49,8.583516219,105,216,21.15705637,9.050639271,7.504095773,9.560134717,457,18,494,31,475,525
36,1000,20,7.7,28,73,958,29,5,8,42,8.586067099,108,222,20.76269259,9.373959706,8.192397339,8.95680464,471,14,487,28,485,515
39,1000,20,7.7,28,72,952,28,12,8,48,8.645397246,106,213,20.66796762,9.43723931,8.028081412,9.212948655,465,14,487,34,479,521
33,1000,20,7.7,28,87,938,44,8,10,62,8.976445192,88,241,21.34017645,9.241967245,8.484654245,9.480182478,480,26,458,36,506,494
35,1000,20,7.7,28,82,929,51,14,6,71,8.988398265,95,218,20.90567546,9.616137546,8.524602041,9.423431932,461,23,468,48,484,516
38,1000,20,7.7,28,67,966,17,8,9,34,8.148110832,89,227,20.80837373,9.271813891,7.424460079,8.922701803,502,15,464,19,517,483
34,1000,20,7.7,28,95,942,38,12,8,58,9.092789772,127,219,21.46819425,9.655935407,8.791576875,9.375322799,457,27,485,31,484,516
32,1000,20,7.7,28,100,937,44,12,7,63,9.442462174,96,228,21.358418,9.73111049,8.867767598,9.983679396,461,24,476,39,485,515
37,1000,20,7.7,28,67,949,33,12,6,51,8.605025749,92,233,21.16577588,9.054869837,7.512438488,9.593557081,457,18,492,33,475,525
36,1000,20,7.7,28,74,959,28,5,8,41,8.59854054,94,198,20.77115501,9.385376783,8.216351818,8.958465842,471,14,488,27,485,515
39,1000,20,7.7,28,73,953,28,12,7,47,8.651308835,97,213,20.67670008,9.431876974,8.04334123,9.210265616,465,14,488,33,479,521
33,1000,20,7.7,28,88,936,46,8,10,64,9.035699493,79,227,21.38161136,9.241589578,8.547121714,9.536145559,478,28,458,36,506,494
35,1000,20,7.7,28,83,930,50,14,6,70,8.992523034,103,222,20.92345813,9.623038555,8.554043127,9.403810389,461,23,469,47,484,516
38,1000,20,7.7,28,68,968,16,8,8,32,8.136334605,86,245,20.83530722,9.278690657,7.413942771,8.909578038,504,13,464,19,517,483
34,1000,20,7.7,28,96,943,37,12,8,57,9.077833726,101,217,21.48846606,9.679325665,8.789113173,9.348649128,457,27,486,30,484,516
37,1000,20,7.7,28,68,950,33,11,6,50,8.625312083,101,226,21.17715222,9.076366937,7.554282433,9.59433891,457,18,493,32,475,525
32,1000,20,7.7,28,101,934,47,12,7,66,9.462848356,116,233,21.39422723,9.75171122,8.897412758,9.995345957,459,26,475,40,485,515
36,1000,20,7.7,28,75,958,29,5,8,42,8.592308673,119,226,20.79900793,9.41934092,8.199600885,8.962140279,471,14,487,28,485,515
39,1000,20,7.7,28,74,950,32,12,6,50,8.720073559,110,196,20.68005288,9.433909468,8.127483843,9.264892127,463,16,487,34,479,521
35,1000,20,7.7,28,84,930,49,15,6,70,9.03240808,103,218,20.91445449,9.636153245,8.542097007,9.492312265,461,23,469,47,484,516
33,1000,20,7.7,28,89,936,46,7,11,64,9.087322018,96,234,21.38837834,9.247717599,8.607156063,9.579151925,478,28,458,36,506,494
34,1000,20,7.7,28,97,942,37,13,8,58,9.105006671,109,202,21.51307541,9.698443148,8.818014115,9.374201238,456,28,486,30,484,516
38,1000,20,7.7,28,69,967,17,8,8,33,8.13957857,102,202,20.85446261,9.290885616,7.451440917,8.876156555,503,14,464,19,517,483
37,1000,20,7.7,28,69,949,34,11,6,51,8.645509049,97,219,21.18970064,9.085704933,7.599868751,9.591564556,457,18,492,33,475,525
32,1000,20,7.7,28,102,934,46,13,7,66,9.499593671,94,201,21.39638909,9.758190435,8.943240321,10.02353809,459,26,475,40,485,515
39,1000,20,7.7,28,75,951,31,12,6,49,8.726285412,104,220,20.69057276,9.429052647,8.126554388,9.277669598,464,15,487,34,479,521
36,1000,20,7.7,28,76,958,27,6,9,42,8.587806985,91,216,20.81163917,9.39792987,8.183724133,8.96835103,471,14,487,28,485,515
35,1000,20,7.7,28,85,931,49,15,5,69,9.042407604,107,222,20.89943281,9.633875617,8.545349707,9.508640204,462,22,469,47,484,516
33,1000,20,7.7,28,90,934,45,9,12,66,9.149810666,102,191,21.39023233,9.246599627,8.659089067,9.652452627,477,29,457,37,506,494
34,1000,20,7.7,28,98,940,39,13,8,60,9.146756037,95,214,21.52647024,9.711023163,8.871676148,9.404776709,455,29,485,31,484,516
38,1000,20,7.7,28,70,967,18,8,7,33,8.16864546,93,210,20.8607728,9.298260852,7.457685944,8.929651816,503,14,464,19,517,483
37,1000,20,7.7,28,70,949,34,11,6,51,8.635058199,98,225,21.20879293,9.088695431,7.593900647,9.577057889,456,19,493,32,475,525
39,1000,20,7.7,28,76,951,32,12,5,49,8.734346095,96,213,20.69405345,9.427845904,8.139531116,9.281210538,464,15,487,34,479,521
36,1000,20,7.7,28,77,957,28,6,9,43,8.619685081,95,216,20.82629704,9.400794642,8.209715963,9.005772502,471,14,486,29,485,515
35,1000,20,7.7,28,86,930,49,15,6,70,9.062412719,113,195,20.91591586,9.634398115,8.561657603,9.532113254,462,22,468,48,484,516
32,1000,20,7.7,28,103,934,46,13,7,66,9.506269381,86,234,21.40424627,9.772144723,8.946930099,10.03302579,459,26,475,40,485,515
34,1000,20,7.7,28,99,939,40,13,8,61,9.193759109,96,213,21.53675965,9.710461437,8.930460798,9.440728842,455,29,484,32,484,516
33,1000,20,7.7,28,91,934,45,9,12,66,9.155973011,108,214,21.40768926,9.25809425,8.667949938,9.655850895,477,29,457,37,506,494
38,1000,20,7.7,28,71,968,17,8,7,32,8.183841257,105,217,20.89075481,9.315850001,7.470058605,8.947869479,504,13,464,19,517,483
37,1000,20,7.7,28,71,951,32,11,6,49,8.636019116,108,221,21.24031392,9.082514365,7.593346455,9.579389619,456,19,495,30,475,525
39,1000,20,7.7,28,77,949,34,12,5,51,8.778961482,99,225,20.70894756,9.444799161,8.167826574,9.340830237,463,16,486,35,479,521
35,1000,20,7.7,28,87,928,50,15,7,72,9.092230975,103,209,20.93082711,9.643317576,8.608577591,9.545890351,461,23,467,49,484,516
36,1000,20,7.7,28,78,958,28,6,8,42,8.59992348,116,199,20.82969641,9.418602344,8.173485787,9.001520142,471,14,487,28,485,515
34,1000,20,7.7,28,100,938,40,14,8,62,9.227043422,101,237,21.55609224,9.722169915,8.952584173,9.484481943,454,30,484,32,484,516
32,1000,20,7.7,28,104,934,45,14,7,66,9.503753029,97,219,21.41292803,9.783866516,8.940076176,10.03459434,458,27,476,39,485,515
40,1000,20,7.7,28,0,933,32,15,20,67,7.741,93,210,20.15601703,8.989725244,6.607883817,8.795366795,461,21,472,46,482,518
33,1000,20,7.7,28,92,933,46,9,12,67,9.201710879,105,229,21.41853995,9.271604797,8.7285505,9.686365033,476,30,457,37,506,494
38,1000,20,7.7,28,72,968,17,8,7,32,8.156895622,109,221,20.91051211,9.315660237,7.512846237,8.846281816,504,13,464,19,517,483
39,1000,20,7.7,28,78,948,35,12,5,52,8.799240228,97,220,20.71478544,9.457069624,8.175515193,9.372684165,463,16,485,36,479,521
37,1000,20,7.7,28,72,951,32,9,8,49,8.714311603,101,233,21.26165391,9.103666225,7.663440867,9.665099411,456,19,495,30,475,525
35,1000,20,7.7,28,88,925,53,15,7,75,9.124309051,106,207,20.94730699,9.641709394,8.656805767,9.562819883,459,25,466,50,484,516
36,1000,20,7.7,28,79,957,29,6,8,43,8.61174652,106,227,20.83775313,9.427155315,8.191746389,9.007280624,470,15,487,28,485,515
34,1000,20,7.7,28,101,937,41,13,9,63,9.249378254,99,245,21.58109098,9.731895323,8.977973501,9.503951706,453,31,484,32,484,516
33,1000,20,7.7,28,93,933,46,9,12,67,9.231450894,87,214,21.41488512,9.282750844,8.739355585,9.735499935,476,30,457,37,506,494
40,1000,20,7.7,28,1,937,29,14,20,63,7.73184583,96,197,20.16918286,8.999203469,6.615504202,8.77060387,463,19,474,44,482,518
38,1000,20,7.7,28,73,965,20,8,7,35,8.176305199,102,195,20.91933023,9.311505673,7.540405352,8.856968183,502,15,463,20,517,483
39,1000,20,7.7,28,79,948,35,12,5,52,8.828033098,105,187,20.74793499,9.447465616,8.201070551,9.404453559,463,16,485,36,479,521
35,1000,20,7.7,28,89,925,52,16,7,75,9.14073023,107,196,20.96270413,9.642060023,8.645093813,9.605629505,459,25,466,50,484,516
37,1000,20,7.7,28,73,951,31,10,8,49,8.70013637,76,225,21.24217184,9.08711749,7.684249019,9.619272545,455,20,496,29,475,525
34,1000,20,7.7,28,102,936,42,13,9,64,9.297367719,101,238,21.61068801,9.73951866,9.004755169,9.571833755,453,31,483,33,484,516
36,1000,20,7.7,28,80,955,31,6,8,45,8.637320835,86,221,20.84353455,9.425007611,8.206014943,9.043502112,468,17,487,28,485,515
33,1000,20,7.7,28,94,931,48,9,12,69,9.269295705,102,220,21.41541708,9.304589449,8.782372978,9.768046516,474,32,457,37,506,494
38,1000,20,7.7,28,74,965,20,8,7,35,8.223890328,91,214,20.95090366,9.319599066,7.633750437,8.855572158,502,15,463,20,517,483
39,1000,20,7.7,28,80,947,36,12,5,53,8.856670127,90,229,20.78007928,9.457863884,8.250724974,9.413767494,463,16,484,37,479,521
40,1000,20,7.7,28,2,938,28,14,20,62,7.761718676,98,223,20.18956068,9.011531859,6.660727312,8.786193266,463,19,475,43,482,518
35,1000,20,7.7,28,90,925,52,16,7,75,9.19739308,94,213,20.96192641,9.656883178,8.71988266,9.64529045,459,25,466,50,484,516
37,1000,20,7.7,28,74,950,31,11,8,50,8.711521934,118,203,21.23426283,9.090256656,7.682237575,9.642779212,455,20,495,30,475,525
34,1000,20,7.7,28,103,936,41,14,9,64,9.289323443,117,219,21.62851059,9.732642634,8.989268018,9.570770781,452,32,484,32,484,516
36,1000,20,7.7,28,81,955,31,6,8,45,8.659632149,99,206,20.85957081,9.415918636,8.216897708,9.076576233,467,18,488,27,485,515
33,1000,20,7.7,28,95,929,50,9,12,71,9.304219869,88,209,21.41951998,9.302376902,8.799941686,9.820747724,474,32,455,39,506,494
38,1000,20,7.7,28,75,966,19,8,7,34,8.249088818,87,197,20.95109691,9.329366862,7.66324554,8.876171581,502,15,464,19,517,483
39,1000,20,7.7,28,81,946,38,11,5,54,8.863021561,111,227,20.78693499,9.466881808,8.293149164,9.386954149,460,19,486,35,479,521
35,1000,20,7.7,28,91,925,52,16,7,75,9.187075942,98,221,20.96184151,9.650336451,8.695060842,9.648578477,459,25,466,50,484,516
40,1000,20,7.7,28,3,938,28,14,20,62,7.765766913,86,213,20.20116037,9.022628632,6.71289574,8.745465572,463,19,475,43,482,518
34,1000,20,7.7,28,104,938,40,14,8,62,9.267519384,97,239,21.64043286,9.757644634,8.993403733,9.524635615,451,33,487,29,484,516
41,1000,20,7.7,28,0,948,25,14,13,52,6.754,90,210,19.92792253,8.668532601,5.876569038,7.557471264,468,10,480,42,478,522
37,1000,20,7.7,28,75,951,31,10,8,49,8.716609705,96,209,21.23823189,9.103865549,7.712451241,9.62513403,455,20,496,29,475,525
36,1000,20,7.7,28,82,953,33,6,8,47,8.690754651,121,207,20.88456524,9.419914354,8.264243819,9.092420191,466,19,487,28,485,515
33,1000,20,7.7,28,96,927,52,9,12,73,9.348609455,96,239,21.44134533,9.303917013,8.850792681,9.858518945,472,34,455,39,506,494
39,1000,20,7.7,28,82,946,37,12,5,54,8.865962813,105,228,20.79838336,9.487520337,8.307407027,9.37949107,460,19,486,35,479,521
38,1000,20,7.7,28,76,966,20,7,7,34,8.274557524,84,200,20.96151276,9.326930416,7.710504245,8.878316417,502,15,464,19,517,483
35,1000,20,7.7,28,92,924,53,16,7,76,9.231235449,113,222,20.98821645,9.668270881,8.736717707,9.695085423,458,26,466,50,484,516
41,1000,20,7.7,28,1,947,27,13,13,53,6.770256996,94,208,19.96154045,8.670751238,5.936311676,7.533908075,467,11,480,42,478,522
40,1000,20,7.7,28,4,938,28,13,21,62,7.817839884,88,207,20.20595206,9.012453348,6.744483756,8.816599832,463,19,475,43,482,518
37,1000,20,7.7,28,76,950,32,10,8,50,8.725332454,93,215,21.2545213,9.114551093,7.751513187,9.606407029,455,20,495,30,475,525
36,1000,20,7.7,28,83,953,32,7,8,47,8.695785535,94,211,20.90616597,9.441497543,8.26252334,9.103809155,466,19,487,28,485,515
39,1000,20,7.7,28,83,946,37,12,5,54,8.903993962,100,221,20.80017224,9.523769337,8.32261668,9.438503978,460,19,486,35,479,521
33,1000,20,7.7,28,97,925,54,9,12,75,9.336257997,113,199,21.43609479,9.289233855,8.830985207,9.853804619,471,35,454,40,506,494
38,1000,20,7.7,28,77,964,22,7,7,36,8.289243499,94,202,20.96969958,9.333564755,7.735334508,8.882144014,501,16,463,20,517,483
35,1000,20,7.7,28,93,924,53,17,6,76,9.238647652,107,203,20.9875932,9.676196819,8.744225712,9.702407766,458,26,466,50,484,516
41,1000,20,7.7,28,2,946,28,13,13,54,6.825224522,74,208,19.97695961,8.653772278,6.001239863,7.579754536,466,12,480,42,478,522
37,1000,20,7.7,28,77,950,32,10,8,50,8.757792841,108,204,21.26062009,9.105276318,7.796668168,9.627381831,455,20,495,30,475,525
40,1000,20,7.7,28,5,939,28,12,21,61,7.812741706,92,209,20.22582911,9.028424062,6.769946936,8.783064253,463,19,476,42,482,518
36,1000,20,7.7,28,84,953,32,7,8,47,8.731772748,83,218,20.91656821,9.451640895,8.320300023,9.119276189,466,19,487,28,485,515
39,1000,20,7.7,28,84,946,37,12,5,54,8.924706829,85,204,20.80897874,9.523509136,8.367942128,9.436588387,460,19,486,35,479,521
33,1000,20,7.7,28,98,924,55,8,13,76,9.353302781,90,212,21.43781499,9.276190401,8.829851742,9.889469229,470,36,454,40,506,494
35,1000,20,7.7,28,94,923,54,17,6,77,9.273910346,105,211,21.00932971,9.676058645,8.774267809,9.742567299,458,26,465,51,484,516
38,1000,20,7.7,28,78,964,22,7,7,36,8.343344946,103,237,20.98315938,9.341725605,7.813412061,8.910581594,501,16,463,20,517,483
41,1000,20,7.7,28,3,945,28,14,13,55,6.833362075,97,170,19.98222079,8.684376534,6.003413718,7.593353099,465,13,480,42,478,522
37,1000,20,7.7,28,78,949,33,10,8,51,8.777699451,98,207,21.27585379,9.109193431,7.799638932,9.662611349,454,21,495,30,475,525
36,1000,20,7.7,28,85,953,32,7,8,47,8.725876311,121,203,20.94614424,9.462763683,8.316058533,9.111821208,466,19,487,28,485,515
40,1000,20,7.7,28,6,941,25,13,21,59,7.82529518,101,201,20.25067988,9.041070541,6.777460576,8.800307303,464,18,477,41,482,518
39,1000,20,7.7,28,85,942,41,12,5,58,8.987245225,103,204,20.81981666,9.539142919,8.430943385,9.498701236,459,20,483,38,479,521
35,1000,20,7.7,28,95,925,52,17,6,75,9.276406217,96,233,21.02653235,9.670254055,8.778774987,9.743176596,459,25,466,50,484,516
33,1000,20,7.7,28,99,923,56,8,13,77,9.370438074,88,191,21.44160896,9.282520843,8.849024913,9.904517142,470,36,453,41,506,494
38,1000,20,7.7,28,79,964,22,7,7,36,8.376558497,93,223,20.98888654,9.340014508,7.859854135,8.929635424,501,16,463,20,517,483
41,1000,20,7.7,28,4,944,29,13,14,56,6.85910208,78,207,19.98952685,8.687711577,6.040069991,7.609096981,465,13,479,43,478,522
37,1000,20,7.7,28,79,949,33,10,8,51,8.781681822,90,229,21.29234943,9.131124756,7.791504365,9.677556663,454,21,495,30,475,525
36,1000,20,7.7,28,86,953,32,7,8,47,8.762871334,107,234,20.98030504,9.476278833,8.373937684,9.129148656,466,19,487,28,485,515
39,1000,20,7.7,28,86,941,40,13,6,59,9.027406839,89,219,20.83983264,9.554106085,8.448192141,9.559928605,458,21,483,38,479,521
35,1000,20,7.7,28,96,924,53,17,6,76,9.326033127,88,235,21.05614891,9.662826147,8.816737654,9.803744385,459,25,465,51,484,516
40,1000,20,7.7,28,7,941,26,12,21,59,7.824112534,94,195,20.28463829,9.050067625,6.788453307,8.787795445,464,18,477,41,482,518
33,1000,20,7.7,28,100,925,56,7,12,75,9.399861971,107,197,21.42800881,9.283713255,8.872299584,9.940239639,471,35,454,40,506,494
38,1000,20,7.7,28,80,964,22,7,7,36,8.397514623,106,203,21.01135611,9.342224709,7.901123841,8.928848027,501,16,463,20,517,483
41,1000,20,7.7,28,5,944,30,11,15,56,6.891029357,94,190,20.00317061,8.700193968,6.057294234,7.654487956,465,13,479,43,478,522
37,1000,20,7.7,28,80,949,33,10,8,51,8.827394157,98,235,21.29183803,9.148490337,7.844768091,9.716436788,454,21,495,30,475,525
39,1000,20,7.7,28,87,942,39,13,6,58,9.063723742,99,195,20.83601545,9.549006185,8.484404943,9.596341217,458,21,484,37,479,521
36,1000,20,7.7,28,87,954,31,7,8,46,8.761478952,95,218,20.99861119,9.470015889,8.384031065,9.116939583,466,19,488,27,485,515
35,1000,20,7.7,28,97,924,53,17,6,76,9.340425111,113,212,21.06743193,9.667650044,8.828513523,9.820590243,459,25,465,51,484,516
33,1000,20,7.7,28,101,924,58,6,12,76,9.389432379,109,214,21.45771142,9.277762875,8.865482031,9.926110267,471,35,453,41,506,494
40,1000,20,7.7,28,8,940,27,12,21,60,7.869423219,93,209,20.29820981,9.0555602,6.836082636,8.830948627,464,18,476,42,482,518
38,1000,20,7.7,28,81,965,22,7,6,35,8.372208366,114,212,21.00656251,9.352342655,7.874960091,8.904459625,501,16,464,19,517,483
41,1000,20,7.7,28,6,944,29,12,15,56,6.944653063,104,219,20.01738872,8.722974184,6.090961275,7.726386157,465,13,479,43,478,522
39,1000,20,7.7,28,88,942,37,15,6,58,9.099487596,103,202,20.83075877,9.551870393,8.564219471,9.591605507,458,21,484,37,479,521
37,1000,20,7.7,28,81,948,33,11,8,52,8.875547517,84,220,21.3007318,9.139362263,7.911688423,9.747610508,455,20,493,32,475,525
35,1000,20,7.7,28,98,923,54,16,7,77,9.352907003,101,202,21.07072607,9.667428827,8.849663439,9.824941664,458,26,465,51,484,516
36,1000,20,7.7,28,88,953,32,7,8,47,8.775460774,93,196,21.01582753,9.459905843,8.370142997,9.157167806,465,20,488,27,485,515
33,1000,20,7.7,28,102,925,57,6,12,75,9.38774656,90,235,21.4778369,9.292732434,8.872729221,9.915274442,471,35,454,40,506,494
38,1000,20,7.7,28,82,965,22,5,8,35,8.422222438,108,215,21.00146508,9.358307286,7.952624746,8.924876697,501,16,464,19,517,483
41,1000,20,7.7,28,7,945,28,12,15,55,6.999483788,85,185,20.01034741,8.728003048,6.152813195,7.774787511,466,12,479,43,478,522
40,1000,20,7.7,28,9,940,28,12,20,60,7.880380769,93,213,20.32034795,9.060853585,6.864114684,8.826018323,463,19,477,41,482,518
39,1000,20,7.7,28,89,944,35,15,6,56,9.068937704,91,221,20.85118488,9.58439046,8.595046845,9.504626228,458,21,486,35,479,521
35,1000,20,7.7,28,99,923,54,16,7,77,9.35148788,102,252,21.08657733,9.670645531,8.843718059,9.827768101,458,26,465,51,484,516
37,1000,20,7.7,28,82,948,33,11,8,52,8.904976877,86,211,21.30058197,9.157128294,7.927918557,9.788982024,455,20,493,32,475,525
36,1000,20,7.7,28,89,952,33,7,8,48,8.783505987,89,213,21.04690349,9.455664524,8.372758914,9.170326047,465,20,487,28,485,515
33,1000,20,7.7,28,103,929,52,7,12,71,9.366938319,115,240,21.50293741,9.295955686,8.820372678,9.926780857,474,32,455,39,506,494
41,1000,20,7.7,28,8,945,28,12,15,55,7.021722511,96,211,20.00828285,8.732748087,6.16433927,7.8068359,466,12,479,43,478,522
38,1000,20,7.7,28,83,966,20,6,8,34,8.424968977,100,217,20.99924449,9.352190038,7.971722839,8.910120641,501,16,465,18,517,483
40,1000,20,7.7,28,10,942,28,11,19,58,7.837403105,87,203,20.33639545,9.052460523,6.888547571,8.72031501,463,19,479,39,482,518
39,1000,20,7.7,28,90,942,36,16,6,58,9.099520841,106,242,20.87583164,9.590954103,8.610804134,9.548840039,457,22,485,36,479,521
35,1000,20,7.7,28,100,924,54,15,7,76,9.341196697,104,218,21.10207712,9.674669226,8.851008793,9.800985351,457,27,467,49,484,516
37,1000,20,7.7,28,83,949,32,11,8,51,8.881479091,101,222,21.30402522,9.141702042,7.937630233,9.735437582,455,20,494,31,475,525
36,1000,20,7.7,28,90,952,33,7,8,48,8.794369231,97,205,21.07148846,9.463630931,8.407652551,9.158558726,465,20,487,28,485,515
41,1000,20,7.7,28,9,946,27,12,15,54,7.028151549,98,229,20.02070369,8.757396989,6.195128099,7.790958462,466,12,480,42,478,522
38,1000,20,7.7,28,84,966,20,6,8,34,8.424292553,119,206,21.01849689,9.369105757,7.996211354,8.882507831,501,16,465,18,517,483
33,1000,20,7.7,28,104,927,52,9,12,73,9.408221719,91,226,21.50668574,9.311708545,8.887075445,9.942027416,473,33,454,40,506,494
42,1000,20,7.7,28,0,945,22,15,18,55,6.926,95,214,20.08291594,8.728624464,5.913461538,8.022916667,504,16,441,39,520,480
39,1000,20,7.7,28,91,943,36,15,6,57,9.127599436,104,198,20.88636973,9.589307337,8.646547998,9.569871295,458,21,485,36,479,521
35,1000,20,7.7,28,101,925,53,14,8,75,9.34527158,109,191,21.12048571,9.683970835,8.837943239,9.821137697,457,27,468,48,484,516
40,1000,20,7.7,28,11,942,28,11,19,58,7.877982067,92,211,20.35104124,9.051968465,6.961369789,8.73089156,463,19,479,39,482,518
37,1000,20,7.7,28,84,949,32,11,8,51,8.899556375,84,203,21.31268661,9.141106401,7.927068926,9.779425972,455,20,494,31,475,525
36,1000,20,7.7,28,91,952,31,8,9,48,8.80785337,88,231,21.0750532,9.453874202,8.418424602,9.174596967,465,20,487,28,485,515
41,1000,20,7.7,28,10,945,29,13,13,55,7.032524917,90,175,20.03352115,8.752244649,6.227704881,7.769505716,466,12,479,43,478,522
38,1000,20,7.7,28,85,966,20,5,9,34,8.453415015,98,223,21.02636113,9.361618805,8.011074866,8.926892981,501,16,465,18,517,483
42,1000,20,7.7,28,1,946,22,14,18,54,6.951015108,94,193,20.08743402,8.729459186,5.931322973,8.055681588,504,16,442,38,520,480
39,1000,20,7.7,28,92,943,36,15,6,57,9.136165751,117,230,20.89480413,9.578549935,8.655723756,9.577877298,458,21,485,36,479,521
35,1000,20,7.7,28,102,926,52,14,8,74,9.324303425,111,208,21.13992713,9.704418279,8.833212589,9.784939015,458,26,468,48,484,516
40,1000,20,7.7,28,12,942,28,11,19,58,7.87616716,78,206,20.35494437,9.065934192,6.961118474,8.727621729,463,19,479,39,482,518
37,1000,20,7.7,28,85,950,31,12,7,50,8.920273468,114,205,21.30963564,9.132296273,7.985081643,9.766399405,455,20,495,30,475,525
41,1000,20,7.7,28,11,946,29,13,12,54,7.048734536,95,195,20.06102749,8.782756026,6.297335214,7.736797517,466,12,480,42,478,522
36,1000,20,7.7,28,92,950,33,10,7,50,8.804873857,113,189,21.09104573,9.461898575,8.406332313,9.180199389,466,19,484,31,485,515
38,1000,20,7.7,28,86,966,20,6,8,34,8.483676217,90,203,21.02005613,9.378966458,8.037236061,8.961542803,501,16,465,18,517,483
42,1000,20,7.7,28,2,948,20,14,18,52,6.93259886,98,202,20.08981695,8.732417461,5.923130539,8.02618954,504,16,444,36,520,480
39,1000,20,7.7,28,93,942,36,16,6,58,9.158163064,100,233,20.9095473,9.566446626,8.711983652,9.568374079,457,22,485,36,479,521
35,1000,20,7.7,28,103,924,53,15,8,76,9.360234232,108,223,21.14731344,9.724466237,8.852000565,9.836949532,458,26,466,50,484,516
41,1000,20,7.7,28,12,947,27,14,12,53,7.071940245,104,210,20.08545279,8.797095905,6.343272072,7.739188111,466,12,481,41,478,522
37,1000,20,7.7,28,86,950,31,12,7,50,8.956985581,112,236,21.32394151,9.134956899,8.030590407,9.795152644,455,20,495,30,475,525
40,1000,20,7.7,28,13,943,28,11,18,57,7.873499284,108,216,20.34530203,9.048784541,6.989168402,8.696370877,463,19,480,38,482,518
36,1000,20,7.7,28,93,951,31,11,7,49,8.799508636,105,217,21.11392255,9.468181701,8.390430026,9.184757423,466,19,485,30,485,515
38,1000,20,7.7,28,87,967,20,5,8,33,8.515181581,97,225,21.04303427,9.375454294,8.080312935,8.980662098,501,16,466,17,517,483
39,1000,20,7.7,28,94,942,36,15,7,58,9.165961988,109,216,20.92309452,9.577147384,8.726612598,9.569893577,457,22,485,36,479,521
42,1000,20,7.7,28,3,947,21,14,18,53,6.967865996,104,209,20.09828415,8.725474221,5.996606575,8.020063702,504,16,443,37,520,480
35,1000,20,7.7,28,104,922,54,16,8,78,9.363377429,103,219,21.15809942,9.716574774,8.880652579,9.816165854,458,26,464,52,484,516
43,1000,20,7.7,28,0,952,24,7,17,48,7.08,74,209,20.14169927,8.741893925,6.446028513,7.691552063,473,18,479,30,491,509
41,1000,20,7.7,28,13,947,27,14,12,53,7.080750845,89,203,20.0949693,8.81538101,6.321975191,7.775568398,466,12,481,41,478,522
37,1000,20,7.7,28,87,953,28,12,7,47,8.937835897,89,223,21.32246534,9.145294047,8.057346035,9.734469581,455,20,498,27,475,525
36,1000,20,7.7,28,94,952,31,10,7,48,8.775285327,97,207,21.1181479,9.477673314,8.401575172,9.127225959,466,19,486,29,485,515
40,1000,20,7.7,28,14,943,29,10,18,57,7.873549925,77,223,20.34849423,9.038042236,6.979726529,8.705254321,462,20,481,37,482,518
39,1000,20,7.7,28,95,942,36,15,7,58,9.1868585,96,216,20.91474318,9.581949877,8.74918046,9.589253473,457,22,485,36,479,521
38,1000,20,7.7,28,88,967,20,5,8,33,8.512851285,88,224,21.05097518,9.379315178,8.067306778,8.989759173,501,16,466,17,517,483
42,1000,20,7.7,28,4,947,21,15,17,53,7.000152117,81,187,20.10552401,8.726724774,6.05556688,8.02345279,504,16,443,37,520,480
43,1000,20,7.7,28,1,954,22,7,17,46,7.09496252,90,208,20.14458038,8.741247285,6.451041565,7.716112204,474,17,480,29,491,509
41,1000,20,7.7,28,14,951,25,12,12,49,7.069227689,98,202,20.1148267,8.813591568,6.292035447,7.780909474,467,11,484,38,478,522
37,1000,20,7.7,28,88,953,28,12,7,47,8.971852167,109,216,21.31961653,9.156304212,8.107084725,9.754260805,455,20,498,27,475,525
36,1000,20,7.7,28,95,950,33,10,7,50,8.80347507,99,204,21.14481663,9.501439742,8.451986154,9.134488904,464,21,486,29,485,515
39,1000,20,7.7,28,96,943,35,15,7,57,9.194237233,98,208,20.94068094,9.592594104,8.737451278,9.614199751,457,22,486,35,479,521
40,1000,20,7.7,28,15,942,27,12,19,58,7.904277149,99,216,20.34432526,9.04233696,7.018417549,8.728571217,461,21,481,37,482,518
38,1000,20,7.7,28,89,968,19,5,8,32,8.533713146,101,204,21.06990354,9.357936103,8.086206696,9.012721086,501,16,467,16,517,483
43,1000,20,7.7,28,2,952,24,7,17,48,7.124732639,98,220,20.16440799,8.740602636,6.520370359,7.707722579,473,18,479,30,491,509
42,1000,20,7.7,28,5,948,22,14,16,52,6.98971142,99,219,20.10074427,8.726377488,6.033181068,8.025952635,505,15,443,37,520,480
41,1000,20,7.7,28,15,953,24,12,11,47,7.09567033,90,226,20.1266926,8.82750412,6.321099768,7.804951419,467,11,486,36,478,522
37,1000,20,7.7,28,89,952,29,12,7,48,9.001804874,105,213,21.3454918,9.172319514,8.107318508,9.811102063,455,20,497,28,475,525
36,1000,20,7.7,28,96,949,34,10,7,51,8.818844807,98,219,21.15200924,9.50137562,8.498121973,9.120884758,463,22,486,29,485,515
39,1000,20,7.7,28,97,943,36,15,6,57,9.192687948,87,209,20.96507103,9.60261416,8.748499028,9.601068932,456,23,487,34,479,521
43,1000,20,7.7,28,3,953,24,7,16,47,7.14823131,80,186,20.17111052,8.769179155,6.539988927,7.734964139,474,17,479,30,491,509
38,1000,20,7.7,28,90,967,20,5,8,33,8.584081835,89,220,21.11318434,9.377914681,8.171614136,9.025584527,500,17,467,16,517,483
42,1000,20,7.7,28,6,949,22,13,16,51,6.962769697,91,193,20.13736285,8.729633545,6.000450299,8.005282378,505,15,444,36,520,480
40,1000,20,7.7,28,16,943,25,14,18,57,7.881742288,89,209,20.34808394,9.049304806,7.018955437,8.684567118,461,21,482,36,482,518
41,1000,20,7.7,28,16,954,23,12,11,46,7.142766618,85,225,20.1366201,8.831598039,6.361061821,7.858580589,467,11,487,35,478,522
39,1000,20,7.7,28,98,944,35,15,6,56,9.217799279,109,214,20.9696722,9.597476984,8.803799227,9.598425047,456,23,488,33,479,521
37,1000,20,7.7,28,90,953,28,12,7,47,9.004869407,97,233,21.33292774,9.178622131,8.122686753,9.803034666,455,20,498,27,475,525
36,1000,20,7.7,28,97,947,36,10,7,53,8.856265045,101,221,21.16290297,9.518366877,8.512469779,9.180033401,461,24,486,29,485,515
43,1000,20,7.7,28,4,952,25,7,16,48,7.16574179,86,210,20.18328535,8.759038166,6.535467542,7.773727361,474,17,478,31,491,509
38,1000,20,7.7,28,91,967,21,5,7,33,8.586924345,82,217,21.14312093,9.406399613,8.167723884,9.035633741,501,16,466,17,517,483
42,1000,20,7.7,28,7,949,22,13,16,51,6.988170262,79,191,20.14244926,8.720770729,6.015922915,8.041438221,505,15,444,36,520,480
41,1000,20,7.7,28,17,953,25,12,10,47,7.18080149,89,178,20.13626892,8.838384356,6.421010353,7.876548929,467,11,486,36,478,522
40,1000,20,7.7,28,17,944,24,14,18,56,7.921347451,106,218,20.34930674,9.058512494,7.102651111,8.683145975,461,21,483,35,482,518
39,1000,20,7.7,28,99,944,34,16,6,56,9.255658357,104,227,20.98063169,9.628214257,8.850945051,9.627746022,457,22,487,34,479,521
37,1000,20,7.7,28,91,953,28,12,7,47,8.992732236,99,214,21.36646592,9.189682439,8.109262459,9.792062035,455,20,498,27,475,525
43,1000,20,7.7,28,5,951,25,8,16,49,7.184547228,88,187,20.17911319,8.74699432,6.534814252,7.811303399,474,17,477,32,491,509
36,1000,20,7.7,28,98,946,36,11,7,54,8.876714372,111,224,21.19074464,9.533583692,8.569145593,9.166366523,460,25,486,29,485,515
38,1000,20,7.7,28,92,966,22,5,7,34,8.613891021,115,219,21.15248082,9.408922578,8.192650627,9.064783948,500,17,466,17,517,483
41,1000,20,7.7,28,18,953,26,11,10,47,7.181606923,93,185,20.15765154,8.825337873,6.426512904,7.873053171,467,11,486,36,478,522
42,1000,20,7.7,28,8,951,20,13,16,49,6.999816394,100,210,20.17030614,8.711104969,6.031218364,8.049130926,505,15,446,34,520,480
40,1000,20,7.7,28,18,943,25,14,18,57,7.937642103,99,194,20.35582105,9.088289197,7.130501519,8.688687973,461,21,482,36,482,518
39,1000,20,7.7,28,100,944,34,15,7,56,9.260005121,104,204,20.99880574,9.649809318,8.869372259,9.619147426,457,22,487,34,479,521
43,1000,20,7.7,28,6,953,24,7,16,47,7.183506402,101,226,20.1857724,8.742428399,6.527089896,7.81670975,474,17,479,30,491,509
37,1000,20,7.7,28,92,953,28,12,7,47,8.988220133,98,200,21.373222,9.194407824,8.087035038,9.803578077,455,20,498,27,475,525
36,1000,20,7.7,28,99,945,39,10,6,55,8.882359181,97,207,21.22869881,9.550816982,8.604069859,9.144437473,458,27,487,28,485,515
41,1000,20,7.7,28,19,952,27,11,10,48,7.20345378,97,197,20.18846991,8.844852214,6.453701349,7.890008688,466,12,486,36,478,522
38,1000,20,7.7,28,93,966,21,6,7,34,8.652594626,88,224,21.15371804,9.401675051,8.230672077,9.104217728,500,17,466,17,517,483
42,1000,20,7.7,28,9,951,19,14,16,49,7.049060258,79,193,20.18421359,8.727705902,6.04492659,8.136871732,505,15,446,34,520,480
40,1000,20,7.7,28,19,943,26,14,17,57,7.982387811,102,214,20.35809767,9.102598089,7.215569838,8.695913415,461,21,482,36,482,518
39,1000,20,7.7,28,101,943,34,16,7,57,9.275484603,107,218,21.01035429,9.667800746,8.910553322,9.610997239,455,24,488,33,479,521
43,1000,20,7.7,28,7,955,22,7,16,45,7.167884329,97,207,20.18868355,8.752198466,6.517236043,7.795523442,475,16,480,29,491,509
37,1000,20,7.7,28,93,951,30,12,7,49,9.022459949,113,225,21.39647066,9.200479533,8.109060109,9.848869327,455,20,496,29,475,525
36,1000,20,7.7,28,100,945,38,10,7,55,8.886377458,121,200,21.25397847,9.553809422,8.632253374,9.125698198,458,27,487,28,485,515
41,1000,20,7.7,28,20,953,26,11,10,47,7.199130739,90,208,20.19558934,8.846385508,6.444673244,7.889994115,466,12,487,35,478,522
38,1000,20,7.7,28,94,964,23,6,7,36,8.656295016,100,220,21.16915792,9.401692434,8.203853006,9.140585947,499,18,465,18,517,483
42,1000,20,7.7,28,10,953,18,14,15,47,7.041409257,97,201,20.217424,8.743762701,6.092964841,8.068890707,505,15,448,32,520,480
39,1000,20,7.7,28,102,942,36,15,7,58,9.317998486,89,212,21.01519221,9.688997343,8.964815885,9.642709554,455,24,487,34,479,521
43,1000,20,7.7,28,8,955,22,8,15,45,7.189105975,88,241,20.20807807,8.759885779,6.519265451,7.835258622,475,16,480,29,491,509
40,1000,20,7.7,28,20,944,25,14,17,56,7.999255277,89,225,20.37561237,9.095532004,7.229834475,8.715202818,461,21,483,35,482,518
41,1000,20,7.7,28,21,954,26,10,10,46,7.20354789,96,210,20.20305777,8.85829608,6.470663725,7.874656377,466,12,488,34,478,522
37,1000,20,7.7,28,94,951,30,12,7,49,9.030200618,83,210,21.40929829,9.210204673,8.129377958,9.845230643,455,20,496,29,475,525
36,1000,20,7.7,28,101,946,37,10,7,54,8.886793528,107,209,21.2741259,9.573753261,8.66994759,9.091007664,459,26,487,28,485,515
38,1000,20,7.7,28,95,964,23,6,7,36,8.652747052,109,218,21.17406024,9.398535369,8.178596158,9.160275028,499,18,465,18,517,483
42,1000,20,7.7,28,11,953,19,13,15,47,7.051912543,108,234,20.2313231,8.747891787,6.084144815,8.100327582,505,15,448,32,520,480
39,1000,20,7.7,28,103,944,34,15,7,56,9.313798982,97,196,21.02181663,9.69248557,8.94768063,9.650402995,455,24,489,32,479,521
43,1000,20,7.7,28,9,957,21,7,15,43,7.180440146,87,216,20.20945239,8.776310921,6.512711144,7.824555942,476,15,481,28,491,509
41,1000,20,7.7,28,22,955,23,12,10,45,7.246016641,94,193,20.23342114,8.842811743,6.508245324,7.921600337,467,11,488,34,478,522
40,1000,20,7.7,28,21,944,26,14,16,56,8.00908571,82,198,20.37567574,9.078263595,7.256442491,8.709421679,462,20,482,36,482,518
37,1000,20,7.7,28,95,952,30,11,7,48,9.022774239,97,213,21.41567555,9.220778348,8.137129831,9.82407156,456,19,496,29,475,525
36,1000,20,7.7,28,102,943,40,10,7,57,8.943422869,96,211,21.28122028,9.566573066,8.707018049,9.166056534,457,28,486,29,485,515
38,1000,20,7.7,28,96,963,24,6,7,37,8.685850303,108,230,21.19415156,9.39483668,8.189433858,9.217211177,499,18,464,19,517,483
42,1000,20,7.7,28,12,954,18,13,15,46,7.075798661,91,217,20.25323576,8.745917428,6.102055846,8.130686711,505,15,449,31,520,480
39,1000,20,7.7,28,104,944,34,15,7,56,9.334185308,108,214,21.04683748,9.700609771,8.970973526,9.668117061,455,24,489,32,479,521
44,1000,20,7.7,28,0,942,34,13,11,58,7.093,102,189,20.11971019,8.870169685,6.194779116,7.984063745,485,13,457,45,498,502
43,1000,20,7.7,28,10,958,21,6,15,42,7.193331795,97,195,20.24707331,8.775859412,6.507881757,7.85454195,477,14,481,28,491,509
41,1000,20,7.7,28,23,954,24,12,10,46,7.272959447,78,218,20.24637928,8.858969278,6.540919666,7.943294724,467,11,487,35,478,522
40,1000,20,7.7,28,22,945,26,13,16,55,8.025904264,91,214,20.37360762,9.078614705,7.262711242,8.736056845,463,19,482,36,482,518
37,1000,20,7.7,28,96,950,32,11,7,50,9.034355312,115,223,21.42105516,9.232090206,8.160469302,9.825014083,456,19,494,31,475,525
36,1000,20,7.7,28,103,943,40,10,7,57,8.99141307,100,208,21.30439644,9.563860035,8.787517316,9.1834314,457,28,486,29,485,515
38,1000,20,7.7,28,97,963,24,5,8,37,8.709069455,96,211,21.18788738,9.384505008,8.225166812,9.227035638,499,18,464,19,517,483
42,1000,20,7.7,28,13,954,17,13,16,46,7.122252431,91,188,20.27443284,8.730309457,6.12897634,8.19830153,505,15,449,31,520,480
43,1000,20,7.7,28,11,958,21,6,15,42,7.241749381,91,208,20.27803609,8.771000512,6.591410656,7.869089879,477,14,481,28,491,509
44,1000,20,7.7,28,1,940,36,13,11,60,7.119030052,73,208,20.12680017,8.884571875,6.228035651,8.002924897,483,15,457,45,498,502
41,1000,20,7.7,28,24,954,24,11,11,46,7.327690133,93,214,20.25831646,8.865318258,6.581322302,8.011145733,467,11,487,35,478,522
37,1000,20,7.7,28,97,950,32,11,7,50,9.041055044,96,196,21.4185307,9.228944952,8.167457641,9.831452694,456,19,494,31,475,525
36,1000,20,7.7,28,104,941,40,11,8,59,9.025704996,124,231,21.29481172,9.573385672,8.799571606,9.238665568,456,29,485,30,485,515
45,1000,20,7.7,28,0,950,23,16,11,50,7.251,90,215,20.0095296,8.721852438,6.327586207,8.259414226,511,11,439,39,522,478
40,1000,20,7.7,28,23,946,26,13,15,54,8.040372016,90,201,20.40530789,9.092184681,7.253827415,8.772253286,464,18,482,36,482,518
42,1000,20,7.7,28,14,956,16,12,16,44,7.14797857,86,195,20.29222412,8.733375476,6.140095241,8.239852176,505,15,451,29,520,480
38,1000,20,7.7,28,98,964,23,5,8,36,8.747283305,104,205,21.17296898,9.388900306,8.235764659,9.294809474,500,17,464,19,517,483
43,1000,20,7.7,28,12,958,23,6,13,42,7.272974092,92,228,20.29112581,8.791481648,6.634387826,7.888977739,477,14,481,28,491,509
44,1000,20,7.7,28,2,942,35,12,11,58,7.139254546,88,210,20.13698844,8.879697076,6.27293084,7.998675275,483,15,459,43,498,502
41,1000,20,7.7,28,25,954,25,11,10,46,7.368004086,82,211,20.27748155,8.859150446,6.650193189,8.025309851,467,11,487,35,478,522
37,1000,20,7.7,28,98,949,33,11,7,51,9.074950537,100,214,21.43048412,9.226801485,8.176141345,9.888158854,456,19,493,32,475,525
45,1000,20,7.7,28,1,950,23,16,11,50,7.266048278,89,234,20.01274135,8.729028164,6.390222683,8.222493802,509,13,441,37,522,478
40,1000,20,7.7,28,24,947,25,13,15,53,8.045332661,93,217,20.39769112,9.096578065,7.254016688,8.781653701,465,17,482,36,482,518
42,1000,20,7.7,28,15,956,16,12,16,44,7.157110114,90,193,20.29870689,8.74248972,6.167465255,8.229225379,505,15,451,29,520,480
43,1000,20,7.7,28,13,958,23,6,13,42,7.312608963,100,219,20.30268518,8.812053291,6.713607184,7.890427968,477,14,481,28,491,509
38,1000,20,7.7,28,99,964,23,4,9,36,8.791264844,101,196,21.20705236,9.384415433,8.255101538,9.365170495,500,17,464,19,517,483
44,1000,20,7.7,28,3,943,34,12,11,57,7.161876135,88,200,20.14440336,8.88024737,6.309965759,8.00699838,483,15,460,42,498,502
41,1000,20,7.7,28,26,955,24,11,10,45,7.406161434,92,215,20.29006085,8.869204588,6.689066785,8.062811323,466,12,489,33,478,522
37,1000,20,7.7,28,99,949,33,11,7,51,9.076662628,96,240,21.44829427,9.245761922,8.182132339,9.885999557,456,19,493,32,475,525
45,1000,20,7.7,28,2,952,22,14,12,48,7.271512581,113,212,20.01765408,8.739043877,6.431896561,8.188415431,509,13,443,35,522,478
43,1000,20,7.7,28,14,960,22,5,13,40,7.305012061,101,205,20.34299978,8.841426401,6.745362289,7.844870682,477,14,483,26,491,509
42,1000,20,7.7,28,16,957,17,11,15,43,7.174541516,92,205,20.31903395,8.736154342,6.216990249,8.211888722,505,15,452,28,520,480
44,1000,20,7.7,28,4,942,35,11,12,58,7.170092108,93,201,20.1586251,8.881961323,6.361492409,7.972248782,482,16,460,42,498,502
38,1000,20,7.7,28,100,965,22,4,9,35,8.806986216,114,200,21.22561865,9.389590591,8.299356861,9.350349314,501,16,464,19,517,483
41,1000,20,7.7,28,27,957,23,11,9,43,7.409390771,91,194,20.29768508,8.879441042,6.723506925,8.037460653,466,12,491,31,478,522
40,1000,20,7.7,28,25,946,26,13,15,54,8.087871937,112,232,20.40126694,9.11786289,7.290215645,8.830092657,465,17,481,37,482,518
43,1000,20,7.7,28,15,961,21,5,13,39,7.301196404,94,231,20.34742905,8.852347768,6.776480806,7.807356244,477,14,484,25,491,509
37,1000,20,7.7,28,100,948,33,12,7,52,9.134924342,109,207,21.45155018,9.259850191,8.216452689,9.965922504,455,20,493,32,475,525
45,1000,20,7.7,28,3,952,22,14,12,48,7.270280994,99,188,20.04993447,8.73657318,6.472519273,8.141476848,508,14,444,34,522,478
44,1000,20,7.7,28,5,944,34,11,11,56,7.168595944,101,204,20.16645885,8.890298375,6.372572248,7.95827682,483,15,461,41,498,502
42,1000,20,7.7,28,17,958,16,11,15,42,7.179410107,92,211,20.31106106,8.741104133,6.209286814,8.230377008,506,14,452,28,520,480
41,1000,20,7.7,28,28,958,23,10,9,42,7.428959599,98,208,20.32338009,8.898864598,6.759742321,8.041767758,466,12,492,30,478,522
38,1000,20,7.7,28,101,967,20,4,9,33,8.812413934,104,244,21.23892899,9.41441739,8.300606387,9.360249342,502,15,465,18,517,483
40,1000,20,7.7,28,26,945,26,14,15,55,8.114896012,102,200,20.42562906,9.123579476,7.324972321,8.84992153,465,17,480,38,482,518
43,1000,20,7.7,28,16,961,21,6,12,39,7.358069533,72,213,20.35225442,8.862765713,6.859839362,7.838680562,477,14,484,25,491,509
44,1000,20,7.7,28,6,945,33,11,11,55,7.180703552,78,211,20.18903769,8.90949817,6.397799162,7.957369661,483,15,462,40,498,502
41,1000,20,7.7,28,29,958,24,9,9,42,7.469016006,108,212,20.34441474,8.915832191,6.777734727,8.102028366,467,11,491,31,478,522
37,1000,20,7.7,28,101,947,34,12,7,53,9.1521956,99,207,21.4827291,9.271661163,8.241193238,9.976435833,455,20,492,33,475,525
45,1000,20,7.7,28,4,952,22,14,12,48,7.292415613,75,217,20.06355163,8.746917125,6.524093997,8.131461396,508,14,444,34,522,478
42,1000,20,7.7,28,18,959,15,10,16,41,7.248256422,83,166,20.35303022,8.731399004,6.287223013,8.289375948,506,14,453,27,520,480
38,1000,20,7.7,28,102,967,20,4,9,33,8.841016591,92,226,21.24596988,9.442215869,8.359708818,9.356205243,502,15,465,18,517,483
40,1000,20,7.7,28,27,948,23,14,15,52,8.076869978,101,200,20.43977568,9.146108652,7.326825314,8.774787986,467,15,481,37,482,518
43,1000,20,7.7,28,17,960,22,6,12,40,7.40764362,101,204,20.38227549,8.861395172,6.906308701,7.891249602,476,15,484,25,491,509
44,1000,20,7.7,28,7,945,34,11,10,55,7.208650503,82,200,20.18530971,8.916311003,6.42099034,7.990034489,483,15,462,40,498,502
41,1000,20,7.7,28,30,959,23,9,9,41,7.476181176,88,211,20.35143868,8.920495645,6.784341731,8.109704653,467,11,492,30,478,522
45,1000,20,7.7,28,5,953,21,14,12,47,7.313715607,97,209,20.09556679,8.768480369,6.54855237,8.14931228,509,13,444,34,522,478
37,1000,20,7.7,28,102,947,34,12,7,53,9.156024047,105,223,21.48202446,9.278083623,8.24183427,9.98314813,455,20,492,33,475,525
42,1000,20,7.7,28,19,959,15,10,16,41,7.277464151,78,202,20.3867301,8.746505566,6.308548954,8.327122282,506,14,453,27,520,480
38,1000,20,7.7,28,103,967,20,4,9,33,8.847805729,101,227,21.26272398,9.456667387,8.370540071,9.358667727,502,15,465,18,517,483
40,1000,20,7.7,28,28,949,22,14,15,51,8.097462159,96,221,20.44045383,9.157305435,7.331117873,8.810546996,467,15,482,36,482,518
43,1000,20,7.7,28,18,959,23,6,12,41,7.432609977,90,216,20.41315685,8.867263744,6.963220181,7.885400526,475,16,484,25,491,509
41,1000,20,7.7,28,31,961,22,8,9,39,7.472276263,103,217,20.36615199,8.952928622,6.807457865,8.081056329,467,11,494,28,478,522
44,1000,20,7.7,28,8,946,33,10,11,54,7.25523995,107,216,20.21918051,8.914176721,6.432385983,8.071537312,484,14,462,40,498,502
45,1000,20,7.7,28,6,955,21,11,13,45,7.352816425,96,198,20.12709646,8.772090319,6.581742916,8.194867411,510,12,445,33,522,478
37,1000,20,7.7,28,103,944,36,13,7,56,9.172781915,101,223,21.51632771,9.276540113,8.255118221,10.00304907,455,20,489,36,475,525
42,1000,20,7.7,28,20,960,15,9,16,40,7.263652991,101,189,20.39732264,8.782646167,6.2764734,8.333097548,507,13,453,27,520,480
38,1000,20,7.7,28,104,967,20,4,9,33,8.877606772,97,222,21.27910076,9.483020558,8.408795443,9.379419312,502,15,465,18,517,483
46,1000,20,7.7,28,0,940,32,16,12,60,7.193,96,198,20.05274096,8.786781953,6.550695825,7.84305835,482,21,458,39,503,497
43,1000,20,7.7,28,19,959,22,7,12,41,7.46134018,86,200,20.43464155,8.871637427,6.985157599,7.920683298,475,16,484,25,491,509
44,1000,20,7.7,28,9,947,32,10,11,53,7.264032387,83,203,20.21467822,8.92530096,6.419732135,8.101605147,485,13,462,40,498,502
40,1000,20,7.7,28,29,949,23,13,15,51,8.114684263,89,224,20.44518199,9.153047211,7.322134157,8.852153668,468,14,481,37,482,518
41,1000,20,7.7,28,32,961,23,7,9,39,7.505549762,86,213,20.35933398,8.956104441,6.853535659,8.102604822,467,11,494,28,478,522
45,1000,20,7.7,28,7,955,21,11,13,45,7.360763697,88,206,20.13052001,8.774937746,6.59910725,8.192530779,510,12,445,33,522,478
37,1000,20,7.7,28,104,943,37,13,7,57,9.191332911,92,207,21.53334332,9.286104168,8.224999137,10.0656349,456,19,487,38,475,525
42,1000,20,7.7,28,21,959,16,9,16,41,7.290241339,84,214,20.39998573,8.7847554,6.322550104,8.33857351,507,13,452,28,520,480
47,1000,20,7.7,28,0,946,29,10,15,54,7.125,84,206,20.13053647,8.825500165,6.301587302,7.961693548,489,15,457,39,504,496
46,1000,20,7.7,28,1,944,30,14,12,56,7.167438452,106,217,20.07155022,8.793476866,6.489485496,7.853575951,485,18,459,38,503,497
43,1000,20,7.7,28,20,958,23,7,12,42,7.500831072,73,215,20.44864174,8.877394592,7.013297017,7.971124238,475,16,483,26,491,509
44,1000,20,7.7,28,10,947,32,10,11,53,7.30109167,79,207,20.2235997,8.923323568,6.43962598,8.155693091,485,13,462,40,498,502
41,1000,20,7.7,28,33,961,23,7,9,39,7.545817818,98,232,20.36232243,8.953362289,6.929585701,8.110106998,466,12,495,27,478,522
40,1000,20,7.7,28,30,951,21,13,15,49,8.104318197,85,196,20.44824774,9.143512839,7.307273973,8.845969386,469,13,482,36,482,518
45,1000,20,7.7,28,8,954,23,11,12,46,7.376879324,90,203,20.13786747,8.804421365,6.635945702,8.186016041,510,12,444,34,522,478
42,1000,20,7.7,28,22,958,17,8,17,42,7.343312945,90,249,20.4334053,8.78375886,6.384806011,8.381695457,507,13,451,29,520,480
47,1000,20,7.7,28,1,947,27,11,15,53,7.131355471,82,169,20.13073573,8.80773587,6.309621964,7.966342743,489,15,458,38,504,496
46,1000,20,7.7,28,2,946,28,14,12,54,7.187227864,95,205,20.08993241,8.832605869,6.501997839,7.880730283,486,17,460,37,503,497
43,1000,20,7.7,28,21,958,23,7,12,42,7.508540532,87,218,20.45510924,8.884589196,7.036863371,7.963537557,475,16,483,26,491,509
44,1000,20,7.7,28,11,950,29,9,12,50,7.315648228,103,191,20.22076801,8.907767919,6.476880121,8.147732924,485,13,465,37,498,502
41,1000,20,7.7,28,34,961,23,7,9,39,7.558521008,90,194,20.38630221,8.974335869,6.956965121,8.109371036,466,12,495,27,478,522
40,1000,20,7.7,28,31,951,21,13,15,49,8.129245241,112,203,20.47583042,9.145576581,7.355397628,8.849311938,469,13,482,36,482,518
45,1000,20,7.7,28,9,955,23,10,12,45,7.36203679,86,209,20.14254155,8.81872573,6.616419754,8.176288029,510,12,445,33,522,478
42,1000,20,7.7,28,23,958,17,8,17,42,7.355042728,93,201,20.44305675,8.773672743,6.396208614,8.393779684,507,13,451,29,520,480
47,1000,20,7.7,28,2,947,27,11,15,53,7.144407149,91,220,20.14516581,8.829133071,6.328243403,7.973734827,489,15,458,38,504,496
43,1000,20,7.7,28,22,956,25,7,12,44,7.537633426,90,209,20.47112589,8.902868309,7.073330728,7.985516776,474,17,482,27,491,509
46,1000,20,7.7,28,3,947,27,14,12,53,7.179711236,93,218,20.12682313,8.836063781,6.501376199,7.866235429,485,18,462,35,503,497
44,1000,20,7.7,28,12,950,30,8,12,50,7.351965825,94,202,20.23280664,8.894778978,6.537097171,8.160341501,485,13,465,37,498,502
41,1000,20,7.7,28,35,962,22,7,9,38,7.548645329,73,192,20.42466927,8.977083777,6.966624949,8.081606519,466,12,496,26,478,522
45,1000,20,7.7,28,10,955,23,9,13,45,7.395094842,97,208,20.16087382,8.848479533,6.679299913,8.176778844,509,13,446,32,522,478
40,1000,20,7.7,28,32,951,21,13,15,49,8.18160754,89,222,20.51377057,9.137406071,7.437754073,8.873764627,468,14,483,35,482,518
42,1000,20,7.7,28,24,958,17,8,17,42,7.377293483,95,200,20.43450412,8.758637402,6.426764226,8.407033512,507,13,451,29,520,480
47,1000,20,7.7,28,3,948,25,11,16,52,7.147069574,91,227,20.18026038,8.822830616,6.349466697,7.957537015,489,15,459,37,504,496
43,1000,20,7.7,28,23,957,24,7,12,43,7.576574602,81,211,20.4770907,8.937547654,7.127571522,8.00969938,474,17,483,26,491,509
44,1000,20,7.7,28,13,952,28,8,12,48,7.347534452,117,214,20.2344495,8.901443828,6.511422244,8.176984412,487,11,465,37,498,502
46,1000,20,7.7,28,4,946,28,14,12,54,7.216864426,88,216,20.13775399,8.851282435,6.548311865,7.893488044,484,19,462,35,503,497
41,1000,20,7.7,28,36,962,22,7,9,38,7.571056271,86,222,20.43975864,8.983218446,6.985697332,8.10707461,466,12,496,26,478,522
45,1000,20,7.7,28,11,955,23,9,13,45,7.418725756,100,210,20.18674065,8.852261723,6.683006303,8.222168339,510,12,445,33,522,478
42,1000,20,7.7,28,25,959,16,8,17,41,7.442771558,85,205,20.44616019,8.767395161,6.52188469,8.440398998,507,13,452,28,520,480
43,1000,20,7.7,28,24,958,24,7,11,42,7.540980919,98,194,20.47878598,8.943688231,7.050136389,8.01446749,475,16,483,26,491,509
40,1000,20,7.7,28,33,952,22,10,16,48,8.214310595,88,193,20.53131567,9.153788192,7.497248468,8.881538289,468,14,484,34,482,518
47,1000,20,7.7,28,4,948,25,11,16,52,7.171964243,104,202,20.19362053,8.819317382,6.391301542,7.965218278,489,15,459,37,504,496
44,1000,20,7.7,28,14,951,29,8,12,49,7.387271356,102,225,20.26770751,8.927354296,6.575255398,8.192817067,487,11,464,38,498,502
41,1000,20,7.7,28,37,960,23,7,10,40,7.575916787,92,188,20.47703741,8.979299017,7.035299949,8.07096439,464,14,496,26,478,522
46,1000,20,7.7,28,5,946,28,14,12,54,7.262362099,92,214,20.16775112,8.86238394,6.577419647,7.955573474,484,19,462,35,503,497
43,1000,20,7.7,28,25,957,26,7,10,43,7.544221723,88,237,20.51978094,8.952090835,7.092283814,7.980177546,473,18,484,25,491,509
45,1000,20,7.7,28,12,953,24,10,13,47,7.467522881,90,199,20.19418693,8.848752325,6.717426589,8.286665694,508,14,445,33,522,478
42,1000,20,7.7,28,26,960,16,8,16,40,7.439957841,90,207,20.45523667,8.787473903,6.531004207,8.424657612,508,12,452,28,520,480
44,1000,20,7.7,28,15,950,30,8,12,50,7.411148207,94,197,20.25857933,8.931051636,6.59094627,8.22481467,486,12,464,38,498,502
41,1000,20,7.7,28,38,961,22,7,10,39,7.562438541,94,208,20.47604823,8.976892719,6.993637056,8.083295072,465,13,496,26,478,522
47,1000,20,7.7,28,5,948,25,11,16,52,7.221596228,77,210,20.20189694,8.8469505,6.454906504,8.000651916,489,15,459,37,504,496
40,1000,20,7.7,28,34,953,24,8,15,47,8.212805756,83,216,20.55152358,9.17324397,7.477651462,8.896868246,469,13,484,34,482,518
46,1000,20,7.7,28,6,947,27,14,12,53,7.302197592,96,215,20.17142292,8.880908942,6.624803231,7.987769752,484,19,463,34,503,497
43,1000,20,7.7,28,26,957,26,7,10,43,7.546039257,86,219,20.563577,8.959309267,7.104007871,7.972438884,473,18,484,25,491,509
44,1000,20,7.7,28,16,950,31,8,11,50,7.376999956,91,195,20.28504085,8.92444941,6.614257891,8.133664395,486,12,464,38,498,502
42,1000,20,7.7,28,27,962,16,8,14,38,7.42454663,97,221,20.46215212,8.807597481,6.52727769,8.396587982,509,11,453,27,520,480
45,1000,20,7.7,28,13,953,24,10,13,47,7.474928442,90,201,20.20693804,8.866367946,6.705962771,8.314677563,508,14,445,33,522,478
41,1000,20,7.7,28,39,962,21,7,10,38,7.58955664,84,211,20.49543939,8.990854383,7.0670789,8.06799411,465,13,497,25,478,522
47,1000,20,7.7,28,6,949,24,11,16,51,7.223488567,100,208,20.19929313,8.852594255,6.447221494,8.012276077,489,15,460,36,504,496
46,1000,20,7.7,28,7,948,28,12,12,52,7.330511884,95,201,20.15991292,8.878169026,6.637518876,8.031871006,484,19,464,33,503,497
40,1000,20,7.7,28,35,953,25,7,15,47,8.236698059,94,226,20.56983536,9.163372523,7.538711603,8.886175804,468,14,485,33,482,518
43,1000,20,7.7,28,27,956,27,7,10,44,7.563482659,109,195,20.60435875,8.956571784,7.14147514,7.970566532,472,19,484,25,491,509
44,1000,20,7.7,28,17,949,32,7,12,51,7.424733898,92,212,20.29268892,8.924194177,6.638733051,8.20447179,486,12,463,39,498,502
41,1000,20,7.7,28,40,962,21,7,10,38,7.633122172,89,199,20.49825985,8.993486541,7.091976143,8.128654359,465,13,497,25,478,522
42,1000,20,7.7,28,28,962,16,8,14,38,7.436537772,88,203,20.48640633,8.8218271,6.562297358,8.383631555,509,11,453,27,520,480
45,1000,20,7.7,28,14,955,25,8,12,45,7.457612374,92,183,20.20657594,8.874164038,6.719018745,8.264193701,508,14,447,31,522,478
47,1000,20,7.7,28,7,947,26,11,16,53,7.23775175,83,208,20.21311863,8.878318858,6.483242746,8.004430254,488,16,459,37,504,496
46,1000,20,7.7,28,8,947,28,13,12,53,7.381451813,87,222,20.15305247,8.884411515,6.689413441,8.081844774,485,18,462,35,503,497
40,1000,20,7.7,28,36,952,27,7,14,48,8.293794378,101,197,20.58149104,9.191629032,7.620449444,8.920343139,468,14,484,34,482,518
43,1000,20,7.7,28,28,956,27,7,10,44,7.588006898,78,196,20.61742974,8.949602377,7.1611948,7.999725444,472,19,484,25,491,509
44,1000,20,7.7,28,18,949,33,7,11,51,7.455909989,106,177,20.308273,8.947161917,6.680950103,8.224694897,486,12,463,39,498,502
41,1000,20,7.7,28,41,962,21,7,10,38,7.66663842,108,198,20.51178397,8.978982138,7.106328341,8.179719297,465,13,497,25,478,522
42,1000,20,7.7,28,29,962,16,8,14,38,7.450770818,92,213,20.52260854,8.814863503,6.585374932,8.388283026,509,11,453,27,520,480
45,1000,20,7.7,28,15,955,25,8,12,45,7.470472775,87,219,20.22915389,8.873438271,6.736425002,8.272089798,508,14,447,31,522,478
47,1000,20,7.7,28,8,948,25,11,16,52,7.225967859,89,214,20.20489086,8.901363182,6.475646831,7.988390838,489,15,459,37,504,496
46,1000,20,7.7,28,9,945,30,13,12,55,7.372124713,98,206,20.14870296,8.918445324,6.700367645,8.051991524,484,19,461,36,503,497
43,1000,20,7.7,28,29,957,26,7,10,43,7.621152502,93,206,20.65810295,8.936923895,7.198534011,8.028825741,472,19,485,24,491,509
40,1000,20,7.7,28,37,952,26,8,14,48,8.317446865,96,209,20.59437754,9.208006187,7.655259331,8.933613643,468,14,484,34,482,518
44,1000,20,7.7,28,19,950,32,7,11,50,7.453301629,90,201,20.32729423,8.945347593,6.668892691,8.231460297,486,12,464,38,498,502
41,1000,20,7.7,28,42,963,21,6,10,37,7.701678597,97,220,20.53676477,8.989412687,7.161672276,8.196167143,465,13,498,24,478,522
42,1000,20,7.7,28,30,963,16,7,14,37,7.448572249,102,218,20.51436419,8.812838411,6.599461413,8.368442321,509,11,454,26,520,480
45,1000,20,7.7,28,16,954,27,7,12,46,7.502749979,88,210,20.2559189,8.860162554,6.798627989,8.271686546,507,15,447,31,522,478
47,1000,20,7.7,28,9,950,24,10,16,50,7.236746898,79,189,20.2310728,8.91429942,6.525036466,7.959936531,489,15,461,35,504,496
46,1000,20,7.7,28,10,945,30,14,11,55,7.37678329,85,188,20.16266701,8.934066838,6.729763934,8.031613745,484,19,461,36,503,497
43,1000,20,7.7,28,30,957,26,7,10,43,7.653730294,93,202,20.66055234,8.942627926,7.195043326,8.096196504,473,18,484,25,491,509
44,1000,20,7.7,28,20,950,32,8,10,50,7.441115194,97,200,20.3355406,8.938733662,6.655356292,8.220613069,486,12,464,38,498,502
41,1000,20,7.7,28,43,963,21,7,9,37,7.67052586,116,208,20.55186403,8.995780004,7.165568242,8.132920001,465,13,498,24,478,522
40,1000,20,7.7,28,38,953,26,6,15,47,8.34799216,116,203,20.60471957,9.21922314,7.749981333,8.904442389,467,15,486,32,482,518
42,1000,20,7.7,28,31,963,17,6,14,37,7.465308965,88,205,20.52861501,8.828662186,6.605807613,8.396435429,510,10,453,27,520,480
45,1000,20,7.7,28,17,953,28,7,12,47,7.547310672,87,178,20.26290138,8.863946938,6.81116438,8.351219384,507,15,446,32,522,478
47,1000,20,7.7,28,10,950,23,11,16,50,7.253699414,96,190,20.22299597,8.936529263,6.516050688,8.0032457,489,15,461,35,504,496
43,1000,20,7.7,28,31,956,27,7,10,44,7.688717085,80,217,20.67402463,8.94653338,7.20375805,8.156526291,473,18,483,26,491,509
46,1000,20,7.7,28,11,945,30,14,11,55,7.413591895,105,208,20.17196829,8.962511268,6.795983252,8.038656579,485,18,460,37,503,497
44,1000,20,7.7,28,21,950,33,7,10,50,7.447216631,110,213,20.33174184,8.966931833,6.686582231,8.2017902,486,12,464,38,498,502
41,1000,20,7.7,28,44,964,20,7,9,36,7.682943295,88,186,20.54886946,9.015891637,7.171466148,8.151307426,465,13,499,23,478,522
40,1000,20,7.7,28,39,953,25,7,15,47,8.391183462,85,215,20.62548018,9.228056402,7.814269866,8.928002676,468,14,485,33,482,518
42,1000,20,7.7,28,32,962,18,6,14,38,7.498140184,97,195,20.55012658,8.838977923,6.650529787,8.416384781,509,11,453,27,520,480
45,1000,20,7.7,28,18,955,26,7,12,45,7.573830824,95,208,20.27788288,8.855274188,6.866700223,8.346052945,507,15,448,30,522,478
43,1000,20,7.7,28,32,956,28,7,9,44,7.698725219,98,214,20.69887356,8.941955518,7.224205689,8.156464097,473,18,483,26,491,509
47,1000,20,7.7,28,11,952,22,9,17,48,7.242659494,86,203,20.2239917,8.943085399,6.507515979,7.989660162,491,13,461,35,504,496
44,1000,20,7.7,28,22,949,34,7,10,51,7.490445437,96,224,20.33639279,8.968661574,6.76064114,8.214434561,486,12,463,39,498,502
46,1000,20,7.7,28,12,945,30,13,12,55,7.453544031,96,178,20.1642408,8.976201835,6.824721515,8.089957965,485,18,460,37,503,497
41,1000,20,7.7,28,45,964,20,7,9,36,7.70296449,84,186,20.5590864,9.039507804,7.18814122,8.174392696,465,13,499,23,478,522
42,1000,20,7.7,28,33,963,18,5,14,37,7.511080753,97,225,20.56707487,8.830652991,6.689053774,8.401609979,509,11,454,26,520,480
40,1000,20,7.7,28,40,953,24,8,15,47,8.415054291,101,217,20.67141376,9.231568501,7.848486376,8.942246829,467,15,486,32,482,518
45,1000,20,7.7,28,19,955,26,7,12,45,7.573068665,83,209,20.30445274,8.881603046,6.879409035,8.330579809,507,15,448,30,522,478
43,1000,20,7.7,28,33,956,28,7,9,44,7.716902982,99,212,20.7031177,8.954563545,7.249637124,8.167644704,473,18,483,26,491,509
47,1000,20,7.7,28,12,953,22,8,17,47,7.248205766,122,197,20.25201268,8.946992683,6.503785177,8.004633139,492,12,461,35,504,496
44,1000,20,7.7,28,23,950,34,7,9,50,7.500903928,92,231,20.33273772,8.980729584,6.797044427,8.199154987,485,13,465,37,498,502
41,1000,20,7.7,28,46,965,19,7,9,35,7.705047893,88,181,20.54977022,9.050895321,7.157385009,8.206547621,466,12,499,23,478,522
46,1000,20,7.7,28,13,944,30,14,12,56,7.505656733,85,212,20.17480593,8.988714675,6.881909363,8.136934252,484,19,460,37,503,497
42,1000,20,7.7,28,34,962,19,5,14,38,7.527219831,95,209,20.59199156,8.836030398,6.69029519,8.433888192,509,11,453,27,520,480
43,1000,20,7.7,28,34,957,27,7,9,43,7.745854877,93,243,20.70700683,8.951250568,7.287864495,8.187649136,473,18,484,25,491,509
45,1000,20,7.7,28,20,953,28,7,12,47,7.586524464,121,217,20.33073926,8.886201366,6.875576004,8.362915879,506,16,447,31,522,478
40,1000,20,7.7,28,41,952,25,8,15,48,8.420478822,99,218,20.64607385,9.229042375,7.865726427,8.936676996,466,16,486,32,482,518
41,1000,20,7.7,28,47,965,20,6,9,35,7.721817862,91,213,20.58102645,9.051772672,7.176340074,8.22131668,465,13,500,22,478,522
44,1000,20,7.7,28,24,950,36,6,8,50,7.534170868,105,196,20.36663404,8.988846025,6.866910492,8.196114427,484,14,466,36,498,502
47,1000,20,7.7,28,13,953,23,7,17,47,7.277253511,84,205,20.27154702,8.948046091,6.558372455,8.007729423,491,13,462,34,504,496
46,1000,20,7.7,28,14,944,30,14,12,56,7.529536308,84,237,20.17165024,8.977863322,6.898809083,8.167877946,484,19,460,37,503,497
42,1000,20,7.7,28,35,962,19,5,14,38,7.51731011,110,229,20.62385422,8.844508837,6.660542645,8.445474863,509,11,453,27,520,480
43,1000,20,7.7,28,35,957,27,7,9,43,7.802680358,79,217,20.6995721,8.958481548,7.349404529,8.239926787,473,18,484,25,491,509
45,1000,20,7.7,28,21,954,27,7,12,46,7.569029355,97,210,20.34489377,8.892902216,6.889083349,8.311564533,507,15,447,31,522,478
41,1000,20,7.7,28,48,965,19,7,9,35,7.744704042,98,214,20.59605943,9.045798952,7.197459185,8.24582098,465,13,500,22,478,522
44,1000,20,7.7,28,25,951,35,6,8,49,7.559646321,98,199,20.38420914,8.993525163,6.891608002,8.222361625,485,13,466,36,498,502
40,1000,20,7.7,28,42,952,27,6,15,48,8.462879969,97,217,20.66135898,9.237766532,7.979776626,8.912408563,465,17,487,31,482,518
47,1000,20,7.7,28,14,956,23,6,15,44,7.305466914,83,220,20.28478789,8.938141995,6.593160711,8.029261927,493,11,463,33,504,496
46,1000,20,7.7,28,15,947,29,13,11,53,7.524631171,98,200,20.19838475,8.979906819,6.863727382,8.193513678,487,16,460,37,503,497
43,1000,20,7.7,28,36,958,26,7,9,42,7.795560814,87,213,20.69211682,8.967039406,7.348096845,8.22720091,473,18,485,24,491,509
42,1000,20,7.7,28,36,962,19,5,14,38,7.537042813,78,218,20.62759197,8.867598447,6.672905223,8.473191868,509,11,453,27,520,480
41,1000,20,7.7,28,49,966,19,7,8,34,7.727223606,102,220,20.61231651,9.065813286,7.192789922,8.21660924,466,12,500,22,478,522
44,1000,20,7.7,28,26,950,36,6,8,50,7.577334846,87,206,20.40826495,9.001700218,6.908583162,8.24075783,484,14,466,36,498,502
45,1000,20,7.7,28,22,953,28,7,12,47,7.608339834,87,210,20.37447152,8.906384184,6.919390993,8.360706559,507,15,446,32,522,478
47,1000,20,7.7,28,15,956,23,6,15,44,7.351120033,89,206,20.32111639,8.946868515,6.616903458,8.09717881,493,11,463,33,504,496
40,1000,20,7.7,28,43,954,26,6,14,46,8.445345979,101,200,20.66461524,9.238671888,7.981816434,8.876661115,466,16,488,30,482,518
46,1000,20,7.7,28,16,947,29,12,12,53,7.549546975,90,184,20.20663167,8.98774261,6.886601358,8.22049596,487,16,460,37,503,497
43,1000,20,7.7,28,37,958,26,7,9,42,7.807897377,83,200,20.68359548,8.948560788,7.403792905,8.197711319,473,18,485,24,491,509
41,1000,20,7.7,28,50,967,18,7,8,33,7.701442767,101,201,20.62881772,9.083678415,7.176883395,8.181786406,467,11,500,22,478,522
42,1000,20,7.7,28,37,961,20,5,14,39,7.552961448,83,213,20.62758374,8.87090893,6.68769768,8.49033053,508,12,453,27,520,480
44,1000,20,7.7,28,27,950,36,6,8,50,7.628134194,94,220,20.41505227,9.010385938,6.961474367,8.289481991,484,14,466,36,498,502
45,1000,20,7.7,28,23,953,28,7,12,47,7.605404773,98,202,20.38436466,8.91526501,6.904957378,8.370328498,507,15,446,32,522,478
47,1000,20,7.7,28,16,956,23,6,15,44,7.40023942,98,187,20.34052783,8.962844012,6.690047557,8.121885992,493,11,463,33,504,496
46,1000,20,7.7,28,17,948,28,12,12,52,7.569332909,83,211,20.22368628,8.987195189,6.899910802,8.24683657,486,17,462,35,503,497
40,1000,20,7.7,28,44,952,28,5,15,48,8.477321352,101,217,20.67076686,9.254504098,7.991437127,8.929437562,465,17,487,31,482,518
43,1000,20,7.7,28,38,959,26,6,9,41,7.819278247,82,229,20.68545441,8.954469179,7.36098773,8.261362027,475,16,484,25,491,509
41,1000,20,7.7,28,51,966,19,6,9,34,7.773189208,87,238,20.63698802,9.095888909,7.221530458,8.278347987,466,12,500,22,478,522
44,1000,20,7.7,28,28,949,37,6,8,51,7.66705085,95,208,20.44542773,9.029740632,6.996326861,8.332430424,483,15,466,36,498,502
42,1000,20,7.7,28,38,961,20,5,14,39,7.604643072,109,205,20.63541012,8.875792365,6.756683197,8.523266271,508,12,453,27,520,480
45,1000,20,7.7,28,24,954,27,7,12,46,7.609804708,94,207,20.40196075,8.915174262,6.888190026,8.397844173,508,14,446,32,522,478
47,1000,20,7.7,28,17,955,22,7,16,45,7.453161002,106,229,20.35634359,8.962204896,6.753730196,8.163872949,492,12,463,33,504,496
46,1000,20,7.7,28,18,949,27,12,12,51,7.566113796,92,216,20.24119697,8.986979693,6.906311659,8.233881351,486,17,463,34,503,497
43,1000,20,7.7,28,39,959,26,5,10,41,7.844702617,106,217,20.72193544,8.977855785,7.369507406,8.303093283,475,16,484,25,491,509
41,1000,20,7.7,28,52,966,19,6,9,34,7.82059739,87,225,20.66729974,9.085500141,7.272915494,8.322114528,467,11,499,23,478,522
40,1000,20,7.7,28,45,952,28,5,15,48,8.485151885,99,219,20.6771633,9.278620515,7.992691256,8.943387451,465,17,487,31,482,518
44,1000,20,7.7,28,29,948,38,7,7,52,7.711724996,93,211,20.47008237,9.036566977,7.056264719,8.361962482,482,16,466,36,498,502
42,1000,20,7.7,28,39,962,19,5,14,38,7.62038138,105,214,20.63851167,8.888532719,6.76173576,8.550580802,509,11,453,27,520,480
45,1000,20,7.7,28,25,954,27,7,12,46,7.676165719,98,200,20.4318311,8.913452773,6.92395202,8.497620847,508,14,446,32,522,478
47,1000,20,7.7,28,18,954,23,8,15,46,7.482356457,97,206,20.33615487,8.980463043,6.800978946,8.174723928,492,12,462,34,504,496
46,1000,20,7.7,28,19,949,28,12,11,51,7.564960162,105,193,20.2690047,8.985967256,6.88791975,8.2501741,486,17,463,34,503,497
43,1000,20,7.7,28,40,960,25,5,10,40,7.876311174,80,228,20.72025298,8.980399418,7.381851945,8.353284616,475,16,485,24,491,509
41,1000,20,7.7,28,53,966,19,6,9,34,7.854167351,99,209,20.65413785,9.080330847,7.276446598,8.383191336,467,11,499,23,478,522
44,1000,20,7.7,28,30,948,38,7,7,52,7.7450192,106,214,20.50948757,9.03161045,7.123988893,8.361101058,481,17,467,35,498,502
40,1000,20,7.7,28,46,952,27,6,15,48,8.524768453,111,242,20.66597132,9.303704929,8.052638272,8.964086497,465,17,487,31,482,518
42,1000,20,7.7,28,40,962,19,5,14,38,7.650023486,95,210,20.64451682,8.896873496,6.786557824,8.585444621,509,11,453,27,520,480
45,1000,20,7.7,28,26,954,27,7,12,46,7.716357982,94,213,20.4335871,8.916148477,6.949221717,8.554109301,508,14,446,32,522,478
47,1000,20,7.7,28,19,955,22,8,15,45,7.484597098,86,196,20.34870476,9.010487829,6.813349648,8.166671121,492,12,463,33,504,496
43,1000,20,7.7,28,41,960,25,5,10,40,7.878617804,97,207,20.7302472,8.974485044,7.400833399,8.3395061,475,16,485,24,491,509
41,1000,20,7.7,28,54,966,19,6,9,34,7.870748203,81,216,20.67064842,9.086457012,7.286784961,8.40548849,467,11,499,23,478,522
46,1000,20,7.7,28,20,948,29,12,11,52,7.586648034,92,207,20.25936595,8.996399412,6.910569557,8.270888424,485,18,463,34,503,497
44,1000,20,7.7,28,31,950,36,7,7,50,7.753546724,99,215,20.53022548,9.038435608,7.119340837,8.382699178,481,17,469,33,498,502
42,1000,20,7.7,28,41,962,20,5,13,38,7.621227678,108,199,20.66597401,8.9053112,6.771139697,8.542156324,509,11,453,27,520,480
40,1000,20,7.7,28,47,951,27,8,14,49,8.565544776,101,245,20.67992122,9.30223983,8.058896279,9.03698218,465,17,486,32,482,518
45,1000,20,7.7,28,27,955,27,7,11,45,7.734158685,113,205,20.47053368,8.919353016,6.965044074,8.574070456,508,14,447,31,522,478
43,1000,20,7.7,28,42,962,24,4,10,38,7.92339992,97,225,20.75579815,8.966050116,7.476478894,8.354516273,475,16,487,22,491,509
41,1000,20,7.7,28,55,963,21,6,10,37,7.931797055,89,218,20.69245013,9.096460831,7.374128215,8.442459327,464,14,499,23,478,522
47,1000,20,7.7,28,20,955,22,8,15,45,7.550370526,98,194,20.35875095,9.020829903,6.895166345,8.216142515,492,12,463,33,504,496
44,1000,20,7.7,28,32,949,38,7,6,51,7.769588641,96,222,20.57401275,9.026827699,7.109279259,8.424636595,480,18,469,33,498,502
46,1000,20,7.7,28,21,948,29,10,13,52,7.6251164,107,214,20.24850337,9.006878999,6.963707683,8.294509931,485,18,463,34,503,497
42,1000,20,7.7,28,42,961,21,5,13,39,7.646575156,87,213,20.69633752,8.922269271,6.813560669,8.549007517,509,11,452,28,520,480
40,1000,20,7.7,28,48,953,26,7,14,47,8.588355058,102,195,20.69956923,9.309938318,8.082734319,9.058836131,465,17,488,30,482,518
45,1000,20,7.7,28,28,952,30,7,11,48,7.771228703,76,185,20.46507815,8.913094078,7.003882687,8.60920908,508,14,444,34,522,478
43,1000,20,7.7,28,43,962,24,4,10,38,7.914400461,95,222,20.76093764,8.970104954,7.490931465,8.322894129,475,16,487,22,491,509
41,1000,20,7.7,28,56,964,21,5,10,36,7.960273726,87,198,20.70516164,9.10372698,7.4431013,8.433853074,464,14,500,22,478,522
44,1000,20,7.7,28,33,951,36,7,6,49,7.77880584,95,209,20.61029913,9.058065692,7.112755911,8.439548597,480,18,471,31,498,502
47,1000,20,7.7,28,21,956,21,8,15,44,7.554035625,108,227,20.36672955,9.040762485,6.905088307,8.213449836,493,11,463,33,504,496
46,1000,20,7.7,28,22,948,30,11,11,52,7.666690887,92,188,20.24376144,9.00430562,7.0195328,8.321661748,485,18,463,34,503,497
42,1000,20,7.7,28,43,962,20,5,13,38,7.669205671,81,202,20.71692053,8.927244524,6.834745491,8.573204201,509,11,453,27,520,480
43,1000,20,7.7,28,44,962,24,4,10,38,7.955436283,90,194,20.78311042,8.970734969,7.52063725,8.37485932,475,16,487,22,491,509
41,1000,20,7.7,28,57,964,21,5,10,36,7.963735664,99,210,20.71432026,9.101624122,7.458487283,8.426396059,464,14,500,22,478,522
45,1000,20,7.7,28,29,952,31,8,9,48,7.777428614,84,200,20.47402717,8.916713357,7.019180122,8.605474038,508,14,444,34,522,478
40,1000,20,7.7,28,49,951,27,7,15,49,8.603149805,99,206,20.7082761,9.317909954,8.108141915,9.063755602,464,18,487,31,482,518
44,1000,20,7.7,28,34,952,35,7,6,48,7.771753401,90,202,20.64446212,9.054231141,7.117655089,8.420639773,480,18,472,30,498,502
47,1000,20,7.7,28,22,956,21,8,15,44,7.616096849,98,198,20.38044975,9.062777132,6.97386541,8.26868686,493,11,463,33,504,496
46,1000,20,7.7,28,23,948,31,10,11,52,7.677945317,96,202,20.2527975,9.008991666,7.040063231,8.323528192,485,18,463,34,503,497
42,1000,20,7.7,28,44,963,19,5,13,37,7.676342237,111,197,20.74075446,8.915618421,6.832751473,8.590232231,510,10,453,27,520,480
43,1000,20,7.7,28,45,962,24,4,10,38,7.955195765,102,208,20.78671583,8.969419898,7.525478911,8.369716345,475,16,487,22,491,509
41,1000,20,7.7,28,58,964,21,5,10,36,7.959900885,102,212,20.72058841,9.110923157,7.455489885,8.421794483,464,14,500,22,478,522
45,1000,20,7.7,28,30,952,31,9,8,48,7.776205121,110,187,20.49318271,8.927098484,7.031922703,8.58899889,508,14,444,34,522,478
44,1000,20,7.7,28,35,952,35,6,7,48,7.797029598,86,210,20.63624599,9.063523454,7.111479393,8.477117252,480,18,472,30,498,502
40,1000,20,7.7,28,50,952,27,7,14,48,8.604684076,118,200,20.72556677,9.340822993,8.094350513,9.079550442,466,16,486,32,482,518
47,1000,20,7.7,28,23,956,21,8,15,44,7.663483842,103,235,20.3942399,9.074523305,7.048311472,8.288578348,493,11,463,33,504,496
46,1000,20,7.7,28,24,949,30,10,11,51,7.686112458,97,218,20.2696104,9.012631259,7.106201754,8.273024097,485,18,464,33,503,497
42,1000,20,7.7,28,45,963,19,5,13,37,7.699365068,98,212,20.7362917,8.934882172,6.849949812,8.61956493,510,10,453,27,520,480
43,1000,20,7.7,28,46,962,24,4,10,38,7.996153772,101,193,20.77630751,8.99515177,7.564958163,8.412100813,475,16,487,22,491,509
41,1000,20,7.7,28,59,964,21,5,10,36,7.994496505,93,215,20.73865835,9.134583967,7.517640839,8.431157441,464,14,500,22,478,522
44,1000,20,7.7,28,36,954,35,4,7,46,7.836545635,97,204,20.66396694,9.076940845,7.125301869,8.542122121,481,17,473,29,498,502
45,1000,20,7.7,28,31,952,31,9,8,48,7.814616461,97,212,20.50934144,8.939090691,7.079374837,8.617537231,508,14,444,34,522,478
47,1000,20,7.7,28,24,958,22,6,14,42,7.643891934,108,192,20.38804998,9.078346121,7.021448843,8.27637443,495,9,463,33,504,496
40,1000,20,7.7,28,51,952,27,7,14,48,8.641393539,109,206,20.75551109,9.356808071,8.119996306,9.126554671,466,16,486,32,482,518
46,1000,20,7.7,28,25,949,30,10,11,51,7.71741728,89,215,20.29420898,9.016678842,7.159060438,8.282514849,485,18,464,33,503,497
43,1000,20,7.7,28,47,962,24,3,11,38,8.035076326,97,221,20.77886968,8.999393062,7.600934841,8.453865066,475,16,487,22,491,509
41,1000,20,7.7,28,60,964,20,6,10,36,8.028594323,96,192,20.74322614,9.142289228,7.566512273,8.451726927,464,14,500,22,478,522
42,1000,20,7.7,28,46,962,19,6,13,38,7.749298706,108,225,20.747989,8.944880643,6.930389089,8.636450791,509,11,453,27,520,480
44,1000,20,7.7,28,37,952,37,4,7,48,7.858173168,102,239,20.66823082,9.081663007,7.166368047,8.544465898,479,19,473,29,498,502
45,1000,20,7.7,28,32,952,31,9,8,48,7.85240983,91,204,20.52184558,8.954886086,7.124311377,8.647529898,508,14,444,34,522,478
47,1000,20,7.7,28,25,958,22,5,15,42,7.682996597,94,199,20.39937932,9.081184646,7.038472665,8.337916076,495,9,463,33,504,496
46,1000,20,7.7,28,26,951,27,11,11,49,7.71884414,92,223,20.30694201,9.019552314,7.135589954,8.309139623,487,16,464,33,503,497
40,1000,20,7.7,28,52,952,28,6,14,48,8.663143027,95,220,20.79378212,9.362649485,8.163428124,9.12812871,466,16,486,32,482,518
41,1000,20,7.7,28,61,965,18,7,10,35,8.036345905,97,237,20.75545877,9.154992509,7.559123064,8.473343066,464,14,501,21,478,522
43,1000,20,7.7,28,48,963,23,3,11,37,8.033965014,88,208,20.77032745,9.000566654,7.619780129,8.433502889,476,15,487,22,491,509
42,1000,20,7.7,28,47,962,19,6,13,38,7.78587177,82,236,20.76141549,8.954537639,6.950603548,8.690745678,509,11,453,27,520,480
44,1000,20,7.7,28,38,951,38,5,6,49,7.88401912,101,210,20.69077133,9.08389341,7.188754464,8.573743818,479,19,472,30,498,502
45,1000,20,7.7,28,33,954,30,9,7,46,7.855111446,109,219,20.53486473,8.962574166,7.141067707,8.63488306,509,13,445,33,522,478
47,1000,20,7.7,28,26,958,21,6,15,42,7.705943396,96,198,20.39563546,9.103343516,7.059160282,8.363158496,495,9,463,33,504,496
41,1000,20,7.7,28,62,965,18,7,10,35,8.0611465,81,218,20.78201701,9.160128813,7.575597554,8.50576795,464,14,501,21,478,522
43,1000,20,7.7,28,49,964,23,3,10,36,8.056074493,101,215,20.76638149,9.03015865,7.619479298,8.477230172,478,13,486,23,491,509
46,1000,20,7.7,28,27,953,26,11,10,47,7.69521204,90,218,20.31129814,9.020350237,7.117662817,8.279733689,487,16,466,31,503,497
40,1000,20,7.7,28,53,951,29,6,14,49,8.703942165,88,208,20.78707571,9.375344856,8.205056792,9.168155968,466,16,485,33,482,518
44,1000,20,7.7,28,39,952,36,6,6,48,7.934817942,110,199,20.72737564,9.097528093,7.25091724,8.613269236,479,19,473,29,498,502
42,1000,20,7.7,28,48,962,18,7,13,38,7.81320158,105,232,20.76376814,8.972221507,6.9677296,8.729129559,509,11,453,27,520,480
45,1000,20,7.7,28,34,954,31,9,6,46,7.877507583,83,222,20.53545547,8.973956803,7.131267082,8.692439678,509,13,445,33,522,478
41,1000,20,7.7,28,63,965,18,7,10,35,8.06007542,96,214,20.81114376,9.172770965,7.549025704,8.528048149,464,14,501,21,478,522
43,1000,20,7.7,28,50,966,20,3,11,34,8.056090024,90,209,20.76636906,9.040096791,7.625083876,8.471854305,479,12,487,22,491,509
47,1000,20,7.7,28,27,958,21,6,15,42,7.732295305,89,221,20.41152,9.10915214,7.091882158,8.383037697,495,9,463,33,504,496
46,1000,20,7.7,28,28,953,26,11,10,47,7.733532746,89,201,20.32606854,9.017676193,7.125207928,8.349201525,487,16,466,31,503,497
44,1000,20,7.7,28,40,952,36,6,6,48,7.912456702,104,212,20.73388384,9.107246332,7.255945717,8.563736524,478,20,474,28,498,502
42,1000,20,7.7,28,49,961,19,7,13,39,7.846695578,83,205,20.77959995,8.983785699,6.994908178,8.769465262,509,11,452,28,520,480
40,1000,20,7.7,28,54,951,29,6,14,49,8.711548736,117,201,20.78793275,9.38495036,8.213423983,9.17505478,466,16,485,33,482,518
45,1000,20,7.7,28,35,954,31,9,6,46,7.908597689,89,221,20.55858467,8.990899818,7.133723857,8.754798819,509,13,445,33,522,478
41,1000,20,7.7,28,64,964,19,7,10,36,8.095364002,110,208,20.83064151,9.194832261,7.579082868,8.568127187,463,15,501,21,478,522
43,1000,20,7.7,28,51,965,20,3,12,35,8.083705851,109,234,20.78974734,9.041288597,7.676944098,8.476083101,478,13,487,22,491,509
47,1000,20,7.7,28,28,957,23,6,14,43,7.7513045,92,228,20.41284558,9.115904412,7.107223758,8.405773641,493,11,464,32,504,496
44,1000,20,7.7,28,41,952,36,7,5,48,7.8971922,86,211,20.74887676,9.127989775,7.258524569,8.530770845,478,20,474,28,498,502
46,1000,20,7.7,28,29,953,26,11,10,47,7.771355282,98,200,20.31784218,9.01674679,7.198629584,8.350995173,487,16,466,31,503,497
42,1000,20,7.7,28,50,961,19,7,13,39,7.853706338,87,216,20.7655222,8.993028119,7.034474081,8.741207949,509,11,452,28,520,480
40,1000,20,7.7,28,55,949,33,5,13,51,8.713228792,94,224,20.80613068,9.402680342,8.230254389,9.162637406,465,17,484,34,482,518
45,1000,20,7.7,28,36,954,31,9,6,46,7.907026572,89,225,20.56264965,9.005460215,7.145541285,8.73860674,509,13,445,33,522,478
41,1000,20,7.7,28,65,965,18,6,11,35,8.13214219,99,237,20.83115977,9.210577586,7.60627936,8.613679418,463,15,502,20,478,522
43,1000,20,7.7,28,52,964,20,4,12,36,8.162477,100,196,20.81186382,9.042113752,7.816214977,8.496494001,478,13,486,23,491,509
44,1000,20,7.7,28,42,953,36,6,5,47,7.92065731,92,214,20.75799268,9.131920532,7.275055477,8.561114906,479,19,474,28,498,502
47,1000,20,7.7,28,29,956,24,6,14,44,7.743373477,85,211,20.4357757,9.130089573,7.154331474,8.341916159,492,12,464,32,504,496
46,1000,20,7.7,28,30,952,27,11,10,48,7.769529269,85,194,20.31550884,9.02490288,7.21295956,8.332818129,487,16,465,32,503,497
42,1000,20,7.7,28,51,962,18,8,12,38,7.871838037,85,229,20.76186034,8.985183423,7.02263675,8.791806098,510,10,452,28,520,480
40,1000,20,7.7,28,56,949,33,5,13,51,8.733895661,98,194,20.82618848,9.408713767,8.244559183,9.189224199,466,16,483,35,482,518
41,1000,20,7.7,28,66,965,18,7,10,35,8.142003862,98,205,20.8347889,9.226797178,7.628729808,8.612013437,463,15,502,20,478,522
45,1000,20,7.7,28,37,953,32,9,6,47,7.951408552,98,217,20.60018669,9.004900181,7.189096475,8.783891615,509,13,444,34,522,478
43,1000,20,7.7,28,53,963,22,4,11,37,8.178990113,104,195,20.82735722,9.061074907,7.837251813,8.508643365,478,13,485,24,491,509
44,1000,20,7.7,28,43,952,37,6,5,48,7.976816373,93,218,20.77218201,9.136119517,7.354786699,8.593889636,478,20,474,28,498,502
47,1000,20,7.7,28,30,955,25,6,14,45,7.782989726,108,203,20.43189801,9.119980735,7.196211186,8.379232435,491,13,464,32,504,496
46,1000,20,7.7,28,31,953,27,10,10,47,7.745526018,101,192,20.34962802,9.003215348,7.236430988,8.260767065,487,16,466,31,503,497
42,1000,20,7.7,28,52,961,19,8,12,39,7.902683837,88,220,20.77779703,8.96197795,7.046375417,8.830351291,510,10,451,29,520,480
41,1000,20,7.7,28,67,962,21,7,10,38,8.192123689,103,228,20.85540368,9.233532116,7.655153722,8.68383182,463,15,499,23,478,522
43,1000,20,7.7,28,54,963,21,4,12,37,8.206019076,91,216,20.82709043,9.071921799,7.853674834,8.545903208,478,13,485,24,491,509
45,1000,20,7.7,28,38,955,30,10,5,45,7.968983899,101,210,20.60909015,8.99376472,7.240064285,8.765000717,509,13,446,32,522,478
40,1000,20,7.7,28,57,948,34,5,13,52,8.775105134,86,223,20.83362128,9.414703884,8.280474912,9.235359512,465,17,483,35,482,518
44,1000,20,7.7,28,44,952,37,6,5,48,8.000255027,62,197,20.7762958,9.152238447,7.375583767,8.619948827,478,20,474,28,498,502
47,1000,20,7.7,28,31,957,23,6,14,43,7.802590091,102,221,20.45871321,9.114974645,7.243980461,8.370209553,491,13,466,30,504,496
46,1000,20,7.7,28,32,952,29,9,10,48,7.780635477,93,196,20.35654993,9.001673318,7.260279725,8.30727319,486,17,466,31,503,497
42,1000,20,7.7,28,53,960,20,8,12,40,7.928123796,80,223,20.80766863,8.99235951,7.060080112,8.868504453,509,11,451,29,520,480
41,1000,20,7.7,28,68,963,21,6,10,37,8.210374249,99,225,20.87503981,9.223326139,7.692840107,8.684284822,463,15,500,22,478,522
43,1000,20,7.7,28,55,964,21,4,11,36,8.22008036,94,227,20.86431774,9.069448849,7.860460483,8.566982835,478,13,486,23,491,509
45,1000,20,7.7,28,39,955,30,10,5,45,7.991415672,90,206,20.63125397,9.005672047,7.277011862,8.771580502,509,13,446,32,522,478
44,1000,20,7.7,28,45,954,36,6,4,46,7.998255911,83,221,20.80582423,9.149015423,7.369838143,8.621666366,479,19,475,27,498,502
40,1000,20,7.7,28,58,947,34,6,13,53,8.786108213,98,222,20.8516246,9.425420478,8.290909383,9.246891681,465,17,482,36,482,518
47,1000,20,7.7,28,32,957,23,6,14,43,7.812059857,112,192,20.47004424,9.123728277,7.260245395,8.372774553,491,13,466,30,504,496
46,1000,20,7.7,28,33,952,29,9,10,48,7.804014625,99,211,20.37791149,9.009784034,7.290192994,8.324039335,486,17,466,31,503,497
42,1000,20,7.7,28,54,961,20,7,12,39,7.929793319,84,213,20.82695314,9.016919397,7.085387389,8.844566411,509,11,452,28,520,480
41,1000,20,7.7,28,69,964,19,7,10,36,8.249080125,88,202,20.89543514,9.227176757,7.768852637,8.688828667,463,15,501,21,478,522
43,1000,20,7.7,28,56,965,19,5,11,35,8.223193122,73,211,20.86046735,9.08827754,7.827972604,8.604437276,479,12,486,23,491,509
44,1000,20,7.7,28,46,954,36,6,4,46,7.993835255,105,186,20.81349258,9.160887912,7.341913669,8.640562247,479,19,475,27,498,502
45,1000,20,7.7,28,40,956,31,9,4,44,7.989058323,110,226,20.63078651,9.036706801,7.280261274,8.763100288,509,13,447,31,522,478
40,1000,20,7.7,28,59,945,35,7,13,55,8.804254948,88,229,20.83111918,9.411971374,8.268562493,9.302717812,465,17,480,38,482,518
47,1000,20,7.7,28,33,957,24,6,13,43,7.834511858,84,226,20.48049213,9.139909302,7.306670736,8.370866546,491,13,466,30,504,496
46,1000,20,7.7,28,34,951,30,9,10,49,7.797773255,105,178,20.38244768,9.022775847,7.342748514,8.258291253,486,17,465,32,503,497
42,1000,20,7.7,28,55,963,19,6,12,37,7.948975313,77,202,20.81593814,9.028471151,7.161863498,8.801679779,508,12,455,25,520,480
41,1000,20,7.7,28,70,964,18,7,11,36,8.304088943,99,234,20.89155595,9.249683277,7.832416509,8.736003548,463,15,501,21,478,522
43,1000,20,7.7,28,57,964,20,5,11,36,8.219602999,90,223,20.86815414,9.077528104,7.836767714,8.588899905,479,12,485,24,491,509
44,1000,20,7.7,28,47,954,36,6,4,46,8.033159312,85,229,20.84335681,9.175078927,7.385710545,8.675449124,479,19,475,27,498,502
45,1000,20,7.7,28,41,956,32,9,3,44,7.99818672,94,217,20.64836659,9.05566575,7.303997774,8.756275903,509,13,447,31,522,478
47,1000,20,7.7,28,34,958,24,6,12,42,7.84455541,98,202,20.51928563,9.141070959,7.312447949,8.385245249,492,12,466,30,504,496
41,1000,20,7.7,28,71,964,18,7,11,36,8.332161306,96,226,20.89735477,9.264380306,7.832472399,8.789730841,464,14,500,22,478,522
40,1000,20,7.7,28,60,945,35,7,13,55,8.782922996,100,220,20.8318572,9.414919451,8.256662538,9.272609369,465,17,480,38,482,518
43,1000,20,7.7,28,58,964,20,5,11,36,8.22896873,85,195,20.90047618,9.098230667,7.855494031,8.589236073,479,12,485,24,491,509
42,1000,20,7.7,28,56,963,17,8,12,37,8.022417693,87,203,20.8170108,9.033041181,7.235656659,8.874742145,508,12,455,25,520,480
46,1000,20,7.7,28,35,951,30,9,10,49,7.828729678,84,226,20.4014171,9.036422639,7.365557299,8.297493675,486,17,465,32,503,497
44,1000,20,7.7,28,48,954,36,7,3,46,8.04442763,96,198,20.84635047,9.195895809,7.37606663,8.707463045,479,19,475,27,498,502
45,1000,20,7.7,28,42,957,31,9,3,43,8.00595362,103,189,20.66070005,9.041792663,7.314909878,8.760608084,510,12,447,31,522,478
41,1000,20,7.7,28,72,964,18,7,11,36,8.344256957,95,180,20.89792726,9.245061772,7.845115286,8.801325385,463,15,501,21,478,522
47,1000,20,7.7,28,35,958,24,7,11,42,7.859621612,105,222,20.51787847,9.149539606,7.354242621,8.373151878,491,13,467,29,504,496
43,1000,20,7.7,28,59,962,22,5,11,38,8.251812445,94,220,20.91876631,9.105634576,7.890203693,8.600633462,478,13,484,25,491,509
42,1000,20,7.7,28,57,962,18,8,12,38,8.024654375,79,229,20.80792714,9.031438768,7.232105815,8.883248649,508,12,454,26,520,480
46,1000,20,7.7,28,36,951,30,8,11,49,7.877135621,94,225,20.43089304,9.026902155,7.439176669,8.320381804,486,17,465,32,503,497
40,1000,20,7.7,28,61,945,34,8,13,55,8.781617713,99,223,20.85960706,9.412120816,8.254200966,9.272380015,465,17,480,38,482,518
44,1000,20,7.7,28,49,954,35,7,4,46,8.105229619,90,218,20.85885976,9.210337226,7.409000689,8.795910908,479,19,475,27,498,502
45,1000,20,7.7,28,43,958,30,9,3,42,8.008772607,89,233,20.68329152,9.035840968,7.298512859,8.784411913,511,11,447,31,522,478
41,1000,20,7.7,28,73,965,18,7,10,35,8.368808031,105,242,20.91488088,9.253594959,7.908706531,8.790127029,463,15,502,20,478,522
43,1000,20,7.7,28,60,964,20,5,11,36,8.220697617,100,217,20.92051361,9.108833359,7.852098965,8.576261346,480,11,484,25,491,509
47,1000,20,7.7,28,36,958,25,7,10,42,7.869053102,97,219,20.5186972,9.142114487,7.383541468,8.362395569,491,13,467,29,504,496
42,1000,20,7.7,28,58,962,18,8,12,38,8.030363915,105,187,20.81582931,9.036614913,7.27442276,8.849300166,508,12,454,26,520,480
44,1000,20,7.7,28,50,954,34,8,4,46,8.098967978,104,206,20.86032588,9.229061595,7.378809258,8.813388382,480,18,474,28,498,502
46,1000,20,7.7,28,37,952,29,8,11,48,7.882953364,110,203,20.44258144,9.02986175,7.470134301,8.300756157,486,17,466,31,503,497
40,1000,20,7.7,28,62,944,35,8,13,56,8.800601674,97,227,20.86806416,9.448978115,8.238481162,9.323655896,465,17,479,39,482,518
45,1000,20,7.7,28,44,956,31,10,3,44,8.056799682,91,211,20.69214234,9.061390128,7.348212858,8.83061207,510,12,446,32,522,478
41,1000,20,7.7,28,74,963,19,7,11,37,8.410920841,101,206,20.94718215,9.275348274,7.951150417,8.83193667,462,16,501,21,478,522
43,1000,20,7.7,28,61,963,21,5,11,37,8.245062744,107,221,20.93719822,9.123974399,7.887023886,8.59044011,479,12,484,25,491,509
47,1000,20,7.7,28,37,957,26,7,10,43,7.909649562,105,199,20.53827826,9.172097743,7.415099426,8.412176313,490,14,467,29,504,496
44,1000,20,7.7,28,51,954,34,8,4,46,8.110686753,84,206,20.88122595,9.235626676,7.396050313,8.819628879,480,18,474,28,498,502
42,1000,20,7.7,28,59,962,17,9,12,38,8.04455276,89,207,20.83463951,9.04103477,7.282168876,8.870468635,508,12,454,26,520,480
46,1000,20,7.7,28,38,951,30,8,11,49,7.896126419,96,198,20.43883316,9.026750646,7.481978302,8.315274311,486,17,465,32,503,497
40,1000,20,7.7,28,63,943,36,8,13,57,8.819392552,108,240,20.87727685,9.4451666,8.25373704,9.345736098,464,18,479,39,482,518
41,1000,20,7.7,28,75,962,20,7,11,38,8.433771793,87,225,20.94103308,9.283149317,7.982563469,8.846947231,461,17,501,21,478,522
45,1000,20,7.7,28,45,954,32,11,3,46,8.075470746,115,229,20.68738857,9.075916708,7.372687011,8.842945871,508,14,446,32,522,478
43,1000,20,7.7,28,62,962,22,5,11,38,8.248662882,98,199,20.95036588,9.128274098,7.881018547,8.603306042,479,12,483,26,491,509
44,1000,20,7.7,28,52,953,35,8,4,47,8.130596053,89,226,20.86133261,9.236330918,7.412105642,8.843361442,479,19,474,28,498,502
47,1000,20,7.7,28,38,956,27,7,10,44,7.926409394,89,183,20.54217661,9.192768789,7.461929286,8.398381117,489,15,467,29,504,496
42,1000,20,7.7,28,60,963,16,9,12,37,8.078549301,85,217,20.86030685,9.051289916,7.337730467,8.881103037,509,11,454,26,520,480
46,1000,20,7.7,28,39,949,32,8,11,51,7.918127007,87,192,20.43692964,9.025149087,7.530995794,8.309931837,484,19,465,32,503,497
41,1000,20,7.7,28,76,959,23,7,11,41,8.483960105,114,231,20.95310365,9.278662316,8.052504256,8.879048028,459,19,500,22,478,522
40,1000,20,7.7,28,64,944,34,8,14,56,8.819418412,89,230,20.8941636,9.443773843,8.265153264,9.335163203,464,18,480,38,482,518
43,1000,20,7.7,28,63,962,23,5,10,38,8.264317235,113,220,20.97058168,9.152817167,7.879488078,8.635537501,479,12,483,26,491,509
45,1000,20,7.7,28,46,953,32,12,3,47,8.12102561,101,223,20.70521036,9.081628764,7.403173594,8.904956054,508,14,445,33,522,478
44,1000,20,7.7,28,53,954,34,8,4,46,8.150395504,103,217,20.8834208,9.24830547,7.429819779,8.86522959,479,19,475,27,498,502
47,1000,20,7.7,28,39,956,26,8,10,44,7.949845791,90,219,20.57283072,9.228328626,7.511488521,8.395273339,489,15,467,29,504,496
42,1000,20,7.7,28,61,964,16,8,12,36,8.089015807,88,169,20.89452372,9.055425363,7.359316877,8.879522981,509,11,455,25,520,480
46,1000,20,7.7,28,40,950,30,9,11,50,7.920218599,93,222,20.43844693,9.047224484,7.553434417,8.291430759,485,18,465,32,503,497
41,1000,20,7.7,28,77,959,23,7,11,41,8.476383879,93,228,20.96343361,9.278380005,8.05662879,8.860757312,459,19,500,22,478,522
43,1000,20,7.7,28,64,962,22,6,10,38,8.269218893,83,215,20.96496323,9.151711235,7.90535726,8.620213121,479,12,483,26,491,509
40,1000,20,7.7,28,65,943,35,7,15,57,8.835822412,97,209,20.9087209,9.45434576,8.280615314,9.352443689,464,18,479,39,482,518
45,1000,20,7.7,28,47,955,30,12,3,45,8.120663058,86,216,20.71833094,9.09784406,7.388699999,8.920003469,509,13,446,32,522,478
44,1000,20,7.7,28,54,953,34,9,4,47,8.186069953,104,202,20.90601644,9.251785533,7.449608682,8.916663006,478,20,475,27,498,502
47,1000,20,7.7,28,40,957,26,8,9,43,7.931219268,88,199,20.57614006,9.228107767,7.519527729,8.349550993,488,16,469,27,504,496
42,1000,20,7.7,28,62,963,17,8,12,37,8.123825546,97,218,20.90472368,9.069142707,7.392545711,8.916045367,508,12,455,25,520,480
46,1000,20,7.7,28,41,952,28,9,11,48,7.930613972,90,206,20.44267199,9.047917453,7.586267076,8.279117973,485,18,467,30,503,497
41,1000,20,7.7,28,78,959,23,7,11,41,8.469400502,96,203,20.97739707,9.285072579,8.064107692,8.840530698,459,19,500,22,478,522
43,1000,20,7.7,28,65,962,22,6,10,38,8.330717983,106,228,21.00956918,9.161247028,7.984847962,8.664356844,479,12,483,26,491,509
44,1000,20,7.7,28,55,954,34,8,4,46,8.195765944,97,187,20.91986739,9.251808402,7.46101742,8.924659898,478,20,476,26,498,502
45,1000,20,7.7,28,48,955,28,14,3,45,8.117100541,102,230,20.72266515,9.086119545,7.375103994,8.927398026,509,13,446,32,522,478
40,1000,20,7.7,28,66,943,35,7,15,57,8.861350551,108,202,20.92113563,9.480320778,8.300077981,9.383615761,464,18,479,39,482,518
47,1000,20,7.7,28,41,956,27,8,9,44,7.969236363,83,203,20.59542195,9.229238313,7.532774977,8.412737449,487,17,469,27,504,496
42,1000,20,7.7,28,63,963,17,8,12,37,8.171433512,88,208,20.90223067,9.07483986,7.446738372,8.956519914,508,12,455,25,520,480
41,1000,20,7.7,28,79,958,24,7,11,42,8.515717913,111,231,21.0088137,9.28576297,8.125549637,8.872998442,458,20,500,22,478,522
46,1000,20,7.7,28,42,951,30,9,10,49,7.958600993,100,205,20.45270543,9.033159652,7.657755932,8.263077987,484,19,467,30,503,497
43,1000,20,7.7,28,66,963,21,6,10,37,8.319510903,105,214,21.01819213,9.178749776,7.963690669,8.662748103,480,11,483,26,491,509
44,1000,20,7.7,28,56,954,34,8,4,46,8.207769957,90,215,20.92102057,9.259982117,7.462649261,8.946953435,478,20,476,26,498,502
45,1000,20,7.7,28,49,954,28,15,3,46,8.178494278,92,213,20.74033103,9.090490929,7.465190102,8.957458252,508,14,446,32,522,478
40,1000,20,7.7,28,67,944,34,7,15,56,8.878437831,86,210,20.93289716,9.487605026,8.306945774,9.410212293,464,18,480,38,482,518
47,1000,20,7.7,28,42,956,27,8,9,44,8.059883635,98,223,20.60197305,9.236943212,7.584317269,8.543120425,487,17,469,27,504,496
42,1000,20,7.7,28,64,961,18,9,12,39,8.194536274,99,192,20.92893405,9.096330255,7.44704744,9.004315845,507,13,454,26,520,480
41,1000,20,7.7,28,80,957,25,7,11,43,8.547847299,88,229,21.00725331,9.283198653,8.170109049,8.893745543,458,20,499,23,478,522
46,1000,20,7.7,28,43,951,29,10,10,49,7.979975682,94,220,20.47090054,9.0444019,7.679574836,8.284003098,484,19,467,30,503,497
43,1000,20,7.7,28,67,962,22,6,10,38,8.359515361,103,205,21.04143177,9.200365179,7.991545386,8.714472644,480,11,482,27,491,509
44,1000,20,7.7,28,57,954,34,8,4,46,8.222758013,110,209,20.93155024,9.254466977,7.452274642,8.987102074,479,19,475,27,498,502
41,1000,20,7.7,28,81,957,25,7,11,43,8.575721565,113,239,21.04302661,9.30986545,8.169699161,8.947519858,458,20,499,23,478,522
47,1000,20,7.7,28,43,956,26,9,9,44,8.1008483,105,230,20.62068122,9.238269178,7.601959834,8.607783353,487,17,469,27,504,496
45,1000,20,7.7,28,50,954,27,15,4,46,8.213188712,88,234,20.77400039,9.081828571,7.507021322,8.984358957,508,14,446,32,522,478
42,1000,20,7.7,28,65,962,17,9,12,38,8.163909051,99,236,20.93854111,9.09940384,7.426921,8.962312773,507,13,455,25,520,480
40,1000,20,7.7,28,68,945,34,7,14,55,8.885998299,87,229,20.95516354,9.498239735,8.335092827,9.398616904,464,18,481,37,482,518
46,1000,20,7.7,28,44,952,28,9,11,48,8.027890918,87,215,20.46785996,9.049111529,7.758280418,8.300756272,484,19,468,29,503,497
43,1000,20,7.7,28,68,963,21,6,10,37,8.370353963,100,204,21.04988593,9.204619321,7.997091611,8.730416467,481,10,482,27,491,509
41,1000,20,7.7,28,82,957,24,8,11,43,8.581578177,91,204,21.04467029,9.328811824,8.192628519,8.937742805,458,20,499,23,478,522
44,1000,20,7.7,28,58,954,33,9,4,46,8.255520245,93,219,20.95682903,9.261406986,7.504562866,9.0004939,479,19,475,27,498,502
42,1000,20,7.7,28,66,963,17,8,12,37,8.162364012,95,196,20.93144902,9.110527199,7.422196303,8.964212363,507,13,456,24,520,480
47,1000,20,7.7,28,44,957,25,9,9,43,8.116415374,97,205,20.65544603,9.235209811,7.615369316,8.625542821,488,16,469,27,504,496
45,1000,20,7.7,28,51,954,27,15,4,46,8.217070143,100,214,20.78873552,9.082358685,7.50161293,8.998385342,508,14,446,32,522,478
43,1000,20,7.7,28,69,960,24,6,10,40,8.414400541,96,231,21.06820683,9.20494111,8.024171112,8.790830108,480,11,480,29,491,509
41,1000,20,7.7,28,83,956,24,7,13,44,8.632915927,92,198,21.04684555,9.334996029,8.249672423,8.983855381,457,21,499,23,478,522
46,1000,20,7.7,28,45,952,28,9,11,48,8.049001764,90,210,20.48713728,9.045538727,7.793703851,8.307381745,484,19,468,29,503,497
40,1000,20,7.7,28,69,945,34,7,14,55,8.888172269,106,221,20.96261041,9.498875773,8.347680935,9.391100498,463,19,482,36,482,518
42,1000,20,7.7,28,67,963,17,8,12,37,8.18823041,112,225,20.91652562,9.128887922,7.461810461,8.975185354,507,13,456,24,520,480
47,1000,20,7.7,28,45,957,25,9,9,43,8.116455409,105,194,20.6586362,9.246828916,7.619959629,8.620959186,488,16,469,27,504,496
44,1000,20,7.7,28,59,954,33,9,4,46,8.26695158,89,197,20.96778784,9.290455948,7.525668375,9.002328146,478,20,476,26,498,502
45,1000,20,7.7,28,52,955,27,15,3,45,8.238066946,84,208,20.81192588,9.092102426,7.561550123,8.976857284,509,13,446,32,522,478
43,1000,20,7.7,28,70,958,26,6,10,42,8.456205177,88,211,21.05826014,9.19975553,8.061611284,8.836844865,480,11,478,31,491,509
41,1000,20,7.7,28,84,955,24,8,13,45,8.669568037,96,231,21.04326528,9.335391078,8.269040816,9.036334342,457,21,498,24,478,522
46,1000,20,7.7,28,46,951,29,10,10,49,8.05726095,100,228,20.51052972,9.060573895,7.804260548,8.313315682,484,19,467,30,503,497
42,1000,20,7.7,28,68,963,16,9,12,37,8.220973329,99,223,20.93144181,9.138213247,7.476997757,9.026946866,507,13,456,24,520,480
47,1000,20,7.7,28,46,959,24,8,9,41,8.139117436,110,202,20.65375224,9.250203799,7.680939046,8.6046858,488,16,471,25,504,496
44,1000,20,7.7,28,60,953,34,9,4,47,8.287579819,113,220,20.99000479,9.311420399,7.584550387,8.985007422,477,21,476,26,498,502
41,1000,20,7.7,28,85,954,25,8,13,46,8.685455211,78,208,21.04901975,9.341727763,8.281764353,9.055118488,457,21,497,25,478,522
45,1000,20,7.7,28,53,956,26,15,3,44,8.231947161,106,213,20.81095333,9.110271164,7.560822299,8.964849207,509,13,447,31,522,478
40,1000,20,7.7,28,70,945,33,8,14,55,8.94553395,107,219,20.99045197,9.522439145,8.394188452,9.458562001,463,19,482,36,482,518
43,1000,20,7.7,28,71,958,25,7,10,42,8.457826833,90,217,21.07173399,9.194737633,8.038315369,8.862502921,480,11,478,31,491,509
42,1000,20,7.7,28,69,962,17,9,12,38,8.240476713,93,204,20.95784776,9.152000906,7.480557487,9.063722541,507,13,455,25,520,480
47,1000,20,7.7,28,47,961,23,7,9,39,8.196903756,91,237,20.69181039,9.262137025,7.691322593,8.710639455,488,16,473,23,504,496
46,1000,20,7.7,28,47,951,30,9,10,49,8.069888711,87,217,20.53876166,9.056566261,7.788938177,8.354231002,485,18,466,31,503,497
41,1000,20,7.7,28,86,955,25,7,13,45,8.718914334,87,217,21.06933259,9.340603256,8.298150411,9.104211567,458,20,497,25,478,522
44,1000,20,7.7,28,61,952,35,9,4,48,8.321644692,99,195,21.0086492,9.320108306,7.584124072,9.053288653,477,21,475,27,498,502
45,1000,20,7.7,28,54,957,26,14,3,43,8.234225221,94,204,20.83726714,9.115170387,7.552918981,8.978245843,509,13,448,30,522,478
42,1000,20,7.7,28,70,960,19,7,14,40,8.286073086,111,196,20.96568704,9.151550892,7.487539126,9.151151543,507,13,453,27,520,480
43,1000,20,7.7,28,72,957,25,8,10,43,8.523431269,115,223,21.09099264,9.219166307,8.092127161,8.939482972,480,11,477,32,491,509
47,1000,20,7.7,28,48,961,23,5,11,39,8.215466853,83,235,20.69392902,9.269670076,7.73412776,8.70456948,488,16,473,23,504,496
40,1000,20,7.7,28,71,946,33,8,13,54,8.947336461,105,198,20.97748649,9.530896348,8.393562506,9.462624195,464,18,482,36,482,518
41,1000,20,7.7,28,87,954,25,6,15,46,8.735910166,118,199,21.07156404,9.346491443,8.288039007,9.146029732,458,20,496,26,478,522
46,1000,20,7.7,28,48,952,30,8,10,48,8.063636476,106,208,20.56609349,9.06806851,7.804753289,8.325645013,485,18,467,30,503,497
44,1000,20,7.7,28,62,951,36,9,4,49,8.342574581,96,192,21.01560688,9.335597336,7.585189018,9.0939252,477,21,474,28,498,502
42,1000,20,7.7,28,71,960,20,7,13,40,8.336287383,93,218,20.97543909,9.144827653,7.523860688,9.216416302,508,12,452,28,520,480
47,1000,20,7.7,28,49,961,23,5,11,39,8.233263455,90,191,20.70759389,9.276240115,7.727920529,8.746757074,488,16,473,23,504,496
43,1000,20,7.7,28,73,960,22,8,10,40,8.51801354,105,210,21.10849429,9.226809621,8.09812264,8.923055646,481,10,479,30,491,509
45,1000,20,7.7,28,55,957,25,15,3,43,8.259754379,92,217,20.83173131,9.128525515,7.561127306,9.022690221,509,13,448,30,522,478
41,1000,20,7.7,28,88,952,27,6,15,48,8.748065695,99,195,21.06554834,9.358275594,8.293365734,9.164438457,456,22,496,26,478,522
40,1000,20,7.7,28,72,947,33,8,12,53,8.915958341,123,204,20.97947061,9.532847243,8.409059087,9.387629076,464,18,483,35,482,518
46,1000,20,7.7,28,49,953,30,7,10,47,8.057335117,105,209,20.58417518,9.085040004,7.773761309,8.344332352,486,17,467,30,503,497
44,1000,20,7.7,28,63,951,36,9,4,49,8.337175883,87,207,21.0116082,9.326049114,7.615289028,9.053310651,477,21,474,28,498,502
42,1000,20,7.7,28,72,955,23,9,13,45,8.364474958,85,224,21.01280437,9.152109333,7.533295955,9.264918878,508,12,447,33,520,480
47,1000,20,7.7,28,50,961,24,4,11,39,8.239582423,100,214,20.74570416,9.269606943,7.69254982,8.795438132,489,15,472,24,504,496
41,1000,20,7.7,28,89,953,27,6,14,47,8.759075473,105,225,21.08817808,9.380971299,8.336209058,9.146297976,456,22,497,25,478,522
43,1000,20,7.7,28,74,961,22,7,10,39,8.535466231,95,214,21.13437017,9.238648076,8.137155764,8.919691064,481,10,480,29,491,509
45,1000,20,7.7,28,56,958,23,16,3,42,8.261218912,106,209,20.85742003,9.12420899,7.592811321,8.991153561,509,13,449,29,522,478
40,1000,20,7.7,28,73,947,32,9,12,53,8.906692695,100,223,20.97633797,9.531641705,8.392908403,9.38476997,464,18,483,35,482,518
42,1000,20,7.7,28,73,955,23,9,13,45,8.36091132,117,201,21.03180133,9.169890618,7.530497428,9.260526369,508,12,447,33,520,480
46,1000,20,7.7,28,50,954,30,8,8,46,8.076770453,107,253,20.60160857,9.084523149,7.842312651,8.314058731,486,17,468,29,503,497
47,1000,20,7.7,28,51,959,26,4,11,41,8.286395948,94,193,20.74938458,9.272083175,7.742408229,8.839157663,488,16,471,25,504,496
44,1000,20,7.7,28,64,950,37,9,4,50,8.361171235,109,231,21.0223386,9.334624395,7.640717589,9.075884215,476,22,474,28,498,502
41,1000,20,7.7,28,90,953,27,6,14,47,8.789386272,100,214,21.0943337,9.395499335,8.381929518,9.162498013,456,22,497,25,478,522
43,1000,20,7.7,28,75,961,22,5,12,39,8.583544669,94,222,21.16389213,9.231334149,8.192609334,8.960655178,481,10,480,29,491,509
45,1000,20,7.7,28,57,957,25,15,3,43,8.285149451,92,223,20.87049395,9.13983293,7.654465871,8.973887586,508,14,449,29,522,478
42,1000,20,7.7,28,74,954,24,9,13,46,8.368809047,97,212,21.04641502,9.180635434,7.573127664,9.230797211,508,12,446,34,520,480
44,1000,20,7.7,28,65,950,36,10,4,50,8.383646575,103,191,21.04715352,9.347913723,7.694503864,9.067298108,476,22,474,28,498,502
46,1000,20,7.7,28,51,953,31,8,8,47,8.084892698,111,208,20.64935713,9.078695793,7.839255924,8.333494905,485,18,468,29,503,497
47,1000,20,7.7,28,52,960,25,4,11,40,8.296758373,105,230,20.78217458,9.29484697,7.804637628,8.796816549,489,15,471,25,504,496
41,1000,20,7.7,28,91,953,27,6,14,47,8.78491543,103,211,21.13517409,9.41795459,8.375737124,9.159603611,456,22,497,25,478,522
40,1000,20,7.7,28,74,945,33,10,12,55,8.953037571,93,220,20.98988077,9.52437126,8.465602015,9.406597296,463,19,482,36,482,518
43,1000,20,7.7,28,76,957,25,6,12,43,8.611161869,109,207,21.17133129,9.244880073,8.225689059,8.983003028,478,13,479,30,491,509
45,1000,20,7.7,28,58,958,26,13,3,42,8.316116652,112,226,20.85458084,9.141852135,7.703153456,8.985503238,508,14,450,28,522,478
44,1000,20,7.7,28,66,949,37,10,4,51,8.423061411,93,227,21.05349775,9.34702781,7.705346624,9.135057355,475,23,474,28,498,502
42,1000,20,7.7,28,75,953,25,9,13,47,8.390926407,107,207,21.04734589,9.18573289,7.599281826,9.248541369,508,12,445,35,520,480
41,1000,20,7.7,28,92,953,27,6,14,47,8.827456543,95,212,21.14445523,9.424287621,8.423867958,9.197026167,457,21,496,26,478,522
46,1000,20,7.7,28,52,953,31,8,8,47,8.08510477,104,235,20.68625543,9.08370188,7.847219408,8.325861987,485,18,468,29,503,497
47,1000,20,7.7,28,53,960,26,2,12,40,8.303416054,115,205,20.80387533,9.291058629,7.830342135,8.784120197,489,15,471,25,504,496
40,1000,20,7.7,28,75,945,33,10,12,55,8.971085912,98,227,21.01627779,9.554213341,8.500359218,9.409098011,463,19,482,36,482,518
43,1000,20,7.7,28,77,957,25,6,12,43,8.636706749,118,218,21.18626918,9.259590585,8.278896159,8.981863919,478,13,479,30,491,509
45,1000,20,7.7,28,59,957,27,13,3,43,8.336541122,99,231,20.85280913,9.134519646,7.751719682,8.975195499,508,14,449,29,522,478
44,1000,20,7.7,28,67,949,37,10,4,51,8.465313886,111,226,21.06736668,9.349114322,7.766939665,9.158123371,475,23,474,28,498,502
41,1000,20,7.7,28,93,952,28,6,14,48,8.821599885,101,202,21.15894193,9.427371492,8.399553524,9.208071458,457,21,495,27,478,522
42,1000,20,7.7,28,76,953,25,9,13,47,8.41044796,107,215,21.04480917,9.206466432,7.605178784,9.282822902,508,12,445,35,520,480
46,1000,20,7.7,28,53,952,32,8,8,48,8.111747488,100,202,20.69546556,9.081599479,7.921438003,8.304354473,484,19,468,29,503,497
43,1000,20,7.7,28,78,955,26,7,12,45,8.663207117,119,225,21.19990978,9.280625321,8.286552884,9.026541553,477,14,478,31,491,509
47,1000,20,7.7,28,54,959,27,2,12,41,8.374309395,94,238,20.81284217,9.280814665,7.910451826,8.845648538,489,15,470,26,504,496
40,1000,20,7.7,28,76,945,33,10,12,55,8.990269438,112,216,21.03256498,9.561346075,8.528558801,9.419892078,463,19,482,36,482,518
44,1000,20,7.7,28,68,948,39,10,3,52,8.461994414,107,207,21.08611787,9.335041704,7.772602171,9.145893492,473,25,475,27,498,502
45,1000,20,7.7,28,60,956,28,13,3,44,8.354146282,86,214,20.86858802,9.137593208,7.766506111,8.995878854,507,15,449,29,522,478
41,1000,20,7.7,28,94,952,26,8,14,48,8.840724137,88,208,21.14116136,9.448736169,8.414028455,9.231453133,457,21,495,27,478,522
42,1000,20,7.7,28,77,953,24,10,13,47,8.420461305,108,217,21.04985635,9.224907307,7.625158561,9.282039278,508,12,445,35,520,480
43,1000,20,7.7,28,79,955,26,7,12,45,8.680827994,105,212,21.20655863,9.291282238,8.336315424,9.013157408,477,14,478,31,491,509
46,1000,20,7.7,28,54,952,33,7,8,48,8.152392622,89,217,20.70484395,9.107627687,7.954292029,8.352884771,484,19,468,29,503,497
47,1000,20,7.7,28,55,960,27,2,11,40,8.366011575,120,214,20.80253379,9.286329211,7.93897429,8.799936558,489,15,471,25,504,496
40,1000,20,7.7,28,77,945,33,10,12,55,9.000424736,100,236,21.05416137,9.554523671,8.606804065,9.36668953,463,19,482,36,482,518
44,1000,20,7.7,28,69,947,40,10,3,53,8.493186176,102,212,21.11249156,9.321111144,7.817852184,9.163139021,473,25,474,28,498,502
45,1000,20,7.7,28,61,956,27,14,3,44,8.391498122,95,219,20.88085818,9.135419466,7.833642918,9.000704014,507,15,449,29,522,478
41,1000,20,7.7,28,95,952,26,8,14,48,8.878459042,99,236,21.11807798,9.461162172,8.455275811,9.265971656,457,21,495,27,478,522
42,1000,20,7.7,28,78,954,23,9,14,46,8.459508197,84,227,21.08585359,9.237769706,7.687054435,9.296333107,508,12,446,34,520,480
43,1000,20,7.7,28,80,956,26,6,12,44,8.688182376,87,225,21.22586164,9.296865579,8.326995263,9.036596663,478,13,478,31,491,509
46,1000,20,7.7,28,55,951,33,8,8,49,8.148765495,110,220,20.71991899,9.131193534,7.961442997,8.338349432,483,20,468,29,503,497
47,1000,20,7.7,28,56,959,27,3,11,41,8.379726445,90,208,20.81353956,9.306162159,7.942069358,8.824442518,488,16,471,25,504,496
44,1000,20,7.7,28,70,946,41,9,4,54,8.537909202,85,216,21.1209479,9.315390447,7.878004309,9.192555889,473,25,473,29,498,502
40,1000,20,7.7,28,78,945,33,10,12,55,9.031423299,107,205,21.06054723,9.564831335,8.672599658,9.365309389,462,20,483,35,482,518
45,1000,20,7.7,28,62,955,28,14,3,45,8.411869072,104,220,20.88452732,9.145713453,7.837073752,9.039574421,507,15,448,30,522,478
41,1000,20,7.7,28,96,947,30,9,14,53,8.918858167,91,216,21.12704008,9.479038477,8.467743329,9.331948,456,22,491,31,478,522
43,1000,20,7.7,28,81,956,26,6,12,44,8.725789532,107,210,21.24891352,9.306032807,8.348432045,9.089802354,478,13,478,31,491,509
42,1000,20,7.7,28,79,957,23,9,11,43,8.452448869,108,223,21.1056008,9.23954708,7.676502992,9.293056902,508,12,449,31,520,480
46,1000,20,7.7,28,56,951,34,8,7,49,8.151576428,90,200,20.73790351,9.142122518,7.970469664,8.334869591,483,20,468,29,503,497
47,1000,20,7.7,28,57,956,30,3,11,44,8.378532038,89,222,20.82834068,9.331529279,7.96802919,8.7956559,486,18,470,26,504,496
44,1000,20,7.7,28,71,946,41,9,4,54,8.547153844,106,232,21.13231163,9.3228118,7.876655932,9.212309143,473,25,473,29,498,502
41,1000,20,7.7,28,97,947,30,9,14,53,8.90369162,95,244,21.14842608,9.495900159,8.465471881,9.304973297,456,22,491,31,478,522
45,1000,20,7.7,28,63,955,28,13,4,45,8.438518617,86,230,20.88283578,9.157201442,7.879033561,9.049504389,507,15,448,30,522,478
40,1000,20,7.7,28,79,943,35,10,12,57,9.048684108,100,206,21.06466432,9.581177588,8.703296796,9.370067669,462,20,481,37,482,518
43,1000,20,7.7,28,82,956,26,6,12,44,8.740433134,111,211,21.26271931,9.31492676,8.327203336,9.139049699,479,12,477,32,491,509
42,1000,20,7.7,28,80,957,23,9,11,43,8.457835766,100,206,21.10382955,9.2353376,7.681520357,9.298844126,508,12,449,31,520,480
47,1000,20,7.7,28,58,957,29,3,11,43,8.389932378,101,210,20.83818922,9.331378985,7.981751748,8.804696566,486,18,471,25,504,496
46,1000,20,7.7,28,57,952,34,7,7,48,8.147873817,101,217,20.74967045,9.164406107,7.914960868,8.383598592,485,18,467,30,503,497
44,1000,20,7.7,28,72,945,41,10,4,55,8.593918573,99,226,21.14681013,9.309603079,7.895209376,9.287060367,473,25,472,30,498,502
41,1000,20,7.7,28,98,945,33,9,13,55,8.910877371,100,207,21.17625079,9.497162981,8.469135472,9.315384321,456,22,489,33,478,522
45,1000,20,7.7,28,64,955,28,13,4,45,8.460244807,106,218,20.90640449,9.152774186,7.902233562,9.069621103,507,15,448,30,522,478
43,1000,20,7.7,28,83,956,25,7,12,44,8.775024471,78,233,21.29952633,9.329711778,8.389891201,9.146538097,479,12,477,32,491,509
42,1000,20,7.7,28,81,956,24,9,11,44,8.500400147,86,206,21.12420357,9.246595025,7.732847586,9.331915422,507,13,449,31,520,480
40,1000,20,7.7,28,80,942,36,10,12,58,9.08112271,113,222,21.07992021,9.616275877,8.744086848,9.39473523,462,20,480,38,482,518
47,1000,20,7.7,28,59,957,28,4,11,43,8.410045432,88,240,20.87158688,9.347776111,8.008818739,8.817743524,486,18,471,25,504,496
46,1000,20,7.7,28,58,956,31,6,7,44,8.125151676,98,202,20.73549598,9.166597114,7.894547367,8.35853994,487,16,469,28,503,497
44,1000,20,7.7,28,73,945,41,10,4,55,8.580490185,113,225,21.18283617,9.317792166,7.915306037,9.240374061,472,26,473,29,498,502
41,1000,20,7.7,28,99,945,35,9,11,55,8.913936066,101,216,21.19634444,9.528614898,8.473380808,9.317356397,457,21,488,34,478,522
43,1000,20,7.7,28,84,955,26,7,12,45,8.807494713,83,242,21.32225999,9.364434596,8.455092759,9.147434515,478,13,477,32,491,509
45,1000,20,7.7,28,65,955,29,13,3,45,8.48175039,90,219,20.91873519,9.146357165,7.954090164,9.057981851,506,16,449,29,522,478
42,1000,20,7.7,28,82,956,24,9,11,44,8.54475597,104,199,21.12148111,9.253855945,7.800472297,9.351063282,506,14,450,30,520,480
47,1000,20,7.7,28,60,958,26,5,11,42,8.403697814,89,195,20.88447899,9.358025001,7.99656414,8.81739816,487,17,471,25,504,496
41,1000,20,7.7,28,100,944,34,11,11,56,8.947775232,103,229,21.20269924,9.533791697,8.527365941,9.332747725,456,22,488,34,478,522
40,1000,20,7.7,28,81,942,36,10,12,58,9.089312551,102,226,21.10261962,9.639328911,8.771933207,9.384634643,462,20,480,38,482,518
44,1000,20,7.7,28,74,944,41,11,4,56,8.630512028,95,218,21.21223369,9.325371765,7.927440546,9.327981348,473,25,471,31,498,502
46,1000,20,7.7,28,59,956,31,6,7,44,8.160074348,94,232,20.75426113,9.177423997,7.909294391,8.41388183,487,16,469,28,503,497
42,1000,20,7.7,28,83,956,24,10,10,44,8.534466509,106,210,21.1409481,9.286491187,7.80946561,9.31988415,506,14,450,30,520,480
43,1000,20,7.7,28,85,955,25,8,12,45,8.807284305,103,213,21.30823729,9.3732172,8.449407232,9.152505607,478,13,477,32,491,509
45,1000,20,7.7,28,66,956,28,13,3,44,8.507500203,95,222,20.9246233,9.186258215,7.947275007,9.119294245,506,16,450,28,522,478
47,1000,20,7.7,28,61,957,27,5,11,43,8.4102815,89,200,20.89180514,9.370963538,7.992478087,8.834823678,486,18,471,25,504,496
41,1000,20,7.7,28,101,943,36,10,11,57,8.990872052,115,193,21.22643828,9.56441429,8.596092654,9.352375025,456,22,487,35,478,522
44,1000,20,7.7,28,75,944,42,10,4,56,8.658517151,81,200,21.2343374,9.328990183,7.970038686,9.341509731,473,25,471,31,498,502
40,1000,20,7.7,28,82,940,37,11,12,60,9.092047412,102,218,21.11368923,9.634442896,8.771578147,9.390244681,462,20,478,40,482,518
46,1000,20,7.7,28,60,955,32,6,7,45,8.170845488,106,221,20.77577939,9.185667005,7.933977538,8.41057301,486,17,469,28,503,497
42,1000,20,7.7,28,84,956,24,10,10,44,8.545028054,101,212,21.16069398,9.269661892,7.839572207,9.309271888,506,14,450,30,520,480
43,1000,20,7.7,28,86,955,25,8,12,45,8.783371741,105,220,21.34218918,9.385021054,8.39574504,9.157290622,478,13,477,32,491,509
41,1000,20,7.7,28,102,943,37,9,11,57,9.016958661,94,213,21.24350369,9.596669108,8.633882585,9.367744799,456,22,487,35,478,522
47,1000,20,7.7,28,62,958,26,5,11,42,8.441512697,97,222,20.89852311,9.369191112,8.030403213,8.85925298,486,18,472,24,504,496
45,1000,20,7.7,28,67,955,29,13,3,45,8.550221641,106,214,20.91315905,9.185076494,7.962376529,9.192178019,506,16,449,29,522,478
44,1000,20,7.7,28,76,945,41,10,4,55,8.668482652,103,202,21.25956921,9.310314673,7.943131916,9.388053701,474,24,471,31,498,502
40,1000,20,7.7,28,83,942,35,10,13,58,9.078882262,106,211,21.13396337,9.644834825,8.77294735,9.363555288,462,20,480,38,482,518
42,1000,20,7.7,28,85,954,27,10,9,46,8.573365102,93,209,21.18480452,9.29677147,7.882091538,9.322244795,506,14,448,32,520,480
41,1000,20,7.7,28,103,944,37,9,10,56,9.02839796,98,234,21.24332254,9.626442399,8.651411695,9.373607606,457,21,487,35,478,522
46,1000,20,7.7,28,61,954,33,7,6,46,8.2162449,107,190,20.77110895,9.193219668,7.956354597,8.479272712,486,17,468,29,503,497
43,1000,20,7.7,28,87,955,26,8,11,45,8.812274767,97,204,21.36258281,9.376250432,8.427294712,9.183640597,478,13,477,32,491,509
47,1000,20,7.7,28,63,958,26,5,11,42,8.434222191,109,232,20.90139203,9.392547817,8.018208379,8.856945903,486,18,472,24,504,496
45,1000,20,7.7,28,68,955,30,12,3,45,8.558291828,93,213,20.91135959,9.202215234,7.972183252,9.19835182,506,16,449,29,522,478
44,1000,20,7.7,28,77,945,41,8,6,55,8.688293309,86,229,21.26301382,9.324734497,7.954658084,9.416082836,474,24,471,31,498,502
41,1000,20,7.7,28,104,944,37,9,10,56,9.023007982,119,201,21.25428527,9.636537943,8.663804035,9.351934201,457,21,487,35,478,522
42,1000,20,7.7,28,86,954,25,12,9,46,8.574090095,105,214,21.21570324,9.295479121,7.882245873,9.323588003,506,14,448,32,520,480
48,1000,20,7.7,28,0,949,27,14,10,51,6.953,89,208,20.19448357,8.709695905,6.347560976,7.539370079,471,21,478,30,492,508
47,1000,20,7.7,28,64,958,26,5,11,42,8.44986668,87,217,20.89428663,9.388043777,8.011084349,8.895726147,486,18,472,24,504,496
46,1000,20,7.7,28,62,952,35,7,6,48,8.250596544,103,208,20.79341117,9.217966636,7.98212725,8.522306915,486,17,466,31,503,497
40,1000,20,7.7,28,84,941,36,10,13,59,9.069398038,125,187,21.13996749,9.645750122,8.764031941,9.353541781,461,21,480,38,482,518
43,1000,20,7.7,28,88,955,25,9,11,45,8.853094168,108,199,21.36794233,9.387209722,8.480855912,9.212168792,478,13,477,32,491,509
45,1000,20,7.7,28,69,955,29,13,3,45,8.566923098,96,195,20.91970832,9.211337461,7.987903712,9.199241341,506,16,449,29,522,478
42,1000,20,7.7,28,87,955,24,12,9,45,8.587650387,97,219,21.21813545,9.303085862,7.887362102,9.346296029,507,13,448,32,520,480
48,1000,20,7.7,28,1,950,27,13,10,50,6.994917397,91,207,20.17564718,8.719195979,6.384380274,7.586225005,471,21,479,29,492,508
44,1000,20,7.7,28,78,946,40,8,6,54,8.66022371,105,226,21.27469886,9.333663198,7.913538803,9.400958936,475,23,471,31,498,502
47,1000,20,7.7,28,65,958,25,6,11,42,8.44646203,114,208,20.90015508,9.392916671,8.011131927,8.888813587,486,18,472,24,504,496
43,1000,20,7.7,28,89,952,28,9,11,48,8.876575431,106,243,21.38655274,9.381326018,8.496438238,9.243269659,475,16,477,32,491,509
46,1000,20,7.7,28,63,953,34,7,6,47,8.26128396,110,212,20.8290688,9.217191486,8.00498994,8.520672071,486,17,467,30,503,497
40,1000,20,7.7,28,85,942,35,10,13,58,9.062563101,105,207,21.13365647,9.649674402,8.733948461,9.368339659,461,21,481,37,482,518
42,1000,20,7.7,28,88,955,23,13,9,45,8.624301985,99,221,21.24388841,9.31302955,7.937901636,9.367902363,507,13,448,32,520,480
48,1000,20,7.7,28,2,950,26,14,10,50,7.019811031,97,189,20.20003264,8.723741501,6.424489081,7.596382683,471,21,479,29,492,508
44,1000,20,7.7,28,79,946,40,8,6,54,8.655266689,125,208,21.29563018,9.327381975,7.895994424,9.408488976,476,22,470,32,498,502
45,1000,20,7.7,28,70,953,31,13,3,47,8.62927038,98,238,20.93892562,9.223388039,8.055608431,9.255738033,506,16,447,31,522,478
47,1000,20,7.7,28,66,957,25,7,11,43,8.474855128,103,200,20.92660352,9.381231212,8.008296676,8.948938716,486,18,471,25,504,496
43,1000,20,7.7,28,90,953,28,8,11,47,8.856867985,106,211,21.39210388,9.399006877,8.461676799,9.238083844,476,15,477,32,491,509
42,1000,20,7.7,28,89,954,23,14,9,46,8.636662092,99,248,21.23998731,9.346106707,7.933248818,9.398693139,507,13,447,33,520,480
48,1000,20,7.7,28,3,951,25,14,10,49,7.027738574,103,221,20.21574735,8.739659418,6.440559691,7.596423633,471,21,480,28,492,508
40,1000,20,7.7,28,86,941,36,9,14,59,9.089576992,105,201,21.15922451,9.65596726,8.782468178,9.375342337,460,22,481,37,482,518
46,1000,20,7.7,28,64,953,34,7,6,47,8.30345812,90,228,20.85495976,9.21674874,8.045998452,8.564025953,486,17,467,30,503,497
44,1000,20,7.7,28,80,945,40,9,6,55,8.64709458,106,213,21.30266477,9.340178641,7.896831175,9.39137979,476,22,469,33,498,502
47,1000,20,7.7,28,67,956,25,8,11,44,8.51568245,87,243,20.93396087,9.405705532,8.03513974,9.003975848,486,18,470,26,504,496
45,1000,20,7.7,28,71,954,30,13,3,46,8.653705482,91,212,20.95234328,9.237603575,8.109210628,9.248321202,506,16,448,30,522,478
48,1000,20,7.7,28,4,951,25,14,10,49,7.081763541,79,205,20.23508372,8.741927866,6.506790648,7.638627052,471,21,480,28,492,508
42,1000,20,7.7,28,90,953,24,13,10,47,8.632693147,105,210,21.24447526,9.347154225,7.919357852,9.405473049,507,13,446,34,520,480
43,1000,20,7.7,28,91,952,28,8,12,48,8.885373903,107,224,21.40995687,9.398440449,8.507017321,9.250350488,476,15,476,33,491,509
47,1000,20,7.7,28,68,956,25,7,12,44,8.543313011,92,227,20.97637181,9.43046495,8.068529351,9.025754472,486,18,470,26,504,496
44,1000,20,7.7,28,81,947,38,9,6,53,8.657923551,109,243,21.33055664,9.348600705,7.941717335,9.368422944,478,20,469,33,498,502
46,1000,20,7.7,28,65,954,33,7,6,46,8.316262652,85,223,20.84188798,9.231467849,8.078597517,8.556796984,486,17,468,29,503,497
40,1000,20,7.7,28,87,941,35,10,14,59,9.101991061,99,208,21.17404417,9.698332842,8.78338154,9.398457836,460,22,481,37,482,518
45,1000,20,7.7,28,72,954,30,13,3,46,8.664036855,93,216,20.96417604,9.245321042,8.108957442,9.270211445,506,16,448,30,522,478
48,1000,20,7.7,28,5,954,23,13,10,46,7.067708327,83,220,20.25733806,8.731511468,6.470052638,7.646540214,471,21,483,25,492,508
42,1000,20,7.7,28,91,953,24,13,10,47,8.692491508,99,214,21.26115253,9.336779305,7.971169622,9.473923551,507,13,446,34,520,480
43,1000,20,7.7,28,92,948,32,8,12,52,8.935100668,89,205,21.41482473,9.385553182,8.580590053,9.277074563,475,16,473,36,491,509
47,1000,20,7.7,28,69,958,23,7,12,42,8.545597765,106,200,20.98680643,9.442180512,8.050455409,9.048726288,488,16,470,26,504,496
44,1000,20,7.7,28,82,946,38,9,7,54,8.706487091,104,217,21.35980373,9.361287417,7.984269748,9.422949714,478,20,468,34,498,502
48,1000,20,7.7,28,6,957,21,12,10,43,7.074995419,100,201,20.26653216,8.73630123,6.498096635,7.633724163,472,20,485,23,492,508
46,1000,20,7.7,28,66,954,33,7,6,46,8.355791546,94,232,20.83725834,9.241036018,8.139009741,8.575190435,486,17,468,29,503,497
45,1000,20,7.7,28,73,954,30,13,3,46,8.679959467,107,185,20.9703365,9.245251885,8.10954399,9.302881808,506,16,448,30,522,478
42,1000,20,7.7,28,92,952,25,13,10,48,8.718091338,121,226,21.27739626,9.33930632,7.989334265,9.507578167,507,13,445,35,520,480
40,1000,20,7.7,28,88,940,36,10,14,60,9.123018863,115,214,21.20496131,9.703278455,8.804398365,9.419495851,459,23,481,37,482,518
43,1000,20,7.7,28,93,948,32,8,12,52,8.980376946,108,200,21.44087748,9.400369787,8.650729095,9.298367308,475,16,473,36,491,509
47,1000,20,7.7,28,70,958,25,6,11,42,8.547335172,100,204,21.00194208,9.437260763,8.092156057,9.009855885,487,17,471,25,504,496
48,1000,20,7.7,28,7,955,23,12,10,45,7.095390487,74,215,20.26956568,8.753143557,6.50649471,7.665738365,471,21,484,24,492,508
44,1000,20,7.7,28,83,946,39,8,7,54,8.715861052,107,208,21.36493689,9.363897599,8.00523336,9.420826373,477,21,469,33,498,502
42,1000,20,7.7,28,93,952,26,12,10,48,8.753277118,82,221,21.29839983,9.356023675,8.045484324,9.520052644,507,13,445,35,520,480
45,1000,20,7.7,28,74,953,31,13,3,47,8.712466379,99,211,20.97761102,9.250473556,8.174120143,9.300367499,505,17,448,30,522,478
46,1000,20,7.7,28,67,954,33,7,6,46,8.36980308,111,215,20.84708828,9.240166784,8.159617037,8.582526581,486,17,468,29,503,497
43,1000,20,7.7,28,94,947,34,8,11,53,9.005387002,89,220,21.4514564,9.403196468,8.707056121,9.293167872,474,17,473,36,491,509
47,1000,20,7.7,28,71,958,25,6,11,42,8.563464818,100,189,20.99773964,9.434762652,8.106482804,9.027817509,487,17,471,25,504,496
40,1000,20,7.7,28,89,940,37,9,14,60,9.144452293,93,222,21.22386997,9.701474206,8.864918348,9.404559168,458,24,482,36,482,518
48,1000,20,7.7,28,8,955,23,12,10,45,7.098972378,93,186,20.26685914,8.777223864,6.518960379,7.660716283,470,22,485,23,492,508
44,1000,20,7.7,28,84,948,38,7,7,52,8.709655251,118,210,21.38304743,9.376030414,7.989338471,9.424232456,478,20,470,32,498,502
42,1000,20,7.7,28,94,949,29,12,10,51,8.779684454,129,234,21.30486749,9.371886329,8.066849286,9.551922553,507,13,442,38,520,480
45,1000,20,7.7,28,75,953,31,13,3,47,8.738521799,89,210,21.00765652,9.246200558,8.240408248,9.282486807,504,18,449,29,522,478
43,1000,20,7.7,28,95,946,35,8,11,54,8.992391449,103,217,21.44944877,9.423847842,8.706139441,9.268520596,473,18,473,36,491,509
47,1000,20,7.7,28,72,957,26,6,11,43,8.600535005,92,217,21.00815791,9.454116123,8.113989598,9.09492792,487,17,470,26,504,496
46,1000,20,7.7,28,68,954,33,7,6,46,8.42875813,99,210,20.86797514,9.248684548,8.247255778,8.612451658,486,17,468,29,503,497
48,1000,20,7.7,28,9,956,25,10,9,44,7.1071403,88,216,20.30566625,8.793160281,6.515059469,7.680572915,471,21,485,23,492,508
40,1000,20,7.7,28,90,940,38,8,14,60,9.165355964,91,223,21.23119314,9.716935131,8.92255849,9.391279482,457,25,483,35,482,518
44,1000,20,7.7,28,85,949,37,7,7,51,8.751023131,96,229,21.4067231,9.387882299,8.045452123,9.45097206,478,20,471,31,498,502
42,1000,20,7.7,28,95,948,30,12,10,52,8.826588706,109,198,21.31589513,9.377601075,8.097224407,9.616733363,507,13,441,39,520,480
45,1000,20,7.7,28,76,953,30,14,3,47,8.759514645,83,225,20.99483244,9.257894573,8.280905755,9.282179583,504,18,449,29,522,478
43,1000,20,7.7,28,96,948,33,8,11,52,9.012336274,102,235,21.4685403,9.423000907,8.750457399,9.264954207,473,18,475,34,491,509
48,1000,20,7.7,28,10,955,26,10,9,45,7.138072304,95,213,20.31627011,8.777767699,6.568786979,7.689427382,471,21,484,24,492,508
47,1000,20,7.7,28,73,957,26,6,11,43,8.585230662,84,229,21.0253379,9.476720316,8.108861777,9.069282916,487,17,470,26,504,496
46,1000,20,7.7,28,69,954,33,7,6,46,8.470255898,93,212,20.87038264,9.259478046,8.290705201,8.651974209,486,17,468,29,503,497
44,1000,20,7.7,28,86,948,38,7,7,52,8.773883362,98,203,21.42467483,9.398863326,8.056808855,9.485244129,478,20,470,32,498,502
40,1000,20,7.7,28,91,939,38,8,15,61,9.17048635,109,223,21.22446755,9.706742967,8.93230952,9.39211035,457,25,482,36,482,518
42,1000,20,7.7,28,96,949,28,13,10,51,8.820503921,84,202,21.32664312,9.382694105,8.070420408,9.633094394,508,12,441,39,520,480
43,1000,20,7.7,28,97,949,33,8,10,51,9.038792897,102,209,21.47631809,9.43494126,8.799068169,9.270040129,473,18,476,33,491,509
45,1000,20,7.7,28,77,953,30,14,3,47,8.783866639,94,194,21.01608396,9.256025969,8.29980541,9.312485806,504,18,449,29,522,478
48,1000,20,7.7,28,11,955,26,10,9,45,7.155778365,82,197,20.33743029,8.769944316,6.58682845,7.706808598,471,21,484,24,492,508
47,1000,20,7.7,28,74,956,27,6,11,44,8.616182614,96,212,21.0626531,9.505137548,8.137054949,9.103038145,487,17,469,27,504,496
46,1000,20,7.7,28,70,954,33,7,6,46,8.481562183,108,205,20.875715,9.258471246,8.296578504,8.668779066,486,17,468,29,503,497
44,1000,20,7.7,28,87,949,37,7,7,51,8.765911473,105,228,21.43298832,9.411777422,8.078435703,9.447909348,478,20,471,31,498,502
40,1000,20,7.7,28,92,937,39,9,15,63,9.175526289,102,215,21.21106388,9.72249179,8.943948064,9.391010274,456,26,481,37,482,518
43,1000,20,7.7,28,98,949,34,8,9,51,9.081619577,98,221,21.50031054,9.444711653,8.842541411,9.312243112,473,18,476,33,491,509
42,1000,20,7.7,28,97,947,29,14,10,53,8.859898422,94,221,21.33135331,9.382574384,8.097387396,9.685952034,507,13,440,40,520,480
48,1000,20,7.7,28,12,954,27,10,9,46,7.17165152,89,238,20.34423354,8.764401049,6.590060917,7.734924309,471,21,483,25,492,508
45,1000,20,7.7,28,78,954,29,14,3,46,8.779016349,86,231,21.04597554,9.295715855,8.310082825,9.291115302,504,18,450,28,522,478
47,1000,20,7.7,28,75,955,28,6,11,45,8.618732836,111,226,21.09048444,9.513742447,8.192087241,9.052259811,487,17,468,28,504,496
44,1000,20,7.7,28,88,947,37,9,7,53,8.815228519,98,207,21.43903013,9.427327616,8.086397998,9.538251626,477,21,470,32,498,502
46,1000,20,7.7,28,71,953,33,8,6,47,8.50431205,96,228,20.91188718,9.264675422,8.33058148,8.680139971,486,17,467,30,503,497
43,1000,20,7.7,28,99,950,33,8,9,50,9.091185377,99,207,21.51574737,9.461095811,8.863391743,9.31092344,474,17,476,33,491,509
40,1000,20,7.7,28,93,937,39,9,15,63,9.170320266,101,245,21.20158016,9.728745728,8.946448328,9.378633538,456,26,481,37,482,518
42,1000,20,7.7,28,98,945,31,14,10,55,8.884506108,103,212,21.34393074,9.394931057,8.093519863,9.741407874,507,13,438,42,520,480
48,1000,20,7.7,28,13,953,28,10,9,47,7.152191468,93,215,20.35816536,8.785553316,6.550925339,7.73452008,471,21,482,26,492,508
45,1000,20,7.7,28,79,955,28,14,3,45,8.792723761,90,202,21.06237487,9.279796698,8.340823601,9.286221424,504,18,451,27,522,478
44,1000,20,7.7,28,89,948,36,9,7,52,8.859179056,93,224,21.46022192,9.43790888,8.159561688,9.553221784,477,21,471,31,498,502
47,1000,20,7.7,28,76,953,29,6,12,47,8.624276403,88,240,21.13027091,9.530534565,8.234085358,9.020760853,485,19,468,28,504,496
46,1000,20,7.7,28,72,952,34,8,6,48,8.524251432,96,230,20.89447667,9.269380329,8.34147261,8.709236838,485,18,467,30,503,497
43,1000,20,7.7,28,100,949,34,8,9,51,9.128004462,95,198,21.54901269,9.456626116,8.946263311,9.303318618,473,18,476,33,491,509
48,1000,20,7.7,28,14,954,26,11,9,46,7.188810983,95,218,20.38664545,8.80209092,6.568255084,7.789821814,470,22,484,24,492,508
42,1000,20,7.7,28,99,945,31,14,10,55,8.903482235,99,207,21.35015,9.410122032,8.106451827,9.766931843,507,13,438,42,520,480
40,1000,20,7.7,28,94,938,39,9,14,62,9.190847255,102,225,21.19789757,9.736383764,8.909077999,9.453034092,457,25,481,37,482,518
45,1000,20,7.7,28,80,953,30,14,3,47,8.842426852,99,206,21.07824615,9.297628943,8.406986887,9.317949156,504,18,449,29,522,478
44,1000,20,7.7,28,90,947,37,9,7,53,8.866542378,88,220,21.47168571,9.460398546,8.154769528,9.57264373,477,21,470,32,498,502
47,1000,20,7.7,28,77,951,31,5,13,49,8.671022756,116,217,21.14118686,9.529323724,8.293337509,9.054799701,483,21,468,28,504,496
46,1000,20,7.7,28,73,952,34,8,6,48,8.548645913,86,224,20.91341653,9.278197527,8.361353405,8.738199497,486,17,466,31,503,497
43,1000,20,7.7,28,101,949,34,9,8,51,9.154970152,101,219,21.54049967,9.467479385,8.978434841,9.325262564,473,18,476,33,491,509
48,1000,20,7.7,28,15,956,25,10,9,44,7.205325963,98,205,20.38486276,8.822125401,6.596495895,7.79498028,471,21,485,23,492,508
42,1000,20,7.7,28,100,945,31,14,10,55,8.910492183,106,232,21.36411984,9.408337339,8.11689707,9.770220221,507,13,438,42,520,480
40,1000,20,7.7,28,95,936,40,10,14,64,9.213730172,102,215,21.22160693,9.752692811,8.944705466,9.46405818,457,25,479,39,482,518
45,1000,20,7.7,28,81,952,32,13,3,48,8.838985429,100,216,21.11665566,9.301263659,8.399175137,9.319280352,503,19,449,29,522,478
44,1000,20,7.7,28,91,946,37,10,7,54,8.882671847,112,195,21.49260259,9.469110594,8.171846155,9.587833589,476,22,470,32,498,502
47,1000,20,7.7,28,78,948,34,5,13,52,8.69699602,103,225,21.14786497,9.528390241,8.316395859,9.083734893,482,22,466,30,504,496
46,1000,20,7.7,28,74,953,34,8,5,47,8.544068499,103,222,20.93973644,9.282756652,8.359314435,8.731052995,486,17,467,30,503,497
43,1000,20,7.7,28,102,950,34,8,8,50,9.167010696,96,219,21.5605114,9.482431283,8.996857537,9.331146652,473,18,477,32,491,509
48,1000,20,7.7,28,16,956,25,10,9,44,7.234032114,96,204,20.39521936,8.832387924,6.58607705,7.861579145,471,21,485,23,492,508
42,1000,20,7.7,28,101,945,31,14,10,55,8.951351335,99,231,21.38872358,9.413422689,8.132210165,9.838754269,507,13,438,42,520,480
44,1000,20,7.7,28,92,947,36,10,7,53,8.908291634,95,226,21.50512909,9.489482076,8.170144624,9.640556995,477,21,470,32,498,502
45,1000,20,7.7,28,82,951,33,13,3,49,8.837644491,78,202,21.12138516,9.302451813,8.374675104,9.343230307,503,19,448,30,522,478
40,1000,20,7.7,28,96,934,42,10,14,66,9.240036003,95,250,21.25670146,9.760085491,8.990053815,9.472644911,455,27,479,39,482,518
47,1000,20,7.7,28,79,948,32,7,13,52,8.728539903,106,211,21.14352639,9.546761017,8.339603304,9.123749674,482,22,466,30,504,496
43,1000,20,7.7,28,103,950,34,9,7,50,9.156008424,107,212,21.55994234,9.483368902,9.01014639,9.296712272,473,18,477,32,491,509
48,1000,20,7.7,28,17,956,25,10,9,44,7.236527586,114,221,20.41051154,8.843663983,6.581621291,7.870806912,471,21,485,23,492,508
46,1000,20,7.7,28,75,953,34,8,5,47,8.583255112,109,206,20.93972269,9.300906736,8.380394526,8.788564719,486,17,467,30,503,497
42,1000,20,7.7,28,102,946,30,14,10,54,8.938870755,99,213,21.4091774,9.414341591,8.12104882,9.824844517,507,13,439,41,520,480
44,1000,20,7.7,28,93,945,38,10,7,55,8.93689589,89,210,21.51410468,9.491432869,8.224499721,9.643615594,476,22,469,33,498,502
45,1000,20,7.7,28,83,952,32,13,3,48,8.851094499,95,213,21.13000413,9.293735945,8.395960671,9.348123492,503,19,449,29,522,478
47,1000,20,7.7,28,80,947,33,7,13,53,8.749233022,95,231,21.1395562,9.547303312,8.352444523,9.152421336,482,22,465,31,504,496
48,1000,20,7.7,28,18,956,25,10,9,44,7.289722899,87,216,20.42193638,8.844052141,6.619655888,7.938685438,471,21,485,23,492,508
43,1000,20,7.7,28,104,951,33,9,7,49,9.185063265,102,221,21.58301908,9.48670932,9.039313319,9.325658989,474,17,477,32,491,509
49,1000,20,7.7,28,0,940,29,14,17,60,7.297,85,227,20.28947504,8.912302579,6.590163934,7.970703125,468,20,472,40,488,512
40,1000,20,7.7,28,97,933,42,11,14,67,9.23261725,99,222,21.27019332,9.763502153,8.94590721,9.499401495,456,26,477,41,482,518
42,1000,20,7.7,28,103,946,29,15,10,54,8.969896479,106,251,21.40617164,9.423132216,8.154142263,9.853630212,507,13,439,41,520,480
46,1000,20,7.7,28,76,952,34,9,5,48,8.620750469,97,213,20.9582626,9.316575542,8.397304762,8.84689371,485,18,467,30,503,497
44,1000,20,7.7,28,94,946,36,10,8,54,8.939308503,98,229,21.53257029,9.498864495,8.27567167,9.597657392,476,22,470,32,498,502
48,1000,20,7.7,28,19,956,24,10,10,44,7.291415393,94,217,20.44098119,8.859471032,6.655837721,7.906974871,472,20,484,24,492,508
45,1000,20,7.7,28,84,951,32,14,3,49,8.883534145,105,226,21.14238307,9.30164229,8.446537093,9.360756868,501,21,450,28,522,478
47,1000,20,7.7,28,81,948,33,7,12,52,8.733794638,96,233,21.16063586,9.540909072,8.309255449,9.165181234,482,22,466,30,504,496
49,1000,20,7.7,28,1,940,29,13,18,60,7.32254176,93,200,20.29076,8.886361145,6.603114196,8.008246158,468,20,472,40,488,512
40,1000,20,7.7,28,98,933,42,11,14,67,9.267432492,111,206,21.27959678,9.77609007,8.933507664,9.578150189,456,26,477,41,482,518
46,1000,20,7.7,28,77,953,33,9,5,47,8.629108021,104,196,20.96629945,9.301206616,8.409177574,8.851693564,486,17,467,30,503,497
42,1000,20,7.7,28,104,945,30,15,10,55,8.997269131,96,224,21.40224416,9.422249845,8.176159629,9.886804425,507,13,438,42,520,480
50,1000,20,7.7,28,0,937,36,16,11,63,7.057,97,192,20.09672708,9.008093524,6.304703476,7.776908023,467,22,470,41,489,511
44,1000,20,7.7,28,95,945,37,10,8,55,8.944609311,100,215,21.54580846,9.517918426,8.298603457,9.585467708,475,23,470,32,498,502
48,1000,20,7.7,28,20,957,23,10,10,43,7.306298886,71,206,20.44819974,8.882601948,6.6768605,7.91591244,473,19,484,24,492,508
45,1000,20,7.7,28,85,950,32,15,3,50,8.90804432,97,230,21.12660743,9.291063268,8.4875755,9.367217384,500,22,450,28,522,478
47,1000,20,7.7,28,82,949,33,7,11,51,8.718627626,101,207,21.17192262,9.549439455,8.307135384,9.136756839,482,22,467,29,504,496
49,1000,20,7.7,28,2,939,29,14,18,61,7.366434871,92,208,20.30099338,8.906288201,6.601475303,8.09553696,468,20,471,41,488,512
46,1000,20,7.7,28,78,955,31,9,5,45,8.629478484,95,204,21.00277686,9.319593357,8.417368731,8.844148918,487,16,468,29,503,497
44,1000,20,7.7,28,96,945,36,11,8,55,8.948030277,109,238,21.56586615,9.507527562,8.304017381,9.586911596,476,22,469,33,498,502
50,1000,20,7.7,28,1,940,33,16,11,60,7.076862338,95,216,20.10684001,8.976438368,6.335373017,7.786428439,468,21,472,39,489,511
40,1000,20,7.7,28,99,932,43,11,14,68,9.290427454,85,238,21.2983575,9.764353662,8.954312775,9.603182811,456,26,476,42,482,518
48,1000,20,7.7,28,21,959,20,10,11,41,7.316210977,87,192,20.44723969,8.904404077,6.670816631,7.941277941,474,18,485,23,492,508
45,1000,20,7.7,28,86,948,34,15,3,52,8.931164764,106,228,21.12085344,9.29427927,8.514822928,9.385830953,498,24,450,28,522,478
47,1000,20,7.7,28,83,948,34,7,11,52,8.717652814,105,210,21.16750396,9.568399255,8.313859377,9.127959047,482,22,466,30,504,496
49,1000,20,7.7,28,3,939,29,14,18,61,7.393854961,111,203,20.31416479,8.915009974,6.606592294,8.144214691,468,20,471,41,488,512
44,1000,20,7.7,28,97,945,36,11,8,55,8.998757098,102,216,21.57643946,9.511599051,8.400965909,9.59178501,476,22,469,33,498,502
46,1000,20,7.7,28,79,955,31,9,5,45,8.630399024,92,210,20.98465555,9.343829595,8.426836707,8.836418834,487,16,468,29,503,497
50,1000,20,7.7,28,2,940,33,16,11,60,7.104242472,93,201,20.10937582,8.98626918,6.377190212,7.799993069,468,21,472,39,489,511
40,1000,20,7.7,28,100,932,43,11,14,68,9.304376868,88,220,21.30906034,9.773335609,8.930432323,9.652332988,456,26,476,42,482,518
48,1000,20,7.7,28,22,958,21,10,11,42,7.328429387,97,214,20.44965525,8.918371573,6.72287964,7.914906701,473,19,485,23,492,508
45,1000,20,7.7,28,87,947,35,15,3,53,8.95982893,111,202,21.12566371,9.292309877,8.53619714,9.422456115,497,25,450,28,522,478
47,1000,20,7.7,28,84,948,35,7,10,52,8.72552896,102,238,21.17979355,9.561399914,8.328091107,9.1293771,482,22,466,30,504,496
49,1000,20,7.7,28,4,941,28,14,17,59,7.406958988,101,215,20.30704525,8.893741637,6.617154011,8.159741856,468,20,473,39,488,512
44,1000,20,7.7,28,98,945,36,11,8,55,9.016575762,81,233,21.57928486,9.52242305,8.431796629,9.596695301,476,22,469,33,498,502
46,1000,20,7.7,28,80,954,32,9,5,46,8.637236338,101,185,21.02717813,9.353518474,8.445969496,8.830812236,486,17,468,29,503,497
50,1000,20,7.7,28,3,940,33,16,11,60,7.121074811,93,215,20.16012173,8.975641193,6.419870131,7.792090639,468,21,472,39,489,511
48,1000,20,7.7,28,23,959,21,9,11,41,7.329081402,105,208,20.47650665,8.934549627,6.741422583,7.898231281,473,19,486,22,492,508
40,1000,20,7.7,28,101,932,43,11,14,68,9.319144759,104,224,21.31182058,9.776923425,8.94485368,9.66742333,456,26,476,42,482,518
45,1000,20,7.7,28,88,948,34,16,2,52,8.954756825,100,204,21.12711756,9.293551208,8.513558378,9.436567682,498,24,450,28,522,478
47,1000,20,7.7,28,85,948,35,7,10,52,8.745435534,112,247,21.19350387,9.573450654,8.353740389,9.143448343,482,22,466,30,504,496
44,1000,20,7.7,28,99,944,37,11,8,56,9.040569752,95,242,21.58910013,9.523086675,8.45218434,9.624266834,476,22,468,34,498,502
49,1000,20,7.7,28,5,944,26,14,16,56,7.376817163,106,222,20.32747765,8.909754885,6.604687797,8.112752965,468,20,476,36,488,512
46,1000,20,7.7,28,81,953,33,9,5,47,8.629024357,97,218,21.02090332,9.361301134,8.433209833,8.827202839,486,17,467,30,503,497
48,1000,20,7.7,28,24,961,19,9,11,39,7.298298132,96,215,20.49208806,8.950209726,6.739182747,7.839803583,474,18,487,21,492,508
50,1000,20,7.7,28,4,941,33,16,10,59,7.159425666,104,218,20.15039192,8.996325513,6.45746872,7.831161374,468,21,473,38,489,511
40,1000,20,7.7,28,102,932,43,11,14,68,9.326549953,104,247,21.34207764,9.792360638,8.958052027,9.669437985,456,26,476,42,482,518
45,1000,20,7.7,28,89,948,34,16,2,52,8.961158411,111,185,21.15240222,9.313948069,8.549326815,9.410899193,498,24,450,28,522,478
47,1000,20,7.7,28,86,948,35,7,10,52,8.768821752,112,224,21.19895042,9.571507543,8.376312028,9.167662279,482,22,466,30,504,496
44,1000,20,7.7,28,100,943,38,11,8,57,9.0909811,123,236,21.61574209,9.527312079,8.506776753,9.670530433,476,22,467,35,498,502
49,1000,20,7.7,28,6,943,27,14,16,57,7.428398141,95,216,20.33687237,8.903663978,6.691921849,8.130352107,467,21,476,36,488,512
48,1000,20,7.7,28,25,960,20,9,11,40,7.316865377,85,182,20.51702904,8.952577559,6.75379168,7.862204469,474,18,486,22,492,508
46,1000,20,7.7,28,82,953,33,9,5,47,8.638390507,108,226,21.0222728,9.339307624,8.468721827,8.8101075,486,17,467,30,503,497
50,1000,20,7.7,28,5,941,30,19,10,59,7.210317513,92,212,20.16977735,9.014272523,6.504548697,7.88570098,468,21,473,38,489,511
45,1000,20,7.7,28,90,949,33,16,2,51,8.954363541,93,224,21.1743067,9.298945683,8.561166867,9.383754051,499,23,450,28,522,478
47,1000,20,7.7,28,87,947,36,7,10,53,8.768985443,110,217,21.2096515,9.571933135,8.37262876,9.171734975,482,22,465,31,504,496
44,1000,20,7.7,28,101,944,37,11,8,56,9.102970274,118,233,21.64920017,9.542396275,8.488597582,9.712447566,477,21,467,35,498,502
40,1000,20,7.7,28,103,932,43,11,14,68,9.318274331,122,232,21.38174909,9.794788649,8.962726306,9.649112455,456,26,476,42,482,518
49,1000,20,7.7,28,7,943,27,14,16,57,7.480095292,93,219,20.3370497,8.922570887,6.778309788,8.1489846,467,21,476,36,488,512
48,1000,20,7.7,28,26,959,21,9,11,41,7.332407985,120,205,20.54727007,8.972039217,6.792209958,7.8555919,471,21,488,20,492,508
46,1000,20,7.7,28,83,952,34,9,5,48,8.604121127,88,217,21.02310578,9.350873054,8.455606403,8.754428785,486,17,466,31,503,497
50,1000,20,7.7,28,6,943,30,19,8,57,7.188407166,89,235,20.16901586,9.020507262,6.557659348,7.7919995,468,21,475,36,489,511
44,1000,20,7.7,28,102,940,39,13,8,60,9.161644952,94,249,21.67054544,9.570831458,8.506843423,9.811228938,476,22,464,38,498,502
45,1000,20,7.7,28,91,950,32,16,2,50,8.919883718,109,229,21.18312229,9.302714359,8.526935892,9.349002473,500,22,450,28,522,478
47,1000,20,7.7,28,88,948,34,8,10,52,8.797749267,102,217,21.22835448,9.580246814,8.416729167,9.184914853,482,22,466,30,504,496
40,1000,20,7.7,28,104,933,42,12,13,67,9.304719242,123,202,21.37801787,9.794518764,8.904186664,9.677415579,457,25,476,42,482,518
48,1000,20,7.7,28,27,960,21,8,11,40,7.355609036,103,222,20.54898884,8.98665786,6.818549875,7.875752948,472,20,488,20,492,508
49,1000,20,7.7,28,8,944,26,14,16,56,7.477820628,93,218,20.36288982,8.92976626,6.760236612,8.161767894,469,19,475,37,488,512
46,1000,20,7.7,28,84,953,32,10,5,47,8.590255596,94,210,21.02541656,9.37132289,8.437039985,8.745320893,486,17,467,30,503,497
50,1000,20,7.7,28,7,941,32,19,8,59,7.263144679,84,205,20.17332911,9.033923438,6.608296823,7.889799477,467,22,474,37,489,511
44,1000,20,7.7,28,103,939,39,14,8,61,9.19981661,99,231,21.68191086,9.592488747,8.547252366,9.84718114,475,23,464,38,498,502
45,1000,20,7.7,28,92,950,32,16,2,50,8.932321666,101,219,21.18915352,9.305966315,8.524949321,9.377192719,500,22,450,28,522,478
47,1000,20,7.7,28,89,950,33,7,10,50,8.82947034,122,215,21.24515152,9.597162162,8.479586974,9.184996986,482,22,468,28,504,496
48,1000,20,7.7,28,28,959,22,8,11,41,7.409471931,108,207,20.57796139,8.983172418,6.863897046,7.937863356,472,20,487,21,492,508
49,1000,20,7.7,28,9,945,25,14,16,55,7.471349341,95,225,20.37702107,8.9422078,6.762855178,8.14663284,469,19,476,36,488,512
46,1000,20,7.7,28,85,952,33,10,5,48,8.624679469,94,203,21.04394556,9.377571576,8.468789286,8.782451626,485,18,467,30,503,497
50,1000,20,7.7,28,8,943,31,18,8,57,7.271618971,106,204,20.19955189,9.030069737,6.626347772,7.889109413,468,21,475,36,489,511
44,1000,20,7.7,28,104,939,38,15,8,61,9.19607617,101,227,21.68857353,9.601128885,8.560896139,9.826195005,474,24,465,37,498,502
45,1000,20,7.7,28,93,949,33,16,2,51,8.926368499,115,227,21.21042282,9.31355207,8.554417279,9.332557906,499,23,450,28,522,478
47,1000,20,7.7,28,90,950,33,7,10,50,8.843323989,113,209,21.26292848,9.605328326,8.484951975,9.207476196,482,22,468,28,504,496
48,1000,20,7.7,28,29,958,22,8,12,42,7.47674952,105,209,20.5705437,8.985703406,6.954709071,7.98234775,471,21,487,21,492,508
49,1000,20,7.7,28,10,945,26,13,16,55,7.484198053,105,196,20.3853298,8.949058178,6.797615495,8.138597053,468,20,477,35,488,512
50,1000,20,7.7,28,9,944,30,18,8,56,7.325178722,86,205,20.21208257,9.052391326,6.666242502,7.955745869,469,20,475,36,489,511
46,1000,20,7.7,28,86,954,33,9,4,46,8.613215986,107,220,21.10595937,9.388086672,8.457887167,8.770420002,485,18,469,28,503,497
45,1000,20,7.7,28,94,948,34,16,2,52,8.997109051,87,215,21.2252275,9.321633749,8.650860955,9.375229357,498,24,450,28,522,478
47,1000,20,7.7,28,91,947,35,7,11,53,8.875213565,109,214,21.28269641,9.618176301,8.515041062,9.241195302,479,25,468,28,504,496
48,1000,20,7.7,28,30,956,24,8,12,44,7.499312026,101,211,20.59219711,8.973844802,6.984716356,7.997699959,470,22,486,22,492,508
49,1000,20,7.7,28,11,945,25,14,16,55,7.511412621,96,211,20.40876938,8.949954867,6.807628874,8.182206505,468,20,477,35,488,512
50,1000,20,7.7,28,10,946,29,18,7,54,7.325506887,91,198,20.22826544,9.0671,6.675826301,7.947216881,470,19,476,35,489,511
46,1000,20,7.7,28,87,954,33,9,4,46,8.635002674,94,227,21.12451538,9.403823321,8.478763587,8.793127948,485,18,469,28,503,497
45,1000,20,7.7,28,95,945,38,16,1,55,9.01930067,107,224,21.2421227,9.341177994,8.703786912,9.363857536,497,25,448,30,522,478
48,1000,20,7.7,28,31,956,24,8,12,44,7.534128044,90,210,20.60485936,8.990828743,7.010250239,8.04150576,470,22,486,22,492,508
47,1000,20,7.7,28,92,947,35,7,11,53,8.872013384,90,227,21.29285067,9.659147018,8.518906846,9.230815188,479,25,468,28,504,496
49,1000,20,7.7,28,12,946,25,13,16,54,7.503338873,91,193,20.4194332,8.958890221,6.772765445,8.199666672,469,19,477,35,488,512
50,1000,20,7.7,28,11,947,28,18,7,53,7.350155169,96,218,20.26839786,9.063765227,6.718450878,7.954662798,470,19,477,34,489,511
46,1000,20,7.7,28,88,954,33,9,4,46,8.638515342,102,198,21.138671,9.399969737,8.4607678,8.818408729,485,18,469,28,503,497
48,1000,20,7.7,28,32,958,22,9,11,42,7.558659923,110,228,20.61518487,8.994366285,6.997845026,8.101811357,472,20,486,22,492,508
45,1000,20,7.7,28,96,943,39,17,1,57,9.06927703,105,233,21.23908252,9.340714348,8.746229228,9.422061449,497,25,446,32,522,478
47,1000,20,7.7,28,93,947,34,9,10,53,8.860533985,108,225,21.3044349,9.640793948,8.514865567,9.211777701,479,25,468,28,504,496
49,1000,20,7.7,28,13,946,25,13,16,54,7.55303925,89,217,20.4180445,8.970981136,6.838341974,8.23423509,469,19,477,35,488,512
46,1000,20,7.7,28,89,954,33,9,4,46,8.615884436,96,236,21.15797825,9.41311653,8.450809841,8.782951884,485,18,469,28,503,497
50,1000,20,7.7,28,12,948,27,18,7,52,7.383218774,92,212,20.28657409,9.056762187,6.774134298,7.966080435,470,19,478,33,489,511
48,1000,20,7.7,28,33,957,23,9,11,43,7.581372168,90,212,20.65271222,8.998766593,7.011672982,8.133128072,472,20,485,23,492,508
45,1000,20,7.7,28,97,943,38,18,1,57,9.100753851,84,216,21.26496509,9.348745293,8.769037871,9.463004356,497,25,446,32,522,478
47,1000,20,7.7,28,94,946,33,11,10,54,8.905546363,111,232,21.33286235,9.633564128,8.577285258,9.239102002,479,25,467,29,504,496
49,1000,20,7.7,28,14,944,27,13,16,56,7.589624004,97,202,20.43951614,8.994703174,6.888093983,8.258269804,468,20,476,36,488,512
46,1000,20,7.7,28,90,953,33,9,5,47,8.640763972,104,213,21.17154424,9.420178061,8.42914058,8.854942174,485,18,468,29,503,497
50,1000,20,7.7,28,13,947,28,18,7,53,7.407172695,105,216,20.3180352,9.072627213,6.792236723,7.995633929,470,19,477,34,489,511
48,1000,20,7.7,28,34,956,24,9,11,44,7.625812088,108,214,20.67308516,8.997867521,7.090048297,8.144701428,472,20,484,24,492,508
45,1000,20,7.7,28,98,943,37,18,2,57,9.143415412,92,228,21.27997255,9.362475722,8.812760574,9.504507098,497,25,446,32,522,478
47,1000,20,7.7,28,95,944,36,11,9,56,8.918475863,98,209,21.34510763,9.656343966,8.618314774,9.223478261,478,26,466,30,504,496
49,1000,20,7.7,28,15,945,26,13,16,55,7.605212096,109,198,20.43117093,9.004315343,6.909624428,8.268194092,468,20,477,35,488,512
46,1000,20,7.7,28,91,954,33,9,4,46,8.643441435,102,214,21.1976194,9.433893801,8.415021283,8.874619173,486,17,468,29,503,497
50,1000,20,7.7,28,14,947,28,18,7,53,7.440457331,99,195,20.3169791,9.074258857,6.851190694,8.004354367,470,19,477,34,489,511
48,1000,20,7.7,28,35,956,24,9,11,44,7.671029867,100,204,20.66885936,9.0151823,7.120319009,8.204395502,472,20,484,24,492,508
45,1000,20,7.7,28,99,942,38,18,2,58,9.16388305,96,244,21.27038337,9.381638183,8.84997579,9.506685539,496,26,446,32,522,478
47,1000,20,7.7,28,96,945,35,11,9,55,8.94117284,106,257,21.35436678,9.663902635,8.684000549,9.202493071,478,26,467,29,504,496
49,1000,20,7.7,28,16,945,26,13,16,55,7.639110491,95,189,20.43803378,9.006119876,6.948716763,8.297142014,468,20,477,35,488,512
46,1000,20,7.7,28,92,953,34,9,4,47,8.684209611,106,223,21.21943969,9.453908654,8.443038132,8.928292617,486,17,467,30,503,497
48,1000,20,7.7,28,36,958,23,8,11,42,7.666897486,98,195,20.66830556,9.027883609,7.095098624,8.220686935,473,19,485,23,492,508
50,1000,20,7.7,28,15,948,26,19,7,52,7.447115746,90,211,20.33412721,9.074435265,6.847834777,8.020595969,471,18,477,34,489,511
47,1000,20,7.7,28,97,946,34,11,9,54,8.954626947,95,215,21.36364775,9.686981403,8.724890273,9.188069051,478,26,468,28,504,496
45,1000,20,7.7,28,100,940,39,19,2,60,9.188086914,97,228,21.27621609,9.389760702,8.858782425,9.547703949,496,26,444,34,522,478
49,1000,20,7.7,28,17,943,28,13,16,57,7.645979351,88,207,20.45198723,9.01799972,6.966943738,8.29318517,468,20,475,37,488,512
48,1000,20,7.7,28,37,958,24,7,11,42,7.685289286,88,197,20.69009817,9.037799839,7.116030088,8.236619061,473,19,485,23,492,508
46,1000,20,7.7,28,93,953,35,8,4,47,8.705660952,90,221,21.22940387,9.443233794,8.472089355,8.942052326,486,17,467,30,503,497
50,1000,20,7.7,28,16,950,24,18,8,50,7.500475754,97,223,20.36901013,9.090977319,6.878328101,8.095838185,473,16,477,34,489,511
47,1000,20,7.7,28,98,943,36,12,9,57,8.994125748,110,222,21.3906595,9.709956991,8.751893052,9.240265423,478,26,465,31,504,496
45,1000,20,7.7,28,101,938,42,18,2,62,9.19105045,92,204,21.30701528,9.390028272,8.854880412,9.558165009,496,26,442,36,522,478
49,1000,20,7.7,28,18,943,28,13,16,57,7.647515235,103,209,20.4849936,9.031095943,6.933422349,8.328135018,468,20,475,37,488,512
48,1000,20,7.7,28,38,958,25,7,10,42,7.717714363,93,229,20.71818972,9.045108122,7.143945481,8.273411784,473,19,485,23,492,508
46,1000,20,7.7,28,94,953,35,8,4,47,8.695833641,111,223,21.24340263,9.456428446,8.4809979,8.913262972,486,17,467,30,503,497
47,1000,20,7.7,28,99,943,37,11,9,57,9.005777651,98,226,21.42550289,9.707384916,8.75688744,9.258682221,478,26,465,31,504,496
50,1000,20,7.7,28,17,950,23,19,8,50,7.529515433,98,228,20.36675593,9.085861226,6.875542386,8.155333084,473,16,477,34,489,511
45,1000,20,7.7,28,102,938,41,18,3,62,9.197190856,105,225,21.32405636,9.388911578,8.834258188,9.593531552,497,25,441,37,522,478
49,1000,20,7.7,28,19,944,29,12,15,56,7.654396855,77,203,20.48976708,9.059703662,6.966446911,8.310099145,467,21,477,35,488,512
48,1000,20,7.7,28,39,958,25,7,10,42,7.746935387,90,212,20.73313689,9.074433501,7.162890792,8.312584876,473,19,485,23,492,508
46,1000,20,7.7,28,95,952,36,8,4,48,8.701443597,109,212,21.25538516,9.459663444,8.485216835,8.920280742,485,18,467,30,503,497
47,1000,20,7.7,28,100,941,38,11,10,59,9.032891782,95,226,21.44408835,9.723098728,8.802939138,9.266553339,478,26,463,33,504,496
50,1000,20,7.7,28,18,951,23,18,8,49,7.530353339,95,218,20.38680138,9.105274589,6.863327022,8.16866228,474,15,477,34,489,511
45,1000,20,7.7,28,103,936,43,18,3,64,9.220099849,101,223,21.34665374,9.410829627,8.879779883,9.591746339,496,26,440,38,522,478
48,1000,20,7.7,28,40,957,26,7,10,43,7.766602142,92,218,20.72731173,9.076322682,7.20787025,8.307736178,473,19,484,24,492,508
49,1000,20,7.7,28,20,945,29,11,15,55,7.681057805,87,201,20.50733607,9.061943124,6.998840933,8.331295761,468,20,477,35,488,512
46,1000,20,7.7,28,96,952,35,9,4,48,8.741375878,116,213,21.26109249,9.473441941,8.512004917,8.973515904,484,19,468,29,503,497
47,1000,20,7.7,28,101,941,38,11,10,59,9.057033999,97,223,21.46228359,9.735631866,8.84466183,9.272831525,478,26,463,33,504,496
50,1000,20,7.7,28,19,951,24,17,8,49,7.586305094,98,223,20.39384626,9.091423656,6.898770353,8.244239513,474,15,477,34,489,511
45,1000,20,7.7,28,104,936,43,18,3,64,9.213847109,105,227,21.36163104,9.406464658,8.871896601,9.587274232,495,27,441,37,522,478
48,1000,20,7.7,28,41,958,27,6,9,42,7.798479313,90,215,20.74421394,9.082108259,7.245028035,8.334499055,474,18,484,24,492,508
49,1000,20,7.7,28,21,946,29,11,14,54,7.695822264,103,202,20.50756462,9.079932351,7.021168218,8.338851901,468,20,478,34,488,512
46,1000,20,7.7,28,97,951,35,10,4,49,8.747039395,112,214,21.2561209,9.471267578,8.472597802,9.024794166,484,19,467,30,503,497
50,1000,20,7.7,28,20,951,24,17,8,49,7.62227128,104,224,20.4039959,9.095275596,6.970560512,8.245924051,474,15,477,34,489,511
47,1000,20,7.7,28,102,943,37,10,10,57,9.072892481,110,221,21.47765247,9.738504958,8.91701964,9.231279401,478,26,465,31,504,496
48,1000,20,7.7,28,42,958,27,5,10,42,7.805815523,113,193,20.74485782,9.07479669,7.278759482,8.316271374,474,18,484,24,492,508
46,1000,20,7.7,28,98,951,35,10,4,49,8.716940987,108,214,21.26748646,9.479123925,8.426061817,9.011331777,484,19,467,30,503,497
49,1000,20,7.7,28,22,947,28,11,14,53,7.712954162,100,197,20.54757834,9.07842427,7.035213727,8.358925514,468,20,479,33,488,512
50,1000,20,7.7,28,21,951,22,18,9,49,7.634902603,99,199,20.42834956,9.100823783,7.020797484,8.222568755,474,15,477,34,489,511
47,1000,20,7.7,28,103,943,36,11,10,57,9.082101275,96,215,21.47805369,9.737329456,8.924445539,9.242299845,478,26,465,31,504,496
48,1000,20,7.7,28,43,959,27,5,9,41,7.7993546,112,212,20.74677642,9.080060676,7.307701597,8.275522468,474,18,485,23,492,508
46,1000,20,7.7,28,99,950,35,11,4,50,8.762247688,97,206,21.28671569,9.494959203,8.495275244,9.03244314,483,20,467,30,503,497
49,1000,20,7.7,28,23,947,28,11,14,53,7.742235746,92,220,20.58050824,9.059686207,7.047818633,8.404102056,468,20,479,33,488,512
50,1000,20,7.7,28,22,951,22,17,10,49,7.631227977,85,224,20.45198619,9.113407373,7.038832345,8.198119296,474,15,477,34,489,511
48,1000,20,7.7,28,44,959,27,5,9,41,7.819681778,98,211,20.75833215,9.063027006,7.356684644,8.268096325,474,18,485,23,492,508
47,1000,20,7.7,28,104,944,35,11,10,56,9.08766616,94,220,21.49608481,9.748127792,8.919342567,9.25870465,478,26,466,30,504,496
46,1000,20,7.7,28,100,951,34,11,4,49,8.796255964,102,216,21.30395185,9.51319292,8.556515319,9.038890862,483,20,468,29,503,497
49,1000,20,7.7,28,24,949,26,11,14,51,7.765750017,97,219,20.60962772,9.050517579,7.082724947,8.416758287,469,19,480,32,488,512
50,1000,20,7.7,28,23,952,21,17,10,48,7.633394154,101,207,20.45636864,9.111872171,7.05213743,8.189626126,474,15,478,33,489,511
48,1000,20,7.7,28,45,959,25,7,9,41,7.825594495,107,221,20.79002088,9.075330059,7.363467913,8.273165909,474,18,485,23,492,508
46,1000,20,7.7,28,101,951,33,11,5,49,8.790093247,103,204,21.32200332,9.51094484,8.552572383,9.030481567,483,20,468,29,503,497
49,1000,20,7.7,28,25,949,26,11,14,51,7.794811259,92,199,20.62400694,9.056213919,7.136388393,8.422370553,469,19,480,32,488,512
50,1000,20,7.7,28,24,952,22,16,10,48,7.648411278,80,207,20.46362875,9.126048256,7.109740801,8.163890461,474,15,478,33,489,511
48,1000,20,7.7,28,46,960,25,5,10,40,7.881709818,99,244,20.81035246,9.070669357,7.432463352,8.316806789,474,18,486,22,492,508
46,1000,20,7.7,28,102,951,33,11,5,49,8.813176779,103,220,21.34367492,9.524772084,8.589486875,9.039567166,483,20,468,29,503,497
49,1000,20,7.7,28,26,949,26,11,14,51,7.804858448,78,211,20.64872901,9.072060033,7.146418126,8.432434379,469,19,480,32,488,512
50,1000,20,7.7,28,25,952,22,16,10,48,7.678240797,83,211,20.47762042,9.161291299,7.129691612,8.203173383,474,15,478,33,489,511
48,1000,20,7.7,28,47,960,25,5,10,40,7.925817096,97,229,20.80039661,9.046149682,7.462158752,8.374872027,475,17,485,23,492,508
46,1000,20,7.7,28,103,950,34,10,6,50,8.861296096,109,228,21.35577267,9.524303578,8.626849784,9.098572746,483,20,467,30,503,497
50,1000,20,7.7,28,26,953,22,15,10,47,7.71633518,92,220,20.49009215,9.167643166,7.192559587,8.217560748,474,15,479,32,489,511
49,1000,20,7.7,28,27,950,26,10,14,50,7.78801725,76,209,20.65249019,9.072664926,7.161588772,8.385081893,469,19,481,31,488,512
48,1000,20,7.7,28,48,960,25,5,10,40,7.938447235,100,211,20.80338265,9.070160112,7.477956789,8.384434045,475,17,485,23,492,508
46,1000,20,7.7,28,104,947,36,10,7,53,8.914640876,105,230,21.36114298,9.509268653,8.693046669,9.138910266,481,22,466,31,503,497
50,1000,20,7.7,28,27,955,21,14,10,45,7.718487566,99,200,20.51463244,9.15864962,7.171797535,8.241641041,475,14,480,31,489,511
48,1000,20,7.7,28,49,960,25,5,10,40,7.96991036,106,215,20.81362159,9.054095781,7.496978029,8.427947185,476,16,484,24,492,508
49,1000,20,7.7,28,28,951,25,10,14,49,7.835222261,84,187,20.6670128,9.074001107,7.157233772,8.48143004,471,17,480,32,488,512
50,1000,20,7.7,28,28,956,20,14,10,44,7.736274366,89,215,20.51848326,9.178149922,7.201791299,8.24774642,475,14,481,30,489,511
48,1000,20,7.7,28,50,960,25,5,10,40,7.965800184,93,194,20.83131775,9.069180977,7.467023573,8.448867297,476,16,484,24,492,508
49,1000,20,7.7,28,29,950,26,10,14,50,7.86175202,101,206,20.6757174,9.081032371,7.177515245,8.513915197,471,17,479,33,488,512
48,1000,20,7.7,28,51,958,27,5,10,42,8.01023611,102,208,20.83829236,9.055838452,7.509103446,8.495585069,475,17,483,25,492,508
50,1000,20,7.7,28,29,955,21,14,10,45,7.77504852,84,215,20.51491475,9.18437696,7.275463379,8.253125102,474,15,481,30,489,511
49,1000,20,7.7,28,30,952,23,12,13,48,7.888626246,96,223,20.68631706,9.091059595,7.180949327,8.563130809,472,16,480,32,488,512
48,1000,20,7.7,28,52,959,26,5,10,41,8.042137356,95,221,20.85389869,9.056001547,7.547937983,8.520771394,476,16,483,25,492,508
50,1000,20,7.7,28,30,957,21,12,10,43,7.791065964,100,232,20.52267401,9.200761051,7.322090439,8.239850762,475,14,482,29,489,511
49,1000,20,7.7,28,31,952,22,13,13,48,7.909952242,70,212,20.70909405,9.093890707,7.201236045,8.585447367,472,16,480,32,488,512
48,1000,20,7.7,28,53,959,26,5,10,41,8.078902054,84,200,20.87058467,9.050821489,7.540601674,8.600248091,477,15,482,26,492,508
50,1000,20,7.7,28,31,956,22,11,11,44,7.80456024,92,205,20.53584582,9.211606122,7.304101636,8.28347268,475,14,481,30,489,511
49,1000,20,7.7,28,32,951,23,13,13,49,7.960172659,112,196,20.71367326,9.109958332,7.243055274,8.643675166,472,16,479,33,488,512
48,1000,20,7.7,28,54,959,26,5,10,41,8.078302733,90,217,20.89286748,9.068255123,7.559894133,8.580383503,478,14,481,27,492,508
50,1000,20,7.7,28,32,956,23,11,10,44,7.819305981,106,208,20.54425717,9.238912135,7.34431792,8.273844458,475,14,481,30,489,511
49,1000,20,7.7,28,33,951,23,13,13,49,7.979636329,88,234,20.72613281,9.105032551,7.281158893,8.645372636,472,16,479,33,488,512
48,1000,20,7.7,28,55,960,25,6,9,40,8.11461674,89,225,20.89971637,9.083933376,7.59996103,8.613062821,478,14,482,26,492,508
50,1000,20,7.7,28,33,957,22,11,10,43,7.84146526,85,205,20.57021414,9.245582595,7.380192818,8.282878614,475,14,482,29,489,511
49,1000,20,7.7,28,34,951,23,14,12,49,7.969524628,106,201,20.73319492,9.097353449,7.288729622,8.618407367,472,16,479,33,488,512
48,1000,20,7.7,28,56,960,25,5,10,40,8.152433456,84,223,20.89580153,9.105654865,7.676855547,8.613032534,478,14,482,26,492,508
50,1000,20,7.7,28,34,957,22,11,10,43,7.865911397,84,214,20.58707668,9.267159955,7.39317685,8.318293381,475,14,482,29,489,511
48,1000,20,7.7,28,57,959,25,6,10,41,8.176588669,107,204,20.9243756,9.102272497,7.68879045,8.649023165,478,14,481,27,492,508
49,1000,20,7.7,28,35,947,27,14,12,53,8.002744627,105,212,20.72643362,9.114109861,7.288247574,8.68374963,472,16,475,37,488,512
50,1000,20,7.7,28,35,957,21,12,10,43,7.891938733,93,181,20.59660804,9.281159974,7.435957873,8.328288323,475,14,482,29,489,511
48,1000,20,7.7,28,58,957,26,7,10,43,8.213533076,95,212,20.94202983,9.118836229,7.741492184,8.670706538,477,15,480,28,492,508
49,1000,20,7.7,28,36,948,26,14,12,52,8.014837392,98,221,20.72287325,9.112378436,7.295277353,8.700668054,472,16,476,36,488,512
50,1000,20,7.7,28,36,958,20,12,10,42,7.887471267,96,228,20.59551426,9.307115054,7.426890492,8.328222732,475,14,483,28,489,511
48,1000,20,7.7,28,59,956,27,7,10,44,8.214673194,99,212,20.93690461,9.132689306,7.764179487,8.650978122,476,16,480,28,492,508
49,1000,20,7.7,28,37,949,26,14,11,51,8.048814381,101,191,20.74591395,9.116674742,7.326399351,8.737366207,473,15,476,36,488,512
50,1000,20,7.7,28,37,958,21,12,9,42,7.913646396,101,200,20.61773872,9.328159301,7.461725055,8.346111241,475,14,483,28,489,511
48,1000,20,7.7,28,60,957,26,7,10,43,8.230605974,86,227,20.9569749,9.150114632,7.790100269,8.657237483,477,15,480,28,492,508
49,1000,20,7.7,28,38,950,26,14,10,50,8.059981,114,216,20.76489867,9.131801795,7.293059677,8.790952887,474,14,476,36,488,512
50,1000,20,7.7,28,38,956,22,13,9,44,7.918448831,95,197,20.61656964,9.349699725,7.471347379,8.346301296,473,16,483,28,489,511
48,1000,20,7.7,28,61,957,25,8,10,43,8.242619622,106,188,20.98217213,9.146096549,7.795842568,8.675324958,477,15,480,28,492,508
49,1000,20,7.7,28,39,951,25,14,10,49,8.078573746,96,218,20.81911169,9.127542988,7.315827312,8.80556644,475,13,476,36,488,512
50,1000,20,7.7,28,39,957,21,13,9,43,7.951188318,103,192,20.62050585,9.363248559,7.483349855,8.398885007,473,16,484,27,489,511
48,1000,20,7.7,28,62,957,25,9,9,43,8.24944944,107,234,20.97915175,9.163149056,7.79609977,8.688520382,477,15,480,28,492,508
49,1000,20,7.7,28,40,949,27,14,10,51,8.10140168,107,201,20.81222233,9.131360285,7.328533446,8.838041715,473,15,476,36,488,512
50,1000,20,7.7,28,40,957,20,12,11,43,7.974336371,111,193,20.64508549,9.35782674,7.477683265,8.449607151,473,16,484,27,489,511
48,1000,20,7.7,28,63,958,23,10,9,42,8.294653746,101,198,20.99109277,9.166707784,7.858726845,8.716850666,477,15,481,27,492,508
49,1000,20,7.7,28,41,949,27,14,10,51,8.114157292,76,210,20.84069686,9.144902866,7.296791807,8.893208771,474,14,475,37,488,512
50,1000,20,7.7,28,41,956,22,11,11,44,7.992756097,99,200,20.67418594,9.383251733,7.514476277,8.450444614,472,17,484,27,489,511
48,1000,20,7.7,28,64,958,21,10,11,42,8.311812624,93,230,21.01623296,9.185301421,7.883479601,8.726654844,477,15,481,27,492,508
49,1000,20,7.7,28,42,948,28,14,10,52,8.123635561,87,209,20.86355163,9.140468001,7.332295055,8.877881982,473,15,475,37,488,512
50,1000,20,7.7,28,42,957,21,10,12,43,8.026282625,97,225,20.67790025,9.38860368,7.552221679,8.479933902,472,17,485,26,489,511
48,1000,20,7.7,28,65,958,21,11,10,42,8.326502237,90,219,21.00744161,9.199737668,7.897410268,8.742079498,477,15,481,27,492,508
49,1000,20,7.7,28,43,949,28,14,9,51,8.11722085,95,215,20.90146272,9.151134222,7.330309037,8.867246171,474,14,475,37,488,512
50,1000,20,7.7,28,43,957,21,10,12,43,8.008348763,98,226,20.7119998,9.387367086,7.572383173,8.425544798,472,17,485,26,489,511
48,1000,20,7.7,28,66,958,21,11,10,42,8.323994138,99,228,21.03430366,9.208270482,7.90028916,8.734354079,477,15,481,27,492,508
49,1000,20,7.7,28,44,948,28,15,9,52,8.148168612,97,235,20.92193926,9.148724196,7.35442147,8.904708857,473,15,475,37,488,512
50,1000,20,7.7,28,44,956,22,10,12,44,8.032672767,108,220,20.73226988,9.417639697,7.584593981,8.461460489,472,17,484,27,489,511
48,1000,20,7.7,28,67,959,20,11,10,41,8.326258388,104,230,21.04959629,9.216659161,7.880892151,8.757597342,477,15,482,26,492,508
49,1000,20,7.7,28,45,949,28,14,9,51,8.127939042,104,205,20.94037081,9.157697418,7.315408388,8.902382321,474,14,475,37,488,512
50,1000,20,7.7,28,45,954,24,10,12,46,8.071680448,98,221,20.72758718,9.420451825,7.635851662,8.488745568,472,17,482,29,489,511
48,1000,20,7.7,28,68,959,21,10,10,41,8.33892945,95,217,21.06154655,9.211841472,7.88448718,8.779058579,477,15,482,26,492,508
49,1000,20,7.7,28,46,946,31,13,10,54,8.147294872,92,216,20.9693291,9.179221689,7.344443954,8.912512153,473,15,473,39,488,512
50,1000,20,7.7,28,46,954,24,10,12,46,8.042995556,117,211,20.73960871,9.444001736,7.600946215,8.46601342,472,17,482,29,489,511
48,1000,20,7.7,28,69,959,21,9,11,41,8.372255142,80,208,21.05436631,9.225270864,7.939193711,8.791676844,476,16,483,25,492,508
49,1000,20,7.7,28,47,944,33,13,10,56,8.187438243,116,205,21.00215638,9.18934998,7.405821242,8.932416947,472,16,472,40,488,512
50,1000,20,7.7,28,47,953,24,11,12,47,8.060289015,115,207,20.74202193,9.462573785,7.61218026,8.489105417,472,17,481,30,489,511
48,1000,20,7.7,28,70,962,18,9,11,38,8.348700123,87,204,21.05774915,9.220513043,7.931971474,8.75230346,476,16,486,22,492,508
49,1000,20,7.7,28,48,944,34,13,9,56,8.19656139,99,215,21.00474124,9.205880158,7.394972288,8.960576002,472,16,472,40,488,512
48,1000,20,7.7,28,71,961,19,9,11,39,8.393022038,99,220,21.08466482,9.238573354,7.954117843,8.818102479,476,16,485,23,492,508
50,1000,20,7.7,28,48,952,25,11,12,48,8.09007072,84,208,20.75003698,9.486731855,7.665050214,8.496792886,471,18,481,30,489,511
48,1000,20,7.7,28,72,960,20,9,11,40,8.415749727,86,213,21.10709973,9.241327134,7.973878331,8.843703914,475,17,485,23,492,508
49,1000,20,7.7,28,49,944,33,14,9,56,8.238623541,99,208,21.01683598,9.211570392,7.437009522,9.002661903,472,16,472,40,488,512
50,1000,20,7.7,28,49,952,25,11,12,48,8.104753448,100,209,20.77110544,9.482052665,7.692353496,8.499398412,471,18,481,30,489,511
48,1000,20,7.7,28,73,960,20,9,11,40,8.447400002,100,233,21.11917612,9.25380821,8.029246717,8.852383106,475,17,485,23,492,508
49,1000,20,7.7,28,50,947,31,13,9,53,8.237998826,94,242,21.03948752,9.197397105,7.40082412,9.035930968,474,14,473,39,488,512
50,1000,20,7.7,28,50,953,24,11,12,47,8.103674554,102,201,20.76834788,9.480432389,7.684744921,8.504568078,471,18,482,29,489,511
48,1000,20,7.7,28,74,960,20,9,11,40,8.463535273,98,230,21.16572093,9.228516386,8.063108302,8.85135037,474,18,486,22,492,508
49,1000,20,7.7,28,51,948,30,12,10,52,8.250853895,94,209,21.06894278,9.215293333,7.386447863,9.074740895,475,13,473,39,488,512
50,1000,20,7.7,28,51,953,24,11,12,47,8.129185203,102,218,20.7705368,9.471821033,7.722866433,8.518010796,471,18,482,29,489,511
48,1000,20,7.7,28,75,959,21,9,11,41,8.478273488,91,210,21.17245943,9.227289662,8.094531471,8.849929143,473,19,486,22,492,508
49,1000,20,7.7,28,52,948,31,11,10,52,8.266867292,86,204,21.068557,9.212959245,7.406996865,9.086431292,474,14,474,38,488,512
48,1000,20,7.7,28,76,959,21,9,11,41,8.483200875,73,234,21.17689192,9.236582656,8.10792759,8.846654528,473,19,486,22,492,508
50,1000,20,7.7,28,52,954,24,10,12,46,8.157886281,86,234,20.7873553,9.489761018,7.781261882,8.518295932,471,18,483,28,489,511
49,1000,20,7.7,28,53,950,29,11,10,50,8.251219523,92,237,21.09813501,9.218102195,7.370408796,9.090742248,476,12,474,38,488,512
48,1000,20,7.7,28,77,957,23,9,11,43,8.51959384,97,230,21.19105817,9.248482648,8.13206006,8.894921831,472,20,485,23,492,508
50,1000,20,7.7,28,53,952,26,10,12,48,8.200482695,101,205,20.7825909,9.503253901,7.812747253,8.571525025,470,19,482,29,489,511
49,1000,20,7.7,28,54,950,29,11,10,50,8.296369055,84,221,21.12301207,9.24855197,7.439128865,9.113426112,476,12,474,38,488,512
48,1000,20,7.7,28,78,957,24,8,11,43,8.522871374,95,223,21.20140132,9.25501048,8.129514386,8.903839165,473,19,484,24,492,508
50,1000,20,7.7,28,54,949,29,10,12,51,8.238438694,95,219,20.78357623,9.54473683,7.830196941,8.629104481,469,20,480,31,489,511
48,1000,20,7.7,28,79,957,23,9,11,43,8.547319596,106,218,21.22983686,9.262429264,8.178303673,8.904712971,473,19,484,24,492,508
49,1000,20,7.7,28,55,951,29,11,9,49,8.273485737,103,236,21.1381331,9.254047593,7.444828123,9.063300026,476,12,475,37,488,512
50,1000,20,7.7,28,55,951,28,10,11,49,8.27450485,107,195,20.8289916,9.549453325,7.878825356,8.653149219,469,20,482,29,489,511
48,1000,20,7.7,28,80,957,23,8,12,43,8.600694405,100,223,21.23895102,9.27629257,8.22820177,8.961454989,473,19,484,24,492,508
49,1000,20,7.7,28,56,952,27,12,9,48,8.305307121,99,230,21.13922462,9.246751289,7.46193944,9.109141942,476,12,476,36,488,512
50,1000,20,7.7,28,56,950,29,10,11,50,8.294692303,97,206,20.85077478,9.564102515,7.914762653,8.658264903,468,21,482,29,489,511
48,1000,20,7.7,28,81,957,23,8,12,43,8.604915216,92,205,21.23893587,9.273987177,8.236471614,8.961754294,473,19,484,24,492,508
49,1000,20,7.7,28,57,951,28,12,9,49,8.322755988,100,222,21.13099225,9.246379811,7.479178523,9.126790758,475,13,476,36,488,512
50,1000,20,7.7,28,57,952,28,9,11,48,8.285114445,105,213,20.86920737,9.566527543,7.931970981,8.623054082,469,20,483,28,489,511
48,1000,20,7.7,28,82,960,20,8,12,40,8.598747996,105,214,21.25384298,9.280797376,8.224180831,8.961517771,473,19,487,21,492,508
49,1000,20,7.7,28,58,952,28,12,8,48,8.360157064,95,232,21.14864309,9.254275509,7.546833977,9.135355632,475,13,477,35,488,512
50,1000,20,7.7,28,58,953,27,10,10,47,8.303777817,103,242,20.88969367,9.580126416,7.963627506,8.629283691,469,20,484,27,489,511
48,1000,20,7.7,28,83,960,20,8,12,40,8.604025869,118,239,21.27043167,9.297421072,8.197267136,8.997973304,473,19,487,21,492,508
49,1000,20,7.7,28,59,953,27,12,8,47,8.324455285,100,213,21.16997553,9.253955064,7.524802049,9.086624774,476,12,477,35,488,512
50,1000,20,7.7,28,59,954,26,10,10,46,8.303794569,116,199,20.88627794,9.56339552,7.968592357,8.624565375,469,20,485,26,489,511
48,1000,20,7.7,28,84,960,20,8,12,40,8.62174577,107,218,21.30400829,9.31830161,8.232096818,8.999122314,473,19,487,21,492,508
49,1000,20,7.7,28,60,953,27,12,8,47,8.346056028,98,231,21.18271955,9.259744007,7.582400554,9.073915151,476,12,477,35,488,512
50,1000,20,7.7,28,60,954,26,10,10,46,8.318217316,118,205,20.88452319,9.570627032,8.041340622,8.583173682,469,20,485,26,489,511
48,1000,20,7.7,28,85,956,25,8,11,44,8.659698835,89,198,21.31084974,9.303094098,8.29911006,9.008930483,471,21,485,23,492,508
49,1000,20,7.7,28,61,953,27,12,8,47,8.376888471,87,225,21.19032525,9.25904651,7.615497115,9.102589607,476,12,477,35,488,512
50,1000,20,7.7,28,61,953,26,11,10,47,8.340511925,102,195,20.90445315,9.565403332,8.009527426,8.657246602,469,20,484,27,489,511
48,1000,20,7.7,28,86,958,23,8,11,42,8.62032375,106,202,21.32851922,9.274293357,8.249124582,8.979831605,472,20,486,22,492,508
49,1000,20,7.7,28,62,954,27,11,8,46,8.381042886,79,240,21.19423647,9.259292102,7.630902187,9.09602074,477,11,477,35,488,512
48,1000,20,7.7,28,87,958,23,8,11,42,8.614486717,95,231,21.33122425,9.284626466,8.250917664,8.966604777,472,20,486,22,492,508
50,1000,20,7.7,28,62,951,28,11,10,49,8.326850352,101,211,20.90048233,9.565014821,8.025197386,8.615516301,468,21,483,28,489,511
49,1000,20,7.7,28,63,955,26,11,8,45,8.375139224,100,202,21.21028705,9.2758821,7.614685628,9.099946558,477,11,478,34,488,512
48,1000,20,7.7,28,88,959,21,9,11,41,8.646213683,106,213,21.32168363,9.287243579,8.287532336,8.993597981,472,20,487,21,492,508
50,1000,20,7.7,28,63,952,27,11,10,48,8.353660141,103,220,20.93910575,9.571845849,8.054846256,8.63960924,469,20,483,28,489,511
49,1000,20,7.7,28,64,956,26,11,7,44,8.393267003,102,206,21.23258018,9.281747779,7.676972111,9.075985571,477,11,479,33,488,512
48,1000,20,7.7,28,89,957,22,9,12,43,8.672940924,95,220,21.31962448,9.282126592,8.336221756,8.999054764,470,22,487,21,492,508
50,1000,20,7.7,28,64,952,27,11,10,48,8.347525186,99,218,20.97097585,9.601499464,8.076280941,8.607091596,469,20,483,28,489,511
49,1000,20,7.7,28,65,957,25,11,7,43,8.433254279,105,217,21.23575767,9.264519651,7.775042385,9.060612491,477,11,480,32,488,512
48,1000,20,7.7,28,90,956,24,8,12,44,8.702499724,94,216,21.31350924,9.285427965,8.35320869,9.040789466,471,21,485,23,492,508
50,1000,20,7.7,28,65,951,28,11,10,49,8.371138154,98,226,20.98878786,9.620103609,8.091169065,8.639053779,469,20,482,29,489,511
48,1000,20,7.7,28,91,956,25,7,12,44,8.75233624,93,236,21.31045777,9.287662546,8.411544202,9.082394671,471,21,485,23,492,508
49,1000,20,7.7,28,66,958,24,12,6,42,8.478350509,112,198,21.24256467,9.284056237,7.819499564,9.106317816,478,10,480,32,488,512
50,1000,20,7.7,28,66,952,28,11,9,48,8.367619451,95,207,20.99497744,9.64922677,8.072903057,8.649647468,470,19,482,29,489,511
48,1000,20,7.7,28,92,956,24,8,12,44,8.771807456,100,200,21.31605589,9.294848134,8.460167171,9.073632298,471,21,485,23,492,508
49,1000,20,7.7,28,67,957,25,12,6,43,8.488752502,84,213,21.25495378,9.302534835,7.826728978,9.119743673,478,10,479,33,488,512
50,1000,20,7.7,28,67,952,27,12,9,48,8.384910027,109,220,21.01922419,9.65668371,8.049272377,8.706097523,470,19,482,29,489,511
48,1000,20,7.7,28,93,956,24,8,12,44,8.800870137,112,236,21.34876845,9.296063836,8.473019781,9.118394497,471,21,485,23,492,508
49,1000,20,7.7,28,68,957,25,12,6,43,8.532775912,79,211,21.27828753,9.293661968,7.883351128,9.151758909,477,11,480,32,488,512
50,1000,20,7.7,28,68,953,27,11,9,47,8.379312236,96,210,21.02858791,9.650743234,8.065000839,8.680091635,471,18,482,29,489,511
48,1000,20,7.7,28,94,953,26,9,12,47,8.82921106,107,213,21.34699116,9.318059143,8.507784236,9.140514203,469,23,484,24,492,508
49,1000,20,7.7,28,69,959,24,11,6,41,8.523036063,101,202,21.28858111,9.295857143,7.890454308,9.125965548,478,10,481,31,488,512
50,1000,20,7.7,28,69,953,28,10,9,47,8.392547886,98,205,21.04446986,9.654166194,8.087645518,8.684323341,472,17,481,30,489,511
48,1000,20,7.7,28,95,952,26,10,12,48,8.819925406,91,224,21.35258775,9.315242509,8.492363272,9.137170623,469,23,483,25,492,508
49,1000,20,7.7,28,70,958,24,12,6,42,8.552126286,103,233,21.28524896,9.30519192,7.917373063,9.157125452,478,10,480,32,488,512
50,1000,20,7.7,28,70,953,28,10,9,47,8.364387634,109,232,21.0674261,9.664756579,8.080032671,8.636500309,472,17,481,30,489,511
48,1000,20,7.7,28,96,951,28,10,11,49,8.827134898,102,202,21.36768479,9.321990159,8.510663461,9.13363873,468,24,483,25,492,508
49,1000,20,7.7,28,71,956,26,12,6,44,8.567402853,94,221,21.29816974,9.310946632,7.92762771,9.177188537,477,11,479,33,488,512
50,1000,20,7.7,28,71,952,29,10,9,48,8.401054891,88,218,21.06212438,9.676321482,8.097195194,8.691832565,471,18,481,30,489,511
48,1000,20,7.7,28,97,953,27,9,11,47,8.818315062,110,192,21.36663056,9.339203435,8.490029448,9.136260973,469,23,484,24,492,508
49,1000,20,7.7,28,72,956,26,12,6,44,8.607432022,82,206,21.31204011,9.327627326,7.990058443,9.195866215,477,11,479,33,488,512
50,1000,20,7.7,28,72,953,28,10,9,47,8.377312891,103,194,21.06559615,9.683122939,8.084915553,8.657121694,472,17,481,30,489,511
48,1000,20,7.7,28,98,953,27,9,11,47,8.853505338,104,200,21.37687249,9.333212548,8.529811564,9.167004033,469,23,484,24,492,508
49,1000,20,7.7,28,73,954,28,12,6,46,8.687549886,95,218,21.31564436,9.326415151,8.091963431,9.255218227,475,13,479,33,488,512
50,1000,20,7.7,28,73,954,28,10,8,46,8.372632247,105,210,21.09925244,9.686493689,8.103841225,8.629851053,472,17,482,29,489,511
48,1000,20,7.7,28,99,953,27,9,11,47,8.877735699,108,217,21.39212576,9.349677266,8.556221638,9.189123334,469,23,484,24,492,508
49,1000,20,7.7,28,74,953,28,12,7,47,8.723027616,94,202,21.33850874,9.336282398,8.150531802,9.268687689,474,14,479,33,488,512
48,1000,20,7.7,28,100,954,27,8,11,46,8.878101413,90,221,21.41384151,9.363104215,8.606302582,9.14133965,468,24,486,22,492,508
50,1000,20,7.7,28,74,954,28,10,8,46,8.418788501,106,217,21.11231493,9.685498475,8.107826828,8.716362392,472,17,482,29,489,511
48,1000,20,7.7,28,101,952,29,8,11,48,8.932613035,100,215,21.41546931,9.355381886,8.681169389,9.176137196,467,25,485,23,492,508
49,1000,20,7.7,28,75,954,28,10,8,46,8.762932086,96,216,21.34566497,9.349178159,8.186346501,9.312490221,474,14,480,32,488,512
50,1000,20,7.7,28,75,954,28,10,8,46,8.454175604,90,236,21.14004967,9.709146632,8.143333024,8.751635529,473,16,481,30,489,511
48,1000,20,7.7,28,102,948,32,7,13,52,8.971155391,96,233,21.42243844,9.353890728,8.749280899,9.18604171,464,28,484,24,492,508
49,1000,20,7.7,28,76,954,28,10,8,46,8.775151387,92,205,21.34709215,9.374093423,8.215168371,9.3088852,474,14,480,32,488,512
50,1000,20,7.7,28,76,954,28,10,8,46,8.476787658,89,203,21.15542376,9.713998953,8.182842144,8.758077983,473,16,481,30,489,511
48,1000,20,7.7,28,103,946,34,7,13,54,9.008639491,97,203,21.44100353,9.390253699,8.79477557,9.215767541,463,29,483,25,492,508
49,1000,20,7.7,28,77,953,29,10,8,47,8.785458244,95,204,21.36924681,9.369178694,8.208457065,9.335412494,474,14,479,33,488,512
50,1000,20,7.7,28,77,953,30,10,7,47,8.484475581,107,212,21.16430315,9.721035611,8.2296328,8.728346658,472,17,481,30,489,511
48,1000,20,7.7,28,104,943,37,7,13,57,9.036288759,94,224,21.45044838,9.405739051,8.788493283,9.276279654,461,31,482,26,492,508
50,1000,20,7.7,28,78,952,31,10,7,48,8.487026248,99,208,21.17592364,9.7317622,8.248906019,8.714894726,471,18,481,30,489,511
49,1000,20,7.7,28,78,954,29,9,8,46,8.769722056,114,207,21.40836452,9.388505372,8.180654373,9.331177191,474,14,480,32,488,512
49,1000,20,7.7,28,79,953,30,10,7,47,8.781360583,77,207,21.41258277,9.39102335,8.184257113,9.350474828,473,15,480,32,488,512
50,1000,20,7.7,28,79,954,29,10,7,46,8.48675156,106,223,21.20581138,9.725884004,8.217333656,8.744570259,472,17,482,29,489,511
49,1000,20,7.7,28,80,952,30,12,6,48,8.797246475,107,210,21.43135264,9.403285277,8.171332258,9.393820962,472,16,480,32,488,512
50,1000,20,7.7,28,80,954,29,10,7,46,8.517676392,99,202,21.22584895,9.73534402,8.275951367,8.74899447,472,17,482,29,489,511
50,1000,20,7.7,28,81,954,29,10,7,46,8.495922144,97,225,21.24191024,9.738212145,8.295564643,8.687653685,472,17,482,29,489,511
49,1000,20,7.7,28,81,953,30,11,6,47,8.795681616,84,222,21.46040652,9.428947763,8.171454519,9.390648068,472,16,481,31,488,512
50,1000,20,7.7,28,82,953,30,10,7,47,8.539379796,100,211,21.26619898,9.740505114,8.310781769,8.75813603,471,18,482,29,489,511
49,1000,20,7.7,28,82,953,31,11,5,47,8.800346368,96,237,21.50996277,9.42913754,8.166427152,9.404550621,471,17,482,30,488,512
50,1000,20,7.7,28,83,953,28,11,8,47,8.587544576,102,242,21.28378772,9.750548105,8.376340624,8.789655599,471,18,482,29,489,511
49,1000,20,7.7,28,83,954,31,9,6,46,8.786223483,95,200,21.5073045,9.439062903,8.189160383,9.35529925,470,18,484,28,488,512
50,1000,20,7.7,28,84,953,28,11,8,47,8.609825024,105,221,21.27784137,9.742393699,8.400824507,8.809827475,471,18,482,29,489,511
49,1000,20,7.7,28,84,952,33,9,6,48,8.831322243,95,223,21.52158607,9.424369371,8.232029169,9.402523454,469,19,483,29,488,512
50,1000,20,7.7,28,85,952,30,11,7,48,8.61382887,122,219,21.29761827,9.761389932,8.425210173,8.794326996,470,19,482,29,489,511
49,1000,20,7.7,28,85,951,33,10,6,49,8.838643538,102,233,21.53122137,9.453723721,8.225190152,9.423341295,469,19,482,30,488,512
50,1000,20,7.7,28,86,952,30,11,7,48,8.60106931,107,229,21.3087051,9.757967932,8.446077631,8.749388157,470,19,482,29,489,511
49,1000,20,7.7,28,86,950,34,10,6,50,8.881475408,77,225,21.54727583,9.467422903,8.293609187,9.441785401,468,20,482,30,488,512
50,1000,20,7.7,28,87,952,30,11,7,48,8.60883177,98,212,21.32242363,9.756606374,8.446548406,8.764128375,470,19,482,29,489,511
49,1000,20,7.7,28,87,947,34,12,7,53,8.920797612,89,242,21.56405143,9.478974306,8.341716821,9.472733991,466,22,481,31,488,512
50,1000,20,7.7,28,88,952,30,11,7,48,8.602114513,108,194,21.3385415,9.758666344,8.421343584,8.775102741,470,19,482,29,489,511
49,1000,20,7.7,28,88,947,34,12,7,53,8.98093755,95,223,21.58175732,9.488543182,8.406031639,9.528894746,466,22,481,31,488,512
50,1000,20,7.7,28,89,952,30,11,7,48,8.623815595,104,211,21.35583052,9.7691772,8.457453319,8.783015503,470,19,482,29,489,511
49,1000,20,7.7,28,89,945,36,12,7,55,8.994740083,107,214,21.59430067,9.504362915,8.432281696,9.530833234,465,23,480,32,488,512
50,1000,20,7.7,28,90,953,28,11,8,47,8.655410789,112,206,21.37005551,9.771205365,8.477051777,8.82609094,470,19,483,28,489,511
49,1000,20,7.7,28,90,944,37,12,7,56,9.013515313,87,203,21.5895893,9.500999786,8.446783414,9.553681654,466,22,478,34,488,512
50,1000,20,7.7,28,91,954,28,10,8,46,8.655499146,128,205,21.37948987,9.789676857,8.465530374,8.837289224,471,18,483,28,489,511
49,1000,20,7.7,28,91,945,37,11,7,55,9.02998887,89,240,21.60485488,9.512521156,8.459061707,9.574153823,467,21,478,34,488,512
50,1000,20,7.7,28,92,955,27,10,8,45,8.664566522,103,209,21.41466474,9.790557756,8.521219538,8.801742012,471,18,484,27,489,511
49,1000,20,7.7,28,92,942,38,13,7,58,9.089082069,92,220,21.62615689,9.516256032,8.519145077,9.632303264,465,23,477,35,488,512
50,1000,20,7.7,28,93,956,25,11,8,44,8.688150315,96,189,21.42046233,9.788206483,8.524259276,8.84498538,471,18,485,26,489,511
49,1000,20,7.7,28,93,941,39,13,7,59,9.104760036,91,212,21.64489919,9.521386712,8.5420469,9.641095993,465,23,476,36,488,512
50,1000,20,7.7,28,94,956,25,11,8,44,8.710967283,109,232,21.44907313,9.793956875,8.543997043,8.87074898,471,18,485,26,489,511
49,1000,20,7.7,28,94,941,39,12,8,59,9.133134535,112,214,21.63838502,9.52022298,8.585122726,9.655458291,465,23,476,36,488,512
50,1000,20,7.7,28,95,957,24,11,8,43,8.74061666,116,237,21.46069098,9.800253181,8.608342933,8.867195627,471,18,486,25,489,511
49,1000,20,7.7,28,95,943,36,13,8,57,9.112451116,116,227,21.65109442,9.513964866,8.566787442,9.632536806,466,22,477,35,488,512
50,1000,20,7.7,28,96,955,26,11,8,45,8.801035755,101,232,21.46742298,9.795937787,8.694803859,8.902694067,469,20,486,25,489,511
49,1000,20,7.7,28,96,942,36,14,8,58,9.140850725,107,226,21.68285549,9.533607193,8.616119429,9.640985242,466,22,476,36,488,512
50,1000,20,7.7,28,97,956,24,12,8,44,8.834556089,114,217,21.47717924,9.787507379,8.694140875,8.96892603,471,18,485,26,489,511
49,1000,20,7.7,28,97,942,35,15,8,58,9.139534925,103,236,21.6705789,9.532891405,8.616111419,9.638422954,466,22,476,36,488,512
50,1000,20,7.7,28,98,956,24,12,8,44,8.844045376,105,228,21.49511725,9.80109126,8.688521153,8.99287384,471,18,485,26,489,511
49,1000,20,7.7,28,98,942,36,14,8,58,9.172800738,105,216,21.6799791,9.51792817,8.67571674,9.646583923,465,23,477,35,488,512
50,1000,20,7.7,28,99,957,23,12,8,43,8.843963047,112,194,21.50638282,9.813674201,8.723245328,8.959483526,470,19,487,24,489,511
49,1000,20,7.7,28,99,939,39,14,8,61,9.18226141,99,246,21.70944826,9.532305016,8.660347063,9.679711023,462,26,477,35,488,512
50,1000,20,7.7,28,100,954,25,13,8,46,8.878610527,108,231,21.51400697,9.835032642,8.757731886,8.994285,469,20,485,26,489,511
49,1000,20,7.7,28,100,939,39,14,8,61,9.185810698,95,235,21.71437171,9.55444016,8.66151471,9.685530312,462,26,477,35,488,512
50,1000,20,7.7,28,101,953,26,13,8,47,8.91695679,113,198,21.52359414,9.841592496,8.817343994,9.012280972,468,21,485,26,489,511
49,1000,20,7.7,28,101,938,38,15,9,62,9.222698923,94,247,21.73693084,9.579877163,8.674950781,9.74477137,462,26,476,36,488,512
50,1000,20,7.7,28,102,953,26,12,9,47,8.917135113,106,193,21.52477873,9.852039976,8.850845526,8.980570746,467,22,486,25,489,511
49,1000,20,7.7,28,102,940,35,16,9,60,9.203664516,128,226,21.73993691,9.598000643,8.677768712,9.704908955,463,25,477,35,488,512
50,1000,20,7.7,28,103,954,25,12,9,46,8.954993242,117,222,21.55700926,9.868556917,8.8840342,9.022897297,468,21,486,25,489,511
49,1000,20,7.7,28,103,938,36,17,9,62,9.225920001,111,241,21.74935284,9.617286708,8.673225235,9.7527072,462,26,476,36,488,512
50,1000,20,7.7,28,104,953,26,12,9,47,8.98311045,99,229,21.57799371,9.854035447,8.926418729,9.037361431,468,21,485,26,489,511
49,1000,20,7.7,28,104,938,36,17,9,62,9.24845931,106,239,21.76875316,9.622246973,8.692198702,9.778645202,462,26,476,36,488,512
