[run number],initial-people,environment,healthy-treatment-chance,dep-treatment-chance,[step],"count turtles with [ severity = ""No Depression"" ]","count turtles with [ severity = ""Mild Depression"" ]","count turtles with [ severity = ""Moderate Depression"" ]","count turtles with [ severity = ""Severe Depression"" ]","count turtles with [ severity != ""No Depression"" ]",mean [ dep-score ] of turtles,count turtles with [ treatment? ],count turtles with [ talks? ],mean [ prob-of-talking ] of turtles,mean [ prob-of-treatment ] of turtles,"mean [ dep-score ] of turtles with [ gender? = ""male"" ]","mean [ dep-score ] of turtles with [ gender? = ""female"" ]","count turtles with [ severity = ""No Depression"" and gender? = ""male"" ]","count turtles with [ severity != ""No Depression"" and gender? = ""male"" ]","count turtles with [ severity = ""No Depression"" and gender? = ""female"" ]","count turtles with [ severity != ""No Depression"" and gender? = ""female"" ]","count turtles with [ gender? = ""male"" ]","count turtles with [ gender? = ""female"" ]"
3,1000,40,7.7,28,0,934,36,13,17,66,7.446,88,410,40.08129403,9.10360957,6.447580645,8.428571429,473,23,461,43,496,504
4,1000,40,7.7,28,0,942,24,17,17,58,7.133,105,369,40.15273408,8.890157368,6.152439024,8.082677165,473,19,469,39,492,508
7,1000,40,7.7,28,0,929,32,22,17,71,7.572,103,397,40.04703469,9.181689283,7.170040486,7.964426877,469,25,460,46,494,506
2,1000,40,7.7,28,0,918,36,16,30,82,7.776,101,410,39.88952644,9.261987461,6.670081967,8.830078125,459,29,459,53,488,512
6,1000,40,7.7,28,0,940,31,16,13,60,6.99,84,396,39.80572172,9.070461007,6.055445545,7.943434343,481,24,459,36,505,495
5,1000,40,7.7,28,0,956,22,12,10,44,6.722,100,415,39.95462912,8.551752367,6.223735409,7.248971193,492,22,464,22,514,486
8,1000,40,7.7,28,0,937,21,23,19,63,7.367,115,429,40.24950403,8.906617629,6.456273764,8.377637131,503,23,434,40,526,474
1,1000,40,7.7,28,0,942,33,14,11,58,7.088,94,396,39.82443356,8.824269843,6.373165618,7.739961759,457,20,485,38,477,523
4,1000,40,7.7,28,1,944,24,15,17,56,7.132476144,80,376,40.19357058,8.884502587,6.164777036,8.06969654,474,18,470,38,492,508
7,1000,40,7.7,28,1,930,33,22,15,70,7.555587935,111,406,40.07191212,9.196442287,7.202235225,7.900560739,469,25,461,45,494,506
5,1000,40,7.7,28,1,957,21,12,10,43,6.7420381,84,414,39.98509469,8.555137992,6.266553222,7.244917169,493,21,464,22,514,486
3,1000,40,7.7,28,1,934,36,13,17,66,7.482016925,89,403,40.0990319,9.117590659,6.505724448,8.442812696,472,24,462,42,496,504
6,1000,40,7.7,28,1,940,31,16,13,60,7.015505536,98,383,39.82402379,9.09249988,6.093989127,7.955638437,481,24,459,36,505,495
8,1000,40,7.7,28,1,937,22,23,18,63,7.375941955,89,388,40.29221718,8.918556014,6.496933361,8.351381872,503,23,434,40,526,474
2,1000,40,7.7,28,1,921,35,16,28,79,7.728415012,87,417,39.88082871,9.301380662,6.661954542,8.744885147,461,27,460,52,488,512
1,1000,40,7.7,28,1,943,33,12,12,57,7.111800189,92,374,39.82268716,8.83811908,6.366336086,7.791697658,458,19,485,38,477,523
4,1000,40,7.7,28,2,945,24,14,17,55,7.143922312,98,402,40.20756546,8.912246669,6.193026614,8.064868539,475,17,470,38,492,508
5,1000,40,7.7,28,2,959,20,11,10,41,6.735832251,100,416,40.00747605,8.566736058,6.255843314,7.243474871,494,20,465,21,514,486
3,1000,40,7.7,28,2,935,35,13,17,65,7.487752549,97,396,40.11202241,9.138446768,6.494675085,8.465066878,473,23,462,42,496,504
7,1000,40,7.7,28,2,933,32,21,14,67,7.560655679,76,399,40.09875372,9.203911702,7.231278896,7.882221155,469,25,464,42,494,506
6,1000,40,7.7,28,2,943,31,14,12,57,7.002986015,100,395,39.84459115,9.095477749,6.093094354,7.931259326,483,22,460,35,505,495
8,1000,40,7.7,28,2,936,24,23,17,64,7.397134822,107,393,40.3010754,8.925283296,6.508941372,8.382767217,503,23,433,41,526,474
4,1000,40,7.7,28,3,947,24,13,16,53,7.146385628,102,422,40.24469219,8.937141565,6.201231194,8.061771419,476,16,471,37,492,508
2,1000,40,7.7,28,2,920,38,16,26,80,7.760179369,83,399,39.91409482,9.318255267,6.712617592,8.758636688,462,26,458,54,488,512
1,1000,40,7.7,28,2,943,33,12,12,57,7.167363193,90,391,39.85143839,8.846487517,6.45780338,7.814514303,458,19,485,38,477,523
5,1000,40,7.7,28,3,958,21,11,10,42,6.757739845,96,405,40.028593,8.572097697,6.289160901,7.253315106,493,21,465,21,514,486
3,1000,40,7.7,28,3,936,34,13,17,64,7.51349819,98,399,40.13769188,9.150245387,6.513633951,8.497491568,473,23,463,41,496,504
6,1000,40,7.7,28,3,946,28,14,12,54,6.984273388,92,413,39.88983404,9.107586457,6.137737319,7.847911196,483,22,463,32,505,495
7,1000,40,7.7,28,3,935,31,20,14,65,7.576230253,95,401,40.09690691,9.223008833,7.253770902,7.891042348,470,24,465,41,494,506
8,1000,40,7.7,28,3,937,23,23,17,63,7.397126429,105,402,40.33794891,8.939991606,6.532588146,8.356508574,503,23,434,40,526,474
4,1000,40,7.7,28,4,947,24,13,16,53,7.176793299,83,404,40.25675874,8.948270418,6.238305336,8.085722586,476,16,471,37,492,508
2,1000,40,7.7,28,3,921,38,16,25,79,7.809222657,102,415,39.93054123,9.350445892,6.809886717,8.761714724,462,26,459,53,488,512
1,1000,40,7.7,28,3,943,33,12,12,57,7.212470941,90,438,39.8849621,8.866161383,6.512467835,7.850905897,458,19,485,38,477,523
5,1000,40,7.7,28,4,959,20,11,10,41,6.785057772,91,388,40.04728309,8.578772435,6.293765285,7.304655176,494,20,465,21,514,486
3,1000,40,7.7,28,4,937,34,12,17,63,7.531357645,109,390,40.17290586,9.157283762,6.530064733,8.516757018,474,22,463,41,496,504
6,1000,40,7.7,28,4,947,28,14,11,53,6.974629474,104,410,39.90906961,9.129203608,6.125141656,7.841278663,483,22,464,31,505,495
7,1000,40,7.7,28,4,936,31,19,14,64,7.614340061,105,420,40.12167568,9.239840092,7.306310382,7.915064689,470,24,466,40,494,506
8,1000,40,7.7,28,4,937,25,21,17,63,7.423276547,102,401,40.36014711,8.956239933,6.584511139,8.354058414,503,23,434,40,526,474
4,1000,40,7.7,28,5,947,24,13,16,53,7.193053634,93,363,40.26680434,8.939649876,6.255248666,8.101321439,477,15,470,38,492,508
2,1000,40,7.7,28,4,927,34,16,23,73,7.772853194,106,391,39.93160284,9.381668166,6.80148668,8.698686902,463,25,464,48,488,512
5,1000,40,7.7,28,5,959,22,10,9,41,6.789270914,87,404,40.0640957,8.60982013,6.264373498,7.344409333,495,19,464,22,514,486
1,1000,40,7.7,28,4,944,31,13,12,56,7.240402116,84,397,39.90082884,8.879997034,6.544347579,7.875235796,459,18,485,38,477,523
3,1000,40,7.7,28,5,934,37,11,18,66,7.57067015,107,406,40.19133262,9.170161723,6.532331572,8.592527163,473,23,461,43,496,504
7,1000,40,7.7,28,5,937,31,18,14,63,7.603573458,110,402,40.17990141,9.256890351,7.307840647,7.892292842,471,23,466,40,494,506
6,1000,40,7.7,28,5,947,28,14,11,53,7.011243619,86,423,39.9454282,9.149912404,6.147296747,7.892643963,484,21,463,32,505,495
8,1000,40,7.7,28,5,937,26,21,16,63,7.450452915,85,401,40.39279822,8.984432968,6.638880207,8.351058917,503,23,434,40,526,474
4,1000,40,7.7,28,6,949,24,12,15,51,7.164458772,86,394,40.3047998,8.94688974,6.275923923,8.02500827,477,15,472,36,492,508
2,1000,40,7.7,28,5,929,31,17,23,71,7.804899965,97,427,39.97362358,9.40622559,6.824565352,8.739281393,464,24,465,47,488,512
5,1000,40,7.7,28,6,959,22,10,9,41,6.834790088,84,423,40.08819539,8.62775096,6.280242561,7.421286855,495,19,464,22,514,486
1,1000,40,7.7,28,5,945,30,13,12,55,7.234722145,103,387,39.93306621,8.88802365,6.55544173,7.854257055,459,18,486,37,477,523
6,1000,40,7.7,28,6,948,28,13,11,52,7.011710853,94,406,39.95905836,9.161307557,6.121086224,7.920327898,486,19,462,33,505,495
3,1000,40,7.7,28,6,934,37,11,18,66,7.582459569,100,409,40.22319254,9.189096081,6.539581241,8.608784273,472,24,462,42,496,504
7,1000,40,7.7,28,6,939,29,18,14,61,7.637491544,98,394,40.19506293,9.262037932,7.332868045,7.93489077,472,22,467,39,494,506
8,1000,40,7.7,28,6,937,26,22,15,63,7.455517949,89,408,40.42608875,9.013520031,6.672022071,8.324966962,503,23,434,40,526,474
4,1000,40,7.7,28,7,948,25,12,15,52,7.19048856,91,400,40.36181448,8.963841606,6.29119332,8.06145954,477,15,471,37,492,508
2,1000,40,7.7,28,6,934,29,15,22,66,7.775181688,100,420,40.01801244,9.447200567,6.846776885,8.660067516,465,23,469,43,488,512
5,1000,40,7.7,28,7,959,22,10,9,41,6.841240994,83,391,40.09685498,8.639365417,6.276726538,7.438278917,495,19,464,22,514,486
6,1000,40,7.7,28,7,948,28,13,11,52,7.017998884,83,441,39.9744587,9.183067294,6.138954623,7.914801614,486,19,462,33,505,495
1,1000,40,7.7,28,6,946,29,13,12,54,7.237500049,89,400,39.95508677,8.900147204,6.570003323,7.846287695,459,18,487,36,477,523
3,1000,40,7.7,28,7,936,36,11,17,64,7.564152214,105,399,40.23225906,9.20791459,6.531755458,8.580161719,473,23,463,41,496,504
7,1000,40,7.7,28,7,940,28,18,14,60,7.64770553,84,395,40.20725374,9.279749689,7.333587144,7.954374468,473,21,467,39,494,506
8,1000,40,7.7,28,7,935,26,23,16,65,7.490957187,105,395,40.43928151,9.026804486,6.709476372,8.358170075,502,24,433,41,526,474
4,1000,40,7.7,28,8,951,23,12,14,49,7.179221453,90,405,40.3864058,8.972169967,6.318691485,8.012648115,477,15,474,34,492,508
2,1000,40,7.7,28,7,936,27,15,22,64,7.788000451,106,394,40.03780484,9.45576054,6.847383211,8.684526257,466,22,470,42,488,512
5,1000,40,7.7,28,8,960,21,10,9,40,6.868706608,93,420,40.15185182,8.671609494,6.280644646,7.490648683,496,18,464,22,514,486
6,1000,40,7.7,28,8,949,28,12,11,51,7.033065217,105,401,40.01948425,9.18200499,6.150698075,7.933257957,486,19,463,32,505,495
7,1000,40,7.7,28,8,939,29,17,15,61,7.6939776,97,383,40.23696495,9.296314506,7.375038551,8.005352877,473,21,466,40,494,506
1,1000,40,7.7,28,7,947,30,12,11,53,7.225560197,94,417,39.99492322,8.90210066,6.581548389,7.812928518,459,18,488,35,477,523
8,1000,40,7.7,28,8,937,26,22,15,63,7.489241845,84,401,40.45533331,9.016836173,6.700334886,8.364695559,504,22,433,41,526,474
3,1000,40,7.7,28,8,936,35,12,17,64,7.626286471,76,406,40.23957272,9.22625722,6.62377196,8.612888054,473,23,463,41,496,504
4,1000,40,7.7,28,9,951,22,13,14,49,7.182908944,103,404,40.41856905,8.974585332,6.332195989,8.006827789,477,15,474,34,492,508
2,1000,40,7.7,28,8,937,26,15,22,63,7.818322058,94,363,40.07494214,9.475008035,6.876473576,8.716021392,467,21,470,42,488,512
5,1000,40,7.7,28,9,962,20,10,8,38,6.883255574,91,411,40.17258322,8.673545237,6.289207232,7.511528923,497,17,465,21,514,486
6,1000,40,7.7,28,9,950,27,11,12,50,7.099447367,89,381,40.03804801,9.191561488,6.225167225,7.991389734,486,19,464,31,505,495
7,1000,40,7.7,28,9,940,29,17,14,60,7.706483883,111,421,40.28795873,9.300704008,7.375723758,8.029399894,474,20,466,40,494,506
8,1000,40,7.7,28,9,937,26,22,15,63,7.505614187,109,411,40.50222509,9.030440257,6.718403214,8.379185856,504,22,433,41,526,474
3,1000,40,7.7,28,9,938,33,12,17,62,7.61094293,89,400,40.24354301,9.236150882,6.630270033,8.576049591,474,22,464,40,496,504
1,1000,40,7.7,28,8,949,29,12,10,51,7.229445645,110,403,40.03602626,8.910915683,6.615640137,7.789264435,460,17,489,34,477,523
4,1000,40,7.7,28,10,952,23,11,14,48,7.216336541,103,409,40.44626035,8.982630037,6.385722067,8.020789931,476,16,476,32,492,508
5,1000,40,7.7,28,10,962,20,10,8,38,6.89861509,91,404,40.19936409,8.681855116,6.309438822,7.521735671,497,17,465,21,514,486
2,1000,40,7.7,28,9,939,24,16,21,61,7.810228691,111,413,40.11141334,9.490081525,6.871783881,8.704683901,468,20,471,41,488,512
6,1000,40,7.7,28,10,949,26,14,11,51,7.117487324,102,418,40.06645895,9.222872495,6.265923015,7.986254952,486,19,463,32,505,495
7,1000,40,7.7,28,10,940,29,17,14,60,7.71415955,99,461,40.30921345,9.330569819,7.354563818,8.06522732,474,20,466,40,494,506
8,1000,40,7.7,28,10,939,26,22,13,61,7.483810691,104,427,40.53861349,9.019987295,6.663578499,8.39402616,506,20,433,41,526,474
3,1000,40,7.7,28,10,936,36,12,16,64,7.647070883,97,412,40.27234733,9.256616319,6.62114736,8.656709906,474,22,462,42,496,504
4,1000,40,7.7,28,11,951,24,12,13,49,7.23858524,86,425,40.45592431,9.000964014,6.380382053,8.069758405,476,16,475,33,492,508
1,1000,40,7.7,28,9,951,27,12,10,49,7.231969855,94,383,40.08030311,8.953311363,6.597544719,7.810594692,462,15,489,34,477,523
5,1000,40,7.7,28,11,963,20,9,8,37,6.888624997,111,395,40.21146689,8.703648531,6.279383305,7.532967033,498,16,465,21,514,486
6,1000,40,7.7,28,11,949,26,14,11,51,7.128761502,87,392,40.0890046,9.238191318,6.293032832,7.981373579,485,20,464,31,505,495
2,1000,40,7.7,28,10,939,24,15,22,61,7.864816733,108,426,40.14371638,9.505532209,6.914194828,8.770878235,468,20,471,41,488,512
7,1000,40,7.7,28,11,941,28,17,14,59,7.697491522,107,408,40.34233386,9.360336154,7.345913653,8.040731577,474,20,467,39,494,506
3,1000,40,7.7,28,11,938,35,11,16,62,7.649284981,96,405,40.30823771,9.279917991,6.632837225,8.649598646,474,22,464,40,496,504
8,1000,40,7.7,28,11,940,23,24,13,60,7.519084183,91,431,40.56123862,9.048135307,6.723481915,8.401967712,506,20,434,40,526,474
4,1000,40,7.7,28,12,951,22,14,13,49,7.264320865,89,391,40.46814651,9.024452241,6.417258876,8.084703736,476,16,475,33,492,508
5,1000,40,7.7,28,12,965,18,8,9,35,6.935759558,103,410,40.21933674,8.711268398,6.348057319,7.557321185,499,15,466,20,514,486
1,1000,40,7.7,28,10,952,27,11,10,48,7.212386601,106,378,40.08828541,8.969553966,6.58976338,7.78024755,462,15,490,33,477,523
6,1000,40,7.7,28,12,948,27,14,11,52,7.173291727,86,392,40.13334481,9.25413136,6.331194714,8.032400801,484,21,464,31,505,495
2,1000,40,7.7,28,11,939,26,14,21,61,7.871501865,95,409,40.15715927,9.508275129,6.954655662,8.745370903,468,20,471,41,488,512
7,1000,40,7.7,28,12,941,30,17,12,59,7.657590078,104,409,40.36215339,9.367238697,7.257997459,8.047706193,474,20,467,39,494,506
3,1000,40,7.7,28,12,939,35,10,16,61,7.643576293,102,401,40.31251408,9.304897666,6.62885375,8.64219213,475,21,464,40,496,504
8,1000,40,7.7,28,12,942,24,22,12,58,7.527504489,104,400,40.5734992,9.066560916,6.718531152,8.425225956,507,19,435,39,526,474
4,1000,40,7.7,28,13,950,23,14,13,50,7.286755704,96,407,40.48762555,9.024524631,6.452360957,8.094870302,476,16,474,34,492,508
5,1000,40,7.7,28,13,965,18,8,9,35,6.957277304,81,387,40.23549648,8.740278792,6.381694739,7.566021004,499,15,466,20,514,486
6,1000,40,7.7,28,13,950,27,14,9,50,7.148190893,98,403,40.15367388,9.275217971,6.289460449,8.024269427,485,20,465,30,505,495
2,1000,40,7.7,28,12,940,26,14,20,60,7.899425917,108,423,40.17339385,9.523345254,6.98485009,8.771131002,469,19,471,41,488,512
1,1000,40,7.7,28,11,952,27,10,11,48,7.243182245,89,395,40.09564497,8.986273295,6.612446402,7.818442279,462,15,490,33,477,523
7,1000,40,7.7,28,13,941,30,17,12,59,7.652450941,87,430,40.40133302,9.402245702,7.25957105,8.036013523,474,20,467,39,494,506
8,1000,40,7.7,28,13,943,24,21,12,57,7.558985654,112,397,40.58373703,9.095289753,6.777842252,8.425824113,507,19,436,38,526,474
3,1000,40,7.7,28,13,940,34,9,17,60,7.656101227,98,398,40.3251625,9.321623207,6.62585852,8.669990875,475,21,465,39,496,504
4,1000,40,7.7,28,14,950,25,13,12,50,7.268178222,101,396,40.50334608,9.045113079,6.397920357,8.11102639,477,15,473,35,492,508
5,1000,40,7.7,28,14,966,18,7,9,34,6.966949512,122,420,40.24565871,8.757724785,6.402283464,7.56414776,499,15,467,19,514,486
6,1000,40,7.7,28,14,949,28,14,9,51,7.188630912,105,405,40.15772214,9.286903463,6.286177189,8.109316024,485,20,464,31,505,495
2,1000,40,7.7,28,13,940,27,14,19,60,7.907973569,105,389,40.18834637,9.529270805,7.007569963,8.766170756,469,19,471,41,488,512
1,1000,40,7.7,28,12,951,28,10,11,49,7.293102412,102,395,40.13139365,9.008997439,6.653275619,7.876653808,462,15,489,34,477,523
8,1000,40,7.7,28,14,943,24,21,12,57,7.584000572,89,442,40.61354909,9.098763155,6.78950027,8.465661246,507,19,436,38,526,474
7,1000,40,7.7,28,14,941,31,17,11,59,7.643269773,96,404,40.41176994,9.427190343,7.256301935,8.021060508,474,20,467,39,494,506
4,1000,40,7.7,28,15,952,25,11,12,48,7.271339797,101,429,40.52342577,9.055067619,6.395260781,8.119825773,478,14,474,34,492,508
3,1000,40,7.7,28,14,941,32,10,17,59,7.65769006,111,381,40.35646842,9.308561959,6.640145245,8.659083369,476,20,465,39,496,504
5,1000,40,7.7,28,15,967,17,7,9,33,7.00455988,94,424,40.26940713,8.773600343,6.461635732,7.578763609,499,15,468,18,514,486
6,1000,40,7.7,28,15,951,26,14,9,49,7.184090251,107,410,40.16749564,9.287682255,6.29755169,8.088538682,486,19,465,30,505,495
2,1000,40,7.7,28,14,942,26,13,19,58,7.873152943,115,417,40.2464743,9.538897469,6.982592425,8.721968436,469,19,473,39,488,512
1,1000,40,7.7,28,13,952,27,10,11,48,7.312659848,100,382,40.14702623,9.039213046,6.725942505,7.847772988,461,16,491,32,477,523
8,1000,40,7.7,28,15,943,25,21,11,57,7.599715465,104,415,40.62988087,9.127823276,6.835828223,8.447404683,507,19,436,38,526,474
4,1000,40,7.7,28,16,952,24,12,12,48,7.308655458,111,375,40.55538804,9.071670831,6.430762329,8.15889841,478,14,474,34,492,508
7,1000,40,7.7,28,15,943,29,17,11,57,7.666432697,102,391,40.43878432,9.466252045,7.272535332,8.050988623,474,20,469,37,494,506
3,1000,40,7.7,28,15,940,33,10,17,60,7.699660158,96,408,40.36970716,9.325440975,6.697655875,8.685759611,475,21,465,39,496,504
5,1000,40,7.7,28,16,969,15,7,9,31,7.025110876,103,407,40.31266631,8.807893599,6.464192021,7.618346043,501,13,468,18,514,486
6,1000,40,7.7,28,16,952,25,14,9,48,7.197586296,100,400,40.19088898,9.294336079,6.297300594,8.116059587,487,18,465,30,505,495
2,1000,40,7.7,28,15,943,25,13,19,57,7.922399279,106,403,40.28400736,9.576346287,7.025731453,8.777035801,469,19,474,38,488,512
8,1000,40,7.7,28,16,943,25,21,11,57,7.602457615,92,398,40.68107115,9.130788511,6.865126415,8.42067747,507,19,436,38,526,474
4,1000,40,7.7,28,17,952,24,11,13,48,7.337664027,93,410,40.57689509,9.101913854,6.466632549,8.181261442,478,14,474,34,492,508
1,1000,40,7.7,28,14,952,27,10,11,48,7.318306106,107,429,40.18104877,9.048289689,6.74184202,7.844067807,461,16,491,32,477,523
3,1000,40,7.7,28,16,941,32,10,17,59,7.699204154,97,415,40.40911276,9.341910924,6.715548124,8.667246596,475,21,466,38,496,504
7,1000,40,7.7,28,16,942,30,17,11,58,7.682555999,98,403,40.45906984,9.467338813,7.287817994,8.067932629,473,21,469,37,494,506
5,1000,40,7.7,28,17,970,14,7,9,30,7.034527668,70,427,40.34741024,8.805284137,6.470959543,7.630564739,501,13,469,17,514,486
6,1000,40,7.7,28,17,953,24,14,9,47,7.229758152,103,375,40.21377368,9.309937032,6.39247135,8.083959839,487,18,466,29,505,495
2,1000,40,7.7,28,16,942,25,14,19,58,7.960823924,98,416,40.30874527,9.593063317,7.059682311,8.819724524,469,19,473,39,488,512
4,1000,40,7.7,28,18,953,23,11,13,47,7.360704888,100,398,40.57566941,9.099965471,6.448350695,8.244323516,480,12,473,35,492,508
8,1000,40,7.7,28,17,942,25,22,11,58,7.640098297,103,398,40.72464804,9.160528814,6.925085769,8.433551018,506,20,436,38,526,474
3,1000,40,7.7,28,17,941,32,10,17,59,7.719472775,104,466,40.4166898,9.371547887,6.724811839,8.698345442,476,20,465,39,496,504
7,1000,40,7.7,28,17,941,31,17,11,59,7.713289511,97,434,40.47428089,9.486764563,7.34832695,8.069596832,473,21,468,38,494,506
1,1000,40,7.7,28,15,951,29,9,11,49,7.361161768,94,386,40.18788106,9.081438561,6.814972445,7.859311495,459,18,492,31,477,523
5,1000,40,7.7,28,18,971,14,6,9,29,7.059207274,72,394,40.35876593,8.827432594,6.498319278,7.652409806,502,12,469,17,514,486
6,1000,40,7.7,28,18,953,25,14,8,47,7.216249078,115,424,40.22883718,9.333015121,6.35871607,8.091105984,487,18,466,29,505,495
2,1000,40,7.7,28,17,940,26,15,19,60,7.988369385,85,428,40.31872316,9.614702721,7.079534023,8.854603091,468,20,472,40,488,512
4,1000,40,7.7,28,19,954,22,12,12,46,7.394632177,90,421,40.60593454,9.119202282,6.507387539,8.253932102,479,13,475,33,492,508
8,1000,40,7.7,28,18,943,24,20,13,57,7.674697946,111,404,40.73362929,9.17330794,6.936152305,8.494265471,507,19,436,38,526,474
3,1000,40,7.7,28,18,939,33,11,17,61,7.778621165,82,413,40.41784631,9.383869562,6.783526263,8.757920911,475,21,464,40,496,504
7,1000,40,7.7,28,18,938,34,17,11,62,7.755939575,96,396,40.49244467,9.522129783,7.406776701,8.096821907,470,24,468,38,494,506
5,1000,40,7.7,28,19,971,14,6,9,29,7.09114593,98,386,40.39195307,8.838517182,6.497639453,7.718846195,502,12,469,17,514,486
1,1000,40,7.7,28,16,951,29,9,11,49,7.41633797,98,399,40.20015376,9.097667639,6.88055539,7.904996269,459,18,492,31,477,523
6,1000,40,7.7,28,19,951,27,14,8,49,7.239683358,107,439,40.24707645,9.343070777,6.379368409,8.117378407,487,18,464,31,505,495
2,1000,40,7.7,28,18,940,26,15,19,60,8.013225461,100,410,40.31714346,9.621078843,7.100393394,8.883268526,468,20,472,40,488,512
4,1000,40,7.7,28,20,954,22,12,12,46,7.416163186,101,386,40.63775076,9.130498968,6.552412371,8.25270925,479,13,475,33,492,508
8,1000,40,7.7,28,19,944,24,20,12,56,7.723527988,90,403,40.73773398,9.190339968,7.019561182,8.504723221,507,19,437,37,526,474
3,1000,40,7.7,28,19,939,33,11,17,61,7.768043696,112,383,40.44773343,9.404726149,6.801164782,8.719575325,475,21,464,40,496,504
7,1000,40,7.7,28,19,940,32,17,11,60,7.753560721,118,388,40.5036257,9.526463212,7.388546292,8.109918681,471,23,469,37,494,506
5,1000,40,7.7,28,20,971,15,5,9,29,7.108999853,93,424,40.43987525,8.851174299,6.522574653,7.729210868,502,12,469,17,514,486
6,1000,40,7.7,28,20,952,27,14,7,48,7.249258618,96,409,40.28660978,9.355290602,6.414701364,8.100675615,487,18,465,30,505,495
1,1000,40,7.7,28,17,951,30,9,10,49,7.393233669,104,409,40.25564789,9.108821311,6.849269546,7.889353911,459,18,492,31,477,523
4,1000,40,7.7,28,21,955,22,12,11,45,7.420995588,100,383,40.66163532,9.143180393,6.549329894,8.265207244,480,12,475,33,492,508
2,1000,40,7.7,28,19,941,25,15,19,59,8.03359544,98,433,40.36563244,9.649859623,7.130843412,8.894030966,468,20,473,39,488,512
8,1000,40,7.7,28,20,945,24,20,11,55,7.726767495,101,425,40.76526915,9.197203405,7.051785238,8.475798438,506,20,439,35,526,474
3,1000,40,7.7,28,20,939,33,11,17,61,7.772573833,98,387,40.44435694,9.4219627,6.81230516,8.717600146,475,21,464,40,496,504
7,1000,40,7.7,28,20,938,33,18,11,62,7.764880656,100,403,40.53800719,9.549664646,7.417426905,8.104094397,469,25,469,37,494,506
5,1000,40,7.7,28,21,971,15,5,9,29,7.145307882,100,418,40.47945879,8.874339353,6.561377206,7.762880655,502,12,469,17,514,486
6,1000,40,7.7,28,21,954,25,14,7,46,7.262116391,111,407,40.31868587,9.394579608,6.42902352,8.112039422,488,17,466,29,505,495
1,1000,40,7.7,28,18,952,29,9,10,48,7.413082052,89,400,40.28396924,9.145283285,6.899309918,7.881665815,459,18,493,30,477,523
4,1000,40,7.7,28,22,956,22,11,11,44,7.445700783,102,423,40.69624554,9.146628073,6.607275028,8.257719428,480,12,476,32,492,508
2,1000,40,7.7,28,20,939,26,17,18,61,8.031230922,103,412,40.40731772,9.66302853,7.146316388,8.874665088,466,22,473,39,488,512
8,1000,40,7.7,28,21,944,24,21,11,56,7.735895017,81,408,40.82158425,9.224063653,7.071592387,8.473074729,505,21,439,35,526,474
3,1000,40,7.7,28,21,940,33,10,17,60,7.784104388,100,419,40.48556964,9.441061703,6.831102377,8.721979383,476,20,464,40,496,504
5,1000,40,7.7,28,22,971,15,5,9,29,7.187657616,90,405,40.52727064,8.884933799,6.583998666,7.826095271,502,12,469,17,514,486
7,1000,40,7.7,28,21,939,32,18,11,61,7.799500843,108,416,40.58923185,9.552328141,7.476090202,8.115241665,469,25,470,36,494,506
6,1000,40,7.7,28,22,955,25,14,6,45,7.279106302,84,411,40.34190245,9.421485287,6.456420549,8.118411969,488,17,467,28,505,495
4,1000,40,7.7,28,23,955,24,11,10,45,7.444913588,86,423,40.72414937,9.164525029,6.616548232,8.247188697,480,12,475,33,492,508
1,1000,40,7.7,28,19,953,29,8,10,47,7.4562326,93,393,40.2941555,9.154157463,6.954901286,7.913469763,459,18,494,29,477,523
8,1000,40,7.7,28,22,944,24,21,11,56,7.741058791,104,417,40.84979532,9.245024918,7.103918954,8.448095826,505,21,439,35,526,474
2,1000,40,7.7,28,21,941,26,15,18,59,8.038434844,105,409,40.43525144,9.703597041,7.191386571,8.845777729,466,22,475,37,488,512
3,1000,40,7.7,28,22,938,34,11,17,62,7.822343109,102,410,40.53710801,9.424452349,6.879899919,8.749826883,476,20,462,42,496,504
5,1000,40,7.7,28,23,970,17,5,8,30,7.218423585,104,393,40.57216454,8.909658461,6.623249582,7.847887448,502,12,468,18,514,486
6,1000,40,7.7,28,23,955,26,13,6,45,7.306043283,104,423,40.35308171,9.432537914,6.472428553,8.156498715,489,16,466,29,505,495
7,1000,40,7.7,28,22,940,32,17,11,60,7.836301283,113,423,40.61399687,9.56139242,7.565478862,8.100701037,470,24,470,36,494,506
4,1000,40,7.7,28,24,954,24,12,10,46,7.480240331,82,404,40.7647439,9.192509148,6.668714746,8.266206055,480,12,474,34,492,508
8,1000,40,7.7,28,23,946,23,20,11,54,7.724344939,94,364,40.86288917,9.245752613,7.109576393,8.406556448,505,21,441,33,526,474
1,1000,40,7.7,28,20,952,30,8,10,48,7.48161532,97,419,40.3130163,9.161434404,6.982747443,7.936605716,458,19,494,29,477,523
2,1000,40,7.7,28,22,941,25,17,17,59,8.054265833,104,395,40.43872845,9.698941858,7.248828785,8.82194802,466,22,475,37,488,512
5,1000,40,7.7,28,24,970,17,5,8,30,7.2410972,101,399,40.61028468,8.917166496,6.654112619,7.861899824,502,12,468,18,514,486
3,1000,40,7.7,28,23,937,34,12,17,63,7.848090428,95,433,40.55116782,9.453626981,6.914027581,8.767326881,476,20,461,43,496,504
6,1000,40,7.7,28,24,954,27,13,6,46,7.318488308,126,398,40.35962951,9.451205294,6.474862896,8.179156657,489,16,465,30,505,495
7,1000,40,7.7,28,23,940,32,17,11,60,7.827146826,101,416,40.63903599,9.577867049,7.585168884,8.06338616,470,24,470,36,494,506
4,1000,40,7.7,28,25,954,24,12,10,46,7.50674959,98,428,40.77132222,9.227607577,6.695548602,8.29240094,480,12,474,34,492,508
8,1000,40,7.7,28,24,946,23,20,11,54,7.759180105,95,431,40.89464597,9.262006393,7.141753273,8.444341526,505,21,441,33,526,474
3,1000,40,7.7,28,24,935,36,12,17,65,7.887343219,90,407,40.58208401,9.475205934,6.936873622,8.822725998,476,20,459,45,496,504
5,1000,40,7.7,28,25,969,19,4,8,31,7.253477537,102,433,40.63810509,8.911030223,6.669573963,7.871021646,502,12,467,19,514,486
2,1000,40,7.7,28,23,942,24,17,17,58,8.060126537,106,420,40.44836212,9.725441489,7.275386407,8.808081974,466,22,476,36,488,512
1,1000,40,7.7,28,21,953,29,8,10,47,7.540244957,115,418,40.3448199,9.179123923,7.047875736,7.989308281,458,19,495,28,477,523
6,1000,40,7.7,28,25,955,26,13,6,45,7.31842282,95,422,40.4080352,9.456901568,6.469406482,8.184591004,489,16,466,29,505,495
7,1000,40,7.7,28,24,939,33,17,11,61,7.859219636,107,433,40.66687252,9.592822278,7.61772572,8.094986425,470,24,469,37,494,506
4,1000,40,7.7,28,26,954,24,12,10,46,7.508568005,90,445,40.77573094,9.236292735,6.68528276,8.305923007,480,12,474,34,492,508
8,1000,40,7.7,28,25,946,23,20,11,54,7.791770193,98,403,40.90384361,9.271314223,7.159543766,8.493354792,505,21,441,33,526,474
5,1000,40,7.7,28,26,966,22,4,8,34,7.29392755,97,405,40.68064951,8.941257137,6.690013521,7.932634981,502,12,464,22,514,486
3,1000,40,7.7,28,25,935,36,11,18,65,7.908171631,95,456,40.61512093,9.4805135,6.95764619,8.843609367,476,20,459,45,496,504
2,1000,40,7.7,28,24,943,23,17,17,57,8.061518874,112,401,40.47373491,9.754830353,7.326872434,8.761728761,466,22,477,35,488,512
1,1000,40,7.7,28,22,954,30,7,9,46,7.521410995,88,410,40.38776696,9.178499255,7.020741593,7.978044465,458,19,496,27,477,523
6,1000,40,7.7,28,26,954,27,13,6,46,7.332896508,100,403,40.43833006,9.471711677,6.488337366,8.19451745,489,16,465,30,505,495
4,1000,40,7.7,28,27,954,25,12,9,46,7.549570504,99,427,40.80745417,9.257557874,6.732239221,8.341159068,480,12,474,34,492,508
7,1000,40,7.7,28,25,939,31,19,11,61,7.903746218,105,411,40.69244485,9.594751832,7.683144209,8.11911656,470,24,469,37,494,506
8,1000,40,7.7,28,26,948,22,19,11,52,7.828478331,97,429,40.92675321,9.268712648,7.194715494,8.531767892,505,21,443,31,526,474
5,1000,40,7.7,28,27,967,20,5,8,33,7.324371844,88,425,40.70434839,8.978003612,6.746992338,7.935016013,502,12,465,21,514,486
3,1000,40,7.7,28,26,933,38,11,18,67,7.937317381,99,396,40.65651974,9.501173166,6.988721524,8.870856161,476,20,457,47,496,504
6,1000,40,7.7,28,27,953,30,11,6,47,7.357908233,87,436,40.45242899,9.485935838,6.530798423,8.201727332,487,18,466,29,505,495
2,1000,40,7.7,28,25,942,24,17,17,58,8.065066488,106,438,40.48954007,9.789277964,7.343731835,8.752588578,465,23,477,35,488,512
1,1000,40,7.7,28,23,955,28,8,9,45,7.546711683,88,428,40.43020731,9.185379916,7.023689953,8.023731503,459,18,496,27,477,523
4,1000,40,7.7,28,28,953,26,12,9,47,7.599914778,84,423,40.84029958,9.254268974,6.815525546,8.359598837,478,14,475,33,492,508
8,1000,40,7.7,28,27,948,22,19,11,52,7.863114389,92,415,40.96026988,9.276151698,7.205710778,8.592638227,505,21,443,31,526,474
5,1000,40,7.7,28,28,967,20,5,8,33,7.334431821,106,392,40.71604646,8.987887845,6.726385381,7.977509742,502,12,465,21,514,486
3,1000,40,7.7,28,27,932,39,11,18,68,7.982344183,94,411,40.68887077,9.501374682,7.049436539,8.900443769,476,20,456,48,496,504
7,1000,40,7.7,28,26,940,31,18,11,60,7.910826749,101,396,40.7375296,9.609086084,7.698800328,8.117824875,470,24,470,36,494,506
6,1000,40,7.7,28,28,952,31,11,6,48,7.413781181,91,423,40.48879895,9.492353044,6.614119622,8.229597519,486,19,466,29,505,495
4,1000,40,7.7,28,29,953,26,12,9,47,7.594170613,102,407,40.86006814,9.273419505,6.813253072,8.350492325,478,14,475,33,492,508
2,1000,40,7.7,28,26,945,23,14,18,55,8.078526815,95,381,40.55488646,9.774981028,7.364056561,8.759506275,466,22,479,33,488,512
8,1000,40,7.7,28,28,951,18,20,11,49,7.882415953,98,394,41.0015818,9.282703547,7.247639357,8.586830487,506,20,445,29,526,474
5,1000,40,7.7,28,29,966,20,6,8,34,7.355596737,97,392,40.7397285,9.003449503,6.764293192,7.980967153,501,13,465,21,514,486
3,1000,40,7.7,28,28,934,37,11,18,66,7.980168196,106,422,40.7182253,9.516441901,7.041400777,8.904034545,477,19,457,47,496,504
1,1000,40,7.7,28,24,954,29,8,9,46,7.551229627,94,435,40.45293536,9.200285952,7.039405407,8.018036802,458,19,496,27,477,523
7,1000,40,7.7,28,27,941,30,18,11,59,7.907856049,98,421,40.77880226,9.614181569,7.726957469,8.084464545,470,24,471,35,494,506
4,1000,40,7.7,28,30,952,27,12,9,48,7.647847224,97,400,40.87290253,9.274559324,6.88553637,8.386148287,478,14,474,34,492,508
6,1000,40,7.7,28,29,952,31,11,6,48,7.433848535,101,432,40.48908109,9.509202399,6.637428512,8.246357852,486,19,466,29,505,495
8,1000,40,7.7,28,29,951,18,20,11,49,7.886914989,90,428,41.01062217,9.303905277,7.228434613,8.617633719,506,20,445,29,526,474
2,1000,40,7.7,28,27,946,23,13,18,54,8.075175106,107,431,40.56168175,9.7890168,7.372866185,8.744563297,466,22,480,32,488,512
5,1000,40,7.7,28,30,967,19,6,8,33,7.383546331,93,405,40.74129163,9.031480006,6.780812081,8.021006013,502,12,465,21,514,486
3,1000,40,7.7,28,29,934,36,12,18,66,7.982873517,102,409,40.72344048,9.517223106,7.057329663,8.893726198,477,19,457,47,496,504
1,1000,40,7.7,28,25,955,28,8,9,45,7.594944842,89,406,40.47521226,9.210643434,7.083024055,8.061840091,459,18,496,27,477,523
7,1000,40,7.7,28,28,941,30,18,11,59,7.922164395,117,418,40.82750333,9.632022335,7.734589776,8.105290604,470,24,471,35,494,506
4,1000,40,7.7,28,31,953,27,12,8,47,7.682843087,90,437,40.87946423,9.294295491,6.929956583,8.412016631,478,14,475,33,492,508
6,1000,40,7.7,28,30,952,31,11,6,48,7.482602041,101,380,40.48508422,9.537861444,6.664901065,8.316822228,486,19,466,29,505,495
8,1000,40,7.7,28,30,951,18,19,12,49,7.927255295,93,419,41.02293515,9.312342441,7.2678783,8.658969007,506,20,445,29,526,474
5,1000,40,7.7,28,31,967,19,6,8,33,7.401020702,109,396,40.73415758,9.065662982,6.843705033,7.990445091,501,13,466,20,514,486
2,1000,40,7.7,28,28,946,23,14,17,54,8.100812784,94,404,40.5655463,9.800297254,7.436567547,8.733921525,466,22,480,32,488,512
3,1000,40,7.7,28,30,935,37,12,16,65,7.9977161,98,407,40.74194288,9.542893635,7.038472273,8.941733835,478,18,457,47,496,504
4,1000,40,7.7,28,32,955,27,10,8,45,7.673326127,107,417,40.88000422,9.298003645,6.944768427,8.378937128,478,14,477,31,492,508
7,1000,40,7.7,28,29,940,32,17,11,60,7.959046884,108,405,40.84235723,9.664908864,7.782311286,8.131591124,470,24,470,36,494,506
1,1000,40,7.7,28,26,957,26,9,8,43,7.586471466,100,385,40.49644552,9.221263621,7.078902982,8.049397215,460,17,497,26,477,523
6,1000,40,7.7,28,31,952,31,11,6,48,7.533653462,98,431,40.51009128,9.5237661,6.73695418,8.346447679,486,19,466,29,505,495
8,1000,40,7.7,28,31,951,18,19,12,49,7.951125665,97,402,41.04929369,9.348752719,7.258861204,8.719334751,506,20,445,29,526,474
5,1000,40,7.7,28,32,967,19,6,8,33,7.402322092,106,397,40.72064991,9.069756292,6.856236538,7.979869365,501,13,466,20,514,486
3,1000,40,7.7,28,31,935,37,12,16,65,8.004356157,95,405,40.740566,9.559853423,7.04830562,8.945231288,478,18,457,47,496,504
2,1000,40,7.7,28,29,947,22,14,17,53,8.114913913,99,417,40.59862666,9.798983281,7.442893557,8.755433314,467,21,480,32,488,512
4,1000,40,7.7,28,33,956,26,10,8,44,7.64761232,105,385,40.89934997,9.291732834,6.901307608,8.370411371,478,14,478,30,492,508
7,1000,40,7.7,28,30,939,32,18,11,61,7.923698008,121,410,40.87097303,9.686189303,7.690248141,8.151611515,470,24,469,37,494,506
8,1000,40,7.7,28,32,953,17,19,11,47,7.975794233,116,397,41.08556266,9.367921207,7.264457297,8.765168131,508,18,445,29,526,474
6,1000,40,7.7,28,32,951,32,11,6,49,7.538908439,88,421,40.51979804,9.550201933,6.721948632,8.372372485,486,19,465,30,505,495
5,1000,40,7.7,28,33,965,21,6,8,35,7.419845086,95,400,40.73311737,9.08550902,6.8680959,8.003382291,501,13,464,22,514,486
1,1000,40,7.7,28,27,957,26,9,8,43,7.615828218,106,420,40.52504359,9.238082295,7.119080178,8.068885227,460,17,497,26,477,523
3,1000,40,7.7,28,32,937,36,11,16,63,8.031940295,97,424,40.77079392,9.569252759,7.089076473,8.959838025,478,18,459,45,496,504
2,1000,40,7.7,28,30,945,23,13,19,55,8.155704198,111,392,40.6127109,9.803523657,7.500291822,8.780394119,466,22,479,33,488,512
4,1000,40,7.7,28,34,957,25,9,9,43,7.681311791,102,395,40.92794197,9.306260985,6.917132834,8.42142212,478,14,479,29,492,508
8,1000,40,7.7,28,33,953,17,19,11,47,7.972363762,119,410,41.10937322,9.38342801,7.298930665,8.719675596,508,18,445,29,526,474
7,1000,40,7.7,28,31,940,33,16,11,60,7.928982092,108,456,40.91902605,9.721065002,7.652065898,8.199331104,472,22,468,38,494,506
6,1000,40,7.7,28,33,951,30,13,6,49,7.548608824,106,418,40.52942257,9.561343608,6.730115384,8.383637486,486,19,465,30,505,495
5,1000,40,7.7,28,34,965,21,6,8,35,7.427236598,89,415,40.7661114,9.086845678,6.887719812,7.997836655,500,14,465,21,514,486
3,1000,40,7.7,28,33,939,34,10,17,61,8.038647265,93,422,40.78640766,9.602577682,7.082365392,8.97975006,479,17,460,44,496,504
1,1000,40,7.7,28,28,957,26,8,9,43,7.619536999,112,400,40.5329384,9.234930917,7.118119563,8.07685271,460,17,497,26,477,523
4,1000,40,7.7,28,35,955,27,9,9,45,7.712794344,99,400,40.95539767,9.325211153,6.921409102,8.479254066,477,15,478,30,492,508
2,1000,40,7.7,28,31,947,22,12,19,53,8.159166125,92,433,40.63369382,9.810719899,7.511620418,8.776358126,467,21,480,32,488,512
8,1000,40,7.7,28,34,954,16,19,11,46,7.992863742,94,419,41.14827244,9.396367681,7.33360865,8.724442178,508,18,446,28,526,474
5,1000,40,7.7,28,35,966,21,6,7,34,7.454569599,109,420,40.77679166,9.111119335,6.904225063,8.036621227,502,12,464,22,514,486
7,1000,40,7.7,28,32,940,33,17,10,60,7.959815206,99,408,40.93668587,9.749889557,7.708152682,8.205509449,472,22,468,38,494,506
3,1000,40,7.7,28,34,937,36,10,17,63,8.061071366,88,417,40.82738975,9.623450634,7.136612886,8.970855901,478,18,459,45,496,504
6,1000,40,7.7,28,34,951,31,12,6,49,7.563651033,104,407,40.55102845,9.565014888,6.74567664,8.398150162,486,19,465,30,505,495
4,1000,40,7.7,28,36,956,26,9,9,44,7.737994155,95,426,40.99941625,9.33954415,6.916863422,8.533262502,478,14,478,30,492,508
2,1000,40,7.7,28,32,950,20,11,19,50,8.191196037,109,408,40.64186448,9.832325823,7.554609112,8.79794295,468,20,482,30,488,512
1,1000,40,7.7,28,29,959,25,7,9,41,7.609571811,102,414,40.54802327,9.229844495,7.164117853,8.015846261,460,17,499,24,477,523
8,1000,40,7.7,28,35,954,16,20,10,46,7.980278347,116,431,41.15026496,9.417844205,7.345365689,8.68484387,508,18,446,28,526,474
5,1000,40,7.7,28,36,966,21,5,8,34,7.486912994,95,415,40.79623959,9.127678031,6.928006651,8.078019703,502,12,464,22,514,486
7,1000,40,7.7,28,33,940,33,17,10,60,7.961612934,103,428,40.95759107,9.753835943,7.716975442,8.200448745,472,22,468,38,494,506
3,1000,40,7.7,28,35,937,37,10,16,63,8.060015057,84,396,40.8676228,9.649417804,7.163493092,8.942306514,478,18,459,45,496,504
6,1000,40,7.7,28,35,950,32,12,6,50,7.614674083,90,392,40.58883088,9.609383583,6.804666502,8.441045453,485,20,465,30,505,495
4,1000,40,7.7,28,37,956,27,8,9,44,7.747356339,101,408,41.05662462,9.365445251,6.923349,8.545410691,478,14,478,30,492,508
2,1000,40,7.7,28,33,949,21,11,19,51,8.226788265,115,376,40.6516207,9.826358903,7.569540727,8.853227324,468,20,481,31,488,512
8,1000,40,7.7,28,36,953,17,21,9,47,8.000327698,92,416,41.16268704,9.422065179,7.374168841,8.695179088,507,19,446,28,526,474
5,1000,40,7.7,28,37,966,20,6,8,34,7.512017021,102,429,40.83386734,9.136721624,6.957702269,8.098267602,502,12,464,22,514,486
1,1000,40,7.7,28,30,960,24,7,9,40,7.627417644,84,404,40.5651839,9.246108618,7.192233808,8.024325273,460,17,500,23,477,523
3,1000,40,7.7,28,36,938,37,10,15,62,8.093864598,96,394,40.89820525,9.659550896,7.222416298,8.951480386,478,18,460,44,496,504
7,1000,40,7.7,28,34,940,33,17,10,60,7.99674389,111,427,41.01195668,9.773318372,7.777539086,8.210750162,472,22,468,38,494,506
4,1000,40,7.7,28,38,954,29,8,9,46,7.794949989,99,431,41.10630272,9.371310782,6.977584035,8.586572134,477,15,477,31,492,508
6,1000,40,7.7,28,36,950,32,11,7,50,7.637645664,100,390,40.61021437,9.630068779,6.842332924,8.449025329,485,20,465,30,505,495
8,1000,40,7.7,28,37,953,17,21,9,47,8.04281864,97,419,41.18799463,9.424544147,7.472106599,8.676140441,507,19,446,28,526,474
5,1000,40,7.7,28,38,966,19,7,8,34,7.518589986,92,422,40.86550804,9.142908248,6.975230189,8.093254462,502,12,464,22,514,486
2,1000,40,7.7,28,34,948,22,11,19,52,8.269037205,88,415,40.64067494,9.876605494,7.623364087,8.884444395,468,20,480,32,488,512
3,1000,40,7.7,28,37,940,36,9,15,60,8.10774727,109,398,40.92526187,9.67121402,7.20282957,8.998301198,480,16,460,44,496,504
7,1000,40,7.7,28,35,940,33,16,11,60,8.017616492,96,433,41.01681805,9.778007658,7.81242712,8.217939713,472,22,468,38,494,506
1,1000,40,7.7,28,31,959,25,7,9,41,7.648463302,101,394,40.59369899,9.266019131,7.205590643,8.052383491,459,18,500,23,477,523
4,1000,40,7.7,28,39,955,29,7,9,45,7.829931715,94,437,41.13472177,9.386247722,7.010254384,8.623792436,478,14,477,31,492,508
6,1000,40,7.7,28,37,951,32,10,7,49,7.642446056,112,393,40.65480971,9.640499984,6.857222509,8.443532704,484,21,467,28,505,495
5,1000,40,7.7,28,39,967,18,7,8,33,7.528060613,99,428,40.89473113,9.156522074,6.968686466,8.119662077,502,12,465,21,514,486
8,1000,40,7.7,28,38,953,16,23,8,47,8.083608986,98,415,41.20431915,9.437349203,7.490724779,8.741535343,507,19,446,28,526,474
2,1000,40,7.7,28,35,948,22,11,19,52,8.248409559,89,414,40.67894597,9.889163651,7.602428392,8.864110359,468,20,480,32,488,512
3,1000,40,7.7,28,38,939,37,9,15,61,8.115127336,113,413,40.95565527,9.665919695,7.227805167,8.988365026,479,17,460,44,496,504
4,1000,40,7.7,28,40,957,28,7,8,43,7.815848133,105,433,41.19149647,9.389008015,7.001105961,8.604929133,478,14,479,29,492,508
7,1000,40,7.7,28,36,941,32,16,11,59,8.048907158,84,431,41.06157507,9.779022539,7.842875364,8.250052823,472,22,469,37,494,506
1,1000,40,7.7,28,32,958,26,7,9,42,7.664497714,91,434,40.60976015,9.279298445,7.242461655,8.049413966,459,18,499,24,477,523
6,1000,40,7.7,28,38,950,33,10,7,50,7.685994853,98,385,40.67300557,9.678358547,6.919855127,8.46761215,483,22,467,28,505,495
5,1000,40,7.7,28,40,966,18,8,8,34,7.560722834,101,404,40.91613795,9.172637766,7.013719672,8.139240581,502,12,464,22,514,486
8,1000,40,7.7,28,39,953,15,23,9,47,8.133044363,88,418,41.20742507,9.453246438,7.538717597,8.792571535,507,19,446,28,526,474
3,1000,40,7.7,28,39,941,37,8,14,59,8.097698261,98,426,40.99174105,9.667959675,7.231335098,8.950309628,479,17,462,42,496,504
2,1000,40,7.7,28,36,948,24,10,18,52,8.261436626,107,431,40.70008715,9.904169072,7.622934471,8.870008993,468,20,480,32,488,512
4,1000,40,7.7,28,41,957,27,8,8,43,7.847830798,99,413,41.23258289,9.398726774,7.032866338,8.637127086,478,14,479,29,492,508
7,1000,40,7.7,28,37,944,31,14,11,56,8.035681876,98,388,41.07162987,9.783872159,7.855522408,8.211568787,473,21,471,35,494,506
1,1000,40,7.7,28,33,958,26,8,8,42,7.71765803,104,418,40.63618702,9.285837133,7.29354734,8.104466442,459,18,499,24,477,523
6,1000,40,7.7,28,39,950,33,10,7,50,7.685213255,106,415,40.68490631,9.697502778,6.951083051,8.434174373,483,22,467,28,505,495
5,1000,40,7.7,28,41,968,18,6,8,32,7.551707902,106,410,40.92210745,9.205925523,6.968209734,8.168823249,504,10,464,22,514,486
8,1000,40,7.7,28,40,950,19,21,10,50,8.169342155,96,449,41.23101709,9.445899844,7.586333852,8.816309174,506,20,444,30,526,474
3,1000,40,7.7,28,40,941,37,9,13,59,8.091912852,97,390,41.01156626,9.669244928,7.223520084,8.946521608,478,18,463,41,496,504
2,1000,40,7.7,28,37,948,23,11,18,52,8.272522005,112,423,40.72803552,9.920670925,7.634236955,8.880887443,468,20,480,32,488,512
4,1000,40,7.7,28,42,958,27,8,7,42,7.864136007,96,409,41.26426554,9.392643854,7.050181019,8.652454617,478,14,480,28,492,508
7,1000,40,7.7,28,38,943,32,13,12,57,8.043856108,82,424,41.10615026,9.795015303,7.876899681,8.206853093,472,22,471,35,494,506
6,1000,40,7.7,28,40,950,33,9,8,50,7.693951834,99,404,40.72481496,9.715240466,6.961068071,8.441641328,483,22,467,28,505,495
5,1000,40,7.7,28,42,967,19,6,8,33,7.557657462,88,397,40.93127746,9.204721076,6.970256932,8.178899998,503,11,464,22,514,486
8,1000,40,7.7,28,41,950,19,21,10,50,8.235799231,102,425,41.26166973,9.451042125,7.643206087,8.893402594,506,20,444,30,526,474
1,1000,40,7.7,28,34,957,27,8,8,43,7.761322787,117,408,40.66033271,9.294316185,7.372919063,8.115564807,459,18,498,25,477,523
3,1000,40,7.7,28,41,941,37,9,13,59,8.137711339,93,407,41.05245395,9.680804239,7.26921706,8.992419995,478,18,463,41,496,504
4,1000,40,7.7,28,43,958,27,8,7,42,7.860012059,88,419,41.29788101,9.417385102,7.041468168,8.65277504,478,14,480,28,492,508
2,1000,40,7.7,28,38,948,24,9,19,52,8.289393185,118,397,40.76068517,9.929487021,7.64153019,8.906887602,469,19,479,33,488,512
7,1000,40,7.7,28,39,945,32,11,12,55,8.032692362,108,405,41.1174345,9.820274798,7.884421092,8.177447317,473,21,472,34,494,506
6,1000,40,7.7,28,41,950,33,9,8,50,7.715780207,96,415,40.74633389,9.737900525,6.954583394,8.492354733,484,21,466,29,505,495
5,1000,40,7.7,28,43,967,19,6,8,33,7.583987407,95,421,40.95121961,9.220222238,6.9619026,8.241912491,504,10,463,23,514,486
8,1000,40,7.7,28,42,952,17,21,10,48,8.240144226,117,435,41.28316927,9.464098304,7.679765363,8.861999251,507,19,445,29,526,474
3,1000,40,7.7,28,42,943,37,9,11,57,8.15639864,102,393,41.06513556,9.707023529,7.348682654,8.951293738,478,18,465,39,496,504
1,1000,40,7.7,28,35,958,28,7,7,42,7.778654297,91,386,40.70596018,9.327463144,7.396468722,8.127225079,459,18,499,24,477,523
4,1000,40,7.7,28,44,959,26,8,7,41,7.875673671,101,417,41.31414987,9.422738577,7.050267462,8.675082835,478,14,481,27,492,508
2,1000,40,7.7,28,39,949,23,9,19,51,8.302464704,93,428,40.77071006,9.938207802,7.683940814,8.891995286,469,19,480,32,488,512
7,1000,40,7.7,28,40,945,32,11,12,55,8.042335267,110,399,41.16217366,9.838114925,7.920334192,8.161443037,473,21,472,34,494,506
5,1000,40,7.7,28,44,966,20,6,8,34,7.61846336,100,418,40.98792473,9.244749878,6.992286753,8.280715986,503,11,463,23,514,486
6,1000,40,7.7,28,42,950,33,9,8,50,7.774848361,105,430,40.75300476,9.754011126,7.038631506,8.525938284,484,21,466,29,505,495
8,1000,40,7.7,28,43,953,17,20,10,47,8.206513293,110,422,41.27985109,9.49970216,7.655474458,8.818003646,507,19,446,28,526,474
3,1000,40,7.7,28,43,943,37,9,11,57,8.183263945,95,424,41.08656037,9.725725752,7.361831405,8.991657874,478,18,465,39,496,504
4,1000,40,7.7,28,45,960,26,7,7,40,7.87034199,90,402,41.34178715,9.421010989,7.044448585,8.670223004,478,14,482,26,492,508
1,1000,40,7.7,28,36,960,26,7,7,40,7.804437687,96,415,40.7170044,9.350487533,7.379657865,8.191856377,461,16,499,24,477,523
2,1000,40,7.7,28,40,950,23,9,18,50,8.289336873,105,396,40.79613401,9.947918048,7.678666802,8.871381784,469,19,481,31,488,512
7,1000,40,7.7,28,41,946,32,10,12,54,8.070039492,139,426,41.1902527,9.879125977,7.945197717,8.191920593,474,20,472,34,494,506
5,1000,40,7.7,28,45,966,20,6,8,34,7.657039987,90,411,41.01471839,9.25968483,7.056461654,8.29221954,503,11,463,23,514,486
8,1000,40,7.7,28,44,951,19,20,10,49,8.230156451,95,408,41.27862784,9.523597136,7.672006074,8.849538514,505,21,446,28,526,474
6,1000,40,7.7,28,43,951,31,10,8,49,7.777909538,117,400,40.77151738,9.765286047,7.041105453,8.529598555,484,21,467,28,505,495
3,1000,40,7.7,28,44,942,38,9,11,58,8.233596811,107,426,41.09939063,9.755020661,7.416527104,9.037697157,477,19,465,39,496,504
4,1000,40,7.7,28,46,961,26,6,7,39,7.87024022,95,413,41.34707665,9.444197038,7.038967927,8.675330708,478,14,483,25,492,508
1,1000,40,7.7,28,37,962,25,6,7,38,7.805998504,91,435,40.76467279,9.375863465,7.366600951,8.206749235,462,15,500,23,477,523
5,1000,40,7.7,28,46,967,20,4,9,33,7.690662832,85,401,41.02698808,9.280380304,7.095172898,8.320460829,503,11,464,22,514,486
8,1000,40,7.7,28,45,951,19,20,10,49,8.261926819,102,411,41.29612624,9.550291797,7.710217844,8.874160829,505,21,446,28,526,474
2,1000,40,7.7,28,41,952,22,9,17,48,8.306427489,113,400,40.78800727,9.968484175,7.682705567,8.900912447,469,19,483,29,488,512
7,1000,40,7.7,28,42,945,33,10,12,55,8.105013471,88,403,41.2300064,9.89894141,7.990061674,8.217239138,474,20,471,35,494,506
6,1000,40,7.7,28,44,951,31,10,8,49,7.781615782,106,402,40.77861661,9.793409393,7.050585035,8.527414827,484,21,467,28,505,495
3,1000,40,7.7,28,45,941,40,9,10,59,8.222794356,122,412,41.12325613,9.77794877,7.418389528,9.014430853,477,19,464,40,496,504
4,1000,40,7.7,28,47,960,27,6,7,40,7.908947056,97,374,41.37681585,9.443269526,7.050691833,8.740170617,478,14,482,26,492,508
5,1000,40,7.7,28,47,967,21,4,8,33,7.719251913,97,406,41.05845624,9.312773772,7.149734081,8.321581472,501,13,466,20,514,486
1,1000,40,7.7,28,38,962,25,6,7,38,7.816565906,116,414,40.80002792,9.405750905,7.350812224,8.241354637,462,15,500,23,477,523
8,1000,40,7.7,28,46,949,21,20,10,51,8.286218953,111,433,41.32027028,9.556615535,7.713256476,8.922038072,505,21,444,30,526,474
2,1000,40,7.7,28,42,952,22,9,17,48,8.281680846,100,421,40.80330889,9.972348068,7.681123826,8.854086755,469,19,483,29,488,512
7,1000,40,7.7,28,43,946,32,10,12,54,8.089374928,96,419,41.24168435,9.918056519,7.944015623,8.231286977,474,20,472,34,494,506
6,1000,40,7.7,28,45,950,33,11,6,50,7.765016982,108,401,40.7947356,9.817596034,7.0312612,8.513596114,484,21,466,29,505,495
3,1000,40,7.7,28,46,941,41,9,9,59,8.230024015,104,427,41.16870467,9.816656687,7.43873509,9.008752798,476,20,465,39,496,504
4,1000,40,7.7,28,48,959,27,7,7,41,7.934836973,124,418,41.41566429,9.425663254,7.047237555,8.794480504,478,14,481,27,492,508
5,1000,40,7.7,28,48,967,21,4,8,33,7.777390287,105,405,41.09314515,9.341455327,7.206680832,8.380980123,501,13,466,20,514,486
8,1000,40,7.7,28,47,950,20,20,10,50,8.323070562,78,433,41.35688505,9.563398943,7.755608487,8.952785861,505,21,445,29,526,474
6,1000,40,7.7,28,46,949,33,12,6,51,7.806360452,108,414,40.8295244,9.82817088,7.058251814,8.569582395,483,22,466,29,505,495
4,1000,40,7.7,28,49,959,27,7,7,41,7.957432979,86,431,41.44904011,9.432979146,7.078091731,8.809078439,478,14,481,27,492,508
3,1000,40,7.7,28,47,941,40,10,9,59,8.254958246,104,393,41.23087506,9.836220401,7.453451734,9.043742433,476,20,465,39,496,504
2,1000,40,7.7,28,43,952,21,10,17,48,8.291163623,110,416,40.83325246,9.991957939,7.659773896,8.892956956,469,19,483,29,488,512
1,1000,40,7.7,28,39,963,24,6,7,37,7.816908674,108,396,40.82784107,9.426872648,7.341153587,8.250819145,463,14,500,23,477,523
7,1000,40,7.7,28,44,946,33,9,12,54,8.1384947,105,419,41.26165902,9.937829524,7.993512089,8.280038989,473,21,473,33,494,506
5,1000,40,7.7,28,49,965,23,4,8,35,7.816461821,89,422,41.11151575,9.378203752,7.245017514,8.420828844,500,14,465,21,514,486
8,1000,40,7.7,28,48,950,20,20,10,50,8.334183861,97,414,41.37026152,9.580525037,7.760417942,8.970894565,505,21,445,29,526,474
4,1000,40,7.7,28,50,959,27,7,7,41,8.022952651,91,436,41.45088208,9.453533511,7.175849985,8.843374918,478,14,481,27,492,508
3,1000,40,7.7,28,48,941,40,10,9,59,8.297036839,107,427,41.23932562,9.846470603,7.522585035,9.059195759,476,20,465,39,496,504
6,1000,40,7.7,28,47,949,32,13,6,51,7.827435028,106,420,40.86090175,9.844172833,7.080628133,8.589328932,483,22,466,29,505,495
2,1000,40,7.7,28,44,952,21,10,17,48,8.356394013,99,388,40.84875955,9.998522228,7.750060385,8.934305751,469,19,483,29,488,512
7,1000,40,7.7,28,45,945,32,10,13,55,8.16758443,109,415,41.2846812,9.985695295,8.022764108,8.308970277,474,20,471,35,494,506
1,1000,40,7.7,28,40,962,26,4,8,38,7.829252289,98,427,40.84803177,9.443906342,7.341203382,8.274375288,462,15,500,23,477,523
5,1000,40,7.7,28,50,962,26,4,8,38,7.829865651,98,422,41.10377816,9.404113961,7.221645904,8.473126865,500,14,462,24,514,486
8,1000,40,7.7,28,49,950,20,19,11,50,8.330185554,100,433,41.37741661,9.603277728,7.792660292,8.926679831,504,22,446,28,526,474
4,1000,40,7.7,28,51,960,27,7,6,40,8.003172702,100,443,41.48290488,9.46678349,7.153360935,8.826218744,479,13,481,27,492,508
3,1000,40,7.7,28,49,941,40,10,9,59,8.29872557,92,445,41.26816753,9.853035044,7.498676202,9.086075743,476,20,465,39,496,504
6,1000,40,7.7,28,48,950,31,13,6,50,7.815875948,102,450,40.90383855,9.861526003,7.089505603,8.556920441,483,22,467,28,505,495
7,1000,40,7.7,28,46,948,29,11,12,52,8.183140718,112,407,41.29737784,10.00972179,8.060658892,8.302717836,476,18,472,34,494,506
5,1000,40,7.7,28,51,963,25,4,8,37,7.867944511,67,411,41.11646437,9.420553861,7.262056555,8.508739591,500,14,463,23,514,486
8,1000,40,7.7,28,50,947,23,19,11,53,8.341742891,88,447,41.37482004,9.626514028,7.807480049,8.934616846,503,23,444,30,526,474
1,1000,40,7.7,28,41,961,26,5,8,39,7.87936201,88,373,40.86930196,9.464927743,7.395826297,8.32036877,461,16,500,23,477,523
2,1000,40,7.7,28,45,952,21,11,16,48,8.355025208,119,402,40.87158693,10.01402431,7.733398197,8.947513452,469,19,483,29,488,512
4,1000,40,7.7,28,52,957,30,7,6,43,8.0511533,88,425,41.53395319,9.495075439,7.180240882,8.894635406,479,13,478,30,492,508
3,1000,40,7.7,28,50,939,42,10,9,61,8.325871123,102,393,41.30359194,9.907662541,7.517628164,9.121284828,475,21,464,40,496,504
6,1000,40,7.7,28,49,951,31,13,5,49,7.807524001,110,403,40.91159101,9.882548396,7.134347245,8.494300287,484,21,467,28,505,495
5,1000,40,7.7,28,52,962,26,4,8,38,7.896094647,93,408,41.1317643,9.439222208,7.275465209,8.552480513,499,15,463,23,514,486
8,1000,40,7.7,28,51,948,23,18,11,52,8.371458126,88,416,41.40594383,9.649710947,7.799986707,9.005622613,504,22,444,30,526,474
4,1000,40,7.7,28,53,957,30,7,6,43,8.038794366,84,442,41.58161757,9.50341839,7.142494933,8.906863896,480,12,477,31,492,508
7,1000,40,7.7,28,47,951,28,10,11,49,8.19743717,100,420,41.32121085,10.01656848,8.076921794,8.315094475,478,16,473,33,494,506
3,1000,40,7.7,28,51,939,42,10,9,61,8.343122322,96,446,41.31806042,9.927473682,7.54720505,9.126405986,475,21,464,40,496,504
2,1000,40,7.7,28,46,953,21,10,16,47,8.384381772,100,434,40.9115558,10.01623488,7.790819813,8.950120514,469,19,484,28,488,512
1,1000,40,7.7,28,42,962,26,4,8,38,7.872318135,101,431,40.89420956,9.487184533,7.408587416,8.295261831,462,15,500,23,477,523
5,1000,40,7.7,28,53,962,25,5,8,38,7.930844829,107,410,41.16877451,9.480286312,7.318713989,8.578242467,499,15,463,23,514,486
8,1000,40,7.7,28,52,947,23,19,11,53,8.37032625,93,419,41.42179423,9.662929843,7.821392795,8.979480253,504,22,443,31,526,474
6,1000,40,7.7,28,50,949,31,15,5,51,7.843966105,100,398,40.93838913,9.903967811,7.158343539,8.543439632,484,21,465,30,505,495
4,1000,40,7.7,28,54,955,32,7,6,45,8.062214886,98,405,41.61592927,9.50679146,7.181826044,8.914874946,479,13,476,32,492,508
3,1000,40,7.7,28,52,939,41,11,9,61,8.360938014,94,407,41.34587327,9.936868186,7.526402986,9.182226455,475,21,464,40,496,504
2,1000,40,7.7,28,47,951,23,10,16,49,8.409149452,98,410,40.93530726,10.03782967,7.820756874,8.969961128,469,19,482,30,488,512
7,1000,40,7.7,28,48,950,29,10,11,50,8.215509488,96,443,41.37222635,10.03956584,8.078907452,8.34887195,478,16,472,34,494,506
1,1000,40,7.7,28,43,962,26,4,8,38,7.91177115,88,404,40.94516454,9.507311282,7.433486545,8.347988658,463,14,499,24,477,523
5,1000,40,7.7,28,54,962,26,5,7,38,7.928929397,108,411,41.1762666,9.501598472,7.353958363,8.537026335,499,15,463,23,514,486
8,1000,40,7.7,28,53,947,24,18,11,53,8.391028497,100,424,41.4406272,9.689661595,7.837730123,9.005026272,504,22,443,31,526,474
6,1000,40,7.7,28,51,950,29,16,5,50,7.877642508,96,393,40.93919566,9.906546649,7.226065666,8.542382518,485,20,465,30,505,495
4,1000,40,7.7,28,55,955,32,7,6,45,8.088944798,96,433,41.66465409,9.541107049,7.196409586,8.953368664,479,13,476,32,492,508
3,1000,40,7.7,28,53,937,43,11,9,63,8.385475824,96,390,41.36464938,9.967496619,7.576091594,9.182012686,474,22,463,41,496,504
7,1000,40,7.7,28,49,950,30,10,10,50,8.229676373,107,404,41.43097485,10.05060257,8.117547025,8.339146526,478,16,472,34,494,506
2,1000,40,7.7,28,48,951,23,10,16,49,8.417173411,83,413,40.9485298,10.07602647,7.81963742,8.986699903,469,19,482,30,488,512
5,1000,40,7.7,28,55,963,25,5,7,37,7.923516247,95,423,41.20157263,9.507963222,7.34739636,8.532828226,500,14,463,23,514,486
1,1000,40,7.7,28,44,961,28,4,7,39,7.913543681,98,414,40.9645914,9.510663084,7.414309584,8.368868087,464,13,497,26,477,523
8,1000,40,7.7,28,54,948,24,18,10,52,8.371850998,95,438,41.48831728,9.693889673,7.796249614,9.010598527,504,22,444,30,526,474
4,1000,40,7.7,28,56,954,32,8,6,46,8.122279712,104,414,41.67880708,9.561791293,7.238939724,8.977797968,478,14,476,32,492,508
3,1000,40,7.7,28,54,938,42,11,9,62,8.42828921,110,439,41.3752871,9.985992127,7.631831118,9.212105109,474,22,464,40,496,504
6,1000,40,7.7,28,52,949,31,15,5,51,7.904037285,108,421,40.98020688,9.919100122,7.217628827,8.604312581,485,20,464,31,505,495
2,1000,40,7.7,28,49,949,24,11,16,51,8.434115619,103,386,40.98237314,10.10870036,7.875303561,8.966733361,468,20,481,31,488,512
7,1000,40,7.7,28,50,950,30,10,10,50,8.273017323,108,416,41.44674136,10.06854263,8.167811109,8.375728528,478,16,472,34,494,506
5,1000,40,7.7,28,56,964,25,4,7,36,7.953198395,94,420,41.214476,9.519893822,7.35647467,8.584301265,500,14,464,22,514,486
8,1000,40,7.7,28,55,948,26,17,9,52,8.395464538,104,408,41.55645699,9.716947564,7.814369249,9.040308677,504,22,444,30,526,474
4,1000,40,7.7,28,57,953,32,9,6,47,8.117049293,107,399,41.68132514,9.56768199,7.224584657,8.981404806,478,14,475,33,492,508
1,1000,40,7.7,28,45,962,27,4,7,38,7.926233766,87,386,40.99804916,9.516165353,7.411583017,8.395618865,464,13,498,25,477,523
3,1000,40,7.7,28,55,939,40,12,9,61,8.461556048,107,407,41.42220599,10.00596282,7.706451707,9.204674605,474,22,465,39,496,504
6,1000,40,7.7,28,53,948,31,16,5,52,7.949769065,89,421,41.00135632,9.967006871,7.247710883,8.66601024,485,20,463,32,505,495
2,1000,40,7.7,28,50,947,25,12,16,53,8.453649555,102,405,41.02298248,10.11864124,7.878963079,9.001397603,467,21,480,32,488,512
5,1000,40,7.7,28,57,964,25,4,7,36,7.994999472,99,391,41.22730342,9.550840925,7.398133083,8.626253224,500,14,464,22,514,486
7,1000,40,7.7,28,51,950,30,10,10,50,8.300077296,107,451,41.46931412,10.09622051,8.199545056,8.398225373,478,16,472,34,494,506
4,1000,40,7.7,28,58,954,32,8,6,46,8.147128614,88,454,41.71599151,9.575260547,7.307899415,8.959925397,477,15,477,31,492,508
8,1000,40,7.7,28,56,948,26,17,9,52,8.418829953,105,389,41.59645425,9.739139582,7.811464894,9.092825778,504,22,444,30,526,474
3,1000,40,7.7,28,56,939,41,10,10,61,8.482884629,111,435,41.47003519,10.012312,7.735553182,9.218353672,474,22,465,39,496,504
6,1000,40,7.7,28,54,949,31,15,5,51,7.959859954,96,400,41.02776618,9.977714144,7.276067647,8.657466247,486,19,463,32,505,495
1,1000,40,7.7,28,46,962,27,4,7,38,7.937641017,89,428,41.01495448,9.522362307,7.43741782,8.393867526,464,13,498,25,477,523
5,1000,40,7.7,28,58,962,27,5,6,38,8.007353764,119,402,41.26829628,9.56205586,7.40548062,8.643902727,499,15,463,23,514,486
8,1000,40,7.7,28,57,949,25,16,10,51,8.432207364,98,435,41.62161591,9.753151325,7.839945294,9.089443331,505,21,444,30,526,474
3,1000,40,7.7,28,57,938,43,10,9,62,8.50400135,110,416,41.52144246,10.0274982,7.778640983,9.217848062,474,22,464,40,496,504
4,1000,40,7.7,28,59,953,33,8,6,47,8.172617259,107,433,41.73654261,9.5854254,7.361990275,8.957712685,477,15,476,32,492,508
2,1000,40,7.7,28,51,946,25,13,16,54,8.500201677,112,436,41.06142083,10.1234942,7.9286606,9.044951765,466,22,480,32,488,512
7,1000,40,7.7,28,52,949,32,10,9,51,8.325637569,105,448,41.47853684,10.10390462,8.250956432,8.398547611,477,17,472,34,494,506
6,1000,40,7.7,28,55,949,30,16,5,51,7.971844316,113,411,41.05946536,9.989029898,7.31908345,8.637792269,486,19,463,32,505,495
5,1000,40,7.7,28,59,962,28,5,5,38,8.055692645,112,429,41.29347497,9.563550737,7.4404201,8.70641299,500,14,462,24,514,486
8,1000,40,7.7,28,58,948,26,16,10,52,8.455189686,96,427,41.66026648,9.783814373,7.841680337,9.136003859,505,21,443,31,526,474
1,1000,40,7.7,28,47,962,27,4,7,38,7.945284578,100,416,41.05860774,9.517656361,7.454475026,8.392925412,464,13,498,25,477,523
4,1000,40,7.7,28,60,952,33,9,6,48,8.241762511,106,421,41.78590482,9.596819279,7.40803998,9.049226066,476,16,476,32,492,508
3,1000,40,7.7,28,58,938,44,9,9,62,8.510429365,109,415,41.52507444,10.05640575,7.803235739,9.206397696,474,22,464,40,496,504
2,1000,40,7.7,28,52,946,25,13,16,54,8.503790317,130,425,41.05899879,10.12056683,7.93340247,9.047441234,466,22,480,32,488,512
5,1000,40,7.7,28,60,961,29,5,5,39,8.071995591,95,397,41.30862637,9.569715294,7.448220156,8.731708707,499,15,462,24,514,486
8,1000,40,7.7,28,59,948,26,16,10,52,8.427172758,103,448,41.67993589,9.802246463,7.843068767,9.075355668,504,22,444,30,526,474
7,1000,40,7.7,28,53,948,32,11,9,52,8.342524706,112,423,41.52635323,10.12020285,8.263087147,8.420078371,477,17,471,35,494,506
6,1000,40,7.7,28,56,950,29,16,5,50,7.964433829,105,400,41.07225455,9.97899093,7.336651993,8.604898126,486,19,464,31,505,495
3,1000,40,7.7,28,59,935,47,10,8,65,8.546488465,106,444,41.5377078,10.07754445,7.880607386,9.201800002,473,23,462,42,496,504
4,1000,40,7.7,28,61,954,33,7,6,46,8.227876599,95,417,41.80666248,9.615620664,7.44020077,8.99074374,475,17,479,29,492,508
1,1000,40,7.7,28,48,962,28,3,7,38,7.952786301,101,419,41.08111777,9.526120383,7.459035225,8.40310994,464,13,498,25,477,523
5,1000,40,7.7,28,61,959,31,5,5,41,8.111122728,94,422,41.34289961,9.587555899,7.467481476,8.791846193,499,15,460,26,514,486
8,1000,40,7.7,28,60,947,27,17,9,53,8.447684388,98,419,41.71687034,9.829924465,7.856659784,9.103547134,503,23,444,30,526,474
4,1000,40,7.7,28,62,953,34,7,6,47,8.273530386,108,439,41.83747366,9.634475453,7.511690956,9.011374873,474,18,479,29,492,508
3,1000,40,7.7,28,60,936,46,10,8,64,8.566472737,101,418,41.57995891,10.09907692,7.886180556,9.23596663,473,23,463,41,496,504
2,1000,40,7.7,28,53,945,28,12,15,55,8.513604081,117,419,41.08240925,10.14217544,7.944809112,9.055736785,465,23,480,32,488,512
7,1000,40,7.7,28,54,947,32,11,10,53,8.383586823,110,415,41.53558543,10.12497809,8.30913431,8.456273664,476,18,471,35,494,506
6,1000,40,7.7,28,57,950,29,16,5,50,8.003315986,100,420,41.07902417,10.00259555,7.363436426,8.656122407,486,19,464,31,505,495
5,1000,40,7.7,28,62,959,30,6,5,41,8.1170876,89,386,41.36506451,9.598634533,7.496122091,8.7738289,499,15,460,26,514,486
8,1000,40,7.7,28,61,946,28,17,9,54,8.486243489,103,403,41.69940865,9.8213146,7.86904262,9.171154158,502,24,444,30,526,474
3,1000,40,7.7,28,61,934,48,10,8,66,8.57244532,92,404,41.60713865,10.12054286,7.881596359,9.252328424,471,25,463,41,496,504
4,1000,40,7.7,28,63,951,36,7,6,49,8.322288054,115,427,41.87975274,9.640402655,7.579617864,9.041567057,474,18,477,31,492,508
1,1000,40,7.7,28,49,961,29,3,7,39,7.979566128,105,425,41.0980225,9.552947153,7.480620104,8.434627798,463,14,498,25,477,523
2,1000,40,7.7,28,54,945,29,10,16,55,8.52770664,112,424,41.12132661,10.17775363,7.937674586,9.090080942,465,23,480,32,488,512
5,1000,40,7.7,28,63,960,29,6,5,40,8.137942723,102,396,41.39137876,9.613489449,7.531109572,8.779737456,499,15,461,25,514,486
3,1000,40,7.7,28,62,937,46,9,8,63,8.563602297,115,433,41.65508029,10.13061773,7.891664682,9.224874235,471,25,466,38,496,504
4,1000,40,7.7,28,64,949,38,7,6,51,8.336395447,86,428,41.90258847,9.651680563,7.585770482,9.063378681,473,19,476,32,492,508
7,1000,40,7.7,28,55,949,30,11,10,51,8.390866356,107,415,41.56434353,10.15567273,8.322441347,8.457668638,477,17,472,34,494,506
6,1000,40,7.7,28,58,951,30,15,4,49,8.017067466,96,409,41.10557761,10.02412773,7.427669635,8.618372325,486,19,465,30,505,495
8,1000,40,7.7,28,62,948,28,15,9,52,8.469419558,114,422,41.73234282,9.840388033,7.874961527,9.129092394,502,24,446,28,526,474
5,1000,40,7.7,28,64,959,30,6,5,41,8.174828257,80,410,41.45302777,9.638184456,7.58623937,8.797327614,498,16,461,25,514,486
8,1000,40,7.7,28,63,947,29,15,9,53,8.49802014,113,435,41.75797827,9.851826276,7.909169836,9.151470054,502,24,445,29,526,474
3,1000,40,7.7,28,63,937,45,11,7,63,8.570291072,83,414,41.65715924,10.14298517,7.88145448,9.248193749,471,25,466,38,496,504
4,1000,40,7.7,28,65,951,36,7,6,49,8.333633207,100,421,41.92850469,9.67262254,7.52481103,9.116980669,476,16,475,33,492,508
1,1000,40,7.7,28,50,962,28,3,7,38,7.995814881,104,423,41.13468845,9.563433555,7.481026458,8.465325546,464,13,498,25,477,523
5,1000,40,7.7,28,65,960,28,7,5,40,8.212851519,98,429,41.47778413,9.675007773,7.591685103,8.869805301,498,16,462,24,514,486
2,1000,40,7.7,28,55,944,31,10,15,56,8.54467208,121,424,41.13352414,10.17888931,7.972879266,9.089662105,465,23,479,33,488,512
8,1000,40,7.7,28,64,945,30,16,9,55,8.508231039,100,421,41.78789595,9.866281083,7.905553608,9.177024981,501,25,444,30,526,474
3,1000,40,7.7,28,64,936,46,11,7,64,8.576205315,110,427,41.68344992,10.15595814,7.912842798,9.229038269,471,25,465,39,496,504
4,1000,40,7.7,28,66,949,39,7,5,51,8.3434268,111,430,41.95390693,9.683656217,7.528501642,9.132685024,475,17,474,34,492,508
7,1000,40,7.7,28,56,950,29,11,10,50,8.415185111,100,438,41.59991435,10.18423752,8.350564467,8.478273251,477,17,473,33,494,506
6,1000,40,7.7,28,59,950,31,15,4,50,8.051317416,97,395,41.11663396,10.05195794,7.464918299,8.64956298,486,19,464,31,505,495
5,1000,40,7.7,28,66,959,29,7,5,41,8.239210957,121,425,41.48669148,9.693980602,7.638554015,8.874473649,497,17,462,24,514,486
8,1000,40,7.7,28,65,944,31,16,9,56,8.525328611,100,435,41.81198788,9.87648333,7.932016412,9.183729913,500,26,444,30,526,474
3,1000,40,7.7,28,65,937,45,11,7,63,8.610642828,105,460,41.72000533,10.1787154,7.937988727,9.272619879,471,25,466,38,496,504
4,1000,40,7.7,28,67,948,38,8,6,52,8.370809098,83,440,41.9768905,9.685857153,7.533304219,9.18193587,476,16,472,36,492,508
1,1000,40,7.7,28,51,962,27,4,7,38,8.005871363,105,434,41.18241519,9.592352733,7.487291901,8.478839629,464,13,498,25,477,523
2,1000,40,7.7,28,56,943,32,10,15,57,8.565256307,102,452,41.15008683,10.20496507,8.019938465,9.085012375,465,23,478,34,488,512
6,1000,40,7.7,28,60,951,31,13,5,49,8.044226804,112,414,41.14658398,10.03960608,7.51520467,8.583936254,486,19,465,30,505,495
5,1000,40,7.7,28,67,960,27,8,5,40,8.253784899,110,408,41.51899628,9.733133959,7.664265182,8.877268715,497,17,463,23,514,486
7,1000,40,7.7,28,57,949,31,11,9,51,8.448996647,89,403,41.61419849,10.20495912,8.404437356,8.492499196,476,18,473,33,494,506
8,1000,40,7.7,28,66,942,32,16,10,58,8.581293171,93,436,41.82284317,9.882111669,8.012905466,9.212035646,498,28,444,30,526,474
4,1000,40,7.7,28,68,949,34,11,6,51,8.406455915,95,444,42.03191717,9.716589215,7.617904447,9.170171117,475,17,474,34,492,508
3,1000,40,7.7,28,66,935,47,11,7,65,8.654580082,98,409,41.73915868,10.19663514,7.993209834,9.305452388,470,26,465,39,496,504
1,1000,40,7.7,28,52,962,27,4,7,38,8.02497138,110,402,41.21296175,9.599987851,7.538680011,8.468491424,464,13,498,25,477,523
8,1000,40,7.7,28,67,945,30,15,10,55,8.573279507,103,429,41.8167372,9.905057614,8.04068117,9.164306354,499,27,446,28,526,474
5,1000,40,7.7,28,68,959,28,8,5,41,8.274511023,101,423,41.51888249,9.755721291,7.678516616,8.904842556,497,17,462,24,514,486
2,1000,40,7.7,28,57,943,35,10,12,57,8.547616845,109,405,41.22267111,10.2085751,7.997169166,9.072262289,465,23,478,34,488,512
3,1000,40,7.7,28,67,936,47,9,8,64,8.667790624,106,420,41.7761939,10.2174464,8.012003625,9.313168306,471,25,465,39,496,504
4,1000,40,7.7,28,69,950,33,12,5,50,8.409982669,106,429,42.06383699,9.728316858,7.657397159,9.138864697,475,17,475,33,492,508
6,1000,40,7.7,28,61,950,32,12,6,50,8.075124028,104,440,41.16675565,10.05472458,7.580399392,8.5798431,485,20,465,30,505,495
7,1000,40,7.7,28,58,948,32,11,9,52,8.472321599,97,427,41.65149384,10.2184346,8.442137338,8.501790029,476,18,472,34,494,506
8,1000,40,7.7,28,68,945,29,16,10,55,8.594608015,104,420,41.82328185,9.92677421,8.087611852,9.15722401,499,27,446,28,526,474
5,1000,40,7.7,28,69,959,28,8,5,41,8.29751509,101,407,41.53132134,9.767393078,7.68813865,8.941999638,497,17,462,24,514,486
3,1000,40,7.7,28,68,937,47,9,7,63,8.680832677,113,410,41.77777668,10.23047263,8.056394778,9.295358864,471,25,466,38,496,504
1,1000,40,7.7,28,53,961,28,4,7,39,8.045605405,109,436,41.22537318,9.614537364,7.534345659,8.511897756,463,14,498,25,477,523
4,1000,40,7.7,28,70,950,32,13,5,50,8.442970661,101,421,42.06613216,9.734308504,7.679641012,9.18225843,475,17,475,33,492,508
6,1000,40,7.7,28,62,950,32,12,6,50,8.124768815,97,433,41.17926398,10.05243952,7.652895135,8.606175296,485,20,465,30,505,495
2,1000,40,7.7,28,58,944,33,10,13,56,8.581106228,101,428,41.24604607,10.22514354,8.001920979,9.133142168,466,22,478,34,488,512
7,1000,40,7.7,28,59,950,32,10,8,50,8.498400567,119,444,41.65351036,10.21733904,8.462095698,8.533844452,478,16,472,34,494,506
8,1000,40,7.7,28,69,948,29,14,9,52,8.576930608,113,435,41.8388601,9.952119236,8.102770967,9.103107762,500,26,448,26,526,474
5,1000,40,7.7,28,70,957,30,8,5,43,8.326468938,104,437,41.5297248,9.776214984,7.720830045,8.967000607,497,17,460,26,514,486
4,1000,40,7.7,28,71,949,33,13,5,51,8.46989785,86,426,42.07837756,9.764339865,7.724774606,9.191552647,475,17,474,34,492,508
3,1000,40,7.7,28,69,937,47,9,7,63,8.718881446,110,416,41.79386454,10.24730002,8.072335596,9.355164663,471,25,466,38,496,504
6,1000,40,7.7,28,63,949,33,12,6,51,8.143429595,109,405,41.21200669,10.0927476,7.678436346,8.617816647,484,21,465,30,505,495
1,1000,40,7.7,28,54,961,28,4,7,39,8.087308912,108,434,41.24375114,9.639642292,7.547486161,8.579652032,463,14,498,25,477,523
2,1000,40,7.7,28,59,944,33,10,13,56,8.574527331,120,422,41.27068878,10.24679442,7.994641403,9.127231107,466,22,478,34,488,512
7,1000,40,7.7,28,60,949,33,10,8,51,8.504854623,99,442,41.66220934,10.22761698,8.474266032,8.534717794,478,16,471,35,494,506
8,1000,40,7.7,28,70,947,29,15,9,53,8.647146129,109,394,41.87168392,9.954971439,8.155068377,9.193207094,500,26,447,27,526,474
5,1000,40,7.7,28,71,957,30,8,5,43,8.332353518,108,436,41.57289872,9.76488885,7.72918278,8.970274833,497,17,460,26,514,486
4,1000,40,7.7,28,72,949,33,13,5,51,8.461267573,106,414,42.10485107,9.784816492,7.7488733,9.151224231,474,18,475,33,492,508
3,1000,40,7.7,28,70,937,47,9,7,63,8.730628777,116,414,41.83823846,10.25228922,8.090464699,9.36063152,471,25,466,38,496,504
6,1000,40,7.7,28,64,950,33,12,5,50,8.1744752,114,425,41.2228881,10.09937834,7.722555521,8.63552457,484,21,466,29,505,495
1,1000,40,7.7,28,55,962,26,6,6,38,8.082129535,103,400,41.2672036,9.65882628,7.573651689,8.545884664,463,14,499,24,477,523
2,1000,40,7.7,28,60,944,33,10,13,56,8.592821577,99,387,41.27443152,10.25117547,8.029582447,9.129658873,466,22,478,34,488,512
8,1000,40,7.7,28,71,947,26,17,10,53,8.656305666,105,416,41.91079101,9.967149259,8.189153631,9.174706448,500,26,447,27,526,474
5,1000,40,7.7,28,72,958,29,8,5,42,8.346847297,111,431,41.63708224,9.777126634,7.748959954,8.979180824,497,17,461,25,514,486
4,1000,40,7.7,28,73,948,34,12,6,52,8.522528111,116,417,42.1455264,9.784914705,7.851759749,9.172169911,473,19,475,33,492,508
7,1000,40,7.7,28,61,949,32,11,8,51,8.512783628,104,430,41.67714855,10.23037311,8.487745093,8.537228365,478,16,471,35,494,506
3,1000,40,7.7,28,71,936,48,9,7,64,8.722866332,112,420,41.86539732,10.26915968,8.119117836,9.317031519,469,27,467,37,496,504
6,1000,40,7.7,28,65,951,33,11,5,49,8.170037557,126,419,41.24796907,10.1179259,7.687876331,8.661939413,485,20,466,29,505,495
2,1000,40,7.7,28,61,945,31,11,13,55,8.615467249,105,406,41.29392263,10.27141544,8.069211776,9.136116997,466,22,479,33,488,512
1,1000,40,7.7,28,56,961,25,8,6,39,8.128618037,86,424,41.273083,9.659000423,7.618226907,8.59411817,462,15,499,24,477,523
8,1000,40,7.7,28,72,949,24,17,10,51,8.645056774,110,436,41.95367532,9.968799992,8.202913728,9.135704964,500,26,449,25,526,474
4,1000,40,7.7,28,74,948,34,12,6,52,8.527850142,102,430,42.16296048,9.802098292,7.852592136,9.18184018,473,19,475,33,492,508
5,1000,40,7.7,28,73,958,29,8,5,42,8.347893542,116,417,41.67592028,9.785336748,7.757943309,8.971832678,497,17,461,25,514,486
3,1000,40,7.7,28,72,935,49,9,7,65,8.768108572,107,431,41.89236117,10.2773347,8.154160791,9.37231115,469,27,466,38,496,504
7,1000,40,7.7,28,62,948,32,12,8,52,8.527999015,113,422,41.69885821,10.25017478,8.529096175,8.526927874,477,17,471,35,494,506
6,1000,40,7.7,28,66,953,30,12,5,47,8.219791233,92,432,41.26781569,10.12953934,7.762993805,8.685816891,485,20,468,27,505,495
2,1000,40,7.7,28,62,943,33,11,13,57,8.633248117,109,388,41.31691911,10.28783018,8.067353098,9.172616807,465,23,478,34,488,512
8,1000,40,7.7,28,73,950,21,19,10,50,8.659291494,99,433,41.96827741,9.974446993,8.237575078,9.127272158,501,25,449,25,526,474
4,1000,40,7.7,28,75,948,34,12,6,52,8.546000034,104,413,42.20831963,9.835803329,7.905368351,9.166454341,473,19,475,33,492,508
5,1000,40,7.7,28,74,957,29,9,5,43,8.350836056,118,415,41.69740646,9.814975422,7.790857247,8.943077019,496,18,461,25,514,486
3,1000,40,7.7,28,73,934,49,10,7,66,8.785482673,117,429,41.92276149,10.30970522,8.189124545,9.372374798,468,28,466,38,496,504
1,1000,40,7.7,28,57,960,26,8,6,40,8.164115988,111,411,41.29536007,9.669755716,7.652579828,8.63066044,461,16,499,24,477,523
7,1000,40,7.7,28,63,948,32,12,8,52,8.595709768,110,416,41.70399403,10.25724712,8.609980974,8.581777008,477,17,471,35,494,506
6,1000,40,7.7,28,67,953,30,11,6,47,8.244241501,103,430,41.28708379,10.14972141,7.812100898,8.685112218,485,20,468,27,505,495
2,1000,40,7.7,28,63,944,33,10,13,56,8.618895981,97,390,41.35537678,10.28228643,8.03633249,9.17415181,466,22,478,34,488,512
8,1000,40,7.7,28,74,952,20,18,10,48,8.678810196,109,433,41.98624848,9.984180117,8.265016787,9.137998662,501,25,451,23,526,474
5,1000,40,7.7,28,75,958,28,9,5,42,8.367812473,95,414,41.69673315,9.842262933,7.809230026,8.958576624,496,18,462,24,514,486
4,1000,40,7.7,28,76,948,35,12,5,52,8.548625804,110,411,42.25017898,9.856647747,7.899593432,9.177216211,473,19,475,33,492,508
3,1000,40,7.7,28,74,932,51,10,7,68,8.802070901,98,411,41.96556546,10.33590673,8.189876138,9.404548287,467,29,465,39,496,504
1,1000,40,7.7,28,58,958,28,8,6,42,8.229036308,85,406,41.3260401,9.6839909,7.686589024,8.723773122,461,16,497,26,477,523
7,1000,40,7.7,28,64,947,33,12,8,53,8.62880535,100,434,41.68874989,10.26945586,8.674374425,8.584316964,476,18,471,35,494,506
6,1000,40,7.7,28,68,952,30,11,7,48,8.302280829,104,423,41.31739197,10.17408591,7.881834398,8.731221128,484,21,468,27,505,495
8,1000,40,7.7,28,75,954,20,18,8,46,8.65688359,101,423,42.01449372,9.996074756,8.20847507,9.154484607,503,23,451,23,526,474
4,1000,40,7.7,28,77,948,34,13,5,52,8.578725734,88,450,42.28283242,9.870565797,7.901342553,9.234774011,473,19,475,33,492,508
5,1000,40,7.7,28,76,958,29,9,4,42,8.331394049,92,434,41.72537567,9.831326098,7.780138024,8.914409681,497,17,461,25,514,486
3,1000,40,7.7,28,75,931,52,10,7,69,8.815634467,105,423,41.98587693,10.36595435,8.201588735,9.419933441,467,29,464,40,496,504
2,1000,40,7.7,28,64,944,33,10,13,56,8.643105816,101,397,41.38663909,10.31124637,8.063145551,9.195880443,466,22,478,34,488,512
7,1000,40,7.7,28,65,945,36,11,8,55,8.653078696,106,427,41.71123321,10.28169696,8.670240696,8.636323699,475,19,470,36,494,506
1,1000,40,7.7,28,59,957,29,8,6,43,8.266425147,115,429,41.34140046,9.693771322,7.728758242,8.756802037,460,17,497,26,477,523
6,1000,40,7.7,28,69,953,29,11,7,47,8.336986252,112,421,41.34280233,10.17288325,7.880529257,8.802664599,485,20,468,27,505,495
8,1000,40,7.7,28,76,954,20,18,8,46,8.664846172,112,410,42.01857579,10.02726037,8.213116616,9.166132557,503,23,451,23,526,474
4,1000,40,7.7,28,78,948,33,14,5,52,8.583344621,101,471,42.30751263,9.878042278,7.893906596,9.251068062,474,18,474,34,492,508
5,1000,40,7.7,28,77,957,30,8,5,43,8.393871611,89,409,41.74464565,9.843664485,7.809262319,9.012162097,496,18,461,25,514,486
3,1000,40,7.7,28,76,928,55,10,7,72,8.845906518,128,430,42.01877455,10.37763213,8.199702325,9.481853501,467,29,461,43,496,504
2,1000,40,7.7,28,65,945,31,11,13,55,8.66272847,96,452,41.40169239,10.33048496,8.117255678,9.182632225,465,23,480,32,488,512
7,1000,40,7.7,28,66,945,36,11,8,55,8.656819642,102,443,41.73241908,10.3078836,8.685307338,8.629007544,474,20,471,35,494,506
6,1000,40,7.7,28,70,952,30,11,7,48,8.35469656,102,419,41.36198851,10.16479122,7.917644816,8.800577633,484,21,468,27,505,495
1,1000,40,7.7,28,60,957,29,8,6,43,8.310168119,102,406,41.36615359,9.699950823,7.823111738,8.75438589,460,17,497,26,477,523
4,1000,40,7.7,28,79,947,34,13,6,53,8.615096829,111,406,42.31318656,9.887016913,7.921065564,9.287268842,473,19,474,34,492,508
8,1000,40,7.7,28,77,956,20,15,9,44,8.652246748,115,446,42.06016965,10.04703192,8.244868906,9.104315831,503,23,453,21,526,474
5,1000,40,7.7,28,78,957,30,8,5,43,8.435015879,93,438,41.76026662,9.873236671,7.837249266,9.06722172,496,18,461,25,514,486
3,1000,40,7.7,28,77,927,55,11,7,73,8.876046913,98,434,42.04604035,10.39414946,8.226971173,9.514819863,466,30,461,43,496,504
2,1000,40,7.7,28,66,946,30,10,14,54,8.659737772,103,407,41.42332044,10.3457347,8.084905362,9.207624914,466,22,480,32,488,512
6,1000,40,7.7,28,71,953,30,10,7,47,8.349192092,103,430,41.37374599,10.1820305,7.898595785,8.808891356,485,20,468,27,505,495
7,1000,40,7.7,28,67,947,35,10,8,53,8.689650542,104,420,41.75328275,10.31867594,8.701988702,8.677604986,474,20,473,33,494,506
4,1000,40,7.7,28,80,947,34,13,6,53,8.634957751,103,419,42.33342457,9.897492466,7.970429614,9.278555868,473,19,474,34,492,508
8,1000,40,7.7,28,78,955,21,15,9,45,8.720885568,99,423,42.09812004,10.07323479,8.309475444,9.177429292,503,23,452,22,526,474
5,1000,40,7.7,28,79,957,30,8,5,43,8.419913034,95,420,41.80292608,9.882139203,7.829328569,9.044522941,496,18,461,25,514,486
3,1000,40,7.7,28,78,927,55,11,7,73,8.890830605,105,428,42.06606084,10.40761617,8.261741692,9.509933979,466,30,461,43,496,504
1,1000,40,7.7,28,61,957,28,9,6,43,8.351007826,98,425,41.39043086,9.724945035,7.894450952,8.767408645,460,17,497,26,477,523
2,1000,40,7.7,28,67,945,30,11,14,55,8.691096162,127,387,41.43931081,10.37069394,8.132198547,9.223795451,466,22,479,33,488,512
6,1000,40,7.7,28,72,954,29,10,7,46,8.361526369,99,408,41.41719312,10.22563896,7.890018617,8.84255953,485,20,469,26,505,495
4,1000,40,7.7,28,81,946,35,13,6,54,8.644036988,98,407,42.36375437,9.887239589,7.975662861,9.29135996,472,20,474,34,492,508
8,1000,40,7.7,28,79,954,22,15,9,46,8.733460164,90,436,42.11157475,10.07857462,8.337455414,9.172908472,503,23,451,23,526,474
5,1000,40,7.7,28,80,957,30,8,5,43,8.448670714,98,428,41.80244612,9.896830872,7.864713562,9.066271487,496,18,461,25,514,486
7,1000,40,7.7,28,68,947,34,11,8,53,8.707510409,99,421,41.77819375,10.33154391,8.73956554,8.676215478,474,20,473,33,494,506
3,1000,40,7.7,28,79,926,56,11,7,74,8.918890584,114,422,42.09260922,10.41814006,8.280282387,9.547362143,466,30,460,44,496,504
1,1000,40,7.7,28,62,958,27,9,6,42,8.371420446,119,429,41.40931399,9.737488544,7.92860702,8.775286611,460,17,498,25,477,523
2,1000,40,7.7,28,68,945,30,11,14,55,8.746797204,108,395,41.4715379,10.38372862,8.200915508,9.267090696,467,21,478,34,488,512
6,1000,40,7.7,28,73,952,31,10,7,48,8.361022882,119,400,41.43223678,10.24437303,7.937674347,8.792923913,483,22,469,26,505,495
4,1000,40,7.7,28,82,946,35,13,6,54,8.683369284,112,421,42.39916384,9.895532231,8.013235042,9.332396937,472,20,474,34,492,508
8,1000,40,7.7,28,80,955,21,16,8,45,8.742430685,100,458,42.16224527,10.11549108,8.337644321,9.191623991,503,23,452,22,526,474
5,1000,40,7.7,28,81,957,31,7,5,43,8.482819942,100,419,41.81182518,9.915856122,7.887313243,9.112635668,496,18,461,25,514,486
3,1000,40,7.7,28,80,928,53,12,7,72,8.903218633,123,426,42.09385267,10.44721805,8.27897347,9.517555142,466,30,462,42,496,504
7,1000,40,7.7,28,69,947,33,12,8,53,8.713682552,108,435,41.79054974,10.33711611,8.750598515,8.677642067,474,20,473,33,494,506
2,1000,40,7.7,28,69,943,32,11,14,57,8.768236465,103,417,41.48928448,10.42464607,8.242913648,9.268934774,466,22,477,35,488,512
1,1000,40,7.7,28,63,958,27,9,6,42,8.379433561,98,433,41.41930718,9.762972633,7.915218082,8.802819379,460,17,498,25,477,523
8,1000,40,7.7,28,81,955,20,17,8,45,8.758396911,115,429,42.17245041,10.13587035,8.362732683,9.197467341,503,23,452,22,526,474
4,1000,40,7.7,28,83,946,35,13,6,54,8.739566378,106,454,42.4244266,9.905522866,8.095222351,9.363616104,472,20,474,34,492,508
6,1000,40,7.7,28,74,952,30,11,7,48,8.360766865,115,449,41.50118884,10.24572898,7.94501116,8.784921676,483,22,469,26,505,495
5,1000,40,7.7,28,82,957,32,7,4,43,8.473076864,103,447,41.86390512,9.92287569,7.886726776,9.093208438,495,19,462,24,514,486
3,1000,40,7.7,28,81,929,52,11,8,71,8.899044004,90,418,42.12159931,10.45035844,8.333897232,9.455220193,466,30,463,41,496,504
7,1000,40,7.7,28,70,947,35,10,8,53,8.662389258,124,432,41.82815176,10.33978391,8.725836195,8.600446991,472,22,475,31,494,506
2,1000,40,7.7,28,70,945,30,12,13,55,8.768263058,113,423,41.53313074,10.44119289,8.230369202,9.28094314,467,21,478,34,488,512
4,1000,40,7.7,28,84,945,36,13,6,55,8.734532623,106,439,42.47142429,9.940728945,8.137883743,9.312389412,471,21,474,34,492,508
8,1000,40,7.7,28,82,954,21,17,8,46,8.776467609,120,435,42.20867997,10.16558844,8.394571608,9.200259372,502,24,452,22,526,474
6,1000,40,7.7,28,75,952,30,11,7,48,8.36696005,106,413,41.53360487,10.28453048,7.952654191,8.789635723,483,22,469,26,505,495
5,1000,40,7.7,28,83,956,33,7,4,44,8.50686248,86,413,41.88317298,9.93489085,7.925938908,9.1212549,495,19,461,25,514,486
1,1000,40,7.7,28,64,958,28,9,5,42,8.397497191,92,416,41.44909827,9.75323998,7.934086302,8.820149186,459,18,499,24,477,523
3,1000,40,7.7,28,82,928,52,12,8,72,8.903717806,111,441,42.16907342,10.46550676,8.309574682,9.488430087,466,30,462,42,496,504
7,1000,40,7.7,28,71,947,35,9,9,53,8.688154706,116,441,41.83654224,10.3590948,8.741528376,8.636046815,472,22,475,31,494,506
4,1000,40,7.7,28,85,946,35,13,6,54,8.739356387,102,436,42.48010142,9.966346547,8.116156694,9.342927744,472,20,474,34,492,508
8,1000,40,7.7,28,83,953,22,17,8,47,8.788697403,111,428,42.2339708,10.18638561,8.42659855,9.190520181,501,25,452,22,526,474
2,1000,40,7.7,28,71,945,29,13,13,55,8.789986119,109,383,41.55139976,10.44139586,8.233477146,9.320408733,467,21,478,34,488,512
6,1000,40,7.7,28,76,951,31,11,7,49,8.43141101,113,447,41.55781869,10.27554025,8.022735105,8.848342994,482,23,469,26,505,495
5,1000,40,7.7,28,84,957,33,6,4,43,8.52617151,96,407,41.9170028,9.959530101,7.977859867,9.106073124,495,19,462,24,514,486
3,1000,40,7.7,28,83,928,53,11,8,72,8.900218736,107,445,42.19524619,10.49417507,8.332585245,9.458842172,465,31,463,41,496,504
1,1000,40,7.7,28,65,961,27,8,4,39,8.357616335,99,401,41.47128861,9.758516262,7.930621752,8.747054988,460,17,501,22,477,523
7,1000,40,7.7,28,72,947,35,9,9,53,8.695803218,114,448,41.8531454,10.38017215,8.750659723,8.642247658,472,22,475,31,494,506
4,1000,40,7.7,28,86,947,35,12,6,53,8.721151979,94,435,42.50074865,10.00190701,8.118881531,9.304453279,472,20,475,33,492,508
8,1000,40,7.7,28,84,953,22,17,8,47,8.812884738,121,434,42.25182788,10.19211452,8.454395716,9.210701669,501,25,452,22,526,474
5,1000,40,7.7,28,85,957,33,6,4,43,8.560997965,93,423,41.99157868,9.976220312,8.00851286,9.145313488,495,19,462,24,514,486
2,1000,40,7.7,28,72,945,28,14,13,55,8.820957821,101,427,41.58140292,10.47091261,8.260078103,9.355546303,467,21,478,34,488,512
6,1000,40,7.7,28,77,950,33,10,7,50,8.432024983,99,433,41.61885157,10.28885648,7.997001927,8.875836384,482,23,468,27,505,495
3,1000,40,7.7,28,84,928,51,13,8,72,8.888965886,108,434,42.22031713,10.50825792,8.367400336,9.402252619,464,32,464,40,496,504
1,1000,40,7.7,28,66,962,26,8,4,38,8.37319796,102,417,41.49528363,9.769566606,7.960033304,8.750023086,460,17,502,21,477,523
7,1000,40,7.7,28,73,945,37,9,9,55,8.74646311,102,408,41.86325757,10.40385749,8.765121127,8.728247576,471,23,474,32,494,506
4,1000,40,7.7,28,87,947,34,13,6,53,8.744318447,98,430,42.5311581,10.01637799,8.130165064,9.339128415,472,20,475,33,492,508
8,1000,40,7.7,28,85,952,22,18,8,48,8.829116474,113,443,42.27950021,10.21653255,8.468031348,9.229814315,501,25,451,23,526,474
5,1000,40,7.7,28,86,959,32,5,4,41,8.531525156,108,419,42.0372589,9.999225815,7.99320905,9.10085536,497,17,462,24,514,486
2,1000,40,7.7,28,73,947,27,13,13,53,8.80114277,117,423,41.61919529,10.50032198,8.233550232,9.342129407,469,19,478,34,488,512
6,1000,40,7.7,28,78,948,34,11,7,52,8.470068422,95,423,41.64825374,10.32065184,7.962821752,8.987562499,482,23,466,29,505,495
3,1000,40,7.7,28,85,928,50,14,8,72,8.937809484,104,456,42.25744125,10.52767185,8.398234231,9.468820051,464,32,464,40,496,504
7,1000,40,7.7,28,74,943,39,9,9,57,8.77296784,111,401,41.88848545,10.4332435,8.790739226,8.75561791,469,25,474,32,494,506
1,1000,40,7.7,28,67,962,26,9,3,38,8.375557495,109,427,41.54035208,9.77991637,7.980658766,8.735723257,459,18,503,20,477,523
4,1000,40,7.7,28,88,946,34,14,6,54,8.745644015,128,433,42.55482342,10.04846175,8.152831038,9.319785717,471,21,475,33,492,508
8,1000,40,7.7,28,86,952,23,18,7,48,8.85403925,101,442,42.26931649,10.22397224,8.485833729,9.262638626,502,24,450,24,526,474
5,1000,40,7.7,28,87,958,33,5,4,42,8.560684862,94,419,42.0815553,10.00804896,8.008846513,9.144316367,496,18,462,24,514,486
6,1000,40,7.7,28,79,946,34,12,8,54,8.511622628,117,440,41.6733016,10.35162134,8.007349022,9.026083581,482,23,464,31,505,495
3,1000,40,7.7,28,86,927,52,12,9,73,8.978540304,112,435,42.27253537,10.55883861,8.439214485,9.509305396,464,32,463,41,496,504
2,1000,40,7.7,28,74,948,27,11,14,52,8.805613416,116,411,41.65192373,10.52921056,8.280850792,9.305777791,469,19,479,33,488,512
7,1000,40,7.7,28,75,942,40,9,9,58,8.793630534,94,424,41.90367436,10.44108127,8.829104005,8.758998332,469,25,473,33,494,506
4,1000,40,7.7,28,89,945,34,15,6,55,8.742529583,92,459,42.56481984,10.06015814,8.1247762,9.340826167,471,21,474,34,492,508
8,1000,40,7.7,28,87,952,24,17,7,48,8.870218101,99,405,42.33776368,10.22815268,8.527380138,9.250666979,501,25,451,23,526,474
5,1000,40,7.7,28,88,956,36,5,3,44,8.561655764,102,425,42.1212176,10.04852286,7.997988822,9.157797344,495,19,461,25,514,486
1,1000,40,7.7,28,68,960,28,9,3,40,8.383292161,85,395,41.56582114,9.759215185,8.005223094,8.728108499,457,20,503,20,477,523
6,1000,40,7.7,28,80,944,36,12,8,56,8.51288486,110,430,41.71554577,10.37508883,8.019258285,9.016483689,481,24,463,32,505,495
3,1000,40,7.7,28,87,930,51,11,8,70,8.947648315,115,416,42.29569401,10.57136722,8.411771736,9.475018917,465,31,465,39,496,504
2,1000,40,7.7,28,75,946,29,11,14,54,8.849733727,115,430,41.64459714,10.54835227,8.311537023,9.362702461,468,20,478,34,488,512
4,1000,40,7.7,28,90,944,35,15,6,56,8.772506229,112,432,42.57687954,10.06473983,8.148581852,9.376779445,471,21,473,35,492,508
7,1000,40,7.7,28,76,941,41,8,10,59,8.839029223,113,444,41.93860304,10.45268945,8.850312555,8.828013481,469,25,472,34,494,506
8,1000,40,7.7,28,88,948,28,17,7,52,8.889580391,106,419,42.38230935,10.26019052,8.517844843,9.302097054,500,26,448,26,526,474
5,1000,40,7.7,28,89,957,34,6,3,43,8.588115396,115,427,42.13816851,10.06335165,8.021441916,9.187436731,496,18,461,25,514,486
1,1000,40,7.7,28,69,960,28,9,3,40,8.378017366,120,425,41.57251231,9.79477984,8.00956855,8.714059594,457,20,503,20,477,523
3,1000,40,7.7,28,88,930,51,11,8,70,8.973472198,93,435,42.3420059,10.57646471,8.461701054,9.477119992,465,31,465,39,496,504
6,1000,40,7.7,28,81,944,37,11,8,56,8.521456445,107,406,41.73511153,10.38119046,8.044479957,9.00806882,481,24,463,32,505,495
2,1000,40,7.7,28,76,945,30,11,14,55,8.856188267,101,420,41.67291309,10.55697473,8.328621201,9.359025626,467,21,478,34,488,512
4,1000,40,7.7,28,91,944,34,16,6,56,8.821738621,112,446,42.61732574,10.0923455,8.205098698,9.418956814,470,22,474,34,492,508
7,1000,40,7.7,28,77,941,41,8,10,59,8.847907835,114,390,41.94042961,10.49419257,8.865256144,8.830970949,469,25,472,34,494,506
8,1000,40,7.7,28,89,948,28,16,8,52,8.890472771,112,413,42.40477306,10.28380416,8.512165814,9.310281756,500,26,448,26,526,474
5,1000,40,7.7,28,90,959,31,7,3,41,8.592103347,106,435,42.19744336,10.10785189,8.053993787,9.161215104,496,18,463,23,514,486
3,1000,40,7.7,28,89,930,49,13,8,70,9.016044403,109,398,42.36804433,10.5724646,8.478948338,9.544615133,465,31,465,39,496,504
6,1000,40,7.7,28,82,944,35,13,8,56,8.565143654,108,423,41.75366703,10.38926111,8.091392225,9.048465819,481,24,463,32,505,495
1,1000,40,7.7,28,70,960,28,9,3,40,8.35298161,110,423,41.59940328,9.804777916,7.981635421,8.691666375,457,20,503,20,477,523
2,1000,40,7.7,28,77,946,29,11,14,54,8.886202489,108,444,41.73778196,10.57395424,8.379397084,9.36925139,466,22,480,32,488,512
4,1000,40,7.7,28,92,943,35,16,6,57,8.82892575,109,444,42.63622703,10.0764234,8.228022267,9.410903139,469,23,474,34,492,508
8,1000,40,7.7,28,90,946,30,16,8,54,8.922176278,102,419,42.4413921,10.30412477,8.5824524,9.299169443,499,27,447,27,526,474
7,1000,40,7.7,28,78,941,40,9,10,59,8.88659625,109,411,41.9683505,10.52082768,8.890968241,8.882327943,469,25,472,34,494,506
5,1000,40,7.7,28,91,958,31,8,3,42,8.620442808,113,405,42.23201503,10.11179821,8.076285232,9.195951026,496,18,462,24,514,486
6,1000,40,7.7,28,83,943,36,13,8,57,8.600330664,101,434,41.78857036,10.38278845,8.114187053,9.096295359,480,25,463,32,505,495
3,1000,40,7.7,28,90,930,48,13,9,70,9.046861956,125,418,42.38734395,10.57310622,8.490702954,9.594193038,466,30,464,40,496,504
2,1000,40,7.7,28,78,947,30,11,12,53,8.901003256,110,421,41.78420788,10.58398742,8.433788602,9.346317222,466,22,481,31,488,512
1,1000,40,7.7,28,71,961,26,10,3,39,8.335987266,95,409,41.62630787,9.815797605,7.97682907,8.663556022,457,20,504,19,477,523
4,1000,40,7.7,28,93,942,36,16,6,58,8.836523276,109,429,42.66823799,10.10189741,8.266015078,9.389062712,468,24,474,34,492,508
8,1000,40,7.7,28,91,947,31,15,7,53,8.949633523,111,417,42.45496463,10.31838739,8.604178148,9.332986956,499,27,448,26,526,474
5,1000,40,7.7,28,92,957,32,8,3,43,8.594844731,117,388,42.28554418,10.14365165,8.056096181,9.164632292,496,18,461,25,514,486
7,1000,40,7.7,28,79,941,41,9,9,59,8.898855049,104,391,41.99913845,10.54716901,8.897731118,8.899952326,469,25,472,34,494,506
6,1000,40,7.7,28,84,943,35,13,9,57,8.609142176,110,415,41.79104635,10.3791368,8.129885244,9.098081066,480,25,463,32,505,495
3,1000,40,7.7,28,91,931,47,13,9,69,9.085152438,108,433,42.41131098,10.57359125,8.561913837,9.600085663,466,30,465,39,496,504
2,1000,40,7.7,28,79,946,31,11,12,54,8.952839434,94,429,41.78906906,10.60201895,8.492151347,9.391932767,466,22,480,32,488,512
4,1000,40,7.7,28,94,941,37,16,6,59,8.864249364,113,428,42.68457567,10.12591051,8.318017017,9.393277543,467,25,474,34,492,508
1,1000,40,7.7,28,72,962,25,9,4,38,8.355498989,102,387,41.68753211,9.81678383,7.992601249,8.686478381,458,19,504,19,477,523
8,1000,40,7.7,28,92,947,31,15,7,53,8.997998798,101,423,42.50265426,10.33443093,8.685719426,9.344536667,499,27,448,26,526,474
5,1000,40,7.7,28,93,957,32,8,3,43,8.631103056,105,438,42.33949205,10.14866678,8.118886155,9.172830397,496,18,461,25,514,486
7,1000,40,7.7,28,80,940,42,9,9,60,8.974061769,118,441,42.02509794,10.55719756,8.966680891,8.981267607,469,25,471,35,494,506
6,1000,40,7.7,28,85,943,35,13,9,57,8.599500925,112,429,41.81788017,10.38559606,8.145498404,9.062675215,480,25,463,32,505,495
3,1000,40,7.7,28,92,930,48,13,9,70,9.132412772,104,450,42.44458962,10.58786532,8.632168487,9.624716672,465,31,465,39,496,504
4,1000,40,7.7,28,95,940,38,15,7,60,8.851651135,101,438,42.68756063,10.14272431,8.294948974,9.390819369,467,25,473,35,492,508
2,1000,40,7.7,28,80,945,32,11,12,55,8.935088087,120,424,41.81475915,10.60685911,8.461978516,9.386020647,466,22,479,33,488,512
8,1000,40,7.7,28,93,943,33,17,7,57,9.038220491,106,429,42.51268597,10.35118996,8.74240749,9.366485551,496,30,447,27,526,474
5,1000,40,7.7,28,94,954,35,8,3,46,8.683664108,101,407,42.37548983,10.16080658,8.163612773,9.233677247,494,20,460,26,514,486
1,1000,40,7.7,28,73,962,26,9,3,38,8.336974148,92,428,41.70520648,9.832054492,8.034165824,8.613149234,458,19,504,19,477,523
7,1000,40,7.7,28,81,939,43,9,9,61,8.999779455,90,423,42.03522491,10.5877604,8.970396011,9.028466058,469,25,470,36,494,506
6,1000,40,7.7,28,86,943,35,13,9,57,8.635596525,95,435,41.83763503,10.40852443,8.214152376,9.065554696,480,25,463,32,505,495
3,1000,40,7.7,28,93,929,49,13,9,71,9.172885244,105,431,42.43479611,10.57736551,8.680738802,9.657219837,465,31,464,40,496,504
4,1000,40,7.7,28,96,941,37,15,7,59,8.90112577,109,427,42.72346804,10.16648757,8.365118148,9.420251262,467,25,474,34,492,508
2,1000,40,7.7,28,81,944,33,11,12,56,8.946921146,115,421,41.83677493,10.62152541,8.462117881,9.408999258,465,23,479,33,488,512
8,1000,40,7.7,28,94,943,33,17,7,57,9.062329306,112,442,42.52496235,10.37413965,8.770769813,9.385874228,496,30,447,27,526,474
5,1000,40,7.7,28,95,955,34,8,3,45,8.668741114,100,411,42.40537653,10.17250291,8.153586585,9.213575329,495,19,460,26,514,486
1,1000,40,7.7,28,74,961,27,9,3,39,8.338706098,110,423,41.72675911,9.857248199,8.050428985,8.601628054,457,20,504,19,477,523
7,1000,40,7.7,28,82,940,43,9,8,60,9.023557408,113,410,42.0396802,10.60298842,8.958852843,9.086727477,470,24,470,36,494,506
6,1000,40,7.7,28,87,944,32,15,9,56,8.628223503,97,412,41.89508343,10.42582381,8.207916786,9.057021265,481,24,463,32,505,495
3,1000,40,7.7,28,94,934,48,11,7,66,9.127538872,118,414,42.48733967,10.57752395,8.646247195,9.601190998,467,29,467,37,496,504
4,1000,40,7.7,28,97,941,37,15,7,59,8.912404917,116,414,42.74815435,10.16885104,8.387722954,9.420561463,467,25,474,34,492,508
2,1000,40,7.7,28,82,944,32,12,12,56,8.959447188,105,446,41.84343826,10.64735229,8.468720702,9.42717087,465,23,479,33,488,512
8,1000,40,7.7,28,95,943,34,17,6,57,9.079014176,101,426,42.55037353,10.37385528,8.78993214,9.399809853,497,29,446,28,526,474
5,1000,40,7.7,28,96,956,32,9,3,44,8.677619397,125,428,42.46140134,10.19296966,8.170498836,9.21395678,496,18,460,26,514,486
7,1000,40,7.7,28,83,939,44,9,8,61,9.063611688,109,426,42.05680616,10.63067454,8.995810251,9.129805186,469,25,470,36,494,506
6,1000,40,7.7,28,88,943,33,15,9,57,8.659514152,109,439,41.93450247,10.44398522,8.268469294,9.058458906,480,25,463,32,505,495
1,1000,40,7.7,28,75,960,28,9,3,40,8.367799147,117,390,41.75598541,9.893115547,8.082351607,8.628140403,457,20,503,20,477,523
3,1000,40,7.7,28,95,934,48,11,7,66,9.1372558,99,409,42.49378827,10.60590826,8.648694403,9.618062254,467,29,467,37,496,504
4,1000,40,7.7,28,98,941,37,15,7,59,8.922500452,92,417,42.76980604,10.17943142,8.409386234,9.419453592,467,25,474,34,492,508
8,1000,40,7.7,28,96,944,33,17,6,56,9.120854319,110,441,42.56196799,10.40429849,8.82286149,9.451538344,498,28,446,28,526,474
2,1000,40,7.7,28,83,945,32,12,11,55,8.942775975,116,420,41.86104547,10.6483129,8.460234219,9.402698586,465,23,480,32,488,512
5,1000,40,7.7,28,97,956,32,9,3,44,8.742295665,95,417,42.48498291,10.2276116,8.259621399,9.252778326,496,18,460,26,514,486
6,1000,40,7.7,28,89,943,33,15,9,57,8.692886298,123,431,41.93918599,10.4966712,8.288833963,9.105101307,480,25,463,32,505,495
7,1000,40,7.7,28,84,938,45,9,8,62,9.066865446,115,439,42.06261812,10.64934942,9.007378353,9.124941778,468,26,470,36,494,506
3,1000,40,7.7,28,96,933,49,11,7,67,9.167751312,112,422,42.50342553,10.61743752,8.683354171,9.64445961,467,29,466,38,496,504
1,1000,40,7.7,28,76,960,28,9,3,40,8.3717563,102,416,41.79490855,9.897913189,8.065473452,8.651100314,457,20,503,20,477,523
4,1000,40,7.7,28,99,939,40,15,6,61,8.920205503,122,451,42.78919442,10.18929799,8.39682195,9.427104534,466,26,473,35,492,508
8,1000,40,7.7,28,97,941,36,17,6,59,9.168219147,112,401,42.5912405,10.41536459,8.894061978,9.47245263,497,29,444,30,526,474
5,1000,40,7.7,28,98,957,31,9,3,43,8.744419232,105,422,42.5132316,10.23535636,8.246476437,9.271050089,496,18,461,25,514,486
2,1000,40,7.7,28,84,945,31,13,11,55,8.977042289,116,404,41.88942209,10.66732465,8.488166083,9.443002422,465,23,480,32,488,512
6,1000,40,7.7,28,90,941,35,15,9,59,8.728623169,99,415,41.98169803,10.50930248,8.311730504,9.153937908,481,24,460,35,505,495
7,1000,40,7.7,28,85,939,44,9,8,61,9.100628859,86,425,42.07224945,10.66257873,9.05579173,9.144402657,469,25,470,36,494,506
3,1000,40,7.7,28,97,933,49,11,7,67,9.17365405,114,425,42.526941,10.6233891,8.670669967,9.668654258,467,29,466,38,496,504
4,1000,40,7.7,28,100,940,40,14,6,60,8.919061735,105,429,42.8022058,10.211126,8.42359126,9.398926841,466,26,474,34,492,508
1,1000,40,7.7,28,77,962,26,9,3,38,8.377857861,104,453,41.82435296,9.916831818,8.08941776,8.64092847,457,20,505,18,477,523
8,1000,40,7.7,28,98,942,34,18,6,58,9.173764121,109,450,42.60716797,10.43317203,8.90872599,9.467878165,497,29,445,29,526,474
5,1000,40,7.7,28,99,955,33,9,3,45,8.783011773,115,434,42.53996346,10.24539562,8.273963033,9.321388423,495,19,460,26,514,486
2,1000,40,7.7,28,85,945,32,13,10,55,9.001709135,101,405,41.91483997,10.67986942,8.507497788,9.472754326,465,23,480,32,488,512
6,1000,40,7.7,28,91,941,35,15,9,59,8.751986841,118,437,42.00755363,10.51432433,8.342589981,9.169654344,481,24,460,35,505,495
7,1000,40,7.7,28,86,942,41,9,8,58,9.081556519,112,402,42.11185509,10.69617054,9.088535525,9.074743023,469,25,473,33,494,506
3,1000,40,7.7,28,98,933,49,11,7,67,9.203641383,117,431,42.55714235,10.64719994,8.719417691,9.680178986,467,29,466,38,496,504
4,1000,40,7.7,28,101,939,41,14,6,61,8.939378003,99,457,42.84111892,10.22365728,8.450730305,9.412635222,466,26,473,35,492,508
1,1000,40,7.7,28,78,962,26,9,3,38,8.388001259,100,436,41.85988964,9.939926629,8.106442198,8.644796043,457,20,505,18,477,523
8,1000,40,7.7,28,99,943,33,18,6,57,9.188885863,105,429,42.64815503,10.46350894,8.905627816,9.503218633,498,28,445,29,526,474
5,1000,40,7.7,28,100,955,33,9,3,45,8.805833972,112,450,42.54470085,10.26891673,8.292378004,9.348871765,495,19,460,26,514,486
2,1000,40,7.7,28,86,943,34,13,10,57,9.007170613,108,402,41.93479526,10.69615004,8.487641783,9.502346529,464,24,479,33,488,512
6,1000,40,7.7,28,92,941,34,16,9,59,8.776733305,126,409,42.02300002,10.53278269,8.367455583,9.194279263,481,24,460,35,505,495
3,1000,40,7.7,28,99,932,51,11,6,68,9.215106827,102,448,42.58659573,10.67062542,8.730509398,9.692012235,468,28,464,40,496,504
7,1000,40,7.7,28,87,941,41,10,8,59,9.10099566,96,432,42.13856549,10.72955797,9.132708914,9.070034499,468,26,473,33,494,506
4,1000,40,7.7,28,102,940,40,14,6,60,8.945472382,105,421,42.85017693,10.24212466,8.4752353,9.400898846,466,26,474,34,492,508
8,1000,40,7.7,28,100,944,31,19,6,56,9.232131695,115,443,42.7120942,10.46733581,8.915780838,9.583187709,499,27,445,29,526,474
5,1000,40,7.7,28,101,955,33,9,3,45,8.829040642,110,419,42.55522596,10.27478117,8.307654969,9.380464995,495,19,460,26,514,486
1,1000,40,7.7,28,79,962,25,10,3,38,8.440951375,107,426,41.89937694,9.958123449,8.160179842,8.697027896,456,21,506,17,477,523
2,1000,40,7.7,28,87,943,34,12,11,57,9.006037222,120,406,41.96275583,10.71279837,8.501359556,9.487058122,464,24,479,33,488,512
6,1000,40,7.7,28,93,941,34,16,9,59,8.789347987,114,408,42.04042007,10.55864791,8.356273769,9.231171178,481,24,460,35,505,495
3,1000,40,7.7,28,100,930,53,11,6,70,9.229295754,106,412,42.59875315,10.66344616,8.773889936,9.677472908,467,29,463,41,496,504
4,1000,40,7.7,28,103,941,38,14,7,59,8.956296571,100,422,42.88064564,10.25645543,8.522042265,9.376873577,466,26,475,33,492,508
7,1000,40,7.7,28,88,941,40,11,8,59,9.138864454,98,408,42.15675246,10.73535015,9.171070287,9.107422396,468,26,473,33,494,506
8,1000,40,7.7,28,101,944,30,20,6,56,9.258207042,98,435,42.75392341,10.46379928,8.939261128,9.612142804,499,27,445,29,526,474
5,1000,40,7.7,28,102,955,32,10,3,45,8.84022465,104,446,42.5664823,10.29022241,8.339940271,9.369331999,495,19,460,26,514,486
2,1000,40,7.7,28,88,943,34,12,11,57,9.049962262,111,400,41.98259013,10.73523131,8.564310832,9.51284878,464,24,479,33,488,512
6,1000,40,7.7,28,94,942,32,16,10,58,8.794187674,101,417,42.06989042,10.58744635,8.364998456,9.23204738,482,23,460,35,505,495
1,1000,40,7.7,28,80,962,25,10,3,38,8.433583408,99,439,41.94768018,9.975950787,8.157014885,8.685826593,456,21,506,17,477,523
3,1000,40,7.7,28,101,928,54,10,8,72,9.236841675,112,421,42.62666985,10.67843207,8.78549062,9.681028427,466,30,462,42,496,504
4,1000,40,7.7,28,104,941,38,14,7,59,8.96547116,106,451,42.86774225,10.26464295,8.527383801,9.389760493,466,26,475,33,492,508
9,1000,40,7.7,28,0,948,23,14,15,52,7.077,81,401,39.78857643,8.724631073,6.552361396,7.575048733,467,20,481,32,487,513
7,1000,40,7.7,28,89,942,39,11,8,58,9.169787918,109,436,42.17579133,10.77629441,9.167683368,9.171842558,469,25,473,33,494,506
8,1000,40,7.7,28,102,945,31,19,5,55,9.269831282,106,434,42.77788031,10.48760384,8.948522583,9.626389036,500,26,445,29,526,474
5,1000,40,7.7,28,103,955,32,10,3,45,8.860246611,89,439,42.59082694,10.32976414,8.341011379,9.40939663,495,19,460,26,514,486
6,1000,40,7.7,28,95,941,32,17,10,59,8.799454546,105,417,42.08117833,10.61243738,8.395326637,9.211746655,481,24,460,35,505,495
2,1000,40,7.7,28,89,941,36,12,11,59,9.083814083,113,443,42.0217469,10.74601512,8.618103348,9.527694626,463,25,478,34,488,512
1,1000,40,7.7,28,81,963,24,11,2,37,8.453823599,112,429,41.95939385,10.00052178,8.166595273,8.715789012,457,20,506,17,477,523
3,1000,40,7.7,28,102,928,53,11,8,72,9.240239708,111,414,42.66606658,10.7066076,8.785900295,9.687367384,466,30,462,42,496,504
7,1000,40,7.7,28,90,942,40,11,7,58,9.22887044,118,424,42.17977654,10.79221344,9.257283289,9.201131414,469,25,473,33,494,506
9,1000,40,7.7,28,1,950,22,12,16,50,7.113164312,87,413,39.85284651,8.728037952,6.596908297,7.603255305,467,20,483,30,487,513
8,1000,40,7.7,28,103,945,32,17,6,55,9.316954784,96,419,42.81066706,10.49077608,9.002537864,9.665864699,501,25,444,30,526,474
5,1000,40,7.7,28,104,955,32,10,3,45,8.886138832,109,435,42.62992711,10.33251303,8.383022078,9.418241735,495,19,460,26,514,486
10,1000,40,7.7,28,0,947,23,18,12,53,7.001,80,397,40.13247816,8.727109753,6.586466165,7.472222222,509,23,438,30,532,468
6,1000,40,7.7,28,96,941,31,18,10,59,8.815287031,122,436,42.09448292,10.61726096,8.407767769,9.231039006,481,24,460,35,505,495
2,1000,40,7.7,28,90,941,37,12,10,59,9.093547865,105,423,42.04577313,10.75948625,8.638529166,9.527237562,463,25,478,34,488,512
3,1000,40,7.7,28,103,930,53,10,7,70,9.234808879,120,432,42.68885777,10.72781293,8.791515211,9.671066139,466,30,464,40,496,504
1,1000,40,7.7,28,82,963,24,11,2,37,8.466146802,102,446,41.99802517,10.01276811,8.165718739,8.740150982,457,20,506,17,477,523
7,1000,40,7.7,28,91,940,42,11,7,60,9.261401163,112,449,42.18071438,10.81621583,9.287784847,9.23564318,469,25,471,35,494,506
9,1000,40,7.7,28,2,951,21,12,16,49,7.083174676,122,371,39.88789208,8.733604182,6.523971952,7.614035741,467,20,484,29,487,513
8,1000,40,7.7,28,104,947,31,16,6,53,9.316483429,113,458,42.83458503,10.50466442,9.02909208,9.635402942,502,24,445,29,526,474
11,1000,40,7.7,28,0,949,28,13,10,51,6.996,85,380,39.82929598,8.535449088,6.01183432,8.00811359,492,15,457,36,507,493
10,1000,40,7.7,28,1,948,22,18,12,52,6.999662511,92,434,40.13924433,8.744415406,6.603425773,7.45008547,509,23,439,29,532,468
6,1000,40,7.7,28,97,941,31,18,10,59,8.813273855,114,432,42.15474861,10.62504719,8.398909068,9.236009647,481,24,460,35,505,495
2,1000,40,7.7,28,91,942,37,11,10,58,9.145337758,127,427,42.06717249,10.77849675,8.665127263,9.603038387,464,24,478,34,488,512
3,1000,40,7.7,28,104,931,51,11,7,69,9.234012674,116,429,42.70185523,10.75554677,8.812406041,9.648927138,466,30,465,39,496,504
12,1000,40,7.7,28,0,930,34,18,18,70,7.309,89,394,40.27086606,9.043608939,6.504166667,8.051923077,458,22,472,48,480,520
7,1000,40,7.7,28,92,938,44,11,7,62,9.285303048,119,430,42.2193609,10.84026747,9.316101153,9.255235333,467,27,471,35,494,506
9,1000,40,7.7,28,3,951,21,12,16,49,7.081339405,102,411,39.90764124,8.742528834,6.545585422,7.589940165,467,20,484,29,487,513
11,1000,40,7.7,28,1,950,27,13,10,50,7.021994933,93,385,39.86543343,8.552066327,6.034751929,8.037273234,493,14,457,36,507,493
1,1000,40,7.7,28,83,964,23,11,2,36,8.498045498,116,448,41.98993198,10.01916869,8.200973692,8.768988618,459,18,505,18,477,523
10,1000,40,7.7,28,2,950,20,18,12,50,6.985895107,95,396,40.15854791,8.738858782,6.544117838,7.488086361,511,21,439,29,532,468
6,1000,40,7.7,28,98,942,31,17,10,58,8.811911386,114,430,42.18691845,10.65257608,8.382854523,9.249636065,483,22,459,36,505,495
2,1000,40,7.7,28,92,942,37,11,10,58,9.145071372,106,452,42.09466489,10.81603269,8.667394528,9.600357114,464,24,478,34,488,512
9,1000,40,7.7,28,4,951,21,12,16,49,7.102603331,83,405,39.95953448,8.743667295,6.57940233,7.599287323,466,21,485,28,487,513
12,1000,40,7.7,28,1,929,36,17,18,71,7.357031277,83,420,40.30126171,9.044024064,6.57738192,8.076707607,457,23,472,48,480,520
7,1000,40,7.7,28,93,937,43,14,6,63,9.32296661,110,455,42.23990994,10.83182055,9.364071264,9.282836771,467,27,470,36,494,506
11,1000,40,7.7,28,2,952,26,12,10,48,7.016265043,96,395,39.88393624,8.550113792,6.060250295,7.999428283,493,14,459,34,507,493
1,1000,40,7.7,28,84,964,23,11,2,36,8.503559189,94,426,41.995181,10.04391263,8.172445268,8.805550279,459,18,505,18,477,523
10,1000,40,7.7,28,3,950,21,18,11,50,7.017926385,78,374,40.19684889,8.731600947,6.613220863,7.477976251,511,21,439,29,532,468
6,1000,40,7.7,28,99,941,32,18,9,59,8.824189075,122,407,42.23451975,10.68415433,8.38389706,9.273375878,483,22,458,37,505,495
2,1000,40,7.7,28,93,942,35,13,10,58,9.164026342,111,418,42.13381276,10.84925911,8.703818195,9.602662233,464,24,478,34,488,512
9,1000,40,7.7,28,5,951,21,12,16,49,7.133567827,106,420,39.99631319,8.759808938,6.592711238,7.647012581,466,21,485,28,487,513
7,1000,40,7.7,28,94,937,44,13,6,63,9.326347462,116,421,42.26727008,10.85108949,9.345464856,9.307683445,468,26,469,37,494,506
11,1000,40,7.7,28,3,952,27,11,10,48,7.070957533,89,406,39.90660313,8.557083224,6.140776429,8.027553516,492,15,460,33,507,493
12,1000,40,7.7,28,2,931,36,14,19,69,7.355465768,104,409,40.31650891,9.068884864,6.574887545,8.075999513,458,22,473,47,480,520
10,1000,40,7.7,28,4,951,21,17,11,49,7.013588457,83,415,40.21728308,8.736579595,6.60063325,7.483016171,511,21,440,28,532,468
6,1000,40,7.7,28,100,940,33,18,9,60,8.828702469,86,423,42.24691641,10.69949223,8.367793708,9.298922518,483,22,457,38,505,495
1,1000,40,7.7,28,85,964,22,12,2,36,8.536758297,130,435,42.00798982,10.06177379,8.188979607,8.853948421,459,18,505,18,477,523
2,1000,40,7.7,28,94,942,37,12,9,58,9.165485595,104,430,42.1482606,10.86865406,8.680306452,9.627921967,465,23,477,35,488,512
9,1000,40,7.7,28,6,951,21,11,17,49,7.185401428,83,378,40.00878091,8.783129796,6.605627615,7.735790994,466,21,485,28,487,513
7,1000,40,7.7,28,95,936,44,14,6,64,9.32943362,113,424,42.30564334,10.83755672,9.319888131,9.338752734,467,27,469,37,494,506
11,1000,40,7.7,28,4,952,27,11,10,48,7.088336325,93,404,39.89511251,8.569838573,6.162016427,8.040961454,492,15,460,33,507,493
12,1000,40,7.7,28,3,933,36,13,18,67,7.374262931,98,421,40.35695879,9.070431871,6.570990506,8.115745169,459,21,474,46,480,520
10,1000,40,7.7,28,5,952,20,17,11,48,7.05415944,87,385,40.24392472,8.745903837,6.607178502,7.562265977,512,20,440,28,532,468
6,1000,40,7.7,28,101,940,33,18,9,60,8.865960495,123,406,42.28564293,10.71833299,8.395007826,9.346427359,483,22,457,38,505,495
1,1000,40,7.7,28,86,962,25,10,3,38,8.544606945,120,460,42.01883465,10.06849886,8.213661237,8.846444617,458,19,504,19,477,523
9,1000,40,7.7,28,7,952,21,10,17,48,7.185179886,86,409,40.03164794,8.80152233,6.658324595,7.685332959,466,21,486,27,487,513
2,1000,40,7.7,28,95,939,39,13,9,61,9.178315177,113,403,42.16387369,10.86577017,8.719159684,9.615947757,461,27,478,34,488,512
11,1000,40,7.7,28,5,951,28,10,11,49,7.149656157,87,396,39.90514318,8.576164381,6.243712991,8.081325903,491,16,460,33,507,493
7,1000,40,7.7,28,96,936,43,15,6,64,9.36386202,106,411,42.34767238,10.86020751,9.343812509,9.383436048,467,27,469,37,494,506
10,1000,40,7.7,28,6,953,19,16,12,47,7.071082845,99,405,40.25959342,8.787831747,6.629767655,7.572748831,513,19,440,28,532,468
12,1000,40,7.7,28,4,935,35,12,18,65,7.408817936,90,421,40.39132305,9.071480652,6.585313119,8.168976228,460,20,475,45,480,520
6,1000,40,7.7,28,102,940,33,18,9,60,8.883674247,120,412,42.32549093,10.73790491,8.367275816,9.410504969,483,22,457,38,505,495
1,1000,40,7.7,28,87,962,25,10,3,38,8.578835411,110,430,42.04116125,10.079723,8.2581836,8.871284576,458,19,504,19,477,523
9,1000,40,7.7,28,8,953,21,10,16,47,7.173975475,88,401,40.0443496,8.806013349,6.600259857,7.718613888,467,20,486,27,487,513
2,1000,40,7.7,28,96,939,39,13,9,61,9.163223748,112,431,42.15508125,10.86547408,8.65165366,9.650813989,462,26,477,35,488,512
7,1000,40,7.7,28,97,933,44,17,6,67,9.395527054,121,429,42.36440756,10.87834389,9.400687337,9.39048915,466,28,467,39,494,506
10,1000,40,7.7,28,7,954,19,15,12,46,7.081257283,97,411,40.26992987,8.812570029,6.669369671,7.549471405,513,19,441,27,532,468
11,1000,40,7.7,28,6,952,28,9,11,48,7.175810482,99,378,39.93452828,8.59392985,6.252596932,8.125241051,492,15,460,33,507,493
6,1000,40,7.7,28,103,940,32,19,9,60,8.907479571,115,415,42.3805948,10.76397557,8.358192016,9.467863844,483,22,457,38,505,495
12,1000,40,7.7,28,5,937,35,11,17,63,7.388051082,78,415,40.41837177,9.088156451,6.559757343,8.152629919,461,19,476,44,480,520
9,1000,40,7.7,28,9,953,22,10,15,47,7.187147569,88,423,40.08061508,8.821486287,6.599701592,7.744820455,467,20,486,27,487,513
2,1000,40,7.7,28,97,939,39,14,8,61,9.143912909,111,432,42.19013486,10.86794569,8.63321188,9.630674826,463,25,476,36,488,512
1,1000,40,7.7,28,88,962,24,11,3,38,8.607783019,112,452,42.05784517,10.09081241,8.287077292,8.900281358,458,19,504,19,477,523
10,1000,40,7.7,28,8,954,19,15,12,46,7.112314711,73,415,40.2990892,8.833852942,6.704105812,7.576347049,513,19,441,27,532,468
11,1000,40,7.7,28,7,952,28,9,11,48,7.211260575,104,384,39.97874904,8.607143071,6.259355206,8.190197739,492,15,460,33,507,493
7,1000,40,7.7,28,98,933,43,18,6,67,9.434673559,108,457,42.37812861,10.9366766,9.467038119,9.403076538,465,29,468,38,494,506
6,1000,40,7.7,28,104,940,32,19,9,60,8.964060246,106,445,42.41732941,10.77479626,8.437402395,9.50135765,483,22,457,38,505,495
13,1000,40,7.7,28,0,947,27,13,13,53,7.22,92,416,39.82832845,8.752982062,6.579268293,7.840551181,473,19,474,34,492,508
12,1000,40,7.7,28,6,936,36,11,17,64,7.383215022,99,390,40.42200758,9.100782339,6.562977997,8.140356891,461,19,475,45,480,520
9,1000,40,7.7,28,10,952,24,10,14,48,7.202216584,108,407,40.14533287,8.835583309,6.570119826,7.80227725,466,21,486,27,487,513
2,1000,40,7.7,28,98,939,39,14,8,61,9.133280853,117,409,42.24378378,10.88662435,8.646322158,9.597413358,463,25,476,36,488,512
10,1000,40,7.7,28,9,952,21,15,12,48,7.112789493,95,394,40.33949948,8.868642168,6.687082922,7.596712347,512,20,440,28,532,468
1,1000,40,7.7,28,89,962,24,11,3,38,8.602873106,96,429,42.07158837,10.12386237,8.293214874,8.885295623,458,19,504,19,477,523
11,1000,40,7.7,28,8,953,30,8,9,47,7.185023532,92,397,40.03140667,8.623616355,6.232265838,8.164837225,493,14,460,33,507,493
7,1000,40,7.7,28,99,932,44,18,6,68,9.486397574,119,418,42.39705673,10.93712072,9.498441365,9.474639407,464,30,468,38,494,506
13,1000,40,7.7,28,1,948,27,12,13,52,7.235344599,95,382,39.86085864,8.769206012,6.602101607,7.84864293,473,19,475,33,492,508
12,1000,40,7.7,28,7,935,36,13,16,65,7.420418083,107,417,40.4333429,9.12329267,6.645565253,8.135666849,460,20,475,45,480,520
9,1000,40,7.7,28,11,952,22,13,13,48,7.215830527,96,409,40.15564107,8.85162247,6.604645776,7.796039052,466,21,486,27,487,513
2,1000,40,7.7,28,99,938,39,15,8,62,9.156984172,128,437,42.29437642,10.90235792,8.611283442,9.677105181,464,24,474,38,488,512
10,1000,40,7.7,28,10,953,21,14,12,47,7.121502064,100,398,40.36609708,8.877597006,6.662689932,7.643057735,513,19,440,28,532,468
11,1000,40,7.7,28,9,952,33,7,8,48,7.204243134,93,383,40.04665345,8.655172342,6.271598704,8.163372396,492,15,460,33,507,493
7,1000,40,7.7,28,100,931,45,18,6,69,9.488257199,102,430,42.41163212,10.96094006,9.471820426,9.504304167,463,31,468,38,494,506
1,1000,40,7.7,28,90,962,25,10,3,38,8.619163291,112,439,42.07918322,10.14725491,8.309940984,8.901188224,458,19,504,19,477,523
13,1000,40,7.7,28,2,947,28,12,13,53,7.26131133,87,396,39.87571118,8.76734515,6.658294073,7.845335917,472,20,475,33,492,508
9,1000,40,7.7,28,12,953,22,13,12,47,7.241600409,96,391,40.18891884,8.870131664,6.645451348,7.807535288,468,19,485,28,487,513
12,1000,40,7.7,28,8,936,35,12,17,64,7.47437566,90,386,40.44586283,9.127132561,6.69021667,8.198214728,461,19,475,45,480,520
2,1000,40,7.7,28,100,937,40,15,8,63,9.171884604,103,436,42.29941152,10.92031983,8.66149345,9.658351172,463,25,474,38,488,512
10,1000,40,7.7,28,11,953,22,14,11,47,7.112999706,96,438,40.4268153,8.884627794,6.684657955,7.599918107,513,19,440,28,532,468
11,1000,40,7.7,28,10,953,32,7,8,47,7.221983777,103,366,40.03837723,8.684907258,6.268709926,8.202328284,493,14,460,33,507,493
7,1000,40,7.7,28,101,932,44,18,6,68,9.485685846,116,423,42.436372,10.98162689,9.454892333,9.515749078,464,30,468,38,494,506
1,1000,40,7.7,28,91,962,24,11,3,38,8.658252853,102,426,42.14180656,10.17516129,8.349241505,8.940085383,458,19,504,19,477,523
13,1000,40,7.7,28,3,949,26,12,13,51,7.23529774,92,419,39.88313232,8.788148546,6.664786509,7.787840114,472,20,477,31,492,508
9,1000,40,7.7,28,13,954,21,13,12,46,7.266171793,103,401,40.21633006,8.871368124,6.652387337,7.848848264,469,18,485,28,487,513
10,1000,40,7.7,28,12,953,21,15,11,47,7.13782968,108,379,40.45142648,8.90766771,6.739803601,7.590286677,513,19,440,28,532,468
2,1000,40,7.7,28,101,939,39,13,9,61,9.171307794,118,397,42.32534794,10.93959037,8.651998913,9.66627407,463,25,476,36,488,512
12,1000,40,7.7,28,9,936,34,13,17,64,7.516352922,98,418,40.47347376,9.151765944,6.723277503,8.24842254,461,19,475,45,480,520
11,1000,40,7.7,28,11,954,31,7,8,46,7.243352363,85,384,40.0545781,8.732638367,6.279416892,8.234661256,494,13,460,33,507,493
7,1000,40,7.7,28,102,931,44,19,6,69,9.500181395,106,413,42.47052966,10.98247667,9.463614427,9.535881162,463,31,468,38,494,506
9,1000,40,7.7,28,14,954,21,13,12,46,7.285238589,92,402,40.21261256,8.903002123,6.652508704,7.885900293,469,18,485,28,487,513
13,1000,40,7.7,28,4,950,26,10,14,50,7.262931342,97,389,39.92118454,8.813088299,6.711893893,7.79661328,472,20,478,30,492,508
1,1000,40,7.7,28,92,962,24,11,3,38,8.636341569,120,422,42.14957528,10.18858248,8.341555434,8.905200052,458,19,504,19,477,523
10,1000,40,7.7,28,13,953,21,15,11,47,7.143156582,90,397,40.45788748,8.915425715,6.731425779,7.611192453,513,19,440,28,532,468
2,1000,40,7.7,28,102,940,38,13,9,60,9.143793723,129,428,42.3238956,10.96147653,8.65137067,9.613134446,464,24,476,36,488,512
12,1000,40,7.7,28,10,936,34,13,17,64,7.532641525,96,437,40.48003478,9.176479309,6.762581575,8.243466094,461,19,475,45,480,520
11,1000,40,7.7,28,12,955,31,6,8,45,7.277824852,90,454,40.07730149,8.775649773,6.319023292,8.263854043,494,13,461,32,507,493
7,1000,40,7.7,28,103,929,46,18,7,71,9.514433724,113,443,42.53417321,11.00836549,9.517162122,9.511770031,462,32,467,39,494,506
13,1000,40,7.7,28,5,952,25,9,14,48,7.265597915,90,415,39.92690055,8.809972244,6.683963927,7.828912723,473,19,479,29,492,508
9,1000,40,7.7,28,15,954,21,12,13,46,7.325223446,102,427,40.24600089,8.910779472,6.708137727,7.911033866,469,18,485,28,487,513
10,1000,40,7.7,28,14,953,21,15,11,47,7.171516479,75,405,40.46297091,8.935691156,6.763349081,7.635501642,512,20,441,27,532,468
1,1000,40,7.7,28,93,962,24,11,3,38,8.689760095,101,437,42.1879584,10.17811805,8.378028066,8.974074011,458,19,504,19,477,523
2,1000,40,7.7,28,103,939,38,14,9,61,9.183351915,114,407,42.32321363,10.98557047,8.692415418,9.651275764,464,24,475,37,488,512
12,1000,40,7.7,28,11,937,33,13,17,63,7.602859466,93,419,40.50728939,9.201363895,6.8251246,8.320768573,461,19,476,44,480,520
11,1000,40,7.7,28,13,954,32,7,7,46,7.303002526,96,385,40.09979836,8.794698256,6.367108904,8.265473249,494,13,460,33,507,493
7,1000,40,7.7,28,104,930,45,18,7,70,9.487272056,129,419,42.57019428,11.01156123,9.488121985,9.486442284,462,32,468,38,494,506
14,1000,40,7.7,28,0,937,40,5,18,63,7.295,111,389,39.71628783,8.95108571,6.374753452,8.24137931,487,20,450,43,507,493
13,1000,40,7.7,28,6,952,24,10,14,48,7.298760335,92,410,39.93916376,8.845943479,6.741622745,7.838350284,473,19,479,29,492,508
9,1000,40,7.7,28,16,954,21,12,13,46,7.375629075,100,416,40.27742928,8.904065596,6.717751292,8.000164124,469,18,485,28,487,513
10,1000,40,7.7,28,15,951,23,15,11,49,7.21694575,96,430,40.50622577,8.95440324,6.789651444,7.702673466,511,21,440,28,532,468
2,1000,40,7.7,28,104,937,40,14,9,63,9.189468372,110,449,42.33793781,11.01874833,8.710034738,9.646428553,464,24,473,39,488,512
15,1000,40,7.7,28,0,948,26,10,16,52,7.01,100,415,39.98881056,8.650856655,6.398,7.622,481,19,467,33,500,500
1,1000,40,7.7,28,94,962,24,11,3,38,8.701197791,97,440,42.22446065,10.18787311,8.430881639,8.947738526,458,19,504,19,477,523
12,1000,40,7.7,28,12,938,33,13,16,62,7.623100058,109,402,40.53737817,9.202960564,6.841803305,8.344297061,461,19,477,43,480,520
11,1000,40,7.7,28,14,955,31,7,7,45,7.3185212,84,395,40.12745123,8.833317212,6.391249903,8.272124745,495,12,460,33,507,493
13,1000,40,7.7,28,7,951,25,10,14,49,7.378159995,97,426,39.97763557,8.864208982,6.835808784,7.903429279,472,20,479,29,492,508
9,1000,40,7.7,28,17,955,20,13,12,45,7.424250489,97,435,40.30047941,8.919524188,6.781669838,8.034263699,470,17,485,28,487,513
10,1000,40,7.7,28,16,952,24,15,9,48,7.188286598,92,397,40.53278423,8.973061745,6.756864586,7.678706492,511,21,441,27,532,468
14,1000,40,7.7,28,1,939,38,6,17,61,7.317249808,78,428,39.74883847,8.962202011,6.43711092,8.222382498,489,18,450,43,507,493
12,1000,40,7.7,28,13,938,34,12,16,62,7.642589379,97,428,40.55720636,9.211443844,6.88018905,8.34634353,460,20,478,42,480,520
15,1000,40,7.7,28,1,950,24,11,15,50,7.012968909,88,404,39.99609665,8.665390978,6.417555481,7.608382336,481,19,469,31,500,500
11,1000,40,7.7,28,15,956,30,6,8,44,7.343496732,98,429,40.16153218,8.85894411,6.418477343,8.294784421,495,12,461,32,507,493
1,1000,40,7.7,28,95,961,26,9,4,39,8.719904535,114,446,42.26166847,10.20037633,8.473460946,8.944672398,457,20,504,19,477,523
13,1000,40,7.7,28,8,953,23,10,14,47,7.385131813,101,397,40.00328632,8.885238358,6.856389038,7.897221271,472,20,481,27,492,508
9,1000,40,7.7,28,18,954,21,12,13,46,7.47190917,86,368,40.34573571,8.948459699,6.835163263,8.076383355,469,18,485,28,487,513
10,1000,40,7.7,28,17,953,23,15,9,47,7.217508784,82,417,40.55814761,9.021995778,6.768789113,7.727591828,511,21,442,26,532,468
14,1000,40,7.7,28,2,942,35,6,17,58,7.295584351,97,412,39.7678224,8.960236604,6.43078514,8.184941755,490,17,452,41,507,493
12,1000,40,7.7,28,14,937,35,12,16,63,7.708199523,107,396,40.5967911,9.214181578,6.958900213,8.399860424,460,20,477,43,480,520
11,1000,40,7.7,28,16,954,31,7,8,46,7.386440448,99,428,40.16618968,8.87355724,6.450480386,8.348979497,493,14,461,32,507,493
15,1000,40,7.7,28,2,950,24,12,14,50,7.01666348,99,405,40.01785937,8.68188619,6.434079327,7.599247632,481,19,469,31,500,500
13,1000,40,7.7,28,9,951,25,10,14,49,7.425050964,79,410,39.98592201,8.907652464,6.894002035,7.939373943,470,22,481,27,492,508
1,1000,40,7.7,28,96,959,27,10,4,41,8.743439916,129,421,42.31772026,10.23471086,8.49924616,8.966155828,457,20,502,21,477,523
9,1000,40,7.7,28,19,955,21,12,12,45,7.476608189,90,409,40.36674813,8.970403022,6.867147786,8.055179761,469,18,486,27,487,513
10,1000,40,7.7,28,18,953,24,14,9,47,7.251948063,89,438,40.57936458,9.024170334,6.784640766,7.783160631,512,20,441,27,532,468
12,1000,40,7.7,28,15,938,35,11,16,62,7.737396739,81,393,40.62446135,9.224536678,7.02677805,8.393352453,460,20,478,42,480,520
14,1000,40,7.7,28,3,941,36,6,17,59,7.328856508,87,409,39.80216359,8.976686509,6.469149084,8.21297753,490,17,451,42,507,493
11,1000,40,7.7,28,17,954,31,7,8,46,7.413866845,81,394,40.1779072,8.882192447,6.480448474,8.373792026,493,14,461,32,507,493
13,1000,40,7.7,28,10,952,23,11,14,48,7.485281827,94,419,40.02219009,8.911645852,6.940836727,8.01257905,469,23,483,25,492,508
15,1000,40,7.7,28,3,949,25,12,14,51,7.065903769,109,413,40.05978866,8.705875145,6.480307941,7.651499597,482,18,467,33,500,500
9,1000,40,7.7,28,20,953,21,14,12,47,7.514881228,82,385,40.39663278,8.999834839,6.896173192,8.102231742,469,18,484,29,487,513
1,1000,40,7.7,28,97,958,27,11,4,42,8.75084944,113,408,42.31664277,10.23863539,8.524617732,8.957183139,455,22,503,20,477,523
10,1000,40,7.7,28,19,952,25,14,9,48,7.287917912,112,400,40.6211962,9.037117308,6.831439173,7.806821093,512,20,440,28,532,468
12,1000,40,7.7,28,16,939,34,12,15,61,7.717525904,87,428,40.64461232,9.249571805,6.940766548,8.43453454,463,17,476,44,480,520
14,1000,40,7.7,28,4,943,34,6,17,57,7.359197532,94,427,39.84752784,8.978450631,6.520011211,8.222214701,492,15,451,42,507,493
11,1000,40,7.7,28,18,955,30,7,8,45,7.437331305,94,390,40.19016227,8.884871486,6.543493485,8.356551944,493,14,462,31,507,493
13,1000,40,7.7,28,11,953,21,12,14,47,7.508938926,92,395,40.02039181,8.928811757,6.984685552,8.016680384,469,23,484,24,492,508
15,1000,40,7.7,28,4,948,27,11,14,52,7.099329397,109,402,40.11606901,8.698335066,6.468887926,7.729770869,483,17,465,35,500,500
9,1000,40,7.7,28,21,954,20,14,12,46,7.524202582,102,404,40.43009667,9.009415158,6.922597253,8.095317192,470,17,484,29,487,513
10,1000,40,7.7,28,20,953,24,14,9,47,7.31995309,94,393,40.6373535,9.043629185,6.873855068,7.82705597,512,20,441,27,532,468
1,1000,40,7.7,28,98,958,27,11,4,42,8.740566252,104,418,42.33654615,10.27938743,8.555677921,8.909192894,455,22,503,20,477,523
12,1000,40,7.7,28,17,938,35,12,15,62,7.754965028,97,426,40.6669049,9.24311078,6.963343945,8.485692182,463,17,475,45,480,520
13,1000,40,7.7,28,12,953,21,12,14,47,7.520707955,82,416,40.04899425,8.939320578,7.00952375,8.01579187,469,23,484,24,492,508
14,1000,40,7.7,28,5,944,31,8,17,56,7.379002995,89,373,39.8650746,8.987503972,6.527780721,8.25439791,492,15,452,41,507,493
11,1000,40,7.7,28,19,956,28,8,8,44,7.467414701,93,412,40.20058178,8.897027845,6.54673366,8.414240842,494,13,462,31,507,493
9,1000,40,7.7,28,22,954,19,15,12,46,7.560999436,93,375,40.43820853,9.028044731,6.956800735,8.134575981,470,17,484,29,487,513
15,1000,40,7.7,28,5,950,27,10,13,50,7.065197566,106,421,40.14639444,8.704538052,6.490932043,7.63946309,484,16,466,34,500,500
10,1000,40,7.7,28,21,954,24,12,10,46,7.369819244,94,408,40.65721144,9.050837536,6.941381234,7.856847066,513,19,441,27,532,468
12,1000,40,7.7,28,18,939,34,12,15,61,7.783474174,87,398,40.68481172,9.251774383,6.987251723,8.518448745,463,17,476,44,480,520
1,1000,40,7.7,28,99,957,26,13,4,43,8.756163634,100,449,42.33092962,10.31395946,8.59731545,8.901040467,454,23,503,20,477,523
13,1000,40,7.7,28,13,953,21,12,14,47,7.57936573,94,398,40.0721315,8.939187379,7.052891709,8.089257892,469,23,484,24,492,508
11,1000,40,7.7,28,20,956,28,8,8,44,7.514621613,75,394,40.22372577,8.923923749,6.578947029,8.476867078,494,13,462,31,507,493
14,1000,40,7.7,28,6,943,32,8,17,57,7.415605068,96,416,39.89266316,8.997335481,6.575469313,8.279598634,492,15,451,42,507,493
9,1000,40,7.7,28,23,954,19,15,12,46,7.579457603,91,395,40.47715879,9.0446438,6.984737275,8.14403616,470,17,484,29,487,513
15,1000,40,7.7,28,6,952,26,9,13,48,7.080291295,99,417,40.19233233,8.725959679,6.562526369,7.59805622,483,17,469,31,500,500
10,1000,40,7.7,28,22,954,24,12,10,46,7.380692742,82,411,40.67131788,9.072442393,6.96062481,7.858205861,513,19,441,27,532,468
12,1000,40,7.7,28,19,940,33,12,15,60,7.783323586,111,442,40.71693182,9.264169802,6.971758364,8.532460715,464,16,476,44,480,520
13,1000,40,7.7,28,14,953,21,11,15,47,7.632640545,91,416,40.10077939,8.96113074,7.112121727,8.13676507,470,22,483,25,492,508
1,1000,40,7.7,28,100,956,26,14,4,44,8.767594953,102,422,42.35121224,10.33717566,8.608068505,8.913090393,453,24,503,20,477,523
11,1000,40,7.7,28,21,955,29,9,7,45,7.542407554,90,436,40.24057005,8.944176807,6.618497822,8.492554073,494,13,461,32,507,493
14,1000,40,7.7,28,7,943,32,8,17,57,7.403744522,102,380,39.90421767,9.019868944,6.578264337,8.252666334,492,15,451,42,507,493
9,1000,40,7.7,28,24,955,18,14,13,45,7.596659272,105,409,40.52317929,9.099913936,6.973856676,8.187896824,471,16,484,29,487,513
10,1000,40,7.7,28,23,953,25,12,10,47,7.419769731,114,389,40.69918105,9.100634196,7.006460676,7.889599682,512,20,441,27,532,468
15,1000,40,7.7,28,7,951,28,9,12,49,7.087737308,86,420,40.23421216,8.748329594,6.602074428,7.573400188,483,17,468,32,500,500
12,1000,40,7.7,28,20,941,33,12,14,59,7.780638557,80,407,40.73822533,9.286405718,7.013300092,8.488950986,464,16,477,43,480,520
13,1000,40,7.7,28,15,952,22,11,15,48,7.674345714,110,407,40.13073814,8.985472281,7.179792689,8.153322266,469,23,483,25,492,508
11,1000,40,7.7,28,22,957,28,9,6,43,7.540095067,100,386,40.24759799,8.9701874,6.614765689,8.491701546,494,13,463,30,507,493
1,1000,40,7.7,28,101,957,25,14,4,43,8.794935297,100,402,42.37737411,10.35351986,8.609073222,8.964450039,454,23,503,20,477,523
9,1000,40,7.7,28,25,955,18,14,13,45,7.594600076,108,401,40.5664024,9.131408182,6.958951938,8.198032128,471,16,484,29,487,513
14,1000,40,7.7,28,8,945,32,8,15,55,7.412070375,95,423,39.90632097,9.024380522,6.599084256,8.248143321,492,15,453,40,507,493
10,1000,40,7.7,28,24,954,25,12,9,46,7.430604405,89,430,40.71593925,9.121623598,7.02642461,7.890056651,512,20,442,26,532,468
15,1000,40,7.7,28,8,950,29,9,12,50,7.105491846,78,397,40.24020638,8.77637819,6.592951094,7.618032597,482,18,468,32,500,500
13,1000,40,7.7,28,16,952,22,12,14,48,7.650873961,102,409,40.15208894,9.004541566,7.106606198,8.177999432,469,23,483,25,492,508
12,1000,40,7.7,28,21,942,32,12,14,58,7.787673289,97,414,40.75065297,9.311356141,7.027567825,8.489309102,465,15,477,43,480,520
11,1000,40,7.7,28,23,959,26,9,6,41,7.530384586,100,396,40.268629,8.994222874,6.5754155,8.512472469,495,12,464,29,507,493
9,1000,40,7.7,28,26,957,17,13,13,43,7.612278805,81,395,40.58169341,9.147356641,6.995874064,8.19744276,471,16,486,27,487,513
14,1000,40,7.7,28,9,945,32,8,15,55,7.439102693,90,410,39.93134544,9.04848298,6.628774315,8.272442425,491,16,454,39,507,493
1,1000,40,7.7,28,102,958,25,13,4,42,8.787560015,106,432,42.3967296,10.36732145,8.609406403,8.950044283,454,23,504,19,477,523
10,1000,40,7.7,28,25,955,23,13,9,45,7.434699002,88,404,40.74249468,9.12061154,7.039620121,7.883805764,512,20,443,25,532,468
15,1000,40,7.7,28,9,948,30,10,12,52,7.132115453,104,401,40.26994995,8.77649817,6.635267964,7.628962941,481,19,467,33,500,500
13,1000,40,7.7,28,17,953,23,12,12,47,7.688489147,101,389,40.18206687,8.996177598,7.125498707,8.233747605,470,22,483,25,492,508
12,1000,40,7.7,28,22,942,33,12,13,58,7.823855188,92,396,40.77879539,9.311189548,7.083085031,8.507643026,465,15,477,43,480,520
11,1000,40,7.7,28,24,960,25,9,6,40,7.521000753,101,409,40.27867303,9.000328056,6.544709824,8.525015968,497,10,463,30,507,493
9,1000,40,7.7,28,27,956,19,12,13,44,7.643591931,100,416,40.57979708,9.134978865,7.020178779,8.235409095,470,17,486,27,487,513
14,1000,40,7.7,28,10,945,32,8,15,55,7.462334724,104,422,39.9463747,9.103040739,6.649604728,8.298144274,491,16,454,39,507,493
10,1000,40,7.7,28,26,956,22,13,9,44,7.464534507,94,399,40.76233986,9.121749537,7.104089211,7.874271468,511,21,445,23,532,468
1,1000,40,7.7,28,103,958,25,12,5,42,8.857139994,98,423,42.431459,10.36185194,8.648625039,9.047315201,454,23,504,19,477,523
15,1000,40,7.7,28,10,948,29,11,12,52,7.165466991,98,408,40.29727656,8.767698835,6.67563393,7.655300052,481,19,467,33,500,500
13,1000,40,7.7,28,18,954,22,12,12,46,7.707172436,94,417,40.18654576,9.017366578,7.120563767,8.275305242,471,21,483,25,492,508
12,1000,40,7.7,28,23,944,30,12,14,56,7.875477264,100,414,40.81016907,9.341374328,7.16204097,8.534033843,466,14,478,42,480,520
11,1000,40,7.7,28,25,960,25,9,6,40,7.52270248,89,397,40.30304147,9.021742663,6.55364286,8.519281035,497,10,463,30,507,493
9,1000,40,7.7,28,28,956,19,11,14,44,7.684535564,98,401,40.60120495,9.169369537,7.049981057,8.286929415,470,17,486,27,487,513
14,1000,40,7.7,28,11,946,31,8,15,54,7.472122846,89,412,39.9523595,9.101128952,6.634855896,8.33316614,491,16,455,38,507,493
10,1000,40,7.7,28,27,956,22,12,10,44,7.490449883,89,415,40.826494,9.160664719,7.140993825,7.887694804,511,21,445,23,532,468
13,1000,40,7.7,28,19,953,23,12,12,47,7.74884782,84,423,40.21534931,9.034313172,7.152808228,8.326114511,471,21,482,26,492,508
15,1000,40,7.7,28,11,949,29,11,11,51,7.202224981,82,376,40.31657875,8.79299518,6.73636383,7.668086131,482,18,467,33,500,500
1,1000,40,7.7,28,104,957,26,12,5,43,8.86519894,104,431,42.45776955,10.36596239,8.645096313,9.065942635,453,24,504,19,477,523
16,1000,40,7.7,28,0,948,31,13,8,52,6.817,92,391,39.75757686,8.862347355,6.412350598,7.224899598,479,23,469,29,502,498
12,1000,40,7.7,28,24,945,28,13,14,55,7.896051863,102,398,40.83162713,9.349335276,7.206717008,8.53236096,466,14,479,41,480,520
11,1000,40,7.7,28,26,962,24,8,6,38,7.52372352,90,424,40.36195791,9.026767918,6.550926316,8.524145796,497,10,465,28,507,493
9,1000,40,7.7,28,29,957,19,10,14,43,7.696142552,96,418,40.65707771,9.194368901,7.05947616,8.300541252,470,17,487,26,487,513
14,1000,40,7.7,28,12,946,31,8,15,54,7.554701843,93,397,39.95907828,9.105207668,6.711286143,8.422068497,491,16,455,38,507,493
10,1000,40,7.7,28,28,957,21,12,10,43,7.502397356,82,403,40.85120357,9.180638717,7.150098934,7.902873341,512,20,445,23,532,468
15,1000,40,7.7,28,12,949,29,11,11,51,7.19228429,100,425,40.34085749,8.832987555,6.758021955,7.626546624,481,19,468,32,500,500
13,1000,40,7.7,28,20,953,23,12,12,47,7.77986879,90,397,40.2091504,9.055070442,7.199668048,8.341795493,471,21,482,26,492,508
12,1000,40,7.7,28,25,946,28,12,14,54,7.904891722,101,430,40.83680295,9.357771923,7.234707632,8.523523189,466,14,480,40,480,520
11,1000,40,7.7,28,27,961,25,8,6,39,7.532971328,92,411,40.39781828,9.043777835,6.56799441,8.525351242,496,11,465,28,507,493
16,1000,40,7.7,28,1,947,32,13,8,53,6.856370989,110,394,39.78829652,8.860611286,6.444085409,7.271968099,479,23,468,30,502,498
9,1000,40,7.7,28,30,958,19,10,13,42,7.710405803,98,412,40.67662343,9.208391374,7.091926772,8.297538917,470,17,488,25,487,513
14,1000,40,7.7,28,13,945,32,8,15,55,7.520482747,100,419,39.98432174,9.10660095,6.669732555,8.395392174,490,17,455,38,507,493
10,1000,40,7.7,28,29,958,20,12,10,42,7.505115075,108,376,40.87242245,9.212782544,7.147892296,7.911188833,513,19,445,23,532,468
13,1000,40,7.7,28,21,953,22,13,12,47,7.821766329,95,399,40.26984587,9.061924253,7.244379374,8.380967868,471,21,482,26,492,508
15,1000,40,7.7,28,13,951,27,11,11,49,7.215976656,92,405,40.33854376,8.852275297,6.794258558,7.637694755,482,18,469,31,500,500
12,1000,40,7.7,28,26,947,27,12,14,53,7.922601582,101,406,40.86564836,9.370412023,7.231056157,8.560951206,466,14,481,39,480,520
11,1000,40,7.7,28,28,963,24,8,5,37,7.544607354,104,402,40.41754227,9.058400655,6.600602739,8.515419402,497,10,466,27,507,493
9,1000,40,7.7,28,31,959,20,9,12,41,7.716925479,110,403,40.6832322,9.22854771,7.131617249,8.272568964,470,17,489,24,487,513
16,1000,40,7.7,28,2,947,33,13,7,53,6.821915449,97,380,39.85190826,8.866825681,6.395375853,7.251881066,479,23,468,30,502,498
14,1000,40,7.7,28,14,944,32,9,15,56,7.553942144,96,401,40.0099116,9.145662338,6.696394202,8.43584236,489,18,455,38,507,493
10,1000,40,7.7,28,30,958,20,12,10,42,7.524040146,109,425,40.90171885,9.213458007,7.179479092,7.91572066,513,19,445,23,532,468
13,1000,40,7.7,28,22,953,24,13,10,47,7.807351683,100,436,40.29760169,9.08376362,7.281757273,8.316391938,471,21,482,26,492,508
15,1000,40,7.7,28,14,952,26,11,11,48,7.268851505,76,430,40.35533133,8.861029314,6.839661152,7.698041857,482,18,470,30,500,500
12,1000,40,7.7,28,27,947,27,12,14,53,7.919874944,101,394,40.87186832,9.377533861,7.244432649,8.543360139,466,14,481,39,480,520
9,1000,40,7.7,28,32,959,20,9,12,41,7.722730221,94,402,40.72832718,9.231035699,7.1605263,8.256440377,469,18,490,23,487,513
11,1000,40,7.7,28,29,962,25,7,6,38,7.582779689,103,407,40.45462421,9.068692976,6.640822761,8.5514859,497,10,465,28,507,493
14,1000,40,7.7,28,15,944,32,9,15,56,7.5627961,99,400,40.02113879,9.17164914,6.752804906,8.395789072,488,19,456,37,507,493
10,1000,40,7.7,28,31,958,19,13,10,42,7.551183258,107,399,40.91186877,9.259502662,7.197804945,7.952886812,513,19,445,23,532,468
16,1000,40,7.7,28,3,950,31,12,7,50,6.842304508,93,429,39.90399532,8.883637961,6.452570247,7.235169165,481,21,469,29,502,498
13,1000,40,7.7,28,23,956,23,11,10,44,7.811969097,100,364,40.32003863,9.089268528,7.247610367,8.358552749,473,19,483,25,492,508
15,1000,40,7.7,28,15,952,26,12,10,48,7.286085512,99,433,40.40817354,8.880555838,6.82331578,7.748855245,483,17,469,31,500,500
12,1000,40,7.7,28,28,946,28,12,14,54,7.96001105,110,440,40.92575616,9.412725451,7.287833313,8.580482806,465,15,481,39,480,520
9,1000,40,7.7,28,33,959,21,9,11,41,7.723176753,101,405,40.7825205,9.235113785,7.185238098,8.23385146,469,18,490,23,487,513
11,1000,40,7.7,28,30,961,26,7,6,39,7.592753618,96,404,40.47046597,9.090341348,6.676020255,8.535519978,496,11,465,28,507,493
14,1000,40,7.7,28,16,943,32,10,15,57,7.605763515,96,403,40.05876841,9.198110613,6.800912959,8.433469867,488,19,455,38,507,493
10,1000,40,7.7,28,32,957,20,13,10,43,7.553725226,88,416,40.92059458,9.270640176,7.177303436,7.9816235,513,19,444,24,532,468
13,1000,40,7.7,28,24,957,23,9,11,43,7.844523751,103,400,40.32760752,9.113663753,7.285929776,8.385524216,474,18,483,25,492,508
15,1000,40,7.7,28,16,951,27,12,10,49,7.360003428,76,384,40.42533239,8.894968426,6.898737357,7.821269498,482,18,469,31,500,500
16,1000,40,7.7,28,4,952,30,12,6,48,6.871324979,90,418,39.94798076,8.887932313,6.494331751,7.251346265,482,20,470,28,502,498
12,1000,40,7.7,28,29,945,29,12,14,55,8.009432253,90,436,40.93894256,9.436273711,7.356211644,8.612405122,464,16,481,39,480,520
9,1000,40,7.7,28,34,959,21,9,11,41,7.718438499,92,442,40.8166344,9.276996623,7.162107192,8.246573678,469,18,490,23,487,513
11,1000,40,7.7,28,31,961,27,7,5,39,7.603575578,96,423,40.501704,9.106087314,6.710982501,8.521516126,496,11,465,28,507,493
14,1000,40,7.7,28,17,944,31,10,15,56,7.634366776,106,411,40.09053008,9.224684609,6.836821034,8.454560877,488,19,456,37,507,493
10,1000,40,7.7,28,33,957,19,14,10,43,7.585937768,96,394,40.9422571,9.279091643,7.204071164,8.020025446,513,19,444,24,532,468
13,1000,40,7.7,28,25,959,20,9,12,41,7.846731741,87,396,40.35148196,9.130428787,7.342110265,8.335459628,474,18,485,23,492,508
15,1000,40,7.7,28,17,951,26,13,10,49,7.415209598,88,411,40.43326261,8.911045806,6.946596714,7.883822482,482,18,469,31,500,500
12,1000,40,7.7,28,30,946,30,12,12,54,8.019882575,84,386,40.95262618,9.464002279,7.367906437,8.621706702,465,15,481,39,480,520
16,1000,40,7.7,28,5,953,28,13,6,47,6.900530905,91,408,39.97504496,8.911075217,6.500216182,7.304061007,483,19,470,28,502,498
9,1000,40,7.7,28,35,957,23,9,11,43,7.76147288,105,405,40.81847797,9.296048835,7.214261782,8.280950082,467,20,490,23,487,513
11,1000,40,7.7,28,32,959,28,8,5,41,7.632272656,105,399,40.51659803,9.123559035,6.727433269,8.56280728,495,12,464,29,507,493
14,1000,40,7.7,28,18,943,32,10,15,57,7.671737911,103,426,40.10216515,9.228009901,6.878106667,8.48790635,487,20,456,37,507,493
10,1000,40,7.7,28,34,958,19,14,9,42,7.584745105,100,424,40.9771377,9.32599013,7.231264544,7.986564889,514,18,444,24,532,468
15,1000,40,7.7,28,18,951,25,14,10,49,7.449395716,88,393,40.45681411,8.917067115,6.997992356,7.900799076,482,18,469,31,500,500
13,1000,40,7.7,28,26,960,19,10,11,40,7.871899238,105,399,40.37154572,9.12753055,7.387020398,8.341506304,474,18,486,22,492,508
12,1000,40,7.7,28,31,946,30,12,12,54,8.042803392,95,411,40.96131254,9.475922407,7.376721785,8.657647952,465,15,481,39,480,520
9,1000,40,7.7,28,36,958,22,9,11,42,7.771161531,94,420,40.84839083,9.313616928,7.218751088,8.295574564,468,19,490,23,487,513
16,1000,40,7.7,28,6,953,28,13,6,47,6.95877327,90,361,40.00178274,8.923264198,6.568364022,7.352318336,483,19,470,28,502,498
14,1000,40,7.7,28,19,944,32,9,15,56,7.658756476,100,391,40.15583831,9.266198456,6.904760561,8.434164041,487,20,457,36,507,493
11,1000,40,7.7,28,33,959,28,8,5,41,7.642940092,96,385,40.54761661,9.126735767,6.740612123,8.570891978,494,13,465,28,507,493
10,1000,40,7.7,28,35,959,18,14,9,41,7.584767545,94,406,41.02217983,9.37523301,7.25608706,7.958395789,514,18,445,23,532,468
15,1000,40,7.7,28,19,950,26,13,11,50,7.495182894,98,394,40.47460333,8.947482402,7.012847719,7.977518069,482,18,468,32,500,500
13,1000,40,7.7,28,27,959,20,10,11,41,7.932504968,81,410,40.38171581,9.13900886,7.470596148,8.37986548,473,19,486,22,492,508
12,1000,40,7.7,28,32,946,30,12,12,54,8.064280017,99,410,40.98793409,9.501959138,7.399691655,8.677746197,465,15,481,39,480,520
9,1000,40,7.7,28,37,958,22,9,11,42,7.744491356,97,416,40.8744854,9.323999833,7.156410943,8.302766523,468,19,490,23,487,513
14,1000,40,7.7,28,20,944,32,9,15,56,7.700094215,88,402,40.18812895,9.27767222,6.933618566,8.488335906,488,19,456,37,507,493
11,1000,40,7.7,28,34,958,29,8,5,42,7.651942337,96,414,40.5936924,9.138724369,6.730662335,8.599384448,494,13,464,29,507,493
10,1000,40,7.7,28,36,959,18,14,9,41,7.606430734,95,417,41.0710407,9.386984775,7.246472164,8.015614406,514,18,445,23,532,468
16,1000,40,7.7,28,7,956,25,13,6,44,7.004053655,96,383,40.03683237,8.938062207,6.616284381,7.394937542,484,18,472,26,502,498
15,1000,40,7.7,28,20,951,26,12,11,49,7.503970951,96,430,40.50690477,8.943877786,7.050178934,7.957762969,482,18,469,31,500,500
13,1000,40,7.7,28,28,958,21,10,11,42,7.976253064,104,411,40.40001638,9.155939782,7.523791459,8.41446391,473,19,485,23,492,508
12,1000,40,7.7,28,33,945,31,12,12,55,8.078003355,92,389,41.02100369,9.515984319,7.405228292,8.699026491,465,15,480,40,480,520
9,1000,40,7.7,28,38,959,21,9,11,41,7.727674193,120,435,40.92279155,9.327682694,7.16306448,8.26366821,469,18,490,23,487,513
14,1000,40,7.7,28,21,944,31,10,15,56,7.728246887,95,374,40.22645245,9.291004837,6.953903698,8.524579537,488,19,456,37,507,493
10,1000,40,7.7,28,37,958,19,14,9,42,7.643458602,98,416,41.08442248,9.389419784,7.306983116,8.025947829,514,18,444,24,532,468
11,1000,40,7.7,28,35,959,28,8,5,41,7.677917252,80,382,40.65252386,9.166092423,6.762899984,8.618918784,494,13,465,28,507,493
15,1000,40,7.7,28,21,951,27,11,11,49,7.542760455,93,424,40.55807335,8.974034444,7.090470164,7.995050746,482,18,469,31,500,500
13,1000,40,7.7,28,29,960,21,9,10,40,7.9495766,114,392,40.41778604,9.183358318,7.485655923,8.398885602,475,17,485,23,492,508
16,1000,40,7.7,28,8,959,22,13,6,41,7.050672958,96,386,40.06724792,8.968034292,6.655930987,7.448585547,486,16,473,25,502,498
12,1000,40,7.7,28,34,944,32,12,12,56,8.1056669,90,389,41.04094714,9.528677846,7.403683921,8.753651189,465,15,479,41,480,520
9,1000,40,7.7,28,39,958,23,8,11,42,7.754306047,94,406,40.94401541,9.341999645,7.190718273,8.289329918,468,19,490,23,487,513
10,1000,40,7.7,28,38,958,18,15,9,42,7.699370156,106,433,41.0888165,9.393602659,7.372690735,8.070723686,513,19,445,23,532,468
14,1000,40,7.7,28,22,947,30,9,14,53,7.696770004,102,421,40.2673078,9.296290974,6.960274273,8.454180422,488,19,459,34,507,493
11,1000,40,7.7,28,36,959,28,7,6,41,7.707970389,101,435,40.67754567,9.193681252,6.783943852,8.658237031,494,13,465,28,507,493
15,1000,40,7.7,28,22,951,27,11,11,49,7.552570067,101,391,40.56638756,8.979446793,7.126998611,7.978141523,482,18,469,31,500,500
13,1000,40,7.7,28,30,961,20,9,10,39,7.954924857,88,433,40.43118598,9.199167635,7.507339738,8.388412806,475,17,486,22,492,508
16,1000,40,7.7,28,9,961,21,13,5,39,7.072638762,83,392,40.09620128,8.992349094,6.698066432,7.450219705,487,15,474,24,502,498
12,1000,40,7.7,28,35,946,30,12,12,54,8.119423567,91,391,41.05863103,9.557152806,7.478254724,8.71127173,465,15,481,39,480,520
9,1000,40,7.7,28,40,958,24,8,10,42,7.791603652,68,405,40.95890936,9.350056312,7.233205766,8.32170067,467,20,491,22,487,513
10,1000,40,7.7,28,39,956,20,15,9,44,7.747100572,101,448,41.11602905,9.433281974,7.405008292,8.135974701,512,20,444,24,532,468
14,1000,40,7.7,28,23,947,30,9,14,53,7.719689529,101,400,40.26411252,9.313483819,6.978373677,8.482056948,488,19,459,34,507,493
11,1000,40,7.7,28,37,959,28,7,6,41,7.733267191,98,409,40.6997687,9.210646737,6.836945733,8.655041998,494,13,465,28,507,493
15,1000,40,7.7,28,23,951,27,11,11,49,7.579435832,100,392,40.59334826,8.994178711,7.140631494,8.01824017,482,18,469,31,500,500
13,1000,40,7.7,28,31,961,20,9,10,39,7.961529955,95,412,40.44301744,9.208588403,7.525876555,8.383461988,475,17,486,22,492,508
16,1000,40,7.7,28,10,961,20,14,5,39,7.088947216,86,402,40.0943952,9.008330724,6.728638836,7.452149638,487,15,474,24,502,498
12,1000,40,7.7,28,36,946,32,11,11,54,8.097899343,94,409,41.07412798,9.553674524,7.487281161,8.661546896,464,16,482,38,480,520
10,1000,40,7.7,28,40,958,19,15,8,42,7.701356104,108,409,41.13062579,9.46587377,7.363238865,8.085711598,513,19,445,23,532,468
9,1000,40,7.7,28,41,959,22,9,10,41,7.810596495,77,401,40.97691212,9.359387194,7.317661563,8.27854837,467,20,492,21,487,513
14,1000,40,7.7,28,24,947,29,9,15,53,7.741086411,103,406,40.28697246,9.315539099,6.992848376,8.510572585,488,19,459,34,507,493
11,1000,40,7.7,28,38,960,27,7,6,40,7.775318643,100,408,40.71431657,9.256294919,6.873503216,8.702743433,495,12,465,28,507,493
15,1000,40,7.7,28,24,951,26,12,11,49,7.595620658,91,410,40.59341615,9.006961876,7.133060308,8.058181009,482,18,469,31,500,500
13,1000,40,7.7,28,32,961,20,9,10,39,7.993402676,93,423,40.4729381,9.220007208,7.534602485,8.437752466,475,17,486,22,492,508
12,1000,40,7.7,28,37,948,31,11,10,52,8.093548174,92,401,41.10480646,9.551948906,7.523728701,8.619535381,463,17,485,35,480,520
16,1000,40,7.7,28,11,962,20,13,5,38,7.093385259,84,436,40.12806816,9.023937023,6.720061681,7.46970742,487,15,475,23,502,498
10,1000,40,7.7,28,41,958,19,15,8,42,7.732512749,105,401,41.15463683,9.493470741,7.409553352,8.099637534,513,19,445,23,532,468
9,1000,40,7.7,28,42,961,20,9,10,39,7.815755301,95,403,40.9943563,9.371691726,7.334235225,8.272870852,468,19,493,20,487,513
14,1000,40,7.7,28,25,948,28,9,15,52,7.749164692,100,416,40.33150935,9.329405602,6.988987657,8.530928905,488,19,460,33,507,493
11,1000,40,7.7,28,39,960,26,7,7,40,7.786970366,109,417,40.72698287,9.26776833,6.914390128,8.684329758,495,12,465,28,507,493
13,1000,40,7.7,28,33,961,20,9,10,39,7.992199025,108,408,40.48982091,9.241184454,7.53692201,8.433136606,475,17,486,22,492,508
15,1000,40,7.7,28,25,952,26,10,12,48,7.568650994,94,391,40.63180642,9.02068834,7.105546047,8.031755942,482,18,470,30,500,500
12,1000,40,7.7,28,38,948,31,11,10,52,8.100864214,96,454,41.13976629,9.56788764,7.545088952,8.613887532,463,17,485,35,480,520
10,1000,40,7.7,28,42,958,18,15,9,42,7.760321116,82,402,41.173384,9.520136053,7.437449139,8.127346526,513,19,445,23,532,468
9,1000,40,7.7,28,43,961,20,9,10,39,7.848070451,105,433,40.9972073,9.386139363,7.346071063,8.324627375,468,19,493,20,487,513
14,1000,40,7.7,28,26,949,28,9,14,51,7.773893648,107,419,40.3593387,9.340892561,7.029183208,8.539752052,488,19,461,32,507,493
16,1000,40,7.7,28,12,962,21,13,4,38,7.114136928,73,398,40.15129556,9.06878272,6.710994137,7.520517813,487,15,475,23,502,498
11,1000,40,7.7,28,40,961,25,7,7,39,7.782337308,92,416,40.75575109,9.294814221,6.942882756,8.645630327,495,12,466,27,507,493
13,1000,40,7.7,28,34,959,22,9,10,41,8.019705589,93,407,40.52978779,9.254568082,7.558489374,8.466395308,474,18,485,23,492,508
15,1000,40,7.7,28,26,953,25,10,12,47,7.564605836,112,412,40.65415465,9.035246399,7.081908171,8.047303501,483,17,470,30,500,500
12,1000,40,7.7,28,39,946,34,10,10,54,8.095161291,97,418,41.16435038,9.575013426,7.527587972,8.619075124,463,17,483,37,480,520
10,1000,40,7.7,28,43,962,17,12,9,38,7.736463142,101,412,41.17871265,9.562548536,7.466042645,8.04386422,513,19,449,19,532,468
9,1000,40,7.7,28,44,960,21,9,10,40,7.860401698,93,434,41.00855952,9.400347922,7.381474811,8.315055486,468,19,492,21,487,513
14,1000,40,7.7,28,27,950,28,8,14,50,7.794239676,101,431,40.38331458,9.348910505,7.054092524,8.555405205,487,20,463,30,507,493
11,1000,40,7.7,28,41,961,25,7,7,39,7.821054137,100,427,40.76024642,9.320676687,6.976459016,8.689633703,495,12,466,27,507,493
13,1000,40,7.7,28,35,959,23,8,10,41,8.016348534,90,420,40.5411845,9.258076407,7.515268185,8.501646825,474,18,485,23,492,508
16,1000,40,7.7,28,13,965,19,12,4,35,7.129266557,93,402,40.16504542,9.081318206,6.705679045,7.556256379,488,14,477,21,502,498
15,1000,40,7.7,28,27,952,26,10,12,48,7.584668328,109,428,40.67013342,9.028504252,7.104945852,8.064390803,482,18,470,30,500,500
12,1000,40,7.7,28,40,946,33,10,11,54,8.135553663,98,416,41.20989228,9.574078582,7.564641079,8.662549894,463,17,483,37,480,520
10,1000,40,7.7,28,44,961,18,11,10,39,7.771624488,86,435,41.21715522,9.590052111,7.4957938,8.085175611,512,20,449,19,532,468
9,1000,40,7.7,28,45,958,23,9,10,42,7.936945215,93,417,41.02098993,9.414760882,7.481152415,8.369637405,467,20,491,22,487,513
14,1000,40,7.7,28,28,951,28,8,13,49,7.814680842,84,400,40.39469074,9.350408595,7.086725104,8.563308751,487,20,464,29,507,493
11,1000,40,7.7,28,42,960,26,7,7,40,7.821477678,98,425,40.78296132,9.32880366,6.969177428,8.69798118,496,11,464,29,507,493
13,1000,40,7.7,28,36,959,22,9,10,41,8.057237313,101,422,40.58421656,9.270762866,7.55167185,8.546879455,474,18,485,23,492,508
15,1000,40,7.7,28,28,953,26,9,12,47,7.628356433,90,394,40.70174968,9.043578702,7.145879204,8.110833661,484,16,469,31,500,500
16,1000,40,7.7,28,14,966,18,11,5,34,7.134665339,84,408,40.19848212,9.085129632,6.713175939,7.559540197,488,14,478,20,502,498
10,1000,40,7.7,28,45,961,18,11,10,39,7.776903316,88,409,41.2255489,9.612847976,7.478322254,8.116315976,512,20,449,19,532,468
12,1000,40,7.7,28,41,946,35,9,10,54,8.10696713,101,394,41.19637536,9.575849616,7.553956611,8.617438378,463,17,483,37,480,520
9,1000,40,7.7,28,46,956,25,9,10,44,7.932237378,122,418,41.04492329,9.422443206,7.48637403,8.355503363,466,21,490,23,487,513
14,1000,40,7.7,28,29,952,27,8,13,48,7.846622878,89,385,40.41681067,9.366770879,7.093822063,8.620801404,488,19,464,29,507,493
13,1000,40,7.7,28,37,958,23,9,10,42,8.081379665,96,421,40.62308861,9.273413172,7.584524302,8.56258604,474,18,484,24,492,508
11,1000,40,7.7,28,43,961,25,7,7,39,7.853822617,96,421,40.78542875,9.326883646,7.022152033,8.709110622,496,11,465,28,507,493
15,1000,40,7.7,28,29,952,27,9,12,48,7.670694416,93,395,40.70599285,9.059673946,7.20941411,8.131974722,483,17,469,31,500,500
16,1000,40,7.7,28,15,967,17,11,5,33,7.15846021,97,408,40.21722273,9.104092472,6.72745448,7.592927832,488,14,479,19,502,498
10,1000,40,7.7,28,46,962,18,10,10,38,7.780342461,120,410,41.26677522,9.634153171,7.476211933,8.126063488,512,20,450,18,532,468
9,1000,40,7.7,28,47,957,25,8,10,43,7.957894847,88,412,41.0617603,9.440216583,7.508090144,8.384902431,466,21,491,22,487,513
12,1000,40,7.7,28,42,947,34,9,10,53,8.093974015,99,417,41.2072881,9.58726562,7.558509455,8.588248994,463,17,484,36,480,520
14,1000,40,7.7,28,30,955,25,8,12,45,7.819747855,98,418,40.43304028,9.400074584,7.084241266,8.576141041,489,18,466,27,507,493
13,1000,40,7.7,28,38,956,25,9,10,44,8.152235392,90,414,40.61899189,9.294086322,7.656383877,8.632469537,475,17,481,27,492,508
11,1000,40,7.7,28,44,960,26,7,7,40,7.870743983,90,418,40.81555782,9.340666887,7.059308125,8.705222644,496,11,464,29,507,493
15,1000,40,7.7,28,30,952,27,9,12,48,7.719435909,92,433,40.73322564,9.071697196,7.250141439,8.188730379,483,17,469,31,500,500
16,1000,40,7.7,28,16,968,16,11,5,32,7.154827023,95,410,40.26167425,9.116395523,6.714798836,7.598389573,489,13,479,19,502,498
9,1000,40,7.7,28,48,958,24,8,10,42,7.959816608,105,418,41.08996457,9.464311446,7.470236064,8.424584103,467,20,491,22,487,513
12,1000,40,7.7,28,43,948,33,9,10,52,8.074757637,114,404,41.20795642,9.598350867,7.565191062,8.545126782,463,17,485,35,480,520
10,1000,40,7.7,28,47,963,18,10,9,37,7.800025794,115,431,41.29879923,9.676279613,7.505244854,8.135118658,512,20,451,17,532,468
14,1000,40,7.7,28,31,954,26,8,12,46,7.817478687,102,429,40.46933769,9.409447207,7.078946224,8.576983673,488,19,466,27,507,493
13,1000,40,7.7,28,39,956,25,9,10,44,8.165554793,95,395,40.62877294,9.312252428,7.665819246,8.649550637,475,17,481,27,492,508
11,1000,40,7.7,28,45,960,26,7,7,40,7.870795054,104,426,40.8210859,9.336239271,7.049314334,8.715603827,496,11,464,29,507,493
15,1000,40,7.7,28,31,952,27,9,12,48,7.759312373,120,397,40.75282187,9.097011136,7.290333916,8.228290829,484,16,468,32,500,500
9,1000,40,7.7,28,49,958,24,8,10,42,7.971815728,90,449,41.11417063,9.492889679,7.483254639,8.435615435,467,20,491,22,487,513
10,1000,40,7.7,28,48,962,20,10,8,38,7.827831603,120,408,41.35329858,9.672992658,7.520079186,8.177669821,513,19,449,19,532,468
12,1000,40,7.7,28,44,949,32,9,10,51,8.040170425,99,403,41.23143554,9.634925059,7.528393292,8.512580087,464,16,485,35,480,520
16,1000,40,7.7,28,17,968,17,12,3,32,7.173894141,99,406,40.30607159,9.159687109,6.74876666,7.602436301,489,13,479,19,502,498
14,1000,40,7.7,28,32,954,25,9,12,46,7.833819897,108,427,40.50341855,9.445952775,7.098180753,8.590349403,488,19,466,27,507,493
13,1000,40,7.7,28,40,957,23,10,10,43,8.212025137,98,421,40.6504682,9.347418102,7.743568274,8.665727453,475,17,482,26,492,508
11,1000,40,7.7,28,46,959,27,7,7,41,7.901688977,108,449,40.84971032,9.351523925,7.074092455,8.752787226,496,11,463,30,507,493
15,1000,40,7.7,28,32,952,26,10,12,48,7.787106485,98,409,40.76269367,9.079537316,7.297773983,8.276438986,484,16,468,32,500,500
9,1000,40,7.7,28,50,958,24,8,10,42,7.990996476,99,449,41.14028961,9.507628677,7.504934002,8.452424205,467,20,491,22,487,513
10,1000,40,7.7,28,49,960,23,9,8,40,7.84846463,107,424,41.37354136,9.701577532,7.546803681,8.191378357,511,21,449,19,532,468
12,1000,40,7.7,28,45,949,32,10,9,51,8.01413275,106,431,41.25117488,9.668267592,7.490549158,8.497440681,464,16,485,35,480,520
14,1000,40,7.7,28,33,955,24,9,12,45,7.849069564,89,388,40.50439325,9.472692358,7.11642706,8.602517333,489,18,466,27,507,493
13,1000,40,7.7,28,41,958,22,10,10,42,8.223152897,108,435,40.66311232,9.36973268,7.769979774,8.66205285,475,17,483,25,492,508
16,1000,40,7.7,28,18,969,16,12,3,31,7.198727584,96,402,40.31869439,9.186742818,6.75927639,7.641708508,490,12,479,19,502,498
11,1000,40,7.7,28,47,959,28,7,6,41,7.927196106,102,382,40.86034421,9.358257322,7.148763915,8.727733876,496,11,463,30,507,493
15,1000,40,7.7,28,33,952,26,10,12,48,7.787274193,101,432,40.80885942,9.108596533,7.313903255,8.260645132,484,16,468,32,500,500
9,1000,40,7.7,28,51,958,24,7,11,42,8.015497445,99,378,41.1766639,9.511079148,7.536790244,8.469942682,467,20,491,22,487,513
10,1000,40,7.7,28,50,960,23,9,8,40,7.890189667,106,432,41.40221703,9.705697771,7.586473491,8.235439679,511,21,449,19,532,468
12,1000,40,7.7,28,46,949,32,10,9,51,8.043604807,93,418,41.27348457,9.686815572,7.512799722,8.533578732,464,16,485,35,480,520
14,1000,40,7.7,28,34,956,24,9,11,44,7.858325008,93,459,40.53263946,9.482566237,7.123584658,8.613930197,490,17,466,27,507,493
13,1000,40,7.7,28,42,957,23,10,10,43,8.264557013,88,444,40.70063011,9.369271407,7.823511442,8.691711384,474,18,483,25,492,508
11,1000,40,7.7,28,48,958,28,8,6,42,7.940858216,104,397,40.88294226,9.357618587,7.203094774,8.699572343,495,12,463,30,507,493
15,1000,40,7.7,28,34,953,24,11,12,47,7.846762636,101,387,40.83310264,9.123799911,7.401765143,8.291760129,484,16,469,31,500,500
16,1000,40,7.7,28,19,968,17,12,3,32,7.230584846,87,404,40.33493029,9.206340623,6.796304822,7.668353064,490,12,478,20,502,498
9,1000,40,7.7,28,52,959,24,7,10,41,8.048498879,96,427,41.18442712,9.512512758,7.576517742,8.496558945,468,19,491,22,487,513
10,1000,40,7.7,28,51,962,21,9,8,38,7.905109025,106,400,41.4192394,9.731921801,7.636181875,8.210812538,511,21,451,17,532,468
12,1000,40,7.7,28,47,948,33,10,9,52,8.083339966,103,404,41.32543352,9.705002933,7.546369009,8.579005465,464,16,484,36,480,520
14,1000,40,7.7,28,35,956,23,10,11,44,7.90667956,97,413,40.58665091,9.487556087,7.099426702,8.736856435,490,17,466,27,507,493
13,1000,40,7.7,28,43,957,23,10,10,43,8.284308097,79,414,40.71839052,9.372815298,7.859437494,8.695796949,474,18,483,25,492,508
11,1000,40,7.7,28,49,958,28,8,6,42,7.925024578,95,424,40.88968497,9.372029772,7.197323651,8.673390441,494,13,464,29,507,493
15,1000,40,7.7,28,35,952,25,10,13,48,7.903192171,98,417,40.88308413,9.134004438,7.423869075,8.382515266,484,16,468,32,500,500
16,1000,40,7.7,28,20,968,17,12,3,32,7.254122704,93,422,40.3635664,9.239768235,6.84553216,7.665995099,490,12,478,20,502,498
9,1000,40,7.7,28,53,960,23,7,10,40,8.058337537,102,426,41.21312378,9.52724095,7.585999138,8.506736758,469,18,491,22,487,513
10,1000,40,7.7,28,52,961,22,9,8,39,7.93119635,102,413,41.47422961,9.731153309,7.670258077,8.227818489,510,22,451,17,532,468
14,1000,40,7.7,28,36,956,23,10,11,44,7.910188926,109,396,40.59632505,9.480909316,7.163297786,8.678289956,489,18,467,26,507,493
12,1000,40,7.7,28,48,948,33,10,9,52,8.102125477,113,422,41.34606943,9.738336194,7.566078085,8.596938454,464,16,484,36,480,520
13,1000,40,7.7,28,44,960,21,9,10,40,8.253937892,106,430,40.72627897,9.386311529,7.795321347,8.698109821,476,16,484,24,492,508
11,1000,40,7.7,28,50,957,29,8,6,43,7.939910417,104,406,40.89712614,9.390453954,7.230780968,8.669177416,493,14,464,29,507,493
15,1000,40,7.7,28,36,952,25,10,13,48,7.9089066,94,412,40.90941542,9.146105985,7.427634004,8.390179197,484,16,468,32,500,500
9,1000,40,7.7,28,54,960,22,8,10,40,8.07283874,117,434,41.23814308,9.531086735,7.597715224,8.523881921,469,18,491,22,487,513
16,1000,40,7.7,28,21,967,18,12,3,33,7.288365215,114,399,40.36978456,9.267701885,6.887368214,7.692583076,490,12,477,21,502,498
10,1000,40,7.7,28,53,960,23,7,10,40,7.940105851,98,415,41.48528157,9.751816648,7.716395024,8.194409611,509,23,451,17,532,468
14,1000,40,7.7,28,37,957,22,10,11,43,7.906466549,96,417,40.59932672,9.521842061,7.118574478,8.716732836,490,17,467,26,507,493
12,1000,40,7.7,28,49,948,32,11,9,52,8.134511754,108,431,41.35262004,9.748209478,7.618025463,8.61126833,464,16,484,36,480,520
13,1000,40,7.7,28,45,960,21,9,10,40,8.29228969,95,412,40.75368783,9.395525726,7.818183242,8.751463652,476,16,484,24,492,508
11,1000,40,7.7,28,51,959,28,8,5,41,7.960627109,90,399,40.90130981,9.400512574,7.272763868,8.668023992,493,14,466,27,507,493
15,1000,40,7.7,28,37,952,25,10,13,48,7.94371031,95,429,40.9230888,9.185954877,7.491092757,8.396327863,484,16,468,32,500,500
9,1000,40,7.7,28,55,961,23,7,9,39,8.100656709,92,402,41.24491485,9.538525906,7.64031676,8.537665589,470,17,491,22,487,513
10,1000,40,7.7,28,54,960,23,7,10,40,7.955898831,114,429,41.53008002,9.783544795,7.746418768,8.194025742,509,23,451,17,532,468
16,1000,40,7.7,28,22,968,17,12,3,32,7.292192916,106,396,40.39170348,9.26756249,6.892297709,7.695300132,490,12,478,20,502,498
14,1000,40,7.7,28,38,956,22,11,11,44,7.938402106,107,401,40.61917919,9.534384354,7.152611286,8.746507473,490,17,466,27,507,493
12,1000,40,7.7,28,50,946,34,11,9,54,8.187784215,93,419,41.39760686,9.768781295,7.670191389,8.665562208,462,18,484,36,480,520
13,1000,40,7.7,28,46,960,21,9,10,40,8.318809954,93,398,40.76360466,9.404353487,7.851395914,8.771502292,476,16,484,24,492,508
11,1000,40,7.7,28,52,959,28,8,5,41,7.986786545,108,414,40.9243327,9.429131734,7.306920498,8.685959133,493,14,466,27,507,493
15,1000,40,7.7,28,38,951,26,10,13,49,7.975336487,78,391,40.94250705,9.214683629,7.528146511,8.422526464,484,16,467,33,500,500
10,1000,40,7.7,28,55,962,22,7,9,38,7.965132542,108,417,41.54234179,9.801115126,7.749774439,8.209941326,510,22,452,16,532,468
9,1000,40,7.7,28,56,961,23,5,11,39,8.121282693,112,426,41.2632426,9.567509146,7.644527191,8.573875148,470,17,491,22,487,513
14,1000,40,7.7,28,39,956,23,11,10,44,7.970563674,88,405,40.64076627,9.542878361,7.199450528,8.763574557,490,17,466,27,507,493
12,1000,40,7.7,28,51,948,33,10,9,52,8.203895737,93,432,41.41739886,9.788754268,7.68660828,8.681391852,463,17,485,35,480,520
13,1000,40,7.7,28,47,961,20,9,10,39,8.318538092,98,408,40.78195067,9.418095735,7.818271327,8.803048424,477,15,484,24,492,508
16,1000,40,7.7,28,23,968,17,12,3,32,7.290052592,81,387,40.43020292,9.269329582,6.883506734,7.69986388,489,13,479,19,502,498
11,1000,40,7.7,28,53,958,28,9,5,42,8.017389153,83,437,40.96617202,9.427965761,7.322776702,8.731726907,493,14,465,28,507,493
15,1000,40,7.7,28,39,950,26,11,13,50,7.955478128,110,413,40.9620109,9.248581117,7.562221171,8.348735085,484,16,466,34,500,500
10,1000,40,7.7,28,56,962,22,7,9,38,7.9709524,90,405,41.53840563,9.825991741,7.765973141,8.203963011,510,22,452,16,532,468
9,1000,40,7.7,28,57,960,24,5,11,40,8.12356778,106,413,41.28433228,9.580297636,7.655931757,8.567502952,469,18,491,22,487,513
14,1000,40,7.7,28,40,956,22,12,10,44,8.010510923,106,419,40.63778041,9.553028133,7.235410601,8.807622206,490,17,466,27,507,493
13,1000,40,7.7,28,48,960,21,9,10,40,8.316142569,105,435,40.78683088,9.433312672,7.830338923,8.786645313,477,15,483,25,492,508
12,1000,40,7.7,28,52,947,34,10,9,53,8.206240805,93,378,41.4317501,9.819611837,7.655000994,8.715077554,462,18,485,35,480,520
11,1000,40,7.7,28,54,957,28,10,5,43,8.059116054,95,435,41.02006141,9.462305904,7.390499613,8.746719574,492,15,465,28,507,493
16,1000,40,7.7,28,24,968,17,11,4,32,7.295662018,101,408,40.44742528,9.303541272,6.887440091,7.707162835,489,13,479,19,502,498
15,1000,40,7.7,28,40,951,25,11,13,49,7.958409764,95,426,40.96256663,9.252020823,7.559503989,8.357315538,484,16,467,33,500,500
10,1000,40,7.7,28,57,961,23,6,10,39,7.993420043,119,438,41.57859054,9.841448968,7.797345865,8.216307785,510,22,451,17,532,468
9,1000,40,7.7,28,58,958,26,4,12,42,8.168685176,101,424,41.2979487,9.578188079,7.695294683,8.618083168,468,19,490,23,487,513
14,1000,40,7.7,28,41,957,21,12,10,43,8.01287131,122,424,40.65905015,9.567989926,7.223556146,8.824601104,490,17,467,26,507,493
13,1000,40,7.7,28,49,960,21,9,10,40,8.355367636,108,403,40.80656011,9.453643175,7.863635431,8.831612213,477,15,483,25,492,508
12,1000,40,7.7,28,53,948,33,10,9,52,8.210608295,128,400,41.45537217,9.82944819,7.638013222,8.739157593,462,18,486,34,480,520
11,1000,40,7.7,28,55,957,27,11,5,43,8.041258072,100,408,41.02809229,9.493589994,7.400624656,8.700083917,492,15,465,28,507,493
15,1000,40,7.7,28,41,952,24,11,13,48,7.948955577,104,460,41.01848895,9.280493183,7.554203256,8.343707898,484,16,468,32,500,500
16,1000,40,7.7,28,25,966,19,11,4,34,7.331009767,104,432,40.46221349,9.317420638,6.92770761,7.737551299,489,13,477,21,502,498
10,1000,40,7.7,28,58,959,25,4,12,41,8.043280351,96,412,41.59075942,9.849926709,7.81923496,8.297964428,508,24,451,17,532,468
9,1000,40,7.7,28,59,960,25,3,12,40,8.148153257,86,439,41.31527074,9.596820368,7.709685233,8.564398729,469,18,491,22,487,513
14,1000,40,7.7,28,42,955,23,12,10,45,8.03256396,110,426,40.66269209,9.578728833,7.252863661,8.83440585,488,19,467,26,507,493
13,1000,40,7.7,28,50,959,23,9,9,41,8.378314263,85,419,40.84363956,9.456713323,7.903120667,8.838541131,476,16,483,25,492,508
12,1000,40,7.7,28,54,948,32,11,9,52,8.219985911,104,424,41.48562111,9.855907896,7.635935802,8.759109089,462,18,486,34,480,520
11,1000,40,7.7,28,56,957,26,12,5,43,8.055283884,88,435,41.088657,9.518501814,7.393869311,8.735481021,492,15,465,28,507,493
15,1000,40,7.7,28,42,952,26,11,11,48,7.934839428,108,400,41.04228461,9.294978866,7.551857886,8.317820969,483,17,469,31,500,500
10,1000,40,7.7,28,59,959,25,4,12,41,8.059392819,122,436,41.6242219,9.866035977,7.840063915,8.308715419,508,24,451,17,532,468
9,1000,40,7.7,28,60,960,26,3,11,40,8.143591858,90,418,41.3438079,9.612414448,7.686369637,8.577641023,469,18,491,22,487,513
16,1000,40,7.7,28,26,966,19,11,4,34,7.32298339,105,436,40.49383301,9.324451071,6.953917092,7.695014076,489,13,477,21,502,498
14,1000,40,7.7,28,43,954,24,12,10,46,8.074060832,108,421,40.67830128,9.607815253,7.279795301,8.890881571,487,20,467,26,507,493
13,1000,40,7.7,28,51,958,23,10,9,42,8.403133817,88,399,40.86400232,9.491801173,7.985730888,8.807390197,475,17,483,25,492,508
12,1000,40,7.7,28,55,948,31,12,9,52,8.259922573,114,416,41.51669158,9.864612758,7.683094659,8.79237911,462,18,486,34,480,520
11,1000,40,7.7,28,57,957,26,12,5,43,8.041510426,106,428,41.08959424,9.544067831,7.377569789,8.724305361,492,15,465,28,507,493
15,1000,40,7.7,28,43,952,27,11,10,48,7.903060591,105,431,41.08780055,9.301318096,7.574074406,8.232046776,482,18,470,30,500,500
10,1000,40,7.7,28,60,959,25,4,12,41,8.105886876,111,431,41.65642307,9.87708535,7.861353643,8.383860552,507,25,452,16,532,468
9,1000,40,7.7,28,61,959,27,3,11,41,8.166076121,105,428,41.38419744,9.669233556,7.698805798,8.609664128,469,18,490,23,487,513
14,1000,40,7.7,28,44,950,28,12,10,50,8.146201156,101,419,40.73042169,9.618255259,7.378619759,8.935579995,485,22,465,28,507,493
13,1000,40,7.7,28,52,957,25,9,9,43,8.421763493,105,401,40.90177868,9.502487051,8.010151243,8.820411578,474,18,483,25,492,508
16,1000,40,7.7,28,27,965,20,11,4,35,7.367866107,114,398,40.52319237,9.312734837,6.998587914,7.740110391,489,13,476,22,502,498
12,1000,40,7.7,28,56,947,32,12,9,53,8.27162674,110,406,41.54015288,9.870559836,7.696502503,8.802510651,462,18,485,35,480,520
11,1000,40,7.7,28,58,956,27,12,5,44,8.02296232,105,430,41.11064243,9.533522356,7.356457873,8.708393871,491,16,465,28,507,493
15,1000,40,7.7,28,44,952,27,11,10,48,7.909139877,98,412,41.10950536,9.32718243,7.55212942,8.266150334,482,18,470,30,500,500
9,1000,40,7.7,28,62,959,27,4,10,41,8.185275795,97,407,41.41031517,9.689045467,7.697870007,8.647978756,469,18,490,23,487,513
10,1000,40,7.7,28,61,958,26,4,12,42,8.136594019,104,422,41.67555955,9.885194715,7.894007853,8.412354361,506,26,452,16,532,468
14,1000,40,7.7,28,45,949,30,12,9,51,8.153318994,112,421,40.74795722,9.62849598,7.407920617,8.91988487,484,23,465,28,507,493
13,1000,40,7.7,28,53,960,22,10,8,40,8.420114743,103,377,40.93729847,9.513380473,8.019738757,8.807880462,476,16,484,24,492,508
12,1000,40,7.7,28,57,948,33,11,8,52,8.277369853,109,395,41.53667406,9.891038779,7.722063002,8.789960793,462,18,486,34,480,520
16,1000,40,7.7,28,28,966,19,11,4,34,7.40618106,102,408,40.54813637,9.334631099,7.061690079,7.753439038,489,13,477,21,502,498
11,1000,40,7.7,28,59,956,27,12,5,44,8.065589225,87,420,41.13336181,9.539003976,7.407991229,8.741861402,491,16,465,28,507,493
15,1000,40,7.7,28,45,952,27,11,10,48,7.899976714,101,416,41.12871673,9.356835504,7.541818611,8.258134816,482,18,470,30,500,500
9,1000,40,7.7,28,63,958,29,4,9,42,8.178245307,106,409,41.44432959,9.687396953,7.700142539,8.632116747,469,18,489,24,487,513
10,1000,40,7.7,28,62,958,26,4,12,42,8.168767995,111,430,41.73433373,9.901500033,7.944506672,8.423697533,506,26,452,16,532,468
14,1000,40,7.7,28,46,951,28,12,9,49,8.15178369,118,426,40.76121694,9.672158269,7.41995433,8.904395222,485,22,466,27,507,493
13,1000,40,7.7,28,54,960,22,10,8,40,8.45836436,110,399,40.96323678,9.545501949,8.026492759,8.876633706,476,16,484,24,492,508
12,1000,40,7.7,28,58,948,31,13,8,52,8.307562116,109,407,41.60675317,9.908186128,7.76978427,8.803972435,461,19,487,33,480,520
16,1000,40,7.7,28,29,967,19,11,3,33,7.432038361,108,418,40.59269373,9.340999924,7.077961166,7.788959548,490,12,477,21,502,498
11,1000,40,7.7,28,60,956,27,12,5,44,8.094574553,103,424,41.17861349,9.555841263,7.460064939,8.747102695,490,17,466,27,507,493
15,1000,40,7.7,28,46,954,26,10,10,46,7.903610449,107,415,41.15660028,9.361904249,7.575759198,8.231461701,482,18,472,28,500,500
9,1000,40,7.7,28,64,958,29,4,9,42,8.20237089,86,408,41.46856476,9.705738705,7.719434872,8.660830619,469,18,489,24,487,513
10,1000,40,7.7,28,63,958,26,3,13,42,8.181267566,101,409,41.78344799,9.928308951,7.975191989,8.415524418,506,26,452,16,532,468
13,1000,40,7.7,28,55,960,21,11,8,40,8.477701142,81,408,40.99758816,9.55621394,8.079621456,8.863242884,475,17,485,23,492,508
14,1000,40,7.7,28,47,951,28,12,9,49,8.140346767,106,412,40.7725517,9.696772412,7.403916901,8.897689448,486,21,465,28,507,493
12,1000,40,7.7,28,59,949,29,14,8,51,8.310303392,119,429,41.61115389,9.916041798,7.762077491,8.81635807,461,19,488,32,480,520
11,1000,40,7.7,28,61,956,27,12,5,44,8.100081158,87,455,41.21378199,9.578481011,7.498137001,8.719119063,490,17,466,27,507,493
15,1000,40,7.7,28,47,953,27,10,10,47,7.921747807,96,418,41.1853094,9.377815274,7.573660133,8.269835481,482,18,471,29,500,500
9,1000,40,7.7,28,65,958,26,7,9,42,8.199522443,97,398,41.48515069,9.707571218,7.731856334,8.643486175,468,19,490,23,487,513
16,1000,40,7.7,28,30,967,20,10,3,33,7.424927143,86,403,40.61713141,9.339282962,7.084758366,7.7678282,489,13,478,20,502,498
10,1000,40,7.7,28,64,958,27,3,12,42,8.180933619,94,414,41.81298348,9.921559536,7.955346285,8.437370504,507,25,451,17,532,468
13,1000,40,7.7,28,56,959,21,11,9,41,8.500167738,89,422,40.99681522,9.569663036,8.120219963,8.868148653,473,19,486,22,492,508
14,1000,40,7.7,28,48,953,27,11,9,47,8.152490269,95,410,40.79106321,9.717084091,7.409424741,8.916657049,486,21,467,26,507,493
12,1000,40,7.7,28,60,947,31,14,8,53,8.330618448,126,415,41.65901028,9.935092399,7.766588861,8.851261145,460,20,487,33,480,520
11,1000,40,7.7,28,62,956,27,12,5,44,8.125887062,98,421,41.245999,9.576912882,7.49875407,8.770829104,490,17,466,27,507,493
15,1000,40,7.7,28,48,955,26,8,11,45,7.956866319,105,436,41.2045716,9.367121062,7.639806604,8.273926035,482,18,473,27,500,500
9,1000,40,7.7,28,66,959,26,6,9,41,8.216983688,112,418,41.51396627,9.71385528,7.78471634,8.62734275,469,18,490,23,487,513
10,1000,40,7.7,28,65,958,26,4,12,42,8.188112164,107,424,41.85920129,9.928700879,8.001834464,8.399863738,507,25,451,17,532,468
16,1000,40,7.7,28,31,967,20,10,3,33,7.46678616,98,405,40.63440875,9.355432561,7.134013595,7.802231597,489,13,478,20,502,498
13,1000,40,7.7,28,57,960,22,9,9,40,8.491632148,103,402,41.00843067,9.602519903,8.077064303,8.893142738,473,19,487,21,492,508
14,1000,40,7.7,28,49,952,28,11,9,48,8.180283664,100,413,40.84140463,9.734504788,7.455520082,8.925628767,486,21,466,27,507,493
12,1000,40,7.7,28,61,944,34,14,8,56,8.35560663,105,450,41.67366459,9.931164576,7.792219149,8.875656613,459,21,485,35,480,520
11,1000,40,7.7,28,63,955,27,13,5,45,8.151484185,95,402,41.26996736,9.579247243,7.51573838,8.805283623,490,17,465,28,507,493
15,1000,40,7.7,28,49,955,26,8,11,45,7.991378458,91,396,41.23879445,9.396335673,7.641971791,8.340785125,482,18,473,27,500,500
9,1000,40,7.7,28,67,960,25,6,9,40,8.202001251,126,404,41.55542972,9.738452379,7.776728637,8.605720087,469,18,491,22,487,513
10,1000,40,7.7,28,66,958,26,5,11,42,8.17938116,112,430,41.87547993,9.948663653,7.974356719,8.412443131,507,25,451,17,532,468
13,1000,40,7.7,28,58,961,21,9,9,39,8.496173841,81,422,41.02640425,9.615953283,8.067469093,8.911376078,475,17,486,22,492,508
14,1000,40,7.7,28,50,952,28,11,9,48,8.174150092,93,425,40.87736157,9.743900853,7.440503061,8.928630913,486,21,466,27,507,493
16,1000,40,7.7,28,32,968,19,10,3,32,7.465891151,110,418,40.68087134,9.353559582,7.109037771,7.825610823,490,12,478,20,502,498
12,1000,40,7.7,28,62,943,35,15,7,57,8.356049215,106,430,41.71831657,9.953221416,7.771419464,8.895707447,459,21,484,36,480,520
11,1000,40,7.7,28,64,956,27,12,5,44,8.100491806,98,423,41.28130869,9.604852803,7.527755121,8.689492818,490,17,466,27,507,493
9,1000,40,7.7,28,68,961,24,6,9,39,8.179486619,116,439,41.5836827,9.755427654,7.805237793,8.534767667,469,18,492,21,487,513
10,1000,40,7.7,28,67,959,24,5,12,41,8.182499477,118,454,41.88943894,9.960284832,7.983419867,8.408803649,507,25,452,16,532,468
15,1000,40,7.7,28,50,953,28,8,11,47,8.009909463,102,422,41.264933,9.399426552,7.682006253,8.337812673,480,20,473,27,500,500
13,1000,40,7.7,28,59,960,23,9,8,40,8.509338876,102,422,41.07295246,9.642722081,8.114863854,8.891389489,474,18,486,22,492,508
14,1000,40,7.7,28,51,953,27,11,9,47,8.195542345,89,422,40.89401723,9.75467234,7.433181219,8.979552671,487,20,466,27,507,493
16,1000,40,7.7,28,33,968,19,10,3,32,7.45285734,104,398,40.7045845,9.363380769,7.094326353,7.814268095,490,12,478,20,502,498
12,1000,40,7.7,28,63,943,35,15,7,57,8.355773218,91,451,41.74216792,9.95992575,7.764199007,8.901841721,459,21,484,36,480,520
11,1000,40,7.7,28,65,957,27,11,5,43,8.114145836,93,401,41.30725905,9.632494789,7.559768501,8.684266139,490,17,467,26,507,493
9,1000,40,7.7,28,69,960,24,7,9,40,8.210383584,112,424,41.60856221,9.767172191,7.841945932,8.560147983,468,19,492,21,487,513
10,1000,40,7.7,28,68,959,24,5,12,41,8.174427398,114,427,41.91514898,9.9678886,7.968232721,8.408819638,507,25,452,16,532,468
13,1000,40,7.7,28,60,960,24,8,8,40,8.524521037,120,443,41.10232815,9.641026671,8.137207217,8.899635997,473,19,487,21,492,508
15,1000,40,7.7,28,51,953,28,8,11,47,8.011572065,111,401,41.27234499,9.407898875,7.678124925,8.345019206,480,20,473,27,500,500
14,1000,40,7.7,28,52,953,27,11,9,47,8.234702123,105,403,40.92153798,9.765620059,7.480689971,9.010126385,486,21,467,26,507,493
16,1000,40,7.7,28,34,970,18,10,2,30,7.447712221,98,393,40.74324942,9.382005381,7.1133979,7.784711797,490,12,480,18,502,498
12,1000,40,7.7,28,64,943,35,15,7,57,8.354879165,99,429,41.7614419,9.989650953,7.74015241,8.922319247,460,20,483,37,480,520
9,1000,40,7.7,28,70,959,25,7,9,41,8.248900875,112,407,41.61386451,9.796207375,7.889527931,8.590059986,468,19,491,22,487,513
11,1000,40,7.7,28,66,958,26,11,5,42,8.134251496,91,411,41.33151346,9.63611331,7.579207955,8.705056922,490,17,468,25,507,493
13,1000,40,7.7,28,61,958,27,8,7,42,8.529050198,96,414,41.13847313,9.657941564,8.140588457,8.905276923,473,19,485,23,492,508
15,1000,40,7.7,28,52,950,31,8,11,50,8.045575049,114,417,41.298054,9.446246299,7.697434308,8.393715791,479,21,471,29,500,500
10,1000,40,7.7,28,69,959,24,5,12,41,8.230729079,111,419,41.91785466,9.96639897,8.016200982,8.474594352,507,25,452,16,532,468
14,1000,40,7.7,28,53,954,26,11,9,46,8.270914235,112,409,40.95482708,9.779595906,7.555653289,9.006486852,487,20,467,26,507,493
9,1000,40,7.7,28,71,959,25,7,9,41,8.2690819,83,428,41.64619286,9.811399386,7.906312505,8.613465321,468,19,491,22,487,513
12,1000,40,7.7,28,65,943,35,15,7,57,8.36514202,109,410,41.77020874,10.00829069,7.75799208,8.925588119,460,20,483,37,480,520
16,1000,40,7.7,28,35,969,19,10,2,31,7.49041184,92,391,40.78864696,9.404034373,7.157236817,7.826262967,489,13,480,18,502,498
11,1000,40,7.7,28,67,957,26,12,5,43,8.155003601,103,429,41.36622275,9.647992438,7.592880272,8.733089865,490,17,467,26,507,493
13,1000,40,7.7,28,62,958,28,8,6,42,8.529633676,95,400,41.18031504,9.660672442,8.172060175,8.875945019,473,19,485,23,492,508
15,1000,40,7.7,28,53,950,30,9,11,50,8.054393799,104,434,41.32730226,9.474109836,7.742545392,8.366242207,479,21,471,29,500,500
10,1000,40,7.7,28,70,959,25,4,12,41,8.254709295,116,415,41.9194789,9.951729333,8.003047189,8.540786733,507,25,452,16,532,468
14,1000,40,7.7,28,54,955,26,10,9,45,8.285982284,108,407,40.98098384,9.783507866,7.58409221,9.007804328,487,20,468,25,507,493
9,1000,40,7.7,28,72,958,27,7,8,42,8.271134863,94,450,41.67789778,9.834322997,7.931860266,8.593214256,468,19,490,23,487,513
12,1000,40,7.7,28,66,941,37,15,7,59,8.398093599,106,455,41.79395644,10.03431714,7.825166276,8.92694959,459,21,482,38,480,520
11,1000,40,7.7,28,68,958,26,11,5,42,8.176067445,116,402,41.41312328,9.667272639,7.644612008,8.722614923,490,17,468,25,507,493
13,1000,40,7.7,28,63,960,26,8,6,40,8.545517978,103,398,41.19126191,9.67261488,8.243270793,8.838245567,473,19,487,21,492,508
16,1000,40,7.7,28,36,971,19,8,2,29,7.46967729,105,417,40.83326168,9.43757619,7.125266144,7.81685479,490,12,481,17,502,498
10,1000,40,7.7,28,71,958,26,4,12,42,8.237827921,114,429,41.95197066,9.971325232,8.00812402,8.498944322,507,25,451,17,532,468
14,1000,40,7.7,28,55,953,28,10,9,47,8.30281343,106,388,40.9815044,9.803475832,7.606249783,9.019157789,487,20,466,27,507,493
15,1000,40,7.7,28,54,950,29,10,11,50,8.0963869,79,430,41.34819843,9.47809387,7.78551039,8.407263411,479,21,471,29,500,500
9,1000,40,7.7,28,73,959,26,7,8,41,8.289890953,86,452,41.71366105,9.82657691,7.984830681,8.57949008,468,19,491,22,487,513
12,1000,40,7.7,28,67,942,38,13,7,58,8.410304984,111,412,41.83468733,10.05541803,7.851761736,8.925883368,460,20,482,38,480,520
11,1000,40,7.7,28,69,958,26,11,5,42,8.184820648,98,420,41.41447572,9.671325151,7.629252379,8.756165704,490,17,468,25,507,493
13,1000,40,7.7,28,64,959,27,8,6,41,8.543402379,103,407,41.20446059,9.672285685,8.234243992,8.842823493,472,20,487,21,492,508
10,1000,40,7.7,28,72,957,27,4,12,43,8.265536455,123,415,41.98747932,9.993445283,8.028257314,8.535264024,506,26,451,17,532,468
14,1000,40,7.7,28,56,956,27,8,9,44,8.280518789,96,397,41.02792662,9.807121375,7.609463349,8.970630571,488,19,468,25,507,493
15,1000,40,7.7,28,55,951,28,10,11,49,8.116527807,95,441,41.36310925,9.489965415,7.830416831,8.402638783,479,21,472,28,500,500
16,1000,40,7.7,28,37,971,19,8,2,29,7.506843334,86,406,40.86422129,9.458225525,7.166684406,7.849734462,490,12,481,17,502,498
9,1000,40,7.7,28,74,961,25,6,8,39,8.278360773,102,396,41.74087682,9.851713569,7.95038081,8.58971797,469,18,492,21,487,513
12,1000,40,7.7,28,68,943,36,14,7,57,8.402669358,90,413,41.87085236,10.0638563,7.848826508,8.913908912,461,19,482,38,480,520
11,1000,40,7.7,28,70,957,27,11,5,43,8.228946441,105,423,41.47669993,9.669446775,7.712796035,8.759754262,489,18,468,25,507,493
13,1000,40,7.7,28,65,959,26,9,6,41,8.572571998,84,436,41.21871246,9.70067994,8.292177023,8.844135635,472,20,487,21,492,508
10,1000,40,7.7,28,73,957,26,5,12,43,8.325826918,110,396,41.99177918,10.00647259,8.086711001,8.597642449,506,26,451,17,532,468
14,1000,40,7.7,28,57,954,29,8,9,46,8.30337701,93,430,41.05132719,9.840376449,7.611730468,9.014664631,487,20,467,26,507,493
15,1000,40,7.7,28,56,950,29,10,11,50,8.12794502,92,426,41.39169531,9.508976121,7.832054206,8.423835834,478,22,472,28,500,500
16,1000,40,7.7,28,38,971,19,8,2,29,7.536152801,98,377,40.88508356,9.481499117,7.209672272,7.865255665,490,12,481,17,502,498
9,1000,40,7.7,28,75,962,24,6,8,38,8.310561065,103,438,41.72811626,9.873454521,7.959369188,8.643953744,470,17,492,21,487,513
12,1000,40,7.7,28,69,942,36,15,7,58,8.442374909,108,440,41.90802508,10.07917496,7.906932423,8.936629511,460,20,482,38,480,520
11,1000,40,7.7,28,71,958,26,10,6,42,8.238262353,83,430,41.50938277,9.678608334,7.740933649,8.749713982,489,18,469,24,507,493
13,1000,40,7.7,28,66,959,27,9,5,41,8.588327321,94,430,41.24502448,9.703684835,8.304283612,8.863424772,472,20,487,21,492,508
10,1000,40,7.7,28,74,957,27,5,11,43,8.352529902,93,432,42.02057501,10.02984984,8.14744873,8.585656361,506,26,451,17,532,468
14,1000,40,7.7,28,58,954,29,8,9,46,8.311086366,104,390,41.10727633,9.852682469,7.62436792,9.017305945,487,20,467,26,507,493
15,1000,40,7.7,28,57,951,28,10,11,49,8.144956494,84,428,41.42859877,9.531057382,7.84680747,8.443105519,480,20,471,29,500,500
16,1000,40,7.7,28,39,971,18,9,2,29,7.551253413,94,411,40.92452458,9.50381031,7.195487618,7.909876765,490,12,481,17,502,498
9,1000,40,7.7,28,76,962,24,6,8,38,8.344628834,109,445,41.78322541,9.880198066,7.99899299,8.672747072,470,17,492,21,487,513
12,1000,40,7.7,28,70,942,36,15,7,58,8.482274855,101,412,41.94875166,10.10534737,7.96195411,8.962570928,460,20,482,38,480,520
11,1000,40,7.7,28,72,958,26,10,6,42,8.277800016,91,420,41.52601803,9.684153961,7.776643299,8.793188363,489,18,469,24,507,493
13,1000,40,7.7,28,67,960,26,9,5,40,8.61729987,108,423,41.28510791,9.700311444,8.369131511,8.857651904,472,20,488,20,492,508
10,1000,40,7.7,28,75,957,27,5,11,43,8.367161333,106,416,42.06080704,10.03239311,8.162390162,8.5999354,506,26,451,17,532,468
14,1000,40,7.7,28,59,954,29,8,9,46,8.334470103,97,407,41.12443728,9.856642609,7.633346189,9.055504229,487,20,467,26,507,493
15,1000,40,7.7,28,58,950,28,11,11,50,8.146929163,102,414,41.45332321,9.539565583,7.816513314,8.477345012,480,20,470,30,500,500
9,1000,40,7.7,28,77,963,23,6,8,37,8.346257281,103,418,41.81267216,9.901460021,7.990945841,8.683560733,471,16,492,21,487,513
16,1000,40,7.7,28,40,970,20,8,2,30,7.55824443,115,405,40.96095364,9.526666487,7.24400349,7.875009393,488,14,482,16,502,498
12,1000,40,7.7,28,71,943,36,14,7,57,8.500180598,114,412,41.95311094,10.11474282,7.99686268,8.964781753,460,20,483,37,480,520
13,1000,40,7.7,28,68,961,25,9,5,39,8.612928005,92,434,41.31427576,9.727398627,8.365996629,8.852082016,473,19,488,20,492,508
11,1000,40,7.7,28,73,956,27,10,7,44,8.312508713,86,402,41.56074638,9.696565079,7.803125585,8.836357081,489,18,467,26,507,493
10,1000,40,7.7,28,76,958,26,6,10,42,8.367611681,101,444,42.09208004,10.04170338,8.183910167,8.576434771,506,26,452,16,532,468
14,1000,40,7.7,28,60,952,30,9,9,48,8.417055642,114,418,41.15352983,9.870764665,7.78620617,9.065819703,485,22,467,26,507,493
15,1000,40,7.7,28,59,951,27,11,11,49,8.176374863,112,428,41.47493048,9.582704371,7.851392735,8.501356992,481,19,470,30,500,500
9,1000,40,7.7,28,78,963,22,7,8,37,8.35259487,119,420,41.84236502,9.912616673,8.024553733,8.664010141,471,16,492,21,487,513
13,1000,40,7.7,28,69,960,25,10,5,40,8.621474964,112,417,41.32715864,9.729828073,8.380329761,8.855025042,473,19,487,21,492,508
12,1000,40,7.7,28,72,942,38,14,6,58,8.536212992,114,418,41.98374594,10.11333895,7.964006709,9.064403406,461,19,481,39,480,520
10,1000,40,7.7,28,77,957,25,8,10,43,8.391990726,93,419,42.10974846,10.0463269,8.18525983,8.626992514,506,26,451,17,532,468
11,1000,40,7.7,28,74,956,27,10,7,44,8.3286464,96,422,41.59232159,9.726920445,7.818292481,8.853493129,489,18,467,26,507,493
16,1000,40,7.7,28,41,969,21,8,2,31,7.58288479,105,407,40.98251191,9.537535516,7.267135888,7.901169827,488,14,481,17,502,498
14,1000,40,7.7,28,61,953,29,9,9,47,8.436045025,116,418,41.17805738,9.875628219,7.83877635,9.050274677,486,21,467,26,507,493
15,1000,40,7.7,28,60,950,27,11,12,50,8.210244212,96,414,41.50306724,9.600495122,7.884922311,8.535566113,481,19,469,31,500,500
9,1000,40,7.7,28,79,963,22,7,8,37,8.39319003,106,422,41.86200752,9.926063506,8.053823835,8.71535638,471,16,492,21,487,513
13,1000,40,7.7,28,70,960,24,11,5,40,8.6519553,91,415,41.36723397,9.770626536,8.402397417,8.893653093,473,19,487,21,492,508
10,1000,40,7.7,28,78,958,25,7,10,42,8.405309061,119,438,42.15039174,10.08292432,8.175556229,8.666481084,507,25,451,17,532,468
12,1000,40,7.7,28,73,943,37,13,7,57,8.563629578,110,425,42.00649859,10.14717247,8.01588635,9.069238711,462,18,481,39,480,520
14,1000,40,7.7,28,62,953,29,9,9,47,8.409210894,101,415,41.18929245,9.877886269,7.828882591,9.006019108,486,21,467,26,507,493
11,1000,40,7.7,28,75,954,29,10,7,46,8.343861586,92,438,41.59900292,9.753037118,7.817904652,8.884754417,490,17,464,29,507,493
15,1000,40,7.7,28,61,950,27,11,12,50,8.249540904,115,456,41.51439445,9.611548778,7.914036078,8.58504573,481,19,469,31,500,500
16,1000,40,7.7,28,42,969,21,8,2,31,7.575855627,101,401,41.01151835,9.555075561,7.260817963,7.893423714,488,14,481,17,502,498
9,1000,40,7.7,28,80,962,23,7,8,38,8.404399967,111,436,41.87195234,9.928572101,8.070099896,8.721756954,471,16,491,22,487,513
13,1000,40,7.7,28,71,960,23,12,5,40,8.647299358,116,423,41.37401654,9.805476647,8.414009241,8.873241755,472,20,488,20,492,508
10,1000,40,7.7,28,79,957,26,7,10,43,8.432531111,120,450,42.17251072,10.08720152,8.226771024,8.666429328,506,26,451,17,532,468
12,1000,40,7.7,28,74,942,38,13,7,58,8.63245126,107,389,42.02655172,10.14748502,8.052816284,9.16749893,462,18,480,40,480,520
14,1000,40,7.7,28,63,953,29,9,9,47,8.427196948,99,407,41.26029152,9.888223321,7.840547441,9.030505872,486,21,467,26,507,493
11,1000,40,7.7,28,76,955,28,10,7,45,8.371015087,88,447,41.61141865,9.781848835,7.832888431,8.924423229,489,18,466,27,507,493
15,1000,40,7.7,28,62,950,26,12,12,50,8.275304583,101,413,41.52049925,9.642615512,7.961797947,8.58881122,481,19,469,31,500,500
16,1000,40,7.7,28,43,968,22,8,2,32,7.575269921,117,400,41.04874908,9.561001482,7.24586483,7.907320837,488,14,480,18,502,498
9,1000,40,7.7,28,81,962,23,7,8,38,8.411131912,78,432,41.88016457,9.942042271,8.080034666,8.725448401,471,16,491,22,487,513
13,1000,40,7.7,28,72,960,23,12,5,40,8.663706421,96,419,41.40871763,9.816853683,8.410059569,8.909364396,473,19,487,21,492,508
10,1000,40,7.7,28,80,957,26,7,10,43,8.453953855,103,442,42.25241168,10.10603498,8.251609843,8.683968844,506,26,451,17,532,468
14,1000,40,7.7,28,64,952,30,9,9,48,8.460452925,91,392,41.26683298,9.900268189,7.891588605,9.045471606,486,21,466,27,507,493
12,1000,40,7.7,28,75,942,38,13,7,58,8.640619763,88,414,42.0416805,10.15077465,8.05551944,9.18071237,462,18,480,40,480,520
11,1000,40,7.7,28,77,952,31,10,7,48,8.414670524,93,417,41.63016066,9.792530756,7.882216942,8.962244491,487,20,465,28,507,493
15,1000,40,7.7,28,63,951,24,13,12,49,8.309036839,99,421,41.53306541,9.659331572,7.996767524,8.621306153,480,20,471,29,500,500
9,1000,40,7.7,28,82,963,22,7,8,37,8.412080588,105,434,41.89668234,9.938275353,8.08957289,8.718242866,471,16,492,21,487,513
16,1000,40,7.7,28,44,968,22,8,2,32,7.608209192,94,400,41.07223208,9.567822738,7.288270184,7.930717991,487,15,481,17,502,498
13,1000,40,7.7,28,73,960,24,11,5,40,8.671021926,102,402,41.43158058,9.82694589,8.439189963,8.895552096,474,18,486,22,492,508
10,1000,40,7.7,28,81,955,29,7,9,45,8.480064375,104,393,42.26361439,10.12717154,8.261672668,8.728321615,505,27,450,18,532,468
14,1000,40,7.7,28,65,951,31,9,9,49,8.483065454,104,418,41.32265625,9.899663771,7.942862719,9.038608631,485,22,466,27,507,493
12,1000,40,7.7,28,76,940,40,13,7,60,8.668813262,99,444,42.0605934,10.17502539,8.090760507,9.20240042,460,20,480,40,480,520
11,1000,40,7.7,28,78,951,32,10,7,49,8.430947389,97,438,41.65773779,9.828599745,7.915227088,8.961312891,486,21,465,28,507,493
15,1000,40,7.7,28,64,949,25,14,12,51,8.356238297,99,433,41.53252695,9.677458295,8.031977255,8.680499338,479,21,470,30,500,500
9,1000,40,7.7,28,83,963,22,7,8,37,8.426873234,106,428,41.91194054,9.939835443,8.118196445,8.719905585,471,16,492,21,487,513
13,1000,40,7.7,28,74,961,24,11,4,39,8.652194943,107,411,41.45305082,9.847135572,8.430514769,8.866893063,474,18,487,21,492,508
16,1000,40,7.7,28,45,967,22,9,2,33,7.635803122,94,427,41.09594367,9.560794724,7.340966221,7.933008191,487,15,480,18,502,498
10,1000,40,7.7,28,82,953,31,7,9,47,8.488520008,98,406,42.3036918,10.12862803,8.28618433,8.718525522,504,28,449,19,532,468
14,1000,40,7.7,28,66,949,32,10,9,51,8.535012119,98,387,41.34641385,9.922403445,8.051647618,9.032102995,484,23,465,28,507,493
12,1000,40,7.7,28,77,940,40,13,7,60,8.722604234,89,453,42.09977231,10.18775299,8.131728117,9.268028341,460,20,480,40,480,520
11,1000,40,7.7,28,79,949,34,10,7,51,8.468021802,105,434,41.68994064,9.841039497,7.944018924,9.006905087,485,22,464,29,507,493
15,1000,40,7.7,28,65,948,27,14,11,52,8.329892007,102,432,41.5607829,9.6861601,7.954609768,8.705174245,479,21,469,31,500,500
9,1000,40,7.7,28,84,962,23,7,8,38,8.457865189,104,418,41.95774873,9.954933108,8.167281524,8.733721416,471,16,491,22,487,513
13,1000,40,7.7,28,75,958,27,11,4,42,8.699200617,109,417,41.49808171,9.864450559,8.483123144,8.908472501,473,19,485,23,492,508
10,1000,40,7.7,28,83,953,30,8,9,47,8.503633583,114,430,42.31743561,10.13327436,8.289059475,8.747551159,504,28,449,19,532,468
14,1000,40,7.7,28,67,948,33,10,9,52,8.584153082,114,414,41.36661874,9.939755794,8.112182445,9.069526537,484,23,464,29,507,493
16,1000,40,7.7,28,46,967,22,9,2,33,7.600118996,106,389,41.10993826,9.555856417,7.322140635,7.880330115,487,15,480,18,502,498
12,1000,40,7.7,28,78,940,40,13,7,60,8.739716466,100,424,42.12444691,10.20512152,8.140980659,9.292395672,460,20,480,40,480,520
11,1000,40,7.7,28,80,950,33,10,7,50,8.447635395,108,414,41.68810283,9.87135155,7.932049415,8.977862761,486,21,464,29,507,493
15,1000,40,7.7,28,66,947,28,14,11,53,8.350277914,106,401,41.58866338,9.715678661,7.959546391,8.741009436,479,21,468,32,500,500
9,1000,40,7.7,28,85,962,23,7,8,38,8.493482205,103,420,42.01691515,9.97868743,8.230311532,8.743314793,471,16,491,22,487,513
13,1000,40,7.7,28,76,960,25,11,4,40,8.675922942,107,449,41.53405848,9.876471791,8.45822486,8.886764391,474,18,486,22,492,508
10,1000,40,7.7,28,84,951,32,7,10,49,8.528147866,107,423,42.3523165,10.16941455,8.307309873,8.779185928,504,28,447,21,532,468
14,1000,40,7.7,28,68,950,32,9,9,50,8.597582282,107,406,41.37987409,9.975650784,8.124957946,9.083628,485,22,465,28,507,493
15,1000,40,7.7,28,67,947,28,15,10,53,8.37625258,105,413,41.59569678,9.70842973,8.01431846,8.7381867,478,22,469,31,500,500
12,1000,40,7.7,28,79,940,40,13,7,60,8.73667795,94,442,42.17046997,10.23671069,8.131516749,9.295288289,460,20,480,40,480,520
11,1000,40,7.7,28,81,950,33,10,7,50,8.469978743,98,404,41.6920827,9.881661949,7.956082544,8.998468343,486,21,464,29,507,493
16,1000,40,7.7,28,47,966,23,9,2,34,7.617480662,104,405,41.15155762,9.561254388,7.355457035,7.881608897,486,16,480,18,502,498
9,1000,40,7.7,28,86,962,23,7,8,38,8.546902595,97,385,42.04924108,9.997610833,8.285318628,8.795228894,471,16,491,22,487,513
13,1000,40,7.7,28,77,962,24,11,3,38,8.670695774,113,444,41.56425035,9.893627605,8.441492732,8.892679821,475,17,487,21,492,508
10,1000,40,7.7,28,85,948,35,7,10,52,8.554601452,89,432,42.39144725,10.17556128,8.312781734,8.829490532,503,29,445,23,532,468
14,1000,40,7.7,28,69,951,30,10,9,49,8.596599645,104,403,41.40799591,9.997641322,8.151925262,9.053901699,485,22,466,27,507,493
15,1000,40,7.7,28,68,947,28,15,10,53,8.390246054,91,403,41.63443189,9.739618738,8.027815242,8.752676866,478,22,469,31,500,500
12,1000,40,7.7,28,80,940,39,13,8,60,8.770395807,98,428,42.20623119,10.25244168,8.161183629,9.33274551,459,21,481,39,480,520
11,1000,40,7.7,28,82,952,32,9,7,48,8.461236601,101,434,41.73247862,9.89288928,7.922421565,9.015352672,487,20,465,28,507,493
16,1000,40,7.7,28,48,966,24,8,2,34,7.631529871,94,403,41.20091477,9.578558062,7.396273452,7.868675901,485,17,481,17,502,498
9,1000,40,7.7,28,87,965,21,7,7,35,8.524333779,114,444,42.06456307,10.01818687,8.256030683,8.779038667,471,16,494,19,487,513
13,1000,40,7.7,28,78,962,24,11,3,38,8.694742902,101,405,41.57649368,9.924597737,8.499891908,8.883456856,475,17,487,21,492,508
10,1000,40,7.7,28,86,948,35,7,10,52,8.5766676,111,422,42.39656028,10.19536846,8.3330679,8.853580078,503,29,445,23,532,468
14,1000,40,7.7,28,70,949,32,10,9,51,8.647722547,107,405,41.43098214,10.00547683,8.175253393,9.133608675,485,22,464,29,507,493
15,1000,40,7.7,28,69,948,28,14,10,52,8.389400101,107,427,41.65625004,9.755605378,8.078355983,8.700444219,478,22,470,30,500,500
12,1000,40,7.7,28,81,942,38,12,8,58,8.73754772,112,427,42.24673662,10.26375762,8.133321953,9.295294582,459,21,483,37,480,520
11,1000,40,7.7,28,83,950,33,10,7,50,8.538954869,100,415,41.77369727,9.891190533,7.978906648,9.114907097,486,21,464,29,507,493
9,1000,40,7.7,28,88,965,21,7,7,35,8.563906946,100,436,42.08070989,10.03919143,8.312781492,8.802304795,471,16,494,19,487,513
13,1000,40,7.7,28,79,960,26,11,3,40,8.727766083,104,441,41.62580279,9.952096618,8.540451198,8.909181287,474,18,486,22,492,508
16,1000,40,7.7,28,49,966,23,9,2,34,7.619255419,110,412,41.20043254,9.596331774,7.351859349,7.88879925,485,17,481,17,502,498
10,1000,40,7.7,28,87,948,35,7,10,52,8.577417593,112,438,42.41898095,10.20010568,8.351146759,8.834631446,503,29,445,23,532,468
14,1000,40,7.7,28,71,949,32,10,9,51,8.673150406,100,443,41.46915672,10.04070953,8.239753419,9.118854812,485,22,464,29,507,493
15,1000,40,7.7,28,70,948,28,14,10,52,8.411679415,96,417,41.66681136,9.767893521,8.105833805,8.717525025,478,22,470,30,500,500
12,1000,40,7.7,28,82,941,39,12,8,59,8.759701063,107,417,42.28471099,10.27056283,8.183092082,9.291955506,457,23,484,36,480,520
11,1000,40,7.7,28,84,951,33,9,7,49,8.565359177,105,409,41.78626427,9.891140639,8.011594165,9.134849768,486,21,465,28,507,493
9,1000,40,7.7,28,89,965,21,7,7,35,8.577234055,97,415,42.10220413,10.0569884,8.332101985,8.809942277,471,16,494,19,487,513
13,1000,40,7.7,28,80,960,25,12,3,40,8.727108185,109,432,41.675172,9.968278922,8.552531323,8.896186563,474,18,486,22,492,508
10,1000,40,7.7,28,88,947,35,8,10,53,8.593736677,80,450,42.45947921,10.23100303,8.355473357,8.864583016,503,29,444,24,532,468
16,1000,40,7.7,28,50,966,24,8,2,34,7.662785491,113,414,41.22600758,9.595161883,7.390881307,7.936873645,485,17,481,17,502,498
14,1000,40,7.7,28,72,948,33,10,9,52,8.708919871,88,450,41.48249178,10.06965407,8.25641256,9.174277288,485,22,463,30,507,493
15,1000,40,7.7,28,71,943,34,14,9,57,8.445690981,94,428,41.69122919,9.798151212,8.099992474,8.791389488,475,25,468,32,500,500
12,1000,40,7.7,28,83,940,39,13,8,60,8.816370183,107,410,42.32237966,10.29310833,8.255335783,9.334248091,457,23,483,37,480,520
11,1000,40,7.7,28,85,950,34,9,7,50,8.61999874,111,437,41.81199868,9.908211895,8.058955744,9.196973992,486,21,464,29,507,493
9,1000,40,7.7,28,90,966,19,8,7,34,8.573171629,126,407,42.13749965,10.06178205,8.321411078,8.812172386,471,16,495,18,487,513
13,1000,40,7.7,28,81,959,25,13,3,41,8.757241167,106,415,41.69550657,9.993636676,8.557875465,8.950327634,474,18,485,23,492,508
10,1000,40,7.7,28,89,948,35,8,9,52,8.584288603,114,400,42.4956665,10.25842021,8.362121912,8.836837065,504,28,444,24,532,468
14,1000,40,7.7,28,73,948,32,11,9,52,8.732814086,87,414,41.49831667,10.07381598,8.273636725,9.205030966,485,22,463,30,507,493
16,1000,40,7.7,28,51,966,23,9,2,34,7.668608544,102,409,41.2385101,9.59178815,7.374184576,7.965397364,485,17,481,17,502,498
15,1000,40,7.7,28,72,945,32,15,8,55,8.450510048,88,422,41.73697326,9.810377753,8.120296368,8.780723728,476,24,469,31,500,500
12,1000,40,7.7,28,84,940,39,13,8,60,8.817865574,119,415,42.36649054,10.30931368,8.238730781,9.352451537,457,23,483,37,480,520
11,1000,40,7.7,28,86,950,35,8,7,50,8.62469845,92,432,41.82401357,9.925789713,8.045168776,9.220685356,487,20,463,30,507,493
9,1000,40,7.7,28,91,966,19,8,7,34,8.579069539,103,434,42.15058335,10.05586198,8.333804579,8.811903916,471,16,495,18,487,513
13,1000,40,7.7,28,82,959,25,13,3,41,8.788507701,100,395,41.71816828,9.996124488,8.589816149,8.980941251,474,18,485,23,492,508
10,1000,40,7.7,28,90,948,35,8,9,52,8.570362369,114,426,42.54772012,10.26372624,8.373209124,8.794476742,504,28,444,24,532,468
14,1000,40,7.7,28,74,947,33,11,9,53,8.757839594,109,456,41.52843988,10.07743409,8.305961937,9.222549476,485,22,462,31,507,493
15,1000,40,7.7,28,73,944,33,15,8,56,8.482305467,92,413,41.74468746,9.8205151,8.17693876,8.787672175,476,24,468,32,500,500
12,1000,40,7.7,28,85,939,39,14,8,61,8.818074895,103,430,42.39804466,10.32294728,8.221926184,9.368366013,457,23,482,38,480,520
11,1000,40,7.7,28,87,951,34,7,8,49,8.635146854,97,398,41.84973644,9.933892492,8.048657592,9.238290983,487,20,464,29,507,493
16,1000,40,7.7,28,52,965,24,9,2,35,7.708429417,101,399,41.28522065,9.603851548,7.424566799,7.994572056,485,17,480,18,502,498
9,1000,40,7.7,28,92,966,22,7,5,34,8.521515618,127,438,42.18965894,10.08174396,8.299561467,8.73222063,471,16,495,18,487,513
13,1000,40,7.7,28,83,958,26,13,3,42,8.798174094,91,425,41.73327098,10.01163695,8.601502833,8.988650985,474,18,484,24,492,508
10,1000,40,7.7,28,91,947,36,8,9,53,8.582628416,117,390,42.56186228,10.27472179,8.37050149,8.823764152,503,29,444,24,532,468
14,1000,40,7.7,28,75,947,33,11,9,53,8.773210677,105,415,41.54093712,10.08858879,8.305344729,9.254362879,485,22,462,31,507,493
15,1000,40,7.7,28,74,943,35,15,7,57,8.52441213,84,400,41.75689438,9.839207642,8.251867603,8.796956656,475,25,468,32,500,500
12,1000,40,7.7,28,86,938,40,14,8,62,8.835759021,97,429,42.43318492,10.33533073,8.223811592,9.400633571,457,23,481,39,480,520
11,1000,40,7.7,28,88,949,35,8,8,51,8.666053744,102,406,41.9105332,9.948518939,8.084482106,9.264140601,486,21,463,30,507,493
9,1000,40,7.7,28,93,966,22,6,6,34,8.593274282,107,435,42.22117127,10.10340284,8.350002466,8.824216533,471,16,495,18,487,513
16,1000,40,7.7,28,53,964,25,9,2,36,7.725958764,98,436,41.32831925,9.628753425,7.464386008,7.989632506,484,18,480,18,502,498
13,1000,40,7.7,28,84,955,27,15,3,45,8.878232709,120,406,41.74527597,10.03408937,8.648489709,9.100739709,472,20,483,25,492,508
10,1000,40,7.7,28,92,948,35,8,9,52,8.591834459,117,454,42.57565356,10.27997635,8.379368302,8.833355817,503,29,445,23,532,468
14,1000,40,7.7,28,76,947,33,11,9,53,8.791157991,107,407,41.57962237,10.10621818,8.329019266,9.26642033,485,22,462,31,507,493
15,1000,40,7.7,28,75,945,34,15,6,55,8.529244955,90,382,41.76325624,9.867132483,8.230195649,8.828294261,477,23,468,32,500,500
12,1000,40,7.7,28,87,939,39,14,8,61,8.879699454,100,445,42.45078964,10.35294812,8.296467816,9.41806712,458,22,481,39,480,520
11,1000,40,7.7,28,89,946,38,8,8,54,8.674609706,102,424,41.91722696,9.961728767,8.084836865,9.281130661,485,22,461,32,507,493
9,1000,40,7.7,28,94,965,23,6,6,35,8.60898291,97,394,42.23340047,10.12266067,8.393328608,8.813707365,469,18,496,17,487,513
13,1000,40,7.7,28,85,954,29,14,3,46,8.865604545,114,418,41.76339415,10.07955011,8.637973678,9.086065936,471,21,483,25,492,508
16,1000,40,7.7,28,54,963,26,9,2,37,7.741040505,98,425,41.38149476,9.655055303,7.5104902,7.97344262,483,19,480,18,502,498
10,1000,40,7.7,28,93,948,35,7,10,52,8.633154268,118,408,42.62647847,10.28474481,8.386003909,8.914102966,503,29,445,23,532,468
14,1000,40,7.7,28,77,944,35,12,9,56,8.84659543,99,431,41.58553107,10.11740014,8.34943277,9.357876299,485,22,459,34,507,493
15,1000,40,7.7,28,76,945,33,16,6,55,8.549842722,102,420,41.78888999,9.911072173,8.288552403,8.811133041,477,23,468,32,500,500
12,1000,40,7.7,28,88,939,40,14,7,61,8.886027927,112,433,42.48743286,10.35531216,8.343130245,9.387164248,457,23,482,38,480,520
11,1000,40,7.7,28,90,946,37,9,8,54,8.688836666,107,424,41.95570387,9.992521292,8.108621679,9.285528347,485,22,461,32,507,493
9,1000,40,7.7,28,95,965,22,7,6,35,8.638996785,112,410,42.2621627,10.11875577,8.450432024,8.818004658,469,18,496,17,487,513
13,1000,40,7.7,28,86,952,31,14,3,48,8.877466452,109,386,41.78403528,10.13231738,8.685750755,9.06314386,470,22,482,26,492,508
10,1000,40,7.7,28,94,946,37,7,10,54,8.660257328,118,464,42.64815561,10.31741591,8.426662349,8.92579692,503,29,443,25,532,468
14,1000,40,7.7,28,78,946,33,12,9,54,8.852738365,103,420,41.62012565,10.15105865,8.337833849,9.382264917,487,20,459,34,507,493
16,1000,40,7.7,28,55,964,26,8,2,36,7.729788688,126,415,41.38355062,9.672867728,7.491821285,7.969667476,484,18,480,18,502,498
15,1000,40,7.7,28,77,946,33,14,7,54,8.570227098,118,431,41.80572587,9.925529908,8.329981383,8.810472814,479,21,467,33,500,500
12,1000,40,7.7,28,89,939,40,13,8,61,8.918593315,110,417,42.51818044,10.373946,8.369062113,9.425852886,457,23,482,38,480,520
11,1000,40,7.7,28,91,947,37,9,7,53,8.685959212,101,428,41.99440429,10.0332775,8.115079381,9.27305064,486,21,461,32,507,493
9,1000,40,7.7,28,96,965,22,7,6,35,8.655740981,111,430,42.30701573,10.12995004,8.470945117,8.831170973,468,19,497,16,487,513
13,1000,40,7.7,28,87,951,32,12,5,49,8.873162987,118,434,41.78847196,10.131809,8.610211734,9.127832311,471,21,480,28,492,508
10,1000,40,7.7,28,95,945,38,7,10,55,8.701972138,97,425,42.66605791,10.33166047,8.488955938,8.944118758,503,29,442,26,532,468
14,1000,40,7.7,28,79,945,35,12,8,55,8.836126621,102,432,41.63870101,10.17758543,8.317749086,9.369224815,486,21,459,34,507,493
16,1000,40,7.7,28,56,965,25,8,2,35,7.707475844,109,434,41.39083265,9.673066994,7.473488033,7.943343074,484,18,481,17,502,498
15,1000,40,7.7,28,78,946,32,15,7,54,8.587439372,114,420,41.82169979,9.933892158,8.335062314,8.839816429,479,21,467,33,500,500
9,1000,40,7.7,28,97,965,22,7,6,35,8.645678187,126,425,42.32829098,10.15771506,8.500378149,8.78361409,467,20,498,15,487,513
11,1000,40,7.7,28,92,947,37,8,8,53,8.688070586,98,414,42.01249774,10.05787936,8.107018169,9.285623477,487,20,460,33,507,493
12,1000,40,7.7,28,90,941,38,13,8,59,8.930400158,100,442,42.56039687,10.38761491,8.393016783,9.426446349,457,23,484,36,480,520
13,1000,40,7.7,28,88,950,33,12,5,50,8.954534033,100,431,41.80034475,10.13910528,8.707881438,9.193418043,470,22,480,28,492,508
10,1000,40,7.7,28,96,945,38,7,10,55,8.707239577,120,456,42.70006182,10.33729595,8.476454948,8.969584497,503,29,442,26,532,468
14,1000,40,7.7,28,80,945,37,12,6,55,8.851778458,98,443,41.67351995,10.20794598,8.378929546,9.338055128,485,22,460,33,507,493
15,1000,40,7.7,28,79,945,33,15,7,55,8.629372528,122,426,41.84098068,9.926798604,8.372192918,8.886552139,478,22,467,33,500,500
16,1000,40,7.7,28,57,965,24,9,2,35,7.738537617,111,447,41.41509933,9.70801963,7.537555196,7.941134354,484,18,481,17,502,498
9,1000,40,7.7,28,98,964,23,7,6,36,8.661611292,117,427,42.39565696,10.17352231,8.465962205,8.84734444,467,20,497,16,487,513
12,1000,40,7.7,28,91,941,38,13,8,59,8.938361779,109,421,42.56866952,10.40514348,8.367234024,9.46555663,457,23,484,36,480,520
11,1000,40,7.7,28,93,947,37,8,8,53,8.685557676,106,457,42.06350763,10.08879165,8.099548598,9.288207985,487,20,460,33,507,493
13,1000,40,7.7,28,89,949,34,11,6,51,8.991166068,92,418,41.85315334,10.16579711,8.789743416,9.1862447,469,23,480,28,492,508
10,1000,40,7.7,28,97,946,36,8,10,54,8.708089167,106,458,42.76278151,10.34476315,8.48160724,8.965542981,504,28,442,26,532,468
14,1000,40,7.7,28,81,945,38,12,5,55,8.850339632,92,416,41.69577998,10.22049463,8.367578686,9.346809813,484,23,461,32,507,493
15,1000,40,7.7,28,80,943,34,16,7,57,8.69540527,116,404,41.88275969,9.943539185,8.430820402,8.959990139,476,24,467,33,500,500
9,1000,40,7.7,28,99,963,22,9,6,37,8.715593177,91,410,42.4409529,10.1938815,8.516396902,8.904693735,467,20,496,17,487,513
11,1000,40,7.7,28,94,946,37,9,8,54,8.712945996,97,424,42.09665611,10.12099103,8.125141784,9.317442416,487,20,459,34,507,493
12,1000,40,7.7,28,92,940,39,13,8,60,8.954521933,111,388,42.58908463,10.44300629,8.386042709,9.479271986,457,23,483,37,480,520
16,1000,40,7.7,28,58,963,26,9,2,37,7.799251394,106,415,41.45337224,9.710419115,7.571054117,8.029281581,483,19,480,18,502,498
13,1000,40,7.7,28,90,949,34,11,6,51,8.985226833,117,415,41.86534419,10.16560158,8.784999317,9.179147971,469,23,480,28,492,508
10,1000,40,7.7,28,98,946,35,9,10,54,8.747446353,105,454,42.80336157,10.34815663,8.530199069,8.994402668,504,28,442,26,532,468
14,1000,40,7.7,28,82,942,41,12,5,58,8.849930729,117,396,41.70571763,10.22542822,8.324252208,9.390537242,484,23,458,35,507,493
15,1000,40,7.7,28,81,944,32,17,7,56,8.708329065,120,432,41.93283146,9.945614011,8.467709364,8.948948767,476,24,468,32,500,500
9,1000,40,7.7,28,100,963,21,11,5,37,8.690252006,116,438,42.45667684,10.20825568,8.530311411,8.84208645,468,19,495,18,487,513
11,1000,40,7.7,28,95,947,36,9,8,53,8.722500564,115,397,42.11944649,10.13071676,8.169536825,9.291167127,487,20,460,33,507,493
12,1000,40,7.7,28,93,938,41,12,9,62,8.964707558,103,413,42.60361981,10.47528883,8.391930866,9.493424504,456,24,482,38,480,520
13,1000,40,7.7,28,91,948,35,11,6,52,8.992236297,92,446,41.90549222,10.18127172,8.743141796,9.233485302,468,24,480,28,492,508
16,1000,40,7.7,28,59,960,29,8,3,40,7.836497191,96,431,41.45527206,9.722153253,7.608744624,8.066079096,480,22,480,18,502,498
10,1000,40,7.7,28,99,946,35,9,10,54,8.775619052,87,465,42.82986168,10.34088834,8.563165686,9.017125869,504,28,442,26,532,468
14,1000,40,7.7,28,83,943,42,11,4,57,8.844560936,116,420,41.74351022,10.27096983,8.358743681,9.344174219,484,23,459,34,507,493
15,1000,40,7.7,28,82,944,33,17,6,56,8.698371507,98,433,41.93672903,9.934988192,8.475641871,8.921101143,476,24,468,32,500,500
9,1000,40,7.7,28,101,962,22,11,5,38,8.737177643,121,420,42.47517062,10.21696034,8.575123593,8.891018428,467,20,495,18,487,513
11,1000,40,7.7,28,96,950,33,9,8,50,8.707713357,130,419,42.12682461,10.124654,8.158916618,9.272094587,488,19,462,31,507,493
12,1000,40,7.7,28,94,939,39,13,9,61,8.990026955,114,445,42.63854326,10.49249968,8.436295336,9.501163834,456,24,483,37,480,520
13,1000,40,7.7,28,92,946,37,11,6,54,9.025577728,99,430,41.92303864,10.19182655,8.780779898,9.26266539,468,24,478,30,492,508
10,1000,40,7.7,28,100,945,36,9,10,55,8.752306923,130,441,42.88157493,10.32916347,8.559804829,8.971134089,503,29,442,26,532,468
14,1000,40,7.7,28,84,942,42,11,5,58,8.91081162,94,423,41.77793391,10.28355512,8.381359713,9.455298673,484,23,458,35,507,493
16,1000,40,7.7,28,60,960,30,7,3,40,7.814811216,104,428,41.46410181,9.730254663,7.553404174,8.078317913,481,21,479,19,502,498
15,1000,40,7.7,28,83,945,32,17,6,55,8.703325754,108,439,41.96703778,9.943506396,8.459408116,8.947243391,476,24,469,31,500,500
9,1000,40,7.7,28,102,961,23,11,5,39,8.735808545,104,421,42.49683713,10.23455653,8.559578755,8.903106611,467,20,494,19,487,513
11,1000,40,7.7,28,97,950,33,8,9,50,8.75242158,109,409,42.16535419,10.12793145,8.229600293,9.290089719,488,19,462,31,507,493
12,1000,40,7.7,28,95,940,38,12,10,60,8.990416051,103,436,42.68389467,10.49308288,8.419961989,9.516989032,456,24,484,36,480,520
13,1000,40,7.7,28,93,946,36,13,5,54,9.017961732,101,426,41.97464224,10.20765559,8.78821278,9.240474496,468,24,478,30,492,508
10,1000,40,7.7,28,101,945,36,10,9,55,8.764610864,99,433,42.92803718,10.32915727,8.568383723,8.987672486,504,28,441,27,532,468
14,1000,40,7.7,28,85,940,45,10,5,60,8.951604545,109,425,41.76678862,10.29233414,8.438198165,9.479590418,483,24,457,36,507,493
16,1000,40,7.7,28,61,961,29,7,3,39,7.82932464,122,407,41.49747845,9.740556492,7.551694202,8.109185042,482,20,479,19,502,498
15,1000,40,7.7,28,84,944,33,17,6,56,8.725418359,108,460,41.97288298,9.959329805,8.465513134,8.985323584,475,25,469,31,500,500
9,1000,40,7.7,28,103,961,23,11,5,39,8.736726415,109,419,42.54847873,10.22285552,8.575480418,8.8898001,467,20,494,19,487,513
11,1000,40,7.7,28,98,950,32,9,9,50,8.789660757,96,422,42.18889409,10.14862477,8.277934907,9.315918375,488,19,462,31,507,493
12,1000,40,7.7,28,96,941,37,12,10,59,9.012025012,92,434,42.69374614,10.50121953,8.432236144,9.547214737,456,24,485,35,480,520
13,1000,40,7.7,28,94,946,36,13,5,54,9.027537453,94,419,41.97963133,10.21189528,8.776129422,9.271027121,468,24,478,30,492,508
10,1000,40,7.7,28,102,944,36,9,11,56,8.80531814,113,433,42.9642238,10.33315517,8.553588849,9.09147195,504,28,440,28,532,468
14,1000,40,7.7,28,86,938,46,11,5,62,8.983707464,120,408,41.78591024,10.30846784,8.460176796,9.522105128,483,24,455,38,507,493
15,1000,40,7.7,28,85,943,34,17,6,57,8.740613531,110,406,42.01354011,9.976696728,8.521633655,8.959593407,474,26,469,31,500,500
9,1000,40,7.7,28,104,961,23,10,6,39,8.765457529,100,401,42.56347716,10.2356713,8.615751143,8.907576457,467,20,494,19,487,513
16,1000,40,7.7,28,62,961,28,8,3,39,7.864419968,101,422,41.52624589,9.752521285,7.575752791,8.155405757,482,20,479,19,502,498
17,1000,40,7.7,28,0,949,23,14,14,51,6.811,86,400,39.95017264,8.778064413,6.217573222,7.35440613,454,24,495,27,478,522
11,1000,40,7.7,28,99,949,33,9,9,51,8.815221225,106,418,42.22969831,10.17321298,8.274446093,9.371353053,487,20,462,31,507,493
12,1000,40,7.7,28,97,942,37,12,9,58,9.012371881,101,443,42.75154636,10.52212422,8.436564095,9.54388676,457,23,485,35,480,520
13,1000,40,7.7,28,95,946,35,14,5,54,9.050843713,123,398,41.98983596,10.22983994,8.776599949,9.316449878,468,24,478,30,492,508
10,1000,40,7.7,28,103,942,38,9,11,58,8.818479673,96,443,42.9651859,10.34226262,8.604818167,9.061359845,502,30,440,28,532,468
14,1000,40,7.7,28,87,938,46,11,5,62,8.999236041,119,385,41.80464311,10.32576462,8.481889547,9.531273916,483,24,455,38,507,493
15,1000,40,7.7,28,86,944,32,17,7,56,8.750793789,104,436,42.05194278,9.992704109,8.52010794,8.981479639,475,25,469,31,500,500
17,1000,40,7.7,28,1,950,22,14,14,50,6.847346632,91,401,39.98097526,8.795224602,6.289067948,7.358567343,454,24,496,26,478,522
16,1000,40,7.7,28,63,962,26,9,3,38,7.855191324,103,420,41.53701608,9.774263532,7.578629137,8.133974893,483,19,479,19,502,498
11,1000,40,7.7,28,100,947,34,10,9,53,8.852432226,98,434,42.25829565,10.17556471,8.287240804,9.43367371,486,21,461,32,507,493
13,1000,40,7.7,28,96,946,35,14,5,54,9.073771628,98,443,42.01508904,10.23393765,8.801953357,9.337028693,467,25,479,29,492,508
12,1000,40,7.7,28,98,944,36,12,8,56,9.030872515,111,423,42.79021299,10.54405966,8.475828905,9.543220461,458,22,486,34,480,520
10,1000,40,7.7,28,104,942,38,9,11,58,8.835375217,101,421,42.98721949,10.36374541,8.609981229,9.091592315,502,30,440,28,532,468
18,1000,40,7.7,28,0,935,20,25,20,65,7.295,101,399,39.8810081,9.031927166,6.642147117,7.955734406,482,21,453,44,503,497
14,1000,40,7.7,28,88,938,46,11,5,62,8.99763001,115,431,41.80544098,10.33718716,8.481495817,9.528421157,483,24,455,38,507,493
15,1000,40,7.7,28,87,943,33,16,8,57,8.75268574,117,453,42.07419092,9.996314853,8.56391118,8.9414603,474,26,469,31,500,500
11,1000,40,7.7,28,101,947,34,9,10,53,8.880978261,100,418,42.26996531,10.20394039,8.295785649,9.482788918,486,21,461,32,507,493
13,1000,40,7.7,28,97,948,31,16,5,52,9.088623667,111,423,42.05463333,10.24517837,8.773344963,9.393972333,469,23,479,29,492,508
17,1000,40,7.7,28,2,952,21,13,14,48,6.867921149,87,417,40.00977513,8.79441309,6.319104265,7.370477605,455,23,497,25,478,522
12,1000,40,7.7,28,99,942,38,12,8,58,9.036918625,86,428,42.80463414,10.55611216,8.458831109,9.57053787,456,24,486,34,480,520
16,1000,40,7.7,28,64,963,25,9,3,37,7.861212869,95,411,41.53825906,9.779894131,7.612090823,8.112335895,483,19,480,18,502,498
14,1000,40,7.7,28,89,940,45,10,5,60,8.982592451,100,399,41.8453979,10.35837291,8.462482105,9.517472664,485,22,455,38,507,493
18,1000,40,7.7,28,1,935,20,25,20,65,7.354569049,106,407,39.87413641,9.036497559,6.689535457,8.027631216,482,21,453,44,503,497
15,1000,40,7.7,28,88,943,32,17,8,57,8.803730188,111,443,42.09753068,10.03350245,8.613782104,8.993678271,474,26,469,31,500,500
13,1000,40,7.7,28,98,947,32,16,5,53,9.09392296,115,410,42.05159932,10.25312841,8.731915006,9.444529089,468,24,479,29,492,508
11,1000,40,7.7,28,102,948,33,9,10,52,8.888762741,110,438,42.32611591,10.2152412,8.273734923,9.521255853,487,20,461,32,507,493
12,1000,40,7.7,28,100,944,36,13,7,56,9.017540495,105,430,42.82887901,10.56994504,8.43428418,9.555930939,456,24,488,32,480,520
17,1000,40,7.7,28,3,952,21,12,15,48,6.880369636,92,415,40.03915623,8.806046797,6.332560639,7.382003162,455,23,497,25,478,522
16,1000,40,7.7,28,65,963,25,9,3,37,7.887315834,105,433,41.55658025,9.800491387,7.629403188,8.147300068,483,19,480,18,502,498
14,1000,40,7.7,28,90,941,45,9,5,59,8.981167008,81,434,41.86681008,10.38982187,8.460916653,9.516191207,486,21,455,38,507,493
18,1000,40,7.7,28,2,938,20,23,19,62,7.321247447,108,385,39.90327093,9.048765685,6.688589414,7.961543202,483,20,455,42,503,497
15,1000,40,7.7,28,89,945,31,17,7,55,8.795435312,89,429,42.12248424,10.05511164,8.616139319,8.974731305,474,26,471,29,500,500
13,1000,40,7.7,28,99,948,33,15,4,52,9.088518198,121,418,42.08993623,10.26599855,8.723843313,9.44170726,468,24,480,28,492,508
11,1000,40,7.7,28,103,948,34,8,10,52,8.891779109,105,456,42.36009648,10.240502,8.282047612,9.518825497,487,20,461,32,507,493
12,1000,40,7.7,28,101,944,36,13,7,56,9.017924331,120,412,42.86953322,10.56949973,8.439152874,9.552174907,455,25,489,31,480,520
17,1000,40,7.7,28,4,953,20,12,15,47,6.893360464,84,398,40.0523683,8.833394341,6.328157596,7.410921711,456,22,497,25,478,522
14,1000,40,7.7,28,91,942,44,9,5,58,8.939772522,115,421,41.87349524,10.41263049,8.451741203,9.441662741,486,21,456,37,507,493
16,1000,40,7.7,28,66,964,25,8,3,36,7.889908812,109,408,41.6016053,9.808660618,7.673513131,8.10804261,483,19,481,17,502,498
18,1000,40,7.7,28,3,939,20,22,19,61,7.333914923,86,411,39.96381511,9.068730074,6.694563779,7.980984592,484,19,455,42,503,497
15,1000,40,7.7,28,90,944,31,18,7,56,8.794877582,127,436,42.1454498,10.06914773,8.587028669,9.002726494,473,27,471,29,500,500
13,1000,40,7.7,28,100,948,34,14,4,52,9.105496531,117,418,42.11864529,10.27403831,8.690916487,9.507018937,469,23,479,29,492,508
11,1000,40,7.7,28,104,947,34,9,10,53,8.904819686,106,418,42.38940742,10.24893065,8.300888298,9.525901255,487,20,460,33,507,493
19,1000,40,7.7,28,0,943,29,10,18,57,7.19,96,420,39.89723484,8.940012055,6.537284895,7.905660377,505,18,438,39,523,477
12,1000,40,7.7,28,102,944,36,13,7,56,9.047598763,105,448,42.88096472,10.57799247,8.471011921,9.579832771,455,25,489,31,480,520
17,1000,40,7.7,28,5,953,20,12,15,47,6.939269832,65,414,40.08224354,8.856291135,6.378355128,7.452904369,456,22,497,25,478,522
14,1000,40,7.7,28,92,942,42,10,6,58,8.934486067,106,435,41.89349944,10.42505621,8.437797417,9.445279466,486,21,456,37,507,493
18,1000,40,7.7,28,4,940,21,20,19,60,7.317764291,96,409,40.00880758,9.097797925,6.671517957,7.971812391,484,19,456,41,503,497
16,1000,40,7.7,28,67,962,27,9,2,38,7.917606831,84,423,41.63869461,9.833797914,7.710966573,8.125906851,482,20,480,18,502,498
15,1000,40,7.7,28,91,941,34,18,7,59,8.83000781,113,426,42.1675432,10.07387565,8.630000713,9.030014907,471,29,470,30,500,500
13,1000,40,7.7,28,101,948,33,14,5,52,9.125972079,104,450,42.12627092,10.28567009,8.734762672,9.50485993,469,23,479,29,492,508
12,1000,40,7.7,28,103,943,37,13,7,57,9.092695973,95,434,42.90174558,10.56707842,8.551595546,9.592173289,454,26,489,31,480,520
19,1000,40,7.7,28,1,944,30,10,16,56,7.183840812,92,386,39.92220531,8.939905546,6.526106117,7.905004849,506,17,438,39,523,477
17,1000,40,7.7,28,6,953,20,12,15,47,6.948892201,86,430,40.11877431,8.881773327,6.408897497,7.44337011,457,21,496,26,478,522
14,1000,40,7.7,28,93,944,40,9,7,56,8.929333987,111,420,41.92938366,10.44055342,8.436459206,9.436205212,487,20,457,36,507,493
15,1000,40,7.7,28,92,941,35,18,6,59,8.852145074,97,404,42.23197967,10.0991393,8.72088713,8.983403017,470,30,471,29,500,500
13,1000,40,7.7,28,102,948,34,13,5,52,9.153694953,96,449,42.14121046,10.31150474,8.794748795,9.50133572,468,24,480,28,492,508
18,1000,40,7.7,28,5,940,21,20,19,60,7.328034375,116,406,40.02316604,9.122727661,6.6507972,8.013447451,484,19,456,41,503,497
16,1000,40,7.7,28,68,959,30,9,2,41,7.947552148,99,416,41.64412543,9.83805059,7.749564226,8.147130335,480,22,479,19,502,498
12,1000,40,7.7,28,104,942,38,13,7,58,9.114763841,112,410,42.96696485,10.59484728,8.586608579,9.602291775,454,26,488,32,480,520
20,1000,40,7.7,28,0,953,19,13,15,47,7.003,98,424,39.92006508,8.614112319,6.247011952,7.765060241,487,15,466,32,502,498
14,1000,40,7.7,28,94,943,41,9,7,57,8.921951595,110,446,41.98430899,10.47421254,8.432565086,9.425235491,487,20,456,37,507,493
19,1000,40,7.7,28,2,943,29,12,16,57,7.219358553,79,399,39.94169812,8.979020952,6.537862079,7.96657586,505,18,438,39,523,477
17,1000,40,7.7,28,7,953,22,12,13,47,6.966802296,80,412,40.13082808,8.887398566,6.43007295,7.458290087,457,21,496,26,478,522
15,1000,40,7.7,28,93,941,35,18,6,59,8.884042748,110,429,42.24357945,10.13270938,8.731282438,9.036803058,470,30,471,29,500,500
13,1000,40,7.7,28,103,947,35,13,5,53,9.162771407,91,405,42.180022,10.32353288,8.829915283,9.485143874,468,24,479,29,492,508
18,1000,40,7.7,28,6,941,20,20,19,59,7.336627345,96,403,40.06637012,9.1398776,6.680416149,8.000760607,484,19,457,40,503,497
14,1000,40,7.7,28,95,943,40,10,7,57,8.932684673,101,439,42.01129053,10.49429277,8.421531541,9.458353309,488,19,455,38,507,493
20,1000,40,7.7,28,1,953,19,13,15,47,7.05271571,94,406,39.97662469,8.629584598,6.302184223,7.809275563,487,15,466,32,502,498
19,1000,40,7.7,28,3,943,29,12,16,57,7.262513103,80,392,39.941412,8.995603812,6.602214694,7.986488087,505,18,438,39,523,477
16,1000,40,7.7,28,69,958,30,10,2,42,7.971953021,98,424,41.6886993,9.876761258,7.757447089,8.188181893,480,22,478,20,502,498
17,1000,40,7.7,28,8,954,21,12,13,46,7.000306931,77,413,40.15386116,8.912819459,6.487629726,7.469769966,457,21,497,25,478,522
13,1000,40,7.7,28,104,947,35,13,5,53,9.166727221,111,449,42.21009058,10.32307414,8.825333602,9.497368284,468,24,479,29,492,508
15,1000,40,7.7,28,94,943,34,18,5,57,8.872101609,111,418,42.27516761,10.15524009,8.723577095,9.020626122,470,30,473,27,500,500
21,1000,40,7.7,28,0,939,34,17,10,61,7.263,105,390,39.9432115,8.909014939,6.740079365,7.794354839,484,20,455,41,504,496
18,1000,40,7.7,28,7,942,21,18,19,58,7.383683744,98,411,40.09089551,9.162344736,6.741609228,8.033509664,484,19,458,39,503,497
14,1000,40,7.7,28,96,942,40,11,7,58,8.968269803,111,409,42.04586606,10.51799924,8.451768532,9.499438453,487,20,455,38,507,493
20,1000,40,7.7,28,2,953,19,13,15,47,7.077855839,82,435,40.01796785,8.622439053,6.316785024,7.845039673,487,15,466,32,502,498
19,1000,40,7.7,28,4,942,31,12,15,58,7.259703354,105,382,39.97971204,9.003168779,6.538524154,8.050430233,505,18,437,40,523,477
17,1000,40,7.7,28,9,956,21,11,12,44,7.003565164,99,428,40.16563032,8.919194983,6.51339079,7.452422158,458,20,498,24,478,522
16,1000,40,7.7,28,70,958,30,10,2,42,8.0106084,96,440,41.72310831,9.892500637,7.771189174,8.251950672,480,22,478,20,502,498
15,1000,40,7.7,28,95,945,33,18,4,55,8.899574461,112,431,42.31783803,10.17771588,8.753544611,9.045604312,470,30,475,25,500,500
21,1000,40,7.7,28,1,938,36,16,10,62,7.298334962,98,388,39.94801526,8.927485401,6.792053756,7.812781994,483,21,455,41,504,496
18,1000,40,7.7,28,8,942,22,17,19,58,7.402865129,121,413,40.14827107,9.18482562,6.802923282,8.010049735,485,18,457,40,503,497
14,1000,40,7.7,28,97,942,37,14,7,58,8.983190323,102,438,42.0628016,10.52313016,8.460651067,9.520568422,487,20,455,38,507,493
20,1000,40,7.7,28,3,955,20,10,15,45,7.083906403,94,400,40.0172988,8.64407421,6.302117095,7.871975144,488,14,467,31,502,498
19,1000,40,7.7,28,5,943,32,12,13,57,7.251360426,101,405,40.03235619,9.031138613,6.566954769,8.001767467,505,18,438,39,523,477
17,1000,40,7.7,28,10,957,20,11,12,43,7.00901058,93,422,40.17650652,8.940053214,6.513405011,7.462840966,459,19,498,24,478,522
15,1000,40,7.7,28,96,946,33,17,4,54,8.880191626,99,423,42.34317965,10.22514877,8.742140876,9.018242375,471,29,475,25,500,500
16,1000,40,7.7,28,71,958,30,10,2,42,8.013492305,97,406,41.7439994,9.917170313,7.771512547,8.257415676,481,21,477,21,502,498
21,1000,40,7.7,28,2,938,36,16,10,62,7.350899235,95,393,39.97179023,8.944973769,6.870525943,7.839020484,483,21,455,41,504,496
18,1000,40,7.7,28,9,943,21,17,19,57,7.404163152,102,383,40.16251138,9.17680963,6.794748047,8.02093538,486,17,457,40,503,497
14,1000,40,7.7,28,98,940,38,15,7,60,9.020687868,117,419,42.05898862,10.51926685,8.487675122,9.568836879,486,21,454,39,507,493
19,1000,40,7.7,28,6,944,31,12,13,56,7.291939892,92,397,40.05558579,9.071429524,6.600118623,8.050477677,505,18,439,38,523,477
20,1000,40,7.7,28,4,955,20,11,14,45,7.104923806,98,408,40.05499506,8.65438788,6.308379785,7.907865771,488,14,467,31,502,498
17,1000,40,7.7,28,11,959,20,11,10,41,6.992751443,93,394,40.19838313,8.967164839,6.511060774,7.433839833,459,19,500,22,478,522
15,1000,40,7.7,28,97,944,34,18,4,56,8.898251378,122,429,42.39019647,10.257079,8.775500714,9.021002042,470,30,474,26,500,500
21,1000,40,7.7,28,3,940,34,16,10,60,7.353722727,93,408,39.99335469,8.977503821,6.904936748,7.80974719,483,21,457,39,504,496
18,1000,40,7.7,28,10,946,19,16,19,54,7.396233147,108,370,40.18273192,9.178909682,6.801330048,7.998318174,487,16,459,38,503,497
16,1000,40,7.7,28,72,958,30,9,3,42,8.028093641,111,447,41.77799536,9.932194428,7.773459099,8.284773441,481,21,477,21,502,498
14,1000,40,7.7,28,99,942,35,16,7,58,9.045094351,102,402,42.09504787,10.54818832,8.523740851,9.581253021,487,20,455,38,507,493
20,1000,40,7.7,28,5,958,21,10,11,42,7.050237224,96,398,40.08231105,8.688687786,6.233232839,7.873803893,491,11,467,31,502,498
19,1000,40,7.7,28,7,943,32,13,12,57,7.322528788,98,422,40.06923423,9.083332018,6.604389791,8.109922279,505,18,438,39,523,477
17,1000,40,7.7,28,12,960,19,12,9,40,6.977162108,101,392,40.23551196,8.976672977,6.495330862,7.418379225,459,19,501,21,478,522
15,1000,40,7.7,28,98,943,35,18,4,57,8.921717973,112,426,42.39549113,10.26068645,8.782345633,9.061090313,469,31,474,26,500,500
21,1000,40,7.7,28,4,941,33,16,10,59,7.370598398,95,379,40.01387347,8.990443755,6.93365327,7.814591029,482,22,459,37,504,496
18,1000,40,7.7,28,11,946,20,16,18,54,7.431302275,100,407,40.20274704,9.197681274,6.841229044,8.028499127,487,16,459,38,503,497
14,1000,40,7.7,28,100,941,36,16,7,59,9.069633411,93,442,42.10017868,10.55865027,8.581589259,9.571536828,486,21,455,38,507,493
16,1000,40,7.7,28,73,955,33,9,3,45,8.074313201,98,468,41.83317223,9.966145517,7.845815953,8.304645769,481,21,474,24,502,498
19,1000,40,7.7,28,8,944,32,13,11,56,7.315783437,92,378,40.1141277,9.100552715,6.602895014,8.09742001,505,18,439,38,523,477
20,1000,40,7.7,28,6,959,20,10,11,41,7.05916608,98,412,40.11074502,8.694684755,6.259745829,7.865007378,492,10,467,31,502,498
15,1000,40,7.7,28,99,942,35,19,4,58,8.933865493,108,461,42.42176091,10.28946966,8.760449382,9.107281603,469,31,473,27,500,500
17,1000,40,7.7,28,13,961,19,11,9,39,6.986804868,96,417,40.24820485,8.98280428,6.476135687,7.454429137,460,18,501,21,478,522
21,1000,40,7.7,28,5,941,33,16,10,59,7.409915365,71,392,40.0131576,8.973118163,6.951586518,7.875636613,482,22,459,37,504,496
18,1000,40,7.7,28,12,945,20,17,18,55,7.46488514,101,421,40.20683706,9.207406163,6.852641241,8.084520313,487,16,458,39,503,497
14,1000,40,7.7,28,101,941,35,17,7,59,9.115943935,98,428,42.13591004,10.57374947,8.601239495,9.645264728,486,21,455,38,507,493
16,1000,40,7.7,28,74,955,32,10,3,45,8.127344673,102,431,41.86034653,9.987284196,7.869959787,8.386796906,481,21,474,24,502,498
19,1000,40,7.7,28,9,941,35,13,11,59,7.359476948,99,439,40.14899818,9.105663601,6.65662447,8.130109749,504,19,437,40,523,477
20,1000,40,7.7,28,7,958,21,11,10,42,7.067659597,91,369,40.13187016,8.715290976,6.222752934,7.919352659,493,9,465,33,502,498
15,1000,40,7.7,28,100,941,36,19,4,59,8.979754616,86,431,42.44869233,10.29763773,8.818228939,9.141280292,469,31,472,28,500,500
21,1000,40,7.7,28,6,942,32,16,10,58,7.446451783,112,417,40.0215983,9.001764608,6.970064147,7.930523091,483,21,459,37,504,496
17,1000,40,7.7,28,14,962,18,11,9,38,7.029301864,100,411,40.27732888,8.991829078,6.553471386,7.465024026,460,18,502,20,478,522
18,1000,40,7.7,28,13,944,20,18,18,56,7.52934016,105,397,40.22136368,9.215475728,6.899197021,8.167090661,487,16,457,40,503,497
14,1000,40,7.7,28,102,940,37,16,7,60,9.1080392,124,421,42.1647017,10.5899985,8.582126206,9.648886843,485,22,455,38,507,493
19,1000,40,7.7,28,10,943,36,11,10,57,7.33557555,91,402,40.17226718,9.107277822,6.651166924,8.085985847,504,19,439,38,523,477
16,1000,40,7.7,28,75,954,31,11,4,46,8.175559196,111,435,41.89397132,9.98788487,7.944725059,8.408247423,480,22,474,24,502,498
15,1000,40,7.7,28,101,941,36,19,4,59,8.975410592,99,441,42.47834295,10.34478338,8.838049162,9.112772022,469,31,472,28,500,500
20,1000,40,7.7,28,8,959,21,10,10,41,7.066456519,88,414,40.1663617,8.725534431,6.191123628,7.948820197,493,9,466,32,502,498
21,1000,40,7.7,28,7,943,31,16,10,57,7.48953292,87,393,40.04256718,9.03154967,7.03492268,7.951475583,483,21,460,36,504,496
17,1000,40,7.7,28,15,962,19,12,7,38,7.015462488,93,381,40.30483824,9.015756013,6.568418779,7.424824353,460,18,502,20,478,522
18,1000,40,7.7,28,14,946,19,17,18,54,7.544049639,75,393,40.2537247,9.234638965,6.878648533,8.217483756,489,14,457,40,503,497
14,1000,40,7.7,28,103,939,38,16,7,61,9.120981759,119,430,42.18337821,10.60313903,8.580459642,9.676853389,485,22,454,39,507,493
19,1000,40,7.7,28,11,945,34,11,10,55,7.338469482,99,387,40.21213242,9.108432594,6.639104753,8.10527819,505,18,440,37,523,477
21,1000,40,7.7,28,8,944,30,16,10,56,7.50290929,82,399,40.04197682,9.034246647,7.069609934,7.943197345,483,21,461,35,504,496
20,1000,40,7.7,28,9,960,20,10,10,40,7.071620326,106,374,40.18440097,8.753643504,6.213245713,7.936889514,494,8,466,32,502,498
15,1000,40,7.7,28,102,942,36,18,4,58,8.97808093,116,442,42.47417387,10.35927276,8.800530612,9.155631248,470,30,472,28,500,500
16,1000,40,7.7,28,76,952,32,12,4,48,8.223624072,96,435,41.90006769,9.987854119,8.012186571,8.436759867,478,24,474,24,502,498
18,1000,40,7.7,28,15,948,17,18,17,52,7.534134874,102,410,40.28271127,9.255317969,6.885839845,8.190256403,489,14,459,38,503,497
17,1000,40,7.7,28,16,963,18,12,7,37,7.012984315,99,419,40.35797696,9.018013156,6.588507373,7.401681591,460,18,503,19,478,522
14,1000,40,7.7,28,104,938,39,16,7,62,9.154335142,111,425,42.21876652,10.64145741,8.624961656,9.698741547,485,22,453,40,507,493
22,1000,40,7.7,28,0,952,20,14,14,48,6.873,96,434,39.94385462,8.702859207,6.012684989,7.64516129,458,15,494,33,473,527
19,1000,40,7.7,28,12,946,32,12,10,54,7.359924764,96,422,40.23470268,9.118624774,6.682554342,8.102618119,505,18,441,36,523,477
21,1000,40,7.7,28,9,947,29,14,10,53,7.525793226,83,396,40.07411887,9.054484337,7.124865853,7.93318717,484,20,463,33,504,496
15,1000,40,7.7,28,103,943,35,18,4,57,8.970364169,99,437,42.5216625,10.35932577,8.812471043,9.128257294,471,29,472,28,500,500
20,1000,40,7.7,28,10,961,18,11,10,39,7.066990979,97,417,40.1913848,8.777012089,6.207218928,7.93366883,495,7,466,32,502,498
18,1000,40,7.7,28,16,950,16,17,17,50,7.534143682,89,415,40.29885326,9.258784593,6.858866158,8.21757345,490,13,460,37,503,497
17,1000,40,7.7,28,17,963,18,13,6,37,7.039501558,88,396,40.40045919,9.030296462,6.592000988,7.449281774,461,17,502,20,478,522
16,1000,40,7.7,28,77,953,32,11,4,47,8.229430614,103,400,41.91375429,9.997928541,8.024197982,8.436311701,478,24,475,23,502,498
22,1000,40,7.7,28,1,952,20,14,14,48,6.902821689,97,398,39.95859982,8.705226354,6.029329198,7.686810205,458,15,494,33,473,527
19,1000,40,7.7,28,13,948,30,13,9,52,7.335151842,109,384,40.27216695,9.141451391,6.679821081,8.05368012,506,17,442,35,523,477
21,1000,40,7.7,28,10,947,27,16,10,53,7.570981676,82,408,40.09260814,9.059424811,7.139393726,8.009530723,485,19,462,34,504,496
18,1000,40,7.7,28,17,949,17,17,17,51,7.567566209,88,404,40.30337258,9.265901115,6.888466119,8.254864691,489,14,460,37,503,497
15,1000,40,7.7,28,104,942,37,17,4,58,8.974165411,118,421,42.55109301,10.37649026,8.815060612,9.13327021,471,29,471,29,500,500
20,1000,40,7.7,28,11,961,18,11,10,39,7.104797149,98,390,40.23046478,8.793451642,6.258788206,7.957601345,495,7,466,32,502,498
23,1000,40,7.7,28,0,940,30,20,10,60,7.141,84,403,39.94886407,9.010188306,6.248046875,8.077868852,493,19,447,41,512,488
17,1000,40,7.7,28,18,964,17,13,6,36,7.045937565,102,401,40.42126416,9.04670227,6.573161045,7.47886319,462,16,502,20,478,522
16,1000,40,7.7,28,78,953,33,10,4,47,8.24233082,105,421,41.93778307,9.99786992,8.030587916,8.45577447,478,24,475,23,502,498
22,1000,40,7.7,28,2,952,21,13,14,48,6.898853951,90,426,39.98776496,8.725889778,6.031144737,7.677651784,459,14,493,34,473,527
19,1000,40,7.7,28,14,946,33,12,9,54,7.388170975,98,435,40.29133223,9.141186081,6.704863762,8.137373643,507,16,439,38,523,477
18,1000,40,7.7,28,18,950,17,16,17,50,7.578937086,93,401,40.33691651,9.277988264,6.898133894,8.26795923,489,14,461,36,503,497
21,1000,40,7.7,28,11,948,26,16,10,52,7.595530818,82,378,40.12751564,9.0619433,7.180067578,8.017695078,485,19,463,33,504,496
20,1000,40,7.7,28,12,961,18,11,10,39,7.171328961,83,393,40.26375671,8.793762581,6.356746978,7.992453772,495,7,466,32,502,498
23,1000,40,7.7,28,1,942,30,19,9,58,7.117465951,96,420,39.97910799,9.022606829,6.214685706,8.064645223,493,19,449,39,512,488
17,1000,40,7.7,28,19,965,16,13,6,35,7.099669133,92,388,40.45499087,9.064409518,6.6742477,7.489231288,462,16,503,19,478,522
22,1000,40,7.7,28,3,952,20,14,14,48,6.954490062,86,390,40.01944995,8.744053966,6.078907695,7.740354311,459,14,493,34,473,527
19,1000,40,7.7,28,15,947,32,12,9,53,7.423421972,89,410,40.31273115,9.1558779,6.732814571,8.180628828,508,15,439,38,523,477
16,1000,40,7.7,28,79,952,34,10,4,48,8.244611113,92,405,41.96588456,10.00228556,8.054403381,8.436346618,478,24,474,24,502,498
18,1000,40,7.7,28,19,952,16,13,19,48,7.581293148,92,407,40.33667318,9.291684555,6.902788616,8.267988881,490,13,462,35,503,497
21,1000,40,7.7,28,12,950,24,16,10,50,7.619083522,91,382,40.14824027,9.060879215,7.195711497,8.049284127,486,18,464,32,504,496
20,1000,40,7.7,28,13,963,16,12,9,37,7.165821511,83,403,40.30512152,8.797346359,6.375943255,7.962044171,495,7,468,30,502,498
17,1000,40,7.7,28,20,965,16,13,6,35,7.147539004,106,404,40.49946181,9.0572188,6.763450394,7.499252329,461,17,504,18,478,522
23,1000,40,7.7,28,2,944,29,18,9,56,7.130489009,118,410,39.98213788,9.028629033,6.2415387,8.063158186,493,19,451,37,512,488
22,1000,40,7.7,28,4,954,19,12,15,46,6.962279945,87,385,40.03761409,8.753119691,6.107518087,7.729457097,459,14,495,32,473,527
19,1000,40,7.7,28,16,946,33,11,10,54,7.449882665,109,421,40.32993909,9.164804312,6.764900778,8.200921505,507,16,439,38,523,477
18,1000,40,7.7,28,20,953,17,12,18,47,7.593224851,102,401,40.38013574,9.31379074,6.912270873,8.282399602,491,12,462,35,503,497
16,1000,40,7.7,28,80,953,33,10,4,47,8.267520085,97,414,42.00383779,10.03143897,8.070949115,8.465669938,478,24,475,23,502,498
21,1000,40,7.7,28,13,951,22,17,10,49,7.653001655,95,398,40.17413508,9.102436571,7.246324331,8.06623829,486,18,465,31,504,496
20,1000,40,7.7,28,14,962,17,11,10,38,7.220296743,91,421,40.33249095,8.83301086,6.440176505,8.006683007,494,8,468,30,502,498
17,1000,40,7.7,28,21,965,16,13,6,35,7.148166379,81,401,40.53487241,9.048282648,6.770211673,7.494262834,461,17,504,18,478,522
23,1000,40,7.7,28,3,944,29,18,9,56,7.145087358,89,400,40.00471446,9.032755373,6.233335981,8.101678967,493,19,451,37,512,488
19,1000,40,7.7,28,17,946,33,10,11,54,7.506001127,98,408,40.35386255,9.187931845,6.841281492,8.234823704,507,16,439,38,523,477
22,1000,40,7.7,28,5,955,18,12,15,45,6.957816656,81,390,40.06386583,8.783411157,6.128028708,7.702578893,460,13,495,32,473,527
18,1000,40,7.7,28,21,953,18,12,17,47,7.590619311,95,403,40.41418884,9.337326184,6.895920983,8.293704338,491,12,462,35,503,497
21,1000,40,7.7,28,14,950,22,18,10,50,7.673570932,79,400,40.22630117,9.109991332,7.245219815,8.108830938,486,18,464,32,504,496
16,1000,40,7.7,28,81,953,34,10,3,47,8.283782932,99,423,42.04301862,10.05180811,8.105540918,8.463456608,478,24,475,23,502,498
20,1000,40,7.7,28,15,961,18,11,10,39,7.248815415,100,406,40.35516056,8.823186203,6.504317383,7.99929335,493,9,468,30,502,498
17,1000,40,7.7,28,22,966,16,13,5,34,7.184597038,81,392,40.58132937,9.065361916,6.790130982,7.545813081,462,16,504,18,478,522
23,1000,40,7.7,28,4,944,28,19,9,56,7.158066912,98,398,40.06110303,9.043333247,6.236188912,8.125283175,494,18,450,38,512,488
22,1000,40,7.7,28,6,955,18,12,15,45,7.031447264,95,417,40.08483474,8.809091582,6.203240331,7.774790489,460,13,495,32,473,527
19,1000,40,7.7,28,18,947,33,9,11,53,7.528909244,111,424,40.37650698,9.195006942,6.882411694,8.237752469,507,16,440,37,523,477
18,1000,40,7.7,28,22,952,19,12,17,48,7.619419061,94,394,40.43252073,9.33162343,6.930236393,8.316921841,491,12,461,36,503,497
21,1000,40,7.7,28,15,951,22,18,9,49,7.670888482,91,410,40.27463093,9.113213682,7.233717503,8.115110606,486,18,465,31,504,496
20,1000,40,7.7,28,16,961,18,11,10,39,7.267943954,94,362,40.38383839,8.837635448,6.52322895,8.018640605,493,9,468,30,502,498
16,1000,40,7.7,28,82,952,35,10,3,48,8.280837028,112,419,42.0633254,10.08962409,8.078946158,8.484349513,478,24,474,24,502,498
17,1000,40,7.7,28,23,965,16,14,5,35,7.222896251,87,415,40.62532185,9.097422478,6.813911535,7.597407159,462,16,503,19,478,522
22,1000,40,7.7,28,7,956,18,11,15,44,7.023207209,106,410,40.1203555,8.80560801,6.178511688,7.781349488,460,13,496,31,473,527
23,1000,40,7.7,28,5,943,29,19,9,57,7.200490596,98,436,40.07762976,9.052853951,6.272689381,8.17392138,493,19,450,38,512,488
19,1000,40,7.7,28,19,948,31,10,11,52,7.580075144,111,432,40.40075111,9.205134214,6.927799544,8.295253633,507,16,441,36,523,477
18,1000,40,7.7,28,23,953,18,12,17,47,7.615849179,102,405,40.46663307,9.346463822,6.947826307,8.291936714,492,11,461,36,503,497
21,1000,40,7.7,28,16,950,22,19,9,50,7.678118019,86,391,40.28192215,9.124771378,7.248168087,8.115002627,485,19,465,31,504,496
20,1000,40,7.7,28,17,960,19,11,10,40,7.328337831,93,405,40.4163536,8.8598598,6.573399034,8.089340393,492,10,468,30,502,498
16,1000,40,7.7,28,83,950,36,11,3,50,8.313684035,98,423,42.09317214,10.10423522,8.086619096,8.542572788,479,23,471,27,502,498
22,1000,40,7.7,28,8,955,19,11,15,45,7.069668949,82,430,40.16929116,8.833834011,6.232000194,7.821504474,459,14,496,31,473,527
17,1000,40,7.7,28,24,965,16,14,5,35,7.260456536,96,399,40.66561335,9.123011225,6.852051312,7.634436798,462,16,503,19,478,522
19,1000,40,7.7,28,20,948,31,10,11,52,7.583105493,81,431,40.41432604,9.240371067,6.916834035,8.313629545,507,16,441,36,523,477
23,1000,40,7.7,28,6,944,28,19,9,56,7.235373022,104,401,40.0841914,9.046930897,6.305823723,8.21063786,493,19,451,37,512,488
18,1000,40,7.7,28,24,954,17,13,16,46,7.616465829,75,390,40.50862107,9.35109757,6.972275948,8.26843265,492,11,462,35,503,497
21,1000,40,7.7,28,17,949,22,20,9,51,7.717627497,102,395,40.3088729,9.112736728,7.266866863,8.175658464,485,19,464,32,504,496
20,1000,40,7.7,28,18,961,17,13,9,39,7.314100257,100,420,40.45261812,8.857320705,6.591153116,8.042854203,492,10,469,29,502,498
22,1000,40,7.7,28,9,955,19,11,15,45,7.128888731,87,397,40.19519912,8.858774906,6.286388323,7.885060824,459,14,496,31,473,527
19,1000,40,7.7,28,21,948,31,10,11,52,7.586979448,96,412,40.4379273,9.259320204,6.962450422,8.271735591,506,17,442,35,523,477
17,1000,40,7.7,28,25,965,16,13,6,35,7.29116972,103,422,40.70629193,9.125665918,6.886872109,7.661388605,462,16,503,19,478,522
16,1000,40,7.7,28,84,950,36,11,3,50,8.341440742,93,451,42.12741211,10.11895005,8.116541492,8.568146413,479,23,471,27,502,498
18,1000,40,7.7,28,25,956,17,12,15,44,7.63886789,90,415,40.55193579,9.376454285,6.976328024,8.309406226,493,10,463,34,503,497
21,1000,40,7.7,28,18,950,21,20,9,50,7.720920268,102,393,40.32700046,9.119064521,7.26012952,8.189143125,486,18,464,32,504,496
23,1000,40,7.7,28,7,947,28,17,8,53,7.242118923,100,405,40.1080335,9.0706703,6.339374923,8.189260169,494,18,453,35,512,488
20,1000,40,7.7,28,19,960,18,13,9,40,7.353892977,99,404,40.48360609,8.856804956,6.605290602,8.108508222,492,10,468,30,502,498
19,1000,40,7.7,28,22,948,32,10,10,52,7.616783293,96,415,40.490995,9.26695504,7.005972817,8.286497924,506,17,442,35,523,477
22,1000,40,7.7,28,10,956,20,9,15,44,7.134393215,104,409,40.24347926,8.880469055,6.330411099,7.855993861,459,14,497,30,473,527
17,1000,40,7.7,28,26,968,15,11,6,32,7.301189817,88,424,40.75249605,9.149936338,6.90042111,7.668177254,463,15,505,17,478,522
18,1000,40,7.7,28,26,955,19,12,14,45,7.665914379,94,418,40.56136313,9.397050653,7.037148709,8.302270781,492,11,463,34,503,497
21,1000,40,7.7,28,19,950,21,21,8,50,7.725093513,96,385,40.35776308,9.14379488,7.248447118,8.209427753,486,18,464,32,504,496
16,1000,40,7.7,28,85,951,36,10,3,49,8.352590717,96,427,42.16722821,10.13280904,8.127293692,8.579697357,480,22,471,27,502,498
23,1000,40,7.7,28,8,947,29,16,8,53,7.246705359,97,412,40.13168463,9.07125112,6.341007736,8.196945488,494,18,453,35,512,488
19,1000,40,7.7,28,23,948,31,11,10,52,7.617794873,90,396,40.52250113,9.272354881,7.027778614,8.264709975,505,18,443,34,523,477
22,1000,40,7.7,28,11,958,19,8,15,42,7.138986548,97,420,40.27113442,8.907050187,6.339977469,7.856123729,461,12,497,30,473,527
20,1000,40,7.7,28,20,963,18,10,9,37,7.354018563,91,432,40.52415801,8.879952528,6.589561077,8.124616269,494,8,469,29,502,498
17,1000,40,7.7,28,27,967,16,11,6,33,7.351992431,100,418,40.78948028,9.145628526,6.979661521,7.692939126,462,16,505,17,478,522
18,1000,40,7.7,28,27,955,20,12,13,45,7.670134443,107,393,40.61118062,9.40390049,7.054888487,8.292807916,492,11,463,34,503,497
21,1000,40,7.7,28,20,951,21,20,8,49,7.764684708,80,414,40.38340524,9.17168114,7.310124935,8.22657609,486,18,465,31,504,496
23,1000,40,7.7,28,9,948,29,15,8,52,7.275545736,101,439,40.15019841,9.088919616,6.367512609,8.228236231,494,18,454,34,512,488
16,1000,40,7.7,28,86,950,37,10,3,50,8.405772174,111,441,42.19654984,10.14711406,8.225810367,8.587179456,480,22,470,28,502,498
19,1000,40,7.7,28,24,951,28,11,10,49,7.601257261,109,394,40.54622929,9.306198964,6.988964822,8.272596768,506,17,445,32,523,477
22,1000,40,7.7,28,12,958,19,8,15,42,7.169348566,99,414,40.29555256,8.907454153,6.370823961,7.886050915,461,12,497,30,473,527
20,1000,40,7.7,28,21,963,18,10,9,37,7.373474767,74,411,40.54368075,8.890851563,6.61504998,8.137991319,494,8,469,29,502,498
18,1000,40,7.7,28,28,956,19,12,13,44,7.6934858,84,431,40.63962069,9.436484702,7.096359884,8.297820479,493,10,463,34,503,497
17,1000,40,7.7,28,28,967,16,11,6,33,7.368193809,97,440,40.79453214,9.169941351,6.974897652,7.728338565,462,16,505,17,478,522
21,1000,40,7.7,28,21,951,22,18,9,49,7.78912581,93,401,40.40239343,9.178496797,7.358035006,8.227169691,485,19,466,30,504,496
23,1000,40,7.7,28,10,950,28,14,8,50,7.267202247,94,421,40.18017365,9.112746162,6.373320062,8.205045852,495,17,455,33,512,488
16,1000,40,7.7,28,87,949,38,10,3,51,8.434079956,103,418,42.22151602,10.1587792,8.257164406,8.612416514,480,22,469,29,502,498
19,1000,40,7.7,28,25,951,29,10,10,49,7.604411109,100,419,40.562078,9.321868105,6.999908666,8.267209385,505,18,446,31,523,477
22,1000,40,7.7,28,13,958,19,7,16,42,7.210285984,93,399,40.31674083,8.921602363,6.42455662,7.915504179,461,12,497,30,473,527
18,1000,40,7.7,28,29,954,21,12,13,46,7.714061513,99,429,40.66975337,9.435949164,7.121946927,8.313324365,492,11,462,35,503,497
21,1000,40,7.7,28,22,951,23,17,9,49,7.781168875,94,401,40.46621532,9.183911319,7.357961816,8.211201854,486,18,465,31,504,496
20,1000,40,7.7,28,22,963,18,10,9,37,7.406658998,106,411,40.58435863,8.898476824,6.653168807,8.166201319,494,8,469,29,502,498
17,1000,40,7.7,28,29,968,17,10,5,32,7.404891748,89,399,40.79343703,9.159811451,6.986404657,7.788104065,464,14,504,18,478,522
23,1000,40,7.7,28,11,949,28,16,7,51,7.272771119,83,384,40.19742156,9.111856093,6.381660197,8.207707169,496,16,453,35,512,488
19,1000,40,7.7,28,26,952,29,9,10,48,7.614438332,99,441,40.56805489,9.332211927,7.044051278,8.239831266,505,18,447,30,523,477
16,1000,40,7.7,28,88,949,38,10,3,51,8.426884121,97,421,42.24534165,10.18429686,8.247721518,8.60748578,480,22,469,29,502,498
22,1000,40,7.7,28,14,958,19,7,16,42,7.229714647,102,412,40.36314718,8.943922106,6.457555768,7.922752881,461,12,497,30,473,527
18,1000,40,7.7,28,30,954,21,12,13,46,7.726074671,101,427,40.71162298,9.455538426,7.134932914,8.324352948,492,11,462,35,503,497
21,1000,40,7.7,28,23,952,23,16,9,48,7.79426551,79,411,40.4664486,9.208500698,7.391758543,8.203264525,486,18,466,30,504,496
20,1000,40,7.7,28,23,963,18,10,9,37,7.412129902,97,428,40.58662671,8.938624912,6.637809186,8.192670061,494,8,469,29,502,498
17,1000,40,7.7,28,30,968,17,10,5,32,7.40808334,114,397,40.83987246,9.16633262,6.987779736,7.792959054,464,14,504,18,478,522
23,1000,40,7.7,28,12,950,26,17,7,50,7.308428429,88,418,40.20993087,9.123632265,6.407030725,8.254157168,497,15,453,35,512,488
19,1000,40,7.7,28,27,953,29,8,10,47,7.619949932,109,395,40.6134122,9.370714094,7.053481253,8.241046618,506,17,447,30,523,477
22,1000,40,7.7,28,15,958,19,8,15,42,7.222607934,107,415,40.37579014,8.962564063,6.427771968,7.935999607,461,12,497,30,473,527
18,1000,40,7.7,28,31,953,22,12,13,47,7.754195206,96,406,40.74748703,9.475712983,7.189731196,8.32547367,491,12,462,35,503,497
16,1000,40,7.7,28,89,947,40,10,3,53,8.43463557,107,429,42.29061662,10.20853104,8.266812913,8.603806199,480,22,467,31,502,498
21,1000,40,7.7,28,24,952,23,16,9,48,7.853032792,93,402,40.47700906,9.232831559,7.456583714,8.255876209,486,18,466,30,504,496
20,1000,40,7.7,28,24,963,17,11,9,37,7.469420355,105,424,40.60912226,8.966594769,6.713127476,8.231787876,494,8,469,29,502,498
17,1000,40,7.7,28,31,967,18,10,5,33,7.46006908,93,412,40.8657504,9.176396477,7.034747922,7.849539412,463,15,504,18,478,522
23,1000,40,7.7,28,13,950,26,17,7,50,7.305035281,97,415,40.24462784,9.170238434,6.419351911,8.23427685,497,15,453,35,512,488
19,1000,40,7.7,28,28,954,29,7,10,46,7.642140042,93,405,40.64185151,9.387565459,7.056477824,8.284281215,506,17,448,29,523,477
22,1000,40,7.7,28,16,959,18,8,15,41,7.237280605,100,431,40.43832993,9.012078415,6.435587439,7.956826843,461,12,498,29,473,527
18,1000,40,7.7,28,32,952,22,13,13,48,7.750947126,103,404,40.7842718,9.478374888,7.165872524,8.343085003,491,12,461,36,503,497
21,1000,40,7.7,28,25,952,23,16,9,48,7.915749711,92,404,40.50671347,9.224874186,7.521746017,8.316108303,486,18,466,30,504,496
16,1000,40,7.7,28,90,947,40,10,3,53,8.431076567,109,436,42.31563987,10.23346093,8.253447039,8.610132839,480,22,467,31,502,498
20,1000,40,7.7,28,25,963,17,11,9,37,7.512658515,86,424,40.63749683,8.978797266,6.774691677,8.256552797,494,8,469,29,502,498
17,1000,40,7.7,28,32,968,16,11,5,32,7.453481014,94,412,40.92426442,9.199660855,7.030294291,7.840996826,464,14,504,18,478,522
23,1000,40,7.7,28,14,950,27,16,7,50,7.311471034,97,394,40.27220405,9.173917896,6.389428047,8.278860397,498,14,452,36,512,488
19,1000,40,7.7,28,29,954,30,7,9,46,7.655561578,87,389,40.65508189,9.389814706,7.054053607,8.315076606,506,17,448,29,523,477
22,1000,40,7.7,28,17,959,19,8,14,41,7.232765705,104,422,40.47127847,9.031272878,6.441734172,7.942742773,461,12,498,29,473,527
18,1000,40,7.7,28,33,952,22,13,13,48,7.770717399,88,444,40.79905467,9.489079653,7.213359783,8.334803679,491,12,461,36,503,497
21,1000,40,7.7,28,26,951,23,17,9,49,7.958339108,103,395,40.52737978,9.253692164,7.559527262,8.363583402,486,18,465,31,504,496
20,1000,40,7.7,28,26,964,17,10,9,36,7.514885292,96,430,40.64390538,9.005956461,6.780412596,8.255257366,494,8,470,28,502,498
17,1000,40,7.7,28,33,969,16,10,5,31,7.467030435,116,430,40.93900159,9.198936972,7.038835353,7.859132444,465,13,504,18,478,522
16,1000,40,7.7,28,91,947,39,11,3,53,8.453546578,104,406,42.33860451,10.2399127,8.304634423,8.603654815,480,22,467,31,502,498
19,1000,40,7.7,28,30,954,30,7,9,46,7.665612627,113,415,40.689856,9.410110277,7.055528377,8.334530997,506,17,448,29,523,477
22,1000,40,7.7,28,18,959,19,8,14,41,7.247291375,89,386,40.50490609,9.079162974,6.459102564,7.954717006,461,12,498,29,473,527
23,1000,40,7.7,28,15,951,26,16,7,49,7.298155635,104,418,40.3035675,9.194146318,6.366647356,8.275475796,498,14,453,35,512,488
18,1000,40,7.7,28,34,951,23,13,13,49,7.802990466,95,381,40.8196397,9.49772531,7.289307656,8.322874679,490,13,461,36,503,497
21,1000,40,7.7,28,27,952,22,18,8,48,7.952863628,93,399,40.54505398,9.252612023,7.575642403,8.336169067,486,18,466,30,504,496
17,1000,40,7.7,28,34,967,18,10,5,33,7.506909146,86,418,40.95885382,9.216624385,7.063147875,7.913265253,465,13,502,20,478,522
20,1000,40,7.7,28,27,965,17,9,9,35,7.542414011,100,423,40.65710073,9.009346309,6.804808164,8.285944404,494,8,471,27,502,498
22,1000,40,7.7,28,19,959,19,8,14,41,7.264833177,88,410,40.54458516,9.091346182,6.495246504,7.95556277,461,12,498,29,473,527
19,1000,40,7.7,28,31,954,31,6,9,46,7.74229801,107,435,40.71792298,9.418390241,7.124705694,8.419448496,505,18,449,28,523,477
16,1000,40,7.7,28,92,948,37,12,3,52,8.442974221,114,415,42.35001688,10.26200194,8.289926544,8.597251197,480,22,468,30,502,498
23,1000,40,7.7,28,16,952,26,16,6,48,7.305729159,97,408,40.29930611,9.198657997,6.404968259,8.250789775,498,14,454,34,512,488
18,1000,40,7.7,28,35,951,23,13,13,49,7.836696043,114,417,40.82479141,9.488957132,7.350180977,8.329084531,490,13,461,36,503,497
21,1000,40,7.7,28,28,952,23,17,8,48,7.977962163,97,417,40.58076245,9.232693205,7.595826422,8.366261385,486,18,466,30,504,496
17,1000,40,7.7,28,35,969,18,8,5,31,7.519267783,105,406,41.00721351,9.236766686,7.074290576,7.926737332,465,13,504,18,478,522
22,1000,40,7.7,28,20,957,21,8,14,43,7.308127425,103,437,40.57727873,9.112608551,6.510167023,8.024323384,461,12,496,31,473,527
20,1000,40,7.7,28,28,965,17,9,9,35,7.564287626,110,408,40.67140932,9.025510874,6.839087314,8.295312839,494,8,471,27,502,498
19,1000,40,7.7,28,32,952,33,6,9,48,7.776818333,111,407,40.71580946,9.413413451,7.158573763,8.454683972,505,18,447,30,523,477
18,1000,40,7.7,28,36,952,23,12,13,48,7.817555842,106,442,40.84957553,9.49326316,7.318359316,8.322778886,491,12,461,36,503,497
16,1000,40,7.7,28,93,947,37,13,3,53,8.48496109,102,401,42.36380075,10.25536702,8.334587416,8.636542584,480,22,467,31,502,498
23,1000,40,7.7,28,17,951,26,17,6,49,7.335506327,99,412,40.32536858,9.211641778,6.422681014,8.293224689,498,14,453,35,512,488
21,1000,40,7.7,28,29,951,23,16,10,49,8.008589932,106,406,40.62746376,9.242069644,7.638492959,8.38465621,486,18,465,31,504,496
17,1000,40,7.7,28,36,967,20,8,5,33,7.548286157,87,409,41.05257825,9.249865553,7.123457964,7.937305077,464,14,503,19,478,522
22,1000,40,7.7,28,21,958,21,7,14,42,7.319855743,89,402,40.61188061,9.126845596,6.54132708,8.01861107,461,12,497,30,473,527
19,1000,40,7.7,28,33,952,33,6,9,48,7.797229393,91,411,40.74080472,9.42605802,7.155220308,8.501151304,505,18,447,30,523,477
20,1000,40,7.7,28,29,965,17,9,9,35,7.577723975,95,437,40.71588926,9.035244097,6.829029143,8.332432421,494,8,471,27,502,498
18,1000,40,7.7,28,37,952,24,12,12,48,7.830216959,100,413,40.88701655,9.505411597,7.372175091,8.293788508,491,12,461,36,503,497
23,1000,40,7.7,28,18,949,27,17,7,51,7.376962997,92,398,40.32646277,9.251172655,6.453566344,8.3457726,497,15,452,36,512,488
21,1000,40,7.7,28,30,949,24,17,10,51,8.030632659,85,403,40.63970528,9.253966574,7.666591478,8.400545471,484,20,465,31,504,496
16,1000,40,7.7,28,94,946,37,14,3,54,8.515135327,102,416,42.36596263,10.23896185,8.35267617,8.678899377,480,22,466,32,502,498
22,1000,40,7.7,28,22,957,22,5,16,43,7.350507583,91,412,40.61645088,9.160867589,6.552006914,8.067188449,461,12,496,31,473,527
19,1000,40,7.7,28,34,954,32,6,8,46,7.8078104,114,385,40.76073707,9.461506463,7.177029739,8.499421062,506,17,448,29,523,477
17,1000,40,7.7,28,37,968,19,8,5,32,7.560181705,112,425,41.07359227,9.259172793,7.146504859,7.938989238,465,13,503,19,478,522
20,1000,40,7.7,28,30,964,17,10,9,36,7.62755486,88,412,40.74403625,9.064301595,6.893863302,8.367139523,493,9,471,27,502,498
18,1000,40,7.7,28,38,953,23,12,12,47,7.834626063,105,412,40.92183974,9.512467573,7.366444107,8.308460116,491,12,462,35,503,497
21,1000,40,7.7,28,31,950,22,18,10,50,8.02531672,96,431,40.67398045,9.291855261,7.640804639,8.41603061,485,19,465,31,504,496
23,1000,40,7.7,28,19,950,27,15,8,50,7.407797179,104,433,40.36188698,9.279792209,6.51739018,8.341994686,497,15,453,35,512,488
16,1000,40,7.7,28,95,946,37,14,3,54,8.499818749,121,407,42.3741049,10.26222558,8.317559362,8.683542067,480,22,466,32,502,498
22,1000,40,7.7,28,23,958,21,5,16,42,7.344256225,106,424,40.64951805,9.174159947,6.519628544,8.084386952,462,11,496,31,473,527
19,1000,40,7.7,28,35,955,30,7,8,45,7.867075927,93,409,40.77204869,9.460787022,7.187154441,8.612566361,506,17,449,28,523,477
17,1000,40,7.7,28,38,968,18,9,5,32,7.615604445,100,384,41.08606342,9.278081041,7.212035847,7.985155768,465,13,503,19,478,522
20,1000,40,7.7,28,31,964,17,10,9,36,7.675371314,113,403,40.768617,9.083748488,6.952791144,8.403755341,493,9,471,27,502,498
18,1000,40,7.7,28,39,953,23,11,13,47,7.855682259,95,419,40.95365314,9.533110143,7.400647005,8.316210897,491,12,462,35,503,497
21,1000,40,7.7,28,32,948,22,20,10,52,8.075661504,103,412,40.70217742,9.31090788,7.692931705,8.464564365,484,20,464,32,504,496
23,1000,40,7.7,28,20,952,26,14,8,48,7.412731424,95,414,40.38373509,9.316333091,6.540367466,8.327998528,498,14,454,34,512,488
22,1000,40,7.7,28,24,958,20,6,16,42,7.396952993,112,387,40.64360508,9.168284276,6.548897571,8.158110895,462,11,496,31,473,527
19,1000,40,7.7,28,36,955,29,8,8,45,7.903106739,107,428,40.80446851,9.493315154,7.214817917,8.657771422,506,17,449,28,523,477
16,1000,40,7.7,28,96,948,35,14,3,52,8.503144848,112,443,42.38705261,10.26589317,8.329711182,8.677971556,481,21,467,31,502,498
17,1000,40,7.7,28,39,967,19,9,5,33,7.62736413,82,421,41.08266345,9.289233461,7.196219638,8.022166941,464,14,503,19,478,522
20,1000,40,7.7,28,32,965,16,10,9,35,7.673316802,87,394,40.78478766,9.107400545,6.97391061,8.378340715,493,9,472,26,502,498
18,1000,40,7.7,28,40,952,24,11,13,48,7.880710773,113,405,40.99805312,9.562873995,7.415919391,8.35111332,491,12,461,36,503,497
21,1000,40,7.7,28,33,948,22,20,10,52,8.052014304,108,406,40.73545688,9.309871355,7.696439196,8.413324495,484,20,464,32,504,496
23,1000,40,7.7,28,21,955,24,13,8,45,7.399020435,108,408,40.38718377,9.323315644,6.539549286,8.300760656,500,12,455,33,512,488
22,1000,40,7.7,28,25,957,21,7,15,43,7.417403524,116,426,40.69798633,9.193676456,6.573771532,8.174591252,462,11,495,32,473,527
19,1000,40,7.7,28,37,956,29,9,6,44,7.883542591,94,427,40.84461484,9.490207848,7.258357195,8.569018403,505,18,451,26,523,477
17,1000,40,7.7,28,40,966,20,9,5,34,7.668059714,103,399,41.11492588,9.308677034,7.245492838,8.055007926,464,14,502,20,478,522
16,1000,40,7.7,28,97,948,35,14,3,52,8.533832159,114,414,42.43542531,10.28456392,8.331892943,8.737393377,481,21,467,31,502,498
18,1000,40,7.7,28,41,952,24,11,13,48,7.932505151,89,427,41.03958309,9.581264235,7.448945255,8.421902791,491,12,461,36,503,497
20,1000,40,7.7,28,33,964,18,9,9,36,7.665404185,97,397,40.80155673,9.107552548,6.954204909,8.382315905,492,10,472,26,502,498
21,1000,40,7.7,28,34,948,21,20,11,52,8.120392977,102,420,40.77722914,9.316621788,7.748976182,8.497800365,484,20,464,32,504,496
22,1000,40,7.7,28,26,957,21,7,15,43,7.43586936,99,395,40.72890473,9.21436106,6.641304153,8.149018018,462,11,495,32,473,527
23,1000,40,7.7,28,22,954,25,13,8,46,7.424454393,82,389,40.38842827,9.341205175,6.576589632,8.314017421,499,13,455,33,512,488
19,1000,40,7.7,28,38,957,29,8,6,43,7.887321663,104,420,40.85958498,9.501675277,7.295547432,8.536164269,505,18,452,25,523,477
17,1000,40,7.7,28,41,968,18,9,5,32,7.670752292,94,426,41.13215412,9.304915865,7.211207785,8.091561247,466,12,502,20,478,522
18,1000,40,7.7,28,42,953,24,10,13,47,7.866353924,109,387,41.08200471,9.61841217,7.359794228,8.379029029,492,11,461,36,503,497
20,1000,40,7.7,28,34,964,18,9,9,36,7.668181574,98,389,40.81770744,9.135651148,6.979965089,8.361925902,492,10,472,26,502,498
16,1000,40,7.7,28,98,946,37,14,3,54,8.548331397,92,435,42.47876768,10.29390237,8.341821917,8.756499588,479,23,467,31,502,498
21,1000,40,7.7,28,35,948,21,21,10,52,8.138012803,87,405,40.78980761,9.323417909,7.742572601,8.539831072,484,20,464,32,504,496
22,1000,40,7.7,28,27,958,21,7,14,42,7.429670034,97,422,40.77085276,9.250110453,6.630263464,8.147163977,462,11,496,31,473,527
19,1000,40,7.7,28,39,956,29,9,6,44,7.921524462,95,389,40.89459688,9.546912958,7.350623692,8.547480653,504,19,452,25,523,477
23,1000,40,7.7,28,23,954,25,13,8,46,7.468982097,77,414,40.41808383,9.355271914,6.596181555,8.384707255,499,13,455,33,512,488
18,1000,40,7.7,28,43,954,24,9,13,46,7.87808499,97,420,41.09597205,9.621191853,7.332615324,8.430139802,493,10,461,36,503,497
17,1000,40,7.7,28,42,968,19,8,5,32,7.703336963,92,427,41.14898709,9.311003378,7.238752921,8.128760663,466,12,502,20,478,522
20,1000,40,7.7,28,35,964,18,9,9,36,7.674224795,102,423,40.86784162,9.146323215,6.981703853,8.372308154,492,10,472,26,502,498
21,1000,40,7.7,28,36,948,21,21,10,52,8.144663871,99,424,40.83872498,9.318250675,7.731438101,8.564554573,484,20,464,32,504,496
16,1000,40,7.7,28,99,944,39,14,3,56,8.570263583,112,439,42.50877857,10.30497019,8.365308812,8.776864577,477,25,467,31,502,498
22,1000,40,7.7,28,28,959,20,6,15,41,7.442738108,89,426,40.79955012,9.276338059,6.669911745,8.136375431,462,11,497,30,473,527
19,1000,40,7.7,28,40,956,28,10,6,44,7.956690145,117,405,40.88967692,9.581791983,7.411545732,8.554406137,504,19,452,25,523,477
23,1000,40,7.7,28,24,954,24,13,9,46,7.50063366,95,439,40.43246012,9.364659937,6.606037729,8.439226112,499,13,455,33,512,488
18,1000,40,7.7,28,44,955,24,7,14,45,7.883162306,95,419,41.10393346,9.613679521,7.334711978,8.438233764,492,11,463,34,503,497
17,1000,40,7.7,28,43,969,18,8,5,31,7.708618273,93,415,41.18083657,9.322939566,7.254495299,8.124462682,466,12,503,19,478,522
21,1000,40,7.7,28,37,948,21,21,10,52,8.133106464,107,401,40.84655941,9.325366874,7.740997368,8.5315399,484,20,464,32,504,496
20,1000,40,7.7,28,36,962,20,9,9,38,7.707915372,93,409,40.90639982,9.165444158,7.00484553,8.416632362,492,10,470,28,502,498
22,1000,40,7.7,28,29,959,20,6,15,41,7.484876367,95,435,40.82473436,9.297120183,6.70313944,8.186511219,462,11,497,30,473,527
19,1000,40,7.7,28,41,956,29,9,6,44,7.975742641,102,403,40.9372999,9.58280206,7.415923657,8.589548362,504,19,452,25,523,477
16,1000,40,7.7,28,100,947,37,14,2,53,8.596316367,120,411,42.52828667,10.31175264,8.413490387,8.780610829,479,23,468,30,502,498
23,1000,40,7.7,28,25,953,25,13,9,47,7.53751434,108,402,40.46160862,9.369607287,6.654392169,8.464068749,499,13,454,34,512,488
18,1000,40,7.7,28,45,954,25,7,14,46,7.9055662,101,421,41.1378253,9.642804737,7.369103893,8.448504912,491,12,463,34,503,497
17,1000,40,7.7,28,44,969,18,8,5,31,7.730117452,95,405,41.22613765,9.363176266,7.312058971,8.112937287,466,12,503,19,478,522
21,1000,40,7.7,28,38,949,22,17,12,51,8.177591409,104,422,40.88291749,9.348240545,7.793685141,8.567689714,483,21,466,30,504,496
20,1000,40,7.7,28,37,963,20,8,9,37,7.755758626,92,418,40.91489626,9.200166853,7.05760595,8.459518955,492,10,471,27,502,498
22,1000,40,7.7,28,30,959,20,6,15,41,7.533514312,118,391,40.85561133,9.307257271,6.737519452,8.247946131,462,11,497,30,473,527
19,1000,40,7.7,28,42,957,29,9,5,43,8.006997221,93,382,40.98633551,9.634022821,7.448307042,8.61956528,505,18,452,25,523,477
16,1000,40,7.7,28,101,945,39,14,2,55,8.62687491,124,469,42.53615958,10.32821249,8.451311875,8.803848089,478,24,467,31,502,498
18,1000,40,7.7,28,46,955,24,7,14,45,7.92908864,106,404,41.17262566,9.630156427,7.397762889,8.466828787,491,12,464,33,503,497
23,1000,40,7.7,28,26,952,25,14,9,48,7.564529247,87,390,40.48105124,9.402303114,6.679502736,8.493081652,498,14,454,34,512,488
17,1000,40,7.7,28,45,968,19,8,5,32,7.746809113,110,406,41.27211868,9.381951644,7.312490311,8.144518668,465,13,503,19,478,522
21,1000,40,7.7,28,39,948,23,17,12,52,8.210652708,102,411,40.90568616,9.380439762,7.860247565,8.566709547,483,21,465,31,504,496
20,1000,40,7.7,28,38,963,19,9,9,37,7.787729086,94,425,40.9437072,9.212224439,7.081555199,8.499575053,491,11,472,26,502,498
22,1000,40,7.7,28,31,958,21,6,15,42,7.5965276,95,412,40.89333435,9.324996293,6.812277295,8.300418292,462,11,496,31,473,527
19,1000,40,7.7,28,43,957,29,8,6,43,8.023975009,85,390,41.00619266,9.630735389,7.477963704,8.622641491,505,18,452,25,523,477
18,1000,40,7.7,28,47,954,25,8,13,46,7.950398068,98,417,41.20064246,9.654337737,7.44397385,8.462936059,490,13,464,33,503,497
16,1000,40,7.7,28,102,946,38,14,2,54,8.612864336,123,404,42.55547339,10.33357856,8.448840852,8.778205279,479,23,467,31,502,498
23,1000,40,7.7,28,27,952,25,14,9,48,7.605605909,94,419,40.52662708,9.42471847,6.73400477,8.520072678,498,14,454,34,512,488
17,1000,40,7.7,28,46,966,20,9,5,34,7.760503564,107,398,41.30284244,9.374971815,7.353235971,8.133442088,464,14,502,20,478,522
21,1000,40,7.7,28,40,948,22,18,12,52,8.269727491,116,426,40.92319791,9.372055875,7.945991161,8.598685375,483,21,465,31,504,496
20,1000,40,7.7,28,39,961,21,9,9,39,7.822149689,81,416,40.98319732,9.217212396,7.115675525,8.534298344,490,12,471,27,502,498
19,1000,40,7.7,28,44,957,29,8,6,43,8.034678502,93,443,41.01369773,9.652280749,7.490190581,8.631674693,505,18,452,25,523,477
22,1000,40,7.7,28,32,956,24,6,14,44,7.607946615,96,412,40.93427063,9.347106299,6.810779826,8.32343028,461,12,495,32,473,527
18,1000,40,7.7,28,48,954,25,8,13,46,7.9910759,94,407,41.21108706,9.684425432,7.477693315,8.510656262,490,13,464,33,503,497
21,1000,40,7.7,28,41,947,22,18,13,53,8.292284693,108,410,40.96779789,9.391582604,7.946638494,8.64350583,482,22,465,31,504,496
17,1000,40,7.7,28,47,966,19,10,5,34,7.758683133,105,445,41.34546609,9.397559581,7.362800841,8.121196036,464,14,502,20,478,522
16,1000,40,7.7,28,103,945,37,16,2,55,8.620295623,93,443,42.58313982,10.34713354,8.456391962,8.78551578,478,24,467,31,502,498
23,1000,40,7.7,28,28,955,24,12,9,45,7.619148486,92,426,40.56252671,9.429728013,6.764823024,8.515489955,498,14,457,31,512,488
20,1000,40,7.7,28,40,961,21,9,9,39,7.819890546,91,375,40.99185052,9.24150289,7.101589263,8.543961317,490,12,471,27,502,498
19,1000,40,7.7,28,45,957,29,8,6,43,8.099037805,102,418,41.02657075,9.669129327,7.585942681,8.6616138,505,18,452,25,523,477
22,1000,40,7.7,28,33,956,23,7,14,44,7.64895719,87,410,40.96975876,9.355562648,6.844795035,8.370719428,461,12,495,32,473,527
18,1000,40,7.7,28,49,955,25,7,13,45,8.0218622,101,422,41.22859039,9.700409357,7.503507296,8.54647491,490,13,465,32,503,497
21,1000,40,7.7,28,42,950,21,17,12,50,8.271934597,109,441,40.98774494,9.407935168,7.919071901,8.630488627,483,21,467,29,504,496
17,1000,40,7.7,28,48,964,21,10,5,36,7.785247546,105,406,41.37213795,9.415529667,7.398003613,8.139850228,463,15,501,21,478,522
20,1000,40,7.7,28,41,961,21,10,8,39,7.833092255,80,392,41.02436282,9.253923732,7.12946663,8.542369493,490,12,471,27,502,498
23,1000,40,7.7,28,29,955,24,12,9,45,7.646215912,95,465,40.56427778,9.437305938,6.807671636,8.52600007,498,14,457,31,512,488
16,1000,40,7.7,28,104,945,37,16,2,55,8.647874625,113,425,42.60219981,10.36001918,8.442509329,8.854889441,478,24,467,31,502,498
24,1000,40,7.7,28,0,934,26,14,26,66,7.384,82,396,39.65655717,9.009716132,6.60311284,8.209876543,492,22,442,44,514,486
19,1000,40,7.7,28,46,957,29,8,6,43,8.086511311,119,393,41.0604576,9.681685774,7.605000717,8.61445689,505,18,452,25,523,477
22,1000,40,7.7,28,34,957,22,7,14,43,7.704180372,95,400,40.99935519,9.380641114,6.892073643,8.433073128,461,12,496,31,473,527
18,1000,40,7.7,28,50,955,26,6,13,45,8.037979792,105,415,41.25695479,9.709713379,7.563567656,8.518119238,490,13,465,32,503,497
21,1000,40,7.7,28,43,948,23,17,12,52,8.326948532,93,447,41.0064498,9.424307125,7.929929194,8.730371408,482,22,466,30,504,496
17,1000,40,7.7,28,49,964,21,10,5,36,7.814446567,93,410,41.38735437,9.424256155,7.415047863,8.18017948,463,15,501,21,478,522
20,1000,40,7.7,28,42,961,22,9,8,39,7.837267751,91,384,41.06166511,9.270597583,7.126851932,8.553389722,490,12,471,27,502,498
19,1000,40,7.7,28,47,957,29,8,6,43,8.118211274,97,416,41.07076313,9.690196735,7.616149751,8.668689631,505,18,452,25,523,477
23,1000,40,7.7,28,30,953,26,12,9,47,7.678876261,111,410,40.58183749,9.430901185,6.812905653,8.587435588,497,15,456,32,512,488
22,1000,40,7.7,28,35,957,21,8,14,43,7.738713135,99,436,41.01643761,9.389156518,6.901704794,8.489955915,461,12,496,31,473,527
24,1000,40,7.7,28,1,935,24,15,26,65,7.434588873,90,407,39.66984853,9.032313992,6.654926203,8.25917038,492,22,443,43,514,486
18,1000,40,7.7,28,51,955,26,6,13,45,8.059404243,94,391,41.30594399,9.73253616,7.600251076,8.524100507,490,13,465,32,503,497
21,1000,40,7.7,28,44,949,23,16,12,51,8.333778118,104,420,41.03785108,9.462909999,7.962944628,8.710592794,483,21,466,30,504,496
17,1000,40,7.7,28,50,963,22,9,6,37,7.855337799,102,412,41.39797849,9.443139987,7.481485197,8.197677922,462,16,501,21,478,522
19,1000,40,7.7,28,48,957,29,8,6,43,8.160662168,111,411,41.10279757,9.699393127,7.658970688,8.710734796,505,18,452,25,523,477
20,1000,40,7.7,28,43,961,21,10,8,39,7.839496999,90,404,41.06982427,9.30320125,7.157315085,8.527158287,490,12,471,27,502,498
22,1000,40,7.7,28,36,958,21,7,14,42,7.711385649,88,444,41.0581737,9.414122404,6.896576478,8.442703938,462,11,496,31,473,527
23,1000,40,7.7,28,31,952,27,12,9,48,7.72229064,100,403,40.61985479,9.443282205,6.839040324,8.648979497,497,15,455,33,512,488
18,1000,40,7.7,28,52,953,27,7,13,47,8.084313884,105,418,41.34151467,9.756944113,7.595683746,8.578842978,490,13,463,34,503,497
24,1000,40,7.7,28,2,938,22,14,26,62,7.458875002,92,399,39.6696452,9.029115149,6.652505412,8.311702099,495,19,443,43,514,486
21,1000,40,7.7,28,45,948,23,17,12,52,8.356749661,90,414,41.04444488,9.461846351,7.987211124,8.732248497,483,21,465,31,504,496
19,1000,40,7.7,28,49,957,30,7,6,43,8.175917259,113,402,41.1378436,9.702629946,7.694573385,8.703680038,506,17,451,26,523,477
17,1000,40,7.7,28,51,963,22,9,6,37,7.8765484,96,400,41.41936223,9.4557629,7.528130268,8.195597953,462,16,501,21,478,522
22,1000,40,7.7,28,37,958,21,7,14,42,7.749322791,91,407,41.09104231,9.442732195,6.946932032,8.469495141,462,11,496,31,473,527
20,1000,40,7.7,28,44,960,22,10,8,40,7.841286105,89,400,41.09985507,9.299706326,7.164980163,8.523024222,489,13,471,27,502,498
23,1000,40,7.7,28,32,952,26,13,9,48,7.72995273,76,413,40.64346372,9.455923852,6.818220189,8.686524576,497,15,455,33,512,488
18,1000,40,7.7,28,53,954,25,8,13,46,8.119643328,96,413,41.36285235,9.791959658,7.634516735,8.610626581,491,12,463,34,503,497
21,1000,40,7.7,28,46,949,21,18,12,51,8.404854549,104,414,41.05806074,9.492850175,8.031371349,8.784361672,483,21,466,30,504,496
24,1000,40,7.7,28,3,939,22,13,26,61,7.47834685,80,432,39.70313204,9.050050797,6.656756905,8.347271195,496,18,443,43,514,486
19,1000,40,7.7,28,50,958,28,8,6,42,8.143038844,126,420,41.16605626,9.727362587,7.677430801,8.653548292,505,18,453,24,523,477
17,1000,40,7.7,28,52,963,22,8,7,37,7.913059597,82,400,41.45346367,9.481147536,7.582685668,8.215585915,462,16,501,21,478,522
22,1000,40,7.7,28,38,961,20,6,13,39,7.735513815,105,436,41.11850563,9.455815655,6.966834448,8.425429071,462,11,499,28,473,527
20,1000,40,7.7,28,45,961,22,10,7,39,7.831218117,86,399,41.11328986,9.331242461,7.20185185,8.465639533,489,13,472,26,502,498
18,1000,40,7.7,28,54,953,26,8,13,47,8.174379822,107,422,41.38264351,9.806813263,7.712552601,8.641782422,491,12,462,35,503,497
23,1000,40,7.7,28,33,953,27,12,8,47,7.710236024,107,422,40.67594727,9.496547665,6.809320505,8.655458864,498,14,455,33,512,488
21,1000,40,7.7,28,47,948,22,18,12,52,8.43356737,84,434,41.10026608,9.509687369,8.051255725,8.822045332,484,20,464,32,504,496
19,1000,40,7.7,28,51,956,30,8,6,44,8.165948115,89,401,41.20917847,9.748921032,7.674134722,8.705190054,505,18,451,26,523,477
24,1000,40,7.7,28,4,940,21,13,26,60,7.496031226,97,404,39.71025886,9.075148801,6.689000291,8.34955777,496,18,444,42,514,486
22,1000,40,7.7,28,39,961,20,6,13,39,7.739199651,101,408,41.15963399,9.456110185,6.989671596,8.41192597,462,11,499,28,473,527
17,1000,40,7.7,28,53,963,21,9,7,37,7.925906802,96,430,41.48231907,9.49287595,7.602996738,8.221598393,462,16,501,21,478,522
18,1000,40,7.7,28,55,950,29,8,13,50,8.210465431,108,415,41.40365344,9.823437791,7.751848986,8.674618493,488,15,462,35,503,497
20,1000,40,7.7,28,46,960,23,10,7,40,7.859643846,109,434,41.15754842,9.36439224,7.255644505,8.468494588,489,13,471,27,502,498
23,1000,40,7.7,28,34,953,28,12,7,47,7.709808719,85,403,40.72044542,9.528573705,6.811950362,8.651824045,498,14,455,33,512,488
21,1000,40,7.7,28,48,949,21,18,12,51,8.491287172,101,396,41.10552936,9.534747819,8.121361204,8.867179687,484,20,465,31,504,496
19,1000,40,7.7,28,52,956,30,8,6,44,8.185128757,94,389,41.22675953,9.799667853,7.720346421,8.69473287,505,18,451,26,523,477
22,1000,40,7.7,28,40,961,20,6,13,39,7.772007128,95,411,41.22749359,9.464667402,7.000118325,8.46480296,462,11,499,28,473,527
24,1000,40,7.7,28,5,938,23,13,26,62,7.54102799,87,388,39.7395314,9.081922236,6.735445535,8.393022602,494,20,444,42,514,486
18,1000,40,7.7,28,56,950,29,8,13,50,8.229262186,120,452,41.43800814,9.844353976,7.785900175,8.677976656,488,15,462,35,503,497
17,1000,40,7.7,28,54,962,21,10,7,38,7.946484447,94,441,41.48212971,9.517165417,7.601393622,8.262487156,462,16,500,22,478,522
20,1000,40,7.7,28,47,961,23,9,7,39,7.873582883,102,401,41.18886537,9.357298893,7.248716777,8.503467994,490,12,471,27,502,498
23,1000,40,7.7,28,35,954,28,11,7,46,7.714575578,91,404,40.74203548,9.528884724,6.826042022,8.646807507,498,14,456,32,512,488
21,1000,40,7.7,28,49,951,21,16,12,49,8.483544189,109,405,41.13220038,9.561187554,8.106361759,8.866810206,486,18,465,31,504,496
19,1000,40,7.7,28,53,959,27,8,6,41,8.199386553,111,418,41.25775126,9.825867699,7.731357002,8.712551029,507,16,452,25,523,477
22,1000,40,7.7,28,41,961,20,6,13,39,7.798082335,98,424,41.25606559,9.487086369,7.045151687,8.473862594,462,11,499,28,473,527
18,1000,40,7.7,28,57,953,28,8,11,47,8.189692232,101,415,41.47794061,9.86497774,7.762741634,8.621797164,488,15,465,32,503,497
17,1000,40,7.7,28,55,962,21,10,7,38,7.975407105,99,424,41.54648941,9.547194681,7.649561149,8.273787119,462,16,500,22,478,522
24,1000,40,7.7,28,6,938,22,13,27,62,7.55612714,113,384,39.75175774,9.110748277,6.761777279,8.396242013,493,21,445,41,514,486
20,1000,40,7.7,28,48,961,23,9,7,39,7.897105922,88,416,41.22950205,9.358270186,7.278235574,8.520947116,490,12,471,27,502,498
21,1000,40,7.7,28,50,952,21,15,12,48,8.486729603,83,414,41.16321135,9.582319887,8.187759447,8.790521859,486,18,466,30,504,496
23,1000,40,7.7,28,36,954,28,12,6,46,7.728620209,113,405,40.78035433,9.550490865,6.836366516,8.664755231,498,14,456,32,512,488
19,1000,40,7.7,28,54,957,28,9,6,43,8.266154905,107,375,41.27237951,9.857748835,7.785661431,8.792985276,507,16,450,27,523,477
22,1000,40,7.7,28,42,961,20,6,13,39,7.802168153,99,437,41.28160885,9.526238001,7.059463509,8.468770234,461,12,500,27,473,527
18,1000,40,7.7,28,58,953,29,7,11,47,8.198060696,101,408,41.52690026,9.889951416,7.78851098,8.612554675,487,16,466,31,503,497
17,1000,40,7.7,28,56,961,21,11,7,39,8.017074149,87,429,41.55967763,9.550670604,7.692523089,8.314268415,462,16,499,23,478,522
20,1000,40,7.7,28,49,960,24,9,7,40,7.899013186,101,416,41.25130195,9.361455477,7.244047672,8.559239468,490,12,470,28,502,498
21,1000,40,7.7,28,51,952,21,14,13,48,8.487302712,96,397,41.19285333,9.607518894,8.216751428,8.762217727,485,19,467,29,504,496
24,1000,40,7.7,28,7,938,22,13,27,62,7.595230424,92,392,39.78973265,9.131041166,6.80190356,8.434263363,493,21,445,41,514,486
23,1000,40,7.7,28,37,953,28,14,5,47,7.763724042,102,406,40.81060476,9.545355148,6.903920891,8.665812595,498,14,455,33,512,488
19,1000,40,7.7,28,55,957,28,9,6,43,8.288186572,105,404,41.30719678,9.865861072,7.825697239,8.795276554,507,16,450,27,523,477
22,1000,40,7.7,28,43,963,17,7,13,37,7.83392896,86,409,41.29516145,9.550822077,7.04150776,8.545153301,463,10,500,27,473,527
21,1000,40,7.7,28,52,951,22,14,13,49,8.543337399,85,410,41.21831971,9.62646829,8.248221545,8.843213187,485,19,466,30,504,496
18,1000,40,7.7,28,59,953,27,11,9,47,8.218025565,108,402,41.55448539,9.915363179,7.787630835,8.653616208,488,15,465,32,503,497
17,1000,40,7.7,28,57,961,20,12,7,39,8.045649399,104,435,41.58012185,9.560026655,7.711817752,8.35134198,462,16,499,23,478,522
20,1000,40,7.7,28,50,960,24,9,7,40,7.929857848,90,421,41.2736837,9.36633386,7.280264301,8.584669015,490,12,470,28,502,498
19,1000,40,7.7,28,56,957,28,9,6,43,8.328238866,104,401,41.3404944,9.87038109,7.890840212,8.807818522,507,16,450,27,523,477
24,1000,40,7.7,28,8,938,23,13,26,62,7.607037634,96,416,39.80591851,9.147490464,6.836009411,8.422487236,493,21,445,41,514,486
23,1000,40,7.7,28,38,954,28,12,6,46,7.789126411,107,438,40.83587934,9.564984886,6.909770588,8.711729242,498,14,456,32,512,488
22,1000,40,7.7,28,44,963,17,7,13,37,7.856493066,92,402,41.33046419,9.55477665,7.050395817,8.579992114,463,10,500,27,473,527
21,1000,40,7.7,28,53,951,23,12,14,49,8.553387381,99,410,41.25159205,9.629853013,8.257938429,8.853601638,486,18,465,31,504,496
18,1000,40,7.7,28,60,953,27,11,9,47,8.260296893,113,418,41.60872164,9.928789058,7.818833484,8.707089841,488,15,465,32,503,497
17,1000,40,7.7,28,58,961,20,12,7,39,8.053875679,113,419,41.61369432,9.581078314,7.728512824,8.351813312,462,16,499,23,478,522
20,1000,40,7.7,28,51,958,25,10,7,42,7.924337588,90,411,41.31164329,9.373715738,7.268991929,8.584947067,489,13,469,29,502,498
19,1000,40,7.7,28,57,956,29,8,7,44,8.368140213,102,402,41.37869837,9.906550725,7.934613138,8.843474931,506,17,450,27,523,477
22,1000,40,7.7,28,45,961,18,8,13,39,7.898151252,111,423,41.32167153,9.604058932,7.041894442,8.666670173,462,11,499,28,473,527
23,1000,40,7.7,28,39,953,29,12,6,47,7.800459861,102,411,40.87242172,9.59174569,6.936883143,8.706507566,498,14,455,33,512,488
24,1000,40,7.7,28,9,939,23,13,25,61,7.603779437,97,413,39.85726432,9.179222261,6.834916474,8.416939031,493,21,446,40,514,486
18,1000,40,7.7,28,61,952,28,11,9,48,8.283797731,108,435,41.60939556,9.95529556,7.868386377,8.704224113,487,16,465,32,503,497
21,1000,40,7.7,28,54,950,24,12,14,50,8.568344891,98,406,41.28491815,9.651167528,8.247571238,8.894292313,486,18,464,32,504,496
17,1000,40,7.7,28,59,961,20,12,7,39,8.064597975,99,407,41.63704698,9.595374001,7.736963289,8.364615943,462,16,499,23,478,522
19,1000,40,7.7,28,58,955,29,8,8,45,8.40668397,102,413,41.4168861,9.917337839,7.994943433,8.858131142,504,19,451,26,523,477
22,1000,40,7.7,28,46,961,18,8,13,39,7.912089976,98,427,41.3445038,9.632218291,7.053068001,8.683090723,462,11,499,28,473,527
20,1000,40,7.7,28,52,959,25,9,7,41,7.956090035,102,411,41.31013699,9.397744698,7.298837895,8.61862131,489,13,470,28,502,498
23,1000,40,7.7,28,40,954,28,12,6,46,7.830497779,95,431,40.88604842,9.62409398,6.95140754,8.752821964,498,14,456,32,512,488
24,1000,40,7.7,28,10,940,22,14,24,60,7.658847128,85,399,39.87627796,9.203519321,6.894274354,8.467469362,494,20,446,40,514,486
18,1000,40,7.7,28,62,951,28,12,9,49,8.321359633,103,433,41.61851288,9.980162966,7.916627857,8.730977508,486,17,465,32,503,497
21,1000,40,7.7,28,55,950,24,12,14,50,8.586379204,102,388,41.29405841,9.655544901,8.255976134,8.922111356,486,18,464,32,504,496
19,1000,40,7.7,28,59,953,31,8,8,47,8.455377552,102,446,41.43921533,9.933886973,8.037421183,8.913639987,503,20,450,27,523,477
22,1000,40,7.7,28,47,960,19,9,12,40,7.926511624,89,441,41.38169355,9.645088608,7.090690121,8.676689178,462,11,498,29,473,527
17,1000,40,7.7,28,60,958,23,12,7,42,8.099707499,78,407,41.66926215,9.604932206,7.787041499,8.386018511,461,17,497,25,478,522
20,1000,40,7.7,28,53,959,25,9,7,41,7.987255772,99,429,41.33916569,9.425536169,7.341606692,8.638090788,488,14,471,27,502,498
23,1000,40,7.7,28,41,954,28,12,6,46,7.868481105,93,395,40.93438969,9.641426073,6.992290423,8.787763131,497,15,457,31,512,488
18,1000,40,7.7,28,63,952,26,12,10,48,8.328302278,95,400,41.6443937,9.997414221,7.912865329,8.748754562,487,16,465,32,503,497
21,1000,40,7.7,28,56,949,25,12,14,51,8.614104843,97,417,41.31458081,9.668941639,8.292156085,8.941246323,486,18,463,33,504,496
24,1000,40,7.7,28,11,941,22,14,23,59,7.657465292,97,404,39.89888458,9.21193429,6.874684598,8.485344463,495,19,446,40,514,486
19,1000,40,7.7,28,60,952,32,8,8,48,8.539380063,89,410,41.46626912,9.946539784,8.138786457,8.978605336,502,21,450,27,523,477
22,1000,40,7.7,28,48,959,20,9,12,41,7.948676417,114,433,41.41721157,9.681080799,7.146575498,8.668588627,462,11,497,30,473,527
17,1000,40,7.7,28,61,959,22,12,7,41,8.122090362,109,436,41.73055523,9.622158425,7.794822569,8.421772363,462,16,497,25,478,522
20,1000,40,7.7,28,54,961,24,8,7,39,8.018613623,120,401,41.36924392,9.444215448,7.3467542,8.695869507,490,12,471,27,502,498
23,1000,40,7.7,28,42,954,27,12,7,46,7.883471415,115,399,40.98990439,9.662339342,7.034897011,8.773778986,497,15,457,31,512,488
18,1000,40,7.7,28,64,951,26,13,10,49,8.374056707,98,425,41.68438606,10.02358114,7.941756077,8.811576257,487,16,464,33,503,497
21,1000,40,7.7,28,57,948,26,12,14,52,8.619412419,97,390,41.3460958,9.692698116,8.304792106,8.939107253,486,18,462,34,504,496
24,1000,40,7.7,28,12,940,23,14,23,60,7.695834765,86,419,39.91204187,9.226482183,6.930938089,8.504799562,494,20,446,40,514,486
19,1000,40,7.7,28,61,952,32,8,8,48,8.507452764,101,435,41.49742569,9.976671445,8.13019338,8.921093556,502,21,450,27,523,477
22,1000,40,7.7,28,49,957,22,9,12,43,7.959438607,108,417,41.47829079,9.699610955,7.159464193,8.677442208,461,12,496,31,473,527
17,1000,40,7.7,28,62,959,22,12,7,41,8.156452095,93,429,41.76816465,9.622440178,7.856116003,8.4314725,462,16,497,25,478,522
20,1000,40,7.7,28,55,960,25,8,7,40,8.037855898,91,383,41.37906323,9.445292583,7.301555603,8.780070251,490,12,470,28,502,498
23,1000,40,7.7,28,43,955,26,12,7,45,7.869710819,105,435,41.03822774,9.683646657,7.054579342,8.724930728,498,14,457,31,512,488
21,1000,40,7.7,28,58,950,24,11,15,50,8.639197791,105,403,41.38741557,9.702907779,8.312400611,8.971265893,487,17,463,33,504,496
18,1000,40,7.7,28,65,952,26,11,11,48,8.405528267,106,403,41.71489949,10.03009562,7.992020459,8.82402812,486,17,466,31,503,497
22,1000,40,7.7,28,50,957,22,9,12,43,7.968407526,96,430,41.5125109,9.716838497,7.190303317,8.666781893,461,12,496,31,473,527
19,1000,40,7.7,28,62,952,32,8,8,48,8.522692539,100,428,41.53935346,9.994048174,8.164231259,8.915722413,502,21,450,27,523,477
24,1000,40,7.7,28,13,940,20,17,23,60,7.719695706,117,394,39.92443899,9.240984828,6.919264335,8.566242465,494,20,446,40,514,486
17,1000,40,7.7,28,63,958,23,12,7,42,8.208718853,98,398,41.76816202,9.628440415,7.90738399,8.484653842,461,17,497,25,478,522
20,1000,40,7.7,28,56,960,25,8,7,40,8.08003786,96,409,41.42123175,9.437236323,7.349965899,8.815973854,490,12,470,28,502,498
18,1000,40,7.7,28,66,951,27,11,11,49,8.432557715,121,391,41.76150886,10.03709745,8.026046394,8.843976618,486,17,465,32,503,497
21,1000,40,7.7,28,59,948,26,12,14,52,8.661111843,96,449,41.40161575,9.740504779,8.354067296,8.973108723,487,17,461,35,504,496
23,1000,40,7.7,28,44,954,27,11,8,46,7.878974038,118,421,41.03561601,9.697396522,7.021803509,8.778300495,498,14,456,32,512,488
22,1000,40,7.7,28,51,956,23,9,12,44,7.965246214,118,434,41.55781897,9.748124448,7.149681486,8.697242639,461,12,495,32,473,527
19,1000,40,7.7,28,63,952,32,8,8,48,8.593887897,99,412,41.57662291,10.03202857,8.251605863,8.969178261,502,21,450,27,523,477
17,1000,40,7.7,28,64,957,24,12,7,43,8.243845944,95,431,41.81670637,9.64265194,7.934861557,8.526785671,461,17,496,26,478,522
24,1000,40,7.7,28,14,940,20,17,23,60,7.747115663,89,429,39.92286193,9.254549509,6.951419418,8.58865449,494,20,446,40,514,486
20,1000,40,7.7,28,57,960,25,7,8,40,8.096173191,84,432,41.43286774,9.452454184,7.375107131,8.823030946,490,12,470,28,502,498
18,1000,40,7.7,28,67,950,29,11,10,50,8.428380563,112,422,41.80008868,10.03052879,8.034406648,8.827110702,486,17,464,33,503,497
21,1000,40,7.7,28,60,948,27,12,13,52,8.654242363,108,403,41.45116051,9.754961586,8.328404363,8.985335814,487,17,461,35,504,496
22,1000,40,7.7,28,52,955,24,8,13,45,8.0143396,102,428,41.60120998,9.753987625,7.186278215,8.757552189,460,13,495,32,473,527
19,1000,40,7.7,28,64,952,30,9,9,48,8.621397583,101,433,41.60294487,10.04594323,8.274065718,9.002224764,501,22,451,26,523,477
23,1000,40,7.7,28,45,955,27,10,8,45,7.919142943,101,403,41.05087215,9.708764848,7.080728563,8.798790817,498,14,457,31,512,488
17,1000,40,7.7,28,65,960,22,11,7,40,8.253935449,109,469,41.82920315,9.640234902,7.912899985,8.56622463,464,14,496,26,478,522
20,1000,40,7.7,28,58,959,26,7,8,41,8.122055144,119,439,41.44749918,9.467162785,7.384589061,8.865444649,490,12,469,29,502,498
18,1000,40,7.7,28,68,950,30,10,10,50,8.452978431,109,389,41.82992765,10.05797618,8.12269424,8.787249956,485,18,465,32,503,497
24,1000,40,7.7,28,15,944,20,14,22,56,7.723895496,106,399,39.98671483,9.266332674,6.940756054,8.552154082,497,17,447,39,514,486
21,1000,40,7.7,28,61,949,26,12,13,51,8.66338382,98,420,41.4753446,9.764922133,8.332550611,8.999553049,487,17,462,34,504,496
22,1000,40,7.7,28,53,955,24,8,13,45,8.012206299,108,423,41.6414432,9.784516157,7.194187166,8.746405635,460,13,495,32,473,527
19,1000,40,7.7,28,65,952,29,10,9,48,8.663315806,111,407,41.64515064,10.08721023,8.333603651,9.024824102,501,22,451,26,523,477
23,1000,40,7.7,28,46,954,29,9,8,46,7.9414363,97,395,41.08724825,9.723626296,7.102959526,8.821149638,498,14,456,32,512,488
17,1000,40,7.7,28,66,959,24,10,7,41,8.244381638,100,445,41.84072105,9.658236394,7.912907131,8.547915765,463,15,496,26,478,522
18,1000,40,7.7,28,69,948,33,10,9,52,8.463301397,96,431,41.85771978,10.08584761,8.128705921,8.801936254,485,18,463,34,503,497
20,1000,40,7.7,28,59,959,27,7,7,41,8.133764494,102,419,41.47880463,9.505285722,7.388797896,8.884714758,490,12,469,29,502,498
21,1000,40,7.7,28,62,947,28,12,13,53,8.698362726,84,415,41.47915295,9.77612669,8.383587624,9.018214846,486,18,461,35,504,496
19,1000,40,7.7,28,66,951,30,9,10,49,8.679807786,106,420,41.68776978,10.10711134,8.340147694,9.052223359,500,23,451,26,523,477
24,1000,40,7.7,28,16,947,17,14,22,53,7.721304812,101,382,40.02702741,9.275448926,6.936515845,8.551307957,500,14,447,39,514,486
22,1000,40,7.7,28,54,956,23,8,13,44,7.999688801,106,413,41.67281666,9.808732559,7.197392788,8.719776114,461,12,495,32,473,527
17,1000,40,7.7,28,67,960,23,10,7,40,8.209576762,101,423,41.85791757,9.660892281,7.877861181,8.513331642,463,15,497,25,478,522
23,1000,40,7.7,28,47,954,29,9,8,46,7.935720074,109,430,41.14661232,9.729581539,7.113693461,8.798174225,498,14,456,32,512,488
18,1000,40,7.7,28,70,949,32,10,9,51,8.487896479,103,448,41.87708882,10.09297758,8.150260677,8.829608368,485,18,464,33,503,497
20,1000,40,7.7,28,60,959,27,7,7,41,8.119419636,99,436,41.51764659,9.524062158,7.374365019,8.870458627,490,12,469,29,502,498
21,1000,40,7.7,28,63,946,30,11,13,54,8.701947109,111,421,41.50170549,9.794312463,8.382128367,9.026924217,486,18,460,36,504,496
19,1000,40,7.7,28,67,952,29,9,10,48,8.699220966,107,446,41.68463796,10.10623734,8.362018685,9.068941705,501,22,451,26,523,477
22,1000,40,7.7,28,55,956,24,7,13,44,8.022053904,93,399,41.68196585,9.84509021,7.218783045,8.743016173,460,13,496,31,473,527
24,1000,40,7.7,28,17,949,15,14,22,51,7.707809961,95,414,40.01806331,9.279780736,6.948206418,8.51117667,499,15,450,36,514,486
17,1000,40,7.7,28,68,959,24,10,7,41,8.236799133,105,428,41.87479951,9.6889818,7.925262909,8.522075599,463,15,496,26,478,522
18,1000,40,7.7,28,71,950,29,13,8,50,8.533337475,113,407,41.92278267,10.12077715,8.212682305,8.857863734,486,17,464,33,503,497
23,1000,40,7.7,28,48,957,26,9,8,43,7.948947862,102,411,41.19266133,9.75684739,7.115620022,8.823259038,499,13,458,30,512,488
21,1000,40,7.7,28,64,945,32,11,12,55,8.745345677,99,422,41.50546263,9.813083059,8.443227209,9.052337025,486,18,459,37,504,496
20,1000,40,7.7,28,61,960,26,7,7,40,8.160548231,84,404,41.54290224,9.540030456,7.410835448,8.916282803,490,12,470,28,502,498
19,1000,40,7.7,28,68,952,28,10,10,48,8.729088337,122,406,41.73729311,10.11627555,8.416513443,9.071806722,501,22,451,26,523,477
22,1000,40,7.7,28,56,957,24,7,12,43,8.02574418,103,402,41.69015615,9.858812832,7.279975255,8.695096554,460,13,497,30,473,527
24,1000,40,7.7,28,18,951,14,13,22,49,7.732958336,97,377,40.04925658,9.308002608,6.961984194,8.548350742,500,14,451,35,514,486
18,1000,40,7.7,28,72,949,30,14,7,51,8.567893997,109,429,41.93959728,10.14250275,8.286053359,8.853137138,485,18,464,33,503,497
17,1000,40,7.7,28,69,959,24,9,8,41,8.304807574,100,440,41.90274485,9.707808699,7.984486055,8.598128811,463,15,496,26,478,522
23,1000,40,7.7,28,49,956,27,9,8,44,7.986072614,105,426,41.221776,9.766435639,7.179120567,8.832710828,498,14,458,30,512,488
21,1000,40,7.7,28,65,946,31,11,12,54,8.746590426,106,429,41.59211666,9.818635273,8.423578101,9.074812627,486,18,460,36,504,496
19,1000,40,7.7,28,69,952,28,10,10,48,8.747158761,106,452,41.76119627,10.13088205,8.425797197,9.099511168,501,22,451,26,523,477
20,1000,40,7.7,28,62,959,28,6,7,41,8.191523968,88,415,41.54253526,9.550824501,7.471871005,8.916957276,491,11,468,30,502,498
22,1000,40,7.7,28,57,957,24,7,12,43,8.081686784,79,436,41.71959887,9.887337302,7.346861085,8.741217251,460,13,497,30,473,527
18,1000,40,7.7,28,73,951,28,13,8,49,8.551972512,110,406,41.97311027,10.1315031,8.277392383,8.829867492,486,17,465,32,503,497
17,1000,40,7.7,28,70,959,24,9,8,41,8.33333607,92,420,41.94414339,9.709695804,8.053276176,8.589789383,463,15,496,26,478,522
24,1000,40,7.7,28,19,951,15,13,21,49,7.732847225,94,419,40.07396602,9.312385947,6.965513981,8.544388969,500,14,451,35,514,486
21,1000,40,7.7,28,66,945,32,11,12,55,8.7362637,92,421,41.62232915,9.834892446,8.440771511,9.036521891,486,18,459,37,504,496
23,1000,40,7.7,28,50,956,26,10,8,44,8.056864125,104,417,41.2431811,9.782864515,7.253178978,8.900074772,498,14,458,30,512,488
22,1000,40,7.7,28,58,956,25,7,12,44,8.112433706,111,453,41.74316502,9.912553486,7.382323687,8.767731692,459,14,497,30,473,527
20,1000,40,7.7,28,63,961,27,6,6,39,8.212698516,100,435,41.56461844,9.562919556,7.513831717,8.917178704,492,10,469,29,502,498
19,1000,40,7.7,28,70,950,30,11,9,50,8.806631979,114,403,41.76721629,10.11826797,8.527398407,9.112793735,501,22,449,28,523,477
18,1000,40,7.7,28,74,950,29,13,8,50,8.564151789,89,421,41.98273968,10.12010505,8.290249914,8.841360327,485,18,465,32,503,497
17,1000,40,7.7,28,71,959,24,9,8,41,8.367314273,90,404,41.96564503,9.733689819,8.085764894,8.625131521,463,15,496,26,478,522
24,1000,40,7.7,28,20,950,16,13,21,50,7.745434274,103,431,40.09226223,9.315906851,6.981314427,8.553577487,499,15,451,35,514,486
21,1000,40,7.7,28,67,947,31,11,11,53,8.740778742,108,413,41.66093566,9.833900559,8.438773733,9.047654799,487,17,460,36,504,496
22,1000,40,7.7,28,59,956,25,7,12,44,8.088002025,118,430,41.77946016,9.935215262,7.368915676,8.733405903,459,14,497,30,473,527
19,1000,40,7.7,28,71,949,30,12,9,51,8.836313817,111,394,41.78357692,10.12903689,8.548672186,9.151694472,501,22,448,29,523,477
23,1000,40,7.7,28,51,954,28,10,8,46,8.067193825,111,413,41.26336388,9.796630055,7.291721358,8.880804283,497,15,457,31,512,488
20,1000,40,7.7,28,64,962,25,7,6,38,8.244920816,118,439,41.58764227,9.57356526,7.548396977,8.947039225,492,10,470,28,502,498
18,1000,40,7.7,28,75,950,27,15,8,50,8.552755983,120,439,41.99246882,10.14492158,8.289037895,8.81965779,485,18,465,32,503,497
17,1000,40,7.7,28,72,959,24,9,8,41,8.36733111,103,431,41.99967965,9.752058157,8.099207524,8.612854242,463,15,496,26,478,522
19,1000,40,7.7,28,72,950,30,11,9,50,8.836211302,109,397,41.79655205,10.14719984,8.55443602,9.14515988,501,22,449,28,523,477
21,1000,40,7.7,28,68,947,31,11,11,53,8.77740247,105,458,41.68598449,9.865019789,8.500407759,9.058864837,487,17,460,36,504,496
20,1000,40,7.7,28,65,962,25,7,6,38,8.254099776,116,424,41.63240076,9.591745966,7.579995452,8.933618592,492,10,470,28,502,498
22,1000,40,7.7,28,60,955,26,7,12,45,8.126154136,99,419,41.8039413,9.957867175,7.378645643,8.797067831,458,15,497,30,473,527
24,1000,40,7.7,28,21,950,16,13,21,50,7.767538389,95,394,40.13520292,9.355614763,6.990890695,8.588931218,499,15,451,35,514,486
23,1000,40,7.7,28,52,955,28,8,9,45,8.080966341,106,432,41.29495141,9.833202419,7.319877622,8.879485652,498,14,457,31,512,488
18,1000,40,7.7,28,76,950,27,15,8,50,8.583626836,80,425,42.03122557,10.15536038,8.328947784,8.841380484,485,18,465,32,503,497
17,1000,40,7.7,28,73,959,24,9,8,41,8.38677256,112,380,42.03285537,9.767101157,8.097029226,8.652093085,463,15,496,26,478,522
19,1000,40,7.7,28,73,949,31,11,9,51,8.870123227,95,425,41.80354531,10.16020146,8.589351384,9.1779716,501,22,448,29,523,477
21,1000,40,7.7,28,69,947,30,12,11,53,8.77892936,110,411,41.69806703,9.874234967,8.502655449,9.059659301,487,17,460,36,504,496
20,1000,40,7.7,28,66,963,24,7,6,37,8.285304272,103,407,41.65460763,9.581142307,7.59929409,8.976824577,493,9,470,28,502,498
22,1000,40,7.7,28,61,955,29,6,10,45,8.101458743,105,435,41.81907439,9.962079912,7.341304826,8.783722126,458,15,497,30,473,527
18,1000,40,7.7,28,77,948,29,15,8,52,8.589828124,105,430,42.04140729,10.17424303,8.325712637,8.857132127,485,18,463,34,503,497
24,1000,40,7.7,28,22,949,17,13,21,51,7.802826943,103,409,40.16327659,9.355916359,7.034327256,8.615602331,498,16,451,35,514,486
23,1000,40,7.7,28,53,955,29,8,8,45,8.089533959,103,407,41.31091723,9.855057855,7.356681052,8.858428811,498,14,457,31,512,488
17,1000,40,7.7,28,74,957,26,8,9,43,8.398915804,109,416,42.0565342,9.761216785,8.108511461,8.66484162,462,16,495,27,478,522
19,1000,40,7.7,28,74,948,32,11,9,52,8.883794895,112,408,41.81335463,10.16995614,8.605614813,9.188801567,500,23,448,29,523,477
20,1000,40,7.7,28,67,964,24,6,6,36,8.282216122,109,424,41.68612563,9.598079409,7.618430991,8.951332861,494,8,470,28,502,498
21,1000,40,7.7,28,70,947,30,12,11,53,8.77630716,107,377,41.70797011,9.884648397,8.473081711,9.084423341,487,17,460,36,504,496
22,1000,40,7.7,28,62,955,29,6,10,45,8.138934077,115,452,41.87614069,9.997767653,7.390548535,8.810634952,458,15,497,30,473,527
18,1000,40,7.7,28,78,950,29,14,7,50,8.616508117,111,437,42.05216918,10.20198503,8.341313512,8.895024992,486,17,464,33,503,497
23,1000,40,7.7,28,54,956,29,7,8,44,8.114925463,102,435,41.34500971,9.863099235,7.411650488,8.852787731,498,14,458,30,512,488
24,1000,40,7.7,28,23,949,18,13,20,51,7.809382038,97,420,40.20847517,9.373441996,7.043025147,8.619891178,498,16,451,35,514,486
17,1000,40,7.7,28,75,957,26,8,9,43,8.400002119,100,415,42.07285432,9.761555413,8.093979862,8.680229397,462,16,495,27,478,522
19,1000,40,7.7,28,75,947,33,11,9,53,8.886995877,108,427,41.85531111,10.19559133,8.62895824,9.169917647,499,24,448,29,523,477
20,1000,40,7.7,28,68,964,24,6,6,36,8.340643727,90,428,41.71272688,9.605858384,7.660845933,9.025901744,494,8,470,28,502,498
22,1000,40,7.7,28,63,953,31,5,11,47,8.166056694,142,445,41.88372489,10.00242054,7.417626662,8.837797501,457,16,496,31,473,527
18,1000,40,7.7,28,79,950,30,13,7,50,8.636391965,100,429,42.12149377,10.20821495,8.358133312,8.918009877,486,17,464,33,503,497
21,1000,40,7.7,28,71,948,30,12,10,52,8.783904478,95,422,41.74291409,9.914571699,8.510744544,9.061470217,487,17,461,35,504,496
23,1000,40,7.7,28,55,957,28,7,8,43,8.135947062,84,417,41.37031475,9.866117001,7.466002061,8.838840178,497,15,460,28,512,488
19,1000,40,7.7,28,76,946,35,11,8,54,8.884998789,102,428,41.89146869,10.20232045,8.617194666,9.178628886,498,25,448,29,523,477
17,1000,40,7.7,28,76,959,27,7,7,41,8.391910201,107,456,42.13677333,9.760629913,8.100550564,8.658710787,462,16,497,25,478,522
24,1000,40,7.7,28,24,951,16,13,20,49,7.84010463,109,391,40.25264854,9.396948263,7.097356816,8.6256445,499,15,452,34,514,486
22,1000,40,7.7,28,64,953,31,5,11,47,8.201129947,98,416,41.91067108,10.03194938,7.452423243,8.873119076,457,16,496,31,473,527
20,1000,40,7.7,28,69,964,24,6,6,36,8.363373976,106,444,41.75107155,9.632333813,7.704750267,9.027287834,494,8,470,28,502,498
21,1000,40,7.7,28,72,946,32,12,10,54,8.841766034,107,414,41.75937329,9.93185882,8.587686862,9.099943258,486,18,460,36,504,496
18,1000,40,7.7,28,80,950,30,13,7,50,8.651704219,110,440,42.13043367,10.23544363,8.394608429,8.911903781,486,17,464,33,503,497
19,1000,40,7.7,28,77,947,34,11,8,53,8.875135346,108,422,41.90820157,10.20766214,8.623837856,9.150666975,499,24,448,29,523,477
23,1000,40,7.7,28,56,957,28,7,8,43,8.132907665,104,434,41.40309826,9.879006173,7.457604889,8.841422053,497,15,460,28,512,488
17,1000,40,7.7,28,77,959,27,7,7,41,8.430886897,113,426,42.20732911,9.778320611,8.123564002,8.712305179,462,16,497,25,478,522
24,1000,40,7.7,28,25,951,16,13,20,49,7.861311962,104,417,40.28151908,9.405338079,7.150779795,8.612780137,498,16,453,33,514,486
18,1000,40,7.7,28,81,949,30,14,7,51,8.684652891,108,449,42.13265858,10.24680005,8.43223515,8.940117928,486,17,463,34,503,497
21,1000,40,7.7,28,73,944,34,12,10,56,8.913218433,92,419,41.77548478,9.95152401,8.681583358,9.148589558,484,20,460,36,504,496
22,1000,40,7.7,28,65,952,30,7,11,48,8.257110692,101,417,41.94623527,10.04862974,7.48084723,8.953832926,457,16,495,32,473,527
20,1000,40,7.7,28,70,963,25,6,6,37,8.389938525,94,424,41.78113442,9.656771653,7.711589444,9.073736193,494,8,469,29,502,498
19,1000,40,7.7,28,78,946,35,11,8,54,8.889798523,113,434,41.93000366,10.20418169,8.637938174,9.165947291,498,25,448,29,523,477
23,1000,40,7.7,28,57,955,31,8,6,45,8.177176288,91,420,41.43746068,9.898334888,7.503429086,8.884058599,496,16,459,29,512,488
21,1000,40,7.7,28,74,944,34,12,10,56,8.950981573,99,437,41.82821407,9.974830811,8.720589493,9.185089656,484,20,460,36,504,496
22,1000,40,7.7,28,66,952,29,8,11,48,8.262044087,97,400,41.99128756,10.05046242,7.493532736,8.951808545,457,16,495,32,473,527
17,1000,40,7.7,28,78,960,27,6,7,40,8.475281189,90,383,42.23348661,9.796738381,8.166050641,8.758446328,463,15,497,25,478,522
20,1000,40,7.7,28,71,962,25,7,6,38,8.383056582,103,430,41.81469792,9.680495352,7.695120766,9.076517987,494,8,468,30,502,498
24,1000,40,7.7,28,26,952,16,12,20,48,7.878462167,114,382,40.32294035,9.419087338,7.171800569,8.625836779,498,16,454,32,514,486
18,1000,40,7.7,28,82,948,31,14,7,52,8.696147739,100,424,42.17181493,10.24771086,8.450490286,8.944770875,486,17,462,35,503,497
19,1000,40,7.7,28,79,945,36,11,8,55,8.898443611,120,434,41.96092512,10.21891544,8.662022071,9.157664713,498,25,447,30,523,477
23,1000,40,7.7,28,58,956,30,8,6,44,8.20504327,102,413,41.47097909,9.917171014,7.513153502,8.930960403,497,15,459,29,512,488
22,1000,40,7.7,28,67,951,30,8,11,49,8.298852613,104,409,42.03936969,10.08043392,7.534715591,8.984690966,457,16,494,33,473,527
21,1000,40,7.7,28,75,942,37,12,9,58,8.988529557,104,429,41.85276714,9.991845708,8.777490411,9.20297256,483,21,459,37,504,496
17,1000,40,7.7,28,79,960,27,6,7,40,8.469995993,89,430,42.26705257,9.81237434,8.174984629,8.740140498,462,16,498,24,478,522
18,1000,40,7.7,28,83,948,31,13,8,52,8.721652803,106,443,42.20708057,10.27026703,8.461103414,8.985347657,486,17,462,35,503,497
20,1000,40,7.7,28,72,962,25,7,6,38,8.405520405,100,457,41.84036287,9.679302137,7.712268387,9.104340712,494,8,468,30,502,498
24,1000,40,7.7,28,27,951,16,13,20,49,7.916073738,113,413,40.34229759,9.434530225,7.226348816,8.645535897,497,17,454,32,514,486
19,1000,40,7.7,28,80,945,36,11,8,55,8.928092135,108,419,41.98815334,10.23921213,8.67396442,9.206726925,498,25,447,30,523,477
23,1000,40,7.7,28,59,955,31,8,6,45,8.216595379,97,407,41.50179385,9.925483041,7.530179092,8.936769845,496,16,459,29,512,488
22,1000,40,7.7,28,68,950,29,10,11,50,8.325062578,110,443,42.06510629,10.0965017,7.598880325,8.976835264,456,17,494,33,473,527
21,1000,40,7.7,28,76,942,37,12,9,58,8.999615989,106,449,41.89234281,10.01376668,8.822829324,9.179254051,483,21,459,37,504,496
17,1000,40,7.7,28,80,959,28,6,7,41,8.496772644,94,435,42.28591082,9.810217552,8.206325447,8.762737703,462,16,497,25,478,522
18,1000,40,7.7,28,84,948,30,14,8,52,8.737836243,99,429,42.24483762,10.29996994,8.479277303,8.999516619,486,17,462,35,503,497
20,1000,40,7.7,28,73,962,25,7,6,38,8.430383011,131,419,41.86199459,9.692258142,7.768251929,9.097832415,493,9,469,29,502,498
24,1000,40,7.7,28,28,953,16,12,19,47,7.930423189,101,415,40.37018076,9.467811349,7.245124613,8.655203988,498,16,455,31,514,486
19,1000,40,7.7,28,81,945,36,11,8,55,8.947146982,76,417,42.01338496,10.23696614,8.662950826,9.258749895,498,25,447,30,523,477
22,1000,40,7.7,28,69,950,30,10,10,50,8.328599662,109,418,42.09425776,10.11141601,7.623263923,8.96166191,456,17,494,33,473,527
21,1000,40,7.7,28,77,940,40,11,9,60,9.049681497,119,409,41.92634842,10.04025722,8.898980447,9.20281321,481,23,459,37,504,496
23,1000,40,7.7,28,60,954,31,9,6,46,8.27603572,101,413,41.55921029,9.939664409,7.569854299,9.016947375,496,16,458,30,512,488
18,1000,40,7.7,28,85,949,29,14,8,51,8.750588242,110,443,42.27469698,10.29188223,8.495233671,9.009025565,486,17,463,34,503,497
17,1000,40,7.7,28,81,958,29,6,7,42,8.540312492,104,421,42.30247023,9.832645897,8.232046246,8.82259461,462,16,496,26,478,522
20,1000,40,7.7,28,74,963,23,8,6,37,8.42705147,117,409,41.86885682,9.716285845,7.798883738,9.060264727,493,9,470,28,502,498
19,1000,40,7.7,28,82,946,36,10,8,54,8.976140247,123,407,42.045832,10.24927743,8.647056087,9.336959985,499,24,447,30,523,477
22,1000,40,7.7,28,70,952,30,8,10,48,8.334799007,104,418,42.10496233,10.14649266,7.652541884,8.94714743,456,17,496,31,473,527
24,1000,40,7.7,28,29,952,17,12,19,48,7.974381638,84,424,40.39049464,9.487551793,7.312466803,8.674431483,498,16,454,32,514,486
21,1000,40,7.7,28,78,940,40,11,9,60,9.064792424,100,420,41.93660618,10.07174945,8.924752462,9.207091096,481,23,459,37,504,496
23,1000,40,7.7,28,61,955,32,7,6,45,8.292044913,100,428,41.60045239,9.966388811,7.556744233,9.063507921,497,15,458,30,512,488
18,1000,40,7.7,28,86,949,29,14,8,51,8.767474041,97,443,42.28225486,10.32068352,8.525919215,9.011945021,486,17,463,34,503,497
17,1000,40,7.7,28,82,956,30,7,7,44,8.568960453,109,432,42.34051424,9.852020926,8.285481942,8.828544224,461,17,495,27,478,522
20,1000,40,7.7,28,75,963,23,8,6,37,8.470803621,115,439,41.90555805,9.719001364,7.829075878,9.117685804,494,8,469,29,502,498
19,1000,40,7.7,28,83,945,37,10,8,55,9.007908993,118,437,42.07313397,10.24770735,8.681716627,9.365558064,498,25,447,30,523,477
22,1000,40,7.7,28,71,952,29,9,10,48,8.368119211,111,419,42.1230729,10.1727949,7.723324851,8.94684356,456,17,496,31,473,527
21,1000,40,7.7,28,79,942,38,11,9,58,9.050896038,102,426,41.96508371,10.10365443,8.900242807,9.203979161,481,23,461,35,504,496
24,1000,40,7.7,28,30,951,18,13,18,49,7.991602611,85,405,40.42868137,9.505969737,7.335004123,8.686029819,498,16,453,33,514,486
18,1000,40,7.7,28,87,949,29,13,9,51,8.801320886,96,407,42.31617327,10.34271365,8.559887185,9.045669281,486,17,463,34,503,497
23,1000,40,7.7,28,62,955,33,7,5,45,8.306102747,94,420,41.63664424,9.990107442,7.54888956,9.100555928,497,15,458,30,512,488
17,1000,40,7.7,28,83,954,31,8,7,46,8.607703299,101,432,42.37570432,9.846131353,8.328380722,8.863481445,460,18,494,28,478,522
20,1000,40,7.7,28,76,962,24,8,6,38,8.495991068,99,393,41.93106805,9.733779039,7.881294729,9.115624727,493,9,469,29,502,498
19,1000,40,7.7,28,84,945,37,10,8,55,8.984100539,139,414,42.10372895,10.26168643,8.664773624,9.334222083,498,25,447,30,523,477
22,1000,40,7.7,28,72,952,29,9,10,48,8.379356119,111,442,42.17056774,10.19327423,7.706239023,8.983501064,457,16,495,32,473,527
21,1000,40,7.7,28,80,941,37,13,9,59,9.082479924,98,435,42.00469839,10.10383818,8.954673582,9.212347658,480,24,461,35,504,496
24,1000,40,7.7,28,31,951,19,11,19,49,8.017601007,112,398,40.46128826,9.496823921,7.35644689,8.716846308,498,16,453,33,514,486
23,1000,40,7.7,28,63,956,31,8,5,44,8.304877784,102,429,41.67201238,9.993799859,7.555491208,9.091119437,497,15,459,29,512,488
18,1000,40,7.7,28,88,949,30,12,9,51,8.814268773,114,412,42.36898447,10.37534433,8.5617163,9.069870169,487,16,462,35,503,497
17,1000,40,7.7,28,84,953,31,9,7,47,8.649708245,111,427,42.39189802,9.861900372,8.393557232,8.884267985,460,18,493,29,478,522
19,1000,40,7.7,28,85,945,36,11,8,55,9.001415241,111,404,42.11734538,10.26982535,8.687691896,9.345392829,498,25,447,30,523,477
20,1000,40,7.7,28,77,962,24,8,6,38,8.478200994,106,421,41.95648451,9.742137933,7.84606121,9.115418206,494,8,468,30,502,498
22,1000,40,7.7,28,73,951,30,9,10,49,8.410271976,106,424,42.25038619,10.22389629,7.718258074,9.031377433,457,16,494,33,473,527
21,1000,40,7.7,28,81,942,37,12,9,58,9.081757017,112,400,42.01836776,10.12928802,8.987379631,9.177656618,480,24,462,34,504,496
18,1000,40,7.7,28,89,949,30,12,9,51,8.827242505,110,439,42.36938896,10.38541781,8.565441376,9.092204211,487,16,462,35,503,497
23,1000,40,7.7,28,64,956,31,9,4,44,8.348249277,122,396,41.68181053,9.985320484,7.62027598,9.11202454,496,16,460,28,512,488
24,1000,40,7.7,28,32,952,18,10,20,48,8.017286423,110,424,40.50261927,9.522411702,7.369466537,8.702429265,499,15,453,33,514,486
19,1000,40,7.7,28,86,945,37,11,7,55,8.998677765,110,432,42.12410314,10.31365994,8.697510971,9.328887897,498,25,447,30,523,477
20,1000,40,7.7,28,78,960,26,8,6,40,8.495097495,105,403,42.02341096,9.772049486,7.867992992,9.127238982,493,9,467,31,502,498
17,1000,40,7.7,28,85,952,32,9,7,48,8.674980412,112,428,42.39805224,9.890261857,8.396385514,8.930092215,460,18,492,30,478,522
22,1000,40,7.7,28,74,951,30,9,10,49,8.414451302,110,447,42.25320514,10.24182492,7.712286723,9.044667328,458,15,493,34,473,527
21,1000,40,7.7,28,82,941,38,12,9,59,9.097534457,129,414,42.05590547,10.13095872,9.041153862,9.154824415,480,24,461,35,504,496
18,1000,40,7.7,28,90,951,31,10,8,49,8.784290827,123,440,42.41924744,10.39115446,8.566100248,9.005115497,487,16,464,33,503,497
23,1000,40,7.7,28,65,956,31,9,4,44,8.368252434,111,430,41.73286067,10.01109845,7.59851833,9.175842315,496,16,460,28,512,488
19,1000,40,7.7,28,87,945,36,12,7,55,9.021927355,106,419,42.12304488,10.29947496,8.734914947,9.336618108,499,24,446,31,523,477
20,1000,40,7.7,28,79,959,26,9,6,41,8.529925917,116,421,42.05592778,9.774219225,7.894143669,9.17081485,492,10,467,31,502,498
24,1000,40,7.7,28,33,952,18,11,19,48,8.037432197,97,421,40.5246191,9.537510624,7.407453799,8.703705647,499,15,453,33,514,486
17,1000,40,7.7,28,86,953,30,10,7,47,8.70310029,103,424,42.41113693,9.905108068,8.395647947,8.984637111,461,17,492,30,478,522
21,1000,40,7.7,28,83,939,40,12,9,61,9.137230552,105,423,42.06068939,10.14877594,9.10255157,9.172468872,479,25,460,36,504,496
22,1000,40,7.7,28,75,951,31,9,9,49,8.45584383,94,435,42.27472536,10.2606189,7.773995881,9.067825006,458,15,493,34,473,527
18,1000,40,7.7,28,91,950,32,10,8,50,8.830712889,96,438,42.43856875,10.38867229,8.617731136,9.046265849,486,17,464,33,503,497
19,1000,40,7.7,28,88,945,35,13,7,55,9.063886886,92,441,42.15591826,10.32030168,8.784363244,9.370366687,499,24,446,31,523,477
20,1000,40,7.7,28,80,959,26,9,6,41,8.560205278,92,411,42.08536444,9.783891841,7.889317126,9.23648209,492,10,467,31,502,498
17,1000,40,7.7,28,87,953,30,9,8,47,8.727890264,114,415,42.43709207,9.953413837,8.427080774,9.003344164,461,17,492,30,478,522
23,1000,40,7.7,28,66,955,32,9,4,45,8.399682922,97,437,41.76687438,10.02785878,7.623497165,9.214041749,496,16,459,29,512,488
18,1000,40,7.7,28,92,949,32,11,8,51,8.852945577,117,422,42.46600656,10.40201188,8.655049631,9.053230609,486,17,463,34,503,497
24,1000,40,7.7,28,34,952,19,10,19,48,8.078695733,99,397,40.57196951,9.533557328,7.466214223,8.726464243,498,16,454,32,514,486
22,1000,40,7.7,28,76,950,32,9,9,50,8.481422679,85,444,42.29929788,10.2712848,7.802964096,9.090361786,457,16,493,34,473,527
21,1000,40,7.7,28,84,937,42,12,9,63,9.142462653,104,421,42.08086995,10.13823122,9.124276304,9.160942331,478,26,459,37,504,496
19,1000,40,7.7,28,89,945,35,13,7,55,9.100067828,102,454,42.20435186,10.35102061,8.785927276,9.444502857,499,24,446,31,523,477
20,1000,40,7.7,28,81,957,27,10,6,43,8.585978267,112,439,42.14351082,9.793067728,7.907052372,9.270357383,492,10,465,33,502,498
17,1000,40,7.7,28,88,952,31,9,8,48,8.72152505,99,427,42.47079566,9.99998868,8.425609004,8.99249798,461,17,491,31,478,522
18,1000,40,7.7,28,93,947,34,11,8,53,8.90683878,110,448,42.4940943,10.41421823,8.705130868,9.110981797,485,18,462,35,503,497
23,1000,40,7.7,28,67,954,33,8,5,46,8.405033375,105,438,41.801218,10.03094946,7.603430702,9.246059129,497,15,457,31,512,488
19,1000,40,7.7,28,90,946,34,13,7,54,9.096868889,124,424,42.22168182,10.37893812,8.791748642,9.431413731,499,24,447,30,523,477
21,1000,40,7.7,28,85,936,43,12,9,64,9.161424902,92,419,42.099684,10.15727301,9.122555192,9.200921543,478,26,458,38,504,496
22,1000,40,7.7,28,77,952,31,7,10,48,8.465694666,109,427,42.32544087,10.26335225,7.779948472,9.081174647,458,15,494,33,473,527
24,1000,40,7.7,28,35,951,20,10,19,49,8.107775471,95,415,40.58391666,9.5565621,7.505814746,8.74441706,498,16,453,33,514,486
20,1000,40,7.7,28,82,956,28,10,6,44,8.589205181,97,453,42.18619707,9.823516163,7.93157498,9.252117553,491,11,465,33,502,498
17,1000,40,7.7,28,89,953,29,10,8,47,8.765327246,103,412,42.49661989,10.03307386,8.463894052,9.041352278,461,17,492,30,478,522
18,1000,40,7.7,28,94,946,35,11,8,54,8.91779588,118,439,42.53268843,10.42532557,8.685421151,9.152975938,485,18,461,36,503,497
19,1000,40,7.7,28,91,946,34,12,8,54,9.128788318,108,432,42.23653711,10.3926697,8.815539568,9.472245544,499,24,447,30,523,477
23,1000,40,7.7,28,68,953,31,11,5,47,8.448864064,112,439,41.825935,10.04545623,7.652104806,9.284808203,497,15,456,32,512,488
21,1000,40,7.7,28,86,938,42,11,9,62,9.168457589,106,424,42.11906515,10.19116961,9.116121215,9.221638098,478,26,460,36,504,496
22,1000,40,7.7,28,78,951,32,6,11,49,8.453499929,95,436,42.37345047,10.28223264,7.772498841,9.06472102,458,15,493,34,473,527
20,1000,40,7.7,28,83,956,28,10,6,44,8.636408555,97,446,42.21635782,9.831798815,8.004019645,9.273876893,491,11,465,33,502,498
24,1000,40,7.7,28,36,952,20,10,18,48,8.129977912,103,419,40.62148997,9.558190521,7.516124827,8.779197019,498,16,454,32,514,486
18,1000,40,7.7,28,95,947,34,11,8,53,8.914809066,117,433,42.56803124,10.42595105,8.68637449,9.146001403,485,18,462,35,503,497
17,1000,40,7.7,28,90,953,29,10,8,47,8.776960888,108,426,42.5335205,10.05783586,8.471131771,9.057011306,461,17,492,30,478,522
19,1000,40,7.7,28,92,947,33,12,8,53,9.14814049,114,422,42.26732708,10.40990502,8.825676357,9.501701792,500,23,447,30,523,477
21,1000,40,7.7,28,87,934,46,11,9,66,9.192362217,103,439,42.13072726,10.19225161,9.177425168,9.207540186,476,28,458,38,504,496
22,1000,40,7.7,28,79,950,33,6,11,50,8.464245598,132,419,42.40170091,10.29710639,7.781649166,9.076898562,458,15,492,35,473,527
23,1000,40,7.7,28,69,953,31,11,5,47,8.493244067,115,430,41.85552055,10.04415353,7.701719446,9.323696129,497,15,456,32,512,488
20,1000,40,7.7,28,84,956,28,10,6,44,8.637350411,121,426,42.24583261,9.847081487,7.996525592,9.283322418,491,11,465,33,502,498
18,1000,40,7.7,28,96,948,35,8,9,52,8.910721943,102,451,42.5898339,10.45352459,8.720343298,9.103398922,486,17,462,35,503,497
17,1000,40,7.7,28,91,954,28,10,8,46,8.769146949,110,419,42.53989393,10.08543263,8.47968769,9.034207342,461,17,493,29,478,522
24,1000,40,7.7,28,37,953,19,11,17,47,8.143886473,97,414,40.62437746,9.558491672,7.549380598,8.772643714,498,16,455,31,514,486
19,1000,40,7.7,28,93,946,34,12,8,54,9.164416042,103,420,42.29193893,10.41891989,8.84610173,9.513427332,499,24,447,30,523,477
21,1000,40,7.7,28,88,934,46,10,10,66,9.201213623,105,452,42.13935294,10.20550247,9.183032315,9.219688178,477,27,457,39,504,496
22,1000,40,7.7,28,80,950,31,8,11,50,8.462936156,118,439,42.4108896,10.31573756,7.750378303,9.10248049,459,14,491,36,473,527
23,1000,40,7.7,28,70,954,32,9,5,46,8.499825909,92,419,41.88745619,10.05261677,7.700142283,9.338838238,498,14,456,32,512,488
18,1000,40,7.7,28,97,948,35,8,9,52,8.949121532,112,463,42.6271285,10.45419074,8.750374813,9.150267608,486,17,462,35,503,497
20,1000,40,7.7,28,85,954,30,10,6,46,8.723782314,98,448,42.26032629,9.850694371,8.099365865,9.353214156,489,13,465,33,502,498
17,1000,40,7.7,28,92,955,27,10,8,45,8.778539245,112,418,42.55305998,10.13508564,8.493947149,9.039142735,462,16,493,29,478,522
19,1000,40,7.7,28,94,946,34,12,8,54,9.159555413,103,429,42.32552394,10.45032417,8.827343044,9.523805033,499,24,447,30,523,477
24,1000,40,7.7,28,38,954,19,11,16,46,8.158015779,110,421,40.65586155,9.578439224,7.549993248,8.801068413,499,15,455,31,514,486
21,1000,40,7.7,28,89,934,45,11,10,66,9.220337976,101,423,42.14873132,10.21275529,9.187270508,9.253938791,477,27,457,39,504,496
22,1000,40,7.7,28,81,951,30,8,11,49,8.474337031,113,432,42.42195492,10.33362733,7.741910279,9.131714363,460,13,491,36,473,527
23,1000,40,7.7,28,71,954,32,9,5,46,8.525473481,110,421,41.92371699,10.06758081,7.750968201,9.338069185,498,14,456,32,512,488
18,1000,40,7.7,28,98,949,34,8,9,51,8.969411569,112,422,42.65743581,10.45855932,8.787534994,9.153483837,486,17,463,34,503,497
20,1000,40,7.7,28,86,953,32,9,6,47,8.739281062,95,429,42.28867158,9.852053944,8.110114849,9.373500819,487,15,466,32,502,498
17,1000,40,7.7,28,93,955,27,10,8,45,8.814989007,117,448,42.58818362,10.16456041,8.532813038,9.073380028,462,16,493,29,478,522
19,1000,40,7.7,28,95,944,36,12,8,56,9.167421772,100,418,42.35403866,10.47032513,8.801301777,9.568848937,499,24,445,32,523,477
21,1000,40,7.7,28,90,934,45,11,10,66,9.23321638,110,427,42.16128245,10.22902351,9.21806497,9.248612168,477,27,457,39,504,496
22,1000,40,7.7,28,82,950,32,7,11,50,8.517506673,108,426,42.43080003,10.34221014,7.773547151,9.185235049,461,12,489,38,473,527
24,1000,40,7.7,28,39,954,20,10,16,46,8.171042949,93,393,40.68608196,9.581379164,7.562920126,8.814201654,500,14,454,32,514,486
23,1000,40,7.7,28,72,954,33,8,5,46,8.516932641,118,421,41.94126276,10.07859587,7.708532626,9.365090035,499,13,455,33,512,488
18,1000,40,7.7,28,99,948,34,8,10,52,8.982758558,106,422,42.66999096,10.47918467,8.797275592,9.170480756,485,18,463,34,503,497
20,1000,40,7.7,28,87,954,31,9,6,46,8.761945219,111,424,42.28061199,9.868250444,8.086139604,9.443178991,487,15,467,31,502,498
17,1000,40,7.7,28,94,955,27,10,8,45,8.833644682,119,433,42.59437586,10.19075315,8.548478907,9.094773494,462,16,493,29,478,522
19,1000,40,7.7,28,96,943,37,12,8,57,9.181921529,114,431,42.39454786,10.49173855,8.828357643,9.569581722,499,24,444,33,523,477
21,1000,40,7.7,28,91,935,44,11,10,65,9.236695564,98,432,42.16795937,10.23804075,9.225848523,9.247717556,478,26,457,39,504,496
22,1000,40,7.7,28,83,949,32,8,11,51,8.537808145,87,439,42.43630921,10.34162561,7.797962668,9.201844028,461,12,488,39,473,527
24,1000,40,7.7,28,40,955,20,10,15,45,8.17877234,100,425,40.73454043,9.617874088,7.60117402,8.789647929,500,14,455,31,514,486
18,1000,40,7.7,28,100,947,35,8,10,53,9.018360964,107,426,42.67971982,10.50224499,8.818718488,9.22041361,485,18,462,35,503,497
23,1000,40,7.7,28,73,955,32,8,5,45,8.508707008,98,403,41.94663657,10.11729903,7.704086297,9.352899231,500,12,455,33,512,488
20,1000,40,7.7,28,88,953,33,9,5,47,8.752498594,107,432,42.30226788,9.873292226,8.097485843,9.412772491,486,16,467,31,502,498
19,1000,40,7.7,28,97,943,37,12,8,57,9.199649122,114,453,42.43340289,10.50912177,8.844442895,9.589110037,499,24,444,33,523,477
17,1000,40,7.7,28,95,953,29,10,8,47,8.864532701,122,456,42.60183302,10.2029102,8.602814244,9.104190598,460,18,493,29,478,522
22,1000,40,7.7,28,84,949,32,8,11,51,8.544050021,115,438,42.50305169,10.3396871,7.781811469,9.228184433,461,12,488,39,473,527
21,1000,40,7.7,28,92,934,45,11,10,66,9.273504209,115,432,42.19427436,10.25818372,9.251152176,9.296216758,478,26,456,40,504,496
18,1000,40,7.7,28,101,947,35,9,9,53,9.021459393,108,418,42.70864042,10.50262999,8.826322634,9.218951928,484,19,463,34,503,497
23,1000,40,7.7,28,74,955,32,7,6,45,8.519102633,112,452,41.99944248,10.15704074,7.717058899,9.360591141,500,12,455,33,512,488
24,1000,40,7.7,28,41,956,19,10,15,44,8.214529744,111,402,40.7523456,9.635856417,7.674868239,8.785282859,500,14,456,30,514,486
19,1000,40,7.7,28,98,943,36,12,9,57,9.229621211,117,438,42.44451344,10.51416766,8.846684527,9.6494868,499,24,444,33,523,477
20,1000,40,7.7,28,89,951,34,10,5,49,8.759470585,103,452,42.32754533,9.896995251,8.106228913,9.417959178,485,17,466,32,502,498
17,1000,40,7.7,28,96,953,29,10,8,47,8.893646541,99,451,42.60199692,10.23468374,8.646647065,9.119826137,460,18,493,29,478,522
22,1000,40,7.7,28,85,949,33,8,10,51,8.539429687,111,418,42.49558287,10.38191601,7.820201262,9.184961081,460,13,489,38,473,527
21,1000,40,7.7,28,93,936,44,9,11,64,9.288507011,102,428,42.23475532,10.29200694,9.278691641,9.298480694,479,25,457,39,504,496
18,1000,40,7.7,28,102,945,37,9,9,55,9.065201008,120,442,42.75994026,10.52303714,8.884779125,9.247801023,482,21,463,34,503,497
23,1000,40,7.7,28,75,954,33,7,6,46,8.528273701,118,399,42.0143025,10.1700888,7.702886206,9.394254024,500,12,454,34,512,488
19,1000,40,7.7,28,99,945,35,12,8,55,9.241041712,131,423,42.45523469,10.52522936,8.902223614,9.612534092,498,25,447,30,523,477
24,1000,40,7.7,28,42,957,17,11,15,43,8.240288524,94,415,40.7578245,9.648703475,7.740187522,8.769201929,500,14,457,29,514,486
20,1000,40,7.7,28,90,950,35,9,6,50,8.795093747,108,424,42.33533271,9.9157558,8.172277577,9.422912456,484,18,466,32,502,498
22,1000,40,7.7,28,86,949,33,7,11,51,8.536358329,114,431,42.52797326,10.39701514,7.865963458,9.138059988,459,14,490,37,473,527
17,1000,40,7.7,28,97,952,30,10,8,48,8.915216173,105,457,42.63974501,10.25983233,8.663976693,9.145278379,459,19,493,29,478,522
21,1000,40,7.7,28,94,936,44,9,11,64,9.281843107,126,426,42.25004123,10.31014916,9.235551524,9.328881328,480,24,456,40,504,496
18,1000,40,7.7,28,103,946,37,9,8,54,9.073462845,111,423,42.80730744,10.54808918,8.926598207,9.222100497,482,21,464,33,503,497
19,1000,40,7.7,28,100,945,35,12,8,55,9.261750348,108,419,42.50576435,10.53826179,8.891039907,9.668210642,499,24,446,31,523,477
23,1000,40,7.7,28,76,956,32,6,6,44,8.535023098,112,427,42.03549098,10.19030873,7.723635619,9.386314879,501,11,455,33,512,488
22,1000,40,7.7,28,87,950,33,6,11,50,8.552652917,109,429,42.55231142,10.40674779,7.883400205,9.153329449,459,14,491,36,473,527
20,1000,40,7.7,28,91,950,35,10,5,50,8.809475808,118,445,42.3427842,9.91909952,8.231594374,9.39199886,483,19,467,31,502,498
17,1000,40,7.7,28,98,953,28,11,8,47,8.937264678,104,417,42.63181097,10.28094214,8.714001272,9.141708946,459,19,494,28,478,522
24,1000,40,7.7,28,43,956,18,11,15,44,8.261057633,107,426,40.77004169,9.656222924,7.773785973,8.776402557,500,14,456,30,514,486
21,1000,40,7.7,28,95,935,44,9,12,65,9.338710228,119,435,42.28383011,10.31491768,9.333024546,9.344487613,479,25,456,40,504,496
18,1000,40,7.7,28,104,945,38,10,7,55,9.085841188,93,416,42.8180915,10.56296736,8.951533013,9.221770789,481,22,464,33,503,497
25,1000,40,7.7,28,0,951,20,14,15,49,7.105,81,388,40.22779664,8.642124171,6.609848485,7.658898305,507,21,444,28,528,472
19,1000,40,7.7,28,101,945,36,11,8,55,9.284669974,112,432,42.52577165,10.55281463,8.943562591,9.65867241,498,25,447,30,523,477
23,1000,40,7.7,28,77,955,33,6,6,45,8.53824848,107,429,42.06592205,10.19972713,7.743221403,9.37237525,500,12,455,33,512,488
22,1000,40,7.7,28,88,950,32,7,11,50,8.558582106,91,414,42.57368239,10.42414257,7.909503901,9.141151348,459,14,491,36,473,527
20,1000,40,7.7,28,92,949,36,10,5,51,8.820279391,118,431,42.36930525,9.933938723,8.253305443,9.391807347,482,20,467,31,502,498
17,1000,40,7.7,28,99,954,28,10,8,46,8.927167846,119,412,42.62398148,10.29728444,8.690382377,9.143994386,460,18,494,28,478,522
21,1000,40,7.7,28,96,934,47,8,11,66,9.334969584,112,430,42.28358493,10.32133115,9.338400082,9.331483754,478,26,456,40,504,496
24,1000,40,7.7,28,44,955,19,11,15,45,8.318406296,95,420,40.81097891,9.675438279,7.836628857,8.827940461,499,15,456,30,514,486
25,1000,40,7.7,28,1,950,21,14,15,50,7.130632217,90,434,40.24760895,8.669357926,6.64789721,7.670640868,507,21,443,29,528,472
19,1000,40,7.7,28,102,945,36,10,9,55,9.327754001,92,431,42.55483756,10.57527789,8.956202312,9.73513667,498,25,447,30,523,477
22,1000,40,7.7,28,89,950,32,7,11,50,8.588042981,112,438,42.61733178,10.46167181,7.951352656,9.15949369,459,14,491,36,473,527
23,1000,40,7.7,28,78,955,32,6,7,45,8.553589687,117,440,42.09100629,10.22821987,7.755101042,9.391348265,500,12,455,33,512,488
20,1000,40,7.7,28,93,946,39,10,5,54,8.843726328,110,418,42.39243448,9.946056285,8.28796011,9.403956531,479,23,467,31,502,498
21,1000,40,7.7,28,97,934,47,8,11,66,9.337132973,105,456,42.31361877,10.32344665,9.334642986,9.339663122,478,26,456,40,504,496
17,1000,40,7.7,28,100,954,26,12,8,46,8.952668203,102,426,42.63405562,10.30676371,8.711984972,9.173063958,460,18,494,28,478,522
24,1000,40,7.7,28,45,957,18,11,14,43,8.308452511,102,419,40.82135872,9.698592591,7.867677689,8.774621768,499,15,458,28,514,486
25,1000,40,7.7,28,2,952,21,11,16,48,7.151506937,101,407,40.27430057,8.654098195,6.627468606,7.737719308,509,19,443,29,528,472
19,1000,40,7.7,28,103,945,37,10,8,55,9.312236213,113,411,42.60345517,10.58019792,8.994945538,9.66012515,498,25,447,30,523,477
22,1000,40,7.7,28,90,949,33,7,11,51,8.606475542,114,385,42.65393829,10.48840755,7.952841538,9.193133766,458,15,491,36,473,527
23,1000,40,7.7,28,79,954,33,6,7,46,8.589730953,96,407,42.08967354,10.25476801,7.816787482,9.400688036,499,13,455,33,512,488
21,1000,40,7.7,28,98,933,48,8,11,67,9.346382477,111,405,42.34708378,10.34877084,9.337062954,9.355852316,478,26,455,41,504,496
20,1000,40,7.7,28,94,946,39,10,5,54,8.862296626,98,458,42.43529095,9.960904504,8.290835879,9.438347419,479,23,467,31,502,498
17,1000,40,7.7,28,101,953,27,12,8,47,8.995018864,115,436,42.67114362,10.34356724,8.763885513,9.20666971,459,19,494,28,478,522
19,1000,40,7.7,28,104,943,38,10,9,57,9.355307567,118,454,42.63332262,10.60643814,9.028452002,9.713683794,498,25,445,32,523,477
24,1000,40,7.7,28,46,957,18,11,14,43,8.332259243,98,406,40.83373472,9.718446714,7.904096319,8.78508999,499,15,458,28,514,486
26,1000,40,7.7,28,0,937,35,14,14,63,7.457,96,393,39.90940824,9.008960289,6.972111554,7.945783133,477,25,460,38,502,498
25,1000,40,7.7,28,3,954,20,10,16,46,7.160547521,80,406,40.27207871,8.671599856,6.675842645,7.702759755,509,19,445,27,528,472
22,1000,40,7.7,28,91,951,32,7,10,49,8.598856891,130,432,42.67299618,10.50332005,7.923321517,9.205172322,460,13,491,36,473,527
21,1000,40,7.7,28,99,932,49,8,11,68,9.358351137,111,455,42.36386799,10.35293833,9.376144957,9.340270321,476,28,456,40,504,496
23,1000,40,7.7,28,80,954,33,6,7,46,8.589419327,116,435,42.13000984,10.28250851,7.802078622,9.415481707,499,13,455,33,512,488
20,1000,40,7.7,28,95,945,39,11,5,55,8.897689226,106,413,42.43581687,9.99618317,8.328596673,9.471352802,478,24,467,31,502,498
17,1000,40,7.7,28,102,953,27,12,8,47,8.98149108,111,426,42.68433646,10.364694,8.729233317,9.212485737,459,19,494,28,478,522
22,1000,40,7.7,28,92,951,32,7,10,49,8.605496955,116,441,42.69975565,10.52829448,7.914222035,9.225939152,460,13,491,36,473,527
26,1000,40,7.7,28,1,940,33,13,14,60,7.428750776,94,408,39.95362532,9.021713067,6.920754153,7.940827694,479,23,461,37,502,498
25,1000,40,7.7,28,4,954,20,10,16,46,7.166708868,103,405,40.28015396,8.686938139,6.676967854,7.714554747,509,19,445,27,528,472
24,1000,40,7.7,28,47,956,19,11,14,44,8.36575849,100,414,40.8814425,9.728165239,7.930348317,8.826254022,498,16,458,28,514,486
20,1000,40,7.7,28,96,945,39,11,5,55,8.906348532,102,437,42.43879199,10.00035104,8.373999853,9.442973104,477,25,468,30,502,498
21,1000,40,7.7,28,100,933,47,9,11,67,9.358624432,120,412,42.38875236,10.37086567,9.395453108,9.321201745,477,27,456,40,504,496
17,1000,40,7.7,28,103,954,26,12,8,46,8.995434015,95,416,42.72036627,10.38603216,8.723930197,9.244052454,460,18,494,28,478,522
23,1000,40,7.7,28,81,954,33,6,7,46,8.608081878,122,408,42.14263943,10.29064134,7.830488243,9.423917824,499,13,455,33,512,488
26,1000,40,7.7,28,2,942,33,11,14,58,7.413755587,85,435,39.98957222,9.048435743,6.927744232,7.903670648,479,23,463,35,502,498
25,1000,40,7.7,28,5,955,19,10,16,45,7.198457048,109,398,40.29065111,8.70449726,6.72107016,7.732483058,509,19,446,26,528,472
22,1000,40,7.7,28,93,950,33,7,10,50,8.648791086,121,412,42.70950403,10.53693971,7.947585458,9.278146422,459,14,491,36,473,527
24,1000,40,7.7,28,48,956,19,11,14,44,8.356485289,108,406,40.88522676,9.747644726,7.92706874,8.810641885,498,16,458,28,514,486
17,1000,40,7.7,28,104,954,25,13,8,46,9.003277916,116,408,42.754836,10.40588711,8.730151165,9.253382488,460,18,494,28,478,522
21,1000,40,7.7,28,101,934,46,10,10,66,9.353690739,105,467,42.41043551,10.40826152,9.417253415,9.28910286,477,27,457,39,504,496
27,1000,40,7.7,28,0,948,30,12,10,52,7.191,99,412,40.04857473,8.74951608,6.647773279,7.721343874,469,25,479,27,494,506
20,1000,40,7.7,28,97,945,39,11,5,55,8.942553521,114,440,42.46463916,10.0252463,8.41643977,9.472893086,477,25,468,30,502,498
23,1000,40,7.7,28,82,954,33,6,7,46,8.608651159,117,424,42.16672997,10.28771597,7.830108427,9.425482878,499,13,455,33,512,488
25,1000,40,7.7,28,6,955,19,10,16,45,7.210679899,100,400,40.32989043,8.736400812,6.742616073,7.734276722,508,20,447,25,528,472
26,1000,40,7.7,28,3,943,31,12,14,57,7.42629169,95,423,40.02738152,9.067508569,6.946809724,7.909624917,479,23,464,34,502,498
22,1000,40,7.7,28,94,950,32,8,10,50,8.665901479,99,427,42.7731024,10.53412691,7.9501778,9.308287248,459,14,491,36,473,527
21,1000,40,7.7,28,102,933,47,10,10,67,9.360147238,115,424,42.41857253,10.4034318,9.412003334,9.307454753,477,27,456,40,504,496
20,1000,40,7.7,28,98,944,40,11,5,56,8.999461111,93,428,42.48200517,10.05515599,8.478216036,9.524892893,477,25,467,31,502,498
27,1000,40,7.7,28,1,950,27,13,10,50,7.244596123,99,420,40.14116553,8.7672519,6.679382713,7.796405263,470,24,480,26,494,506
24,1000,40,7.7,28,49,956,19,11,14,44,8.405308518,103,414,40.91164718,9.757118465,8.011972713,8.821305645,498,16,458,28,514,486
23,1000,40,7.7,28,83,954,33,6,7,46,8.598789501,105,431,42.17449172,10.29102233,7.822540821,9.413214346,499,13,455,33,512,488
25,1000,40,7.7,28,7,958,18,7,17,42,7.222778424,89,438,40.36160259,8.765532148,6.744392508,7.757921992,510,18,448,24,528,472
26,1000,40,7.7,28,4,945,30,13,12,55,7.382534526,105,407,40.03596161,9.086511491,6.927462701,7.841261546,479,23,466,32,502,498
22,1000,40,7.7,28,95,948,34,8,10,52,8.723974833,129,436,42.82080166,10.55895349,7.999485819,9.374227781,458,15,490,37,473,527
21,1000,40,7.7,28,103,933,47,10,10,67,9.365742568,91,427,42.43664113,10.40337369,9.418147431,9.312492465,477,27,456,40,504,496
20,1000,40,7.7,28,99,942,42,11,5,58,9.023069846,98,416,42.51413146,10.06108867,8.484263587,9.566203867,476,26,466,32,502,498
27,1000,40,7.7,28,2,951,26,13,10,49,7.260158421,114,414,40.18975681,8.792624356,6.666341489,7.839892738,471,23,480,26,494,506
25,1000,40,7.7,28,8,957,19,7,17,43,7.247981575,85,398,40.39190589,8.779208556,6.744233375,7.811496511,510,18,447,25,528,472
26,1000,40,7.7,28,5,948,28,13,11,52,7.400231602,96,400,40.08051608,9.124002321,6.895316469,7.909202277,482,20,466,32,502,498
23,1000,40,7.7,28,84,953,34,5,8,47,8.621999186,96,414,42.18475515,10.30176576,7.823120777,9.460166698,498,14,455,33,512,488
24,1000,40,7.7,28,50,955,20,11,14,45,8.419781657,115,426,40.94635476,9.757326044,8.033848666,8.827949469,497,17,458,28,514,486
22,1000,40,7.7,28,96,948,33,9,10,52,8.734932737,119,410,42.85747181,10.57844384,8.030489696,9.367193758,457,16,491,36,473,527
21,1000,40,7.7,28,104,930,49,11,10,70,9.388588518,109,422,42.46364928,10.42227233,9.433928214,9.342517536,476,28,454,42,504,496
20,1000,40,7.7,28,100,939,44,12,5,61,9.049036545,95,438,42.5211145,10.08688216,8.527093177,9.575172231,475,27,464,34,502,498
25,1000,40,7.7,28,9,959,18,6,17,41,7.246721943,96,396,40.4223435,8.801520226,6.75282994,7.799211301,510,18,449,23,528,472
28,1000,40,7.7,28,0,933,35,16,16,67,7.539,85,394,40.04343992,9.141091024,6.43030303,8.625742574,474,21,459,46,495,505
26,1000,40,7.7,28,6,948,29,12,11,52,7.434472187,105,427,40.12819359,9.125061253,6.945596228,7.927274862,481,21,467,31,502,498
27,1000,40,7.7,28,3,951,26,13,10,49,7.297835376,94,391,40.21896985,8.820000302,6.7183856,7.863543261,471,23,480,26,494,506
23,1000,40,7.7,28,85,952,35,5,8,48,8.640904033,105,402,42.22213034,10.30332192,7.846918024,9.473938535,498,14,454,34,512,488
22,1000,40,7.7,28,97,946,34,10,10,54,8.801751044,117,428,42.85356902,10.5904063,8.094478017,9.436552072,457,16,489,38,473,527
24,1000,40,7.7,28,51,955,21,10,14,45,8.425926404,101,412,40.98860266,9.796881512,8.020453988,8.85475937,497,17,458,28,514,486
25,1000,40,7.7,28,10,955,22,6,17,45,7.295685132,94,414,40.45551902,8.820551039,6.787902933,7.863712676,509,19,446,26,528,472
26,1000,40,7.7,28,7,949,28,12,11,51,7.450722795,100,385,40.16583414,9.144064706,6.943528343,7.961991097,482,20,467,31,502,498
27,1000,40,7.7,28,4,949,28,13,10,51,7.344004401,92,397,40.27948381,8.796614452,6.757828733,7.91627867,471,23,478,28,494,506
23,1000,40,7.7,28,86,947,39,5,9,53,8.694732878,96,422,42.26100568,10.30482382,7.914274931,9.513574004,494,18,453,35,512,488
20,1000,40,7.7,28,101,939,44,11,6,61,9.065606972,93,443,42.56387519,10.11230409,8.533607859,9.601879169,475,27,464,34,502,498
28,1000,40,7.7,28,1,935,34,16,15,65,7.526771451,104,409,40.05391192,9.171805595,6.463176315,8.569305297,475,20,460,45,495,505
22,1000,40,7.7,28,98,946,34,10,10,54,8.811590828,100,440,42.847472,10.61703403,8.091886512,9.45754935,457,16,489,38,473,527
25,1000,40,7.7,28,11,956,22,5,17,44,7.320897306,102,412,40.49411816,8.823715961,6.788603902,7.916344166,510,18,446,26,528,472
26,1000,40,7.7,28,8,953,26,10,11,47,7.447271674,93,382,40.20289666,9.173138442,6.923342288,7.975409328,485,17,468,30,502,498
24,1000,40,7.7,28,52,956,20,9,15,44,8.438633981,96,414,41.02858063,9.812374125,8.041317459,8.858841166,498,16,458,28,514,486
27,1000,40,7.7,28,5,948,29,14,9,52,7.374424716,94,414,40.30108433,8.820266204,6.784185748,7.950665922,470,24,478,28,494,506
23,1000,40,7.7,28,87,948,38,5,9,52,8.71174832,95,435,42.29172087,10.34303092,7.962698135,9.497637039,494,18,454,34,512,488
20,1000,40,7.7,28,102,937,46,11,6,63,9.115259937,110,444,42.59488321,10.1309546,8.587756219,9.647000632,474,28,463,35,502,498
28,1000,40,7.7,28,2,936,33,16,15,64,7.534643426,111,417,40.06483544,9.172858088,6.481909544,8.566531092,475,20,461,44,495,505
22,1000,40,7.7,28,99,946,35,10,9,54,8.768335876,113,430,42.88088696,10.64545356,8.042585938,9.419720546,457,16,489,38,473,527
25,1000,40,7.7,28,12,957,21,5,17,43,7.336642973,95,401,40.51637284,8.820931316,6.798671314,7.938441779,511,17,446,26,528,472
26,1000,40,7.7,28,9,953,26,10,11,47,7.488966573,98,413,40.26455119,9.188428772,6.954972804,8.027249449,485,17,468,30,502,498
27,1000,40,7.7,28,6,949,29,13,9,51,7.361388754,115,435,40.29240698,8.823849203,6.765005924,7.943628117,471,23,478,28,494,506
24,1000,40,7.7,28,53,954,22,9,15,46,8.465318976,87,392,41.07777121,9.813505041,8.058293586,8.89579439,497,17,457,29,514,486
20,1000,40,7.7,28,103,937,45,12,6,63,9.125520462,121,423,42.64394147,10.16950925,8.592835748,9.662483767,474,28,463,35,502,498
23,1000,40,7.7,28,88,947,39,5,9,53,8.761476845,102,431,42.33220406,10.34350746,8.040886192,9.517506382,493,19,454,34,512,488
28,1000,40,7.7,28,3,940,32,15,13,60,7.540812387,100,367,40.10131624,9.169875903,6.526540901,8.534999288,476,19,464,41,495,505
22,1000,40,7.7,28,100,947,34,10,9,53,8.72523939,109,430,42.90848749,10.63822611,7.990156292,9.38500088,457,16,490,37,473,527
26,1000,40,7.7,28,10,956,23,10,11,44,7.509154029,98,394,40.28757981,9.226893861,7.025957898,7.996231254,485,17,471,27,502,498
25,1000,40,7.7,28,13,958,20,5,17,42,7.340149867,104,423,40.54222778,8.855432492,6.803406277,7.9405749,511,17,447,25,528,472
27,1000,40,7.7,28,7,949,27,15,9,51,7.38012428,90,411,40.29959228,8.831181389,6.757934171,7.987558891,471,23,478,28,494,506
28,1000,40,7.7,28,4,944,29,14,13,56,7.53043644,110,397,40.13393067,9.205195851,6.492510538,8.547809353,478,17,466,39,495,505
20,1000,40,7.7,28,104,937,45,12,6,63,9.133646816,116,431,42.67871365,10.17816007,8.616769953,9.654675299,474,28,463,35,502,498
23,1000,40,7.7,28,89,946,40,4,10,54,8.825449615,97,440,42.34580311,10.34946731,8.118050914,9.567638416,493,19,453,35,512,488
29,1000,40,7.7,28,0,941,29,15,15,59,7.317,96,413,40.00547197,8.860178059,6.408296943,8.084870849,441,17,500,42,458,542
24,1000,40,7.7,28,54,953,23,8,16,47,8.505645391,98,422,41.08379616,9.84045216,8.089976407,8.945262383,496,18,457,29,514,486
22,1000,40,7.7,28,101,945,35,11,9,55,8.7555939,101,449,42.9709854,10.64097726,8.017872009,9.417723795,456,17,489,38,473,527
25,1000,40,7.7,28,14,958,20,5,17,42,7.37931646,93,417,40.55321975,8.886781219,6.847809241,7.973883858,511,17,447,25,528,472
26,1000,40,7.7,28,11,956,23,10,11,44,7.544203774,98,414,40.33522014,9.231844205,7.048010177,8.044382863,485,17,471,27,502,498
27,1000,40,7.7,28,8,948,28,15,9,52,7.414889281,86,398,40.33893409,8.850448925,6.823025711,7.992716561,470,24,478,28,494,506
28,1000,40,7.7,28,5,944,30,13,13,56,7.57772676,92,403,40.11504816,9.224874469,6.492366943,8.641594303,479,16,465,40,495,505
22,1000,40,7.7,28,102,944,36,11,9,56,8.743895324,116,447,42.99906631,10.64625132,7.996121644,9.415047033,456,17,488,39,473,527
23,1000,40,7.7,28,90,944,42,4,10,56,8.829203168,123,422,42.38261399,10.36836479,8.145194284,9.546851832,491,21,453,35,512,488
29,1000,40,7.7,28,1,943,29,14,14,57,7.34233006,89,412,40.01891252,8.872092473,6.463964365,8.084565279,441,17,502,40,458,542
24,1000,40,7.7,28,55,953,24,8,15,47,8.489390849,101,414,41.08695027,9.868422333,8.112922835,8.887548379,497,17,456,30,514,486
26,1000,40,7.7,28,12,956,24,9,11,44,7.540997798,108,398,40.37624469,9.254995616,7.012959952,8.073276913,486,16,470,28,502,498
25,1000,40,7.7,28,15,960,18,4,18,40,7.406152048,112,400,40.54566283,8.921167885,6.885080329,7.989045835,512,16,448,24,528,472
27,1000,40,7.7,28,9,946,30,15,9,54,7.473306074,91,394,40.36270493,8.872325213,6.876728767,8.055735301,470,24,476,30,494,506
28,1000,40,7.7,28,6,947,28,13,12,53,7.56095967,90,395,40.13551923,9.254983291,6.483631493,8.616954616,479,16,468,37,495,505
22,1000,40,7.7,28,103,942,38,11,9,58,8.732003857,124,440,43.0303579,10.67916224,7.967259011,9.418387751,456,17,486,41,473,527
29,1000,40,7.7,28,2,941,30,15,14,59,7.390827002,93,414,40.0556134,8.881227296,6.483624135,8.157430163,440,18,501,41,458,542
26,1000,40,7.7,28,13,957,21,11,11,43,7.589182575,114,358,40.41693203,9.289318675,7.082247852,8.100189064,487,15,470,28,502,498
25,1000,40,7.7,28,16,962,16,4,18,38,7.429704455,97,409,40.57648074,8.935837381,6.930104992,7.988578431,513,15,449,23,528,472
23,1000,40,7.7,28,91,944,41,5,10,56,8.868389842,108,411,42.41439682,10.38210884,8.199704282,9.569961576,491,21,453,35,512,488
24,1000,40,7.7,28,56,952,22,11,15,48,8.539484082,122,429,41.12509879,9.891698054,8.204633206,8.893626779,496,18,456,30,514,486
27,1000,40,7.7,28,10,946,30,15,9,54,7.463609783,101,426,40.37729933,8.861272589,6.833608879,8.078669954,470,24,476,30,494,506
28,1000,40,7.7,28,7,947,28,13,12,53,7.590701418,99,387,40.12864071,9.279308553,6.504339757,8.655550967,479,16,468,37,495,505
26,1000,40,7.7,28,14,958,20,11,11,42,7.596130795,93,405,40.4436141,9.319311015,7.10200287,8.094227619,487,15,471,27,502,498
25,1000,40,7.7,28,17,962,16,4,18,38,7.465694168,95,406,40.59528945,8.964923945,6.949034231,8.043652741,513,15,449,23,528,472
29,1000,40,7.7,28,3,942,28,16,14,58,7.384516676,101,405,40.09707386,8.882044121,6.47942221,8.149338199,440,18,502,40,458,542
22,1000,40,7.7,28,104,940,40,12,8,60,8.719470434,114,435,43.09351137,10.69893641,7.975147127,9.387525319,455,18,485,42,473,527
30,1000,40,7.7,28,0,956,19,11,14,44,6.886,101,397,39.62027659,8.615937559,6.444223108,7.331325301,483,19,473,25,502,498
23,1000,40,7.7,28,92,945,40,5,10,55,8.874907121,134,435,42.44898516,10.39579746,8.275336276,9.503965057,491,21,454,34,512,488
24,1000,40,7.7,28,57,951,23,11,15,49,8.597008761,95,407,41.18245909,9.887715231,8.269805933,8.94306278,495,19,456,30,514,486
27,1000,40,7.7,28,11,947,29,15,9,53,7.494713704,89,396,40.39858282,8.879896154,6.881188093,8.093689301,470,24,477,29,494,506
26,1000,40,7.7,28,15,958,19,12,11,42,7.639948951,124,419,40.45846525,9.339916223,7.132890294,8.151080368,487,15,471,27,502,498
25,1000,40,7.7,28,18,962,16,4,18,38,7.511429369,97,397,40.63002792,8.97565074,6.991610668,8.092921476,513,15,449,23,528,472
28,1000,40,7.7,28,8,947,28,12,13,53,7.608464638,92,402,40.12988852,9.30719249,6.496628304,8.698284412,479,16,468,37,495,505
29,1000,40,7.7,28,4,942,28,16,14,58,7.416239555,83,400,40.10910492,8.90549629,6.518959461,8.174457789,440,18,502,40,458,542
30,1000,40,7.7,28,1,956,19,11,14,44,6.928170933,115,422,39.65749697,8.643519683,6.469646899,7.39037789,484,18,472,26,502,498
23,1000,40,7.7,28,93,944,41,5,10,56,8.866902777,98,436,42.46433168,10.40286965,8.2881998,9.474066555,490,22,454,34,512,488
26,1000,40,7.7,28,16,958,19,12,11,42,7.657696474,90,400,40.47022369,9.36561226,7.164452396,8.154902352,487,15,471,27,502,498
27,1000,40,7.7,28,12,949,27,15,9,51,7.522310454,85,383,40.41245866,8.886897326,6.919680885,8.110648414,471,23,478,28,494,506
24,1000,40,7.7,28,58,951,23,11,15,49,8.605214862,116,427,41.22441868,9.886770383,8.286414435,8.942382393,495,19,456,30,514,486
25,1000,40,7.7,28,19,962,17,4,17,38,7.538136534,110,393,40.6481241,9.003833816,7.030038261,8.106517653,513,15,449,23,528,472
28,1000,40,7.7,28,9,946,30,12,12,54,7.628475148,80,415,40.15343776,9.307196607,6.539247631,8.696133803,478,17,468,37,495,505
30,1000,40,7.7,28,2,954,21,11,14,46,6.987202107,92,413,39.66904692,8.657982222,6.550802135,7.427107299,482,20,472,26,502,498
29,1000,40,7.7,28,5,943,28,15,14,57,7.438523333,81,453,40.1444917,8.947020088,6.54350567,8.194829771,440,18,503,39,458,542
26,1000,40,7.7,28,17,958,19,10,13,42,7.688735288,103,420,40.49874054,9.379580009,7.194393995,8.187047194,487,15,471,27,502,498
28,1000,40,7.7,28,10,945,31,12,12,55,7.651793022,87,389,40.16231508,9.317859572,6.567980786,8.71414363,478,17,467,38,495,505
27,1000,40,7.7,28,13,952,24,15,9,48,7.521351657,101,410,40.41401765,8.900580505,6.896630195,8.131257591,474,20,478,28,494,506
23,1000,40,7.7,28,94,944,40,6,10,56,8.872433905,107,430,42.4987018,10.41379349,8.316005362,9.456227786,490,22,454,34,512,488
24,1000,40,7.7,28,59,951,24,11,14,49,8.603902299,94,432,41.25861672,9.903380191,8.296383906,8.929137801,495,19,456,30,514,486
25,1000,40,7.7,28,20,961,17,5,17,39,7.553196388,95,411,40.67007224,9.019354459,7.04343228,8.123440983,512,16,449,23,528,472
30,1000,40,7.7,28,3,954,21,11,14,46,7.048463285,82,413,39.70990944,8.674042868,6.606113469,7.494366112,482,20,472,26,502,498
29,1000,40,7.7,28,6,943,28,15,14,57,7.435537533,110,422,40.16887044,8.948052368,6.5535619,8.180823214,440,18,503,39,458,542
28,1000,40,7.7,28,11,946,30,12,12,54,7.649128285,94,411,40.21585042,9.328422671,6.553311947,8.72324529,478,17,468,37,495,505
27,1000,40,7.7,28,14,952,25,16,7,48,7.52816225,93,402,40.44239565,8.922271073,6.91088145,8.130803979,475,19,477,29,494,506
26,1000,40,7.7,28,18,958,19,10,13,42,7.690391561,97,431,40.50124387,9.393497609,7.212233029,8.172390724,487,15,471,27,502,498
25,1000,40,7.7,28,21,961,17,5,17,39,7.592488817,87,412,40.69482977,9.049965415,7.11179165,8.130217852,512,16,449,23,528,472
30,1000,40,7.7,28,4,953,22,10,15,47,7.084445196,85,397,39.72779698,8.696087198,6.6617343,7.51055136,481,21,472,26,502,498
23,1000,40,7.7,28,95,942,42,6,10,58,8.904019341,125,423,42.54548129,10.42575163,8.353001479,9.482136442,489,23,453,35,512,488
24,1000,40,7.7,28,60,952,24,10,14,48,8.611148701,112,400,41.27941719,9.907103894,8.321905824,8.917055777,496,18,456,30,514,486
29,1000,40,7.7,28,7,944,28,14,14,56,7.476578248,99,418,40.2174744,8.958195856,6.61065226,8.208301683,441,17,503,39,458,542
25,1000,40,7.7,28,22,961,18,5,16,39,7.572667758,105,416,40.72227788,9.084408647,7.11063476,8.089518229,512,16,449,23,528,472
26,1000,40,7.7,28,19,958,19,10,13,42,7.684782139,106,430,40.50918462,9.406408171,7.20835771,8.165033271,487,15,471,27,502,498
30,1000,40,7.7,28,5,953,22,10,15,47,7.12200989,90,428,39.75996564,8.70871062,6.684551688,7.562981812,481,21,472,26,502,498
28,1000,40,7.7,28,12,946,30,12,12,54,7.668075497,94,403,40.25413232,9.323469231,6.573385136,8.741088821,478,17,468,37,495,505
27,1000,40,7.7,28,15,952,25,16,7,48,7.53452682,101,412,40.46999702,8.929438259,6.922790713,8.13175535,475,19,477,29,494,506
23,1000,40,7.7,28,96,940,44,6,10,60,8.953172015,118,446,42.57456031,10.43385446,8.38796976,9.546171102,489,23,451,37,512,488
24,1000,40,7.7,28,61,952,24,9,15,48,8.622341798,108,408,41.28071945,9.935241052,8.311813543,8.95076057,496,18,456,30,514,486
29,1000,40,7.7,28,8,945,29,12,14,55,7.480689711,77,411,40.2797329,8.968205686,6.6194335,8.2084671,442,16,503,39,458,542
26,1000,40,7.7,28,20,958,20,10,12,42,7.727681547,92,432,40.56222772,9.417888434,7.240921325,8.218351491,487,15,471,27,502,498
25,1000,40,7.7,28,23,962,20,5,13,38,7.575954901,104,427,40.77854097,9.09924562,7.098793956,8.10972816,513,15,449,23,528,472
28,1000,40,7.7,28,13,947,28,12,13,53,7.679778484,97,442,40.27087825,9.338795265,6.579737133,8.758036837,479,16,468,37,495,505
30,1000,40,7.7,28,6,954,23,10,13,46,7.084433007,86,388,39.78285473,8.736443816,6.637725019,7.534729011,481,21,473,25,502,498
27,1000,40,7.7,28,16,953,24,16,7,47,7.5375692,76,395,40.48898256,8.953041044,6.948856785,8.112320056,475,19,478,28,494,506
23,1000,40,7.7,28,97,944,41,5,10,56,8.953109151,124,439,42.61724045,10.44131983,8.41032867,9.522583755,490,22,454,34,512,488
24,1000,40,7.7,28,62,951,24,10,15,49,8.676442311,133,405,41.29991204,9.941072021,8.373215048,8.997139458,495,19,456,30,514,486
29,1000,40,7.7,28,9,944,30,12,14,56,7.49230112,104,408,40.30079099,8.984843297,6.655016435,8.199822128,442,16,502,40,458,542
25,1000,40,7.7,28,24,963,19,5,13,37,7.61436402,93,399,40.80229709,9.133940156,7.148632597,8.135351714,514,14,449,23,528,472
26,1000,40,7.7,28,21,959,20,9,12,41,7.741109048,92,416,40.61622163,9.415740963,7.256982712,8.229123949,487,15,472,26,502,498
30,1000,40,7.7,28,7,954,23,10,13,46,7.125579227,89,422,39.79883036,8.757593477,6.663606999,7.591262075,481,21,473,25,502,498
28,1000,40,7.7,28,14,947,28,12,13,53,7.687216084,97,422,40.2925008,9.349574117,6.598006214,8.754857441,479,16,468,37,495,505
27,1000,40,7.7,28,17,953,24,16,7,47,7.595193556,87,395,40.51186985,8.941588868,6.986794323,8.189164349,476,18,477,29,494,506
23,1000,40,7.7,28,98,942,42,6,10,58,8.985513718,118,429,42.65212579,10.46733472,8.442639439,9.555086733,488,24,454,34,512,488
24,1000,40,7.7,28,63,952,23,10,15,48,8.69061608,104,439,41.3163641,9.959095708,8.37643091,9.022902453,495,19,457,29,514,486
26,1000,40,7.7,28,22,959,20,9,12,41,7.761337608,97,393,40.63809143,9.440312003,7.25906089,8.267648677,487,15,472,26,502,498
29,1000,40,7.7,28,10,942,32,12,14,58,7.529585021,107,375,40.35114843,9.000449453,6.720529115,8.213252189,441,17,501,41,458,542
25,1000,40,7.7,28,25,962,20,5,13,38,7.637210987,92,391,40.81273489,9.15816234,7.178256759,8.15061741,513,15,449,23,528,472
30,1000,40,7.7,28,8,952,26,10,12,48,7.161377112,85,402,39.81103987,8.785927302,6.684061837,7.642526244,480,22,472,26,502,498
28,1000,40,7.7,28,15,947,28,12,13,53,7.69042846,116,401,40.3322383,9.36434303,6.574289448,8.78446571,479,16,468,37,495,505
27,1000,40,7.7,28,18,952,25,16,7,48,7.613895695,107,428,40.56376392,8.973950877,7.018253591,8.1954119,475,19,477,29,494,506
23,1000,40,7.7,28,99,943,40,7,10,57,9.011643551,117,402,42.66941732,10.46709359,8.443560216,9.607665411,489,23,454,34,512,488
26,1000,40,7.7,28,23,960,20,9,11,40,7.764430859,88,407,40.6765186,9.461984243,7.258088801,8.274839922,487,15,473,25,502,498
24,1000,40,7.7,28,64,951,25,9,15,49,8.713237959,110,419,41.32800266,9.98547019,8.414519066,9.029166995,494,20,457,29,514,486
29,1000,40,7.7,28,11,942,34,11,13,58,7.549460101,100,420,40.39418161,9.001247565,6.772506985,8.205999819,441,17,501,41,458,542
30,1000,40,7.7,28,9,952,25,11,12,48,7.168012749,108,418,39.83933625,8.790372907,6.672740798,7.667262789,480,22,472,26,502,498
25,1000,40,7.7,28,26,962,20,5,13,38,7.645594442,89,405,40.82013702,9.174608758,7.194156687,8.150592609,513,15,449,23,528,472
28,1000,40,7.7,28,16,948,28,11,13,52,7.705780574,92,383,40.34894242,9.399435776,6.595643547,8.79393469,480,15,468,37,495,505
27,1000,40,7.7,28,19,954,25,14,7,46,7.633963032,104,449,40.57622819,8.983154813,7.038436512,8.215366393,476,18,478,28,494,506
23,1000,40,7.7,28,100,944,38,8,10,56,9.02468699,112,408,42.70421819,10.50145099,8.455351032,9.622023077,490,22,454,34,512,488
26,1000,40,7.7,28,24,960,20,9,11,40,7.781911057,93,393,40.68772788,9.475724092,7.277923343,8.289946865,487,15,473,25,502,498
29,1000,40,7.7,28,12,946,31,11,12,54,7.546227184,121,395,40.40752027,9.030584396,6.790258874,8.185034352,443,15,503,39,458,542
30,1000,40,7.7,28,10,954,24,10,12,46,7.140130181,90,415,39.86692185,8.799001936,6.646787044,7.637435913,481,21,473,25,502,498
25,1000,40,7.7,28,27,961,21,5,13,39,7.674557557,110,414,40.84331673,9.191946914,7.243777675,8.156446916,513,15,448,24,528,472
24,1000,40,7.7,28,65,953,26,8,13,47,8.708439547,108,413,41.37807981,10.01341381,8.430751018,9.002126592,495,19,458,28,514,486
28,1000,40,7.7,28,17,948,28,11,13,52,7.719407957,100,425,40.35454545,9.436903313,6.627568987,8.789626353,479,16,469,36,495,505
27,1000,40,7.7,28,20,955,25,13,7,45,7.649401313,93,389,40.60247313,9.010748797,7.014365034,8.269377443,478,16,477,29,494,506
23,1000,40,7.7,28,101,944,38,8,10,56,9.040659508,104,406,42.73990212,10.51550281,8.451628083,9.658659691,491,21,453,35,512,488
26,1000,40,7.7,28,25,961,19,9,11,39,7.805793526,107,401,40.69604023,9.500432419,7.332029208,8.28336318,487,15,474,24,502,498
29,1000,40,7.7,28,13,947,30,11,12,53,7.55768828,88,422,40.40944064,9.022097966,6.781611876,8.21348716,444,14,503,39,458,542
30,1000,40,7.7,28,11,958,24,8,10,42,7.110473674,99,393,39.89431451,8.796950746,6.596594461,7.628480432,484,18,474,24,502,498
25,1000,40,7.7,28,28,961,21,5,13,39,7.682867902,88,400,40.86459224,9.193688632,7.259416906,8.156558847,513,15,448,24,528,472
27,1000,40,7.7,28,21,954,27,13,6,46,7.683056674,88,421,40.63535621,9.01322056,7.054622813,8.296586965,477,17,477,29,494,506
28,1000,40,7.7,28,18,947,29,11,13,53,7.734328996,91,405,40.37993609,9.44780311,6.649875351,8.797308312,479,16,468,37,495,505
24,1000,40,7.7,28,66,952,27,8,13,48,8.718920571,94,420,41.41572509,10.02328974,8.4551092,8.997930951,495,19,457,29,514,486
26,1000,40,7.7,28,26,961,20,9,10,39,7.792461098,108,402,40.72560924,9.508987554,7.302976025,8.285877779,487,15,474,24,502,498
23,1000,40,7.7,28,102,945,37,8,10,55,9.040786754,114,441,42.75410599,10.53588678,8.436816608,9.674460349,491,21,454,34,512,488
25,1000,40,7.7,28,29,962,21,5,12,38,7.666376451,103,399,40.89905303,9.201113677,7.271317032,8.108307326,513,15,449,23,528,472
29,1000,40,7.7,28,14,948,29,11,12,52,7.577106614,90,411,40.44509858,9.036991793,6.795397691,8.237665077,444,14,504,38,458,542
30,1000,40,7.7,28,12,958,25,7,10,42,7.155405074,106,418,39.91207607,8.805663062,6.62664397,7.688413255,485,17,473,25,502,498
28,1000,40,7.7,28,19,944,32,11,13,56,7.79076433,96,415,40.38738266,9.45168536,6.705242306,8.854790869,478,17,466,39,495,505
24,1000,40,7.7,28,67,952,27,8,13,48,8.757791633,102,421,41.43173877,10.00095082,8.50800427,9.021970038,495,19,457,29,514,486
27,1000,40,7.7,28,22,954,27,13,6,46,7.693375584,103,416,40.6491437,9.024852565,7.057156032,8.314506925,477,17,477,29,494,506
26,1000,40,7.7,28,27,960,21,9,10,40,7.838916185,96,429,40.73504587,9.531660313,7.359500394,8.322182706,487,15,473,25,502,498
23,1000,40,7.7,28,103,946,35,9,10,54,9.059376812,97,414,42.76318173,10.56212221,8.47598007,9.671465197,491,21,455,33,512,488
25,1000,40,7.7,28,30,963,20,6,11,37,7.651009846,97,428,40.93173684,9.213549407,7.275179611,8.07143011,513,15,450,22,528,472
30,1000,40,7.7,28,13,958,25,7,10,42,7.16916938,100,378,39.94470949,8.812950113,6.649176827,7.69333858,485,17,473,25,502,498
29,1000,40,7.7,28,15,948,29,12,11,52,7.597827418,94,409,40.47766123,9.053053601,6.795894628,8.275475422,444,14,504,38,458,542
26,1000,40,7.7,28,28,962,21,8,9,38,7.863873072,118,441,40.7592401,9.565631029,7.404189335,8.327249049,488,14,474,24,502,498
27,1000,40,7.7,28,23,953,28,13,6,47,7.704953718,101,422,40.65890618,9.039482001,7.065701605,8.329045702,476,18,477,29,494,506
28,1000,40,7.7,28,20,945,31,11,13,55,7.753509689,107,415,40.38929847,9.464049559,6.65828174,8.827049955,478,17,467,38,495,505
24,1000,40,7.7,28,68,951,28,8,13,49,8.790255361,101,393,41.45011535,10.03337393,8.563099104,9.030498809,494,20,457,29,514,486
30,1000,40,7.7,28,14,959,24,7,10,41,7.205479841,88,405,39.99008461,8.854437525,6.675922794,7.739290359,486,16,473,25,502,498
25,1000,40,7.7,28,31,963,21,6,10,37,7.639069206,111,380,40.9260562,9.22519876,7.303562829,8.014381425,513,15,450,22,528,472
23,1000,40,7.7,28,104,946,36,9,9,54,9.093113912,109,445,42.79530124,10.57710894,8.535393454,9.678263245,490,22,456,32,512,488
24,1000,40,7.7,28,69,952,28,8,12,48,8.816064549,106,424,41.48760739,10.04361457,8.581901422,9.063718555,496,18,456,30,514,486
28,1000,40,7.7,28,21,946,29,12,13,54,7.782366286,101,415,40.44085435,9.503792805,6.718249138,8.825411807,479,16,467,38,495,505
31,1000,40,7.7,28,0,935,28,17,20,65,7.367,95,404,39.90005461,9.001734773,6.503937008,8.258130081,486,22,449,43,508,492
26,1000,40,7.7,28,29,962,22,7,9,38,7.893802802,95,388,40.77689168,9.589443904,7.458186337,8.332918194,488,14,474,24,502,498
29,1000,40,7.7,28,16,949,28,12,11,51,7.627845995,97,424,40.49908369,9.102441688,6.828618835,8.303207691,444,14,505,37,458,542
27,1000,40,7.7,28,24,955,28,11,6,45,7.726883462,102,451,40.67404536,9.071939355,7.123018072,8.316427934,475,19,480,26,494,506
30,1000,40,7.7,28,15,959,25,7,9,41,7.183157026,95,406,40.00704029,8.872660751,6.679472492,7.690887219,485,17,474,24,502,498
25,1000,40,7.7,28,32,962,22,5,11,38,7.657275972,90,439,40.95550932,9.211990615,7.327803693,8.025838182,512,16,450,22,528,472
26,1000,40,7.7,28,30,962,23,6,9,38,7.89499511,95,409,40.80271093,9.613250087,7.453399169,8.340138006,488,14,474,24,502,498
28,1000,40,7.7,28,22,949,27,12,12,51,7.759678704,108,396,40.49453605,9.537513917,6.683647171,8.814402681,481,14,468,37,495,505
31,1000,40,7.7,28,1,935,27,19,19,65,7.400401948,87,384,39.94443679,9.007722377,6.559682399,8.26846197,486,22,449,43,508,492
24,1000,40,7.7,28,70,953,28,7,12,47,8.835986095,82,432,41.50836839,10.06727199,8.614471221,9.070263143,496,18,457,29,514,486
27,1000,40,7.7,28,25,956,27,11,6,44,7.741409328,95,441,40.71538017,9.092274612,7.128665401,8.339621779,475,19,481,25,494,506
29,1000,40,7.7,28,17,950,25,14,11,50,7.640818363,106,379,40.52989381,9.13397647,6.849018941,8.309903483,444,14,506,36,458,542
30,1000,40,7.7,28,16,963,22,6,9,37,7.176808614,108,395,40.01996906,8.869745371,6.66169978,7.696054868,488,14,475,23,502,498
25,1000,40,7.7,28,33,962,22,5,11,38,7.648384697,92,409,40.9847192,9.242526411,7.324232137,8.010996036,512,16,450,22,528,472
26,1000,40,7.7,28,31,963,22,6,9,37,7.920395269,103,432,40.81760246,9.626888676,7.469729453,8.374680892,488,14,475,23,502,498
28,1000,40,7.7,28,23,950,27,11,12,50,7.782651656,97,401,40.53125379,9.563237211,6.746100234,8.798677307,481,14,469,36,495,505
31,1000,40,7.7,28,2,935,27,19,19,65,7.449273484,100,412,39.99292939,9.00374567,6.602433612,8.323652863,486,22,449,43,508,492
27,1000,40,7.7,28,26,957,26,11,6,43,7.755843548,91,395,40.77918309,9.114757371,7.138419165,8.358625455,476,18,481,25,494,506
29,1000,40,7.7,28,18,951,24,14,11,49,7.653608236,95,435,40.58156166,9.138524193,6.863667738,8.321122532,444,14,507,35,458,542
24,1000,40,7.7,28,71,951,29,9,11,49,8.856560385,94,445,41.52681846,10.0648624,8.667578477,9.056430139,496,18,455,31,514,486
30,1000,40,7.7,28,17,963,23,5,9,37,7.214115505,99,413,40.03818581,8.887369993,6.720840633,7.711352424,487,15,476,22,502,498
25,1000,40,7.7,28,34,962,22,5,11,38,7.676872752,104,423,40.98225659,9.273229823,7.380801823,8.00807074,512,16,450,22,528,472
26,1000,40,7.7,28,32,963,22,6,9,37,7.945642309,102,403,40.83741351,9.624138668,7.537345446,8.357218664,488,14,475,23,502,498
28,1000,40,7.7,28,24,951,26,11,12,49,7.808487661,101,422,40.55177917,9.582229046,6.773515614,8.822965212,481,14,470,35,495,505
27,1000,40,7.7,28,27,958,25,12,5,42,7.790842527,86,419,40.80300967,9.136590928,7.161634667,8.405128462,477,17,481,25,494,506
29,1000,40,7.7,28,19,950,25,14,11,50,7.687686811,82,419,40.63398172,9.137249283,6.894847445,8.357650704,444,14,506,36,458,542
31,1000,40,7.7,28,3,935,27,19,19,65,7.490990182,94,426,40.00005327,9.027966479,6.614747161,8.39572891,486,22,449,43,508,492
30,1000,40,7.7,28,18,962,23,5,10,38,7.264486589,83,378,40.05714989,8.894160428,6.774927661,7.757977716,486,16,476,22,502,498
24,1000,40,7.7,28,72,952,28,9,11,48,8.870179987,102,413,41.5427491,10.07206963,8.707431131,9.042305321,496,18,456,30,514,486
25,1000,40,7.7,28,35,962,22,5,11,38,7.690631691,95,368,41.02537723,9.26511057,7.403804299,8.01148945,512,16,450,22,528,472
26,1000,40,7.7,28,33,963,21,7,9,37,7.954046655,103,416,40.85220069,9.619367161,7.571633663,8.339531237,488,14,475,23,502,498
28,1000,40,7.7,28,25,952,26,10,12,48,7.798685822,110,394,40.58055106,9.58872244,6.82162894,8.756395044,480,15,472,33,495,505
27,1000,40,7.7,28,28,958,25,12,5,42,7.813581048,94,415,40.85317672,9.162887257,7.147579424,8.463788168,478,16,480,26,494,506
30,1000,40,7.7,28,19,961,23,6,10,39,7.273260828,79,425,40.08386894,8.910997715,6.763502759,7.787113339,485,17,476,22,502,498
29,1000,40,7.7,28,20,950,25,14,11,50,7.738543623,101,427,40.66437229,9.144291797,6.971936593,8.386340708,444,14,506,36,458,542
31,1000,40,7.7,28,4,934,27,20,19,66,7.509439266,95,388,40.01345429,9.057640164,6.629672166,8.417816678,486,22,448,44,508,492
25,1000,40,7.7,28,36,963,21,4,12,37,7.689395405,121,405,41.03221323,9.271278661,7.438994638,7.969504736,512,16,451,21,528,472
24,1000,40,7.7,28,73,951,29,9,11,49,8.887618355,96,425,41.5625821,10.09809066,8.754286999,9.028631353,495,19,456,30,514,486
26,1000,40,7.7,28,34,964,21,6,9,36,7.988920421,99,430,40.87310425,9.631557712,7.63924341,8.341406083,487,15,477,21,502,498
28,1000,40,7.7,28,26,952,27,9,12,48,7.785442008,108,407,40.61219865,9.611064844,6.843864549,8.708374369,480,15,472,33,495,505
30,1000,40,7.7,28,20,961,23,6,10,39,7.316065616,106,437,40.12643581,8.914292429,6.816292746,7.819852726,485,17,476,22,502,498
27,1000,40,7.7,28,29,958,25,12,5,42,7.834965531,102,422,40.84961205,9.185504151,7.187725792,8.46685571,478,16,480,26,494,506
29,1000,40,7.7,28,21,951,25,13,11,49,7.761382198,87,426,40.68916376,9.146163558,6.972777464,8.427767747,445,13,506,36,458,542
31,1000,40,7.7,28,5,934,27,20,19,66,7.540189491,117,438,40.0621924,9.058971649,6.656305047,8.452818144,486,22,448,44,508,492
25,1000,40,7.7,28,37,963,21,5,11,37,7.697682282,90,396,41.04425631,9.280346715,7.428750454,7.998521277,512,16,451,21,528,472
24,1000,40,7.7,28,74,951,28,10,11,49,8.908666558,99,430,41.59892724,10.12701403,8.74335965,9.083497321,495,19,456,30,514,486
26,1000,40,7.7,28,35,964,21,6,9,36,7.99188626,113,391,40.92242333,9.640492441,7.634056389,8.352590266,487,15,477,21,502,498
30,1000,40,7.7,28,21,960,24,6,10,40,7.346401114,116,397,40.14127317,8.933809567,6.844980158,7.851849547,485,17,475,23,502,498
28,1000,40,7.7,28,27,952,28,8,12,48,7.784455953,95,404,40.61167937,9.639176132,6.833149985,8.716924179,480,15,472,33,495,505
27,1000,40,7.7,28,30,958,25,13,4,42,7.830482951,80,413,40.89195494,9.197378846,7.184068934,8.461566991,478,16,480,26,494,506
29,1000,40,7.7,28,22,950,26,12,12,50,7.828495014,106,427,40.70031827,9.179667575,7.054377352,8.48263872,445,13,505,37,458,542
31,1000,40,7.7,28,6,935,25,21,19,65,7.583449239,105,385,40.06538186,9.047232104,6.714638996,8.480513473,486,22,449,43,508,492
25,1000,40,7.7,28,38,963,22,5,10,37,7.717702348,87,392,41.07772773,9.316243136,7.482486637,7.980825008,512,16,451,21,528,472
26,1000,40,7.7,28,36,963,22,6,9,37,8.015031479,111,410,40.96556323,9.650872225,7.689228141,8.343451711,486,16,477,21,502,498
30,1000,40,7.7,28,22,960,24,6,10,40,7.35116831,113,383,40.1561514,8.966687709,6.837208436,7.869256375,485,17,475,23,502,498
24,1000,40,7.7,28,75,951,29,9,11,49,8.944284879,115,422,41.62886834,10.1502919,8.762502186,9.13654065,494,20,457,29,514,486
28,1000,40,7.7,28,28,951,30,8,11,49,7.784097215,92,398,40.65870802,9.635255191,6.867365213,8.682676108,479,16,472,33,495,505
29,1000,40,7.7,28,23,950,24,14,12,50,7.869744595,91,427,40.73374072,9.199409204,7.129511784,8.495254978,445,13,505,37,458,542
27,1000,40,7.7,28,31,958,25,13,4,42,7.861407834,91,390,40.91736541,9.208200222,7.2130326,8.494406579,478,16,480,26,494,506
31,1000,40,7.7,28,7,935,26,21,18,65,7.619164436,94,419,40.08450291,9.051898858,6.779382481,8.486256372,486,22,449,43,508,492
25,1000,40,7.7,28,39,962,23,5,10,38,7.728594416,91,375,41.0915959,9.329013381,7.484247609,8.001931523,512,16,450,22,528,472
26,1000,40,7.7,28,37,964,21,6,9,36,8.028284597,83,404,40.97564459,9.672276688,7.709947594,8.349178523,486,16,478,20,502,498
30,1000,40,7.7,28,23,961,24,6,9,39,7.349857278,84,421,40.16711822,8.979402902,6.855660314,7.848023696,485,17,476,22,502,498
28,1000,40,7.7,28,29,952,28,9,11,48,7.792023078,94,410,40.67347039,9.63740484,6.890429278,8.675763535,479,16,473,32,495,505
24,1000,40,7.7,28,76,950,29,9,12,50,8.945602849,125,417,41.65088239,10.14130735,8.804660386,9.094665455,493,21,457,29,514,486
27,1000,40,7.7,28,32,959,25,12,4,41,7.88494109,94,418,40.95065246,9.226805802,7.233545943,8.52088813,479,15,480,26,494,506
29,1000,40,7.7,28,24,949,26,14,11,51,7.88962607,85,383,40.76891266,9.216669022,7.132489651,8.529420314,445,13,504,38,458,542
25,1000,40,7.7,28,40,962,23,5,10,38,7.75594653,102,438,41.11991515,9.36109482,7.481855048,8.06255734,512,16,450,22,528,472
31,1000,40,7.7,28,8,936,26,20,18,64,7.675444056,102,422,40.10814004,9.080217785,6.840769826,8.537262162,486,22,450,42,508,492
26,1000,40,7.7,28,38,964,21,6,9,36,8.031637251,100,428,40.98951302,9.703533588,7.740112661,8.325503404,486,16,478,20,502,498
30,1000,40,7.7,28,24,960,25,6,9,40,7.367524534,89,410,40.17646132,8.97979337,6.832349341,7.906998323,484,18,476,22,502,498
28,1000,40,7.7,28,30,952,27,10,11,48,7.794911941,106,412,40.68231993,9.662054745,6.904326783,8.667861749,478,17,474,31,495,505
24,1000,40,7.7,28,77,952,26,11,11,48,8.992241205,96,422,41.69591148,10.13954412,8.854711643,9.137694282,493,21,459,27,514,486
27,1000,40,7.7,28,33,959,25,12,4,41,7.904487172,88,399,40.96233526,9.229540953,7.247179266,8.546206749,479,15,480,26,494,506
29,1000,40,7.7,28,25,949,26,14,11,51,7.927623183,82,399,40.79616792,9.232685737,7.172117876,8.566039107,445,13,504,38,458,542
25,1000,40,7.7,28,41,963,22,5,10,37,7.775603359,95,422,41.16171571,9.370502192,7.501519366,8.082205791,512,16,451,21,528,472
26,1000,40,7.7,28,39,963,22,6,9,37,8.035168089,108,395,41.03003614,9.735989974,7.723950367,8.348885552,486,16,477,21,502,498
31,1000,40,7.7,28,9,937,25,20,18,63,7.705330087,102,389,40.13991066,9.098987425,6.900915316,8.535904688,486,22,451,41,508,492
30,1000,40,7.7,28,25,960,25,6,9,40,7.386339297,97,397,40.18620277,8.997588341,6.849475687,7.927515065,484,18,476,22,502,498
28,1000,40,7.7,28,31,952,27,10,11,48,7.82562839,113,417,40.7155801,9.664943933,6.937109692,8.696552659,478,17,474,31,495,505
27,1000,40,7.7,28,34,959,26,11,4,41,7.920229833,103,425,40.97466578,9.260354201,7.266592547,8.558365839,480,14,479,27,494,506
29,1000,40,7.7,28,26,951,27,13,9,49,7.918417699,98,403,40.85662975,9.247183909,7.215078964,8.512751907,445,13,506,36,458,542
24,1000,40,7.7,28,78,954,25,11,10,46,8.983015449,102,422,41.75752568,10.14447238,8.865509444,9.107291347,493,21,461,25,514,486
25,1000,40,7.7,28,42,964,21,5,10,36,7.790476825,83,415,41.17330128,9.40405362,7.515995513,8.097523716,512,16,452,20,528,472
26,1000,40,7.7,28,40,964,21,6,9,36,8.047426634,105,438,41.07638467,9.758174453,7.704622239,8.392984478,486,16,478,20,502,498
31,1000,40,7.7,28,10,936,26,20,18,64,7.753849385,92,419,40.15803225,9.103009827,6.967981349,8.565274105,485,23,451,41,508,492
30,1000,40,7.7,28,26,962,24,5,9,38,7.40000178,76,419,40.2149035,9.014937374,6.909899062,7.894041067,485,17,477,21,502,498
28,1000,40,7.7,28,32,952,26,11,11,48,7.866636498,108,397,40.75133705,9.652772178,7.015362291,8.701053791,478,17,474,31,495,505
29,1000,40,7.7,28,27,950,28,14,8,50,7.914611491,108,406,40.88308229,9.264758045,7.199648471,8.518768434,444,14,506,36,458,542
25,1000,40,7.7,28,43,964,20,6,10,36,7.80865637,101,417,41.20529918,9.409721087,7.527854156,8.1227741,512,16,452,20,528,472
26,1000,40,7.7,28,41,964,21,6,9,36,8.058950595,101,418,41.0934125,9.765844514,7.727306623,8.393258373,486,16,478,20,502,498
27,1000,40,7.7,28,35,958,24,13,5,42,7.947179155,96,391,41.02576869,9.253029528,7.290074003,8.588700785,480,14,478,28,494,506
24,1000,40,7.7,28,79,952,26,12,10,48,9.040468472,105,444,41.79739933,10.15810229,8.901174554,9.187787554,492,22,460,26,514,486
30,1000,40,7.7,28,27,962,24,5,9,38,7.443248797,104,417,40.21759917,9.026748704,6.978608306,7.911621341,485,17,477,21,502,498
31,1000,40,7.7,28,11,937,27,19,17,63,7.800428655,81,420,40.20120781,9.115003249,7.024802941,8.601277969,485,23,452,40,508,492
28,1000,40,7.7,28,33,952,26,11,11,48,7.877043578,92,428,40.77727066,9.654525621,7.054387908,8.683409038,478,17,474,31,495,505
26,1000,40,7.7,28,42,965,21,6,8,35,8.062595837,108,406,41.10246558,9.789575118,7.71091649,8.417099918,487,15,478,20,502,498
25,1000,40,7.7,28,44,963,21,6,10,37,7.845280137,94,390,41.2512372,9.438361597,7.567250112,8.156296774,511,17,452,20,528,472
29,1000,40,7.7,28,28,949,27,16,8,51,7.936704171,104,436,40.9352726,9.279794569,7.231933307,8.532248554,444,14,505,37,458,542
27,1000,40,7.7,28,36,958,24,14,4,42,7.958308735,97,421,41.07061612,9.27599348,7.318503319,8.5829409,480,14,478,28,494,506
30,1000,40,7.7,28,28,961,26,5,8,39,7.485819811,85,408,40.24492025,9.039785059,7.053438404,7.921674161,485,17,476,22,502,498
24,1000,40,7.7,28,80,949,27,14,10,51,9.084441034,105,403,41.82395218,10.18937115,8.939016055,9.238244406,492,22,457,29,514,486
31,1000,40,7.7,28,12,937,27,19,17,63,7.864711024,82,420,40.26088724,9.129899551,7.038264396,8.718033965,485,23,452,40,508,492
28,1000,40,7.7,28,34,952,27,10,11,48,7.89153418,102,420,40.80513664,9.670440227,7.112845515,8.654803267,477,18,475,30,495,505
26,1000,40,7.7,28,43,965,22,6,7,35,8.039053525,107,404,41.1161785,9.843035941,7.72529637,8.355330818,486,16,479,19,502,498
25,1000,40,7.7,28,45,964,19,7,10,36,7.818739275,100,422,41.30057859,9.460723255,7.560358286,8.107775636,512,16,452,20,528,472
30,1000,40,7.7,28,29,962,26,4,8,38,7.499399565,94,398,40.2656286,9.046750132,7.104105638,7.897868543,485,17,477,21,502,498
27,1000,40,7.7,28,37,958,24,14,4,42,7.985649715,95,410,41.08997046,9.284865569,7.370358423,8.586349119,480,14,478,28,494,506
29,1000,40,7.7,28,29,950,26,16,8,50,7.932299884,104,422,40.96286231,9.287237248,7.195759958,8.55468971,444,14,506,36,458,542
24,1000,40,7.7,28,81,949,27,14,10,51,9.081051011,120,435,41.82533244,10.2211953,8.93800914,9.232333978,492,22,457,29,514,486
31,1000,40,7.7,28,13,938,27,18,17,62,7.903069835,80,391,40.2779308,9.151551027,7.080565279,8.752322505,485,23,453,39,508,492
28,1000,40,7.7,28,35,953,27,10,10,47,7.89760353,109,421,40.81901589,9.700006973,7.126684,8.653257327,478,17,475,30,495,505
26,1000,40,7.7,28,44,965,21,7,7,35,8.07729151,110,424,41.13255697,9.858645768,7.778129326,8.378856604,485,17,480,18,502,498
25,1000,40,7.7,28,46,963,19,8,10,37,7.799136367,99,404,41.32559096,9.480976831,7.564357079,8.061770826,512,16,451,21,528,472
30,1000,40,7.7,28,30,962,26,4,8,38,7.507375234,111,385,40.27444362,9.071688967,7.108700692,7.909251981,486,16,476,22,502,498
27,1000,40,7.7,28,38,958,24,14,4,42,7.99438765,111,418,41.12265204,9.29566839,7.38681614,8.58755035,480,14,478,28,494,506
29,1000,40,7.7,28,30,952,25,15,8,48,7.935153818,104,406,40.96282742,9.301984799,7.20773777,8.549833799,444,14,508,34,458,542
31,1000,40,7.7,28,14,939,25,19,17,61,7.90555691,97,426,40.28342543,9.174334347,7.110912443,8.726043475,485,23,454,38,508,492
24,1000,40,7.7,28,82,947,28,15,10,53,9.115936494,106,420,41.86092043,10.23407436,8.990196054,9.248921239,491,23,456,30,514,486
26,1000,40,7.7,28,45,965,22,7,6,35,8.118397364,111,421,41.17283385,9.869282711,7.864307332,8.374528281,485,17,480,18,502,498
28,1000,40,7.7,28,36,953,27,10,10,47,7.904708346,103,421,40.84199935,9.728485889,7.14813329,8.646301717,477,18,476,29,495,505
30,1000,40,7.7,28,31,962,26,3,9,38,7.560175689,103,377,40.30804048,9.070518764,7.144073566,7.979619998,486,16,476,22,502,498
25,1000,40,7.7,28,47,964,17,8,11,36,7.830686075,99,456,41.38013078,9.49698353,7.592975841,8.096599217,512,16,452,20,528,472
27,1000,40,7.7,28,39,958,22,16,4,42,8.056617189,101,416,41.12989205,9.313520602,7.450573322,8.648288474,480,14,478,28,494,506
29,1000,40,7.7,28,31,951,26,15,8,49,7.952857381,110,399,40.98621291,9.333898292,7.239320713,8.555809031,443,15,508,34,458,542
31,1000,40,7.7,28,15,939,25,19,17,61,7.932315256,95,431,40.3079936,9.181911888,7.152346762,8.737648579,485,23,454,38,508,492
26,1000,40,7.7,28,46,961,26,7,6,39,8.17384433,106,414,41.19123736,9.878826712,7.950860474,8.39861922,483,19,478,20,502,498
24,1000,40,7.7,28,83,947,28,15,10,53,9.112566336,130,414,41.89107516,10.28405341,8.972684761,9.260506933,491,23,456,30,514,486
30,1000,40,7.7,28,32,963,25,3,9,37,7.550843753,119,402,40.33920532,9.094609859,7.176646784,7.928046321,486,16,477,21,502,498
28,1000,40,7.7,28,37,953,28,8,11,47,7.938546743,108,425,40.86946645,9.750078353,7.181484443,8.680617711,477,18,476,29,495,505
25,1000,40,7.7,28,48,963,17,9,11,37,7.838490987,109,460,41.4334111,9.489914418,7.638678532,8.062010004,511,17,452,20,528,472
29,1000,40,7.7,28,32,951,25,15,9,49,7.98624125,98,408,41.02322136,9.344352631,7.291082562,8.573663168,443,15,508,34,458,542
27,1000,40,7.7,28,40,958,22,16,4,42,8.079339193,105,396,41.16880668,9.334075689,7.448010831,8.695695342,480,14,478,28,494,506
31,1000,40,7.7,28,16,940,25,19,16,60,7.964525222,94,398,40.35973557,9.209462586,7.176698998,8.777971811,485,23,455,37,508,492
26,1000,40,7.7,28,47,961,24,8,7,39,8.186752378,111,384,41.23401057,9.887582813,7.9834131,8.391724902,482,20,479,19,502,498
30,1000,40,7.7,28,33,962,26,3,9,38,7.559387427,94,398,40.35544838,9.114457158,7.21088895,7.910685088,485,17,477,21,502,498
25,1000,40,7.7,28,49,964,18,7,11,36,7.866011228,99,404,41.4697338,9.498994768,7.659229247,8.097326664,511,17,453,19,528,472
24,1000,40,7.7,28,84,947,27,16,10,53,9.12009555,92,425,41.93522685,10.28853837,9.016291452,9.229880131,491,23,456,30,514,486
28,1000,40,7.7,28,38,952,29,8,11,48,7.968991479,98,394,40.90223905,9.753415155,7.181425477,8.740962115,476,19,476,29,495,505
29,1000,40,7.7,28,33,951,26,14,9,49,7.971417561,113,423,41.02689064,9.35134014,7.296964684,8.541342686,442,16,509,33,458,542
27,1000,40,7.7,28,41,957,23,16,4,43,8.101963309,97,408,41.20945136,9.353242128,7.501336853,8.688345658,479,15,478,28,494,506
26,1000,40,7.7,28,48,960,25,8,7,40,8.205654166,101,388,41.27183571,9.886970193,7.998187857,8.414786871,482,20,478,20,502,498
31,1000,40,7.7,28,17,939,27,19,15,61,7.991220364,116,377,40.37626448,9.227090632,7.233192428,8.773899614,483,25,456,36,508,492
30,1000,40,7.7,28,34,962,25,3,10,38,7.611266573,92,394,40.37226775,9.122129598,7.26866484,7.956620126,485,17,477,21,502,498
25,1000,40,7.7,28,50,965,18,7,10,35,7.883258871,102,411,41.48813217,9.517074706,7.645999631,8.148667512,512,16,453,19,528,472
28,1000,40,7.7,28,39,953,29,8,10,47,7.980819087,83,371,40.92336003,9.764294614,7.19895679,8.747198961,476,19,477,28,495,505
24,1000,40,7.7,28,85,947,26,17,10,53,9.150349397,121,413,41.96126295,10.3077589,9.047184572,9.259457874,491,23,456,30,514,486
29,1000,40,7.7,28,34,952,26,13,9,48,7.977228936,117,386,41.04336225,9.357425813,7.265422845,8.578718216,443,15,509,33,458,542
27,1000,40,7.7,28,42,958,23,15,4,42,8.107416295,91,444,41.25250834,9.383103238,7.49367196,8.706605429,480,14,478,28,494,506
26,1000,40,7.7,28,49,960,24,9,7,40,8.222647789,128,413,41.28856859,9.882614013,7.996130566,8.450984428,482,20,478,20,502,498
30,1000,40,7.7,28,35,962,26,2,10,38,7.624674642,94,392,40.42544961,9.146035835,7.250793289,8.001559058,485,17,477,21,502,498
31,1000,40,7.7,28,18,940,27,17,16,60,8.004112542,104,429,40.3968115,9.223753885,7.23247595,8.800843007,483,25,457,35,508,492
25,1000,40,7.7,28,51,966,17,7,10,34,7.907506938,90,389,41.50778372,9.540514753,7.666069086,8.177589958,513,15,453,19,528,472
28,1000,40,7.7,28,40,953,29,8,10,47,7.997156097,100,417,40.94258084,9.771868574,7.228258123,8.750828369,476,19,477,28,495,505
24,1000,40,7.7,28,86,947,27,16,10,53,9.180238399,90,429,41.99492834,10.32500571,9.077578529,9.28881283,491,23,456,30,514,486
29,1000,40,7.7,28,35,951,27,13,9,49,7.9901016,91,398,41.07325142,9.383568829,7.315437202,8.560205463,442,16,509,33,458,542
27,1000,40,7.7,28,43,958,22,16,4,42,8.153464419,85,421,41.32526743,9.393215264,7.540936064,8.75146641,480,14,478,28,494,506
26,1000,40,7.7,28,50,959,25,9,7,41,8.248477037,105,388,41.31052578,9.892060264,8.025281952,8.473464853,482,20,477,21,502,498
30,1000,40,7.7,28,36,962,26,1,11,38,7.660279337,95,393,40.45413575,9.146984248,7.287298276,8.036256229,485,17,477,21,502,498
31,1000,40,7.7,28,19,940,28,16,16,60,8.023117249,102,416,40.42875889,9.24636827,7.276929911,8.793570841,483,25,457,35,508,492
25,1000,40,7.7,28,52,966,18,6,10,34,7.929012871,107,416,41.52214607,9.543395014,7.717311365,8.165831505,513,15,453,19,528,472
28,1000,40,7.7,28,41,954,28,8,10,46,8.049290729,110,386,40.99567033,9.775196265,7.255310016,8.827549051,477,18,477,28,495,505
29,1000,40,7.7,28,36,952,28,12,8,48,7.999976973,109,438,41.090568,9.410752617,7.335052855,8.561850121,442,16,510,32,458,542
24,1000,40,7.7,28,87,947,27,16,10,53,9.220785986,115,442,42.04039966,10.33079147,9.138161812,9.308170401,490,24,457,29,514,486
26,1000,40,7.7,28,51,960,23,10,7,40,8.280792226,97,417,41.34770974,9.896860929,8.056137159,8.507251752,483,19,477,21,502,498
27,1000,40,7.7,28,44,959,22,15,4,41,8.195658832,89,395,41.34744871,9.412993995,7.582460359,8.794315048,480,14,479,27,494,506
30,1000,40,7.7,28,37,961,27,1,11,39,7.68799829,101,413,40.47814437,9.148017611,7.334089275,8.044749948,485,17,476,22,502,498
31,1000,40,7.7,28,20,940,27,17,16,60,8.05616279,95,399,40.455711,9.257272119,7.31616184,8.820228812,483,25,457,35,508,492
25,1000,40,7.7,28,53,966,19,5,10,34,7.928423615,96,435,41.54218748,9.55618457,7.68849657,8.19681658,512,16,454,18,528,472
28,1000,40,7.7,28,42,954,27,9,10,46,8.072620196,95,404,41.02529301,9.791526795,7.269675668,8.859664832,478,17,476,29,495,505
26,1000,40,7.7,28,52,961,21,12,6,39,8.259529611,110,420,41.35364321,9.890909634,8.090545205,8.429871321,483,19,478,20,502,498
29,1000,40,7.7,28,37,952,28,12,8,48,8.026399636,93,422,41.12588395,9.419183834,7.388778486,8.565201273,442,16,510,32,458,542
27,1000,40,7.7,28,45,959,22,15,4,41,8.208510801,99,441,41.37869258,9.425843829,7.598475125,8.804079228,480,14,479,27,494,506
30,1000,40,7.7,28,38,960,27,2,11,40,7.72983238,87,396,40.50787453,9.149761284,7.379646647,8.08283085,485,17,475,23,502,498
24,1000,40,7.7,28,88,946,29,14,11,54,9.264096137,99,443,42.0774704,10.34433952,9.214406062,9.316649014,489,25,457,29,514,486
25,1000,40,7.7,28,54,966,19,5,10,34,7.925453692,93,396,41.56291359,9.565645857,7.677925363,8.202349789,512,16,454,18,528,472
31,1000,40,7.7,28,21,939,28,17,16,61,8.104950933,101,418,40.4893585,9.276066229,7.375521791,8.858101348,481,27,458,34,508,492
28,1000,40,7.7,28,43,955,27,8,10,45,8.088533984,119,418,41.04763536,9.795695119,7.331285115,8.830787825,478,17,477,28,495,505
26,1000,40,7.7,28,53,963,20,12,5,37,8.271931219,116,409,41.39148299,9.893909581,8.127387569,8.417635861,483,19,480,18,502,498
30,1000,40,7.7,28,39,959,26,4,11,41,7.785078905,94,417,40.55535583,9.167063024,7.425500318,8.147545675,486,16,473,25,502,498
27,1000,40,7.7,28,46,958,23,15,4,42,8.21003022,87,430,41.41256352,9.45582156,7.589262427,8.816076247,480,14,478,28,494,506
29,1000,40,7.7,28,38,952,27,13,8,48,8.03751538,106,415,41.17301546,9.417761007,7.402964411,8.573722656,442,16,510,32,458,542
24,1000,40,7.7,28,89,946,29,14,11,54,9.276852999,112,430,42.09056629,10.36077234,9.215603302,9.341631486,489,25,457,29,514,486
25,1000,40,7.7,28,55,966,19,5,10,34,7.941593055,98,427,41.60243191,9.570818584,7.721210348,8.188122862,512,16,454,18,528,472
31,1000,40,7.7,28,22,940,27,17,16,60,8.117346798,92,393,40.53328589,9.293553845,7.422317274,8.834978907,481,27,459,33,508,492
28,1000,40,7.7,28,44,955,26,9,10,45,8.118637536,111,421,41.07842604,9.808699517,7.329618091,8.892032833,478,17,477,28,495,505
26,1000,40,7.7,28,54,962,21,12,5,38,8.2854515,112,428,41.44222961,9.888629775,8.137807379,8.434281518,482,20,480,18,502,498
30,1000,40,7.7,28,40,959,26,4,11,41,7.792248282,107,378,40.55231196,9.193346175,7.435279658,8.152084124,486,16,473,25,502,498
27,1000,40,7.7,28,47,958,23,15,4,42,8.223003826,98,416,41.42640843,9.468142789,7.611423194,8.820080568,480,14,478,28,494,506
29,1000,40,7.7,28,39,953,25,13,9,47,8.062039832,95,429,41.19653503,9.451612369,7.400248402,8.621265801,442,16,511,31,458,542
25,1000,40,7.7,28,56,964,21,5,10,36,7.981130719,97,403,41.64884398,9.578274946,7.77929566,8.20691231,511,17,453,19,528,472
24,1000,40,7.7,28,90,944,31,14,11,56,9.295950188,111,408,42.12365364,10.38227378,9.250382136,9.34414356,488,26,456,30,514,486
31,1000,40,7.7,28,23,941,26,17,16,59,8.144493434,81,387,40.56926209,9.339010249,7.480221308,8.830367906,481,27,460,32,508,492
26,1000,40,7.7,28,55,962,20,13,5,38,8.273022869,126,394,41.48888741,9.904507634,8.152490243,8.394523629,482,20,480,18,502,498
28,1000,40,7.7,28,45,957,23,10,10,43,8.118283486,109,422,41.09363734,9.817204313,7.321384069,8.899402718,479,16,478,27,495,505
30,1000,40,7.7,28,41,958,28,3,11,42,7.828202616,93,404,40.5971181,9.190064225,7.489120556,8.170008227,484,18,474,24,502,498
27,1000,40,7.7,28,48,960,23,13,4,40,8.192287348,105,394,41.43715882,9.488458947,7.621701902,8.749341124,480,14,480,26,494,506
29,1000,40,7.7,28,40,955,24,12,9,45,8.084072392,103,426,41.23863156,9.45120152,7.437174431,8.630713105,442,16,513,29,458,542
25,1000,40,7.7,28,57,965,20,5,10,35,7.993399369,102,433,41.68522342,9.601656286,7.791728543,8.218997242,511,17,454,18,528,472
31,1000,40,7.7,28,24,940,27,17,16,60,8.193019813,94,388,40.5967021,9.369997448,7.539854454,8.867426323,481,27,459,33,508,492
24,1000,40,7.7,28,91,944,31,14,11,56,9.287938301,103,438,42.14350805,10.40802492,9.225153667,9.354340156,488,26,456,30,514,486
26,1000,40,7.7,28,56,961,20,14,5,39,8.2908276,103,417,41.51832231,9.936758553,8.137990411,8.444892397,481,21,480,18,502,498
28,1000,40,7.7,28,46,958,22,10,10,42,8.145607445,89,419,41.14381134,9.838408256,7.359462824,8.916184846,479,16,479,26,495,505
30,1000,40,7.7,28,42,959,28,3,10,41,7.842767323,80,388,40.5873224,9.221202059,7.504750695,8.183498945,484,18,475,23,502,498
29,1000,40,7.7,28,41,955,24,12,9,45,8.087001067,107,393,41.27463462,9.449401891,7.469859118,8.6084974,442,16,513,29,458,542
27,1000,40,7.7,28,49,961,22,13,4,39,8.216415053,97,414,41.47121428,9.52424861,7.619224935,8.79944256,481,13,480,26,494,506
25,1000,40,7.7,28,58,963,21,6,10,37,8.028683336,109,398,41.70458165,9.642298128,7.87600281,8.199478501,509,19,454,18,528,472
26,1000,40,7.7,28,57,963,18,14,5,37,8.315875064,96,424,41.53526358,9.930776321,8.148136246,8.484961182,481,21,482,16,502,498
31,1000,40,7.7,28,25,940,28,16,16,60,8.161236342,98,427,40.60965369,9.388836311,7.549915666,8.792437366,482,26,458,34,508,492
30,1000,40,7.7,28,43,957,30,3,10,43,7.878464262,103,398,40.59898679,9.235897151,7.551452674,8.208102449,483,19,474,24,502,498
28,1000,40,7.7,28,47,959,22,10,9,41,8.164968233,90,412,41.18760938,9.864486055,7.358208049,8.955752968,480,15,479,26,495,505
24,1000,40,7.7,28,92,942,33,14,11,58,9.350379393,98,425,42.1747592,10.41125074,9.277817835,9.427121451,488,26,454,32,514,486
29,1000,40,7.7,28,42,951,28,12,9,49,8.145783382,89,375,41.32193677,9.470689759,7.578405208,8.625228407,439,19,512,30,458,542
25,1000,40,7.7,28,59,961,24,6,9,39,8.069277431,97,410,41.74484203,9.646058778,7.869804862,8.292416237,508,20,453,19,528,472
27,1000,40,7.7,28,50,958,25,13,4,42,8.218167483,90,412,41.4710069,9.5410715,7.605765188,8.816046404,480,14,478,28,494,506
26,1000,40,7.7,28,58,962,19,14,5,38,8.306855531,98,444,41.54304626,9.938687941,8.155856903,8.459067,481,21,481,17,502,498
30,1000,40,7.7,28,44,958,29,3,10,42,7.897847809,91,414,40.6281379,9.260905752,7.577992705,8.220272031,483,19,475,23,502,498
31,1000,40,7.7,28,26,941,27,15,17,59,8.177334709,107,402,40.66064814,9.405987134,7.563520292,8.811110569,482,26,459,33,508,492
28,1000,40,7.7,28,48,959,22,10,9,41,8.185253564,113,411,41.22075352,9.874182109,7.382207562,8.972397666,480,15,479,26,495,505
24,1000,40,7.7,28,93,942,33,14,11,58,9.384469336,114,447,42.21389131,10.40388883,9.285115157,9.489547625,488,26,454,32,514,486
29,1000,40,7.7,28,43,952,27,12,9,48,8.181718572,91,422,41.34515509,9.491966144,7.646106034,8.634321049,438,20,514,28,458,542
25,1000,40,7.7,28,60,962,24,5,9,38,8.106490285,91,436,41.77306772,9.662747147,7.903796094,8.333232939,509,19,453,19,528,472
27,1000,40,7.7,28,51,958,25,13,4,42,8.223414382,96,414,41.4835028,9.563609864,7.611325149,8.820987664,480,14,478,28,494,506
26,1000,40,7.7,28,59,961,20,14,5,39,8.359474664,121,412,41.55010302,9.964074074,8.250889276,8.468932223,481,21,480,18,502,498
30,1000,40,7.7,28,45,956,32,3,9,44,7.914940314,105,389,40.63434296,9.273852894,7.593434792,8.23902821,482,20,474,24,502,498
31,1000,40,7.7,28,27,941,28,15,16,59,8.208064708,88,408,40.72750934,9.421957978,7.603829892,8.831949436,482,26,459,33,508,492
28,1000,40,7.7,28,49,958,23,9,10,42,8.19832712,91,404,41.25299001,9.892739611,7.391134829,8.989535405,479,16,479,26,495,505
24,1000,40,7.7,28,94,942,33,14,11,58,9.400472092,118,421,42.25430482,10.42597008,9.282167258,9.525592842,489,25,453,33,514,486
25,1000,40,7.7,28,61,962,25,5,8,38,8.078213123,107,416,41.79401246,9.665565459,7.872343561,8.308507886,509,19,453,19,528,472
29,1000,40,7.7,28,44,952,26,13,9,48,8.191269655,105,407,41.36596166,9.51592764,7.650857829,8.647927619,438,20,514,28,458,542
27,1000,40,7.7,28,52,960,23,13,4,40,8.224467867,100,416,41.52292831,9.56462606,7.63132159,8.803547434,481,13,479,27,494,506
26,1000,40,7.7,28,60,962,20,13,5,38,8.377414406,99,438,41.5590973,10.00615851,8.272145678,8.483528666,482,20,480,18,502,498
30,1000,40,7.7,28,46,956,32,3,9,44,7.95874369,96,401,40.66649774,9.306199684,7.630914415,8.289206132,482,20,474,24,502,498
31,1000,40,7.7,28,28,941,29,15,15,59,8.243162085,91,429,40.72133321,9.447919355,7.66059155,8.844678003,482,26,459,33,508,492
28,1000,40,7.7,28,50,959,22,9,10,41,8.234487672,107,414,41.30943062,9.944258844,7.418370646,9.034443965,480,15,479,26,495,505
25,1000,40,7.7,28,62,962,26,5,7,38,8.094753137,117,430,41.83074371,9.664659403,7.924087883,8.285666811,508,20,454,18,528,472
29,1000,40,7.7,28,45,952,27,12,9,48,8.198329962,95,392,41.39014096,9.547610931,7.66735052,8.647017388,438,20,514,28,458,542
24,1000,40,7.7,28,95,943,33,13,11,57,9.405671461,117,430,42.29541012,10.43205734,9.299794895,9.517647911,489,25,454,32,514,486
27,1000,40,7.7,28,53,960,23,13,4,40,8.271013443,109,435,41.53956734,9.588777305,7.65987444,8.867659031,481,13,479,27,494,506
26,1000,40,7.7,28,61,961,21,13,5,39,8.400559355,105,449,41.61387372,10.02898786,8.305491979,8.496390324,481,21,480,18,502,498
30,1000,40,7.7,28,47,957,31,3,9,43,7.953875266,102,425,40.67213233,9.308210453,7.629118639,8.28124038,483,19,474,24,502,498
28,1000,40,7.7,28,51,959,22,9,10,41,8.239771781,109,421,41.32692655,9.970585575,7.45349347,9.010480226,480,15,479,26,495,505
31,1000,40,7.7,28,29,940,30,15,15,60,8.270300142,109,431,40.75604486,9.480353652,7.703078999,8.8559675,482,26,458,34,508,492
25,1000,40,7.7,28,63,963,25,6,6,37,8.123704046,98,413,41.84460416,9.657046136,7.928130593,8.342481129,509,19,454,18,528,472
29,1000,40,7.7,28,46,951,28,14,7,49,8.208662069,107,423,41.42193783,9.574713776,7.686412428,8.649972652,438,20,513,29,458,542
26,1000,40,7.7,28,62,961,21,13,5,39,8.389535928,112,420,41.65348232,10.0530546,8.300531162,8.479255593,481,21,480,18,502,498
27,1000,40,7.7,28,54,960,23,13,4,40,8.298243089,100,454,41.54440076,9.591204042,7.705875801,8.876562141,481,13,479,27,494,506
30,1000,40,7.7,28,48,957,31,3,9,43,7.961391918,104,412,40.72749131,9.332843785,7.623664935,8.301831567,482,20,475,23,502,498
24,1000,40,7.7,28,96,944,32,13,11,56,9.405995284,102,430,42.30185302,10.45130835,9.306648503,9.511065749,489,25,455,31,514,486
28,1000,40,7.7,28,52,960,22,9,9,40,8.255217366,95,391,41.34484723,9.995608019,7.480049827,9.015035053,480,15,480,25,495,505
31,1000,40,7.7,28,30,941,30,15,14,59,8.287073104,106,438,40.79200564,9.484759255,7.768494975,8.822515563,483,25,458,34,508,492
25,1000,40,7.7,28,64,960,27,7,6,40,8.168615188,108,418,41.90387613,9.693317747,7.981330867,8.378119682,508,20,452,20,528,472
26,1000,40,7.7,28,63,962,20,13,5,38,8.389816696,117,407,41.68850514,10.06617635,8.319333607,8.460865913,481,21,481,17,502,498
29,1000,40,7.7,28,47,952,27,14,7,48,8.233679299,85,433,41.44896089,9.586644344,7.685219288,8.697138128,439,19,513,29,458,542
30,1000,40,7.7,28,49,958,29,3,10,42,8.041468147,97,420,40.75665085,9.356812755,7.693089316,8.392645203,483,19,475,23,502,498
27,1000,40,7.7,28,55,961,22,13,4,39,8.330220063,106,429,41.5595107,9.589896494,7.725944361,8.920165115,481,13,480,26,494,506
24,1000,40,7.7,28,97,944,31,14,11,56,9.447140975,95,431,42.34365129,10.47334793,9.323604318,9.577794969,489,25,455,31,514,486
28,1000,40,7.7,28,53,958,24,9,9,42,8.299795735,108,422,41.38722098,10.00810404,7.544491837,9.040143121,480,15,478,27,495,505
31,1000,40,7.7,28,31,941,32,15,12,59,8.277052983,77,415,40.79703868,9.499821284,7.749905017,8.821343972,484,24,457,35,508,492
25,1000,40,7.7,28,65,961,27,6,6,39,8.175433341,87,437,41.92984008,9.704626727,8.006029513,8.364935929,508,20,453,19,528,472
26,1000,40,7.7,28,64,960,20,15,5,40,8.459791477,100,412,41.71693246,10.08358184,8.367611421,8.552711936,481,21,479,19,502,498
30,1000,40,7.7,28,50,958,29,3,10,42,8.042767497,99,423,40.76227248,9.36000566,7.706803774,8.381429723,483,19,475,23,502,498
29,1000,40,7.7,28,48,951,27,15,7,49,8.255524264,109,413,41.48115842,9.591203599,7.686839788,8.736073137,438,20,513,29,458,542
27,1000,40,7.7,28,56,961,22,13,4,39,8.341303624,101,422,41.58117502,9.579664538,7.742285937,8.926115357,481,13,480,26,494,506
24,1000,40,7.7,28,98,943,30,15,12,57,9.463776205,103,424,42.36732186,10.50850305,9.30421549,9.632529719,489,25,454,32,514,486
28,1000,40,7.7,28,54,956,26,9,9,44,8.334558011,88,425,41.409286,10.00637574,7.561423049,9.092383369,479,16,477,28,495,505
31,1000,40,7.7,28,32,944,31,13,12,56,8.2375125,116,432,40.81184094,9.512011763,7.718079209,8.77383793,486,22,458,34,508,492
25,1000,40,7.7,28,66,959,29,6,6,41,8.188859774,93,424,41.9498755,9.72390021,8.028852208,8.367851289,507,21,452,20,528,472
26,1000,40,7.7,28,65,961,18,16,5,39,8.480262657,114,426,41.76695809,10.09760725,8.361090269,8.600392253,482,20,479,19,502,498
30,1000,40,7.7,28,51,956,30,2,12,44,8.110358825,110,435,40.81121742,9.38321712,7.779110968,8.444267307,483,19,473,25,502,498
29,1000,40,7.7,28,49,953,27,13,7,47,8.210740465,103,417,41.53750383,9.596759712,7.613226919,8.715650436,440,18,513,29,458,542
27,1000,40,7.7,28,57,959,24,13,4,41,8.360078176,106,461,41.60616295,9.594297045,7.746115117,8.959480845,481,13,478,28,494,506
28,1000,40,7.7,28,55,956,26,9,9,44,8.341632557,107,439,41.43179561,10.03401199,7.545988548,9.121521239,479,16,477,28,495,505
24,1000,40,7.7,28,99,944,29,15,12,56,9.454644793,111,461,42.4176325,10.51913989,9.290843231,9.627883483,490,24,454,32,514,486
25,1000,40,7.7,28,67,957,31,6,6,43,8.222623872,98,434,41.96033922,9.738135212,8.060785976,8.403662875,506,22,451,21,528,472
26,1000,40,7.7,28,66,962,17,16,5,38,8.45450907,89,405,41.79471157,10.13228392,8.36441099,8.545330829,481,21,481,17,502,498
31,1000,40,7.7,28,33,944,31,13,12,56,8.232728377,104,430,40.82277556,9.519903405,7.718405464,8.763777238,486,22,458,34,508,492
30,1000,40,7.7,28,52,956,31,1,12,44,8.104499483,100,414,40.85796205,9.407933433,7.769667768,8.44202061,483,19,473,25,502,498
29,1000,40,7.7,28,50,952,28,13,7,48,8.257536299,85,425,41.55208892,9.590100089,7.636277346,8.782511576,440,18,512,30,458,542
27,1000,40,7.7,28,58,958,24,14,4,42,8.390219277,103,439,41.64828482,9.601765404,7.773149239,8.992655243,480,14,478,28,494,506
26,1000,40,7.7,28,67,961,18,16,5,39,8.500800618,104,445,41.83050936,10.14965244,8.397683424,8.604746062,480,22,481,17,502,498
28,1000,40,7.7,28,56,953,29,9,9,47,8.370348038,116,416,41.44593416,10.03950429,7.568863601,9.155961495,478,17,475,30,495,505
25,1000,40,7.7,28,68,958,30,6,6,42,8.232971681,101,383,41.99417199,9.76708173,8.073280167,8.411609646,508,20,450,22,528,472
31,1000,40,7.7,28,34,945,31,12,12,55,8.248907048,89,414,40.8479177,9.546352366,7.750547686,8.763473218,487,21,458,34,508,492
24,1000,40,7.7,28,100,944,30,14,12,56,9.476110401,103,416,42.45357742,10.53705554,9.309165287,9.652673753,489,25,455,31,514,486
30,1000,40,7.7,28,53,957,30,1,12,43,8.093176337,112,371,40.87497697,9.419886359,7.771690172,8.41724472,483,19,474,24,502,498
29,1000,40,7.7,28,51,953,28,12,7,47,8.257180318,98,451,41.59344712,9.614054896,7.681640308,8.743522246,440,18,513,29,458,542
27,1000,40,7.7,28,59,956,26,13,5,44,8.429542654,88,419,41.67864928,9.604311336,7.814957238,9.029552922,480,14,476,30,494,506
26,1000,40,7.7,28,68,961,18,16,5,39,8.534430109,105,418,41.87393561,10.16680923,8.441263595,8.628344949,480,22,481,17,502,498
25,1000,40,7.7,28,69,958,29,7,6,42,8.210630648,107,424,42.03057803,9.808783382,8.049871978,8.390462379,508,20,450,22,528,472
28,1000,40,7.7,28,57,954,28,9,9,46,8.369430414,98,402,41.48042599,10.05804976,7.544417088,9.178106842,480,15,474,31,495,505
30,1000,40,7.7,28,54,957,30,0,13,43,8.103749708,88,414,40.89244141,9.42755366,7.76543161,8.444785221,482,20,475,23,502,498
31,1000,40,7.7,28,35,945,31,12,12,55,8.293723463,104,407,40.87687985,9.568382551,7.752662537,8.852379866,487,21,458,34,508,492
24,1000,40,7.7,28,101,944,30,14,12,56,9.480339657,117,430,42.47787456,10.55157934,9.349155079,9.619082194,488,26,456,30,514,486
29,1000,40,7.7,28,52,953,28,12,7,47,8.270341686,91,448,41.61746834,9.625744169,7.669069823,8.778427503,440,18,513,29,458,542
27,1000,40,7.7,28,60,954,27,14,5,46,8.431366369,116,438,41.71330236,9.612386317,7.788447702,9.059037953,480,14,474,32,494,506
26,1000,40,7.7,28,69,961,16,18,5,39,8.555272616,112,415,41.91057466,10.16118434,8.475346076,8.635841136,480,22,481,17,502,498
25,1000,40,7.7,28,70,958,28,9,5,42,8.209877058,95,452,42.06264157,9.821967892,8.020005524,8.422275724,508,20,450,22,528,472
30,1000,40,7.7,28,55,957,30,0,13,43,8.122534876,104,423,40.90156136,9.45333893,7.794134738,8.453572767,482,20,475,23,502,498
28,1000,40,7.7,28,58,955,26,10,9,45,8.410251915,114,419,41.51939534,10.07553259,7.596757058,9.207637963,481,14,474,31,495,505
31,1000,40,7.7,28,36,947,30,11,12,53,8.268706413,96,438,40.89366268,9.578573756,7.73240373,8.822449835,488,20,459,33,508,492
24,1000,40,7.7,28,102,944,30,14,12,56,9.471018572,116,423,42.51729112,10.59387352,9.355747204,9.592931089,488,26,456,30,514,486
29,1000,40,7.7,28,53,952,28,12,8,48,8.260543872,90,411,41.65649245,9.645842267,7.684590771,8.747234868,440,18,512,30,458,542
27,1000,40,7.7,28,61,954,26,15,5,46,8.448259633,94,424,41.74877046,9.618646825,7.805112901,9.076153873,480,14,474,32,494,506
26,1000,40,7.7,28,70,961,16,18,5,39,8.591757986,79,418,41.94136577,10.18169913,8.512328167,8.671825795,480,22,481,17,502,498
25,1000,40,7.7,28,71,958,29,8,5,42,8.209171753,93,435,42.09884197,9.826685918,8.002808152,8.440019172,508,20,450,22,528,472
30,1000,40,7.7,28,56,956,31,0,13,44,8.166139326,82,419,40.90374056,9.460887415,7.815578462,8.519515939,482,20,474,24,502,498
28,1000,40,7.7,28,59,953,29,10,8,47,8.417765152,106,428,41.52615811,10.08729849,7.619278251,9.200440431,481,14,472,33,495,505
31,1000,40,7.7,28,37,945,30,13,12,55,8.314679917,97,438,40.94030907,9.602866431,7.764066359,8.883199607,487,21,458,34,508,492
29,1000,40,7.7,28,54,953,27,12,8,47,8.300214962,98,416,41.70625744,9.658309065,7.77449772,8.744455732,440,18,513,29,458,542
24,1000,40,7.7,28,103,944,30,14,12,56,9.500783514,99,450,42.53625839,10.60707349,9.390915585,9.616981282,488,26,456,30,514,486
27,1000,40,7.7,28,62,954,26,15,5,46,8.451770313,94,420,41.78817071,9.623455068,7.850093269,9.039178336,480,14,474,32,494,506
26,1000,40,7.7,28,71,961,16,19,4,39,8.586969846,108,429,41.95271086,10.18096191,8.49570803,8.678964688,479,23,482,16,502,498
25,1000,40,7.7,28,72,958,28,9,5,42,8.219956563,98,431,42.1351576,9.867177712,8.022868264,8.440428219,508,20,450,22,528,472
30,1000,40,7.7,28,57,957,29,1,13,43,8.156356642,104,412,40.95048818,9.480093504,7.806542591,8.508980444,483,19,474,24,502,498
28,1000,40,7.7,28,60,953,29,9,9,47,8.443056435,116,413,41.57190359,10.10531444,7.650703653,9.219719063,481,14,472,33,495,505
31,1000,40,7.7,28,38,944,31,13,12,56,8.307767315,104,401,40.98573365,9.615530284,7.767960299,8.865129031,486,22,458,34,508,492
29,1000,40,7.7,28,55,953,27,12,8,47,8.297148327,88,423,41.74301679,9.677887851,7.745677562,8.763151299,440,18,513,29,458,542
26,1000,40,7.7,28,72,962,15,20,3,38,8.59403988,88,456,41.98175745,10.19272158,8.509178491,8.679582886,479,23,483,15,502,498
27,1000,40,7.7,28,63,955,24,16,5,45,8.492938855,112,416,41.8118948,9.643182213,7.887418509,9.084099034,480,14,475,31,494,506
24,1000,40,7.7,28,104,944,30,14,12,56,9.509794627,109,428,42.56907582,10.62415548,9.399234377,9.626724603,488,26,456,30,514,486
32,1000,40,7.7,28,0,940,28,12,20,60,7.16,94,389,40.00214315,8.850078365,6.382352941,7.866412214,455,21,485,39,476,524
25,1000,40,7.7,28,73,960,26,9,5,40,8.230683345,109,417,42.15418703,9.895631127,8.095530557,8.381871208,508,20,452,20,528,472
30,1000,40,7.7,28,58,957,30,1,12,43,8.142387515,114,422,40.97174201,9.50148759,7.82780541,8.459496383,483,19,474,24,502,498
28,1000,40,7.7,28,61,954,28,9,9,46,8.441758068,103,459,41.59262531,10.11068794,7.685738732,9.182806725,481,14,473,32,495,505
31,1000,40,7.7,28,39,946,31,13,10,54,8.316112734,105,437,41.02182726,9.614333177,7.827609777,8.820501965,486,22,460,32,508,492
26,1000,40,7.7,28,73,960,17,19,4,40,8.638368519,104,424,42.01684093,10.20246587,8.553196453,8.724224697,479,23,481,17,502,498
29,1000,40,7.7,28,56,954,26,12,8,46,8.299408145,99,428,41.77801795,9.659066554,7.756806599,8.757916463,441,17,513,29,458,542
27,1000,40,7.7,28,64,954,25,16,5,46,8.513766044,81,412,41.82814967,9.639257875,7.920526236,9.092936924,480,14,474,32,494,506
30,1000,40,7.7,28,59,955,32,1,12,45,8.140083983,107,428,41.00647176,9.534393563,7.824901573,8.45779798,483,19,472,26,502,498
25,1000,40,7.7,28,74,960,26,9,5,40,8.283994164,101,440,42.18713904,9.92856148,8.150643083,8.43316656,508,20,452,20,528,472
32,1000,40,7.7,28,1,942,26,12,20,58,7.145536335,93,411,40.02027404,8.879816135,6.335524658,7.88134847,457,19,485,39,476,524
28,1000,40,7.7,28,62,952,29,10,9,48,8.4829247,102,413,41.62472267,10.14431579,7.720950341,9.229810458,480,15,472,33,495,505
31,1000,40,7.7,28,40,947,31,12,10,53,8.324444366,99,394,41.05808701,9.626220285,7.850631783,8.813665488,486,22,461,31,508,492
26,1000,40,7.7,28,74,961,16,17,6,39,8.702443524,105,430,42.03454975,10.20640881,8.638990992,8.766405714,479,23,482,16,502,498
29,1000,40,7.7,28,57,954,26,12,8,46,8.308322983,95,402,41.80525423,9.6575143,7.793772157,8.743127925,440,18,514,28,458,542
27,1000,40,7.7,28,65,954,25,16,5,46,8.526649597,93,410,41.86593484,9.654081969,7.925963918,9.113089765,480,14,474,32,494,506
30,1000,40,7.7,28,60,955,32,1,12,45,8.145698319,112,423,41.04797692,9.553937029,7.82512761,8.468843893,483,19,472,26,502,498
25,1000,40,7.7,28,75,960,24,10,6,40,8.285123041,99,425,42.23395017,9.949406981,8.182385741,8.400049512,508,20,452,20,528,472
28,1000,40,7.7,28,63,952,28,10,10,48,8.481358431,111,417,41.66260443,10.18295273,7.715501446,9.232049931,480,15,472,33,495,505
32,1000,40,7.7,28,2,942,26,12,20,58,7.196696461,92,416,40.05599334,8.905522612,6.427613628,7.895328958,456,20,486,38,476,524
31,1000,40,7.7,28,41,947,31,12,10,53,8.312656713,90,406,41.10498701,9.631574638,7.834077689,8.806799281,486,22,461,31,508,492
26,1000,40,7.7,28,75,960,17,16,7,40,8.738939058,94,415,42.05451245,10.21326142,8.657932601,8.82059617,479,23,481,17,502,498
30,1000,40,7.7,28,61,956,30,2,12,44,8.16373733,85,381,41.08854978,9.54655755,7.839217732,8.490863511,484,18,472,26,502,498
25,1000,40,7.7,28,76,960,24,10,6,40,8.307575293,98,427,42.30623356,9.951323054,8.186120587,8.443439879,508,20,452,20,528,472
27,1000,40,7.7,28,66,952,27,16,5,48,8.595122908,94,403,41.93924126,9.686227742,7.953205208,9.221817263,479,15,473,33,494,506
29,1000,40,7.7,28,58,955,26,11,8,45,8.304242667,105,432,41.82235749,9.675486191,7.788810023,8.739792761,441,17,514,28,458,542
28,1000,40,7.7,28,64,952,28,11,9,48,8.485581669,110,393,41.6817014,10.20070638,7.717680516,9.238276858,480,15,472,33,495,505
26,1000,40,7.7,28,76,959,18,15,8,41,8.779034692,91,420,42.07086214,10.21543053,8.687700395,8.871102598,477,25,482,16,502,498
32,1000,40,7.7,28,3,944,25,11,20,56,7.192847333,84,419,40.07053482,8.920846877,6.442041403,7.874877147,456,20,488,36,476,524
31,1000,40,7.7,28,42,947,31,13,9,53,8.304503286,100,413,41.13767071,9.645820829,7.860079529,8.763379849,486,22,461,31,508,492
30,1000,40,7.7,28,62,956,30,2,12,44,8.197818056,98,406,41.0969809,9.55686615,7.874571961,8.523660504,484,18,472,26,502,498
25,1000,40,7.7,28,77,960,24,10,6,40,8.329701032,99,408,42.31698846,9.966243554,8.204856465,8.469357666,508,20,452,20,528,472
27,1000,40,7.7,28,67,953,26,17,4,47,8.568645614,110,446,42.00730605,9.709547599,7.924189821,9.197817872,479,15,474,32,494,506
29,1000,40,7.7,28,59,955,26,11,8,45,8.305115736,91,444,41.86928155,9.702098338,7.79763057,8.733950064,441,17,514,28,458,542
28,1000,40,7.7,28,65,952,28,11,9,48,8.498113642,104,445,41.6862088,10.22062565,7.739478985,9.241725831,480,15,472,33,495,505
26,1000,40,7.7,28,77,959,18,14,9,41,8.820730245,110,436,42.12242273,10.21821861,8.727253885,8.914957419,477,25,482,16,502,498
31,1000,40,7.7,28,43,949,32,11,8,51,8.289003834,110,406,41.15099302,9.674271411,7.894742419,8.696086759,486,22,463,29,508,492
30,1000,40,7.7,28,63,956,30,2,12,44,8.225700609,100,397,41.11268894,9.564439919,7.908868698,8.545077354,484,18,472,26,502,498
32,1000,40,7.7,28,4,944,25,10,21,56,7.222756559,90,383,40.10299644,8.932778358,6.506272657,7.873608347,456,20,488,36,476,524
25,1000,40,7.7,28,78,960,23,11,6,40,8.31425356,117,464,42.32795853,9.984561032,8.175552249,8.469410959,508,20,452,20,528,472
27,1000,40,7.7,28,68,954,25,17,4,46,8.578245978,87,430,42.04543022,9.696912181,7.927891581,9.213176951,479,15,475,31,494,506
29,1000,40,7.7,28,60,956,26,10,8,44,8.302501831,83,420,41.91769615,9.708767168,7.821453066,8.708996913,441,17,515,27,458,542
26,1000,40,7.7,28,78,959,18,14,9,41,8.839881973,111,437,42.14415268,10.22752981,8.738197027,8.942383667,477,25,482,16,502,498
28,1000,40,7.7,28,66,953,27,11,9,47,8.531104907,105,425,41.70933604,10.20576611,7.750021326,9.296721487,480,15,473,32,495,505
30,1000,40,7.7,28,64,956,30,2,12,44,8.262296125,110,432,41.14273259,9.574468601,7.920842821,8.606492027,484,18,472,26,502,498
31,1000,40,7.7,28,44,949,31,12,8,51,8.308519967,77,427,41.21315546,9.684966072,7.930166918,8.69917718,485,23,464,28,508,492
25,1000,40,7.7,28,79,957,25,11,7,43,8.334987998,113,420,42.373812,9.991069137,8.192026942,8.494910535,506,22,451,21,528,472
32,1000,40,7.7,28,5,944,25,10,21,56,7.266558213,91,415,40.13208636,8.954336518,6.549391428,7.918030331,456,20,488,36,476,524
27,1000,40,7.7,28,69,954,24,18,4,46,8.603278661,111,426,42.07910118,9.702834499,7.979034048,9.212719054,478,16,476,30,494,506
29,1000,40,7.7,28,61,955,25,12,8,45,8.306484768,100,420,41.93761352,9.736497576,7.839572037,8.701034641,441,17,514,28,458,542
26,1000,40,7.7,28,79,959,18,14,9,41,8.892490682,89,443,42.14540043,10.24288538,8.819175753,8.966394485,477,25,482,16,502,498
28,1000,40,7.7,28,67,952,27,12,9,48,8.593176688,101,414,41.71598795,10.22949057,7.834237979,9.337086909,480,15,472,33,495,505
30,1000,40,7.7,28,65,956,30,2,12,44,8.300755102,104,421,41.15538433,9.590131095,7.976297653,8.627818635,484,18,472,26,502,498
31,1000,40,7.7,28,45,949,31,12,8,51,8.3353362,102,411,41.24238796,9.688337835,7.911993932,8.772445696,485,23,464,28,508,492
25,1000,40,7.7,28,80,957,25,11,7,43,8.358968015,100,450,42.38792854,9.99640094,8.209015728,8.526711252,506,22,451,21,528,472
32,1000,40,7.7,28,6,943,26,10,21,57,7.302334419,97,408,40.16082123,8.968731329,6.583965936,7.954898156,456,20,487,37,476,524
27,1000,40,7.7,28,70,955,25,15,5,45,8.600037017,97,422,42.11161213,9.731349395,7.975826619,9.209444007,479,15,476,30,494,506
29,1000,40,7.7,28,62,956,25,11,8,44,8.31640637,103,429,41.97025039,9.762320442,7.861164101,8.701094487,441,17,515,27,458,542
26,1000,40,7.7,28,80,957,20,14,9,43,8.928044767,103,418,42.16617767,10.26190171,8.871337025,8.985207992,476,26,481,17,502,498
28,1000,40,7.7,28,68,953,26,12,9,47,8.600823752,91,428,41.71153171,10.24883484,7.875894383,9.311398084,481,14,472,33,495,505
30,1000,40,7.7,28,66,956,30,2,12,44,8.308563399,88,443,41.19017677,9.581080278,7.992817008,8.626845906,484,18,472,26,502,498
31,1000,40,7.7,28,46,950,29,12,9,50,8.381683736,86,403,41.26882277,9.689695931,7.959943687,8.817138909,486,22,464,28,508,492
25,1000,40,7.7,28,81,956,26,11,7,44,8.422863391,104,439,42.42204211,9.995307012,8.259657613,8.605432567,506,22,450,22,528,472
27,1000,40,7.7,28,71,957,24,14,5,43,8.597407655,93,400,42.12301608,9.751206762,7.978628146,9.201512551,480,14,477,29,494,506
29,1000,40,7.7,28,63,959,22,11,8,41,8.337543189,100,439,41.9821363,9.788128743,7.925010463,8.686140954,442,16,517,25,458,542
32,1000,40,7.7,28,7,944,25,10,21,56,7.30168587,94,409,40.18522939,8.989499559,6.589706974,7.948445325,457,19,487,37,476,524
26,1000,40,7.7,28,81,957,20,14,9,43,8.958373416,98,434,42.18459069,10.26440173,8.916903177,9.000176749,476,26,481,17,502,498
30,1000,40,7.7,28,67,956,30,2,12,44,8.308329762,111,433,41.21761338,9.615470474,7.988616951,8.630610548,484,18,472,26,502,498
28,1000,40,7.7,28,69,952,26,12,10,48,8.631128994,115,426,41.76111576,10.26949173,7.87582889,9.371472661,481,14,471,34,495,505
25,1000,40,7.7,28,82,957,25,11,7,43,8.420464475,103,461,42.46411438,10.02431113,8.256592572,8.603778807,507,21,450,22,528,472
31,1000,40,7.7,28,47,953,28,11,8,47,8.382834311,101,391,41.32904654,9.712971988,7.964729046,8.814536496,487,21,466,26,508,492
27,1000,40,7.7,28,72,957,24,13,6,43,8.60735168,100,411,42.16452145,9.792084892,7.99036421,9.209707035,480,14,477,29,494,506
26,1000,40,7.7,28,82,958,20,13,9,42,8.981395594,115,432,42.21420415,10.28864055,8.968207414,8.994689704,475,27,483,15,502,498
29,1000,40,7.7,28,64,959,22,11,8,41,8.344133158,101,429,42.00676463,9.824135525,7.924105012,8.69906469,442,16,517,25,458,542
32,1000,40,7.7,28,8,945,24,9,22,55,7.314510396,93,402,40.22778246,8.994084426,6.635559313,7.931267487,457,19,488,36,476,524
30,1000,40,7.7,28,68,956,30,2,12,44,8.310717447,108,388,41.26660354,9.663774844,7.978554295,8.645548577,484,18,472,26,502,498
28,1000,40,7.7,28,70,952,26,12,10,48,8.614135454,109,415,41.77227581,10.28978395,7.872810406,9.340780798,481,14,471,34,495,505
25,1000,40,7.7,28,83,959,24,11,6,41,8.440902302,95,407,42.48518989,10.0424327,8.284784345,8.615542728,508,20,451,21,528,472
31,1000,40,7.7,28,48,953,28,11,8,47,8.402936522,108,413,41.34482069,9.734202088,7.984716285,8.834757417,487,21,466,26,508,492
26,1000,40,7.7,28,83,957,20,14,9,43,8.989797396,110,417,42.24851673,10.30995314,8.986172327,8.993451582,474,28,483,15,502,498
27,1000,40,7.7,28,73,957,24,13,6,43,8.64198377,112,445,42.165589,9.819056178,8.032314602,9.23719438,480,14,477,29,494,506
29,1000,40,7.7,28,65,958,22,12,8,42,8.423548526,96,396,42.03540775,9.819031165,7.976495211,8.801316827,442,16,516,26,458,542
30,1000,40,7.7,28,69,955,30,4,11,45,8.344955222,102,424,41.27980229,9.706677485,8.034385142,8.658019841,483,19,472,26,502,498
32,1000,40,7.7,28,9,946,23,9,22,54,7.325256592,98,402,40.26887841,9.034348179,6.637652109,7.949874404,458,18,488,36,476,524
28,1000,40,7.7,28,71,952,26,12,10,48,8.636403938,109,420,41.82429225,10.31771506,7.922472492,9.336198128,481,14,471,34,495,505
25,1000,40,7.7,28,84,959,22,12,7,41,8.472346895,103,414,42.51670058,10.05872454,8.31171358,8.6520384,508,20,451,21,528,472
31,1000,40,7.7,28,49,955,26,11,8,45,8.422763138,107,398,41.35795723,9.741137372,8.041096011,8.816842205,487,21,468,24,508,492
26,1000,40,7.7,28,84,958,20,13,9,42,9.001610326,93,435,42.2841467,10.31475076,9.001171172,9.002053008,475,27,483,15,502,498
27,1000,40,7.7,28,74,955,26,13,6,45,8.65940234,95,430,42.21619481,9.847914262,8.020060867,9.283581564,480,14,475,31,494,506
29,1000,40,7.7,28,66,958,21,13,8,42,8.431392036,97,420,42.05194448,9.851226751,8.001212205,8.794901931,442,16,516,26,458,542
30,1000,40,7.7,28,70,953,32,4,11,47,8.369572645,128,407,41.2993224,9.706612492,8.032561706,8.709290498,482,20,471,27,502,498
28,1000,40,7.7,28,72,951,27,12,10,49,8.63574862,113,425,41.85591366,10.31773065,7.943119908,9.314661912,480,15,471,34,495,505
32,1000,40,7.7,28,10,946,23,9,22,54,7.340474164,89,444,40.30832804,9.080577653,6.640252105,7.976553746,459,17,487,37,476,524
25,1000,40,7.7,28,85,959,22,12,7,41,8.476364636,106,434,42.53524787,10.06872102,8.301243827,8.67226249,508,20,451,21,528,472
26,1000,40,7.7,28,85,958,20,13,9,42,8.971466391,128,448,42.32160208,10.34916388,8.965477767,8.977503117,475,27,483,15,502,498
31,1000,40,7.7,28,50,952,28,12,8,48,8.453897779,102,392,41.3683426,9.755205002,8.079028273,8.840958164,486,22,466,26,508,492
27,1000,40,7.7,28,75,955,25,14,6,45,8.67033901,94,428,42.25024163,9.852465788,8.05894514,9.267233421,480,14,475,31,494,506
30,1000,40,7.7,28,71,953,32,4,11,47,8.406722268,92,448,41.32328589,9.723971259,8.069512915,8.746640131,482,20,471,27,502,498
29,1000,40,7.7,28,67,958,20,14,8,42,8.443698242,87,454,42.06627843,9.86911829,8.029510665,8.793694386,442,16,516,26,458,542
25,1000,40,7.7,28,86,959,23,11,7,41,8.496186433,121,458,42.54604437,10.0931076,8.291203764,8.725489079,508,20,451,21,528,472
28,1000,40,7.7,28,73,952,27,10,11,48,8.639635134,113,397,41.91604061,10.32911104,7.914759602,9.350156696,481,14,471,34,495,505
26,1000,40,7.7,28,86,957,21,12,10,43,9.01573314,98,441,42.33877956,10.38113546,9.000287538,9.031302804,475,27,482,16,502,498
32,1000,40,7.7,28,11,946,23,9,22,54,7.38234708,92,400,40.31839416,9.101540181,6.71092091,7.992268563,459,17,487,37,476,524
31,1000,40,7.7,28,51,951,29,12,8,49,8.495898287,101,430,41.39685269,9.778960501,8.113025238,8.891222492,486,22,465,27,508,492
30,1000,40,7.7,28,72,953,32,4,11,47,8.43054159,102,416,41.32454887,9.720672251,8.11621895,8.74738891,482,20,471,27,502,498
27,1000,40,7.7,28,76,956,25,13,6,44,8.704301073,104,429,42.31026734,9.8696582,8.088664358,9.305337708,481,13,475,31,494,506
29,1000,40,7.7,28,68,958,20,14,8,42,8.45464844,104,429,42.10656129,9.88427897,8.034855079,8.809381576,442,16,516,26,458,542
25,1000,40,7.7,28,87,958,23,12,7,42,8.535097166,92,429,42.56474489,10.09589062,8.34337803,8.74956264,507,21,451,21,528,472
26,1000,40,7.7,28,87,958,20,12,10,42,9.048603951,100,416,42.37802108,10.40117963,9.051852267,9.045329545,476,26,482,16,502,498
28,1000,40,7.7,28,74,953,25,12,10,47,8.649762529,113,439,41.94249275,10.37137705,7.957671444,9.328148839,482,13,471,34,495,505
32,1000,40,7.7,28,12,945,24,9,22,55,7.41926344,83,433,40.35717927,9.112873906,6.783886975,7.996437481,458,18,487,37,476,524
31,1000,40,7.7,28,52,951,30,11,8,49,8.505308839,92,428,41.42525825,9.802591903,8.151475951,8.870648488,485,23,466,26,508,492
30,1000,40,7.7,28,73,954,31,4,11,46,8.421776646,118,405,41.34513725,9.742338687,8.130737616,8.715153339,482,20,472,26,502,498
27,1000,40,7.7,28,77,957,25,12,6,43,8.722983882,102,429,42.36132422,9.907379855,8.125410641,9.306385426,481,13,476,30,494,506
29,1000,40,7.7,28,69,958,20,14,8,42,8.470441456,101,412,42.16470647,9.888804269,8.02910492,8.843378972,442,16,516,26,458,542
25,1000,40,7.7,28,88,959,22,12,7,41,8.509713715,106,434,42.58604535,10.07632405,8.331052568,8.709571947,507,21,452,20,528,472
26,1000,40,7.7,28,88,957,21,12,10,43,9.079179602,86,419,42.41360797,10.42519451,9.074732992,9.083661928,476,26,481,17,502,498
28,1000,40,7.7,28,75,954,25,11,10,46,8.619456433,93,430,41.97638895,10.40862128,7.960049608,9.265805698,482,13,472,33,495,505
30,1000,40,7.7,28,74,954,32,4,10,46,8.462811311,107,396,41.36957137,9.753891618,8.192084234,8.735712903,482,20,472,26,502,498
31,1000,40,7.7,28,53,952,29,11,8,48,8.509404925,113,431,41.47823871,9.828323581,8.202628207,8.826158121,485,23,467,25,508,492
32,1000,40,7.7,28,13,944,25,9,22,56,7.45891869,96,388,40.38592128,9.106784784,6.793395715,8.063477728,458,18,486,38,476,524
27,1000,40,7.7,28,78,955,27,12,6,45,8.755854832,109,432,42.39329945,9.909454373,8.150583113,9.346772282,479,15,476,30,494,506
29,1000,40,7.7,28,70,958,20,14,8,42,8.517785832,113,436,42.17795759,9.903967104,8.108491578,8.863647029,442,16,516,26,458,542
25,1000,40,7.7,28,89,958,22,13,7,42,8.538181845,103,414,42.62375096,10.07354492,8.349550699,8.749192958,507,21,451,21,528,472
26,1000,40,7.7,28,89,955,23,12,10,45,9.075016286,94,428,42.41873386,10.42943005,9.05077047,9.099456848,476,26,479,19,502,498
28,1000,40,7.7,28,76,954,26,9,11,46,8.627996973,107,438,42.00658511,10.4061907,7.943612183,9.298829589,482,13,472,33,495,505
30,1000,40,7.7,28,75,953,33,4,10,47,8.510071574,102,398,41.38510282,9.760391081,8.284475086,8.737480083,481,21,472,26,502,498
31,1000,40,7.7,28,54,952,29,11,8,48,8.495011885,111,408,41.48531475,9.834228166,8.194408346,8.805391148,485,23,467,25,508,492
27,1000,40,7.7,28,79,956,26,12,6,44,8.784373019,82,414,42.42412159,9.905263259,8.162524918,9.391473734,480,14,476,30,494,506
32,1000,40,7.7,28,14,944,24,10,22,56,7.497626928,89,426,40.42241151,9.124901083,6.853351262,8.082884975,457,19,487,37,476,524
29,1000,40,7.7,28,71,958,19,15,8,42,8.553885336,97,430,42.23686705,9.92416602,8.141638711,8.90224134,442,16,516,26,458,542
25,1000,40,7.7,28,90,957,23,12,8,43,8.506991837,128,406,42.64308403,10.09533903,8.323337814,8.71243532,506,22,451,21,528,472
26,1000,40,7.7,28,90,954,24,12,10,46,9.073849863,121,426,42.47001793,10.4300349,9.074914402,9.072776774,475,27,479,19,502,498
28,1000,40,7.7,28,77,952,27,10,11,48,8.663109711,118,412,42.01723875,10.41267431,7.975552562,9.337051867,482,13,470,35,495,505
30,1000,40,7.7,28,76,952,34,4,10,48,8.567052218,104,431,41.43553226,9.77863433,8.336350919,8.79960654,480,22,472,26,502,498
31,1000,40,7.7,28,55,953,28,11,8,47,8.505500133,102,421,41.5279984,9.857741994,8.240731007,8.778879637,485,23,468,24,508,492
27,1000,40,7.7,28,80,956,26,12,6,44,8.742287798,102,458,42.4502854,9.924163353,8.111011393,9.35859322,480,14,476,30,494,506
29,1000,40,7.7,28,72,958,19,14,9,42,8.588292925,117,426,42.26663352,9.945996727,8.203153911,8.913742498,442,16,516,26,458,542
26,1000,40,7.7,28,91,954,24,12,10,46,9.101408267,118,413,42.50283596,10.44608656,9.071928482,9.131124837,475,27,479,19,502,498
25,1000,40,7.7,28,91,957,23,12,8,43,8.53360172,107,433,42.64671275,10.12297584,8.308686129,8.785202211,506,22,451,21,528,472
32,1000,40,7.7,28,15,944,24,10,22,56,7.526240135,83,415,40.4645967,9.135098083,6.852074961,8.138649722,457,19,487,37,476,524
30,1000,40,7.7,28,77,952,34,4,10,48,8.591017216,109,425,41.44493288,9.78341579,8.386716688,8.796958713,480,22,472,26,502,498
28,1000,40,7.7,28,78,951,28,10,11,49,8.669338711,111,406,42.03670934,10.45426263,7.957078604,9.367494657,482,13,469,36,495,505
31,1000,40,7.7,28,56,954,26,12,8,46,8.533568329,88,383,41.54635998,9.887017826,8.266738784,8.809075257,485,23,469,23,508,492
27,1000,40,7.7,28,81,956,26,12,6,44,8.771874062,101,434,42.4746281,9.936238411,8.115604848,9.412579581,479,15,477,29,494,506
26,1000,40,7.7,28,92,954,24,12,10,46,9.100584163,108,422,42.54175663,10.44679817,9.062984888,9.13848544,475,27,479,19,502,498
25,1000,40,7.7,28,92,957,23,11,9,43,8.590231921,113,423,42.67378318,10.13146581,8.362095737,8.84543511,506,22,451,21,528,472
29,1000,40,7.7,28,73,956,21,14,9,44,8.601140046,91,440,42.28238314,9.964795495,8.225423697,8.918627293,441,17,515,27,458,542
32,1000,40,7.7,28,16,944,24,10,22,56,7.531349397,77,433,40.48220517,9.152032525,6.848570305,8.151583838,457,19,487,37,476,524
30,1000,40,7.7,28,78,951,35,4,10,49,8.572435799,112,415,41.47688929,9.805154232,8.362417756,8.784140734,479,23,472,26,502,498
28,1000,40,7.7,28,79,950,29,10,11,50,8.666435157,123,414,42.08595074,10.47317819,7.981391283,9.337913806,481,14,469,36,495,505
31,1000,40,7.7,28,57,952,26,14,8,48,8.554522158,107,430,41.5741719,9.894484413,8.278427574,8.839595427,484,24,468,24,508,492
26,1000,40,7.7,28,93,954,24,12,10,46,9.083795223,112,434,42.55713671,10.49133729,9.052012359,9.115833371,475,27,479,19,502,498
27,1000,40,7.7,28,82,955,27,12,6,45,8.837456903,84,426,42.51757524,9.921186235,8.180455347,9.478877393,479,15,476,30,494,506
25,1000,40,7.7,28,93,956,24,11,9,44,8.60081563,97,417,42.70366246,10.15311695,8.359888351,8.870327501,506,22,450,22,528,472
29,1000,40,7.7,28,74,955,22,14,9,45,8.652444212,95,443,42.30247639,9.978841719,8.262103459,8.98228935,442,16,513,29,458,542
30,1000,40,7.7,28,79,951,33,6,10,49,8.607139099,113,396,41.49470444,9.810412922,8.462221309,8.753220888,478,24,473,25,502,498
32,1000,40,7.7,28,17,944,24,10,22,56,7.56373747,101,429,40.54405651,9.155898922,6.864952214,8.198511864,457,19,487,37,476,524
28,1000,40,7.7,28,80,950,29,11,10,50,8.6799124,112,429,42.14283435,10.47245118,7.99141244,9.354778697,480,15,470,35,495,505
26,1000,40,7.7,28,94,953,24,13,10,47,9.076480216,113,422,42.60561214,10.49549501,9.042437742,9.110796124,475,27,478,20,502,498
31,1000,40,7.7,28,58,951,27,14,8,49,8.573462909,103,427,41.60185079,9.903598653,8.275899552,8.880703123,484,24,467,25,508,492
25,1000,40,7.7,28,94,956,24,11,9,44,8.607520971,104,450,42.73467301,10.16864531,8.389162349,8.851786549,507,21,449,23,528,472
27,1000,40,7.7,28,83,953,29,12,6,47,8.863445963,114,454,42.56661257,9.904812795,8.192205571,9.51876761,478,16,475,31,494,506
29,1000,40,7.7,28,75,954,23,14,9,46,8.668240798,105,452,42.32192158,10.01049835,8.290113437,8.987765395,442,16,512,30,458,542
30,1000,40,7.7,28,80,952,31,6,11,48,8.644421607,98,427,41.5254848,9.82946989,8.508608769,8.781325311,478,24,474,24,502,498
28,1000,40,7.7,28,81,949,31,11,9,51,8.672049011,114,408,42.18046586,10.48783697,8.010014132,9.320974288,480,15,469,36,495,505
32,1000,40,7.7,28,18,945,24,8,23,55,7.578234798,89,413,40.55525148,9.170474975,6.89662368,8.197408256,457,19,488,36,476,524
26,1000,40,7.7,28,95,954,23,13,10,46,9.081417145,116,460,42.62941655,10.50734818,9.06735704,9.095590182,476,26,478,20,502,498
31,1000,40,7.7,28,59,953,26,13,8,47,8.603966941,118,412,41.64225244,9.939734586,8.328874806,8.888005161,485,23,468,24,508,492
27,1000,40,7.7,28,84,955,28,11,6,45,8.875736902,94,435,42.5760121,9.91632459,8.225155581,9.510889418,478,16,477,29,494,506
25,1000,40,7.7,28,95,955,25,11,9,45,8.615183232,105,436,42.76240546,10.19017906,8.414015265,8.840218585,506,22,449,23,528,472
29,1000,40,7.7,28,76,955,23,13,9,45,8.653085512,98,426,42.35257892,10.03164477,8.244642427,8.998227454,443,15,512,30,458,542
30,1000,40,7.7,28,81,952,31,6,11,48,8.688697364,102,401,41.54041059,9.845976747,8.538230652,8.840372644,478,24,474,24,502,498
28,1000,40,7.7,28,82,949,31,11,9,51,8.674551607,120,423,42.23282523,10.50531787,8.034087599,9.302333159,480,15,469,36,495,505
26,1000,40,7.7,28,96,952,25,13,10,48,9.097949467,124,446,42.67126973,10.52169369,9.053593202,9.142662007,476,26,476,22,502,498
32,1000,40,7.7,28,19,945,24,8,23,55,7.609315558,94,411,40.59477408,9.193408231,6.954038072,8.204567626,457,19,488,36,476,524
31,1000,40,7.7,28,60,954,25,12,9,46,8.644639398,88,448,41.68778762,9.963559905,8.335481034,8.963851693,486,22,468,24,508,492
27,1000,40,7.7,28,85,955,28,11,6,45,8.876756136,111,419,42.62394589,9.920422258,8.265584792,9.473433298,478,16,477,29,494,506
25,1000,40,7.7,28,96,955,26,11,8,45,8.626846524,114,437,42.77848388,10.20505379,8.417879247,8.860606528,506,22,449,23,528,472
30,1000,40,7.7,28,82,950,33,6,11,50,8.712018967,117,438,41.57610756,9.857678842,8.56149059,8.863756408,477,25,473,25,502,498
29,1000,40,7.7,28,77,955,23,13,9,45,8.657980828,107,416,42.38381896,10.04167054,8.269982273,8.985846766,443,15,512,30,458,542
26,1000,40,7.7,28,97,951,25,14,10,49,9.118470628,119,458,42.70841199,10.54216724,9.072733662,9.16457496,476,26,475,23,502,498
28,1000,40,7.7,28,83,949,31,11,9,51,8.658082468,118,438,42.28906327,10.52189571,8.029838121,9.273886333,480,15,469,36,495,505
32,1000,40,7.7,28,20,946,23,9,22,54,7.657260089,121,387,40.63487554,9.224966973,7.010723612,8.24457185,457,19,489,35,476,524
25,1000,40,7.7,28,97,954,26,12,8,46,8.625596634,109,393,42.79873578,10.24087028,8.435875629,8.837826911,505,23,449,23,528,472
27,1000,40,7.7,28,86,954,30,10,6,46,8.888942253,93,418,42.67299786,9.955173184,8.277916261,9.485477511,478,16,476,30,494,506
31,1000,40,7.7,28,61,954,24,12,10,46,8.688750744,119,426,41.71085184,9.988015281,8.397905862,8.989053997,486,22,468,24,508,492
30,1000,40,7.7,28,83,949,35,6,10,51,8.759713006,94,431,41.61585629,9.872108051,8.585170227,8.935657735,478,24,471,27,502,498
29,1000,40,7.7,28,78,956,22,12,10,44,8.679323607,113,420,42.42791504,10.07965046,8.302835201,8.997463256,443,15,513,29,458,542
26,1000,40,7.7,28,98,950,25,15,10,50,9.119493833,109,445,42.7427686,10.53607163,9.056515661,9.182977853,475,27,475,23,502,498
28,1000,40,7.7,28,84,949,32,10,9,51,8.634049335,97,429,42.33190293,10.54891364,7.980361241,9.274793111,481,14,468,37,495,505
30,1000,40,7.7,28,84,950,34,6,10,50,8.754456642,109,415,41.63195369,9.859030801,8.59133539,8.918888106,479,23,471,27,502,498
25,1000,40,7.7,28,98,954,26,12,8,46,8.636978442,98,408,42.81038376,10.24558235,8.443550906,8.853355008,505,23,449,23,528,472
27,1000,40,7.7,28,87,953,30,11,6,47,8.92219642,98,438,42.68972957,9.968323173,8.276598292,9.552483921,478,16,475,31,494,506
31,1000,40,7.7,28,62,954,24,11,11,46,8.696265252,101,423,41.73963104,10.00523934,8.410386481,8.991440893,486,22,468,24,508,492
32,1000,40,7.7,28,21,946,24,9,21,54,7.689586102,96,407,40.67342082,9.224132396,7.08341238,8.24023246,457,19,489,35,476,524
29,1000,40,7.7,28,79,957,21,12,10,43,8.676376299,84,423,42.43864145,10.09554239,8.284280342,9.007704616,444,14,513,29,458,542
26,1000,40,7.7,28,99,951,25,14,10,49,9.109710023,123,430,42.79260723,10.54629075,9.037958361,9.182038003,476,26,475,23,502,498
28,1000,40,7.7,28,85,948,33,10,9,52,8.639721803,113,416,42.35289584,10.54229144,7.999984373,9.266791165,481,14,467,38,495,505
30,1000,40,7.7,28,85,949,35,6,10,51,8.788312518,103,428,41.67002813,9.876361504,8.62079731,8.957173229,479,23,470,28,502,498
25,1000,40,7.7,28,99,956,25,11,8,44,8.630357756,122,417,42.87258326,10.2539598,8.407175448,8.880019322,507,21,449,23,528,472
31,1000,40,7.7,28,63,955,24,10,11,45,8.73031684,107,415,41.76180565,10.01888963,8.474221692,8.994740285,486,22,469,23,508,492
27,1000,40,7.7,28,88,953,30,11,6,47,8.923873128,104,447,42.72846625,9.980687134,8.281370007,9.551139022,478,16,475,31,494,506
29,1000,40,7.7,28,80,957,21,12,10,43,8.706359617,95,393,42.4603617,10.12071988,8.308136499,9.042865499,444,14,513,29,458,542
32,1000,40,7.7,28,22,946,24,9,21,54,7.742580843,104,421,40.69441647,9.232686125,7.141333755,8.288751863,458,18,488,36,476,524
26,1000,40,7.7,28,100,950,25,15,10,50,9.127121971,115,440,42.80268628,10.55972382,9.032984761,9.222015304,476,26,474,24,502,498
28,1000,40,7.7,28,86,947,34,9,10,53,8.652377027,124,437,42.36129536,10.55030772,8.007813129,9.284177284,480,15,467,38,495,505
30,1000,40,7.7,28,86,949,34,6,11,51,8.807030404,103,433,41.70192124,9.890059555,8.644014938,8.971355231,479,23,470,28,502,498
25,1000,40,7.7,28,100,957,27,10,6,43,8.59407234,125,454,42.90745478,10.27220854,8.411038012,8.798822605,507,21,450,22,528,472
31,1000,40,7.7,28,64,955,25,9,11,45,8.747610743,109,440,41.77877365,10.05180638,8.530445763,8.971837998,486,22,469,23,508,492
29,1000,40,7.7,28,81,957,21,12,10,43,8.751970896,91,429,42.51834145,10.11903018,8.342713726,9.097800755,444,14,513,29,458,542
26,1000,40,7.7,28,101,950,23,17,10,50,9.167447595,118,445,42.84050287,10.6083044,9.113584941,9.22174288,476,26,474,24,502,498
27,1000,40,7.7,28,89,953,30,11,6,47,8.955405997,97,436,42.80829138,9.986001655,8.334335536,9.561747514,478,16,475,31,494,506
32,1000,40,7.7,28,23,945,27,9,19,55,7.738764783,95,398,40.71676271,9.250865919,7.184629589,8.242139501,456,20,489,35,476,524
28,1000,40,7.7,28,87,946,35,9,10,54,8.698337577,114,419,42.38439363,10.5629405,8.048868992,9.334945399,479,16,467,38,495,505
30,1000,40,7.7,28,87,948,35,6,11,52,8.822845096,105,421,41.72551203,9.906565837,8.659650586,8.987350405,478,24,470,28,502,498
25,1000,40,7.7,28,101,957,28,10,5,43,8.580035827,107,429,42.92423191,10.28803341,8.419812248,8.759268983,507,21,450,22,528,472
31,1000,40,7.7,28,65,955,25,9,11,45,8.747929356,98,407,41.81380456,10.05563246,8.510245927,8.993342327,486,22,469,23,508,492
26,1000,40,7.7,28,102,951,22,17,10,49,9.182666745,101,455,42.88472803,10.62054082,9.089045137,9.277040335,477,25,474,24,502,498
29,1000,40,7.7,28,82,958,19,13,10,42,8.777023629,115,410,42.54951323,10.11229333,8.378906216,9.113440188,444,14,514,28,458,542
27,1000,40,7.7,28,90,952,31,11,6,48,9.001272898,88,428,42.81600854,10.01353696,8.387618621,9.600374108,478,16,474,32,494,506
32,1000,40,7.7,28,24,944,28,9,19,56,7.777969382,95,413,40.76059229,9.277198845,7.26755444,8.241628757,455,21,489,35,476,524
30,1000,40,7.7,28,88,948,34,7,11,52,8.854554369,111,416,41.75376064,9.923211873,8.704487441,9.005826654,479,23,469,29,502,498
28,1000,40,7.7,28,88,946,35,9,10,54,8.71074413,110,428,42.38743007,10.59490591,8.039467039,9.368728604,479,16,467,38,495,505
25,1000,40,7.7,28,102,958,28,9,5,42,8.590018229,119,444,42.98062637,10.32074412,8.436276151,8.762000893,507,21,451,21,528,472
26,1000,40,7.7,28,103,951,22,16,11,49,9.202925168,114,436,42.91493754,10.65119204,9.090757895,9.315993383,477,25,474,24,502,498
31,1000,40,7.7,28,66,956,26,8,10,44,8.768603094,99,425,41.85541435,10.0746343,8.556283052,8.987827854,487,21,469,23,508,492
29,1000,40,7.7,28,83,957,20,13,10,43,8.788089753,102,419,42.5889495,10.13763143,8.412586362,9.105397047,443,15,514,28,458,542
27,1000,40,7.7,28,91,952,31,11,6,48,9.000475588,113,417,42.86143679,10.01137871,8.39215499,9.59436961,478,16,474,32,494,506
30,1000,40,7.7,28,89,946,35,7,12,54,8.87650307,107,431,41.75692382,9.940580458,8.747342732,9.00670084,478,24,468,30,502,498
32,1000,40,7.7,28,25,944,27,9,20,56,7.810276122,81,409,40.78637202,9.288898849,7.31128606,8.26355717,455,21,489,35,476,524
28,1000,40,7.7,28,89,946,35,9,10,54,8.742855533,117,436,42.4008782,10.6401675,8.072860185,9.399583647,478,17,468,37,495,505
25,1000,40,7.7,28,103,958,27,10,5,42,8.601089149,114,421,43.03693732,10.32714142,8.470172701,8.747538057,508,20,450,22,528,472
26,1000,40,7.7,28,104,952,22,15,11,48,9.200066896,122,455,42.94833609,10.64459536,9.094675957,9.306304349,477,25,475,23,502,498
33,1000,40,7.7,28,0,927,33,14,26,73,7.666,101,434,40.09144991,9.262818243,6.371308017,8.83269962,456,18,471,55,474,526
31,1000,40,7.7,28,67,953,29,8,10,47,8.780972614,122,439,41.89234678,10.09102641,8.577942451,8.990605384,486,22,467,25,508,492
29,1000,40,7.7,28,84,958,18,14,10,42,8.746339035,99,461,42.62163692,10.17508463,8.398865612,9.039960489,443,15,515,27,458,542
27,1000,40,7.7,28,92,952,32,11,5,48,8.986907489,105,428,42.88794549,10.03689199,8.431123506,9.529510824,478,16,474,32,494,506
30,1000,40,7.7,28,90,946,35,7,12,54,8.890358208,121,377,41.75738323,9.95880682,8.735341615,9.046619914,478,24,468,30,502,498
25,1000,40,7.7,28,104,959,26,10,5,41,8.577546103,115,457,43.05088412,10.32965748,8.451567489,8.718471331,509,19,450,22,528,472
34,1000,40,7.7,28,0,947,24,13,16,53,6.964,86,392,39.88488614,8.853470295,5.971264368,8.048117155,503,19,444,34,522,478
28,1000,40,7.7,28,90,948,35,8,9,52,8.708246466,107,407,42.40521211,10.66499413,8.074975933,9.328976988,478,17,470,35,495,505
32,1000,40,7.7,28,26,943,29,9,19,57,7.863736348,98,391,40.81046228,9.325000482,7.333329581,8.345556236,455,21,488,36,476,524
33,1000,40,7.7,28,1,929,31,15,25,71,7.674228156,109,423,40.10800549,9.290091594,6.381422869,8.839227598,456,18,473,53,474,526
29,1000,40,7.7,28,85,959,18,13,10,41,8.73834654,126,424,42.66189136,10.20828576,8.404683031,9.020298361,443,15,516,26,458,542
31,1000,40,7.7,28,68,952,29,8,11,48,8.774107601,102,447,41.9134461,10.11373078,8.584132789,8.970260455,486,22,466,26,508,492
30,1000,40,7.7,28,91,947,33,9,11,53,8.900558152,119,405,41.79285848,9.989432077,8.741069562,9.061327774,478,24,469,29,502,498
27,1000,40,7.7,28,93,952,32,11,5,48,9.030189963,102,448,42.91060978,10.04404776,8.506947883,9.541023141,478,16,474,32,494,506
28,1000,40,7.7,28,91,947,36,8,9,53,8.734796651,119,439,42.43613746,10.66751849,8.094080804,9.362825055,477,18,470,35,495,505
34,1000,40,7.7,28,1,949,23,12,16,51,6.991333816,85,400,39.92166676,8.853608428,6.037480264,8.032989787,504,18,445,33,522,478
31,1000,40,7.7,28,69,950,31,7,12,50,8.79604515,101,420,41.98608367,10.13162127,8.595639726,9.002967823,485,23,465,27,508,492
32,1000,40,7.7,28,27,943,30,9,18,57,7.870327595,107,420,40.81856173,9.339534516,7.328658416,8.362378223,455,21,488,36,476,524
33,1000,40,7.7,28,2,932,29,14,25,68,7.657209794,77,408,40.15185853,9.308464797,6.404563855,8.786020012,456,18,476,50,474,526
29,1000,40,7.7,28,86,960,17,14,9,40,8.760826603,112,419,42.69411608,10.21286964,8.504394981,8.977516055,443,15,517,25,458,542
30,1000,40,7.7,28,92,945,35,9,11,55,8.901875147,119,447,41.80140116,10.00588041,8.742567719,9.062462152,476,26,469,29,502,498
27,1000,40,7.7,28,94,952,32,11,5,48,9.069947042,92,452,42.93354563,10.05744751,8.529905002,9.597181762,478,16,474,32,494,506
28,1000,40,7.7,28,92,946,37,8,9,54,8.714260377,114,425,42.4873384,10.70599944,8.078035922,9.337886329,477,18,469,36,495,505
34,1000,40,7.7,28,2,950,22,12,16,50,7.010140868,107,424,39.92611679,8.8422127,6.042216276,8.067163121,505,17,445,33,522,478
31,1000,40,7.7,28,70,949,32,6,13,51,8.820173739,92,407,42.03999043,10.14221238,8.636484978,9.009836119,484,24,465,27,508,492
30,1000,40,7.7,28,93,945,35,9,11,55,8.900413196,95,416,41.85199423,10.00170351,8.754572064,9.047425743,476,26,469,29,502,498
33,1000,40,7.7,28,3,933,28,14,25,67,7.664762569,82,377,40.16313306,9.306666535,6.418213063,8.788079045,456,18,477,49,474,526
32,1000,40,7.7,28,28,943,30,7,20,57,7.906396164,101,433,40.84633366,9.339139266,7.379815841,8.384740121,455,21,488,36,476,524
29,1000,40,7.7,28,87,960,17,14,9,40,8.832598827,103,400,42.72067452,10.23999938,8.553206608,9.068690407,443,15,517,25,458,542
27,1000,40,7.7,28,95,953,32,10,5,47,9.061000881,107,464,42.96189317,10.06259977,8.52967004,9.579730992,479,15,474,32,494,506
28,1000,40,7.7,28,93,946,37,8,9,54,8.690508911,127,450,42.52695062,10.72799683,8.078868739,9.290037397,476,19,470,35,495,505
34,1000,40,7.7,28,3,950,21,13,16,50,7.038655799,94,361,39.94374247,8.853422437,6.043667186,8.125233322,505,17,445,33,522,478
31,1000,40,7.7,28,71,950,30,7,13,50,8.80421045,116,412,42.07011201,10.15335228,8.653401921,8.959923321,484,24,466,26,508,492
30,1000,40,7.7,28,94,946,34,7,13,54,8.894662092,105,444,41.892376,10.0224621,8.750479859,9.040002416,476,26,470,28,502,498
33,1000,40,7.7,28,4,935,26,14,25,65,7.667793591,113,392,40.20167814,9.342963872,6.438538447,8.775525414,456,18,479,47,474,526
29,1000,40,7.7,28,88,958,19,14,9,42,8.866752803,106,433,42.75267982,10.25714785,8.581065077,9.108164202,443,15,515,27,458,542
32,1000,40,7.7,28,29,943,31,7,19,57,7.918161363,126,422,40.88700111,9.371906792,7.4083187,8.38130088,455,21,488,36,476,524
27,1000,40,7.7,28,96,954,30,11,5,46,9.082019017,99,413,42.9635313,10.09880034,8.544347107,9.606939814,479,15,475,31,494,506
28,1000,40,7.7,28,94,946,37,8,9,54,8.679606972,112,446,42.55011425,10.7566882,8.022872497,9.323336803,476,19,470,35,495,505
30,1000,40,7.7,28,95,945,34,8,13,55,8.914447662,123,419,41.90875652,10.04300868,8.768364818,9.061703861,475,27,470,28,502,498
34,1000,40,7.7,28,4,951,21,12,16,49,7.045016625,89,391,39.97906589,8.860510318,6.050998721,8.130534084,505,17,446,32,522,478
31,1000,40,7.7,28,72,949,30,8,13,51,8.799636314,99,444,42.09158833,10.16435056,8.628606502,8.97622807,483,25,466,26,508,492
33,1000,40,7.7,28,5,937,24,14,25,63,7.672255262,103,421,40.2309523,9.347414072,6.421474679,8.799384534,457,17,480,46,474,526
29,1000,40,7.7,28,89,958,18,16,8,42,8.876074822,115,434,42.80400068,10.27846107,8.60617685,9.104143588,443,15,515,27,458,542
27,1000,40,7.7,28,97,954,27,13,6,46,9.114063351,118,401,43.00077849,10.11046887,8.592186561,9.623563617,478,16,476,30,494,506
32,1000,40,7.7,28,30,942,33,6,19,58,7.96047694,104,424,40.9139606,9.381577208,7.460415964,8.414730803,454,22,488,36,476,524
28,1000,40,7.7,28,95,946,36,9,9,54,8.686342092,107,427,42.60079862,10.76026117,8.021163456,9.338348873,476,19,470,35,495,505
30,1000,40,7.7,28,96,946,33,8,13,54,8.947127718,117,404,41.91153591,10.04914672,8.848264875,9.046784639,475,27,471,27,502,498
34,1000,40,7.7,28,5,952,21,11,16,48,7.045195762,95,398,39.99644828,8.876335438,6.099565492,8.077871496,505,17,447,31,522,478
31,1000,40,7.7,28,73,950,29,9,12,50,8.828106478,105,438,42.12799307,10.18435596,8.66932508,8.992051499,483,25,467,25,508,492
33,1000,40,7.7,28,6,938,24,14,24,62,7.679231517,92,416,40.27006455,9.363423359,6.472172916,8.76696113,457,17,481,45,474,526
29,1000,40,7.7,28,90,957,19,16,8,43,8.878987263,111,411,42.81359794,10.29097253,8.615325616,9.101786218,443,15,514,28,458,542
27,1000,40,7.7,28,98,954,27,12,7,46,9.14877061,113,443,43.01132704,10.17547841,8.628168195,9.657026722,478,16,476,30,494,506
28,1000,40,7.7,28,96,946,35,10,9,54,8.70654386,117,426,42.62741391,10.76593059,8.048792076,9.351270856,477,18,469,36,495,505
32,1000,40,7.7,28,31,942,33,6,19,58,8.002271271,98,418,40.95462856,9.387329119,7.491892033,8.465898212,454,22,488,36,476,524
30,1000,40,7.7,28,97,946,32,9,13,54,8.965739937,98,447,41.93261247,10.08114432,8.872760895,9.059465798,475,27,471,27,502,498
34,1000,40,7.7,28,6,951,22,11,16,49,7.098658821,97,416,39.99962647,8.90141345,6.166158984,8.116995462,505,17,446,32,522,478
31,1000,40,7.7,28,74,950,28,9,13,50,8.840809469,111,447,42.18100715,10.2047649,8.689803372,8.996726334,483,25,467,25,508,492
33,1000,40,7.7,28,7,939,22,15,24,61,7.674609905,99,417,40.30938236,9.396824542,6.465092151,8.764555561,458,16,481,45,474,526
29,1000,40,7.7,28,91,958,18,16,8,42,8.885389135,87,448,42.83454428,10.30351068,8.641148313,9.091777135,443,15,515,27,458,542
27,1000,40,7.7,28,99,953,28,12,7,47,9.150796102,107,464,43.02697327,10.18793792,8.645357247,9.644248264,477,17,476,30,494,506
28,1000,40,7.7,28,97,947,35,11,7,53,8.700377874,107,446,42.66307933,10.78523576,8.006654704,9.380363952,477,18,470,35,495,505
30,1000,40,7.7,28,98,946,32,9,13,54,8.961613033,103,427,41.9601533,10.11091794,8.875440293,9.048477924,475,27,471,27,502,498
34,1000,40,7.7,28,7,951,22,11,16,49,7.095796216,93,401,40.03663148,8.900140972,6.157192553,8.120798543,505,17,446,32,522,478
32,1000,40,7.7,28,32,942,34,6,18,58,8.021325279,94,393,40.97377447,9.394351818,7.52982722,8.467800614,454,22,488,36,476,524
31,1000,40,7.7,28,75,952,27,9,12,48,8.82997429,106,431,42.19507006,10.23500698,8.650900629,9.014871485,485,23,467,25,508,492
33,1000,40,7.7,28,8,940,22,14,24,60,7.742306101,100,413,40.32258527,9.409105978,6.509152743,8.853550761,459,15,481,45,474,526
29,1000,40,7.7,28,92,958,18,15,9,42,8.905713898,108,454,42.87428118,10.30884555,8.693321189,9.085189656,443,15,515,27,458,542
27,1000,40,7.7,28,100,952,29,12,7,48,9.149042533,100,427,43.03414358,10.22424765,8.640657168,9.645371328,477,17,475,31,494,506
30,1000,40,7.7,28,99,947,33,9,11,53,8.955568471,107,450,41.98603831,10.13403269,8.882823098,9.028898143,475,27,472,26,502,498
28,1000,40,7.7,28,98,946,36,11,7,54,8.719757049,107,452,42.68745474,10.80661045,8.042045534,9.384048535,477,18,469,36,495,505
34,1000,40,7.7,28,8,950,24,10,16,50,7.103870245,102,421,40.06857821,8.917096611,6.159735648,8.134912629,505,17,445,33,522,478
31,1000,40,7.7,28,76,951,28,9,12,49,8.85046236,110,439,42.22764596,10.23884321,8.660295328,9.046813687,485,23,466,26,508,492
32,1000,40,7.7,28,33,941,35,6,18,59,8.039546234,93,426,41.0227686,9.41047098,7.548466216,8.485641823,454,22,487,37,476,524
33,1000,40,7.7,28,9,941,21,14,24,59,7.752440514,105,424,40.33573801,9.444352307,6.547792875,8.837997512,458,16,483,43,474,526
29,1000,40,7.7,28,93,959,18,14,9,41,8.906088833,133,426,42.92608283,10.334384,8.676270876,9.100289247,444,14,515,27,458,542
27,1000,40,7.7,28,101,951,30,12,7,49,9.171159594,112,398,43.06971277,10.24057025,8.620785841,9.708481005,477,17,474,32,494,506
30,1000,40,7.7,28,100,947,33,9,11,53,8.943920669,103,431,42.0085231,10.16467689,8.842538052,9.046117604,475,27,472,26,502,498
34,1000,40,7.7,28,9,951,25,9,15,49,7.084381365,103,416,40.10366712,8.94240225,6.139011217,8.116773033,505,17,446,32,522,478
28,1000,40,7.7,28,99,945,37,11,7,55,8.74121294,106,444,42.73123597,10.81903189,8.063418187,9.405586015,477,18,468,37,495,505
31,1000,40,7.7,28,77,949,30,9,12,51,8.879642268,108,443,42.22527827,10.27226806,8.699833733,9.065298234,485,23,464,28,508,492
33,1000,40,7.7,28,10,944,20,11,25,56,7.732067986,121,405,40.3633694,9.45682472,6.55836315,8.789741164,458,16,486,40,474,526
32,1000,40,7.7,28,34,941,37,6,16,59,8.048613361,102,437,41.03770166,9.422130861,7.558465331,8.493862335,453,23,488,36,476,524
29,1000,40,7.7,28,94,959,18,14,9,41,8.92978921,116,437,42.9448655,10.34432117,8.700808711,9.123281957,444,14,515,27,458,542
30,1000,40,7.7,28,101,948,32,9,11,52,8.943858088,98,443,42.02705119,10.1656471,8.85769967,9.030708542,476,26,472,26,502,498
34,1000,40,7.7,28,10,951,25,9,15,49,7.098232767,103,421,40.1339095,8.941786783,6.179084542,8.101988779,505,17,446,32,522,478
27,1000,40,7.7,28,102,951,29,13,7,49,9.208155255,116,430,43.11324956,10.25963738,8.63886714,9.763942466,477,17,474,32,494,506
28,1000,40,7.7,28,100,944,38,11,7,56,8.743783558,103,436,42.74933353,10.8459062,8.069994124,9.404230627,476,19,468,37,495,505
31,1000,40,7.7,28,78,949,30,9,12,51,8.855221594,101,448,42.21968124,10.29038013,8.677466874,9.038756955,484,24,465,27,508,492
33,1000,40,7.7,28,11,941,23,10,26,59,7.76611505,82,405,40.38820352,9.464983154,6.586949597,8.828709012,457,17,484,42,474,526
32,1000,40,7.7,28,35,942,36,6,16,58,8.06002909,89,384,41.09724907,9.430504884,7.577458519,8.498394723,453,23,489,35,476,524
34,1000,40,7.7,28,11,950,27,9,14,50,7.094643566,97,408,40.15103594,8.947066814,6.214169309,8.056165663,504,18,446,32,522,478
29,1000,40,7.7,28,95,959,18,14,9,41,8.937712635,105,450,42.95058133,10.33830764,8.74766878,9.098303198,444,14,515,27,458,542
30,1000,40,7.7,28,102,951,30,8,11,49,8.928343403,137,443,42.05608611,10.17973348,8.879938424,8.977137177,476,26,475,23,502,498
27,1000,40,7.7,28,103,951,28,14,7,49,9.212591045,122,430,43.13146797,10.28640645,8.65480235,9.75715155,477,17,474,32,494,506
28,1000,40,7.7,28,101,941,41,11,7,59,8.767990538,100,419,42.76583751,10.85215011,8.074377169,9.447868988,476,19,465,40,495,505
31,1000,40,7.7,28,79,949,29,10,12,51,8.884963435,116,403,42.26403647,10.32704982,8.718183866,9.05716673,484,24,465,27,508,492
33,1000,40,7.7,28,12,938,26,10,26,62,7.802466912,100,412,40.41750753,9.488649131,6.629489751,8.859484354,456,18,482,44,474,526
34,1000,40,7.7,28,12,951,26,9,14,49,7.090558461,100,383,40.17836109,8.962946405,6.209507136,8.052710745,504,18,447,31,522,478
29,1000,40,7.7,28,96,958,19,14,9,42,8.934004091,98,429,42.95591739,10.35776143,8.731794905,9.104874584,444,14,514,28,458,542
30,1000,40,7.7,28,103,951,30,8,11,49,8.97388966,112,439,42.07275486,10.1925721,8.931043717,9.017079748,476,26,475,23,502,498
27,1000,40,7.7,28,104,949,29,14,8,51,9.250357503,114,427,43.15784891,10.3027574,8.687679039,9.799691813,476,18,473,33,494,506
35,1000,40,7.7,28,0,934,40,12,14,66,7.325,97,402,40.08213679,9.107736706,6.288537549,8.386639676,486,20,448,46,506,494
32,1000,40,7.7,28,36,944,34,6,16,56,8.087464519,105,431,41.1023392,9.442729524,7.597183028,8.532834728,453,23,491,33,476,524
28,1000,40,7.7,28,102,941,41,12,6,59,8.790083194,111,428,42.78801614,10.85728623,8.103603803,9.462968934,476,19,465,40,495,505
33,1000,40,7.7,28,13,941,24,11,24,59,7.798809352,91,387,40.44421628,9.500409947,6.666443325,8.819230449,457,17,484,42,474,526
34,1000,40,7.7,28,13,951,26,9,14,49,7.121962902,102,404,40.22861375,8.958888322,6.231603508,8.094280063,504,18,447,31,522,478
31,1000,40,7.7,28,80,949,29,10,12,51,8.896094523,112,406,42.27332273,10.3378529,8.719905225,9.078013554,484,24,465,27,508,492
30,1000,40,7.7,28,104,950,32,8,10,50,8.956459079,117,425,42.13368107,10.22131062,8.905568856,9.007758059,475,27,475,23,502,498
36,1000,40,7.7,28,0,949,19,12,20,51,7.16,92,444,39.8916419,8.700872712,6.58,7.74,482,18,467,33,500,500
29,1000,40,7.7,28,97,958,19,14,9,42,8.945071141,97,433,42.98199354,10.35657814,8.740171196,9.118215375,445,13,513,29,458,542
35,1000,40,7.7,28,1,934,40,12,14,66,7.321534248,98,407,40.11478125,9.132134348,6.274664759,8.393833765,486,20,448,46,506,494
32,1000,40,7.7,28,37,945,33,6,16,55,8.106395935,94,448,41.1194359,9.445390126,7.649307044,8.521614089,453,23,492,32,476,524
28,1000,40,7.7,28,103,941,41,12,6,59,8.80070801,101,416,42.77963445,10.87626753,8.118989383,9.468927258,476,19,465,40,495,505
34,1000,40,7.7,28,14,951,27,9,13,49,7.155286922,95,383,40.2380723,8.966740676,6.285008219,8.105674962,504,18,447,31,522,478
33,1000,40,7.7,28,14,941,24,11,24,59,7.800162139,112,405,40.45946681,9.517485348,6.671774263,8.816998362,457,17,484,42,474,526
31,1000,40,7.7,28,81,947,31,10,12,53,8.912177247,105,406,42.29383905,10.3471092,8.752707759,9.076832734,483,25,464,28,508,492
29,1000,40,7.7,28,98,959,19,13,9,41,8.972504476,116,432,43.03063008,10.36428975,8.733277127,9.174656,446,12,513,29,458,542
36,1000,40,7.7,28,1,951,18,11,20,49,7.116715805,97,386,39.92093212,8.724264753,6.531382864,7.702048745,484,16,467,33,500,500
35,1000,40,7.7,28,2,934,40,12,14,66,7.33955009,90,402,40.13772515,9.153762217,6.292445617,8.4120903,486,20,448,46,506,494
28,1000,40,7.7,28,104,940,41,13,6,60,8.83702414,124,441,42.79305442,10.88006666,8.147143138,9.513244131,476,19,464,41,495,505
37,1000,40,7.7,28,0,944,34,7,15,56,7.194,87,392,40.08555441,8.873925111,6.319672131,8.02734375,470,18,474,38,488,512
32,1000,40,7.7,28,38,945,33,6,16,55,8.108307728,86,395,41.14871319,9.455860425,7.668996217,8.507376964,453,23,492,32,476,524
34,1000,40,7.7,28,15,951,27,9,13,49,7.179488278,94,397,40.26630773,8.963348206,6.305235042,8.134216708,504,18,447,31,522,478
33,1000,40,7.7,28,15,943,24,10,23,57,7.804174966,87,368,40.48746916,9.555720447,6.701302149,8.798018531,457,17,486,40,474,526
31,1000,40,7.7,28,82,947,31,10,12,53,8.907370811,114,428,42.33016873,10.36627285,8.756802396,9.06283576,483,25,464,28,508,492
29,1000,40,7.7,28,99,959,19,13,9,41,9.010486816,105,447,43.0649113,10.39482028,8.787351917,9.199039922,447,11,512,30,458,542
36,1000,40,7.7,28,2,952,19,10,19,48,7.093861006,110,390,39.92970984,8.737715493,6.551391667,7.636330345,484,16,468,32,500,500
35,1000,40,7.7,28,3,935,39,13,13,65,7.328772352,108,402,40.16945247,9.162730681,6.296333045,8.386291157,486,20,449,45,506,494
37,1000,40,7.7,28,1,944,33,8,15,56,7.215786456,85,415,40.13086598,8.889572898,6.368884752,8.022989642,471,17,473,39,488,512
34,1000,40,7.7,28,16,951,27,9,13,49,7.209655708,71,407,40.31159409,8.996417044,6.32256985,8.178398005,504,18,447,31,522,478
32,1000,40,7.7,28,39,945,34,6,15,55,8.090498274,97,400,41.1652901,9.467838826,7.691400853,8.453037154,453,23,492,32,476,524
33,1000,40,7.7,28,16,943,24,10,23,57,7.801146369,92,429,40.50600917,9.568399071,6.731754436,8.764818948,457,17,486,40,474,526
31,1000,40,7.7,28,83,947,31,10,12,53,8.928468513,94,419,42.36093879,10.3977581,8.783129239,9.078534267,483,25,464,28,508,492
29,1000,40,7.7,28,100,958,20,13,9,42,9.024579256,114,429,43.11484235,10.41732008,8.82485213,9.193352362,446,12,512,30,458,542
36,1000,40,7.7,28,3,952,18,11,19,48,7.116144623,91,401,39.94499972,8.740525433,6.59554784,7.636741406,484,16,468,32,500,500
35,1000,40,7.7,28,4,938,36,13,13,62,7.346202933,96,400,40.2054014,9.180786907,6.307570773,8.410065024,488,18,450,44,506,494
37,1000,40,7.7,28,2,946,32,8,14,54,7.226150495,103,408,40.18126635,8.910189734,6.361068311,8.050681952,472,16,474,38,488,512
34,1000,40,7.7,28,17,951,28,9,12,49,7.225902006,98,404,40.35183299,9.021489818,6.34383112,8.189167701,504,18,447,31,522,478
32,1000,40,7.7,28,40,945,34,6,15,55,8.115336653,90,452,41.18229906,9.463618692,7.70720799,8.486079484,453,23,492,32,476,524
33,1000,40,7.7,28,17,945,24,9,22,55,7.789426457,102,423,40.53252399,9.578411743,6.728333385,8.745620594,457,17,488,38,474,526
31,1000,40,7.7,28,84,947,30,11,12,53,8.959929347,111,413,42.39801313,10.40327529,8.77343925,9.152484164,483,25,464,28,508,492
29,1000,40,7.7,28,101,957,20,14,9,43,9.050758933,114,425,43.1595596,10.42970417,8.885569615,9.190346955,445,13,512,30,458,542
36,1000,40,7.7,28,4,952,18,11,19,48,7.163428097,95,423,39.96074469,8.768072699,6.688621657,7.638234537,484,16,468,32,500,500
35,1000,40,7.7,28,5,938,36,12,14,62,7.389681349,92,448,40.25203539,9.192417105,6.316792136,8.488632649,487,19,451,43,506,494
34,1000,40,7.7,28,18,951,28,9,12,49,7.268948242,107,424,40.36674369,9.039351725,6.393806887,8.224646542,504,18,447,31,522,478
37,1000,40,7.7,28,3,945,33,8,14,55,7.247640736,102,368,40.19155842,8.912181034,6.414281445,8.04193631,470,18,475,37,488,512
33,1000,40,7.7,28,18,946,23,9,22,54,7.824605003,89,427,40.55136876,9.611088958,6.786257512,8.760302171,457,17,489,37,474,526
32,1000,40,7.7,28,41,946,30,8,16,54,8.138188895,91,442,41.19301855,9.481634465,7.716576287,8.521180501,454,22,492,32,476,524
31,1000,40,7.7,28,85,946,31,11,12,54,8.965677646,112,424,42.43265713,10.42405806,8.817957457,9.118201743,481,27,465,27,508,492
29,1000,40,7.7,28,102,955,22,14,9,45,9.092224656,108,469,43.20234144,10.44839798,8.945997592,9.215789223,444,14,511,31,458,542
36,1000,40,7.7,28,5,954,17,10,19,46,7.190800191,104,401,39.99397135,8.784381565,6.733129378,7.648471003,485,15,469,31,500,500
35,1000,40,7.7,28,6,940,34,12,14,60,7.373648066,105,408,40.28759866,9.202514532,6.333224998,8.439344569,487,19,453,41,506,494
34,1000,40,7.7,28,19,951,28,9,12,49,7.308172002,91,396,40.38059278,9.048773735,6.45985231,8.234579698,504,18,447,31,522,478
37,1000,40,7.7,28,4,949,30,7,14,51,7.230029435,92,422,40.22370633,8.936935844,6.450347741,7.97316355,470,18,479,33,488,512
33,1000,40,7.7,28,19,946,23,9,22,54,7.848094051,104,402,40.56194158,9.631164772,6.83853081,8.757852561,457,17,489,37,474,526
31,1000,40,7.7,28,86,946,31,11,12,54,8.979673307,121,433,42.48391083,10.43205416,8.831748719,9.132408451,481,27,465,27,508,492
29,1000,40,7.7,28,103,955,22,14,9,45,9.096599809,108,418,43.22302816,10.47721647,8.933789691,9.234177362,444,14,511,31,458,542
32,1000,40,7.7,28,42,946,30,8,16,54,8.156045882,99,413,41.21880434,9.476253477,7.720113533,8.552045497,454,22,492,32,476,524
36,1000,40,7.7,28,6,955,17,9,19,45,7.204308515,74,419,40.03205447,8.790595517,6.734160851,7.674456178,485,15,470,30,500,500
34,1000,40,7.7,28,20,951,28,8,13,49,7.306863089,81,408,40.39540013,9.070583287,6.470775802,8.219912385,504,18,447,31,522,478
35,1000,40,7.7,28,7,941,34,11,14,59,7.385346862,109,418,40.33223382,9.229688761,6.34667927,8.449245245,488,18,453,41,506,494
37,1000,40,7.7,28,5,950,29,7,14,50,7.225597571,87,402,40.25687632,8.964883501,6.415543707,7.99768016,471,17,479,33,488,512
33,1000,40,7.7,28,20,947,22,9,22,53,7.840506471,99,410,40.57575983,9.657573037,6.833712396,8.747769573,457,17,490,36,474,526
31,1000,40,7.7,28,87,946,32,11,11,54,8.992201436,122,419,42.4881812,10.44998053,8.854203828,9.134686772,480,28,466,26,508,492
29,1000,40,7.7,28,104,955,22,14,9,45,9.12921477,120,464,43.26830329,10.49539281,8.95551133,9.275997382,444,14,511,31,458,542
38,1000,40,7.7,28,0,949,25,9,17,51,7.092,114,361,40.05917965,8.779509947,6.154598826,8.071574642,497,14,452,37,511,489
36,1000,40,7.7,28,7,956,15,9,20,44,7.196932275,111,396,40.0377984,8.803394727,6.732656657,7.661207893,485,15,471,29,500,500
34,1000,40,7.7,28,21,951,28,8,13,49,7.315357505,103,424,40.42543914,9.099978412,6.502443529,8.203100383,504,18,447,31,522,478
32,1000,40,7.7,28,43,946,30,8,16,54,8.202305951,99,433,41.2444847,9.496215796,7.761266082,8.602945222,454,22,492,32,476,524
37,1000,40,7.7,28,6,950,30,7,13,50,7.208039896,90,410,40.28541823,8.971687081,6.373791415,8.003182979,470,18,480,32,488,512
35,1000,40,7.7,28,8,943,32,11,14,57,7.426915786,92,408,40.35644168,9.227725606,6.38441478,8.494740704,489,17,454,40,506,494
33,1000,40,7.7,28,21,948,23,9,20,52,7.801727956,92,397,40.63252488,9.666223528,6.769896661,8.731553115,458,16,490,36,474,526
31,1000,40,7.7,28,88,944,34,11,11,56,9.016542836,100,469,42.51414472,10.4596804,8.899144921,9.13775857,479,29,465,27,508,492
38,1000,40,7.7,28,1,947,27,9,17,53,7.152510431,84,394,40.09259306,8.803151549,6.228104639,8.118505033,496,15,451,38,511,489
34,1000,40,7.7,28,22,951,28,7,14,49,7.357258978,99,441,40.44358004,9.093993831,6.561239477,8.22655224,504,18,447,31,522,478
36,1000,40,7.7,28,8,955,17,9,19,45,7.211619742,94,415,40.07413369,8.82292197,6.746062897,7.677176586,485,15,470,30,500,500
37,1000,40,7.7,28,7,951,29,7,13,49,7.267056528,94,395,40.31790751,8.999411846,6.443338889,8.052162403,471,17,480,32,488,512
32,1000,40,7.7,28,44,947,29,8,16,53,8.210529775,107,422,41.28385024,9.524748692,7.800776291,8.582748588,454,22,493,31,476,524
35,1000,40,7.7,28,9,944,28,14,14,56,7.443793947,99,438,40.39204111,9.222790963,6.364122568,8.549692161,489,17,455,39,506,494
33,1000,40,7.7,28,22,949,22,9,20,51,7.820330209,79,417,40.69422444,9.680846332,6.773790495,8.763409723,458,16,491,35,474,526
31,1000,40,7.7,28,89,944,34,11,11,56,9.033039149,108,411,42.53089456,10.46484747,8.903645527,9.166640695,480,28,464,28,508,492
34,1000,40,7.7,28,23,951,28,7,14,49,7.414266391,115,415,40.46538152,9.104615492,6.614685968,8.287448358,504,18,447,31,522,478
37,1000,40,7.7,28,8,954,25,8,13,46,7.264711041,104,384,40.33733299,9.009604423,6.413088679,8.076413604,473,15,481,31,488,512
36,1000,40,7.7,28,9,955,17,9,19,45,7.223577572,76,424,40.10358305,8.81425871,6.731653011,7.715502133,486,14,469,31,500,500
38,1000,40,7.7,28,2,949,25,9,17,51,7.158969618,77,399,40.12834858,8.796600507,6.21232115,8.148207587,498,13,451,38,511,489
35,1000,40,7.7,28,10,944,28,13,15,56,7.4781391,83,426,40.40555831,9.238533551,6.382227582,8.60067195,489,17,455,39,506,494
32,1000,40,7.7,28,45,946,30,8,16,54,8.26392892,92,450,41.34139863,9.537733375,7.84745849,8.642249387,454,22,492,32,476,524
37,1000,40,7.7,28,9,952,26,9,13,48,7.288171765,91,430,40.36811892,9.022995822,6.428593162,8.107457621,471,17,481,31,488,512
34,1000,40,7.7,28,24,951,27,7,15,49,7.43895049,80,403,40.5001626,9.126765052,6.663434402,8.285852996,504,18,447,31,522,478
31,1000,40,7.7,28,90,942,36,11,11,58,9.046576724,139,403,42.54705445,10.46798482,8.918654752,9.17865876,479,29,463,29,508,492
33,1000,40,7.7,28,23,952,20,8,20,48,7.784585841,102,437,40.71852213,9.698379661,6.692710537,8.7685191,459,15,493,33,474,526
36,1000,40,7.7,28,10,956,16,9,19,44,7.205581661,98,399,40.135322,8.819035136,6.746529154,7.664634168,485,15,471,29,500,500
38,1000,40,7.7,28,3,949,25,9,17,51,7.180026878,100,388,40.16640561,8.823044466,6.245575199,8.156519327,498,13,451,38,511,489
32,1000,40,7.7,28,46,947,30,7,16,53,8.269804677,97,398,41.39399791,9.552161086,7.872006759,8.63116309,454,22,493,31,476,524
35,1000,40,7.7,28,11,942,30,13,15,58,7.502150953,94,406,40.43457961,9.236113769,6.432835641,8.597441535,488,18,454,40,506,494
37,1000,40,7.7,28,10,953,25,9,13,47,7.318801945,104,435,40.38937174,9.02631678,6.464506214,8.133052563,472,16,481,31,488,512
34,1000,40,7.7,28,25,950,28,7,15,50,7.436520913,89,395,40.50853672,9.136874195,6.643396481,8.302652614,504,18,446,32,522,478
33,1000,40,7.7,28,24,951,21,8,20,49,7.811683784,112,411,40.73750672,9.712420117,6.726453917,8.78962857,459,15,492,34,474,526
31,1000,40,7.7,28,91,943,35,11,11,57,9.085295961,127,424,42.58233021,10.4726366,8.959015553,9.215683049,480,28,463,29,508,492
36,1000,40,7.7,28,11,957,16,8,19,43,7.200868412,86,374,40.17450362,8.83901549,6.72720304,7.674533784,485,15,472,28,500,500
38,1000,40,7.7,28,4,949,25,9,17,51,7.199162569,87,388,40.19100526,8.833122675,6.317704317,8.120277429,498,13,451,38,511,489
35,1000,40,7.7,28,12,942,29,13,16,58,7.534776047,106,408,40.46449677,9.257946818,6.468391531,8.627064641,488,18,454,40,506,494
37,1000,40,7.7,28,11,953,25,9,13,47,7.330106464,79,388,40.41086833,9.058069068,6.511037675,8.110781403,471,17,482,30,488,512
32,1000,40,7.7,28,47,947,29,8,16,53,8.284364712,106,426,41.40687417,9.576305282,7.879624044,8.652029898,454,22,493,31,476,524
34,1000,40,7.7,28,26,951,28,7,14,49,7.462295388,109,400,40.52615516,9.130825137,6.650335811,8.348996014,505,17,446,32,522,478
33,1000,40,7.7,28,25,950,22,8,20,50,7.820205452,111,403,40.75561782,9.732667487,6.757427269,8.77791811,458,16,492,34,474,526
31,1000,40,7.7,28,92,943,36,9,12,57,9.092690504,116,414,42.61086605,10.51076434,8.988685558,9.200077725,480,28,463,29,508,492
36,1000,40,7.7,28,12,958,17,8,17,42,7.233206984,112,430,40.17947151,8.848257677,6.784323831,7.682090138,485,15,473,27,500,500
38,1000,40,7.7,28,5,949,25,9,17,51,7.217768588,100,428,40.20447665,8.837875298,6.349245571,8.125366261,498,13,451,38,511,489
37,1000,40,7.7,28,12,957,23,7,13,43,7.332727139,92,422,40.40358836,9.075884858,6.487624118,8.138215955,472,16,485,27,488,512
35,1000,40,7.7,28,13,943,27,14,16,57,7.538648102,88,375,40.49416584,9.242800494,6.455712145,8.647890195,488,18,455,39,506,494
34,1000,40,7.7,28,27,950,29,7,14,50,7.479215968,104,403,40.55330805,9.121343167,6.666018592,8.367268332,504,18,446,32,522,478
32,1000,40,7.7,28,48,947,29,8,16,53,8.311046735,104,411,41.44033767,9.594321417,7.884630844,8.698401628,455,21,492,32,476,524
33,1000,40,7.7,28,26,949,23,8,20,51,7.875501427,94,408,40.77138003,9.74512838,6.811833559,8.834015818,457,17,492,34,474,526
31,1000,40,7.7,28,93,940,40,9,11,60,9.117351673,104,427,42.65716366,10.54173221,8.994998293,9.243684025,480,28,460,32,508,492
36,1000,40,7.7,28,13,958,18,8,16,42,7.281830088,98,412,40.19139236,8.848568102,6.82039832,7.743261856,484,16,474,26,500,500
38,1000,40,7.7,28,6,950,25,9,16,50,7.219271545,100,423,40.23296658,8.859387536,6.364890589,8.112090909,498,13,452,37,511,489
37,1000,40,7.7,28,13,958,22,7,13,42,7.334842585,100,386,40.4250087,9.100987664,6.495433023,8.134904823,472,16,486,26,488,512
34,1000,40,7.7,28,28,952,28,6,14,48,7.470597786,87,405,40.57460119,9.126693267,6.699911953,8.312225413,504,18,448,30,522,478
35,1000,40,7.7,28,14,944,26,13,17,56,7.596118017,98,405,40.53223551,9.234276244,6.511868674,8.706705401,489,17,455,39,506,494
32,1000,40,7.7,28,49,947,29,8,16,53,8.327334905,116,434,41.45588034,9.62822915,7.928381116,8.689743309,455,21,492,32,476,524
33,1000,40,7.7,28,27,949,23,8,20,51,7.896833887,115,424,40.78531254,9.76511956,6.830962975,8.857333531,457,17,492,34,474,526
36,1000,40,7.7,28,14,958,18,8,16,42,7.27651814,101,434,40.19346316,8.869723465,6.834840331,7.718195948,484,16,474,26,500,500
31,1000,40,7.7,28,94,941,39,9,11,59,9.113614577,113,438,42.68419739,10.56567918,8.988614403,9.242679797,481,27,460,32,508,492
37,1000,40,7.7,28,14,959,21,7,13,41,7.368200298,102,394,40.43149261,9.106398267,6.502668387,8.193160401,473,15,486,26,488,512
38,1000,40,7.7,28,7,950,25,9,16,50,7.252751802,98,425,40.25375334,8.861338394,6.369323305,8.175925548,498,13,452,37,511,489
34,1000,40,7.7,28,29,953,28,6,13,47,7.460186181,81,401,40.59073745,9.142641771,6.737484658,8.24941253,504,18,449,29,522,478
35,1000,40,7.7,28,15,943,27,14,16,57,7.628192475,87,415,40.565858,9.270569952,6.533375829,8.749603858,489,17,454,40,506,494
33,1000,40,7.7,28,28,948,25,6,21,52,7.912322845,104,432,40.81019437,9.78840231,6.836941122,8.881393067,457,17,491,35,474,526
36,1000,40,7.7,28,15,958,18,8,16,42,7.350559565,95,414,40.20349382,8.886557975,6.869070894,7.832048236,484,16,474,26,500,500
32,1000,40,7.7,28,50,947,29,8,16,53,8.385251925,99,450,41.48111779,9.640061495,7.981031637,8.752444401,455,21,492,32,476,524
31,1000,40,7.7,28,95,941,37,11,11,59,9.161492964,109,442,42.73337118,10.55062906,9.034545737,9.292568556,481,27,460,32,508,492
37,1000,40,7.7,28,15,958,23,7,12,42,7.426617763,84,399,40.47287204,9.110501807,6.585624717,8.22818926,472,16,486,26,488,512
38,1000,40,7.7,28,8,948,27,9,16,52,7.312915104,106,405,40.2649621,8.86711076,6.452085308,8.212473439,497,14,451,38,511,489
34,1000,40,7.7,28,30,954,27,6,13,46,7.459627728,109,409,40.59444896,9.163832788,6.761917797,8.221562005,505,17,449,29,522,478
35,1000,40,7.7,28,16,944,26,14,16,56,7.64550796,102,377,40.60617771,9.29304126,6.599695483,8.716724789,489,17,455,39,506,494
33,1000,40,7.7,28,29,949,25,6,20,51,7.932114269,109,420,40.82131014,9.812066444,6.897553942,8.86439867,457,17,492,34,474,526
36,1000,40,7.7,28,16,959,17,8,16,41,7.362469378,96,399,40.22055217,8.915265503,6.890926535,7.83401222,484,16,475,25,500,500
37,1000,40,7.7,28,16,959,22,7,12,41,7.411107257,99,407,40.51366415,9.126932767,6.590712033,8.193046455,472,16,487,25,488,512
31,1000,40,7.7,28,96,940,37,12,11,60,9.193783842,115,434,42.74490394,10.54909839,9.077408564,9.313943682,480,28,460,32,508,492
32,1000,40,7.7,28,51,946,30,8,16,54,8.401718062,103,425,41.54107206,9.663190786,7.994375456,8.77174684,454,22,492,32,476,524
34,1000,40,7.7,28,31,954,27,6,13,46,7.49342073,86,408,40.63276287,9.167573118,6.793495329,8.257774411,505,17,449,29,522,478
38,1000,40,7.7,28,9,949,27,9,15,51,7.334443335,82,397,40.2972114,8.883559383,6.46968375,8.23810826,497,14,452,37,511,489
35,1000,40,7.7,28,17,944,27,14,15,56,7.655219821,105,389,40.62034419,9.33266105,6.582963513,8.753522841,489,17,455,39,506,494
37,1000,40,7.7,28,17,960,21,7,12,40,7.415533756,112,379,40.53061978,9.152442288,6.605139039,8.187941221,472,16,488,24,488,512
33,1000,40,7.7,28,30,949,26,6,19,51,7.910521382,103,397,40.83400741,9.805880885,6.887351902,8.832541027,457,17,492,34,474,526
36,1000,40,7.7,28,17,959,17,8,16,41,7.408581467,103,410,40.24241462,8.943153311,6.935879307,7.881283627,485,15,474,26,500,500
34,1000,40,7.7,28,32,954,27,6,13,46,7.528429758,103,385,40.68941519,9.179723381,6.83769133,8.282750803,505,17,449,29,522,478
31,1000,40,7.7,28,97,938,40,12,10,62,9.213072748,128,439,42.74455326,10.57381283,9.122707971,9.306376218,478,30,460,32,508,492
32,1000,40,7.7,28,52,946,30,8,16,54,8.44125678,93,418,41.58530141,9.647511668,8.055379372,8.79178664,454,22,492,32,476,524
38,1000,40,7.7,28,10,950,25,10,15,50,7.391779026,97,382,40.34676622,8.910432031,6.544825994,8.276836284,497,14,453,36,511,489
35,1000,40,7.7,28,18,943,27,15,15,57,7.72484303,85,418,40.64772627,9.353560355,6.621910407,8.854567538,489,17,454,40,506,494
37,1000,40,7.7,28,18,961,20,7,12,39,7.435823713,99,398,40.57153222,9.158941531,6.594257056,8.237941932,472,16,489,23,488,512
33,1000,40,7.7,28,31,950,25,6,19,50,7.9527539,87,436,40.85980864,9.814645815,6.899806331,8.901607792,458,16,492,34,474,526
36,1000,40,7.7,28,18,958,18,7,17,42,7.427364927,105,395,40.26142481,8.949099995,6.964360471,7.890369384,484,16,474,26,500,500
34,1000,40,7.7,28,33,954,27,6,13,46,7.53691512,102,438,40.70394361,9.169944965,6.851174202,8.285778633,505,17,449,29,522,478
31,1000,40,7.7,28,98,939,39,12,10,61,9.214467607,109,456,42.75470918,10.61486368,9.158424599,9.272333151,478,30,461,31,508,492
38,1000,40,7.7,28,11,950,25,10,15,50,7.431736614,101,418,40.35189352,8.935357504,6.587477643,8.313978607,497,14,453,36,511,489
32,1000,40,7.7,28,53,945,31,8,16,55,8.470442556,93,419,41.60295007,9.643988132,8.059235612,8.843981689,454,22,491,33,476,524
37,1000,40,7.7,28,19,961,20,7,12,39,7.43675303,94,401,40.60469838,9.161541764,6.58841936,8.24532106,473,15,488,24,488,512
35,1000,40,7.7,28,19,944,27,15,14,56,7.744359012,95,397,40.69704842,9.365951673,6.707784034,8.80611395,489,17,455,39,506,494
33,1000,40,7.7,28,32,952,24,5,19,48,7.941298149,111,431,40.88978251,9.826503758,6.921804567,8.860005294,457,17,495,31,474,526
34,1000,40,7.7,28,34,952,28,7,13,48,7.580965495,94,435,40.74382336,9.168273675,6.872186477,8.35498777,505,17,447,31,522,478
36,1000,40,7.7,28,19,958,17,8,17,42,7.435416981,101,414,40.27369885,8.949976282,6.988203372,7.88263059,484,16,474,26,500,500
31,1000,40,7.7,28,99,937,40,13,10,63,9.250125799,101,444,42.79544578,10.62618674,9.228828132,9.272116074,476,32,461,31,508,492
38,1000,40,7.7,28,12,950,25,10,15,50,7.447952826,109,420,40.36741852,8.943251005,6.618268657,8.314964299,497,14,453,36,511,489
37,1000,40,7.7,28,20,961,20,7,12,39,7.487168906,93,404,40.63140775,9.170562656,6.660192086,8.275381186,473,15,488,24,488,512
32,1000,40,7.7,28,54,944,32,7,17,56,8.527976985,114,444,41.62205334,9.668617763,8.098403005,8.918200676,454,22,490,34,476,524
35,1000,40,7.7,28,20,943,28,15,14,57,7.798763266,84,426,40.69688967,9.370663059,6.771843439,8.850628514,488,18,455,39,506,494
34,1000,40,7.7,28,35,953,27,7,13,47,7.608122468,106,420,40.76252099,9.198996696,6.900421279,8.380967699,505,17,448,30,522,478
33,1000,40,7.7,28,33,952,25,5,18,48,7.957194542,96,427,40.89218787,9.845114873,6.957860675,8.857734947,457,17,495,31,474,526
36,1000,40,7.7,28,20,958,17,8,17,42,7.456084046,83,439,40.30505194,8.960033855,7.009616497,7.902551595,484,16,474,26,500,500
31,1000,40,7.7,28,100,936,40,14,10,64,9.334814214,112,446,42.81742311,10.66583417,9.308027775,9.362471757,474,34,462,30,508,492
38,1000,40,7.7,28,13,950,25,10,15,50,7.48423392,87,411,40.4169463,8.951238007,6.665084542,8.340236645,497,14,453,36,511,489
37,1000,40,7.7,28,21,960,20,8,12,40,7.524607247,94,418,40.64528796,9.175758237,6.7094798,8.301525595,472,16,488,24,488,512
35,1000,40,7.7,28,21,942,29,15,14,58,7.874911335,101,414,40.72413769,9.372845487,6.853653482,8.92097707,487,19,455,39,506,494
34,1000,40,7.7,28,36,954,25,8,13,46,7.630120505,108,407,40.77381868,9.201669458,6.966908174,8.354381671,505,17,449,29,522,478
32,1000,40,7.7,28,55,943,34,7,16,57,8.561464071,79,457,41.64486621,9.685038586,8.147081854,8.937887612,454,22,489,35,476,524
33,1000,40,7.7,28,34,951,27,6,16,49,7.954568469,105,439,40.93154221,9.856567407,6.963469025,8.8476885,457,17,494,32,474,526
36,1000,40,7.7,28,21,960,15,7,18,40,7.488207523,90,399,40.33574419,8.967083042,7.041636772,7.934778275,486,14,474,26,500,500
31,1000,40,7.7,28,101,938,38,14,10,62,9.347163754,133,408,42.83174411,10.69440667,9.304413425,9.391304337,475,33,463,29,508,492
37,1000,40,7.7,28,22,958,21,9,12,42,7.576452211,82,390,40.67796296,9.193551498,6.736052971,8.377457736,471,17,487,25,488,512
38,1000,40,7.7,28,14,951,22,12,15,49,7.47314308,108,418,40.41729092,8.943301162,6.680951324,8.300975364,497,14,454,35,511,489
34,1000,40,7.7,28,37,954,24,9,13,46,7.691345006,81,385,40.79852246,9.222067409,7.021112027,8.423273072,505,17,449,29,522,478
35,1000,40,7.7,28,22,942,29,15,14,58,7.917657116,101,411,40.74908604,9.40904363,6.889799691,8.970482737,488,18,454,40,506,494
33,1000,40,7.7,28,35,951,27,7,15,49,7.916864797,108,405,40.94344452,9.868012406,6.988403528,8.75353902,457,17,494,32,474,526
32,1000,40,7.7,28,56,944,33,7,16,56,8.553334008,111,418,41.67719782,9.713489235,8.145325309,8.923967865,454,22,490,34,476,524
36,1000,40,7.7,28,22,961,15,7,17,39,7.500930026,107,413,40.35577332,8.973295781,7.046372345,7.955487707,487,13,474,26,500,500
31,1000,40,7.7,28,102,938,37,15,10,62,9.347511392,116,435,42.85770717,10.71446315,9.312498636,9.383662774,475,33,463,29,508,492
37,1000,40,7.7,28,23,958,20,10,12,42,7.608797445,94,383,40.69901046,9.204043174,6.784739807,8.394227381,471,17,487,25,488,512
38,1000,40,7.7,28,15,952,22,10,16,48,7.507734413,82,403,40.44845729,8.958762955,6.731398843,8.318997146,497,14,455,34,511,489
34,1000,40,7.7,28,38,954,24,9,13,46,7.697653527,96,436,40.82810064,9.234500439,7.041882159,8.413788787,505,17,449,29,522,478
35,1000,40,7.7,28,23,940,31,16,13,60,7.931082947,94,381,40.77647778,9.423844416,6.95922796,8.926545747,487,19,453,41,506,494
33,1000,40,7.7,28,36,950,27,8,15,50,7.942729761,109,403,40.97256114,9.879577592,7.021813168,8.772605169,457,17,493,33,474,526
36,1000,40,7.7,28,23,961,15,7,17,39,7.546973873,103,423,40.37384609,8.985916546,7.072960951,8.020986796,487,13,474,26,500,500
32,1000,40,7.7,28,57,944,33,7,16,56,8.596097712,97,421,41.68422871,9.69845731,8.18215864,8.9721187,454,22,490,34,476,524
37,1000,40,7.7,28,24,958,20,10,12,42,7.627511469,86,414,40.72631633,9.241214629,6.772354739,8.442582728,471,17,487,25,488,512
31,1000,40,7.7,28,103,937,38,15,10,63,9.352869945,112,438,42.88471723,10.72473988,9.292170244,9.415543619,475,33,462,30,508,492
38,1000,40,7.7,28,16,951,24,10,15,49,7.534291064,104,426,40.47825181,8.965980378,6.788141739,8.31400948,496,15,455,34,511,489
34,1000,40,7.7,28,39,954,24,10,12,46,7.709764471,87,394,40.86546666,9.254961957,7.039646399,8.441567053,505,17,449,29,522,478
35,1000,40,7.7,28,24,941,30,16,13,59,7.970441143,91,411,40.7883649,9.461964198,7.006101566,8.958205972,488,18,453,41,506,494
33,1000,40,7.7,28,37,950,27,8,15,50,7.953808515,115,417,41.01854886,9.893033234,7.024164119,8.791548902,457,17,493,33,474,526
36,1000,40,7.7,28,24,960,16,8,16,40,7.569367059,92,431,40.38823708,9.007998965,7.093370258,8.045363859,487,13,473,27,500,500
37,1000,40,7.7,28,25,958,20,10,12,42,7.623273151,96,410,40.72063693,9.255810655,6.768317757,8.438152511,471,17,487,25,488,512
31,1000,40,7.7,28,104,933,40,17,10,67,9.403131433,105,436,42.91020526,10.74458751,9.332410838,9.476151885,474,34,459,33,508,492
32,1000,40,7.7,28,58,945,32,7,16,55,8.589365009,100,430,41.6970779,9.70090388,8.130755959,9.005964069,455,21,490,34,476,524
39,1000,40,7.7,28,0,953,20,16,11,47,7.077,93,415,39.86334612,8.619443452,6.737574553,7.420523139,481,22,472,25,503,497
38,1000,40,7.7,28,17,951,24,10,15,49,7.549342615,80,429,40.48950954,8.970490187,6.78425257,8.348853889,496,15,455,34,511,489
34,1000,40,7.7,28,40,954,24,10,12,46,7.694224959,92,428,40.88779512,9.283728224,7.028457587,8.421276357,504,18,450,28,522,478
35,1000,40,7.7,28,25,941,30,16,13,59,8.005051996,93,405,40.81261623,9.471378702,7.032930486,9.000787794,487,19,454,40,506,494
33,1000,40,7.7,28,38,950,28,8,14,50,7.995916845,110,412,41.02345766,9.915621632,7.051702251,8.846787029,457,17,493,33,474,526
37,1000,40,7.7,28,26,959,19,10,12,41,7.616846042,89,387,40.76692762,9.293907067,6.772873704,8.421257176,471,17,488,24,488,512
36,1000,40,7.7,28,25,960,16,8,16,40,7.593718715,88,431,40.41582458,9.02339648,7.11299368,8.074443751,487,13,473,27,500,500
39,1000,40,7.7,28,1,953,21,15,11,47,7.11356546,95,387,39.87263876,8.646875014,6.77332804,7.457910375,480,23,473,24,503,497
34,1000,40,7.7,28,41,955,24,9,12,45,7.711958484,111,397,40.93894066,9.313442032,7.057446878,8.42671802,504,18,451,27,522,478
32,1000,40,7.7,28,59,946,32,6,16,54,8.59434472,105,427,41.72410421,9.726388531,8.106042291,9.037917155,456,20,490,34,476,524
38,1000,40,7.7,28,18,951,24,10,15,49,7.590330337,90,414,40.52375016,8.983767647,6.803172467,8.412902262,496,15,455,34,511,489
37,1000,40,7.7,28,27,959,18,11,12,41,7.616138578,105,421,40.80223493,9.297141379,6.774879645,8.417963498,471,17,488,24,488,512
35,1000,40,7.7,28,26,941,29,17,13,59,8.044526152,104,377,40.84652086,9.474664134,7.064214076,9.048651476,488,18,453,41,506,494
33,1000,40,7.7,28,39,951,29,8,12,49,8.010590297,104,450,41.03274517,9.932244757,7.074711931,8.853948369,458,16,493,33,474,526
36,1000,40,7.7,28,26,962,16,6,16,38,7.570976614,98,404,40.40897168,9.051859675,7.086825203,8.055128025,489,11,473,27,500,500
34,1000,40,7.7,28,42,955,24,10,11,45,7.724391727,105,409,40.96602812,9.33134514,7.10078833,8.405397948,504,18,451,27,522,478
39,1000,40,7.7,28,2,954,20,15,11,46,7.103159395,100,403,39.8716987,8.64266049,6.735286223,7.475473691,481,22,473,24,503,497
38,1000,40,7.7,28,19,952,25,10,13,48,7.589691498,99,411,40.54788678,9.018109671,6.808115365,8.406430565,495,16,457,32,511,489
32,1000,40,7.7,28,60,946,32,6,16,54,8.603094926,99,428,41.77335232,9.764600789,8.100547432,9.059607535,456,20,490,34,476,524
37,1000,40,7.7,28,28,959,18,11,12,41,7.597784665,106,378,40.84275953,9.303302751,6.746229865,8.409422835,471,17,488,24,488,512
35,1000,40,7.7,28,27,944,26,17,13,56,8.040102134,94,417,40.88644771,9.48819762,7.061890405,9.042076091,490,16,454,40,506,494
33,1000,40,7.7,28,40,952,28,7,13,48,8.039920717,111,410,41.08918409,9.971397265,7.083379892,8.901898571,459,15,493,33,474,526
36,1000,40,7.7,28,27,963,16,5,16,37,7.573083656,106,407,40.43947412,9.062770372,7.079825851,8.066341462,489,11,474,26,500,500
34,1000,40,7.7,28,43,956,23,10,11,44,7.764611023,101,415,40.98685408,9.357596885,7.142267138,8.444241793,505,17,451,27,522,478
39,1000,40,7.7,28,3,951,23,15,11,49,7.151800689,93,412,39.89594452,8.648812184,6.778477015,7.529631289,480,23,471,26,503,497
38,1000,40,7.7,28,20,953,24,11,12,47,7.583148484,82,406,40.57336961,9.039308526,6.765807082,8.437261893,496,15,457,32,511,489
37,1000,40,7.7,28,29,960,18,10,12,40,7.579713936,101,414,40.88297449,9.319901089,6.696863702,8.421180565,472,16,488,24,488,512
32,1000,40,7.7,28,61,946,32,5,17,54,8.615657376,93,441,41.80822124,9.778865471,8.112639471,9.072597305,456,20,490,34,476,524
33,1000,40,7.7,28,41,953,27,6,14,47,8.064890588,100,425,41.13195877,9.978508235,7.095104284,8.938804481,460,14,493,33,474,526
35,1000,40,7.7,28,28,943,26,18,13,57,8.083483845,90,395,40.91397004,9.499924464,7.097999252,9.092907334,490,16,453,41,506,494
34,1000,40,7.7,28,44,958,21,10,11,42,7.756663082,102,428,41.03416243,9.37502162,7.182106548,8.384107664,505,17,453,25,522,478
36,1000,40,7.7,28,28,963,16,5,16,37,7.559203265,100,438,40.4446411,9.08046666,7.124261275,7.994145256,488,12,475,25,500,500
39,1000,40,7.7,28,4,953,21,16,10,47,7.172395087,84,399,39.90478545,8.654500803,6.822520971,7.526493036,480,23,473,24,503,497
38,1000,40,7.7,28,21,955,24,9,12,45,7.579644216,96,386,40.60254943,9.052987882,6.769486984,8.42625024,497,14,458,31,511,489
37,1000,40,7.7,28,30,960,18,10,12,40,7.627891735,90,404,40.90906392,9.329696684,6.741567194,8.472669812,472,16,488,24,488,512
32,1000,40,7.7,28,62,946,32,5,17,54,8.621804552,107,466,41.82069713,9.825336525,8.105671821,9.090657949,456,20,490,34,476,524
34,1000,40,7.7,28,45,959,21,9,11,41,7.792313777,107,437,41.075362,9.399003346,7.185757314,8.45470389,505,17,454,24,522,478
33,1000,40,7.7,28,42,952,27,7,14,48,8.11461464,79,400,41.14036264,9.967890571,7.11103497,9.01898111,460,14,492,34,474,526
35,1000,40,7.7,28,29,943,26,17,14,57,8.104998068,100,408,40.93039587,9.548281762,7.105210372,9.129072104,490,16,453,41,506,494
36,1000,40,7.7,28,29,964,16,5,15,36,7.596800552,95,403,40.48073244,9.087201048,7.19441754,7.999183564,489,11,475,25,500,500
39,1000,40,7.7,28,5,953,21,16,10,47,7.202827717,96,396,39.93693374,8.664400004,6.874216191,7.535406384,480,23,473,24,503,497
37,1000,40,7.7,28,31,961,17,9,13,39,7.649041669,87,438,40.92244409,9.352305465,6.744350456,8.511325482,473,15,488,24,488,512
38,1000,40,7.7,28,22,955,24,9,12,45,7.615836029,96,428,40.61050833,9.073017711,6.77307975,8.496507724,497,14,458,31,511,489
34,1000,40,7.7,28,46,959,21,9,11,41,7.832785945,85,412,41.08140516,9.415660734,7.217167428,8.505072275,505,17,454,24,522,478
32,1000,40,7.7,28,63,946,33,4,17,54,8.630661519,88,420,41.83966504,9.817651783,8.082656311,9.128467776,457,19,489,35,476,524
33,1000,40,7.7,28,43,952,27,5,16,48,8.158132468,114,401,41.14215033,9.990094294,7.118173886,9.095281457,460,14,492,34,474,526
35,1000,40,7.7,28,30,941,28,17,14,59,8.131469814,106,397,40.94907065,9.565551478,7.099039059,9.188979859,490,16,451,43,506,494
36,1000,40,7.7,28,30,964,16,5,15,36,7.599887039,103,406,40.51969811,9.112195474,7.186267021,8.013507056,489,11,475,25,500,500
37,1000,40,7.7,28,32,963,17,8,12,37,7.647185791,114,386,40.93830834,9.362131267,6.792383952,8.461918792,473,15,490,22,488,512
39,1000,40,7.7,28,6,954,20,16,10,46,7.240603993,99,393,39.97822364,8.685646481,6.914555902,7.570588279,481,22,473,24,503,497
38,1000,40,7.7,28,23,957,24,7,12,43,7.622480616,93,386,40.63960458,9.081726431,6.796202263,8.485933045,498,13,459,30,511,489
34,1000,40,7.7,28,47,960,20,9,11,40,7.844119133,103,417,41.10107096,9.438305496,7.254727114,8.48776481,505,17,455,23,522,478
33,1000,40,7.7,28,44,954,26,4,16,46,8.167338538,114,387,41.15682427,10.00818215,7.125388294,9.106282295,460,14,494,32,474,526
35,1000,40,7.7,28,31,944,26,16,14,56,8.14228067,93,418,40.98663501,9.597515915,7.130601498,9.178535045,491,15,453,41,506,494
36,1000,40,7.7,28,31,964,16,5,15,36,7.616198453,78,406,40.54067366,9.147509016,7.232366943,8.000029962,489,11,475,25,500,500
32,1000,40,7.7,28,64,946,33,4,17,54,8.637451023,112,404,41.87296604,9.839181571,8.094748093,9.130440709,457,19,489,35,476,524
37,1000,40,7.7,28,33,964,17,8,11,36,7.652091045,103,408,40.96603719,9.376374363,6.798246986,8.465911165,474,14,490,22,488,512
39,1000,40,7.7,28,7,956,19,15,10,44,7.266888837,81,409,39.99261367,8.687450406,6.919324316,7.618649307,482,21,474,23,503,497
38,1000,40,7.7,28,24,957,24,8,11,43,7.626946147,105,397,40.68659103,9.095201926,6.821161984,8.468982359,498,13,459,30,511,489
34,1000,40,7.7,28,48,960,20,9,11,40,7.87726107,91,422,41.12082939,9.452959785,7.287186467,8.521652163,505,17,455,23,522,478
33,1000,40,7.7,28,45,955,25,4,16,45,8.164114164,95,421,41.17298012,10.02277833,7.125123051,9.100391326,460,14,495,31,474,526
35,1000,40,7.7,28,32,942,28,16,14,58,8.165340765,106,410,41.02240955,9.611334176,7.184730641,9.169771378,490,16,452,42,506,494
36,1000,40,7.7,28,32,964,17,5,14,36,7.584455355,83,412,40.56916425,9.151464723,7.189225161,7.97968555,489,11,475,25,500,500
37,1000,40,7.7,28,34,962,19,8,11,38,7.704446113,86,422,40.99727939,9.390759962,6.843696492,8.524848096,473,15,489,23,488,512
32,1000,40,7.7,28,65,946,33,4,17,54,8.687826226,106,416,41.90609889,9.859215758,8.166842467,9.161086282,457,19,489,35,476,524
39,1000,40,7.7,28,8,954,22,15,9,46,7.310063223,91,392,40.00519432,8.721125218,6.949604821,7.674873235,481,22,473,24,503,497
34,1000,40,7.7,28,49,961,19,9,11,39,7.882746385,96,431,41.13879044,9.471336385,7.311606607,8.5064597,505,17,456,22,522,478
38,1000,40,7.7,28,25,957,24,8,11,43,7.646828767,97,428,40.74367955,9.089251015,6.87740789,8.450865715,498,13,459,30,511,489
33,1000,40,7.7,28,46,954,25,5,16,46,8.162006736,110,420,41.22305029,10.04556649,7.128550669,9.093296043,459,15,495,31,474,526
37,1000,40,7.7,28,35,962,18,9,11,38,7.723270282,99,409,40.99415683,9.413017279,6.868061219,8.538391419,473,15,489,23,488,512
35,1000,40,7.7,28,33,941,28,17,14,59,8.224693461,100,436,41.03934907,9.608328664,7.207572475,9.26652184,490,16,451,43,506,494
36,1000,40,7.7,28,33,964,16,6,14,36,7.617280751,86,424,40.6050181,9.167559927,7.254135505,7.980425996,489,11,475,25,500,500
32,1000,40,7.7,28,66,947,32,4,17,53,8.69829101,107,419,41.94869256,9.8787376,8.148770251,9.197473989,457,19,490,34,476,524
39,1000,40,7.7,28,9,954,21,16,9,46,7.338529729,88,396,40.01059786,8.734860201,6.981509847,7.69985971,481,22,473,24,503,497
34,1000,40,7.7,28,50,960,19,10,11,40,7.922171785,87,420,41.16081341,9.496631945,7.339529253,8.558446684,505,17,455,23,522,478
38,1000,40,7.7,28,26,957,24,8,11,43,7.678103445,95,419,40.76557811,9.088297111,6.904979749,8.486009802,498,13,459,30,511,489
37,1000,40,7.7,28,36,961,19,9,11,39,7.744090184,94,418,41.01125027,9.433894173,6.891534101,8.5566827,473,15,488,24,488,512
33,1000,40,7.7,28,47,954,25,5,16,46,8.181439157,121,420,41.23957316,10.07118056,7.16460136,9.097753065,459,15,495,31,474,526
35,1000,40,7.7,28,34,941,28,17,14,59,8.235649449,101,402,41.07432996,9.619497734,7.220857619,9.275092094,490,16,451,43,506,494
36,1000,40,7.7,28,34,964,16,7,13,36,7.630727377,103,406,40.64648429,9.149999556,7.263929793,7.99752496,489,11,475,25,500,500
34,1000,40,7.7,28,51,960,19,9,12,40,7.96163533,109,413,41.19277953,9.507346894,7.390699482,8.585125942,505,17,455,23,522,478
39,1000,40,7.7,28,10,954,22,15,9,46,7.373855715,93,391,40.01815236,8.755317141,7.019516973,7.732472188,481,22,473,24,503,497
32,1000,40,7.7,28,67,949,31,4,16,51,8.708940744,109,418,41.97721621,9.883293812,8.184670625,9.18518612,457,19,492,32,476,524
38,1000,40,7.7,28,27,957,23,9,11,43,7.706329239,98,426,40.80894939,9.108406097,6.951850154,8.494752169,497,14,460,29,511,489
37,1000,40,7.7,28,37,959,21,10,10,41,7.763164609,85,430,41.04928035,9.429632951,6.924719575,8.562307532,472,16,487,25,488,512
33,1000,40,7.7,28,48,952,27,5,16,48,8.168216215,121,441,41.27570225,10.08411454,7.146176614,9.08921768,459,15,493,33,474,526
35,1000,40,7.7,28,35,942,29,16,13,58,8.248322139,104,383,41.07773669,9.644092703,7.243511768,9.277540859,490,16,452,42,506,494
36,1000,40,7.7,28,35,965,16,7,12,35,7.641468799,87,419,40.6747908,9.162182104,7.256343735,8.026593863,490,10,475,25,500,500
34,1000,40,7.7,28,52,961,19,8,12,39,7.975254203,117,395,41.20952891,9.536642211,7.427552389,8.573372084,505,17,456,22,522,478
39,1000,40,7.7,28,11,954,22,15,9,46,7.389495047,93,414,40.03840118,8.753164032,7.023316759,7.760093998,481,22,473,24,503,497
38,1000,40,7.7,28,28,958,22,9,11,42,7.732718262,94,420,40.83920478,9.135794265,7.000420148,8.497962303,497,14,461,28,511,489
32,1000,40,7.7,28,68,948,34,3,15,52,8.688035732,87,450,42.00157968,9.910982864,8.171906974,9.156885521,457,19,491,33,476,524
37,1000,40,7.7,28,38,959,21,11,9,41,7.82473906,95,417,41.06926259,9.425736505,6.984438057,8.625650953,472,16,487,25,488,512
33,1000,40,7.7,28,49,951,29,5,15,49,8.167406796,114,415,41.32229288,10.13000248,7.129384128,9.102811254,459,15,492,34,474,526
35,1000,40,7.7,28,36,944,28,15,13,56,8.272906543,96,426,41.09405923,9.652107449,7.292138294,9.277499121,491,15,453,41,506,494
36,1000,40,7.7,28,36,965,16,7,12,35,7.645824448,105,407,40.67723444,9.164023453,7.282060297,8.009588599,490,10,475,25,500,500
34,1000,40,7.7,28,53,960,20,8,12,40,7.978696371,98,407,41.24745299,9.552043226,7.409488186,8.600300288,505,17,455,23,522,478
39,1000,40,7.7,28,12,954,22,15,9,46,7.401115639,91,399,40.06233734,8.775039401,7.033251674,7.773420616,481,22,473,24,503,497
38,1000,40,7.7,28,29,959,22,7,12,41,7.724113915,89,384,40.85211678,9.143229606,6.994507421,8.486545242,498,13,461,28,511,489
37,1000,40,7.7,28,39,960,21,10,9,40,7.865427183,102,428,41.0839655,9.455332411,7.030464695,8.661250804,472,16,488,24,488,512
32,1000,40,7.7,28,69,947,35,3,15,53,8.701153548,109,407,42.03351271,9.931126682,8.198972419,9.157333352,456,20,491,33,476,524
33,1000,40,7.7,28,50,950,29,6,15,50,8.200996169,113,407,41.33124191,10.15605328,7.219131789,9.085794108,458,16,492,34,474,526
34,1000,40,7.7,28,54,959,21,8,12,41,7.964429152,96,432,41.30988452,9.563394993,7.416394626,8.56291037,505,17,454,24,522,478
35,1000,40,7.7,28,37,943,30,15,12,57,8.268745028,102,405,41.11756147,9.686693279,7.279206354,9.282321078,491,15,452,42,506,494
36,1000,40,7.7,28,37,965,17,7,11,35,7.67023711,104,439,40.70098589,9.17633614,7.273332586,8.067141633,490,10,475,25,500,500
39,1000,40,7.7,28,13,955,22,14,9,45,7.430402716,92,391,40.10329383,8.780233046,7.076128526,7.788953859,481,22,474,23,503,497
37,1000,40,7.7,28,40,959,23,9,9,41,7.879402266,107,419,41.09504202,9.472461375,7.057518035,8.662760673,472,16,487,25,488,512
38,1000,40,7.7,28,30,960,21,7,12,40,7.720922359,102,399,40.89131169,9.160027059,6.998938335,8.475388282,498,13,462,27,511,489
32,1000,40,7.7,28,70,947,34,4,15,53,8.722792163,109,435,42.05652249,9.952273054,8.204601864,9.193514648,457,19,490,34,476,524
34,1000,40,7.7,28,55,960,20,8,12,40,7.979170667,89,425,41.33812086,9.578319972,7.452645283,8.554162823,506,16,454,24,522,478
33,1000,40,7.7,28,51,950,29,6,15,50,8.204478094,104,427,41.35720311,10.18453772,7.216224884,9.095033267,458,16,492,34,474,526
35,1000,40,7.7,28,38,941,32,15,12,59,8.311119588,90,410,41.17138877,9.697053422,7.377200895,9.267724566,489,17,452,42,506,494
36,1000,40,7.7,28,38,964,19,6,11,36,7.674812935,106,423,40.72758053,9.193649266,7.315557487,8.034068383,488,12,476,24,500,500
37,1000,40,7.7,28,41,959,22,10,9,41,7.901459019,104,423,41.12592348,9.498544985,7.082079551,8.682430075,472,16,487,25,488,512
39,1000,40,7.7,28,14,955,22,14,9,45,7.473861192,92,436,40.13000603,8.777286603,7.137004111,7.814784958,481,22,474,23,503,497
38,1000,40,7.7,28,31,960,21,7,12,40,7.756578484,97,412,40.91684112,9.157005428,7.060851055,8.483606534,498,13,462,27,511,489
34,1000,40,7.7,28,56,958,22,8,12,42,8.024672528,98,415,41.3780441,9.604833557,7.523116355,8.572397053,504,18,454,24,522,478
33,1000,40,7.7,28,52,949,30,7,14,51,8.258389861,104,410,41.36671077,10.20514302,7.301412804,9.120760822,457,17,492,34,474,526
32,1000,40,7.7,28,71,946,34,5,15,54,8.760052217,82,455,42.09337127,9.964370577,8.230351224,9.241230982,457,19,489,35,476,524
35,1000,40,7.7,28,39,941,32,14,13,59,8.336221063,101,412,41.21886898,9.715890527,7.365742807,9.33027369,489,17,452,42,506,494
36,1000,40,7.7,28,39,964,19,6,11,36,7.687214223,90,381,40.76822142,9.225129392,7.314251602,8.060176844,489,11,475,25,500,500
37,1000,40,7.7,28,42,959,23,9,9,41,7.933036375,106,394,41.14318757,9.508541424,7.117180853,8.71064867,472,16,487,25,488,512
39,1000,40,7.7,28,15,956,22,13,9,44,7.465791943,88,429,40.17504705,8.796502375,7.161439182,7.773818984,481,22,475,22,503,497
38,1000,40,7.7,28,32,959,22,7,12,41,7.789208668,107,420,40.94131763,9.157796737,7.099531987,8.509913746,497,14,462,27,511,489
34,1000,40,7.7,28,57,958,21,9,12,42,8.059189186,100,407,41.41170715,9.623794677,7.567546881,8.596087268,503,19,455,23,522,478
33,1000,40,7.7,28,53,948,31,7,14,52,8.26713473,97,431,41.38189333,10.20677925,7.309112362,9.130447662,457,17,491,35,474,526
35,1000,40,7.7,28,40,942,32,13,13,58,8.366717102,104,415,41.26103118,9.75001831,7.395500634,9.361525874,489,17,453,41,506,494
36,1000,40,7.7,28,40,964,19,6,11,36,7.722796002,102,424,40.79951732,9.23311855,7.338348033,8.107243972,489,11,475,25,500,500
32,1000,40,7.7,28,72,946,34,5,15,54,8.783247584,101,406,42.11126327,9.986580248,8.224830417,9.290512034,458,18,488,36,476,524
37,1000,40,7.7,28,43,959,23,8,10,41,7.938856336,106,422,41.18223159,9.498656091,7.147160598,8.693441337,472,16,487,25,488,512
39,1000,40,7.7,28,16,958,21,11,10,42,7.464620629,84,415,40.18234234,8.808555614,7.175031531,7.757705774,481,22,477,20,503,497
38,1000,40,7.7,28,33,959,22,7,12,41,7.821797848,95,432,40.97229542,9.190088442,7.14015275,8.534110007,497,14,462,27,511,489
34,1000,40,7.7,28,58,959,20,9,12,41,8.080054777,111,422,41.44850454,9.639134381,7.608124675,8.595426144,503,19,456,22,522,478
33,1000,40,7.7,28,54,949,30,7,14,51,8.264207293,106,416,41.4011777,10.2149679,7.29776752,9.135105491,457,17,492,34,474,526
37,1000,40,7.7,28,44,960,22,8,10,40,7.968488543,92,399,41.21797837,9.518243304,7.188674329,8.711748966,472,16,488,24,488,512
35,1000,40,7.7,28,41,945,31,11,13,55,8.335492815,110,423,41.29739629,9.761512897,7.404376705,9.28922713,488,18,457,37,506,494
36,1000,40,7.7,28,41,965,18,6,11,35,7.759081725,103,416,40.84160786,9.237213994,7.365939416,8.152224033,490,10,475,25,500,500
32,1000,40,7.7,28,73,946,35,6,13,54,8.776657197,94,405,42.12937479,9.999992287,8.241134068,9.263124772,458,18,488,36,476,524
39,1000,40,7.7,28,17,959,20,11,10,41,7.51986177,102,428,40.18273207,8.819397555,7.218143432,7.825222583,482,21,477,20,503,497
34,1000,40,7.7,28,59,960,19,9,12,40,8.090311614,101,398,41.46753443,9.640310198,7.63543984,8.58705443,503,19,457,21,522,478
38,1000,40,7.7,28,34,961,20,7,12,39,7.841238856,110,422,41.00439419,9.202208487,7.16889254,8.543833881,498,13,463,26,511,489
37,1000,40,7.7,28,45,958,23,9,10,42,8.013351542,89,426,41.26210244,9.558610269,7.224750338,8.764987064,472,16,486,26,488,512
36,1000,40,7.7,28,42,964,19,6,11,36,7.783938821,75,423,40.87641506,9.259552555,7.417552995,8.150324648,489,11,475,25,500,500
35,1000,40,7.7,28,42,944,32,11,13,56,8.368338098,104,430,41.31660614,9.750909431,7.42657298,9.332980102,488,18,456,38,506,494
33,1000,40,7.7,28,55,951,29,6,14,49,8.251246837,101,440,41.4129477,10.22797585,7.300324795,9.108161376,457,17,494,32,474,526
32,1000,40,7.7,28,74,944,37,6,13,56,8.782425271,123,425,42.13192928,9.98932075,8.292221434,9.227724941,456,20,488,36,476,524
34,1000,40,7.7,28,60,961,19,8,12,39,8.09214132,102,421,41.47431063,9.655265702,7.615622015,8.612524328,504,18,457,21,522,478
39,1000,40,7.7,28,18,960,20,11,9,40,7.541337891,93,375,40.19040619,8.83916594,7.238557344,7.847773736,482,21,478,19,503,497
38,1000,40,7.7,28,35,960,21,7,12,40,7.851369903,97,398,41.01532413,9.227240788,7.185071644,8.54764477,497,14,463,26,511,489
37,1000,40,7.7,28,46,957,24,9,10,43,8.028890821,103,430,41.27868691,9.558291678,7.263816629,8.758102161,472,16,485,27,488,512
36,1000,40,7.7,28,43,964,19,6,11,36,7.818946233,84,390,40.90315156,9.276702337,7.433355865,8.204536602,489,11,475,25,500,500
35,1000,40,7.7,28,43,947,30,10,13,53,8.382743786,113,425,41.33758815,9.756942797,7.472970684,9.314616639,488,18,459,35,506,494
33,1000,40,7.7,28,56,951,29,6,14,49,8.259598259,94,414,41.44500368,10.25969969,7.317910374,9.108191524,457,17,494,32,474,526
34,1000,40,7.7,28,61,959,21,7,13,41,8.119188153,94,393,41.51070355,9.688652024,7.649955584,8.631613678,503,19,456,22,522,478
32,1000,40,7.7,28,75,944,38,6,12,56,8.815976728,108,419,42.16062316,10.01824961,8.326971413,9.260187663,456,20,488,36,476,524
39,1000,40,7.7,28,19,961,20,10,9,39,7.543915228,96,402,40.19538655,8.84705572,7.227461865,7.864188953,483,20,478,19,503,497
38,1000,40,7.7,28,36,959,23,7,11,41,7.884238924,87,409,41.04631551,9.230767076,7.221773896,8.576508103,495,16,464,25,511,489
37,1000,40,7.7,28,47,956,25,9,10,44,8.059384564,93,421,41.28613139,9.577459039,7.321479348,8.762700472,470,18,486,26,488,512
36,1000,40,7.7,28,44,965,19,5,11,35,7.831497965,90,434,40.90156671,9.304448115,7.446445247,8.216550684,489,11,476,24,500,500
35,1000,40,7.7,28,44,947,31,9,13,53,8.407668904,122,385,41.37183338,9.783732263,7.533860044,9.30270389,487,19,460,34,506,494
33,1000,40,7.7,28,57,953,28,5,14,47,8.257203513,89,418,41.47661521,10.27631997,7.300954875,9.118918066,458,16,495,31,474,526
34,1000,40,7.7,28,62,959,23,7,11,41,8.105868633,115,403,41.5637572,9.708237833,7.63070633,8.624769725,503,19,456,22,522,478
39,1000,40,7.7,28,20,961,20,10,9,39,7.564423291,88,426,40.22392909,8.891316694,7.233422033,7.89942054,482,21,479,18,503,497
37,1000,40,7.7,28,48,954,27,9,10,46,8.097165116,96,409,41.30969816,9.596765843,7.365546469,8.794489139,468,20,486,26,488,512
38,1000,40,7.7,28,37,959,23,7,11,41,7.885957751,86,421,41.08483866,9.235752144,7.220619152,8.581229783,495,16,464,25,511,489
32,1000,40,7.7,28,76,942,39,7,12,58,8.883704339,114,415,42.20785889,10.02893533,8.380626581,9.340698638,454,22,488,36,476,524
36,1000,40,7.7,28,45,963,21,5,11,37,7.854515368,90,405,40.92089221,9.341047259,7.493272235,8.215758502,489,11,474,26,500,500
35,1000,40,7.7,28,45,946,32,9,13,54,8.455433017,95,408,41.40029705,9.807928422,7.574464257,9.357801828,486,20,460,34,506,494
34,1000,40,7.7,28,63,960,23,6,11,40,8.119523878,101,402,41.61057096,9.706558299,7.64208982,8.64090584,503,19,457,21,522,478
33,1000,40,7.7,28,58,954,28,5,13,46,8.249577651,103,436,41.494738,10.26802737,7.315891002,9.090960677,459,15,495,31,474,526
37,1000,40,7.7,28,49,955,25,10,10,45,8.129849305,88,418,41.31596527,9.604506219,7.393254298,8.83191642,469,19,486,26,488,512
39,1000,40,7.7,28,21,959,22,10,9,41,7.602903773,96,403,40.26760598,8.905841131,7.291319385,7.918249742,481,22,478,19,503,497
38,1000,40,7.7,28,38,959,22,8,11,41,7.932731598,88,420,41.07173373,9.251108574,7.276353035,8.618640484,495,16,464,25,511,489
32,1000,40,7.7,28,77,941,40,7,12,59,8.913390913,86,430,42.24266052,10.05491495,8.40252449,9.377460411,454,22,487,37,476,524
34,1000,40,7.7,28,64,959,24,6,11,41,8.096844413,109,425,41.67303106,9.718050869,7.652131282,8.582493481,502,20,457,21,522,478
35,1000,40,7.7,28,46,947,31,9,13,53,8.45472978,103,435,41.42183685,9.820801405,7.597710186,9.332567663,486,20,461,33,506,494
33,1000,40,7.7,28,59,952,30,5,13,48,8.256122078,125,414,41.55301885,10.28252608,7.343111422,9.078873126,457,17,495,31,474,526
36,1000,40,7.7,28,46,963,21,5,11,37,7.910418032,95,379,40.94991004,9.369383148,7.574706534,8.246129529,489,11,474,26,500,500
37,1000,40,7.7,28,50,957,23,10,10,43,8.111279959,119,394,41.34494769,9.641912285,7.376788556,8.811342078,471,17,486,26,488,512
39,1000,40,7.7,28,22,959,22,10,9,41,7.657615791,98,408,40.30203865,8.936940015,7.359391662,7.959440211,481,22,478,19,503,497
38,1000,40,7.7,28,39,959,23,7,11,41,7.95281837,91,403,41.09863556,9.244449609,7.31562688,8.618676961,496,15,463,26,511,489
32,1000,40,7.7,28,78,941,39,8,12,59,8.923797838,100,448,42.25476192,10.06495652,8.452185832,9.352208745,453,23,488,36,476,524
34,1000,40,7.7,28,65,960,23,6,11,40,8.104537342,95,422,41.68305752,9.737153381,7.646530234,8.6047041,502,20,458,20,522,478
36,1000,40,7.7,28,47,965,19,6,10,35,7.938095026,94,443,40.97431308,9.362582223,7.59464716,8.281542891,491,9,474,26,500,500
33,1000,40,7.7,28,60,951,29,7,13,49,8.296665869,111,412,41.58543888,10.3147847,7.393928466,9.11015927,456,18,495,31,474,526
35,1000,40,7.7,28,47,948,30,9,13,52,8.487931236,110,414,41.44956429,9.83902743,7.659334106,9.336656232,485,21,463,31,506,494
37,1000,40,7.7,28,51,957,23,10,10,43,8.136979638,103,444,41.37970937,9.661930542,7.415376422,8.824757703,471,17,486,26,488,512
39,1000,40,7.7,28,23,959,23,9,9,41,7.675761475,76,391,40.31615437,8.950739616,7.381874133,7.973196753,481,22,478,19,503,497
38,1000,40,7.7,28,40,959,21,9,11,41,8.001785328,112,429,41.13264734,9.255345391,7.353462561,8.67927599,496,15,463,26,511,489
34,1000,40,7.7,28,66,960,21,7,12,40,8.127303751,104,452,41.69722293,9.760653078,7.687990109,8.607056306,502,20,458,20,522,478
32,1000,40,7.7,28,79,942,39,8,11,58,8.921492391,110,423,42.30376321,10.08323355,8.486343568,9.316780253,454,22,488,36,476,524
33,1000,40,7.7,28,61,951,29,7,13,49,8.346784703,116,423,41.5953059,10.33780825,7.447214506,9.157424005,456,18,495,31,474,526
36,1000,40,7.7,28,48,966,18,6,10,34,7.957876114,81,390,40.97156214,9.379864367,7.602338708,8.31341352,492,8,474,26,500,500
35,1000,40,7.7,28,48,946,31,10,13,54,8.499347832,101,413,41.45211425,9.864796444,7.672394635,9.346388962,484,22,462,32,506,494
37,1000,40,7.7,28,52,956,26,10,8,44,8.145823594,105,404,41.41378974,9.675547022,7.425690011,8.832200915,471,17,485,27,488,512
39,1000,40,7.7,28,24,958,24,9,9,42,7.701507134,93,426,40.35036006,8.980961694,7.40624962,8.000329125,481,22,477,20,503,497
38,1000,40,7.7,28,41,961,21,8,10,39,8.019400926,105,411,41.15645463,9.25077794,7.38704269,8.680208816,497,14,464,25,511,489
34,1000,40,7.7,28,67,959,23,7,11,41,8.15896435,106,432,41.71883265,9.781323899,7.707031422,8.652497799,502,20,457,21,522,478
37,1000,40,7.7,28,53,955,26,11,8,45,8.158767322,105,422,41.40782222,9.678212692,7.427128654,8.856110427,471,17,484,28,488,512
36,1000,40,7.7,28,49,965,19,6,10,35,7.969093663,93,410,40.99221559,9.391542991,7.62211621,8.316071116,491,9,474,26,500,500
33,1000,40,7.7,28,62,952,30,7,11,48,8.319678438,118,436,41.60870681,10.38734599,7.404000235,9.14483332,457,17,495,31,474,526
32,1000,40,7.7,28,80,942,39,8,11,58,8.941014216,114,440,42.30648585,10.09756187,8.546226636,9.299638049,454,22,488,36,476,524
35,1000,40,7.7,28,49,947,30,10,13,53,8.523905944,116,413,41.46743328,9.874252912,7.710159925,9.357419072,484,22,463,31,506,494
39,1000,40,7.7,28,25,958,23,10,9,42,7.738995208,98,399,40.40324037,8.991088939,7.453379483,8.02805901,481,22,477,20,503,497
34,1000,40,7.7,28,68,960,22,7,11,40,8.175383294,100,417,41.75108517,9.792648421,7.71416838,8.679053138,502,20,458,20,522,478
38,1000,40,7.7,28,42,962,21,7,10,38,8.013936506,92,393,41.18068202,9.274721015,7.400212053,8.655272283,497,14,465,24,511,489
37,1000,40,7.7,28,54,955,25,12,8,45,8.195667841,84,401,41.44247218,9.70760736,7.478601344,8.879121846,472,16,483,29,488,512
36,1000,40,7.7,28,50,966,18,6,10,34,8.042484127,115,448,41.02570622,9.403909521,7.723110633,8.361857621,491,9,475,25,500,500
33,1000,40,7.7,28,63,951,30,8,11,49,8.376796886,110,445,41.60378485,10.39947939,7.494042015,9.172283216,457,17,494,32,474,526
35,1000,40,7.7,28,50,948,29,10,13,52,8.535032902,101,387,41.48478856,9.875782097,7.786076504,9.302182574,484,22,464,30,506,494
32,1000,40,7.7,28,81,941,39,9,11,59,8.953527083,104,423,42.35661652,10.12348884,8.534207003,9.334436164,454,22,487,37,476,524
39,1000,40,7.7,28,26,958,23,10,9,42,7.75710003,99,399,40.42653961,9.009758305,7.502924802,8.014343772,481,22,477,20,503,497
34,1000,40,7.7,28,69,961,22,8,9,39,8.176010241,102,423,41.7527425,9.814545688,7.771576255,8.61767246,502,20,459,19,522,478
38,1000,40,7.7,28,43,963,20,7,10,37,8.010632838,107,455,41.18283383,9.281625331,7.417773229,8.630165068,497,14,466,23,511,489
37,1000,40,7.7,28,55,954,26,12,8,46,8.230210647,106,409,41.46398748,9.715477396,7.544817906,8.883475603,471,17,483,29,488,512
33,1000,40,7.7,28,64,950,31,8,11,50,8.433034191,107,390,41.62545208,10.40500062,7.587172606,9.195274479,456,18,494,32,474,526
36,1000,40,7.7,28,51,967,18,6,9,33,8.071356602,97,421,41.06094052,9.414479145,7.776600931,8.366112273,491,9,476,24,500,500
35,1000,40,7.7,28,51,948,30,10,12,52,8.551449753,92,415,41.49371394,9.888459772,7.796194051,9.325051746,484,22,464,30,506,494
32,1000,40,7.7,28,82,941,39,9,11,59,8.963106452,104,421,42.38714976,10.17290774,8.546194217,9.341828253,454,22,487,37,476,524
34,1000,40,7.7,28,70,961,22,7,10,39,8.180354068,120,423,41.79583744,9.814322365,7.762100728,8.637107716,502,20,459,19,522,478
39,1000,40,7.7,28,27,960,21,10,9,40,7.719763287,105,444,40.43477027,9.014055912,7.46125293,7.981394494,482,21,478,19,503,497
38,1000,40,7.7,28,44,962,21,8,9,38,8.000933637,93,450,41.19986278,9.301129346,7.432857354,8.594567544,497,14,465,24,511,489
37,1000,40,7.7,28,56,955,27,11,7,45,8.214406578,105,414,41.49937278,9.741581576,7.59063929,8.808934775,471,17,484,28,488,512
36,1000,40,7.7,28,52,967,17,6,10,33,8.108345741,96,438,41.0721119,9.43442743,7.829271693,8.387419789,491,9,476,24,500,500
33,1000,40,7.7,28,65,949,33,8,10,51,8.468750977,119,435,41.6562166,10.43435881,7.651192421,9.205486254,455,19,494,32,474,526
35,1000,40,7.7,28,52,946,31,11,12,54,8.539705646,115,418,41.49453422,9.924700556,7.771877914,9.326185064,484,22,462,32,506,494
34,1000,40,7.7,28,71,961,22,6,11,39,8.213642513,90,426,41.84294858,9.829987258,7.790294412,8.675959895,502,20,459,19,522,478
39,1000,40,7.7,28,28,961,21,9,9,39,7.755582644,91,420,40.45589981,9.02890733,7.54009693,7.973669796,483,20,478,19,503,497
32,1000,40,7.7,28,83,939,41,9,11,61,8.983434829,105,436,42.42913455,10.20668743,8.563072779,9.365290433,453,23,486,38,476,524
38,1000,40,7.7,28,45,962,22,8,8,38,7.982111505,99,437,41.22900888,9.316845266,7.440070046,8.548539287,497,14,465,24,511,489
37,1000,40,7.7,28,57,956,26,11,7,44,8.207965803,99,408,41.53499182,9.762747278,7.564616213,8.821158381,472,16,484,28,488,512
36,1000,40,7.7,28,53,966,18,5,11,34,8.126341984,86,396,41.11347056,9.453310968,7.86107108,8.391612888,490,10,476,24,500,500
33,1000,40,7.7,28,66,947,35,8,10,53,8.498079256,116,417,41.68854432,10.44121427,7.703141711,9.214429819,454,20,493,33,474,526
35,1000,40,7.7,28,53,947,30,11,12,53,8.52778736,95,412,41.48877769,9.938212764,7.764240628,9.309881786,485,21,462,32,506,494
34,1000,40,7.7,28,72,961,23,6,10,39,8.249516426,94,444,41.86564464,9.836464658,7.829221835,8.708499222,501,21,460,18,522,478
39,1000,40,7.7,28,29,961,21,9,9,39,7.764715621,86,414,40.47399957,9.044044906,7.564968806,7.966873866,483,20,478,19,503,497
37,1000,40,7.7,28,58,955,27,11,7,45,8.204049469,115,410,41.54791325,9.797847177,7.532476658,8.844142304,471,17,484,28,488,512
38,1000,40,7.7,28,46,961,23,8,8,39,8.032060944,95,414,41.28129842,9.334694738,7.513349485,8.574109114,496,15,465,24,511,489
32,1000,40,7.7,28,84,936,44,9,11,64,9.040400837,105,452,42.46585757,10.21619855,8.584602208,9.454446919,452,24,484,40,476,524
36,1000,40,7.7,28,54,967,18,5,10,33,8.126235178,98,386,41.13309469,9.456726296,7.85471952,8.397750837,490,10,477,23,500,500
33,1000,40,7.7,28,67,947,34,10,9,53,8.472211979,115,424,41.72549002,10.46813001,7.709088732,9.159893384,454,20,493,33,474,526
34,1000,40,7.7,28,73,959,25,6,10,41,8.265740428,93,397,41.89196819,9.849315684,7.811102083,8.762228328,500,22,459,19,522,478
35,1000,40,7.7,28,54,947,30,11,12,53,8.545823046,114,414,41.50863417,9.96490452,7.793427234,9.316495678,485,21,462,32,506,494
39,1000,40,7.7,28,30,960,22,9,9,40,7.796722595,87,393,40.48065535,9.051241056,7.565481172,8.030755664,483,20,477,20,503,497
37,1000,40,7.7,28,59,956,25,12,7,44,8.249044832,94,438,41.58717954,9.81408545,7.603284329,8.864535311,471,17,485,27,488,512
38,1000,40,7.7,28,47,961,24,8,7,39,8.016441594,100,383,41.30299455,9.329241325,7.516271907,8.539113803,496,15,465,24,511,489
32,1000,40,7.7,28,85,936,44,9,11,64,9.050214754,103,440,42.50196988,10.2282229,8.620632372,9.440446079,452,24,484,40,476,524
34,1000,40,7.7,28,74,959,25,6,10,41,8.285472072,100,447,41.88819035,9.858395747,7.838554702,8.773528279,500,22,459,19,522,478
36,1000,40,7.7,28,55,966,19,5,10,34,8.165018242,98,430,41.13983747,9.462294155,7.905415944,8.424620541,490,10,476,24,500,500
33,1000,40,7.7,28,68,947,34,10,9,53,8.471579629,103,417,41.74546436,10.49500921,7.73381127,9.136412714,453,21,494,32,474,526
35,1000,40,7.7,28,55,948,29,11,12,52,8.551446124,83,440,41.53891649,10.00669357,7.84073848,9.279417922,485,21,463,31,506,494
37,1000,40,7.7,28,60,956,24,12,8,44,8.266490916,118,388,41.63049962,9.83166988,7.649644822,8.85442235,471,17,485,27,488,512
39,1000,40,7.7,28,31,961,22,8,9,39,7.794885243,87,392,40.51240729,9.040435876,7.553659974,8.039022689,484,19,477,20,503,497
38,1000,40,7.7,28,48,960,25,8,7,40,8.020657535,102,407,41.32587738,9.322352466,7.555772354,8.506457796,495,16,465,24,511,489
34,1000,40,7.7,28,75,959,25,6,10,41,8.322984415,104,423,41.91144411,9.900209088,7.870454466,8.81716984,500,22,459,19,522,478
32,1000,40,7.7,28,86,937,41,11,11,63,9.07273912,134,440,42.54989429,10.25132142,8.639970242,9.465865049,452,24,485,39,476,524
33,1000,40,7.7,28,69,946,35,10,9,54,8.514129801,119,449,41.77126823,10.52709021,7.788543779,9.167984886,452,22,494,32,474,526
36,1000,40,7.7,28,56,964,20,6,10,36,8.168977298,109,416,41.15743165,9.474536647,7.886500444,8.451454152,490,10,474,26,500,500
35,1000,40,7.7,28,56,949,29,9,13,51,8.568805777,102,419,41.56814601,10.02791599,7.889465618,9.264648127,485,21,464,30,506,494
37,1000,40,7.7,28,61,956,25,11,8,44,8.28388837,82,419,41.63570613,9.827987064,7.625858519,8.911073071,472,16,484,28,488,512
39,1000,40,7.7,28,32,960,23,9,8,40,7.791743478,100,402,40.51358166,9.051415991,7.560887065,8.02538689,484,19,476,21,503,497
38,1000,40,7.7,28,49,961,24,8,7,39,8.017577727,111,414,41.3481214,9.361820593,7.541724237,8.514839757,496,15,465,24,511,489
34,1000,40,7.7,28,76,959,25,6,10,41,8.342338489,92,426,41.92667354,9.897566548,7.880651085,8.846524314,501,21,458,20,522,478
32,1000,40,7.7,28,87,938,41,11,10,62,9.093171031,100,417,42.5734973,10.26372271,8.631340722,9.512696274,452,24,486,38,476,524
33,1000,40,7.7,28,70,944,35,12,9,56,8.566131842,108,440,41.80275555,10.54879485,7.833781224,9.226082779,452,22,492,34,474,526
36,1000,40,7.7,28,57,962,23,5,10,38,8.219172642,102,376,41.15660253,9.479640836,7.933269357,8.505075927,490,10,472,28,500,500
37,1000,40,7.7,28,62,956,23,13,8,44,8.287822266,86,429,41.6577517,9.840834685,7.65180973,8.894021714,471,17,485,27,488,512
35,1000,40,7.7,28,57,948,29,11,12,52,8.573643472,99,440,41.58379431,10.04593279,7.91814572,9.245064246,485,21,463,31,506,494
39,1000,40,7.7,28,33,960,23,9,8,40,7.809898024,96,407,40.53817995,9.058474206,7.578330735,8.044260894,484,19,476,21,503,497
38,1000,40,7.7,28,50,960,25,7,8,40,8.082138069,97,401,41.37588198,9.383145684,7.631851658,8.552682765,496,15,464,25,511,489
34,1000,40,7.7,28,77,959,25,6,10,41,8.355999279,88,400,41.92787723,9.900854299,7.906821182,8.846524314,501,21,458,20,522,478
33,1000,40,7.7,28,71,946,34,11,9,54,8.561477662,118,426,41.84590865,10.55768891,7.869719282,9.184849283,452,22,494,32,474,526
36,1000,40,7.7,28,58,962,23,5,10,38,8.219538736,97,417,41.17954705,9.507182524,7.914692647,8.524384824,490,10,472,28,500,500
37,1000,40,7.7,28,63,956,23,13,8,44,8.295002703,105,418,41.68305464,9.86254503,7.646936764,8.912690552,471,17,485,27,488,512
32,1000,40,7.7,28,88,938,41,10,11,62,9.099946725,127,413,42.62328426,10.29300051,8.648638138,9.509914067,451,25,487,37,476,524
35,1000,40,7.7,28,58,948,29,11,12,52,8.585686678,97,424,41.60846636,10.068202,7.949359041,9.237471667,484,22,464,30,506,494
39,1000,40,7.7,28,34,961,22,9,8,39,7.799364764,93,401,40.57912553,9.073860341,7.552053586,8.04966159,485,18,476,21,503,497
34,1000,40,7.7,28,78,959,25,5,11,41,8.388778758,117,448,41.95002101,9.925928733,7.959762337,8.85728623,501,21,458,20,522,478
38,1000,40,7.7,28,51,959,27,7,7,41,8.076862188,112,399,41.42806408,9.412635003,7.634948062,8.538657931,495,16,464,25,511,489
37,1000,40,7.7,28,64,956,24,12,8,44,8.299385749,107,425,41.70907553,9.872837174,7.653789712,8.914719472,471,17,485,27,488,512
33,1000,40,7.7,28,72,946,34,12,8,54,8.557990247,97,480,41.87880514,10.57600334,7.892264109,9.157903154,452,22,494,32,474,526
36,1000,40,7.7,28,59,961,23,6,10,39,8.269307865,92,414,41.20848056,9.52347862,7.97546644,8.56314929,489,11,472,28,500,500
35,1000,40,7.7,28,59,950,29,11,10,50,8.551622925,110,404,41.64285002,10.08285134,7.979593772,9.137547523,484,22,466,28,506,494
32,1000,40,7.7,28,89,940,41,7,12,60,9.103710105,97,450,42.6453545,10.30804138,8.686099221,9.483066558,450,26,490,34,476,524
39,1000,40,7.7,28,35,960,23,9,8,40,7.82833464,93,422,40.5853756,9.109094784,7.573347665,8.086399928,485,18,475,22,503,497
34,1000,40,7.7,28,79,960,24,5,11,40,8.392244478,123,420,41.97944394,9.94105997,7.969084257,8.854356686,502,20,458,20,522,478
38,1000,40,7.7,28,52,959,27,7,7,41,8.096365815,103,393,41.45245048,9.413173855,7.648253137,8.564638982,494,17,465,24,511,489
37,1000,40,7.7,28,65,957,23,12,8,43,8.273618882,112,418,41.72450134,9.899611508,7.633189765,8.884027885,471,17,486,26,488,512
33,1000,40,7.7,28,73,946,34,12,8,54,8.565698073,97,444,41.91494774,10.58391317,7.890928419,9.173760461,452,22,494,32,474,526
36,1000,40,7.7,28,60,960,24,6,10,40,8.260166595,107,399,41.24457015,9.536679556,7.967524835,8.552808354,488,12,472,28,500,500
35,1000,40,7.7,28,60,948,30,11,11,52,8.585912144,113,410,41.65853279,10.11306829,8.030232012,9.155090579,482,24,466,28,506,494
34,1000,40,7.7,28,80,958,26,5,11,42,8.411994222,96,419,41.99065784,9.969332205,8.008369634,8.852772538,501,21,457,21,522,478
39,1000,40,7.7,28,36,960,23,9,8,40,7.857109323,84,420,40.62523489,9.113380091,7.638229211,8.078631851,485,18,475,22,503,497
32,1000,40,7.7,28,90,941,40,7,12,59,9.119611395,115,462,42.66749729,10.33530035,8.741054865,9.46349099,450,26,491,33,476,524
38,1000,40,7.7,28,53,961,25,7,7,39,8.054309869,90,428,41.46495995,9.424802022,7.566276382,8.564299873,495,16,466,23,511,489
37,1000,40,7.7,28,66,955,23,14,8,45,8.29371826,109,426,41.72957098,9.891914866,7.622083615,8.933870031,471,17,484,28,488,512
33,1000,40,7.7,28,74,945,35,11,9,55,8.591170212,116,431,41.94372538,10.62379982,7.917098303,9.198603833,451,23,494,32,474,526
36,1000,40,7.7,28,61,960,25,6,9,40,8.254218131,79,407,41.27358292,9.553048365,7.959608615,8.548827647,487,13,473,27,500,500
34,1000,40,7.7,28,81,957,27,5,11,43,8.419498486,123,436,42.00947214,9.970585585,8.003200754,8.874116512,501,21,456,22,522,478
35,1000,40,7.7,28,61,948,27,14,11,52,8.634383792,103,431,41.683728,10.11042437,8.077116532,9.205187908,482,24,466,28,506,494
39,1000,40,7.7,28,37,960,23,9,8,40,7.910892973,97,420,40.63785495,9.119033568,7.699262288,8.125078556,485,18,475,22,503,497
38,1000,40,7.7,28,54,962,25,6,7,38,8.01751753,118,439,41.50222941,9.4672746,7.538651935,8.51792718,495,16,467,22,511,489
32,1000,40,7.7,28,91,940,41,7,12,60,9.097343636,91,390,42.69879823,10.31848547,8.733341063,9.428002461,449,27,491,33,476,524
37,1000,40,7.7,28,67,957,23,13,7,43,8.294849909,111,388,41.7602753,9.897650049,7.66739747,8.892890514,472,16,485,27,488,512
33,1000,40,7.7,28,75,945,35,11,9,55,8.602196728,126,415,41.94176778,10.63966833,7.925802482,9.211723102,451,23,494,32,474,526
36,1000,40,7.7,28,62,960,25,6,9,40,8.245624275,110,454,41.272141,9.576759656,7.971782857,8.519465693,487,13,473,27,500,500
34,1000,40,7.7,28,82,957,27,5,11,43,8.422291892,112,469,42.02524395,9.978159951,8.007685095,8.875063332,501,21,456,22,522,478
35,1000,40,7.7,28,62,947,29,13,11,53,8.641686471,110,416,41.68659165,10.11907236,8.08241623,9.214542224,482,24,465,29,506,494
39,1000,40,7.7,28,38,959,24,9,8,41,7.977623636,97,381,40.66518241,9.128342555,7.739561247,8.218560017,484,19,475,22,503,497
37,1000,40,7.7,28,68,957,23,13,7,43,8.320581582,97,420,41.80835056,9.907437253,7.695057145,8.916784562,472,16,485,27,488,512
38,1000,40,7.7,28,55,962,27,5,6,38,8.021757628,91,406,41.53106483,9.474101447,7.583961745,8.479249849,494,17,468,21,511,489
32,1000,40,7.7,28,92,939,42,7,12,61,9.125454072,103,444,42.73380498,10.31607004,8.753145257,9.463658263,449,27,490,34,476,524
33,1000,40,7.7,28,76,945,35,11,9,55,8.62296542,122,415,41.97935482,10.63701798,7.946697843,9.232377647,451,23,494,32,474,526
34,1000,40,7.7,28,83,956,27,6,11,44,8.450860804,116,441,42.05250812,9.985911138,8.059974344,8.877728444,500,22,456,22,522,478
36,1000,40,7.7,28,63,959,24,8,9,41,8.304228837,81,409,41.30289808,9.604857633,8.031383615,8.577074059,486,14,473,27,500,500
35,1000,40,7.7,28,63,948,28,13,11,52,8.654002887,114,411,41.70414682,10.13899025,8.100863517,9.220578841,483,23,465,29,506,494
39,1000,40,7.7,28,39,960,23,9,8,40,7.972528834,100,411,40.68495484,9.145000293,7.731672264,8.216293129,485,18,475,22,503,497
37,1000,40,7.7,28,69,956,24,13,7,44,8.33672006,110,426,41.83666164,9.932721063,7.716988973,8.927401252,472,16,484,28,488,512
38,1000,40,7.7,28,56,964,26,5,5,36,7.994852681,120,405,41.57444138,9.489764685,7.556917139,8.452490845,495,16,469,20,511,489
32,1000,40,7.7,28,93,938,42,8,12,62,9.10926292,97,403,42.74760281,10.36241976,8.724050042,9.459189122,449,27,489,35,476,524
34,1000,40,7.7,28,84,956,27,6,11,44,8.473896328,96,424,42.09295847,10.02239386,8.076515181,8.907856494,500,22,456,22,522,478
33,1000,40,7.7,28,77,944,36,11,9,56,8.638306734,110,418,42.04598126,10.6484527,7.962257535,9.247522172,451,23,493,33,474,526
36,1000,40,7.7,28,64,958,24,8,10,42,8.332767092,92,415,41.3207925,9.61418843,8.043386176,8.622148008,486,14,472,28,500,500
37,1000,40,7.7,28,70,957,24,12,7,43,8.34666125,92,429,41.85015646,9.93430166,7.74090301,8.924024573,472,16,485,27,488,512
35,1000,40,7.7,28,64,949,27,13,11,51,8.652361795,123,406,41.7378857,10.16664439,8.086893241,9.231566427,483,23,466,28,506,494
39,1000,40,7.7,28,40,960,23,9,8,40,8.018629882,96,416,40.69381333,9.163222025,7.821187688,8.218455683,485,18,475,22,503,497
38,1000,40,7.7,28,57,964,26,5,5,36,8.008607891,107,396,41.62940901,9.492502349,7.593133655,8.442774221,495,16,469,20,511,489
34,1000,40,7.7,28,85,954,29,6,11,46,8.510756291,105,438,42.10721004,10.04413556,8.077341402,8.984067112,499,23,455,23,522,478
33,1000,40,7.7,28,78,945,36,10,9,55,8.640381095,116,458,42.0857058,10.68285684,7.974797157,9.240165861,452,22,493,33,474,526
32,1000,40,7.7,28,94,937,43,8,12,63,9.140272258,105,436,42.79664838,10.37636115,8.731088189,9.511973816,449,27,488,36,476,524
36,1000,40,7.7,28,65,958,24,8,10,42,8.413064847,106,398,41.33096173,9.638854104,8.094228778,8.731900916,486,14,472,28,500,500
37,1000,40,7.7,28,71,957,24,12,7,43,8.337098726,101,425,41.87703575,9.973234396,7.740007099,8.906201683,472,16,485,27,488,512
35,1000,40,7.7,28,65,952,25,12,11,48,8.659651557,111,429,41.77385351,10.17540439,8.130550898,9.201604864,483,23,469,25,506,494
39,1000,40,7.7,28,41,960,23,9,8,40,8.01543463,99,408,40.71846654,9.194569557,7.826474336,8.206676135,485,18,475,22,503,497
38,1000,40,7.7,28,58,963,27,5,5,37,8.025534417,100,408,41.69435853,9.524382217,7.60641519,8.463509724,494,17,469,20,511,489
34,1000,40,7.7,28,86,954,29,6,11,46,8.542855499,109,438,42.08035148,10.04366718,8.108727697,9.016944856,499,23,455,23,522,478
33,1000,40,7.7,28,79,944,36,11,9,56,8.658392737,113,437,42.10939145,10.70501151,7.990072091,9.260643661,452,22,492,34,474,526
36,1000,40,7.7,28,66,957,25,8,10,43,8.441149274,85,442,41.34004319,9.641591535,8.151013757,8.731284791,485,15,472,28,500,500
37,1000,40,7.7,28,72,957,23,13,7,43,8.360804269,92,408,41.88521048,9.992483713,7.772906882,8.921143966,472,16,485,27,488,512
32,1000,40,7.7,28,95,937,42,9,12,63,9.167325964,102,446,42.82108089,10.39720853,8.729773106,9.564797645,449,27,488,36,476,524
35,1000,40,7.7,28,66,950,25,13,12,50,8.684978495,102,392,41.81133551,10.17622135,8.145207643,9.23786119,483,23,467,27,506,494
39,1000,40,7.7,28,42,959,24,9,8,41,8.063063699,107,439,40.73990076,9.213622317,7.881283947,8.247037975,484,19,475,22,503,497
38,1000,40,7.7,28,59,964,26,5,5,36,8.026704207,90,419,41.7269828,9.522634924,7.601363702,8.471180686,495,16,469,20,511,489
34,1000,40,7.7,28,87,954,29,6,11,46,8.514716013,131,411,42.11860167,10.06378401,8.138116127,8.925981998,499,23,455,23,522,478
37,1000,40,7.7,28,73,956,24,13,7,44,8.386818174,115,387,41.9134019,9.989139194,7.84689639,8.901431124,471,17,485,27,488,512
33,1000,40,7.7,28,80,943,37,11,9,57,8.667889786,121,404,42.13009521,10.71394832,7.975693737,9.291655808,452,22,491,35,474,526
36,1000,40,7.7,28,67,958,26,7,9,42,8.412550078,99,417,41.34867128,9.669812711,8.155435152,8.669665003,485,15,473,27,500,500
32,1000,40,7.7,28,96,937,42,9,12,63,9.191448641,109,429,42.85488038,10.41510864,8.783573061,9.561961571,449,27,488,36,476,524
35,1000,40,7.7,28,67,950,26,13,11,50,8.708621231,113,413,41.8373492,10.19559535,8.166424917,9.263988306,483,23,467,27,506,494
39,1000,40,7.7,28,43,956,27,9,8,44,8.069489634,114,419,40.78020377,9.229589184,7.915513467,8.225324668,483,20,473,24,503,497
34,1000,40,7.7,28,88,954,28,7,11,46,8.526476552,103,399,42.13686223,10.10021006,8.149029974,8.938667166,499,23,455,23,522,478
38,1000,40,7.7,28,60,964,27,4,5,36,8.056230586,102,418,41.74863444,9.544657924,7.648477728,8.482328154,494,17,470,19,511,489
37,1000,40,7.7,28,74,954,26,14,6,46,8.40967988,105,422,41.91394512,10.00962504,7.867131391,8.926796408,471,17,483,29,488,512
33,1000,40,7.7,28,81,944,36,11,9,56,8.672431729,93,415,42.17801482,10.73962365,7.975840019,9.300158859,452,22,492,34,474,526
36,1000,40,7.7,28,68,958,26,7,9,42,8.434264527,118,393,41.35614612,9.662035168,8.159260842,8.709268212,485,15,473,27,500,500
39,1000,40,7.7,28,44,955,28,9,8,45,8.085812477,83,417,40.83443295,9.242723626,7.922366576,8.251231567,483,20,472,25,503,497
35,1000,40,7.7,28,68,949,27,13,11,51,8.750573612,99,429,41.8530688,10.21386981,8.202558096,9.311901245,483,23,466,28,506,494
34,1000,40,7.7,28,89,954,28,7,11,46,8.517474484,120,435,42.14876467,10.09995454,8.141367661,8.928202017,499,23,455,23,522,478
32,1000,40,7.7,28,97,936,42,10,12,64,9.196512832,105,393,42.88939978,10.42289839,8.801939123,9.554942384,448,28,488,36,476,524
38,1000,40,7.7,28,61,964,26,5,5,36,8.092970628,101,407,41.74990508,9.565135903,7.702092913,8.501433843,494,17,470,19,511,489
37,1000,40,7.7,28,75,953,25,16,6,47,8.437017794,98,415,41.95808811,10.01727407,7.908081472,8.941160225,471,17,482,30,488,512
33,1000,40,7.7,28,82,944,36,11,9,56,8.68954165,112,421,42.24476557,10.75212014,7.989170177,9.320674878,452,22,492,34,474,526
36,1000,40,7.7,28,69,958,25,8,9,42,8.468354949,98,399,41.42549209,9.67696296,8.183097575,8.753612323,485,15,473,27,500,500
34,1000,40,7.7,28,90,955,28,6,11,45,8.530345448,114,442,42.17076449,10.12514953,8.150404857,8.945259649,500,22,455,23,522,478
39,1000,40,7.7,28,45,955,28,9,8,45,8.11430186,94,415,40.85121329,9.269345477,7.927657645,8.303199326,483,20,472,25,503,497
35,1000,40,7.7,28,69,949,26,14,11,51,8.781962742,109,429,41.88270426,10.23086929,8.218636036,9.358973497,483,23,466,28,506,494
38,1000,40,7.7,28,62,965,25,5,5,35,8.119273104,118,426,41.78178693,9.583381519,7.766872401,8.487528235,494,17,471,18,511,489
32,1000,40,7.7,28,98,934,45,10,11,66,9.188060492,120,445,42.90913668,10.43876169,8.788949296,9.550611883,448,28,486,38,476,524
37,1000,40,7.7,28,76,952,26,15,7,48,8.493710051,91,422,41.9770385,10.04916659,7.947065701,9.014730447,471,17,481,31,488,512
33,1000,40,7.7,28,83,944,36,11,9,56,8.663608715,108,432,42.25850937,10.74122912,7.914454987,9.338701617,452,22,492,34,474,526
36,1000,40,7.7,28,70,957,26,8,9,43,8.492005311,119,432,41.45120479,9.693110959,8.194286355,8.789724267,485,15,472,28,500,500
34,1000,40,7.7,28,91,955,28,6,11,45,8.536381472,107,427,42.19245743,10.15495517,8.182702005,8.922617208,500,22,455,23,522,478
39,1000,40,7.7,28,46,956,27,8,9,44,8.123759292,105,398,40.8838569,9.252021733,7.934255284,8.315551075,484,19,472,25,503,497
35,1000,40,7.7,28,70,947,28,14,11,53,8.831848626,115,425,41.904869,10.2570621,8.2722124,9.405079254,481,25,466,28,506,494
37,1000,40,7.7,28,77,953,25,15,7,47,8.516202833,105,420,42.0190415,10.07238674,7.973338421,9.033620476,472,16,481,31,488,512
38,1000,40,7.7,28,63,965,25,5,5,35,8.154040759,113,419,41.80878954,9.567522108,7.798931039,8.525126787,494,17,471,18,511,489
32,1000,40,7.7,28,99,934,44,11,11,66,9.203716403,120,419,42.94758156,10.44693343,8.804252257,9.566588413,448,28,486,38,476,524
33,1000,40,7.7,28,84,944,36,11,9,56,8.697979522,106,416,42.25641313,10.76229346,7.968860639,9.355018212,452,22,492,34,474,526
36,1000,40,7.7,28,71,957,26,8,9,43,8.500075147,104,426,41.47373225,9.686531728,8.227910637,8.772239656,485,15,472,28,500,500
34,1000,40,7.7,28,92,955,28,6,11,45,8.595563337,104,432,42.25315359,10.17540667,8.283854681,8.93596484,500,22,455,23,522,478
39,1000,40,7.7,28,47,954,29,8,9,46,8.156726818,113,401,40.88123419,9.267051645,7.954734655,8.361157518,484,19,470,27,503,497
35,1000,40,7.7,28,71,949,28,13,10,51,8.848908457,105,410,41.91384145,10.2634309,8.31961168,9.391062645,482,24,467,27,506,494
37,1000,40,7.7,28,78,951,27,15,7,49,8.54847543,104,434,42.05738072,10.06885752,8.030416536,9.042250314,471,17,480,32,488,512
38,1000,40,7.7,28,64,964,26,5,5,36,8.169740113,99,420,41.82076383,9.588210135,7.823868193,8.531172733,493,18,471,18,511,489
32,1000,40,7.7,28,100,934,44,11,11,66,9.24055574,121,437,42.9752171,10.47398564,8.865459483,9.581292034,448,28,486,38,476,524
34,1000,40,7.7,28,93,955,28,6,11,45,8.610453391,96,433,42.27288176,10.18097603,8.300487927,8.94895124,500,22,455,23,522,478
33,1000,40,7.7,28,85,944,36,11,9,56,8.767934188,104,399,42.29839606,10.79490057,8.070508875,9.396412512,452,22,492,34,474,526
36,1000,40,7.7,28,72,959,25,7,9,41,8.514482927,114,398,41.48018257,9.699187078,8.245473051,8.783492802,486,14,473,27,500,500
37,1000,40,7.7,28,79,952,27,14,7,48,8.577161913,113,409,42.09395331,10.09972335,8.100725833,9.031265052,471,17,481,31,488,512
39,1000,40,7.7,28,48,955,30,6,9,45,8.151432434,92,403,40.89630488,9.282000498,7.984168336,8.320715817,483,20,472,25,503,497
35,1000,40,7.7,28,72,952,25,13,10,48,8.877545837,109,407,41.93172902,10.28877082,8.355422386,9.41235245,483,23,469,25,506,494
38,1000,40,7.7,28,65,963,27,5,5,37,8.204403511,90,425,41.82684468,9.613709781,7.848917084,8.575883193,492,19,471,18,511,489
34,1000,40,7.7,28,94,955,26,8,11,45,8.640947543,95,409,42.27901932,10.19268145,8.314154347,8.99782212,500,22,455,23,522,478
33,1000,40,7.7,28,86,945,34,12,9,55,8.77466501,105,433,42.33163609,10.80927668,8.094345966,9.387728178,452,22,493,33,474,526
32,1000,40,7.7,28,101,933,45,11,11,67,9.280202781,107,397,42.99037529,10.49641189,8.906590638,9.619590911,448,28,485,39,476,524
36,1000,40,7.7,28,73,959,24,9,8,41,8.526630336,108,412,41.48697274,9.691537689,8.260249704,8.793010967,486,14,473,27,500,500
37,1000,40,7.7,28,80,952,27,14,7,48,8.57938172,116,426,42.13854175,10.13972393,8.052659687,9.081413658,471,17,481,31,488,512
39,1000,40,7.7,28,49,953,31,7,9,47,8.206486097,103,418,40.93188831,9.302981874,8.050186803,8.364672304,482,21,471,26,503,497
35,1000,40,7.7,28,73,951,26,12,11,49,8.915450608,114,412,41.9792324,10.30248476,8.39263314,9.450968095,482,24,469,25,506,494
38,1000,40,7.7,28,66,962,28,5,5,38,8.231217401,110,424,41.85477204,9.618826257,7.886348423,8.591601957,492,19,470,19,511,489
34,1000,40,7.7,28,95,954,27,8,11,46,8.687409885,78,415,42.32052217,10.18029647,8.353337009,9.052234238,500,22,454,24,522,478
33,1000,40,7.7,28,87,943,36,12,9,57,8.787273382,109,448,42.3662185,10.82343911,8.10771097,9.39965472,450,24,493,33,474,526
36,1000,40,7.7,28,74,962,22,8,8,38,8.500849522,115,383,41.50612622,9.694421306,8.236027519,8.765671525,486,14,476,24,500,500
37,1000,40,7.7,28,81,953,26,14,7,47,8.576051486,117,435,42.16635755,10.17691796,8.081245601,9.047663345,471,17,482,30,488,512
32,1000,40,7.7,28,102,933,45,11,11,67,9.322954058,104,409,43.00456457,10.50928045,8.952965592,9.659050451,448,28,485,39,476,524
39,1000,40,7.7,28,50,953,31,7,9,47,8.225682186,104,402,40.94865605,9.321931797,8.039819762,8.413788421,482,21,471,26,503,497
35,1000,40,7.7,28,74,951,26,12,11,49,8.929768646,101,448,41.9864917,10.32992307,8.417894049,9.454077443,481,25,470,24,506,494
38,1000,40,7.7,28,67,961,29,5,5,39,8.260513368,114,419,41.89950298,9.641682683,7.920569683,8.615751043,492,19,469,20,511,489
34,1000,40,7.7,28,96,954,27,8,11,46,8.706953973,109,445,42.34766216,10.20475407,8.386018907,9.057431179,499,23,455,23,522,478
33,1000,40,7.7,28,88,944,37,10,9,56,8.794122156,114,427,42.39540813,10.81797174,8.154604622,9.370417425,449,25,495,31,474,526
37,1000,40,7.7,28,82,950,26,17,7,50,8.611243327,97,438,42.18271106,10.1910193,8.101375894,9.097210723,469,19,481,31,488,512
36,1000,40,7.7,28,75,964,20,8,8,36,8.489767673,87,400,41.52114192,9.7024514,8.241754358,8.737780988,486,14,478,22,500,500
32,1000,40,7.7,28,103,933,45,11,11,67,9.344770742,117,443,43.02516152,10.53556551,8.98718995,9.669596041,448,28,485,39,476,524
39,1000,40,7.7,28,51,952,32,8,8,48,8.220964261,105,430,40.97710387,9.334462796,8.023153976,8.421162597,482,21,470,27,503,497
35,1000,40,7.7,28,75,949,26,14,11,51,8.944947969,118,448,42.03433561,10.34995252,8.447671499,9.45430403,481,25,468,26,506,494
38,1000,40,7.7,28,68,962,28,5,5,38,8.286699898,100,424,41.93908153,9.644825783,7.983522156,8.603517538,492,19,470,19,511,489
34,1000,40,7.7,28,97,955,27,7,11,45,8.739253059,69,450,42.38390414,10.21355267,8.405642173,9.103572896,500,22,455,23,522,478
37,1000,40,7.7,28,83,951,26,15,8,49,8.659260179,112,410,42.209973,10.20184883,8.168287546,9.12721847,470,18,481,31,488,512
33,1000,40,7.7,28,89,944,37,10,9,56,8.778829601,109,438,42.42181051,10.84894581,8.117360359,9.374906446,450,24,494,32,474,526
36,1000,40,7.7,28,76,964,21,8,7,36,8.519716352,97,418,41.56449757,9.708888421,8.230814957,8.808617747,486,14,478,22,500,500
39,1000,40,7.7,28,52,951,32,9,8,49,8.239952014,92,394,40.99369041,9.33839658,8.04249513,8.439792683,481,22,470,27,503,497
35,1000,40,7.7,28,76,950,26,13,11,50,9.004362402,125,444,42.05757066,10.35678302,8.514754903,9.5058632,481,25,469,25,506,494
34,1000,40,7.7,28,98,955,27,7,11,45,8.716845759,113,415,42.41831644,10.24839088,8.383833403,9.080511971,500,22,455,23,522,478
32,1000,40,7.7,28,104,933,46,10,11,67,9.354285684,101,433,43.03074376,10.54736562,8.994759182,9.680878461,448,28,485,39,476,524
40,1000,40,7.7,28,0,943,24,18,15,57,7.156,101,394,40.03518224,8.912871649,5.996108949,8.382716049,501,13,442,44,514,486
38,1000,40,7.7,28,69,961,29,5,5,39,8.281873683,97,427,41.95670574,9.670055144,8.01006141,8.565914728,491,20,470,19,511,489
37,1000,40,7.7,28,84,951,26,15,8,49,8.67593668,119,449,42.24717624,10.20861746,8.190881655,9.13825475,470,18,481,31,488,512
33,1000,40,7.7,28,90,943,38,10,9,57,8.806665099,125,441,42.4267196,10.83628845,8.140921822,9.406593451,449,25,494,32,474,526
36,1000,40,7.7,28,77,962,21,10,7,38,8.55595364,99,395,41.5806243,9.702587017,8.276632888,8.835274392,485,15,477,23,500,500
34,1000,40,7.7,28,99,955,27,7,11,45,8.724663619,97,440,42.45439368,10.26476387,8.401933773,9.077100815,500,22,455,23,522,478
39,1000,40,7.7,28,53,951,31,10,8,49,8.27808359,93,432,41.03339335,9.357143182,8.061753379,8.497025433,481,22,470,27,503,497
35,1000,40,7.7,28,77,949,27,13,11,51,9.025745577,115,432,42.06376113,10.39317264,8.52723308,9.536367688,481,25,468,26,506,494
38,1000,40,7.7,28,70,959,31,5,5,41,8.314893229,106,417,41.97811387,9.681721852,8.068067733,8.572823349,489,22,470,19,511,489
37,1000,40,7.7,28,85,952,24,16,8,48,8.697577496,91,471,42.28627476,10.22826157,8.201365299,9.170529746,471,17,481,31,488,512
40,1000,40,7.7,28,1,943,26,17,14,57,7.155001976,104,411,40.05893877,8.907314753,5.997766795,8.378909142,500,14,443,43,514,486
33,1000,40,7.7,28,91,945,37,8,10,55,8.819705855,123,414,42.44551783,10.84188092,8.14235919,9.430090493,451,23,494,32,474,526
36,1000,40,7.7,28,78,960,22,11,7,40,8.585790232,114,431,41.60883009,9.721439139,8.288079077,8.883501386,485,15,475,25,500,500
34,1000,40,7.7,28,100,956,26,7,11,44,8.732562623,107,429,42.49312207,10.28152976,8.433454635,9.059203565,500,22,456,22,522,478
39,1000,40,7.7,28,54,952,30,10,8,48,8.271291635,121,397,41.03538541,9.377659757,8.05817139,8.48698476,481,22,471,26,503,497
35,1000,40,7.7,28,78,949,28,12,11,51,9.047927592,103,471,42.08557708,10.3983114,8.584090663,9.523031815,481,25,468,26,506,494
38,1000,40,7.7,28,71,959,31,5,5,41,8.336483252,109,399,42.00500203,9.706672391,8.058866888,8.626589513,490,21,469,20,511,489
37,1000,40,7.7,28,86,952,23,16,9,48,8.679087383,116,423,42.29735861,10.22351979,8.130016522,9.202420547,472,16,480,32,488,512
40,1000,40,7.7,28,2,945,26,14,15,55,7.139282615,97,405,40.07933433,8.902996937,5.966535477,8.379595433,501,13,444,42,514,486
33,1000,40,7.7,28,92,944,37,9,10,56,8.862258555,109,430,42.4885989,10.85693312,8.181347813,9.475854927,451,23,493,33,474,526
36,1000,40,7.7,28,79,960,20,12,8,40,8.641005426,105,422,41.64197417,9.728597629,8.32330314,8.958707713,485,15,475,25,500,500
34,1000,40,7.7,28,101,957,25,6,12,43,8.745779468,112,433,42.50565519,10.29912916,8.462583195,9.055044017,500,22,457,21,522,478
39,1000,40,7.7,28,55,953,29,9,9,47,8.334178816,93,419,41.07093766,9.396155795,8.106713807,8.564389881,482,21,471,26,503,497
35,1000,40,7.7,28,79,950,28,11,11,50,9.032500827,96,419,42.1393967,10.40087259,8.555335756,9.521256954,481,25,469,25,506,494
37,1000,40,7.7,28,87,952,23,16,9,48,8.69929169,100,418,42.34570339,10.25003773,8.158019018,9.215192205,472,16,480,32,488,512
38,1000,40,7.7,28,72,960,31,4,5,40,8.338993842,98,453,42.01058071,9.718770027,8.084799722,8.604624099,490,21,470,19,511,489
33,1000,40,7.7,28,93,947,35,9,9,53,8.862808376,101,426,42.49243966,10.8749048,8.2423361,9.421941188,453,21,494,32,474,526
40,1000,40,7.7,28,3,945,27,13,15,55,7.168659728,79,386,40.09074269,8.922214155,6.00339582,8.401058181,501,13,444,42,514,486
34,1000,40,7.7,28,102,955,26,7,12,45,8.768894773,124,414,42.52125082,10.33556195,8.511913658,9.049531053,499,23,456,22,522,478
36,1000,40,7.7,28,80,957,22,13,8,43,8.677729269,93,423,41.66494258,9.747852043,8.366265646,8.989192893,483,17,474,26,500,500
37,1000,40,7.7,28,88,953,23,15,9,47,8.700745725,108,435,42.36119872,10.27172237,8.164446733,9.211905701,472,16,481,31,488,512
39,1000,40,7.7,28,56,951,30,10,9,49,8.320061884,107,413,41.08475466,9.408606134,8.094478564,8.548368544,482,21,469,28,503,497
35,1000,40,7.7,28,80,949,28,12,11,51,9.054616433,116,408,42.16403555,10.40102065,8.57774733,9.543069402,481,25,468,26,506,494
38,1000,40,7.7,28,73,961,30,3,6,39,8.359185416,94,430,42.01578686,9.733635249,8.140784922,8.5874117,491,20,470,19,511,489
34,1000,40,7.7,28,103,956,25,7,12,44,8.79796082,103,445,42.55782553,10.34609212,8.525873198,9.095094164,500,22,456,22,522,478
33,1000,40,7.7,28,94,947,35,9,9,53,8.861034876,114,424,42.50023418,10.9003703,8.232178784,9.427722684,453,21,494,32,474,526
36,1000,40,7.7,28,81,957,22,13,8,43,8.676706025,107,422,41.70883129,9.771573593,8.381206189,8.972205862,482,18,475,25,500,500
40,1000,40,7.7,28,4,946,27,12,15,54,7.168679111,90,382,40.14459491,8.966307572,5.961132284,8.445796537,501,13,445,41,514,486
37,1000,40,7.7,28,89,953,23,15,9,47,8.721250175,111,418,42.37162115,10.27677834,8.170069804,9.246593966,472,16,481,31,488,512
39,1000,40,7.7,28,57,950,31,10,9,50,8.375177868,97,413,41.10676272,9.430487655,8.164445175,8.588454619,481,22,469,28,503,497
35,1000,40,7.7,28,81,949,29,11,11,51,9.052659659,108,427,42.18867846,10.43016151,8.576116353,9.540778916,480,26,469,25,506,494
38,1000,40,7.7,28,74,962,30,3,5,38,8.332874652,112,435,42.05438456,9.745090076,8.126728955,8.548294797,491,20,471,18,511,489
34,1000,40,7.7,28,104,953,28,6,13,47,8.850312101,97,424,42.59147141,10.38098293,8.577477069,9.148261654,498,24,455,23,522,478
41,1000,40,7.7,28,0,944,20,20,16,56,7.309,96,435,40.17876911,8.810468193,6.839285714,7.786290323,485,19,459,37,504,496
33,1000,40,7.7,28,95,946,36,9,9,54,8.882339915,101,413,42.53406544,10.92555497,8.217681234,9.481290894,453,21,493,33,474,526
36,1000,40,7.7,28,82,958,22,12,8,42,8.67479079,96,433,41.73092345,9.787039816,8.387102173,8.962479407,483,17,475,25,500,500
37,1000,40,7.7,28,90,953,23,15,9,47,8.734382511,111,415,42.4446885,10.27137672,8.176242011,9.266360175,472,16,481,31,488,512
40,1000,40,7.7,28,5,947,26,12,15,53,7.170352994,87,399,40.15101254,8.971721244,5.989832496,8.418887018,501,13,446,40,514,486
39,1000,40,7.7,28,58,950,31,10,9,50,8.402262894,97,416,41.14301513,9.44732037,8.22916464,8.577450866,480,23,470,27,503,497
35,1000,40,7.7,28,82,949,29,11,11,51,9.053431732,120,437,42.21169925,10.45558871,8.576435823,9.542014586,480,26,469,25,506,494
38,1000,40,7.7,28,75,961,30,3,6,39,8.348308445,103,424,42.09732294,9.757717272,8.167048534,8.537723198,491,20,470,19,511,489
41,1000,40,7.7,28,1,947,20,18,15,53,7.269587027,91,400,40.19263691,8.832717472,6.796815035,7.749984374,488,16,459,37,504,496
33,1000,40,7.7,28,96,946,36,9,9,54,8.914907923,117,413,42.54876014,10.97613353,8.239359152,9.523672405,453,21,493,33,474,526
37,1000,40,7.7,28,91,953,23,15,9,47,8.771742883,116,441,42.46625256,10.27561997,8.227509175,9.290465636,472,16,481,31,488,512
36,1000,40,7.7,28,83,958,22,12,8,42,8.691004644,105,408,41.77718846,9.820286651,8.40008328,8.981926008,483,17,475,25,500,500
39,1000,40,7.7,28,59,951,32,10,7,49,8.419020546,102,415,41.19508894,9.46981549,8.284853306,8.554807511,480,23,471,26,503,497
40,1000,40,7.7,28,6,949,25,11,15,51,7.16307369,84,398,40.18481323,9.002532015,5.989722578,8.404025278,501,13,448,38,514,486
35,1000,40,7.7,28,83,950,28,10,12,50,9.059603158,98,431,42.24170228,10.46774734,8.601142626,9.529200384,480,26,470,24,506,494
38,1000,40,7.7,28,76,961,30,3,6,39,8.380757012,84,444,42.1158957,9.786084941,8.219690449,8.549069924,491,20,470,19,511,489
41,1000,40,7.7,28,2,947,20,18,15,53,7.335351031,109,404,40.22737436,8.844699124,6.876429257,7.80167477,488,16,459,37,504,496
37,1000,40,7.7,28,92,955,22,14,9,45,8.789358577,115,420,42.48909357,10.28052671,8.228439458,9.323984612,473,15,482,30,488,512
33,1000,40,7.7,28,97,946,36,9,9,54,8.948781824,104,439,42.54772242,10.98278515,8.284445743,9.547442094,453,21,493,33,474,526
36,1000,40,7.7,28,84,957,23,12,8,43,8.706898507,98,435,41.81782192,9.821267594,8.395664832,9.018132181,483,17,474,26,500,500
39,1000,40,7.7,28,60,952,31,10,7,48,8.436997096,104,445,41.23888474,9.49894649,8.342714448,8.532417965,480,23,472,25,503,497
35,1000,40,7.7,28,84,951,28,9,12,49,9.077106358,106,419,42.26301618,10.47184915,8.603449887,9.562268655,482,24,469,25,506,494
40,1000,40,7.7,28,7,951,24,11,14,49,7.1810022,102,402,40.23044763,9.024197213,6.021121008,8.407707822,501,13,450,36,514,486
38,1000,40,7.7,28,77,960,29,4,7,40,8.419508642,101,436,42.12908351,9.803487818,8.25949693,8.586719245,490,21,470,19,511,489
41,1000,40,7.7,28,3,947,20,18,15,53,7.394849614,91,406,40.24977305,8.863717085,6.935636577,7.861469313,488,16,459,37,504,496
37,1000,40,7.7,28,93,952,25,14,9,48,8.803325647,112,433,42.53545199,10.29109868,8.271866839,9.309872323,471,17,481,31,488,512
33,1000,40,7.7,28,98,947,35,9,9,53,8.943484688,119,460,42.60735096,10.9772893,8.279393584,9.5419242,453,21,494,32,474,526
36,1000,40,7.7,28,85,955,25,13,7,45,8.760864699,119,438,41.8567321,9.839245803,8.438697423,9.083031975,481,19,474,26,500,500
39,1000,40,7.7,28,61,952,32,9,7,48,8.450940642,109,428,41.26253865,9.514651239,8.33251468,8.570796293,480,23,472,25,503,497
35,1000,40,7.7,28,85,951,28,9,12,49,9.088999874,106,417,42.2557125,10.48559902,8.621061856,9.568304807,482,24,469,25,506,494
38,1000,40,7.7,28,78,960,29,4,7,40,8.439191313,98,424,42.18271366,9.836517323,8.236131505,8.651386736,491,20,469,20,511,489
41,1000,40,7.7,28,4,947,20,18,15,53,7.428503406,76,413,40.29939555,8.880960707,6.981164415,7.883057543,488,16,459,37,504,496
40,1000,40,7.7,28,8,950,26,11,13,50,7.201006318,97,425,40.26644571,9.054150769,6.07802989,8.388680977,500,14,450,36,514,486
37,1000,40,7.7,28,94,952,24,15,9,48,8.85432323,100,432,42.56666361,10.30920518,8.263204992,9.4177328,471,17,481,31,488,512
33,1000,40,7.7,28,99,948,33,10,9,52,8.970576365,109,418,42.65317334,11.00831326,8.337049784,9.541472941,453,21,495,31,474,526
36,1000,40,7.7,28,86,956,24,13,7,44,8.761770686,101,408,41.91862567,9.847471074,8.447295339,9.076246033,482,18,474,26,500,500
39,1000,40,7.7,28,62,951,33,9,7,49,8.483219526,109,431,41.29320812,9.540304998,8.359648598,8.608282256,479,24,472,25,503,497
35,1000,40,7.7,28,86,950,29,9,12,50,9.122342874,109,428,42.30159694,10.49133242,8.656268744,9.599738644,482,24,468,26,506,494
38,1000,40,7.7,28,79,960,28,5,7,40,8.457878894,100,438,42.21298485,9.835057503,8.213695042,8.713048522,492,19,468,21,511,489
41,1000,40,7.7,28,5,948,21,17,14,52,7.437318274,109,415,40.31492298,8.90221331,6.999459347,7.882239441,488,16,460,36,504,496
37,1000,40,7.7,28,95,953,22,16,9,47,8.899222509,103,419,42.57489001,10.32750162,8.330155178,9.441614808,471,17,482,30,488,512
40,1000,40,7.7,28,9,951,26,10,13,49,7.211702292,90,391,40.3051859,9.070336536,6.076034476,8.41279953,501,13,450,36,514,486
33,1000,40,7.7,28,100,948,33,10,9,52,8.984214599,111,464,42.71731977,11.03811709,8.324253545,9.578932354,453,21,495,31,474,526
36,1000,40,7.7,28,87,956,23,14,7,44,8.79658157,97,420,41.96435141,9.881593128,8.497377063,9.095786077,482,18,474,26,500,500
39,1000,40,7.7,28,63,950,34,9,7,50,8.501170492,96,415,41.32448824,9.554177894,8.391716229,8.611946135,479,24,471,26,503,497
41,1000,40,7.7,28,6,948,22,16,14,52,7.468496988,84,418,40.37779174,8.918597339,7.065718476,7.877771927,487,17,461,35,504,496
35,1000,40,7.7,28,87,950,29,9,12,50,9.131634301,116,442,42.32855706,10.50332764,8.696713445,9.577120036,482,24,468,26,506,494
38,1000,40,7.7,28,80,960,28,5,7,40,8.502230387,93,429,42.23346585,9.877991624,8.259731332,8.755639419,492,19,468,21,511,489
37,1000,40,7.7,28,96,953,22,16,9,47,8.879900746,104,406,42.60132474,10.32862104,8.296185086,9.436254734,471,17,482,30,488,512
40,1000,40,7.7,28,10,951,26,10,13,49,7.222492404,88,405,40.33269043,9.08023515,6.098277586,8.411476801,502,12,449,37,514,486
33,1000,40,7.7,28,101,947,34,10,9,53,9.0131082,104,405,42.70029799,11.05723352,8.381563579,9.582218751,452,22,495,31,474,526
36,1000,40,7.7,28,88,954,24,15,7,46,8.837565051,103,426,41.98730304,9.903626889,8.53992412,9.135205982,481,19,473,27,500,500
41,1000,40,7.7,28,7,947,24,15,14,53,7.503649899,114,393,40.39163451,8.943206799,7.141108125,7.87203912,486,18,461,35,504,496
39,1000,40,7.7,28,64,950,33,10,7,50,8.521163344,87,414,41.342599,9.548364853,8.39974785,8.64404462,478,25,472,25,503,497
37,1000,40,7.7,28,97,953,22,16,9,47,8.890872936,115,425,42.65804876,10.34498928,8.353743807,9.402824138,471,17,482,30,488,512
35,1000,40,7.7,28,88,950,29,9,12,50,9.119512778,120,421,42.34985706,10.50582712,8.708596658,9.540410667,482,24,468,26,506,494
38,1000,40,7.7,28,81,957,31,5,7,43,8.541533325,97,420,42.29165865,9.885604183,8.300028148,8.793903765,489,22,468,21,511,489
33,1000,40,7.7,28,102,947,34,10,9,53,9.038027626,128,452,42.73971956,11.07935889,8.419924944,9.5950251,452,22,495,31,474,526
40,1000,40,7.7,28,11,952,25,10,13,48,7.212781909,88,408,40.35329289,9.096278677,6.118214484,8.370410832,502,12,450,36,514,486
36,1000,40,7.7,28,89,954,24,15,7,46,8.868382957,106,423,42.02040947,9.920471801,8.581045675,9.155720238,480,20,474,26,500,500
41,1000,40,7.7,28,8,947,25,14,14,53,7.499486998,83,398,40.41070724,8.969877303,7.126751992,7.878233859,486,18,461,35,504,496
37,1000,40,7.7,28,98,953,21,17,9,47,8.865791945,87,434,42.70702988,10.3666191,8.267735459,9.435814532,471,17,482,30,488,512
39,1000,40,7.7,28,65,950,34,10,6,50,8.508715305,98,402,41.35348955,9.57671972,8.41708399,8.601452833,478,25,472,25,503,497
35,1000,40,7.7,28,89,950,29,8,13,50,9.165614111,114,421,42.37157204,10.53617374,8.739654025,9.601921405,482,24,468,26,506,494
38,1000,40,7.7,28,82,958,32,5,5,42,8.5403915,116,427,42.31645674,9.911617442,8.334755294,8.755279233,490,21,468,21,511,489
33,1000,40,7.7,28,103,945,36,10,9,55,9.053178312,117,436,42.76015398,11.10235342,8.46964193,9.579026685,450,24,495,31,474,526
36,1000,40,7.7,28,90,953,25,15,7,47,8.925409338,102,442,42.03667359,9.938419829,8.633660028,9.217158648,480,20,473,27,500,500
40,1000,40,7.7,28,12,951,27,10,12,49,7.25208359,102,397,40.37196574,9.091164406,6.19377854,8.371360947,501,13,450,36,514,486
41,1000,40,7.7,28,9,947,25,14,14,53,7.534726305,81,416,40.44513942,8.985836238,7.178650416,7.896545353,486,18,461,35,504,496
37,1000,40,7.7,28,99,952,22,17,9,48,8.864547744,106,432,42.71257283,10.36312288,8.249397377,9.450862937,471,17,481,31,488,512
39,1000,40,7.7,28,66,950,34,10,6,50,8.552600801,87,397,41.3848088,9.580421546,8.468108359,8.638113273,478,25,472,25,503,497
38,1000,40,7.7,28,83,959,32,4,5,41,8.574572863,110,450,42.33975252,9.93006401,8.349314763,8.809965274,491,20,468,21,511,489
35,1000,40,7.7,28,90,950,29,8,13,50,9.175428824,110,427,42.42216606,10.54939137,8.751342626,9.609816712,482,24,468,26,506,494
33,1000,40,7.7,28,104,943,37,11,9,57,9.072426355,121,420,42.78031702,11.12466879,8.501520605,9.586892752,448,26,495,31,474,526
42,1000,40,7.7,28,0,944,30,10,16,56,7.073,100,419,39.78552857,8.814654672,5.801980198,8.36969697,491,14,453,42,505,495
41,1000,40,7.7,28,10,947,25,14,14,53,7.566832305,83,414,40.45073445,9.017735128,7.2007297,7.938839792,486,18,461,35,504,496
37,1000,40,7.7,28,100,949,25,17,9,51,8.873194167,116,416,42.72366481,10.38014802,8.245013227,9.471929125,469,19,480,32,488,512
36,1000,40,7.7,28,91,954,25,14,7,46,8.912503829,99,437,42.07256618,9.957757678,8.639773759,9.185233899,480,20,474,26,500,500
40,1000,40,7.7,28,13,952,27,9,12,48,7.251156601,94,430,40.39234829,9.096997222,6.201372282,8.361422321,501,13,451,35,514,486
39,1000,40,7.7,28,67,949,36,8,7,51,8.563143674,112,425,41.38935408,9.596833837,8.468398835,8.659032314,479,24,470,27,503,497
38,1000,40,7.7,28,84,959,32,4,5,41,8.571960272,99,446,42.38615851,9.951903692,8.310150673,8.845548625,491,20,468,21,511,489
35,1000,40,7.7,28,91,951,28,8,13,49,9.175213863,115,424,42.45326421,10.55670192,8.783638666,9.576301008,482,24,469,25,506,494
37,1000,40,7.7,28,101,949,27,17,7,51,8.832349708,111,453,42.76450459,10.39253268,8.267137641,9.37106746,469,19,480,32,488,512
41,1000,40,7.7,28,11,949,24,13,14,51,7.585260338,95,389,40.46033207,9.031517731,7.267332875,7.908315663,486,18,463,33,504,496
42,1000,40,7.7,28,1,943,31,10,16,57,7.120823397,82,412,39.82545997,8.802355953,5.832786427,8.434881315,491,14,452,43,505,495
36,1000,40,7.7,28,92,953,26,14,7,47,8.912697668,109,418,42.06567514,9.964353244,8.659003964,9.166391373,479,21,474,26,500,500
39,1000,40,7.7,28,68,948,37,8,7,52,8.574276983,88,424,41.40673435,9.601494816,8.439359888,8.710822855,480,23,468,29,503,497
40,1000,40,7.7,28,14,952,27,9,12,48,7.263705385,94,433,40.40417689,9.109023234,6.237959675,8.348547556,501,13,451,35,514,486
38,1000,40,7.7,28,85,960,31,4,5,40,8.602189077,97,445,42.45335443,9.956639232,8.33729087,8.879004995,492,19,468,21,511,489
35,1000,40,7.7,28,92,950,29,8,13,50,9.20970848,108,443,42.48413365,10.57669418,8.811716413,9.61736837,482,24,468,26,506,494
41,1000,40,7.7,28,12,951,23,13,13,49,7.572426565,94,412,40.48951724,9.048768277,7.290088683,7.859318283,486,18,465,31,504,496
37,1000,40,7.7,28,102,950,27,16,7,50,8.795033376,126,440,42.8075906,10.39932746,8.255430226,9.309342628,469,19,481,31,488,512
42,1000,40,7.7,28,2,942,32,9,17,58,7.161294959,83,391,39.85408166,8.834091516,5.886449753,8.461894613,490,15,452,43,505,495
36,1000,40,7.7,28,93,953,26,14,7,47,8.935263656,114,425,42.08410541,9.974632755,8.696810203,9.173717109,479,21,474,26,500,500
39,1000,40,7.7,28,69,947,37,9,7,53,8.611414439,101,432,41.42340961,9.627651172,8.4644909,8.760111702,480,23,467,30,503,497
40,1000,40,7.7,28,15,953,27,8,12,47,7.258945145,97,397,40.40928351,9.100885802,6.238412424,8.338273989,502,12,451,35,514,486
38,1000,40,7.7,28,86,960,31,4,5,40,8.616573109,100,443,42.4924889,9.986191139,8.362566818,8.882007085,492,19,468,21,511,489
35,1000,40,7.7,28,93,950,29,9,12,50,9.2317355,106,437,42.52375258,10.61510433,8.851808294,9.620891706,481,25,469,25,506,494
41,1000,40,7.7,28,13,951,22,14,13,49,7.610383941,87,416,40.50249251,9.049966711,7.291117329,7.934800015,486,18,465,31,504,496
37,1000,40,7.7,28,103,951,27,15,7,49,8.783650178,124,415,42.84717231,10.40514324,8.220495851,9.320406645,469,19,482,30,488,512
42,1000,40,7.7,28,3,942,31,10,17,58,7.165740984,96,379,39.90409053,8.83013715,5.882734299,8.474666996,490,15,452,43,505,495
36,1000,40,7.7,28,94,953,26,14,7,47,8.977557516,107,449,42.11883247,9.983469421,8.736963186,9.218151845,479,21,474,26,500,500
39,1000,40,7.7,28,70,946,38,9,7,54,8.623121892,117,421,41.44360948,9.643831585,8.497414422,8.750346957,479,24,467,30,503,497
38,1000,40,7.7,28,87,958,32,5,5,42,8.609053254,94,450,42.52393463,10.00856606,8.378580318,8.849895116,490,21,468,21,511,489
35,1000,40,7.7,28,94,948,32,9,11,52,9.239212457,116,448,42.56646346,10.63921364,8.813707173,9.675053902,480,26,468,26,506,494
40,1000,40,7.7,28,16,954,26,8,12,46,7.313189198,83,416,40.42575704,9.101076988,6.261311441,8.425668965,503,11,451,35,514,486
41,1000,40,7.7,28,14,950,23,14,13,50,7.613120983,99,431,40.54217718,9.038596749,7.299062711,7.93224471,485,19,465,31,504,496
37,1000,40,7.7,28,104,950,28,15,7,50,8.789045766,98,410,42.88348173,10.40852225,8.249262466,9.303526724,469,19,481,31,488,512
43,1000,40,7.7,28,0,943,23,10,24,57,7.352,100,404,39.93345244,8.899803422,6.437743191,8.318930041,491,23,452,34,514,486
42,1000,40,7.7,28,4,942,31,10,17,58,7.199034915,73,401,39.92708094,8.846976936,5.891760051,8.532719372,490,15,452,43,505,495
36,1000,40,7.7,28,95,952,26,14,8,48,9.009425185,99,432,42.17650502,9.984014561,8.733902199,9.284948171,479,21,473,27,500,500
39,1000,40,7.7,28,71,947,38,9,6,53,8.621165657,107,418,41.45922191,9.673644815,8.53530308,8.708064804,479,24,468,29,503,497
38,1000,40,7.7,28,88,959,31,5,5,41,8.615141807,93,420,42.53126414,10.02891221,8.364170068,8.877404708,491,20,468,21,511,489
41,1000,40,7.7,28,15,951,23,13,13,49,7.589928842,100,404,40.57864421,9.04484032,7.300573742,7.883950961,486,18,465,31,504,496
35,1000,40,7.7,28,95,947,33,8,12,53,9.260670534,109,439,42.58200408,10.65586184,8.833921811,9.697785624,480,26,467,27,506,494
40,1000,40,7.7,28,17,952,28,8,12,48,7.35022102,109,397,40.45869881,9.135080859,6.321203815,8.438523167,502,12,450,36,514,486
43,1000,40,7.7,28,1,943,23,10,24,57,7.398600001,93,373,39.98555562,8.908438726,6.517661455,8.330292208,491,23,452,34,514,486
42,1000,40,7.7,28,5,942,31,10,17,58,7.224463518,82,396,39.96447652,8.871596181,5.902352451,8.573283899,490,15,452,43,505,495
36,1000,40,7.7,28,96,953,24,14,9,47,9.056944591,104,422,42.20447507,10.03803348,8.747629144,9.366260038,480,20,473,27,500,500
39,1000,40,7.7,28,72,947,38,9,6,53,8.646484271,105,451,41.4970301,9.683870932,8.531297361,8.763061766,479,24,468,29,503,497
41,1000,40,7.7,28,16,951,24,12,13,49,7.613019399,108,420,40.60473895,9.066638658,7.356586621,7.873588189,485,19,466,30,504,496
38,1000,40,7.7,28,89,960,29,6,5,40,8.635939282,112,429,42.57786419,10.03904485,8.370718467,8.913092321,491,20,469,20,511,489
35,1000,40,7.7,28,96,947,32,10,11,53,9.274042031,86,429,42.60664141,10.67371023,8.885144418,9.67238655,480,26,467,27,506,494
43,1000,40,7.7,28,2,943,23,10,24,57,7.445528711,109,422,40.00530195,8.917708533,6.569126572,8.372423153,491,23,452,34,514,486
40,1000,40,7.7,28,18,952,28,8,12,48,7.363198614,100,380,40.47487446,9.149298414,6.330337185,8.455566462,502,12,450,36,514,486
42,1000,40,7.7,28,6,940,32,12,16,60,7.254585553,94,427,39.98002989,8.876220015,5.943193688,8.592470183,489,16,451,44,505,495
36,1000,40,7.7,28,97,951,25,14,10,49,9.073022909,104,410,42.21418365,10.05045194,8.738534092,9.407511726,479,21,472,28,500,500
41,1000,40,7.7,28,17,950,25,12,13,50,7.608093655,83,397,40.66411575,9.079596333,7.366087616,7.854003017,485,19,465,31,504,496
39,1000,40,7.7,28,73,947,39,8,6,53,8.687964067,99,437,41.54268025,9.701609446,8.614383296,8.762433136,478,25,469,28,503,497
38,1000,40,7.7,28,90,960,28,7,5,40,8.673382119,114,477,42.59843951,10.05260208,8.428671829,8.92910187,491,20,469,20,511,489
43,1000,40,7.7,28,3,946,21,9,24,54,7.443137542,79,426,40.03685331,8.933045604,6.590499913,8.344898328,493,21,453,33,514,486
35,1000,40,7.7,28,97,946,33,10,11,54,9.285605533,117,421,42.63286867,10.68772561,8.934686153,9.645049271,480,26,466,28,506,494
40,1000,40,7.7,28,19,952,29,8,11,48,7.371790374,102,399,40.51107496,9.152882028,6.311800974,8.492849122,503,11,449,37,514,486
42,1000,40,7.7,28,7,939,33,13,15,61,7.261076133,86,404,40.00382682,8.898324121,5.965414337,8.582912915,488,17,451,44,505,495
41,1000,40,7.7,28,18,950,25,12,13,50,7.641718088,90,374,40.70474839,9.093299127,7.422235471,7.864740748,485,19,465,31,504,496
39,1000,40,7.7,28,74,946,39,9,6,54,8.696396496,93,430,41.57252725,9.717704983,8.638526184,8.754965444,478,25,468,29,503,497
36,1000,40,7.7,28,98,949,27,14,10,51,9.120065875,120,411,42.23608636,10.07089791,8.77340715,9.4667246,477,23,472,28,500,500
43,1000,40,7.7,28,4,950,18,7,25,50,7.443330398,98,387,40.06575118,8.952187189,6.544965679,8.393452754,496,18,454,32,514,486
38,1000,40,7.7,28,91,959,29,7,5,41,8.683363423,108,436,42.62459781,10.06075172,8.43513625,8.94275828,491,20,468,21,511,489
35,1000,40,7.7,28,98,945,33,11,11,55,9.30163272,112,469,42.66616435,10.72068859,8.930423365,9.681859307,480,26,465,29,506,494
42,1000,40,7.7,28,8,937,35,13,15,63,7.303162596,105,392,40.05193239,8.916305435,5.98687077,8.646046176,488,17,449,46,505,495
40,1000,40,7.7,28,20,951,30,8,11,49,7.375036358,113,415,40.53689518,9.156586303,6.324903235,8.485670978,503,11,448,38,514,486
41,1000,40,7.7,28,19,950,26,11,13,50,7.679439211,88,366,40.70577948,9.108672313,7.453355578,7.909169355,485,19,465,31,504,496
39,1000,40,7.7,28,75,945,40,9,6,55,8.72119537,108,432,41.59629244,9.738815065,8.646614009,8.796677109,478,25,467,30,503,497
36,1000,40,7.7,28,99,951,24,16,9,49,9.10174602,93,414,42.25804869,10.08260897,8.725035529,9.478456511,479,21,472,28,500,500
43,1000,40,7.7,28,5,949,19,7,25,51,7.474781,87,383,40.08242346,8.951531496,6.587619462,8.413054726,495,19,454,32,514,486
38,1000,40,7.7,28,92,958,29,7,6,42,8.698022021,104,432,42.66999994,10.06427671,8.436923918,8.970866869,490,21,468,21,511,489
35,1000,40,7.7,28,99,944,34,11,11,56,9.322224985,128,430,42.70495417,10.72095706,8.977999881,9.674811834,479,27,465,29,506,494
42,1000,40,7.7,28,9,937,34,13,16,63,7.336014604,91,403,40.05784724,8.93272881,6.037177558,8.661090782,488,17,449,46,505,495
41,1000,40,7.7,28,20,952,24,10,14,48,7.68849553,102,414,40.75290501,9.117792009,7.498701248,7.88135101,485,19,467,29,504,496
40,1000,40,7.7,28,21,951,31,8,10,49,7.465816836,92,401,40.56582688,9.183373826,6.455730077,8.534097895,503,11,448,38,514,486
43,1000,40,7.7,28,6,948,19,8,25,52,7.511213097,102,411,40.11391019,8.972893966,6.617045148,8.456896895,495,19,453,33,514,486
39,1000,40,7.7,28,76,943,42,10,5,57,8.771005518,92,403,41.65098507,9.734890443,8.680556413,8.862546564,478,25,465,32,503,497
36,1000,40,7.7,28,100,951,25,16,8,49,9.109741513,101,443,42.32901552,10.10784625,8.77211423,9.447368796,478,22,473,27,500,500
38,1000,40,7.7,28,93,957,30,7,6,43,8.689477093,114,398,42.70036046,10.07704731,8.415868138,8.975395653,489,22,468,21,511,489
35,1000,40,7.7,28,100,944,33,12,11,56,9.324321167,108,417,42.75842045,10.75494895,8.987451187,9.669374223,479,27,465,29,506,494
41,1000,40,7.7,28,21,952,24,10,14,48,7.742869739,98,430,40.78650661,9.140226729,7.515428287,7.973979602,484,20,468,28,504,496
42,1000,40,7.7,28,10,937,34,13,16,63,7.379146953,112,395,40.10011314,8.950626307,6.105951545,8.67806348,488,17,449,46,505,495
43,1000,40,7.7,28,7,950,19,7,24,50,7.497049904,102,428,40.1542664,8.989570002,6.610774854,8.434386067,496,18,454,32,514,486
40,1000,40,7.7,28,22,951,31,8,10,49,7.499759304,92,388,40.59374634,9.201990585,6.51411809,8.542186432,503,11,448,38,514,486
39,1000,40,7.7,28,77,941,43,12,4,59,8.823063614,95,428,41.66553366,9.745066005,8.765112369,8.881714471,477,26,464,33,503,497
36,1000,40,7.7,28,101,951,25,16,8,49,9.117302909,121,432,42.35432395,10.12740754,8.79090572,9.443700098,478,22,473,27,500,500
38,1000,40,7.7,28,94,957,30,7,6,43,8.709966775,99,435,42.72603288,10.11002153,8.416222666,9.016926365,489,22,468,21,511,489
35,1000,40,7.7,28,101,942,33,14,11,58,9.346113183,119,466,42.76645173,10.75977484,9.029669924,9.670243322,478,28,464,30,506,494
41,1000,40,7.7,28,22,953,24,10,13,47,7.734112554,85,420,40.82370763,9.161191408,7.518512681,7.953189844,484,20,469,27,504,496
42,1000,40,7.7,28,11,938,34,12,16,62,7.400862719,99,429,40.10734355,8.961327497,6.163772859,8.662944292,488,17,450,45,505,495
43,1000,40,7.7,28,8,949,20,7,24,51,7.51710637,98,425,40.16913382,9.017760854,6.612161798,8.474187666,495,19,454,32,514,486
39,1000,40,7.7,28,78,941,42,13,4,59,8.799016373,102,421,41.69270221,9.748442835,8.733631986,8.865190109,477,26,464,33,503,497
36,1000,40,7.7,28,102,950,26,16,8,50,9.147736419,106,432,42.36964238,10.12029369,8.857352043,9.438120796,477,23,473,27,500,500
40,1000,40,7.7,28,23,952,31,7,10,48,7.514373654,99,399,40.60318849,9.222656448,6.533638733,8.55161182,503,11,449,37,514,486
38,1000,40,7.7,28,95,957,30,7,6,43,8.723317454,106,422,42.73354334,10.1013687,8.42746317,9.032482155,489,22,468,21,511,489
35,1000,40,7.7,28,102,942,33,14,11,58,9.322259504,109,433,42.80878304,10.78016726,9.02700656,9.624684585,477,29,465,29,506,494
41,1000,40,7.7,28,23,953,24,10,13,47,7.764830518,105,411,40.85373733,9.188585807,7.546166538,7.987021337,484,20,469,27,504,496
43,1000,40,7.7,28,9,949,21,6,24,51,7.527642742,102,403,40.18699062,9.036088076,6.629363592,8.477674601,495,19,454,32,514,486
42,1000,40,7.7,28,12,938,35,12,15,62,7.407510836,87,419,40.12807934,8.999957004,6.164770213,8.67535733,488,17,450,45,505,495
39,1000,40,7.7,28,79,940,44,13,3,60,8.813574852,92,420,41.71881525,9.765705989,8.765527614,8.862202138,477,26,463,34,503,497
36,1000,40,7.7,28,103,946,30,16,8,54,9.143407623,120,421,42.39584635,10.13941967,8.851157501,9.435657746,475,25,471,29,500,500
38,1000,40,7.7,28,96,957,30,7,6,43,8.723123035,95,437,42.74677802,10.13116186,8.427840863,9.031689885,489,22,468,21,511,489
40,1000,40,7.7,28,24,954,30,6,10,46,7.519790081,107,424,40.65439617,9.244253021,6.533051114,8.563378208,504,10,450,36,514,486
41,1000,40,7.7,28,24,953,24,11,12,47,7.773899252,96,437,40.88349951,9.210445163,7.56040478,7.990837183,484,20,469,27,504,496
35,1000,40,7.7,28,103,942,32,15,11,58,9.304625388,113,423,42.85040295,10.796118,9.025422009,9.590611035,477,29,465,29,506,494
43,1000,40,7.7,28,10,950,21,4,25,50,7.573460703,106,388,40.23263027,9.028709669,6.704075466,8.492933979,495,19,455,31,514,486
42,1000,40,7.7,28,13,938,35,12,15,62,7.440798914,86,418,40.14461737,9.012071451,6.18819653,8.718706396,488,17,450,45,505,495
39,1000,40,7.7,28,80,938,45,14,3,62,8.865208737,103,441,41.73936046,9.781046511,8.831054858,8.899774936,475,28,463,34,503,497
36,1000,40,7.7,28,104,948,29,16,7,52,9.122256854,93,439,42.41890628,10.1649092,8.872299893,9.372213815,475,25,473,27,500,500
44,1000,40,7.7,28,0,938,30,9,23,62,7.22,92,412,39.99413158,8.974554136,5.851612903,8.409345794,449,16,489,46,465,535
41,1000,40,7.7,28,25,951,26,11,12,49,7.83103643,100,424,40.91509194,9.22312882,7.601482279,8.064293066,484,20,467,29,504,496
38,1000,40,7.7,28,97,957,30,7,6,43,8.7474992,115,399,42.7773752,10.14156907,8.46434231,9.043395255,488,23,469,20,511,489
40,1000,40,7.7,28,25,953,31,6,10,47,7.52181099,95,433,40.67639368,9.242095218,6.547545157,8.552207364,503,11,450,36,514,486
35,1000,40,7.7,28,104,942,32,15,11,58,9.309367164,116,417,42.87138883,10.8022232,9.032132018,9.593336766,477,29,465,29,506,494
45,1000,40,7.7,28,0,937,33,15,15,63,7.053,95,417,39.80511256,8.996036626,6.331941545,7.715930902,461,18,476,45,479,521
43,1000,40,7.7,28,11,949,22,5,24,51,7.608932101,93,423,40.26824625,9.05378293,6.727215213,8.541447494,494,20,455,31,514,486
42,1000,40,7.7,28,14,938,35,12,15,62,7.45475428,103,403,40.18882546,9.022346101,6.198146376,8.736748202,488,17,450,45,505,495
39,1000,40,7.7,28,81,939,44,14,3,61,8.878222144,93,431,41.77531193,9.787205088,8.845518823,8.911320274,475,28,464,33,503,497
44,1000,40,7.7,28,1,939,31,8,22,61,7.195196313,88,394,40.01664719,8.9827121,5.863139521,8.3529653,450,15,489,46,465,535
41,1000,40,7.7,28,26,953,25,10,12,47,7.808121186,98,396,40.92243528,9.227957237,7.611338609,8.008077676,484,20,469,27,504,496
38,1000,40,7.7,28,98,957,29,8,6,43,8.801539831,116,419,42.79895484,10.16169492,8.523283828,9.092314509,488,23,469,20,511,489
45,1000,40,7.7,28,1,939,31,15,15,61,7.097438755,85,399,39.84433001,9.008612837,6.408945239,7.730429914,461,18,478,43,479,521
43,1000,40,7.7,28,12,949,22,5,24,51,7.636710184,96,414,40.30617274,9.072565214,6.774489716,8.548605906,494,20,455,31,514,486
40,1000,40,7.7,28,26,954,31,5,10,46,7.545265048,81,426,40.70042616,9.261873809,6.595610751,8.549631938,503,11,451,35,514,486
42,1000,40,7.7,28,15,938,35,11,16,62,7.474893552,88,394,40.20900865,9.035158966,6.198712875,8.776855657,488,17,450,45,505,495
39,1000,40,7.7,28,82,939,43,14,4,61,8.920125671,99,425,41.78916418,9.789794278,8.874481412,8.966320966,475,28,464,33,503,497
41,1000,40,7.7,28,27,952,26,10,12,48,7.815332413,92,410,40.94760736,9.229236893,7.646161098,7.987232296,483,21,469,27,504,496
44,1000,40,7.7,28,2,940,30,7,23,60,7.219943926,91,418,40.05694034,9.023310774,5.870558765,8.392774018,451,14,489,46,465,535
38,1000,40,7.7,28,99,956,30,8,6,44,8.826510758,105,432,42.8168173,10.17926672,8.574314171,9.090053613,487,24,469,20,511,489
43,1000,40,7.7,28,13,949,23,5,23,51,7.638016123,88,409,40.34232506,9.087768493,6.774397576,8.551390472,494,20,455,31,514,486
45,1000,40,7.7,28,2,941,30,14,15,59,7.110768565,88,408,39.84449954,9.019456348,6.423089253,7.743011158,461,18,480,41,479,521
40,1000,40,7.7,28,27,953,33,5,9,47,7.56161762,106,434,40.72732601,9.28316311,6.628139374,8.548876506,502,12,451,35,514,486
42,1000,40,7.7,28,16,939,34,10,17,61,7.474625507,85,401,40.22449427,9.040427557,6.218396018,8.75623337,489,16,450,45,505,495
41,1000,40,7.7,28,28,953,26,9,12,47,7.817726211,93,396,40.97528536,9.244511226,7.650005857,7.988151731,484,20,469,27,504,496
39,1000,40,7.7,28,83,939,43,14,4,61,8.906908257,118,412,41.8053177,9.83106975,8.853555842,8.960904765,476,27,463,34,503,497
44,1000,40,7.7,28,3,940,30,7,23,60,7.262041619,85,405,40.06755262,9.034387095,5.918380484,8.429896624,452,13,488,47,465,535
43,1000,40,7.7,28,14,950,22,5,23,50,7.658575937,81,398,40.36247386,9.122906597,6.796321562,8.570507519,495,19,455,31,514,486
38,1000,40,7.7,28,100,955,30,9,6,45,8.844710202,110,447,42.85075554,10.1920701,8.623074395,9.076317355,486,25,469,20,511,489
45,1000,40,7.7,28,3,941,31,14,14,59,7.127794637,93,409,39.87827501,9.042836339,6.432093605,7.767412285,461,18,480,41,479,521
42,1000,40,7.7,28,17,939,33,10,18,61,7.486740315,90,422,40.26629087,9.064092013,6.252095178,8.746327779,489,16,450,45,505,495
40,1000,40,7.7,28,28,951,34,6,9,49,7.577321966,101,419,40.74106321,9.292891326,6.641156324,8.567423078,500,14,451,35,514,486
41,1000,40,7.7,28,29,955,24,9,12,45,7.837441394,108,419,40.97469754,9.253654481,7.662366389,8.01534019,486,18,469,27,504,496
39,1000,40,7.7,28,84,938,43,15,4,62,8.964904329,92,426,41.89297989,9.847274796,8.918469508,9.011899733,476,27,462,35,503,497
44,1000,40,7.7,28,4,941,30,6,23,59,7.260394032,114,417,40.08656966,9.055799095,5.94380301,8.404720808,452,13,489,46,465,535
43,1000,40,7.7,28,15,950,22,5,23,50,7.616374537,93,406,40.39151911,9.128916835,6.738126641,8.545221077,496,18,454,32,514,486
38,1000,40,7.7,28,101,955,29,10,6,45,8.863644375,107,448,42.87577001,10.20699034,8.632411789,9.105280064,485,26,470,19,511,489
45,1000,40,7.7,28,4,940,31,15,14,60,7.159724818,84,393,39.90491606,9.048269138,6.46561816,7.79787662,460,19,480,41,479,521
41,1000,40,7.7,28,30,955,23,10,12,45,7.847982779,98,413,41.02306177,9.285596382,7.669876077,8.028962171,486,18,469,27,504,496
42,1000,40,7.7,28,18,939,34,9,18,61,7.494375972,102,412,40.29112703,9.066931758,6.273115097,8.740308783,489,16,450,45,505,495
40,1000,40,7.7,28,29,951,33,7,9,49,7.648569575,100,398,40.77605799,9.300782176,6.735688428,8.614044697,499,15,452,34,514,486
39,1000,40,7.7,28,85,937,44,15,4,63,8.982159048,94,422,41.91361199,9.860369387,8.991370646,8.972836243,475,28,462,35,503,497
43,1000,40,7.7,28,16,950,22,6,22,50,7.644463805,83,445,40.40448816,9.155403085,6.782258171,8.556343838,496,18,454,32,514,486
44,1000,40,7.7,28,5,940,31,6,23,60,7.31151448,83,444,40.12383962,9.085736879,5.982430554,8.466699575,452,13,488,47,465,535
38,1000,40,7.7,28,102,954,30,10,6,46,8.895879709,108,446,42.89187603,10.23382442,8.654894882,9.147706389,485,26,469,20,511,489
45,1000,40,7.7,28,5,940,31,15,14,60,7.212323042,93,394,39.91940706,9.084614842,6.544569947,7.826245753,460,19,480,41,479,521
41,1000,40,7.7,28,31,955,24,9,12,45,7.871307983,108,435,41.05530331,9.317504536,7.664493291,8.081458396,487,17,468,28,504,496
42,1000,40,7.7,28,19,939,34,9,18,61,7.516964723,100,412,40.3020842,9.114051654,6.289010643,8.769725956,489,16,450,45,505,495
43,1000,40,7.7,28,17,950,22,6,22,50,7.674391816,102,395,40.40813876,9.150894506,6.810713855,8.587829002,496,18,454,32,514,486
39,1000,40,7.7,28,86,936,45,15,4,64,8.974091675,126,425,41.93981634,9.868223135,8.97294899,8.975248155,474,29,462,35,503,497
40,1000,40,7.7,28,30,951,33,7,9,49,7.650471825,96,417,40.80061692,9.318378524,6.771441187,8.580146204,498,16,453,33,514,486
44,1000,40,7.7,28,6,940,31,7,22,60,7.35056926,93,406,40.16008087,9.1002552,6.032875011,8.495854916,451,14,489,46,465,535
38,1000,40,7.7,28,103,954,30,10,6,46,8.897150066,110,429,42.93993056,10.24104224,8.667473173,9.13716007,485,26,469,20,511,489
45,1000,40,7.7,28,6,941,30,16,13,59,7.263877602,105,389,39.9346699,9.100228871,6.573299333,7.898785453,461,18,480,41,479,521
41,1000,40,7.7,28,32,956,21,12,11,44,7.867750322,89,421,41.08746533,9.342388573,7.675505201,8.063096171,487,17,469,27,504,496
42,1000,40,7.7,28,20,940,31,11,18,60,7.521875114,103,405,40.31543278,9.140696909,6.312034726,8.756156722,489,16,451,44,505,495
43,1000,40,7.7,28,18,950,22,6,22,50,7.689526683,93,429,40.43334199,9.160050968,6.837406645,8.590740057,496,18,454,32,514,486
39,1000,40,7.7,28,87,932,47,17,4,68,9.015405564,103,422,41.97857571,9.874006547,9.000976216,9.03000911,473,30,459,38,503,497
40,1000,40,7.7,28,31,957,28,6,9,43,7.6246298,112,415,40.80473819,9.322914838,6.774342149,8.523905217,500,14,457,29,514,486
44,1000,40,7.7,28,7,939,32,7,22,61,7.372258507,88,398,40.17467547,9.137562254,6.057335717,8.515135324,451,14,488,47,465,535
38,1000,40,7.7,28,104,953,31,10,6,47,8.892679815,93,433,42.96447384,10.26037427,8.676746561,9.118327857,484,27,469,20,511,489
46,1000,40,7.7,28,0,939,37,16,8,61,6.922,97,420,40.02579217,8.969744234,6.351816444,7.547169811,502,21,437,40,523,477
45,1000,40,7.7,28,7,942,30,15,13,58,7.277102199,85,394,39.97911203,9.095609585,6.599224829,7.900333024,462,17,480,41,479,521
41,1000,40,7.7,28,33,955,22,12,11,45,7.886306804,87,424,41.11688411,9.363316855,7.701786443,8.0738033,486,18,469,27,504,496
43,1000,40,7.7,28,19,950,22,6,22,50,7.717592861,79,409,40.44637513,9.155683608,6.861809109,8.622681028,496,18,454,32,514,486
42,1000,40,7.7,28,21,940,32,12,16,60,7.557652373,96,398,40.35379808,9.160678858,6.357605469,8.781942649,489,16,451,44,505,495
39,1000,40,7.7,28,88,932,45,19,4,68,9.055765209,98,419,41.9811739,9.900069654,9.020628948,9.091325651,473,30,459,38,503,497
44,1000,40,7.7,28,8,939,32,7,22,61,7.409014203,83,393,40.19978964,9.141246838,6.057385203,8.583794548,451,14,488,47,465,535
40,1000,40,7.7,28,32,957,29,5,9,43,7.59000546,82,419,40.84720512,9.345984132,6.78350292,8.442973166,500,14,457,29,514,486
41,1000,40,7.7,28,34,956,22,11,11,44,7.902278604,104,404,41.1572448,9.385989762,7.749369391,8.057654094,486,18,470,26,504,496
46,1000,40,7.7,28,1,941,34,17,8,59,6.93173481,70,418,40.06254738,8.993260667,6.369524009,7.548163004,502,21,439,38,523,477
45,1000,40,7.7,28,8,945,27,15,13,55,7.246858453,100,398,40.01394926,9.121372139,6.620936152,7.822322526,462,17,483,38,479,521
43,1000,40,7.7,28,20,950,22,6,22,50,7.765695655,92,382,40.4551077,9.163669584,6.887702844,8.694272414,496,18,454,32,514,486
42,1000,40,7.7,28,22,940,32,12,16,60,7.548445075,102,415,40.38740497,9.181448069,6.315217926,8.806585903,489,16,451,44,505,495
39,1000,40,7.7,28,89,934,42,20,4,66,9.06447081,109,412,42.04006508,9.91225275,9.041254873,9.087967019,473,30,461,36,503,497
44,1000,40,7.7,28,9,939,32,7,22,61,7.430475858,88,382,40.21605367,9.162787337,6.084898702,8.59999619,451,14,488,47,465,535
41,1000,40,7.7,28,35,956,23,11,10,44,7.912275537,100,393,41.17537112,9.419418873,7.765423727,8.061495925,486,18,470,26,504,496
40,1000,40,7.7,28,33,957,29,6,8,43,7.60262088,107,408,40.86209398,9.393809006,6.820326947,8.429985245,500,14,457,29,514,486
46,1000,40,7.7,28,2,942,33,17,8,58,6.966326546,92,374,40.07814924,9.006652134,6.363376132,7.627423123,503,20,439,38,523,477
45,1000,40,7.7,28,9,946,27,14,13,54,7.253266888,91,390,40.05245626,9.151748517,6.611570728,7.843233223,463,16,483,38,479,521
43,1000,40,7.7,28,21,950,22,7,21,50,7.780563544,113,400,40.45873304,9.177074586,6.918411543,8.692386853,496,18,454,32,514,486
42,1000,40,7.7,28,23,941,31,12,16,59,7.542050272,92,386,40.42090725,9.200620855,6.333144615,8.775378265,489,16,452,43,505,495
39,1000,40,7.7,28,90,933,44,18,5,67,9.083592191,103,441,42.06973042,9.912125491,9.036594252,9.131157508,472,31,461,36,503,497
41,1000,40,7.7,28,36,957,23,10,10,43,7.896245975,102,432,41.21702929,9.430198906,7.727302411,8.067914436,487,17,470,26,504,496
44,1000,40,7.7,28,10,939,31,8,22,61,7.458201632,100,391,40.23912052,9.164337562,6.126908354,8.615307004,451,14,488,47,465,535
46,1000,40,7.7,28,3,943,32,16,9,57,7.010481699,82,438,40.13890316,8.984516733,6.419968782,7.657941355,503,20,440,37,523,477
45,1000,40,7.7,28,10,946,28,14,12,54,7.291923739,92,399,40.06458377,9.174093193,6.657654919,7.875061482,463,16,483,38,479,521
43,1000,40,7.7,28,22,949,23,7,21,51,7.797756994,100,391,40.46175437,9.184847956,6.934437481,8.71081508,496,18,453,33,514,486
40,1000,40,7.7,28,34,957,29,6,8,43,7.630528309,97,404,40.90294556,9.423529929,6.845394485,8.460896181,500,14,457,29,514,486
42,1000,40,7.7,28,24,942,30,12,16,58,7.564197851,97,403,40.42657913,9.21682298,6.358410061,8.79434499,489,16,453,42,505,495
39,1000,40,7.7,28,91,936,42,17,5,64,9.074047757,102,454,42.07042261,9.951258093,9.048615882,9.099786656,472,31,464,33,503,497
41,1000,40,7.7,28,37,957,23,11,9,43,7.889867879,94,425,41.25157983,9.458245189,7.7597819,8.022052019,487,17,470,26,504,496
44,1000,40,7.7,28,11,939,31,7,23,61,7.485922593,83,397,40.28291783,9.163906604,6.180007593,8.62097021,450,15,489,46,465,535
43,1000,40,7.7,28,23,950,23,6,21,50,7.803390255,101,407,40.48349746,9.182531218,6.949607791,8.706361831,496,18,454,32,514,486
46,1000,40,7.7,28,4,944,31,16,9,56,7.0330784,97,428,40.16045157,8.993307662,6.452610337,7.669524515,503,20,441,36,523,477
45,1000,40,7.7,28,11,945,30,14,11,55,7.29536029,85,414,40.10295218,9.206068767,6.69872501,7.843898291,462,17,483,38,479,521
40,1000,40,7.7,28,35,956,30,6,8,44,7.672440995,102,433,40.92808839,9.430672497,6.883433648,8.506905555,500,14,456,30,514,486
42,1000,40,7.7,28,25,944,29,11,16,56,7.543143873,124,406,40.49862778,9.224523949,6.35776013,8.752474762,489,16,455,40,505,495
41,1000,40,7.7,28,38,957,24,11,8,43,7.907044731,91,405,41.30683922,9.477136302,7.751734634,8.064859831,487,17,470,26,504,496
39,1000,40,7.7,28,92,937,40,18,5,63,9.084656827,100,417,42.07045837,9.980080999,9.070862766,9.098617416,473,30,464,33,503,497
44,1000,40,7.7,28,12,938,31,8,23,62,7.525430702,95,407,40.31031732,9.16909894,6.265766966,8.620278621,449,16,489,46,465,535
43,1000,40,7.7,28,24,948,25,6,21,52,7.856602733,100,423,40.53743322,9.175264445,7.002849145,8.759543771,495,19,453,33,514,486
46,1000,40,7.7,28,5,944,31,16,9,56,7.082919906,85,417,40.16752882,9.02633153,6.53071878,7.688373132,503,20,441,36,523,477
45,1000,40,7.7,28,12,946,30,14,10,54,7.31465302,96,406,40.13162064,9.21114544,6.733346299,7.849098164,462,17,484,37,479,521
42,1000,40,7.7,28,26,946,27,11,16,54,7.562602606,91,427,40.52820695,9.232137033,6.417182301,8.731162715,489,16,457,38,505,495
40,1000,40,7.7,28,36,956,30,6,8,44,7.664113923,102,414,40.94286055,9.446106792,6.884631963,8.488504308,500,14,456,30,514,486
41,1000,40,7.7,28,39,956,25,11,8,44,7.939605285,110,437,41.32538449,9.473886749,7.778283689,8.103528842,486,18,470,26,504,496
39,1000,40,7.7,28,93,937,39,19,5,63,9.100096208,101,422,42.11391874,10.00029664,9.092184312,9.108103621,473,30,464,33,503,497
43,1000,40,7.7,28,25,948,26,6,20,52,7.84472884,101,393,40.57759059,9.182010614,7.007616774,8.730069585,495,19,453,33,514,486
44,1000,40,7.7,28,13,938,31,8,23,62,7.582161712,95,386,40.32130348,9.171131356,6.319741253,8.679405661,449,16,489,46,465,535
46,1000,40,7.7,28,6,944,30,17,9,56,7.137092204,111,381,40.20204716,9.04692731,6.61881405,7.70535106,503,20,441,36,523,477
45,1000,40,7.7,28,13,948,30,12,10,52,7.343354918,97,396,40.14470978,9.207854709,6.786144066,7.85564666,462,17,486,35,479,521
41,1000,40,7.7,28,40,955,26,11,8,45,8.00230747,89,408,41.36577362,9.479744418,7.862023829,8.14485375,485,19,470,26,504,496
42,1000,40,7.7,28,27,945,27,12,16,55,7.587161002,76,388,40.54793057,9.235178798,6.436831481,8.760729504,489,16,456,39,505,495
40,1000,40,7.7,28,37,958,27,7,8,42,7.707692711,84,406,40.95057252,9.470081184,6.946004508,8.513264184,500,14,458,28,514,486
39,1000,40,7.7,28,94,937,39,19,5,63,9.110492238,92,423,42.1542848,10.01785232,9.085595961,9.135689074,473,30,464,33,503,497
43,1000,40,7.7,28,26,950,25,6,19,50,7.83628793,99,421,40.62115958,9.194984614,6.975515738,8.746651935,496,18,454,32,514,486
44,1000,40,7.7,28,14,937,32,8,23,63,7.645782853,88,417,40.36078416,9.184273959,6.373008609,8.752025888,449,16,488,47,465,535
46,1000,40,7.7,28,7,945,29,17,9,55,7.147059418,106,423,40.23846703,9.077686754,6.645177808,7.697340512,503,20,442,35,523,477
45,1000,40,7.7,28,14,949,29,12,10,51,7.385373323,107,406,40.15810535,9.206438938,6.879473323,7.850490597,462,17,487,34,479,521
41,1000,40,7.7,28,41,954,27,11,8,46,8.050796044,116,441,41.3880469,9.482381481,7.944749926,8.158552583,484,20,470,26,504,496
42,1000,40,7.7,28,28,946,26,13,15,54,7.586269315,94,403,40.56186246,9.244769247,6.426745298,8.76921806,490,15,456,39,505,495
43,1000,40,7.7,28,27,950,25,6,19,50,7.839354386,97,421,40.64338336,9.190802718,6.979641602,8.748597949,496,18,454,32,514,486
40,1000,40,7.7,28,38,959,27,6,8,41,7.691829161,92,410,40.96776405,9.480224417,6.9086555,8.520123938,500,14,459,27,514,486
39,1000,40,7.7,28,95,937,40,18,5,63,9.10845949,108,440,42.18741407,10.03268654,9.054202537,9.163371456,474,29,463,34,503,497
44,1000,40,7.7,28,15,937,32,8,23,63,7.684108793,88,384,40.39301808,9.203667898,6.444447797,8.761571155,449,16,488,47,465,535
46,1000,40,7.7,28,8,946,29,16,9,54,7.175691048,108,409,40.25174747,9.079008598,6.681656297,7.717368563,503,20,443,34,523,477
45,1000,40,7.7,28,15,950,28,12,10,50,7.414022703,95,431,40.17801175,9.207275586,6.923518806,7.86498502,462,17,488,33,479,521
41,1000,40,7.7,28,42,954,27,11,8,46,8.064797394,101,386,41.40259632,9.515600991,7.976564491,8.154453409,483,21,471,25,504,496
42,1000,40,7.7,28,29,947,24,14,15,53,7.624495299,93,441,40.60160028,9.259429522,6.496040643,8.775747019,490,15,457,38,505,495
43,1000,40,7.7,28,28,951,24,6,19,49,7.85766307,101,426,40.64618754,9.218007664,6.999568456,8.765195235,496,18,455,31,514,486
39,1000,40,7.7,28,96,937,40,18,5,63,9.110360351,117,387,42.24612768,10.04415904,9.053070723,9.168341605,474,29,463,34,503,497
40,1000,40,7.7,28,39,959,27,6,8,41,7.714236462,104,422,40.98606841,9.494908721,6.930349841,8.543285276,499,15,460,26,514,486
44,1000,40,7.7,28,16,936,33,8,23,64,7.688300077,94,402,40.40489931,9.198265684,6.464145781,8.752284653,449,16,487,48,465,535
41,1000,40,7.7,28,43,954,29,11,6,46,8.034087992,109,439,41.44503044,9.527502702,7.971262731,8.097926564,483,21,471,25,504,496
46,1000,40,7.7,28,9,946,29,15,10,54,7.198713409,102,391,40.28873031,9.08941601,6.679322953,7.768191834,505,18,441,36,523,477
45,1000,40,7.7,28,16,950,28,12,10,50,7.433925061,83,407,40.20143872,9.211288541,6.930371805,7.896884772,462,17,488,33,479,521
42,1000,40,7.7,28,30,948,23,14,15,52,7.673532491,73,424,40.61754792,9.277553718,6.526405015,8.843834258,490,15,458,37,505,495
43,1000,40,7.7,28,29,951,24,6,19,49,7.863368656,98,419,40.67527949,9.250432875,7.038070332,8.736215032,495,19,456,30,514,486
39,1000,40,7.7,28,97,937,39,18,6,63,9.157743635,88,421,42.27069088,10.07029825,9.097288525,9.218928586,474,29,463,34,503,497
41,1000,40,7.7,28,44,954,29,11,6,46,8.060309663,103,408,41.45418433,9.533608907,7.991445772,8.130284263,483,21,471,25,504,496
40,1000,40,7.7,28,40,959,27,6,8,41,7.739102774,88,436,41.01256307,9.503304802,6.985257328,8.536379644,499,15,460,26,514,486
44,1000,40,7.7,28,17,936,33,8,23,64,7.686369052,88,412,40.4131253,9.207831941,6.471235568,8.742513108,449,16,487,48,465,535
46,1000,40,7.7,28,10,948,27,15,10,52,7.259554334,86,412,40.31765804,9.112699601,6.74379659,7.825049721,506,17,442,35,523,477
45,1000,40,7.7,28,17,948,30,12,10,52,7.480485561,108,418,40.22744893,9.242033916,6.974772068,7.945431364,461,18,487,34,479,521
43,1000,40,7.7,28,30,955,22,5,18,45,7.858693952,99,398,40.68806712,9.256068221,7.033151068,8.731798978,496,18,459,27,514,486
42,1000,40,7.7,28,31,951,21,13,15,49,7.6502328,114,429,40.67554208,9.297094459,6.543331951,8.779495283,491,14,460,35,505,495
39,1000,40,7.7,28,98,936,40,18,6,64,9.141447711,104,419,42.30361572,10.11833487,9.062827977,9.221016576,474,29,462,35,503,497
41,1000,40,7.7,28,45,953,29,12,6,47,8.083075626,98,414,41.48325496,9.557999513,8.014169201,8.153093444,482,22,471,25,504,496
44,1000,40,7.7,28,18,936,34,7,23,64,7.713866232,107,434,40.46303743,9.201258308,6.505461292,8.764162115,448,17,488,47,465,535
46,1000,40,7.7,28,11,950,23,17,10,50,7.309349915,95,406,40.32895365,9.138002296,6.81050226,7.856304472,507,16,443,34,523,477
40,1000,40,7.7,28,41,957,29,6,8,43,7.777716959,108,412,41.02550634,9.517022884,7.089045697,8.506064755,497,17,460,26,514,486
45,1000,40,7.7,28,18,947,30,13,10,53,7.558179449,84,413,40.25029985,9.244314513,7.07682814,8.000727006,460,19,487,34,479,521
43,1000,40,7.7,28,31,956,22,5,17,44,7.847901035,98,418,40.69596369,9.270637279,6.997561895,8.747230908,496,18,460,26,514,486
42,1000,40,7.7,28,32,951,20,14,15,49,7.668831653,84,403,40.72875953,9.336476548,6.574075908,8.785703675,491,14,460,35,505,495
41,1000,40,7.7,28,46,954,30,11,5,46,8.10744276,110,419,41.50833919,9.571318935,8.044890095,8.171004338,483,21,471,25,504,496
39,1000,40,7.7,28,99,936,39,19,6,64,9.133858212,113,430,42.36734037,10.14114601,9.068577648,9.199926872,474,29,462,35,503,497
44,1000,40,7.7,28,19,937,33,7,23,63,7.739861074,98,421,40.49759073,9.195329097,6.561355017,8.764170077,448,17,489,46,465,535
46,1000,40,7.7,28,12,952,23,14,11,48,7.336244874,101,387,40.36238756,9.169578925,6.86365737,7.854406854,507,16,445,32,523,477
45,1000,40,7.7,28,19,947,30,13,10,53,7.552352226,99,444,40.30159171,9.265400168,7.110962879,7.958159323,460,19,487,34,479,521
43,1000,40,7.7,28,32,956,22,5,17,44,7.847674845,99,398,40.71361773,9.291737701,7.011265822,8.732272042,496,18,460,26,514,486
40,1000,40,7.7,28,42,956,30,6,8,44,7.81591449,103,431,41.02430418,9.527958629,7.122957995,8.548794405,497,17,459,27,514,486
42,1000,40,7.7,28,33,953,17,15,15,47,7.670025761,103,430,40.72580449,9.344455745,6.598805626,8.762886706,491,14,462,33,505,495
41,1000,40,7.7,28,47,956,29,10,5,44,8.12432459,105,439,41.53223027,9.566070989,8.101913633,8.147097013,483,21,473,23,504,496
39,1000,40,7.7,28,100,933,42,19,6,67,9.146578211,107,414,42.37997412,10.13594907,9.051674194,9.24262795,474,29,459,38,503,497
46,1000,40,7.7,28,13,953,23,13,11,47,7.422330478,87,409,40.40748362,9.194883547,6.919095233,7.974095748,508,15,445,32,523,477
44,1000,40,7.7,28,20,936,34,7,23,64,7.775852237,88,395,40.51745348,9.205311869,6.600108086,8.797760706,447,18,489,46,465,535
43,1000,40,7.7,28,33,956,21,6,17,44,7.855294808,102,437,40.7284332,9.3011353,7.007344942,8.752097753,496,18,460,26,514,486
45,1000,40,7.7,28,20,945,34,13,8,55,7.55263136,107,397,40.33925115,9.277160236,7.118035016,7.952193067,459,20,486,35,479,521
40,1000,40,7.7,28,43,955,31,5,9,45,7.863453658,98,420,41.04104424,9.547464385,7.1567478,8.610875081,496,18,459,27,514,486
42,1000,40,7.7,28,34,953,17,15,15,47,7.669578654,100,391,40.7508101,9.367321942,6.616222936,8.744214286,491,14,462,33,505,495
41,1000,40,7.7,28,48,956,30,10,4,44,8.159161966,99,415,41.57376632,9.58887682,8.140051001,8.178581173,483,21,473,23,504,496
39,1000,40,7.7,28,101,933,43,19,5,67,9.16996897,105,391,42.39474978,10.15562292,9.0847577,9.256208948,474,29,459,38,503,497
43,1000,40,7.7,28,34,956,20,7,17,44,7.865538488,108,404,40.75674569,9.34927394,7.041904599,8.736624535,496,18,460,26,514,486
46,1000,40,7.7,28,14,955,22,12,11,45,7.405097,107,391,40.41780582,9.187233582,6.895531111,7.963803414,509,14,446,31,523,477
44,1000,40,7.7,28,21,938,31,8,23,62,7.793681173,114,408,40.52617242,9.218140064,6.635179732,8.800602985,448,17,490,45,465,535
45,1000,40,7.7,28,21,943,36,13,8,57,7.567264787,99,402,40.37232616,9.299625823,7.176555562,7.926477299,457,22,486,35,479,521
42,1000,40,7.7,28,35,952,20,15,13,48,7.68720074,94,399,40.78759104,9.354425916,6.668756584,8.726219525,490,15,462,33,505,495
40,1000,40,7.7,28,44,953,32,6,9,47,7.879742092,114,417,41.044434,9.55299171,7.201840499,8.596699743,495,19,458,28,514,486
41,1000,40,7.7,28,49,954,32,10,4,46,8.180760616,107,431,41.56268414,9.594549226,8.193518215,8.167797248,481,23,473,23,504,496
39,1000,40,7.7,28,102,933,43,18,6,67,9.165890659,119,446,42.40955895,10.18126817,9.073408862,9.259488937,474,29,459,38,503,497
43,1000,40,7.7,28,35,954,22,7,17,46,7.879476636,123,380,40.80749389,9.374574499,7.099933881,8.70393132,494,20,460,26,514,486
46,1000,40,7.7,28,15,953,24,11,12,47,7.42715742,91,408,40.44259195,9.207632424,6.881143901,8.025826331,508,15,445,32,523,477
44,1000,40,7.7,28,22,938,31,9,22,62,7.794956922,91,393,40.55605911,9.221409565,6.663242444,8.778596608,448,17,490,45,465,535
45,1000,40,7.7,28,22,942,36,14,8,58,7.611037087,111,396,40.39784817,9.305107752,7.206094607,7.983335451,457,22,485,36,479,521
41,1000,40,7.7,28,50,954,31,11,4,46,8.200303,117,415,41.60039475,9.62504529,8.199637646,8.200979086,481,23,473,23,504,496
42,1000,40,7.7,28,36,952,21,14,13,48,7.711862179,83,387,40.8094285,9.367017757,6.70914969,8.734831487,489,16,463,32,505,495
40,1000,40,7.7,28,45,953,32,6,9,47,7.904142983,106,440,41.09102991,9.549705492,7.253345578,8.592434887,495,19,458,28,514,486
43,1000,40,7.7,28,36,954,23,7,16,46,7.891791376,100,425,40.84740056,9.397619273,7.124040415,8.703774903,493,21,461,25,514,486
39,1000,40,7.7,28,103,932,44,18,6,68,9.192838354,101,436,42.45596725,10.20872242,9.114634735,9.271986082,473,30,459,38,503,497
46,1000,40,7.7,28,16,954,23,11,12,46,7.47460421,103,392,40.46531303,9.224688812,6.934485678,8.066809645,508,15,446,31,523,477
44,1000,40,7.7,28,23,938,30,10,22,62,7.809410136,107,418,40.58196214,9.219646388,6.68810958,8.78399847,448,17,490,45,465,535
45,1000,40,7.7,28,23,943,36,14,7,57,7.639000442,102,400,40.39700197,9.339882612,7.216031821,8.027871785,458,21,485,36,479,521
41,1000,40,7.7,28,51,953,32,11,4,47,8.188105096,88,410,41.62835561,9.633816849,8.198866475,8.177170147,480,24,473,23,504,496
42,1000,40,7.7,28,37,954,19,14,13,46,7.745034229,91,424,40.85512161,9.364011912,6.774510772,8.73516422,489,16,465,30,505,495
43,1000,40,7.7,28,37,953,24,7,16,47,7.916474447,87,391,40.89606144,9.41334755,7.187494914,8.6874528,492,22,461,25,514,486
40,1000,40,7.7,28,46,952,35,5,8,48,7.89223,118,435,41.11942566,9.566254267,7.28026786,8.539449219,494,20,458,28,514,486
39,1000,40,7.7,28,104,932,44,18,6,68,9.18556871,106,417,42.46300685,10.20277679,9.104469549,9.267646935,473,30,459,38,503,497
47,1000,40,7.7,28,0,942,25,19,14,58,7.05,91,407,39.74445818,8.884605295,6.189922481,7.966942149,499,17,443,41,516,484
46,1000,40,7.7,28,17,956,22,10,12,44,7.461571027,97,393,40.49861282,9.23455083,6.918847353,8.056632834,509,14,447,30,523,477
44,1000,40,7.7,28,24,937,31,10,22,63,7.82149015,116,429,40.61948439,9.232110482,6.717087895,8.781391175,447,18,490,45,465,535
41,1000,40,7.7,28,52,952,34,9,5,48,8.232795818,105,407,41.67930204,9.637937268,8.263969793,8.201119037,479,25,473,23,504,496
45,1000,40,7.7,28,24,942,37,14,7,58,7.673703004,77,418,40.41467353,9.379831797,7.251087439,8.062249751,458,21,484,37,479,521
42,1000,40,7.7,28,38,954,18,14,14,46,7.768306195,94,423,40.8683722,9.356494234,6.839773696,8.715596926,488,17,466,29,505,495
43,1000,40,7.7,28,38,952,24,8,16,48,7.947713591,114,422,40.93233931,9.443762375,7.240822493,8.695330924,491,23,461,25,514,486
40,1000,40,7.7,28,47,954,34,4,8,46,7.886326473,114,406,41.13156118,9.573144098,7.269601997,8.5385824,495,19,459,27,514,486
47,1000,40,7.7,28,1,943,25,18,14,57,7.060115877,118,372,39.76548768,8.894117954,6.155503876,8.024536936,500,16,443,41,516,484
46,1000,40,7.7,28,18,957,21,11,11,43,7.438177507,104,389,40.53927692,9.240231034,6.913145917,8.013841075,509,14,448,29,523,477
41,1000,40,7.7,28,53,953,34,8,5,47,8.231273248,89,407,41.73868763,9.655480476,8.213335042,8.24950078,480,24,473,23,504,496
44,1000,40,7.7,28,25,939,31,9,21,61,7.829222342,110,445,40.66953943,9.240948008,6.707306675,8.804345306,449,16,490,45,465,535
45,1000,40,7.7,28,25,944,35,14,7,56,7.685901162,99,414,40.44472423,9.420857155,7.268152788,8.069973083,458,21,486,35,479,521
42,1000,40,7.7,28,39,955,18,13,14,45,7.781453144,100,416,40.91104457,9.35324284,6.854767641,8.726859567,488,17,467,28,505,495
43,1000,40,7.7,28,39,952,24,9,15,48,7.961800619,105,413,40.9457997,9.459531947,7.256702913,8.707521237,491,23,461,25,514,486
47,1000,40,7.7,28,2,943,25,17,15,57,7.101707388,90,385,39.79654626,8.914406351,6.231097086,8.029878702,500,16,443,41,516,484
40,1000,40,7.7,28,48,957,31,5,7,43,7.894123299,75,407,41.14913578,9.615851987,7.316654779,8.50486161,495,19,462,24,514,486
46,1000,40,7.7,28,19,958,21,10,11,42,7.454997775,92,414,40.58459298,9.272145849,6.959460353,7.998322873,509,14,449,28,523,477
41,1000,40,7.7,28,54,953,34,7,6,47,8.28854412,101,418,41.79091144,9.660330062,8.297255811,8.279691917,480,24,473,23,504,496
44,1000,40,7.7,28,26,938,31,11,20,62,7.847977884,103,429,40.66795484,9.262096665,6.711044654,8.836153495,449,16,489,46,465,535
45,1000,40,7.7,28,26,943,36,14,7,57,7.730510645,111,402,40.4712317,9.437388496,7.333569928,8.095452303,457,22,486,35,479,521
42,1000,40,7.7,28,40,956,17,12,15,44,7.809465072,102,419,40.9273922,9.353972578,6.899207199,8.738111993,489,16,467,28,505,495
43,1000,40,7.7,28,40,952,24,9,15,48,7.984603659,90,390,40.96480467,9.468765084,7.261538225,8.749327184,491,23,461,25,514,486
41,1000,40,7.7,28,55,953,34,7,6,47,8.305503261,112,411,41.81252736,9.701252507,8.319655411,8.29112285,480,24,473,23,504,496
47,1000,40,7.7,28,3,943,26,16,15,57,7.126368695,108,419,39.8076862,8.933868377,6.273544154,8.035578329,500,16,443,41,516,484
46,1000,40,7.7,28,20,958,21,10,11,42,7.512811497,105,398,40.62078237,9.298759205,7.035397349,8.036265584,509,14,449,28,523,477
40,1000,40,7.7,28,49,954,34,5,7,46,7.892586359,92,396,41.18492512,9.603837913,7.279405524,8.541094485,495,19,459,27,514,486
44,1000,40,7.7,28,27,937,32,11,20,63,7.873444044,89,419,40.71934712,9.279971133,6.728130782,8.868903233,449,16,488,47,465,535
45,1000,40,7.7,28,27,943,37,14,6,57,7.727185565,128,435,40.49149727,9.467415227,7.31173663,8.109143415,457,22,486,35,479,521
43,1000,40,7.7,28,41,951,25,9,15,49,8.027840403,106,400,41.01060891,9.49108159,7.292828608,8.805198557,490,24,461,25,514,486
42,1000,40,7.7,28,41,955,18,12,15,45,7.826215045,100,425,40.96230009,9.372290174,6.929225269,8.741325827,488,17,467,28,505,495
41,1000,40,7.7,28,56,953,33,8,6,47,8.338640422,107,412,41.85567919,9.692164539,8.335258934,8.34207645,480,24,473,23,504,496
47,1000,40,7.7,28,4,943,27,16,14,57,7.166773038,85,402,39.83505064,8.943393714,6.343778521,8.044180416,500,16,443,41,516,484
46,1000,40,7.7,28,21,958,21,10,11,42,7.521739932,90,405,40.64207833,9.298135144,7.077012983,8.009354594,509,14,449,28,523,477
44,1000,40,7.7,28,28,939,30,11,20,61,7.863979265,100,404,40.74603159,9.275628751,6.736595153,8.843855176,449,16,490,45,465,535
40,1000,40,7.7,28,50,953,35,5,7,47,7.903873197,99,401,41.18302546,9.628886849,7.294648828,8.548196912,494,20,459,27,514,486
45,1000,40,7.7,28,28,944,37,13,6,56,7.77711623,82,412,40.51729212,9.484739429,7.357655177,8.162762765,457,22,487,34,479,521
43,1000,40,7.7,28,42,951,25,9,15,49,8.080409331,88,411,41.03100272,9.508346993,7.326262962,8.878004463,490,24,461,25,514,486
42,1000,40,7.7,28,42,955,18,12,15,45,7.815614707,112,412,40.98770199,9.383894114,6.932615471,8.716452311,488,17,467,28,505,495
41,1000,40,7.7,28,57,952,33,9,6,48,8.366303899,108,419,41.85761087,9.70496322,8.364004964,8.368639914,479,25,473,23,504,496
47,1000,40,7.7,28,5,944,26,17,13,56,7.161180795,104,385,39.85968666,8.977505073,6.395900508,7.977058125,500,16,444,40,516,484
46,1000,40,7.7,28,22,958,21,10,11,42,7.574906212,83,433,40.65658581,9.312010065,7.15387301,8.036542196,509,14,449,28,523,477
43,1000,40,7.7,28,43,950,25,9,16,50,8.151411816,88,419,41.04301457,9.519029001,7.381834146,8.965327295,491,23,459,27,514,486
44,1000,40,7.7,28,29,939,32,11,18,61,7.890300286,103,398,40.77229069,9.30253156,6.750385156,8.881067641,449,16,490,45,465,535
45,1000,40,7.7,28,29,943,37,14,6,57,7.805493714,102,408,40.53343126,9.496626838,7.38463425,8.192425927,456,23,487,34,479,521
42,1000,40,7.7,28,43,955,19,12,14,45,7.84610253,113,401,41.04566184,9.393652653,6.953210497,8.757032786,488,17,467,28,505,495
40,1000,40,7.7,28,51,951,38,5,6,49,7.916960532,112,412,41.22532895,9.641833093,7.372494592,8.492794881,492,22,459,27,514,486
41,1000,40,7.7,28,58,952,33,9,6,48,8.386318954,104,399,41.86533776,9.714341074,8.389066885,8.383526701,479,25,473,23,504,496
46,1000,40,7.7,28,23,959,21,9,11,41,7.617624336,87,413,40.68303267,9.330558592,7.2209751,8.052524862,510,13,449,28,523,477
47,1000,40,7.7,28,6,945,26,16,13,55,7.186553631,97,388,39.89523154,8.997475626,6.438304897,7.984273356,500,16,445,39,516,484
43,1000,40,7.7,28,44,949,27,9,15,51,8.175485964,119,420,41.05840924,9.519704852,7.393312922,9.002722473,490,24,459,27,514,486
44,1000,40,7.7,28,30,940,32,10,18,60,7.899595215,98,439,40.8043118,9.314903313,6.773511996,8.878340442,449,16,491,44,465,535
45,1000,40,7.7,28,30,943,37,14,6,57,7.834290168,111,423,40.56584463,9.489751,7.412860997,8.221746163,456,23,487,34,479,521
42,1000,40,7.7,28,44,956,19,12,13,44,7.864487118,110,390,41.05481524,9.400354126,6.983523049,8.763248442,487,18,469,26,505,495
41,1000,40,7.7,28,59,953,32,9,6,47,8.386392843,92,443,41.88975108,9.718610425,8.370667303,8.402372021,480,24,473,23,504,496
40,1000,40,7.7,28,52,950,38,6,6,50,7.950019385,90,425,41.26533439,9.655912874,7.442633273,8.486637618,491,23,459,27,514,486
46,1000,40,7.7,28,24,959,21,9,11,41,7.634959885,87,421,40.72560686,9.336822355,7.232864276,8.075832011,510,13,449,28,523,477
43,1000,40,7.7,28,45,949,28,9,14,51,8.144172748,112,418,41.090207,9.539313048,7.392897026,8.938731845,490,24,459,27,514,486
47,1000,40,7.7,28,7,947,25,14,14,53,7.208661755,102,403,39.90395027,9.000732287,6.4616631,8.005048751,501,15,446,38,516,484
45,1000,40,7.7,28,31,945,35,14,6,55,7.841908566,100,401,40.57173716,9.513922125,7.403553452,8.244926031,457,22,488,33,479,521
44,1000,40,7.7,28,31,940,33,9,18,60,7.906894168,97,418,40.82881094,9.322866857,6.781871052,8.884717998,449,16,491,44,465,535
42,1000,40,7.7,28,45,958,19,11,12,42,7.892139793,91,417,41.08336457,9.425435543,6.989977353,8.812527737,488,17,470,25,505,495
41,1000,40,7.7,28,60,953,32,9,6,47,8.412924041,104,415,41.93521078,9.723791794,8.392279954,8.433901096,480,24,473,23,504,496
40,1000,40,7.7,28,53,952,37,5,6,48,7.96940663,100,414,41.26446248,9.673812941,7.435761791,8.53379644,492,22,460,26,514,486
43,1000,40,7.7,28,46,949,28,9,14,51,8.189419336,112,401,41.12528164,9.557243383,7.446105982,8.975557326,489,25,460,26,514,486
46,1000,40,7.7,28,25,960,20,8,12,40,7.651785693,106,401,40.7575775,9.353188656,7.231377154,8.112736775,511,12,449,28,523,477
47,1000,40,7.7,28,8,947,24,15,14,53,7.222649517,91,400,39.95609975,9.000804548,6.473599297,8.021223719,501,15,446,38,516,484
45,1000,40,7.7,28,32,946,34,12,8,54,7.873081672,96,411,40.58982191,9.531212794,7.413631568,8.295493572,458,21,488,33,479,521
44,1000,40,7.7,28,32,941,33,9,17,59,7.889241194,101,435,40.84557042,9.333180227,6.755446714,8.874688732,449,16,492,43,465,535
41,1000,40,7.7,28,61,955,30,9,6,45,8.390528329,112,416,41.9314118,9.731831301,8.380460625,8.400758415,481,23,474,22,504,496
42,1000,40,7.7,28,46,958,19,11,12,42,7.880621657,98,412,41.11524226,9.449298197,6.99700021,8.782094042,488,17,470,25,505,495
43,1000,40,7.7,28,47,950,28,8,14,50,8.181980613,108,417,41.1466036,9.587194036,7.432788132,8.974336446,489,25,461,25,514,486
40,1000,40,7.7,28,54,951,37,6,6,49,8.004465524,98,426,41.28641046,9.671982616,7.493291147,8.545090278,492,22,459,27,514,486
46,1000,40,7.7,28,26,960,21,9,10,40,7.651700289,100,397,40.77048987,9.366972475,7.230875641,8.113107607,512,11,448,29,523,477
47,1000,40,7.7,28,9,947,25,14,14,53,7.268701844,92,388,40.01608952,8.995640277,6.534683091,8.051250763,501,15,446,38,516,484
45,1000,40,7.7,28,33,946,34,12,8,54,7.872191929,99,433,40.59772956,9.541270774,7.437323611,8.272003684,457,22,489,32,479,521
41,1000,40,7.7,28,62,955,30,9,6,45,8.406914289,109,446,41.94818809,9.752734641,8.386130753,8.428033044,482,22,473,23,504,496
44,1000,40,7.7,28,33,943,31,9,17,57,7.902333366,88,419,40.86153266,9.34243012,6.793814357,8.865812506,449,16,494,41,465,535
42,1000,40,7.7,28,47,959,19,12,10,41,7.843029802,98,406,41.14862668,9.465296069,7.021109015,8.681555049,488,17,471,24,505,495
43,1000,40,7.7,28,48,950,27,9,14,50,8.190395292,99,424,41.17051847,9.617587499,7.450661141,8.972747872,489,25,461,25,514,486
40,1000,40,7.7,28,55,950,36,8,6,50,8.02769727,98,450,41.30917583,9.694650423,7.526553941,8.557713054,491,23,459,27,514,486
47,1000,40,7.7,28,10,946,26,13,15,54,7.295606065,100,381,40.03201284,9.013398963,6.562494683,8.077187621,501,15,445,39,516,484
46,1000,40,7.7,28,27,961,20,10,9,39,7.649852216,112,426,40.81070682,9.39947563,7.214736693,8.126928565,513,10,448,29,523,477
45,1000,40,7.7,28,34,944,34,14,8,56,7.901094866,81,392,40.59604572,9.544821749,7.457976463,8.308491632,457,22,487,34,479,521
41,1000,40,7.7,28,63,954,30,10,6,46,8.431243473,108,417,41.99832578,9.787838484,8.420799226,8.441856176,481,23,473,23,504,496
44,1000,40,7.7,28,34,943,31,9,17,57,7.930397803,103,425,40.84283089,9.341261675,6.81526707,8.89962358,448,17,495,40,465,535
42,1000,40,7.7,28,48,960,19,12,9,40,7.835477541,85,408,41.20126162,9.478889697,7.041586357,8.645406932,488,17,472,23,505,495
43,1000,40,7.7,28,49,951,26,9,14,49,8.23872897,93,419,41.21388586,9.632505825,7.463435654,9.05868939,490,24,461,25,514,486
47,1000,40,7.7,28,11,947,25,13,15,53,7.292447905,124,370,40.04866214,9.035478071,6.548328612,8.085765168,501,15,446,38,516,484
40,1000,40,7.7,28,56,952,33,9,6,48,8.009200917,86,433,41.34309396,9.720053767,7.488342748,8.560067376,492,22,460,26,514,486
41,1000,40,7.7,28,64,952,32,10,6,48,8.446823395,106,412,42.02678425,9.795870675,8.461356456,8.432055931,479,25,473,23,504,496
46,1000,40,7.7,28,28,962,20,9,9,38,7.651398319,92,428,40.83936471,9.408124469,7.248895414,8.092717019,512,11,450,27,523,477
45,1000,40,7.7,28,35,944,34,14,8,56,7.929702422,100,434,40.61377477,9.555015744,7.493531095,8.330712146,457,22,487,34,479,521
44,1000,40,7.7,28,35,944,30,9,17,56,7.935832363,99,400,40.86996739,9.363642866,6.825418704,8.900958254,448,17,496,39,465,535
42,1000,40,7.7,28,49,959,20,11,10,41,7.85906126,107,412,41.23433595,9.493573594,7.054324843,8.68005498,488,17,471,24,505,495
43,1000,40,7.7,28,50,950,26,10,14,50,8.253736715,92,415,41.22497585,9.654209529,7.482469783,9.069438778,490,24,460,26,514,486
47,1000,40,7.7,28,12,946,26,14,14,54,7.310811988,104,400,40.0829936,9.03418325,6.585878184,8.0836753,501,15,445,39,516,484
41,1000,40,7.7,28,65,953,31,10,6,47,8.445124949,125,407,42.05623408,9.822694256,8.438617146,8.451737717,479,25,474,22,504,496
46,1000,40,7.7,28,29,962,20,9,9,38,7.682163155,93,424,40.88879917,9.410584954,7.251115986,8.154778814,512,11,450,27,523,477
40,1000,40,7.7,28,57,953,31,10,6,47,8.026290759,102,429,41.36660369,9.733781537,7.523674501,8.557864331,493,21,460,26,514,486
45,1000,40,7.7,28,36,945,34,13,8,55,7.978886608,94,406,40.62197574,9.560250129,7.525179034,8.396018907,457,22,488,33,479,521
44,1000,40,7.7,28,36,946,29,8,17,54,7.933467551,100,412,40.91657192,9.388756516,6.851554193,8.873822152,448,17,498,37,465,535
43,1000,40,7.7,28,51,950,26,10,14,50,8.258639723,106,425,41.24765523,9.684293297,7.534009499,9.02501819,490,24,460,26,514,486
42,1000,40,7.7,28,50,959,20,10,11,41,7.874013494,98,414,41.2593165,9.530744925,7.042873126,8.721944577,488,17,471,24,505,495
41,1000,40,7.7,28,66,951,33,10,6,49,8.469775109,113,424,42.09151741,9.826332238,8.463161096,8.476495799,479,25,472,24,504,496
47,1000,40,7.7,28,13,946,26,13,15,54,7.329278242,87,360,40.10603095,9.05196717,6.616711404,8.088956937,501,15,445,39,516,484
46,1000,40,7.7,28,30,959,22,10,9,41,7.726202403,90,414,40.91235421,9.397546506,7.256910695,8.240750754,512,11,447,30,523,477
45,1000,40,7.7,28,37,945,33,14,8,55,8.017047735,96,416,40.64951133,9.576415392,7.575961321,8.422576319,457,22,488,33,479,521
40,1000,40,7.7,28,58,953,31,10,6,47,8.043105376,108,398,41.37824379,9.739761184,7.560756104,8.553244319,493,21,460,26,514,486
43,1000,40,7.7,28,52,950,26,10,14,50,8.294132987,96,411,41.28425455,9.696261317,7.553627704,9.077301125,490,24,460,26,514,486
44,1000,40,7.7,28,37,946,27,9,18,54,7.974866548,94,400,40.9463819,9.430419888,6.845689059,8.956301188,448,17,498,37,465,535
42,1000,40,7.7,28,51,957,22,10,11,43,7.904795927,88,432,41.29318061,9.555729747,7.097790349,8.728104648,487,18,470,25,505,495
41,1000,40,7.7,28,67,951,33,10,6,49,8.525545238,91,433,42.10848793,9.845514391,8.511481844,8.539835461,479,25,472,24,504,496
47,1000,40,7.7,28,14,947,26,12,15,53,7.353730308,86,399,40.13534577,9.06701591,6.656238885,8.097336868,501,15,446,38,516,484
46,1000,40,7.7,28,31,958,23,10,9,42,7.727260707,101,423,40.93056618,9.416394453,7.263205871,8.236067162,511,12,447,30,523,477
45,1000,40,7.7,28,38,945,33,14,8,55,8.022743258,101,438,40.66315166,9.589738434,7.594586657,8.416384356,457,22,488,33,479,521
43,1000,40,7.7,28,53,948,28,10,14,52,8.301358879,105,429,41.29678279,9.704856473,7.570934423,9.073865403,489,25,459,27,514,486
44,1000,40,7.7,28,38,947,27,8,18,53,7.988954995,102,388,40.95524534,9.455813413,6.853811479,8.97557506,448,17,499,36,465,535
40,1000,40,7.7,28,59,953,31,10,6,47,8.075139767,82,420,41.40186236,9.768092464,7.579690697,8.599133228,493,21,460,26,514,486
42,1000,40,7.7,28,52,957,22,9,12,43,7.936311836,94,391,41.33363877,9.566257542,7.134779598,8.754036644,487,18,470,25,505,495
41,1000,40,7.7,28,68,950,34,10,6,50,8.547871118,88,416,42.15824579,9.844632115,8.53129696,8.564712601,478,26,472,24,504,496
47,1000,40,7.7,28,15,948,25,12,15,52,7.381495262,100,417,40.15617485,9.091463472,6.738376298,8.067134489,501,15,447,37,516,484
46,1000,40,7.7,28,32,956,26,9,9,44,7.758036726,102,414,40.94995851,9.433341027,7.338125984,8.218442005,510,13,446,31,523,477
43,1000,40,7.7,28,54,950,27,8,15,50,8.290007109,103,429,41.34875839,9.713784373,7.582969721,9.037779161,490,24,460,26,514,486
45,1000,40,7.7,28,39,946,32,14,8,54,8.049684144,105,400,40.67692772,9.600053147,7.636734637,8.429344055,458,21,488,33,479,521
44,1000,40,7.7,28,39,947,28,7,18,53,8.025581642,95,422,40.98666508,9.473572428,6.931712089,8.976328077,447,18,500,35,465,535
42,1000,40,7.7,28,53,957,22,9,12,43,7.95673262,112,402,41.37364715,9.601146709,7.185191914,8.743860007,487,18,470,25,505,495
40,1000,40,7.7,28,60,953,30,12,5,47,8.090735513,100,438,41.42893607,9.778679895,7.614216734,8.594708047,493,21,460,26,514,486
41,1000,40,7.7,28,69,950,34,10,6,50,8.570875389,105,443,42.16975259,9.844496649,8.567871251,8.573927981,478,26,472,24,504,496
47,1000,40,7.7,28,16,949,25,12,14,51,7.403885221,90,405,40.15892436,9.113838555,6.799490107,8.048240342,501,15,448,36,516,484
43,1000,40,7.7,28,55,950,27,8,15,50,8.289190155,92,438,41.36072386,9.716811486,7.60662166,9.011083584,490,24,460,26,514,486
46,1000,40,7.7,28,33,957,25,9,9,43,7.743831719,104,420,40.97184645,9.450395932,7.346832895,8.179115544,510,13,447,30,523,477
45,1000,40,7.7,28,40,948,30,14,8,52,8.066502589,94,422,40.71215579,9.615511581,7.62705133,8.470527835,459,20,489,32,479,521
44,1000,40,7.7,28,40,946,29,6,19,54,8.018389307,106,426,41.00301018,9.475851893,6.924165171,8.96944393,447,18,499,36,465,535
42,1000,40,7.7,28,54,957,23,9,11,43,7.977093666,102,397,41.41403374,9.605949956,7.205060799,8.764723157,487,18,470,25,505,495
41,1000,40,7.7,28,70,950,34,9,7,50,8.562014762,103,448,42.21807431,9.869435232,8.577953791,8.545818652,477,27,473,23,504,496
40,1000,40,7.7,28,61,952,31,12,5,48,8.140570193,121,428,41.44849543,9.801303905,7.657444676,8.651530102,493,21,459,27,514,486
43,1000,40,7.7,28,56,949,29,8,14,51,8.322233663,98,423,41.38334514,9.738347387,7.658869607,9.023816223,489,25,460,26,514,486
47,1000,40,7.7,28,17,949,26,12,13,51,7.440676178,87,384,40.21227644,9.110669087,6.820188924,8.102187384,501,15,448,36,516,484
46,1000,40,7.7,28,34,955,27,9,9,45,7.733484654,113,405,40.99295391,9.461857018,7.338628263,8.16641944,509,14,446,31,523,477
45,1000,40,7.7,28,41,949,30,13,8,51,8.07660101,97,433,40.74634999,9.629413282,7.659375206,8.460192487,458,21,491,30,479,521
44,1000,40,7.7,28,41,945,29,7,19,55,8.056648078,86,385,41.03399639,9.500731216,6.962269075,9.007837305,447,18,498,37,465,535
42,1000,40,7.7,28,55,956,24,9,11,44,8.005904306,97,405,41.44291397,9.614684994,7.210469341,8.817408663,487,18,469,26,505,495
41,1000,40,7.7,28,71,950,33,10,7,50,8.580939839,100,447,42.23872769,9.876543504,8.596958846,8.564662462,477,27,473,23,504,496
40,1000,40,7.7,28,62,951,32,11,6,49,8.168714935,103,407,41.46794329,9.8363371,7.692499644,8.672366498,492,22,459,27,514,486
43,1000,40,7.7,28,57,948,30,8,14,52,8.322534121,109,416,41.40465496,9.723209383,7.681875996,9.00010259,489,25,459,27,514,486
47,1000,40,7.7,28,18,950,25,12,13,50,7.43699631,104,424,40.25248842,9.119309934,6.847052517,8.065944651,501,15,449,35,516,484
46,1000,40,7.7,28,35,954,28,8,10,46,7.759565645,106,435,41.01570725,9.496983705,7.368918523,8.187885235,508,15,446,31,523,477
45,1000,40,7.7,28,42,947,32,13,8,53,8.083439648,94,409,40.7690211,9.636592917,7.674642918,8.459281556,458,21,489,32,479,521
41,1000,40,7.7,28,72,951,33,9,7,49,8.608444872,122,448,42.2793891,9.890654641,8.64548754,8.570804741,477,27,474,22,504,496
42,1000,40,7.7,28,56,954,26,9,11,46,8.017298665,90,407,41.46182124,9.636317412,7.235858573,8.814525426,485,20,469,26,505,495
44,1000,40,7.7,28,42,944,30,7,19,56,8.045628709,99,408,41.04537498,9.535556751,6.984433901,8.967975599,446,19,498,37,465,535
43,1000,40,7.7,28,58,947,31,9,13,53,8.3187445,96,423,41.44877793,9.729167264,7.66471825,9.010451275,488,26,459,27,514,486
40,1000,40,7.7,28,63,951,32,11,6,49,8.227111192,105,404,41.50404503,9.849111956,7.69675507,8.788022811,493,21,458,28,514,486
47,1000,40,7.7,28,19,950,26,12,12,50,7.438544881,97,362,40.31638596,9.158077901,6.864329392,8.050725031,501,15,449,35,516,484
46,1000,40,7.7,28,36,954,29,8,9,46,7.771808403,111,403,41.05650716,9.515667992,7.401447771,8.177885154,508,15,446,31,523,477
45,1000,40,7.7,28,43,946,33,13,8,54,8.087069456,88,399,40.77698771,9.660531262,7.681922007,8.459556266,457,22,489,32,479,521
41,1000,40,7.7,28,73,950,34,9,7,50,8.627595502,99,408,42.30584244,9.919534576,8.677110626,8.577281747,477,27,473,23,504,496
42,1000,40,7.7,28,57,955,26,9,10,45,8.009786321,106,413,41.51207001,9.659721741,7.273104579,8.761350523,485,20,470,25,505,495
44,1000,40,7.7,28,43,945,29,7,19,55,8.062595791,109,393,41.05485859,9.528948381,7.054239813,8.939017341,446,19,499,36,465,535
43,1000,40,7.7,28,59,947,30,10,13,53,8.326113002,105,417,41.47581669,9.761259395,7.698012109,8.990400777,488,26,459,27,514,486
47,1000,40,7.7,28,20,950,26,12,12,50,7.44620253,81,415,40.32479635,9.163388957,6.914886248,8.012647162,499,17,451,33,516,484
40,1000,40,7.7,28,64,950,33,11,6,50,8.251046599,94,411,41.54013722,9.856498037,7.719700262,8.813005482,493,21,457,29,514,486
46,1000,40,7.7,28,37,955,27,10,8,45,7.801042014,97,416,41.0806239,9.528266422,7.449444565,8.186546135,509,14,446,31,523,477
41,1000,40,7.7,28,74,950,34,9,7,50,8.661801311,104,408,42.32442669,9.933784745,8.70408843,8.618832142,477,27,473,23,504,496
45,1000,40,7.7,28,44,949,31,12,8,51,8.092196978,113,394,40.80025591,9.660822786,7.683746249,8.467720778,459,20,490,31,479,521
42,1000,40,7.7,28,58,952,28,10,10,48,7.998640078,109,416,41.53153925,9.674863616,7.258336788,8.75389899,484,21,468,27,505,495
44,1000,40,7.7,28,44,947,28,5,20,53,8.08514418,108,405,41.09767723,9.527674097,7.05820692,8.977715816,447,18,500,35,465,535
43,1000,40,7.7,28,60,945,32,10,13,55,8.362919894,83,437,41.48464202,9.782803389,7.710801093,9.052609327,488,26,457,29,514,486
47,1000,40,7.7,28,21,951,25,12,12,49,7.4546898,100,391,40.33756627,9.18231174,6.912334746,8.032903041,499,17,452,32,516,484
41,1000,40,7.7,28,75,950,34,9,7,50,8.677389186,106,472,42.35901995,9.93183058,8.701079124,8.653317152,477,27,473,23,504,496
46,1000,40,7.7,28,38,955,27,10,8,45,7.837233628,95,437,41.12051806,9.553714682,7.491445185,8.216368545,509,14,446,31,523,477
40,1000,40,7.7,28,65,950,32,12,6,50,8.263385427,110,398,41.56699,9.868344745,7.733015574,8.824311568,493,21,457,29,514,486
45,1000,40,7.7,28,45,949,30,13,8,51,8.116192627,103,419,40.83267387,9.671439352,7.718725078,8.481618647,459,20,490,31,479,521
43,1000,40,7.7,28,61,945,31,11,13,55,8.378658918,93,430,41.5002564,9.790408427,7.739000334,9.055170261,488,26,457,29,514,486
42,1000,40,7.7,28,59,951,29,10,10,49,8.017819153,104,417,41.56251013,9.701388583,7.272529544,8.778165118,484,21,467,28,505,495
44,1000,40,7.7,28,45,946,29,5,20,54,8.105575856,95,411,41.13342026,9.529868719,7.062435,9.012230993,447,18,499,36,465,535
47,1000,40,7.7,28,22,952,25,11,12,48,7.444568288,88,433,40.32725867,9.181141357,6.908511521,8.016066825,499,17,453,31,516,484
41,1000,40,7.7,28,76,951,32,10,7,49,8.686196893,103,445,42.37746335,9.942229865,8.711605073,8.660378904,478,26,473,23,504,496
46,1000,40,7.7,28,39,955,26,11,8,45,7.874337703,100,403,41.13027572,9.580623182,7.532689269,8.248933364,509,14,446,31,523,477
45,1000,40,7.7,28,46,948,31,13,8,52,8.138903985,87,429,40.83759417,9.67337465,7.7432286,8.502682313,459,20,489,32,479,521
40,1000,40,7.7,28,66,949,33,11,7,51,8.299586308,113,420,41.5988274,9.879076682,7.757670157,8.872723964,493,21,456,30,514,486
43,1000,40,7.7,28,62,945,31,11,13,55,8.38861262,127,403,41.53452459,9.800008301,7.686501415,9.131174676,490,24,455,31,514,486
42,1000,40,7.7,28,60,951,29,10,10,49,8.045465184,104,418,41.58670847,9.715518896,7.275911735,8.830565167,484,21,467,28,505,495
44,1000,40,7.7,28,46,947,28,5,20,53,8.075393747,105,410,41.19308865,9.552391395,7.043633607,8.972157233,447,18,500,35,465,535
41,1000,40,7.7,28,77,952,31,10,7,48,8.647370314,100,421,42.39041081,9.966959614,8.678190362,8.616053169,479,25,473,23,504,496
47,1000,40,7.7,28,23,952,26,11,11,48,7.452977502,108,411,40.33995896,9.205883587,6.9667868,7.971313044,498,18,454,30,516,484
46,1000,40,7.7,28,40,954,26,12,8,46,7.890562943,88,428,41.14098528,9.607720016,7.541462556,8.273329196,509,14,445,32,523,477
45,1000,40,7.7,28,47,948,33,11,8,52,8.164843705,103,416,40.86019656,9.698552433,7.714093161,8.579257353,460,19,488,33,479,521
43,1000,40,7.7,28,63,944,31,12,13,56,8.437125168,96,431,41.56919477,9.817150536,7.752752325,9.1609269,489,25,455,31,514,486
40,1000,40,7.7,28,67,948,34,11,7,52,8.313900381,107,417,41.61559736,9.884431311,7.761508623,8.898117179,492,22,456,30,514,486
42,1000,40,7.7,28,61,950,30,9,11,50,8.075629852,112,406,41.59204473,9.713450829,7.290050061,8.877079942,483,22,467,28,505,495
44,1000,40,7.7,28,47,947,28,5,20,53,8.099642522,96,424,41.21426554,9.578025567,7.089059873,8.977999404,447,18,500,35,465,535
41,1000,40,7.7,28,78,951,32,10,7,49,8.676641216,110,431,42.46074935,9.975086075,8.706315179,8.646488641,479,25,472,24,504,496
47,1000,40,7.7,28,24,952,25,12,11,48,7.477682539,82,380,40.3432091,9.211094755,7.00919427,7.977145239,498,18,454,30,516,484
46,1000,40,7.7,28,41,953,27,11,9,47,7.898765996,123,415,41.16609218,9.597732217,7.533404196,8.299361848,508,15,445,32,523,477
43,1000,40,7.7,28,64,945,30,12,13,55,8.490167045,100,413,41.5943112,9.834590901,7.831706463,9.186563626,490,24,455,31,514,486
45,1000,40,7.7,28,48,949,32,11,8,51,8.158434823,95,427,40.9289215,9.703297686,7.71555955,8.565608059,461,18,488,33,479,521
42,1000,40,7.7,28,62,950,29,10,11,50,8.097356084,127,410,41.60187877,9.723531612,7.312310207,8.898261473,483,22,467,28,505,495
44,1000,40,7.7,28,48,946,29,5,20,54,8.119973043,101,445,41.23638599,9.581714019,7.089051511,9.016007646,447,18,499,36,465,535
40,1000,40,7.7,28,68,948,33,12,7,52,8.343571857,87,423,41.64847882,9.916218507,7.785031675,8.934291309,492,22,456,30,514,486
41,1000,40,7.7,28,79,951,32,10,7,49,8.705118415,107,460,42.47911892,9.985363688,8.72979239,8.680046472,479,25,472,24,504,496
47,1000,40,7.7,28,25,953,24,12,11,47,7.51080736,93,414,40.37208419,9.24212612,7.038269321,8.014587583,499,17,454,30,516,484
46,1000,40,7.7,28,42,954,27,11,8,46,7.907956693,91,416,41.20622116,9.647064682,7.544887363,8.306038998,508,15,446,31,523,477
43,1000,40,7.7,28,65,946,30,11,13,54,8.538511188,91,414,41.60039718,9.843357631,7.911079437,9.202091271,490,24,456,30,514,486
45,1000,40,7.7,28,49,950,32,11,7,50,8.156487626,109,401,40.95439666,9.71713934,7.739777256,8.539605222,460,19,490,31,479,521
42,1000,40,7.7,28,63,948,31,10,11,52,8.148331276,117,415,41.62504964,9.722679787,7.358179923,8.954445281,483,22,465,30,505,495
44,1000,40,7.7,28,49,946,29,4,21,54,8.129684586,115,403,41.2767018,9.599023415,7.062666542,9.057092792,447,18,499,36,465,535
41,1000,40,7.7,28,80,949,34,10,7,51,8.751722374,97,414,42.51131609,10.00155362,8.781736058,8.721224599,477,27,472,24,504,496
40,1000,40,7.7,28,69,948,34,11,7,52,8.354105026,103,419,41.66499086,9.938882393,7.783006862,8.958105965,492,22,456,30,514,486
43,1000,40,7.7,28,66,946,30,11,13,54,8.538063975,111,426,41.60311685,9.860871375,7.940480053,9.1700766,490,24,456,30,514,486
47,1000,40,7.7,28,26,953,24,12,11,47,7.547443817,106,424,40.43209859,9.23066409,7.093412923,8.031493281,499,17,454,30,516,484
46,1000,40,7.7,28,43,953,28,10,9,47,7.939398799,117,428,41.21400769,9.667220459,7.586263289,8.326589305,507,16,446,31,523,477
45,1000,40,7.7,28,50,950,31,12,7,50,8.177379525,107,435,41.00002884,9.733476068,7.740681955,8.578873069,460,19,490,31,479,521
41,1000,40,7.7,28,81,950,33,10,7,50,8.73538366,106,414,42.53448857,10.01927473,8.77870947,8.691359046,477,27,473,23,504,496
44,1000,40,7.7,28,50,945,29,5,21,55,8.153876821,114,394,41.30006736,9.602478436,7.057293761,9.106981724,447,18,498,37,465,535
42,1000,40,7.7,28,64,949,30,9,12,51,8.150413968,115,426,41.63474022,9.730799562,7.34531477,8.971777796,483,22,466,29,505,495
40,1000,40,7.7,28,70,949,33,10,8,51,8.37095215,108,443,41.70548743,9.952603078,7.800083586,8.974710261,493,21,456,30,514,486
43,1000,40,7.7,28,67,946,29,12,13,54,8.573916269,96,418,41.63144852,9.858199535,7.961779348,9.221320336,490,24,456,30,514,486
47,1000,40,7.7,28,27,953,24,12,11,47,7.617307564,83,436,40.48704544,9.261826826,7.158153778,8.106818624,499,17,454,30,516,484
46,1000,40,7.7,28,44,953,28,9,10,47,7.975630172,96,410,41.22440183,9.688337845,7.635742746,8.348295001,506,17,447,30,523,477
45,1000,40,7.7,28,51,950,31,12,7,50,8.23064048,109,430,41.02860174,9.746426076,7.797729729,8.628652475,460,19,490,31,479,521
41,1000,40,7.7,28,82,949,34,10,7,51,8.766107112,110,465,42.56575031,10.02096685,8.784757255,8.747156161,476,28,473,23,504,496
44,1000,40,7.7,28,51,947,27,5,21,53,8.124644184,99,444,41.36485171,9.620286602,7.025274257,9.080171317,448,17,499,36,465,535
42,1000,40,7.7,28,65,949,30,9,12,51,8.161308341,90,444,41.65563218,9.739013869,7.361011162,8.97777314,483,22,466,29,505,495
43,1000,40,7.7,28,68,946,29,12,13,54,8.60452554,94,424,41.67784361,9.874985601,7.973453709,9.271955418,490,24,456,30,514,486
40,1000,40,7.7,28,71,948,34,10,8,52,8.393823264,106,419,41.72813692,9.947868554,7.815870521,9.005073696,493,21,455,31,514,486
47,1000,40,7.7,28,28,955,23,11,11,45,7.646706734,86,406,40.51872829,9.276249806,7.207243856,8.115225009,499,17,456,28,516,484
46,1000,40,7.7,28,45,955,27,9,9,45,7.950386147,90,418,41.25968649,9.702483092,7.596083297,8.338856568,507,16,448,29,523,477
41,1000,40,7.7,28,83,950,35,9,6,50,8.753409927,103,427,42.58545091,10.05783793,8.740772463,8.766251222,477,27,473,23,504,496
45,1000,40,7.7,28,52,952,30,11,7,48,8.239538087,97,401,41.0671273,9.775004014,7.83211698,8.614115267,460,19,492,29,479,521
44,1000,40,7.7,28,52,948,27,4,21,52,8.086677228,110,414,41.37939929,9.65721105,7.018568037,9.015033814,449,16,499,36,465,535
42,1000,40,7.7,28,66,949,29,10,12,51,8.199422012,99,420,41.6933699,9.762722256,7.36974613,9.045859023,483,22,466,29,505,495
43,1000,40,7.7,28,69,944,30,13,13,56,8.650195766,97,437,41.68751612,9.886994308,8.0363665,9.299389681,489,25,455,31,514,486
47,1000,40,7.7,28,29,955,23,11,11,45,7.685333118,90,423,40.53187171,9.305456933,7.252314247,8.146981337,499,17,456,28,516,484
40,1000,40,7.7,28,72,947,35,10,8,53,8.393713134,103,424,41.7640202,9.952591724,7.834327695,8.98532654,492,22,455,31,514,486
46,1000,40,7.7,28,46,954,26,10,10,46,7.997654669,119,409,41.25115089,9.733180809,7.644664804,8.384685485,507,16,447,30,523,477
41,1000,40,7.7,28,84,950,35,9,6,50,8.751170887,99,442,42.59886789,10.079525,8.754988207,8.747291998,478,26,472,24,504,496
45,1000,40,7.7,28,53,952,30,11,7,48,8.252369946,95,432,41.09752683,9.809250045,7.84948071,8.622780588,460,19,492,29,479,521
44,1000,40,7.7,28,53,948,27,4,21,52,8.134660702,93,396,41.41589703,9.67381388,7.06027241,9.068474825,449,16,499,36,465,535
42,1000,40,7.7,28,67,948,30,10,12,52,8.199437905,89,439,41.71794896,9.761848643,7.40631433,9.008584178,482,23,466,29,505,495
43,1000,40,7.7,28,70,944,30,13,13,56,8.660069608,90,405,41.70044648,9.916531261,8.046364913,9.309131775,489,25,455,31,514,486
47,1000,40,7.7,28,30,956,22,11,11,44,7.701252513,91,424,40.57009773,9.347308583,7.260511916,8.171132985,500,16,456,28,516,484
46,1000,40,7.7,28,47,954,25,11,10,46,8.077738068,101,405,41.28152729,9.729858985,7.710882066,8.479972217,507,16,447,30,523,477
41,1000,40,7.7,28,85,950,33,11,6,50,8.749698658,114,430,42.65330483,10.11069264,8.775145779,8.723841099,478,26,472,24,504,496
40,1000,40,7.7,28,73,946,35,11,8,54,8.448114589,103,407,41.75693045,9.964575708,7.901650504,9.026062202,491,23,455,31,514,486
45,1000,40,7.7,28,54,951,32,10,7,49,8.273318906,116,406,41.1206623,9.83442812,7.908149885,8.609050116,458,21,493,28,479,521
43,1000,40,7.7,28,71,944,31,13,12,56,8.652677679,106,423,41.72984903,9.930224572,8.075042937,9.263591789,489,25,455,31,514,486
44,1000,40,7.7,28,54,949,26,4,21,51,8.134679532,96,434,41.41562241,9.665698186,7.082989592,9.048765181,449,16,500,35,465,535
42,1000,40,7.7,28,68,948,30,9,13,52,8.222502837,91,408,41.75976681,9.780311895,7.437851109,9.023006115,482,23,466,29,505,495
47,1000,40,7.7,28,31,957,22,11,10,43,7.705329276,103,425,40.59968544,9.3595764,7.294345002,8.143486063,500,16,457,27,516,484
41,1000,40,7.7,28,86,949,33,12,6,51,8.77228654,122,433,42.68219819,10.11506868,8.843695737,8.699725581,478,26,471,25,504,496
46,1000,40,7.7,28,48,954,25,11,10,46,8.102481779,114,433,41.30399758,9.753043164,7.729500546,8.511431852,506,17,448,29,523,477
40,1000,40,7.7,28,74,945,36,10,9,55,8.461838121,96,430,41.7862901,10.00191927,7.914164783,9.041064656,491,23,454,32,514,486
43,1000,40,7.7,28,72,942,34,13,11,58,8.696724989,110,418,41.73097636,9.934747497,8.147352171,9.277748915,488,26,454,32,514,486
45,1000,40,7.7,28,55,950,32,11,7,50,8.315354122,107,422,41.175272,9.855729559,7.928814113,8.670733516,458,21,492,29,479,521
44,1000,40,7.7,28,55,948,26,5,21,52,8.154747873,112,426,41.43876605,9.692455764,7.119891346,9.054202611,448,17,500,35,465,535
42,1000,40,7.7,28,69,947,31,9,13,53,8.262725752,104,400,41.75743431,9.778999053,7.469482701,9.071993915,481,24,466,29,505,495
41,1000,40,7.7,28,87,948,33,13,6,52,8.809260755,89,423,42.71237202,10.14196843,8.939767079,8.676649491,478,26,470,26,504,496
47,1000,40,7.7,28,32,958,21,11,10,42,7.720227266,110,416,40.60635968,9.356449825,7.335769762,8.130103447,500,16,458,26,516,484
46,1000,40,7.7,28,49,954,26,11,9,46,8.118364898,104,422,41.36119231,9.775248636,7.750767294,8.521412167,506,17,448,29,523,477
43,1000,40,7.7,28,73,939,36,15,10,61,8.744361634,99,454,41.77063953,9.95131171,8.232783759,9.285413131,486,28,453,33,514,486
40,1000,40,7.7,28,75,944,37,10,9,56,8.478012102,93,433,41.83466765,10.01167667,7.939030881,9.048045738,490,24,454,32,514,486
45,1000,40,7.7,28,56,949,33,12,6,51,8.330191224,109,404,41.21180422,9.869215155,7.955075804,8.675067014,458,21,491,30,479,521
44,1000,40,7.7,28,56,949,25,5,21,51,8.177985407,103,417,41.48263938,9.708142011,7.095939132,9.118455533,449,16,500,35,465,535
42,1000,40,7.7,28,70,947,31,9,13,53,8.281364979,107,442,41.76487039,9.799315788,7.490570934,9.088134661,481,24,466,29,505,495
41,1000,40,7.7,28,88,947,34,13,6,53,8.834647911,115,421,42.75383897,10.16052843,8.97595936,8.691057244,478,26,469,27,504,496
47,1000,40,7.7,28,33,958,21,10,11,42,7.764261483,91,407,40.63125838,9.364273135,7.37859287,8.175428847,500,16,458,26,516,484
46,1000,40,7.7,28,50,955,25,11,9,45,8.11962033,110,399,41.39146637,9.79533014,7.759297996,8.51469073,506,17,449,28,523,477
43,1000,40,7.7,28,74,939,36,15,10,61,8.748214668,98,436,41.77564967,9.973626337,8.229034625,9.297306319,486,28,453,33,514,486
45,1000,40,7.7,28,57,949,33,12,6,51,8.33924941,115,409,41.23743382,9.899639488,7.969043448,8.679611514,458,21,491,30,479,521
42,1000,40,7.7,28,71,947,31,9,13,53,8.286522128,94,439,41.78512127,9.810610086,7.499441633,9.089503239,481,24,466,29,505,495
40,1000,40,7.7,28,76,944,37,9,10,56,8.502605997,94,397,41.85835802,10.03582021,7.976833739,9.058669662,490,24,454,32,514,486
44,1000,40,7.7,28,57,948,27,5,20,52,8.197712492,83,410,41.50627998,9.71929742,7.098027731,9.153513266,448,17,500,35,465,535
41,1000,40,7.7,28,89,945,36,13,6,55,8.871913645,115,427,42.78492998,10.16828809,9.023402302,8.717981624,476,28,469,27,504,496
47,1000,40,7.7,28,34,958,21,10,11,42,7.818975776,101,409,40.63937298,9.366537699,7.426834534,8.237043711,500,16,458,26,516,484
46,1000,40,7.7,28,51,955,24,12,9,45,8.196860197,92,406,41.41680186,9.787946319,7.802785366,8.628938051,506,17,449,28,523,477
43,1000,40,7.7,28,75,940,36,15,9,60,8.754551818,109,439,41.80059917,9.961458826,8.219114012,9.320837893,487,27,453,33,514,486
45,1000,40,7.7,28,58,951,31,12,6,49,8.327796111,101,415,41.27714534,9.928888184,7.961052565,8.664974918,459,20,492,29,479,521
42,1000,40,7.7,28,72,947,31,9,13,53,8.290560183,120,414,41.81887962,9.836808403,7.532547593,9.063886158,481,24,466,29,505,495
44,1000,40,7.7,28,58,945,30,6,19,55,8.250305375,105,414,41.53245558,9.741878579,7.193836312,9.168544841,446,19,499,36,465,535
41,1000,40,7.7,28,90,942,39,13,6,58,8.893961953,114,446,42.81872798,10.17341469,9.014065658,8.771921091,476,28,466,30,504,496
40,1000,40,7.7,28,77,943,36,10,11,57,8.542551211,101,399,41.86200099,10.05092351,8.061175664,9.051660328,490,24,453,33,514,486
47,1000,40,7.7,28,35,957,22,10,11,43,7.869941241,100,441,40.67217163,9.410509727,7.454510212,8.312838785,499,17,458,26,516,484
46,1000,40,7.7,28,52,957,24,10,9,43,8.21865663,96,426,41.44358079,9.7899606,7.825608686,8.649608568,507,16,450,27,523,477
43,1000,40,7.7,28,76,938,37,17,8,62,8.776313183,127,398,41.82732008,9.972956533,8.254328942,9.328370591,487,27,451,35,514,486
45,1000,40,7.7,28,59,951,30,13,6,49,8.345878539,105,438,41.30428781,9.963234029,7.974342145,8.687463822,459,20,492,29,479,521
41,1000,40,7.7,28,91,942,40,12,6,58,8.928612325,110,408,42.8411991,10.21035647,9.001759029,8.854285836,477,27,465,31,504,496
42,1000,40,7.7,28,73,947,31,9,13,53,8.286824684,97,412,41.8331873,9.844255456,7.555716735,9.03270249,480,25,467,28,505,495
44,1000,40,7.7,28,59,946,30,6,18,54,8.245501706,110,417,41.58385236,9.754369685,7.210338184,9.145223272,446,19,500,35,465,535
40,1000,40,7.7,28,78,943,35,11,11,57,8.566318611,116,412,41.88494015,10.06015949,8.043915605,9.118818909,491,23,452,34,514,486
47,1000,40,7.7,28,36,956,23,10,11,44,7.893012848,97,427,40.69075701,9.4388436,7.482875895,8.330266294,499,17,457,27,516,484
43,1000,40,7.7,28,77,939,35,18,8,61,8.784762236,102,401,41.85706947,9.966574385,8.280328242,9.318258271,488,26,451,35,514,486
46,1000,40,7.7,28,53,958,21,12,9,42,8.225092239,104,402,41.49647322,9.787856628,7.814724818,8.675033875,508,15,450,27,523,477
41,1000,40,7.7,28,92,943,40,11,6,57,8.938284369,117,423,42.86830651,10.23754739,9.000971003,8.874586661,478,26,465,31,504,496
45,1000,40,7.7,28,60,949,31,14,6,51,8.345241772,125,396,41.3269344,9.980146852,7.939924784,8.717884454,459,20,490,31,479,521
42,1000,40,7.7,28,74,947,31,9,13,53,8.302376415,117,438,41.87559404,9.861647003,7.577040228,9.042365857,480,25,467,28,505,495
44,1000,40,7.7,28,60,946,30,6,18,54,8.260215415,110,429,41.62691687,9.760723041,7.244287928,9.14321781,446,19,500,35,465,535
43,1000,40,7.7,28,78,940,35,18,7,60,8.76921104,115,428,41.87676831,9.979833846,8.261687838,9.305974262,488,26,452,34,514,486
40,1000,40,7.7,28,79,942,36,11,11,58,8.591960282,111,395,41.93460811,10.07125964,8.033097154,9.183021286,490,24,452,34,514,486
47,1000,40,7.7,28,37,956,23,10,11,44,7.906172984,88,400,40.70762751,9.43483194,7.497116407,8.342274623,499,17,457,27,516,484
46,1000,40,7.7,28,54,959,21,11,9,41,8.205494376,92,372,41.5300167,9.78066712,7.79107094,8.659883174,508,15,451,26,523,477
41,1000,40,7.7,28,93,943,40,11,6,57,8.943918602,105,462,42.87360343,10.24314269,8.996520808,8.890467974,478,26,465,31,504,496
45,1000,40,7.7,28,61,947,33,13,7,53,8.373436526,90,408,41.37200939,10.00721008,7.966784827,8.747306323,458,21,489,32,479,521
42,1000,40,7.7,28,75,947,31,9,13,53,8.331837495,93,429,41.89573086,9.852261753,7.654769335,9.022583799,480,25,467,28,505,495
44,1000,40,7.7,28,61,946,32,6,16,54,8.25240683,86,438,41.63908422,9.791388552,7.288098938,9.090543597,446,19,500,35,465,535
43,1000,40,7.7,28,79,939,36,18,7,61,8.803982156,95,403,41.91003326,9.983819515,8.302135736,9.334741538,488,26,451,35,514,486
47,1000,40,7.7,28,38,954,23,12,11,46,7.912943235,102,392,40.7410661,9.472120319,7.487035613,8.367010039,499,17,455,29,516,484
46,1000,40,7.7,28,55,960,21,11,8,40,8.192956494,90,422,41.55329187,9.786269937,7.806912483,8.616229068,508,15,452,25,523,477
40,1000,40,7.7,28,80,940,38,11,11,60,8.618383397,121,422,41.95264668,10.08721914,8.057878124,9.211181155,490,24,450,36,514,486
41,1000,40,7.7,28,94,942,39,13,6,58,8.976793452,120,431,42.91150602,10.24392279,9.062156921,8.890053154,477,27,465,31,504,496
45,1000,40,7.7,28,62,946,34,13,7,54,8.369588356,96,409,41.39049678,10.02466882,7.955592935,8.750209866,458,21,488,33,479,521
42,1000,40,7.7,28,76,947,31,9,13,53,8.342306157,88,424,41.9353697,9.889522371,7.65479871,9.043702643,480,25,467,28,505,495
44,1000,40,7.7,28,62,945,32,6,17,55,8.278745902,105,397,41.67126749,9.796127879,7.326112104,9.106736025,445,20,500,35,465,535
43,1000,40,7.7,28,80,940,37,17,6,60,8.79095219,100,438,41.95835969,9.994129526,8.260327361,9.352147996,490,24,450,36,514,486
46,1000,40,7.7,28,56,958,23,11,8,42,8.230422176,101,445,41.57358163,9.792799603,7.805083668,8.696778654,507,16,451,26,523,477
47,1000,40,7.7,28,39,955,22,12,11,45,7.942544231,91,418,40.77129905,9.479334968,7.488938715,8.426140194,499,17,456,28,516,484
41,1000,40,7.7,28,95,942,39,13,6,58,9.020502604,118,444,42.96504973,10.2462081,9.077079079,8.963013605,477,27,465,31,504,496
40,1000,40,7.7,28,81,939,38,12,11,61,8.64703386,105,423,41.99647173,10.09121118,8.10904406,9.216018957,489,25,450,36,514,486
45,1000,40,7.7,28,63,946,34,13,7,54,8.367430238,97,411,41.38644034,10.0394675,7.965100732,8.737326272,458,21,488,33,479,521
42,1000,40,7.7,28,77,948,31,8,13,52,8.345327965,108,440,41.93706663,9.892821028,7.666723194,9.037641923,481,24,467,28,505,495
43,1000,40,7.7,28,81,940,37,17,6,60,8.836702181,103,406,41.97558205,10.0148542,8.281196684,9.42421211,491,23,449,37,514,486
44,1000,40,7.7,28,63,943,35,5,17,57,8.288392256,105,417,41.69572785,9.792666203,7.330433322,9.121010769,445,20,498,37,465,535
46,1000,40,7.7,28,57,959,23,10,8,41,8.225542616,97,389,41.62177182,9.8146307,7.81170511,8.679288979,507,16,452,25,523,477
47,1000,40,7.7,28,40,956,23,10,11,44,7.897978522,113,403,40.79582885,9.488987242,7.470913022,8.353279756,499,17,457,27,516,484
41,1000,40,7.7,28,96,940,41,13,6,60,9.091095353,98,451,42.98051617,10.23808528,9.164050385,9.016963626,476,28,464,32,504,496
40,1000,40,7.7,28,82,939,39,11,11,61,8.656330333,103,416,42.03839187,10.09987136,8.130005803,9.212978087,489,25,450,36,514,486
45,1000,40,7.7,28,64,946,34,13,7,54,8.369428631,105,424,41.40133228,10.05749872,7.960826423,8.745091698,458,21,488,33,479,521
43,1000,40,7.7,28,82,939,37,18,6,61,8.861797803,105,431,41.97942008,10.0179846,8.303504017,9.452256664,492,22,447,39,514,486
42,1000,40,7.7,28,78,948,32,8,12,52,8.350919501,102,440,41.95470676,9.909358982,7.697691809,9.017343712,481,24,467,28,505,495
44,1000,40,7.7,28,64,943,35,5,17,57,8.255015177,106,412,41.71526709,9.794423557,7.29242103,9.091662426,445,20,498,37,465,535
41,1000,40,7.7,28,97,941,40,13,6,59,9.081403143,111,434,43.00808119,10.25464942,9.148866906,9.012851254,477,27,464,32,504,496
46,1000,40,7.7,28,58,960,23,10,7,40,8.211924071,101,419,41.67238384,9.830707383,7.790854338,8.67360011,507,16,453,24,523,477
47,1000,40,7.7,28,41,956,23,10,11,44,7.93115704,101,415,40.84301161,9.503622861,7.524798237,8.364382541,499,17,457,27,516,484
40,1000,40,7.7,28,83,940,38,11,11,60,8.673120123,111,412,42.0585372,10.10112231,8.167742255,9.207614411,489,25,451,35,514,486
43,1000,40,7.7,28,83,939,37,18,6,61,8.86850993,101,437,41.99304052,10.04630473,8.307668938,9.461662747,492,22,447,39,514,486
45,1000,40,7.7,28,65,947,33,13,7,53,8.416377266,92,440,41.38382953,10.07400445,7.967728958,8.828858148,459,20,488,33,479,521
42,1000,40,7.7,28,79,947,33,8,12,53,8.3732739,109,396,41.98103022,9.926991967,7.722941013,9.036744825,480,25,467,28,505,495
44,1000,40,7.7,28,65,944,32,7,17,56,8.278664483,96,416,41.76113542,9.805322465,7.337803017,9.096422579,445,20,499,36,465,535
41,1000,40,7.7,28,98,942,38,14,6,58,9.129121545,113,404,43.0243913,10.28299506,9.200633345,9.056456328,478,26,464,32,504,496
46,1000,40,7.7,28,59,959,24,10,7,41,8.259664525,102,422,41.72099031,9.837250627,7.854311419,8.704108286,505,18,454,23,523,477
47,1000,40,7.7,28,42,958,22,10,10,42,7.964378486,96,442,40.86377056,9.525792915,7.587475803,8.366200354,499,17,459,25,516,484
43,1000,40,7.7,28,84,941,36,17,6,59,8.87151714,120,437,42.04692451,10.04686981,8.357921812,9.414702322,492,22,449,37,514,486
40,1000,40,7.7,28,84,941,37,11,11,59,8.685741032,104,432,42.07328192,10.11715959,8.180625273,9.219958109,489,25,452,34,514,486
45,1000,40,7.7,28,66,948,31,14,7,52,8.432579552,91,412,41.39457116,10.08163483,8.009569486,8.821488998,459,20,489,32,479,521
42,1000,40,7.7,28,80,948,32,8,12,52,8.408813229,102,436,42.01524426,9.944773563,7.737233932,9.093959785,481,24,467,28,505,495
44,1000,40,7.7,28,66,944,32,7,17,56,8.294290216,110,431,41.81291472,9.806065229,7.337573034,9.125829449,445,20,499,36,465,535
41,1000,40,7.7,28,99,942,38,14,6,58,9.144188849,98,467,43.06003261,10.29478381,9.205074334,9.08232134,478,26,464,32,504,496
46,1000,40,7.7,28,60,959,24,10,7,41,8.254287692,105,430,41.74200774,9.853004145,7.865416685,8.680659887,505,18,454,23,523,477
47,1000,40,7.7,28,43,958,22,10,10,42,7.980982554,92,430,40.86846995,9.541292904,7.602516078,8.384471608,499,17,459,25,516,484
43,1000,40,7.7,28,85,940,37,17,6,60,8.885366531,95,412,42.09033975,10.06760174,8.372162669,9.428137693,491,23,449,37,514,486
45,1000,40,7.7,28,67,948,31,13,8,52,8.497384462,89,398,41.42748542,10.07843595,8.117865428,8.846308872,459,20,489,32,479,521
42,1000,40,7.7,28,81,948,32,9,11,52,8.414436629,110,430,42.06461286,9.958926473,7.786998517,9.054550258,481,24,467,28,505,495
41,1000,40,7.7,28,100,941,39,12,8,59,9.149156891,111,435,43.07309349,10.30444908,9.225114859,9.071973793,477,27,464,32,504,496
40,1000,40,7.7,28,85,943,35,11,11,57,8.707647814,104,420,42.10107907,10.15340621,8.230026717,9.212786175,489,25,454,32,514,486
44,1000,40,7.7,28,67,942,35,6,17,58,8.312946949,97,446,41.86343834,9.800602598,7.387178846,9.117586515,444,21,498,37,465,535
46,1000,40,7.7,28,61,959,24,10,7,41,8.254046857,107,409,41.76432604,9.874548377,7.868536684,8.676734112,505,18,454,23,523,477
47,1000,40,7.7,28,44,957,23,10,10,43,8.029536243,95,396,40.89301107,9.563588086,7.663945206,8.419298588,498,18,459,25,516,484
43,1000,40,7.7,28,86,940,38,16,6,60,8.889670897,98,426,42.11584419,10.05343319,8.379672618,9.429051792,490,24,450,36,514,486
41,1000,40,7.7,28,101,939,41,12,8,61,9.157848902,95,431,43.09787527,10.30461085,9.251250816,9.062940505,475,29,464,32,504,496
45,1000,40,7.7,28,68,947,32,13,8,53,8.483137414,133,399,41.43261853,10.12882496,8.11137125,8.824933945,459,20,488,33,479,521
42,1000,40,7.7,28,82,948,32,9,11,52,8.449892621,102,441,42.1156829,9.997070172,7.858031209,9.053710829,481,24,467,28,505,495
44,1000,40,7.7,28,68,943,34,6,17,57,8.309350398,118,435,41.88022102,9.825020176,7.441897091,9.063305141,443,22,500,35,465,535
40,1000,40,7.7,28,86,943,35,11,11,57,8.703355586,103,433,42.11202066,10.16055255,8.254824221,9.177728265,489,25,454,32,514,486
46,1000,40,7.7,28,62,959,22,12,7,41,8.295570992,106,416,41.77474498,9.869748977,7.916280179,8.711439115,505,18,454,23,523,477
47,1000,40,7.7,28,45,958,23,10,9,42,8.040920463,94,411,40.92437355,9.589950891,7.734557462,8.367538868,498,18,460,24,516,484
43,1000,40,7.7,28,87,940,38,16,6,60,8.915616993,103,441,42.1458748,10.06719025,8.424693859,9.434823764,490,24,450,36,514,486
41,1000,40,7.7,28,102,940,41,11,8,60,9.138505985,111,445,43.10090184,10.30910411,9.208261549,9.067625331,477,27,463,33,504,496
45,1000,40,7.7,28,69,947,31,14,8,53,8.469666846,123,379,41.45753568,10.14202181,8.104628839,8.805277606,459,20,488,33,479,521
42,1000,40,7.7,28,83,949,33,9,9,51,8.411175015,110,433,42.12953171,10.01432327,7.85003446,8.983651742,481,24,468,27,505,495
44,1000,40,7.7,28,69,942,35,6,17,58,8.366493497,101,425,41.92613999,9.842429518,7.504542721,9.115665666,442,23,500,35,465,535
46,1000,40,7.7,28,63,960,22,11,7,40,8.344606792,116,415,41.80373643,9.888950166,8.008950862,8.712632056,506,17,454,23,523,477
40,1000,40,7.7,28,87,940,37,12,11,60,8.751640867,102,441,42.11143741,10.15925301,8.304037229,9.225032368,488,26,452,34,514,486
43,1000,40,7.7,28,88,941,37,16,6,59,8.901162016,112,434,42.16622904,10.07399431,8.43454067,9.394666897,491,23,450,36,514,486
47,1000,40,7.7,28,46,957,24,10,9,43,8.055716436,87,393,40.95744963,9.5956068,7.718674631,8.415041997,497,19,460,24,516,484
41,1000,40,7.7,28,103,940,41,11,8,60,9.158348488,98,452,43.11752844,10.32579071,9.201481349,9.114519936,478,26,462,34,504,496
45,1000,40,7.7,28,70,945,33,14,8,55,8.476078104,107,427,41.47964196,10.15590259,8.09162845,8.829535656,458,21,487,34,479,521
42,1000,40,7.7,28,84,950,33,7,10,50,8.429649024,76,417,42.14060833,10.03405347,7.890524766,8.979664682,481,24,469,26,505,495
44,1000,40,7.7,28,70,943,35,6,16,57,8.387153751,111,397,41.96103967,9.884570523,7.552551752,9.112555488,442,23,501,34,465,535
46,1000,40,7.7,28,64,959,23,11,7,41,8.38734415,96,405,41.83183807,9.897924173,8.047591593,8.759861105,505,18,454,23,523,477
43,1000,40,7.7,28,89,941,37,16,6,59,8.910343532,116,440,42.18425518,10.09199794,8.438382585,9.409495644,491,23,450,36,514,486
40,1000,40,7.7,28,88,940,37,12,11,60,8.739953056,101,426,42.15570277,10.16952529,8.288802241,9.217096099,488,26,452,34,514,486
47,1000,40,7.7,28,47,960,22,9,9,40,8.072797649,101,418,40.97930841,9.597131874,7.786527861,8.377994365,497,19,463,21,516,484
41,1000,40,7.7,28,104,940,42,10,8,60,9.1314771,124,428,43.12905191,10.32685769,9.153562294,9.109035695,479,25,461,35,504,496
48,1000,40,7.7,28,0,950,26,8,16,50,6.839,100,418,39.84849435,8.775752426,6.177024482,7.588486141,507,24,443,26,531,469
45,1000,40,7.7,28,71,945,32,15,8,55,8.495479051,132,432,41.49998954,10.18187351,8.141391929,8.821021722,458,21,487,34,479,521
42,1000,40,7.7,28,85,951,31,8,10,49,8.443812506,111,436,42.15155717,10.05531674,7.918907294,8.979321864,481,24,470,25,505,495
44,1000,40,7.7,28,71,942,36,6,16,58,8.374201249,91,414,42.01446784,9.881017823,7.514522514,9.121398654,442,23,500,35,465,535
43,1000,40,7.7,28,90,941,36,17,6,59,8.954273603,118,426,42.21139487,10.11301918,8.434877084,9.503594202,492,22,449,37,514,486
46,1000,40,7.7,28,65,959,23,11,7,41,8.40753866,91,427,41.86303219,9.918953526,8.077198046,8.76973602,505,18,454,23,523,477
47,1000,40,7.7,28,48,963,20,9,8,37,8.08217108,111,407,41.00539122,9.623825915,7.815912193,8.366033861,498,18,465,19,516,484
40,1000,40,7.7,28,89,939,38,12,11,61,8.799213454,96,426,42.19133041,10.18518002,8.385653987,9.236599393,487,27,452,34,514,486
48,1000,40,7.7,28,1,950,26,8,16,50,6.870510686,82,419,39.86123414,8.78964963,6.21172443,7.616385956,507,24,443,26,531,469
45,1000,40,7.7,28,72,945,32,15,8,55,8.51700376,115,447,41.52464074,10.20729069,8.16316126,8.842321528,458,21,487,34,479,521
42,1000,40,7.7,28,86,951,30,9,10,49,8.463700924,113,444,42.21014997,10.09204527,7.954607782,8.983078777,481,24,470,25,505,495
43,1000,40,7.7,28,91,940,38,16,6,60,8.933356465,104,422,42.22855705,10.12422046,8.428305666,9.467504842,492,22,448,38,514,486
44,1000,40,7.7,28,72,944,34,6,16,56,8.333917502,108,421,42.04636558,9.896087263,7.503739854,9.055473776,442,23,502,33,465,535
46,1000,40,7.7,28,66,959,23,11,7,41,8.477905619,95,402,41.89306962,9.931071188,8.17354542,8.811617116,505,18,454,23,523,477
47,1000,40,7.7,28,49,963,19,10,8,37,8.108354099,96,410,41.05122609,9.618132292,7.832810671,8.402115274,498,18,465,19,516,484
48,1000,40,7.7,28,2,951,25,8,16,49,6.898996667,75,410,39.90230511,8.797870477,6.263118417,7.61893558,507,24,444,25,531,469
40,1000,40,7.7,28,90,938,39,13,10,62,8.830454761,121,424,42.22532269,10.19038372,8.423299383,9.261067652,487,27,451,35,514,486
45,1000,40,7.7,28,73,945,32,15,8,55,8.526470915,106,419,41.56626261,10.2338097,8.146457767,8.875849606,458,21,487,34,479,521
43,1000,40,7.7,28,92,938,38,16,8,62,9.001363987,104,434,42.24694833,10.14766753,8.492981962,9.539035512,491,23,447,39,514,486
42,1000,40,7.7,28,87,952,29,9,10,48,8.4674403,111,466,42.22753746,10.11666432,7.979654187,8.965080679,481,24,471,24,505,495
44,1000,40,7.7,28,73,944,33,7,16,56,8.370871497,103,434,42.07566496,9.887825577,7.528275151,9.103221593,442,23,502,33,465,535
46,1000,40,7.7,28,67,961,22,10,7,39,8.45246329,104,425,41.90109201,9.958791862,8.169018625,8.763242242,505,18,456,21,523,477
47,1000,40,7.7,28,50,962,20,10,8,38,8.127729111,109,426,41.07423178,9.648988042,7.832420941,8.442561789,498,18,464,20,516,484
48,1000,40,7.7,28,3,952,25,9,14,48,6.903010437,95,404,39.94312876,8.816667548,6.29508165,7.591305076,507,24,445,24,531,469
40,1000,40,7.7,28,91,938,39,13,10,62,8.839866783,107,417,42.28114458,10.20141093,8.420236191,9.283673622,487,27,451,35,514,486
43,1000,40,7.7,28,93,938,38,16,8,62,9.013517762,100,425,42.29571236,10.15836791,8.488188967,9.569112414,491,23,447,39,514,486
45,1000,40,7.7,28,74,944,33,16,7,56,8.555124597,105,425,41.5895212,10.24426362,8.149824321,8.927751915,458,21,486,35,479,521
42,1000,40,7.7,28,88,951,30,9,10,49,8.505513278,135,440,42.24004513,10.14693576,8.020545502,9.000278383,481,24,470,25,505,495
44,1000,40,7.7,28,74,945,34,7,14,55,8.355364917,101,376,42.10996178,9.89721708,7.535236525,9.068186791,442,23,503,32,465,535
46,1000,40,7.7,28,68,960,23,10,7,40,8.463566479,110,425,41.93823096,9.975979698,8.165100979,8.790814816,505,18,455,22,523,477
47,1000,40,7.7,28,51,962,20,10,8,38,8.135321902,94,419,41.09243222,9.669875013,7.855672656,8.433460354,498,18,464,20,516,484
48,1000,40,7.7,28,4,954,24,8,14,46,6.923129792,88,426,39.95047583,8.819929751,6.328434653,7.596441347,508,23,446,23,531,469
43,1000,40,7.7,28,94,939,37,16,8,61,9.0365417,114,414,42.31959815,10.17860561,8.51568176,9.587410032,492,22,447,39,514,486
40,1000,40,7.7,28,92,938,39,14,9,62,8.820645887,96,439,42.31418856,10.20158457,8.414518522,9.250171537,486,28,452,34,514,486
45,1000,40,7.7,28,75,944,33,16,7,56,8.563102819,119,415,41.59084975,10.25363778,8.143544613,8.948838674,459,20,485,36,479,521
42,1000,40,7.7,28,89,951,31,7,11,49,8.518126815,115,442,42.26665793,10.15958832,8.04027631,9.005630866,480,25,471,24,505,495
44,1000,40,7.7,28,75,946,35,6,13,54,8.351265382,100,442,42.12140078,9.923509399,7.527134538,9.067566022,443,22,503,32,465,535
46,1000,40,7.7,28,69,958,25,10,7,42,8.522803142,112,414,41.95974605,9.988859189,8.191011075,8.886591929,504,19,454,23,523,477
47,1000,40,7.7,28,52,962,20,11,7,38,8.14861176,109,420,41.11914361,9.700447527,7.886306357,8.428259669,498,18,464,20,516,484
48,1000,40,7.7,28,5,954,23,9,14,46,6.945819115,88,404,39.97511221,8.822989075,6.35610437,7.613491885,508,23,446,23,531,469
43,1000,40,7.7,28,95,941,36,16,7,59,8.995611267,122,434,42.31716118,10.18993433,8.466679231,9.555016754,493,21,448,38,514,486
45,1000,40,7.7,28,76,943,34,16,7,57,8.593753833,104,436,41.6191544,10.26533548,8.158703874,8.993732586,459,20,484,37,479,521
42,1000,40,7.7,28,90,951,30,8,11,49,8.545947834,101,400,42.27944813,10.16256656,8.073651586,9.02778542,480,25,471,24,505,495
40,1000,40,7.7,28,93,938,39,14,9,62,8.8772459,90,430,42.33003684,10.21872219,8.465664535,9.312539773,486,28,452,34,514,486
44,1000,40,7.7,28,76,947,34,6,13,53,8.351053499,100,420,42.13159026,9.934248466,7.541274953,9.054879712,443,22,504,31,465,535
46,1000,40,7.7,28,70,957,26,10,7,43,8.58266139,112,457,41.98052587,9.996119277,8.261967944,8.934281247,503,20,454,23,523,477
47,1000,40,7.7,28,53,961,21,11,7,39,8.212783434,100,432,41.14376248,9.711252239,7.965936231,8.475951113,498,18,463,21,516,484
48,1000,40,7.7,28,6,953,24,9,14,47,6.932868703,96,398,39.99793462,8.827096534,6.344584274,7.598922075,508,23,445,24,531,469
43,1000,40,7.7,28,96,942,35,15,8,58,9.012278065,102,431,42.3397188,10.19945076,8.507401887,9.54624176,494,20,448,38,514,486
45,1000,40,7.7,28,77,944,33,15,8,56,8.586402826,115,440,41.63111419,10.27570432,8.15719017,8.981014845,459,20,485,36,479,521
42,1000,40,7.7,28,91,952,28,8,12,48,8.561609212,110,417,42.31566103,10.19618037,8.099283437,9.033274903,480,25,472,23,505,495
44,1000,40,7.7,28,77,947,34,6,13,53,8.363480882,112,406,42.16858619,9.973081751,7.60622667,9.021655104,443,22,504,31,465,535
46,1000,40,7.7,28,71,959,24,10,7,41,8.608550187,104,422,42.00258706,10.02207537,8.271443343,8.978166287,505,18,454,23,523,477
40,1000,40,7.7,28,94,936,39,17,8,64,8.905540147,107,425,42.33960384,10.22473142,8.513685829,9.319970433,485,29,451,35,514,486
47,1000,40,7.7,28,54,961,21,10,8,39,8.245528717,109,405,41.19029287,9.731034433,8.002203197,8.504941874,498,18,463,21,516,484
48,1000,40,7.7,28,7,954,23,9,14,46,6.953956988,110,408,40.0570718,8.83870674,6.380543414,7.603173637,509,22,445,24,531,469
43,1000,40,7.7,28,97,939,37,16,8,61,9.017959631,110,426,42.35911225,10.19471755,8.542782984,9.52051271,493,21,446,40,514,486
45,1000,40,7.7,28,78,943,33,14,10,57,8.60943234,115,441,41.65117433,10.29019078,8.159204655,9.023365279,459,20,484,37,479,521
42,1000,40,7.7,28,92,950,30,8,12,50,8.592264285,105,424,42.34393566,10.23471704,8.098482031,9.096021937,480,25,470,25,505,495
44,1000,40,7.7,28,78,946,36,7,11,54,8.393724803,104,443,42.18569228,9.983444316,7.64115746,9.047825391,443,22,503,32,465,535
46,1000,40,7.7,28,72,956,27,9,8,44,8.645418876,100,412,42.01242109,10.05145024,8.306785812,9.016708379,502,21,454,23,523,477
40,1000,40,7.7,28,95,936,39,17,8,64,8.91920927,101,428,42.36289181,10.23074605,8.541074948,9.319129109,485,29,451,35,514,486
43,1000,40,7.7,28,98,940,36,16,8,60,9.030253189,118,438,42.38391319,10.19329053,8.579479361,9.506997526,493,21,447,39,514,486
47,1000,40,7.7,28,55,962,21,8,9,38,8.214549155,109,414,41.21173391,9.736703837,7.949160685,8.49748397,499,17,463,21,516,484
48,1000,40,7.7,28,8,954,23,9,14,46,6.977136416,94,403,40.08022671,8.850381815,6.403219796,7.62692261,509,22,445,24,531,469
45,1000,40,7.7,28,79,944,32,14,10,56,8.605825261,106,399,41.65385602,10.31698093,8.185354055,8.992400515,459,20,485,36,479,521
42,1000,40,7.7,28,93,950,30,7,13,50,8.616524813,110,427,42.35504274,10.26477236,8.136803839,9.105937119,480,25,470,25,505,495
44,1000,40,7.7,28,79,944,37,7,12,56,8.400540348,107,445,42.21413831,9.975411476,7.621979616,9.07723332,443,22,501,34,465,535
46,1000,40,7.7,28,73,955,27,10,8,45,8.680845896,106,433,42.03430427,10.07395728,8.398251226,8.990692882,502,21,453,24,523,477
43,1000,40,7.7,28,99,940,36,16,8,60,9.037076037,101,434,42.42424346,10.19671547,8.598419082,9.50100541,493,21,447,39,514,486
47,1000,40,7.7,28,56,960,22,9,9,40,8.258926946,87,391,41.25530436,9.766438667,8.002301835,8.532519007,498,18,462,22,516,484
48,1000,40,7.7,28,9,955,23,7,15,45,7.031674069,85,389,40.11905302,8.856506675,6.429766952,7.713150997,509,22,446,23,531,469
40,1000,40,7.7,28,96,936,39,17,8,64,8.894369838,113,438,42.42552401,10.24840555,8.522580167,9.28757949,485,29,451,35,514,486
45,1000,40,7.7,28,80,943,33,14,10,57,8.621424694,99,433,41.67710773,10.32725229,8.201219342,9.007755527,458,21,485,36,479,521
42,1000,40,7.7,28,94,949,32,7,12,51,8.617152071,110,429,42.36997117,10.27739284,8.133085461,9.110997805,480,25,469,26,505,495
46,1000,40,7.7,28,74,954,27,10,9,46,8.705399435,93,454,42.08706212,10.12453255,8.419027818,9.019387603,501,22,453,24,523,477
43,1000,40,7.7,28,100,941,35,16,8,59,9.036157721,106,422,42.45385434,10.20392021,8.632474853,9.463098038,494,20,447,39,514,486
44,1000,40,7.7,28,80,945,36,8,11,55,8.420313484,107,430,42.26789315,9.998040159,7.656120303,9.084518771,443,22,502,33,465,535
47,1000,40,7.7,28,57,960,21,10,9,40,8.271117917,110,400,41.29271035,9.777875525,8.013672169,8.545584872,497,19,463,21,516,484
48,1000,40,7.7,28,10,954,24,7,15,46,7.038241536,83,388,40.13698976,8.863298002,6.436979948,7.718987599,509,22,445,24,531,469
40,1000,40,7.7,28,97,937,38,16,9,63,8.912579362,116,427,42.45681147,10.27076775,8.58773975,9.256134014,485,29,452,34,514,486
45,1000,40,7.7,28,81,942,34,14,10,58,8.637933721,106,411,41.71397253,10.34147683,8.217395858,9.02457026,458,21,484,37,479,521
42,1000,40,7.7,28,95,949,32,7,12,51,8.635421535,108,410,42.39933198,10.31240039,8.144250728,9.136514985,480,25,469,26,505,495
43,1000,40,7.7,28,101,940,36,16,8,60,9.066118394,99,420,42.48824057,10.21100594,8.675489324,9.479252843,494,20,446,40,514,486
46,1000,40,7.7,28,75,953,28,10,9,47,8.730594532,98,444,42.11075285,10.14053965,8.449814755,9.038451603,501,22,452,25,523,477
44,1000,40,7.7,28,81,944,37,8,11,56,8.437351276,111,441,42.29699469,10.02715248,7.695057026,9.082522914,442,23,502,33,465,535
47,1000,40,7.7,28,58,960,21,10,9,40,8.297058742,92,457,41.32034485,9.77563935,8.014727132,8.598056904,497,19,463,21,516,484
48,1000,40,7.7,28,11,953,25,6,16,47,7.084717584,95,426,40.16677842,8.856181389,6.50404593,7.742151803,509,22,444,25,531,469
40,1000,40,7.7,28,98,938,36,17,9,62,8.938117317,122,453,42.47442794,10.29904212,8.618925367,9.275698927,485,29,453,33,514,486
45,1000,40,7.7,28,82,944,34,12,10,56,8.643992224,98,444,41.72864584,10.34536981,8.253587994,9.002924327,459,20,485,36,479,521
42,1000,40,7.7,28,96,949,32,7,12,51,8.626888608,104,422,42.42976708,10.32059337,8.10014541,9.164273083,480,25,469,26,505,495
43,1000,40,7.7,28,102,939,35,18,8,61,9.150485393,118,395,42.53340025,10.21259972,8.76688534,9.556185859,493,21,446,40,514,486
46,1000,40,7.7,28,76,952,29,10,9,48,8.763183145,102,416,42.13410476,10.14577986,8.483859174,9.069444018,501,22,451,26,523,477
44,1000,40,7.7,28,82,945,37,7,11,55,8.457026787,105,424,42.30720353,10.0521295,7.733949778,9.085495589,443,22,502,33,465,535
47,1000,40,7.7,28,59,960,21,10,9,40,8.310438751,114,403,41.32999675,9.783635634,8.058863203,8.578647394,498,18,462,22,516,484
48,1000,40,7.7,28,12,955,25,5,15,45,7.075506856,96,399,40.19654926,8.864079881,6.51531609,7.709752691,509,22,446,23,531,469
40,1000,40,7.7,28,99,938,36,17,9,62,8.988414085,113,414,42.49250345,10.30517326,8.676669383,9.318119387,485,29,453,33,514,486
45,1000,40,7.7,28,83,944,34,12,10,56,8.678625988,111,424,41.74922092,10.3507321,8.290058301,9.035869601,459,20,485,36,479,521
43,1000,40,7.7,28,103,938,36,18,8,62,9.153699639,105,408,42.54170029,10.22495414,8.785929422,9.542658264,492,22,446,40,514,486
42,1000,40,7.7,28,97,949,32,7,12,51,8.613175851,112,446,42.44416526,10.35328586,8.10170575,9.134978682,480,25,469,26,505,495
46,1000,40,7.7,28,77,952,29,9,10,48,8.762290502,102,449,42.13406983,10.15661974,8.497622609,9.052481925,502,21,450,27,523,477
44,1000,40,7.7,28,83,944,37,8,11,56,8.493264931,102,402,42.32711501,10.05245598,7.80738068,9.089407317,442,23,502,33,465,535
47,1000,40,7.7,28,60,960,22,9,9,40,8.304404999,106,428,41.36672009,9.810861032,8.065354964,8.559259995,499,17,461,23,516,484
48,1000,40,7.7,28,13,956,24,5,15,44,7.062253261,86,415,40.23533598,8.861236505,6.497747879,7.701384087,510,21,446,23,531,469
43,1000,40,7.7,28,104,938,36,18,8,62,9.172868506,109,401,42.53515778,10.23864993,8.790143648,9.577643356,492,22,446,40,514,486
49,1000,40,7.7,28,0,937,33,15,15,63,7.238,93,390,39.91310967,9.043903688,6.377609108,8.196617336,503,24,434,39,527,473
45,1000,40,7.7,28,84,944,35,11,10,56,8.662824688,110,436,41.75579381,10.37692072,8.245525533,9.046483604,460,19,484,37,479,521
42,1000,40,7.7,28,98,950,31,6,13,50,8.639165299,106,432,42.49173463,10.36427548,8.167933662,9.119916767,480,25,470,25,505,495
40,1000,40,7.7,28,100,937,37,18,8,63,8.991048547,112,443,42.52747623,10.31366418,8.663851281,9.337096684,485,29,452,34,514,486
46,1000,40,7.7,28,78,952,28,10,10,48,8.798272913,111,392,42.17078256,10.16375582,8.527896165,9.09472373,502,21,450,27,523,477
44,1000,40,7.7,28,84,943,38,8,11,57,8.508696983,102,427,42.35484565,10.05537752,7.837208984,9.092326739,441,24,502,33,465,535
47,1000,40,7.7,28,61,959,23,9,9,41,8.297480718,101,429,41.41575783,9.820127075,8.07133298,8.538580373,498,18,461,23,516,484
48,1000,40,7.7,28,14,956,24,5,15,44,7.07930907,96,428,40.26757299,8.873822237,6.537562481,7.692672478,511,20,445,24,531,469
49,1000,40,7.7,28,1,937,33,15,15,63,7.248121946,106,408,39.94686844,9.059631943,6.381446263,8.213741575,503,24,434,39,527,473
45,1000,40,7.7,28,85,945,34,11,10,55,8.688385071,120,429,41.77072674,10.40293693,8.251838556,9.089739737,461,18,484,37,479,521
42,1000,40,7.7,28,99,950,31,6,13,50,8.650021849,110,452,42.53506315,10.38370862,8.1974373,9.111749519,480,25,470,25,505,495
46,1000,40,7.7,28,79,952,28,9,11,48,8.830076218,106,399,42.21007098,10.1832358,8.576225372,9.108407439,502,21,450,27,523,477
40,1000,40,7.7,28,101,936,38,18,8,64,8.988719861,113,436,42.56887963,10.31875296,8.66556904,9.330488424,485,29,451,35,514,486
44,1000,40,7.7,28,85,944,38,7,11,56,8.523118037,111,418,42.40611805,10.06189102,7.863141292,9.096742685,441,24,503,32,465,535
47,1000,40,7.7,28,62,960,21,10,9,40,8.313966202,108,413,41.4545885,9.842960675,8.064602781,8.579816462,498,18,462,22,516,484
48,1000,40,7.7,28,15,955,25,5,15,45,7.093923331,94,390,40.30895935,8.882084145,6.547791926,7.712251211,511,20,444,25,531,469
49,1000,40,7.7,28,2,937,33,15,15,63,7.211940517,104,383,39.95741487,9.054098089,6.361151181,8.159860136,503,24,434,39,527,473
45,1000,40,7.7,28,86,946,32,12,10,54,8.694505151,125,414,41.79088776,10.41770972,8.254287322,9.09923517,461,18,485,36,479,521
42,1000,40,7.7,28,100,951,29,7,13,49,8.672755327,128,411,42.57141961,10.39587947,8.16403424,9.191753609,481,24,470,25,505,495
46,1000,40,7.7,28,80,952,28,9,11,48,8.861457605,110,417,42.22191494,10.19219412,8.634493106,9.110309666,502,21,450,27,523,477
44,1000,40,7.7,28,86,944,38,7,11,56,8.56872326,102,438,42.44176854,10.07465002,7.920391742,9.132226355,441,24,503,32,465,535
47,1000,40,7.7,28,63,959,22,10,9,41,8.337300501,99,417,41.48112769,9.869622537,8.1020938,8.588058059,498,18,461,23,516,484
48,1000,40,7.7,28,16,956,24,5,15,44,7.127639468,90,402,40.31329124,8.912729182,6.585986921,7.740896402,511,20,445,24,531,469
40,1000,40,7.7,28,102,936,38,17,9,64,9.021445841,94,441,42.60417886,10.33895015,8.71085887,9.349926713,485,29,451,35,514,486
49,1000,40,7.7,28,3,938,31,16,15,62,7.26233178,93,374,40.00094299,9.075531419,6.396181391,8.227366146,504,23,434,39,527,473
45,1000,40,7.7,28,87,947,30,13,10,53,8.694437205,92,424,41.83474599,10.42833018,8.22258166,9.128254492,462,17,485,36,479,521
42,1000,40,7.7,28,101,951,29,7,13,49,8.68506517,109,449,42.57950363,10.39645438,8.187516514,9.192665315,481,24,470,25,505,495
46,1000,40,7.7,28,81,952,27,10,11,48,8.898653946,124,442,42.26717952,10.21740482,8.652087588,9.168998192,502,21,450,27,523,477
44,1000,40,7.7,28,87,941,40,8,11,59,8.594774951,101,404,42.45227068,10.09513623,7.935518719,9.167773358,441,24,500,35,465,535
47,1000,40,7.7,28,64,956,25,10,9,44,8.366714482,108,426,41.5319173,9.887430942,8.145038979,8.603046216,496,20,460,24,516,484
48,1000,40,7.7,28,17,955,25,5,15,45,7.140260163,92,387,40.36396873,8.932314589,6.605620239,7.745577432,510,21,445,24,531,469
40,1000,40,7.7,28,103,938,36,17,9,62,9.017356635,94,433,42.62303015,10.37910963,8.68290708,9.371074889,486,28,452,34,514,486
49,1000,40,7.7,28,4,939,30,16,15,61,7.295245917,87,410,40.03248409,9.09968837,6.463339542,8.222126804,504,23,435,38,527,473
45,1000,40,7.7,28,88,947,30,13,10,53,8.727082287,114,403,41.84591202,10.43872979,8.23026283,9.18385104,462,17,485,36,479,521
42,1000,40,7.7,28,102,951,28,7,14,49,8.706665722,115,461,42.58990624,10.41665715,8.222080924,9.201040112,481,24,470,25,505,495
46,1000,40,7.7,28,82,950,29,10,11,50,8.981085532,126,426,42.29383035,10.24876358,8.774668232,9.207408903,500,23,450,27,523,477
47,1000,40,7.7,28,65,956,25,10,9,44,8.373563112,110,446,41.55507544,9.876412144,8.176807666,8.583327183,496,20,460,24,516,484
44,1000,40,7.7,28,88,942,39,8,11,58,8.599041888,107,436,42.46447957,10.123276,7.915884449,9.192814241,441,24,501,34,465,535
48,1000,40,7.7,28,18,956,24,5,15,44,7.148046582,88,430,40.38069431,8.939900938,6.605094639,7.762774688,511,20,445,24,531,469
49,1000,40,7.7,28,5,940,29,16,15,60,7.328504457,93,407,40.05465331,9.104840183,6.490285977,8.26241807,504,23,436,37,527,473
40,1000,40,7.7,28,104,939,36,16,9,61,9.003230518,104,392,42.65836215,10.40180633,8.682496957,9.342442557,487,27,452,34,514,486
50,1000,40,7.7,28,0,949,28,11,12,51,6.973,93,372,39.92307556,8.64760442,6.456140351,7.517453799,499,14,450,37,513,487
45,1000,40,7.7,28,89,948,29,13,10,52,8.715138425,121,399,41.91288134,10.43558896,8.212769485,9.177009293,462,17,486,35,479,521
42,1000,40,7.7,28,103,950,29,7,14,50,8.729430426,118,422,42.61899182,10.43565183,8.243231944,9.225451099,481,24,469,26,505,495
46,1000,40,7.7,28,83,948,30,11,11,52,9.014272605,98,433,42.31270607,10.27874163,8.741705719,9.313124768,499,24,449,28,523,477
47,1000,40,7.7,28,66,957,24,10,9,43,8.394147562,93,428,41.55471279,9.887880993,8.186609599,8.615407044,497,19,460,24,516,484
48,1000,40,7.7,28,19,957,22,6,15,43,7.156837548,88,386,40.40488333,8.962650399,6.601403325,7.785698044,512,19,445,24,531,469
44,1000,40,7.7,28,89,939,41,9,11,61,8.635391844,96,452,42.48214483,10.15998499,7.929844311,9.248624746,441,24,498,37,465,535
49,1000,40,7.7,28,6,942,29,14,15,58,7.355205631,101,420,40.07944324,9.13946412,6.554262315,8.247588565,504,23,438,35,527,473
50,1000,40,7.7,28,1,949,28,11,12,51,6.970732976,98,377,39.96503243,8.645054675,6.452442449,7.516694045,499,14,450,37,513,487
45,1000,40,7.7,28,90,949,28,14,9,51,8.701355106,120,425,41.94278644,10.4529348,8.223773758,9.140436613,462,17,487,34,479,521
42,1000,40,7.7,28,104,950,29,7,14,50,8.743569221,105,419,42.65189084,10.43055965,8.255969669,9.24101927,480,25,470,25,505,495
46,1000,40,7.7,28,84,949,28,12,11,51,9.034731073,113,410,42.35692009,10.29864825,8.771849936,9.322963431,500,23,449,28,523,477
47,1000,40,7.7,28,67,956,24,11,9,44,8.436051498,92,435,41.61236464,9.920322803,8.21286803,8.673990897,496,20,460,24,516,484
48,1000,40,7.7,28,20,957,23,6,14,43,7.149935,98,389,40.42250814,8.982252585,6.603974886,7.768068946,511,20,446,23,531,469
49,1000,40,7.7,28,7,943,29,14,14,57,7.362133953,99,387,40.0735817,9.160109395,6.596049657,8.215678189,505,22,438,35,527,473
44,1000,40,7.7,28,90,938,42,9,11,62,8.656067174,109,406,42.49590994,10.1823407,7.96993249,9.252427226,441,24,497,38,465,535
50,1000,40,7.7,28,2,952,25,11,12,48,6.967835776,100,388,39.96470051,8.665459801,6.502120479,7.458414723,499,14,453,34,513,487
45,1000,40,7.7,28,91,948,29,14,9,52,8.687916252,116,434,41.94941694,10.46675347,8.20093385,9.135640956,462,17,486,35,479,521
46,1000,40,7.7,28,85,949,28,12,11,51,9.023973925,111,430,42.38680566,10.29300452,8.796171537,9.273744678,499,24,450,27,523,477
49,1000,40,7.7,28,8,943,29,15,13,57,7.37762199,99,407,40.1054832,9.181812497,6.598081869,8.246158234,505,22,438,35,527,473
48,1000,40,7.7,28,21,956,24,6,14,44,7.189193564,102,416,40.44737663,9.003469287,6.664986015,7.782699338,510,21,446,23,531,469
47,1000,40,7.7,28,68,957,24,10,9,43,8.447733468,100,408,41.6447713,9.940822627,8.19976303,8.712098645,497,19,460,24,516,484
44,1000,40,7.7,28,91,940,40,9,11,60,8.655353121,108,422,42.5045828,10.18926608,7.9704105,9.250677081,441,24,499,36,465,535
45,1000,40,7.7,28,92,947,30,14,9,53,8.686310336,109,433,41.9735862,10.49177058,8.18933673,9.14322081,462,17,485,36,479,521
49,1000,40,7.7,28,9,946,27,14,13,54,7.401919364,107,395,40.12650814,9.205607592,6.610918154,8.283225152,507,20,439,34,527,473
50,1000,40,7.7,28,3,950,26,12,12,50,7.002946444,95,381,39.99550506,8.68795713,6.519889868,7.511792487,499,14,451,36,513,487
48,1000,40,7.7,28,22,956,23,6,15,44,7.197135669,103,429,40.48129785,9.019352558,6.685405174,7.776514972,510,21,446,23,531,469
46,1000,40,7.7,28,86,947,30,12,11,53,9.074285225,95,410,42.38706744,10.29047295,8.85639728,9.313185423,497,26,450,27,523,477
47,1000,40,7.7,28,69,955,25,12,8,45,8.420255002,108,404,41.64969449,9.932147315,8.189803018,8.665943481,495,21,460,24,516,484
44,1000,40,7.7,28,92,940,39,10,11,60,8.683901967,105,443,42.53875318,10.20298046,8.01411859,9.266050136,441,24,499,36,465,535
45,1000,40,7.7,28,93,947,30,14,9,53,8.688283316,104,410,41.99007702,10.50508989,8.196042931,9.140842134,462,17,485,36,479,521
49,1000,40,7.7,28,10,949,25,12,14,51,7.427577917,117,378,40.1665912,9.224015709,6.600551191,8.349022071,508,19,441,32,527,473
48,1000,40,7.7,28,23,956,23,6,15,44,7.238546153,86,417,40.50490554,9.031431907,6.705777567,7.841744701,510,21,446,23,531,469
50,1000,40,7.7,28,4,951,24,12,13,49,7.049550202,106,396,40.0158743,8.688171015,6.559070556,7.56621562,500,13,451,36,513,487
46,1000,40,7.7,28,87,947,30,12,11,53,9.07622083,87,430,42.39611501,10.32750639,8.864760944,9.308073075,497,26,450,27,523,477
44,1000,40,7.7,28,93,937,42,10,11,63,8.708701362,102,441,42.55595575,10.20443191,8.018742722,9.30838504,440,25,497,38,465,535
47,1000,40,7.7,28,70,955,26,11,8,45,8.493289228,112,415,41.65412417,9.929130016,8.254768742,8.747579664,495,21,460,24,516,484
49,1000,40,7.7,28,11,951,24,12,13,49,7.402491543,86,418,40.21308473,9.252394015,6.55244417,8.349584494,510,17,441,32,527,473
45,1000,40,7.7,28,94,947,30,14,9,53,8.697916846,108,420,42.00387342,10.49682702,8.184490802,9.169953459,462,17,485,36,479,521
48,1000,40,7.7,28,24,957,22,6,15,43,7.254029939,103,411,40.52767273,9.050253344,6.747172576,7.827891901,510,21,447,22,531,469
46,1000,40,7.7,28,88,947,30,12,11,53,9.096141176,127,422,42.39642086,10.3349716,8.852526941,9.363248608,498,25,449,28,523,477
50,1000,40,7.7,28,5,952,24,11,13,48,7.090930092,101,390,40.0453354,8.710230787,6.560319068,7.649869425,501,12,451,36,513,487
44,1000,40,7.7,28,94,937,42,10,11,63,8.748454829,121,433,42.60085916,10.21338402,8.0510244,9.354632679,441,24,496,39,465,535
47,1000,40,7.7,28,71,954,27,11,8,46,8.522271849,104,404,41.69143279,9.93738396,8.276165345,8.784649856,494,22,460,24,516,484
49,1000,40,7.7,28,12,952,23,13,12,48,7.429408393,93,419,40.24219985,9.266013148,6.609290846,8.343154581,510,17,442,31,527,473
45,1000,40,7.7,28,95,948,30,13,9,52,8.704566442,121,443,42.04755502,10.51565195,8.215155515,9.154523897,462,17,486,35,479,521
48,1000,40,7.7,28,25,957,22,6,15,43,7.310142229,102,404,40.53781507,9.064619058,6.806070975,7.880849769,510,21,447,22,531,469
46,1000,40,7.7,28,89,948,29,12,11,52,9.102103465,119,423,42.40798306,10.37216694,8.856896471,9.370957255,498,25,450,27,523,477
50,1000,40,7.7,28,6,953,22,12,13,47,7.110390732,87,407,40.05503769,8.705227904,6.571039962,7.678536409,502,11,451,36,513,487
47,1000,40,7.7,28,72,954,27,10,9,46,8.573578607,114,417,41.70800858,9.944675602,8.362083001,8.799057393,493,23,461,23,516,484
44,1000,40,7.7,28,95,938,41,10,11,62,8.774531784,103,424,42.6153294,10.24030535,8.080366383,9.377871805,441,24,497,38,465,535
49,1000,40,7.7,28,13,954,22,13,11,46,7.412256371,95,405,40.26093002,9.270663481,6.620647008,8.294239741,511,16,443,30,527,473
46,1000,40,7.7,28,90,948,30,11,11,52,9.090355065,102,447,42.44700044,10.39186754,8.869354514,9.332668039,496,27,452,25,523,477
45,1000,40,7.7,28,96,949,30,12,9,51,8.729355945,118,446,42.08808259,10.52030031,8.224636559,9.19338778,463,16,486,35,479,521
48,1000,40,7.7,28,26,959,20,6,15,41,7.304876833,88,415,40.57249929,9.071832016,6.795858756,7.881185147,511,20,448,21,531,469
50,1000,40,7.7,28,7,955,21,10,14,45,7.115218002,85,399,40.06818237,8.703367541,6.562438994,7.697508825,503,10,452,35,513,487
47,1000,40,7.7,28,73,953,27,11,9,47,8.594960183,110,404,41.72875732,9.961566917,8.410124296,8.792016625,492,24,461,23,516,484
44,1000,40,7.7,28,96,936,43,10,11,64,8.826107699,108,428,42.6340673,10.25792063,8.147850494,9.415620971,440,25,496,39,465,535
49,1000,40,7.7,28,14,953,23,13,11,47,7.409946619,108,433,40.29945525,9.281872036,6.614084405,8.296668366,510,17,443,30,527,473
45,1000,40,7.7,28,97,947,32,12,9,53,8.772343559,131,422,42.11164995,10.54005306,8.299111462,9.207426428,461,18,486,35,479,521
48,1000,40,7.7,28,27,959,20,6,15,41,7.336022658,97,404,40.60185389,9.105223521,6.848033087,7.888522577,511,20,448,21,531,469
46,1000,40,7.7,28,91,948,28,13,11,52,9.149496545,109,438,42.46338625,10.41644029,8.911674935,9.410252735,496,27,452,25,523,477
47,1000,40,7.7,28,74,955,26,10,9,45,8.594609623,91,431,41.73179154,9.963060466,8.378248273,8.825275855,494,22,461,23,516,484
49,1000,40,7.7,28,15,953,24,14,9,47,7.408787027,81,388,40.31253131,9.291590683,6.629229023,8.277343197,510,17,443,30,527,473
50,1000,40,7.7,28,8,954,20,12,14,46,7.147500532,90,405,40.08800109,8.725658276,6.585175672,7.739846843,502,11,452,35,513,487
44,1000,40,7.7,28,97,937,43,10,10,63,8.84855149,106,432,42.64161631,10.26680578,8.141640199,9.462969715,442,23,495,40,465,535
45,1000,40,7.7,28,98,947,32,12,9,53,8.792882818,120,438,42.14486137,10.54253688,8.336813054,9.212186881,461,18,486,35,479,521
48,1000,40,7.7,28,28,959,20,7,14,41,7.365599689,105,411,40.62999117,9.127862664,6.865607953,7.931688414,511,20,448,21,531,469
46,1000,40,7.7,28,92,948,28,13,11,52,9.151822187,111,408,42.50027351,10.43685041,8.901491904,9.426293335,496,27,452,25,523,477
47,1000,40,7.7,28,75,954,28,10,8,46,8.590702204,111,406,41.75196724,9.962874534,8.389661408,8.805034953,494,22,460,24,516,484
49,1000,40,7.7,28,16,954,23,13,10,46,7.428200578,108,416,40.36630699,9.302856434,6.66821823,8.274946239,510,17,444,29,527,473
44,1000,40,7.7,28,98,936,44,9,11,64,8.870835878,97,438,42.67940251,10.27290598,8.212728498,9.44283575,442,23,494,41,465,535
50,1000,40,7.7,28,9,954,20,12,14,46,7.184262581,97,427,40.09159666,8.730803739,6.644638889,7.752695752,502,11,452,35,513,487
45,1000,40,7.7,28,99,947,32,12,9,53,8.830875178,106,456,42.16141323,10.56921228,8.385479857,9.24036531,462,17,485,36,479,521
48,1000,40,7.7,28,29,958,20,8,14,42,7.416352727,79,404,40.63416256,9.150869191,6.917953428,7.980638501,510,21,448,21,531,469
46,1000,40,7.7,28,93,949,27,13,11,51,9.162181794,103,416,42.51677178,10.42239325,8.91359627,9.434739926,496,27,453,24,523,477
47,1000,40,7.7,28,76,953,28,11,8,47,8.628441688,109,399,41.81412988,9.98259293,8.43120699,8.838716696,493,23,460,24,516,484
49,1000,40,7.7,28,17,954,23,13,10,46,7.465332133,94,407,40.38342416,9.308887007,6.676851759,8.343829293,510,17,444,29,527,473
44,1000,40,7.7,28,99,936,45,9,10,64,8.889938677,86,422,42.70677379,10.27026554,8.23179907,9.46196656,442,23,494,41,465,535
50,1000,40,7.7,28,10,955,19,12,14,45,7.20000312,88,408,40.1150937,8.737356727,6.640381885,7.789501465,503,10,452,35,513,487
45,1000,40,7.7,28,100,946,33,12,9,54,8.858511325,108,434,42.18642866,10.57092802,8.401116666,9.279033477,461,18,485,36,479,521
48,1000,40,7.7,28,30,957,21,8,14,43,7.454416173,90,431,40.66127552,9.170633358,6.933092145,8.044657237,510,21,447,22,531,469
46,1000,40,7.7,28,94,948,27,14,11,52,9.185874364,117,432,42.52736307,10.45125027,8.960293537,9.433209317,495,28,453,24,523,477
49,1000,40,7.7,28,18,954,24,11,11,46,7.47513087,87,411,40.41610529,9.30804256,6.664324708,8.37850264,511,16,443,30,527,473
47,1000,40,7.7,28,77,955,27,10,8,45,8.636907249,113,399,41.86973796,10.01168972,8.435979734,8.851119228,494,22,461,23,516,484
44,1000,40,7.7,28,100,935,47,9,9,65,8.879962984,108,436,42.74591751,10.27642158,8.232784249,9.442464128,442,23,493,42,465,535
50,1000,40,7.7,28,11,955,19,12,14,45,7.21297692,79,417,40.13534436,8.748224741,6.66015191,7.795316202,503,10,452,35,513,487
45,1000,40,7.7,28,101,946,33,10,11,54,8.912801357,99,403,42.22168194,10.58750499,8.470399079,9.319539728,461,18,485,36,479,521
46,1000,40,7.7,28,95,946,29,13,12,54,9.222849612,91,425,42.53019794,10.47770991,8.96885412,9.501339429,494,29,452,25,523,477
48,1000,40,7.7,28,31,957,21,8,14,43,7.500773877,109,411,40.70119008,9.198170047,6.991980627,8.076827643,510,21,447,22,531,469
49,1000,40,7.7,28,19,955,23,11,11,45,7.506239287,102,410,40.45669825,9.311518501,6.68364207,8.422748237,512,15,443,30,527,473
47,1000,40,7.7,28,78,954,29,10,7,46,8.644665988,104,422,41.88997541,10.02845474,8.447313376,8.855066706,494,22,460,24,516,484
44,1000,40,7.7,28,101,935,46,10,9,65,8.942528073,108,451,42.7920951,10.29191998,8.321119268,9.482631053,442,23,493,42,465,535
50,1000,40,7.7,28,12,954,20,12,14,46,7.242361922,89,392,40.15071553,8.779167611,6.687345981,7.827009104,503,10,451,36,513,487
45,1000,40,7.7,28,102,947,32,10,11,53,8.891684558,105,428,42.243048,10.62781277,8.434199861,9.312289492,461,18,486,35,479,521
46,1000,40,7.7,28,96,945,30,13,12,55,9.231602749,108,457,42.5376803,10.51622674,8.946744455,9.543931655,493,30,452,25,523,477
48,1000,40,7.7,28,32,957,21,8,14,43,7.481710518,93,449,40.71769867,9.199715292,6.968793133,8.062433612,510,21,447,22,531,469
49,1000,40,7.7,28,20,954,24,11,11,46,7.50522939,96,431,40.4564502,9.314497837,6.68298632,8.421343763,511,16,443,30,527,473
47,1000,40,7.7,28,79,955,28,10,7,45,8.653064201,105,431,41.922716,10.03773498,8.453725344,8.865582487,495,21,460,24,516,484
44,1000,40,7.7,28,102,934,47,10,9,66,8.973777495,105,434,42.82601394,10.30154834,8.339135111,9.525382558,442,23,492,43,465,535
50,1000,40,7.7,28,13,954,20,12,14,46,7.259825629,110,409,40.18944259,8.791986784,6.721388295,7.827009104,503,10,451,36,513,487
45,1000,40,7.7,28,103,948,31,9,12,52,8.881164518,100,456,42.2703406,10.64386095,8.43003368,9.295927804,461,18,487,34,479,521
49,1000,40,7.7,28,21,954,24,10,12,46,7.541674366,99,416,40.46812912,9.31422651,6.70292585,8.476178527,511,16,443,30,527,473
46,1000,40,7.7,28,97,946,30,12,12,54,9.233975863,113,438,42.59373772,10.52923736,8.935984053,9.560704829,494,29,452,25,523,477
48,1000,40,7.7,28,33,955,23,8,14,45,7.50412175,90,413,40.74717165,9.220944683,7.000152927,8.074713319,509,22,446,23,531,469
47,1000,40,7.7,28,80,954,28,10,8,46,8.692833257,96,418,41.93526449,10.03038683,8.495799326,8.902894226,494,22,460,24,516,484
44,1000,40,7.7,28,103,935,46,10,9,65,8.988291954,99,452,42.84543616,10.3279637,8.417523628,9.484380312,441,24,494,41,465,535
49,1000,40,7.7,28,22,954,24,10,12,46,7.553239164,93,405,40.51318173,9.315455234,6.709011985,8.493847458,511,16,443,30,527,473
45,1000,40,7.7,28,104,948,31,9,12,52,8.918716197,109,430,42.31011797,10.67633505,8.504041888,9.299961866,461,18,487,34,479,521
48,1000,40,7.7,28,34,955,23,8,14,45,7.514092239,108,390,40.76306644,9.240518319,7.017465338,8.076371311,509,22,446,23,531,469
50,1000,40,7.7,28,14,955,19,12,14,45,7.279408778,89,425,40.22091943,8.798118781,6.768073927,7.81804282,503,10,452,35,513,487
46,1000,40,7.7,28,98,946,30,11,13,54,9.26528178,101,412,42.60648383,10.54386535,9.025845162,9.527808723,494,29,452,25,523,477
47,1000,40,7.7,28,81,951,31,10,8,49,8.718027004,102,426,41.94657996,10.02990255,8.548058337,8.89923327,493,23,458,26,516,484
44,1000,40,7.7,28,104,934,47,10,9,66,9.00634761,95,429,42.8598614,10.33807618,8.419223025,9.516652155,441,24,493,42,465,535
49,1000,40,7.7,28,23,954,23,11,12,46,7.600395794,100,397,40.5876182,9.356844564,6.757727626,8.539267092,511,16,443,30,527,473
48,1000,40,7.7,28,35,954,24,8,14,46,7.534247562,92,415,40.78449686,9.259392262,7.018410384,8.118276435,509,22,445,24,531,469
47,1000,40,7.7,28,82,949,33,10,8,51,8.747053998,111,445,41.94578918,10.04456621,8.60873085,8.894522479,492,24,457,27,516,484
50,1000,40,7.7,28,15,955,20,12,13,45,7.275300351,104,400,40.22492397,8.80489386,6.794678905,7.781581258,503,10,452,35,513,487
46,1000,40,7.7,28,99,946,29,12,13,54,9.260590108,114,421,42.61030464,10.56590982,9.052859509,9.488353428,494,29,452,25,523,477
49,1000,40,7.7,28,24,954,23,11,12,46,7.641723089,104,403,40.62080828,9.363571869,6.803387782,8.575766867,511,16,443,30,527,473
47,1000,40,7.7,28,83,949,33,10,8,51,8.751483806,114,417,41.97418952,10.05969616,8.64319288,8.866934462,491,25,458,26,516,484
48,1000,40,7.7,28,36,953,25,7,15,47,7.596284107,84,397,40.85673855,9.261980418,7.092167685,8.167042785,508,23,445,24,531,469
50,1000,40,7.7,28,16,955,20,13,12,45,7.310910989,73,391,40.26826391,8.817066328,6.812910507,7.835498767,503,10,452,35,513,487
46,1000,40,7.7,28,100,945,30,12,13,55,9.2853717,110,440,42.6236787,10.58078916,9.087790468,9.502006887,493,30,452,25,523,477
49,1000,40,7.7,28,25,956,21,10,13,44,7.631428845,113,380,40.62988757,9.373457108,6.805998412,8.551094464,513,14,443,30,527,473
47,1000,40,7.7,28,84,950,32,10,8,50,8.755586858,119,439,41.98873942,10.1105005,8.663553177,8.853705412,491,25,459,25,516,484
48,1000,40,7.7,28,37,955,24,6,15,45,7.589576409,92,429,40.89575063,9.282612211,7.042100256,8.209426807,510,21,445,24,531,469
49,1000,40,7.7,28,26,959,19,9,13,41,7.618382193,101,374,40.66255869,9.400465915,6.803718457,8.526051936,514,13,445,28,527,473
46,1000,40,7.7,28,101,944,29,14,13,56,9.313215183,84,462,42.67486476,10.58670889,9.124872604,9.519720777,492,31,452,25,523,477
50,1000,40,7.7,28,17,956,19,13,12,44,7.323389575,110,406,40.30636213,8.833987919,6.838213778,7.834467982,503,10,453,34,513,487
47,1000,40,7.7,28,85,951,31,11,7,49,8.742828386,109,435,42.02671921,10.11187522,8.686495292,8.802885982,491,25,460,24,516,484
48,1000,40,7.7,28,38,953,26,6,15,47,7.631499393,106,416,40.89140981,9.291709643,7.102747285,8.230150499,508,23,445,24,531,469
49,1000,40,7.7,28,27,961,17,9,13,39,7.665030047,84,393,40.71474421,9.399229277,6.892164315,8.526129923,514,13,447,26,527,473
46,1000,40,7.7,28,102,942,31,13,14,58,9.322518379,112,427,42.71594218,10.59923905,9.107189267,9.558612982,492,31,450,27,523,477
50,1000,40,7.7,28,18,957,18,13,12,43,7.332436751,90,431,40.32182985,8.825435763,6.878173381,7.810952375,502,11,455,32,513,487
47,1000,40,7.7,28,86,950,32,11,7,50,8.74923641,108,423,42.06293235,10.11887583,8.721491063,8.77881616,490,26,460,24,516,484
49,1000,40,7.7,28,28,963,14,9,14,37,7.697168172,96,435,40.76211937,9.387332406,6.955243712,8.523794367,514,13,449,24,527,473
48,1000,40,7.7,28,39,954,25,6,15,46,7.632307023,96,403,40.90367181,9.331218212,7.098177528,8.237046386,509,22,445,24,531,469
46,1000,40,7.7,28,103,939,33,14,14,61,9.372785258,113,444,42.72266696,10.61814222,9.158789752,9.607417648,489,34,450,27,523,477
49,1000,40,7.7,28,29,964,13,8,15,36,7.727317831,93,438,40.80802918,9.400026405,7.011611699,8.524732485,514,13,450,23,527,473
47,1000,40,7.7,28,87,949,33,11,7,51,8.775156252,125,453,42.10171025,10.150569,8.792265236,8.756916096,489,27,460,24,516,484
50,1000,40,7.7,28,19,955,20,13,12,45,7.345067423,92,394,40.32969713,8.860401048,6.894017994,7.820197519,501,12,454,33,513,487
48,1000,40,7.7,28,40,954,25,6,15,46,7.686120963,106,422,40.90731293,9.361988466,7.132118605,8.313360307,509,22,445,24,531,469
49,1000,40,7.7,28,30,964,13,8,15,36,7.744610327,100,413,40.83191908,9.420326937,7.032404413,8.538125161,514,13,450,23,527,473
46,1000,40,7.7,28,104,939,33,14,14,61,9.399846894,94,426,42.769871,10.60774162,9.19258425,9.627097131,489,34,450,27,523,477
47,1000,40,7.7,28,88,951,33,10,6,49,8.775806772,91,431,42.13490038,10.18678551,8.805541259,8.744106369,489,27,462,22,516,484
50,1000,40,7.7,28,20,955,19,14,12,45,7.345419939,105,401,40.36118795,8.887014392,6.878449844,7.837320675,501,12,454,33,513,487
48,1000,40,7.7,28,41,955,24,6,15,45,7.72246101,97,409,40.92962914,9.377916456,7.159215938,8.360164919,510,21,445,24,531,469
49,1000,40,7.7,28,31,964,13,8,15,36,7.768416159,97,414,40.88728533,9.430270464,7.064264366,8.552957374,514,13,450,23,527,473
47,1000,40,7.7,28,89,951,33,10,6,49,8.746204687,117,426,42.15352181,10.21817213,8.784938906,8.704909528,488,28,463,21,516,484
48,1000,40,7.7,28,42,956,24,5,15,44,7.738506792,111,414,40.95413122,9.409590998,7.195433293,8.353372524,510,21,446,23,531,469
50,1000,40,7.7,28,21,953,20,15,12,47,7.360387997,75,434,40.38367112,8.910844495,6.864317746,7.88294249,501,12,452,35,513,487
49,1000,40,7.7,28,32,965,12,8,15,35,7.758035029,108,413,40.91117874,9.453074829,7.06951431,8.52516065,515,12,450,23,527,473
48,1000,40,7.7,28,43,956,26,5,13,44,7.702499991,92,413,40.97518595,9.412746467,7.170189998,8.305179323,510,21,446,23,531,469
47,1000,40,7.7,28,90,950,34,10,6,50,8.749144635,119,438,42.16712492,10.21808638,8.792831947,8.702568905,487,29,463,21,516,484
50,1000,40,7.7,28,22,953,19,16,12,47,7.365245757,101,401,40.42743638,8.919626634,6.887153333,7.868862622,500,13,453,34,513,487
49,1000,40,7.7,28,33,965,12,8,15,35,7.790945853,103,404,40.91165678,9.471175479,7.092273788,8.569381747,515,12,450,23,527,473
47,1000,40,7.7,28,91,949,35,10,6,51,8.763549726,103,435,42.18623306,10.20550581,8.788022653,8.737458754,487,29,462,22,516,484
48,1000,40,7.7,28,44,957,25,5,13,43,7.735612396,79,393,40.98742751,9.397301642,7.185368234,8.358596725,510,21,447,22,531,469
49,1000,40,7.7,28,34,965,12,8,15,35,7.801018968,111,401,40.9220448,9.48703114,7.108033271,8.573119312,515,12,450,23,527,473
50,1000,40,7.7,28,23,953,21,14,12,47,7.392557889,98,433,40.44640764,8.957291926,6.905935646,7.905159965,500,13,453,34,513,487
47,1000,40,7.7,28,92,950,35,9,6,50,8.752563179,109,422,42.2193614,10.21095785,8.780138112,8.723165111,488,28,462,22,516,484
49,1000,40,7.7,28,35,965,11,9,15,35,7.818225576,114,427,40.96721746,9.492838928,7.141260462,8.572476348,515,12,450,23,527,473
48,1000,40,7.7,28,45,957,25,5,13,43,7.741640485,89,422,41.04845734,9.409706512,7.194657962,8.360931999,510,21,447,22,531,469
50,1000,40,7.7,28,24,952,22,15,11,48,7.444011101,100,395,40.47800633,8.973066705,6.979220808,7.93361566,499,14,453,34,513,487
47,1000,40,7.7,28,93,950,35,8,7,50,8.757296433,108,411,42.25624375,10.24914562,8.776173307,8.737171501,488,28,462,22,516,484
49,1000,40,7.7,28,36,963,13,9,15,37,7.840094973,122,445,40.96559744,9.527514141,7.174887141,8.581246193,514,13,449,24,527,473
48,1000,40,7.7,28,46,956,26,5,13,44,7.767428651,116,407,41.06559112,9.414647475,7.222855233,8.383992585,509,22,447,22,531,469
50,1000,40,7.7,28,25,953,22,14,11,47,7.450547147,86,399,40.49682477,8.971372927,6.996284382,7.929062134,499,14,454,33,513,487
47,1000,40,7.7,28,94,950,35,8,7,50,8.769396709,116,427,42.28957296,10.26839273,8.819520508,8.715958941,488,28,462,22,516,484
49,1000,40,7.7,28,37,963,13,8,16,37,7.882910467,98,425,40.97473533,9.524183418,7.227577584,8.613059366,513,14,450,23,527,473
48,1000,40,7.7,28,47,957,25,5,13,43,7.786966239,100,395,41.09999295,9.413341314,7.234424514,8.412551859,509,22,448,21,531,469
49,1000,40,7.7,28,38,963,13,8,16,37,7.892283383,96,429,40.99019615,9.541645178,7.240909744,8.618021032,513,14,450,23,527,473
50,1000,40,7.7,28,26,952,23,14,11,48,7.469498147,83,433,40.54513918,8.985858818,7.01480897,7.94846231,498,15,454,33,513,487
47,1000,40,7.7,28,95,949,35,9,7,51,8.823371148,104,426,42.31005543,10.28404158,8.839096335,8.806606279,487,29,462,22,516,484
48,1000,40,7.7,28,48,959,23,5,13,41,7.788690718,98,402,41.1324,9.430201662,7.273373747,8.372130616,509,22,450,19,531,469
49,1000,40,7.7,28,39,962,15,8,15,38,7.927350839,106,420,41.00798467,9.538738584,7.293883657,8.633137742,513,14,449,24,527,473
50,1000,40,7.7,28,27,954,23,14,9,46,7.490365009,93,429,40.56974358,9.013958236,7.051849997,7.952291499,498,15,456,31,513,487
48,1000,40,7.7,28,49,960,22,5,13,40,7.804219595,99,424,41.17613855,9.426851176,7.283495821,8.393781053,510,21,450,19,531,469
47,1000,40,7.7,28,96,948,36,9,7,52,8.847380931,131,411,42.36325745,10.30407599,8.849287526,8.84534828,487,29,461,23,516,484
49,1000,40,7.7,28,40,963,15,9,13,37,7.920708399,123,424,41.02175828,9.564614641,7.322315424,8.587416852,513,14,450,23,527,473
48,1000,40,7.7,28,50,961,22,4,13,39,7.819740271,93,434,41.21686422,9.450745032,7.281504412,8.429128845,511,20,450,19,531,469
47,1000,40,7.7,28,97,948,36,10,6,52,8.861796542,122,399,42.39670897,10.31800428,8.875803902,8.846863076,486,30,462,22,516,484
50,1000,40,7.7,28,28,957,22,12,9,43,7.476238798,92,420,40.60648493,9.032742899,7.072482155,7.901551237,498,15,459,28,513,487
49,1000,40,7.7,28,41,962,15,10,13,38,7.972545952,106,426,41.04547243,9.584075118,7.375678662,8.63755454,513,14,449,24,527,473
48,1000,40,7.7,28,51,962,22,3,13,38,7.767426947,90,421,41.23231655,9.473112788,7.185893229,8.42583719,512,19,450,19,531,469
47,1000,40,7.7,28,98,949,35,10,6,51,8.841003679,117,434,42.41244557,10.33927781,8.839771273,8.842317567,486,30,463,21,516,484
50,1000,40,7.7,28,29,957,21,13,9,43,7.527281607,85,449,40.63830358,9.053765464,7.118387018,7.958006297,498,15,459,28,513,487
49,1000,40,7.7,28,42,961,16,10,13,39,7.995093985,115,416,41.08708941,9.609590685,7.390868396,8.66830093,513,14,448,25,527,473
48,1000,40,7.7,28,52,963,21,3,13,37,7.798522281,106,408,41.25609392,9.513078224,7.220527131,8.452926172,513,18,450,19,531,469
47,1000,40,7.7,28,99,952,32,11,5,48,8.821727689,104,443,42.43257573,10.38162775,8.841752218,8.800379225,486,30,466,18,516,484
50,1000,40,7.7,28,30,957,21,13,9,43,7.554734174,97,404,40.67510152,9.076122041,7.166586561,7.963604246,498,15,459,28,513,487
49,1000,40,7.7,28,43,960,15,12,13,40,8.021433047,94,429,41.09260047,9.636819871,7.40394074,8.709421304,513,14,447,26,527,473
48,1000,40,7.7,28,53,964,20,3,13,36,7.807180697,114,438,41.28927631,9.535479539,7.227941721,8.462992842,513,18,451,18,531,469
47,1000,40,7.7,28,100,952,32,11,5,48,8.855816843,108,414,42.42404613,10.39418257,8.906244601,8.802055018,485,31,467,17,516,484
50,1000,40,7.7,28,31,957,21,13,9,43,7.591719079,96,410,40.68709395,9.074052003,7.211059943,7.992700879,498,15,459,28,513,487
49,1000,40,7.7,28,44,960,16,12,12,40,8.035513751,99,403,41.1234507,9.670274768,7.402640394,8.740639034,513,14,447,26,527,473
48,1000,40,7.7,28,54,963,21,3,13,37,7.868974255,94,398,41.3563483,9.533454514,7.323786357,8.4862339,512,19,451,18,531,469
47,1000,40,7.7,28,101,952,31,12,5,48,8.82986208,128,431,42.42462447,10.40987537,8.882346837,8.773907256,485,31,467,17,516,484
49,1000,40,7.7,28,45,961,15,12,12,39,8.059217793,91,435,41.10422516,9.702215755,7.432741282,8.757215934,514,13,447,26,527,473
50,1000,40,7.7,28,32,956,22,13,9,44,7.672203696,90,425,40.70523642,9.084615359,7.296847678,8.067599255,497,16,459,28,513,487
48,1000,40,7.7,28,55,963,21,3,13,37,7.885976065,102,429,41.38249244,9.532198857,7.311454096,8.536447633,512,19,451,18,531,469
47,1000,40,7.7,28,102,951,32,12,5,49,8.817144067,114,431,42.45454245,10.43365874,8.848146962,8.784091393,485,31,466,18,516,484
49,1000,40,7.7,28,46,960,17,12,11,40,8.06460305,125,400,41.1295676,9.706258433,7.446380007,8.753405468,515,12,445,28,527,473
48,1000,40,7.7,28,56,965,21,1,13,35,7.885503287,101,424,41.39559566,9.548295645,7.300157297,8.54822977,513,18,452,17,531,469
50,1000,40,7.7,28,33,956,22,13,9,44,7.732125772,88,425,40.72130134,9.117905788,7.344449915,8.140498903,497,16,459,28,513,487
49,1000,40,7.7,28,47,960,17,13,10,40,8.050078923,99,436,41.16198522,9.712320129,7.465488338,8.701409237,515,12,445,28,527,473
47,1000,40,7.7,28,103,950,33,12,5,50,8.824473998,111,437,42.49404124,10.44411559,8.824552905,8.824389874,486,30,464,20,516,484
48,1000,40,7.7,28,57,963,22,1,14,37,7.933128672,112,430,41.41569169,9.546073015,7.359056306,8.583091202,512,19,451,18,531,469
50,1000,40,7.7,28,34,956,22,13,9,44,7.739242566,83,426,40.74140767,9.119930315,7.352112443,8.147040827,497,16,459,28,513,487
49,1000,40,7.7,28,48,960,17,13,10,40,8.06587934,115,403,41.18446168,9.723019412,7.505299613,8.690457598,515,12,445,28,527,473
47,1000,40,7.7,28,104,950,33,12,5,50,8.84173536,117,427,42.51940223,10.46148796,8.82190376,8.862878139,486,30,464,20,516,484
48,1000,40,7.7,28,58,960,25,1,14,40,7.958199263,113,417,41.43071571,9.577634207,7.361307238,8.633998123,511,20,449,20,531,469
49,1000,40,7.7,28,49,959,18,13,10,41,8.115716225,99,424,41.21304899,9.735078183,7.540988066,8.75605817,514,13,445,28,527,473
50,1000,40,7.7,28,35,957,21,13,9,43,7.772686977,101,436,40.77369657,9.129737245,7.380447994,8.185866851,498,15,459,28,513,487
48,1000,40,7.7,28,59,959,27,1,13,41,7.975061919,101,414,41.45290949,9.586628188,7.402216211,8.623635631,510,21,449,20,531,469
49,1000,40,7.7,28,50,959,18,13,10,41,8.144565221,113,403,41.21833962,9.759386812,7.568931953,8.785915607,514,13,445,28,527,473
50,1000,40,7.7,28,36,956,22,15,7,44,7.783076069,91,404,40.81870901,9.133657829,7.374448541,8.213519441,498,15,458,29,513,487
48,1000,40,7.7,28,60,960,27,0,13,40,7.971993923,108,424,41.5060581,9.578354956,7.396007216,8.624123863,511,20,449,20,531,469
49,1000,40,7.7,28,51,959,19,12,10,41,8.184907279,113,403,41.26401069,9.76946339,7.605998694,8.829906908,514,13,445,28,527,473
50,1000,40,7.7,28,37,953,25,15,7,47,7.817720484,97,414,40.83431741,9.161287329,7.386228183,8.272249335,497,16,456,31,513,487
48,1000,40,7.7,28,61,958,29,0,13,42,7.982296656,106,403,41.54356389,9.596565259,7.441337667,8.594768347,509,22,449,20,531,469
49,1000,40,7.7,28,52,960,18,12,10,40,8.196497556,108,423,41.29220606,9.778447165,7.632515525,8.824866542,514,13,446,27,527,473
50,1000,40,7.7,28,38,952,26,15,7,48,7.860284346,103,409,40.85589239,9.166551589,7.430553179,8.312958039,497,16,455,32,513,487
48,1000,40,7.7,28,62,959,28,0,13,41,7.993286253,120,411,41.57862794,9.624892439,7.457175912,8.600268324,509,22,450,19,531,469
49,1000,40,7.7,28,53,960,17,13,10,40,8.218023172,114,440,41.29838104,9.777624985,7.634414861,8.86825907,514,13,446,27,527,473
50,1000,40,7.7,28,39,952,27,14,7,48,7.921682458,94,416,40.87197318,9.178462004,7.491316616,8.37502471,497,16,455,32,513,487
48,1000,40,7.7,28,63,958,28,1,13,42,8.02932496,87,417,41.59248166,9.6329113,7.475385519,8.656493069,509,22,449,20,531,469
49,1000,40,7.7,28,54,961,17,12,10,39,8.200658721,110,404,41.31490618,9.769151581,7.629834229,8.836651338,514,13,447,26,527,473
50,1000,40,7.7,28,40,950,29,14,7,50,7.978838008,103,414,40.90451748,9.199931665,7.515365743,8.467054173,496,17,454,33,513,487
48,1000,40,7.7,28,64,957,29,1,13,43,8.076403664,105,415,41.63553474,9.647604657,7.518160983,8.708443885,509,22,448,21,531,469
49,1000,40,7.7,28,55,961,17,12,10,39,8.204575025,84,429,41.35878709,9.780165978,7.62823635,8.846711351,514,13,447,26,527,473
49,1000,40,7.7,28,56,958,19,13,10,42,8.216168318,100,427,41.37787211,9.775838193,7.645122984,8.852406988,513,14,445,28,527,473
48,1000,40,7.7,28,65,956,30,1,13,44,8.098664029,79,433,41.64733345,9.675905814,7.542214735,8.728673785,509,22,447,22,531,469
50,1000,40,7.7,28,41,950,29,14,7,50,7.969310415,101,411,40.91233066,9.216568718,7.510508163,8.452607244,496,17,454,33,513,487
49,1000,40,7.7,28,57,958,19,13,10,42,8.242820279,109,429,41.388275,9.773097543,7.656997955,8.895522954,513,14,445,28,527,473
48,1000,40,7.7,28,66,956,30,1,13,44,8.137280532,85,409,41.69646288,9.67075857,7.581335678,8.766719163,509,22,447,22,531,469
50,1000,40,7.7,28,42,951,29,14,6,49,7.980208191,96,440,40.9183914,9.206779522,7.529354928,8.455131649,496,17,455,32,513,487
49,1000,40,7.7,28,58,959,19,12,10,41,8.272497591,86,433,41.41497509,9.772304573,7.710466912,8.89869245,512,15,447,26,527,473
48,1000,40,7.7,28,67,955,31,1,13,45,8.168804703,81,410,41.7331557,9.661228468,7.599083818,8.813840504,509,22,446,23,531,469
50,1000,40,7.7,28,43,952,30,14,4,48,7.98636548,97,420,40.9548245,9.234780961,7.554451603,8.441338414,496,17,456,31,513,487
49,1000,40,7.7,28,59,959,19,12,10,41,8.288015439,98,429,41.44200134,9.798421395,7.751569508,8.885704669,512,15,447,26,527,473
48,1000,40,7.7,28,68,956,30,1,13,44,8.196329806,102,416,41.76274942,9.680369714,7.609521596,8.86071181,510,21,446,23,531,469
49,1000,40,7.7,28,60,957,21,12,10,43,8.337349732,106,419,41.47351397,9.797894377,7.807079465,8.928158253,511,16,446,27,527,473
50,1000,40,7.7,28,44,951,31,13,5,49,8.026098223,87,406,41.00625152,9.239374174,7.584082844,8.491711958,495,18,456,31,513,487
48,1000,40,7.7,28,69,956,30,1,13,44,8.203966403,103,428,41.794438,9.696917872,7.650456012,8.830648745,510,21,446,23,531,469
49,1000,40,7.7,28,61,955,23,11,11,45,8.377860803,88,405,41.48096889,9.809471915,7.869669398,8.94406983,510,17,445,28,527,473
50,1000,40,7.7,28,45,947,33,15,5,53,8.077659239,83,406,41.05821808,9.270707253,7.663911343,8.513496345,492,21,455,32,513,487
48,1000,40,7.7,28,70,956,30,1,13,44,8.235858136,105,409,41.82013587,9.717344007,7.691656261,8.85200141,509,22,447,22,531,469
49,1000,40,7.7,28,62,955,24,10,11,45,8.402105278,111,393,41.49634414,9.810736378,7.847070042,9.020506059,511,16,444,29,527,473
48,1000,40,7.7,28,71,956,30,1,13,44,8.233406932,108,417,41.88497921,9.762679554,7.687617944,8.85134713,509,22,447,22,531,469
50,1000,40,7.7,28,46,948,32,15,5,52,8.058631552,98,431,41.10063195,9.293728256,7.661174701,8.477307865,492,21,456,31,513,487
49,1000,40,7.7,28,63,955,24,10,11,45,8.436899395,89,413,41.51581641,9.820569578,7.874587089,9.063408033,511,16,444,29,527,473
48,1000,40,7.7,28,72,955,31,2,12,45,8.266740425,116,432,41.90325618,9.773435738,7.719208298,8.886654197,509,22,446,23,531,469
50,1000,40,7.7,28,47,948,32,15,5,52,8.047989837,96,443,41.11412984,9.302732941,7.657615168,8.459205865,492,21,456,31,513,487
49,1000,40,7.7,28,64,956,22,11,11,44,8.443545569,102,459,41.53256391,9.836318725,7.846342799,9.108927937,513,14,443,30,527,473
48,1000,40,7.7,28,73,953,33,2,12,47,8.327483614,90,443,41.92752735,9.774983345,7.772962099,8.955310745,508,23,445,24,531,469
50,1000,40,7.7,28,48,949,31,15,5,51,8.046927244,104,394,41.13487223,9.338010816,7.674893786,8.438822857,492,21,457,30,513,487
49,1000,40,7.7,28,65,955,23,11,11,45,8.427361999,106,426,41.54293211,9.853246182,7.838133618,9.083859583,513,14,442,31,527,473
48,1000,40,7.7,28,74,953,33,2,12,47,8.353269749,101,430,41.9234202,9.783213207,7.763003754,9.021566644,509,22,444,25,531,469
50,1000,40,7.7,28,49,948,32,15,5,52,8.121024469,96,430,41.17796705,9.356988611,7.73224776,8.530557225,491,22,457,30,513,487
49,1000,40,7.7,28,66,954,24,11,11,46,8.480398252,99,432,41.58317953,9.860228489,7.911958525,9.113733846,512,15,442,31,527,473
48,1000,40,7.7,28,75,953,33,3,11,47,8.36703453,108,418,41.94364808,9.810177408,7.769866212,9.043146207,509,22,444,25,531,469
49,1000,40,7.7,28,67,953,24,12,11,47,8.486989629,84,423,41.60488019,9.88302825,7.909420409,9.130496984,512,15,441,32,527,473
50,1000,40,7.7,28,50,948,32,15,5,52,8.173284132,94,464,41.20269641,9.37797864,7.813470054,8.552307997,491,22,457,30,513,487
48,1000,40,7.7,28,76,953,33,3,11,47,8.380127193,120,415,41.96208156,9.826653913,7.773779319,9.066631929,509,22,444,25,531,469
49,1000,40,7.7,28,68,950,25,14,11,50,8.51988951,99,413,41.64317897,9.902849162,7.965778075,9.137261024,509,18,441,32,527,473
50,1000,40,7.7,28,51,949,31,15,5,51,8.190441492,86,416,41.2364892,9.384955822,7.855793708,8.542955483,491,22,458,29,513,487
48,1000,40,7.7,28,77,952,34,4,10,48,8.415849036,105,395,41.99607394,9.840565284,7.83523122,9.0732223,508,23,444,25,531,469
49,1000,40,7.7,28,69,948,27,14,11,52,8.541250164,110,389,41.67595705,9.904632723,8.004385939,9.139405443,507,20,441,32,527,473
50,1000,40,7.7,28,52,949,30,16,5,51,8.221148145,87,427,41.28217935,9.406449713,7.89792126,8.561631497,491,22,458,29,513,487
48,1000,40,7.7,28,78,952,34,4,10,48,8.439854359,119,412,42.05685767,9.860851583,7.891889943,9.060257568,507,24,445,24,531,469
49,1000,40,7.7,28,70,948,27,14,11,52,8.571841854,109,411,41.6860877,9.910653329,8.048144485,9.155327084,507,20,441,32,527,473
50,1000,40,7.7,28,53,948,30,17,5,52,8.272798472,93,419,41.29838462,9.434636123,7.981073394,8.580098194,490,23,458,29,513,487
48,1000,40,7.7,28,79,952,34,4,10,48,8.435753189,99,443,42.10181022,9.859956209,7.885547266,9.058694224,507,24,445,24,531,469
49,1000,40,7.7,28,71,947,28,14,11,53,8.617540812,106,408,41.71200715,9.947884733,8.106472182,9.186955543,506,21,441,32,527,473
50,1000,40,7.7,28,54,947,30,18,5,53,8.328868907,94,429,41.30493984,9.457641008,8.04396924,8.628978823,490,23,457,30,513,487
49,1000,40,7.7,28,72,948,28,13,11,52,8.592213707,105,406,41.7291491,9.971501552,8.087460166,9.154592388,507,20,441,32,527,473
48,1000,40,7.7,28,80,951,34,5,10,49,8.481800034,114,439,42.1251474,9.873724151,7.894910922,9.146273635,508,23,443,26,531,469
50,1000,40,7.7,28,55,947,30,18,5,53,8.382041691,93,412,41.31507153,9.475555699,8.121144582,8.656867598,490,23,457,30,513,487
49,1000,40,7.7,28,73,947,27,15,11,53,8.640264499,84,436,41.73721969,9.989091449,8.127238907,9.211859608,506,21,441,32,527,473
48,1000,40,7.7,28,81,951,34,5,10,49,8.472108891,121,408,42.1418771,9.889935213,7.903134273,9.116299769,508,23,443,26,531,469
50,1000,40,7.7,28,56,947,31,17,5,53,8.3992776,94,427,41.31847121,9.486453749,8.144240541,8.6679306,490,23,457,30,513,487
49,1000,40,7.7,28,74,947,26,16,11,53,8.64610492,92,432,41.76409293,9.993388084,8.142806168,9.206862726,506,21,441,32,527,473
48,1000,40,7.7,28,82,951,34,5,10,49,8.48773719,111,452,42.17094023,9.906042282,7.917522844,9.133331685,507,24,444,25,531,469
49,1000,40,7.7,28,75,947,26,16,11,53,8.639246815,93,420,41.80686488,10.00273976,8.133245877,9.203015302,506,21,441,32,527,473
50,1000,40,7.7,28,57,947,31,17,5,53,8.399687942,111,397,41.32006972,9.484525927,8.175258976,8.636098743,489,24,458,29,513,487
48,1000,40,7.7,28,83,950,35,5,10,50,8.547441756,99,388,42.19103238,9.914164152,7.983333828,9.186122587,507,24,443,26,531,469
49,1000,40,7.7,28,76,948,26,15,11,52,8.622916169,101,421,41.83003401,10.01255624,8.123030344,9.179871411,506,21,442,31,527,473
48,1000,40,7.7,28,84,949,35,5,11,51,8.559093949,117,428,42.20463582,9.924822208,7.950021628,9.248683293,507,24,442,27,531,469
50,1000,40,7.7,28,58,948,31,16,5,52,8.42635646,115,422,41.35561217,9.517114054,8.205889961,8.658593244,490,23,458,29,513,487
49,1000,40,7.7,28,77,948,27,13,12,52,8.678536843,104,396,41.84424903,10.01261956,8.168477844,9.246826679,506,21,442,31,527,473
48,1000,40,7.7,28,85,950,35,5,10,50,8.561214192,112,426,42.22777199,9.927080742,7.966881307,9.234115605,508,23,442,27,531,469
50,1000,40,7.7,28,59,947,33,16,4,53,8.433596233,96,428,41.35115622,9.52250212,8.221925559,8.6565676,490,23,457,30,513,487
49,1000,40,7.7,28,78,948,26,13,13,52,8.687583778,105,429,41.89337374,10.03574354,8.160705819,9.274612709,506,21,442,31,527,473
48,1000,40,7.7,28,86,950,35,5,10,50,8.557799211,100,425,42.24259004,9.967513414,7.978628794,9.213533734,508,23,442,27,531,469
50,1000,40,7.7,28,60,948,33,15,4,52,8.452049167,89,380,41.37516821,9.540932154,8.304675856,8.607290458,490,23,458,29,513,487
49,1000,40,7.7,28,79,949,25,12,14,51,8.736361827,85,414,41.90754741,10.04301062,8.178822997,9.357552025,507,20,442,31,527,473
48,1000,40,7.7,28,87,951,33,6,10,49,8.57337183,110,413,42.24824193,9.958095299,7.976586816,9.249049534,509,22,442,27,531,469
50,1000,40,7.7,28,61,947,34,15,4,53,8.470520131,98,413,41.40090759,9.553621705,8.341122313,8.606826251,490,23,457,30,513,487
49,1000,40,7.7,28,80,947,27,12,14,53,8.777050935,120,401,41.92879622,10.07308083,8.209968963,9.408873766,506,21,441,32,527,473
48,1000,40,7.7,28,88,949,34,7,10,51,8.583512463,104,416,42.29928694,9.970673986,8.006783512,9.236482767,508,23,441,28,531,469
50,1000,40,7.7,28,62,947,34,15,4,53,8.519946242,101,426,41.41643147,9.584490536,8.413321933,8.63226302,490,23,457,30,513,487
49,1000,40,7.7,28,81,947,27,12,14,53,8.788262863,114,411,41.92615077,10.06673894,8.231778696,9.408277992,506,21,441,32,527,473
48,1000,40,7.7,28,89,949,34,8,9,51,8.593408696,93,426,42.31952049,9.999580533,8.037431814,9.222883587,507,24,442,27,531,469
49,1000,40,7.7,28,82,949,26,11,14,51,8.799315645,108,433,41.96496271,10.08941871,8.261201536,9.398863499,506,21,443,30,527,473
50,1000,40,7.7,28,63,947,33,16,4,53,8.548761506,104,423,41.46739553,9.599605049,8.458977288,8.643339131,491,22,456,31,513,487
48,1000,40,7.7,28,90,949,34,8,9,51,8.622706018,98,439,42.35698632,10.02152774,8.08167298,9.235261546,508,23,441,28,531,469
49,1000,40,7.7,28,83,951,26,9,14,49,8.811667332,96,405,42.00586071,10.10386923,8.278213437,9.40602294,507,20,444,29,527,473
50,1000,40,7.7,28,64,946,34,16,4,54,8.608149694,100,407,41.49016555,9.610552328,8.50916474,8.712419266,491,22,455,32,513,487
48,1000,40,7.7,28,91,951,33,8,8,49,8.629918896,102,429,42.39202525,10.04117174,8.114162131,9.213856725,508,23,443,26,531,469
49,1000,40,7.7,28,84,951,25,10,14,49,8.85032169,116,445,42.03980869,10.11015507,8.318935873,9.442373119,507,20,444,29,527,473
48,1000,40,7.7,28,92,951,34,8,7,49,8.635045521,114,430,42.44318491,10.06386361,8.139379378,9.196236826,508,23,443,26,531,469
50,1000,40,7.7,28,65,946,34,16,4,54,8.656304659,112,420,41.51831417,9.624354743,8.582467141,8.734084222,491,22,455,32,513,487
49,1000,40,7.7,28,85,948,28,11,13,52,8.892346535,100,429,42.09214519,10.14626117,8.370974943,9.473240464,506,21,442,31,527,473
48,1000,40,7.7,28,93,951,34,9,6,49,8.645883308,97,433,42.46524408,10.06312087,8.184319056,9.168464583,508,23,443,26,531,469
50,1000,40,7.7,28,66,946,34,16,4,54,8.680692774,88,441,41.55396642,9.636554751,8.635332585,8.728474657,491,22,455,32,513,487
49,1000,40,7.7,28,86,948,28,11,13,52,8.894430088,109,427,42.1050485,10.13960704,8.349359127,9.501729022,506,21,442,31,527,473
48,1000,40,7.7,28,94,950,34,9,7,50,8.69925494,109,409,42.48158052,10.08320246,8.247042482,9.21124815,507,24,443,26,531,469
50,1000,40,7.7,28,67,946,34,15,5,54,8.694788648,115,421,41.59195524,9.668542354,8.669903488,8.721002379,490,23,456,31,513,487
49,1000,40,7.7,28,87,946,30,11,13,54,8.947996413,101,421,42.12308706,10.14394532,8.412918949,9.544160944,504,23,442,31,527,473
48,1000,40,7.7,28,95,951,32,9,8,49,8.698183275,102,423,42.49442312,10.0703169,8.266132426,9.187349588,508,23,443,26,531,469
49,1000,40,7.7,28,88,945,30,12,13,55,8.959172487,102,429,42.15489481,10.16768388,8.433736461,9.544594866,504,23,441,32,527,473
50,1000,40,7.7,28,68,945,35,15,5,55,8.736610934,88,420,41.61136015,9.675910149,8.749890852,8.722622027,489,24,456,31,513,487
48,1000,40,7.7,28,96,952,31,9,8,48,8.696729452,119,428,42.51652581,10.0815209,8.258552617,9.192831583,509,22,443,26,531,469
49,1000,40,7.7,28,89,944,28,15,13,56,8.96538029,126,442,42.18196902,10.20248294,8.410059523,9.584099201,503,24,441,32,527,473
50,1000,40,7.7,28,69,944,37,14,5,56,8.750886161,110,438,41.65835275,9.691498762,8.786721648,8.713137485,490,23,454,33,513,487
48,1000,40,7.7,28,97,951,32,9,8,49,8.722679344,114,444,42.54176411,10.09109483,8.291990252,9.210303881,508,23,443,26,531,469
49,1000,40,7.7,28,90,945,28,14,13,55,8.938777166,107,421,42.19596281,10.20333455,8.384776658,9.556025088,504,23,441,32,527,473
50,1000,40,7.7,28,70,945,36,14,5,55,8.760558218,84,445,41.67926836,9.698826547,8.800262282,8.718734431,490,23,455,32,513,487
48,1000,40,7.7,28,98,951,33,8,8,49,8.731670771,102,427,42.55803731,10.09012927,8.335672349,9.180018665,507,24,444,25,531,469
49,1000,40,7.7,28,91,945,28,14,13,55,8.97456358,106,457,42.20544343,10.20899741,8.397321325,9.617706642,504,23,441,32,527,473
50,1000,40,7.7,28,71,943,38,14,5,57,8.751126618,99,414,41.69762252,9.738242151,8.810167591,8.68893356,490,23,453,34,513,487
48,1000,40,7.7,28,99,952,32,8,8,48,8.736271209,121,436,42.55881487,10.09941982,8.345411526,9.178801042,507,24,445,24,531,469
49,1000,40,7.7,28,92,944,30,14,12,56,8.960635959,105,413,42.23119186,10.25902166,8.39487903,9.590982474,504,23,440,33,527,473
48,1000,40,7.7,28,100,951,33,8,8,49,8.786188842,112,417,42.58078217,10.10760366,8.420923977,9.19974032,506,25,445,24,531,469
50,1000,40,7.7,28,72,943,37,15,5,57,8.754763308,98,426,41.71334151,9.759137389,8.824712776,8.681079372,490,23,453,34,513,487
49,1000,40,7.7,28,93,944,31,14,11,56,9.002378001,111,409,42.25190185,10.29090475,8.467592837,9.598216862,504,23,440,33,527,473
48,1000,40,7.7,28,101,951,33,8,8,49,8.780106001,113,435,42.63814204,10.11528362,8.40654893,9.203045884,506,25,445,24,531,469
49,1000,40,7.7,28,94,942,32,15,11,58,9.037773036,109,434,42.27069629,10.30516592,8.49696912,9.640317779,503,24,439,34,527,473
50,1000,40,7.7,28,73,944,37,14,5,56,8.752876766,107,413,41.74471323,9.772961302,8.824744914,8.677171714,491,22,453,34,513,487
49,1000,40,7.7,28,95,942,31,16,11,58,9.043243803,111,437,42.29183454,10.30975623,8.508142662,9.639434715,503,24,439,34,527,473
48,1000,40,7.7,28,102,951,33,8,8,49,8.78955494,98,432,42.6473374,10.14163845,8.413845563,9.214931655,506,25,445,24,531,469
50,1000,40,7.7,28,74,943,38,14,5,57,8.786362885,111,413,41.7936981,9.804427736,8.846356834,8.723165973,490,23,453,34,513,487
48,1000,40,7.7,28,103,952,33,6,9,48,8.804080887,111,443,42.68231924,10.1580133,8.435200015,9.221726394,507,24,445,24,531,469
49,1000,40,7.7,28,96,941,33,15,11,59,9.066157141,114,437,42.34084402,10.34530712,8.566875876,9.622438805,502,25,439,34,527,473
50,1000,40,7.7,28,75,944,36,15,5,56,8.795256678,104,416,41.84519707,9.817119042,8.863346925,8.723531222,490,23,454,33,513,487
49,1000,40,7.7,28,97,942,31,16,11,58,9.060318939,101,435,42.37446834,10.3686253,8.57105331,9.605441531,503,24,439,34,527,473
48,1000,40,7.7,28,104,952,33,6,9,48,8.837965306,102,442,42.72764723,10.16293268,8.49439833,9.226950516,507,24,445,24,531,469
50,1000,40,7.7,28,76,945,35,15,5,55,8.780466501,113,412,41.88177677,9.827177697,8.845839805,8.711603041,490,23,455,32,513,487
49,1000,40,7.7,28,98,944,29,16,11,56,9.049068393,118,427,42.39154085,10.39318666,8.550718102,9.604312797,505,22,439,34,527,473
50,1000,40,7.7,28,77,947,33,14,6,53,8.789783053,117,405,41.9122864,9.840167033,8.890629888,8.683552199,490,23,457,30,513,487
49,1000,40,7.7,28,99,944,29,16,11,56,9.060862424,110,448,42.43238542,10.40834894,8.587441421,9.588331491,505,22,439,34,527,473
49,1000,40,7.7,28,100,944,29,16,11,56,9.07563079,116,428,42.47600931,10.42226322,8.621106798,9.58204547,505,22,439,34,527,473
50,1000,40,7.7,28,78,947,33,14,6,53,8.800854021,103,414,41.94116769,9.839583519,8.902803986,8.693461143,490,23,457,30,513,487
49,1000,40,7.7,28,101,942,31,16,11,58,9.035020585,112,405,42.52227648,10.43360435,8.553737524,9.57124928,505,22,437,36,527,473
50,1000,40,7.7,28,79,947,33,14,6,53,8.82285088,103,427,41.94917268,9.859018153,8.935637681,8.704042608,489,24,458,29,513,487
49,1000,40,7.7,28,102,942,31,16,11,58,9.041468714,107,437,42.52989145,10.44290624,8.579338236,9.556358274,505,22,437,36,527,473
50,1000,40,7.7,28,80,947,33,14,6,53,8.839820258,103,416,41.98588092,9.891558552,8.959252643,8.714011605,489,24,458,29,513,487
49,1000,40,7.7,28,103,942,33,16,9,58,9.013711758,117,420,42.58243044,10.45968866,8.581297734,9.495492288,505,22,437,36,527,473
50,1000,40,7.7,28,81,949,31,14,6,51,8.858637332,103,407,42.00514092,9.904806831,9.004922437,8.704542344,489,24,460,27,513,487
49,1000,40,7.7,28,104,944,31,16,9,56,8.992075961,122,433,42.58535816,10.47177407,8.595126893,9.434342682,505,22,439,34,527,473
50,1000,40,7.7,28,82,948,31,15,6,52,8.885230454,99,432,42.03429261,9.933916174,8.998130886,8.766302484,488,25,460,27,513,487
50,1000,40,7.7,28,83,948,30,16,6,52,8.907399953,105,426,42.03556067,9.940904382,9.002109143,8.807634421,488,25,460,27,513,487
50,1000,40,7.7,28,84,944,34,15,7,56,8.980571693,111,429,42.08121571,9.966022567,9.041784114,8.916091259,487,26,457,30,513,487
50,1000,40,7.7,28,85,945,34,14,7,55,9.016408497,103,426,42.07722555,9.987069101,9.067926248,8.962140311,488,25,457,30,513,487
50,1000,40,7.7,28,86,945,34,14,7,55,9.049504978,96,428,42.11314323,10.00760176,9.085118678,9.01198993,488,25,457,30,513,487
50,1000,40,7.7,28,87,945,33,15,7,55,9.046269389,90,417,42.12505952,10.01126026,9.084581468,9.005911901,488,25,457,30,513,487
50,1000,40,7.7,28,88,944,34,15,7,56,9.089123251,99,401,42.1586218,10.01497501,9.148490863,9.026586115,487,26,457,30,513,487
50,1000,40,7.7,28,89,946,33,14,7,54,9.097482799,93,443,42.18231275,10.03614583,9.157031706,9.03475469,487,26,459,28,513,487
50,1000,40,7.7,28,90,945,34,14,7,55,9.139242568,102,422,42.23248995,10.04435654,9.208031094,9.066781554,486,27,459,28,513,487
50,1000,40,7.7,28,91,946,33,14,7,54,9.163583841,110,423,42.21582783,10.05507952,9.258397241,9.063708535,486,27,460,27,513,487
50,1000,40,7.7,28,92,947,32,14,7,53,9.185147485,105,421,42.24792288,10.06894346,9.290292905,9.074388552,486,27,461,26,513,487
50,1000,40,7.7,28,93,945,33,15,7,55,9.227666464,96,434,42.2772927,10.08048727,9.374956662,9.072512723,484,29,461,26,513,487
50,1000,40,7.7,28,94,946,33,14,7,54,9.211351221,113,435,42.30092957,10.10027116,9.343146261,9.072519896,485,28,461,26,513,487
50,1000,40,7.7,28,95,946,33,14,7,54,9.243847623,108,443,42.33048936,10.12879826,9.394360541,9.085299107,485,28,461,26,513,487
50,1000,40,7.7,28,96,946,33,13,8,54,9.250481149,115,429,42.33456734,10.13188874,9.39880069,9.09424311,485,28,461,26,513,487
50,1000,40,7.7,28,97,944,35,13,8,56,9.285196885,120,414,42.36763625,10.13908604,9.457707635,9.103476116,484,29,460,27,513,487
50,1000,40,7.7,28,98,941,37,14,8,59,9.306308096,103,437,42.40809274,10.15683545,9.496625531,9.105829976,483,30,458,29,513,487
50,1000,40,7.7,28,99,940,38,14,8,60,9.3212638,115,439,42.43070789,10.18641468,9.504155697,9.128607654,483,30,457,30,513,487
50,1000,40,7.7,28,100,942,36,14,8,58,9.31267829,89,421,42.44668727,10.20465689,9.44434466,9.173982504,485,28,457,30,513,487
50,1000,40,7.7,28,101,941,36,15,8,59,9.359786481,95,444,42.4608852,10.21637521,9.500806268,9.211237917,484,29,457,30,513,487
50,1000,40,7.7,28,102,942,36,15,7,58,9.40586501,106,429,42.48565049,10.22414707,9.555815432,9.247909022,483,30,459,28,513,487
50,1000,40,7.7,28,103,939,37,18,6,61,9.406206142,102,434,42.51502843,10.23601075,9.547269829,9.257611334,481,32,458,29,513,487
50,1000,40,7.7,28,104,940,36,18,6,60,9.424011873,100,441,42.57187879,10.2505165,9.581516208,9.258098683,481,32,459,28,513,487
