[run number],initial-people,environment,healthy-treatment-chance,dep-treatment-chance,[step],"count turtles with [ severity = ""No Depression"" ]","count turtles with [ severity = ""Mild Depression"" ]","count turtles with [ severity = ""Moderate Depression"" ]","count turtles with [ severity = ""Severe Depression"" ]","count turtles with [ severity != ""No Depression"" ]",mean [ dep-score ] of turtles,count turtles with [ treatment? ],count turtles with [ talks? ],mean [ prob-of-talking ] of turtles,mean [ prob-of-treatment ] of turtles,"mean [ dep-score ] of turtles with [ gender? = ""male"" ]","mean [ dep-score ] of turtles with [ gender? = ""female"" ]","count turtles with [ severity = ""No Depression"" and gender? = ""male"" ]","count turtles with [ severity != ""No Depression"" and gender? = ""male"" ]","count turtles with [ severity = ""No Depression"" and gender? = ""female"" ]","count turtles with [ severity != ""No Depression"" and gender? = ""female"" ]","count turtles with [ gender? = ""male"" ]","count turtles with [ gender? = ""female"" ]"
7,1000,70,7.7,28,0,940,28,16,16,60,7.231,91,713,69.86098611,8.90667358,6.534791252,7.935613682,485,18,455,42,503,497
2,1000,70,7.7,28,0,934,30,20,16,66,7.483,99,709,69.99987631,8.964786887,6.64484127,8.334677419,479,25,455,41,504,496
6,1000,70,7.7,28,0,952,19,20,9,48,7.176,89,672,70.0497089,8.605749219,6.511583012,7.890041494,504,14,448,34,518,482
5,1000,70,7.7,28,0,938,31,13,18,62,7.194,88,729,70.32614286,8.9529735,6.467583497,7.947046843,484,25,454,37,509,491
3,1000,70,7.7,28,0,949,27,10,14,51,7.007,83,710,70.08850607,8.693818829,6.211382114,7.777559055,476,16,473,35,492,508
4,1000,70,7.7,28,0,953,24,12,11,47,6.987,109,711,69.96795318,8.673330692,6.255859375,7.754098361,498,14,455,33,512,488
8,1000,70,7.7,28,0,933,36,16,15,67,7.218,86,717,69.99015528,9.001895682,6.539877301,7.866927593,466,23,467,44,489,511
1,1000,70,7.7,28,0,948,28,10,14,52,7.091,108,727,70.19579684,8.884182512,6.666666667,7.511952191,477,21,471,31,498,502
7,1000,70,7.7,28,1,940,28,16,16,60,7.274221356,75,693,69.9041202,8.929633766,6.568288964,7.988676071,485,18,455,42,503,497
6,1000,70,7.7,28,1,953,19,19,9,47,7.200589789,90,728,70.07103359,8.591682931,6.537574967,7.913124389,504,14,449,33,518,482
2,1000,70,7.7,28,1,933,31,20,16,67,7.520800558,102,723,70.05066384,8.990520209,6.693640892,8.361301509,478,26,455,41,504,496
8,1000,70,7.7,28,1,934,35,16,15,66,7.247711133,84,709,70.05067063,9.011040063,6.549415841,7.915942832,467,22,467,44,489,511
5,1000,70,7.7,28,1,938,31,12,19,62,7.232609147,68,698,70.37513415,8.969007638,6.520743924,7.970571262,484,25,454,37,509,491
4,1000,70,7.7,28,1,952,25,12,11,48,7.001405384,95,685,70.00354242,8.674998829,6.270936044,7.767799445,498,14,454,34,512,488
7,1000,70,7.7,28,2,940,28,16,16,60,7.310500277,95,705,69.9688542,8.950184259,6.607201889,8.02228919,486,17,454,43,503,497
1,1000,70,7.7,28,1,951,27,8,14,49,7.093637449,110,710,70.2285187,8.89989166,6.679642928,7.504333208,478,20,473,29,498,502
3,1000,70,7.7,28,1,949,27,10,14,51,7.001989513,98,721,70.12615856,8.718104167,6.266853482,7.713971653,476,16,473,35,492,508
6,1000,70,7.7,28,2,954,20,17,9,46,7.188471484,83,716,70.1276042,8.611120568,6.519811866,7.907072484,504,14,450,32,518,482
2,1000,70,7.7,28,2,934,31,20,15,66,7.523520698,87,695,70.04124616,9.021669668,6.730840353,8.32898621,479,25,455,41,504,496
5,1000,70,7.7,28,2,938,31,12,19,62,7.279856681,88,699,70.44162842,9.012546372,6.595031325,7.98978765,484,25,454,37,509,491
8,1000,70,7.7,28,2,936,34,15,15,64,7.263352933,74,700,70.10669185,9.015289667,6.603774123,7.894535004,467,22,469,42,489,511
4,1000,70,7.7,28,2,952,26,11,11,48,7.032727015,81,704,70.06162918,8.686312509,6.304801937,7.796451686,499,13,453,35,512,488
7,1000,70,7.7,28,3,940,28,16,16,60,7.342432086,104,704,70.01576934,8.978320501,6.611743801,8.081941557,486,17,454,43,503,497
3,1000,70,7.7,28,2,949,27,10,14,51,7.022149843,98,704,70.18099243,8.779253458,6.277289844,7.743549684,476,16,473,35,492,508
6,1000,70,7.7,28,3,955,19,16,10,45,7.200661689,82,709,70.1682833,8.663317886,6.530443025,7.920938179,504,14,451,31,518,482
2,1000,70,7.7,28,3,937,31,17,15,63,7.546258521,101,688,70.07349953,9.052333916,6.748929837,8.356447345,480,24,457,39,504,496
1,1000,70,7.7,28,2,952,27,8,13,48,7.080572977,103,681,70.28378899,8.924321832,6.644476046,7.513195031,479,19,473,29,498,502
5,1000,70,7.7,28,3,939,29,13,19,61,7.289425655,99,729,70.45897831,9.023700974,6.64635017,7.95607621,483,26,456,35,509,491
7,1000,70,7.7,28,4,940,30,16,14,60,7.354569235,90,672,70.07913986,8.989476876,6.639906219,8.077859975,486,17,454,43,503,497
8,1000,70,7.7,28,3,935,35,14,16,65,7.291405913,97,719,70.18495932,9.025264874,6.604872687,7.948381937,467,22,468,43,489,511
3,1000,70,7.7,28,3,949,27,10,14,51,7.049971225,91,679,70.22946242,8.795958002,6.311558703,7.765126659,476,16,473,35,492,508
4,1000,70,7.7,28,3,952,24,13,11,48,7.059801417,88,712,70.08779782,8.702323546,6.302901916,7.853925483,499,13,453,35,512,488
6,1000,70,7.7,28,4,955,19,16,10,45,7.224109039,110,682,70.20441222,8.683290236,6.557931637,7.94004243,504,14,451,31,518,482
2,1000,70,7.7,28,4,940,29,16,15,60,7.559587699,90,716,70.12613678,9.074892073,6.755122275,8.377028373,482,22,458,38,504,496
5,1000,70,7.7,28,4,939,29,13,19,61,7.304114167,95,718,70.49829785,9.038690639,6.633299298,7.999521027,483,26,456,35,509,491
1,1000,70,7.7,28,3,955,24,8,13,45,7.0939377,105,708,70.36099939,8.948929519,6.643181437,7.54110228,480,18,475,27,498,502
7,1000,70,7.7,28,5,939,31,16,14,61,7.399891752,91,695,70.14025208,9.010934219,6.706070912,8.102088698,485,18,454,43,503,497
8,1000,70,7.7,28,4,936,34,14,16,64,7.329924928,98,700,70.24653761,9.054935312,6.646548416,7.983880141,467,22,469,42,489,511
3,1000,70,7.7,28,4,952,23,11,14,48,7.067560906,74,708,70.2467402,8.822058176,6.383788204,7.72979746,477,15,475,33,492,508
4,1000,70,7.7,28,4,953,24,11,12,47,7.082533632,95,715,70.13866323,8.719160423,6.312801059,7.890121905,500,12,453,35,512,488
6,1000,70,7.7,28,5,955,19,16,10,45,7.227703252,79,709,70.23180415,8.715243402,6.563956525,7.941024425,504,14,451,31,518,482
2,1000,70,7.7,28,5,937,32,15,16,63,7.588389828,106,691,70.16330084,9.110402985,6.786360136,8.403355484,481,23,456,40,504,496
7,1000,70,7.7,28,6,940,30,15,15,60,7.430974975,76,688,70.18036454,9.023334157,6.758637501,8.1114292,485,18,455,42,503,497
5,1000,70,7.7,28,5,939,28,14,19,61,7.311829238,104,696,70.56361674,9.060954394,6.657051707,7.990610832,483,26,456,35,509,491
1,1000,70,7.7,28,4,955,24,8,13,45,7.12503299,95,696,70.39705358,8.978754477,6.672428428,7.574031141,480,18,475,27,498,502
8,1000,70,7.7,28,5,935,37,14,14,65,7.314202051,97,721,70.27331014,9.095301732,6.702190808,7.899864474,466,23,469,42,489,511
3,1000,70,7.7,28,5,956,22,8,14,44,7.029849035,101,720,70.26103001,8.838087861,6.376910923,7.662222168,478,14,478,30,492,508
4,1000,70,7.7,28,5,954,23,11,12,46,7.114760532,103,699,70.18507291,8.751598241,6.332682717,7.93530119,500,12,454,34,512,488
6,1000,70,7.7,28,6,958,18,14,10,42,7.205024708,114,722,70.27564556,8.76495887,6.538568459,7.921257774,505,13,453,29,518,482
2,1000,70,7.7,28,6,936,33,15,16,64,7.618682205,80,722,70.20025181,9.119797246,6.812876615,8.437484659,481,23,455,41,504,496
7,1000,70,7.7,28,7,939,31,15,15,61,7.460962011,116,708,70.22529504,9.061196767,6.79412778,8.135846555,484,19,455,42,503,497
5,1000,70,7.7,28,6,941,28,12,19,59,7.314093833,107,723,70.6048555,9.100319311,6.669171231,7.982659219,484,25,457,34,509,491
8,1000,70,7.7,28,6,935,38,13,14,65,7.356010366,104,715,70.33081379,9.101312558,6.766783735,7.919869119,465,24,470,41,489,511
3,1000,70,7.7,28,6,956,22,7,15,44,7.054145807,92,703,70.31621885,8.858683961,6.389168829,7.698178629,478,14,478,30,492,508
1,1000,70,7.7,28,5,956,24,7,13,44,7.159138442,90,691,70.44692353,9.007416574,6.688210706,7.626313766,481,17,475,27,498,502
4,1000,70,7.7,28,6,952,24,12,12,48,7.159842136,117,717,70.25392418,8.797814231,6.40315531,7.953743068,499,13,453,35,512,488
6,1000,70,7.7,28,7,959,17,14,10,41,7.243463756,87,732,70.31260171,8.754992261,6.612435018,7.921623271,505,13,454,28,518,482
2,1000,70,7.7,28,7,936,34,14,16,64,7.627265236,94,709,70.28279436,9.152257592,6.840376594,8.426845631,481,23,455,41,504,496
7,1000,70,7.7,28,8,939,31,15,15,61,7.519448108,95,713,70.26924401,9.082693865,6.854235877,8.192691071,484,19,455,42,503,497
5,1000,70,7.7,28,7,940,30,13,17,60,7.307137159,103,726,70.65560232,9.10802397,6.7009832,7.935512647,484,25,456,35,509,491
6,1000,70,7.7,28,8,959,17,13,11,41,7.304425667,96,677,70.35666755,8.771715931,6.673586691,7.982381246,505,13,454,28,518,482
2,1000,70,7.7,28,8,937,33,14,16,63,7.632161697,94,703,70.37211599,9.156452424,6.840692081,8.436396953,481,23,456,40,504,496
7,1000,70,7.7,28,9,939,32,14,15,61,7.539074741,86,734,70.33590281,9.102349513,6.874937497,8.21122974,484,19,455,42,503,497
3,1000,70,7.7,28,7,956,23,7,14,44,7.082345368,95,699,70.35922706,8.89284795,6.438735483,7.705684075,478,14,478,30,492,508
8,1000,70,7.7,28,7,937,36,12,15,63,7.379238142,100,724,70.37965161,9.13583534,6.787457803,7.945540658,466,23,471,40,489,511
4,1000,70,7.7,28,7,952,25,12,11,48,7.194059896,91,687,70.30412156,8.81435035,6.457170071,7.967190204,499,13,453,35,512,488
1,1000,70,7.7,28,6,956,25,6,13,44,7.167190728,84,703,70.46125332,9.028003023,6.712186677,7.618569249,481,17,475,27,498,502
5,1000,70,7.7,28,8,941,29,13,17,59,7.343691373,99,707,70.7212708,9.127091984,6.724230163,7.985861956,484,25,457,34,509,491
2,1000,70,7.7,28,9,939,32,13,16,61,7.658145567,95,700,70.43447439,9.16688075,6.852444414,8.476841899,482,22,457,39,504,496
6,1000,70,7.7,28,9,959,18,12,11,41,7.323449668,102,736,70.42466571,8.794870959,6.646663696,8.05078397,505,13,454,28,518,482
7,1000,70,7.7,28,10,939,33,13,15,61,7.539687694,110,705,70.34205795,9.149248719,6.87256802,8.214861126,484,19,455,42,503,497
3,1000,70,7.7,28,8,956,23,7,14,44,7.072433295,113,722,70.42783916,8.912379508,6.378913368,7.744110074,478,14,478,30,492,508
4,1000,70,7.7,28,8,953,24,12,11,47,7.189888213,91,696,70.33164737,8.852512009,6.461280948,7.954328622,498,14,455,33,512,488
1,1000,70,7.7,28,7,956,25,6,13,44,7.199528176,91,717,70.52913946,9.031373848,6.74620019,7.649243986,481,17,475,27,498,502
8,1000,70,7.7,28,8,938,34,13,15,62,7.369387542,92,699,70.38927425,9.156093095,6.768947572,7.943976868,467,22,471,40,489,511
5,1000,70,7.7,28,9,940,31,13,16,60,7.363962167,87,708,70.77262869,9.177811965,6.728683377,8.0225302,483,26,457,34,509,491
7,1000,70,7.7,28,11,938,34,13,15,62,7.554846651,81,696,70.37797114,9.184792466,6.87780664,8.240060184,485,18,453,44,503,497
3,1000,70,7.7,28,9,957,22,7,14,43,7.10170868,84,718,70.47078286,8.951403671,6.409905945,7.771722354,479,13,478,30,492,508
4,1000,70,7.7,28,9,955,25,10,10,45,7.169683949,94,707,70.3744987,8.880591991,6.4893065,7.883522583,498,14,457,31,512,488
2,1000,70,7.7,28,10,940,30,14,16,60,7.659804466,117,724,70.45709155,9.191932078,6.823651086,8.50944419,484,20,456,40,504,496
6,1000,70,7.7,28,10,958,19,12,11,42,7.364230312,97,709,70.46601874,8.823709,6.694913552,8.083537535,504,14,454,28,518,482
1,1000,70,7.7,28,8,955,26,6,13,45,7.265917515,112,702,70.58708296,9.056269953,6.82033527,7.707949303,480,18,475,27,498,502
8,1000,70,7.7,28,9,940,33,13,14,60,7.340108421,103,712,70.45251106,9.183266247,6.712410428,7.940782235,469,20,471,40,489,511
3,1000,70,7.7,28,10,958,22,7,13,42,7.104072119,96,705,70.53307066,8.982633908,6.422170438,7.764496581,479,13,479,29,492,508
7,1000,70,7.7,28,12,939,33,12,16,61,7.573436283,84,711,70.42333389,9.201605931,6.902089297,8.252888062,485,18,454,43,503,497
5,1000,70,7.7,28,10,941,31,12,16,59,7.401454549,98,726,70.83079109,9.193950758,6.762984757,8.063330566,483,26,458,33,509,491
4,1000,70,7.7,28,10,955,25,10,10,45,7.205099658,83,720,70.41238573,8.907086234,6.518036631,7.92595267,498,14,457,31,512,488
2,1000,70,7.7,28,11,940,30,13,17,60,7.703573981,109,697,70.47559688,9.202591612,6.859000989,8.561769118,484,20,456,40,504,496
6,1000,70,7.7,28,11,958,19,12,11,42,7.378987817,96,728,70.51466396,8.85104313,6.68793172,8.121658063,504,14,454,28,518,482
8,1000,70,7.7,28,10,941,32,13,14,59,7.345516401,107,729,70.4900743,9.205802315,6.708976467,7.954651485,469,20,472,39,489,511
1,1000,70,7.7,28,9,956,25,6,13,44,7.316377256,90,689,70.64444442,9.075122813,6.891610468,7.737759447,480,18,476,26,498,502
3,1000,70,7.7,28,11,957,23,8,12,43,7.140688458,83,725,70.60532895,9.017653973,6.466622328,7.793524159,479,13,478,30,492,508
7,1000,70,7.7,28,13,940,33,11,16,60,7.586011641,89,718,70.43933278,9.232441785,6.925101429,8.254900649,486,17,454,43,503,497
4,1000,70,7.7,28,11,956,24,11,9,44,7.224811612,100,726,70.49867308,8.918388872,6.533548052,7.95007174,499,13,457,31,512,488
8,1000,70,7.7,28,11,944,30,11,15,56,7.364897668,107,684,70.575669,9.233035125,6.74377166,7.959282439,470,19,474,37,489,511
2,1000,70,7.7,28,12,940,30,13,17,60,7.697665468,81,700,70.51533633,9.220623907,6.841498963,8.56764111,484,20,456,40,504,496
6,1000,70,7.7,28,12,958,19,12,11,42,7.376929657,96,699,70.59570996,8.861385302,6.70712587,8.096760284,504,14,454,28,518,482
5,1000,70,7.7,28,11,942,30,12,16,58,7.394468077,87,720,70.8414352,9.213237968,6.756084191,8.056255038,484,25,458,33,509,491
1,1000,70,7.7,28,10,956,25,6,13,44,7.335580278,99,692,70.69811521,9.102830467,6.917090411,7.750735565,480,18,476,26,498,502
3,1000,70,7.7,28,12,958,23,8,11,42,7.155991934,85,715,70.68947347,9.036721073,6.508114633,7.783463651,479,13,479,29,492,508
4,1000,70,7.7,28,12,957,23,12,8,43,7.24557118,92,690,70.53868803,8.95012282,6.571289162,7.953014608,500,12,457,31,512,488
7,1000,70,7.7,28,14,940,33,10,17,60,7.64847682,92,712,70.48231835,9.245601125,7.007088478,8.297608281,486,17,454,43,503,497
8,1000,70,7.7,28,12,946,28,11,15,54,7.366443269,90,708,70.62080058,9.262918589,6.761482049,7.945359192,471,18,475,36,489,511
2,1000,70,7.7,28,13,940,30,12,18,60,7.733007033,97,731,70.57422817,9.255954268,6.863535036,8.616502772,484,20,456,40,504,496
1,1000,70,7.7,28,11,958,24,5,13,42,7.319126232,91,732,70.76639014,9.112596121,6.890435043,7.744401555,482,16,476,26,498,502
5,1000,70,7.7,28,12,943,30,11,16,57,7.42870158,86,728,70.87539447,9.233947875,6.770080971,8.111467141,485,24,458,33,509,491
6,1000,70,7.7,28,13,958,20,12,10,42,7.375880807,104,712,70.66924343,8.928524808,6.716933926,8.084043637,504,14,454,28,518,482
4,1000,70,7.7,28,13,955,24,13,8,45,7.317781152,90,721,70.58494972,8.994718396,6.642208791,8.026578384,500,12,455,33,512,488
3,1000,70,7.7,28,13,961,22,8,9,39,7.135595793,118,706,70.74851719,9.038094467,6.521036871,7.730798528,479,13,482,26,492,508
8,1000,70,7.7,28,13,947,27,11,15,53,7.391552706,97,734,70.71355553,9.271712679,6.775097277,7.981467979,472,17,475,36,489,511
7,1000,70,7.7,28,15,941,33,10,16,59,7.686300115,94,698,70.53215236,9.279200455,7.049111914,8.331180728,486,17,455,42,503,497
2,1000,70,7.7,28,14,940,30,12,18,60,7.768348971,98,711,70.65971922,9.282288732,6.889261799,8.661614969,484,20,456,40,504,496
1,1000,70,7.7,28,12,958,26,5,11,42,7.30875824,110,690,70.80419333,9.14392375,6.880208319,7.733893421,482,16,476,26,498,502
5,1000,70,7.7,28,13,945,28,11,16,55,7.422163155,87,721,70.90859096,9.247966783,6.75263958,8.116231382,486,23,459,32,509,491
6,1000,70,7.7,28,14,958,20,12,10,42,7.406410761,85,682,70.7231915,8.945268127,6.770096947,8.090250087,504,14,454,28,518,482
4,1000,70,7.7,28,14,957,24,13,6,43,7.317284469,92,713,70.60368366,9.028364209,6.667331116,7.999202741,500,12,457,31,512,488
3,1000,70,7.7,28,14,961,22,8,9,39,7.148079879,86,706,70.80291531,9.068770224,6.55890499,7.718698078,479,13,482,26,492,508
7,1000,70,7.7,28,16,942,33,10,15,58,7.700149521,103,701,70.58676756,9.327404478,7.027694184,8.380723031,486,17,456,41,503,497
8,1000,70,7.7,28,14,947,28,11,14,53,7.389894635,98,690,70.77289759,9.319258049,6.802986979,7.951534252,472,17,475,36,489,511
2,1000,70,7.7,28,15,940,30,12,18,60,7.794168219,99,720,70.68384456,9.304311343,6.934199313,8.668007592,484,20,456,40,504,496
5,1000,70,7.7,28,14,945,28,11,16,55,7.427823934,111,736,70.939301,9.246851464,6.792386674,8.086556245,486,23,459,32,509,491
6,1000,70,7.7,28,15,957,21,12,10,43,7.455165674,87,725,70.71230335,8.971362471,6.810633559,8.147837117,504,14,453,29,518,482
1,1000,70,7.7,28,13,957,27,5,11,43,7.328341878,91,706,70.85250595,9.185644311,6.892213306,7.760995322,482,16,475,27,498,502
4,1000,70,7.7,28,15,956,25,13,6,44,7.353219822,86,724,70.64674179,9.041355264,6.728422897,8.008744464,499,13,457,31,512,488
7,1000,70,7.7,28,17,941,34,10,15,59,7.738636579,95,698,70.6233994,9.359840585,7.064699516,8.420709703,485,18,456,41,503,497
3,1000,70,7.7,28,15,961,22,8,9,39,7.162826846,95,716,70.840485,9.08677955,6.591958926,7.715714673,479,13,482,26,492,508
8,1000,70,7.7,28,15,947,28,10,15,53,7.415786992,100,739,70.82055207,9.348831496,6.835821253,7.97078356,472,17,475,36,489,511
2,1000,70,7.7,28,16,940,30,12,18,60,7.816356351,95,706,70.70931595,9.325954547,6.941546872,8.70527566,484,20,456,40,504,496
6,1000,70,7.7,28,16,956,22,12,10,44,7.464417927,95,703,70.77990582,9.008489541,6.846158514,8.128854393,503,15,453,29,518,482
5,1000,70,7.7,28,15,944,29,11,16,56,7.447502074,97,733,70.96954978,9.279783605,6.797776428,8.121046582,486,23,458,33,509,491
4,1000,70,7.7,28,16,954,27,13,6,46,7.383076314,92,718,70.71804456,9.051404393,6.749055533,8.048278446,498,14,456,32,512,488
7,1000,70,7.7,28,18,942,34,9,15,58,7.747593242,89,742,70.70044559,9.399024471,7.102862255,8.4001077,485,18,457,40,503,497
1,1000,70,7.7,28,14,958,26,5,11,42,7.349134149,91,726,70.87631202,9.244466888,6.924615382,7.770270297,483,15,475,27,498,502
3,1000,70,7.7,28,16,964,20,7,9,36,7.144063196,104,716,70.91598521,9.120785687,6.564918264,7.704967343,481,11,483,25,492,508
8,1000,70,7.7,28,16,947,27,11,15,53,7.438450213,101,700,70.87010406,9.397808667,6.861643099,7.990424144,473,16,474,37,489,511
2,1000,70,7.7,28,17,943,27,12,18,57,7.860137313,111,717,70.7350202,9.342709119,7.019758935,8.714070181,484,20,459,37,504,496
6,1000,70,7.7,28,17,957,22,11,10,43,7.45112931,107,707,70.81810607,9.035391617,6.845324752,8.102180681,503,15,454,28,518,482
4,1000,70,7.7,28,17,955,26,13,6,45,7.374673832,110,711,70.76151345,9.085452284,6.758047306,8.021626252,498,14,457,31,512,488
7,1000,70,7.7,28,19,942,34,9,15,58,7.752806428,100,693,70.73550224,9.433756593,7.143169026,8.369803638,484,19,458,39,503,497
5,1000,70,7.7,28,16,946,28,10,16,54,7.445032823,113,715,71.0105174,9.294897416,6.782866215,8.131474377,486,23,460,31,509,491
8,1000,70,7.7,28,17,947,27,11,15,53,7.482116349,95,706,70.94393243,9.441479362,6.900820916,8.038385364,473,16,474,37,489,511
3,1000,70,7.7,28,17,964,20,7,9,36,7.162898529,101,730,70.98876608,9.151485278,6.564136763,7.742801657,481,11,483,25,492,508
1,1000,70,7.7,28,15,958,26,5,11,42,7.348738604,108,716,70.91426168,9.255452915,6.912486752,7.781514345,483,15,475,27,498,502
2,1000,70,7.7,28,18,943,28,12,17,57,7.850489233,101,728,70.76666082,9.371792039,7.056102548,8.657688606,484,20,459,37,504,496
6,1000,70,7.7,28,18,959,21,10,10,41,7.469182344,94,747,70.86233409,9.075884803,6.845545782,8.139397571,504,14,455,27,518,482
4,1000,70,7.7,28,18,955,27,12,6,45,7.375604978,84,739,70.78904412,9.088734858,6.804839977,7.974440388,498,14,457,31,512,488
5,1000,70,7.7,28,17,946,27,11,16,54,7.447478105,91,707,71.02999561,9.309950775,6.800277813,8.118404681,486,23,460,31,509,491
7,1000,70,7.7,28,20,945,32,9,14,55,7.734976079,86,744,70.78920402,9.468864348,7.180320257,8.296327947,485,18,460,37,503,497
3,1000,70,7.7,28,18,964,20,7,9,36,7.18920289,99,698,71.01343833,9.206520298,6.56251876,7.796148937,481,11,483,25,492,508
8,1000,70,7.7,28,18,946,29,11,14,54,7.462990797,102,722,70.97301898,9.467103992,6.902927099,7.998942163,473,16,473,38,489,511
1,1000,70,7.7,28,16,959,25,5,11,41,7.353616106,122,731,70.9505403,9.279600465,6.911607419,7.792102811,484,14,475,27,498,502
2,1000,70,7.7,28,19,944,27,12,17,56,7.85986486,90,701,70.80065328,9.387099841,7.062177188,8.670418462,484,20,460,36,504,496
6,1000,70,7.7,28,19,959,21,10,10,41,7.524149432,96,710,70.9309331,9.120094585,6.89988786,8.19503635,504,14,455,27,518,482
4,1000,70,7.7,28,19,953,29,12,6,47,7.436674881,111,705,70.83365557,9.097334171,6.850774333,8.05139021,498,14,455,33,512,488
7,1000,70,7.7,28,21,944,33,9,14,56,7.739767825,100,708,70.81679461,9.472981772,7.135593462,8.351236043,485,18,459,38,503,497
5,1000,70,7.7,28,18,947,27,10,16,53,7.442041263,104,740,71.10584788,9.340936734,6.822600617,8.084190527,486,23,461,30,509,491
3,1000,70,7.7,28,19,965,19,7,9,35,7.248789909,107,735,71.0833594,9.271888009,6.650195257,7.828531187,481,11,484,24,492,508
8,1000,70,7.7,28,19,948,28,11,13,52,7.4169733,102,711,71.0142139,9.483325209,6.836293642,7.97265305,475,14,473,38,489,511
1,1000,70,7.7,28,17,959,24,6,11,41,7.389271909,100,712,71.03770471,9.306103333,6.931277098,7.843617358,484,14,475,27,498,502
2,1000,70,7.7,28,20,942,29,12,17,58,7.895936769,114,724,70.88054163,9.425664445,7.079435572,8.72560734,482,22,460,36,504,496
6,1000,70,7.7,28,20,960,20,9,11,40,7.55374813,92,718,70.9747597,9.136471439,6.962553183,8.189098717,504,14,456,26,518,482
4,1000,70,7.7,28,20,954,30,11,5,46,7.413418554,90,730,70.87610553,9.131825347,6.836477571,8.018733683,498,14,456,32,512,488
7,1000,70,7.7,28,22,947,31,8,14,53,7.752240693,109,704,70.86024729,9.500507219,7.116886619,8.395265038,488,15,459,38,503,497
3,1000,70,7.7,28,20,964,21,7,8,36,7.265720598,113,726,71.14534613,9.290104213,6.7061617,7.807655593,480,12,484,24,492,508
5,1000,70,7.7,28,19,945,29,10,16,55,7.446557774,92,702,71.1550747,9.371227602,6.816971727,8.09922437,485,24,460,31,509,491
8,1000,70,7.7,28,20,951,25,11,13,49,7.403887212,114,697,71.06062432,9.512398689,6.835573351,7.947733548,475,14,476,35,489,511
2,1000,70,7.7,28,21,943,29,11,17,57,7.893238542,116,720,70.93083288,9.430178584,7.087748185,8.71172068,482,22,461,35,504,496
6,1000,70,7.7,28,21,958,23,9,10,42,7.566243924,92,684,71.02576744,9.162691743,6.991124725,8.184318085,503,15,455,27,518,482
1,1000,70,7.7,28,18,962,22,5,11,38,7.413120466,95,678,71.06379254,9.338017493,6.916648807,7.905636174,486,12,476,26,498,502
4,1000,70,7.7,28,21,954,29,12,5,46,7.432514327,95,690,70.93803118,9.12852938,6.864150047,8.028830949,498,14,456,32,512,488
7,1000,70,7.7,28,23,946,33,8,13,54,7.746690494,83,722,70.91212581,9.531446974,7.132125212,8.368675076,487,16,459,38,503,497
5,1000,70,7.7,28,20,945,29,10,16,55,7.462995419,87,711,71.17104155,9.384148739,6.851054775,8.097369732,485,24,460,31,509,491
3,1000,70,7.7,28,21,963,20,8,9,37,7.328458831,100,721,71.18930098,9.320852921,6.753345205,7.885458643,480,12,483,25,492,508
8,1000,70,7.7,28,21,951,25,11,13,49,7.442622944,89,686,71.11251137,9.540819405,6.840271599,8.019041356,475,14,476,35,489,511
2,1000,70,7.7,28,22,942,31,11,16,58,7.909554005,107,696,70.97849512,9.465026756,7.134764716,8.696839896,483,21,459,37,504,496
6,1000,70,7.7,28,22,958,23,9,10,42,7.613949115,83,694,71.06491071,9.186973652,7.07720694,8.190779917,503,15,455,27,518,482
7,1000,70,7.7,28,24,947,31,9,13,53,7.751851333,103,711,71.00221106,9.573099092,7.170198422,8.34052621,487,16,460,37,503,497
4,1000,70,7.7,28,22,956,29,11,4,44,7.432583213,102,730,70.97354688,9.167395703,6.885049484,8.007044831,498,14,458,30,512,488
5,1000,70,7.7,28,21,947,28,11,14,53,7.419033904,93,700,71.2048397,9.4009987,6.774808857,8.086876162,486,23,461,30,509,491
1,1000,70,7.7,28,19,961,23,5,11,39,7.454585625,100,726,71.13391373,9.366545272,6.979541857,7.925844183,486,12,475,27,498,502
3,1000,70,7.7,28,22,963,19,9,9,37,7.344164578,94,727,71.22618604,9.364285077,6.751536714,7.918126998,480,12,483,25,492,508
8,1000,70,7.7,28,22,951,25,11,13,49,7.456290383,103,721,71.18143985,9.565640054,6.877383059,8.010274104,475,14,476,35,489,511
2,1000,70,7.7,28,23,942,32,11,15,58,7.964951551,98,703,71.02807523,9.514086633,7.195353591,8.746962382,482,22,460,36,504,496
6,1000,70,7.7,28,23,959,22,9,10,41,7.616402306,96,722,71.07660317,9.18553236,7.108827886,8.161886849,503,15,456,26,518,482
7,1000,70,7.7,28,25,947,31,9,13,53,7.777855896,85,708,71.03112793,9.598723085,7.180017952,8.382911201,487,16,460,37,503,497
4,1000,70,7.7,28,23,956,29,11,4,44,7.441019574,82,724,71.0039256,9.210872716,6.904696135,8.003719577,498,14,458,30,512,488
5,1000,70,7.7,28,22,950,25,10,15,50,7.412970103,107,735,71.27230022,9.43675365,6.76581124,8.083853731,487,22,463,28,509,491
1,1000,70,7.7,28,20,961,23,5,11,39,7.460963278,115,729,71.18993864,9.406846723,6.957352598,7.960561123,486,12,475,27,498,502
3,1000,70,7.7,28,23,965,17,9,9,35,7.36056913,108,724,71.26816901,9.388350291,6.778060188,7.924731334,481,11,484,24,492,508
6,1000,70,7.7,28,24,961,21,8,10,39,7.616901246,114,731,71.11019816,9.26226722,7.104472094,8.167603114,504,14,457,25,518,482
8,1000,70,7.7,28,23,951,24,12,13,49,7.445460099,103,714,71.21877766,9.589732597,6.880924077,7.985691244,475,14,476,35,489,511
2,1000,70,7.7,28,24,945,29,11,15,55,7.959472337,93,713,71.06709131,9.561687451,7.157423315,8.774457633,485,19,460,36,504,496
7,1000,70,7.7,28,26,949,29,9,13,51,7.788793122,108,724,71.05610885,9.622932063,7.194149174,8.390615871,487,16,462,35,503,497
4,1000,70,7.7,28,24,957,28,11,4,43,7.490307195,88,710,71.05826808,9.21903168,6.972457294,8.033625124,498,14,459,29,512,488
5,1000,70,7.7,28,23,952,24,9,15,48,7.405788158,87,697,71.34559904,9.483222349,6.756612218,8.078762809,489,20,463,28,509,491
3,1000,70,7.7,28,24,965,17,9,9,35,7.355576025,90,727,71.27040486,9.406720293,6.793926675,7.899535631,481,11,484,24,492,508
6,1000,70,7.7,28,25,961,21,8,10,39,7.65193313,106,699,71.15081715,9.304934906,7.16135043,8.179156861,504,14,457,25,518,482
2,1000,70,7.7,28,25,944,29,12,15,56,7.993495892,104,719,71.10659586,9.576993225,7.187518324,8.812473098,484,20,460,36,504,496
1,1000,70,7.7,28,21,963,21,5,11,37,7.442906688,101,700,71.22570942,9.442841426,6.990557978,7.891651026,485,13,478,24,498,502
7,1000,70,7.7,28,27,950,30,8,12,50,7.814595832,87,729,71.12067033,9.65164259,7.23749376,8.398664932,487,16,463,34,503,497
8,1000,70,7.7,28,24,951,24,12,13,49,7.485104439,105,710,71.27647272,9.619880695,6.925970868,8.020165724,475,14,476,35,489,511
4,1000,70,7.7,28,25,956,28,12,4,44,7.542127879,91,724,71.08741963,9.252517044,6.998243197,8.112760987,498,14,458,30,512,488
5,1000,70,7.7,28,24,952,24,9,15,48,7.406630355,114,699,71.37971423,9.49515995,6.768467287,8.068188402,489,20,463,28,509,491
3,1000,70,7.7,28,25,965,17,9,9,35,7.350604669,119,714,71.29768949,9.448993129,6.805244361,7.878788274,481,11,484,24,492,508
6,1000,70,7.7,28,26,960,22,8,10,40,7.717728617,90,727,71.20937833,9.325834495,7.219598273,8.253063717,504,14,456,26,518,482
7,1000,70,7.7,28,28,952,28,8,12,48,7.797562741,84,697,71.16919687,9.684733564,7.217819409,8.384304987,488,15,464,33,503,497
2,1000,70,7.7,28,26,943,30,12,15,57,8.054238756,90,723,71.1293149,9.615134421,7.232809199,8.888917177,483,21,460,36,504,496
8,1000,70,7.7,28,25,953,23,12,12,47,7.469369562,105,701,71.32334009,9.64325209,6.931977704,7.983625176,476,13,477,34,489,511
1,1000,70,7.7,28,22,963,21,5,11,37,7.467427673,101,742,71.2670132,9.467908512,7.026900789,7.904444383,485,13,478,24,498,502
4,1000,70,7.7,28,26,957,27,11,5,43,7.562370939,92,712,71.12983015,9.277574392,7.043307736,8.10696184,498,14,459,29,512,488
5,1000,70,7.7,28,25,951,23,10,16,49,7.436704586,91,714,71.4014984,9.508466163,6.806722423,8.089781817,489,20,462,29,509,491
7,1000,70,7.7,28,29,952,29,8,11,48,7.793903278,113,736,71.20977524,9.715656794,7.190702957,8.404385696,487,16,465,32,503,497
3,1000,70,7.7,28,26,965,17,9,9,35,7.398685494,106,740,71.35057049,9.469759713,6.871202714,7.909554643,481,11,484,24,492,508
6,1000,70,7.7,28,27,960,22,7,11,40,7.738411842,98,688,71.2504098,9.341857345,7.227188113,8.287818256,504,14,456,26,518,482
2,1000,70,7.7,28,27,944,27,14,15,56,8.092368577,106,718,71.15108998,9.631926281,7.294247829,8.90336224,482,22,462,34,504,496
8,1000,70,7.7,28,26,953,23,12,12,47,7.518212164,94,716,71.36285171,9.664559982,6.987917561,8.02567608,475,14,478,33,489,511
1,1000,70,7.7,28,23,963,21,6,10,37,7.49816106,99,715,71.31005208,9.50410345,7.047943242,7.944791486,486,12,477,25,498,502
4,1000,70,7.7,28,27,956,27,12,5,44,7.565140688,91,724,71.15468822,9.297895407,7.076119207,8.078212406,497,15,459,29,512,488
5,1000,70,7.7,28,26,953,21,10,16,47,7.463757877,104,735,71.47834352,9.522294748,6.866936222,8.082458941,490,19,463,28,509,491
7,1000,70,7.7,28,30,953,27,9,11,47,7.80771769,103,730,71.23350787,9.749312053,7.22484637,8.397625686,487,16,466,31,503,497
3,1000,70,7.7,28,27,965,17,9,9,35,7.421995164,74,725,71.41058746,9.510324165,6.878203972,7.948659074,481,11,484,24,492,508
6,1000,70,7.7,28,28,960,22,7,11,40,7.764494276,86,723,71.31612241,9.377752767,7.244402072,8.323431542,504,14,456,26,518,482
2,1000,70,7.7,28,28,946,26,13,15,54,8.083238013,110,727,71.17507612,9.641230174,7.296293894,8.882874779,482,22,464,32,504,496
8,1000,70,7.7,28,27,953,23,12,12,47,7.503068119,101,737,71.41064553,9.674670198,6.986129176,7.997751374,475,14,478,33,489,511
1,1000,70,7.7,28,24,964,20,6,10,36,7.516807528,89,723,71.3713176,9.540173534,7.023231365,8.006450813,486,12,478,24,498,502
4,1000,70,7.7,28,28,955,28,12,5,45,7.625110639,85,715,71.20615214,9.316445437,7.143336095,8.130579013,497,15,458,30,512,488
7,1000,70,7.7,28,31,952,27,10,11,48,7.815139294,100,744,71.26977305,9.80245733,7.265481165,8.371433136,486,17,466,31,503,497
5,1000,70,7.7,28,27,953,21,10,16,47,7.509160009,76,714,71.51190623,9.54813584,6.923068434,8.11673763,490,19,463,28,509,491
3,1000,70,7.7,28,28,965,17,9,9,35,7.457382968,98,744,71.47872125,9.551501155,6.916676017,7.981059779,481,11,484,24,492,508
6,1000,70,7.7,28,29,961,22,6,11,39,7.787668116,118,729,71.35386533,9.40120184,7.260645867,8.354053022,504,14,457,25,518,482
2,1000,70,7.7,28,29,947,26,13,14,53,8.076199655,98,704,71.19095672,9.682969169,7.350339541,8.81376719,482,22,465,31,504,496
8,1000,70,7.7,28,28,954,22,12,12,46,7.529393119,91,717,71.45260825,9.70023778,6.987089859,8.048348685,476,13,478,33,489,511
1,1000,70,7.7,28,25,965,19,6,10,35,7.527033305,102,754,71.40640665,9.590320643,7.036207424,8.013948223,486,12,479,23,498,502
4,1000,70,7.7,28,29,956,27,12,5,44,7.63779748,92,720,71.24734791,9.32270933,7.188078064,8.109634244,497,15,459,29,512,488
7,1000,70,7.7,28,32,954,25,10,11,46,7.793958703,95,692,71.28840276,9.842959391,7.261533601,8.332811472,487,16,467,30,503,497
3,1000,70,7.7,28,29,964,18,9,9,36,7.481438394,87,716,71.51966922,9.583625859,6.946287634,7.999734011,480,12,484,24,492,508
5,1000,70,7.7,28,28,953,22,10,15,47,7.493146661,114,714,71.5695698,9.565681009,6.894141154,8.114111636,491,18,462,29,509,491
6,1000,70,7.7,28,30,961,23,6,10,39,7.81848249,87,723,71.39078893,9.440800389,7.269262059,8.408723533,504,14,457,25,518,482
2,1000,70,7.7,28,30,948,24,14,14,52,8.063882669,108,691,71.24020261,9.724045609,7.362375136,8.77670484,482,22,466,30,504,496
8,1000,70,7.7,28,29,954,20,13,13,46,7.550304902,119,701,71.48339404,9.735600996,6.977239452,8.098698259,477,12,477,34,489,511
4,1000,70,7.7,28,30,957,26,12,5,43,7.647110482,82,722,71.31791581,9.344442989,7.188146846,8.128646101,498,14,459,29,512,488
1,1000,70,7.7,28,26,966,18,6,10,34,7.572962975,94,728,71.43302589,9.635814597,7.105197953,8.037000786,486,12,480,22,498,502
7,1000,70,7.7,28,33,954,25,10,11,46,7.808196205,106,721,71.36138571,9.867896787,7.265087425,8.35786163,487,16,467,30,503,497
3,1000,70,7.7,28,30,964,19,8,9,36,7.47901757,86,733,71.56671486,9.606944556,6.954864927,7.986661468,479,13,485,23,492,508
6,1000,70,7.7,28,31,961,23,6,10,39,7.828322619,95,722,71.44460043,9.469160048,7.261175063,8.437829744,504,14,457,25,518,482
5,1000,70,7.7,28,29,954,21,10,15,46,7.499182622,101,715,71.58754134,9.583803735,6.922940324,8.096549892,491,18,463,28,509,491
2,1000,70,7.7,28,31,948,24,14,14,52,8.128409039,107,714,71.28838904,9.746102669,7.423026746,8.845168467,482,22,466,30,504,496
8,1000,70,7.7,28,30,955,20,12,13,45,7.560377339,87,697,71.54093576,9.742808291,7.013592595,8.083621449,477,12,478,33,489,511
4,1000,70,7.7,28,31,955,28,13,4,45,7.689171928,110,684,71.33798657,9.387918754,7.238960486,8.161524916,496,16,459,29,512,488
7,1000,70,7.7,28,34,954,25,10,11,46,7.8231588,82,720,71.40244082,9.910386538,7.286244678,8.366554782,487,16,467,30,503,497
3,1000,70,7.7,28,31,961,22,8,9,39,7.517314942,93,716,71.61852651,9.642474845,7.008329783,8.010269071,478,14,483,25,492,508
6,1000,70,7.7,28,32,961,23,6,10,39,7.848477195,122,716,71.4896546,9.490659758,7.325258017,8.410774984,503,15,458,24,518,482
1,1000,70,7.7,28,27,966,20,4,10,34,7.573046057,93,708,71.46940518,9.670232249,7.055985873,8.085986241,488,10,478,24,498,502
2,1000,70,7.7,28,32,948,24,14,14,52,8.16423313,102,733,71.3563001,9.778781703,7.478479503,8.861047298,482,22,466,30,504,496
5,1000,70,7.7,28,30,954,21,10,15,46,7.52572353,90,748,71.62312826,9.593617325,6.946369934,8.126316158,491,18,463,28,509,491
8,1000,70,7.7,28,31,956,20,10,14,44,7.574600747,108,722,71.57163383,9.786747685,7.034245449,8.091692217,477,12,479,32,489,511
4,1000,70,7.7,28,32,956,26,14,4,44,7.714215342,101,714,71.37555943,9.432461181,7.265362847,8.18514255,496,16,460,28,512,488
7,1000,70,7.7,28,35,954,25,10,11,46,7.821176616,107,705,71.44399323,9.946075011,7.259631346,8.389501104,488,15,466,31,503,497
3,1000,70,7.7,28,32,961,23,7,9,39,7.548543565,106,699,71.66856624,9.668568595,7.029889753,8.050861825,478,14,483,25,492,508
6,1000,70,7.7,28,33,961,21,8,10,39,7.89723938,106,741,71.53632463,9.520725216,7.338172923,8.498061838,503,15,458,24,518,482
2,1000,70,7.7,28,33,949,23,14,14,51,8.181046828,116,731,71.42564715,9.823188512,7.512737281,8.860135563,482,22,467,29,504,496
1,1000,70,7.7,28,28,966,21,4,9,34,7.564641949,101,721,71.49383657,9.690685369,7.055542593,8.069684737,488,10,478,24,498,502
5,1000,70,7.7,28,31,955,20,10,15,45,7.550217495,86,706,71.66536735,9.639294972,6.991848082,8.129056663,491,18,464,27,509,491
8,1000,70,7.7,28,32,956,20,10,14,44,7.60029691,122,723,71.59148289,9.830419307,7.051899822,8.125083948,477,12,479,32,489,511
4,1000,70,7.7,28,33,955,27,14,4,45,7.743861968,96,705,71.40482919,9.451977067,7.305126571,8.204174515,495,17,460,28,512,488
7,1000,70,7.7,28,36,955,25,9,11,45,7.82868571,94,703,71.46981101,9.965006242,7.315287409,8.348281978,489,14,466,31,503,497
3,1000,70,7.7,28,33,960,23,8,9,40,7.575896455,86,712,71.67885294,9.685344027,7.072487911,8.063449612,478,14,482,26,492,508
6,1000,70,7.7,28,34,960,22,8,10,40,7.897543435,104,750,71.58580915,9.523159274,7.312894843,8.525858727,502,16,458,24,518,482
2,1000,70,7.7,28,34,949,23,14,14,51,8.175544813,85,721,71.50989024,9.848161647,7.530564371,8.830928165,482,22,467,29,504,496
1,1000,70,7.7,28,29,968,19,4,9,32,7.571848467,100,719,71.54157106,9.740149512,7.082404774,8.05739221,489,9,479,23,498,502
5,1000,70,7.7,28,32,955,20,10,15,45,7.572378061,94,708,71.71428971,9.680199971,7.019294728,8.145737362,491,18,464,27,509,491
8,1000,70,7.7,28,33,957,20,9,14,43,7.637545679,100,703,71.64933833,9.864939854,7.127735976,8.125406627,477,12,480,31,489,511
7,1000,70,7.7,28,37,954,26,9,11,46,7.853242804,113,735,71.50781904,9.98128956,7.323388734,8.389493502,489,14,465,32,503,497
4,1000,70,7.7,28,34,956,26,14,4,44,7.731099261,113,710,71.45531245,9.453899718,7.276138169,8.208435488,496,16,460,28,512,488
6,1000,70,7.7,28,35,960,21,9,10,40,7.932209955,89,735,71.6343617,9.568141252,7.342327277,8.566150262,502,16,458,24,518,482
3,1000,70,7.7,28,34,960,23,8,9,40,7.613574786,106,719,71.73427461,9.703379286,7.067499495,8.142450854,478,14,482,26,492,508
2,1000,70,7.7,28,35,947,24,15,14,53,8.203714211,87,716,71.54267663,9.876553648,7.571403505,8.846223477,481,23,466,30,504,496
5,1000,70,7.7,28,33,956,20,9,15,44,7.617512929,98,716,71.72585514,9.715347708,7.086009954,8.168500737,491,18,465,26,509,491
1,1000,70,7.7,28,30,967,20,4,9,33,7.590790539,100,717,71.59343585,9.750791219,7.109849931,8.067898951,488,10,479,23,498,502
8,1000,70,7.7,28,34,957,21,9,13,43,7.670192899,104,745,71.72053441,9.907987269,7.151209526,8.166832564,478,11,479,32,489,511
4,1000,70,7.7,28,35,956,26,14,4,44,7.736962603,110,720,71.50980753,9.489366633,7.296602221,8.198980054,496,16,460,28,512,488
7,1000,70,7.7,28,38,954,26,10,10,46,7.84335427,110,713,71.6057147,9.99749026,7.304611283,8.388601196,489,14,465,32,503,497
6,1000,70,7.7,28,36,960,21,9,10,40,7.92376886,108,714,71.69798019,9.588682689,7.354047731,8.536041774,502,16,458,24,518,482
3,1000,70,7.7,28,35,959,24,8,9,41,7.657748718,95,707,71.75953218,9.714674625,7.132588809,8.166368157,477,15,482,26,492,508
2,1000,70,7.7,28,36,946,25,14,15,54,8.23785784,109,729,71.59072724,9.898773831,7.638724324,8.846654799,480,24,466,30,504,496
1,1000,70,7.7,28,31,967,21,4,8,33,7.589538184,117,735,71.65668633,9.762908631,7.088799479,8.086286939,488,10,479,23,498,502
8,1000,70,7.7,28,35,957,21,9,13,43,7.69475592,99,717,71.79795931,9.915683488,7.193573269,8.174361235,478,11,479,32,489,511
5,1000,70,7.7,28,34,958,19,8,15,42,7.614792967,99,710,71.76195017,9.753808492,7.098375287,8.150142456,492,17,466,25,509,491
7,1000,70,7.7,28,39,953,25,12,10,47,7.867501603,110,695,71.6557505,10.04886339,7.351795463,8.389433573,489,14,464,33,503,497
4,1000,70,7.7,28,36,958,24,14,4,42,7.717742519,108,741,71.53512082,9.535861654,7.33088574,8.12362504,496,16,462,26,512,488
3,1000,70,7.7,28,36,959,24,8,9,41,7.654209257,94,737,71.82432878,9.773025945,7.107372115,8.183823181,477,15,482,26,492,508
6,1000,70,7.7,28,37,958,24,9,9,42,7.965155237,98,700,71.74424096,9.62198266,7.416410499,8.55488506,501,17,457,25,518,482
2,1000,70,7.7,28,37,946,24,15,15,54,8.257361106,99,727,71.6064298,9.924859835,7.662696487,8.86161709,480,24,466,30,504,496
5,1000,70,7.7,28,35,960,18,7,15,40,7.614845946,111,723,71.81535515,9.789761664,7.099943722,8.148624424,494,15,466,25,509,491
8,1000,70,7.7,28,36,959,20,8,13,41,7.661392049,126,716,71.8302301,9.941470842,7.191035815,8.111498112,478,11,481,30,489,511
7,1000,70,7.7,28,40,952,26,12,10,48,7.892178855,108,721,71.71694064,10.05565921,7.417699245,8.372386589,488,15,464,33,503,497
1,1000,70,7.7,28,32,967,21,4,8,33,7.595984085,91,717,71.70562129,9.775259154,7.120361959,8.067816394,488,10,479,23,498,502
4,1000,70,7.7,28,37,959,23,14,4,41,7.737012187,112,715,71.55762082,9.551745871,7.360820463,8.131705143,496,16,463,25,512,488
3,1000,70,7.7,28,37,959,24,8,9,41,7.650991104,104,731,71.8760675,9.820216197,7.113997494,8.17107153,477,15,482,26,492,508
6,1000,70,7.7,28,38,959,23,10,8,41,7.959511587,86,752,71.75150283,9.638716832,7.423658964,8.535386397,501,17,458,24,518,482
2,1000,70,7.7,28,38,947,24,14,15,53,8.239181595,121,750,71.65919886,9.950374231,7.621261743,8.867067896,482,22,465,31,504,496
5,1000,70,7.7,28,36,960,16,8,16,40,7.660020908,102,702,71.8620564,9.808302291,7.147471075,8.191360756,494,15,466,25,509,491
7,1000,70,7.7,28,41,954,26,10,10,46,7.887526752,88,711,71.78808211,10.08258889,7.417403888,8.363325143,488,15,466,31,503,497
8,1000,70,7.7,28,37,959,20,8,13,41,7.675250083,98,722,71.876527,9.955943241,7.216643503,8.114112349,478,11,481,30,489,511
3,1000,70,7.7,28,38,960,23,8,9,40,7.655910397,95,741,71.9101815,9.844172929,7.108790263,8.1857984,478,14,482,26,492,508
4,1000,70,7.7,28,38,958,23,15,4,42,7.754140031,109,743,71.60560983,9.565829451,7.377854058,8.148931871,496,16,462,26,512,488
6,1000,70,7.7,28,39,958,23,11,8,42,7.98154422,96,727,71.79427749,9.666693719,7.456652767,8.545639184,501,17,457,25,518,482
1,1000,70,7.7,28,33,966,22,4,8,34,7.611112675,119,725,71.74686587,9.822492956,7.142175881,8.076312921,488,10,478,24,498,502
2,1000,70,7.7,28,39,948,23,14,15,52,8.229925733,100,707,71.69624577,9.988257095,7.66052221,8.808513185,482,22,466,30,504,496
7,1000,70,7.7,28,42,954,26,10,10,46,7.926650635,102,718,71.83155561,10.09849855,7.440540685,8.418629116,488,15,466,31,503,497
5,1000,70,7.7,28,37,961,16,8,15,39,7.676884499,101,729,71.91902744,9.820912329,7.196685822,8.1746872,494,15,467,24,509,491
8,1000,70,7.7,28,38,957,23,8,12,43,7.704530944,85,708,71.92474532,9.965820974,7.239735125,8.149315984,476,13,481,30,489,511
3,1000,70,7.7,28,39,962,20,9,9,38,7.693827241,103,723,71.94773159,9.861036943,7.135471622,8.234596856,479,13,483,25,492,508
6,1000,70,7.7,28,40,959,23,11,7,41,8.012032654,91,731,71.84526906,9.700926212,7.490825302,8.572168356,500,18,459,23,518,482
4,1000,70,7.7,28,39,960,22,14,4,40,7.751530087,109,686,71.67196764,9.578946049,7.383133174,8.138044882,496,16,464,24,512,488
1,1000,70,7.7,28,34,967,22,4,7,33,7.572666237,116,723,71.78065766,9.843791704,7.119211116,8.02250817,489,9,478,24,498,502
2,1000,70,7.7,28,40,948,23,14,15,52,8.221295861,112,717,71.7551309,10.01601771,7.667764533,8.783755115,482,22,466,30,504,496
7,1000,70,7.7,28,43,954,26,10,10,46,7.960121986,117,710,71.85795632,10.11346745,7.477669082,8.44839927,488,15,466,31,503,497
5,1000,70,7.7,28,38,961,16,8,15,39,7.70318935,97,724,71.96591,9.848994501,7.25131927,8.171624932,494,15,467,24,509,491
8,1000,70,7.7,28,39,957,24,8,11,43,7.707644105,97,728,71.99383122,10.01788864,7.223994207,8.170471502,476,13,481,30,489,511
3,1000,70,7.7,28,40,964,20,7,9,36,7.673779444,90,728,72.01976961,9.854560591,7.15107229,8.18002338,479,13,485,23,492,508
6,1000,70,7.7,28,41,959,23,11,7,41,8.054481347,104,739,71.88139375,9.745174659,7.523011327,8.625646223,500,18,459,23,518,482
4,1000,70,7.7,28,40,960,22,14,4,40,7.76218085,103,690,71.70009684,9.614574215,7.387738217,8.155038693,496,16,464,24,512,488
2,1000,70,7.7,28,41,950,22,12,16,50,8.211455857,106,742,71.74681837,10.04185007,7.675428281,8.756129039,482,22,468,28,504,496
1,1000,70,7.7,28,35,970,20,4,6,30,7.523889045,110,751,71.83803427,9.873212208,7.161623236,7.883268275,489,9,481,21,498,502
7,1000,70,7.7,28,44,953,26,11,10,47,7.99556522,94,718,71.88957021,10.15271581,7.506033409,8.491006872,487,16,466,31,503,497
8,1000,70,7.7,28,40,956,25,8,11,44,7.747878069,102,727,72.06314266,10.06099028,7.272760818,8.202540174,476,13,480,31,489,511
5,1000,70,7.7,28,39,960,16,9,15,40,7.727173909,101,730,72.03211683,9.870851196,7.282547224,8.188100554,494,15,466,25,509,491
3,1000,70,7.7,28,41,965,18,8,9,35,7.672758635,90,732,72.06343422,9.887333096,7.116701773,8.211301894,480,12,485,23,492,508
4,1000,70,7.7,28,41,961,21,14,4,39,7.750111541,93,734,71.72399935,9.624125363,7.398577993,8.118933625,497,15,464,24,512,488
6,1000,70,7.7,28,42,959,23,11,7,41,8.062894713,102,748,71.95862632,9.786654928,7.541693544,8.623023769,500,18,459,23,518,482
2,1000,70,7.7,28,42,950,22,12,16,50,8.18878135,120,711,71.79752346,10.10379439,7.682974353,8.702746525,482,22,468,28,504,496
1,1000,70,7.7,28,36,971,19,4,6,29,7.57735445,105,718,71.85814697,9.929801864,7.2379354,7.914068967,489,9,482,20,498,502
7,1000,70,7.7,28,45,953,26,11,10,47,8.006681086,109,714,71.94027312,10.17390826,7.494919044,8.524621342,487,16,466,31,503,497
8,1000,70,7.7,28,41,958,23,8,11,42,7.739853773,106,696,72.08826862,10.09187878,7.290181421,8.170166455,476,13,482,29,489,511
3,1000,70,7.7,28,42,963,20,8,9,37,7.700773605,113,731,72.11807415,9.901067304,7.12468804,8.258714742,480,12,483,25,492,508
5,1000,70,7.7,28,40,959,17,9,15,41,7.75500218,76,730,72.06635769,9.906892175,7.315379112,8.210741776,493,16,466,25,509,491
4,1000,70,7.7,28,42,960,21,14,5,40,7.781772575,87,728,71.77695686,9.648521126,7.426667755,8.154341567,496,16,464,24,512,488
6,1000,70,7.7,28,43,960,23,10,7,40,8.080714117,94,716,71.99131292,9.817348497,7.552866432,8.647986109,500,18,460,22,518,482
2,1000,70,7.7,28,43,949,24,12,15,51,8.186169134,108,713,71.83349807,10.13004848,7.678066021,8.702467458,481,23,468,28,504,496
7,1000,70,7.7,28,46,953,26,10,11,47,8.021316277,108,742,71.97700898,10.20827282,7.478259621,8.570928949,487,16,466,31,503,497
1,1000,70,7.7,28,37,971,18,5,6,29,7.583179521,116,724,71.87161518,9.947921007,7.259302871,7.90447548,488,10,483,19,498,502
3,1000,70,7.7,28,43,963,20,8,9,37,7.722545234,106,737,72.17532226,9.922865429,7.172282117,8.255477229,480,12,483,25,492,508
8,1000,70,7.7,28,42,958,23,8,11,42,7.735772317,119,726,72.15096833,10.12826967,7.278368921,8.173483199,476,13,482,29,489,511
4,1000,70,7.7,28,43,959,22,14,5,41,7.82669834,91,772,71.79566291,9.681477105,7.47647123,8.194149734,495,17,464,24,512,488
5,1000,70,7.7,28,41,959,18,9,14,41,7.760126852,88,703,72.11985283,9.931408227,7.322183055,8.214125616,493,16,466,25,509,491
6,1000,70,7.7,28,44,961,23,10,6,39,8.131133411,101,705,72.02723704,9.851074859,7.635185364,8.664123221,500,18,461,21,518,482
2,1000,70,7.7,28,44,948,25,11,16,52,8.233793215,102,719,71.86422549,10.16556218,7.723220678,8.752600793,481,23,467,29,504,496
7,1000,70,7.7,28,47,954,26,9,11,46,8.027768829,102,716,72.03125324,10.26075097,7.486134119,8.575942388,488,15,466,31,503,497
1,1000,70,7.7,28,38,971,18,5,6,29,7.61845063,78,707,71.90987104,9.963002683,7.310760663,7.923688884,488,10,483,19,498,502
8,1000,70,7.7,28,43,958,23,8,11,42,7.775301564,103,732,72.17549137,10.13930609,7.308933058,8.221591582,476,13,482,29,489,511
3,1000,70,7.7,28,44,962,21,8,9,38,7.741411229,93,721,72.21766963,9.943318051,7.1832853,8.281958389,480,12,482,26,492,508
4,1000,70,7.7,28,44,960,21,14,5,40,7.847032917,100,695,71.80518662,9.700813948,7.519705935,8.190457947,495,17,465,23,512,488
5,1000,70,7.7,28,42,960,18,8,14,40,7.760625524,99,736,72.1642392,9.976016033,7.359304497,8.176658932,493,16,467,24,509,491
6,1000,70,7.7,28,45,961,23,10,6,39,8.157861707,98,731,72.05046489,9.880252538,7.649000339,8.704729319,500,18,461,21,518,482
2,1000,70,7.7,28,45,949,24,11,16,51,8.249911166,91,718,71.8926671,10.19768807,7.748519824,8.759389465,481,23,468,28,504,496
7,1000,70,7.7,28,48,955,25,9,11,45,8.048964998,109,723,72.07339578,10.26588427,7.509211034,8.595235106,488,15,467,30,503,497
3,1000,70,7.7,28,45,963,20,8,9,37,7.733497294,98,711,72.27039278,9.960927902,7.204379848,8.245949623,480,12,483,25,492,508
8,1000,70,7.7,28,44,963,20,6,11,37,7.718768456,113,716,72.24475954,10.15702045,7.280851792,8.137831564,477,12,486,25,489,511
4,1000,70,7.7,28,45,962,20,13,5,38,7.850393482,99,729,71.82544208,9.743136595,7.541529884,8.174447093,495,17,467,21,512,488
1,1000,70,7.7,28,39,970,19,5,6,30,7.622776922,80,719,71.95719833,9.983916829,7.325655364,7.917530977,488,10,482,20,498,502
6,1000,70,7.7,28,46,962,22,9,7,38,8.185102225,103,708,72.07160313,9.922444096,7.723613089,8.681059429,500,18,462,20,518,482
5,1000,70,7.7,28,43,959,17,10,14,41,7.800144083,94,738,72.20831218,9.988595562,7.391399127,8.223873578,493,16,466,25,509,491
2,1000,70,7.7,28,46,950,22,12,16,50,8.293651636,114,731,71.93417055,10.22489809,7.783720501,8.811807466,482,22,468,28,504,496
7,1000,70,7.7,28,49,954,27,7,12,46,8.065233094,102,724,72.10915544,10.2878585,7.539016464,8.59780244,488,15,466,31,503,497
3,1000,70,7.7,28,46,963,21,8,8,37,7.737053141,118,722,72.31217395,9.994764638,7.205231828,8.252124177,480,12,483,25,492,508
8,1000,70,7.7,28,45,963,20,6,11,37,7.75267792,110,711,72.25747008,10.18072208,7.32406303,8.162839722,477,12,486,25,489,511
4,1000,70,7.7,28,46,962,20,13,5,38,7.878546835,98,711,71.88190024,9.769181754,7.563604448,8.208978193,495,17,467,21,512,488
6,1000,70,7.7,28,47,962,22,10,6,38,8.189192383,105,733,72.13306258,9.962938458,7.754059963,8.656824319,499,19,463,19,518,482
5,1000,70,7.7,28,44,960,18,8,14,40,7.807006733,108,742,72.24074636,10.01266992,7.42502273,8.202994223,494,15,466,25,509,491
1,1000,70,7.7,28,40,970,19,5,6,30,7.633678241,108,730,71.97519853,10.00518523,7.348170626,7.916910896,488,10,482,20,498,502
2,1000,70,7.7,28,47,950,24,11,15,50,8.285554586,105,712,72.0092546,10.26310097,7.770838166,8.808572883,481,23,469,27,504,496
7,1000,70,7.7,28,50,954,27,7,12,46,8.098206658,110,738,72.18040628,10.30233893,7.588480199,8.614086757,488,15,466,31,503,497
3,1000,70,7.7,28,47,962,22,8,8,38,7.763821349,87,721,72.37779949,9.997727892,7.216631367,8.293777001,480,12,482,26,492,508
8,1000,70,7.7,28,46,964,20,6,10,36,7.758976119,106,715,72.29464522,10.24034077,7.39860256,8.103834575,477,12,487,24,489,511
4,1000,70,7.7,28,47,960,22,13,5,40,7.918785204,88,723,71.92520262,9.790473661,7.601517638,8.251656092,495,17,465,23,512,488
6,1000,70,7.7,28,48,963,21,10,6,37,8.194936864,113,715,72.16045269,9.97273657,7.771402967,8.650103998,499,19,464,18,518,482
5,1000,70,7.7,28,45,960,19,8,13,40,7.828043129,104,743,72.28599981,10.02688961,7.429245923,8.241460191,494,15,466,25,509,491
1,1000,70,7.7,28,41,969,20,5,6,31,7.648614635,100,725,71.99185758,10.02819926,7.332307649,7.962401247,488,10,481,21,498,502
2,1000,70,7.7,28,48,950,23,12,15,50,8.312147047,106,750,72.03784263,10.30212126,7.813033761,8.819310548,481,23,469,27,504,496
7,1000,70,7.7,28,51,954,28,7,11,46,8.067807991,110,715,72.23291421,10.3287062,7.592516613,8.548837292,488,15,466,31,503,497
3,1000,70,7.7,28,48,962,22,8,8,38,7.79605788,90,712,72.41212504,10.0128609,7.265156253,8.310238195,480,12,482,26,492,508
8,1000,70,7.7,28,47,963,21,4,12,37,7.754229602,126,723,72.3163971,10.2798772,7.374889872,8.11723768,476,13,487,24,489,511
4,1000,70,7.7,28,48,961,22,12,5,39,7.922189338,112,738,71.96489072,9.815634755,7.632337348,8.226296345,495,17,466,22,512,488
6,1000,70,7.7,28,49,962,22,10,6,38,8.229302418,93,726,72.20549459,10.01191465,7.796627827,8.694292955,498,20,464,18,518,482
5,1000,70,7.7,28,46,959,20,9,12,41,7.823170729,120,748,72.33472688,10.05402491,7.461583536,8.198013664,493,16,466,25,509,491
2,1000,70,7.7,28,49,949,24,11,16,51,8.350338165,104,714,72.0806471,10.33344364,7.840446688,8.868453698,480,24,469,27,504,496
1,1000,70,7.7,28,42,968,21,5,6,32,7.689217122,114,731,72.03630071,10.08653688,7.343187413,8.032489621,488,10,480,22,498,502
7,1000,70,7.7,28,52,952,29,8,11,48,8.079860826,128,729,72.29803463,10.36442152,7.612395479,8.552969617,486,17,466,31,503,497
3,1000,70,7.7,28,49,962,21,9,8,38,7.803232746,102,704,72.48565544,10.07322007,7.268561406,8.321064044,480,12,482,26,492,508
8,1000,70,7.7,28,48,963,21,4,12,37,7.77037772,116,706,72.32802851,10.3149342,7.390710215,8.133699461,476,13,487,24,489,511
4,1000,70,7.7,28,49,962,22,11,5,38,7.95746995,98,712,71.97457152,9.852119575,7.706146993,8.221153052,495,17,467,21,512,488
6,1000,70,7.7,28,50,965,21,9,5,35,8.226518308,118,736,72.26143563,10.02811438,7.827487369,8.655352387,499,19,466,16,518,482
5,1000,70,7.7,28,47,959,20,9,12,41,7.818658565,116,732,72.3796364,10.0756696,7.473475083,8.17649643,493,16,466,25,509,491
2,1000,70,7.7,28,50,951,24,10,15,49,8.320542627,96,733,72.10712192,10.34495857,7.830179946,8.818814383,481,23,470,26,504,496
7,1000,70,7.7,28,53,951,30,8,11,49,8.096308184,105,733,72.36351153,10.38083485,7.67137465,8.5263717,484,19,467,30,503,497
1,1000,70,7.7,28,43,967,22,5,6,33,7.73794867,103,729,72.07318045,10.10720066,7.36979284,8.103170987,488,10,479,23,498,502
3,1000,70,7.7,28,50,961,22,9,8,39,7.887998594,119,735,72.52109888,10.10714409,7.359128251,8.400211603,479,13,482,26,492,508
8,1000,70,7.7,28,49,963,21,4,12,37,7.789632998,117,746,72.35872872,10.33883593,7.429615896,8.134150343,476,13,487,24,489,511
4,1000,70,7.7,28,50,962,23,11,4,38,7.961151643,108,716,72.02615847,9.872503303,7.685238624,8.250634155,496,16,466,22,512,488
6,1000,70,7.7,28,51,966,20,9,5,34,8.243646212,95,721,72.30539289,10.05460659,7.835696289,8.682065425,500,18,466,16,518,482
5,1000,70,7.7,28,48,959,20,9,12,41,7.857408863,114,726,72.42387716,10.1077675,7.527280814,8.199639366,493,16,466,25,509,491
2,1000,70,7.7,28,51,951,25,10,14,49,8.361347442,113,728,72.12650128,10.36052937,7.889925732,8.840372727,481,23,470,26,504,496
7,1000,70,7.7,28,54,951,30,8,11,49,8.082535999,112,735,72.38974938,10.423536,7.657169286,8.513037924,484,19,467,30,503,497
3,1000,70,7.7,28,51,962,21,9,8,38,7.890139932,110,730,72.57320336,10.11594485,7.367267897,8.396543556,479,13,483,25,492,508
1,1000,70,7.7,28,44,966,22,6,6,34,7.750453451,108,713,72.1430833,10.1148184,7.379440884,8.118509742,487,11,479,23,498,502
4,1000,70,7.7,28,51,961,24,11,4,39,7.970240745,94,737,72.08072965,9.902311687,7.728488435,8.223882512,495,17,466,22,512,488
8,1000,70,7.7,28,50,965,21,3,11,35,7.783164592,124,762,72.3718321,10.37694706,7.456666069,8.095606428,476,13,489,22,489,511
6,1000,70,7.7,28,52,967,20,8,5,33,8.23742036,85,751,72.34854088,10.07844508,7.859342071,8.64373686,500,18,467,15,518,482
2,1000,70,7.7,28,52,949,27,10,14,51,8.40319754,111,760,72.17813384,10.39808968,7.952932721,8.860724695,479,25,470,26,504,496
5,1000,70,7.7,28,49,959,19,10,12,41,7.90021252,99,729,72.44667045,10.12645532,7.589133438,8.222695723,493,16,466,25,509,491
7,1000,70,7.7,28,55,951,30,9,10,49,8.047166158,114,716,72.44069662,10.44727114,7.638243986,8.461025016,484,19,467,30,503,497
3,1000,70,7.7,28,52,960,23,9,8,40,7.908010984,108,740,72.61724615,10.13929657,7.387223974,8.412395254,477,15,483,25,492,508
1,1000,70,7.7,28,45,964,24,6,6,36,7.777705615,118,734,72.18632483,10.14794933,7.420631703,8.131934317,486,12,478,24,498,502
4,1000,70,7.7,28,52,960,25,11,4,40,8.003542482,102,738,72.14232074,9.918587652,7.779844547,8.238241956,495,17,465,23,512,488
8,1000,70,7.7,28,51,965,21,3,11,35,7.800390196,122,733,72.43591637,10.41176724,7.495029599,8.092604153,476,13,489,22,489,511
6,1000,70,7.7,28,53,967,20,8,5,33,8.2428547,111,723,72.39719835,10.08580644,7.854644704,8.660059634,501,17,466,16,518,482
7,1000,70,7.7,28,56,951,30,9,10,49,8.080357372,118,710,72.52086767,10.47295508,7.682398149,8.483120931,484,19,467,30,503,497
2,1000,70,7.7,28,53,948,28,10,14,52,8.438995651,101,730,72.23796158,10.42143033,7.968202935,8.917381798,479,25,469,27,504,496
5,1000,70,7.7,28,50,956,22,10,12,44,7.914533839,92,723,72.52756794,10.16519606,7.597943676,8.242730158,491,18,465,26,509,491
3,1000,70,7.7,28,53,960,22,10,8,40,7.971353401,91,728,72.66530928,10.20041322,7.451443063,8.474888611,476,16,484,24,492,508
4,1000,70,7.7,28,53,960,25,11,4,40,8.049188169,99,723,72.19594845,9.958026328,7.810580157,8.299531002,495,17,465,23,512,488
8,1000,70,7.7,28,52,965,21,3,11,35,7.808334112,112,737,72.49401426,10.43023981,7.519734213,8.084508966,476,13,489,22,489,511
1,1000,70,7.7,28,46,963,25,6,6,37,7.794547242,128,707,72.24110768,10.18056222,7.438942741,8.147318242,485,13,478,24,498,502
6,1000,70,7.7,28,54,966,21,8,5,34,8.28827238,103,730,72.44620155,10.09272307,7.917924324,8.686281286,500,18,466,16,518,482
7,1000,70,7.7,28,57,952,29,8,11,48,8.109351261,117,733,72.56984171,10.52053006,7.724103888,8.499249507,485,18,467,30,503,497
2,1000,70,7.7,28,54,948,28,10,14,52,8.421467623,99,735,72.27923901,10.44643884,7.977765422,8.87232631,479,25,469,27,504,496
5,1000,70,7.7,28,51,956,22,10,12,44,7.934700994,97,727,72.56860472,10.18756822,7.64927272,8.230593033,490,19,466,25,509,491
3,1000,70,7.7,28,54,959,23,10,8,41,7.984723701,104,746,72.70505147,10.2275954,7.461468698,8.491498231,475,17,484,24,492,508
4,1000,70,7.7,28,54,960,25,11,4,40,8.069954213,108,745,72.22424895,9.953556,7.827285539,8.324557413,495,17,465,23,512,488
8,1000,70,7.7,28,53,965,21,4,10,35,7.792861901,105,717,72.57876035,10.47804388,7.513351081,8.060338987,476,13,489,22,489,511
1,1000,70,7.7,28,47,963,25,6,6,37,7.800795581,111,737,72.26030958,10.21111333,7.441182398,8.157543319,485,13,478,24,498,502
6,1000,70,7.7,28,55,966,22,7,5,34,8.314716319,100,719,72.51337539,10.12428595,7.951933641,8.704594798,500,18,466,16,518,482
7,1000,70,7.7,28,58,952,29,8,11,48,8.136557816,123,735,72.61944058,10.55699395,7.734391332,8.543579429,485,18,467,30,503,497
2,1000,70,7.7,28,55,948,29,10,13,52,8.435410334,120,727,72.32458615,10.46997283,7.997493528,8.880390314,479,25,469,27,504,496
5,1000,70,7.7,28,52,956,21,11,12,44,7.94035348,93,698,72.63202245,10.22905081,7.663970664,8.226868456,490,19,466,25,509,491
3,1000,70,7.7,28,55,958,24,10,8,42,7.988988365,118,719,72.74845717,10.23872158,7.483341058,8.478709772,474,18,484,24,492,508
4,1000,70,7.7,28,55,960,25,11,4,40,8.054707118,93,721,72.27579871,9.996968918,7.83145358,8.288940338,495,17,465,23,512,488
8,1000,70,7.7,28,54,965,21,4,10,35,7.778972691,110,736,72.64749374,10.49186096,7.51619571,8.030436378,476,13,489,22,489,511
6,1000,70,7.7,28,56,966,22,7,5,34,8.292075197,101,725,72.58120958,10.14097858,7.935750596,8.675013254,500,18,466,16,518,482
7,1000,70,7.7,28,59,955,27,8,10,45,8.119230048,116,737,72.65800199,10.58209319,7.700113995,8.543405852,487,16,468,29,503,497
1,1000,70,7.7,28,48,963,25,6,6,37,7.83553827,125,722,72.32318923,10.25646872,7.496322651,8.172050976,485,13,478,24,498,502
5,1000,70,7.7,28,53,959,19,10,12,41,7.94321899,118,712,72.67840393,10.25307626,7.688103033,8.207687467,490,19,469,22,509,491
2,1000,70,7.7,28,56,948,28,10,14,52,8.446348157,95,730,72.32137703,10.50255679,7.971453608,8.928902295,479,25,469,27,504,496
3,1000,70,7.7,28,56,958,25,10,7,42,8.026548046,90,716,72.78334381,10.26352135,7.543833534,8.494058951,473,19,485,23,492,508
4,1000,70,7.7,28,56,960,25,11,4,40,8.097142933,105,724,72.2825127,10.04051275,7.877418845,8.327673125,495,17,465,23,512,488
8,1000,70,7.7,28,55,965,21,4,10,35,7.791950479,121,737,72.68765826,10.50622944,7.52539813,8.047026993,476,13,489,22,489,511
6,1000,70,7.7,28,57,964,24,7,5,36,8.307316017,109,722,72.60782759,10.18129368,7.973545244,8.666015727,500,18,464,18,518,482
7,1000,70,7.7,28,60,954,28,8,10,46,8.139025332,111,706,72.69453679,10.5871416,7.741423445,8.541427242,487,16,467,30,503,497
5,1000,70,7.7,28,54,957,21,10,12,43,8.00159175,94,713,72.70459374,10.28163143,7.714665943,8.299036221,489,20,468,23,509,491
2,1000,70,7.7,28,57,949,27,11,13,51,8.467627837,113,711,72.35466501,10.52187761,8.036506191,8.905703059,480,24,469,27,504,496
1,1000,70,7.7,28,49,962,26,6,6,38,7.866522383,113,752,72.34892404,10.26908519,7.551264785,8.179267968,484,14,478,24,498,502
3,1000,70,7.7,28,57,959,24,10,7,41,8.042559158,117,736,72.81743602,10.28011835,7.584078206,8.486599766,473,19,486,22,492,508
4,1000,70,7.7,28,57,961,24,11,4,39,8.095508917,115,730,72.31844866,10.04693915,7.884424178,8.316974873,496,16,465,23,512,488
8,1000,70,7.7,28,56,965,21,4,10,35,7.75322044,103,753,72.71652308,10.52702864,7.454931087,8.038667589,476,13,489,22,489,511
7,1000,70,7.7,28,61,955,27,9,9,45,8.15065874,107,745,72.73432136,10.61123384,7.763337608,8.54265578,487,16,468,29,503,497
6,1000,70,7.7,28,58,965,24,6,5,35,8.326567001,90,722,72.66076697,10.22354223,8.00844542,8.6684487,500,18,465,17,518,482
3,1000,70,7.7,28,58,959,24,10,7,41,8.086422959,110,742,72.88261909,10.31105212,7.637757421,8.520957299,473,19,486,22,492,508
5,1000,70,7.7,28,55,956,21,11,12,44,8.025385573,94,729,72.76627712,10.31719663,7.746669444,8.314319401,489,20,467,24,509,491
2,1000,70,7.7,28,58,949,27,11,13,51,8.447452737,133,705,72.42211551,10.56797262,8.015285736,8.886590174,480,24,469,27,504,496
1,1000,70,7.7,28,50,962,26,5,7,38,7.898135422,125,721,72.41092742,10.28894766,7.594394651,8.199455948,484,14,478,24,498,502
4,1000,70,7.7,28,58,960,24,11,5,40,8.112602305,103,736,72.3388693,10.07764808,7.910501097,8.324642918,495,17,465,23,512,488
8,1000,70,7.7,28,57,966,20,4,10,34,7.75552567,98,758,72.77365183,10.54139956,7.455327937,8.042799039,477,12,489,22,489,511
7,1000,70,7.7,28,62,955,27,9,9,45,8.197510047,103,721,72.80837927,10.64656339,7.824731855,8.57478858,487,16,468,29,503,497
6,1000,70,7.7,28,59,965,24,6,5,35,8.341668883,100,712,72.73914909,10.2547358,7.998724709,8.710227144,500,18,465,17,518,482
3,1000,70,7.7,28,59,958,24,11,7,42,8.099453794,116,719,72.89737894,10.32572064,7.670243859,8.515145305,473,19,485,23,492,508
5,1000,70,7.7,28,56,955,23,11,11,45,8.018181276,105,731,72.81936161,10.33969727,7.79409285,8.250484757,488,21,467,24,509,491
2,1000,70,7.7,28,59,949,27,11,13,51,8.461735949,105,725,72.48349271,10.59504167,8.053221223,8.876839622,481,23,468,28,504,496
4,1000,70,7.7,28,59,960,24,11,5,40,8.110171141,103,731,72.38949057,10.0964166,7.902154875,8.328417716,495,17,465,23,512,488
1,1000,70,7.7,28,51,962,25,7,6,38,7.885656717,106,737,72.45038724,10.31703298,7.603574155,8.16549161,484,14,478,24,498,502
8,1000,70,7.7,28,58,965,21,4,10,35,7.779851212,105,710,72.79904991,10.57476317,7.493497216,8.053876856,477,12,488,23,489,511
6,1000,70,7.7,28,60,964,25,6,5,36,8.366990748,108,727,72.76104919,10.31118945,8.025963565,8.733488841,500,18,464,18,518,482
7,1000,70,7.7,28,63,953,29,9,9,47,8.216053374,109,731,72.85520197,10.67234276,7.833330462,8.603396683,487,16,466,31,503,497
3,1000,70,7.7,28,60,958,24,11,7,42,8.092186228,124,721,72.92604069,10.33892923,7.674334989,8.496876798,473,19,485,23,492,508
2,1000,70,7.7,28,60,948,28,11,13,52,8.510335234,111,743,72.48779869,10.61103363,8.085538771,8.941983254,481,23,467,29,504,496
5,1000,70,7.7,28,57,955,23,11,11,45,8.023734662,113,712,72.87969284,10.38085005,7.787399701,8.268733633,488,21,467,24,509,491
4,1000,70,7.7,28,60,959,24,12,5,41,8.149693516,111,726,72.41223606,10.1326441,7.958518395,8.350270693,494,18,465,23,512,488
1,1000,70,7.7,28,52,961,27,6,6,39,7.87733377,101,725,72.48351854,10.34074912,7.617003742,8.135589455,484,14,477,25,498,502
8,1000,70,7.7,28,59,965,21,4,10,35,7.800922388,124,731,72.90533027,10.60290632,7.510104826,8.079219429,478,11,487,24,489,511
6,1000,70,7.7,28,61,964,25,6,5,36,8.399669541,99,759,72.81653557,10.32975542,8.051294475,8.774064322,499,19,465,17,518,482
7,1000,70,7.7,28,64,951,31,10,8,49,8.253756777,125,742,72.89673597,10.70095834,7.876344691,8.635725145,487,16,464,33,503,497
3,1000,70,7.7,28,61,958,23,12,7,42,8.117121458,115,729,72.97782175,10.36201918,7.706406326,8.514900679,473,19,485,23,492,508
5,1000,70,7.7,28,58,954,23,13,10,46,8.059121826,114,711,72.96446112,10.42746904,7.841805008,8.284405451,488,21,466,25,509,491
2,1000,70,7.7,28,61,945,31,11,13,55,8.535109424,105,716,72.52633935,10.6396865,8.082989675,8.994521426,479,25,466,30,504,496
4,1000,70,7.7,28,61,959,24,12,5,41,8.167317012,110,745,72.46643275,10.16882614,7.987572074,8.355901864,494,18,465,23,512,488
6,1000,70,7.7,28,62,964,25,6,5,36,8.397167194,111,738,72.87023718,10.35416987,8.050834076,8.769367516,499,19,465,17,518,482
8,1000,70,7.7,28,60,966,21,4,9,34,7.810668859,112,745,72.95350318,10.61601578,7.501521726,8.10650633,479,10,487,24,489,511
1,1000,70,7.7,28,53,961,28,6,5,39,7.895011722,111,726,72.53256285,10.35633355,7.663462016,8.124716411,484,14,477,25,498,502
7,1000,70,7.7,28,65,950,32,10,8,50,8.261571196,112,743,72.94971453,10.7161801,7.876111643,8.651684184,487,16,463,34,503,497
3,1000,70,7.7,28,62,957,23,13,7,43,8.153617951,97,755,73.05592031,10.39993925,7.72929199,8.564579314,472,20,485,23,492,508
2,1000,70,7.7,28,62,946,30,11,13,54,8.554572126,106,727,72.57007946,10.66419702,8.085144107,9.031571566,480,24,466,30,504,496
4,1000,70,7.7,28,62,957,26,12,5,43,8.221535345,111,733,72.51639881,10.17374142,8.068899971,8.381677377,494,18,463,25,512,488
5,1000,70,7.7,28,59,953,23,14,10,47,8.097630016,107,735,72.9976998,10.46991876,7.918835149,8.282979481,488,21,465,26,509,491
6,1000,70,7.7,28,63,964,25,6,5,36,8.406125848,128,728,72.88406561,10.3789767,8.073671914,8.763410366,499,19,465,17,518,482
7,1000,70,7.7,28,66,949,33,10,8,51,8.289446109,126,729,72.97877297,10.73322893,7.910393648,8.673074656,487,16,462,35,503,497
8,1000,70,7.7,28,61,967,20,4,9,33,7.824118797,123,740,72.99669097,10.65540737,7.489411775,8.144415732,479,10,488,23,489,511
1,1000,70,7.7,28,54,961,29,6,4,39,7.899506963,120,717,72.56378024,10.37814232,7.694958034,8.10242602,484,14,477,25,498,502
2,1000,70,7.7,28,63,945,31,11,13,55,8.567348822,105,729,72.59075154,10.68084935,8.088599724,9.05381968,479,25,466,30,504,496
3,1000,70,7.7,28,63,956,24,13,7,44,8.191242017,117,723,73.10416161,10.41765022,7.775310961,8.594072884,472,20,484,24,492,508
5,1000,70,7.7,28,60,953,23,14,10,47,8.124387125,96,751,73.01843633,10.4848395,7.951506583,8.303605447,488,21,465,26,509,491
4,1000,70,7.7,28,63,956,27,12,5,44,8.240112668,127,739,72.57397732,10.19032707,8.089990805,8.397617574,494,18,462,26,512,488
7,1000,70,7.7,28,67,948,35,10,7,52,8.323381428,95,730,73.0197135,10.76963882,7.962358577,8.688762703,486,17,462,35,503,497
6,1000,70,7.7,28,64,965,24,6,5,35,8.400113729,124,722,72.92251916,10.41577283,8.051854144,8.774384403,500,18,465,17,518,482
8,1000,70,7.7,28,62,967,19,5,9,33,7.870240458,116,720,73.07705125,10.68847826,7.52690568,8.198793699,479,10,488,23,489,511
2,1000,70,7.7,28,64,944,32,11,13,56,8.605561748,92,729,72.61911582,10.71270019,8.123495396,9.095403363,479,25,465,31,504,496
3,1000,70,7.7,28,64,957,24,13,6,43,8.194962228,108,753,73.12046144,10.44473942,7.818443345,8.559622249,472,20,485,23,492,508
1,1000,70,7.7,28,55,961,29,6,4,39,7.9480239,108,750,72.61040242,10.4213701,7.741673148,8.152730423,484,14,477,25,498,502
4,1000,70,7.7,28,64,955,29,12,4,45,8.26063252,107,727,72.60713309,10.22642204,8.1849408,8.340046783,493,19,462,26,512,488
5,1000,70,7.7,28,61,952,24,14,10,48,8.157444974,113,771,73.09089659,10.4959889,7.998364132,8.322357701,486,23,466,25,509,491
7,1000,70,7.7,28,68,948,34,10,8,52,8.352084024,118,707,73.10460897,10.79367566,8.02737778,8.680710263,486,17,462,35,503,497
6,1000,70,7.7,28,65,965,24,6,5,35,8.407606969,101,730,72.95599937,10.4240035,8.047767984,8.794321895,500,18,465,17,518,482
8,1000,70,7.7,28,63,967,19,5,9,33,7.868974475,85,740,73.17798166,10.69460318,7.526941275,8.196282174,479,10,488,23,489,511
2,1000,70,7.7,28,65,944,32,11,13,56,8.591660229,117,723,72.66476415,10.77845244,8.090865623,9.100532168,479,25,465,31,504,496
3,1000,70,7.7,28,65,956,25,12,7,44,8.227985134,102,728,73.19741049,10.48494391,7.847379919,8.596602782,471,21,485,23,492,508
4,1000,70,7.7,28,65,955,29,12,4,45,8.248472426,117,728,72.62335472,10.25392412,8.178092108,8.322314071,492,20,463,25,512,488
1,1000,70,7.7,28,56,961,29,6,4,39,7.9598298,114,745,72.65062849,10.46505405,7.751576196,8.166424012,484,14,477,25,498,502
7,1000,70,7.7,28,69,949,34,10,7,51,8.342182135,123,722,73.15923184,10.821552,8.024115763,8.664088341,486,17,463,34,503,497
5,1000,70,7.7,28,62,953,22,15,10,47,8.168404293,113,724,73.12008479,10.53166018,8.009152934,8.333493787,487,22,466,25,509,491
6,1000,70,7.7,28,66,964,25,6,5,36,8.447479119,96,738,73.00648674,10.44116872,8.13073407,8.787881475,499,19,465,17,518,482
8,1000,70,7.7,28,64,967,19,5,9,33,7.92077976,123,744,73.22199735,10.75057249,7.54677808,8.278679607,479,10,488,23,489,511
2,1000,70,7.7,28,66,943,32,12,13,57,8.621236395,127,725,72.70208376,10.78100316,8.168916415,9.080851858,478,26,465,31,504,496
3,1000,70,7.7,28,66,957,25,11,7,43,8.227938834,102,749,73.21941646,10.51331447,7.828917669,8.614392404,472,20,485,23,492,508
4,1000,70,7.7,28,66,955,29,12,4,45,8.241631348,113,720,72.64697205,10.25649762,8.151970555,8.335701689,492,20,463,25,512,488
7,1000,70,7.7,28,70,951,32,10,7,49,8.330707978,106,732,73.21154406,10.85780049,8.023447402,8.641677936,486,17,465,32,503,497
6,1000,70,7.7,28,67,965,25,5,5,35,8.440729773,121,726,73.07654179,10.46800276,8.122836325,8.782366299,500,18,465,17,518,482
5,1000,70,7.7,28,63,951,24,15,10,49,8.183226908,101,744,73.19068267,10.570041,8.017171735,8.355369644,486,23,465,26,509,491
1,1000,70,7.7,28,57,960,30,6,4,40,7.975024408,108,752,72.71374139,10.48700524,7.778376867,8.170105037,484,14,476,26,498,502
8,1000,70,7.7,28,65,967,20,4,9,33,7.935153215,124,730,73.25484728,10.82240714,7.586164632,8.269116848,479,10,488,23,489,511
2,1000,70,7.7,28,67,943,32,12,13,57,8.590053064,138,736,72.72189424,10.81995569,8.181153351,9.005547933,478,26,465,31,504,496
3,1000,70,7.7,28,67,958,26,11,5,42,8.225242389,94,728,73.26002067,10.54782975,7.869559876,8.569722303,471,21,487,21,492,508
7,1000,70,7.7,28,71,951,32,10,7,49,8.330115258,101,744,73.24708774,10.87471475,8.063956739,8.599486958,486,17,465,32,503,497
6,1000,70,7.7,28,68,966,22,7,5,34,8.435771465,114,748,73.15487536,10.51631741,8.140500338,8.753096037,500,18,466,16,518,482
4,1000,70,7.7,28,67,954,31,11,4,46,8.307739329,115,753,72.69166292,10.27017671,8.245256306,8.373295287,491,21,463,25,512,488
5,1000,70,7.7,28,64,952,24,14,10,48,8.230384198,113,722,73.24441125,10.61134661,8.056347497,8.410801064,486,23,466,25,509,491
1,1000,70,7.7,28,58,960,30,6,4,40,7.995519237,104,730,72.7532126,10.50775947,7.79654668,8.192906355,484,14,476,26,498,502
3,1000,70,7.7,28,68,957,27,11,5,43,8.259866573,105,746,73.28506447,10.57246901,7.894754247,8.613479298,471,21,486,22,492,508
2,1000,70,7.7,28,68,946,29,12,13,54,8.598058811,115,743,72.76688692,10.87489379,8.203612927,8.998866725,479,25,467,29,504,496
8,1000,70,7.7,28,66,968,20,3,9,32,7.928759545,120,736,73.30685854,10.85154322,7.56771149,8.274263456,480,9,488,23,489,511
7,1000,70,7.7,28,72,951,30,12,7,49,8.356141183,107,767,73.28476419,10.88747527,8.090612708,8.624875233,486,17,465,32,503,497
6,1000,70,7.7,28,69,966,22,7,5,34,8.429686675,108,704,73.2253159,10.53817278,8.148537051,8.731835026,500,18,466,16,518,482
4,1000,70,7.7,28,68,954,31,11,4,46,8.301103509,103,733,72.77223642,10.29577905,8.2374154,8.367923821,491,21,463,25,512,488
5,1000,70,7.7,28,65,951,25,13,11,49,8.260596461,108,735,73.31622514,10.63936449,8.124375956,8.401810794,486,23,465,26,509,491
1,1000,70,7.7,28,59,961,29,6,4,39,7.995239828,119,701,72.82971889,10.53644478,7.815512768,8.1735348,484,14,477,25,498,502
3,1000,70,7.7,28,69,957,27,11,5,43,8.25938919,106,740,73.3350648,10.60744577,7.921957135,8.586193464,471,21,486,22,492,508
2,1000,70,7.7,28,69,946,29,12,13,54,8.598034375,104,718,72.81403788,10.92346695,8.185345728,9.017379291,479,25,467,29,504,496
7,1000,70,7.7,28,73,952,29,12,7,48,8.376849933,118,734,73.32792543,10.89482524,8.139460183,8.617105555,486,17,466,31,503,497
8,1000,70,7.7,28,67,968,20,3,9,32,7.939360886,103,765,73.36124886,10.84177742,7.584312607,8.279123329,480,9,488,23,489,511
6,1000,70,7.7,28,70,964,24,7,5,36,8.449703374,96,760,73.23995641,10.57588504,8.196311796,8.722020463,499,19,465,17,518,482
5,1000,70,7.7,28,66,950,26,12,12,50,8.283634705,113,750,73.36674476,10.65478537,8.134824951,8.437899807,485,24,465,26,509,491
4,1000,70,7.7,28,69,954,31,11,4,46,8.328819088,111,717,72.86947751,10.33871876,8.232932366,8.42942155,491,21,463,25,512,488
3,1000,70,7.7,28,70,957,27,11,5,43,8.263626256,110,734,73.3779763,10.64702197,7.919941785,8.596486018,471,21,486,22,492,508
2,1000,70,7.7,28,70,947,27,12,14,53,8.570024877,119,766,72.84541112,10.93221199,8.150006326,8.996817922,480,24,467,29,504,496
7,1000,70,7.7,28,74,955,26,11,8,45,8.383922985,103,726,73.35085596,10.91174396,8.140611922,8.630171405,486,17,469,28,503,497
1,1000,70,7.7,28,60,961,28,7,4,39,8.019796663,121,751,72.86130958,10.56371673,7.869870425,8.16852827,484,14,477,25,498,502
8,1000,70,7.7,28,68,967,20,4,9,33,7.954448329,121,724,73.40087843,10.86837847,7.589853834,8.303345996,479,10,488,23,489,511
6,1000,70,7.7,28,71,965,23,7,5,35,8.462557834,118,743,73.29213951,10.60123878,8.204568615,8.739815957,500,18,465,17,518,482
4,1000,70,7.7,28,70,953,31,12,4,47,8.347827879,133,756,72.90174961,10.35338794,8.241591091,8.459289428,490,22,463,25,512,488
5,1000,70,7.7,28,67,949,26,13,12,51,8.30553858,105,742,73.42905753,10.6960063,8.154909294,8.461689916,485,24,464,27,509,491
3,1000,70,7.7,28,71,957,27,11,5,43,8.301324138,123,724,73.40479408,10.66119462,7.947184352,8.644309916,471,21,486,22,492,508
7,1000,70,7.7,28,75,955,26,10,9,45,8.443970548,117,742,73.41875618,10.91278714,8.181608615,8.709499827,486,17,469,28,503,497
2,1000,70,7.7,28,71,947,29,12,12,53,8.575696263,112,736,72.88520222,10.95486572,8.202970213,8.954434024,479,25,468,28,504,496
8,1000,70,7.7,28,69,968,19,4,9,32,7.963768903,126,766,73.47579381,10.88627297,7.614706118,8.297803545,479,10,489,22,489,511
6,1000,70,7.7,28,72,962,26,7,5,38,8.513619276,105,729,73.33661752,10.63286104,8.233819127,8.814317362,499,19,463,19,518,482
1,1000,70,7.7,28,61,959,30,7,4,41,8.078125774,111,737,72.90730274,10.59705459,7.950586537,8.204648763,483,15,476,26,498,502
4,1000,70,7.7,28,71,951,32,13,4,49,8.393631128,104,738,72.96041568,10.37188653,8.251476353,8.542777121,490,22,461,27,512,488
5,1000,70,7.7,28,68,951,25,12,12,49,8.297528977,112,753,73.44923032,10.73626935,8.146201542,8.454404058,486,23,465,26,509,491
3,1000,70,7.7,28,72,958,29,8,5,42,8.299139373,111,746,73.47040326,10.67936083,7.943632426,8.64344925,472,20,486,22,492,508
7,1000,70,7.7,28,76,954,27,10,9,46,8.465272833,113,754,73.46430563,10.9296549,8.21887577,8.71464451,485,18,469,28,503,497
2,1000,70,7.7,28,72,947,29,12,12,53,8.579831666,110,734,72.92237601,10.98019816,8.219072441,8.946409589,479,25,468,28,504,496
8,1000,70,7.7,28,70,968,20,4,8,32,7.975610598,120,743,73.53652564,10.89470235,7.65443576,8.282957947,479,10,489,22,489,511
6,1000,70,7.7,28,73,963,25,7,5,37,8.541762379,111,743,73.38509826,10.6729001,8.24123851,8.864732015,499,19,464,18,518,482
4,1000,70,7.7,28,72,950,33,13,4,50,8.413712056,118,726,73.01338709,10.39608504,8.264307707,8.570464161,489,23,461,27,512,488
1,1000,70,7.7,28,62,958,30,8,4,42,8.122976004,119,744,72.92422018,10.59389049,7.97428436,8.270482854,483,15,475,27,498,502
5,1000,70,7.7,28,69,951,25,12,12,49,8.310723703,110,742,73.49383601,10.76695312,8.14288162,8.484718857,486,23,465,26,509,491
3,1000,70,7.7,28,73,957,30,8,5,43,8.318248142,121,733,73.51022647,10.70236194,7.952008665,8.672952518,472,20,485,23,492,508
7,1000,70,7.7,28,77,954,27,10,9,46,8.458488028,112,722,73.52251618,10.96301631,8.207534639,8.712471036,485,18,469,28,503,497
2,1000,70,7.7,28,73,947,29,11,13,53,8.59858777,108,732,72.97116716,11.01336845,8.226485677,8.976691509,478,26,469,27,504,496
8,1000,70,7.7,28,71,967,21,4,8,33,8.009518218,115,751,73.55992741,10.91734092,7.667722543,8.33659862,479,10,488,23,489,511
4,1000,70,7.7,28,73,951,33,12,4,49,8.415927699,120,760,73.06967248,10.4372431,8.256125751,8.58358876,490,22,461,27,512,488
6,1000,70,7.7,28,74,962,26,8,4,38,8.56110156,103,754,73.42829339,10.717315,8.256502594,8.888450655,498,20,464,18,518,482
5,1000,70,7.7,28,70,951,25,12,12,49,8.329094015,115,720,73.55759912,10.79389534,8.153481533,8.511144429,486,23,465,26,509,491
1,1000,70,7.7,28,63,958,30,8,4,42,8.149887065,117,742,72.96042642,10.6122587,8.007682864,8.290958165,483,15,475,27,498,502
3,1000,70,7.7,28,74,957,30,8,5,43,8.362135248,102,717,73.55866829,10.72659649,8.024313527,8.689316916,472,20,485,23,492,508
7,1000,70,7.7,28,78,954,25,11,10,46,8.467962512,100,727,73.58348213,10.98635047,8.274300402,8.663962596,484,19,470,27,503,497
2,1000,70,7.7,28,74,948,29,11,12,52,8.576386096,126,743,73.00270859,11.02519717,8.253519651,8.904460064,478,26,470,26,504,496
8,1000,70,7.7,28,72,967,21,4,8,33,8.021893502,111,744,73.62651874,10.94876106,7.668695671,8.359885165,479,10,488,23,489,511
4,1000,70,7.7,28,74,950,34,12,4,50,8.42802303,123,736,73.11725159,10.45969338,8.27980851,8.583526789,490,22,460,28,512,488
6,1000,70,7.7,28,75,961,27,8,4,39,8.563944282,111,733,73.49902721,10.76595911,8.272253827,8.877420746,498,20,463,19,518,482
5,1000,70,7.7,28,71,951,25,12,12,49,8.310159248,111,739,73.61136853,10.82400079,8.137654404,8.488988098,486,23,465,26,509,491
3,1000,70,7.7,28,75,954,32,9,5,46,8.38261084,117,755,73.62301583,10.740776,8.071003644,8.684403637,469,23,485,23,492,508
1,1000,70,7.7,28,64,958,30,8,4,42,8.129629568,104,717,72.98696369,10.63415851,7.9979181,8.260291542,483,15,475,27,498,502
7,1000,70,7.7,28,79,954,24,12,10,46,8.511192242,116,722,73.65689414,10.99690975,8.332348948,8.69219461,483,20,471,26,503,497
2,1000,70,7.7,28,75,948,29,12,11,52,8.592143098,99,725,73.07036152,11.06585671,8.25086292,8.938927795,479,25,469,27,504,496
8,1000,70,7.7,28,73,966,22,4,8,34,8.044371576,114,760,73.6623993,10.96863711,7.694216932,8.379451069,479,10,487,24,489,511
4,1000,70,7.7,28,75,950,34,12,4,50,8.420382764,115,726,73.1673383,10.47828154,8.276487073,8.571355293,490,22,460,28,512,488
6,1000,70,7.7,28,76,960,28,8,4,40,8.588145286,104,755,73.5518791,10.80345961,8.293919165,8.904346801,498,20,462,20,518,482
3,1000,70,7.7,28,76,954,32,9,5,46,8.439124428,102,730,73.68312017,10.77376423,8.177957208,8.692065908,469,23,485,23,492,508
5,1000,70,7.7,28,72,951,26,11,12,49,8.361064996,117,734,73.66645184,10.88037648,8.203650717,8.524250063,485,24,466,25,509,491
1,1000,70,7.7,28,65,958,30,8,4,42,8.192840214,119,733,73.02771483,10.65028198,8.051863824,8.332693285,483,15,475,27,498,502
7,1000,70,7.7,28,80,954,24,12,10,46,8.552604905,109,722,73.68800534,11.03877662,8.356850626,8.750722415,483,20,471,26,503,497
2,1000,70,7.7,28,76,950,27,13,10,50,8.600708072,111,735,73.10540958,11.10383429,8.262153004,8.944723707,479,25,471,25,504,496
8,1000,70,7.7,28,74,967,22,3,8,33,8.06914822,116,724,73.72363191,10.98411438,7.709487776,8.413324261,480,9,487,24,489,511
4,1000,70,7.7,28,76,951,32,13,4,49,8.4423304,103,719,73.23769354,10.49902851,8.27186697,8.621177277,490,22,461,27,512,488
6,1000,70,7.7,28,77,958,30,8,4,42,8.603631674,104,725,73.58885958,10.81121809,8.298004426,8.932085854,497,21,461,21,518,482
3,1000,70,7.7,28,77,952,34,9,5,48,8.468695237,132,736,73.72833155,10.79291177,8.229593999,8.700265727,467,25,485,23,492,508
5,1000,70,7.7,28,73,950,27,11,12,50,8.399727822,108,744,73.7332341,10.9225226,8.244954778,8.560174828,485,24,465,26,509,491
7,1000,70,7.7,28,81,955,24,11,10,45,8.534266305,103,744,73.72383609,11.04932104,8.349077885,8.7216904,483,20,472,25,503,497
1,1000,70,7.7,28,66,958,30,9,3,42,8.201217527,112,732,73.09989616,10.68541548,8.111477512,8.290242482,482,16,476,26,498,502
2,1000,70,7.7,28,77,950,28,12,10,50,8.62259116,120,740,73.12861737,11.138131,8.269081204,8.981802888,479,25,471,25,504,496
8,1000,70,7.7,28,75,968,22,3,7,32,8.051575461,136,737,73.73896869,10.99150862,7.738442133,8.351227511,480,9,488,23,489,511
4,1000,70,7.7,28,77,952,31,13,4,48,8.465506436,106,738,73.2543307,10.51619518,8.297555309,8.641717454,490,22,462,26,512,488
6,1000,70,7.7,28,78,957,31,8,4,43,8.609585837,113,749,73.62506564,10.8414407,8.324605715,8.91585078,496,22,461,21,518,482
3,1000,70,7.7,28,78,951,35,10,4,49,8.513710305,121,782,73.79235684,10.82340432,8.30176455,8.718980604,466,26,485,23,492,508
5,1000,70,7.7,28,74,949,28,11,12,51,8.398002849,88,758,73.78854131,10.95402724,8.234440571,8.567561301,485,24,464,27,509,491
7,1000,70,7.7,28,82,955,24,11,10,45,8.56906151,111,753,73.74693464,11.05703694,8.392255375,8.748002126,483,20,472,25,503,497
8,1000,70,7.7,28,76,967,23,3,7,33,8.053429277,112,741,73.78123668,11.01289032,7.743373064,8.35013669,479,10,488,23,489,511
4,1000,70,7.7,28,78,951,31,13,5,49,8.545696869,96,732,73.30842462,10.55322991,8.428557842,8.668596833,490,22,461,27,512,488
2,1000,70,7.7,28,78,949,29,12,10,51,8.591826251,140,737,73.17761548,11.16917243,8.236821715,8.952556667,479,25,470,26,504,496
1,1000,70,7.7,28,67,959,29,9,3,41,8.18565169,106,731,73.16226655,10.7228144,8.102900371,8.267743635,482,16,477,25,498,502
6,1000,70,7.7,28,79,956,32,8,4,44,8.629116847,111,758,73.68723094,10.87016233,8.345276279,8.934157126,495,23,461,21,518,482
3,1000,70,7.7,28,79,950,36,10,4,50,8.525484698,133,735,73.85488552,10.83460565,8.310429018,8.733766971,465,27,485,23,492,508
5,1000,70,7.7,28,75,948,30,11,11,52,8.425980255,123,750,73.82831765,10.96390376,8.239255103,8.619550728,485,24,463,28,509,491
7,1000,70,7.7,28,83,956,23,11,10,44,8.602495241,98,736,73.81701567,11.09749892,8.41977408,8.787422291,483,20,473,24,503,497
4,1000,70,7.7,28,79,952,32,12,4,48,8.584815815,105,726,73.33028947,10.58519064,8.451031921,8.725179246,491,21,461,27,512,488
8,1000,70,7.7,28,77,966,24,3,7,34,8.063144974,121,746,73.82687142,11.02727689,7.744752147,8.367830087,479,10,487,24,489,511
2,1000,70,7.7,28,79,950,28,11,11,50,8.583563451,106,745,73.2320535,11.20874983,8.223591005,8.949341903,479,25,471,25,504,496
6,1000,70,7.7,28,80,955,33,8,4,45,8.671859641,125,743,73.76237,10.90239309,8.423498138,8.938770966,494,24,461,21,518,482
1,1000,70,7.7,28,68,958,30,9,3,42,8.214757434,95,739,73.23298953,10.72940573,8.115720735,8.313004995,481,17,477,25,498,502
3,1000,70,7.7,28,80,950,35,11,4,50,8.57289696,114,755,73.91528001,10.832213,8.368320926,8.771029655,465,27,485,23,492,508
7,1000,70,7.7,28,84,956,22,12,10,44,8.662738983,110,728,73.8872734,11.12226788,8.527139295,8.799975689,483,20,473,24,503,497
5,1000,70,7.7,28,76,949,29,11,11,51,8.412074404,116,764,73.86380963,11.00029746,8.229548692,8.601291487,486,23,463,28,509,491
4,1000,70,7.7,28,80,951,32,13,4,49,8.629095898,121,749,73.37726566,10.6120577,8.482379885,8.783027454,491,21,460,28,512,488
8,1000,70,7.7,28,78,963,27,3,7,37,8.125626816,108,744,73.85280084,11.05557826,7.808533945,8.42906794,478,11,485,26,489,511
2,1000,70,7.7,28,80,950,28,10,12,50,8.643046171,134,737,73.3105113,11.21660052,8.253331433,9.03904663,479,25,471,25,504,496
6,1000,70,7.7,28,81,953,35,8,4,47,8.660152183,123,748,73.79923278,10.91390434,8.435565675,8.901512787,494,24,459,23,518,482
3,1000,70,7.7,28,81,949,35,12,4,51,8.578774684,129,743,73.98034683,10.86700737,8.338196346,8.811775752,466,26,483,25,492,508
1,1000,70,7.7,28,69,958,30,8,4,42,8.211029856,103,743,73.27902999,10.76097378,8.094408888,8.326721572,481,17,477,25,498,502
7,1000,70,7.7,28,85,956,21,13,10,44,8.663765811,127,740,73.91541415,11.14560123,8.52581604,8.803380971,483,20,473,24,503,497
5,1000,70,7.7,28,77,948,30,11,11,52,8.449087643,110,756,73.9263873,11.00620225,8.271590355,8.63309196,486,23,462,29,509,491
4,1000,70,7.7,28,81,953,30,14,3,47,8.652798972,119,753,73.45474714,10.62683113,8.541994607,8.769052732,491,21,462,26,512,488
2,1000,70,7.7,28,81,950,28,9,13,50,8.619448971,124,761,73.34153252,11.23418139,8.225475217,9.019777141,479,25,471,25,504,496
8,1000,70,7.7,28,79,964,25,4,7,36,8.110041299,105,737,73.86716043,11.08142761,7.764367226,8.440833123,479,10,485,26,489,511
6,1000,70,7.7,28,82,954,35,8,3,46,8.641865138,116,735,73.83087587,10.93864747,8.416827361,8.883710716,494,24,460,22,518,482
3,1000,70,7.7,28,82,949,35,12,4,51,8.568810916,106,763,74.01914701,10.86724124,8.326492858,8.80349691,466,26,483,25,492,508
7,1000,70,7.7,28,86,956,20,13,11,44,8.692089883,114,723,73.94830191,11.17306392,8.557742071,8.8280596,484,19,472,25,503,497
1,1000,70,7.7,28,70,957,31,8,4,43,8.238150724,117,742,73.31793692,10.76304187,8.162460962,8.313237381,480,18,477,25,498,502
5,1000,70,7.7,28,78,948,30,11,11,52,8.47169464,118,747,73.94138681,11.01816487,8.305492797,8.643989422,486,23,462,29,509,491
4,1000,70,7.7,28,82,952,30,14,4,48,8.681327422,102,760,73.52969234,10.6614493,8.550233456,8.818868633,490,22,462,26,512,488
2,1000,70,7.7,28,82,949,29,8,14,51,8.668107734,103,712,73.39351947,11.25858277,8.246163572,9.096857448,479,25,470,26,504,496
8,1000,70,7.7,28,80,964,24,5,7,36,8.112504232,120,737,73.9086501,11.11126867,7.765279795,8.444779672,479,10,485,26,489,511
6,1000,70,7.7,28,83,954,34,9,3,46,8.675837967,116,750,73.87013522,10.97681959,8.430286321,8.93972957,495,23,459,23,518,482
3,1000,70,7.7,28,83,948,36,12,4,52,8.603782409,107,752,74.05953317,10.8729817,8.371713401,8.828542157,466,26,482,26,492,508
7,1000,70,7.7,28,87,957,20,13,10,43,8.69103024,121,745,73.95521444,11.19022992,8.583859264,8.79949503,484,19,473,24,503,497
5,1000,70,7.7,28,79,948,29,12,11,52,8.480814399,107,773,73.9812842,11.05792998,8.301973157,8.66621194,486,23,462,29,509,491
1,1000,70,7.7,28,71,956,32,8,4,44,8.25468722,128,723,73.38716867,10.77541292,8.189399719,8.319454501,479,19,477,25,498,502
4,1000,70,7.7,28,83,951,31,14,4,49,8.721295048,107,730,73.56281583,10.70491281,8.601573323,8.846904727,490,22,461,27,512,488
6,1000,70,7.7,28,84,953,35,9,3,47,8.708592209,119,726,73.92149461,10.99845661,8.456610938,8.979393659,494,24,459,23,518,482
2,1000,70,7.7,28,83,948,30,8,14,52,8.688742218,98,737,73.43642213,11.27940424,8.286809247,9.097157979,478,26,470,26,504,496
8,1000,70,7.7,28,81,963,25,5,7,37,8.176178031,111,744,73.97581382,11.11837692,7.793413348,8.542463608,479,10,484,27,489,511
3,1000,70,7.7,28,84,949,36,11,4,51,8.608543929,118,739,74.11878153,10.89819237,8.398743929,8.811736055,466,26,483,25,492,508
7,1000,70,7.7,28,88,959,21,11,9,41,8.671908285,113,766,74.00584935,11.20332466,8.568821041,8.776240043,485,18,474,23,503,497
5,1000,70,7.7,28,80,949,28,11,12,51,8.485899128,113,750,74.01676043,11.0943161,8.290628665,8.688328183,487,22,462,29,509,491
4,1000,70,7.7,28,84,951,31,14,4,49,8.745116574,118,742,73.6186905,10.73263454,8.648819873,8.846149178,489,23,462,26,512,488
1,1000,70,7.7,28,72,956,33,7,4,44,8.300343486,114,742,73.44825108,10.82623272,8.252532956,8.347773055,479,19,477,25,498,502
6,1000,70,7.7,28,85,954,34,9,3,46,8.741074298,130,755,73.97632252,11.01629445,8.470867012,9.031463041,495,23,459,23,518,482
8,1000,70,7.7,28,82,965,22,6,7,35,8.159668193,118,755,74.01025176,11.15826378,7.809087256,8.495155625,479,10,486,25,489,511
2,1000,70,7.7,28,84,948,30,8,14,52,8.688872722,108,738,73.49093538,11.31480731,8.3030998,9.080867788,478,26,470,26,504,496
3,1000,70,7.7,28,85,950,33,13,4,50,8.628960205,145,740,74.17534693,10.93912415,8.440929143,8.811069029,466,26,484,24,492,508
7,1000,70,7.7,28,89,958,22,10,10,42,8.672062049,105,744,74.04767248,11.2536142,8.563256825,8.782180816,485,18,473,24,503,497
5,1000,70,7.7,28,81,949,28,11,12,51,8.485126204,109,742,74.06044037,11.12545261,8.292381085,8.684937336,487,22,462,29,509,491
4,1000,70,7.7,28,85,951,31,14,4,49,8.738690102,110,737,73.6811256,10.73629987,8.63306035,8.84951476,489,23,462,26,512,488
6,1000,70,7.7,28,86,953,35,9,3,47,8.753513678,128,738,74.01209832,11.05190257,8.501105795,9.024773602,494,24,459,23,518,482
8,1000,70,7.7,28,83,962,24,7,7,38,8.199171284,109,747,74.07472535,11.16904224,7.805071467,8.576303985,477,12,485,26,489,511
2,1000,70,7.7,28,85,948,30,8,14,52,8.752942196,116,713,73.54207638,11.33003567,8.369126073,9.1429489,478,26,470,26,504,496
1,1000,70,7.7,28,73,956,33,7,4,44,8.353866694,104,757,73.49007499,10.85527826,8.330772127,8.37677724,479,19,477,25,498,502
3,1000,70,7.7,28,86,947,36,14,3,53,8.64122595,110,739,74.21329091,10.95133718,8.437844053,8.838202118,464,28,483,25,492,508
7,1000,70,7.7,28,90,957,23,10,10,43,8.699835865,123,744,74.10127941,11.29648017,8.563061625,8.838261303,485,18,472,25,503,497
4,1000,70,7.7,28,86,951,31,14,4,49,8.780398032,117,743,73.71971928,10.76167373,8.669958267,8.896269261,489,23,462,26,512,488
5,1000,70,7.7,28,82,948,28,11,13,52,8.50590681,101,760,74.1252906,11.16054133,8.306829625,8.712282141,487,22,461,30,509,491
6,1000,70,7.7,28,87,953,35,9,3,47,8.762274893,112,756,74.04350768,11.0703331,8.533854015,9.007756252,494,24,459,23,518,482
8,1000,70,7.7,28,84,962,24,7,7,38,8.193896546,106,761,74.12181149,11.20725707,7.809032813,8.562190803,477,12,485,26,489,511
2,1000,70,7.7,28,86,948,30,8,14,52,8.76376864,108,747,73.55148299,11.34878273,8.349118147,9.185107044,478,26,470,26,504,496
1,1000,70,7.7,28,74,955,34,7,4,45,8.366191405,106,761,73.52511194,10.84580937,8.347912173,8.384324986,479,19,476,26,498,502
3,1000,70,7.7,28,87,948,35,14,3,52,8.664305439,118,750,74.27853778,10.96663779,8.467415515,8.854994106,465,27,483,25,492,508
7,1000,70,7.7,28,91,954,26,10,10,46,8.734112007,125,763,74.13785306,11.33256061,8.619693006,8.849912325,483,20,471,26,503,497
4,1000,70,7.7,28,87,950,32,14,4,50,8.786528219,120,733,73.77855365,10.78910839,8.690169168,8.88762624,489,23,461,27,512,488
6,1000,70,7.7,28,88,951,36,9,4,49,8.800624743,133,749,74.08060582,11.09359291,8.601233635,9.014908133,492,26,459,23,518,482
5,1000,70,7.7,28,83,947,27,12,14,53,8.520268209,108,732,74.16757412,11.17224558,8.322330082,8.725462724,487,22,460,31,509,491
2,1000,70,7.7,28,87,949,30,8,13,51,8.787929796,109,741,73.55669885,11.38391855,8.376581732,9.205912507,478,26,471,25,504,496
8,1000,70,7.7,28,85,961,25,7,7,39,8.206523563,117,754,74.16059647,11.24368157,7.804483063,8.591255078,476,13,485,26,489,511
3,1000,70,7.7,28,88,949,34,13,4,51,8.696777791,109,748,74.28546025,10.99546954,8.476215932,8.91039282,466,26,483,25,492,508
7,1000,70,7.7,28,92,955,25,9,11,45,8.765564841,115,751,74.18026126,11.3607026,8.659366452,8.873045303,483,20,472,25,503,497
1,1000,70,7.7,28,75,954,35,7,4,46,8.403264464,116,723,73.60967195,10.87296863,8.353129537,8.45299991,478,20,476,26,498,502
4,1000,70,7.7,28,88,949,34,13,4,51,8.804504203,116,773,73.82640489,10.80369621,8.730606144,8.882036593,488,24,461,27,512,488
6,1000,70,7.7,28,89,949,37,10,4,51,8.839119361,99,712,74.13196023,11.10974374,8.649437514,9.042968316,491,27,458,24,518,482
5,1000,70,7.7,28,84,946,28,12,14,54,8.561507543,103,756,74.20342137,11.19484869,8.378663133,8.751055007,486,23,460,31,509,491
2,1000,70,7.7,28,88,948,31,8,13,52,8.779721033,140,755,73.62341046,11.4135057,8.412580664,9.152783021,476,28,472,24,504,496
8,1000,70,7.7,28,86,962,25,6,7,38,8.197925064,118,747,74.19916551,11.27265386,7.778315834,8.599468925,477,12,485,26,489,511
3,1000,70,7.7,28,89,949,34,12,5,51,8.67691474,127,769,74.32334185,10.97705465,8.468682419,8.878588562,466,26,483,25,492,508
7,1000,70,7.7,28,93,956,26,7,11,44,8.735058252,123,738,74.2135197,11.40165717,8.627243592,8.844174498,484,19,472,25,503,497
1,1000,70,7.7,28,76,953,35,7,5,47,8.432321455,104,736,73.63612326,10.90337662,8.368325649,8.495807333,477,21,476,26,498,502
4,1000,70,7.7,28,89,947,36,13,4,53,8.874861578,117,721,73.87755892,10.83388379,8.814548288,8.938141095,487,25,460,28,512,488
6,1000,70,7.7,28,90,949,37,10,4,51,8.844963453,105,733,74.17971781,11.13115538,8.667049106,9.036166009,491,27,458,24,518,482
5,1000,70,7.7,28,85,946,28,12,14,54,8.611239686,106,752,74.23879957,11.22108075,8.428444942,8.800735662,486,23,460,31,509,491
2,1000,70,7.7,28,89,948,31,8,13,52,8.772104352,121,778,73.65729487,11.45069735,8.408982943,9.141082559,476,28,472,24,504,496
8,1000,70,7.7,28,87,962,25,6,7,38,8.216295521,120,746,74.25212147,11.28976005,7.806032583,8.608895476,477,12,485,26,489,511
3,1000,70,7.7,28,90,952,34,10,4,48,8.691948158,109,764,74.34160674,10.99090967,8.505842018,8.872192688,467,25,485,23,492,508
7,1000,70,7.7,28,94,954,28,7,11,46,8.769779666,126,724,74.24948956,11.40969159,8.64793795,8.893092309,483,20,471,26,503,497
4,1000,70,7.7,28,90,946,37,13,4,54,8.901763653,121,759,73.89294044,10.87634943,8.817791946,8.989865117,487,25,459,29,512,488
1,1000,70,7.7,28,77,952,35,8,5,48,8.439746209,126,743,73.68641783,10.93088232,8.364503715,8.514389162,477,21,475,27,498,502
6,1000,70,7.7,28,91,947,39,9,5,53,8.836059556,110,747,74.2372205,11.14234673,8.628105246,9.059545724,490,28,457,25,518,482
5,1000,70,7.7,28,86,946,27,14,13,54,8.610901456,105,745,74.29734169,11.2597906,8.434485403,8.7937849,486,23,460,31,509,491
2,1000,70,7.7,28,90,947,32,8,13,53,8.772255401,119,740,73.69072242,11.46884231,8.425776421,9.124322752,476,28,471,25,504,496
8,1000,70,7.7,28,88,962,25,6,7,38,8.216271731,120,751,74.28126164,11.30935116,7.805687727,8.609178929,477,12,485,26,489,511
3,1000,70,7.7,28,91,950,36,10,4,50,8.736256427,130,777,74.40334311,11.02968971,8.568490691,8.898738203,467,25,483,25,492,508
7,1000,70,7.7,28,95,953,28,7,12,47,8.773585234,114,758,74.31350448,11.43508223,8.671276208,8.877129379,482,21,471,26,503,497
4,1000,70,7.7,28,91,945,37,14,4,55,8.909157732,111,752,73.90888898,10.88851767,8.846713844,8.97467263,486,26,459,29,512,488
6,1000,70,7.7,28,92,949,38,9,4,51,8.838642213,135,720,74.24488851,11.16946447,8.601658256,9.093326217,491,27,458,24,518,482
1,1000,70,7.7,28,78,952,35,8,5,48,8.453025176,111,742,73.72300166,10.9631564,8.366282902,8.539076277,477,21,475,27,498,502
2,1000,70,7.7,28,91,947,33,8,12,53,8.775304323,109,737,73.76846759,11.5021419,8.446208812,9.109707826,476,28,471,25,504,496
5,1000,70,7.7,28,87,948,25,14,13,52,8.600076304,104,724,74.35830546,11.27664501,8.454185106,8.751315855,486,23,462,29,509,491
8,1000,70,7.7,28,89,962,24,7,7,38,8.239718076,131,747,74.32086589,11.34401447,7.843046055,8.619312242,476,13,486,25,489,511
7,1000,70,7.7,28,96,953,28,7,12,47,8.758497534,119,722,74.37769787,11.46922183,8.642852161,8.875539029,482,21,471,26,503,497
3,1000,70,7.7,28,92,948,38,10,4,52,8.724834257,100,756,74.48958398,11.046725,8.572833106,8.872047969,466,26,482,26,492,508
4,1000,70,7.7,28,92,947,36,13,4,53,8.881730186,131,742,73.93625696,10.92890503,8.804654409,8.962596575,487,25,460,28,512,488
6,1000,70,7.7,28,93,947,40,8,5,53,8.910838398,112,735,74.30229334,11.18328762,8.640317649,9.201564016,491,27,456,26,518,482
5,1000,70,7.7,28,88,948,24,15,13,52,8.651669218,106,746,74.38784164,11.31236999,8.495145254,8.81393133,486,23,462,29,509,491
7,1000,70,7.7,28,97,953,28,8,11,47,8.768033203,102,771,74.41356299,11.5157327,8.636611377,8.901041609,482,21,471,26,503,497
2,1000,70,7.7,28,92,946,33,8,13,54,8.804545696,130,766,73.80990431,11.52517307,8.490030626,9.124133591,476,28,470,26,504,496
8,1000,70,7.7,28,90,962,24,7,7,38,8.235571756,130,730,74.37736961,11.36003436,7.836343146,8.617612443,476,13,486,25,489,511
3,1000,70,7.7,28,93,949,37,11,3,51,8.693121904,130,767,74.53779703,11.07115973,8.5429488,8.838565146,466,26,483,25,492,508
1,1000,70,7.7,28,79,952,35,8,5,48,8.450131871,109,744,73.77517802,11.01081383,8.367115074,8.532487179,477,21,475,27,498,502
4,1000,70,7.7,28,93,947,36,13,4,53,8.901922198,114,753,73.95595828,10.96579459,8.841271331,8.965555895,487,25,460,28,512,488
6,1000,70,7.7,28,94,948,39,8,5,52,8.905192898,131,744,74.33978492,11.19571687,8.629668397,9.201295993,492,26,456,26,518,482
7,1000,70,7.7,28,98,954,27,8,11,46,8.790569408,136,760,74.47863268,11.55101791,8.680382498,8.902086542,482,21,472,25,503,497
5,1000,70,7.7,28,89,946,26,16,12,54,8.673948021,113,743,74.44329816,11.3275956,8.499316558,8.854981453,484,25,462,29,509,491
8,1000,70,7.7,28,91,965,23,6,6,35,8.219943829,107,744,74.43265171,11.38747613,7.771625726,8.648960566,479,10,486,25,489,511
3,1000,70,7.7,28,94,948,38,11,3,52,8.712836917,123,737,74.59808179,11.10720098,8.569152698,8.851995648,466,26,482,26,492,508
2,1000,70,7.7,28,93,946,33,8,13,54,8.821792881,122,754,73.90042,11.52164085,8.539226537,9.108916745,475,29,471,25,504,496
1,1000,70,7.7,28,80,954,33,6,7,46,8.431462438,140,731,73.80446643,11.05074193,8.355406904,8.50691195,477,21,477,25,498,502
4,1000,70,7.7,28,94,947,37,12,4,53,8.89070723,113,749,74.02454055,10.99764355,8.804786452,8.980853621,487,25,460,28,512,488
6,1000,70,7.7,28,95,943,44,8,5,57,8.922019066,103,737,74.43750045,11.22569212,8.661773927,9.201701601,489,29,454,28,518,482
7,1000,70,7.7,28,99,954,28,7,11,46,8.788898373,122,768,74.53894366,11.58325053,8.64427247,8.935270262,483,20,471,26,503,497
3,1000,70,7.7,28,95,952,33,12,3,48,8.695392647,117,722,74.64192599,11.16256307,8.552062797,8.83420817,469,23,483,25,492,508
8,1000,70,7.7,28,92,965,23,6,6,35,8.235425046,110,763,74.51214619,11.41833694,7.756423759,8.693803968,479,10,486,25,489,511
2,1000,70,7.7,28,94,946,33,8,13,54,8.830521645,106,746,73.92867475,11.57239288,8.546292001,9.119335639,475,29,471,25,504,496
5,1000,70,7.7,28,90,947,25,16,12,53,8.688186934,112,768,74.51389228,11.33260966,8.56458252,8.81632267,484,25,463,28,509,491
1,1000,70,7.7,28,81,952,35,6,7,48,8.460204783,104,768,73.90818299,11.07252824,8.364718422,8.554930296,476,22,476,26,498,502
4,1000,70,7.7,28,95,947,37,12,4,53,8.901448711,106,750,74.07571537,11.03378593,8.850768654,8.95462123,487,25,460,28,512,488
6,1000,70,7.7,28,96,943,45,7,5,57,8.92124222,119,747,74.46601766,11.24270413,8.6542979,9.208124289,490,28,453,29,518,482
7,1000,70,7.7,28,100,957,25,7,11,43,8.769237416,138,752,74.60502021,11.60051285,8.633678253,8.906433109,483,20,474,23,503,497
3,1000,70,7.7,28,96,951,34,12,3,49,8.729471112,110,758,74.70193453,11.17002574,8.586114813,8.868312252,469,23,482,26,492,508
2,1000,70,7.7,28,95,946,34,8,12,54,8.84846469,98,751,73.983821,11.60932976,8.549704265,9.152043832,476,28,470,26,504,496
5,1000,70,7.7,28,91,948,24,17,11,52,8.700204121,128,759,74.56914796,11.36754085,8.563123986,8.842309597,484,25,464,27,509,491
8,1000,70,7.7,28,93,965,23,6,6,35,8.267262525,115,770,74.55119409,11.4345193,7.766414527,8.746547595,479,10,486,25,489,511
1,1000,70,7.7,28,82,951,36,6,7,49,8.474299084,107,718,74.0041237,11.07517655,8.367664806,8.580083687,476,22,475,27,498,502
4,1000,70,7.7,28,96,947,37,12,4,53,8.93576884,112,756,74.11523991,11.05737879,8.882668503,8.991480668,487,25,460,28,512,488
6,1000,70,7.7,28,97,943,43,9,5,57,8.970909055,106,742,74.49165626,11.28147083,8.69094905,9.271778936,490,28,453,29,518,482
7,1000,70,7.7,28,101,957,25,7,11,43,8.798647916,141,743,74.67510354,11.59723398,8.666283426,8.932610368,483,20,474,23,503,497
3,1000,70,7.7,28,97,949,35,13,3,51,8.750337812,121,751,74.7471552,11.21396704,8.584762628,8.910698029,469,23,480,28,492,508
5,1000,70,7.7,28,92,947,25,17,11,53,8.720460639,110,766,74.60633025,11.38523201,8.583189228,8.862764403,483,26,464,27,509,491
2,1000,70,7.7,28,96,947,33,9,11,53,8.842393326,121,735,74.03756221,11.67607233,8.577291523,9.111770966,476,28,471,25,504,496
8,1000,70,7.7,28,94,964,24,7,5,36,8.29426578,118,752,74.61494359,11.47254475,7.809199814,8.758448279,478,11,486,25,489,511
6,1000,70,7.7,28,98,943,44,9,4,57,8.966787688,117,737,74.54473802,11.31585285,8.746896199,9.203102608,489,29,454,28,518,482
4,1000,70,7.7,28,97,947,37,12,4,53,8.953727961,117,733,74.18405965,11.06773154,8.901411703,9.00861715,487,25,460,28,512,488
7,1000,70,7.7,28,102,956,26,7,11,44,8.775307997,129,769,74.73043831,11.639811,8.658005288,8.894026834,483,20,473,24,503,497
1,1000,70,7.7,28,83,951,36,6,7,49,8.463690337,132,756,74.04306115,11.09892338,8.341278619,8.585126664,475,23,476,26,498,502
5,1000,70,7.7,28,93,946,26,16,12,54,8.744361592,132,756,74.66498575,11.41547501,8.624822754,8.86828271,483,26,463,28,509,491
2,1000,70,7.7,28,97,948,32,9,11,52,8.869994875,110,754,74.12743398,11.69494365,8.616889075,9.127183027,476,28,472,24,504,496
3,1000,70,7.7,28,98,951,33,14,2,49,8.708824034,130,722,74.82003926,11.25101876,8.544995574,8.867492542,469,23,482,26,492,508
8,1000,70,7.7,28,95,964,23,8,5,36,8.30477341,130,730,74.65194028,11.48634583,7.808073343,8.780089129,478,11,486,25,489,511
6,1000,70,7.7,28,99,944,43,9,4,56,8.97984003,121,746,74.58112149,11.3610749,8.797367158,9.17594158,489,29,455,27,518,482
7,1000,70,7.7,28,103,956,26,7,11,44,8.796010504,129,773,74.77279691,11.6674953,8.699391226,8.893796211,483,20,473,24,503,497
4,1000,70,7.7,28,98,948,35,12,5,52,8.957817316,112,731,74.22642084,11.12753455,8.904617197,9.013633835,488,24,460,28,512,488
5,1000,70,7.7,28,94,947,25,16,12,53,8.74342197,100,772,74.70637597,11.44691594,8.615775101,8.875748359,484,25,463,28,509,491
2,1000,70,7.7,28,98,948,32,9,11,52,8.859465592,109,737,74.20556772,11.72962817,8.579400919,9.144047436,476,28,472,24,504,496
1,1000,70,7.7,28,84,952,35,6,7,48,8.484024045,114,742,74.11475045,11.12011803,8.390119472,8.577180374,475,23,477,25,498,502
3,1000,70,7.7,28,99,951,33,14,2,49,8.726980257,122,738,74.86857052,11.26997305,8.561727485,8.887028217,469,23,482,26,492,508
6,1000,70,7.7,28,100,944,43,8,5,56,8.964524166,124,783,74.63360563,11.38002362,8.811217218,9.129281425,489,29,455,27,518,482
7,1000,70,7.7,28,104,955,24,10,11,45,8.809136663,127,748,74.82714815,11.6937536,8.693445919,8.926224075,483,20,472,25,503,497
9,1000,70,7.7,28,0,942,25,13,20,58,7.078,70,713,70.10132809,8.900199767,6.066797642,8.126272912,490,19,452,39,509,491
8,1000,70,7.7,28,96,962,25,9,4,38,8.292454693,132,738,74.68654963,11.50080843,7.832213435,8.732881259,477,12,485,26,489,511
5,1000,70,7.7,28,95,948,24,15,13,52,8.725250642,116,735,74.73897901,11.46798484,8.607236345,8.847591329,484,25,464,27,509,491
2,1000,70,7.7,28,99,948,32,9,11,52,8.89322438,130,740,74.25939249,11.79633007,8.599306665,9.191882704,477,27,471,25,504,496
4,1000,70,7.7,28,99,949,34,12,5,51,8.94428806,98,760,74.28506542,11.1484523,8.927440636,8.961964046,488,24,461,27,512,488
6,1000,70,7.7,28,101,944,43,8,5,56,9.006977275,112,761,74.66870266,11.41261578,8.832360168,9.194636325,489,29,455,27,518,482
9,1000,70,7.7,28,1,944,24,13,19,56,7.065817562,96,695,70.13263989,8.938507927,6.096655328,8.070509165,490,19,454,37,509,491
3,1000,70,7.7,28,100,949,35,14,2,51,8.754264313,103,739,74.89779756,11.29017336,8.579774852,8.923258042,467,25,482,26,492,508
1,1000,70,7.7,28,85,950,35,8,7,50,8.50940698,117,742,74.16764162,11.14339206,8.450605603,8.56773982,474,24,476,26,498,502
2,1000,70,7.7,28,100,947,33,9,11,53,8.916488742,122,750,74.29189798,11.8036836,8.629079944,9.208533165,476,28,471,25,504,496
5,1000,70,7.7,28,96,949,23,15,13,51,8.760379363,121,738,74.79610702,11.48499985,8.659155092,8.865314503,484,25,465,26,509,491
8,1000,70,7.7,28,97,963,24,9,4,37,8.301239838,127,753,74.72556494,11.51584948,7.833862523,8.748495234,477,12,486,25,489,511
4,1000,70,7.7,28,100,949,33,12,6,51,8.992404487,130,740,74.34194751,11.17712076,9.025235047,8.95795931,487,25,462,26,512,488
6,1000,70,7.7,28,102,944,42,10,4,56,9.011691314,129,758,74.74524294,11.44280599,8.856914549,9.178028169,489,29,455,27,518,482
9,1000,70,7.7,28,2,944,25,13,18,56,7.076057884,85,711,70.1757875,8.971757918,6.09497361,8.093108588,490,19,454,37,509,491
3,1000,70,7.7,28,101,949,35,14,2,51,8.793144905,115,729,74.93642392,11.31588024,8.594389216,8.985640572,467,25,482,26,492,508
1,1000,70,7.7,28,86,952,33,8,7,48,8.527896195,126,751,74.19622822,11.18474487,8.466985319,8.588321725,475,23,477,25,498,502
2,1000,70,7.7,28,101,945,35,8,12,55,8.945902084,122,772,74.37354293,11.833835,8.679560929,9.216539064,475,29,470,26,504,496
5,1000,70,7.7,28,97,948,24,15,13,52,8.757890559,120,746,74.84228436,11.47986479,8.663975285,8.855248756,483,26,465,26,509,491
8,1000,70,7.7,28,98,963,24,10,3,37,8.29016556,114,771,74.79568636,11.54814651,7.814636278,8.745221957,477,12,486,25,489,511
4,1000,70,7.7,28,101,948,34,12,6,52,9.031645115,121,749,74.38322387,11.18869735,9.039115443,9.023807393,487,25,461,27,512,488
6,1000,70,7.7,28,103,943,45,9,3,57,9.035980101,109,731,74.79850423,11.44371263,8.919894216,9.160736301,489,29,454,28,518,482
3,1000,70,7.7,28,102,950,33,15,2,50,8.768032718,138,742,74.99791541,11.33154547,8.584075589,8.946195921,467,25,483,25,492,508
9,1000,70,7.7,28,3,944,24,15,17,56,7.094177614,101,685,70.2179249,8.999636832,6.128216776,8.095550458,490,19,454,37,509,491
2,1000,70,7.7,28,102,943,36,9,12,57,9.001409117,116,748,74.42052387,11.87535379,8.698971554,9.308724705,475,29,468,28,504,496
1,1000,70,7.7,28,87,952,32,9,7,48,8.564971138,115,750,74.24519992,11.19199307,8.501056574,8.628376422,475,23,477,25,498,502
8,1000,70,7.7,28,99,962,24,11,3,38,8.321755155,114,757,74.8256406,11.55899299,7.874655062,8.74960632,476,13,486,25,489,511
5,1000,70,7.7,28,98,947,25,15,13,53,8.771549133,107,746,74.88489844,11.52872371,8.69751282,8.848299608,483,26,464,27,509,491
4,1000,70,7.7,28,102,946,35,13,6,54,9.036883698,128,751,74.40675831,11.22288971,9.040636619,9.032946207,487,25,459,29,512,488
6,1000,70,7.7,28,104,944,44,9,3,56,9.003956556,110,732,74.85198727,11.46500798,8.927148995,9.086500781,489,29,455,27,518,482
10,1000,70,7.7,28,0,940,26,18,16,60,7.366,106,703,70.10615886,8.921197056,6.786138614,7.957575758,483,22,457,38,505,495
3,1000,70,7.7,28,103,950,33,15,2,50,8.767169196,119,749,75.03182688,11.34986781,8.549993529,8.977504684,468,24,482,26,492,508
9,1000,70,7.7,28,4,943,26,15,16,57,7.100860236,102,707,70.28311382,9.022430913,6.113474224,8.124443699,489,20,454,37,509,491
2,1000,70,7.7,28,103,944,35,9,12,56,8.996762571,128,757,74.45393541,11.88362063,8.686008912,9.312528386,476,28,468,28,504,496
5,1000,70,7.7,28,99,947,24,16,13,53,8.787962136,125,760,74.95384027,11.52936791,8.707422715,8.871454121,483,26,464,27,509,491
8,1000,70,7.7,28,100,963,22,12,3,37,8.316417671,123,751,74.88987947,11.5948501,7.901957878,8.713033794,476,13,487,24,489,511
1,1000,70,7.7,28,88,950,34,9,7,50,8.585943132,101,722,74.28667932,11.229584,8.530936208,8.640511753,474,24,476,26,498,502
4,1000,70,7.7,28,103,946,35,13,6,54,9.080698803,135,771,74.45939592,11.22526398,9.079900967,9.081535876,487,25,459,29,512,488
3,1000,70,7.7,28,104,950,33,15,2,50,8.780375992,123,757,75.11050443,11.38488536,8.597883675,8.957120519,468,24,482,26,492,508
11,1000,70,7.7,28,0,943,30,10,17,57,7.277,88,721,69.91554681,8.874449585,6.464,8.09,484,16,459,41,500,500
9,1000,70,7.7,28,5,943,26,15,16,57,7.146973283,96,712,70.29520361,9.038282826,6.180570979,8.148803776,489,20,454,37,509,491
10,1000,70,7.7,28,1,942,25,17,16,58,7.360778049,83,725,70.18322738,8.954848806,6.785018854,7.948168743,484,21,458,37,505,495
2,1000,70,7.7,28,104,944,35,9,12,56,9.036515688,126,747,74.50656633,11.90120659,8.736246535,9.341627891,476,28,468,28,504,496
12,1000,70,7.7,28,0,940,27,14,19,60,7.079,94,718,69.93882333,8.901330195,5.918,8.24,487,13,453,47,500,500
5,1000,70,7.7,28,100,947,24,15,14,53,8.843027753,111,748,75.04718547,11.55519783,8.739133147,8.950731123,483,26,464,27,509,491
8,1000,70,7.7,28,101,961,26,10,3,39,8.341214353,135,725,74.91836545,11.62370967,7.933574668,8.731303993,475,14,486,25,489,511
4,1000,70,7.7,28,104,947,35,12,6,53,9.117012836,110,739,74.49674475,11.25550852,9.114807326,9.119326813,487,25,460,28,512,488
13,1000,70,7.7,28,0,938,33,16,13,62,7.176,89,687,69.96463454,8.910092809,6.332653061,7.98627451,470,20,468,42,490,510
1,1000,70,7.7,28,89,950,33,9,8,50,8.57865156,116,766,74.36077975,11.26488308,8.558792087,8.598352791,474,24,476,26,498,502
9,1000,70,7.7,28,6,944,25,15,16,56,7.189464821,92,709,70.32193486,9.05950762,6.225127732,8.189154391,489,20,455,36,509,491
10,1000,70,7.7,28,2,943,23,17,17,57,7.388267092,98,691,70.23350494,8.991308037,6.830135995,7.957673563,484,21,459,36,505,495
11,1000,70,7.7,28,1,945,29,9,17,55,7.276353276,90,715,69.94784037,8.89355188,6.486548786,8.066157765,484,16,461,39,500,500
5,1000,70,7.7,28,101,948,25,14,13,52,8.816117607,127,759,75.1375829,11.58745306,8.691368611,8.945439886,484,25,464,27,509,491
12,1000,70,7.7,28,1,944,25,13,18,56,7.082051515,103,674,69.95733762,8.93756864,5.91869861,8.245404419,488,12,456,44,500,500
8,1000,70,7.7,28,102,961,26,10,3,39,8.359795718,107,770,74.97267653,11.64169121,7.953834582,8.748279076,474,15,487,24,489,511
13,1000,70,7.7,28,1,939,31,17,13,61,7.206186257,77,720,70.00131869,8.933136135,6.381591342,7.998444117,470,20,469,41,490,510
1,1000,70,7.7,28,90,951,32,9,8,49,8.55405996,108,731,74.38979235,11.2872314,8.583489221,8.524865194,473,25,478,24,498,502
9,1000,70,7.7,28,7,944,26,13,17,56,7.227183947,92,697,70.37340592,9.086581944,6.278456303,8.210691831,488,21,456,35,509,491
10,1000,70,7.7,28,3,943,23,17,17,57,7.419709768,83,711,70.26648076,9.04114306,6.868695742,7.981855389,484,21,459,36,505,495
11,1000,70,7.7,28,2,944,29,10,17,56,7.295645443,86,722,69.97743304,8.944200446,6.506208219,8.085082668,483,17,461,39,500,500
5,1000,70,7.7,28,102,949,26,13,12,51,8.836895413,117,768,75.19247866,11.59626673,8.68258881,8.996858878,485,24,464,27,509,491
8,1000,70,7.7,28,103,960,26,11,3,40,8.405303468,131,778,75.00433134,11.66686968,7.999862016,8.793289516,474,15,486,25,489,511
12,1000,70,7.7,28,2,944,24,14,18,56,7.080393553,88,692,70.06978806,8.925578481,5.928433327,8.232353779,488,12,456,44,500,500
13,1000,70,7.7,28,2,945,26,16,13,55,7.182910463,108,716,70.03637647,8.954352965,6.39014828,7.944583934,471,19,474,36,490,510
9,1000,70,7.7,28,8,944,25,14,17,56,7.286652776,87,709,70.41713076,9.100292458,6.327456514,8.281013057,488,21,456,35,509,491
1,1000,70,7.7,28,91,952,31,9,8,48,8.579080127,112,737,74.43262125,11.30449177,8.588735857,8.569501335,474,24,478,24,498,502
10,1000,70,7.7,28,4,944,24,16,16,56,7.430885503,88,711,70.338802,9.062999816,6.86889749,8.004226808,484,21,460,35,505,495
11,1000,70,7.7,28,3,945,29,10,16,55,7.301803095,95,685,70.01398224,8.977919228,6.543591091,8.060015099,483,17,462,38,500,500
8,1000,70,7.7,28,104,961,26,10,3,39,8.418240049,117,746,75.03839667,11.70028959,8.003221712,8.815390669,474,15,487,24,489,511
5,1000,70,7.7,28,103,949,26,14,11,51,8.831848138,125,758,75.22436164,11.61437247,8.625486776,9.045774682,485,24,464,27,509,491
14,1000,70,7.7,28,0,938,27,17,18,62,7.339,95,718,69.89092599,8.998803774,6,8.641025641,475,18,463,44,493,507
9,1000,70,7.7,28,9,944,25,14,17,56,7.3075339,94,712,70.47178872,9.123864816,6.34679751,8.303490767,488,21,456,35,509,491
12,1000,70,7.7,28,3,945,22,15,18,55,7.112954116,101,711,70.11320609,8.962639923,5.960087516,8.265820717,488,12,457,43,500,500
13,1000,70,7.7,28,3,949,23,15,13,51,7.160486847,74,710,70.11565437,8.966473575,6.403330542,7.887950748,471,19,478,32,490,510
1,1000,70,7.7,28,92,955,28,9,8,45,8.565552026,119,740,74.44803566,11.33243573,8.594158251,8.537173739,475,23,480,22,498,502
10,1000,70,7.7,28,5,944,24,16,16,56,7.44164256,109,688,70.39954545,9.103482005,6.855412091,8.039716068,485,20,459,36,505,495
11,1000,70,7.7,28,4,947,28,10,15,53,7.331751735,87,700,70.08774049,9.040394289,6.578338759,8.08516471,484,16,463,37,500,500
5,1000,70,7.7,28,104,947,28,14,11,53,8.836870888,121,777,75.28864361,11.65549205,8.597706213,9.084803312,485,24,462,29,509,491
15,1000,70,7.7,28,0,939,33,17,11,61,7.554,85,705,70.08989392,8.978105585,6.249488753,8.802348337,473,16,466,45,489,511
9,1000,70,7.7,28,10,945,24,14,17,55,7.341237778,114,726,70.55301649,9.152807594,6.407097593,8.309623429,488,21,457,34,509,491
14,1000,70,7.7,28,1,938,27,17,18,62,7.342592053,96,711,69.93791553,9.028869536,6.035725842,8.613371229,475,18,463,44,493,507
12,1000,70,7.7,28,4,946,22,14,18,54,7.155554099,96,693,70.17042734,8.972517474,6.022990013,8.288118184,488,12,458,42,500,500
13,1000,70,7.7,28,4,949,23,15,13,51,7.206643575,94,706,70.16200028,8.97938497,6.404622395,7.977212944,472,18,477,33,490,510
1,1000,70,7.7,28,93,955,28,9,8,45,8.560215835,102,769,74.49259345,11.34923465,8.572014735,8.548510951,476,22,479,23,498,502
10,1000,70,7.7,28,6,947,23,14,16,53,7.406854384,94,730,70.46323824,9.120518597,6.830396273,7.994958113,486,19,461,34,505,495
11,1000,70,7.7,28,5,947,29,10,14,53,7.353415108,105,715,70.15541705,9.072999619,6.633649249,8.073180966,484,16,463,37,500,500
9,1000,70,7.7,28,11,945,24,14,17,55,7.364598737,98,731,70.59147449,9.191090775,6.427440768,8.336112803,488,21,457,34,509,491
15,1000,70,7.7,28,1,938,34,16,12,62,7.5907693,107,705,70.14684492,8.997301624,6.264708292,8.859739618,472,17,466,45,489,511
14,1000,70,7.7,28,2,941,24,17,18,59,7.35777058,96,684,69.98486508,9.040873853,6.08447303,8.595908041,475,18,466,41,493,507
12,1000,70,7.7,28,5,947,21,14,18,53,7.142692992,106,718,70.21737679,8.995098632,6.016590267,8.268795717,488,12,459,41,500,500
13,1000,70,7.7,28,5,949,24,14,13,51,7.19378322,101,701,70.21283658,9.020368191,6.405833113,7.950833323,473,17,476,34,490,510
1,1000,70,7.7,28,94,954,28,10,8,46,8.571791922,112,762,74.53000035,11.34799201,8.574983001,8.56862627,476,22,478,24,498,502
10,1000,70,7.7,28,7,948,22,14,16,52,7.400068949,91,716,70.50315489,9.142793781,6.831584148,7.980038291,487,18,461,34,505,495
11,1000,70,7.7,28,6,946,31,10,13,54,7.390107082,100,690,70.2024238,9.102311808,6.605857947,8.174356217,483,17,463,37,500,500
9,1000,70,7.7,28,12,946,24,13,17,54,7.337328097,93,691,70.62767426,9.197993406,6.405545409,8.303269824,489,20,457,34,509,491
15,1000,70,7.7,28,2,940,33,15,12,60,7.598671527,83,692,70.17925545,9.028552995,6.287269954,8.853613541,473,16,467,44,489,511
14,1000,70,7.7,28,3,941,24,17,18,59,7.401979222,101,679,70.04572809,9.051142681,6.114428801,8.653975982,475,18,466,41,493,507
12,1000,70,7.7,28,6,947,21,14,18,53,7.184320872,98,703,70.25234287,9.004257992,6.039345981,8.329295763,488,12,459,41,500,500
13,1000,70,7.7,28,6,950,25,13,12,50,7.193375611,90,720,70.2500404,9.031250731,6.423319952,7.933233009,474,16,476,34,490,510
1,1000,70,7.7,28,95,955,28,9,8,45,8.580726362,101,742,74.58322288,11.3721551,8.575270518,8.586138732,476,22,479,23,498,502
9,1000,70,7.7,28,13,947,24,13,16,53,7.360246413,90,693,70.6953272,9.217874974,6.440397306,8.313817075,489,20,458,33,509,491
10,1000,70,7.7,28,8,950,21,13,16,50,7.427828113,93,719,70.54959569,9.164984619,6.874731586,7.992098307,487,18,463,32,505,495
11,1000,70,7.7,28,7,947,31,9,13,53,7.430538962,65,712,70.25521738,9.124988566,6.662688579,8.198389344,483,17,464,36,500,500
15,1000,70,7.7,28,3,943,29,16,12,57,7.585534479,98,697,70.22678253,9.074444522,6.315829641,8.800574922,473,16,470,41,489,511
14,1000,70,7.7,28,4,941,24,16,19,59,7.431186986,100,711,70.05884012,9.095031691,6.144047698,8.682783966,475,18,466,41,493,507
13,1000,70,7.7,28,7,951,25,13,11,49,7.219470736,92,698,70.31612486,9.061748462,6.485593836,7.924568151,474,16,477,33,490,510
12,1000,70,7.7,28,7,947,21,14,18,53,7.185223418,92,724,70.27781702,9.017894152,6.048134241,8.322312596,488,12,459,41,500,500
9,1000,70,7.7,28,14,947,24,13,16,53,7.414516399,102,719,70.72266582,9.248371675,6.533494542,8.32783641,488,21,459,32,509,491
1,1000,70,7.7,28,96,954,30,8,8,46,8.593191086,115,752,74.6226023,11.40065592,8.589941187,8.596415088,476,22,478,24,498,502
11,1000,70,7.7,28,8,950,29,9,12,50,7.400606963,112,709,70.29283063,9.170004168,6.639082764,8.162131163,485,15,465,35,500,500
10,1000,70,7.7,28,9,951,21,13,15,49,7.436311761,111,724,70.57047435,9.170802661,6.897465865,7.986043432,487,18,464,31,505,495
15,1000,70,7.7,28,4,944,29,14,13,56,7.582445829,85,711,70.2891629,9.110148974,6.320799331,8.789774864,473,16,471,40,489,511
14,1000,70,7.7,28,5,941,25,16,18,59,7.43539616,88,714,70.10639458,9.114025451,6.124937037,8.709669035,476,17,465,42,493,507
13,1000,70,7.7,28,8,952,25,13,10,48,7.205359477,94,691,70.32502546,9.073048102,6.471824146,7.910128717,475,15,477,33,490,510
9,1000,70,7.7,28,15,948,26,12,14,52,7.387403797,108,730,70.79226131,9.2776477,6.477258337,8.33091508,491,18,457,34,509,491
12,1000,70,7.7,28,8,945,23,14,18,55,7.235837986,89,720,70.3232222,9.045884629,6.115167634,8.356508338,488,12,457,43,500,500
10,1000,70,7.7,28,10,951,21,13,15,49,7.448759507,95,710,70.61839521,9.204072662,6.896720106,8.011951219,487,18,464,31,505,495
1,1000,70,7.7,28,97,954,30,8,8,46,8.611567824,117,736,74.68864751,11.42817077,8.617640839,8.6055432,476,22,478,24,498,502
11,1000,70,7.7,28,9,950,29,9,12,50,7.424795403,90,717,70.34153766,9.208602722,6.645430488,8.204160319,485,15,465,35,500,500
15,1000,70,7.7,28,5,945,28,14,13,55,7.597350078,102,702,70.32803404,9.145066737,6.354255128,8.786926263,472,17,473,38,489,511
13,1000,70,7.7,28,9,953,26,11,10,47,7.167208779,101,711,70.37462953,9.10929288,6.460172925,7.846517737,475,15,478,32,490,510
9,1000,70,7.7,28,16,950,25,11,14,50,7.383359543,108,717,70.81364551,9.313194025,6.447926982,8.353084947,492,17,458,33,509,491
14,1000,70,7.7,28,6,941,25,16,18,59,7.439603887,87,703,70.16027161,9.147278204,6.14401064,8.699421385,476,17,465,42,493,507
12,1000,70,7.7,28,9,945,23,14,18,55,7.268685706,108,709,70.37477184,9.07348997,6.122612074,8.414759338,488,12,457,43,500,500
11,1000,70,7.7,28,10,950,29,9,12,50,7.453826987,90,722,70.40863384,9.220981653,6.670942568,8.236711406,485,15,465,35,500,500
10,1000,70,7.7,28,11,951,21,13,15,49,7.464503654,96,711,70.72550378,9.240534244,6.930706947,8.009084132,487,18,464,31,505,495
1,1000,70,7.7,28,98,953,31,8,8,47,8.607774378,115,770,74.74759624,11.45131922,8.624411269,8.591270053,475,23,478,24,498,502
15,1000,70,7.7,28,6,945,28,14,13,55,7.624850112,83,719,70.36650385,9.188893403,6.396928445,8.799906267,472,17,473,38,489,511
13,1000,70,7.7,28,10,955,26,9,10,45,7.1915594,95,687,70.41180555,9.142128956,6.533675414,7.823644013,475,15,480,30,490,510
9,1000,70,7.7,28,17,951,25,11,13,49,7.360824293,106,689,70.85984346,9.327830919,6.445411662,8.309795839,492,17,459,32,509,491
14,1000,70,7.7,28,7,941,26,15,18,59,7.474070833,91,704,70.21302231,9.158632653,6.214060516,8.699287966,476,17,465,42,493,507
12,1000,70,7.7,28,10,946,22,14,18,54,7.315556556,108,711,70.4146743,9.08710087,6.159961014,8.471152098,488,12,458,42,500,500
11,1000,70,7.7,28,11,950,30,8,12,50,7.466502691,85,698,70.47025166,9.240422758,6.694594598,8.238410784,485,15,465,35,500,500
10,1000,70,7.7,28,12,950,22,13,15,50,7.497469953,99,706,70.77210572,9.272287614,6.992490848,8.012650655,486,19,464,31,505,495
15,1000,70,7.7,28,7,945,28,14,13,55,7.632142306,114,721,70.44650496,9.213332615,6.415138833,8.796750326,472,17,473,38,489,511
1,1000,70,7.7,28,99,954,30,8,8,46,8.622364174,114,762,74.79465082,11.48788917,8.65808587,8.586927112,476,22,478,24,498,502
13,1000,70,7.7,28,11,954,27,9,10,46,7.199169341,96,692,70.45884046,9.16052334,6.554352152,7.818699581,475,15,479,31,490,510
9,1000,70,7.7,28,18,953,25,9,13,47,7.35082208,98,725,70.92852438,9.345861,6.4833779,8.250066657,492,17,461,30,509,491
14,1000,70,7.7,28,8,941,26,15,18,59,7.533852126,94,707,70.26260948,9.174315406,6.275764778,8.757199389,476,17,465,42,493,507
12,1000,70,7.7,28,11,947,21,13,19,53,7.338938452,92,717,70.43954796,9.129148884,6.185813148,8.492063756,488,12,459,41,500,500
11,1000,70,7.7,28,12,950,30,8,12,50,7.50257777,94,726,70.4953367,9.24485791,6.676129718,8.329025823,487,13,463,37,500,500
10,1000,70,7.7,28,13,951,21,12,16,49,7.506706225,91,734,70.80845102,9.298656897,7.016439455,8.006877374,486,19,465,30,505,495
15,1000,70,7.7,28,8,945,30,14,11,55,7.65232987,104,688,70.47416354,9.226004589,6.433823728,8.818375865,472,17,473,38,489,511
9,1000,70,7.7,28,19,953,23,11,13,47,7.389257464,100,699,70.96720851,9.382047677,6.555966637,8.253096632,492,17,461,30,509,491
13,1000,70,7.7,28,12,955,26,9,10,45,7.219697532,100,690,70.50219389,9.173655516,6.584236012,7.830238993,476,14,479,31,490,510
1,1000,70,7.7,28,100,953,30,9,8,47,8.652894761,130,744,74.83689498,11.53008509,8.715457725,8.590830306,475,23,478,24,498,502
14,1000,70,7.7,28,9,940,27,15,18,60,7.557532738,92,714,70.27390869,9.166225013,6.293634841,8.786530102,476,17,464,43,493,507
12,1000,70,7.7,28,12,950,20,11,19,50,7.309810769,108,717,70.49797208,9.158041208,6.199403787,8.420217751,489,11,461,39,500,500
11,1000,70,7.7,28,13,950,30,8,12,50,7.565952257,84,733,70.53758518,9.278941633,6.745240792,8.386663721,487,13,463,37,500,500
10,1000,70,7.7,28,14,951,22,12,15,49,7.530782372,98,723,70.82790368,9.336710468,7.033586017,8.038023097,486,19,465,30,505,495
15,1000,70,7.7,28,9,945,30,14,11,55,7.690915115,96,702,70.51355797,9.267813028,6.454089901,8.874491495,472,17,473,38,489,511
9,1000,70,7.7,28,20,952,25,11,12,48,7.426106128,94,727,71.0026087,9.403908667,6.607842062,8.274367655,492,17,460,31,509,491
13,1000,70,7.7,28,13,956,27,7,10,44,7.241806342,90,717,70.54423107,9.215587663,6.62857595,7.830988484,476,14,480,30,490,510
14,1000,70,7.7,28,10,941,27,14,18,59,7.582139604,107,690,70.31938788,9.189300013,6.384922969,8.746297002,475,18,466,41,493,507
12,1000,70,7.7,28,13,951,20,11,18,49,7.332613601,104,698,70.52420745,9.167723855,6.239695428,8.425531774,489,11,462,38,500,500
1,1000,70,7.7,28,101,954,29,8,9,46,8.689747033,126,759,74.89566206,11.56271715,8.769255208,8.610872389,475,23,479,23,498,502
11,1000,70,7.7,28,14,950,30,8,12,50,7.579715506,89,687,70.55221086,9.318220592,6.750190808,8.409240204,487,13,463,37,500,500
10,1000,70,7.7,28,15,950,23,12,15,50,7.573706426,100,715,70.8748614,9.368459059,7.05918019,8.098627131,485,20,465,30,505,495
15,1000,70,7.7,28,10,946,29,14,11,54,7.700414514,111,691,70.55941435,9.2838168,6.457777897,8.889552099,473,16,473,38,489,511
9,1000,70,7.7,28,21,953,25,10,12,47,7.428555139,109,708,71.02400727,9.428635042,6.645256057,8.240569869,491,18,462,29,509,491
13,1000,70,7.7,28,14,956,27,7,10,44,7.289553797,106,718,70.60518302,9.273480778,6.684207865,7.871160673,475,15,481,29,490,510
14,1000,70,7.7,28,11,942,26,13,19,58,7.604066769,89,702,70.35012334,9.198667407,6.391197019,8.783445048,475,18,467,40,493,507
12,1000,70,7.7,28,14,951,22,10,17,49,7.340661467,89,708,70.55895649,9.187602016,6.300579543,8.380743391,489,11,462,38,500,500
11,1000,70,7.7,28,15,949,31,8,12,51,7.610492108,92,723,70.61219552,9.351827836,6.787314337,8.433669879,486,14,463,37,500,500
10,1000,70,7.7,28,16,950,24,10,16,50,7.610227625,119,713,70.91796449,9.370487765,7.081472486,8.149664686,486,19,464,31,505,495
1,1000,70,7.7,28,102,954,28,9,9,46,8.730159047,102,752,74.93880447,11.60031256,8.802949979,8.657948121,475,23,479,23,498,502
15,1000,70,7.7,28,11,946,29,14,11,54,7.690650108,94,737,70.61138363,9.306661258,6.465275213,8.863269137,473,16,473,38,489,511
9,1000,70,7.7,28,22,954,25,9,12,46,7.473029128,109,702,71.05875792,9.428958984,6.684713402,8.290244412,491,18,463,28,509,491
13,1000,70,7.7,28,15,959,26,6,9,41,7.293834215,91,709,70.62173763,9.30402721,6.724968253,7.840391707,475,15,484,26,490,510
14,1000,70,7.7,28,12,943,24,14,19,57,7.648120134,83,716,70.43832945,9.203909546,6.438421352,8.824415006,475,18,468,39,493,507
12,1000,70,7.7,28,15,952,21,10,17,48,7.338477976,102,715,70.60772667,9.225011578,6.300206826,8.376749126,490,10,462,38,500,500
11,1000,70,7.7,28,16,948,31,8,13,52,7.660943874,97,713,70.64515021,9.376358032,6.836769494,8.485118253,486,14,462,38,500,500
10,1000,70,7.7,28,17,951,23,10,16,49,7.661187422,82,710,70.93197775,9.39085606,7.164429535,8.167980821,486,19,465,30,505,495
1,1000,70,7.7,28,103,954,28,9,9,46,8.757243828,120,765,74.97290642,11.61905332,8.820801829,8.694192266,475,23,479,23,498,502
15,1000,70,7.7,28,12,946,29,14,11,54,7.731117646,89,709,70.66467843,9.325020901,6.500916233,8.908355397,473,16,473,38,489,511
9,1000,70,7.7,28,23,955,25,8,12,45,7.497004267,102,714,71.11772632,9.448168081,6.732494511,8.289540857,491,18,464,27,509,491
13,1000,70,7.7,28,16,960,25,6,9,40,7.315056994,97,707,70.61677347,9.356362596,6.769372663,7.839341938,475,15,485,25,490,510
14,1000,70,7.7,28,13,944,24,13,19,56,7.664625359,95,707,70.48601312,9.193382429,6.457413561,8.838501919,476,17,468,39,493,507
12,1000,70,7.7,28,16,954,19,10,17,46,7.384110963,92,697,70.6197848,9.251160051,6.358469874,8.409752051,490,10,464,36,500,500
10,1000,70,7.7,28,18,952,22,10,16,48,7.62921912,115,694,70.97881288,9.419106345,7.141986108,8.126295223,486,19,466,29,505,495
11,1000,70,7.7,28,17,948,32,8,12,52,7.650045886,107,686,70.71201913,9.37282904,6.877510914,8.422580857,485,15,463,37,500,500
15,1000,70,7.7,28,13,948,25,16,11,52,7.734297973,80,722,70.71697676,9.332217253,6.511079739,8.904853191,473,16,475,36,489,511
9,1000,70,7.7,28,24,955,26,7,12,45,7.53604275,102,717,71.17636892,9.462279589,6.777237639,8.322665563,491,18,464,27,509,491
1,1000,70,7.7,28,104,954,28,9,9,46,8.799449576,111,770,75.0147044,11.6267345,8.897410714,8.702269005,475,23,479,23,498,502
16,1000,70,7.7,28,0,948,30,8,14,52,7.265,100,704,70.00935881,8.793649818,6.111764706,8.465306122,494,16,454,36,510,490
13,1000,70,7.7,28,17,959,26,6,9,41,7.34672021,90,719,70.66345359,9.358713573,6.8033578,7.86877429,475,15,484,26,490,510
14,1000,70,7.7,28,14,946,22,13,19,54,7.682959178,106,720,70.51306818,9.207955002,6.50334764,8.829997615,476,17,470,37,493,507
12,1000,70,7.7,28,17,953,22,10,15,47,7.405148218,89,699,70.6762661,9.276226458,6.378033332,8.432263103,489,11,464,36,500,500
10,1000,70,7.7,28,19,954,22,9,15,46,7.606514627,90,738,71.01427316,9.452404859,7.157338789,8.064764725,486,19,468,27,505,495
11,1000,70,7.7,28,18,950,30,8,12,50,7.694821302,99,691,70.77744504,9.409382934,6.931747671,8.457894933,486,14,464,36,500,500
15,1000,70,7.7,28,14,948,25,16,11,52,7.738182466,102,716,70.76860739,9.371739251,6.522450372,8.901573844,473,16,475,36,489,511
9,1000,70,7.7,28,25,954,26,8,12,46,7.592907818,98,726,71.21942348,9.474537244,6.81587316,8.398428472,491,18,463,28,509,491
13,1000,70,7.7,28,18,961,25,5,9,39,7.383266657,87,715,70.69405291,9.372607768,6.851723747,7.893964747,476,14,485,25,490,510
14,1000,70,7.7,28,15,946,23,12,19,54,7.717599394,90,726,70.53285394,9.251383575,6.520719751,8.881429106,476,17,470,37,493,507
12,1000,70,7.7,28,18,953,22,10,15,47,7.42744302,115,716,70.75263275,9.298738335,6.384463061,8.47042298,489,11,464,36,500,500
16,1000,70,7.7,28,1,950,29,7,14,50,7.287035575,90,692,70.02700429,8.804635253,6.157234553,8.462950924,494,16,456,34,510,490
10,1000,70,7.7,28,20,952,24,9,15,48,7.687496917,107,714,71.05797845,9.499769174,7.270403661,8.1130163,484,21,468,27,505,495
11,1000,70,7.7,28,19,949,31,7,13,51,7.707848286,97,704,70.82393954,9.428725551,6.961619896,8.454076677,485,15,464,36,500,500
9,1000,70,7.7,28,26,954,25,9,12,46,7.622776727,101,735,71.28103127,9.49602747,6.822971952,8.451902246,491,18,463,28,509,491
15,1000,70,7.7,28,15,949,27,15,9,51,7.736257986,108,701,70.8080641,9.401918424,6.54106688,8.879992724,473,16,476,35,489,511
13,1000,70,7.7,28,19,961,25,5,9,39,7.429129345,93,720,70.77582012,9.393853993,6.925744368,7.912773734,476,14,485,25,490,510
14,1000,70,7.7,28,16,946,23,12,19,54,7.725274631,103,711,70.55489395,9.279735173,6.562174094,8.856257995,476,17,470,37,493,507
12,1000,70,7.7,28,19,954,21,10,15,46,7.477633422,86,710,70.77340146,9.342707631,6.47514807,8.480118775,489,11,465,35,500,500
10,1000,70,7.7,28,21,952,24,9,15,48,7.726990059,109,706,71.10831686,9.521661991,7.325352386,8.136741625,484,21,468,27,505,495
16,1000,70,7.7,28,2,948,30,8,14,52,7.297909223,113,687,70.11269028,8.827562564,6.214196325,8.425855301,492,18,456,34,510,490
11,1000,70,7.7,28,20,950,30,7,13,50,7.731572384,107,722,70.89132223,9.463841846,6.997311713,8.465833054,485,15,465,35,500,500
9,1000,70,7.7,28,27,953,26,9,12,47,7.670977517,103,730,71.34501415,9.544161104,6.826015026,8.546916229,491,18,462,29,509,491
15,1000,70,7.7,28,16,949,27,14,10,51,7.770232211,105,699,70.86991031,9.426020826,6.580512927,8.908730703,473,16,476,35,489,511
13,1000,70,7.7,28,20,962,23,6,9,38,7.432886174,82,697,70.8069267,9.403171453,6.942965064,7.903594693,476,14,486,24,490,510
14,1000,70,7.7,28,17,948,22,12,18,52,7.6993484,69,704,70.5876154,9.309324934,6.562053564,8.805238645,477,16,471,36,493,507
12,1000,70,7.7,28,20,956,19,10,15,44,7.494795015,111,716,70.85414945,9.365232529,6.540650664,8.448939367,489,11,467,33,500,500
10,1000,70,7.7,28,22,952,24,9,15,48,7.738978815,112,702,71.16762039,9.527661629,7.36598074,8.119512205,484,21,468,27,505,495
11,1000,70,7.7,28,21,951,29,7,13,49,7.753069865,88,730,70.93212195,9.495057178,7.021231339,8.484908391,485,15,466,34,500,500
16,1000,70,7.7,28,3,949,30,9,12,51,7.297976202,80,724,70.16323514,8.842935056,6.203907763,8.436700495,492,18,457,33,510,490
9,1000,70,7.7,28,28,954,26,9,11,46,7.688463721,92,702,71.40334892,9.590106746,6.905543578,8.500085621,491,18,463,28,509,491
13,1000,70,7.7,28,21,962,23,6,9,38,7.493135298,88,708,70.84391164,9.426451964,7.004341872,7.962760354,476,14,486,24,490,510
15,1000,70,7.7,28,17,949,27,14,10,51,7.772521272,89,723,70.92899835,9.455340225,6.625332922,8.870319908,473,16,476,35,489,511
14,1000,70,7.7,28,18,949,23,12,16,51,7.705375876,109,705,70.65146452,9.357908024,6.582999783,8.796759335,477,16,472,35,493,507
12,1000,70,7.7,28,21,956,19,10,15,44,7.503941755,89,699,70.91368906,9.389235472,6.605251662,8.402631848,489,11,467,33,500,500
10,1000,70,7.7,28,23,953,22,10,15,47,7.727119831,95,727,71.20721023,9.576624548,7.353415877,8.10837336,485,20,468,27,505,495
11,1000,70,7.7,28,22,952,28,7,13,48,7.759654011,106,705,70.96406267,9.537009178,7.038572694,8.480735329,485,15,467,33,500,500
9,1000,70,7.7,28,29,954,28,9,9,46,7.687831882,90,713,71.5081839,9.631319454,6.929855967,8.473595101,490,19,464,27,509,491
13,1000,70,7.7,28,22,963,21,7,9,37,7.504494988,96,712,70.85577522,9.431616982,7.014119689,7.975639884,476,14,487,23,490,510
15,1000,70,7.7,28,18,949,27,14,10,51,7.793171694,88,728,70.9773174,9.495473192,6.661684277,8.875945366,473,16,476,35,489,511
16,1000,70,7.7,28,4,950,28,9,13,50,7.34603516,102,726,70.21125209,8.847551046,6.238699645,8.498568043,492,18,458,32,510,490
14,1000,70,7.7,28,19,948,24,12,16,52,7.736609873,97,723,70.69434769,9.38859585,6.585291986,8.856135946,477,16,471,36,493,507
12,1000,70,7.7,28,22,956,19,10,15,44,7.533047922,94,723,70.97317778,9.429433023,6.663273646,8.402822199,489,11,467,33,500,500
10,1000,70,7.7,28,24,953,23,9,15,47,7.69464312,96,716,71.26870391,9.58730529,7.330187281,8.066461703,486,19,467,28,505,495
11,1000,70,7.7,28,23,951,30,7,12,49,7.764878575,86,727,70.97536539,9.561207433,7.054086011,8.475671139,485,15,466,34,500,500
9,1000,70,7.7,28,30,955,27,9,9,45,7.697123755,105,714,71.54141638,9.65357577,6.937251477,8.484852857,491,18,464,27,509,491
13,1000,70,7.7,28,23,964,20,7,9,36,7.538435239,90,716,70.8647113,9.462160828,7.046891503,8.01070275,476,14,488,22,490,510
15,1000,70,7.7,28,19,949,26,15,10,51,7.792413587,110,732,71.03536252,9.518959223,6.66553554,8.870776337,473,16,476,35,489,511
12,1000,70,7.7,28,23,955,20,11,14,45,7.527464052,96,721,71.01366785,9.451756565,6.68777392,8.367154183,489,11,466,34,500,500
14,1000,70,7.7,28,20,948,24,12,16,52,7.777783159,89,734,70.76182438,9.416783492,6.61599059,8.90749467,477,16,471,36,493,507
16,1000,70,7.7,28,5,951,27,9,13,49,7.380149403,84,715,70.23945482,8.88288123,6.27006635,8.535541967,492,18,459,31,510,490
10,1000,70,7.7,28,25,952,25,8,15,48,7.729058854,100,718,71.3263522,9.645425678,7.344690207,8.121192524,486,19,466,29,505,495
11,1000,70,7.7,28,24,951,30,7,12,49,7.786632977,94,697,71.00892209,9.585341664,7.099350423,8.473915531,485,15,466,34,500,500
9,1000,70,7.7,28,31,954,29,9,8,46,7.709442118,107,708,71.59148975,9.677372632,6.964866081,8.481314222,491,18,463,28,509,491
13,1000,70,7.7,28,24,965,19,7,9,35,7.567306603,105,715,70.91264942,9.486573749,7.024198349,8.089116495,478,12,487,23,490,510
15,1000,70,7.7,28,20,951,25,14,10,49,7.803009683,113,710,71.12898033,9.535852513,6.692094326,8.866096981,473,16,478,33,489,511
12,1000,70,7.7,28,24,954,20,13,13,46,7.577148527,90,726,71.04709976,9.46750189,6.806837321,8.347459734,488,12,466,34,500,500
14,1000,70,7.7,28,21,947,25,12,16,53,7.790781241,103,707,70.81567628,9.452186686,6.653691575,8.896471981,476,17,471,36,493,507
16,1000,70,7.7,28,6,950,28,9,13,50,7.389581975,91,737,70.27795472,8.882762627,6.280566813,8.543863063,492,18,458,32,510,490
10,1000,70,7.7,28,26,951,27,8,14,49,7.73332124,87,736,71.39960672,9.671552423,7.350679206,8.123693416,485,20,466,29,505,495
11,1000,70,7.7,28,25,950,31,7,12,50,7.811359453,93,691,71.04699765,9.59402169,7.152499402,8.470219504,484,16,466,34,500,500
9,1000,70,7.7,28,32,954,28,10,8,46,7.744192678,106,730,71.63788459,9.714076643,7.013567835,8.501602138,492,17,462,29,509,491
13,1000,70,7.7,28,25,966,18,7,9,34,7.590421194,104,711,70.95560295,9.491030254,7.045334746,8.114131703,479,11,487,23,490,510
15,1000,70,7.7,28,21,951,25,14,10,49,7.828204633,106,712,71.14902426,9.562450024,6.746998933,8.86286136,472,17,479,32,489,511
12,1000,70,7.7,28,25,954,21,13,12,46,7.581510727,110,704,71.13349364,9.491437404,6.85370613,8.309315325,488,12,466,34,500,500
14,1000,70,7.7,28,22,946,25,13,16,54,7.81712628,87,711,70.87805787,9.478038042,6.708481312,8.895157778,475,18,471,36,493,507
10,1000,70,7.7,28,27,949,30,8,13,51,7.749437845,85,712,71.45550257,9.694715885,7.374560684,8.131888282,486,19,463,32,505,495
11,1000,70,7.7,28,26,952,30,7,11,48,7.847141834,102,723,71.0872041,9.617389862,7.193444734,8.500838934,484,16,468,32,500,500
16,1000,70,7.7,28,7,951,28,8,13,49,7.415336638,85,702,70.348332,8.917482898,6.328736233,8.54628808,492,18,459,31,510,490
9,1000,70,7.7,28,33,953,29,9,9,47,7.758424628,109,717,71.67979108,9.722734778,7.026207774,8.517484462,491,18,462,29,509,491
13,1000,70,7.7,28,26,964,20,7,9,36,7.60336633,118,706,70.98448207,9.535558449,7.078255749,8.107884339,478,12,486,24,490,510
15,1000,70,7.7,28,22,954,21,15,10,46,7.786536425,106,716,71.21809093,9.605965502,6.725812839,8.801592851,473,16,481,30,489,511
12,1000,70,7.7,28,26,954,22,12,12,46,7.625554351,95,711,71.16595489,9.506623249,6.904542717,8.346565986,488,12,466,34,500,500
14,1000,70,7.7,28,23,947,26,12,15,53,7.812879453,107,709,70.90261053,9.511127423,6.708128186,8.887124768,475,18,472,35,493,507
10,1000,70,7.7,28,28,949,30,8,13,51,7.781255159,101,729,71.50909653,9.68989855,7.402281637,8.167884712,486,19,463,32,505,495
11,1000,70,7.7,28,27,956,27,5,12,44,7.838199938,86,732,71.12654643,9.618162145,7.165745988,8.510653887,487,13,469,31,500,500
9,1000,70,7.7,28,34,954,28,9,9,46,7.769848885,89,714,71.72269012,9.744860798,7.072938462,8.492307958,491,18,463,28,509,491
16,1000,70,7.7,28,8,951,29,8,12,49,7.453619166,96,688,70.39161887,8.936223128,6.34637788,8.606053974,492,18,459,31,510,490
15,1000,70,7.7,28,23,955,21,14,10,45,7.788038347,118,711,71.24212131,9.639928941,6.780615328,8.752088947,473,16,482,29,489,511
13,1000,70,7.7,28,27,965,20,5,10,35,7.654376854,93,729,71.03425937,9.550001234,7.125252741,8.162751002,479,11,486,24,490,510
12,1000,70,7.7,28,27,956,22,10,12,44,7.619777375,109,715,71.20622666,9.540905019,6.921558101,8.317996648,489,11,467,33,500,500
10,1000,70,7.7,28,29,950,30,7,13,50,7.787855744,95,704,71.56362857,9.718148798,7.410309954,8.173028722,486,19,464,31,505,495
14,1000,70,7.7,28,24,948,26,12,14,52,7.825265515,100,710,70.95789441,9.525202965,6.749250845,8.871567749,475,18,473,34,493,507
11,1000,70,7.7,28,28,955,27,6,12,45,7.858998127,98,717,71.16511741,9.612074178,7.202305648,8.515690607,486,14,469,31,500,500
9,1000,70,7.7,28,35,953,30,8,9,47,7.772793491,102,729,71.76470107,9.775802286,7.07671856,8.494386445,491,18,462,29,509,491
15,1000,70,7.7,28,24,955,21,15,9,45,7.787513698,95,733,71.29164313,9.660718936,6.774389662,8.75701987,473,16,482,29,489,511
16,1000,70,7.7,28,9,950,30,7,13,50,7.486646672,94,690,70.43277746,8.949973907,6.393478713,8.624433732,491,19,459,31,510,490
13,1000,70,7.7,28,28,965,20,5,10,35,7.644687038,95,711,71.08744711,9.560417672,7.084938161,8.182484978,479,11,486,24,490,510
12,1000,70,7.7,28,28,955,23,10,12,45,7.652985935,84,716,71.27015344,9.575596397,6.972750219,8.333221652,488,12,467,33,500,500
10,1000,70,7.7,28,30,950,30,7,13,50,7.792956107,85,737,71.59899413,9.728845048,7.426419991,8.166896993,486,19,464,31,505,495
14,1000,70,7.7,28,25,950,25,11,14,50,7.810932281,87,726,71.02948777,9.559886457,6.76068495,8.8321787,475,18,475,32,493,507
9,1000,70,7.7,28,36,953,30,8,9,47,7.808022443,82,729,71.77675753,9.803386004,7.140983154,8.499515311,491,18,462,29,509,491
11,1000,70,7.7,28,29,955,26,7,12,45,7.882809443,97,699,71.19945079,9.625441436,7.202600388,8.563018499,487,13,468,32,500,500
15,1000,70,7.7,28,25,957,20,15,8,43,7.786368573,104,724,71.30461867,9.684966589,6.82163133,8.709571139,473,16,484,27,489,511
13,1000,70,7.7,28,29,966,21,5,8,34,7.625066964,102,720,71.1537894,9.591978431,7.085020957,8.143934697,479,11,487,23,490,510
16,1000,70,7.7,28,10,950,30,7,13,50,7.523414219,87,727,70.47472259,8.954485581,6.423314593,8.668415871,491,19,459,31,510,490
12,1000,70,7.7,28,29,955,23,10,12,45,7.654292429,100,713,71.29947582,9.616656781,6.976248345,8.332336514,488,12,467,33,500,500
10,1000,70,7.7,28,31,948,33,7,12,52,7.802789611,93,701,71.64400498,9.769957203,7.444918696,8.167890241,485,20,463,32,505,495
14,1000,70,7.7,28,26,951,25,10,14,49,7.851423731,83,702,71.05547173,9.591771998,6.80271183,8.871177119,475,18,476,31,493,507
9,1000,70,7.7,28,37,952,30,8,10,48,7.824856001,106,726,71.8296197,9.828793822,7.148372582,8.526139219,491,18,461,30,509,491
11,1000,70,7.7,28,30,955,27,7,11,45,7.853272034,91,720,71.24169903,9.64468727,7.207954338,8.49858973,486,14,469,31,500,500
13,1000,70,7.7,28,30,967,19,6,8,33,7.65278344,95,719,71.20261485,9.640552762,7.134645042,8.150602686,479,11,488,22,490,510
15,1000,70,7.7,28,26,957,20,15,8,43,7.809602817,110,717,71.37008441,9.689475135,6.872042887,8.706798131,473,16,484,27,489,511
12,1000,70,7.7,28,30,956,24,10,10,44,7.656652054,96,699,71.33985154,9.633185112,7.008747304,8.304556804,487,13,469,31,500,500
16,1000,70,7.7,28,11,952,28,7,13,48,7.548115167,106,698,70.50576525,8.970892379,6.458180543,8.682536918,492,18,460,30,510,490
10,1000,70,7.7,28,32,946,35,7,12,54,7.877148771,99,704,71.69301341,9.788586474,7.517118707,8.24445217,485,20,461,34,505,495
14,1000,70,7.7,28,27,951,25,10,14,49,7.888438057,85,723,71.11314798,9.607970261,6.885691774,8.863495094,475,18,476,31,493,507
9,1000,70,7.7,28,38,953,28,9,10,47,7.843018238,104,730,71.90525734,9.871629615,7.18179154,8.528485425,492,17,461,30,509,491
11,1000,70,7.7,28,31,957,25,7,11,43,7.846008591,106,721,71.29303209,9.676983422,7.196453425,8.495563756,487,13,470,30,500,500
15,1000,70,7.7,28,27,958,19,15,8,42,7.814919448,104,734,71.41970792,9.705330338,6.884029029,8.705732393,473,16,485,26,489,511
13,1000,70,7.7,28,31,966,20,6,8,34,7.702128236,90,728,71.22559175,9.660527707,7.218161253,8.167116122,479,11,487,23,490,510
12,1000,70,7.7,28,31,957,24,10,9,43,7.657537272,116,750,71.38253907,9.65860626,7.009361034,8.30571351,487,13,470,30,500,500
10,1000,70,7.7,28,33,947,35,6,12,53,7.90393503,96,715,71.71160585,9.809752597,7.526785596,8.288703643,486,19,461,34,505,495
9,1000,70,7.7,28,39,953,29,8,10,47,7.8865349,91,710,71.96381136,9.887792989,7.215514519,8.582154806,492,17,461,30,509,491
16,1000,70,7.7,28,12,953,28,7,12,47,7.537571602,106,725,70.53798614,9.015610411,6.451632901,8.667834331,494,16,459,31,510,490
14,1000,70,7.7,28,28,952,24,10,14,48,7.916331214,99,716,71.15371195,9.620642507,6.93402964,8.871508089,475,18,477,30,493,507
11,1000,70,7.7,28,32,959,25,6,10,41,7.828092932,114,706,71.34745189,9.700644656,7.193764043,8.462421821,487,13,472,28,500,500
15,1000,70,7.7,28,28,957,20,15,8,43,7.869523079,103,727,71.48720264,9.723095336,6.941814203,8.757291456,473,16,484,27,489,511
13,1000,70,7.7,28,32,966,20,6,8,34,7.703715582,104,726,71.27460727,9.687222797,7.247635928,8.14190976,479,11,487,23,490,510
12,1000,70,7.7,28,32,958,24,9,9,42,7.678305914,90,706,71.4669502,9.683757266,7.014400182,8.342211645,488,12,470,30,500,500
10,1000,70,7.7,28,34,948,35,5,12,52,7.875911411,98,737,71.77452639,9.846929275,7.499113334,8.260321571,487,18,461,34,505,495
9,1000,70,7.7,28,40,953,28,9,10,47,7.915596415,105,741,72.00839656,9.924361809,7.259904725,8.595325683,492,17,461,30,509,491
14,1000,70,7.7,28,29,952,24,10,14,48,7.944859392,102,710,71.18994804,9.617686611,6.976548904,8.886431522,475,18,477,30,493,507
11,1000,70,7.7,28,33,960,24,6,10,40,7.814151338,119,691,71.39223516,9.736432748,7.203949152,8.424353524,487,13,473,27,500,500
16,1000,70,7.7,28,13,953,28,7,12,47,7.562741167,89,683,70.6080377,9.039724107,6.499186588,8.669706138,494,16,459,31,510,490
15,1000,70,7.7,28,29,957,21,13,9,43,7.887966586,86,740,71.52795063,9.743719822,6.940944779,8.794216417,473,16,484,27,489,511
13,1000,70,7.7,28,33,966,20,5,9,34,7.689535977,107,719,71.32257184,9.716166856,7.192346205,8.167228111,480,10,486,24,490,510
12,1000,70,7.7,28,33,957,25,9,9,43,7.700948012,115,725,71.48493873,9.689096393,7.006845424,8.395050601,488,12,469,31,500,500
9,1000,70,7.7,28,41,952,29,10,9,48,7.926931353,121,743,72.07140402,9.942332589,7.304878926,8.571788146,492,17,460,31,509,491
10,1000,70,7.7,28,35,949,35,5,11,51,7.868711435,108,729,71.81250617,9.864405705,7.473656654,8.271747121,487,18,462,33,505,495
14,1000,70,7.7,28,30,953,25,9,13,47,7.946569386,122,709,71.24231339,9.641497497,6.952295519,8.913387959,476,17,477,30,493,507
11,1000,70,7.7,28,34,958,26,6,10,42,7.842899806,108,746,71.44016954,9.761411103,7.27755282,8.408246792,486,14,472,28,500,500
16,1000,70,7.7,28,14,953,28,7,12,47,7.610106009,99,715,70.66023656,9.08201918,6.542968825,8.720799814,494,16,459,31,510,490
15,1000,70,7.7,28,30,956,21,14,9,44,7.951812811,116,710,71.60178929,9.75716739,7.047694127,8.81700662,473,16,483,28,489,511
13,1000,70,7.7,28,34,966,19,6,9,34,7.684771698,119,730,71.36565862,9.760238182,7.202013938,8.148597782,480,10,486,24,490,510
12,1000,70,7.7,28,34,957,25,9,9,43,7.722333834,99,728,71.54250496,9.739963166,7.015703573,8.428964095,488,12,469,31,500,500
9,1000,70,7.7,28,42,952,29,9,10,48,7.917472081,100,726,72.11126422,9.984737858,7.337316734,8.518895853,491,18,461,30,509,491
10,1000,70,7.7,28,36,950,34,5,11,50,7.881946585,119,715,71.84750825,9.895166672,7.506800222,8.264671662,487,18,463,32,505,495
14,1000,70,7.7,28,31,952,26,9,13,48,7.978786618,87,702,71.27560605,9.639971167,6.987861339,8.942349069,475,18,477,30,493,507
11,1000,70,7.7,28,35,961,24,5,10,39,7.854289846,99,733,71.47286875,9.796419114,7.268586559,8.439993133,488,12,473,27,500,500
15,1000,70,7.7,28,31,955,22,14,9,45,7.976880424,109,737,71.64720019,9.781143406,7.075296967,8.839648155,473,16,482,29,489,511
13,1000,70,7.7,28,35,965,20,6,9,35,7.715592173,102,748,71.38786249,9.783737499,7.245999785,8.166769174,480,10,485,25,490,510
16,1000,70,7.7,28,15,953,28,7,12,47,7.675076827,102,705,70.69766205,9.085245775,6.587419365,8.80712847,494,16,459,31,510,490
12,1000,70,7.7,28,35,956,26,9,9,44,7.755935774,92,712,71.60808868,9.783360824,7.086611811,8.425259736,487,13,469,31,500,500
9,1000,70,7.7,28,43,951,28,10,11,49,7.907417059,108,733,72.1366156,10.0047419,7.308341947,8.528454191,491,18,460,31,509,491
10,1000,70,7.7,28,37,951,32,6,11,49,7.876286778,98,742,71.86432274,9.920901355,7.540964642,8.218383099,487,18,464,31,505,495
14,1000,70,7.7,28,32,952,27,8,13,48,8.001938702,106,714,71.31957313,9.646355323,7.016282408,8.960377662,474,19,478,29,493,507
11,1000,70,7.7,28,36,960,24,5,11,40,7.878707621,116,729,71.52060225,9.853830531,7.325730624,8.431684619,487,13,473,27,500,500
15,1000,70,7.7,28,32,955,23,13,9,45,7.965174843,100,733,71.66354594,9.809765743,7.051459891,8.839551774,474,15,481,30,489,511
13,1000,70,7.7,28,36,965,20,6,9,35,7.722006456,110,711,71.43690198,9.788687813,7.302256421,8.125295706,479,11,486,24,490,510
12,1000,70,7.7,28,36,957,26,8,9,43,7.74320745,102,709,71.62917855,9.821389722,7.048037398,8.438377502,488,12,469,31,500,500
16,1000,70,7.7,28,16,955,26,8,11,45,7.678236419,89,724,70.7453208,9.111753189,6.595732163,8.804924522,496,14,459,31,510,490
9,1000,70,7.7,28,44,951,28,10,11,49,7.931888199,105,723,72.1919792,10.01792533,7.323882439,8.562183376,491,18,460,31,509,491
10,1000,70,7.7,28,38,949,34,6,11,51,7.9048552,112,743,71.94130617,9.942153485,7.556553698,8.260193095,486,19,463,32,505,495
14,1000,70,7.7,28,33,951,30,8,11,49,7.994121921,101,727,71.36479709,9.667679466,7.026697796,8.934832165,474,19,477,30,493,507
11,1000,70,7.7,28,37,959,25,5,11,41,7.907430564,106,751,71.59141734,9.886839637,7.358130904,8.456730224,487,13,472,28,500,500
15,1000,70,7.7,28,33,955,23,13,9,45,7.970144645,110,707,71.71559845,9.843682301,7.094764482,8.807837208,474,15,481,30,489,511
13,1000,70,7.7,28,37,965,21,4,10,35,7.745136068,103,727,71.46214786,9.823792168,7.344835589,8.12973849,479,11,486,24,490,510
12,1000,70,7.7,28,37,956,28,9,7,44,7.806433731,92,708,71.69219071,9.846185571,7.115052227,8.497815235,487,13,469,31,500,500
9,1000,70,7.7,28,45,951,28,10,11,49,7.944116825,98,749,72.23642559,10.03678671,7.318830165,8.592326417,491,18,460,31,509,491
10,1000,70,7.7,28,39,950,33,6,11,50,7.890809467,123,744,71.9942639,9.964594925,7.594057275,8.193556653,487,18,463,32,505,495
16,1000,70,7.7,28,17,954,27,8,11,46,7.714233996,83,704,70.78172436,9.141405549,6.644439681,8.827693386,495,15,459,31,510,490
14,1000,70,7.7,28,34,952,30,7,11,48,8.011004634,114,712,71.4003944,9.709523253,7.058885797,8.936832222,474,19,478,29,493,507
11,1000,70,7.7,28,38,960,24,4,12,40,7.910475874,101,718,71.62589506,9.904273468,7.396727255,8.424224494,487,13,473,27,500,500
13,1000,70,7.7,28,38,965,21,4,10,35,7.779909845,106,707,71.51093802,9.853872633,7.370511379,8.17325347,479,11,486,24,490,510
15,1000,70,7.7,28,34,954,25,12,9,46,8.036012535,111,713,71.77796863,9.866322316,7.175456774,8.859518928,473,16,481,30,489,511
12,1000,70,7.7,28,38,956,27,10,7,44,7.836706593,105,723,71.73424605,9.865528832,7.176103542,8.497309643,487,13,469,31,500,500
9,1000,70,7.7,28,46,951,28,10,11,49,7.995591059,113,721,72.30056792,10.06386871,7.394088496,8.619144631,491,18,460,31,509,491
10,1000,70,7.7,28,40,949,35,6,10,51,7.856336359,120,715,72.03966126,9.994336565,7.548456711,8.170435799,487,18,462,33,505,495
14,1000,70,7.7,28,35,954,28,6,12,46,8.012322183,94,722,71.43957294,9.728657735,7.046532066,8.95144354,476,17,478,29,493,507
16,1000,70,7.7,28,18,956,26,6,12,44,7.732272867,96,728,70.82445508,9.175743776,6.650513109,8.858186085,495,15,461,29,510,490
11,1000,70,7.7,28,39,960,24,4,12,40,7.969373547,117,726,71.66912432,9.963563908,7.415139393,8.523607701,487,13,473,27,500,500
13,1000,70,7.7,28,39,965,20,5,10,35,7.810257641,104,712,71.56526666,9.902996734,7.379884072,8.223753815,479,11,486,24,490,510
15,1000,70,7.7,28,35,953,26,12,9,47,8.045041661,102,707,71.84430656,9.894524242,7.185421618,8.867652623,473,16,480,31,489,511
12,1000,70,7.7,28,39,956,28,9,7,44,7.867853278,92,735,71.7887152,9.87954324,7.215396892,8.520309664,487,13,469,31,500,500
9,1000,70,7.7,28,47,952,28,10,10,48,8.021270387,95,726,72.33668173,10.08894821,7.414453571,8.650333032,491,18,461,30,509,491
10,1000,70,7.7,28,41,948,35,7,10,52,7.886614401,118,739,72.07207359,10.03249886,7.593428923,8.185722818,486,19,462,33,505,495
14,1000,70,7.7,28,36,952,30,6,12,48,8.084273901,96,719,71.49008347,9.764446297,7.124645095,9.017404081,476,17,476,31,493,507
11,1000,70,7.7,28,40,958,28,4,10,42,7.988622777,110,734,71.70922484,9.986138139,7.432275266,8.544970287,486,14,472,28,500,500
16,1000,70,7.7,28,19,955,27,5,13,45,7.74135179,102,706,70.87991054,9.214185841,6.678580218,8.847501793,495,15,460,30,510,490
15,1000,70,7.7,28,36,955,25,12,8,45,8.027936849,88,727,71.86541175,9.924823448,7.188357172,8.83137024,473,16,482,29,489,511
13,1000,70,7.7,28,40,966,20,5,9,34,7.823613526,114,724,71.62201863,9.911828254,7.409963214,8.221042257,480,10,486,24,490,510
9,1000,70,7.7,28,48,952,28,10,10,48,8.023215967,92,709,72.38806678,10.11154098,7.400700051,8.66855324,491,18,461,30,509,491
12,1000,70,7.7,28,40,955,29,9,7,45,7.93686588,97,733,71.81067701,9.89926726,7.307953089,8.565778672,487,13,468,32,500,500
10,1000,70,7.7,28,42,947,36,7,10,53,7.909301876,117,726,72.15579665,10.08953751,7.59016711,8.234883809,486,19,461,34,505,495
14,1000,70,7.7,28,37,953,29,6,12,47,8.068318342,113,715,71.55870083,9.793881799,7.096695133,9.013111719,476,17,477,30,493,507
11,1000,70,7.7,28,41,959,28,4,9,41,7.973915696,113,729,71.7688891,10.0409692,7.428253678,8.519577713,486,14,473,27,500,500
15,1000,70,7.7,28,37,955,24,13,8,45,8.053383198,99,696,71.89119763,9.951303117,7.234678629,8.836840212,473,16,482,29,489,511
13,1000,70,7.7,28,41,966,20,5,9,34,7.831604,96,722,71.67263215,9.968562548,7.399518933,8.246744555,480,10,486,24,490,510
16,1000,70,7.7,28,20,956,27,4,13,44,7.7573446,85,717,70.95719543,9.224495568,6.713965753,8.843310339,495,15,461,29,510,490
9,1000,70,7.7,28,49,954,26,10,10,46,8.019185525,109,739,72.46561237,10.13554851,7.38252708,8.679183792,492,17,462,29,509,491
12,1000,70,7.7,28,41,955,29,9,7,45,7.970767641,88,720,71.87478424,9.919079184,7.356985196,8.584550086,487,13,468,32,500,500
10,1000,70,7.7,28,43,947,35,8,10,53,7.953097262,86,700,72.19668702,10.09168871,7.654519404,8.257706995,485,20,462,33,505,495
14,1000,70,7.7,28,38,954,29,6,11,46,8.083738726,97,730,71.60944623,9.856373531,7.13312272,9.008104982,476,17,478,29,493,507
11,1000,70,7.7,28,42,961,27,4,8,39,8.012893592,98,731,71.82396255,10.08865522,7.507713079,8.518074105,486,14,475,25,500,500
15,1000,70,7.7,28,38,955,24,13,8,45,8.05717585,107,709,71.94450797,9.994214786,7.228915098,8.849777626,474,15,481,30,489,511
13,1000,70,7.7,28,42,966,19,6,9,34,7.848904111,127,723,71.74476223,10.00137238,7.409134802,8.271427565,480,10,486,24,490,510
9,1000,70,7.7,28,50,953,26,11,10,47,8.054393486,86,728,72.51055831,10.17998011,7.4073983,8.725107436,492,17,461,30,509,491
12,1000,70,7.7,28,42,954,30,9,7,46,8.011814081,102,736,71.91302407,9.967340978,7.414004603,8.60962356,486,14,468,32,500,500
16,1000,70,7.7,28,21,955,27,5,13,45,7.788319988,102,725,70.97706516,9.239808195,6.797862378,8.819204439,495,15,460,30,510,490
10,1000,70,7.7,28,44,946,36,8,10,54,7.991165885,101,748,72.25839011,10.11436245,7.706453038,8.281630507,484,21,462,33,505,495
14,1000,70,7.7,28,39,955,28,6,11,45,8.100138625,84,725,71.67274974,9.880052951,7.143201941,9.030651021,476,17,479,28,493,507
11,1000,70,7.7,28,43,961,25,6,8,39,7.994168315,111,723,71.8340782,10.10789135,7.46019474,8.52814189,487,13,474,26,500,500
13,1000,70,7.7,28,43,965,18,8,9,35,7.901293339,108,724,71.78107217,10.01709087,7.477589667,8.308381181,479,11,486,24,490,510
15,1000,70,7.7,28,39,957,23,12,8,43,8.037558783,119,723,71.98869478,10.0236161,7.232854639,8.807618129,474,15,483,28,489,511
9,1000,70,7.7,28,51,953,26,11,10,47,8.066499622,102,722,72.58916845,10.19841811,7.437774405,8.718273828,492,17,461,30,509,491
12,1000,70,7.7,28,43,954,30,9,7,46,8.069256573,92,731,71.93819303,9.989366439,7.420304731,8.718208415,486,14,468,32,500,500
10,1000,70,7.7,28,45,946,36,8,10,54,8.006737243,103,706,72.29173642,10.15227575,7.759157398,8.259318701,484,21,462,33,505,495
16,1000,70,7.7,28,22,956,26,5,13,44,7.831548369,103,711,70.99176811,9.257611934,6.852034069,8.851042844,495,15,461,29,510,490
14,1000,70,7.7,28,40,955,29,6,10,45,8.109280218,98,698,71.6977609,9.903463166,7.154031545,9.038151216,476,17,479,28,493,507
11,1000,70,7.7,28,44,963,23,6,8,37,7.984753591,99,733,71.86328498,10.13456179,7.456676437,8.512830744,488,12,475,25,500,500
13,1000,70,7.7,28,44,966,18,7,9,34,7.925550187,99,722,71.83734173,10.05034609,7.51855184,8.316587814,479,11,487,23,490,510
15,1000,70,7.7,28,40,957,23,12,8,43,8.053016514,117,730,72.03521911,10.04967983,7.254299561,8.817346436,474,15,483,28,489,511
9,1000,70,7.7,28,52,954,25,11,10,46,8.08178766,110,727,72.6282809,10.23318134,7.437496439,8.749698519,492,17,462,29,509,491
12,1000,70,7.7,28,44,954,30,9,7,46,8.094986229,102,709,71.99530064,10.02915246,7.446483134,8.743489324,486,14,468,32,500,500
10,1000,70,7.7,28,46,947,36,8,9,53,8.005506031,107,727,72.34511866,10.16789558,7.78729837,8.228121927,484,21,463,32,505,495
14,1000,70,7.7,28,41,955,29,6,10,45,8.114031292,100,720,71.75867207,9.937991996,7.160813496,9.040927491,477,16,478,29,493,507
16,1000,70,7.7,28,23,956,26,5,13,44,7.83398167,95,708,71.0246358,9.261840222,6.848968255,8.859199714,496,14,460,30,510,490
11,1000,70,7.7,28,45,963,23,6,8,37,8.011498187,112,748,71.8851986,10.15810022,7.515143499,8.507852874,488,12,475,25,500,500
13,1000,70,7.7,28,45,966,18,7,9,34,7.942326739,103,719,71.89956465,10.06736798,7.55366,8.315751646,479,11,487,23,490,510
15,1000,70,7.7,28,41,956,24,12,8,44,8.096081998,109,729,72.09578225,10.0671737,7.295297809,8.862390156,474,15,482,29,489,511
9,1000,70,7.7,28,53,954,24,12,10,46,8.115159411,93,738,72.67981384,10.24744305,7.472003689,8.781893143,492,17,462,29,509,491
12,1000,70,7.7,28,45,955,30,8,7,45,8.096312913,103,697,72.06585204,10.05782655,7.465995945,8.726629881,486,14,469,31,500,500
10,1000,70,7.7,28,47,948,36,7,9,52,8.013880085,118,721,72.40568683,10.21084806,7.781114868,8.251347631,485,20,463,32,505,495
14,1000,70,7.7,28,42,956,27,7,10,44,8.114464859,105,706,71.78425681,9.944242344,7.175579848,9.027424052,477,16,479,28,493,507
11,1000,70,7.7,28,46,961,25,6,8,39,8.037421806,107,724,71.92048815,10.19018508,7.567716003,8.50712761,487,13,474,26,500,500
13,1000,70,7.7,28,46,966,18,8,8,34,7.962469449,98,708,71.94376985,10.07352574,7.5882713,8.321993161,479,11,487,23,490,510
16,1000,70,7.7,28,24,956,25,5,14,44,7.883003392,104,724,71.05987494,9.27088558,6.88541002,8.92131486,496,14,460,30,510,490
15,1000,70,7.7,28,42,956,24,12,8,44,8.127250235,104,736,72.15306805,10.11838655,7.332242838,8.888030308,473,16,483,28,489,511
9,1000,70,7.7,28,54,951,26,12,11,49,8.169395175,100,740,72.73966279,10.25733925,7.53529526,8.826741115,491,18,460,31,509,491
12,1000,70,7.7,28,46,955,31,7,7,45,8.080069257,105,723,72.10552185,10.08012807,7.459969436,8.700169079,486,14,469,31,500,500
10,1000,70,7.7,28,48,949,35,7,9,51,8.02641398,105,717,72.44203099,10.21596304,7.819908346,8.237091446,485,20,464,31,505,495
14,1000,70,7.7,28,43,954,28,7,11,46,8.139545795,94,723,71.8376059,9.962790912,7.191709003,9.061209579,476,17,478,29,493,507
13,1000,70,7.7,28,47,965,19,8,8,35,7.97110584,91,748,71.98845767,10.07335327,7.61598971,8.312295846,478,12,487,23,490,510
11,1000,70,7.7,28,47,961,25,6,8,39,8.068870392,96,734,71.97584692,10.19193179,7.616340522,8.521400261,487,13,474,26,500,500
9,1000,70,7.7,28,55,951,27,11,11,49,8.199629768,98,729,72.80292067,10.27015342,7.543488317,8.879825283,492,17,459,32,509,491
15,1000,70,7.7,28,43,956,24,13,7,44,8.105977868,102,725,72.24326742,10.13772963,7.335345587,8.843432243,473,16,483,28,489,511
12,1000,70,7.7,28,47,955,32,7,6,45,8.098899744,105,723,72.17993786,10.09964139,7.418863569,8.778935919,485,15,470,30,500,500
16,1000,70,7.7,28,25,955,26,5,14,45,7.918499086,97,702,71.08592922,9.30647137,6.930230975,8.947104671,495,15,460,30,510,490
10,1000,70,7.7,28,49,949,35,7,9,51,8.044793234,114,747,72.49411853,10.23958035,7.807258739,8.287126405,485,20,464,31,505,495
14,1000,70,7.7,28,44,954,29,6,11,46,8.154485749,102,724,71.87040708,9.980900731,7.210421676,9.072480992,475,18,479,28,493,507
13,1000,70,7.7,28,48,965,19,8,8,35,7.979392802,115,732,72.07640423,10.10032282,7.631866161,8.313290948,478,12,487,23,490,510
11,1000,70,7.7,28,48,960,26,6,8,40,8.088335491,87,732,72.01985314,10.2390837,7.641389154,8.535281829,486,14,474,26,500,500
9,1000,70,7.7,28,56,952,25,12,11,48,8.220671564,118,709,72.82167623,10.29278161,7.576046697,8.8889283,493,16,459,32,509,491
15,1000,70,7.7,28,44,956,24,13,7,44,8.117679573,112,735,72.28002738,10.15798077,7.342027867,8.859937273,473,16,483,28,489,511
12,1000,70,7.7,28,48,954,33,7,6,46,8.153138665,97,700,72.22151076,10.15928395,7.471964706,8.834312623,485,15,469,31,500,500
16,1000,70,7.7,28,26,956,26,5,13,44,7.934908771,79,737,71.11656815,9.354813171,6.926558925,8.984415753,496,14,460,30,510,490
10,1000,70,7.7,28,50,949,34,8,9,51,8.088563392,110,717,72.536714,10.26505806,7.880449631,8.300881472,485,20,464,31,505,495
14,1000,70,7.7,28,45,953,30,6,11,47,8.150671333,90,709,71.90055089,9.973322471,7.192486128,9.082397775,476,17,477,30,493,507
13,1000,70,7.7,28,49,965,19,8,8,35,7.982871553,113,712,72.12634254,10.131377,7.653951777,8.298892515,478,12,487,23,490,510
9,1000,70,7.7,28,57,952,25,13,10,48,8.2234927,109,729,72.85866496,10.32391797,7.557641779,8.913753635,493,16,459,32,509,491
11,1000,70,7.7,28,49,959,27,6,8,41,8.107010397,126,710,72.07549113,10.28526545,7.677224703,8.536796091,486,14,473,27,500,500
15,1000,70,7.7,28,45,956,25,12,7,44,8.140410014,94,729,72.33987232,10.18613686,7.356036455,8.891014066,475,14,481,30,489,511
12,1000,70,7.7,28,49,955,32,7,6,45,8.178030805,111,724,72.29206514,10.19386954,7.468254791,8.887806819,486,14,469,31,500,500
10,1000,70,7.7,28,51,950,34,7,9,50,8.108098304,89,721,72.59891509,10.27634149,7.907837919,8.312404354,485,20,465,30,505,495
16,1000,70,7.7,28,27,955,27,5,13,45,7.96121461,104,729,71.14283638,9.376336091,6.94868798,9.015068858,495,15,460,30,510,490
14,1000,70,7.7,28,46,953,30,6,11,47,8.167513663,94,705,71.94237402,9.989093479,7.202247878,9.106125166,476,17,477,30,493,507
9,1000,70,7.7,28,58,952,25,13,10,48,8.258769305,102,750,72.91454591,10.36341285,7.586528718,8.955654149,493,16,459,32,509,491
13,1000,70,7.7,28,50,965,19,8,8,35,8.02041625,98,720,72.16089216,10.17356701,7.673728216,8.353508675,479,11,486,24,490,510
15,1000,70,7.7,28,46,956,25,12,7,44,8.160438152,119,714,72.36445246,10.19111218,7.350959359,8.935066586,475,14,481,30,489,511
11,1000,70,7.7,28,50,958,28,6,8,42,8.126103169,112,757,72.13831348,10.32451491,7.701791734,8.550414604,485,15,473,27,500,500
12,1000,70,7.7,28,50,955,32,7,6,45,8.215606738,109,707,72.33570865,10.19470188,7.507008629,8.924204847,487,13,468,32,500,500
10,1000,70,7.7,28,52,951,34,6,9,49,8.146741645,103,726,72.66924123,10.30054168,7.942351835,8.355260542,485,20,466,29,505,495
14,1000,70,7.7,28,47,953,30,6,11,47,8.183530042,101,722,71.98903973,10.01356741,7.192549889,9.147145852,476,17,477,30,493,507
9,1000,70,7.7,28,59,951,26,13,10,49,8.288505494,120,715,72.93897577,10.3951646,7.59387229,9.008603867,493,16,458,33,509,491
13,1000,70,7.7,28,51,965,19,8,8,35,8.033167939,103,740,72.21656812,10.1959208,7.679309486,8.37314959,479,11,486,24,490,510
15,1000,70,7.7,28,47,956,24,13,7,44,8.196905688,114,708,72.4195482,10.23984781,7.396015124,8.96331564,475,14,481,30,489,511
16,1000,70,7.7,28,28,954,29,5,12,46,8.006413249,92,691,71.20316681,9.389419653,7.010702758,9.042764984,495,15,459,31,510,490
11,1000,70,7.7,28,51,957,29,6,8,43,8.170097656,108,725,72.16436024,10.35985169,7.733263727,8.606931585,485,15,472,28,500,500
12,1000,70,7.7,28,51,954,33,7,6,46,8.241632414,111,723,72.39789916,10.20594001,7.539109347,8.94415548,487,13,467,33,500,500
10,1000,70,7.7,28,53,951,35,6,8,49,8.152666291,109,715,72.70455686,10.33124096,7.982501382,8.326268875,485,20,466,29,505,495
9,1000,70,7.7,28,60,951,26,13,10,49,8.31688163,115,738,72.97900173,10.39444139,7.606218954,9.053597113,493,16,458,33,509,491
14,1000,70,7.7,28,48,953,30,6,11,47,8.183112973,112,738,72.04472102,10.0273794,7.167063219,9.171106127,476,17,477,30,493,507
13,1000,70,7.7,28,52,964,20,8,8,36,8.032713035,101,726,72.25024796,10.21185035,7.669268078,8.381905249,478,12,486,24,490,510
15,1000,70,7.7,28,48,956,24,13,7,44,8.210282093,97,729,72.47541206,10.29131947,7.41491636,8.971405073,476,13,480,31,489,511
11,1000,70,7.7,28,52,957,29,6,8,43,8.145288137,113,725,72.19147641,10.39948341,7.711172018,8.579404256,485,15,472,28,500,500
12,1000,70,7.7,28,52,951,35,7,7,49,8.283994635,106,725,72.46090188,10.2204477,7.562014883,9.005974386,486,14,465,35,500,500
16,1000,70,7.7,28,29,955,28,5,12,45,8.022741842,101,700,71.28710693,9.405362959,7.05236048,9.032730606,495,15,460,30,510,490
10,1000,70,7.7,28,54,952,35,5,8,48,8.140536296,110,732,72.73941645,10.35175293,7.977648202,8.306715059,486,19,466,29,505,495
9,1000,70,7.7,28,61,950,28,10,12,50,8.380482113,105,717,73.03485195,10.44352766,7.651634151,9.136049552,493,16,457,34,509,491
13,1000,70,7.7,28,53,964,20,8,8,36,8.074731825,94,743,72.27655922,10.24402823,7.676825533,8.457033949,478,12,486,24,490,510
15,1000,70,7.7,28,49,956,24,13,7,44,8.228863202,102,721,72.50781353,10.33086889,7.451783736,8.972487192,476,13,480,31,489,511
14,1000,70,7.7,28,49,951,32,5,12,49,8.225615705,91,721,72.08694273,10.04866883,7.200551931,9.22237397,475,18,476,31,493,507
11,1000,70,7.7,28,53,957,29,6,8,43,8.165795538,121,729,72.2716853,10.44622967,7.735074636,8.59651644,485,15,472,28,500,500
12,1000,70,7.7,28,53,952,35,6,7,48,8.269611432,111,728,72.49179992,10.26182653,7.52274997,9.016472894,486,14,466,34,500,500
16,1000,70,7.7,28,30,954,29,5,12,46,8.073041069,101,700,71.31404592,9.419459348,7.064927126,9.122302519,495,15,459,31,510,490
10,1000,70,7.7,28,55,955,33,5,7,45,8.167313096,95,730,72.78304628,10.38165723,7.992806839,8.345344732,487,18,468,27,505,495
9,1000,70,7.7,28,62,949,29,10,12,51,8.373446429,115,731,73.08183647,10.48022306,7.646916846,9.126610498,492,17,457,34,509,491
13,1000,70,7.7,28,54,965,19,8,8,35,8.033089597,110,730,72.34400253,10.26813277,7.640562023,8.410223933,478,12,487,23,490,510
15,1000,70,7.7,28,50,955,25,13,7,45,8.240118369,107,741,72.54366714,10.35177163,7.452043891,8.994264005,476,13,479,32,489,511
14,1000,70,7.7,28,50,952,31,5,12,48,8.23883065,105,692,72.09770221,10.07766624,7.209694556,9.239548784,476,17,476,31,493,507
11,1000,70,7.7,28,54,957,28,7,8,43,8.184879115,106,716,72.33171285,10.47271069,7.744636544,8.625121687,485,15,472,28,500,500
12,1000,70,7.7,28,54,952,36,5,7,48,8.256268726,117,735,72.53547593,10.30267615,7.527850764,8.984686687,485,15,467,33,500,500
10,1000,70,7.7,28,56,955,33,5,7,45,8.197894834,103,735,72.81494814,10.39604323,7.997842056,8.401989082,487,18,468,27,505,495
16,1000,70,7.7,28,31,953,30,5,12,47,8.081625311,115,712,71.36103807,9.438100503,7.102284428,9.100939292,495,15,458,32,510,490
9,1000,70,7.7,28,63,949,29,10,12,51,8.411502938,100,750,73.12149778,10.52336894,7.673641019,9.176414784,492,17,457,34,509,491
13,1000,70,7.7,28,55,964,20,8,8,36,8.060066788,102,740,72.42357975,10.30627422,7.683884696,8.42149664,477,13,487,23,490,510
15,1000,70,7.7,28,51,954,25,13,8,46,8.305676871,90,741,72.59320211,10.37454755,7.490473529,9.085783396,476,13,478,33,489,511
14,1000,70,7.7,28,51,953,31,5,11,47,8.237598977,109,716,72.16138507,10.11461162,7.229123903,9.218226612,477,16,476,31,493,507
11,1000,70,7.7,28,55,955,29,8,8,45,8.230182138,113,718,72.36485488,10.48780812,7.805162851,8.655201425,484,16,471,29,500,500
12,1000,70,7.7,28,55,950,38,5,7,50,8.274281371,79,738,72.62159063,10.31690032,7.564761989,8.983800753,485,15,465,35,500,500
10,1000,70,7.7,28,57,955,33,5,7,45,8.220237738,123,721,72.87160622,10.43840743,8.005605624,8.439205854,486,19,469,26,505,495
16,1000,70,7.7,28,32,954,29,5,12,46,8.082173326,88,718,71.40780011,9.441018475,7.101298208,9.103084164,496,14,458,32,510,490
9,1000,70,7.7,28,64,949,29,10,12,51,8.400954039,106,726,73.16125275,10.53109923,7.703811862,9.123653363,490,19,459,32,509,491
15,1000,70,7.7,28,52,955,26,10,9,45,8.30998873,118,713,72.63743844,10.38000603,7.477793622,9.106355477,475,14,480,31,489,511
13,1000,70,7.7,28,56,964,21,7,8,36,8.078053998,107,733,72.46070117,10.33172255,7.662151902,8.477646207,478,12,486,24,490,510
14,1000,70,7.7,28,52,954,32,4,10,46,8.251234685,120,738,72.20700541,10.14267283,7.24629635,9.228423243,478,15,476,31,493,507
12,1000,70,7.7,28,56,952,36,5,7,48,8.283607474,116,745,72.66178442,10.34406503,7.588562724,8.978652225,485,15,467,33,500,500
11,1000,70,7.7,28,56,955,29,8,8,45,8.251750859,113,734,72.38186526,10.49618448,7.845444458,8.65805726,483,17,472,28,500,500
10,1000,70,7.7,28,58,953,35,5,7,47,8.221559982,97,716,72.90085152,10.456477,8.001646477,8.445916184,486,19,467,28,505,495
9,1000,70,7.7,28,65,949,29,11,11,51,8.417947891,110,731,73.20908591,10.55404466,7.734222999,9.126738054,490,19,459,32,509,491
13,1000,70,7.7,28,57,963,22,7,8,37,8.092553183,112,732,72.50706432,10.3409802,7.690035506,8.479285854,478,12,485,25,490,510
15,1000,70,7.7,28,53,955,25,11,9,45,8.352229068,112,730,72.6809182,10.41666258,7.522884382,9.145868113,475,14,480,31,489,511
14,1000,70,7.7,28,53,956,30,4,10,44,8.26048254,111,726,72.23165576,10.16708743,7.262461632,9.230944686,478,15,478,29,493,507
16,1000,70,7.7,28,33,954,29,5,12,46,8.073363523,95,716,71.44670786,9.480669502,7.113320857,9.072591605,496,14,458,32,510,490
12,1000,70,7.7,28,57,953,35,5,7,47,8.288522393,85,748,72.70124442,10.37069642,7.584444466,8.99260032,486,14,467,33,500,500
11,1000,70,7.7,28,57,954,30,8,8,46,8.255716673,124,716,72.42664422,10.51940988,7.856091703,8.655341643,482,18,472,28,500,500
10,1000,70,7.7,28,59,953,36,5,6,47,8.248450339,106,760,72.95908504,10.49267322,8.013445761,8.488202484,487,18,466,29,505,495
9,1000,70,7.7,28,66,951,28,10,11,49,8.368180334,132,723,73.2589794,10.5493863,7.717017441,9.043214779,491,18,460,31,509,491
13,1000,70,7.7,28,58,962,23,7,8,38,8.116310201,106,738,72.59784261,10.37534117,7.687790974,8.528024753,478,12,484,26,490,510
15,1000,70,7.7,28,54,954,27,11,8,46,8.331560441,110,755,72.74319527,10.45004182,7.508674154,9.119019138,474,15,480,31,489,511
14,1000,70,7.7,28,54,956,31,4,9,44,8.246930454,107,699,72.30840754,10.18982985,7.244749877,9.221437406,478,15,478,29,493,507
12,1000,70,7.7,28,58,953,35,5,7,47,8.311793005,93,725,72.7452532,10.37182099,7.594182595,9.029403414,486,14,467,33,500,500
11,1000,70,7.7,28,58,956,28,9,7,44,8.219154231,136,735,72.50636591,10.5642505,7.816608394,8.621700068,483,17,473,27,500,500
16,1000,70,7.7,28,34,954,29,5,12,46,8.079589161,88,717,71.49058034,9.483144925,7.108345749,9.090475162,496,14,458,32,510,490
10,1000,70,7.7,28,60,953,36,5,6,47,8.277242767,104,728,73.01550639,10.53606787,8.042970773,8.516247528,487,18,466,29,505,495
9,1000,70,7.7,28,67,950,28,11,11,50,8.360597458,113,742,73.32439423,10.57550127,7.749144709,8.994465989,491,18,459,32,509,491
13,1000,70,7.7,28,59,963,22,7,8,37,8.105473652,107,733,72.64998515,10.40745106,7.690936122,8.503754807,478,12,485,25,490,510
15,1000,70,7.7,28,55,954,27,12,7,46,8.323108708,89,733,72.80121152,10.48951426,7.529817289,9.08224668,475,14,479,32,489,511
14,1000,70,7.7,28,55,957,31,4,8,43,8.239511692,100,738,72.38468838,10.20291014,7.233579124,9.217667031,478,15,479,28,493,507
12,1000,70,7.7,28,59,953,35,5,7,47,8.307405005,119,741,72.80102302,10.3876658,7.597789705,9.017020304,486,14,467,33,500,500
11,1000,70,7.7,28,59,955,28,10,7,45,8.257356878,112,738,72.57414781,10.61668118,7.843093715,8.671620041,483,17,472,28,500,500
10,1000,70,7.7,28,61,953,36,5,6,47,8.304830977,97,733,73.05079387,10.56404531,8.09241897,8.521534135,487,18,466,29,505,495
16,1000,70,7.7,28,35,952,31,5,12,48,8.128586918,104,732,71.51684962,9.520983769,7.143412967,9.153972051,495,15,457,33,510,490
9,1000,70,7.7,28,68,951,27,11,11,49,8.403125271,129,720,73.36857179,10.59498298,7.814748495,9.013071868,491,18,460,31,509,491
13,1000,70,7.7,28,60,962,24,7,7,38,8.112854343,116,737,72.68617181,10.40129311,7.690408866,8.518733331,477,13,485,25,490,510
15,1000,70,7.7,28,56,955,24,14,7,45,8.348437817,104,730,72.82911431,10.52949704,7.547922562,9.114488619,475,14,480,31,489,511
14,1000,70,7.7,28,56,957,31,4,8,43,8.243427888,110,714,72.38619159,10.21544284,7.229773443,9.229091875,478,15,479,28,493,507
12,1000,70,7.7,28,60,954,34,5,7,46,8.285398626,130,723,72.82200293,10.42536248,7.529565219,9.041232033,487,13,467,33,500,500
11,1000,70,7.7,28,60,957,25,11,7,43,8.247746537,100,721,72.60978841,10.6280196,7.861312631,8.634180442,484,16,473,27,500,500
10,1000,70,7.7,28,62,954,35,5,6,46,8.306276115,127,743,73.09386138,10.58851024,8.090865839,8.526038113,488,17,466,29,505,495
9,1000,70,7.7,28,69,952,27,11,10,48,8.40056945,130,742,73.40844195,10.61481908,7.82917158,8.992914697,491,18,461,30,509,491
16,1000,70,7.7,28,36,951,31,7,11,49,8.191489486,107,725,71.55609985,9.539379268,7.208397185,9.214708003,495,15,456,34,510,490
13,1000,70,7.7,28,61,962,25,7,6,38,8.129485724,103,722,72.74791434,10.41311067,7.705888054,8.536471721,477,13,485,25,490,510
15,1000,70,7.7,28,57,954,25,14,7,46,8.379057852,116,711,72.88278051,10.56676068,7.583393349,9.140466741,474,15,480,31,489,511
14,1000,70,7.7,28,57,957,31,4,8,43,8.268043748,95,704,72.42817978,10.23886887,7.275412218,9.233265334,478,15,479,28,493,507
12,1000,70,7.7,28,61,953,35,5,7,47,8.292824234,105,718,72.89162557,10.43629086,7.5554998,9.030148667,486,14,467,33,500,500
11,1000,70,7.7,28,61,959,25,9,7,41,8.208137248,119,717,72.6448332,10.64870949,7.791439795,8.624834701,485,15,474,26,500,500
10,1000,70,7.7,28,63,955,33,6,6,45,8.325357904,122,712,73.17249692,10.60544656,8.120826793,8.534020956,488,17,467,28,505,495
9,1000,70,7.7,28,70,950,29,11,10,50,8.42886365,109,783,73.45687552,10.64243631,7.837764309,9.041632622,491,18,459,32,509,491
16,1000,70,7.7,28,37,953,30,7,10,47,8.157553338,106,711,71.64413906,9.567085122,7.188808357,9.16583893,496,14,457,33,510,490
13,1000,70,7.7,28,62,963,24,7,6,37,8.13014782,103,717,72.84191101,10.45666103,7.693961928,8.549228382,477,13,486,24,490,510
15,1000,70,7.7,28,58,953,26,13,8,47,8.443629808,123,757,72.9453721,10.58040257,7.621196587,9.230654945,473,16,480,31,489,511
12,1000,70,7.7,28,62,953,35,5,7,47,8.301694081,105,735,72.97146462,10.47502825,7.554721225,9.048666938,486,14,467,33,500,500
14,1000,70,7.7,28,58,956,33,3,8,44,8.265057271,100,721,72.49840641,10.25841019,7.290358043,9.212841727,478,15,478,29,493,507
11,1000,70,7.7,28,62,958,26,9,7,42,8.228860094,101,723,72.68792098,10.67562996,7.794004718,8.66371547,485,15,473,27,500,500
10,1000,70,7.7,28,64,955,32,7,6,45,8.347733894,95,741,73.2218864,10.6339796,8.182816515,8.515982938,488,17,467,28,505,495
9,1000,70,7.7,28,71,950,29,11,10,50,8.452334806,94,733,73.49683227,10.66101099,7.856679672,9.069826584,491,18,459,32,509,491
13,1000,70,7.7,28,63,963,24,7,6,37,8.148013686,106,717,72.90734641,10.48059568,7.75726248,8.523441315,477,13,486,24,490,510
15,1000,70,7.7,28,59,953,27,13,7,47,8.435172623,103,704,73.03018325,10.58601188,7.626248757,9.209270021,473,16,480,31,489,511
16,1000,70,7.7,28,38,954,29,7,10,46,8.180458061,90,718,71.6962622,9.605765432,7.235923285,9.163545277,496,14,458,32,510,490
12,1000,70,7.7,28,63,955,33,5,7,45,8.32552875,111,734,73.042097,10.50484913,7.583625279,9.067432222,487,13,468,32,500,500
14,1000,70,7.7,28,59,956,33,3,8,44,8.298714279,113,722,72.53798838,10.27373403,7.316539206,9.253768146,478,15,478,29,493,507
11,1000,70,7.7,28,63,958,26,9,7,42,8.238950334,114,717,72.73974117,10.70277589,7.796041177,8.681859491,485,15,473,27,500,500
10,1000,70,7.7,28,65,955,31,7,7,45,8.318726342,99,733,73.25518414,10.64075472,8.103747615,8.538048074,489,16,466,29,505,495
9,1000,70,7.7,28,72,951,29,10,10,49,8.468270175,121,746,73.54573874,10.67436874,7.907729579,9.049360122,491,18,460,31,509,491
13,1000,70,7.7,28,64,964,24,6,6,36,8.202624536,117,741,72.95467118,10.51131789,7.828512433,8.562065577,477,13,487,23,490,510
15,1000,70,7.7,28,60,954,26,13,7,46,8.4128861,106,740,73.07184252,10.59723235,7.610643781,9.180589612,474,15,480,31,489,511
12,1000,70,7.7,28,64,955,32,5,8,45,8.336032176,122,725,73.07173348,10.5468439,7.580339409,9.091724943,487,13,468,32,500,500
14,1000,70,7.7,28,60,958,30,4,8,42,8.30165604,101,750,72.62797126,10.31231756,7.308394716,9.267490029,479,14,479,28,493,507
11,1000,70,7.7,28,64,957,27,9,7,43,8.217369208,117,741,72.81246997,10.71196603,7.808946337,8.625792079,484,16,473,27,500,500
16,1000,70,7.7,28,39,954,28,9,9,46,8.173794486,114,731,71.7526795,9.643589734,7.242851063,9.142735598,496,14,458,32,510,490
10,1000,70,7.7,28,66,955,31,7,7,45,8.328182856,118,743,73.31630789,10.66255793,8.127745462,8.532669489,489,16,466,29,505,495
9,1000,70,7.7,28,73,952,28,10,10,48,8.465494895,132,743,73.58546202,10.69020334,7.928676282,9.021993214,493,16,459,32,509,491
13,1000,70,7.7,28,65,965,23,6,6,35,8.19795495,119,755,72.98266665,10.53100395,7.811847778,8.568920664,478,12,487,23,490,510
15,1000,70,7.7,28,61,955,25,13,7,45,8.425493177,128,746,73.14215963,10.62213414,7.65203356,9.165653161,474,15,481,30,489,511
12,1000,70,7.7,28,65,956,32,5,7,44,8.343985713,104,741,73.15549755,10.56515979,7.593458441,9.094512985,487,13,469,31,500,500
14,1000,70,7.7,28,61,956,32,4,8,44,8.308599299,99,739,72.69266196,10.32417601,7.285220861,9.303718766,479,14,477,30,493,507
11,1000,70,7.7,28,65,957,27,9,7,43,8.215850639,118,720,72.87874735,10.73620473,7.79114691,8.640554368,484,16,473,27,500,500
10,1000,70,7.7,28,67,951,34,8,7,49,8.392044885,119,720,73.34917477,10.69745252,8.198416903,8.589584543,488,17,463,32,505,495
9,1000,70,7.7,28,74,952,28,10,10,48,8.435333719,127,779,73.61621301,10.72989809,7.881396245,9.009578472,493,16,459,32,509,491
16,1000,70,7.7,28,40,955,28,8,9,45,8.178364078,80,715,71.81445221,9.676875,7.255844071,9.138537963,497,13,458,32,510,490
13,1000,70,7.7,28,66,965,22,8,5,35,8.221826472,121,739,73.030086,10.56810536,7.835777458,8.592736309,478,12,487,23,490,510
15,1000,70,7.7,28,62,956,23,14,7,44,8.416864925,123,725,73.18708237,10.66663384,7.63217111,9.167775445,475,14,481,30,489,511
12,1000,70,7.7,28,66,956,32,5,7,44,8.365550575,104,716,73.20599545,10.571514,7.603066562,9.128034587,487,13,469,31,500,500
14,1000,70,7.7,28,62,954,34,4,8,46,8.348014619,102,751,72.74521963,10.35439663,7.318783618,9.348825041,479,14,475,32,493,507
11,1000,70,7.7,28,66,955,29,9,7,45,8.23415207,110,727,72.96794389,10.75361515,7.804210967,8.664093172,484,16,471,29,500,500
9,1000,70,7.7,28,75,952,29,9,10,48,8.458435706,108,724,73.6564161,10.74718531,7.92228983,9.014236625,493,16,459,32,509,491
10,1000,70,7.7,28,68,951,33,8,8,49,8.43504209,114,770,73.42116376,10.72326474,8.23856613,8.635487262,488,17,463,32,505,495
16,1000,70,7.7,28,41,954,29,8,9,46,8.188478937,98,717,71.85030244,9.700871246,7.29428924,9.119166173,497,13,457,33,510,490
13,1000,70,7.7,28,67,963,23,9,5,37,8.239885002,121,729,73.08791115,10.59213966,7.862326533,8.602637256,477,13,486,24,490,510
15,1000,70,7.7,28,63,955,24,14,7,45,8.42629211,110,739,73.22361409,10.69520518,7.639184588,9.179512419,475,14,480,31,489,511
12,1000,70,7.7,28,67,958,30,5,7,42,8.354913135,104,731,73.27499138,10.60444047,7.641617397,9.068208874,487,13,471,29,500,500
14,1000,70,7.7,28,63,955,34,4,7,45,8.359132815,114,721,72.76556362,10.36820142,7.374975085,9.316114592,478,15,477,30,493,507
11,1000,70,7.7,28,67,955,29,9,7,45,8.264772869,107,733,73.04648114,10.78316344,7.834658161,8.694887578,484,16,471,29,500,500
9,1000,70,7.7,28,76,954,26,10,10,46,8.446859758,123,731,73.69356973,10.81000264,7.892452039,9.021591997,494,15,460,31,509,491
10,1000,70,7.7,28,69,951,33,8,8,49,8.45231544,96,735,73.45837765,10.74720783,8.269849088,8.63846798,488,17,463,32,505,495
13,1000,70,7.7,28,68,963,23,9,5,37,8.233077787,118,715,73.09538036,10.61203664,7.84133565,8.609457487,477,13,486,24,490,510
16,1000,70,7.7,28,42,954,29,8,9,46,8.175349958,108,721,71.88604778,9.752804463,7.299889441,9.086543558,497,13,457,33,510,490
15,1000,70,7.7,28,64,955,24,14,7,45,8.421804002,106,755,73.24551772,10.71850308,7.636407017,9.173387419,475,14,480,31,489,511
12,1000,70,7.7,28,68,958,30,5,7,42,8.364515075,119,748,73.3120913,10.6411146,7.650225747,9.078804404,487,13,471,29,500,500
14,1000,70,7.7,28,64,954,35,4,7,46,8.38391337,119,709,72.81603482,10.39906926,7.469656326,9.272924658,477,16,477,30,493,507
11,1000,70,7.7,28,68,953,31,9,7,47,8.276512431,108,738,73.08536936,10.79161961,7.876967982,8.676056881,482,18,471,29,500,500
9,1000,70,7.7,28,77,955,26,9,10,45,8.436430505,126,754,73.74600173,10.82683066,7.889964743,9.002929635,494,15,461,30,509,491
10,1000,70,7.7,28,70,951,33,8,8,49,8.466475257,104,720,73.51342961,10.79046056,8.31117836,8.624909465,488,17,463,32,505,495
13,1000,70,7.7,28,69,964,22,9,5,36,8.256126118,94,736,73.10924891,10.63603152,7.827248212,8.668185282,477,13,487,23,490,510
15,1000,70,7.7,28,65,955,24,14,7,45,8.461848903,99,778,73.30654844,10.7429814,7.644947968,9.243579935,475,14,480,31,489,511
12,1000,70,7.7,28,69,961,28,5,6,39,8.358011211,104,725,73.36196508,10.68272108,7.660009975,9.056012447,488,12,473,27,500,500
16,1000,70,7.7,28,43,953,30,8,9,47,8.195138302,111,721,71.91926518,9.794953574,7.286491047,9.1408732,497,13,456,34,510,490
14,1000,70,7.7,28,65,955,34,4,7,45,8.397215056,96,749,72.83153271,10.43656771,7.490663788,9.27873335,477,16,478,29,493,507
11,1000,70,7.7,28,69,952,32,9,7,48,8.278726818,126,730,73.11572694,10.8166539,7.850558543,8.706895094,482,18,470,30,500,500
9,1000,70,7.7,28,78,956,26,8,10,44,8.414932772,116,753,73.85515061,10.83484561,7.901158044,8.94754242,494,15,462,29,509,491
10,1000,70,7.7,28,71,953,33,7,7,47,8.45773568,106,746,73.54564554,10.83761319,8.321376558,8.596849532,489,16,464,31,505,495
13,1000,70,7.7,28,70,964,22,8,6,36,8.279921596,119,710,73.13444083,10.69136332,7.854891116,8.688284213,477,13,487,23,490,510
15,1000,70,7.7,28,66,955,24,14,7,45,8.494845552,102,718,73.36966151,10.79278112,7.675081868,9.279316083,475,14,480,31,489,511
12,1000,70,7.7,28,70,961,28,5,6,39,8.369003557,114,753,73.40243085,10.69878778,7.681348457,9.056658657,488,12,473,27,500,500
14,1000,70,7.7,28,66,955,34,4,7,45,8.439578881,111,728,72.86714684,10.45210268,7.5380026,9.316259565,477,16,478,29,493,507
16,1000,70,7.7,28,44,954,30,7,9,46,8.190618628,115,728,71.94788692,9.836887737,7.298182903,9.119480301,498,12,456,34,510,490
11,1000,70,7.7,28,70,951,33,9,7,49,8.254928562,99,724,73.16598162,10.83294411,7.835778683,8.674078442,482,18,469,31,500,500
9,1000,70,7.7,28,79,957,25,8,10,43,8.414433936,124,736,73.86202872,10.85916576,7.909666089,8.937706511,494,15,463,28,509,491
10,1000,70,7.7,28,72,952,33,8,7,48,8.488494435,91,724,73.59613826,10.8548852,8.371980155,8.607362538,488,17,464,31,505,495
13,1000,70,7.7,28,71,964,21,9,6,36,8.315550018,109,743,73.18777592,10.71990545,7.853608945,8.759375755,477,13,487,23,490,510
15,1000,70,7.7,28,67,954,25,15,6,46,8.482586844,113,761,73.3854202,10.81756953,7.686324714,9.24456763,475,14,479,32,489,511
12,1000,70,7.7,28,71,960,29,5,6,40,8.363192063,140,758,73.46964064,10.73675258,7.687029164,9.039354962,487,13,473,27,500,500
14,1000,70,7.7,28,67,956,34,4,6,44,8.44890359,109,717,72.88863048,10.50006995,7.589069859,9.284994377,477,16,479,28,493,507
9,1000,70,7.7,28,80,958,24,8,10,42,8.408106745,130,768,73.88130352,10.90552588,7.918324572,8.915844273,494,15,464,27,509,491
11,1000,70,7.7,28,71,951,31,11,7,49,8.267579206,113,728,73.2301266,10.88279154,7.816228243,8.718930169,482,18,469,31,500,500
10,1000,70,7.7,28,73,954,31,8,7,46,8.496409698,112,737,73.64516246,10.90737222,8.40435159,8.590327567,488,17,466,29,505,495
16,1000,70,7.7,28,45,954,30,7,9,46,8.188014222,116,703,71.9773974,9.866152294,7.284997213,9.127889068,498,12,456,34,510,490
13,1000,70,7.7,28,72,962,23,9,6,38,8.375438058,107,730,73.2686605,10.75459849,7.903723438,8.828654064,476,14,486,24,490,510
15,1000,70,7.7,28,68,954,25,15,6,46,8.509683536,104,746,73.4336783,10.86377857,7.716872783,9.268361535,475,14,479,32,489,511
12,1000,70,7.7,28,72,959,30,5,6,41,8.412522934,118,762,73.51736033,10.73121321,7.767894245,9.057151623,486,14,473,27,500,500
14,1000,70,7.7,28,68,954,36,4,6,46,8.505251632,117,737,72.91648325,10.50029006,7.673145067,9.314380895,475,18,479,28,493,507
9,1000,70,7.7,28,81,956,25,9,10,44,8.425014992,123,752,73.91256503,10.91431481,7.960618385,8.906436322,492,17,464,27,509,491
11,1000,70,7.7,28,72,952,29,11,8,48,8.305048777,114,719,73.31511343,10.91419961,7.864595078,8.745502475,482,18,470,30,500,500
10,1000,70,7.7,28,74,954,30,9,7,46,8.488708564,120,744,73.70254604,10.94900949,8.393268121,8.586077096,488,17,466,29,505,495
16,1000,70,7.7,28,46,953,31,7,9,47,8.203331308,91,720,72.02278767,9.87683441,7.262478358,9.18258642,498,12,455,35,510,490
13,1000,70,7.7,28,73,962,23,9,6,38,8.38345846,118,748,73.29937354,10.77788955,7.893268363,8.854425415,476,14,486,24,490,510
15,1000,70,7.7,28,69,955,24,15,6,45,8.495842272,126,733,73.49669514,10.88657955,7.697545792,9.259769824,475,14,480,31,489,511
12,1000,70,7.7,28,73,959,31,5,5,41,8.406532929,117,731,73.55099548,10.78655571,7.796133544,9.016932315,486,14,473,27,500,500
9,1000,70,7.7,28,82,956,25,8,11,44,8.445672538,107,777,73.94327628,10.94484278,7.980567142,8.927828642,492,17,464,27,509,491
14,1000,70,7.7,28,69,954,35,5,6,46,8.518165626,117,745,72.96740786,10.52021983,7.713677448,9.300439142,475,18,479,28,493,507
11,1000,70,7.7,28,73,952,29,11,8,48,8.334688374,128,743,73.39005766,10.93537774,7.916447256,8.752929491,482,18,470,30,500,500
10,1000,70,7.7,28,75,956,28,9,7,44,8.479861966,126,743,73.74906955,10.96885575,8.383346589,8.578327148,488,17,468,27,505,495
13,1000,70,7.7,28,74,963,22,9,6,37,8.375822281,109,755,73.32808366,10.81178172,7.851547074,8.879537677,477,13,486,24,490,510
16,1000,70,7.7,28,47,952,32,7,9,48,8.241091494,105,731,72.0651668,9.91720501,7.320126559,9.199646835,497,13,455,35,510,490
15,1000,70,7.7,28,70,955,24,14,7,45,8.517686313,122,720,73.52031725,10.9140321,7.700971433,9.299239301,475,14,480,31,489,511
12,1000,70,7.7,28,74,958,31,6,5,42,8.440148888,103,722,73.59729895,10.79770798,7.819185026,9.061112751,485,15,473,27,500,500
9,1000,70,7.7,28,83,957,26,8,9,43,8.443373314,120,768,73.9763235,10.96886103,7.95692527,8.947654484,492,17,465,26,509,491
14,1000,70,7.7,28,70,954,35,5,6,46,8.522871116,125,753,73.01257402,10.55213385,7.73299079,9.29094015,475,18,479,28,493,507
11,1000,70,7.7,28,74,951,31,10,8,49,8.361288967,125,755,73.40534697,10.9910933,7.953243055,8.769334879,481,19,470,30,500,500
10,1000,70,7.7,28,76,957,28,8,7,43,8.495823526,100,729,73.8213164,10.96799895,8.3956297,8.59804147,489,16,468,27,505,495
13,1000,70,7.7,28,75,961,24,8,7,39,8.399813917,125,761,73.35277637,10.85924032,7.871864836,8.907059112,476,14,485,25,490,510
15,1000,70,7.7,28,71,953,26,13,8,47,8.573359081,122,737,73.58118205,10.94009231,7.773841189,9.338455459,475,14,478,33,489,511
12,1000,70,7.7,28,75,957,32,6,5,43,8.45714939,109,746,73.68929481,10.82371226,7.850168899,9.06412988,485,15,472,28,500,500
16,1000,70,7.7,28,48,951,33,7,9,49,8.259484242,109,727,72.08750848,9.920544637,7.351943229,9.204067746,496,14,455,35,510,490
9,1000,70,7.7,28,84,958,26,7,9,42,8.437225409,110,772,74.04229322,10.99797739,7.947005212,8.945417019,493,16,465,26,509,491
14,1000,70,7.7,28,71,952,37,5,6,48,8.541615542,111,721,73.02749565,10.57753307,7.773024779,9.288982892,475,18,477,30,493,507
11,1000,70,7.7,28,75,951,31,10,8,49,8.3801984,136,738,73.46985893,11.03460804,7.95804122,8.80235558,481,19,470,30,500,500
10,1000,70,7.7,28,77,957,29,8,6,43,8.495352837,110,739,73.86106974,10.99871321,8.393725001,8.59903376,488,17,469,26,505,495
13,1000,70,7.7,28,76,963,25,6,6,37,8.361823896,127,742,73.38234145,10.89053361,7.840485585,8.862717567,478,12,485,25,490,510
15,1000,70,7.7,28,72,953,26,13,8,47,8.59922737,125,741,73.63386249,10.98573956,7.819476295,9.345407949,475,14,478,33,489,511
12,1000,70,7.7,28,76,957,33,6,4,43,8.49534813,115,756,73.72515466,10.84402177,7.95389427,9.03680199,484,16,473,27,500,500
9,1000,70,7.7,28,85,958,25,8,9,42,8.426322144,132,728,74.07162812,11.03780268,7.926256322,8.944720319,494,15,464,27,509,491
16,1000,70,7.7,28,49,947,35,9,9,53,8.293975021,112,720,72.12546273,9.942451765,7.381411048,9.243786503,493,17,454,36,510,490
14,1000,70,7.7,28,72,953,36,5,6,47,8.571690538,107,765,73.10357379,10.62548953,7.775269549,9.346119625,476,17,477,30,493,507
11,1000,70,7.7,28,76,950,32,10,8,50,8.399807085,131,750,73.52559597,11.06501625,7.969086648,8.830527522,480,20,470,30,500,500
10,1000,70,7.7,28,78,956,29,9,6,44,8.533612667,123,745,73.91063111,11.0329428,8.416750004,8.652836193,488,17,468,27,505,495
13,1000,70,7.7,28,77,964,23,7,6,36,8.373059285,109,721,73.44740159,10.93739079,7.835060583,8.889959999,478,12,486,24,490,510
15,1000,70,7.7,28,73,953,25,13,9,47,8.647834315,105,748,73.67695777,11.02640223,7.836815678,9.423936299,475,14,478,33,489,511
12,1000,70,7.7,28,77,958,32,6,4,42,8.501887143,113,737,73.77838691,10.85411984,7.952134951,9.051639335,484,16,474,26,500,500
9,1000,70,7.7,28,86,959,24,8,9,41,8.460451669,127,744,74.10265596,11.07885152,8.014214191,8.923048158,494,15,465,26,509,491
14,1000,70,7.7,28,73,953,36,5,6,47,8.594542453,112,734,73.16155231,10.64172403,7.789278056,9.377570753,476,17,477,30,493,507
10,1000,70,7.7,28,79,956,29,9,6,44,8.541191872,123,730,73.95563567,11.07678192,8.463105159,8.620856096,488,17,468,27,505,495
11,1000,70,7.7,28,77,950,32,10,8,50,8.395300178,121,751,73.54298167,11.09804115,7.966795749,8.823804606,479,21,471,29,500,500
16,1000,70,7.7,28,50,946,37,8,9,54,8.320934508,91,724,72.13013976,9.973566182,7.423573982,9.254921995,493,17,453,37,510,490
13,1000,70,7.7,28,78,965,23,7,5,35,8.358797161,135,725,73.49981719,10.95579791,7.813333965,8.882869643,479,11,486,24,490,510
15,1000,70,7.7,28,74,955,24,12,9,45,8.649450421,110,766,73.73352962,11.0671945,7.863483089,9.401579629,475,14,480,31,489,511
12,1000,70,7.7,28,78,958,32,6,4,42,8.498978693,128,738,73.81718653,10.87067324,7.992293172,9.005664214,484,16,474,26,500,500
9,1000,70,7.7,28,87,958,24,9,9,42,8.509236269,93,753,74.17473685,11.1366251,8.081582319,8.952567961,493,16,465,26,509,491
14,1000,70,7.7,28,74,953,36,6,5,47,8.579864989,121,729,73.19962844,10.67375088,7.823757897,9.315093385,476,17,477,30,493,507
10,1000,70,7.7,28,80,955,30,9,6,45,8.518069812,115,776,73.97761841,11.12072126,8.429837142,8.60808496,488,17,467,28,505,495
11,1000,70,7.7,28,78,951,31,10,8,49,8.403013973,105,726,73.54652356,11.10038681,7.963954334,8.842073611,480,20,471,29,500,500
16,1000,70,7.7,28,51,945,37,10,8,55,8.297592445,112,728,72.17004973,10.00708247,7.407631632,9.223878189,492,18,453,37,510,490
13,1000,70,7.7,28,79,965,22,8,5,35,8.405266049,105,732,73.56997884,10.97636027,7.871497693,8.918102313,479,11,486,24,490,510
15,1000,70,7.7,28,75,954,25,12,9,46,8.667840393,100,758,73.79404448,11.0810299,7.871975731,9.429440823,475,14,479,32,489,511
12,1000,70,7.7,28,79,957,33,6,4,43,8.536040262,110,726,73.86063597,10.9114595,8.026646063,9.04543446,484,16,473,27,500,500
9,1000,70,7.7,28,88,959,23,8,10,41,8.545658201,113,732,74.24895485,11.17571018,8.133311956,8.973121009,493,16,466,25,509,491
10,1000,70,7.7,28,81,955,30,9,6,45,8.515659025,96,745,73.99956638,11.17173196,8.425662833,8.607473322,488,17,467,28,505,495
14,1000,70,7.7,28,75,952,37,6,5,48,8.60482814,119,708,73.30370025,10.67373057,7.855588522,9.333378696,476,17,476,31,493,507
11,1000,70,7.7,28,79,951,31,10,8,49,8.423686865,115,745,73.5689563,11.10250945,7.978473903,8.868899827,480,20,471,29,500,500
13,1000,70,7.7,28,80,964,23,8,5,36,8.414176302,123,744,73.60336439,10.99256653,7.907004533,8.901458983,478,12,486,24,490,510
15,1000,70,7.7,28,76,954,25,12,9,46,8.702679012,119,735,73.83585959,11.11308771,7.890250355,9.48013031,475,14,479,32,489,511
16,1000,70,7.7,28,52,945,36,11,8,55,8.332331455,104,720,72.20951435,10.02315307,7.436602292,9.264620991,493,17,452,38,510,490
9,1000,70,7.7,28,89,955,26,10,9,45,8.559568481,136,749,74.32425792,11.19032702,8.149174993,8.985006945,491,18,464,27,509,491
12,1000,70,7.7,28,80,959,31,6,4,41,8.523146484,110,728,73.87714686,10.94258386,8.008590718,9.03770225,484,16,475,25,500,500
10,1000,70,7.7,28,82,954,31,9,6,46,8.526771085,123,737,74.05003625,11.19142356,8.443757114,8.611462106,488,17,466,29,505,495
14,1000,70,7.7,28,76,950,39,6,5,50,8.606057579,120,750,73.36953726,10.68869952,7.857480783,9.333963616,477,16,473,34,493,507
11,1000,70,7.7,28,80,951,31,10,8,49,8.474796918,115,740,73.62352271,11.1245288,8.011938765,8.937655071,480,20,471,29,500,500
13,1000,70,7.7,28,81,963,24,8,5,37,8.40258453,117,753,73.65470346,11.01617849,7.919545336,8.86668101,477,13,486,24,490,510
15,1000,70,7.7,28,77,953,26,12,9,47,8.70947857,117,746,73.92285612,11.14814377,7.894538375,9.489333278,475,14,478,33,489,511
9,1000,70,7.7,28,90,954,26,12,8,46,8.607381971,116,768,74.37687839,11.23559117,8.14541296,9.086286709,490,19,464,27,509,491
12,1000,70,7.7,28,81,959,31,6,4,41,8.547808775,113,739,73.92471938,10.98534508,8.052523826,9.043093724,484,16,475,25,500,500
16,1000,70,7.7,28,53,947,34,11,8,53,8.350389336,127,728,72.24151592,10.02542963,7.473676916,9.262885936,493,17,454,36,510,490
10,1000,70,7.7,28,83,954,32,8,6,46,8.557501142,119,746,74.08822738,11.23295836,8.485134535,8.6313297,487,18,467,28,505,495
14,1000,70,7.7,28,77,950,39,6,5,50,8.606933227,113,729,73.43896265,10.74268522,7.867224445,9.326216126,477,16,473,34,493,507
11,1000,70,7.7,28,81,951,31,10,8,49,8.497492153,126,731,73.68087723,11.12901924,8.025549244,8.969435063,480,20,471,29,500,500
13,1000,70,7.7,28,82,962,25,8,5,38,8.430830288,102,746,73.70011171,11.07556038,7.987674546,8.856607374,476,14,486,24,490,510
9,1000,70,7.7,28,91,952,28,12,8,48,8.638042336,105,750,74.424767,11.26276359,8.164696068,9.12874142,489,20,463,28,509,491
15,1000,70,7.7,28,78,951,27,13,9,49,8.734257679,119,753,73.98228484,11.18517428,7.929219435,9.504636743,474,15,477,34,489,511
12,1000,70,7.7,28,82,959,31,6,4,41,8.579987166,125,750,73.93647325,11.00723907,8.08752886,9.072445472,484,16,475,25,500,500
16,1000,70,7.7,28,54,945,36,11,8,55,8.34979514,105,731,72.26889277,10.06709627,7.48056659,9.254502405,492,18,453,37,510,490
10,1000,70,7.7,28,84,954,32,8,6,46,8.57190064,153,742,74.12053218,11.24695483,8.508576888,8.636503659,487,18,467,28,505,495
14,1000,70,7.7,28,78,950,39,6,5,50,8.631816669,102,762,73.50928665,10.75561463,7.939494235,9.305021718,477,16,473,34,493,507
11,1000,70,7.7,28,82,951,31,10,8,49,8.530786374,126,775,73.72424244,11.13805502,8.032140346,9.029432403,480,20,471,29,500,500
13,1000,70,7.7,28,83,959,28,8,5,41,8.472823837,119,745,73.76137415,11.10514265,8.009166918,8.918298132,476,14,483,27,490,510
9,1000,70,7.7,28,92,954,26,12,8,46,8.661495515,101,750,74.4989484,11.29083029,8.172295086,9.168629971,490,19,464,27,509,491
15,1000,70,7.7,28,79,951,27,13,9,49,8.722681902,124,730,74.00892207,11.22448116,7.957913617,9.454524743,474,15,477,34,489,511
12,1000,70,7.7,28,83,956,32,8,4,44,8.60246268,111,765,74.00965705,11.0468497,8.141903701,9.063021659,482,18,474,26,500,500
10,1000,70,7.7,28,85,954,32,8,6,46,8.584171439,115,739,74.15502574,11.28018533,8.522307512,8.647285143,487,18,467,28,505,495
14,1000,70,7.7,28,79,951,38,6,5,49,8.654234882,127,720,73.55209836,10.77911198,7.93592276,9.352711954,478,15,473,34,493,507
16,1000,70,7.7,28,55,945,37,10,8,55,8.380234145,111,704,72.32208334,10.10717105,7.508464818,9.287585893,491,19,454,36,510,490
11,1000,70,7.7,28,83,951,31,10,8,49,8.542418824,122,745,73.75098892,11.15106888,8.047130731,9.037706916,480,20,471,29,500,500
13,1000,70,7.7,28,84,958,29,8,5,42,8.493908607,112,736,73.80091582,11.13372663,8.039288614,8.930700364,476,14,482,28,490,510
9,1000,70,7.7,28,93,954,26,12,8,46,8.667378359,117,759,74.54297124,11.3023277,8.171024728,9.181928253,490,19,464,27,509,491
15,1000,70,7.7,28,80,948,30,13,9,52,8.727886018,107,762,74.05420264,11.24629876,7.965433168,9.457513109,472,17,476,35,489,511
12,1000,70,7.7,28,84,957,32,7,4,43,8.539685006,130,749,74.07687893,11.05610986,8.112094963,8.967275049,482,18,475,25,500,500
10,1000,70,7.7,28,86,955,33,7,5,45,8.565671653,133,761,74.19305207,11.30823114,8.525687268,8.606463804,487,18,468,27,505,495
14,1000,70,7.7,28,80,950,39,6,5,50,8.670019948,109,720,73.61555304,10.82169939,7.944347614,9.375653993,477,16,473,34,493,507
11,1000,70,7.7,28,84,952,31,10,7,48,8.52109939,112,725,73.78279933,11.17969423,8.058228175,8.983970604,480,20,472,28,500,500
16,1000,70,7.7,28,56,944,38,9,9,56,8.386070938,102,723,72.36514073,10.12468278,7.498984142,9.309365358,491,19,453,37,510,490
13,1000,70,7.7,28,85,957,30,8,5,43,8.487208119,121,728,73.83496571,11.13119909,8.023578643,8.932656047,476,14,481,29,490,510
9,1000,70,7.7,28,94,954,25,13,8,46,8.666783546,120,767,74.61883364,11.33376848,8.142847362,9.209927167,490,19,464,27,509,491
15,1000,70,7.7,28,81,948,30,13,9,52,8.740614492,124,741,74.10634109,11.27484754,8.004182059,9.445341419,472,17,476,35,489,511
12,1000,70,7.7,28,85,957,33,7,3,43,8.572252586,133,728,74.13041388,11.08345303,8.152514549,8.991990623,482,18,475,25,500,500
10,1000,70,7.7,28,87,954,33,8,5,46,8.604955275,112,745,74.25323326,11.3311189,8.54170609,8.669482221,488,17,466,29,505,495
14,1000,70,7.7,28,81,951,38,7,4,49,8.673162347,119,738,73.64764847,10.84787517,7.970050367,9.356859005,477,16,474,33,493,507
11,1000,70,7.7,28,85,953,30,8,9,47,8.530618237,140,723,73.84553057,11.20890826,8.066202863,8.99503361,480,20,473,27,500,500
9,1000,70,7.7,28,95,954,24,14,8,46,8.65195201,123,767,74.67368118,11.35932462,8.138685942,9.184034349,489,20,465,26,509,491
13,1000,70,7.7,28,86,957,30,8,5,43,8.490118438,104,741,73.91187054,11.18273212,8.011903923,8.949579442,476,14,481,29,490,510
15,1000,70,7.7,28,82,946,32,13,9,54,8.760278807,107,775,74.14705951,11.29624526,8.007886814,9.48027819,472,17,474,37,489,511
16,1000,70,7.7,28,57,944,38,9,9,56,8.399024283,109,752,72.411014,10.18312788,7.522830152,9.310981441,491,19,453,37,510,490
12,1000,70,7.7,28,86,957,33,7,3,43,8.565066994,130,739,74.17444328,11.0801202,8.168827872,8.961306116,482,18,475,25,500,500
10,1000,70,7.7,28,88,954,33,8,5,46,8.624866926,111,761,74.2682491,11.37291319,8.581417765,8.669193848,488,17,466,29,505,495
14,1000,70,7.7,28,82,950,38,8,4,50,8.70074209,109,748,73.6787663,10.897312,7.986140948,9.395610657,477,16,473,34,493,507
11,1000,70,7.7,28,86,954,29,8,9,46,8.514834213,118,738,73.87882637,11.2182583,8.040483408,8.989185017,481,19,473,27,500,500
9,1000,70,7.7,28,96,953,25,13,9,47,8.690561122,137,784,74.71526825,11.41403946,8.185492945,9.214145036,488,21,465,26,509,491
13,1000,70,7.7,28,87,957,31,6,6,43,8.535602949,114,726,73.97564048,11.19095433,8.064966049,8.9877835,476,14,481,29,490,510
15,1000,70,7.7,28,83,944,34,13,9,56,8.764004011,125,752,74.2263638,11.30035776,8.023958314,9.472188641,470,19,474,37,489,511
12,1000,70,7.7,28,87,958,33,6,3,42,8.602247201,113,744,74.22143222,11.08033721,8.217780778,8.986713623,482,18,476,24,500,500
16,1000,70,7.7,28,58,943,38,9,10,57,8.456011763,94,722,72.47634817,10.19452503,7.569047495,9.379178655,492,18,451,39,510,490
10,1000,70,7.7,28,89,954,33,8,5,46,8.645270094,122,765,74.30706072,11.38626327,8.610911742,8.680322555,488,17,466,29,505,495
14,1000,70,7.7,28,83,950,39,7,4,50,8.711271572,121,754,73.71943457,10.92012309,8.042635595,9.361444229,476,17,474,33,493,507
11,1000,70,7.7,28,87,955,28,8,9,45,8.565286197,102,744,73.91190563,11.24663949,8.106735005,9.02383739,482,18,473,27,500,500
9,1000,70,7.7,28,97,954,24,13,9,46,8.706388583,124,757,74.77746611,11.42272591,8.184222365,9.247697351,488,21,466,25,509,491
13,1000,70,7.7,28,88,957,30,7,6,43,8.550374173,118,765,74.04495934,11.2022875,8.039737042,9.040986318,477,13,480,30,490,510
15,1000,70,7.7,28,84,943,35,12,10,57,8.798522953,114,756,74.27964418,11.32824762,8.088004964,9.478451127,469,20,474,37,489,511
12,1000,70,7.7,28,88,958,33,6,3,42,8.610818315,122,767,74.27160474,11.10580714,8.246811549,8.974825082,482,18,476,24,500,500
10,1000,70,7.7,28,90,956,32,7,5,44,8.625847909,125,755,74.33623168,11.40073685,8.602862484,8.649297686,488,17,468,27,505,495
16,1000,70,7.7,28,59,943,38,9,10,57,8.464339897,110,725,72.51188298,10.21933535,7.563466671,9.401983459,492,18,451,39,510,490
14,1000,70,7.7,28,84,950,39,7,4,50,8.747674815,107,736,73.76651981,10.95481375,8.065374648,9.411134348,476,17,474,33,493,507
9,1000,70,7.7,28,98,953,25,13,9,47,8.711227844,112,774,74.81961698,11.4298447,8.175282942,9.266820421,488,21,465,26,509,491
11,1000,70,7.7,28,88,953,30,7,10,47,8.56868764,112,736,73.92710213,11.28692731,8.107111732,9.030263548,480,20,473,27,500,500
13,1000,70,7.7,28,89,957,29,8,6,43,8.582871653,129,754,74.07262834,11.22989002,8.096963338,9.04972474,477,13,480,30,490,510
15,1000,70,7.7,28,85,943,35,12,10,57,8.775611157,139,756,74.32091531,11.34611054,8.068870821,9.451924316,469,20,474,37,489,511
12,1000,70,7.7,28,89,959,32,6,3,41,8.63240815,108,746,74.28564918,11.14745462,8.277658042,8.987158259,482,18,477,23,500,500
10,1000,70,7.7,28,91,954,33,8,5,46,8.648400532,105,783,74.38105953,11.43745155,8.604477969,8.693210419,488,17,466,29,505,495
14,1000,70,7.7,28,85,951,38,7,4,49,8.744200279,123,731,73.81416444,11.01003924,8.057615898,9.411825723,476,17,475,32,493,507
16,1000,70,7.7,28,60,942,39,9,10,58,8.496727387,88,720,72.53984385,10.27418379,7.590134165,9.440324413,492,18,450,40,510,490
9,1000,70,7.7,28,99,953,26,12,9,47,8.721506695,113,767,74.84935765,11.47207777,8.167369774,9.295958208,487,22,466,25,509,491
11,1000,70,7.7,28,89,954,30,7,9,46,8.543608995,117,736,73.99733727,11.26470557,8.095997779,8.991220212,480,20,474,26,500,500
13,1000,70,7.7,28,90,956,30,8,6,44,8.603369146,113,743,74.10981632,11.25883682,8.146429556,9.042389536,476,14,480,30,490,510
15,1000,70,7.7,28,86,943,36,10,11,57,8.800228986,117,739,74.39844087,11.38003562,8.066094423,9.502756973,470,19,473,38,489,511
12,1000,70,7.7,28,90,959,32,5,4,41,8.63843751,116,737,74.3252169,11.15536853,8.306599609,8.97027541,482,18,477,23,500,500
10,1000,70,7.7,28,92,955,33,7,5,45,8.622066208,129,770,74.41395241,11.4523427,8.599981698,8.644596868,488,17,467,28,505,495
14,1000,70,7.7,28,86,950,39,7,4,50,8.757085261,124,730,73.8337128,11.04332599,8.078811423,9.416629644,477,16,473,34,493,507
9,1000,70,7.7,28,100,953,25,11,11,47,8.763423158,110,735,74.87033152,11.50877837,8.203413864,9.343962324,487,22,466,25,509,491
11,1000,70,7.7,28,90,951,32,7,10,49,8.584801138,123,745,74.04137329,11.2926888,8.133696919,9.035905356,478,22,473,27,500,500
13,1000,70,7.7,28,91,954,32,8,6,46,8.660057408,121,718,74.13668833,11.30657224,8.219097793,9.083724489,474,16,480,30,490,510
16,1000,70,7.7,28,61,942,39,10,9,58,8.536040197,85,726,72.6282627,10.33077264,7.637458751,9.471298437,491,19,451,39,510,490
15,1000,70,7.7,28,87,944,35,10,11,56,8.807071182,129,768,74.46175773,11.41958571,8.089230328,9.49400695,471,18,473,38,489,511
12,1000,70,7.7,28,91,959,32,5,4,41,8.666473553,122,746,74.3829633,11.17453681,8.339582447,8.993364659,482,18,477,23,500,500
10,1000,70,7.7,28,93,955,32,8,5,45,8.645189155,117,775,74.47245846,11.46046785,8.623164178,8.667659082,488,17,467,28,505,495
9,1000,70,7.7,28,101,952,25,12,11,48,8.789491984,108,758,74.91746848,11.53370547,8.255752653,9.342798134,487,22,465,26,509,491
14,1000,70,7.7,28,87,950,38,8,4,50,8.833566558,103,744,73.86868471,11.08354343,8.173912472,9.475005344,477,16,473,34,493,507
11,1000,70,7.7,28,91,951,32,6,11,49,8.597705155,132,746,74.08747552,11.32334543,8.169443296,9.025967014,478,22,473,27,500,500
13,1000,70,7.7,28,92,954,32,8,6,46,8.641334532,109,769,74.18703307,11.33148773,8.204990812,9.060566734,474,16,480,30,490,510
15,1000,70,7.7,28,88,944,34,11,11,56,8.809848243,118,738,74.49960283,11.45261544,8.111769928,9.477872306,471,18,473,38,489,511
16,1000,70,7.7,28,62,942,40,9,9,58,8.534600049,105,726,72.67529595,10.36657596,7.661619279,9.443212688,491,19,451,39,510,490
12,1000,70,7.7,28,92,960,31,5,4,40,8.678209414,117,729,74.41032767,11.20214089,8.328562811,9.027856016,483,17,477,23,500,500
10,1000,70,7.7,28,94,955,32,8,5,45,8.683960365,123,733,74.52355482,11.4943433,8.664503822,8.703809968,488,17,467,28,505,495
9,1000,70,7.7,28,102,950,27,12,11,50,8.80571019,111,747,74.97321198,11.57208552,8.244134699,9.38787297,486,23,464,27,509,491
14,1000,70,7.7,28,88,948,40,8,4,52,8.862294946,111,726,73.92474032,11.12753206,8.179489068,9.526246224,476,17,472,35,493,507
11,1000,70,7.7,28,92,949,34,6,11,51,8.604874343,127,749,74.1461602,11.33014531,8.199175581,9.010573105,478,22,471,29,500,500
13,1000,70,7.7,28,93,952,34,7,7,48,8.705191802,120,755,74.22279069,11.36411594,8.258102523,9.134748169,473,17,479,31,490,510
15,1000,70,7.7,28,89,944,32,12,12,56,8.852176414,120,751,74.58554522,11.47442925,8.143450618,9.530389553,471,18,473,38,489,511
12,1000,70,7.7,28,93,960,30,6,4,40,8.690464696,120,788,74.45371779,11.21389006,8.30828934,9.072640053,482,18,478,22,500,500
16,1000,70,7.7,28,63,942,41,9,8,58,8.516642392,114,739,72.70104773,10.40230132,7.646781225,9.422008096,490,20,452,38,510,490
10,1000,70,7.7,28,95,954,33,7,6,46,8.709937953,113,759,74.59586504,11.53427254,8.680493978,8.739976757,487,18,467,28,505,495
9,1000,70,7.7,28,103,950,28,11,11,50,8.801734741,114,756,75.06117402,11.58672349,8.225048094,9.399562649,486,23,464,27,509,491
14,1000,70,7.7,28,89,948,40,8,4,52,8.868990537,109,749,73.96860874,11.15265669,8.180421285,9.538546043,476,17,472,35,493,507
11,1000,70,7.7,28,93,952,33,4,11,48,8.638361559,118,756,74.15497288,11.36646554,8.283669075,8.993054043,478,22,474,26,500,500
13,1000,70,7.7,28,94,952,32,8,8,48,8.748426895,106,729,74.25095287,11.3975545,8.297564096,9.181608801,473,17,479,31,490,510
15,1000,70,7.7,28,90,944,32,12,12,56,8.858645588,106,719,74.61636278,11.49664876,8.125591235,9.560139871,471,18,473,38,489,511
12,1000,70,7.7,28,94,959,31,6,4,41,8.691968497,112,751,74.46156583,11.24798295,8.339059587,9.044877407,482,18,477,23,500,500
10,1000,70,7.7,28,96,953,34,7,6,47,8.719627698,115,772,74.62218553,11.58015268,8.688661469,8.751219507,486,19,467,28,505,495
16,1000,70,7.7,28,64,942,41,9,8,58,8.507449053,108,728,72.73405547,10.43286789,7.620729628,9.430361108,490,20,452,38,510,490
9,1000,70,7.7,28,104,950,26,13,11,50,8.832874719,121,766,75.09930334,11.62527187,8.274433976,9.411787831,486,23,464,27,509,491
17,1000,70,7.7,28,0,928,35,16,21,72,7.629,84,708,69.92404908,9.270040977,6.452793834,8.898128898,496,23,432,49,519,481
14,1000,70,7.7,28,90,947,40,9,4,53,8.876574746,122,759,74.02016,11.18503442,8.171903726,9.561787395,476,17,471,36,493,507
11,1000,70,7.7,28,94,952,33,4,11,48,8.641909331,129,769,74.18768765,11.41023595,8.297761052,8.98605761,478,22,474,26,500,500
13,1000,70,7.7,28,95,951,33,8,8,49,8.783841026,125,741,74.28855363,11.42906701,8.32431396,9.225347422,472,18,479,31,490,510
15,1000,70,7.7,28,91,944,33,11,12,56,8.891141472,109,745,74.66980091,11.54519655,8.14978431,9.600581105,471,18,473,38,489,511
12,1000,70,7.7,28,95,958,31,7,4,42,8.683847601,123,729,74.48864927,11.2643817,8.343194917,9.024500285,481,19,477,23,500,500
10,1000,70,7.7,28,97,953,34,7,6,47,8.715778937,104,727,74.70207837,11.63389409,8.694202709,8.737791048,485,20,468,27,505,495
16,1000,70,7.7,28,65,942,40,10,8,58,8.519091638,108,748,72.7874194,10.43657899,7.614108042,9.46101334,490,20,452,38,510,490
17,1000,70,7.7,28,1,928,35,16,21,72,7.635210664,108,714,69.96286875,9.303442518,6.445976097,8.918397234,496,23,432,49,519,481
14,1000,70,7.7,28,91,948,39,9,4,52,8.861069791,124,744,74.0819486,11.2150593,8.194000369,9.50971915,476,17,472,35,493,507
11,1000,70,7.7,28,95,952,33,4,11,48,8.641964578,111,765,74.2255696,11.44586195,8.270004477,9.01392468,478,22,474,26,500,500
15,1000,70,7.7,28,92,942,35,11,12,58,8.94961038,134,758,74.74420587,11.57802314,8.248524629,9.620512399,469,20,473,38,489,511
13,1000,70,7.7,28,96,951,33,8,8,49,8.817969714,117,752,74.35830419,11.4799487,8.375165222,9.243409324,472,18,479,31,490,510
12,1000,70,7.7,28,96,957,32,7,4,43,8.70599015,109,743,74.52289073,11.30001413,8.374780464,9.037199836,480,20,477,23,500,500
10,1000,70,7.7,28,98,954,32,8,6,46,8.724568256,128,739,74.75742925,11.66012516,8.703967574,8.745585113,485,20,469,26,505,495
14,1000,70,7.7,28,92,947,40,9,4,53,8.90397184,113,769,74.13882122,11.2455377,8.264493048,9.52579244,475,18,472,35,493,507
11,1000,70,7.7,28,96,954,31,4,11,46,8.63882642,113,742,74.28434038,11.46040024,8.278207891,8.99944495,478,22,476,24,500,500
17,1000,70,7.7,28,2,932,32,15,21,68,7.651430378,107,707,70.03103018,9.355937798,6.474004481,8.921875369,497,22,435,46,519,481
16,1000,70,7.7,28,66,942,40,10,8,58,8.540784047,119,745,72.83461261,10.46946136,7.621093559,9.498012923,490,20,452,38,510,490
15,1000,70,7.7,28,93,940,37,11,12,60,8.976959301,130,752,74.78175275,11.57118612,8.275879087,9.647856023,468,21,472,39,489,511
13,1000,70,7.7,28,97,951,33,8,8,49,8.852090101,115,765,74.40907769,11.5330226,8.416114621,9.270968503,472,18,479,31,490,510
12,1000,70,7.7,28,97,956,33,7,4,44,8.704348802,114,747,74.54500027,11.3195805,8.383987973,9.024709631,480,20,476,24,500,500
10,1000,70,7.7,28,99,954,32,8,6,46,8.709336661,117,740,74.83392178,11.7034463,8.704800996,8.713963956,485,20,469,26,505,495
14,1000,70,7.7,28,93,946,41,9,4,54,8.92556734,111,749,74.17156582,11.26772966,8.271103913,9.561958799,474,19,472,35,493,507
17,1000,70,7.7,28,3,933,31,15,21,67,7.69397558,89,689,70.06687609,9.373121416,6.541451822,8.937551111,498,21,435,46,519,481
11,1000,70,7.7,28,97,954,31,3,12,46,8.656624531,131,722,74.3476468,11.48522139,8.319234379,8.994014683,478,22,476,24,500,500
15,1000,70,7.7,28,94,939,38,11,12,61,9.003536927,116,743,74.87922517,11.59173682,8.304270479,9.67269797,468,21,471,40,489,511
13,1000,70,7.7,28,98,951,33,8,8,49,8.884341553,129,740,74.45145341,11.56831673,8.435175438,9.315893312,472,18,479,31,490,510
16,1000,70,7.7,28,67,943,39,10,8,57,8.535102401,105,740,72.85802665,10.49051094,7.61426347,9.493526595,490,20,453,37,510,490
12,1000,70,7.7,28,98,954,35,7,4,46,8.726809106,126,760,74.59063313,11.35999161,8.391109087,9.062509124,480,20,474,26,500,500
10,1000,70,7.7,28,100,954,32,8,6,46,8.710424347,120,746,74.86173773,11.74152328,8.713252238,8.707539328,485,20,469,26,505,495
14,1000,70,7.7,28,94,947,40,9,4,53,8.893780379,125,735,74.20762593,11.29348183,8.288939173,9.481919855,474,19,473,34,493,507
17,1000,70,7.7,28,4,934,32,15,19,66,7.676825825,98,714,70.10582008,9.388681825,6.555648965,8.886577987,498,21,436,45,519,481
11,1000,70,7.7,28,98,953,32,3,12,47,8.688277322,113,729,74.40602441,11.51046357,8.383171575,8.993383069,477,23,476,24,500,500
15,1000,70,7.7,28,95,939,38,11,12,61,9.010956466,127,745,74.91394164,11.61498646,8.278403542,9.711970908,469,20,470,41,489,511
13,1000,70,7.7,28,99,951,34,8,7,49,8.885596041,99,767,74.48488346,11.58870965,8.428699668,9.324574909,472,18,479,31,490,510
12,1000,70,7.7,28,99,954,35,7,4,46,8.727901515,123,733,74.60115879,11.40513505,8.348894562,9.106908467,481,19,473,27,500,500
16,1000,70,7.7,28,68,943,39,10,8,57,8.511624836,102,721,72.94182358,10.55339349,7.602954192,9.457384078,490,20,453,37,510,490
10,1000,70,7.7,28,101,954,32,8,6,46,8.754291871,134,750,74.91056729,11.76311131,8.741129135,8.767720521,485,20,469,26,505,495
17,1000,70,7.7,28,5,936,32,14,18,64,7.677535719,80,708,70.15858552,9.410096896,6.570502471,8.872026895,499,20,437,44,519,481
14,1000,70,7.7,28,95,948,40,7,5,52,8.912538815,90,738,74.27184686,11.29091288,8.335405035,9.473735962,474,19,474,33,493,507
11,1000,70,7.7,28,99,954,31,4,11,46,8.698577131,120,751,74.46123882,11.54457679,8.380018655,9.017135608,477,23,477,23,500,500
15,1000,70,7.7,28,96,938,39,11,12,62,9.052722253,105,754,74.95700847,11.63683405,8.2959272,9.776935132,469,20,469,42,489,511
13,1000,70,7.7,28,100,951,34,7,8,49,8.906994003,125,770,74.54915889,11.61410777,8.407970514,9.386447943,472,18,479,31,490,510
12,1000,70,7.7,28,100,955,34,7,4,45,8.742329737,120,745,74.64450068,11.43798917,8.363928698,9.120730777,482,18,473,27,500,500
10,1000,70,7.7,28,102,952,34,8,6,48,8.77149388,141,750,74.95235367,11.78852551,8.764677579,8.778447885,484,21,468,27,505,495
16,1000,70,7.7,28,69,942,40,10,8,58,8.524305139,121,763,72.99738974,10.58042976,7.618617907,9.466959198,490,20,452,38,510,490
17,1000,70,7.7,28,6,936,32,14,18,64,7.697170298,97,715,70.16060235,9.454677569,6.61083532,8.869327998,498,21,438,43,519,481
14,1000,70,7.7,28,96,946,40,9,5,54,8.926918113,121,777,74.34070416,11.32024083,8.371670737,9.466833214,474,19,472,35,493,507
11,1000,70,7.7,28,100,955,30,4,11,45,8.687270721,123,763,74.519202,11.57591377,8.390292977,8.984248465,477,23,478,22,500,500
13,1000,70,7.7,28,101,947,36,8,9,53,8.936115536,128,762,74.57395053,11.65499387,8.446496013,9.406534293,469,21,478,32,490,510
15,1000,70,7.7,28,97,938,40,10,12,62,9.060374683,117,756,75.01908685,11.66707864,8.311565229,9.776945766,468,21,470,41,489,511
12,1000,70,7.7,28,101,955,33,8,4,45,8.766859848,108,763,74.70216969,11.44728524,8.385206183,9.148513514,482,18,473,27,500,500
10,1000,70,7.7,28,103,950,35,9,6,50,8.781676942,128,756,75.00295307,11.81434173,8.740912551,8.823264857,483,22,467,28,505,495
17,1000,70,7.7,28,7,938,32,13,17,62,7.727117827,108,709,70.22437979,9.468434007,6.684967202,8.851600518,498,21,440,41,519,481
16,1000,70,7.7,28,70,941,41,10,8,59,8.541572616,112,719,73.04599668,10.6182712,7.637292627,9.482761992,490,20,451,39,510,490
14,1000,70,7.7,28,97,946,40,8,6,54,8.944409717,110,707,74.39775603,11.34979415,8.351782984,9.520672003,474,19,472,35,493,507
11,1000,70,7.7,28,101,955,30,4,11,45,8.726762773,112,763,74.56565725,11.59347508,8.44665491,9.006870636,476,24,479,21,500,500
13,1000,70,7.7,28,102,946,36,9,9,54,8.975356971,122,768,74.61850504,11.65823284,8.516865067,9.4158688,469,21,477,33,490,510
15,1000,70,7.7,28,98,938,40,10,12,62,9.061790559,123,767,75.06155547,11.69243872,8.32845226,9.763556564,468,21,470,41,489,511
12,1000,70,7.7,28,102,956,32,8,4,44,8.779126144,127,728,74.73650603,11.48565875,8.431217019,9.127035269,482,18,474,26,500,500
10,1000,70,7.7,28,104,951,35,9,5,49,8.807114879,137,758,75.05242172,11.83126427,8.744482236,8.871012828,483,22,468,27,505,495
18,1000,70,7.7,28,0,937,28,18,17,63,7.271,122,709,70.16672463,9.096795256,6.514522822,7.974903475,463,19,474,44,482,518
17,1000,70,7.7,28,8,940,30,13,17,60,7.725070979,103,712,70.24325442,9.499051594,6.704830077,8.825913034,499,20,441,40,519,481
11,1000,70,7.7,28,102,955,30,3,12,45,8.76402328,125,742,74.60037018,11.62613207,8.513790139,9.014256421,476,24,479,21,500,500
14,1000,70,7.7,28,98,946,40,8,6,54,8.925786599,127,738,74.46075456,11.37846855,8.327065524,9.507974941,474,19,472,35,493,507
13,1000,70,7.7,28,103,943,38,10,9,57,9.001986692,126,771,74.68143515,11.67686138,8.555822769,9.430653991,468,22,475,35,490,510
16,1000,70,7.7,28,71,942,41,10,7,58,8.550057633,106,705,73.07985041,10.65159066,7.643443185,9.493676752,489,21,453,37,510,490
15,1000,70,7.7,28,99,939,40,10,11,61,9.070553912,110,756,75.11598848,11.72943449,8.365889935,9.744880107,469,20,470,41,489,511
12,1000,70,7.7,28,103,958,30,8,4,42,8.764542943,146,727,74.76284071,11.49301142,8.42038135,9.108704537,483,17,475,25,500,500
18,1000,70,7.7,28,1,937,28,18,17,63,7.312499686,87,695,70.21651418,9.119438066,6.585981751,7.988526027,463,19,474,44,482,518
17,1000,70,7.7,28,9,943,28,13,16,57,7.703995233,90,709,70.28267842,9.53439886,6.728348147,8.756720467,499,20,444,37,519,481
11,1000,70,7.7,28,103,955,30,3,12,45,8.785315227,111,750,74.62661999,11.67030474,8.562356011,9.008274442,476,24,479,21,500,500
13,1000,70,7.7,28,104,942,38,11,9,58,9.030933462,143,756,74.73885625,11.72478295,8.586162369,9.458262551,468,22,474,36,490,510
19,1000,70,7.7,28,0,951,20,15,14,49,7.145,95,701,70.01681271,8.716344699,6.400394477,7.910750507,492,15,459,34,507,493
14,1000,70,7.7,28,99,947,39,8,6,53,8.894093579,125,779,74.49121345,11.39528474,8.253344425,9.517149461,474,19,473,34,493,507
15,1000,70,7.7,28,100,938,36,15,11,62,9.125164586,116,738,75.13230428,11.76566499,8.397480924,9.821519402,469,20,469,42,489,511
12,1000,70,7.7,28,104,959,29,9,3,41,8.766910733,112,740,74.81083403,11.52434384,8.445745878,9.088075587,482,18,477,23,500,500
16,1000,70,7.7,28,72,942,41,11,6,58,8.555815742,109,737,73.15848746,10.65592968,7.661789676,9.486332668,488,22,454,36,510,490
20,1000,70,7.7,28,0,933,34,16,17,67,7.269,89,695,70.07976356,9.046529411,6.467640919,8.005758157,457,22,476,45,479,521
17,1000,70,7.7,28,10,944,27,13,16,56,7.680357823,93,689,70.33168951,9.574209372,6.719096682,8.717560594,498,21,446,35,519,481
18,1000,70,7.7,28,2,938,27,18,17,62,7.327131423,99,707,70.23247265,9.170394085,6.624761666,7.980687839,463,19,475,43,482,518
11,1000,70,7.7,28,104,956,29,3,12,44,8.781345463,124,770,74.67662744,11.69585947,8.554328283,9.008362643,477,23,479,21,500,500
21,1000,70,7.7,28,0,941,29,14,16,59,7.299,90,704,69.85401011,8.93984257,6.659919028,7.922924901,471,23,470,36,494,506
15,1000,70,7.7,28,101,935,38,16,11,65,9.137879174,137,748,75.19703999,11.76960522,8.409564447,9.834837885,469,20,466,45,489,511
14,1000,70,7.7,28,100,947,39,8,6,53,8.890719716,147,747,74.53712617,11.42998803,8.228679859,9.534478394,474,19,473,34,493,507
19,1000,70,7.7,28,1,950,22,15,13,50,7.175196186,97,720,70.0558343,8.720448218,6.410885298,7.961211644,491,16,459,34,507,493
20,1000,70,7.7,28,1,935,34,15,16,65,7.267940268,104,710,70.11211153,9.07257373,6.474406337,7.997504092,457,22,478,43,479,521
16,1000,70,7.7,28,73,943,40,11,6,57,8.59041758,108,729,73.20510718,10.69587845,7.74127567,9.474218343,488,22,455,35,510,490
17,1000,70,7.7,28,11,946,27,11,16,54,7.694231286,102,716,70.36929639,9.590243741,6.717520553,8.748104198,499,20,447,34,519,481
18,1000,70,7.7,28,3,938,27,18,17,62,7.348406701,86,709,70.28085223,9.203443382,6.63360737,8.013528858,463,19,475,43,482,518
15,1000,70,7.7,28,102,936,37,14,13,64,9.142320347,137,738,75.26518658,11.80882047,8.418844176,9.834648816,469,20,467,44,489,511
14,1000,70,7.7,28,101,949,39,8,4,51,8.848446855,121,748,74.57807281,11.44136935,8.181589171,9.496890322,474,19,475,32,493,507
21,1000,70,7.7,28,1,941,30,13,16,59,7.340489536,80,724,69.8746771,8.980170558,6.709183,7.956824375,472,22,469,37,494,506
19,1000,70,7.7,28,2,952,20,14,14,48,7.173148185,89,698,70.07440936,8.732920386,6.393467485,7.97496992,492,15,460,33,507,493
20,1000,70,7.7,28,2,936,35,14,15,64,7.274276856,97,722,70.20277122,9.083711054,6.519135919,7.968542708,457,22,479,42,479,521
17,1000,70,7.7,28,12,946,27,11,16,54,7.722328673,92,714,70.44880513,9.619683932,6.772381862,8.747323257,499,20,447,34,519,481
16,1000,70,7.7,28,74,944,39,11,6,56,8.602801002,111,765,73.24536624,10.74808146,7.761466556,9.47847563,488,22,456,34,510,490
15,1000,70,7.7,28,103,935,38,14,13,65,9.165733639,105,753,75.29309899,11.84214402,8.420580858,9.878805478,469,20,466,45,489,511
14,1000,70,7.7,28,102,948,40,8,4,52,8.871289875,112,727,74.62267675,11.46897603,8.234029046,9.490953759,474,19,474,33,493,507
18,1000,70,7.7,28,4,937,27,19,17,63,7.383673034,104,721,70.28947947,9.231286489,6.662680369,8.0545581,463,19,474,44,482,518
21,1000,70,7.7,28,2,944,27,13,16,56,7.34862082,87,726,69.91677416,8.978459885,6.686022425,7.99550542,474,20,470,36,494,506
19,1000,70,7.7,28,3,954,20,12,14,46,7.157310724,85,718,70.12455154,8.78300219,6.397811248,7.938378136,493,14,461,32,507,493
20,1000,70,7.7,28,3,938,35,13,14,62,7.286731818,94,709,70.26160606,9.115379648,6.568237924,7.9473049,456,23,482,39,479,521
17,1000,70,7.7,28,13,946,27,11,16,54,7.739697932,103,711,70.49896397,9.640063752,6.807892966,8.745117428,499,20,447,34,519,481
16,1000,70,7.7,28,75,944,38,12,6,56,8.641149169,115,750,73.29971936,10.77297939,7.853688789,9.460750788,487,23,457,33,510,490
15,1000,70,7.7,28,104,934,39,14,13,66,9.188455193,124,753,75.33381962,11.87813232,8.439364775,9.905295143,469,20,465,46,489,511
22,1000,70,7.7,28,0,943,27,10,20,57,7.216,93,720,70.21783323,8.875529213,6.199211045,8.261663286,493,14,450,43,507,493
14,1000,70,7.7,28,103,945,42,9,4,55,8.880729479,141,736,74.63902973,11.48645263,8.208534335,9.534363021,474,19,471,36,493,507
18,1000,70,7.7,28,5,937,27,19,17,63,7.398694888,100,696,70.32565027,9.254920249,6.724159942,8.026350957,463,19,474,44,482,518
21,1000,70,7.7,28,3,944,27,13,16,56,7.376609079,89,722,69.95627559,8.994164719,6.733481528,8.004484594,474,20,470,36,494,506
19,1000,70,7.7,28,4,953,21,12,14,47,7.181710639,101,714,70.17801827,8.811338515,6.429951046,7.954818374,491,16,462,31,507,493
17,1000,70,7.7,28,14,946,28,10,16,54,7.748978709,99,719,70.55255372,9.67558525,6.821349529,8.749892524,499,20,447,34,519,481
20,1000,70,7.7,28,4,938,35,13,14,62,7.31191096,100,722,70.29831461,9.161769077,6.58321796,7.981860955,457,22,481,40,479,521
16,1000,70,7.7,28,76,944,39,11,6,56,8.650690971,98,745,73.35373369,10.80340463,7.855864639,9.477959195,487,23,457,33,510,490
14,1000,70,7.7,28,104,945,42,9,4,55,8.894269561,100,723,74.68742422,11.51789692,8.210779324,9.558886301,475,18,470,37,493,507
18,1000,70,7.7,28,6,937,27,19,17,63,7.452225764,107,690,70.35397206,9.300849676,6.775276866,8.082128021,463,19,474,44,482,518
23,1000,70,7.7,28,0,945,20,16,19,55,7.023,104,698,69.72017396,8.865601465,6.108384458,7.898238748,469,20,476,35,489,511
22,1000,70,7.7,28,1,942,29,10,19,58,7.247374082,84,690,70.27173979,8.910145131,6.230479601,8.293145891,493,14,449,44,507,493
21,1000,70,7.7,28,4,943,28,13,16,57,7.412409079,115,687,69.97926845,9.016044834,6.753965928,8.055236977,474,20,469,37,494,506
19,1000,70,7.7,28,5,955,20,10,15,45,7.20247138,97,709,70.21790069,8.809292292,6.455814151,7.970331856,492,15,463,30,507,493
17,1000,70,7.7,28,15,949,27,7,17,51,7.736120149,79,720,70.59449184,9.698951285,6.825769216,8.718390698,500,19,449,32,519,481
20,1000,70,7.7,28,5,938,35,13,14,62,7.328140214,105,747,70.34135377,9.190827582,6.604339924,7.993591921,458,21,480,41,479,521
18,1000,70,7.7,28,7,937,27,19,17,63,7.468827189,96,714,70.43452314,9.315644225,6.793683047,8.097050117,463,19,474,44,482,518
23,1000,70,7.7,28,1,945,22,16,17,55,7.028100993,98,725,69.78351057,8.879305125,6.107851721,7.908730924,469,20,476,35,489,511
16,1000,70,7.7,28,77,943,40,11,6,57,8.685493777,116,723,73.37315091,10.83623601,7.901434558,9.501555414,487,23,456,34,510,490
22,1000,70,7.7,28,2,943,28,10,19,57,7.243409803,102,709,70.32344552,8.935296601,6.237683147,8.277696648,493,14,450,43,507,493
21,1000,70,7.7,28,5,944,27,13,16,56,7.420928842,110,707,70.00405425,9.033006197,6.779697177,8.046953432,475,19,469,37,494,506
19,1000,70,7.7,28,6,954,21,10,15,46,7.249349459,81,685,70.24380798,8.845232983,6.475864023,8.044799997,492,15,462,31,507,493
17,1000,70,7.7,28,16,949,28,7,16,51,7.717915438,102,696,70.62871338,9.729109183,6.857273956,8.646549387,499,20,450,31,519,481
20,1000,70,7.7,28,6,940,35,13,12,60,7.317156855,97,700,70.34991448,9.215485955,6.612419891,7.965082011,458,21,482,39,479,521
18,1000,70,7.7,28,8,938,26,19,17,62,7.462716719,120,712,70.49039532,9.361650735,6.762765086,8.114023064,463,19,475,43,482,518
21,1000,70,7.7,28,6,945,28,11,16,55,7.426382577,90,700,70.06224475,9.075428662,6.798362837,8.039508568,476,18,469,37,494,506
19,1000,70,7.7,28,7,954,21,10,15,46,7.249399311,91,713,70.28956389,8.86037604,6.470379029,8.050541873,493,14,461,32,507,493
22,1000,70,7.7,28,3,945,25,10,20,55,7.246830123,103,702,70.33239027,8.969540186,6.228729915,8.2938419,494,13,451,42,507,493
23,1000,70,7.7,28,2,945,21,17,17,55,7.041396822,113,699,69.82732491,8.926647577,6.162412767,7.882538118,469,20,476,35,489,511
17,1000,70,7.7,28,17,949,28,7,16,51,7.778825928,93,734,70.68485727,9.747468293,6.926890946,8.698065544,499,20,450,31,519,481
16,1000,70,7.7,28,78,943,41,10,6,57,8.669357669,130,735,73.3797546,10.87392488,7.897268771,9.472960401,487,23,456,34,510,490
20,1000,70,7.7,28,7,941,34,13,12,59,7.342432635,84,696,70.39875136,9.242995509,6.640582078,7.987704069,459,20,482,39,479,521
18,1000,70,7.7,28,9,938,27,17,18,62,7.473811878,93,700,70.50215025,9.360397691,6.815182256,8.086668013,463,19,475,43,482,518
21,1000,70,7.7,28,7,945,28,11,16,55,7.400577839,101,720,70.09717545,9.097968173,6.784739736,8.001811086,476,18,469,37,494,506
19,1000,70,7.7,28,8,953,23,9,15,47,7.294777785,108,684,70.33457273,8.896080378,6.500009906,8.112115137,493,14,460,33,507,493
17,1000,70,7.7,28,18,950,27,6,17,50,7.780062363,104,724,70.73932686,9.794258621,6.921766295,8.706165604,499,20,451,30,519,481
22,1000,70,7.7,28,4,942,27,11,20,58,7.289199637,96,697,70.35975702,8.985146132,6.295600855,8.311014205,492,15,450,43,507,493
23,1000,70,7.7,28,3,946,21,16,17,54,7.02994715,112,707,69.84220938,8.963268256,6.191770475,7.83203794,469,20,477,34,489,511
16,1000,70,7.7,28,79,940,44,10,6,60,8.705665781,112,751,73.42690621,10.89976578,7.947378404,9.494903663,485,25,455,35,510,490
20,1000,70,7.7,28,8,942,34,12,12,58,7.344019692,109,695,70.45999543,9.289425079,6.680582562,7.953974366,459,20,483,38,479,521
18,1000,70,7.7,28,10,937,28,17,18,63,7.510884918,106,687,70.52129394,9.387387839,6.881506794,8.096522476,462,20,475,43,482,518
21,1000,70,7.7,28,8,944,28,12,16,56,7.42410411,101,713,70.13471449,9.116955193,6.808097724,8.025501648,475,19,469,37,494,506
19,1000,70,7.7,28,9,955,22,9,14,45,7.322395027,98,717,70.37334056,8.90070762,6.544828972,8.122042066,494,13,461,32,507,493
17,1000,70,7.7,28,19,950,27,6,17,50,7.82348581,113,707,70.8216508,9.835408426,6.981551158,8.731935051,499,20,451,30,519,481
22,1000,70,7.7,28,5,942,26,12,20,58,7.337852754,99,707,70.4083976,8.988069376,6.379747349,8.32316602,491,16,451,42,507,493
23,1000,70,7.7,28,4,950,19,14,17,50,7.026504545,100,707,69.89696834,8.994626356,6.186594985,7.830253615,471,18,479,32,489,511
20,1000,70,7.7,28,9,941,35,11,13,59,7.416554818,85,728,70.49496671,9.311109308,6.738307926,8.040125376,458,21,483,38,479,521
16,1000,70,7.7,28,80,938,46,10,6,62,8.694631774,107,766,73.46042831,10.94654406,7.902126977,9.519483707,484,26,454,36,510,490
18,1000,70,7.7,28,11,937,29,16,18,63,7.5146963,94,704,70.56054102,9.414392717,6.894954035,8.091367675,463,19,474,44,482,518
21,1000,70,7.7,28,9,947,26,11,16,53,7.404234169,94,682,70.16647332,9.122287199,6.798879087,7.995233004,476,18,471,35,494,506
19,1000,70,7.7,28,10,955,22,9,14,45,7.402302081,89,708,70.42027427,8.945535261,6.620378607,8.206430278,494,13,461,32,507,493
17,1000,70,7.7,28,20,948,29,6,17,52,7.846259037,92,723,70.84918057,9.856526245,7.001706783,8.757532675,498,21,450,31,519,481
22,1000,70,7.7,28,6,942,26,12,20,58,7.374911561,101,698,70.45517036,9.023272397,6.387065786,8.390809752,491,16,451,42,507,493
23,1000,70,7.7,28,5,951,21,13,15,49,7.009961292,90,674,69.93967467,9.018068019,6.174836745,7.809131357,473,16,478,33,489,511
20,1000,70,7.7,28,10,941,34,11,14,59,7.436901996,99,703,70.53606193,9.332982134,6.752145352,8.066457529,458,21,483,38,479,521
18,1000,70,7.7,28,12,938,28,16,18,62,7.571675609,90,713,70.59492631,9.47478828,6.983228927,8.119226382,464,18,474,44,482,518
16,1000,70,7.7,28,81,938,46,10,6,62,8.71216747,112,743,73.51544042,10.99096476,7.901698665,9.555716635,484,26,454,36,510,490
19,1000,70,7.7,28,11,955,22,9,14,45,7.398050327,101,709,70.5030607,8.951153375,6.635768678,8.181978919,494,13,461,32,507,493
21,1000,70,7.7,28,10,946,27,10,17,54,7.435868084,105,687,70.19517914,9.150714934,6.823636037,8.033580794,476,18,470,36,494,506
17,1000,70,7.7,28,21,950,28,5,17,50,7.868188795,110,711,70.87411109,9.878726412,7.045920396,8.755418106,499,20,451,30,519,481
22,1000,70,7.7,28,7,942,25,12,21,58,7.386289493,97,726,70.4646269,9.044721949,6.417084886,8.383017151,490,17,452,41,507,493
18,1000,70,7.7,28,13,940,27,16,17,60,7.55366625,105,726,70.61607907,9.507223073,7.011211528,8.058421415,464,18,476,42,482,518
23,1000,70,7.7,28,6,951,21,13,15,49,7.059550681,98,680,70.00660171,9.027520084,6.269769077,7.815329947,473,16,478,33,489,511
20,1000,70,7.7,28,11,941,34,11,14,59,7.457178253,89,697,70.5663479,9.373085454,6.783133288,8.076885619,458,21,483,38,479,521
19,1000,70,7.7,28,12,957,20,9,14,43,7.379617475,92,679,70.5591099,8.996157573,6.645195024,8.134895736,494,13,463,30,507,493
21,1000,70,7.7,28,11,947,26,10,17,53,7.46388512,100,693,70.25586541,9.173467465,6.856417032,8.056946849,475,19,472,34,494,506
16,1000,70,7.7,28,82,938,45,10,7,62,8.717218909,110,744,73.52242821,11.04068725,7.903476199,9.564175607,485,25,453,37,510,490
17,1000,70,7.7,28,22,952,27,4,17,48,7.866086218,103,706,70.90859386,9.90357118,7.090842113,8.702576219,498,21,454,27,519,481
22,1000,70,7.7,28,8,940,27,12,21,60,7.432790762,98,707,70.51825024,9.070368008,6.45298282,8.440422865,490,17,450,43,507,493
18,1000,70,7.7,28,14,943,24,18,15,57,7.528469746,92,700,70.65570379,9.521980159,7.007253751,8.013462235,466,16,477,41,482,518
20,1000,70,7.7,28,12,941,34,11,14,59,7.475581508,93,721,70.62056947,9.412799278,6.823626209,8.07497995,458,21,483,38,479,521
23,1000,70,7.7,28,7,954,18,14,14,46,7.047264139,81,680,70.04306121,9.059467161,6.256898136,7.803602644,475,14,479,32,489,511
19,1000,70,7.7,28,13,957,20,9,14,43,7.369736048,93,714,70.61122111,9.020292952,6.622887511,8.137793266,494,13,463,30,507,493
21,1000,70,7.7,28,12,949,26,8,17,51,7.473962052,85,698,70.29816176,9.170141283,6.879624498,8.054204643,476,18,473,33,494,506
17,1000,70,7.7,28,23,951,28,4,17,49,7.885850748,92,704,70.93971468,9.913615517,7.114473361,8.718168553,497,22,454,27,519,481
16,1000,70,7.7,28,83,937,46,10,7,63,8.742114178,141,726,73.61654627,11.0865559,7.950066953,9.566489862,486,24,451,39,510,490
18,1000,70,7.7,28,15,944,24,17,15,56,7.562021211,91,737,70.71206212,9.535927469,7.053032171,8.035636494,466,16,478,40,482,518
22,1000,70,7.7,28,9,942,27,11,20,58,7.454555815,87,724,70.57494587,9.095460508,6.49756509,8.438722748,490,17,452,41,507,493
20,1000,70,7.7,28,13,941,34,11,14,59,7.484986577,105,707,70.68145556,9.447235749,6.822367128,8.094189488,458,21,483,38,479,521
19,1000,70,7.7,28,14,955,22,9,14,45,7.390078753,94,714,70.61596459,9.051984618,6.651813767,8.149308668,493,14,462,31,507,493
21,1000,70,7.7,28,13,950,26,6,18,50,7.505507546,78,705,70.32492712,9.196735799,6.938922345,8.058655943,476,18,474,32,494,506
23,1000,70,7.7,28,8,954,18,13,15,46,7.061810705,68,722,70.06566798,9.073661715,6.276366672,7.813439145,475,14,479,32,489,511
17,1000,70,7.7,28,24,952,28,4,16,48,7.90968399,91,740,70.99914885,9.961919943,7.132696128,8.748055508,497,22,455,26,519,481
16,1000,70,7.7,28,84,937,45,11,7,63,8.778810517,124,738,73.67200146,11.07998934,8.033098962,9.554959279,486,24,451,39,510,490
18,1000,70,7.7,28,16,943,25,16,16,57,7.62838639,95,708,70.77284324,9.553872123,7.102198345,8.118005381,466,16,477,41,482,518
22,1000,70,7.7,28,10,943,27,10,20,57,7.475712967,98,713,70.61628582,9.119413118,6.544163697,8.433715969,490,17,453,40,507,493
19,1000,70,7.7,28,15,955,22,10,13,45,7.389372847,96,721,70.66059359,9.077326284,6.612948521,8.187845734,493,14,462,31,507,493
21,1000,70,7.7,28,14,951,25,6,18,49,7.533611194,93,702,70.3748124,9.220526564,6.964357325,8.089364971,477,17,474,32,494,506
20,1000,70,7.7,28,14,943,32,11,14,57,7.483774797,115,663,70.72530248,9.481231029,6.861990619,8.055434339,458,21,485,36,479,521
17,1000,70,7.7,28,25,953,27,4,16,47,7.934991519,97,717,71.03428775,9.964925084,7.193584278,8.734971474,498,21,455,26,519,481
23,1000,70,7.7,28,9,954,19,12,15,46,7.084742314,105,707,70.12564004,9.092135679,6.307790238,7.828244399,475,14,479,32,489,511
18,1000,70,7.7,28,17,942,25,17,16,58,7.687944744,101,712,70.8234548,9.57870623,7.160805704,8.178448639,465,17,477,41,482,518
16,1000,70,7.7,28,85,936,46,11,7,64,8.816687135,115,723,73.73113223,11.09007694,8.038364018,9.626778543,485,25,451,39,510,490
22,1000,70,7.7,28,11,944,26,10,20,56,7.483739228,112,699,70.65643022,9.157374539,6.52500298,8.469701252,491,16,453,40,507,493
19,1000,70,7.7,28,16,956,22,9,13,44,7.383146695,98,683,70.70066653,9.131321804,6.624573517,8.163261504,493,14,463,30,507,493
21,1000,70,7.7,28,15,952,25,6,17,48,7.55160559,97,715,70.43254882,9.260337293,6.962968231,8.12628317,477,17,475,31,494,506
23,1000,70,7.7,28,10,955,18,12,15,45,7.123190528,94,707,70.17550448,9.122590033,6.344877281,7.867995181,475,14,480,31,489,511
17,1000,70,7.7,28,26,953,27,5,15,47,7.94025501,111,721,71.06990596,9.980976912,7.172036801,8.769164055,498,21,455,26,519,481
20,1000,70,7.7,28,15,943,31,12,14,57,7.531480581,101,716,70.76268346,9.505967837,6.912265678,8.100777968,458,21,485,36,479,521
18,1000,70,7.7,28,18,942,24,18,16,58,7.693728528,110,719,70.86927744,9.61319106,7.219593196,8.134912369,465,17,477,41,482,518
22,1000,70,7.7,28,12,945,24,11,20,55,7.528744849,84,710,70.69761566,9.187917085,6.573633697,8.510978833,491,16,454,39,507,493
19,1000,70,7.7,28,17,957,22,8,13,43,7.389790678,104,703,70.75998911,9.13464188,6.665297045,8.134858167,493,14,464,29,507,493
16,1000,70,7.7,28,86,934,48,11,7,66,8.881162579,94,718,73.78051828,11.12906911,8.086838704,9.707907837,485,25,449,41,510,490
21,1000,70,7.7,28,16,952,25,6,17,48,7.596916773,92,710,70.49678325,9.308878421,7.036264217,8.144273221,477,17,475,31,494,506
17,1000,70,7.7,28,27,953,27,5,15,47,7.952944168,106,717,71.11584865,10.01706732,7.152282091,8.816860213,498,21,455,26,519,481
23,1000,70,7.7,28,11,955,17,13,15,45,7.166323475,103,736,70.21230383,9.136495096,6.403267799,7.896527438,475,14,480,31,489,511
20,1000,70,7.7,28,16,944,30,12,14,56,7.541643021,103,702,70.78714544,9.530392126,6.877112914,8.152602563,459,20,485,36,479,521
18,1000,70,7.7,28,19,942,25,18,15,58,7.721093007,89,722,70.91997472,9.646222311,7.349374662,8.066977644,464,18,478,40,482,518
22,1000,70,7.7,28,13,944,25,11,20,56,7.552176914,103,711,70.76162887,9.218354112,6.622619802,8.508131186,490,17,454,39,507,493
19,1000,70,7.7,28,18,956,24,7,13,44,7.453637935,104,734,70.83022807,9.165895311,6.756951495,8.170108573,492,15,464,29,507,493
21,1000,70,7.7,28,17,952,24,7,17,48,7.579654153,100,694,70.54197765,9.328009001,7.0466341,8.100033415,476,18,476,30,494,506
17,1000,70,7.7,28,28,952,25,8,15,48,8.0136082,98,726,71.15344944,10.04013337,7.259747436,8.827025532,497,22,455,26,519,481
23,1000,70,7.7,28,12,955,18,12,15,45,7.151769796,95,721,70.25003704,9.145174526,6.392284757,7.87855685,475,14,480,31,489,511
16,1000,70,7.7,28,87,933,49,11,7,67,8.92018811,94,747,73.81475368,11.1780775,8.113637788,9.759658852,484,26,449,41,510,490
20,1000,70,7.7,28,17,944,30,12,14,56,7.573393175,103,708,70.8306073,9.576816719,6.894501555,8.197556487,459,20,485,36,479,521
18,1000,70,7.7,28,20,942,25,18,15,58,7.734511991,93,703,70.94838523,9.650278466,7.350301409,8.092020679,464,18,478,40,482,518
22,1000,70,7.7,28,14,944,25,11,20,56,7.570545558,91,704,70.81736996,9.229205914,6.653952908,8.513167209,490,17,454,39,507,493
19,1000,70,7.7,28,19,957,23,7,13,43,7.468457996,99,707,70.87493614,9.194492714,6.757719826,8.1993794,492,15,465,28,507,493
17,1000,70,7.7,28,29,951,25,8,16,49,8.032452993,118,709,71.19197154,10.09204375,7.284615526,8.839371176,496,23,455,26,519,481
21,1000,70,7.7,28,18,950,26,7,17,50,7.601790795,101,717,70.6171536,9.362848082,7.063151314,8.127656217,475,19,475,31,494,506
23,1000,70,7.7,28,13,957,17,11,15,43,7.147464583,110,711,70.2801529,9.160169074,6.3842122,7.877856785,477,12,480,31,489,511
20,1000,70,7.7,28,18,946,29,11,14,54,7.569719062,102,720,70.86986879,9.587329137,6.903862488,8.181898139,458,21,488,33,479,521
16,1000,70,7.7,28,88,932,50,11,7,68,8.920698636,138,741,73.88170765,11.19628878,8.10434833,9.770369363,484,26,448,42,510,490
18,1000,70,7.7,28,21,941,26,18,15,59,7.762829213,105,710,70.99815319,9.685051234,7.388686934,8.110969326,463,19,478,40,482,518
22,1000,70,7.7,28,15,944,24,13,19,56,7.604650866,95,726,70.86118153,9.259755908,6.69742265,8.537642156,490,17,454,39,507,493
19,1000,70,7.7,28,20,958,23,7,12,42,7.46465972,98,726,70.90930147,9.196147955,6.78890784,8.159601309,492,15,466,27,507,493
17,1000,70,7.7,28,30,951,26,8,15,49,8.046966031,96,706,71.25508123,10.10996916,7.324206281,8.826825304,496,23,455,26,519,481
21,1000,70,7.7,28,19,949,26,7,18,51,7.630702302,96,712,70.65615392,9.37276347,7.08040204,8.167951964,475,19,474,32,494,506
23,1000,70,7.7,28,14,956,18,11,15,44,7.177766245,86,698,70.31411491,9.193630886,6.408978239,7.913455747,477,12,479,32,489,511
20,1000,70,7.7,28,19,947,28,11,14,53,7.591313944,92,728,70.92732987,9.608652654,6.94911349,8.18174392,457,22,490,31,479,521
18,1000,70,7.7,28,22,942,25,18,15,58,7.7817796,101,718,71.0715019,9.697519878,7.400323106,8.136725605,464,18,478,40,482,518
16,1000,70,7.7,28,89,932,50,11,7,68,8.919911685,112,746,73.93967603,11.2257815,8.108542733,9.764397736,484,26,448,42,510,490
22,1000,70,7.7,28,16,942,26,13,19,58,7.611723525,89,754,70.89771339,9.269059216,6.726710599,8.521868664,490,17,452,41,507,493
19,1000,70,7.7,28,21,958,23,7,12,42,7.483954015,91,726,70.93966035,9.207834371,6.807197678,8.179928585,492,15,466,27,507,493
17,1000,70,7.7,28,31,951,26,8,15,49,8.104062705,123,705,71.29117733,10.14345925,7.413543276,8.849134604,496,23,455,26,519,481
21,1000,70,7.7,28,20,949,26,8,17,51,7.641970031,97,694,70.72322947,9.372860424,7.095168029,8.175804396,476,18,473,33,494,506
23,1000,70,7.7,28,15,956,19,11,14,44,7.179288744,104,711,70.39223844,9.218124934,6.419049651,7.906797386,477,12,479,32,489,511
20,1000,70,7.7,28,20,948,28,11,13,52,7.565310957,105,691,70.99987337,9.633883836,6.959746128,8.122058659,457,22,491,30,479,521
18,1000,70,7.7,28,23,943,24,18,15,57,7.778380117,86,716,71.11607281,9.731086766,7.438119176,8.09499358,464,18,479,39,482,518
16,1000,70,7.7,28,90,931,51,10,8,69,8.955399095,127,753,73.98915029,11.22821909,8.113778699,9.831371345,483,27,448,42,510,490
19,1000,70,7.7,28,22,958,21,9,12,42,7.514919179,101,719,70.98590337,9.230977978,6.829382158,8.219923783,492,15,466,27,507,493
22,1000,70,7.7,28,17,940,29,12,19,60,7.634442942,89,726,70.93524571,9.302076086,6.78966753,8.503207919,487,20,453,40,507,493
17,1000,70,7.7,28,32,950,27,7,16,50,8.143441336,88,709,71.309687,10.18486287,7.447396577,8.894475079,495,24,455,26,519,481
21,1000,70,7.7,28,21,948,27,8,17,52,7.626589774,99,704,70.777241,9.377509969,7.062065057,8.177726554,476,18,472,34,494,506
23,1000,70,7.7,28,16,956,19,11,14,44,7.224097095,97,701,70.44861179,9.275049054,6.453607481,7.961414946,477,12,479,32,489,511
20,1000,70,7.7,28,21,948,28,11,13,52,7.57968332,109,710,71.03253297,9.671445451,6.960782948,8.148691532,457,22,491,30,479,521
18,1000,70,7.7,28,24,942,25,18,15,58,7.802836677,106,720,71.15982288,9.755258136,7.45800075,8.123707172,463,19,479,39,482,518
19,1000,70,7.7,28,23,961,21,6,12,39,7.519140536,101,695,71.04840284,9.282437995,6.851500125,8.205740309,493,14,468,25,507,493
22,1000,70,7.7,28,18,940,28,13,19,60,7.618766092,102,730,70.99633027,9.322397277,6.783455699,8.477797267,487,20,453,40,507,493
17,1000,70,7.7,28,33,951,25,8,16,49,8.146457523,106,684,71.35190629,10.20161153,7.492212126,8.852389667,496,23,455,26,519,481
21,1000,70,7.7,28,22,948,27,8,17,52,7.643025555,92,711,70.8034904,9.390292001,7.085229499,8.187593247,476,18,472,34,494,506
16,1000,70,7.7,28,91,930,52,10,8,70,8.981615561,120,743,74.0391462,11.25125621,8.145771992,9.851575195,482,28,448,42,510,490
23,1000,70,7.7,28,17,957,18,11,14,43,7.25090897,90,694,70.52084142,9.30314104,6.46411576,8.0038285,477,12,480,31,489,511
18,1000,70,7.7,28,25,942,25,18,15,58,7.830392382,95,712,71.22502966,9.785608319,7.510977257,8.127608773,463,19,479,39,482,518
20,1000,70,7.7,28,22,948,28,11,13,52,7.603102755,118,687,71.07590984,9.702132287,7.013149319,8.145497564,457,22,491,30,479,521
19,1000,70,7.7,28,24,959,23,5,13,41,7.530890679,100,745,71.09835816,9.301427723,6.848490994,8.232668855,492,15,467,26,507,493
22,1000,70,7.7,28,19,941,27,13,19,59,7.629974909,88,742,71.0333183,9.38377874,6.824985968,8.457823577,487,20,454,39,507,493
17,1000,70,7.7,28,34,951,25,8,16,49,8.162574294,84,689,71.41063664,10.20984496,7.481793613,8.897138065,497,22,454,27,519,481
21,1000,70,7.7,28,23,949,26,8,17,51,7.692549863,104,741,70.86737685,9.434027522,7.155060865,8.217292086,476,18,473,33,494,506
23,1000,70,7.7,28,18,958,17,11,14,42,7.25876214,112,715,70.53707458,9.364192593,6.444500373,8.037967627,478,11,480,31,489,511
16,1000,70,7.7,28,92,931,52,9,8,69,8.994021064,112,755,74.15078631,11.27693785,8.140991389,9.881868276,483,27,448,42,510,490
18,1000,70,7.7,28,26,941,26,18,15,59,7.857686232,97,712,71.30687774,9.825969857,7.537515784,8.155605452,462,20,479,39,482,518
20,1000,70,7.7,28,23,948,29,10,13,52,7.617512895,119,727,71.12789118,9.720268484,7.047445516,8.141624746,457,22,491,30,479,521
17,1000,70,7.7,28,35,951,25,8,16,49,8.168895156,119,704,71.44322914,10.23615586,7.498970547,8.891745201,497,22,454,27,519,481
19,1000,70,7.7,28,25,958,24,5,13,42,7.544609269,105,681,71.14518816,9.331343149,6.843312149,8.265821521,492,15,466,27,507,493
22,1000,70,7.7,28,20,942,26,13,19,58,7.651173289,112,712,71.11564898,9.41401636,6.84241803,8.482895229,488,19,454,39,507,493
21,1000,70,7.7,28,24,951,26,6,17,49,7.696288005,84,713,70.8936982,9.475283647,7.146316495,8.233216714,477,17,474,32,494,506
23,1000,70,7.7,28,19,959,16,11,14,41,7.277051414,87,726,70.58004352,9.393365582,6.483162268,8.036761381,478,11,481,30,489,511
16,1000,70,7.7,28,93,929,53,10,8,71,9.083346117,118,727,74.18645428,11.31075181,8.211827847,9.990436561,482,28,447,43,510,490
18,1000,70,7.7,28,27,942,25,18,15,58,7.875013719,94,691,71.33347933,9.835642283,7.561554407,8.166688214,462,20,480,38,482,518
20,1000,70,7.7,28,24,950,28,9,13,50,7.621066329,93,714,71.17956764,9.740951618,7.040830999,8.15452645,458,21,492,29,479,521
17,1000,70,7.7,28,36,951,25,8,16,49,8.178587422,112,727,71.49287371,10.27225294,7.520372332,8.888802872,497,22,454,27,519,481
19,1000,70,7.7,28,26,959,24,4,13,41,7.541287562,87,718,71.17648938,9.378647131,6.853988149,8.248104605,492,15,467,26,507,493
22,1000,70,7.7,28,21,944,25,12,19,56,7.612213402,120,734,71.14984988,9.441891814,6.818304775,8.4286671,489,18,455,38,507,493
21,1000,70,7.7,28,25,951,26,6,17,49,7.733093154,113,702,70.93327571,9.494232611,7.187394961,8.265849887,477,17,474,32,494,506
23,1000,70,7.7,28,20,957,18,11,14,43,7.296068761,101,716,70.6170832,9.405920755,6.454379396,8.10152101,478,11,479,32,489,511
18,1000,70,7.7,28,28,941,26,18,15,59,7.907627632,101,715,71.34103069,9.847770388,7.561140521,8.230034558,462,20,479,39,482,518
16,1000,70,7.7,28,94,928,54,10,8,72,9.076607243,130,753,74.24768592,11.34959956,8.226831171,9.961068052,482,28,446,44,510,490
17,1000,70,7.7,28,37,951,25,8,16,49,8.212987294,113,730,71.55325688,10.31707849,7.587655993,8.887721068,497,22,454,27,519,481
20,1000,70,7.7,28,25,951,27,9,13,49,7.666642855,103,703,71.22606785,9.775748503,7.064161461,8.220555691,459,20,492,29,479,521
19,1000,70,7.7,28,27,959,24,4,13,41,7.547850967,98,704,71.18921585,9.413122883,6.858952554,8.256312419,492,15,467,26,507,493
22,1000,70,7.7,28,22,946,22,13,19,54,7.61764372,103,701,71.17274235,9.466167926,6.851023328,8.406034266,490,17,456,37,507,493
21,1000,70,7.7,28,26,952,25,6,17,48,7.738148087,111,721,70.95799766,9.495353382,7.188945802,8.274325812,478,16,474,32,494,506
23,1000,70,7.7,28,21,957,18,11,14,43,7.295286463,103,679,70.68735764,9.473234586,6.435753743,8.11781386,478,11,479,32,489,511
18,1000,70,7.7,28,29,941,26,18,15,59,7.937621204,104,718,71.36854152,9.869201545,7.613221597,8.239475665,462,20,479,39,482,518
17,1000,70,7.7,28,38,951,25,8,16,49,8.251857507,94,723,71.57048439,10.33700505,7.632528159,8.92011516,498,21,453,28,519,481
19,1000,70,7.7,28,28,960,23,3,14,40,7.592141365,108,729,71.24520614,9.452982234,6.867540117,8.337319526,493,14,467,26,507,493
22,1000,70,7.7,28,23,946,22,13,19,54,7.644252413,115,711,71.20373226,9.498191259,6.884538921,8.425539918,490,17,456,37,507,493
20,1000,70,7.7,28,26,951,27,9,13,49,7.678780962,74,730,71.26934246,9.806118569,7.112430506,8.199475527,459,20,492,29,479,521
16,1000,70,7.7,28,95,928,54,10,8,72,9.089950903,121,759,74.31305348,11.39054812,8.253914573,9.960111163,482,28,446,44,510,490
21,1000,70,7.7,28,27,952,25,6,17,48,7.749843783,109,723,70.98904153,9.53645706,7.173539672,8.312480602,479,15,473,33,494,506
23,1000,70,7.7,28,22,957,20,10,13,43,7.281447697,114,681,70.73407122,9.518127053,6.475806754,8.052403511,477,12,480,31,489,511
18,1000,70,7.7,28,30,943,26,17,14,57,7.958157969,93,719,71.39795847,9.903120627,7.64439678,8.250113361,463,19,480,38,482,518
17,1000,70,7.7,28,39,951,25,8,16,49,8.270403008,114,703,71.64492801,10.36479102,7.646830261,8.943239299,498,21,453,28,519,481
19,1000,70,7.7,28,29,960,24,3,13,40,7.616457617,89,711,71.27275715,9.479435971,6.926853056,8.325645268,493,14,467,26,507,493
22,1000,70,7.7,28,24,947,21,14,18,53,7.658948123,92,721,71.24341719,9.534518268,6.882463018,8.457483514,490,17,457,36,507,493
20,1000,70,7.7,28,27,952,27,9,12,48,7.704636105,94,728,71.29232934,9.838432333,7.09445991,8.265623432,459,20,493,28,479,521
21,1000,70,7.7,28,28,953,24,6,17,47,7.749864434,108,727,71.05062479,9.561361011,7.149513419,8.335977875,480,14,473,33,494,506
23,1000,70,7.7,28,23,957,20,10,13,43,7.306701039,114,716,70.77300432,9.558870892,6.491031125,8.087254048,477,12,480,31,489,511
16,1000,70,7.7,28,96,928,54,10,8,72,9.097435312,115,751,74.34655857,11.42608518,8.249509837,9.97996999,482,28,446,44,510,490
18,1000,70,7.7,28,31,943,27,16,14,57,7.960813196,108,745,71.48195919,9.930641095,7.686393828,8.216160948,462,20,481,37,482,518
17,1000,70,7.7,28,40,952,24,9,15,48,8.288996535,105,719,71.73125938,10.40064998,7.648955905,8.979601705,499,20,453,28,519,481
22,1000,70,7.7,28,25,947,21,15,17,53,7.651102417,102,728,71.28174374,9.550960587,6.90089365,8.422615288,490,17,457,36,507,493
19,1000,70,7.7,28,30,962,23,3,12,38,7.620092993,109,738,71.32804028,9.523683503,6.921135255,8.338899429,494,13,468,25,507,493
21,1000,70,7.7,28,29,954,24,5,17,46,7.752412778,105,722,71.10934113,9.578442988,7.151906671,8.338677633,480,14,474,32,494,506
20,1000,70,7.7,28,28,952,27,9,12,48,7.70036734,112,716,71.35681026,9.86645593,7.112298992,8.241029026,459,20,493,28,479,521
23,1000,70,7.7,28,24,954,23,8,15,46,7.306377236,99,705,70.79386948,9.562570509,6.509712554,8.068743243,474,15,480,31,489,511
16,1000,70,7.7,28,97,928,54,10,8,72,9.107053143,124,747,74.38084041,11.44969187,8.289660832,9.957808406,481,29,447,43,510,490
18,1000,70,7.7,28,32,944,29,14,13,56,7.946455402,111,721,71.54658669,9.953888681,7.694409158,8.180984919,461,21,483,35,482,518
17,1000,70,7.7,28,41,954,23,9,14,46,8.271937702,110,724,71.77905055,10.41356067,7.669271502,8.922215786,500,19,454,27,519,481
22,1000,70,7.7,28,26,947,20,16,17,53,7.683820537,93,713,71.33967314,9.569752145,6.905280707,8.484469003,490,17,457,36,507,493
19,1000,70,7.7,28,31,962,23,3,12,38,7.664178685,89,717,71.42166446,9.550108642,6.987874861,8.359687892,493,14,469,24,507,493
21,1000,70,7.7,28,30,955,23,5,17,45,7.756675418,101,717,71.17290479,9.574275548,7.175265903,8.324296564,481,13,474,32,494,506
20,1000,70,7.7,28,29,951,28,9,12,49,7.720010667,108,735,71.42043776,9.8837205,7.1681107,8.227419658,458,21,493,28,479,521
23,1000,70,7.7,28,25,953,24,8,15,47,7.321485671,99,713,70.84451173,9.562679797,6.516395915,8.091914029,474,15,479,32,489,511
18,1000,70,7.7,28,33,945,28,14,13,55,7.97303644,103,692,71.57523569,9.9898644,7.725987446,8.202916005,461,21,484,34,482,518
16,1000,70,7.7,28,98,928,54,10,8,72,9.114585012,88,733,74.44485795,11.47045344,8.291701683,9.971055417,481,29,447,43,510,490
17,1000,70,7.7,28,42,954,22,10,14,46,8.278282786,105,730,71.8119614,10.42953039,7.693617943,8.909137366,500,19,454,27,519,481
22,1000,70,7.7,28,27,947,20,16,17,53,7.720787787,96,713,71.40836384,9.587948457,6.937323053,8.526501013,490,17,457,36,507,493
19,1000,70,7.7,28,32,962,22,4,12,38,7.677762456,111,729,71.45175757,9.565116183,6.968112932,8.407564299,493,14,469,24,507,493
21,1000,70,7.7,28,31,954,23,6,17,46,7.772747493,112,702,71.23870643,9.595519809,7.222977414,8.309479547,480,14,474,32,494,506
23,1000,70,7.7,28,26,952,25,8,15,48,7.355129513,96,739,70.85525999,9.60224009,6.564046452,8.112154204,473,16,479,32,489,511
20,1000,70,7.7,28,30,950,29,10,11,50,7.724194205,114,725,71.44618924,9.923196413,7.171746847,8.232106459,457,22,493,28,479,521
18,1000,70,7.7,28,34,945,28,15,12,55,7.986508874,111,732,71.61209628,10.01434312,7.731845512,8.223473625,461,21,484,34,482,518
17,1000,70,7.7,28,43,953,23,9,15,47,8.303948627,102,769,71.85388119,10.46860287,7.722113011,8.931750466,500,19,453,28,519,481
22,1000,70,7.7,28,28,948,20,15,17,52,7.747797842,98,691,71.4155306,9.604647295,6.982420968,8.534909556,490,17,458,35,507,493
19,1000,70,7.7,28,33,963,22,4,11,37,7.694684473,94,734,71.48658855,9.593366027,7.002328148,8.406702032,494,13,469,24,507,493
16,1000,70,7.7,28,99,928,54,10,8,72,9.125846809,115,711,74.47785463,11.48711283,8.327946724,9.956314244,481,29,447,43,510,490
21,1000,70,7.7,28,32,954,24,6,16,46,7.784672904,98,729,71.25916975,9.619835763,7.270972688,8.286190505,480,14,474,32,494,506
23,1000,70,7.7,28,27,953,24,8,15,47,7.346314927,102,715,70.89843796,9.62393075,6.53035002,8.127150229,474,15,479,32,489,511
20,1000,70,7.7,28,31,951,28,10,11,49,7.734925324,116,725,71.52267622,9.92625845,7.181569753,8.243672577,457,22,494,27,479,521
18,1000,70,7.7,28,35,945,28,15,12,55,7.996367589,102,718,71.63887587,10.03892274,7.725363117,8.248537774,461,21,484,34,482,518
17,1000,70,7.7,28,44,955,22,9,14,45,8.287873478,120,740,71.89605177,10.49601489,7.7002687,8.921900255,501,18,454,27,519,481
22,1000,70,7.7,28,29,948,20,15,17,52,7.780028426,101,711,71.46542823,9.636016957,7.000705556,8.581482169,490,17,458,35,507,493
19,1000,70,7.7,28,34,963,23,4,10,37,7.708790202,98,721,71.55688404,9.632318637,7.045449465,8.390968201,494,13,469,24,507,493
21,1000,70,7.7,28,33,953,25,6,16,47,7.801209903,97,719,71.26874031,9.651928833,7.309360125,8.28139526,480,14,473,33,494,506
16,1000,70,7.7,28,100,928,54,10,8,72,9.142885698,131,780,74.53303815,11.51297974,8.332046715,9.98682015,481,29,447,43,510,490
23,1000,70,7.7,28,28,953,24,8,15,47,7.366763374,93,711,70.95221138,9.667165447,6.58470456,8.115152337,474,15,479,32,489,511
20,1000,70,7.7,28,32,952,27,11,10,48,7.757048832,84,712,71.56634674,9.949716559,7.17529579,8.291904315,457,22,495,26,479,521
18,1000,70,7.7,28,36,946,27,16,11,54,7.965686758,98,747,71.69239171,10.06941182,7.731676031,8.18343419,461,21,485,33,482,518
17,1000,70,7.7,28,45,955,22,9,14,45,8.299965967,102,723,71.94952878,10.51307028,7.735516883,8.909007702,501,18,454,27,519,481
22,1000,70,7.7,28,30,950,19,14,17,50,7.80277659,91,700,71.49691533,9.652436727,7.051714002,8.575167528,490,17,460,33,507,493
19,1000,70,7.7,28,35,965,21,4,10,35,7.687680823,102,723,71.63570149,9.672535755,7.06511771,8.327923214,494,13,471,22,507,493
21,1000,70,7.7,28,34,951,25,6,18,49,7.854100318,105,747,71.32768366,9.661554104,7.327780215,8.367938523,481,13,470,36,494,506
23,1000,70,7.7,28,29,953,24,8,15,47,7.449318885,109,705,70.9777928,9.701846754,6.659768078,8.204877288,474,15,479,32,489,511
16,1000,70,7.7,28,101,929,54,9,8,71,9.17742867,130,754,74.57677087,11.54954637,8.345240762,10.04358343,482,28,447,43,510,490
20,1000,70,7.7,28,33,954,26,10,10,46,7.759992172,114,747,71.60161219,9.972709687,7.194599745,8.279805938,458,21,496,25,479,521
18,1000,70,7.7,28,37,948,26,16,10,52,7.964173757,118,726,71.70222841,10.07622774,7.739816473,8.172938642,462,20,486,32,482,518
17,1000,70,7.7,28,46,957,23,8,12,43,8.296728786,123,739,71.99745815,10.54156638,7.749310026,8.887394766,502,17,455,26,519,481
22,1000,70,7.7,28,31,950,19,14,17,50,7.86571535,95,754,71.54949512,9.667189711,7.080032369,8.673709815,490,17,460,33,507,493
19,1000,70,7.7,28,36,965,21,4,10,35,7.714271549,101,737,71.6886935,9.663940489,7.085331744,8.361071712,494,13,471,22,507,493
21,1000,70,7.7,28,35,953,23,6,18,47,7.885929582,106,729,71.37130125,9.686082178,7.358762979,8.40059421,482,12,471,35,494,506
23,1000,70,7.7,28,30,954,23,9,14,46,7.434069221,104,692,71.04064863,9.721394432,6.651447098,8.182997241,474,15,480,31,489,511
20,1000,70,7.7,28,34,955,25,10,10,45,7.779925436,110,727,71.65354624,9.985051128,7.228491254,8.28690619,458,21,497,24,479,521
18,1000,70,7.7,28,38,948,25,17,10,52,8.010747818,107,717,71.74248038,10.11558774,7.822197927,8.186193855,460,22,488,30,482,518
16,1000,70,7.7,28,102,925,57,10,8,75,9.227499038,131,724,74.65492005,11.57664612,8.378426609,10.11122748,481,29,444,46,510,490
17,1000,70,7.7,28,47,958,23,8,11,42,8.300163346,112,724,72.06695376,10.56867597,7.72702323,8.918582723,503,16,455,26,519,481
22,1000,70,7.7,28,32,951,19,14,16,49,7.862142411,95,724,71.57871709,9.696245598,7.079943822,8.666553536,490,17,461,32,507,493
19,1000,70,7.7,28,37,965,21,4,10,35,7.776572468,110,716,71.7539376,9.70348454,7.161246409,8.40937229,495,12,470,23,507,493
21,1000,70,7.7,28,36,953,24,6,17,47,7.881491614,108,705,71.40242145,9.716278012,7.374775439,8.376190804,482,12,471,35,494,506
23,1000,70,7.7,28,31,954,21,11,14,46,7.481022403,92,718,71.11802855,9.744937683,6.683952887,8.243775813,474,15,480,31,489,511
18,1000,70,7.7,28,39,947,27,16,10,53,8.025782597,99,700,71.81767652,10.15135383,7.848000374,8.191209299,458,24,489,29,482,518
20,1000,70,7.7,28,35,956,25,9,10,44,7.792788928,111,715,71.69633339,9.996619372,7.256563885,8.285786617,459,20,497,24,479,521
17,1000,70,7.7,28,48,959,23,8,10,41,8.319686103,126,711,72.09873872,10.56977077,7.763823939,8.919462534,503,16,456,25,519,481
22,1000,70,7.7,28,33,951,19,13,17,49,7.888947858,103,731,71.61392625,9.702273062,7.100700737,8.699579278,490,17,461,32,507,493
16,1000,70,7.7,28,103,926,56,9,9,74,9.259586126,128,755,74.68622029,11.6164854,8.399905297,10.15435597,481,29,445,45,510,490
19,1000,70,7.7,28,38,964,22,4,10,36,7.819042083,91,734,71.78898019,9.726827254,7.205337587,8.450174294,495,12,469,24,507,493
21,1000,70,7.7,28,37,955,23,5,17,45,7.872567267,110,711,71.42823958,9.729298261,7.349576451,8.383155138,483,11,472,34,494,506
23,1000,70,7.7,28,32,956,21,10,13,44,7.455538203,110,715,71.19063681,9.758085532,6.672528028,8.204837568,475,14,481,30,489,511
18,1000,70,7.7,28,40,947,27,16,10,53,8.038947253,92,730,71.84840066,10.15741592,7.859222657,8.206181337,458,24,489,29,482,518
17,1000,70,7.7,28,49,958,24,8,10,42,8.331607159,100,738,72.19145962,10.61820576,7.769486395,8.938136631,503,16,455,26,519,481
20,1000,70,7.7,28,36,955,27,8,10,45,7.831128731,81,711,71.71977631,10.05125844,7.311922849,8.308479245,457,22,498,23,479,521
22,1000,70,7.7,28,34,952,18,12,18,48,7.879674718,103,724,71.68250659,9.738686894,7.12328459,8.657544484,490,17,462,31,507,493
19,1000,70,7.7,28,39,964,23,4,9,36,7.848896863,100,744,71.82590636,9.749057104,7.280742876,8.433185041,495,12,469,24,507,493
16,1000,70,7.7,28,104,927,54,10,9,73,9.269840588,130,745,74.72154306,11.63523792,8.458923843,10.11385598,481,29,446,44,510,490
21,1000,70,7.7,28,38,955,24,5,16,45,7.888681837,99,722,71.47506356,9.749880088,7.334984729,8.429247789,483,11,472,34,494,506
24,1000,70,7.7,28,0,930,27,22,21,70,7.279,91,713,70.01562505,9.069769488,6.641851107,7.908548708,470,27,460,43,497,503
23,1000,70,7.7,28,33,955,22,11,12,45,7.476176561,98,699,71.22654622,9.77213162,6.71696577,8.202701172,475,14,480,31,489,511
18,1000,70,7.7,28,41,949,27,13,11,51,8.042882791,102,747,71.87673245,10.18134278,7.836147221,8.235250637,459,23,490,28,482,518
17,1000,70,7.7,28,50,957,24,9,10,43,8.344878931,110,730,72.24996356,10.64405607,7.80638842,8.925911312,502,17,455,26,519,481
22,1000,70,7.7,28,35,951,18,12,19,49,7.898751231,106,712,71.76739424,9.753075346,7.149111584,8.66967882,489,18,462,31,507,493
19,1000,70,7.7,28,40,964,23,4,9,36,7.850883322,89,715,71.86620763,9.790742109,7.299828777,8.417586474,495,12,469,24,507,493
20,1000,70,7.7,28,37,955,27,9,9,45,7.848166382,100,722,71.78979694,10.0780193,7.379682306,8.278883988,457,22,498,23,479,521
21,1000,70,7.7,28,39,956,23,5,16,44,7.91232191,94,726,71.53357741,9.786198618,7.387973282,8.424235392,483,11,473,33,494,506
23,1000,70,7.7,28,34,954,23,11,12,46,7.494973985,96,712,71.27939979,9.806258135,6.710981693,8.245213184,475,14,479,32,489,511
24,1000,70,7.7,28,1,931,27,22,20,69,7.278366881,108,722,70.07027734,9.093246911,6.656047703,7.893262767,470,27,461,42,497,503
18,1000,70,7.7,28,42,950,29,12,9,50,8.017955028,95,714,71.91500382,10.22073318,7.78883776,8.231149087,461,21,489,29,482,518
17,1000,70,7.7,28,51,957,24,10,9,43,8.349577493,110,736,72.33512136,10.72593148,7.835151241,8.90464449,502,17,455,26,519,481
22,1000,70,7.7,28,36,951,19,11,19,49,7.925471634,91,737,71.79738348,9.789946175,7.165756772,8.706760549,489,18,462,31,507,493
19,1000,70,7.7,28,41,964,22,5,9,36,7.8433715,115,714,71.95720881,9.825286972,7.297347731,8.404901015,495,12,469,24,507,493
20,1000,70,7.7,28,38,955,27,9,9,45,7.834299241,107,732,71.83424592,10.11091878,7.368979509,8.262107594,457,22,498,23,479,521
21,1000,70,7.7,28,40,957,23,5,15,43,7.942562449,108,720,71.59159604,9.80519591,7.397456602,8.474740885,484,10,473,33,494,506
23,1000,70,7.7,28,35,956,23,10,11,44,7.507085591,102,700,71.33488569,9.826256371,6.757206191,8.224680555,475,14,481,30,489,511
18,1000,70,7.7,28,43,949,29,13,9,51,8.046923195,104,729,71.94032381,10.25645876,7.790936716,8.285119108,461,21,488,30,482,518
17,1000,70,7.7,28,52,959,22,10,9,41,8.360961269,106,732,72.36150608,10.75433854,7.842423277,8.920464841,504,15,455,26,519,481
24,1000,70,7.7,28,2,932,26,21,21,68,7.275841239,108,712,70.12684548,9.107913273,6.64700306,7.897178366,471,26,461,42,497,503
22,1000,70,7.7,28,37,952,19,11,18,48,7.969835473,119,710,71.87948147,9.823119956,7.218593221,8.742411177,490,17,462,31,507,493
19,1000,70,7.7,28,42,965,21,5,9,35,7.876087758,100,740,71.98642756,9.87501906,7.31885752,8.449141978,495,12,470,23,507,493
20,1000,70,7.7,28,39,955,27,8,10,45,7.848517424,128,741,71.87098695,10.14568675,7.402467047,8.258609806,457,22,498,23,479,521
21,1000,70,7.7,28,41,957,23,5,15,43,7.956369094,92,706,71.63312307,9.82864475,7.422784245,8.477299757,484,10,473,33,494,506
23,1000,70,7.7,28,36,955,24,9,12,45,7.558356063,94,733,71.36397693,9.854282123,6.80942411,8.275044371,473,16,482,29,489,511
18,1000,70,7.7,28,44,948,30,13,9,52,8.055305119,102,751,72.00407336,10.26674133,7.768751513,8.321943802,460,22,488,30,482,518
17,1000,70,7.7,28,53,958,22,11,9,42,8.38601008,111,723,72.38900786,10.76058446,7.870138125,8.942636993,503,16,455,26,519,481
22,1000,70,7.7,28,38,952,18,12,18,48,7.97116975,91,724,71.93143951,9.836538274,7.2139288,8.7499145,490,17,462,31,507,493
19,1000,70,7.7,28,43,966,19,6,9,34,7.885438343,104,723,72.04527142,9.896023284,7.346700151,8.439475389,495,12,471,22,507,493
24,1000,70,7.7,28,3,931,27,21,21,69,7.289185469,88,707,70.19459629,9.103646197,6.67310744,7.897914655,470,27,461,42,497,503
20,1000,70,7.7,28,40,955,27,7,11,45,7.863832709,98,704,71.92288297,10.19842851,7.414883729,8.276590024,457,22,498,23,479,521
21,1000,70,7.7,28,42,956,21,8,15,44,7.994568044,102,706,71.68771614,9.854453488,7.467075879,8.509550513,484,10,472,34,494,506
23,1000,70,7.7,28,37,956,23,9,12,44,7.553674125,95,708,71.40709551,9.895646156,6.803670412,8.271388049,473,16,483,28,489,511
17,1000,70,7.7,28,54,959,20,12,9,41,8.409621348,115,721,72.44334644,10.77915659,7.861904804,9.000608638,504,15,455,26,519,481
18,1000,70,7.7,28,45,948,31,13,8,52,8.048645378,106,721,72.03681706,10.30706763,7.795366829,8.284321557,460,22,488,30,482,518
22,1000,70,7.7,28,39,952,18,12,18,48,8.008139615,110,726,71.99960648,9.898074924,7.232542168,8.805762142,490,17,462,31,507,493
19,1000,70,7.7,28,44,964,21,6,9,36,7.928154158,98,741,72.09959249,9.92471114,7.35025417,8.522465098,495,12,469,24,507,493
21,1000,70,7.7,28,43,956,21,8,15,44,7.994958952,112,712,71.74454007,9.84867847,7.47988193,8.497820708,484,10,472,34,494,506
20,1000,70,7.7,28,41,953,29,7,11,47,7.857042913,116,726,71.97690182,10.21968664,7.413481155,8.264847292,455,24,498,23,479,521
24,1000,70,7.7,28,4,933,27,21,19,67,7.276433405,94,737,70.25094721,9.114783684,6.648268791,7.897105002,470,27,463,40,497,503
23,1000,70,7.7,28,38,955,24,9,12,45,7.599769868,84,735,71.46778634,9.911194852,6.846681935,8.320435229,472,17,483,28,489,511
17,1000,70,7.7,28,55,959,20,12,9,41,8.42411456,110,731,72.47781843,10.79276641,7.878222001,9.013133766,504,15,455,26,519,481
18,1000,70,7.7,28,46,949,30,13,8,51,8.075864233,111,738,72.08243731,10.34353659,7.866525824,8.270654027,461,21,488,30,482,518
22,1000,70,7.7,28,40,951,19,12,18,49,8.028181794,107,714,72.02909152,9.916059216,7.266989732,8.810989858,489,18,462,31,507,493
19,1000,70,7.7,28,45,964,20,7,9,36,7.983956598,87,718,72.15071608,9.956722605,7.411755077,8.572407249,495,12,469,24,507,493
21,1000,70,7.7,28,44,957,20,8,15,43,8.046928728,119,723,71.81899607,9.899327512,7.542019148,8.539864168,485,9,472,34,494,506
20,1000,70,7.7,28,42,955,28,7,10,45,7.859975571,118,713,71.98667856,10.23182925,7.433148412,8.252394399,455,24,500,21,479,521
23,1000,70,7.7,28,39,954,25,9,12,46,7.625738308,109,726,71.51566521,9.943351492,6.841520897,8.376192935,472,17,482,29,489,511
17,1000,70,7.7,28,56,958,21,12,9,42,8.451712361,113,726,72.54238716,10.82619977,7.908706633,9.03761667,503,16,455,26,519,481
24,1000,70,7.7,28,5,935,25,20,20,65,7.30358002,80,723,70.30533823,9.109506956,6.658350416,7.941113048,472,25,463,40,497,503
18,1000,70,7.7,28,47,950,27,15,8,50,8.057779661,114,737,72.13039919,10.35339494,7.820713721,8.278369975,461,21,489,29,482,518
22,1000,70,7.7,28,41,951,19,11,19,49,8.067154018,106,723,72.07592443,9.929666102,7.290124253,8.866249537,489,18,462,31,507,493
19,1000,70,7.7,28,46,964,19,7,10,36,8.037517889,102,713,72.20591524,9.993509307,7.469049809,8.622129079,495,12,469,24,507,493
21,1000,70,7.7,28,45,956,21,8,15,44,8.069313001,99,720,71.83408896,9.935178539,7.572206717,8.554630204,484,10,472,34,494,506
23,1000,70,7.7,28,40,954,24,9,13,46,7.657608044,104,736,71.56332093,9.963635333,6.895551538,8.386855855,472,17,482,29,489,511
20,1000,70,7.7,28,43,955,28,7,10,45,7.881365136,122,730,71.99684295,10.24397975,7.465454984,8.263747022,455,24,500,21,479,521
17,1000,70,7.7,28,57,957,22,12,9,43,8.491453568,107,745,72.5505021,10.83742159,7.951703161,9.073845379,503,16,454,27,519,481
18,1000,70,7.7,28,48,950,27,15,8,50,8.067803385,114,719,72.16508173,10.36466588,7.837680828,8.281932868,461,21,489,29,482,518
24,1000,70,7.7,28,6,934,26,20,20,66,7.343461133,83,718,70.33606377,9.107215586,6.691194222,7.987947524,472,25,462,41,497,503
22,1000,70,7.7,28,42,954,18,8,20,46,8.092578344,121,721,72.11661188,9.954657109,7.311844545,8.895483083,490,17,464,29,507,493
19,1000,70,7.7,28,47,964,20,7,9,36,8.024428283,119,746,72.25262851,10.03179163,7.476061154,8.588367704,495,12,469,24,507,493
21,1000,70,7.7,28,46,955,21,9,15,45,8.098730057,94,719,71.88442371,9.974484806,7.575204127,8.609840351,483,11,472,34,494,506
23,1000,70,7.7,28,41,954,24,9,13,46,7.696310127,121,704,71.62131648,10.00982823,6.957317756,8.403486779,472,17,482,29,489,511
20,1000,70,7.7,28,44,954,29,7,10,46,7.917138954,106,721,71.99741655,10.25122524,7.495075678,8.305177934,454,25,500,21,479,521
17,1000,70,7.7,28,58,957,22,12,9,43,8.521223808,115,723,72.60429856,10.8517208,7.996484524,9.087418586,503,16,454,27,519,481
18,1000,70,7.7,28,49,950,27,16,7,50,8.062018936,102,726,72.26023796,10.40016519,7.833191589,8.274943225,461,21,489,29,482,518
22,1000,70,7.7,28,43,953,17,10,20,47,8.151227821,104,749,72.1431652,10.01507461,7.362880463,8.961962326,490,17,463,30,507,493
19,1000,70,7.7,28,48,964,20,7,9,36,8.046618048,106,712,72.3045886,10.06579525,7.530840474,8.577042449,495,12,469,24,507,493
24,1000,70,7.7,28,7,934,27,19,20,66,7.367285782,85,699,70.35382458,9.113128997,6.696534672,8.030035884,473,24,461,42,497,503
21,1000,70,7.7,28,47,955,21,9,15,45,8.110654703,104,739,71.92736596,10.01536174,7.604099532,8.605196707,482,12,473,33,494,506
23,1000,70,7.7,28,42,954,24,9,13,46,7.71261088,93,717,71.65279483,10.04222817,6.983213809,8.410605338,472,17,482,29,489,511
17,1000,70,7.7,28,59,959,21,10,10,41,8.529380886,103,719,72.65896743,10.88245021,8.023869687,9.074828521,503,16,456,25,519,481
20,1000,70,7.7,28,45,955,28,6,11,45,7.913258438,110,730,72.05580198,10.28331177,7.45592258,8.33372653,455,24,500,21,479,521
18,1000,70,7.7,28,50,951,26,15,8,49,8.069582893,106,714,72.28474914,10.42696869,7.808216792,8.312784555,463,19,488,30,482,518
22,1000,70,7.7,28,44,954,17,9,20,46,8.146190275,108,729,72.16407232,10.03250525,7.377941277,8.936255676,490,17,464,29,507,493
19,1000,70,7.7,28,49,964,20,7,9,36,8.059685817,107,718,72.37318899,10.10504191,7.522257519,8.612375771,495,12,469,24,507,493
24,1000,70,7.7,28,8,935,26,19,20,65,7.371232525,101,738,70.39729473,9.117830133,6.713961109,8.020663725,473,24,462,41,497,503
21,1000,70,7.7,28,48,954,23,8,15,46,8.12840817,114,738,71.95657492,10.03008735,7.639721465,8.605505466,481,13,473,33,494,506
23,1000,70,7.7,28,43,954,24,9,13,46,7.743902444,104,730,71.73287825,10.05659941,7.000100569,8.455681538,472,17,482,29,489,511
17,1000,70,7.7,28,60,959,22,9,10,41,8.556031844,121,742,72.67836177,10.89585033,8.080378796,9.069262472,503,16,456,25,519,481
18,1000,70,7.7,28,51,951,25,16,8,49,8.070853781,113,736,72.30535439,10.44925857,7.849066615,8.277227167,462,20,489,29,482,518
20,1000,70,7.7,28,46,955,28,6,11,45,7.93421862,97,732,72.10564251,10.30100464,7.514278842,8.320305287,455,24,500,21,479,521
22,1000,70,7.7,28,45,955,16,9,20,45,8.12860469,94,746,72.20921356,10.05834766,7.350551982,8.9287522,490,17,465,28,507,493
19,1000,70,7.7,28,50,964,20,7,9,36,8.064835835,94,732,72.4551413,10.13596952,7.506253923,8.639280114,496,11,468,25,507,493
21,1000,70,7.7,28,49,953,23,9,15,47,8.153446616,94,726,71.98984711,10.03388925,7.638071132,8.656599757,480,14,473,33,494,506
23,1000,70,7.7,28,44,956,22,9,13,44,7.787189489,107,734,71.7749411,10.05616739,7.036144484,8.505899875,473,16,483,28,489,511
17,1000,70,7.7,28,61,958,23,9,10,42,8.606164485,96,750,72.72912223,10.92578887,8.14200429,9.1069943,503,16,455,26,519,481
24,1000,70,7.7,28,9,939,23,18,20,61,7.393223118,87,704,70.45974217,9.153546268,6.768948423,8.010051196,474,23,465,38,497,503
18,1000,70,7.7,28,52,951,25,15,9,49,8.07786535,109,726,72.34264018,10.45766789,7.844974438,8.294570793,462,20,489,29,482,518
20,1000,70,7.7,28,47,955,29,5,11,45,7.906941582,101,734,72.15623632,10.32383138,7.464564175,8.313657087,455,24,500,21,479,521
22,1000,70,7.7,28,46,957,17,8,18,43,8.086748719,110,710,72.24735995,10.08315146,7.348303703,8.846163776,490,17,467,26,507,493
19,1000,70,7.7,28,51,964,20,7,9,36,8.089702244,94,724,72.50409242,10.15383578,7.517091922,8.678573306,496,11,468,25,507,493
21,1000,70,7.7,28,50,952,24,9,15,48,8.202692216,113,765,72.03527148,10.04462394,7.67335902,8.719472055,480,14,472,34,494,506
17,1000,70,7.7,28,62,956,24,10,10,44,8.610939187,122,719,72.79464841,10.94533648,8.184201471,9.071390069,501,18,455,26,519,481
23,1000,70,7.7,28,45,956,22,9,13,44,7.812344631,94,721,71.806618,10.08413505,7.029507789,8.561478126,473,16,483,28,489,511
18,1000,70,7.7,28,53,952,25,15,8,48,8.04839375,88,696,72.39702207,10.49615751,7.864729782,8.219293426,462,20,490,28,482,518
24,1000,70,7.7,28,10,940,24,17,19,60,7.377386371,98,694,70.49954246,9.171764895,6.769752082,7.977772538,474,23,466,37,497,503
20,1000,70,7.7,28,48,957,28,5,10,43,7.906669618,111,726,72.20141432,10.35259161,7.487914464,8.291667159,455,24,502,19,479,521
22,1000,70,7.7,28,47,959,18,6,17,41,8.045415139,110,752,72.31507502,10.11072503,7.33285727,8.778207918,491,16,468,25,507,493
19,1000,70,7.7,28,52,966,19,7,8,34,8.102815915,120,741,72.55422125,10.20751253,7.536697138,8.685011088,496,11,470,23,507,493
21,1000,70,7.7,28,51,951,25,9,15,49,8.228445228,115,753,72.05444933,10.0839396,7.684899205,8.759100831,480,14,471,35,494,506
17,1000,70,7.7,28,63,955,25,10,10,45,8.623573428,118,747,72.82193476,10.97320857,8.221549118,9.057358495,500,19,455,26,519,481
23,1000,70,7.7,28,46,955,23,9,13,45,7.833930199,111,719,71.8411434,10.089542,7.050364352,8.583761313,473,16,482,29,489,511
18,1000,70,7.7,28,54,952,25,15,8,48,8.11229376,108,732,72.48507169,10.51656779,7.919513401,8.291676257,462,20,490,28,482,518
20,1000,70,7.7,28,49,958,27,5,10,42,7.94845991,106,716,72.22541436,10.35699168,7.539094634,8.324824531,457,22,501,20,479,521
22,1000,70,7.7,28,48,959,18,7,16,41,8.044871508,99,717,72.36129808,10.16178529,7.316785164,8.793633732,492,15,467,26,507,493
24,1000,70,7.7,28,11,940,24,17,19,60,7.419867119,94,702,70.55556835,9.201570105,6.837868539,7.994923369,474,23,466,37,497,503
19,1000,70,7.7,28,53,966,19,7,8,34,8.119431266,111,729,72.59281114,10.23002668,7.551559915,8.703428781,496,11,470,23,507,493
21,1000,70,7.7,28,52,951,25,9,15,49,8.228382334,123,756,72.10533945,10.10541897,7.655597324,8.78758351,481,13,470,36,494,506
17,1000,70,7.7,28,64,958,23,9,10,42,8.602134354,112,729,72.87956784,10.99960853,8.202807304,9.033009071,502,17,456,25,519,481
23,1000,70,7.7,28,47,955,23,10,12,45,7.852894435,101,741,71.8716352,10.08836933,7.042446616,8.628450175,472,17,483,28,489,511
18,1000,70,7.7,28,55,953,24,15,8,47,8.140122201,107,723,72.52235174,10.59075856,7.966028355,8.302116861,463,19,490,28,482,518
22,1000,70,7.7,28,49,958,19,7,16,42,8.065246014,108,755,72.44656661,10.21634923,7.342428223,8.808590072,492,15,466,27,507,493
20,1000,70,7.7,28,50,957,28,5,10,43,8.007396429,96,743,72.28193364,10.37249759,7.578265736,8.401933092,457,22,500,21,479,521
19,1000,70,7.7,28,54,966,19,7,8,34,8.080949118,97,727,72.6184143,10.25411495,7.533627357,8.643813485,496,11,470,23,507,493
24,1000,70,7.7,28,12,942,22,17,19,58,7.42300398,103,718,70.57008808,9.241393206,6.850225497,7.988950115,475,22,467,36,497,503
21,1000,70,7.7,28,53,951,26,8,15,49,8.2328511,97,724,72.16475786,10.14158056,7.609228371,8.841684357,482,12,469,37,494,506
17,1000,70,7.7,28,65,958,24,9,9,42,8.589348369,115,767,72.92943632,11.0379648,8.210045444,8.998617013,502,17,456,25,519,481
23,1000,70,7.7,28,48,955,23,10,12,45,7.864197672,104,705,71.92340887,10.10420841,7.047013616,8.646199635,472,17,483,28,489,511
18,1000,70,7.7,28,56,954,22,16,8,46,8.139126758,117,723,72.57230914,10.59910577,7.982761629,8.284624813,463,19,491,27,482,518
22,1000,70,7.7,28,50,958,19,7,16,42,8.079943417,116,742,72.51041369,10.26796342,7.360532312,8.819784046,492,15,466,27,507,493
20,1000,70,7.7,28,51,957,28,5,10,43,8.060972229,113,733,72.35577478,10.40563497,7.626978839,8.459979587,458,21,499,22,479,521
19,1000,70,7.7,28,55,965,20,7,8,35,8.112535053,94,740,72.68266576,10.29842504,7.565392553,8.675215068,495,12,470,23,507,493
17,1000,70,7.7,28,66,957,25,9,9,43,8.618321736,120,710,72.95837079,11.07699705,8.26109462,9.003770537,501,18,456,25,519,481
24,1000,70,7.7,28,13,940,23,18,19,60,7.483097707,91,707,70.58527023,9.257429209,6.932434104,8.027192758,474,23,466,37,497,503
21,1000,70,7.7,28,54,952,26,9,13,48,8.260393174,103,739,72.2048816,10.17058798,7.631599675,8.874274575,482,12,470,36,494,506
18,1000,70,7.7,28,57,954,22,16,8,46,8.185036588,111,750,72.61407096,10.6281169,8.037172673,8.322624247,463,19,491,27,482,518
23,1000,70,7.7,28,49,953,25,10,12,47,7.873461851,114,714,71.95236804,10.11431057,7.092046909,8.621234663,470,19,483,28,489,511
22,1000,70,7.7,28,51,958,19,7,16,42,8.125315087,129,707,72.57715657,10.32062056,7.418676987,8.85201999,492,15,466,27,507,493
20,1000,70,7.7,28,52,957,28,5,10,43,8.09307432,114,721,72.42307182,10.43862095,7.699768801,8.454673827,458,21,499,22,479,521
19,1000,70,7.7,28,56,964,22,7,7,36,8.120704347,116,732,72.72254465,10.3162139,7.568711894,8.688372042,495,12,469,24,507,493
17,1000,70,7.7,28,67,957,25,9,9,43,8.649970831,118,710,72.99458306,11.11077212,8.289846916,9.038545285,501,18,456,25,519,481
21,1000,70,7.7,28,55,951,27,9,13,49,8.29291195,92,720,72.24096094,10.18798889,7.676169782,8.895027822,482,12,469,37,494,506
18,1000,70,7.7,28,58,955,21,16,8,45,8.202062667,111,717,72.62929569,10.65289279,8.076211765,8.319167174,463,19,492,26,482,518
23,1000,70,7.7,28,50,953,23,12,12,47,7.872458845,105,730,72.00243669,10.12250555,7.114898518,8.597404051,468,21,485,26,489,511
24,1000,70,7.7,28,14,941,22,18,19,59,7.485836875,99,696,70.64244466,9.281060738,6.918489777,8.046416413,474,23,467,36,497,503
22,1000,70,7.7,28,52,957,20,7,16,43,8.153812321,126,726,72.65848528,10.35793836,7.429310593,8.898888134,492,15,465,28,507,493
20,1000,70,7.7,28,53,958,26,6,10,42,8.121944402,89,753,72.44078707,10.47089998,7.69188025,8.517339276,459,20,499,22,479,521
19,1000,70,7.7,28,57,964,22,7,7,36,8.150676051,118,749,72.77299037,10.34664272,7.638829146,8.677058163,495,12,469,24,507,493
17,1000,70,7.7,28,68,957,25,9,9,43,8.634618592,117,731,73.03410756,11.13009169,8.26684331,9.031448887,501,18,456,25,519,481
21,1000,70,7.7,28,56,950,28,9,13,50,8.313051686,108,708,72.27013213,10.20713553,7.687437207,8.923829457,482,12,468,38,494,506
18,1000,70,7.7,28,59,955,23,13,9,45,8.240984746,95,763,72.68634399,10.69895149,8.119430707,8.354091014,462,20,493,25,482,518
23,1000,70,7.7,28,51,953,23,12,12,47,7.880028139,117,719,72.06127406,10.15515981,7.10571106,8.62100867,468,21,485,26,489,511
24,1000,70,7.7,28,15,940,23,18,19,60,7.515317516,106,718,70.66720602,9.312270004,6.98312952,8.041157345,473,24,467,36,497,503
22,1000,70,7.7,28,53,957,19,8,16,43,8.209294309,116,720,72.68275039,10.40630306,7.499009913,8.939749052,492,15,465,28,507,493
19,1000,70,7.7,28,58,964,22,7,7,36,8.166888303,120,730,72.80224808,10.3732727,7.636549097,8.712287851,495,12,469,24,507,493
20,1000,70,7.7,28,54,958,26,6,10,42,8.177452775,112,735,72.48206178,10.53544823,7.699985894,8.616429044,459,20,499,22,479,521
17,1000,70,7.7,28,69,957,25,9,9,43,8.64398277,113,728,73.07015741,11.13988142,8.277323487,9.039608899,501,18,456,25,519,481
21,1000,70,7.7,28,57,951,27,9,13,49,8.326159084,107,725,72.31913474,10.23906091,7.708497757,8.929172316,483,11,468,38,494,506
18,1000,70,7.7,28,60,955,22,14,9,45,8.271874136,116,733,72.72722431,10.72873928,8.131935177,8.402087607,462,20,493,25,482,518
23,1000,70,7.7,28,52,952,24,12,12,48,7.916002688,114,726,72.09788277,10.1792597,7.165884365,8.633826288,467,22,485,26,489,511
22,1000,70,7.7,28,54,955,21,8,16,45,8.258342379,110,704,72.6925801,10.45247965,7.527479824,9.009959653,491,16,464,29,507,493
24,1000,70,7.7,28,16,941,23,18,18,59,7.541461911,98,712,70.68708847,9.331790664,7.038679669,8.038246751,473,24,468,35,497,503
19,1000,70,7.7,28,59,967,21,5,7,33,8.136145422,102,724,72.84565197,10.40867156,7.622677269,8.664194821,495,12,472,21,507,493
17,1000,70,7.7,28,70,959,23,9,9,41,8.602801682,122,738,73.13327115,11.14612689,8.241618217,8.992519392,502,17,457,24,519,481
20,1000,70,7.7,28,55,957,27,6,10,43,8.226803204,96,742,72.50550172,10.59083505,7.722811172,8.690166321,458,21,499,22,479,521
21,1000,70,7.7,28,58,951,27,9,13,49,8.358640472,110,699,72.35232399,10.27452702,7.751072812,8.951799412,483,11,468,38,494,506
18,1000,70,7.7,28,61,956,22,13,9,44,8.257911352,109,718,72.7524386,10.76914194,8.146363219,8.361707105,463,19,493,25,482,518
23,1000,70,7.7,28,53,952,24,12,12,48,7.941630017,95,702,72.15994825,10.22845003,7.19511092,8.65600935,467,22,485,26,489,511
22,1000,70,7.7,28,55,956,20,8,16,44,8.251743956,101,711,72.74702977,10.46591972,7.517877484,9.006450449,491,16,465,28,507,493
19,1000,70,7.7,28,60,967,21,5,7,33,8.163159656,137,733,72.87204385,10.43358868,7.641326022,8.699812095,495,12,472,21,507,493
24,1000,70,7.7,28,17,944,21,17,18,56,7.543969106,112,714,70.71157765,9.372254081,7.031163081,8.05065816,474,23,470,33,497,503
17,1000,70,7.7,28,71,958,24,9,9,42,8.627155984,129,736,73.18504132,11.16633987,8.275887397,9.00617552,502,17,456,25,519,481
20,1000,70,7.7,28,56,957,27,6,10,43,8.233428955,109,747,72.57096013,10.61087174,7.731440383,8.694950119,458,21,499,22,479,521
21,1000,70,7.7,28,59,952,26,9,13,48,8.358011692,103,711,72.40104396,10.30136247,7.742377099,8.959046254,484,10,468,38,494,506
18,1000,70,7.7,28,62,957,21,13,9,43,8.28188059,110,729,72.80953248,10.79128895,8.17322599,8.382983905,464,18,493,25,482,518
23,1000,70,7.7,28,54,951,25,12,12,49,7.946621919,107,734,72.2126058,10.23090887,7.19520595,8.665687298,467,22,484,27,489,511
22,1000,70,7.7,28,56,957,19,8,16,43,8.254402376,115,712,72.78169738,10.46062936,7.499632837,9.030605532,492,15,465,28,507,493
17,1000,70,7.7,28,72,960,23,8,9,40,8.652800136,102,750,73.20204369,11.1942313,8.295081816,9.038778946,502,17,458,23,519,481
19,1000,70,7.7,28,61,968,21,4,7,32,8.185857092,106,734,72.91146382,10.48823017,7.638038695,8.749232199,496,11,472,21,507,493
24,1000,70,7.7,28,18,943,21,18,18,57,7.581844306,105,710,70.73788932,9.393001208,7.069779958,8.087800531,474,23,469,34,497,503
20,1000,70,7.7,28,57,956,28,6,10,44,8.232515443,115,720,72.64342215,10.62277383,7.686961325,8.73409015,458,21,498,23,479,521
21,1000,70,7.7,28,60,951,27,9,13,49,8.354612244,111,709,72.4345608,10.31955725,7.726968641,8.967371018,484,10,467,39,494,506
18,1000,70,7.7,28,63,956,22,13,9,44,8.315894232,106,731,72.85952271,10.82585902,8.199771401,8.42394675,463,19,493,25,482,518
23,1000,70,7.7,28,55,951,25,11,13,49,7.975729831,110,726,72.25829382,10.24868496,7.221396313,8.697587149,468,21,483,28,489,511
22,1000,70,7.7,28,57,960,17,8,15,40,8.242455536,110,714,72.82732704,10.4972397,7.54953877,8.955049453,492,15,468,25,507,493
17,1000,70,7.7,28,73,959,24,8,9,41,8.692887836,113,729,73.19908899,11.23037572,8.357540876,9.054727903,502,17,457,24,519,481
19,1000,70,7.7,28,62,966,22,6,6,34,8.211734354,98,735,72.95449226,10.51651063,7.657631623,8.781572254,494,13,472,21,507,493
20,1000,70,7.7,28,58,956,27,7,10,44,8.243282339,114,728,72.68133813,10.63777024,7.683148687,8.758261262,458,21,498,23,479,521
21,1000,70,7.7,28,61,951,27,9,13,49,8.35179413,116,759,72.49389848,10.35065436,7.732866152,8.956043974,484,10,467,39,494,506
18,1000,70,7.7,28,64,956,22,13,9,44,8.345916109,96,730,72.91031942,10.8728206,8.250113522,8.435060601,462,20,494,24,482,518
24,1000,70,7.7,28,19,945,20,18,17,55,7.619295553,85,697,70.76164775,9.411839255,7.128735409,8.104004085,474,23,471,32,497,503
23,1000,70,7.7,28,56,952,25,10,13,48,7.999813951,110,737,72.28216893,10.27478452,7.206977409,8.758516631,469,20,483,28,489,511
22,1000,70,7.7,28,58,962,16,7,15,38,8.237580445,119,740,72.8532242,10.52144145,7.542074796,8.952836762,492,15,470,23,507,493
17,1000,70,7.7,28,74,961,21,9,9,39,8.727099959,113,743,73.22634841,11.25700838,8.437026444,9.040089886,502,17,459,22,519,481
19,1000,70,7.7,28,63,966,22,6,6,34,8.23900002,123,727,73.01054398,10.55312936,7.690233022,8.803350665,494,13,472,21,507,493
18,1000,70,7.7,28,65,954,24,13,9,46,8.379005795,110,728,72.96935628,10.89964054,8.287485205,8.464165881,461,21,493,25,482,518
21,1000,70,7.7,28,62,951,27,9,13,49,8.325780378,108,745,72.53829035,10.36940455,7.71031197,8.926652696,482,12,469,37,494,506
20,1000,70,7.7,28,59,955,27,8,10,45,8.219757712,121,717,72.69398268,10.66750043,7.682864926,8.713369313,456,23,499,22,479,521
23,1000,70,7.7,28,57,952,25,10,13,48,8.022522866,113,721,72.33598042,10.28413194,7.238852674,8.772453833,469,20,483,28,489,511
24,1000,70,7.7,28,20,945,20,18,17,55,7.616599607,99,697,70.79998777,9.446207522,7.170089057,8.057783987,474,23,471,32,497,503
22,1000,70,7.7,28,59,963,16,7,14,37,8.201015094,98,716,72.89100238,10.5332786,7.482397201,8.940039986,493,14,470,23,507,493
17,1000,70,7.7,28,75,960,22,9,9,40,8.744550917,116,725,73.24595214,11.27033393,8.46111075,9.050383445,501,18,459,22,519,481
19,1000,70,7.7,28,64,965,23,6,6,35,8.262638503,119,740,73.05002961,10.57048795,7.739124969,8.801018548,493,14,472,21,507,493
18,1000,70,7.7,28,66,954,24,13,9,46,8.427734929,97,740,73.05081948,10.94323186,8.335920905,8.513168055,461,21,493,25,482,518
21,1000,70,7.7,28,63,954,24,9,13,46,8.326753265,121,732,72.59438802,10.401258,7.730667395,8.90870271,482,12,472,34,494,506
20,1000,70,7.7,28,60,955,26,9,10,45,8.255989515,129,740,72.74195119,10.68914621,7.733769477,8.736111201,456,23,499,22,479,521
23,1000,70,7.7,28,58,953,26,9,12,47,8.000141954,94,726,72.39092212,10.30953412,7.237253815,8.730185595,470,19,483,28,489,511
22,1000,70,7.7,28,60,960,19,7,14,40,8.217161481,101,754,72.93494346,10.54063227,7.502636094,8.95197765,492,15,468,25,507,493
24,1000,70,7.7,28,21,945,20,18,17,55,7.686983055,105,693,70.84307001,9.45919432,7.182249498,8.185695932,474,23,471,32,497,503
17,1000,70,7.7,28,76,961,20,9,10,39,8.762927708,125,738,73.25983858,11.29942822,8.474674902,9.073953085,501,18,460,21,519,481
19,1000,70,7.7,28,65,966,23,6,5,34,8.265543668,98,719,73.08245438,10.60048769,7.760061416,8.785380385,493,14,473,20,507,493
18,1000,70,7.7,28,67,954,24,13,9,46,8.437024124,100,707,73.07898534,10.96066227,8.353324488,8.514906797,461,21,493,25,482,518
21,1000,70,7.7,28,64,955,22,10,13,45,8.331362391,93,716,72.6060343,10.45816284,7.726679677,8.921704804,481,13,474,32,494,506
20,1000,70,7.7,28,61,954,27,9,10,46,8.260964948,120,717,72.79037742,10.73650794,7.756495088,8.724767372,456,23,498,23,479,521
23,1000,70,7.7,28,59,953,25,9,13,47,8.003780768,112,714,72.41847199,10.3439728,7.241044118,8.733679442,470,19,483,28,489,511
22,1000,70,7.7,28,61,961,19,7,13,39,8.23070346,116,734,72.97886083,10.588919,7.530943421,8.950334981,492,15,469,24,507,493
17,1000,70,7.7,28,77,959,22,8,11,41,8.778478133,121,720,73.29865368,11.33552956,8.495375139,9.083946853,501,18,458,23,519,481
24,1000,70,7.7,28,22,946,21,18,15,54,7.650827372,102,694,70.89650986,9.487443884,7.176822785,8.119177828,474,23,472,31,497,503
19,1000,70,7.7,28,66,966,23,6,5,34,8.299165391,119,769,73.13746598,10.61954037,7.796839922,8.815755682,493,14,473,20,507,493
18,1000,70,7.7,28,68,955,23,12,10,45,8.460697191,111,721,73.12332877,10.96787759,8.405522573,8.512037279,461,21,494,24,482,518
21,1000,70,7.7,28,65,955,22,10,13,45,8.348676515,107,737,72.64508688,10.47071454,7.748814733,8.934312326,481,13,474,32,494,506
23,1000,70,7.7,28,60,952,26,9,13,48,8.021900154,108,729,72.46072596,10.35739363,7.26931456,8.742084803,470,19,482,29,489,511
20,1000,70,7.7,28,62,951,30,9,10,49,8.296754958,110,734,72.82956849,10.78853862,7.816560312,8.738239095,454,25,497,24,479,521
22,1000,70,7.7,28,62,961,20,7,12,39,8.193052391,119,737,73.0724426,10.62315054,7.519977822,8.885240639,493,14,468,25,507,493
17,1000,70,7.7,28,78,957,24,8,11,43,8.825287433,109,727,73.35539209,11.37066418,8.509203632,9.16634251,501,18,456,25,519,481
19,1000,70,7.7,28,67,965,23,6,6,35,8.345327038,115,703,73.17668541,10.65673485,7.87192877,8.832168664,492,15,473,20,507,493
24,1000,70,7.7,28,23,947,21,19,13,53,7.641867665,102,740,70.94670689,9.50938737,7.20635477,8.072185576,475,22,472,31,497,503
18,1000,70,7.7,28,69,954,24,12,10,46,8.469471534,108,757,73.14393517,10.98841788,8.43158527,8.504724777,461,21,493,25,482,518
21,1000,70,7.7,28,66,953,24,11,12,47,8.342546476,100,701,72.7000971,10.50886379,7.755339891,8.915827212,480,14,473,33,494,506
22,1000,70,7.7,28,63,960,20,8,12,40,8.214693775,101,733,73.13238607,10.65988125,7.570256711,8.877431284,492,15,468,25,507,493
20,1000,70,7.7,28,63,951,30,9,10,49,8.286024487,121,736,72.88174102,10.84136037,7.79630485,8.736265766,454,25,497,24,479,521
23,1000,70,7.7,28,61,952,27,9,12,48,7.983500177,118,722,72.50910122,10.39736862,7.221507055,8.712687333,470,19,482,29,489,511
17,1000,70,7.7,28,79,956,26,7,11,44,8.842908072,111,763,73.43175837,11.40734735,8.546069554,9.163197449,501,18,455,26,519,481
18,1000,70,7.7,28,70,955,23,12,10,45,8.498842677,123,743,73.19349301,11.00943866,8.439388744,8.554164677,462,20,493,25,482,518
19,1000,70,7.7,28,68,964,24,6,6,36,8.348740934,102,762,73.22683467,10.68723824,7.924106055,8.785434409,492,15,472,21,507,493
22,1000,70,7.7,28,64,960,20,8,12,40,8.252275761,89,744,73.18871897,10.68770778,7.603774201,8.919193188,492,15,468,25,507,493
24,1000,70,7.7,28,24,946,22,19,13,54,7.683995743,112,699,70.99839679,9.52580627,7.274934014,8.088178009,475,22,471,32,497,503
20,1000,70,7.7,28,64,951,30,9,10,49,8.301393789,123,736,72.91684534,10.89038024,7.822643992,8.741549552,454,25,497,24,479,521
21,1000,70,7.7,28,67,953,24,11,12,47,8.338560765,112,717,72.74715908,10.51866241,7.737057266,8.925799359,480,14,473,33,494,506
23,1000,70,7.7,28,62,953,27,8,12,47,8.001657055,102,757,72.54212936,10.42970419,7.217877751,8.751692436,470,19,483,28,489,511
17,1000,70,7.7,28,80,956,26,7,11,44,8.846049196,126,716,73.4698528,11.43683747,8.529763179,9.187322466,502,17,454,27,519,481
18,1000,70,7.7,28,71,956,23,12,9,44,8.489776101,114,727,73.25535872,11.05109645,8.409460937,8.564509516,462,20,494,24,482,518
19,1000,70,7.7,28,69,965,24,6,5,35,8.362848862,92,735,73.26964125,10.71783413,7.93720114,8.800583944,492,15,473,20,507,493
22,1000,70,7.7,28,65,961,19,8,12,39,8.25536798,113,754,73.23351832,10.71575485,7.626229695,8.902372261,492,15,469,24,507,493
21,1000,70,7.7,28,68,953,24,11,12,47,8.400436757,104,728,72.81715305,10.54732335,7.802482373,8.984210405,480,14,473,33,494,506
23,1000,70,7.7,28,63,954,26,8,12,46,8.017628076,106,733,72.60027744,10.46765096,7.212057624,8.788516433,471,18,483,28,489,511
20,1000,70,7.7,28,65,951,30,9,10,49,8.319788864,123,728,72.9569094,10.91991407,7.885512894,8.719056022,454,25,497,24,479,521
24,1000,70,7.7,28,25,947,23,17,13,53,7.711238864,90,726,71.04085335,9.55387764,7.330409799,8.087525238,475,22,472,31,497,503
17,1000,70,7.7,28,81,956,25,8,11,44,8.838895009,123,755,73.52714811,11.46184349,8.496793982,9.208022729,502,17,454,27,519,481
18,1000,70,7.7,28,72,955,21,15,9,45,8.511511333,117,736,73.30038905,11.09818066,8.412241591,8.603882019,462,20,493,25,482,518
19,1000,70,7.7,28,70,964,23,7,6,36,8.403052621,128,742,73.30834607,10.73786694,7.958156268,8.860582947,491,16,473,20,507,493
22,1000,70,7.7,28,66,961,19,8,12,39,8.277721583,121,730,73.2844658,10.74670891,7.648985955,8.924311773,492,15,469,24,507,493
21,1000,70,7.7,28,69,954,24,11,11,46,8.390625381,119,739,72.88036745,10.56616289,7.733401844,9.03226259,481,13,473,33,494,506
23,1000,70,7.7,28,64,951,29,8,12,49,8.049640336,117,725,72.64473132,10.50892817,7.230901308,8.833130325,470,19,481,30,489,511
20,1000,70,7.7,28,66,951,29,10,10,49,8.348848707,105,736,73.00478316,10.93548735,7.883401115,8.776774611,454,25,497,24,479,521
17,1000,70,7.7,28,82,957,24,8,11,43,8.856077618,111,756,73.56589716,11.49279071,8.542577076,9.194345355,501,18,456,25,519,481
24,1000,70,7.7,28,26,945,24,17,14,55,7.764559214,108,728,71.10148914,9.57427728,7.349628079,8.174540873,475,22,470,33,497,503
18,1000,70,7.7,28,73,955,21,15,9,45,8.473864511,121,748,73.33781121,11.13772667,8.379307682,8.561849822,462,20,493,25,482,518
19,1000,70,7.7,28,71,961,26,7,6,39,8.432581003,113,731,73.32998183,10.74480532,7.975517335,8.902624166,490,17,471,22,507,493
22,1000,70,7.7,28,67,961,19,8,12,39,8.297177504,112,752,73.3376107,10.77102458,7.669715443,8.942457961,492,15,469,24,507,493
21,1000,70,7.7,28,70,953,25,11,11,47,8.412085754,108,696,72.91862786,10.57688019,7.738715622,9.069486633,481,13,472,34,494,506
23,1000,70,7.7,28,65,949,30,9,12,51,8.062803367,105,722,72.68220767,10.53281207,7.275482518,8.81622782,468,21,481,30,489,511
17,1000,70,7.7,28,83,957,24,8,11,43,8.873407048,100,737,73.59966085,11.52395581,8.571460383,9.199208126,501,18,456,25,519,481
20,1000,70,7.7,28,67,950,30,10,10,50,8.365352131,115,729,73.0487459,10.9593887,7.893470841,8.799193086,454,25,496,25,479,521
18,1000,70,7.7,28,74,955,21,15,9,45,8.507695898,121,738,73.40621825,11.15306259,8.428378295,8.581501082,462,20,493,25,482,518
24,1000,70,7.7,28,27,944,25,17,14,56,7.799365329,100,720,71.15877104,9.628688182,7.391756327,8.202112196,474,23,470,33,497,503
19,1000,70,7.7,28,72,961,26,7,6,39,8.479773501,89,690,73.36460603,10.77516291,8.081957586,8.88888642,490,17,471,22,507,493
21,1000,70,7.7,28,71,954,25,11,10,46,8.398830607,113,753,72.95425341,10.61700349,7.729076864,9.052700863,481,13,473,33,494,506
22,1000,70,7.7,28,68,960,20,8,12,40,8.319254869,101,748,73.38460417,10.7984859,7.685551235,8.970954144,491,16,469,24,507,493
23,1000,70,7.7,28,66,949,31,8,12,51,8.049585106,129,750,72.73269755,10.55633691,7.321423,8.746397767,466,23,483,28,489,511
17,1000,70,7.7,28,84,959,21,9,11,41,8.846866582,111,740,73.62630383,11.55731174,8.564690841,9.151334794,501,18,458,23,519,481
20,1000,70,7.7,28,68,950,31,10,9,50,8.382330195,114,733,73.11544596,10.98730691,7.921411662,8.806092148,454,25,496,25,479,521
18,1000,70,7.7,28,75,955,21,15,9,45,8.497082937,108,735,73.44608721,11.19770899,8.431199658,8.558387455,462,20,493,25,482,518
19,1000,70,7.7,28,73,962,25,7,6,38,8.499865678,100,739,73.41983122,10.80565751,8.119578297,8.890952296,491,16,471,22,507,493
24,1000,70,7.7,28,28,946,25,16,13,54,7.821297674,99,708,71.20481046,9.63326374,7.398922367,8.238634707,473,24,473,30,497,503
21,1000,70,7.7,28,72,954,24,12,10,46,8.427154667,108,734,73.01714371,10.64913687,7.756492766,9.081911542,481,13,473,33,494,506
23,1000,70,7.7,28,67,948,32,8,12,52,8.067084868,126,729,72.76808288,10.60228445,7.328961841,8.773429605,466,23,482,29,489,511
22,1000,70,7.7,28,69,960,21,8,11,40,8.29625421,103,738,73.46086934,10.83574423,7.633780677,8.977540378,491,16,469,24,507,493
17,1000,70,7.7,28,85,959,20,10,11,41,8.831172021,120,774,73.66231323,11.57636249,8.557407128,9.126564909,501,18,458,23,519,481
20,1000,70,7.7,28,69,950,31,10,9,50,8.398708065,112,722,73.15700795,11.01436381,7.964003608,8.798369168,453,26,497,24,479,521
18,1000,70,7.7,28,76,957,21,13,9,43,8.477797591,123,748,73.52851325,11.22095834,8.40619051,8.544428118,462,20,495,23,482,518
19,1000,70,7.7,28,74,959,29,6,6,41,8.519755524,106,742,73.45059513,10.84023722,8.159304987,8.89044198,488,19,471,22,507,493
24,1000,70,7.7,28,29,947,26,14,13,53,7.809805596,105,717,71.24491118,9.661009679,7.384411125,8.23012578,474,23,473,30,497,503
21,1000,70,7.7,28,73,955,23,12,10,45,8.430639126,98,733,73.04866408,10.67951818,7.77936671,9.066466347,482,12,473,33,494,506
23,1000,70,7.7,28,68,949,31,8,12,51,8.065920298,108,740,72.80892152,10.63835819,7.312668788,8.786742193,466,23,483,28,489,511
22,1000,70,7.7,28,70,959,22,8,11,41,8.323454345,113,736,73.48398185,10.85357893,7.623629455,9.043152559,491,16,468,25,507,493
17,1000,70,7.7,28,86,958,20,10,12,42,8.850947595,129,720,73.70025236,11.60545602,8.61114162,9.109698741,500,19,458,23,519,481
18,1000,70,7.7,28,77,958,20,13,9,42,8.492093889,126,735,73.55463157,11.2338038,8.409600064,8.568854553,463,19,495,23,482,518
20,1000,70,7.7,28,70,950,31,10,9,50,8.392991515,105,758,73.18590156,11.02586974,7.9598691,8.791198113,453,26,497,24,479,521
19,1000,70,7.7,28,75,959,28,7,6,41,8.547388238,107,764,73.49013746,10.85999078,8.185485445,8.919568189,488,19,471,22,507,493
21,1000,70,7.7,28,74,953,24,13,10,47,8.424225503,129,735,73.12352626,10.68930323,7.766412305,9.066438387,481,13,472,34,494,506
23,1000,70,7.7,28,69,948,32,8,12,52,8.069038479,120,734,72.90852649,10.65888979,7.329050173,8.777168188,466,23,482,29,489,511
22,1000,70,7.7,28,71,959,22,8,11,41,8.336806536,124,717,73.51794782,10.89095621,7.676785149,9.015570924,491,16,468,25,507,493
24,1000,70,7.7,28,30,947,26,15,12,53,7.83217795,108,731,71.2771547,9.676339487,7.40652472,8.252753806,474,23,473,30,497,503
17,1000,70,7.7,28,87,958,20,10,12,42,8.883204839,135,717,73.75403228,11.6171643,8.607854859,9.18030804,500,19,458,23,519,481
18,1000,70,7.7,28,78,959,19,12,10,41,8.470674842,105,725,73.59151644,11.2617642,8.404627977,8.532131577,464,18,495,23,482,518
20,1000,70,7.7,28,71,951,29,11,9,49,8.391319085,120,741,73.25270624,11.06108236,8.015510261,8.73683238,453,26,498,23,479,521
19,1000,70,7.7,28,76,959,28,7,6,41,8.552770353,119,758,73.5148918,10.89762111,8.176205918,8.940028301,489,18,470,23,507,493
21,1000,70,7.7,28,75,953,24,13,10,47,8.403394321,106,748,73.18882603,10.71841483,7.781336343,9.010699935,480,14,473,33,494,506
22,1000,70,7.7,28,72,959,22,8,11,41,8.356431842,114,739,73.55519052,10.89363162,7.693052418,9.038649628,491,16,468,25,507,493
23,1000,70,7.7,28,70,948,32,8,12,52,8.079068266,121,700,72.95138073,10.70755376,7.361550375,8.765694976,466,23,482,29,489,511
17,1000,70,7.7,28,88,959,20,9,12,41,8.905911206,110,750,73.82679678,11.65729734,8.627557116,9.206255848,501,18,458,23,519,481
24,1000,70,7.7,28,31,947,26,15,12,53,7.888599231,89,704,71.34214428,9.718030662,7.465073244,8.307073217,474,23,473,30,497,503
18,1000,70,7.7,28,79,959,19,12,10,41,8.504178696,99,720,73.66294323,11.27576995,8.412821523,8.589186722,464,18,495,23,482,518
20,1000,70,7.7,28,72,950,30,11,9,50,8.42290379,113,716,73.31130196,11.09518783,8.040777913,8.774224893,453,26,497,24,479,521
19,1000,70,7.7,28,77,957,30,7,6,43,8.599927882,109,738,73.55589324,10.92140536,8.224730714,8.985779736,489,18,468,25,507,493
22,1000,70,7.7,28,73,959,21,8,12,41,8.406087522,118,741,73.58348236,10.91313751,7.771044868,9.059163841,491,16,468,25,507,493
21,1000,70,7.7,28,76,954,24,12,10,46,8.469832641,97,748,73.19998361,10.73141545,7.824081472,9.100269552,480,14,474,32,494,506
23,1000,70,7.7,28,71,949,31,8,12,51,8.097661309,129,728,72.97695306,10.7230723,7.389233504,8.775589287,466,23,483,28,489,511
17,1000,70,7.7,28,89,957,22,9,12,43,8.909336027,121,747,73.87028804,11.6764275,8.636476192,9.203752356,500,19,457,24,519,481
18,1000,70,7.7,28,80,959,19,12,10,41,8.506633068,116,745,73.67287409,11.30597001,8.432419597,8.575688845,464,18,495,23,482,518
24,1000,70,7.7,28,32,947,26,15,12,53,7.898909401,105,735,71.35972239,9.745586959,7.444497334,8.347901046,474,23,473,30,497,503
19,1000,70,7.7,28,78,956,31,7,6,44,8.623969512,139,752,73.59873415,10.96246127,8.248285348,9.010322193,489,18,467,26,507,493
20,1000,70,7.7,28,73,952,29,11,8,48,8.39036249,133,735,73.39494144,11.12066835,8.009416587,8.740598742,454,25,498,23,479,521
22,1000,70,7.7,28,74,959,21,8,12,41,8.443798386,117,769,73.63350653,10.96695328,7.797059154,9.108903437,491,16,468,25,507,493
21,1000,70,7.7,28,77,955,24,12,9,45,8.468271656,125,740,73.24795866,10.74119263,7.860320215,9.061805277,480,14,475,31,494,506
17,1000,70,7.7,28,90,958,21,9,12,42,8.914909969,129,720,73.91708266,11.68684535,8.623285851,9.229572999,501,18,457,24,519,481
23,1000,70,7.7,28,72,950,30,7,13,50,8.114163646,111,734,73.02527767,10.74506243,7.423530132,8.775063428,466,23,484,27,489,511
18,1000,70,7.7,28,81,958,20,13,9,42,8.49901181,126,740,73.69743821,11.32510633,8.461994741,8.533456263,464,18,494,24,482,518
19,1000,70,7.7,28,79,955,32,7,6,45,8.630825909,102,744,73.62970401,10.98537979,8.248287022,9.024227968,489,18,466,27,507,493
24,1000,70,7.7,28,33,949,26,13,12,51,7.89546474,108,728,71.43517339,9.747545063,7.450658943,8.334964702,475,22,474,29,497,503
20,1000,70,7.7,28,74,953,29,11,7,47,8.387825194,129,742,73.4264601,11.1511498,7.996804203,8.747324338,455,24,498,23,479,521
22,1000,70,7.7,28,75,955,24,9,12,45,8.465828102,120,742,73.67957281,10.98222634,7.795931021,9.154748628,489,18,466,27,507,493
17,1000,70,7.7,28,91,958,21,9,12,42,8.926490107,110,722,73.99746965,11.71686535,8.606492885,9.271767776,500,19,458,23,519,481
21,1000,70,7.7,28,78,954,25,12,9,46,8.492844198,105,741,73.30431138,10.76767093,7.901179581,9.070477243,480,14,474,32,494,506
23,1000,70,7.7,28,73,951,29,8,12,49,8.109560088,120,739,73.10943224,10.77525287,7.415558438,8.773682999,466,23,485,26,489,511
18,1000,70,7.7,28,82,958,20,13,9,42,8.514709628,121,721,73.75297764,11.35990558,8.45480748,8.570448692,465,17,493,25,482,518
19,1000,70,7.7,28,80,956,32,7,5,44,8.651513283,122,754,73.71185084,11.00323537,8.281315827,9.032223444,489,18,467,26,507,493
20,1000,70,7.7,28,75,954,29,12,5,46,8.404210141,114,741,73.45578436,11.16371196,8.028478122,8.749652823,456,23,498,23,479,521
24,1000,70,7.7,28,34,950,27,12,11,50,7.899414544,94,705,71.480358,9.792523434,7.45539602,8.338136624,476,21,474,29,497,503
17,1000,70,7.7,28,92,956,23,9,12,44,8.978849647,133,750,74.07494854,11.75576586,8.677504877,9.304001281,499,20,457,24,519,481
22,1000,70,7.7,28,76,955,24,9,12,45,8.470438712,107,743,73.76247597,11.04357459,7.770510338,9.190243349,489,18,466,27,507,493
21,1000,70,7.7,28,79,955,24,12,9,45,8.508342763,119,743,73.32687475,10.77435495,7.945976136,9.057372632,479,15,476,30,494,506
23,1000,70,7.7,28,74,950,30,8,12,50,8.107035493,123,706,73.14278748,10.80954512,7.409507265,8.774533151,466,23,484,27,489,511
18,1000,70,7.7,28,83,957,21,14,8,43,8.566865011,103,737,73.76891724,11.39132001,8.50691611,8.622647579,464,18,493,25,482,518
19,1000,70,7.7,28,81,955,31,8,6,45,8.675606675,104,758,73.73935453,10.99595355,8.37206763,8.987765489,488,19,467,26,507,493
20,1000,70,7.7,28,76,954,28,13,5,46,8.422214693,121,730,73.49178487,11.18149107,8.056380101,8.758557821,456,23,498,23,479,521
22,1000,70,7.7,28,77,954,25,9,12,46,8.502640138,131,753,73.81155791,11.07675043,7.831515446,9.192823137,489,18,465,28,507,493
17,1000,70,7.7,28,93,955,24,9,12,45,8.975766876,148,743,74.10751912,11.79786411,8.67964686,9.29528099,498,21,457,24,519,481
24,1000,70,7.7,28,35,948,29,12,11,52,7.915476829,108,736,71.50336153,9.815080113,7.495277908,8.330663438,475,22,473,30,497,503
21,1000,70,7.7,28,80,954,25,11,10,46,8.549381484,115,750,73.35467961,10.80726605,8.009020648,9.076927438,478,16,476,30,494,506
23,1000,70,7.7,28,75,951,30,9,10,49,8.132360828,123,734,73.21036468,10.83683862,7.430905302,8.803616704,466,23,485,26,489,511
18,1000,70,7.7,28,84,958,21,14,7,42,8.602432615,135,750,73.85389678,11.4053782,8.514371918,8.684373264,464,18,494,24,482,518
19,1000,70,7.7,28,82,954,32,9,5,46,8.68816394,102,753,73.79335993,11.01902392,8.364050027,9.021481899,488,19,466,27,507,493
20,1000,70,7.7,28,77,954,28,13,5,46,8.401894139,86,746,73.58193763,11.22317143,8.036373696,8.737948442,456,23,498,23,479,521
17,1000,70,7.7,28,94,954,25,9,12,46,8.997695161,137,750,74.12415076,11.82725572,8.677381274,9.343314512,498,21,456,25,519,481
22,1000,70,7.7,28,78,954,25,9,12,46,8.508534227,104,723,73.86664664,11.12332824,7.854609883,9.18102843,489,18,465,28,507,493
21,1000,70,7.7,28,81,954,25,11,10,46,8.577285331,100,727,73.40469455,10.82742379,8.031426065,9.110199318,478,16,476,30,494,506
23,1000,70,7.7,28,76,950,30,10,10,50,8.202818521,119,742,73.25081975,10.85425108,7.4840144,8.890676085,467,22,483,28,489,511
24,1000,70,7.7,28,36,949,29,11,11,51,7.935533765,96,710,71.56366606,9.829472157,7.54148668,8.324880487,475,22,474,29,497,503
18,1000,70,7.7,28,85,956,24,13,7,44,8.607337348,106,737,73.90102421,11.45265124,8.564603049,8.647101696,461,21,495,23,482,518
17,1000,70,7.7,28,95,952,26,10,12,48,9.0391362,116,726,74.17167084,11.84818376,8.765279244,9.334628424,496,23,456,25,519,481
19,1000,70,7.7,28,83,952,33,9,6,48,8.705064734,121,765,73.81507684,11.05827475,8.396597871,9.022291304,488,19,464,29,507,493
20,1000,70,7.7,28,78,954,29,12,5,46,8.423217096,127,729,73.60463829,11.2540154,8.054442677,8.762263059,455,24,499,22,479,521
22,1000,70,7.7,28,79,955,25,8,12,45,8.518409709,118,722,73.90893549,11.13462404,7.835334237,9.220882861,489,18,466,27,507,493
21,1000,70,7.7,28,82,954,25,11,10,46,8.633865851,108,728,73.43650912,10.86591626,8.09707869,9.157922881,478,16,476,30,494,506
23,1000,70,7.7,28,77,950,30,10,10,50,8.215241201,115,747,73.31285689,10.87882994,7.504291694,8.895582315,467,22,483,28,489,511
18,1000,70,7.7,28,86,954,26,13,7,46,8.641644933,115,723,73.95845544,11.47422962,8.643653006,8.639776417,460,22,494,24,482,518
24,1000,70,7.7,28,37,948,30,11,11,52,7.955660343,108,709,71.59000381,9.840098206,7.571783802,8.33495784,474,23,474,29,497,503
17,1000,70,7.7,28,96,952,24,11,13,48,9.037646757,114,770,74.1930481,11.85588928,8.776379586,9.319554578,496,23,456,25,519,481
19,1000,70,7.7,28,84,950,35,9,6,50,8.742519175,121,749,73.83964409,11.11698791,8.423900121,9.070186234,488,19,462,31,507,493
22,1000,70,7.7,28,80,956,25,8,11,44,8.532982673,108,755,73.96232841,11.16341943,7.846797649,9.238653682,489,18,467,26,507,493
20,1000,70,7.7,28,79,954,29,13,4,46,8.426309817,130,733,73.66414008,11.30484424,8.057032817,8.765817845,455,24,499,22,479,521
21,1000,70,7.7,28,83,951,27,12,10,49,8.668204959,114,766,73.49046772,10.87784175,8.132480055,9.191224925,478,16,473,33,494,506
23,1000,70,7.7,28,78,949,31,10,10,51,8.221065717,124,767,73.36707123,10.90623732,7.52421654,8.887913561,467,22,482,29,489,511
18,1000,70,7.7,28,87,954,26,13,7,46,8.652539308,135,722,74.0142648,11.51984296,8.638046258,8.666025118,460,22,494,24,482,518
24,1000,70,7.7,28,38,949,30,10,11,51,7.964603002,112,745,71.62960632,9.855152482,7.581424787,8.343210503,475,22,474,29,497,503
17,1000,70,7.7,28,97,951,26,11,12,49,9.059684968,135,756,74.2641047,11.87263024,8.819667681,9.31866412,495,24,456,25,519,481
19,1000,70,7.7,28,85,949,36,9,6,51,8.738543406,104,736,73.86804003,11.14956361,8.416514098,9.069717563,487,20,462,31,507,493
22,1000,70,7.7,28,81,957,26,7,10,43,8.511377313,135,747,74.01125951,11.20402373,7.800450725,9.242492486,489,18,468,25,507,493
20,1000,70,7.7,28,80,953,30,13,4,47,8.47912317,111,758,73.72818687,11.35196827,8.106246596,8.821940597,455,24,498,23,479,521
21,1000,70,7.7,28,84,951,27,12,10,49,8.684987739,117,722,73.52588392,10.90601823,8.17207168,9.18573978,478,16,473,33,494,506
23,1000,70,7.7,28,79,949,31,10,10,51,8.230451445,121,729,73.40381628,10.92093035,7.53823915,8.892862036,467,22,482,29,489,511
18,1000,70,7.7,28,88,954,26,14,6,46,8.703366468,127,709,74.09842177,11.56423036,8.676088101,8.728749041,460,22,494,24,482,518
24,1000,70,7.7,28,39,950,29,10,11,50,7.975161147,116,753,71.68045121,9.883887965,7.605316595,8.340594034,475,22,475,28,497,503
17,1000,70,7.7,28,98,948,28,12,12,52,9.101505783,119,761,74.28862842,11.89907948,8.87112018,9.350092327,494,25,454,27,519,481
19,1000,70,7.7,28,86,948,37,9,6,52,8.731936569,123,744,73.94163098,11.18190774,8.405483244,9.067660373,487,20,461,32,507,493
22,1000,70,7.7,28,82,955,25,10,10,45,8.562225897,109,745,74.03811735,11.22930302,7.873430813,9.270581085,489,18,466,27,507,493
21,1000,70,7.7,28,85,952,28,10,10,48,8.66760255,114,760,73.58351839,10.92996675,8.158492827,9.164638525,478,16,474,32,494,506
20,1000,70,7.7,28,81,952,31,12,5,48,8.512960869,114,746,73.78298091,11.38710064,8.1175425,8.876502902,455,24,497,24,479,521
18,1000,70,7.7,28,89,952,28,14,6,48,8.731017946,128,751,74.12661869,11.587858,8.732910065,8.729257326,458,24,494,24,482,518
23,1000,70,7.7,28,80,948,32,10,10,52,8.274321021,110,743,73.46093314,10.92772723,7.563638843,8.954406315,467,22,481,30,489,511
17,1000,70,7.7,28,99,948,28,12,12,52,9.125680795,106,759,74.33058422,11.92376859,8.879367514,9.391453337,494,25,454,27,519,481
19,1000,70,7.7,28,87,946,39,9,6,54,8.759292636,132,750,73.98133203,11.2236586,8.45874754,9.068372481,486,21,460,33,507,493
24,1000,70,7.7,28,40,950,29,10,11,50,8.011069541,98,719,71.71006099,9.908011241,7.634796745,8.382853993,475,22,475,28,497,503
22,1000,70,7.7,28,83,955,24,11,10,45,8.584154227,115,764,74.09142609,11.26561689,7.921301623,9.265830233,489,18,466,27,507,493
21,1000,70,7.7,28,86,952,29,9,10,48,8.648988915,121,734,73.67000473,10.94946341,8.149241975,9.136884148,478,16,474,32,494,506
18,1000,70,7.7,28,90,952,28,14,6,48,8.743403925,140,746,74.16933105,11.60542214,8.756818235,8.730921883,458,24,494,24,482,518
20,1000,70,7.7,28,82,952,31,12,5,48,8.538892039,113,759,73.83692438,11.40341985,8.149436361,8.896952059,455,24,497,24,479,521
23,1000,70,7.7,28,81,948,31,11,10,52,8.286557338,108,750,73.50396279,10.93619928,7.599591932,8.943946935,467,22,481,30,489,511
17,1000,70,7.7,28,100,947,28,12,13,53,9.134814492,120,745,74.35806097,11.95405149,8.856580517,9.435029529,494,25,453,28,519,481
19,1000,70,7.7,28,88,943,41,10,6,57,8.773659948,121,756,74.05083719,11.24856263,8.459990597,9.096236745,484,23,459,34,507,493
22,1000,70,7.7,28,84,954,24,12,10,46,8.572298485,121,729,74.11077111,11.28462715,7.93994957,9.222604569,489,18,465,28,507,493
21,1000,70,7.7,28,87,953,29,9,9,47,8.682975986,120,735,73.70203183,11.00025853,8.171304378,9.182513089,478,16,475,31,494,506
18,1000,70,7.7,28,91,951,29,14,6,49,8.732836712,139,733,74.24612198,11.62911319,8.751763027,8.715225739,457,25,494,24,482,518
24,1000,70,7.7,28,41,951,28,11,10,49,8.007217095,106,708,71.76196501,9.948644534,7.671339049,8.339088643,475,22,476,27,497,503
23,1000,70,7.7,28,82,948,30,12,10,52,8.31438049,107,728,73.51030665,10.95770867,7.618585413,8.980219615,467,22,481,30,489,511
20,1000,70,7.7,28,83,952,30,13,5,48,8.567572223,120,751,73.87534139,11.42922613,8.179678052,8.924196614,455,24,497,24,479,521
17,1000,70,7.7,28,101,944,31,12,13,56,9.167023872,124,769,74.40582421,11.9952239,8.894542396,9.461031952,493,26,451,30,519,481
19,1000,70,7.7,28,89,941,43,10,6,59,8.769826295,125,745,74.12934123,11.27615103,8.464211601,9.084119702,482,25,459,34,507,493
22,1000,70,7.7,28,85,955,23,12,10,45,8.556340317,113,730,74.17753226,11.32203823,7.949678296,9.180230062,489,18,466,27,507,493
21,1000,70,7.7,28,88,953,29,9,9,47,8.69456212,109,717,73.73554124,11.02724472,8.202147488,9.175298935,478,16,475,31,494,506
18,1000,70,7.7,28,92,950,29,15,6,50,8.758258898,131,744,74.26431995,11.67306954,8.795169552,8.723913463,457,25,493,25,482,518
23,1000,70,7.7,28,83,949,28,13,10,51,8.342754745,112,746,73.5660629,10.96576809,7.653385616,9.002444576,468,21,481,30,489,511
24,1000,70,7.7,28,42,952,28,11,9,48,7.998812587,107,728,71.81637245,9.991395637,7.655511414,8.338018716,476,21,476,27,497,503
20,1000,70,7.7,28,84,952,30,13,5,48,8.593610241,112,755,73.91232527,11.482689,8.187657455,8.966837466,455,24,497,24,479,521
17,1000,70,7.7,28,102,943,32,12,13,57,9.211602951,137,748,74.48473549,12.03042392,8.938387732,9.506402741,492,27,451,30,519,481
19,1000,70,7.7,28,90,941,43,10,6,59,8.773386071,126,746,74.16598497,11.29608455,8.450841596,9.105090025,482,25,459,34,507,493
22,1000,70,7.7,28,86,957,22,11,10,43,8.547757497,105,749,74.21639558,11.3424033,7.972959573,9.138878282,489,18,468,25,507,493
21,1000,70,7.7,28,89,952,30,9,9,48,8.670092286,126,727,73.78924675,11.04475305,8.185455589,9.143235622,478,16,474,32,494,506
18,1000,70,7.7,28,93,949,31,15,5,51,8.787184987,121,773,74.31915233,11.73720213,8.812617769,8.763519735,456,26,493,25,482,518
23,1000,70,7.7,28,84,949,29,12,10,51,8.354014805,121,732,73.62361522,10.99891759,7.635712349,9.041392302,469,20,480,31,489,511
20,1000,70,7.7,28,85,950,32,13,5,50,8.627084594,115,737,73.95490909,11.50497828,8.213736144,9.007111288,455,24,495,26,479,521
24,1000,70,7.7,28,43,951,28,12,9,49,8.002946077,102,715,71.86272381,10.00182234,7.640101701,8.361462289,476,21,475,28,497,503
17,1000,70,7.7,28,103,943,33,11,13,57,9.222515278,124,748,74.53122979,12.05148688,8.960177058,9.505578762,492,27,451,30,519,481
19,1000,70,7.7,28,91,942,42,9,7,58,8.789113992,130,745,74.20673453,11.29363666,8.476766534,9.110331358,482,25,460,33,507,493
22,1000,70,7.7,28,87,956,21,13,10,44,8.576829738,116,735,74.26454258,11.37004916,7.994866126,9.175319699,489,18,467,26,507,493
21,1000,70,7.7,28,90,950,33,8,9,50,8.701899153,124,752,73.84369954,11.07463593,8.219047806,9.17329948,476,18,474,32,494,506
18,1000,70,7.7,28,94,949,30,16,5,51,8.780884074,138,750,74.37224429,11.76133555,8.817339284,8.746962431,456,26,493,25,482,518
23,1000,70,7.7,28,85,948,30,12,10,52,8.389571778,102,745,73.67373498,11.01648108,7.709018174,9.040825618,469,20,479,32,489,511
20,1000,70,7.7,28,86,949,33,13,5,51,8.617836942,105,751,73.98138875,11.54534891,8.217436881,8.985959071,455,24,494,27,479,521
24,1000,70,7.7,28,44,952,28,11,9,48,8.015342648,113,739,71.90136104,10.04233606,7.639611519,8.386591896,477,20,475,28,497,503
17,1000,70,7.7,28,104,942,33,11,14,58,9.220123666,127,760,74.58493684,12.07893896,8.92894662,9.534304303,492,27,450,31,519,481
25,1000,70,7.7,28,0,947,29,15,9,53,7.127,96,716,70.20969233,8.686645159,6.155688623,8.102204409,484,17,463,36,501,499
22,1000,70,7.7,28,88,957,21,12,10,43,8.589688443,116,736,74.32618606,11.39848311,8.006024658,9.18992686,489,18,468,25,507,493
19,1000,70,7.7,28,92,941,43,9,7,59,8.802458153,128,748,74.24355272,11.32383131,8.502300373,9.111139683,481,26,460,33,507,493
18,1000,70,7.7,28,95,947,32,16,5,53,8.821937577,133,749,74.4548917,11.79818049,8.874132567,8.773370038,455,27,492,26,482,518
21,1000,70,7.7,28,91,950,33,8,9,50,8.732393836,107,768,73.88502452,11.0709183,8.258921624,9.194637458,476,18,474,32,494,506
23,1000,70,7.7,28,86,947,31,11,11,53,8.42521559,110,743,73.73568596,11.00874687,7.748877931,9.072434993,469,20,478,33,489,511
20,1000,70,7.7,28,87,950,33,12,5,50,8.639109866,121,758,74.02540158,11.57872245,8.244652898,9.001768,455,24,495,26,479,521
24,1000,70,7.7,28,45,949,31,11,9,51,8.054032124,105,708,71.90623508,10.09094996,7.683511571,8.42013295,477,20,472,31,497,503
25,1000,70,7.7,28,1,947,29,15,9,53,7.131033436,92,688,70.27219287,8.713859102,6.190421491,8.07541537,484,17,463,36,501,499
22,1000,70,7.7,28,89,959,20,12,9,41,8.6215322,122,739,74.37242716,11.41115609,8.074045671,9.184566015,490,17,469,24,507,493
19,1000,70,7.7,28,93,941,43,9,7,59,8.810793871,115,753,74.26670955,11.37425546,8.508280049,9.121898349,481,26,460,33,507,493
18,1000,70,7.7,28,96,949,28,18,5,51,8.832393147,133,745,74.5176952,11.84968191,8.900438499,8.769076816,457,25,492,26,482,518
21,1000,70,7.7,28,92,949,33,9,9,51,8.740458549,103,723,73.91684521,11.09865256,8.256758926,9.212687036,476,18,473,33,494,506
23,1000,70,7.7,28,87,945,33,11,11,55,8.442015152,102,752,73.75061787,11.02202795,7.776092713,9.07926774,469,20,476,35,489,511
20,1000,70,7.7,28,88,949,34,12,5,51,8.6699721,122,755,74.04687546,11.58664919,8.31469727,8.996606733,454,25,495,26,479,521
22,1000,70,7.7,28,90,959,19,13,9,41,8.656517426,107,747,74.42127464,11.42937342,8.050584274,9.279657604,490,17,469,24,507,493
19,1000,70,7.7,28,94,942,42,9,7,58,8.810145327,123,737,74.33006796,11.40759898,8.485775036,9.143726945,482,25,460,33,507,493
25,1000,70,7.7,28,2,947,29,15,9,53,7.19585884,103,708,70.29363004,8.711604602,6.224324325,8.17128728,485,16,462,37,501,499
18,1000,70,7.7,28,97,950,28,16,6,50,8.83896392,122,746,74.55937694,11.88110625,8.869078133,8.810942587,457,25,493,25,482,518
24,1000,70,7.7,28,46,949,29,13,9,51,8.117688948,116,739,71.96445579,10.13401712,7.728958023,8.501782923,477,20,472,31,497,503
21,1000,70,7.7,28,93,951,31,9,9,49,8.716968417,121,739,73.95200049,11.14330885,8.230894183,9.191515198,477,17,474,32,494,506
23,1000,70,7.7,28,88,948,32,9,11,52,8.43312612,110,767,73.78522653,11.03388949,7.748651492,9.088132172,469,20,479,32,489,511
20,1000,70,7.7,28,89,950,33,12,5,50,8.670019347,128,736,74.09795998,11.62252851,8.305952336,9.004737386,454,25,496,25,479,521
22,1000,70,7.7,28,91,957,17,17,9,43,8.694195487,102,737,74.46345014,11.43560192,8.10028967,9.304966784,489,18,468,25,507,493
19,1000,70,7.7,28,95,942,41,9,8,58,8.832187435,114,754,74.3715183,11.43686225,8.5021846,9.171561546,482,25,460,33,507,493
18,1000,70,7.7,28,98,951,27,16,6,49,8.832878475,106,767,74.60175465,11.91558582,8.873051941,8.795496988,457,25,494,24,482,518
21,1000,70,7.7,28,94,950,31,10,9,50,8.743818193,111,733,73.99115768,11.16641336,8.244398247,9.231394187,477,17,473,33,494,506
24,1000,70,7.7,28,47,949,29,13,9,51,8.15504373,93,702,71.99098964,10.17673334,7.789459166,8.516267445,477,20,472,31,497,503
25,1000,70,7.7,28,3,947,30,14,9,53,7.228009153,84,707,70.36099331,8.744714869,6.25236346,8.20756525,485,16,462,37,501,499
23,1000,70,7.7,28,89,949,31,9,11,51,8.445952709,106,724,73.83027212,11.05572802,7.759186493,9.103151691,470,19,479,32,489,511
20,1000,70,7.7,28,90,949,33,13,5,51,8.692206339,122,739,74.15049102,11.66751005,8.299811384,9.052968687,454,25,495,26,479,521
18,1000,70,7.7,28,99,950,27,17,6,50,8.873943154,127,741,74.63880913,11.94008851,8.91202977,8.838503485,456,26,494,24,482,518
22,1000,70,7.7,28,92,956,18,17,9,44,8.687736653,124,746,74.52367828,11.45060906,8.078443259,9.314332498,489,18,467,26,507,493
19,1000,70,7.7,28,96,943,40,9,8,57,8.874891343,124,748,74.44787167,11.47896706,8.550925289,9.208057244,483,24,460,33,507,493
21,1000,70,7.7,28,95,948,33,10,9,52,8.746301703,115,766,74.06289262,11.20019549,8.279447869,9.202083905,476,18,472,34,494,506
25,1000,70,7.7,28,4,947,29,15,9,53,7.250906441,106,713,70.40087898,8.765388089,6.274064906,8.231663173,485,16,462,37,501,499
23,1000,70,7.7,28,90,949,31,9,11,51,8.469516419,118,727,73.86063179,11.09531559,7.74713714,9.160795221,470,19,479,32,489,511
24,1000,70,7.7,28,48,950,28,14,8,50,8.116810595,133,702,71.99535642,10.20664891,7.719320923,8.509558839,478,19,472,31,497,503
20,1000,70,7.7,28,91,949,33,13,5,51,8.742326301,107,750,74.21944684,11.68965459,8.319702745,9.130880396,454,25,495,26,479,521
18,1000,70,7.7,28,100,948,29,17,6,52,8.905694471,136,737,74.69088097,11.99425278,8.963383693,8.852014539,456,26,492,26,482,518
22,1000,70,7.7,28,93,956,18,17,9,44,8.688044394,111,797,74.58345099,11.46582874,8.093935933,9.299024089,489,18,467,26,507,493
19,1000,70,7.7,28,97,945,38,9,8,55,8.843607446,129,729,74.4888226,11.48602305,8.517539123,9.178935315,484,23,461,32,507,493
21,1000,70,7.7,28,96,948,33,10,9,52,8.749581137,136,745,74.1036251,11.20995616,8.238467912,9.248573099,478,16,470,36,494,506
23,1000,70,7.7,28,91,950,31,8,11,50,8.461076306,118,740,73.8894034,11.12924481,7.764090326,9.128055062,470,19,480,31,489,511
25,1000,70,7.7,28,5,950,26,14,10,50,7.266269244,94,688,70.44851808,8.78268256,6.311831521,8.22453237,486,15,464,35,501,499
24,1000,70,7.7,28,49,950,28,14,8,50,8.123209589,119,738,72.08608029,10.2252897,7.726012145,8.515669092,477,20,473,30,497,503
20,1000,70,7.7,28,92,948,33,14,5,52,8.703603395,126,762,74.27169648,11.70899562,8.307862697,9.067441771,453,26,495,26,479,521
18,1000,70,7.7,28,101,950,27,17,6,50,8.877480017,144,719,74.76098738,12.0194649,8.930231517,8.828394644,457,25,493,25,482,518
22,1000,70,7.7,28,94,955,19,16,10,45,8.696338883,121,772,74.61209033,11.47482913,8.107028496,9.30238425,490,17,465,28,507,493
19,1000,70,7.7,28,98,946,37,9,8,54,8.848626967,119,756,74.55793226,11.50714075,8.50733694,9.199608801,485,22,461,32,507,493
21,1000,70,7.7,28,97,948,31,12,9,52,8.758260412,112,749,74.15198922,11.22756278,8.223503648,9.280335197,478,16,470,36,494,506
23,1000,70,7.7,28,92,951,29,9,11,49,8.475260758,100,737,73.94991887,11.16954319,7.798985392,9.122420551,470,19,481,30,489,511
25,1000,70,7.7,28,6,949,27,14,10,51,7.299583157,93,748,70.50355468,8.840348928,6.356395307,8.246551319,485,16,464,35,501,499
24,1000,70,7.7,28,50,950,29,13,8,50,8.132493656,102,738,72.11414149,10.24085473,7.72350666,8.536602079,477,20,473,30,497,503
18,1000,70,7.7,28,102,950,27,16,7,50,8.904699737,141,759,74.81806221,12.04155973,8.963697918,8.849801816,457,25,493,25,482,518
20,1000,70,7.7,28,93,949,32,14,5,51,8.719138148,139,771,74.31954493,11.71626444,8.306086017,9.09889241,454,25,495,26,479,521
22,1000,70,7.7,28,95,954,20,16,10,46,8.71967129,115,764,74.64199258,11.49757047,8.146421876,9.309199592,490,17,464,29,507,493
19,1000,70,7.7,28,99,946,37,8,9,54,8.887261494,129,735,74.58875164,11.54997098,8.547195031,9.236985017,485,22,461,32,507,493
21,1000,70,7.7,28,98,948,31,12,9,52,8.774083173,122,759,74.20163364,11.2418899,8.230437461,9.304836101,478,16,470,36,494,506
23,1000,70,7.7,28,93,951,29,9,11,49,8.490898036,120,745,74.00745841,11.19666682,7.846753119,9.107310688,470,19,481,30,489,511
25,1000,70,7.7,28,7,949,26,15,10,51,7.342401323,99,711,70.51499219,8.863998772,6.39406074,8.29454287,485,16,464,35,501,499
18,1000,70,7.7,28,103,949,29,15,7,51,8.907723717,123,771,74.89684978,12.07036062,8.935178844,8.882176668,458,24,491,27,482,518
22,1000,70,7.7,28,96,952,22,16,10,48,8.782597747,125,731,74.69528958,11.54457202,8.207275469,9.374257778,489,18,463,30,507,493
20,1000,70,7.7,28,94,948,34,13,5,52,8.715403556,122,742,74.35748236,11.72865007,8.313373989,9.085023829,453,26,495,26,479,521
24,1000,70,7.7,28,51,947,32,13,8,53,8.137722129,114,733,72.18272427,10.27769765,7.746849713,8.523932052,475,22,472,31,497,503
19,1000,70,7.7,28,100,948,34,9,9,52,8.892563663,127,752,74.63371294,11.59300165,8.57552399,9.218606491,485,22,463,30,507,493
21,1000,70,7.7,28,99,947,32,12,9,53,8.809018447,119,756,74.22322354,11.2525933,8.258054191,9.346916357,477,17,470,36,494,506
23,1000,70,7.7,28,94,951,29,9,11,49,8.507806431,118,746,74.07502846,11.21613573,7.847748207,9.139447276,470,19,481,30,489,511
25,1000,70,7.7,28,8,951,26,14,9,49,7.32926958,93,726,70.558602,8.869705977,6.388607855,8.273701493,486,15,465,34,501,499
18,1000,70,7.7,28,104,947,30,15,8,53,8.966876956,112,749,74.94246991,12.12331784,8.994615959,8.94106576,457,25,490,28,482,518
26,1000,70,7.7,28,0,945,21,20,14,55,7.096,98,726,69.90816301,8.874360496,6.7125,7.45,455,25,490,30,480,520
22,1000,70,7.7,28,97,949,24,16,11,51,8.802808919,107,753,74.72754817,11.57161466,8.236552514,9.385145628,488,19,461,32,507,493
20,1000,70,7.7,28,95,948,33,14,5,52,8.736587039,112,753,74.39754397,11.74966409,8.35299558,9.089255577,453,26,495,26,479,521
24,1000,70,7.7,28,52,947,32,13,8,53,8.152011219,95,724,72.20233898,10.29210456,7.757854306,8.541466459,475,22,472,31,497,503
21,1000,70,7.7,28,100,947,32,13,8,53,8.83900561,135,755,74.26059736,11.29265633,8.30385172,9.361468103,477,17,470,36,494,506
19,1000,70,7.7,28,101,949,33,9,9,51,8.898408044,121,748,74.66946668,11.63716002,8.59659161,9.208795331,485,22,464,29,507,493
23,1000,70,7.7,28,95,952,28,11,9,48,8.524697519,136,750,74.12188949,11.27028425,7.936985297,9.087107063,471,18,481,30,489,511
25,1000,70,7.7,28,9,950,27,15,8,50,7.333988349,95,729,70.64463979,8.880036375,6.383372879,8.288413902,486,15,464,35,501,499
22,1000,70,7.7,28,98,949,23,17,11,51,8.815085906,120,772,74.76068381,11.61491484,8.247831446,9.398449011,488,19,461,32,507,493
26,1000,70,7.7,28,1,947,19,20,14,53,7.109516401,101,709,69.94947591,8.906920834,6.715151492,7.473545547,456,24,491,29,480,520
20,1000,70,7.7,28,96,948,31,16,5,52,8.751499607,98,715,74.43405547,11.75866148,8.344179214,9.125984191,453,26,495,26,479,521
21,1000,70,7.7,28,101,944,35,13,8,56,8.858782054,137,742,74.29304888,11.34523439,8.310138829,9.394413977,475,19,469,37,494,506
19,1000,70,7.7,28,102,950,32,9,9,50,8.910735664,111,732,74.70747086,11.676465,8.601434702,9.22882002,485,22,465,28,507,493
24,1000,70,7.7,28,53,948,32,13,7,52,8.154923433,109,720,72.25972273,10.30459744,7.740866225,8.564041588,475,22,473,30,497,503
23,1000,70,7.7,28,96,952,27,12,9,48,8.534103178,98,748,74.20075028,11.29215062,7.940238143,9.102400639,471,18,481,30,489,511
25,1000,70,7.7,28,10,949,28,15,8,51,7.345104215,91,703,70.68100849,8.90269378,6.40499863,8.288977758,485,16,464,35,501,499
22,1000,70,7.7,28,99,949,23,17,11,51,8.817202615,117,744,74.79443793,11.63366998,8.278916522,9.370774723,488,19,461,32,507,493
26,1000,70,7.7,28,2,947,19,20,14,53,7.118475352,105,712,69.9849711,8.947324002,6.729180882,7.477824095,456,24,491,29,480,520
20,1000,70,7.7,28,97,948,30,17,5,52,8.754443305,136,750,74.46890072,11.77998463,8.359118983,9.117898871,453,26,495,26,479,521
21,1000,70,7.7,28,102,944,35,13,8,56,8.864636886,113,724,74.32766197,11.39613563,8.32581335,9.390681998,475,19,469,37,494,506
19,1000,70,7.7,28,103,951,32,8,9,49,8.914309234,126,736,74.74344929,11.69961313,8.633453626,9.203140457,485,22,466,27,507,493
23,1000,70,7.7,28,97,952,27,12,9,48,8.523584802,136,750,74.25936701,11.32918684,7.902221018,9.118197112,471,18,481,30,489,511
24,1000,70,7.7,28,54,949,31,13,7,51,8.169567034,100,736,72.32102038,10.33692779,7.799044668,8.535669649,475,22,474,29,497,503
25,1000,70,7.7,28,11,949,28,15,8,51,7.38221058,80,702,70.72868552,8.960681889,6.437500969,8.330706602,485,16,464,35,501,499
22,1000,70,7.7,28,100,947,24,18,11,53,8.841610971,116,757,74.84506314,11.62185321,8.278967982,9.420231651,487,20,460,33,507,493
21,1000,70,7.7,28,103,943,36,13,8,57,8.862243509,96,755,74.37544547,11.41951285,8.314482869,9.397013778,475,19,468,38,494,506
26,1000,70,7.7,28,3,948,18,20,14,52,7.128279807,100,715,70.03019861,8.961048621,6.724914419,7.500617089,457,23,491,29,480,520
20,1000,70,7.7,28,98,948,31,15,6,52,8.74808907,120,767,74.51847885,11.79533439,8.41732283,9.052190853,452,27,496,25,479,521
19,1000,70,7.7,28,104,951,32,8,9,49,8.930699896,114,756,74.79270762,11.73403523,8.662573736,9.206440186,485,22,466,27,507,493
27,1000,70,7.7,28,0,951,26,12,11,49,6.964,90,680,69.92656792,8.771470284,6.29739777,7.74025974,520,18,431,31,538,462
23,1000,70,7.7,28,98,954,25,12,9,46,8.532333957,126,752,74.3080525,11.36938135,7.896721733,9.140581272,472,17,482,29,489,511
25,1000,70,7.7,28,12,949,27,16,8,51,7.425373946,91,703,70.779522,8.98004293,6.486100852,8.368411661,485,16,464,35,501,499
24,1000,70,7.7,28,55,949,31,13,7,51,8.212924309,107,715,72.36254525,10.36640353,7.85170965,8.569830245,475,22,474,29,497,503
22,1000,70,7.7,28,101,945,25,17,13,55,8.810954978,121,740,74.88412031,11.63940257,8.251790806,9.385998051,484,23,461,32,507,493
21,1000,70,7.7,28,104,941,38,13,8,59,8.908955929,107,728,74.39016064,11.44259088,8.361068856,9.443849632,475,19,466,40,494,506
28,1000,70,7.7,28,0,952,13,19,16,48,7.127,89,695,70.19605652,8.651366733,6.663157895,7.546666667,459,16,493,32,475,525
20,1000,70,7.7,28,99,948,31,15,6,52,8.755613704,120,756,74.55369118,11.8493176,8.402341527,9.080407127,452,27,496,25,479,521
26,1000,70,7.7,28,4,951,17,18,14,49,7.101321712,106,716,70.03980298,9.005829066,6.722425783,7.4510718,458,22,493,27,480,520
27,1000,70,7.7,28,1,952,26,11,11,48,6.989416635,85,736,69.94637059,8.80240649,6.341462591,7.743960521,519,19,433,29,538,462
23,1000,70,7.7,28,99,953,25,13,9,47,8.541376851,121,770,74.33681354,11.41338516,7.898060549,9.15699656,471,18,482,29,489,511
25,1000,70,7.7,28,13,949,27,16,8,51,7.420096712,95,712,70.83218507,9.000825939,6.48659709,8.357337815,485,16,464,35,501,499
22,1000,70,7.7,28,102,944,26,17,13,56,8.818295964,119,753,74.92307424,11.67534211,8.236044015,9.41708245,484,23,460,33,507,493
24,1000,70,7.7,28,56,949,32,11,8,51,8.24378884,119,731,72.3931893,10.38625399,7.876500832,8.606695679,475,22,474,29,497,503
28,1000,70,7.7,28,1,951,15,19,15,49,7.146885113,107,703,70.21437486,8.683909896,6.701896522,7.549493838,458,17,493,32,475,525
20,1000,70,7.7,28,100,944,33,16,7,56,8.783412382,126,733,74.59565703,11.8777196,8.424717592,9.113191278,451,28,493,28,479,521
23,1000,70,7.7,28,100,953,25,13,9,47,8.577818422,117,737,74.4135653,11.46344929,7.962557372,9.166590738,471,18,482,29,489,511
26,1000,70,7.7,28,5,952,18,17,13,48,7.105174607,91,707,70.07109225,9.040220198,6.761725361,7.422204681,458,22,494,26,480,520
27,1000,70,7.7,28,2,954,25,10,11,46,7.000591231,83,711,69.97871117,8.819037131,6.37199663,7.732591005,519,19,435,27,538,462
25,1000,70,7.7,28,14,952,25,15,8,48,7.381900389,88,719,70.85593169,9.021966234,6.476114351,8.291316831,485,16,467,32,501,499
22,1000,70,7.7,28,103,942,28,17,13,58,8.848736949,123,749,74.9709717,11.68742672,8.302219967,9.410773684,484,23,458,35,507,493
24,1000,70,7.7,28,57,948,33,11,8,52,8.244466183,111,742,72.41257798,10.42623273,7.852765829,8.631494166,475,22,473,30,497,503
23,1000,70,7.7,28,101,952,25,13,10,48,8.615405588,114,731,74.44363958,11.47414586,7.994944428,9.209154133,471,18,481,30,489,511
20,1000,70,7.7,28,101,943,34,17,6,57,8.793263144,124,734,74.62482885,11.90187522,8.408468626,9.147037758,451,28,492,29,479,521
28,1000,70,7.7,28,2,952,16,18,14,48,7.126737618,87,694,70.25049559,8.716881328,6.672818597,7.537426255,458,17,494,31,475,525
26,1000,70,7.7,28,6,952,19,16,13,48,7.099756327,107,708,70.09677336,9.064399392,6.781913049,7.393150122,458,22,494,26,480,520
27,1000,70,7.7,28,3,954,25,10,11,46,7.011613981,98,700,70.01794458,8.85388798,6.384862791,7.741467098,519,19,435,27,538,462
25,1000,70,7.7,28,15,954,25,13,8,46,7.383440323,90,734,70.88728831,9.058107676,6.524630238,8.245692533,485,16,469,30,501,499
22,1000,70,7.7,28,104,943,28,16,13,57,8.869891018,124,761,75.02764391,11.72792717,8.31196156,9.443664315,485,22,458,35,507,493
29,1000,70,7.7,28,0,941,29,18,12,59,7.104,91,713,70.19135121,8.859055497,6.275423729,7.84469697,453,19,488,40,472,528
24,1000,70,7.7,28,58,948,33,11,8,52,8.283827733,104,721,72.44068241,10.44336295,7.868780899,8.69392371,475,22,473,30,497,503
23,1000,70,7.7,28,102,952,25,13,10,48,8.627339364,118,756,74.50647364,11.51136106,7.9817909,9.245095135,472,17,480,31,489,511
20,1000,70,7.7,28,102,943,34,17,6,57,8.820275692,102,738,74.66269302,11.92454552,8.485197103,9.128342187,451,28,492,29,479,521
28,1000,70,7.7,28,3,953,15,18,14,47,7.119032297,88,683,70.31348793,8.713560332,6.65496879,7.53889928,458,17,495,30,475,525
26,1000,70,7.7,28,7,953,18,16,13,47,7.101294464,88,703,70.1476484,9.107892481,6.794353174,7.384624886,459,21,494,26,480,520
25,1000,70,7.7,28,16,954,25,13,8,46,7.386305354,100,744,70.9366178,9.111515737,6.540369907,8.235631323,485,16,469,30,501,499
27,1000,70,7.7,28,4,956,23,10,11,44,7.03502462,91,713,70.08754962,8.885329877,6.422362936,7.748470476,520,18,436,26,538,462
29,1000,70,7.7,28,1,942,28,19,11,58,7.139026688,95,702,70.24019665,8.897487179,6.34376124,7.8499458,453,19,489,39,472,528
23,1000,70,7.7,28,103,953,24,13,10,47,8.63544679,126,743,74.54865693,11.54650864,8.015506589,9.228696806,473,16,480,31,489,511
24,1000,70,7.7,28,59,948,32,12,8,52,8.314015544,116,737,72.48311209,10.47543147,7.907611795,8.715571535,475,22,473,30,497,503
26,1000,70,7.7,28,8,953,20,16,11,47,7.105464249,107,692,70.21008233,9.148077665,6.791621501,7.395165248,459,21,494,26,480,520
28,1000,70,7.7,28,4,954,15,17,14,46,7.12776233,107,717,70.3579659,8.762420777,6.633856768,7.574629268,459,16,495,30,475,525
20,1000,70,7.7,28,103,944,33,17,6,56,8.838679971,142,752,74.69793238,11.97511938,8.537879321,9.115231815,451,28,493,28,479,521
27,1000,70,7.7,28,5,954,26,11,9,46,7.049895272,101,718,70.14457753,8.917938866,6.480417154,7.713053772,520,18,434,28,538,462
29,1000,70,7.7,28,2,940,30,19,11,60,7.180580451,102,709,70.30381978,8.917327055,6.362319744,7.912055931,453,19,487,41,472,528
25,1000,70,7.7,28,17,954,25,13,8,46,7.413593487,108,711,70.99451768,9.126710341,6.57614508,8.254398401,485,16,469,30,501,499
23,1000,70,7.7,28,104,954,24,11,11,46,8.65613775,141,728,74.59273249,11.55798955,8.044741128,9.241212013,473,16,481,30,489,511
30,1000,70,7.7,28,0,940,22,16,22,60,7.227,98,712,70.00420443,9.049345763,6.313461538,8.216666667,500,20,440,40,520,480
26,1000,70,7.7,28,9,955,18,15,12,45,7.12531043,98,717,70.25130244,9.16833279,6.79357103,7.431531414,460,20,495,25,480,520
28,1000,70,7.7,28,5,954,15,17,14,46,7.186505161,98,721,70.41357699,8.781147795,6.678990767,7.645684851,459,16,495,30,475,525
24,1000,70,7.7,28,60,951,30,12,7,49,8.309495703,126,743,72.54187434,10.50838936,7.897379578,8.71669593,477,20,474,29,497,503
27,1000,70,7.7,28,6,952,27,12,9,48,7.07490112,99,723,70.17912129,8.933255026,6.475488359,7.772918577,519,19,433,29,538,462
20,1000,70,7.7,28,104,944,33,17,6,56,8.867339028,143,726,74.74863621,12.01036049,8.580417335,9.131130757,452,27,492,29,479,521
31,1000,70,7.7,28,0,929,32,16,23,71,7.5,95,676,69.68887675,9.121913484,6.4055666,8.607645875,483,20,446,51,503,497
25,1000,70,7.7,28,18,954,25,13,8,46,7.467869996,101,699,71.05781624,9.147951107,6.623788671,8.315334412,485,16,469,30,501,499
29,1000,70,7.7,28,3,941,30,18,11,59,7.225017994,98,706,70.34786722,8.93713673,6.432804949,7.933208444,453,19,488,40,472,528
30,1000,70,7.7,28,1,939,23,16,22,61,7.243879374,95,715,70.04616163,9.068655642,6.338166462,8.225068363,499,21,440,40,520,480
26,1000,70,7.7,28,10,956,17,15,12,44,7.107257543,90,701,70.28191187,9.185473441,6.800948527,7.390004328,461,19,495,25,480,520
27,1000,70,7.7,28,7,950,28,13,9,50,7.137094769,88,715,70.20694981,8.977932059,6.546684209,7.824629145,518,20,432,30,538,462
28,1000,70,7.7,28,6,955,15,16,14,45,7.20105911,93,709,70.46656436,8.827527361,6.713516402,7.642169179,459,16,496,29,475,525
25,1000,70,7.7,28,19,954,25,13,8,46,7.468708325,94,701,71.07945278,9.180175582,6.596427762,8.344485003,486,15,468,31,501,499
29,1000,70,7.7,28,4,942,29,16,13,58,7.245174991,100,728,70.38846975,8.963492506,6.48038945,7.928846915,453,19,489,39,472,528
24,1000,70,7.7,28,61,952,30,12,6,48,8.33087869,120,738,72.57828221,10.53339165,7.946815101,8.710361003,476,21,476,27,497,503
31,1000,70,7.7,28,1,926,36,15,23,74,7.541682745,114,691,69.73134123,9.153021145,6.456516468,8.639949621,479,24,447,50,503,497
26,1000,70,7.7,28,11,956,17,15,12,44,7.141919546,105,708,70.32595025,9.228345628,6.818284477,7.44065961,461,19,495,25,480,520
30,1000,70,7.7,28,2,939,25,17,19,61,7.243507608,99,695,70.07102103,9.085130095,6.397965229,8.159511852,499,21,440,40,520,480
27,1000,70,7.7,28,8,950,28,12,10,50,7.156321961,78,697,70.26579555,9.002879135,6.573072767,7.835516909,519,19,431,31,538,462
25,1000,70,7.7,28,20,954,26,11,9,46,7.484543702,102,707,71.11554542,9.199061968,6.609958592,8.362634163,486,15,468,31,501,499
29,1000,70,7.7,28,5,943,26,18,13,57,7.284392286,109,698,70.44058724,8.997051944,6.550574501,7.940380911,453,19,490,38,472,528
28,1000,70,7.7,28,7,955,16,15,14,45,7.217233775,104,715,70.49776585,8.857657504,6.741974732,7.647230052,459,16,496,29,475,525
24,1000,70,7.7,28,62,952,29,13,6,48,8.306125955,133,731,72.5965234,10.57570299,7.942202328,8.665708546,476,21,476,27,497,503
31,1000,70,7.7,28,2,926,36,15,23,74,7.571565399,92,704,69.78824542,9.172001547,6.481900818,8.674384884,479,24,447,50,503,497
26,1000,70,7.7,28,12,957,16,15,12,43,7.177806296,120,696,70.3876725,9.261560905,6.8789062,7.453714077,461,19,496,24,480,520
30,1000,70,7.7,28,3,939,25,17,19,61,7.243414694,99,694,70.10301831,9.108725709,6.426411669,8.128501304,499,21,440,40,520,480
27,1000,70,7.7,28,9,950,29,11,10,50,7.165176154,89,704,70.31309763,9.019218938,6.596382932,7.827537092,518,20,432,30,538,462
25,1000,70,7.7,28,21,952,28,11,9,48,7.535306169,95,734,71.1560045,9.245032571,6.665588834,8.408509344,484,17,468,31,501,499
29,1000,70,7.7,28,6,945,26,16,13,55,7.275377376,93,690,70.49690837,9.01263114,6.56721429,7.908432257,453,19,492,36,472,528
28,1000,70,7.7,28,8,956,15,16,13,44,7.203107485,116,706,70.54550618,8.903761962,6.717243392,7.642698808,459,16,497,28,475,525
24,1000,70,7.7,28,63,951,29,14,6,49,8.374288207,97,743,72.64307381,10.59352693,8.007314554,8.736884441,475,22,476,27,497,503
31,1000,70,7.7,28,3,926,36,14,24,74,7.619940109,97,707,69.86115981,9.182216007,6.509575933,8.743709083,479,24,447,50,503,497
26,1000,70,7.7,28,13,957,16,15,12,43,7.189103775,103,724,70.43487506,9.291347271,6.883991744,7.470745651,461,19,496,24,480,520
27,1000,70,7.7,28,10,950,29,11,10,50,7.210882259,94,685,70.34701803,9.049882193,6.662683519,7.849260879,518,20,432,30,538,462
25,1000,70,7.7,28,22,952,28,11,9,48,7.567838824,106,729,71.20321994,9.265038956,6.690600209,8.448593426,484,17,468,31,501,499
29,1000,70,7.7,28,7,949,25,14,12,51,7.259160485,96,680,70.52862225,9.036584005,6.559950924,7.884211457,454,18,495,33,472,528
30,1000,70,7.7,28,4,942,24,15,19,58,7.274199188,103,701,70.13132076,9.140533012,6.490562986,8.123138407,499,21,443,37,520,480
28,1000,70,7.7,28,9,958,15,15,12,42,7.198561045,107,709,70.59097249,8.929382831,6.752226354,7.602387669,459,16,499,26,475,525
31,1000,70,7.7,28,4,926,36,15,23,74,7.610948233,101,702,69.90428178,9.230552824,6.534942917,8.699943553,479,24,447,50,503,497
24,1000,70,7.7,28,64,951,29,14,6,49,8.384192894,121,744,72.71621648,10.60397222,8.03416566,8.730044853,475,22,476,27,497,503
26,1000,70,7.7,28,14,957,16,15,12,43,7.214018083,95,715,70.47024654,9.304375917,6.913283229,7.491619488,461,19,496,24,480,520
27,1000,70,7.7,28,11,948,31,11,10,52,7.231100671,83,752,70.38788212,9.074775129,6.687576362,7.864035906,516,22,432,30,538,462
25,1000,70,7.7,28,23,953,29,10,8,47,7.598976695,98,733,71.2506819,9.312349231,6.759936578,8.441379699,485,16,468,31,501,499
29,1000,70,7.7,28,8,949,26,13,12,51,7.295820344,91,716,70.57360806,9.051136367,6.614388192,7.904979389,454,18,495,33,472,528
30,1000,70,7.7,28,5,942,24,15,19,58,7.313043359,95,699,70.17990066,9.154884275,6.555221036,8.134017542,499,21,443,37,520,480
28,1000,70,7.7,28,10,958,16,13,13,42,7.223112791,108,737,70.66930953,8.957376936,6.759509766,7.642563147,459,16,499,26,475,525
26,1000,70,7.7,28,15,957,16,15,12,43,7.253045206,81,740,70.52073678,9.317908115,6.931789635,7.54958881,461,19,496,24,480,520
31,1000,70,7.7,28,5,926,37,15,22,74,7.640602351,98,707,69.93046091,9.24091562,6.586686549,8.707241482,479,24,447,50,503,497
24,1000,70,7.7,28,65,951,29,14,6,49,8.352636291,114,726,72.73134953,10.63105844,8.020629995,8.680682274,475,22,476,27,497,503
27,1000,70,7.7,28,12,948,31,11,10,52,7.256491332,91,715,70.4151831,9.124207582,6.725950059,7.874307793,516,22,432,30,538,462
25,1000,70,7.7,28,24,956,26,10,8,44,7.582148905,121,741,71.32247655,9.342634105,6.76995638,8.39759671,487,14,469,30,501,499
29,1000,70,7.7,28,9,949,26,13,12,51,7.297685633,90,708,70.63819065,9.07588616,6.628820189,7.895610803,454,18,495,33,472,528
30,1000,70,7.7,28,6,943,22,16,19,57,7.309210746,82,695,70.2186928,9.180316881,6.544439482,8.137712949,499,21,444,36,520,480
28,1000,70,7.7,28,11,958,16,13,13,42,7.254488046,96,703,70.71413859,8.992825997,6.796904556,7.668492155,459,16,499,26,475,525
26,1000,70,7.7,28,16,957,16,15,12,43,7.262527117,113,717,70.5473805,9.364982414,6.949004806,7.551932327,461,19,496,24,480,520
31,1000,70,7.7,28,6,929,35,15,21,71,7.630408791,101,701,69.96962829,9.280164257,6.592177302,8.68117426,480,23,449,48,503,497
27,1000,70,7.7,28,13,947,32,11,10,53,7.312589155,101,747,70.46454051,9.147409179,6.786064759,7.925727954,516,22,431,31,538,462
25,1000,70,7.7,28,25,956,27,9,8,44,7.552996489,113,716,71.37296538,9.362832594,6.749520057,8.359693266,487,14,469,30,501,499
29,1000,70,7.7,28,10,950,25,13,12,50,7.300017309,87,726,70.66742245,9.085149355,6.647807449,7.883053396,454,18,496,32,472,528
24,1000,70,7.7,28,66,950,30,15,5,50,8.386259046,124,715,72.78821612,10.66484267,8.051650955,8.716875789,474,23,476,27,497,503
30,1000,70,7.7,28,7,943,24,15,18,57,7.310653952,87,728,70.26212249,9.21395341,6.523317769,8.163601483,499,21,444,36,520,480
28,1000,70,7.7,28,12,957,16,14,13,43,7.300646883,90,687,70.75468792,9.024534588,6.861835891,7.697666352,459,16,498,27,475,525
26,1000,70,7.7,28,17,959,15,14,12,41,7.249359169,118,733,70.60856222,9.411640317,6.925994823,7.547849335,461,19,498,22,480,520
27,1000,70,7.7,28,14,948,31,11,10,52,7.343892694,93,704,70.53968841,9.177659308,6.847035206,7.922484314,516,22,432,30,538,462
25,1000,70,7.7,28,26,957,27,9,7,43,7.552179332,96,718,71.38355463,9.390021848,6.778187424,8.329273411,487,14,470,29,501,499
31,1000,70,7.7,28,7,932,33,15,20,68,7.614039712,88,716,70.02063373,9.328002035,6.604518175,8.635748631,481,22,451,46,503,497
29,1000,70,7.7,28,11,950,25,13,12,50,7.348251594,94,722,70.70647703,9.113743252,6.68142215,7.944356703,455,17,495,33,472,528
24,1000,70,7.7,28,67,949,30,16,5,51,8.418338543,104,705,72.83917903,10.70018184,8.121710203,8.711428572,473,24,476,27,497,503
30,1000,70,7.7,28,8,946,21,15,18,54,7.314285724,95,683,70.30321387,9.238030915,6.503229415,8.192930058,501,19,445,35,520,480
28,1000,70,7.7,28,13,960,14,13,13,40,7.316452854,105,698,70.78627374,9.0431988,6.845114705,7.742901656,462,13,498,27,475,525
26,1000,70,7.7,28,18,958,15,15,12,42,7.288701131,86,706,70.63858305,9.445157011,6.963384015,7.588993854,461,19,497,23,480,520
25,1000,70,7.7,28,27,958,27,8,7,42,7.5659036,94,712,71.43739867,9.428406739,6.824792839,8.309984745,487,14,471,28,501,499
27,1000,70,7.7,28,15,947,31,12,10,53,7.384678288,87,741,70.58799696,9.208809874,6.873322376,7.980153354,516,22,431,31,538,462
29,1000,70,7.7,28,12,951,25,12,12,49,7.339868401,112,726,70.7376302,9.138686929,6.726504113,7.888178901,455,17,496,32,472,528
31,1000,70,7.7,28,8,931,34,15,20,69,7.640989907,86,689,70.06330739,9.380443394,6.643088973,8.650937934,480,23,451,46,503,497
30,1000,70,7.7,28,9,945,22,15,18,55,7.334482964,92,686,70.36416805,9.285668592,6.532071818,8.203761706,500,20,445,35,520,480
24,1000,70,7.7,28,68,949,29,18,4,51,8.421844943,103,736,72.89601004,10.70966639,8.151214602,8.689247089,473,24,476,27,497,503
28,1000,70,7.7,28,14,960,14,13,13,40,7.355480886,104,717,70.86481536,9.06024876,6.863347503,7.800744423,462,13,498,27,475,525
26,1000,70,7.7,28,19,957,16,15,12,43,7.331147199,105,704,70.67555829,9.468698811,6.984573932,7.651060984,461,19,496,24,480,520
25,1000,70,7.7,28,28,956,30,7,7,44,7.621178845,103,736,71.47093745,9.465586615,6.90508774,8.340140055,486,15,470,29,501,499
27,1000,70,7.7,28,16,949,29,12,10,51,7.39391608,99,685,70.62291787,9.239749287,6.870774174,8.003115961,517,21,432,30,538,462
29,1000,70,7.7,28,13,949,27,12,12,51,7.418358534,103,734,70.78719882,9.152121774,6.817943614,7.955093083,454,18,495,33,472,528
31,1000,70,7.7,28,9,929,37,15,19,71,7.646649729,99,702,70.1090026,9.38871882,6.655558622,8.649705718,480,23,449,48,503,497
30,1000,70,7.7,28,10,942,26,14,18,58,7.414922112,96,721,70.38598883,9.308386149,6.623675668,8.272105759,497,23,445,35,520,480
24,1000,70,7.7,28,69,948,30,18,4,52,8.46215434,112,731,72.93974262,10.73514527,8.229047891,8.692480195,472,25,476,27,497,503
28,1000,70,7.7,28,15,960,14,13,13,40,7.351513158,92,699,70.91125389,9.096813831,6.848391948,7.806718063,463,12,497,28,475,525
26,1000,70,7.7,28,20,960,16,12,12,40,7.328075944,102,686,70.71725614,9.503182167,6.995558303,7.635015305,462,18,498,22,480,520
25,1000,70,7.7,28,29,957,31,5,7,43,7.615923376,93,712,71.50373553,9.478483629,6.946747564,8.287781255,486,15,471,28,501,499
27,1000,70,7.7,28,17,950,28,12,10,50,7.440486828,112,722,70.65186161,9.237756052,6.929153732,8.035935326,517,21,433,29,538,462
29,1000,70,7.7,28,14,949,27,12,12,51,7.465706401,92,713,70.83895212,9.174595201,6.891021197,7.979440145,454,18,495,33,472,528
31,1000,70,7.7,28,10,931,37,14,18,69,7.625615267,107,707,70.14902347,9.423494634,6.636799683,8.626368262,480,23,451,46,503,497
30,1000,70,7.7,28,11,942,25,14,19,58,7.433386012,75,729,70.475651,9.324325807,6.652346884,8.279511734,497,23,445,35,520,480
28,1000,70,7.7,28,16,960,14,13,13,40,7.397808946,97,718,70.95821247,9.129337466,6.898528562,7.849538817,463,12,497,28,475,525
25,1000,70,7.7,28,30,958,30,5,7,42,7.630133874,112,704,71.53318138,9.539032508,6.98250406,8.280359399,486,15,472,27,501,499
26,1000,70,7.7,28,21,962,15,11,12,38,7.324311663,109,703,70.76182114,9.532521614,6.975872618,7.645947705,464,16,498,22,480,520
24,1000,70,7.7,28,70,950,29,17,4,50,8.481227933,123,740,73.00925904,10.74798205,8.306161973,8.65420563,473,24,477,26,497,503
27,1000,70,7.7,28,18,949,29,12,10,51,7.458044451,95,698,70.69263,9.281562439,6.950277399,8.049340282,517,21,432,30,538,462
29,1000,70,7.7,28,15,949,27,12,12,51,7.495613638,105,698,70.86891556,9.178306606,6.941240994,7.991189183,454,18,495,33,472,528
30,1000,70,7.7,28,12,942,26,13,19,58,7.454962255,98,695,70.51088189,9.344244395,6.69587128,8.277310812,497,23,445,35,520,480
31,1000,70,7.7,28,11,930,38,14,18,70,7.682484722,93,716,70.20445931,9.461474204,6.710038499,8.666670738,480,23,450,47,503,497
25,1000,70,7.7,28,31,958,30,5,7,42,7.702597516,111,709,71.59449323,9.58531577,7.079120503,8.328573435,486,15,472,27,501,499
28,1000,70,7.7,28,17,961,14,12,13,39,7.411324213,95,708,70.99369866,9.135376977,6.930200922,7.846626238,463,12,498,27,475,525
26,1000,70,7.7,28,22,964,13,10,13,36,7.361691343,98,696,70.7868239,9.569126733,7.025753236,7.671788057,464,16,500,20,480,520
27,1000,70,7.7,28,19,951,27,12,10,49,7.472969732,81,714,70.73663197,9.316119291,6.98930906,8.036193631,517,21,434,28,538,462
29,1000,70,7.7,28,16,950,26,12,12,50,7.517764446,88,686,70.88097569,9.21610969,6.966662176,8.010416476,455,17,495,33,472,528
24,1000,70,7.7,28,71,948,30,17,5,52,8.505777189,107,749,73.07099006,10.7683542,8.320041024,8.689297814,472,25,476,27,497,503
30,1000,70,7.7,28,13,942,26,13,19,58,7.478363115,91,715,70.57218481,9.349192364,6.688288859,8.334276891,497,23,445,35,520,480
31,1000,70,7.7,28,12,929,39,14,18,71,7.697872664,95,695,70.29532162,9.487070502,6.747955861,8.659257276,478,25,451,46,503,497
25,1000,70,7.7,28,32,959,29,6,6,41,7.72927111,103,719,71.64496378,9.615694868,7.105696681,8.355344835,487,14,472,27,501,499
26,1000,70,7.7,28,23,966,13,8,13,34,7.379204112,111,701,70.82579218,9.601866531,6.988141853,7.740184658,466,14,500,20,480,520
28,1000,70,7.7,28,18,959,16,12,13,41,7.432484421,86,711,71.00271293,9.167256151,6.978763882,7.84299348,462,13,497,28,475,525
29,1000,70,7.7,28,17,950,25,13,12,50,7.531065377,91,739,70.91976316,9.253207476,6.99764258,8.007913028,455,17,495,33,472,528
27,1000,70,7.7,28,20,952,27,11,10,48,7.494501574,102,698,70.782969,9.344818196,7.015929883,8.051799343,517,21,435,27,538,462
24,1000,70,7.7,28,72,948,30,17,5,52,8.5335745,111,754,73.12775553,10.7817527,8.35019621,8.714765375,472,25,476,27,497,503
30,1000,70,7.7,28,14,941,26,14,19,59,7.502283452,106,729,70.57716025,9.369642806,6.773005182,8.292334912,496,24,445,35,520,480
31,1000,70,7.7,28,13,929,38,15,18,71,7.675012122,99,712,70.34277232,9.50881225,6.75853327,8.602555106,478,25,451,46,503,497
25,1000,70,7.7,28,33,960,28,6,6,40,7.74826556,93,728,71.72721248,9.638870624,7.146372171,8.352571346,487,14,473,26,501,499
26,1000,70,7.7,28,24,964,16,8,12,36,7.419459891,104,707,70.88228808,9.61327628,7.035744888,7.773658356,465,15,499,21,480,520
29,1000,70,7.7,28,18,949,27,13,11,51,7.541879797,109,731,70.97742852,9.267068314,7.026414567,8.002674473,455,17,494,34,472,528
27,1000,70,7.7,28,21,952,27,11,10,48,7.542857828,104,728,70.85958193,9.357581792,7.065419946,8.098835274,517,21,435,27,538,462
28,1000,70,7.7,28,19,958,16,13,13,42,7.461304097,109,710,71.06141968,9.175552173,7.009447737,7.870126518,462,13,496,29,475,525
30,1000,70,7.7,28,15,941,27,13,19,59,7.526176234,102,723,70.63671179,9.407567399,6.784881275,8.329245774,497,23,444,36,520,480
24,1000,70,7.7,28,73,948,30,17,5,52,8.580092283,99,718,73.21241662,10.80853615,8.418861772,8.739399566,472,25,476,27,497,503
31,1000,70,7.7,28,14,929,38,15,18,71,7.726310895,106,727,70.37263503,9.534222274,6.811116109,8.65255431,478,25,451,46,503,497
25,1000,70,7.7,28,34,959,29,6,6,41,7.754775837,90,741,71.76423355,9.671262732,7.1554848,8.356468842,486,15,473,26,501,499
26,1000,70,7.7,28,25,964,16,8,12,36,7.441983238,91,756,70.94367567,9.625090641,7.039773044,7.813254188,465,15,499,21,480,520
29,1000,70,7.7,28,19,949,27,13,11,51,7.566927656,89,720,71.0725586,9.285233166,7.062857984,8.017535393,455,17,494,34,472,528
27,1000,70,7.7,28,22,952,27,11,10,48,7.572469269,96,743,70.90435464,9.36255325,7.08887341,8.135617693,517,21,435,27,538,462
28,1000,70,7.7,28,20,957,17,13,13,43,7.521723311,88,701,71.12832218,9.202517084,7.090725227,7.911673959,461,14,496,29,475,525
30,1000,70,7.7,28,16,940,28,13,19,60,7.561887813,109,698,70.6965388,9.439791766,6.833229039,8.351268152,496,24,444,36,520,480
24,1000,70,7.7,28,74,950,30,15,5,50,8.575613528,103,731,73.24309017,10.82909048,8.440867002,8.70875274,473,24,477,26,497,503
25,1000,70,7.7,28,35,959,29,6,6,41,7.787988837,99,694,71.78752308,9.692551528,7.189014981,8.389363389,486,15,473,26,501,499
26,1000,70,7.7,28,26,964,16,8,12,36,7.447693571,95,708,70.9940869,9.663745402,6.987487006,7.872499631,465,15,499,21,480,520
31,1000,70,7.7,28,15,929,37,16,18,71,7.750679208,114,680,70.42229721,9.572919466,6.878373227,8.633516046,478,25,451,46,503,497
29,1000,70,7.7,28,20,949,28,12,11,51,7.596670463,103,719,71.14204452,9.315752655,7.130836365,8.013097915,453,19,496,32,472,528
27,1000,70,7.7,28,23,956,26,9,9,44,7.572166513,115,709,70.97043276,9.406364172,7.069233142,8.157833511,519,19,437,25,538,462
28,1000,70,7.7,28,21,957,15,14,14,43,7.548162974,92,713,71.16496707,9.210608249,7.132676271,7.924079514,461,14,496,29,475,525
30,1000,70,7.7,28,17,939,27,15,19,61,7.588506793,101,719,70.73131817,9.474370846,6.858855276,8.378962603,496,24,443,37,520,480
25,1000,70,7.7,28,36,960,28,6,6,40,7.797558378,113,740,71.83858312,9.724924614,7.22182774,8.375596554,486,15,474,25,501,499
26,1000,70,7.7,28,27,964,17,7,12,36,7.410144533,105,710,71.06201675,9.701084817,6.985924728,7.801732045,464,16,500,20,480,520
24,1000,70,7.7,28,75,951,29,15,5,49,8.612104984,118,737,73.28781232,10.8628164,8.462639636,8.759787445,473,24,478,25,497,503
31,1000,70,7.7,28,16,929,39,15,17,71,7.749740646,90,715,70.46986812,9.582175767,6.893954703,8.61585801,478,25,451,46,503,497
29,1000,70,7.7,28,21,950,27,12,11,50,7.61495978,101,728,71.19834003,9.359070303,7.100495501,8.074859665,454,18,496,32,472,528
27,1000,70,7.7,28,24,955,28,9,8,45,7.601187097,105,713,70.99874601,9.451968286,7.113068813,8.169601894,517,21,438,24,538,462
28,1000,70,7.7,28,22,958,14,14,14,42,7.577138957,92,700,71.22710636,9.240271278,7.181546801,7.935055668,461,14,497,28,475,525
30,1000,70,7.7,28,18,940,28,14,18,60,7.609729502,97,703,70.75599511,9.49346247,6.901609548,8.376859453,496,24,444,36,520,480
25,1000,70,7.7,28,37,962,26,6,6,38,7.816915414,98,723,71.85597769,9.73760613,7.26284407,8.373207484,487,14,475,24,501,499
26,1000,70,7.7,28,28,964,17,7,12,36,7.424385573,93,704,71.14741648,9.72169049,7.006227575,7.810377572,464,16,500,20,480,520
29,1000,70,7.7,28,22,952,24,13,11,48,7.589965895,96,709,71.21036705,9.358734098,7.081980054,8.044074451,455,17,497,31,472,528
27,1000,70,7.7,28,25,953,31,8,8,47,7.63426719,107,733,71.02808711,9.464526849,7.112959094,8.241331597,516,22,437,25,538,462
31,1000,70,7.7,28,17,930,39,13,18,70,7.763034535,115,694,70.50160803,9.612624922,6.932981574,8.603108255,478,25,452,45,503,497
24,1000,70,7.7,28,76,950,29,16,5,50,8.673337387,102,756,73.32121325,10.89718815,8.522445959,8.822428916,473,24,477,26,497,503
30,1000,70,7.7,28,19,939,29,13,19,61,7.63937812,77,700,70.78234437,9.525254589,6.910770466,8.428703078,496,24,443,37,520,480
28,1000,70,7.7,28,23,958,13,15,14,42,7.563151156,102,736,71.28191041,9.274748246,7.18818633,7.902405046,460,15,498,27,475,525
25,1000,70,7.7,28,38,962,26,7,5,38,7.827068919,112,710,71.89280687,9.778584852,7.303041342,8.353196808,487,14,475,24,501,499
26,1000,70,7.7,28,29,961,20,7,12,39,7.452859052,110,716,71.17452413,9.739404294,7.023331716,7.849345823,463,17,498,22,480,520
29,1000,70,7.7,28,23,954,22,13,11,46,7.580764651,110,729,71.2374406,9.373708131,7.08818727,8.021098976,456,16,498,30,472,528
27,1000,70,7.7,28,26,953,31,8,8,47,7.647505511,89,708,71.0870489,9.498766749,7.118852737,8.26312281,516,22,437,25,538,462
31,1000,70,7.7,28,18,929,41,13,17,71,7.77858406,108,703,70.5295413,9.66255679,6.955026793,8.612083669,478,25,451,46,503,497
24,1000,70,7.7,28,77,950,29,16,5,50,8.676294494,117,758,73.38132918,10.92533601,8.545648538,8.805382049,473,24,477,26,497,503
30,1000,70,7.7,28,20,938,30,13,19,62,7.666980016,104,726,70.81800475,9.53577084,6.964647149,8.427840622,496,24,442,38,520,480
28,1000,70,7.7,28,24,958,13,15,14,42,7.588414435,86,705,71.34954113,9.305083058,7.26255448,7.883240109,460,15,498,27,475,525
25,1000,70,7.7,28,39,962,28,5,5,38,7.830578996,110,724,71.93622691,9.801039616,7.302737036,8.360536555,487,14,475,24,501,499
26,1000,70,7.7,28,30,957,23,8,12,43,7.498080601,100,715,71.23186612,9.768454478,7.059455446,7.90296536,462,18,495,25,480,520
29,1000,70,7.7,28,24,955,22,13,10,45,7.580017971,98,706,71.24970854,9.402162816,7.097170574,8.011654281,456,16,499,29,472,528
27,1000,70,7.7,28,27,953,31,8,8,47,7.678876858,112,692,71.14747395,9.521323778,7.14778585,8.297333488,517,21,436,26,538,462
31,1000,70,7.7,28,19,929,39,15,17,71,7.796108886,110,720,70.59950576,9.714773062,6.947051582,8.655416379,477,26,452,45,503,497
30,1000,70,7.7,28,21,938,30,13,19,62,7.686755561,116,722,70.86138753,9.578449095,7.002530057,8.427999857,496,24,442,38,520,480
24,1000,70,7.7,28,78,950,29,16,5,50,8.719169155,103,750,73.43265387,10.96048278,8.585146784,8.851592849,473,24,477,26,497,503
28,1000,70,7.7,28,25,958,13,15,14,42,7.630571233,95,723,71.40231545,9.347011175,7.310136047,7.920488782,460,15,498,27,475,525
25,1000,70,7.7,28,40,962,28,6,4,38,7.845503128,121,736,71.95232004,9.839879643,7.323098001,8.370002063,487,14,475,24,501,499
26,1000,70,7.7,28,31,956,24,7,13,44,7.526458797,104,709,71.26848701,9.792560347,7.100997695,7.919192122,462,18,494,26,480,520
29,1000,70,7.7,28,25,953,24,13,10,47,7.592638772,87,714,71.30663668,9.427230347,7.131532041,8.004840243,454,18,499,29,472,528
27,1000,70,7.7,28,28,953,31,8,8,47,7.715063655,101,727,71.19988168,9.565933969,7.173068641,8.346218022,517,21,436,26,538,462
30,1000,70,7.7,28,22,941,28,13,18,59,7.660614477,94,703,70.92070912,9.607620589,7.030478933,8.343261317,497,23,444,36,520,480
31,1000,70,7.7,28,20,929,40,15,16,71,7.802340176,143,731,70.60017609,9.72070594,6.968036477,8.646715952,477,26,452,45,503,497
28,1000,70,7.7,28,26,957,14,15,14,43,7.644885207,105,713,71.44200049,9.336388345,7.327451966,7.932086711,460,15,497,28,475,525
25,1000,70,7.7,28,41,962,28,6,4,38,7.835945185,112,758,71.97676861,9.863944971,7.308765616,8.365237698,487,14,475,24,501,499
24,1000,70,7.7,28,79,952,28,15,5,48,8.698882045,113,749,73.50081127,10.98241533,8.57620567,8.820095083,475,22,477,26,497,503
26,1000,70,7.7,28,32,956,24,7,13,44,7.549250667,98,725,71.35523376,9.819994597,7.114234515,7.950804039,462,18,494,26,480,520
29,1000,70,7.7,28,26,952,25,12,11,48,7.615601046,114,736,71.35302345,9.452804697,7.15281648,8.0293024,454,18,498,30,472,528
27,1000,70,7.7,28,29,953,31,8,8,47,7.742530746,97,732,71.24763039,9.598371701,7.197582201,8.377124505,517,21,436,26,538,462
30,1000,70,7.7,28,23,941,28,12,19,59,7.676645006,111,737,70.97337559,9.618778591,7.013048489,8.395541232,498,22,443,37,520,480
31,1000,70,7.7,28,21,928,41,15,16,72,7.814832434,105,729,70.62914529,9.772163786,6.972635777,8.667196456,477,26,451,46,503,497
25,1000,70,7.7,28,42,963,28,6,3,37,7.809814976,122,743,72.02030788,9.884410571,7.304131036,8.317525706,487,14,476,23,501,499
28,1000,70,7.7,28,27,958,12,16,14,42,7.653488306,95,715,71.45465386,9.376423355,7.342356857,7.934988188,461,14,497,28,475,525
26,1000,70,7.7,28,33,954,26,7,13,46,7.568826486,107,724,71.43015879,9.877053812,7.139416872,7.965204592,461,19,493,27,480,520
24,1000,70,7.7,28,80,952,28,14,6,48,8.713036827,132,739,73.51471806,10.99692041,8.612661695,8.812214641,475,22,477,26,497,503
29,1000,70,7.7,28,27,951,26,12,11,49,7.643783923,96,720,71.39958708,9.474762756,7.180059893,8.058325102,454,18,497,31,472,528
27,1000,70,7.7,28,30,953,31,8,8,47,7.761336598,98,724,71.26977372,9.654129768,7.234120176,8.375281262,517,21,436,26,538,462
30,1000,70,7.7,28,24,941,28,12,19,59,7.717261024,97,718,71.0135762,9.647433395,7.046425401,8.443999615,498,22,443,37,520,480
25,1000,70,7.7,28,43,962,29,6,3,38,7.811515714,111,719,72.08964536,9.926734175,7.311694198,8.313340524,487,14,475,24,501,499
31,1000,70,7.7,28,22,930,37,18,15,70,7.797405559,105,731,70.66831053,9.814419229,6.974647609,8.630096199,477,26,453,44,503,497
28,1000,70,7.7,28,28,958,13,15,14,42,7.677582212,101,746,71.500014,9.417539768,7.390036112,7.937742968,461,14,497,28,475,525
26,1000,70,7.7,28,34,955,26,6,13,45,7.585879543,98,724,71.45941314,9.893485688,7.179850643,7.96067545,462,18,493,27,480,520
29,1000,70,7.7,28,28,950,27,12,11,50,7.708394176,104,714,71.4599724,9.489864516,7.207157014,8.156469822,454,18,496,32,472,528
27,1000,70,7.7,28,31,952,32,8,8,48,7.78070642,99,720,71.32725301,9.666894272,7.257084988,8.39046471,516,22,436,26,538,462
24,1000,70,7.7,28,81,951,29,14,6,49,8.755881645,114,728,73.54855983,11.02318943,8.667952239,8.842762193,474,23,477,26,497,503
30,1000,70,7.7,28,25,941,27,13,19,59,7.739370293,102,719,71.07816294,9.661695427,7.073748912,8.460460124,498,22,443,37,520,480
25,1000,70,7.7,28,44,962,29,5,4,38,7.832104406,91,752,72.15361444,9.944839298,7.320665569,8.345593099,487,14,475,24,501,499
31,1000,70,7.7,28,23,931,37,17,15,69,7.81193223,97,695,70.70509656,9.828113782,6.976052646,8.657902917,477,26,454,43,503,497
28,1000,70,7.7,28,29,957,14,15,14,43,7.691098739,98,712,71.54638024,9.460142849,7.402045193,7.952623377,460,15,497,28,475,525
26,1000,70,7.7,28,35,954,27,6,13,46,7.605911188,89,702,71.51942186,9.934353984,7.181478462,7.997695243,462,18,492,28,480,520
29,1000,70,7.7,28,29,953,26,11,10,47,7.718757231,92,715,71.50665287,9.55730626,7.237096982,8.149332302,455,17,498,30,472,528
27,1000,70,7.7,28,32,952,33,7,8,48,7.821033037,98,722,71.37698093,9.69447737,7.303567366,8.42362293,517,21,435,27,538,462
24,1000,70,7.7,28,82,951,28,15,6,49,8.79826394,95,750,73.60025961,11.04195625,8.729327881,8.8663777,474,23,477,26,497,503
30,1000,70,7.7,28,26,941,28,13,18,59,7.746165342,100,682,71.12257272,9.693509779,7.051107634,8.499144527,498,22,443,37,520,480
25,1000,70,7.7,28,45,961,30,5,4,39,7.829182259,109,722,72.2104065,9.984520219,7.31388674,8.34654309,488,13,473,26,501,499
31,1000,70,7.7,28,24,931,37,17,15,69,7.841940922,87,719,70.72203232,9.853263877,7.009481253,8.684450406,477,26,454,43,503,497
28,1000,70,7.7,28,30,957,14,15,14,43,7.703716935,108,732,71.57751478,9.461202573,7.416587069,7.9635011,460,15,497,28,475,525
26,1000,70,7.7,28,36,953,27,6,14,47,7.660283885,114,702,71.57175612,9.957822966,7.262115962,8.027823506,461,19,492,28,480,520
29,1000,70,7.7,28,30,952,27,11,10,48,7.741534286,103,714,71.57348322,9.585494678,7.277458874,8.156389579,455,17,497,31,472,528
27,1000,70,7.7,28,33,950,36,7,7,50,7.807899061,103,706,71.42772776,9.726352621,7.298547964,8.401039516,516,22,434,28,538,462
30,1000,70,7.7,28,27,941,28,13,18,59,7.758794755,99,723,71.17334977,9.704495339,7.084600323,8.489172057,498,22,443,37,520,480
24,1000,70,7.7,28,83,953,26,15,6,47,8.786173017,107,746,73.64672567,11.05369013,8.751515934,8.820416696,474,23,479,24,497,503
25,1000,70,7.7,28,46,961,30,5,4,39,7.86004212,109,745,72.24391771,10.01023528,7.368851657,8.353201282,488,13,473,26,501,499
26,1000,70,7.7,28,37,954,26,6,14,46,7.664709592,118,703,71.61807382,9.977638137,7.247107034,8.050188877,461,19,493,27,480,520
31,1000,70,7.7,28,25,930,38,17,15,70,7.869577862,114,730,70.72867305,9.876882029,7.057168877,8.691794601,476,27,454,43,503,497
28,1000,70,7.7,28,31,957,14,15,14,43,7.728613619,94,712,71.63310666,9.479743054,7.453474049,7.977549421,460,15,497,28,475,525
29,1000,70,7.7,28,31,952,27,12,9,48,7.730939526,97,733,71.60908926,9.613106051,7.307658855,8.109326793,455,17,497,31,472,528
27,1000,70,7.7,28,34,950,35,8,7,50,7.811422364,98,760,71.47602986,9.764410276,7.316304308,8.387988412,516,22,434,28,538,462
30,1000,70,7.7,28,28,939,30,13,18,61,7.798627563,98,708,71.24501075,9.739742695,7.139979469,8.512162999,496,24,443,37,520,480
25,1000,70,7.7,28,47,961,28,6,5,39,7.887766625,96,704,72.33977468,10.03551981,7.418798227,8.358614656,488,13,473,26,501,499
24,1000,70,7.7,28,84,952,27,15,6,48,8.80689285,111,735,73.66235564,11.05215134,8.813598077,8.800267606,473,24,479,24,497,503
26,1000,70,7.7,28,38,955,26,6,13,45,7.678289498,93,719,71.67620295,10.00061481,7.287449944,8.039064472,461,19,494,26,480,520
31,1000,70,7.7,28,26,930,38,17,15,70,7.872411782,100,702,70.726143,9.882441012,7.050474975,8.704271367,475,28,455,42,503,497
29,1000,70,7.7,28,32,951,28,12,9,49,7.772625445,105,752,71.65929974,9.658952024,7.335471815,8.163414295,455,17,496,32,472,528
28,1000,70,7.7,28,32,958,13,16,13,42,7.704672996,100,733,71.66196294,9.506431441,7.416089235,7.965772588,460,15,498,27,475,525
27,1000,70,7.7,28,35,951,32,10,7,49,7.831833823,99,734,71.5268831,9.788833079,7.349724071,8.393251672,516,22,435,27,538,462
30,1000,70,7.7,28,29,939,30,13,18,61,7.814903962,107,732,71.27842332,9.771743689,7.167456274,8.516305623,496,24,443,37,520,480
25,1000,70,7.7,28,48,961,28,6,5,39,7.921878637,105,747,72.36435258,10.05738071,7.43520712,8.410500742,488,13,473,26,501,499
24,1000,70,7.7,28,85,952,27,15,6,48,8.841270434,116,735,73.68736548,11.11192822,8.872350727,8.810560881,473,24,479,24,497,503
26,1000,70,7.7,28,39,954,27,6,13,46,7.698607723,106,717,71.72165366,10.03622271,7.303048914,8.063738931,461,19,493,27,480,520
29,1000,70,7.7,28,33,951,28,12,9,49,7.807730845,91,718,71.71862651,9.698400309,7.33446956,8.230797751,456,16,495,33,472,528
27,1000,70,7.7,28,36,950,33,10,7,50,7.857866179,101,733,71.59709942,9.814073483,7.392070256,8.40028654,516,22,434,28,538,462
28,1000,70,7.7,28,33,959,13,16,12,41,7.719282161,100,723,71.68379218,9.513051534,7.438053733,7.973726929,460,15,499,26,475,525
31,1000,70,7.7,28,27,928,40,17,15,72,7.919508183,105,717,70.77637359,9.89317332,7.130235289,8.718309521,473,30,455,42,503,497
30,1000,70,7.7,28,30,938,31,13,18,62,7.868846229,95,719,71.31850121,9.759563261,7.235465743,8.555008423,496,24,442,38,520,480
25,1000,70,7.7,28,49,960,29,6,5,40,7.943476866,101,738,72.43562481,10.06764523,7.462974884,8.425904708,487,14,473,26,501,499
26,1000,70,7.7,28,40,954,27,6,13,46,7.749408507,95,735,71.76356762,10.0856118,7.341008256,8.126393354,461,19,493,27,480,520
24,1000,70,7.7,28,86,953,27,14,6,47,8.816881095,122,726,73.73869825,11.10795375,8.825436637,8.808427608,474,23,479,24,497,503
29,1000,70,7.7,28,34,951,30,11,8,49,7.824809243,98,726,71.77161779,9.73253229,7.407603427,8.197765958,455,17,496,32,472,528
28,1000,70,7.7,28,34,959,13,16,12,41,7.745205569,99,721,71.70756032,9.552188247,7.479806312,7.985328706,459,16,500,25,475,525
27,1000,70,7.7,28,37,950,32,10,8,50,7.90224734,97,720,71.65357215,9.831211535,7.436348346,8.444787726,516,22,434,28,538,462
31,1000,70,7.7,28,28,931,37,17,15,69,7.931162424,92,747,70.81602523,9.916959198,7.173359286,8.698114091,474,29,457,40,503,497
25,1000,70,7.7,28,50,960,29,6,5,40,7.953799848,105,752,72.50064562,10.11576209,7.48285513,8.42663212,487,14,473,26,501,499
30,1000,70,7.7,28,31,938,31,14,17,62,7.857771211,100,699,71.36474472,9.795611309,7.235979281,8.531379135,496,24,442,38,520,480
26,1000,70,7.7,28,41,953,27,7,13,47,7.784676759,105,722,71.80057486,10.11272071,7.3599313,8.176749491,462,18,491,29,480,520
29,1000,70,7.7,28,35,952,29,11,8,48,7.824857731,104,710,71.79944858,9.750069782,7.408558498,8.197004014,455,17,497,31,472,528
27,1000,70,7.7,28,38,949,33,10,8,51,7.925701031,100,727,71.72660038,9.856042995,7.467741563,8.458995821,515,23,434,28,538,462
28,1000,70,7.7,28,35,958,14,16,12,42,7.735471008,103,738,71.77830943,9.619547285,7.471584614,7.974225365,459,16,499,26,475,525
24,1000,70,7.7,28,87,953,27,14,6,47,8.82686822,108,738,73.77310368,11.14232125,8.85341808,8.800635057,474,23,479,24,497,503
31,1000,70,7.7,28,29,932,35,17,16,68,7.936097954,108,718,70.87339424,9.954831292,7.19301198,8.688154786,474,29,458,39,503,497
25,1000,70,7.7,28,51,959,30,6,5,41,7.993253276,97,705,72.57476781,10.17064164,7.551965516,8.436309724,486,15,473,26,501,499
30,1000,70,7.7,28,32,939,30,13,18,61,7.90003913,105,712,71.36983698,9.833640202,7.261340664,8.591962469,496,24,443,37,520,480
26,1000,70,7.7,28,42,953,26,8,13,47,7.807687826,112,725,71.85012968,10.12940142,7.38209697,8.200540924,462,18,491,29,480,520
29,1000,70,7.7,28,36,953,28,11,8,47,7.830210157,96,703,71.86672241,9.791154752,7.375844218,8.236385769,456,16,497,31,472,528
27,1000,70,7.7,28,39,947,35,10,8,53,7.954653449,111,724,71.75102117,9.863820353,7.520094457,8.460698335,514,24,433,29,538,462
28,1000,70,7.7,28,36,959,14,15,12,41,7.73218016,103,711,71.83900581,9.652309337,7.470826063,7.96864339,460,15,499,26,475,525
25,1000,70,7.7,28,52,961,28,6,5,39,7.969010922,111,726,72.59408516,10.17090193,7.554134692,8.385549982,486,15,475,24,501,499
24,1000,70,7.7,28,88,953,28,14,5,47,8.8215311,140,741,73.81143843,11.14786538,8.860177308,8.783345881,474,23,479,24,497,503
30,1000,70,7.7,28,33,939,30,13,18,61,7.920808245,108,739,71.41904157,9.840389987,7.268990238,8.626944419,496,24,443,37,520,480
31,1000,70,7.7,28,30,933,35,16,16,67,7.945116409,116,704,70.92176285,9.972415503,7.227434256,8.671462732,473,30,460,37,503,497
26,1000,70,7.7,28,43,953,27,8,12,47,7.824393728,120,730,71.90057604,10.18389782,7.36722007,8.246400181,462,18,491,29,480,520
29,1000,70,7.7,28,37,956,27,9,8,44,7.790538213,115,704,71.89603044,9.80113772,7.313278293,8.217179657,458,14,498,30,472,528
27,1000,70,7.7,28,40,947,35,10,8,53,7.982412434,93,735,71.78975997,9.896076298,7.540321784,8.497227953,514,24,433,29,538,462
28,1000,70,7.7,28,37,958,15,15,12,42,7.740814166,96,712,71.89039659,9.671274338,7.489436083,7.96825148,459,16,499,26,475,525
25,1000,70,7.7,28,53,961,28,6,5,39,8.002449553,98,737,72.63457308,10.22734933,7.601721776,8.404783453,485,16,476,23,501,499
30,1000,70,7.7,28,34,940,29,13,18,60,7.909339249,99,698,71.43899143,9.879512747,7.280378484,8.590713411,496,24,444,36,520,480
31,1000,70,7.7,28,31,933,36,16,15,67,7.967597716,106,689,70.97402156,10.00688839,7.270811111,8.672796231,473,30,460,37,503,497
24,1000,70,7.7,28,89,953,28,14,5,47,8.849304568,109,760,73.84847685,11.15665595,8.920114842,8.77933895,474,23,479,24,497,503
26,1000,70,7.7,28,44,953,27,8,12,47,7.837401108,105,698,71.95264842,10.21238529,7.364708978,8.273732304,462,18,491,29,480,520
29,1000,70,7.7,28,38,956,27,8,9,44,7.810549621,95,725,71.92722274,9.830360524,7.336482617,8.234336792,458,14,498,30,472,528
27,1000,70,7.7,28,41,946,36,10,8,54,8.027509439,104,719,71.82423142,9.92775528,7.599652125,8.525750207,513,25,433,29,538,462
25,1000,70,7.7,28,54,960,29,6,5,40,8.005264755,109,710,72.67453433,10.24006861,7.610342573,8.401769791,484,17,476,23,501,499
28,1000,70,7.7,28,38,958,15,15,12,42,7.760219241,82,731,71.93620585,9.697042688,7.510742597,7.985936205,459,16,499,26,475,525
30,1000,70,7.7,28,35,940,30,13,17,60,7.925893119,109,723,71.4885471,9.917780118,7.318209321,8.584217234,496,24,444,36,520,480
31,1000,70,7.7,28,32,933,36,17,14,67,8.001933518,110,693,71.00600034,10.04140653,7.294652327,8.717753314,473,30,460,37,503,497
24,1000,70,7.7,28,90,953,29,13,5,47,8.84761997,113,754,73.88539333,11.18130949,8.922481782,8.773651143,474,23,479,24,497,503
29,1000,70,7.7,28,39,956,25,10,9,44,7.83137645,113,726,72.00081932,9.858257562,7.330607544,8.279033502,457,15,499,29,472,528
26,1000,70,7.7,28,45,953,27,8,12,47,7.849877248,113,721,71.97915303,10.23952296,7.350351509,8.31097793,462,18,491,29,480,520
27,1000,70,7.7,28,42,949,35,8,8,51,8.01913434,108,717,71.86133731,9.948206349,7.632138814,8.469791467,513,25,436,26,538,462
25,1000,70,7.7,28,55,960,28,7,5,40,8.003585505,122,737,72.68154973,10.25320645,7.570075546,8.438832979,485,16,475,24,501,499
28,1000,70,7.7,28,39,958,16,14,12,42,7.783376457,108,720,71.97503915,9.7066404,7.502390454,8.037601888,458,17,500,25,475,525
30,1000,70,7.7,28,36,943,29,13,15,57,7.927373795,102,719,71.54177917,9.950562748,7.349916308,8.55295274,497,23,446,34,520,480
31,1000,70,7.7,28,33,933,37,17,13,67,8.043431313,101,726,71.04212422,10.06414988,7.364169205,8.730893768,473,30,460,37,503,497
29,1000,70,7.7,28,40,957,24,10,9,43,7.824146839,114,732,72.0318638,9.912067445,7.337928497,8.258796569,457,15,500,28,472,528
24,1000,70,7.7,28,91,955,26,14,5,45,8.861760076,117,751,73.92803918,11.20818677,8.935110147,8.789284956,475,22,480,23,497,503
26,1000,70,7.7,28,46,953,27,8,12,47,7.863667691,107,754,72.03784471,10.27329086,7.394653605,8.296603771,462,18,491,29,480,520
27,1000,70,7.7,28,43,951,34,7,8,49,8.004100508,110,735,71.89243725,9.992936607,7.650648428,8.415696221,514,24,437,25,538,462
25,1000,70,7.7,28,56,960,28,7,5,40,8.01397461,122,735,72.70116421,10.27138961,7.616827726,8.412713266,484,17,476,23,501,499
28,1000,70,7.7,28,40,959,15,14,12,41,7.81240727,92,723,72.02432767,9.743675995,7.540065752,8.0588115,459,16,500,25,475,525
30,1000,70,7.7,28,37,943,29,13,15,57,7.948246359,84,721,71.58867956,9.975837202,7.351357876,8.594875549,497,23,446,34,520,480
31,1000,70,7.7,28,34,933,38,16,13,67,8.084304496,97,694,71.03773337,10.1071448,7.467672315,8.708380929,472,31,461,36,503,497
29,1000,70,7.7,28,41,957,24,10,9,43,7.861141177,127,710,72.07202011,9.964017051,7.358498333,8.310473416,457,15,500,28,472,528
26,1000,70,7.7,28,47,952,28,8,12,48,7.916047621,110,717,72.07534964,10.29699327,7.462457943,8.334745786,461,19,491,29,480,520
24,1000,70,7.7,28,92,954,28,13,5,46,8.869805467,102,759,73.96613121,11.2043273,8.944792729,8.795712685,474,23,480,23,497,503
27,1000,70,7.7,28,44,953,32,7,8,47,7.991085624,104,735,71.93759695,10.01362256,7.620246784,8.422928255,516,22,437,25,538,462
25,1000,70,7.7,28,57,960,27,8,5,40,8.070987725,113,740,72.73556611,10.28384991,7.69305871,8.450431487,484,17,476,23,501,499
28,1000,70,7.7,28,41,959,15,14,12,41,7.838468929,94,722,72.0765119,9.781055379,7.581634675,8.070842777,459,16,500,25,475,525
30,1000,70,7.7,28,38,942,30,13,15,58,7.949760102,88,722,71.60678969,10.0071431,7.334374057,8.616428317,497,23,445,35,520,480
29,1000,70,7.7,28,42,957,23,11,9,43,7.863421632,102,717,72.08503329,10.03036621,7.35285422,8.319837955,457,15,500,28,472,528
31,1000,70,7.7,28,35,933,37,17,13,67,8.109694567,90,725,71.0736657,10.1531595,7.51803441,8.708497502,472,31,461,36,503,497
26,1000,70,7.7,28,48,952,28,8,12,48,7.940476335,80,743,72.15202934,10.34422907,7.495498019,8.35122555,461,19,491,29,480,520
27,1000,70,7.7,28,45,954,31,7,8,46,8.045519783,103,708,71.96871198,10.02798707,7.703211581,8.444138424,517,21,437,25,538,462
25,1000,70,7.7,28,58,960,27,8,5,40,8.10005246,111,741,72.78662,10.299755,7.745096198,8.456431393,484,17,476,23,501,499
24,1000,70,7.7,28,93,954,29,13,4,46,8.830622261,112,747,74.00719701,11.24030635,8.908129427,8.754039633,473,24,481,22,497,503
30,1000,70,7.7,28,39,942,30,13,15,58,7.95605197,108,730,71.64749813,10.01822791,7.307154,8.659024771,497,23,445,35,520,480
28,1000,70,7.7,28,42,959,15,14,12,41,7.840443674,106,722,72.12187173,9.837459478,7.599245418,8.058670667,459,16,500,25,475,525
29,1000,70,7.7,28,43,958,22,11,9,42,7.840830348,107,743,72.15490719,10.08022835,7.311822732,8.313731096,458,14,500,28,472,528
31,1000,70,7.7,28,36,935,35,17,13,65,8.131072788,111,718,71.12473273,10.15491225,7.558632278,8.710424049,474,29,461,36,503,497
26,1000,70,7.7,28,49,954,26,8,12,46,7.939833223,130,708,72.21639474,10.37976361,7.50550142,8.340754886,462,18,492,28,480,520
25,1000,70,7.7,28,59,960,27,7,6,40,8.117272,112,735,72.82783945,10.33195152,7.777899355,8.458004855,484,17,476,23,501,499
27,1000,70,7.7,28,46,956,29,8,7,44,8.034640123,114,700,72.02752597,10.0577742,7.698444807,8.426140295,518,20,438,24,538,462
30,1000,70,7.7,28,40,943,30,13,14,57,7.959385712,108,728,71.68176983,10.02933648,7.314556156,8.657951065,497,23,446,34,520,480
24,1000,70,7.7,28,94,958,26,12,4,42,8.808164177,133,750,74.04588795,11.26280314,8.900763185,8.716669731,475,22,483,20,497,503
28,1000,70,7.7,28,43,959,15,14,12,41,7.858854869,109,711,72.14315707,9.858438521,7.603608107,8.089792415,459,16,500,25,475,525
29,1000,70,7.7,28,44,959,21,10,10,41,7.865998978,115,713,72.16954781,10.10707551,7.326897569,8.347922964,458,14,501,27,472,528
26,1000,70,7.7,28,50,954,26,8,12,46,7.934932829,115,728,72.27060778,10.40910904,7.517322812,8.320418999,461,19,493,27,480,520
31,1000,70,7.7,28,37,938,34,17,11,62,8.131004799,88,718,71.16252765,10.18898959,7.547521149,8.721532518,475,28,463,34,503,497
25,1000,70,7.7,28,60,960,27,8,5,40,8.100814776,100,718,72.86811696,10.37247331,7.785162181,8.417732512,484,17,476,23,501,499
27,1000,70,7.7,28,47,955,29,9,7,45,8.071699426,100,745,72.10002214,10.08029916,7.721148953,8.479916212,518,20,437,25,538,462
30,1000,70,7.7,28,41,944,30,12,14,56,7.948339455,109,738,71.7221488,10.05691899,7.291166233,8.660277112,498,22,446,34,520,480
28,1000,70,7.7,28,44,959,15,14,12,41,7.880182741,112,724,72.15696941,9.888480666,7.626460472,8.109740984,459,16,500,25,475,525
24,1000,70,7.7,28,95,955,29,12,4,45,8.850117061,111,736,74.09782229,11.29388209,8.958643297,8.742885372,473,24,482,21,497,503
29,1000,70,7.7,28,45,958,22,9,11,42,7.892152495,101,717,72.21181847,10.14703084,7.382480259,8.347768585,457,15,501,27,472,528
26,1000,70,7.7,28,51,954,26,7,13,46,7.949563303,87,733,72.3151112,10.42958819,7.535136362,8.332111249,461,19,493,27,480,520
25,1000,70,7.7,28,61,960,28,7,5,40,8.118798221,106,744,72.93810858,10.40136953,7.807324246,8.431520588,484,17,476,23,501,499
31,1000,70,7.7,28,38,940,32,18,10,60,8.129350687,124,732,71.20807453,10.23313654,7.557418017,8.708187977,476,27,464,33,503,497
27,1000,70,7.7,28,48,955,28,10,7,45,8.0921787,120,708,72.17218337,10.1030486,7.735733442,8.507259975,518,20,437,25,538,462
30,1000,70,7.7,28,42,941,33,12,14,59,7.998898069,96,720,71.76679327,10.0775869,7.332071788,8.721293207,497,23,444,36,520,480
28,1000,70,7.7,28,45,959,16,14,11,41,7.910447466,108,740,72.19737531,9.936010138,7.689268141,8.110562093,457,18,502,23,475,525
29,1000,70,7.7,28,46,957,23,9,11,43,7.895197837,104,709,72.2893976,10.16802185,7.413301279,8.325984153,456,16,501,27,472,528
24,1000,70,7.7,28,96,955,29,12,4,45,8.866732917,131,754,74.13901329,11.33925787,8.978918987,8.755885051,473,24,482,21,497,503
26,1000,70,7.7,28,52,953,28,7,12,47,7.957771419,121,731,72.39648695,10.46478354,7.556449185,8.328222712,460,20,493,27,480,520
25,1000,70,7.7,28,62,960,28,7,5,40,8.134900474,119,731,73.00923306,10.4410509,7.817353709,8.45371997,484,17,476,23,501,499
27,1000,70,7.7,28,49,954,28,11,7,46,8.117516838,110,741,72.22793446,10.13278218,7.753625264,8.541269364,517,21,437,25,538,462
31,1000,70,7.7,28,39,941,31,18,10,59,8.13423555,112,715,71.23815826,10.26958998,7.554802554,8.720663713,477,26,464,33,503,497
30,1000,70,7.7,28,43,940,34,13,13,60,7.991915767,121,721,71.79066374,10.11495553,7.303067141,8.738168446,497,23,443,37,520,480
29,1000,70,7.7,28,47,958,22,9,11,42,7.876883321,89,750,72.31174696,10.19546051,7.418470602,8.286676509,456,16,502,26,472,528
28,1000,70,7.7,28,46,959,16,14,11,41,7.937787972,94,726,72.22477402,9.989570726,7.664108374,8.185402845,457,18,502,23,475,525
24,1000,70,7.7,28,97,955,28,13,4,45,8.90928018,115,757,74.17029113,11.38148417,9.021168714,8.798726301,473,24,482,21,497,503
26,1000,70,7.7,28,53,953,30,6,11,47,7.989070207,120,721,72.43039705,10.49864765,7.653582533,8.298751137,459,21,494,26,480,520
25,1000,70,7.7,28,63,960,28,7,5,40,8.173117417,105,749,73.06493665,10.46045475,7.829114054,8.518499551,484,17,476,23,501,499
27,1000,70,7.7,28,50,955,28,11,6,45,8.123492805,109,723,72.28776398,10.16355859,7.75587514,8.551584372,518,20,437,25,538,462
30,1000,70,7.7,28,44,941,34,12,13,59,7.995527369,111,711,71.85784539,10.14077818,7.280337769,8.770316103,498,22,443,37,520,480
31,1000,70,7.7,28,40,943,29,18,10,57,8.135684179,116,715,71.28746689,10.31013674,7.530846202,8.747824023,479,24,464,33,503,497
29,1000,70,7.7,28,48,959,22,9,10,41,7.9133448,89,743,72.36742,10.22031122,7.440453064,8.336081352,456,16,503,25,472,528
28,1000,70,7.7,28,47,961,16,13,10,39,7.961840193,106,745,72.27965253,10.00883286,7.709485369,8.190161224,457,18,504,21,475,525
25,1000,70,7.7,28,64,958,29,8,5,42,8.215473199,120,736,73.11719091,10.47574028,7.857829711,8.574550128,483,18,475,24,501,499
26,1000,70,7.7,28,54,953,30,6,11,47,8.016666531,119,754,72.48233488,10.5298979,7.688121545,8.319938826,459,21,494,26,480,520
27,1000,70,7.7,28,51,953,29,12,6,47,8.161366338,111,708,72.36375936,10.1867003,7.807219742,8.573770816,518,20,435,27,538,462
24,1000,70,7.7,28,98,953,30,13,4,47,8.954496749,115,766,74.19615484,11.39446808,9.065166268,8.845147343,472,25,481,22,497,503
30,1000,70,7.7,28,45,942,34,13,11,58,7.990447198,98,734,71.9132489,10.18942255,7.288319423,8.75108562,498,22,444,36,520,480
31,1000,70,7.7,28,41,943,29,17,11,57,8.182094088,121,716,71.35719656,10.35175372,7.594313758,8.776970359,479,24,464,33,503,497
29,1000,70,7.7,28,49,958,23,9,10,42,7.969852403,114,734,72.41441108,10.24091947,7.482696761,8.405340021,455,17,503,25,472,528
28,1000,70,7.7,28,48,962,16,13,9,38,7.987172848,90,733,72.32895657,10.04389639,7.7314573,8.218534534,458,17,504,21,475,525
25,1000,70,7.7,28,65,957,30,8,5,43,8.225063421,100,741,73.13363729,10.50198191,7.892744161,8.558714621,482,19,475,24,501,499
26,1000,70,7.7,28,55,953,31,5,11,47,8.026255345,102,722,72.52006434,10.55358957,7.68516206,8.341110685,459,21,494,26,480,520
27,1000,70,7.7,28,52,953,29,12,6,47,8.198570867,95,733,72.39402515,10.22603819,7.844757436,8.610587373,518,20,435,27,538,462
24,1000,70,7.7,28,99,953,30,13,4,47,8.976758382,104,774,74.23714185,11.43216613,9.110217582,8.84489114,472,25,481,22,497,503
30,1000,70,7.7,28,46,941,34,14,11,59,7.990029356,111,703,71.9499561,10.20715303,7.308174836,8.728705086,498,22,443,37,520,480
31,1000,70,7.7,28,42,943,29,17,11,57,8.228499148,109,725,71.40165737,10.39889828,7.612396763,8.852039388,479,24,464,33,503,497
29,1000,70,7.7,28,50,957,24,9,10,43,8.003192073,101,701,72.50997584,10.26427583,7.545816302,8.412058293,454,18,503,25,472,528
28,1000,70,7.7,28,49,962,15,14,9,38,8.040683235,96,705,72.39110895,10.06507765,7.822223961,8.238336864,458,17,504,21,475,525
25,1000,70,7.7,28,66,958,30,7,5,42,8.229240624,114,739,73.19396401,10.5091126,7.887657862,8.572192454,482,19,476,23,501,499
26,1000,70,7.7,28,56,954,31,5,10,46,8.010520801,102,727,72.60592043,10.59156912,7.694529926,8.302204685,459,21,495,25,480,520
27,1000,70,7.7,28,53,950,32,12,6,50,8.231295839,116,756,72.4428933,10.26706848,7.853669383,8.671042664,517,21,433,29,538,462
30,1000,70,7.7,28,47,941,33,15,11,59,7.97919186,89,712,72.00705964,10.24019912,7.292897531,8.722677385,498,22,443,37,520,480
24,1000,70,7.7,28,100,953,31,13,3,47,8.987155877,120,755,74.28294443,11.4528173,9.09045455,8.885089395,472,25,481,22,497,503
31,1000,70,7.7,28,43,942,30,17,11,58,8.262658887,106,730,71.43751702,10.42234381,7.629980915,8.902974823,479,24,463,34,503,497
29,1000,70,7.7,28,51,960,23,7,10,40,8.014769623,108,737,72.56107114,10.27101135,7.487132109,8.486445583,457,15,503,25,472,528
25,1000,70,7.7,28,67,955,32,7,6,45,8.278840382,108,735,73.21682772,10.53908469,7.93588458,8.623170756,481,20,474,25,501,499
28,1000,70,7.7,28,50,963,16,14,7,37,8.038586318,101,727,72.40423429,10.08983571,7.800648804,8.253863116,458,17,505,20,475,525
26,1000,70,7.7,28,57,954,31,4,11,46,8.03629186,92,727,72.62547475,10.59690493,7.734329541,8.315026309,458,22,496,24,480,520
27,1000,70,7.7,28,54,949,33,12,6,51,8.2322443,107,745,72.46659364,10.30069183,7.827819642,8.703197691,517,21,432,30,538,462
30,1000,70,7.7,28,48,944,30,15,11,56,7.990400205,98,732,72.03571514,10.24850243,7.293563388,8.745306757,499,21,445,35,520,480
29,1000,70,7.7,28,52,959,25,6,10,41,8.033138199,117,719,72.61161525,10.30101559,7.571714703,8.445622839,456,16,503,25,472,528
24,1000,70,7.7,28,101,955,29,13,3,45,8.951831068,119,744,74.30652532,11.48911087,9.033748526,8.870890756,473,24,482,21,497,503
31,1000,70,7.7,28,44,942,29,18,11,58,8.297573913,109,714,71.44945391,10.43965295,7.68283794,8.919731247,479,24,463,34,503,497
25,1000,70,7.7,28,68,955,32,7,6,45,8.272010196,114,739,73.25162725,10.56223809,7.90996496,8.635506515,481,20,474,25,501,499
26,1000,70,7.7,28,58,954,31,4,11,46,8.053138322,118,726,72.63927642,10.61010705,7.736189131,8.345706807,459,21,495,25,480,520
28,1000,70,7.7,28,51,964,15,14,7,36,8.041590588,113,712,72.44211807,10.12119159,7.818799657,8.243163334,458,17,506,19,475,525
27,1000,70,7.7,28,55,951,32,11,6,49,8.220625649,121,723,72.50252875,10.31082651,7.813330738,8.694921455,518,20,433,29,538,462
30,1000,70,7.7,28,49,944,30,15,11,56,8.051024101,96,715,72.10059808,10.28524239,7.333930844,8.82787513,499,21,445,35,520,480
29,1000,70,7.7,28,53,959,25,6,10,41,8.036313324,107,734,72.6662588,10.34154102,7.575410139,8.448332838,456,16,503,25,472,528
31,1000,70,7.7,28,45,941,29,19,11,59,8.30605539,105,740,71.49739053,10.46914816,7.692500057,8.92701783,478,25,463,34,503,497
24,1000,70,7.7,28,102,955,28,14,3,45,8.949785419,120,749,74.34481735,11.52042901,9.049236943,8.851520197,473,24,482,21,497,503
25,1000,70,7.7,28,69,955,32,7,6,45,8.303848081,96,731,73.2890599,10.60997314,7.961901898,8.64716479,481,20,474,25,501,499
26,1000,70,7.7,28,59,954,30,5,11,46,8.075714757,113,754,72.68487786,10.65527318,7.78122106,8.347555093,459,21,495,25,480,520
27,1000,70,7.7,28,56,949,35,10,6,51,8.245689628,95,742,72.55476375,10.34770591,7.842226068,8.715523817,517,21,432,30,538,462
28,1000,70,7.7,28,52,963,16,14,7,37,8.08584653,121,736,72.49452228,10.16368247,7.890968721,8.262164548,457,18,506,19,475,525
30,1000,70,7.7,28,50,945,31,14,10,55,8.058035081,112,731,72.18295896,10.29549369,7.359668625,8.814598743,499,21,446,34,520,480
29,1000,70,7.7,28,54,959,25,6,10,41,8.047878234,120,736,72.68624703,10.36131989,7.589131373,8.457970125,456,16,503,25,472,528
31,1000,70,7.7,28,46,942,29,18,11,58,8.303648715,113,715,71.51140303,10.47535252,7.705350811,8.909169532,478,25,464,33,503,497
25,1000,70,7.7,28,70,955,32,7,6,45,8.302542427,108,725,73.31287763,10.63244901,7.968502943,8.637920746,481,20,474,25,501,499
24,1000,70,7.7,28,103,955,29,13,3,45,8.921317664,122,763,74.3979201,11.54386252,9.025177706,8.818696511,474,23,481,22,497,503
26,1000,70,7.7,28,60,954,30,5,11,46,8.102546097,107,736,72.7117514,10.66791806,7.811348541,8.371343841,459,21,495,25,480,520
27,1000,70,7.7,28,57,949,34,10,7,51,8.314318228,110,721,72.61932943,10.38238722,7.868170648,8.83385805,517,21,432,30,538,462
28,1000,70,7.7,28,53,964,16,13,7,36,8.119122257,119,727,72.55340469,10.19890978,7.915844288,8.303040419,458,17,506,19,475,525
30,1000,70,7.7,28,51,946,30,15,9,54,8.044212181,105,736,72.24353023,10.32575361,7.342195875,8.804729845,499,21,447,33,520,480
29,1000,70,7.7,28,55,959,25,6,10,41,8.036958005,96,741,72.72675888,10.35245384,7.604186446,8.42382955,457,15,502,26,472,528
25,1000,70,7.7,28,71,955,32,7,6,45,8.307789668,104,710,73.38503669,10.65075971,7.994735907,8.622098154,481,20,474,25,501,499
31,1000,70,7.7,28,47,942,28,19,11,58,8.343629722,106,708,71.54930994,10.49792499,7.729864576,8.964804508,477,26,465,32,503,497
26,1000,70,7.7,28,61,955,29,6,10,45,8.151904813,124,733,72.78135394,10.70019132,7.799399619,8.477294223,460,20,495,25,480,520
27,1000,70,7.7,28,58,949,34,10,7,51,8.322404794,102,739,72.65838256,10.41130899,7.89158853,8.824091266,517,21,432,30,538,462
24,1000,70,7.7,28,104,954,29,13,4,46,8.945652325,130,764,74.47661302,11.55277421,9.056955131,8.835677186,473,24,481,22,497,503
32,1000,70,7.7,28,0,941,26,16,17,59,7.209,106,708,69.85138631,8.825271994,6.325726141,8.030888031,464,18,477,41,482,518
30,1000,70,7.7,28,52,945,30,16,9,55,8.080422408,114,726,72.3254478,10.33750426,7.373765706,8.845967168,498,22,447,33,520,480
28,1000,70,7.7,28,54,964,16,13,7,36,8.143087392,106,724,72.59360658,10.21072549,7.933687417,8.332544512,458,17,506,19,475,525
29,1000,70,7.7,28,56,958,26,6,10,42,8.045203992,103,717,72.79840763,10.40526655,7.615090164,8.429699687,456,16,502,26,472,528
25,1000,70,7.7,28,72,954,33,7,6,46,8.331703149,118,742,73.437681,10.68491767,8.004871576,8.659844669,481,20,473,26,501,499
31,1000,70,7.7,28,48,941,28,21,10,59,8.348045047,119,737,71.5951056,10.5221385,7.768970395,8.934110539,477,26,464,33,503,497
26,1000,70,7.7,28,62,955,28,7,10,45,8.151594756,117,747,72.87272258,10.7085127,7.785421062,8.489601242,460,20,495,25,480,520
27,1000,70,7.7,28,59,949,34,10,7,51,8.348179791,99,739,72.73767301,10.43927095,7.909862966,8.858600682,517,21,432,30,538,462
30,1000,70,7.7,28,53,945,30,16,9,55,8.103722629,125,725,72.40545024,10.36281462,7.402440075,8.863445395,498,22,447,33,520,480
28,1000,70,7.7,28,55,963,16,13,8,37,8.149495163,100,729,72.64410297,10.23128737,7.88343367,8.390217466,458,17,505,20,475,525
32,1000,70,7.7,28,1,942,26,16,16,58,7.216475862,99,720,69.87817322,8.845349261,6.362738497,8.010880129,464,18,478,40,482,518
29,1000,70,7.7,28,57,959,25,6,10,41,8.064858907,116,761,72.84762865,10.41833961,7.638844689,8.445689799,457,15,502,26,472,528
25,1000,70,7.7,28,73,953,34,7,6,47,8.35918926,114,759,73.47930078,10.69328771,8.070837759,8.648696479,480,21,473,26,501,499
26,1000,70,7.7,28,63,954,29,6,11,46,8.192225542,109,737,72.92134112,10.72070129,7.794470371,8.559384161,460,20,494,26,480,520
27,1000,70,7.7,28,60,949,34,10,7,51,8.362615042,127,739,72.79260834,10.47503909,7.896483125,8.905426669,517,21,432,30,538,462
31,1000,70,7.7,28,49,941,28,20,11,59,8.348211108,115,723,71.65605381,10.56387814,7.745552635,8.958145136,477,26,464,33,503,497
30,1000,70,7.7,28,54,947,29,15,9,53,8.080293534,103,732,72.44585634,10.40272472,7.424575408,8.790654837,498,22,449,31,520,480
28,1000,70,7.7,28,56,964,16,11,9,36,8.184936395,110,715,72.69116998,10.24249339,7.934311559,8.411692199,458,17,506,19,475,525
29,1000,70,7.7,28,58,960,24,6,10,40,8.066174451,113,742,72.86254909,10.44748235,7.638679961,8.448328616,458,14,502,26,472,528
25,1000,70,7.7,28,74,952,35,7,6,48,8.364194726,115,735,73.50847249,10.73738063,8.065763317,8.663822253,480,21,472,27,501,499
32,1000,70,7.7,28,2,943,26,15,16,57,7.231109098,107,729,69.88893746,8.882744179,6.373260718,8.029338672,464,18,479,39,482,518
26,1000,70,7.7,28,64,954,29,6,11,46,8.251424153,117,742,72.96459806,10.76121739,7.83744493,8.633558821,460,20,494,26,480,520
27,1000,70,7.7,28,61,950,33,10,7,50,8.360703617,116,737,72.83181847,10.47285705,7.88777211,8.911433381,517,21,433,29,538,462
30,1000,70,7.7,28,55,948,29,14,9,52,8.070786148,109,717,72.4939441,10.44395007,7.470222196,8.721397097,498,22,450,30,520,480
31,1000,70,7.7,28,50,939,30,19,12,61,8.350845596,129,755,71.69474468,10.57738218,7.745747115,8.963249088,477,26,462,35,503,497
28,1000,70,7.7,28,57,964,15,12,9,36,8.206930583,97,753,72.76084307,10.25721079,7.93080914,8.456754745,458,17,506,19,475,525
29,1000,70,7.7,28,59,959,25,6,10,41,8.126029881,105,717,72.92258192,10.4687591,7.689139499,8.516583404,458,14,501,27,472,528
25,1000,70,7.7,28,75,951,36,7,6,49,8.403304397,118,735,73.55099893,10.77477192,8.124400031,8.683326616,479,22,472,27,501,499
26,1000,70,7.7,28,65,954,28,6,12,46,8.263652184,106,725,73.03853506,10.79285384,7.868428563,8.628473987,460,20,494,26,480,520
32,1000,70,7.7,28,3,944,27,15,14,56,7.251171093,102,683,69.90389762,8.901991576,6.403620002,8.03981902,464,18,480,38,482,518
27,1000,70,7.7,28,62,949,34,10,7,51,8.365448079,89,728,72.86440195,10.50779199,7.927586282,8.875339089,515,23,434,28,538,462
30,1000,70,7.7,28,56,948,29,14,9,52,8.091144939,106,735,72.56407472,10.47186946,7.485425327,8.747341186,498,22,450,30,520,480
31,1000,70,7.7,28,51,939,29,19,13,61,8.368895415,103,744,71.75511613,10.58119065,7.764955082,8.980126779,477,26,462,35,503,497
29,1000,70,7.7,28,60,960,25,5,10,40,8.122399711,124,733,72.98455529,10.47815833,7.738796304,8.465317909,458,14,502,26,472,528
28,1000,70,7.7,28,58,961,18,12,9,39,8.212576154,106,731,72.8282157,10.28051358,7.959871002,8.441214148,458,17,503,22,475,525
25,1000,70,7.7,28,76,951,36,7,6,49,8.427186975,101,745,73.59300693,10.80847451,8.158419439,8.697031735,479,22,472,27,501,499
26,1000,70,7.7,28,66,952,28,8,12,48,8.309113125,90,730,73.08174869,10.79140621,7.920735765,8.667615303,459,21,493,27,480,520
27,1000,70,7.7,28,63,949,34,10,7,51,8.408088926,122,733,72.89360481,10.54700958,7.968753586,8.91969588,515,23,434,28,538,462
30,1000,70,7.7,28,57,947,30,14,9,53,8.107527088,89,737,72.63293769,10.48792595,7.497139684,8.768780108,498,22,449,31,520,480
32,1000,70,7.7,28,4,944,27,15,14,56,7.292308958,102,715,69.9493567,8.923501389,6.41615597,8.107571005,465,17,479,39,482,518
31,1000,70,7.7,28,52,937,30,20,13,63,8.407726902,113,722,71.78901361,10.63544302,7.769513556,9.053645036,477,26,460,37,503,497
29,1000,70,7.7,28,61,961,26,3,10,39,8.1254908,96,768,73.04659208,10.49647744,7.773513916,8.440136803,459,13,502,26,472,528
28,1000,70,7.7,28,59,960,19,12,9,40,8.210356704,106,753,72.89093458,10.30825631,8.001092322,8.399691145,457,18,503,22,475,525
25,1000,70,7.7,28,77,950,37,7,6,50,8.472899825,121,747,73.62338068,10.83735119,8.147530784,8.799572951,479,22,471,28,501,499
26,1000,70,7.7,28,67,951,28,9,12,49,8.364300502,105,736,73.13288725,10.81211305,7.995299979,8.70491637,458,22,493,27,480,520
27,1000,70,7.7,28,64,948,34,11,7,52,8.437868189,113,724,72.9522196,10.59650121,8.013622667,8.931903018,514,24,434,28,538,462
30,1000,70,7.7,28,58,946,31,14,9,54,8.129634516,104,719,72.65850984,10.51523745,7.488340332,8.824369884,498,22,448,32,520,480
29,1000,70,7.7,28,62,961,26,3,10,39,8.121101782,100,740,73.04720294,10.54664023,7.775128467,8.430380958,459,13,502,26,472,528
31,1000,70,7.7,28,53,937,31,20,12,63,8.399253337,123,732,71.83218051,10.66454939,7.791957624,9.013880588,477,26,460,37,503,497
32,1000,70,7.7,28,5,945,26,14,15,55,7.296878249,108,709,69.99467207,8.938720763,6.420006098,8.112809478,466,16,479,39,482,518
28,1000,70,7.7,28,60,959,20,12,9,41,8.217285756,92,733,72.92944082,10.33837508,8.018329696,8.397293619,456,19,503,22,475,525
25,1000,70,7.7,28,78,951,36,7,6,49,8.48179321,111,762,73.66650218,10.86813532,8.181378348,8.783412139,479,22,472,27,501,499
26,1000,70,7.7,28,68,951,28,9,12,49,8.380952931,115,744,73.17058829,10.84149741,8.032321567,8.702766499,457,23,494,26,480,520
27,1000,70,7.7,28,65,949,34,10,7,51,8.467499845,122,747,72.99412542,10.61486476,8.053812387,8.949239785,514,24,435,27,538,462
30,1000,70,7.7,28,59,946,31,14,9,54,8.164569467,110,710,72.69408697,10.53592602,7.538249728,8.843082517,498,22,448,32,520,480
29,1000,70,7.7,28,63,961,26,3,10,39,8.102353385,117,741,73.09240405,10.58833591,7.794914969,8.377184696,459,13,502,26,472,528
31,1000,70,7.7,28,54,937,33,19,11,63,8.424335139,110,732,71.8498623,10.69564598,7.826711799,9.029173248,477,26,460,37,503,497
25,1000,70,7.7,28,79,952,36,6,6,48,8.462418681,110,756,73.71402356,10.88572812,8.165232387,8.760796103,479,22,473,26,501,499
28,1000,70,7.7,28,61,958,21,12,9,42,8.239482557,114,735,72.96910336,10.38900944,8.050163916,8.410770851,456,19,502,23,475,525
32,1000,70,7.7,28,6,946,25,15,14,54,7.305817099,91,720,70.0432657,8.966702516,6.4199568,8.130111818,467,15,479,39,482,518
26,1000,70,7.7,28,69,952,28,8,12,48,8.390266688,116,726,73.23547919,10.86212991,8.041879084,8.711855246,458,22,494,26,480,520
27,1000,70,7.7,28,66,948,35,10,7,52,8.497734138,110,731,73.02106482,10.65444548,8.083430537,8.980191579,514,24,434,28,538,462
30,1000,70,7.7,28,60,946,31,14,9,54,8.170972196,93,724,72.77240633,10.55722787,7.538899633,8.855717473,498,22,448,32,520,480
29,1000,70,7.7,28,64,961,26,3,10,39,8.110469882,107,738,73.1473254,10.6379231,7.790242409,8.396733835,459,13,502,26,472,528
25,1000,70,7.7,28,80,954,33,6,7,46,8.455000325,103,741,73.74434312,10.92947485,8.089326787,8.822139489,481,20,473,26,501,499
31,1000,70,7.7,28,55,936,34,19,11,64,8.443690827,124,732,71.87351661,10.7099975,7.826001755,9.06883691,476,27,460,37,503,497
28,1000,70,7.7,28,62,958,21,12,9,42,8.242464624,112,722,72.99240401,10.41220122,8.0477197,8.418662414,457,18,501,24,475,525
32,1000,70,7.7,28,7,950,22,15,13,50,7.299696549,109,714,70.0615831,8.987536639,6.422379944,8.116041344,469,13,481,37,482,518
26,1000,70,7.7,28,70,951,29,8,12,49,8.419122436,113,740,73.26194681,10.86378341,8.076942366,8.734980962,457,23,494,26,480,520
27,1000,70,7.7,28,67,947,36,10,7,53,8.538505046,118,725,73.08300318,10.69614399,8.148506427,8.992659281,513,25,434,28,538,462
30,1000,70,7.7,28,61,946,30,16,8,54,8.198438381,98,719,72.82287059,10.57808831,7.545893376,8.905362136,498,22,448,32,520,480
29,1000,70,7.7,28,65,960,27,3,10,40,8.149567506,110,740,73.20735386,10.67084871,7.838858775,8.42732228,458,14,502,26,472,528
25,1000,70,7.7,28,81,953,34,6,7,47,8.477329735,114,770,73.78314971,10.9578724,8.101528772,8.854636915,481,20,472,27,501,499
31,1000,70,7.7,28,56,935,35,19,11,65,8.434367614,113,731,71.89568107,10.72296581,7.824546094,9.051551164,475,28,460,37,503,497
28,1000,70,7.7,28,63,958,21,11,10,42,8.272268766,115,727,73.04340727,10.45746696,8.075328714,8.450452622,456,19,502,23,475,525
26,1000,70,7.7,28,71,950,30,8,12,50,8.441510606,113,729,73.29924671,10.89471481,8.106165058,8.751060343,456,24,494,26,480,520
27,1000,70,7.7,28,68,947,36,10,7,53,8.547111438,108,733,73.121369,10.69341773,8.157260547,9.001093644,513,25,434,28,538,462
32,1000,70,7.7,28,8,949,22,16,13,51,7.342416421,100,703,70.12155551,9.028307122,6.453193042,8.169840492,469,13,480,38,482,518
30,1000,70,7.7,28,62,945,31,15,9,55,8.238060505,108,731,72.91072018,10.61292729,7.601205648,8.927986601,498,22,447,33,520,480
29,1000,70,7.7,28,66,960,27,3,10,40,8.173444513,103,752,73.23125292,10.69621972,7.867836044,8.446639963,458,14,502,26,472,528
25,1000,70,7.7,28,82,953,34,6,7,47,8.488082196,108,750,73.8237791,10.99243844,8.089153732,8.888609571,481,20,472,27,501,499
31,1000,70,7.7,28,57,935,34,20,11,65,8.429615632,107,739,71.94382617,10.74024758,7.802283308,9.064521384,475,28,460,37,503,497
28,1000,70,7.7,28,64,955,24,11,10,45,8.338749843,118,743,73.10728957,10.50727039,8.139583982,8.518947527,456,19,499,26,475,525
26,1000,70,7.7,28,72,950,30,8,12,50,8.450531308,113,750,73.33258744,10.9219319,8.105215276,8.769284568,456,24,494,26,480,520
27,1000,70,7.7,28,69,946,37,11,6,54,8.541673491,110,744,73.15796019,10.72885089,8.154706372,8.992297538,512,26,434,28,538,462
30,1000,70,7.7,28,63,945,31,15,9,55,8.255543735,102,736,72.94351023,10.65434605,7.626504512,8.937002894,498,22,447,33,520,480
29,1000,70,7.7,28,67,957,29,4,10,43,8.194056837,119,729,73.288274,10.72324588,7.891383525,8.464628434,457,15,500,28,472,528
32,1000,70,7.7,28,9,950,22,14,14,50,7.363037227,105,712,70.16721381,9.048855352,6.43044461,8.230816458,470,12,480,38,482,518
25,1000,70,7.7,28,83,953,34,6,7,47,8.52643066,114,735,73.85324258,11.03916547,8.129264731,8.925188437,481,20,472,27,501,499
31,1000,70,7.7,28,58,939,31,19,11,61,8.368463953,119,732,71.99574185,10.77430127,7.705620587,9.039309453,477,26,462,35,503,497
28,1000,70,7.7,28,65,954,25,10,11,46,8.353152097,134,751,73.14820138,10.54250814,8.210857647,8.481894695,455,20,499,26,475,525
26,1000,70,7.7,28,73,950,30,8,12,50,8.475346125,100,717,73.36236316,10.94952776,8.145290401,8.780012947,456,24,494,26,480,520
27,1000,70,7.7,28,70,946,37,11,6,54,8.550523405,96,745,73.20796688,10.74257487,8.166788547,8.997383478,512,26,434,28,538,462
30,1000,70,7.7,28,64,947,29,15,9,53,8.269992954,96,718,72.99533763,10.67793141,7.648150539,8.94365557,498,22,449,31,520,480
29,1000,70,7.7,28,68,957,29,4,10,43,8.182392242,106,718,73.32611624,10.73929632,7.874957645,8.457220139,457,15,500,28,472,528
25,1000,70,7.7,28,84,952,35,6,7,48,8.54172209,124,732,73.88255308,11.07558063,8.149248462,8.935768758,481,20,471,28,501,499
32,1000,70,7.7,28,10,950,22,14,14,50,7.386627278,96,691,70.18777285,9.069749775,6.433565201,8.273453381,470,12,480,38,482,518
26,1000,70,7.7,28,74,952,28,8,12,48,8.500195553,108,743,73.39195617,11.00548742,8.183936247,8.79212722,456,24,496,24,480,520
28,1000,70,7.7,28,66,954,25,10,11,46,8.377637858,100,750,73.21651686,10.5518892,8.231852044,8.509539308,455,20,499,26,475,525
31,1000,70,7.7,28,59,938,32,19,11,62,8.392638044,113,741,72.0378859,10.8194757,7.741077377,9.052064635,476,27,462,35,503,497
27,1000,70,7.7,28,71,947,36,11,6,53,8.545016333,93,729,73.26041208,10.77942862,8.158213044,8.9954496,513,25,434,28,538,462
30,1000,70,7.7,28,65,946,30,15,9,54,8.302767755,121,744,73.05077081,10.71037308,7.696602752,8.959446508,498,22,448,32,520,480
29,1000,70,7.7,28,69,959,28,4,9,41,8.199935678,116,735,73.39990454,10.78299799,7.91828135,8.451717577,457,15,502,26,472,528
25,1000,70,7.7,28,85,951,36,6,7,49,8.552728577,113,727,73.95529449,11.09016993,8.152027886,8.955035281,481,20,470,29,501,499
32,1000,70,7.7,28,11,950,22,13,15,50,7.409618915,90,710,70.21852431,9.091149911,6.453331803,8.299445918,470,12,480,38,482,518
26,1000,70,7.7,28,75,950,29,9,12,50,8.53082429,120,759,73.42781711,11.02118187,8.208284372,8.828553446,455,25,495,25,480,520
28,1000,70,7.7,28,67,955,26,9,10,45,8.363557949,110,698,73.23867784,10.57146083,8.208822266,8.503556899,456,19,499,26,475,525
27,1000,70,7.7,28,72,947,36,11,6,53,8.564435622,126,753,73.30228834,10.80228825,8.143321523,9.054823902,513,25,434,28,538,462
31,1000,70,7.7,28,60,938,32,19,11,62,8.407252052,117,708,72.08986016,10.8264984,7.771769086,9.050406844,476,27,462,35,503,497
30,1000,70,7.7,28,66,946,31,13,10,54,8.327824803,100,738,73.08335293,10.72038055,7.735739981,8.969250027,497,23,449,31,520,480
29,1000,70,7.7,28,70,958,29,4,9,42,8.20343503,141,711,73.41911731,10.80127818,7.925450996,8.451935908,457,15,501,27,472,528
25,1000,70,7.7,28,86,949,38,6,7,51,8.568552478,112,731,73.98368395,11.11703925,8.176387133,8.962289627,479,22,470,29,501,499
26,1000,70,7.7,28,76,950,29,9,12,50,8.54727239,122,740,73.47021347,11.04524344,8.185554681,8.88116566,456,24,494,26,480,520
28,1000,70,7.7,28,68,955,26,9,10,45,8.354048077,97,759,73.27879553,10.60860666,8.170122491,8.520456941,456,19,499,26,475,525
32,1000,70,7.7,28,12,950,22,12,16,50,7.446100309,86,686,70.2458925,9.094326548,6.539134981,8.290033297,470,12,480,38,482,518
27,1000,70,7.7,28,73,948,35,11,6,52,8.572645729,119,728,73.33749902,10.82266094,8.150441018,9.064304029,513,25,435,27,538,462
29,1000,70,7.7,28,71,958,29,4,9,42,8.220260646,117,761,73.45677067,10.84255262,7.958770958,8.454016579,457,15,501,27,472,528
30,1000,70,7.7,28,67,946,32,12,10,54,8.336914804,112,762,73.14089261,10.7798602,7.739418062,8.98420294,497,23,449,31,520,480
31,1000,70,7.7,28,61,938,30,21,11,62,8.457316402,112,759,72.12724743,10.84073233,7.825387278,9.09687445,476,27,462,35,503,497
25,1000,70,7.7,28,87,948,39,5,8,52,8.608484404,118,742,74.04097208,11.15108692,8.234207343,8.984261574,478,23,470,29,501,499
26,1000,70,7.7,28,77,950,29,8,13,50,8.578494534,106,737,73.52603481,11.07760851,8.215294697,8.913755922,456,24,494,26,480,520
27,1000,70,7.7,28,74,949,33,12,6,51,8.623126121,105,749,73.39665312,10.86269092,8.200655848,9.115093667,513,25,436,26,538,462
29,1000,70,7.7,28,72,957,30,4,9,43,8.274429136,129,727,73.49573276,10.85929994,8.023265637,8.498954083,457,15,500,28,472,528
28,1000,70,7.7,28,69,955,26,9,10,45,8.369629611,101,752,73.35037072,10.65797293,8.205570769,8.518063802,456,19,499,26,475,525
30,1000,70,7.7,28,68,946,33,11,10,54,8.377484274,105,745,73.17987511,10.81969835,7.795780658,9.007663191,497,23,449,31,520,480
25,1000,70,7.7,28,88,947,40,5,8,53,8.65330109,110,721,74.0704173,11.18621003,8.258146413,9.050039553,478,23,469,30,501,499
31,1000,70,7.7,28,62,940,29,21,10,60,8.4061553,121,740,72.1467534,10.86823887,7.781927902,9.037918643,476,27,464,33,503,497
32,1000,70,7.7,28,13,950,22,13,15,50,7.468305921,109,714,70.28493928,9.118255242,6.583485144,8.291633362,470,12,480,38,482,518
26,1000,70,7.7,28,78,950,29,8,13,50,8.588815982,119,767,73.57711923,11.10646776,8.182944397,8.963466675,456,24,494,26,480,520
27,1000,70,7.7,28,75,949,33,12,6,51,8.630063411,122,745,73.43711112,10.89777795,8.220606587,9.106876769,512,26,437,25,538,462
29,1000,70,7.7,28,73,957,30,5,8,43,8.290844117,108,713,73.54665451,10.88250369,8.039577773,8.515461001,457,15,500,28,472,528
30,1000,70,7.7,28,69,947,30,11,12,53,8.383245215,107,754,73.27301626,10.8319019,7.804302977,9.01043264,497,23,450,30,520,480
25,1000,70,7.7,28,89,948,40,4,8,52,8.64496398,115,741,74.13087686,11.21036445,8.246564524,9.044960227,479,22,469,30,501,499
28,1000,70,7.7,28,70,956,25,9,10,44,8.372188023,121,717,73.40617949,10.67590409,8.203956335,8.524397645,456,19,500,25,475,525
31,1000,70,7.7,28,63,939,30,21,10,61,8.38724886,116,734,72.19537292,10.91548534,7.744414099,9.037844201,476,27,463,34,503,497
32,1000,70,7.7,28,14,949,24,13,14,51,7.454904168,88,724,70.31297202,9.147797984,6.588411435,8.261177329,469,13,480,38,482,518
26,1000,70,7.7,28,79,950,29,8,13,50,8.587366231,119,762,73.62113664,11.15001114,8.169415469,8.973166935,456,24,494,26,480,520
27,1000,70,7.7,28,76,948,33,13,6,52,8.6974701,118,761,73.48059321,10.89964989,8.279331699,9.184393172,511,27,437,25,538,462
29,1000,70,7.7,28,74,957,30,5,8,43,8.323642375,135,711,73.58636773,10.90374775,8.046576092,8.571322839,457,15,500,28,472,528
30,1000,70,7.7,28,70,951,28,10,11,49,8.36625506,123,743,73.32736227,10.86103712,7.787750991,8.992967801,498,22,453,27,520,480
25,1000,70,7.7,28,90,950,38,4,8,50,8.660482497,110,748,74.18906724,11.2383994,8.311315647,9.011048814,479,22,471,28,501,499
28,1000,70,7.7,28,71,956,25,9,10,44,8.389848023,104,768,73.47342167,10.70483581,8.225130036,8.538878583,456,19,500,25,475,525
31,1000,70,7.7,28,64,939,30,20,11,61,8.403851357,114,741,72.2702884,10.94768058,7.750321272,9.065271142,476,27,463,34,503,497
32,1000,70,7.7,28,15,949,24,13,14,51,7.478154927,88,726,70.39415834,9.158983504,6.617265122,8.279214553,469,13,480,38,482,518
26,1000,70,7.7,28,80,947,31,9,13,53,8.617878521,113,736,73.68187458,11.17170874,8.209617732,8.994734634,454,26,493,27,480,520
29,1000,70,7.7,28,75,956,30,6,8,44,8.351819162,112,730,73.62794226,10.93807939,8.088129924,8.58754136,456,16,500,28,472,528
27,1000,70,7.7,28,77,946,34,14,6,54,8.71119939,122,723,73.49651329,10.93590436,8.320839054,9.165774846,509,29,437,25,538,462
30,1000,70,7.7,28,71,950,28,11,11,50,8.391467883,107,746,73.3531602,10.8749363,7.821495715,9.008937733,497,23,453,27,520,480
25,1000,70,7.7,28,91,949,39,4,8,51,8.711673742,109,759,74.24027104,11.2683401,8.374637491,9.05006084,478,23,471,28,501,499
28,1000,70,7.7,28,72,956,26,9,9,44,8.38957987,106,763,73.55263505,10.74017227,8.238041305,8.52668619,456,19,500,25,475,525
31,1000,70,7.7,28,65,939,29,21,11,61,8.450008089,114,734,72.28400998,10.97134471,7.775577634,9.132580562,477,26,462,35,503,497
26,1000,70,7.7,28,81,948,30,9,13,52,8.649834317,105,741,73.71575003,11.185933,8.266920586,9.003293147,454,26,494,26,480,520
32,1000,70,7.7,28,16,949,24,13,14,51,7.474412098,99,706,70.44243037,9.189822921,6.650260896,8.241286383,468,14,481,37,482,518
29,1000,70,7.7,28,76,957,28,7,8,43,8.372679823,103,741,73.72208201,10.97777026,8.11728069,8.600991168,456,16,501,27,472,528
27,1000,70,7.7,28,78,946,34,14,6,54,8.721869571,122,750,73.58833945,10.97892778,8.297778142,9.215724958,509,29,437,25,538,462
25,1000,70,7.7,28,92,947,41,4,8,53,8.745225478,101,745,74.28200367,11.30302819,8.407369639,9.084435449,477,24,470,29,501,499
30,1000,70,7.7,28,72,949,29,11,11,51,8.402677815,120,739,73.40757035,10.89984541,7.866184653,8.983878742,497,23,452,28,520,480
28,1000,70,7.7,28,73,957,25,9,9,43,8.38891539,118,745,73.62991696,10.79004906,8.204781381,8.555512826,457,18,500,25,475,525
31,1000,70,7.7,28,66,939,29,21,11,61,8.461067356,121,708,72.32741609,11.00022569,7.78431528,9.145989476,477,26,462,35,503,497
26,1000,70,7.7,28,82,948,30,9,13,52,8.681667643,119,747,73.77877482,11.19522735,8.333897153,9.002686557,454,26,494,26,480,520
29,1000,70,7.7,28,77,956,29,7,8,44,8.422979541,134,733,73.78926394,11.02306352,8.194580644,8.627154313,456,16,500,28,472,528
27,1000,70,7.7,28,79,944,36,14,6,56,8.730845558,123,758,73.64101539,10.99296547,8.292668383,9.241103826,509,29,435,27,538,462
25,1000,70,7.7,28,93,947,42,3,8,53,8.769225729,119,755,74.32415195,11.34731775,8.402674841,9.137245759,478,23,469,30,501,499
30,1000,70,7.7,28,73,949,29,10,12,51,8.428764545,99,732,73.4561699,10.92638057,7.923283342,8.976369182,497,23,452,28,520,480
32,1000,70,7.7,28,17,950,23,13,14,50,7.500789942,95,723,70.4852206,9.20115822,6.679421519,8.265074845,469,13,481,37,482,518
28,1000,70,7.7,28,74,956,26,9,9,44,8.412466305,117,755,73.68116675,10.79408504,8.229683202,8.577841493,457,18,499,26,475,525
31,1000,70,7.7,28,67,941,28,20,11,59,8.464225416,123,734,72.37359612,11.00002289,7.807090837,9.129293209,477,26,464,33,503,497
26,1000,70,7.7,28,83,951,28,8,13,49,8.652605793,122,758,73.80995028,11.22941368,8.302812771,8.975491659,456,24,495,25,480,520
29,1000,70,7.7,28,78,957,29,6,8,43,8.446489664,115,741,73.8324187,11.05847816,8.229167864,8.640762182,456,16,501,27,472,528
25,1000,70,7.7,28,94,947,41,4,8,53,8.809142714,122,716,74.38900688,11.38926477,8.440080169,9.179684467,478,23,469,30,501,499
27,1000,70,7.7,28,80,944,36,14,6,56,8.742085827,101,759,73.678363,11.03133811,8.289318927,9.269333863,509,29,435,27,538,462
30,1000,70,7.7,28,74,949,29,10,12,51,8.435170352,101,733,73.50068095,10.95516253,7.928244061,8.984340502,497,23,452,28,520,480
32,1000,70,7.7,28,18,950,24,13,13,50,7.496504602,101,711,70.52240364,9.21586035,6.664083807,8.271073759,469,13,481,37,482,518
28,1000,70,7.7,28,75,955,27,10,8,45,8.423949229,117,735,73.71221487,10.80260807,8.268687185,8.564424412,457,18,498,27,475,525
31,1000,70,7.7,28,68,941,30,18,11,59,8.4896705,105,718,72.40376545,11.01186819,7.853242183,9.133782057,476,27,465,32,503,497
26,1000,70,7.7,28,84,950,29,8,13,50,8.67172411,118,748,73.86106592,11.24988381,8.318836958,8.997466096,456,24,494,26,480,520
29,1000,70,7.7,28,79,957,28,7,8,43,8.498314152,121,757,73.86511081,11.0709889,8.265078751,8.706812465,456,16,501,27,472,528
25,1000,70,7.7,28,95,946,42,4,8,54,8.829644326,118,720,74.40115685,11.43978298,8.440999601,9.219846746,478,23,468,31,501,499
27,1000,70,7.7,28,81,945,34,15,6,55,8.757044277,112,736,73.73281117,11.05309271,8.328014925,9.256649886,508,30,437,25,538,462
30,1000,70,7.7,28,75,949,28,10,13,51,8.458724478,99,707,73.54951158,10.97218422,7.960464069,8.998506588,497,23,452,28,520,480
28,1000,70,7.7,28,76,955,27,10,8,45,8.433302205,110,738,73.78387668,10.8284925,8.25444625,8.595124259,457,18,498,27,475,525
32,1000,70,7.7,28,19,948,25,14,13,52,7.525064221,79,712,70.58905307,9.257665652,6.727327222,8.267360039,467,15,481,37,482,518
31,1000,70,7.7,28,69,940,29,20,11,60,8.513801315,119,724,72.45808976,11.03381414,7.893333237,9.141759953,476,27,464,33,503,497
26,1000,70,7.7,28,85,950,30,8,12,50,8.696522133,98,774,73.93395314,11.30770525,8.311470474,9.051954434,456,24,494,26,480,520
25,1000,70,7.7,28,96,945,42,5,8,55,8.826856466,121,780,74.44828527,11.48151974,8.429144932,9.226162035,477,24,468,31,501,499
29,1000,70,7.7,28,80,957,29,7,7,43,8.525941167,123,747,73.92311463,11.11622936,8.284993896,8.741333424,456,16,501,27,472,528
27,1000,70,7.7,28,82,946,33,15,6,54,8.768473907,100,739,73.77732555,11.08446081,8.356835264,9.247827998,508,30,438,24,538,462
30,1000,70,7.7,28,76,949,27,11,13,51,8.493884682,111,740,73.60420264,10.98771716,7.98986331,9.039907836,497,23,452,28,520,480
28,1000,70,7.7,28,77,954,27,10,9,46,8.467946617,117,749,73.89358827,10.86790656,8.33767598,8.585810527,454,21,500,25,475,525
32,1000,70,7.7,28,20,948,26,13,13,52,7.566977531,78,723,70.63501289,9.293954377,6.756877104,8.320777543,468,14,480,38,482,518
25,1000,70,7.7,28,97,945,42,5,8,55,8.86726884,115,757,74.51655883,11.49283397,8.491270888,9.244773798,477,24,468,31,501,499
29,1000,70,7.7,28,81,957,29,7,7,43,8.554367262,130,758,73.9597909,11.13678202,8.324184329,8.760136853,456,16,501,27,472,528
26,1000,70,7.7,28,86,950,30,8,12,50,8.729858296,136,732,73.98673712,11.32608285,8.326168266,9.102495247,457,23,493,27,480,520
31,1000,70,7.7,28,70,939,29,20,12,61,8.519004573,114,729,72.52339023,11.07605158,7.894549147,9.150998696,476,27,463,34,503,497
27,1000,70,7.7,28,83,945,34,15,6,55,8.751288338,122,766,73.82331464,11.10047864,8.303297975,9.272974085,508,30,437,25,538,462
30,1000,70,7.7,28,77,948,28,11,13,52,8.464650014,124,763,73.64623998,10.99854428,7.986072403,8.983109093,496,24,452,28,520,480
28,1000,70,7.7,28,78,955,27,10,8,45,8.484197014,114,744,73.93817515,10.88207954,8.348443294,8.607021809,454,21,501,24,475,525
25,1000,70,7.7,28,98,946,40,6,8,54,8.906050292,130,765,74.55628248,11.49634675,8.528002635,9.285613171,477,24,469,30,501,499
29,1000,70,7.7,28,82,956,29,8,7,44,8.605185693,108,737,73.99756939,11.17117261,8.379334184,8.807083255,456,16,500,28,472,528
26,1000,70,7.7,28,87,952,28,8,12,48,8.744226529,120,726,74.01750294,11.34858302,8.357760849,9.10096408,458,22,494,26,480,520
32,1000,70,7.7,28,21,949,25,13,13,51,7.608638123,111,713,70.71712003,9.30711478,6.798369418,8.362594716,468,14,481,37,482,518
27,1000,70,7.7,28,84,946,33,14,7,54,8.765756726,125,735,73.87979424,11.13030814,8.288339345,9.321710299,508,30,438,24,538,462
31,1000,70,7.7,28,71,939,29,20,12,61,8.531940191,121,750,72.51951247,11.11605644,7.902542017,9.168936733,477,26,462,35,503,497
30,1000,70,7.7,28,78,948,27,12,13,52,8.46872452,109,753,73.68189001,11.02034753,8.020194239,8.954632323,496,24,452,28,520,480
28,1000,70,7.7,28,79,954,28,10,8,46,8.489594188,111,764,73.97583978,10.89997232,8.335610613,8.628912661,454,21,500,25,475,525
25,1000,70,7.7,28,99,946,39,8,7,54,8.943806308,134,747,74.6173954,11.52394382,8.588978258,9.300056514,476,25,470,29,501,499
29,1000,70,7.7,28,83,958,28,7,7,42,8.58694685,121,759,74.05320635,11.18149402,8.360146062,8.789693008,457,15,501,27,472,528
26,1000,70,7.7,28,88,955,25,8,12,45,8.74840148,123,752,74.07096466,11.39447645,8.345006513,9.120766066,461,19,494,26,480,520
27,1000,70,7.7,28,85,946,34,12,8,54,8.765575892,109,737,73.95395202,11.16245683,8.304309668,9.302721409,508,30,438,24,538,462
30,1000,70,7.7,28,79,947,28,12,13,53,8.491113884,122,742,73.72789982,11.06471336,8.05902062,8.959214921,495,25,452,28,520,480
31,1000,70,7.7,28,72,940,29,19,12,60,8.528578912,105,705,72.5746909,11.1617747,7.918910875,9.145607127,477,26,463,34,503,497
32,1000,70,7.7,28,22,950,23,14,13,50,7.626146869,108,732,70.75994006,9.314247724,6.808511672,8.386957999,469,13,481,37,482,518
28,1000,70,7.7,28,80,953,29,10,8,47,8.518359857,131,732,74.01576855,10.94375408,8.36174457,8.660059402,454,21,499,26,475,525
25,1000,70,7.7,28,100,946,39,8,7,54,8.985943614,98,736,74.6561359,11.524159,8.657881762,9.315320343,476,25,470,29,501,499
29,1000,70,7.7,28,84,958,28,7,7,42,8.624133382,112,750,74.09544503,11.18255662,8.387655473,8.835530302,457,15,501,27,472,528
26,1000,70,7.7,28,89,955,25,8,12,45,8.792305278,111,740,74.12149538,11.44381695,8.380972952,9.171996655,461,19,494,26,480,520
27,1000,70,7.7,28,86,946,34,12,8,54,8.749389163,117,739,74.0398306,11.18998311,8.270870279,9.30662544,508,30,438,24,538,462
30,1000,70,7.7,28,80,949,25,13,13,51,8.494425849,128,739,73.76001196,11.10145228,8.094118909,8.928091701,496,24,453,27,520,480
31,1000,70,7.7,28,73,940,29,19,12,60,8.521889832,122,751,72.63484374,11.18047664,7.956409593,9.094196794,477,26,463,34,503,497
32,1000,70,7.7,28,23,952,22,13,13,48,7.652556774,95,735,70.82943758,9.349104451,6.888434319,8.363574195,469,13,483,35,482,518
25,1000,70,7.7,28,101,948,36,9,7,52,8.973607939,113,749,74.69234584,11.55534857,8.684192781,9.264183077,476,25,472,27,501,499
29,1000,70,7.7,28,85,959,27,7,7,41,8.658990962,117,746,74.14633717,11.20092571,8.436660923,8.857740543,457,15,502,26,472,528
28,1000,70,7.7,28,81,954,29,9,8,46,8.528139054,102,736,74.04757498,10.95506262,8.383964335,8.658582847,455,20,499,26,475,525
26,1000,70,7.7,28,90,956,24,8,12,44,8.800946508,130,750,74.19316566,11.46529466,8.398829002,9.172131897,461,19,495,25,480,520
27,1000,70,7.7,28,87,946,34,12,8,54,8.763152213,114,755,74.07601135,11.22628026,8.320533146,9.278583075,507,31,439,23,538,462
30,1000,70,7.7,28,81,949,26,12,13,51,8.539588014,114,733,73.84598077,11.14675156,8.136895884,8.975837821,496,24,453,27,520,480
31,1000,70,7.7,28,74,940,29,19,12,60,8.555458336,102,740,72.66848357,11.21793384,7.998827572,9.118808988,477,26,463,34,503,497
32,1000,70,7.7,28,24,950,23,14,13,50,7.706190257,104,725,70.89807045,9.363366328,6.924228123,8.433807533,469,13,481,37,482,518
25,1000,70,7.7,28,102,948,36,9,7,52,9.009649073,123,743,74.75485097,11.58521387,8.744713202,9.275646812,476,25,472,27,501,499
29,1000,70,7.7,28,86,961,25,7,7,39,8.668868181,105,744,74.20604596,11.23141933,8.45352045,8.861376001,458,14,503,25,472,528
28,1000,70,7.7,28,82,955,29,8,8,45,8.522019612,128,755,74.10549549,10.97175442,8.364539377,8.66450173,455,20,500,25,475,525
26,1000,70,7.7,28,91,956,24,8,12,44,8.839240656,127,738,74.22830118,11.50300927,8.443598837,9.20444849,461,19,495,25,480,520
27,1000,70,7.7,28,88,948,32,11,9,52,8.771275406,122,733,74.11077032,11.24366252,8.364096323,9.24543633,508,30,440,22,538,462
30,1000,70,7.7,28,82,950,24,13,13,50,8.535905534,127,734,73.93440476,11.15389454,8.144448585,8.959983895,497,23,453,27,520,480
31,1000,70,7.7,28,75,942,28,18,12,58,8.546326615,131,726,72.73800857,11.2555112,8.020014748,9.078992348,478,25,464,33,503,497
25,1000,70,7.7,28,103,949,35,9,7,51,8.992492108,113,743,74.80714799,11.59621972,8.734690936,9.25132655,476,25,473,26,501,499
29,1000,70,7.7,28,87,962,24,6,8,38,8.672693208,118,731,74.24139202,11.25931302,8.471056422,8.852944274,458,14,504,24,472,528
32,1000,70,7.7,28,25,952,22,12,14,48,7.691754378,90,713,70.92672321,9.36774204,6.875658225,8.451133424,471,11,481,37,482,518
28,1000,70,7.7,28,83,953,31,8,8,47,8.52337696,123,758,74.15613225,11.023668,8.366284492,8.66550824,455,20,498,27,475,525
26,1000,70,7.7,28,92,957,25,6,12,43,8.85053566,103,726,74.28143783,11.55001844,8.436740809,9.232500138,462,18,495,25,480,520
27,1000,70,7.7,28,89,947,32,12,9,53,8.806340714,117,743,74.15902442,11.27710871,8.386149914,9.29565381,507,31,440,22,538,462
30,1000,70,7.7,28,83,951,23,13,13,49,8.535958054,133,732,73.96398167,11.18192412,8.170887231,8.931451446,497,23,454,26,520,480
31,1000,70,7.7,28,76,943,28,18,11,57,8.555691965,119,732,72.77177569,11.26515166,8.039440384,9.07817596,479,24,464,33,503,497
25,1000,70,7.7,28,104,949,36,8,7,51,8.965849422,136,746,74.85155306,11.62025667,8.738348115,9.194262557,477,24,472,27,501,499
29,1000,70,7.7,28,88,963,23,6,8,37,8.716334981,131,736,74.3031843,11.28725659,8.488053404,8.920404876,459,13,504,24,472,528
33,1000,70,7.7,28,0,946,24,16,14,54,7.228,91,726,69.99692248,8.838250468,6.64,7.76,455,20,491,34,475,525
26,1000,70,7.7,28,93,957,25,7,11,43,8.834223049,130,746,74.35162799,11.59625035,8.392393058,9.242066118,462,18,495,25,480,520
27,1000,70,7.7,28,90,947,32,12,9,53,8.822160053,115,746,74.19106332,11.31286111,8.380992278,9.335900881,507,31,440,22,538,462
28,1000,70,7.7,28,84,953,31,8,8,47,8.542278326,118,748,74.18621451,11.04426425,8.407191035,8.664500161,455,20,498,27,475,525
30,1000,70,7.7,28,84,951,24,13,12,49,8.528769453,122,721,74.0192367,11.2009791,8.172145543,8.915112022,497,23,454,26,520,480
32,1000,70,7.7,28,26,952,22,12,14,48,7.70960403,103,710,70.9615369,9.385646661,6.897306779,8.465448191,471,11,481,37,482,518
31,1000,70,7.7,28,77,940,32,18,10,60,8.569544381,124,733,72.79590578,11.2739245,8.088860713,9.05603107,478,25,462,35,503,497
29,1000,70,7.7,28,89,962,24,6,8,38,8.751466087,120,740,74.34166505,11.31320528,8.541749278,8.938940204,459,13,503,25,472,528
33,1000,70,7.7,28,1,945,25,16,14,55,7.261754577,90,715,70.04618395,8.878293071,6.661236746,7.805080234,454,21,491,34,475,525
26,1000,70,7.7,28,94,956,25,8,11,44,8.875644519,104,750,74.40512764,11.6493191,8.453722543,9.265110959,461,19,495,25,480,520
27,1000,70,7.7,28,91,949,31,11,9,51,8.858078429,111,730,74.22678474,11.32735442,8.394570948,9.397833895,509,29,440,22,538,462
30,1000,70,7.7,28,85,951,24,13,12,49,8.576868107,120,738,74.06468518,11.26354745,8.205164268,8.979547267,497,23,454,26,520,480
28,1000,70,7.7,28,85,953,31,8,8,47,8.561072737,98,733,74.25174353,11.06551097,8.413273372,8.694795972,455,20,498,27,475,525
32,1000,70,7.7,28,27,951,23,12,14,49,7.730259532,93,723,71.03416678,9.41044892,6.919655331,8.484528306,471,11,480,38,482,518
31,1000,70,7.7,28,78,940,32,18,10,60,8.579993029,131,745,72.83247436,11.26973073,8.095207478,9.070631123,478,25,462,35,503,497
29,1000,70,7.7,28,90,961,25,6,8,39,8.754066861,131,747,74.38863393,11.33611747,8.540169824,8.945277849,458,14,503,25,472,528
33,1000,70,7.7,28,2,945,25,16,14,55,7.285704861,103,688,70.10559483,8.925205078,6.694764172,7.820365485,454,21,491,34,475,525
26,1000,70,7.7,28,95,956,26,8,10,44,8.879822946,137,739,74.44265802,11.66090094,8.466920431,9.260963729,460,20,496,24,480,520
27,1000,70,7.7,28,92,949,31,11,9,51,8.856669105,115,763,74.29454037,11.35857435,8.378329191,9.413696969,510,28,439,23,538,462
30,1000,70,7.7,28,86,952,22,14,12,48,8.581169332,120,731,74.0945397,11.31458801,8.223152512,8.969020888,497,23,455,25,520,480
28,1000,70,7.7,28,86,951,33,8,8,49,8.638201471,133,746,74.30341727,11.07825221,8.482235106,8.779313898,454,21,497,28,475,525
32,1000,70,7.7,28,28,952,22,12,14,48,7.731455177,97,703,71.06822378,9.414265344,6.931474846,8.47583842,471,11,481,37,482,518
29,1000,70,7.7,28,91,959,27,6,8,41,8.777644265,131,774,74.42836314,11.37234049,8.575834708,8.958049777,457,15,502,26,472,528
33,1000,70,7.7,28,3,943,27,16,14,57,7.336466989,81,712,70.15735476,8.968349433,6.762156437,7.856081298,452,23,491,34,475,525
31,1000,70,7.7,28,79,939,33,18,10,61,8.6359881,118,727,72.89456502,11.28489068,8.154752544,9.123033342,478,25,461,36,503,497
26,1000,70,7.7,28,96,954,28,8,10,46,8.901692647,135,741,74.48148933,11.69756795,8.463898666,9.305810168,460,20,494,26,480,520
27,1000,70,7.7,28,93,948,32,11,9,52,8.890447358,117,744,74.31821702,11.38903503,8.394986986,9.467412034,510,28,438,24,538,462
30,1000,70,7.7,28,87,954,22,12,12,46,8.599966719,131,751,74.12267303,11.32978902,8.244604711,8.984942228,498,22,456,24,520,480
28,1000,70,7.7,28,87,952,33,7,8,48,8.616746464,114,730,74.36243861,11.12863977,8.469789308,8.749707701,454,21,498,27,475,525
29,1000,70,7.7,28,92,958,28,6,8,42,8.809749865,128,752,74.49530848,11.40442745,8.642451401,8.959304553,457,15,501,27,472,528
32,1000,70,7.7,28,29,953,21,12,14,47,7.757864679,93,704,71.10735193,9.457426403,6.964688845,8.495916324,472,10,481,37,482,518
33,1000,70,7.7,28,4,946,25,15,14,54,7.325955673,98,703,70.19868952,9.018740487,6.733310687,7.86215828,455,20,491,34,475,525
31,1000,70,7.7,28,80,941,33,17,9,59,8.644980953,97,729,72.96042222,11.29946342,8.143744384,9.152268667,480,23,461,36,503,497
26,1000,70,7.7,28,97,953,29,8,10,47,8.961785602,134,761,74.49405499,11.73096687,8.520118148,9.369478637,460,20,493,27,480,520
27,1000,70,7.7,28,94,947,33,11,9,53,8.884248195,124,742,74.34186115,11.39216933,8.403458083,9.444129322,510,28,437,25,538,462
30,1000,70,7.7,28,88,953,23,12,12,47,8.6261256,114,725,74.20457535,11.34155072,8.275650117,9.005807374,498,22,455,25,520,480
28,1000,70,7.7,28,88,950,35,7,8,50,8.600088161,121,759,74.42166366,11.1727515,8.445238779,8.740189981,454,21,496,29,475,525
29,1000,70,7.7,28,93,957,29,6,8,43,8.856174108,97,732,74.53012876,11.44252107,8.705468079,8.990896165,456,16,501,27,472,528
33,1000,70,7.7,28,5,947,24,15,14,53,7.364456152,88,697,70.25999422,9.032238749,6.7764323,7.896477732,455,20,492,33,475,525
32,1000,70,7.7,28,30,953,22,12,13,47,7.794058178,88,704,71.14839567,9.488618055,7.005640934,8.527681946,472,10,481,37,482,518
31,1000,70,7.7,28,81,942,33,16,9,58,8.662521344,103,713,73.00018142,11.33374692,8.163823935,9.167239246,480,23,462,35,503,497
26,1000,70,7.7,28,98,954,27,9,10,46,8.964004407,118,730,74.56465388,11.76092032,8.51894874,9.374825023,461,19,493,27,480,520
27,1000,70,7.7,28,95,947,33,11,9,53,8.856376953,120,751,74.37693225,11.40691268,8.372124992,9.42028941,510,28,437,25,538,462
30,1000,70,7.7,28,89,952,24,12,12,48,8.638631254,106,752,74.26967652,11.34713544,8.281552583,9.025466481,497,23,455,25,520,480
28,1000,70,7.7,28,89,948,37,7,8,52,8.60887758,127,758,74.4632709,11.21981019,8.465944173,8.738198281,454,21,494,31,475,525
29,1000,70,7.7,28,94,956,30,6,8,44,8.880028151,108,750,74.60890159,11.4790668,8.705818922,9.035760643,455,17,501,27,472,528
33,1000,70,7.7,28,6,948,24,14,14,52,7.371617436,93,712,70.31192975,9.067842033,6.815649487,7.874636057,455,20,493,32,475,525
26,1000,70,7.7,28,99,954,27,9,10,46,8.954417576,120,763,74.61699791,11.77804742,8.501919594,9.37210802,461,19,493,27,480,520
27,1000,70,7.7,28,96,947,34,10,9,53,8.857820321,127,748,74.41328806,11.43041551,8.367820582,9.428426077,511,27,436,26,538,462
30,1000,70,7.7,28,90,953,23,12,12,47,8.64526758,103,732,74.34025249,11.36643867,8.273158886,9.048385331,497,23,456,24,520,480
31,1000,70,7.7,28,82,941,34,16,9,59,8.691348226,121,728,73.02637474,11.34677498,8.170957676,9.218021157,479,24,462,35,503,497
32,1000,70,7.7,28,31,953,22,12,13,47,7.848314727,95,726,71.17378413,9.505662311,7.059620077,8.582196621,472,10,481,37,482,518
28,1000,70,7.7,28,90,948,37,7,8,52,8.627896786,111,739,74.51109981,11.25427549,8.485720711,8.756532282,454,21,494,31,475,525
29,1000,70,7.7,28,95,956,31,7,6,44,8.825708137,133,733,74.64728015,11.50411547,8.657851652,8.975761661,455,17,501,27,472,528
33,1000,70,7.7,28,7,949,24,15,12,51,7.365930264,70,713,70.36685959,9.096559224,6.836987015,7.844497965,455,20,494,31,475,525
26,1000,70,7.7,28,100,955,26,9,10,45,8.97393522,114,751,74.66075095,11.81371552,8.530188891,9.383547216,462,18,493,27,480,520
27,1000,70,7.7,28,97,946,35,10,9,54,8.863044051,115,748,74.42681391,11.4553305,8.40435556,9.397187792,510,28,436,26,538,462
30,1000,70,7.7,28,91,952,24,12,12,48,8.646138719,129,736,74.3651251,11.41087496,8.284078808,9.038370289,496,24,456,24,520,480
31,1000,70,7.7,28,83,943,34,14,9,57,8.691776569,113,750,73.0749845,11.37445415,8.182638478,9.207061197,480,23,463,34,503,497
32,1000,70,7.7,28,32,954,20,12,14,46,7.848400548,82,712,71.20896214,9.530684639,7.04951951,8.591760896,472,10,482,36,482,518
28,1000,70,7.7,28,91,948,38,7,7,52,8.621110083,128,753,74.56797608,11.31034862,8.458061973,8.768629802,454,21,494,31,475,525
29,1000,70,7.7,28,96,954,33,7,6,46,8.873734485,135,760,74.69117007,11.5247932,8.707732736,9.022129988,455,17,499,29,472,528
33,1000,70,7.7,28,8,948,25,15,12,52,7.390121428,84,719,70.41054179,9.151566778,6.8923785,7.840460267,455,20,493,32,475,525
26,1000,70,7.7,28,101,955,27,9,9,45,8.958775236,129,742,74.70284823,11.82002568,8.498386733,9.383749239,462,18,493,27,480,520
30,1000,70,7.7,28,92,951,25,11,13,49,8.659683892,139,762,74.40791789,11.45640234,8.278376999,9.072766359,495,25,456,24,520,480
27,1000,70,7.7,28,98,947,35,10,8,53,8.847514286,117,742,74.42747738,11.47323963,8.392453678,9.377433349,511,27,436,26,538,462
31,1000,70,7.7,28,84,941,36,14,9,59,8.720188128,116,750,73.13810743,11.3947569,8.252453049,9.193569907,479,24,462,35,503,497
28,1000,70,7.7,28,92,949,37,7,7,51,8.631584197,125,776,74.61999446,11.3461812,8.46768923,8.779870119,455,20,494,31,475,525
29,1000,70,7.7,28,97,953,35,7,5,47,8.891465704,129,734,74.75501559,11.56268156,8.751602478,9.016494952,454,18,499,29,472,528
32,1000,70,7.7,28,33,954,20,12,14,46,7.877656875,91,705,71.24595234,9.59355884,7.098448033,8.602712206,472,10,482,36,482,518
33,1000,70,7.7,28,9,948,25,15,12,52,7.449518761,80,690,70.4962413,9.169468227,6.928123226,7.921257579,455,20,493,32,475,525
26,1000,70,7.7,28,102,955,27,9,9,45,8.978706064,121,736,74.76659172,11.83770823,8.528858459,9.393950008,462,18,493,27,480,520
30,1000,70,7.7,28,93,952,25,10,13,48,8.645852139,116,746,74.46066771,11.48616283,8.253941502,9.070421995,497,23,455,25,520,480
27,1000,70,7.7,28,99,945,37,10,8,55,8.851857699,123,756,74.47152167,11.49940875,8.363514238,9.420534718,509,29,436,26,538,462
31,1000,70,7.7,28,85,942,34,15,9,58,8.729164819,129,736,73.17834942,11.42739287,8.239920636,9.224315372,479,24,463,34,503,497
29,1000,70,7.7,28,98,953,34,8,5,47,8.896945728,124,738,74.80484699,11.5818008,8.757242833,9.02183165,454,18,499,29,472,528
28,1000,70,7.7,28,93,950,37,7,6,50,8.602658213,113,736,74.65008324,11.36519172,8.450541305,8.740287796,455,20,495,30,475,525
33,1000,70,7.7,28,10,950,23,15,12,50,7.45671668,101,703,70.5658527,9.181727302,6.924986205,7.937806158,456,19,494,31,475,525
32,1000,70,7.7,28,34,955,19,12,14,45,7.88228698,99,732,71.3275665,9.625920388,7.097261235,8.612754951,472,10,483,35,482,518
30,1000,70,7.7,28,94,952,25,10,13,48,8.651553528,126,734,74.50569704,11.49560341,8.22156617,9.117373166,498,22,454,26,520,480
26,1000,70,7.7,28,103,954,28,9,9,46,9.002725776,123,742,74.82226499,11.89828087,8.566691751,9.405218721,462,18,492,28,480,520
27,1000,70,7.7,28,100,944,37,11,8,56,8.899508624,118,778,74.50209286,11.51376641,8.403027299,9.4776622,508,30,436,26,538,462
31,1000,70,7.7,28,86,943,34,14,9,57,8.729846151,114,748,73.20084092,11.46070414,8.265359201,9.19994059,479,24,464,33,503,497
29,1000,70,7.7,28,99,953,34,7,6,47,8.900853436,114,747,74.87381417,11.60118181,8.815681989,8.976991548,454,18,499,29,472,528
28,1000,70,7.7,28,94,948,36,10,6,52,8.649611619,111,751,74.69216084,11.39478697,8.470974122,8.811236021,454,21,494,31,475,525
33,1000,70,7.7,28,11,950,21,17,12,50,7.501631111,77,689,70.65122569,9.20766693,7.000230755,7.955279052,456,19,494,31,475,525
30,1000,70,7.7,28,95,951,27,10,12,49,8.666626559,118,763,74.54920008,11.52727669,8.236922364,9.132139436,498,22,453,27,520,480
32,1000,70,7.7,28,35,957,18,11,14,43,7.876071245,97,730,71.34365393,9.661750532,7.121279208,8.578406693,472,10,485,33,482,518
26,1000,70,7.7,28,104,953,28,10,9,47,9.022060986,120,742,74.84796694,11.91775349,8.579846628,9.430258855,462,18,491,29,480,520
27,1000,70,7.7,28,101,944,37,10,9,56,8.899180066,135,757,74.56653213,11.5396638,8.423911339,9.452631527,508,30,436,26,538,462
34,1000,70,7.7,28,0,952,26,12,10,48,7.001,88,697,70.17986965,8.604434636,6.315891473,7.731404959,502,14,450,34,516,484
29,1000,70,7.7,28,100,952,35,7,6,48,8.893785277,127,778,74.96518633,11.65683179,8.82144326,8.958454656,454,18,498,30,472,528
31,1000,70,7.7,28,87,942,34,14,10,58,8.765144385,103,729,73.25225588,11.4688824,8.295255891,9.240705577,479,24,463,34,503,497
33,1000,70,7.7,28,12,954,20,14,12,46,7.481971586,95,683,70.72178142,9.222345553,6.988166153,7.92874793,457,18,497,28,475,525
28,1000,70,7.7,28,95,948,36,10,6,52,8.70020001,97,730,74.76054445,11.41952562,8.559839695,8.827192676,454,21,494,31,475,525
30,1000,70,7.7,28,96,951,27,10,12,49,8.72130426,124,736,74.60780371,11.54406193,8.324800992,9.150849466,498,22,453,27,520,480
27,1000,70,7.7,28,102,944,38,10,8,56,8.89105842,123,745,74.63406822,11.56502454,8.419511488,9.440175843,508,30,436,26,538,462
34,1000,70,7.7,28,1,953,27,12,8,47,7.005751968,90,716,70.21700865,8.624525382,6.286952649,7.772075209,502,14,451,33,516,484
32,1000,70,7.7,28,36,958,17,11,14,42,7.885924996,91,721,71.37085053,9.699667673,7.149332071,8.571326134,472,10,486,32,482,518
29,1000,70,7.7,28,101,953,34,7,6,47,8.883920701,134,747,75.00984721,11.7010333,8.827723054,8.934157991,454,18,499,29,472,528
31,1000,70,7.7,28,88,942,34,13,11,58,8.776425896,110,745,73.27877157,11.49226141,8.303471985,9.255089511,479,24,463,34,503,497
33,1000,70,7.7,28,13,955,19,13,13,45,7.514906337,103,729,70.76029374,9.252582736,6.992810694,7.987278586,458,17,497,28,475,525
28,1000,70,7.7,28,96,947,37,10,6,53,8.701602662,124,771,74.79243151,11.43603487,8.5709334,8.819827233,454,21,493,32,475,525
30,1000,70,7.7,28,97,951,27,10,12,49,8.751016708,110,747,74.68624564,11.57105817,8.357121292,9.177736742,498,22,453,27,520,480
27,1000,70,7.7,28,103,943,40,9,8,57,8.89385382,108,747,74.72538138,11.57470493,8.454625782,9.405335822,506,32,437,25,538,462
34,1000,70,7.7,28,2,953,27,12,8,47,7.014524562,95,712,70.28285854,8.645555927,6.297952404,7.778473392,502,14,451,33,516,484
32,1000,70,7.7,28,37,958,17,11,14,42,7.897775116,128,727,71.40323317,9.73952878,7.200531052,8.546562063,472,10,486,32,482,518
29,1000,70,7.7,28,102,950,36,8,6,50,8.901348779,108,728,75.05839523,11.72978596,8.868965982,8.930297038,453,19,497,31,472,528
33,1000,70,7.7,28,14,953,21,15,11,47,7.497180595,96,711,70.80955332,9.268673774,6.997725628,7.949068422,458,17,495,30,475,525
31,1000,70,7.7,28,89,944,31,14,11,56,8.774594584,126,732,73.31785011,11.49901204,8.310684973,9.244104714,480,23,464,33,503,497
28,1000,70,7.7,28,97,946,38,9,7,54,8.699415173,126,751,74.850512,11.45955645,8.567669974,8.818613211,453,22,493,32,475,525
30,1000,70,7.7,28,98,951,27,10,12,49,8.794690299,99,766,74.71997506,11.59291159,8.390391393,9.232680782,498,22,453,27,520,480
27,1000,70,7.7,28,104,941,40,11,8,59,8.949746083,116,738,74.76231988,11.5953313,8.505248459,9.467364529,505,33,436,26,538,462
35,1000,70,7.7,28,0,933,38,17,12,67,7.41,71,692,69.99820171,9.005077108,6.333333333,8.428015564,464,22,469,45,486,514
34,1000,70,7.7,28,3,953,27,12,8,47,7.047290091,77,695,70.33113461,8.69464304,6.342362426,7.798824544,502,14,451,33,516,484
29,1000,70,7.7,28,103,952,35,7,6,48,8.871024564,116,767,75.09185698,11.77086164,8.831110515,8.906705306,453,19,499,29,472,528
32,1000,70,7.7,28,38,956,18,12,14,44,7.97057331,112,731,71.44108514,9.789485302,7.262238964,8.629679786,472,10,484,34,482,518
33,1000,70,7.7,28,15,953,21,14,12,47,7.517212364,98,722,70.87016295,9.284863955,7.023491272,7.963912401,458,17,495,30,475,525
31,1000,70,7.7,28,90,945,29,14,12,55,8.768953618,106,714,73.38618661,11.52292911,8.306746545,9.236740657,481,22,464,33,503,497
28,1000,70,7.7,28,98,946,36,11,7,54,8.702242419,119,749,74.89045164,11.47649468,8.603268692,8.791790078,452,23,494,31,475,525
30,1000,70,7.7,28,99,951,27,10,12,49,8.810491941,117,764,74.80206581,11.62462027,8.409793234,9.244582207,498,22,453,27,520,480
35,1000,70,7.7,28,1,936,38,14,12,64,7.407315032,107,701,70.03550887,9.044170359,6.357671726,8.399779325,465,21,471,43,486,514
29,1000,70,7.7,28,104,952,35,7,6,48,8.894293402,129,748,75.13341504,11.78987672,8.864197465,8.921197346,453,19,499,29,472,528
36,1000,70,7.7,28,0,952,24,13,11,48,7.197,85,683,70.14545448,8.616885136,6.57421875,7.850409836,495,17,457,31,512,488
34,1000,70,7.7,28,4,955,25,12,8,45,7.066205807,80,721,70.37172501,8.722073738,6.385828415,7.791566828,502,14,453,31,516,484
33,1000,70,7.7,28,16,953,22,15,10,47,7.520796065,109,723,70.91581111,9.309253277,7.035915788,7.959497269,458,17,495,30,475,525
32,1000,70,7.7,28,39,954,20,12,14,46,8.007950973,104,731,71.50946298,9.818441996,7.279904602,8.685399526,472,10,482,36,482,518
31,1000,70,7.7,28,91,944,29,15,12,56,8.799752002,113,729,73.417556,11.54506145,8.324404098,9.280838513,480,23,464,33,503,497
30,1000,70,7.7,28,100,951,27,10,12,49,8.805463252,133,778,74.85426505,11.63850981,8.397362029,9.247572909,499,21,452,28,520,480
28,1000,70,7.7,28,99,945,37,11,7,55,8.719795015,135,763,74.93244924,11.51312972,8.63166334,8.799533198,452,23,493,32,475,525
35,1000,70,7.7,28,2,937,37,15,11,63,7.409247843,96,737,70.05426129,9.089359471,6.420089975,8.344521625,464,22,473,41,486,514
36,1000,70,7.7,28,1,954,22,13,11,46,7.225916921,97,686,70.18357384,8.623908632,6.615169133,7.866701486,496,16,458,30,512,488
34,1000,70,7.7,28,5,957,24,11,8,43,7.082713356,77,693,70.45069623,8.720250228,6.409896259,7.800014228,502,14,455,29,516,484
33,1000,70,7.7,28,17,952,23,15,10,48,7.543191641,102,738,70.93979482,9.359585228,7.034612659,8.003334529,457,18,495,30,475,525
31,1000,70,7.7,28,92,944,28,15,13,56,8.806320278,129,749,73.45467961,11.55983136,8.332400214,9.285961711,480,23,464,33,503,497
30,1000,70,7.7,28,101,951,27,10,12,49,8.828415439,111,749,74.93213427,11.6582275,8.419742449,9.271144512,499,21,452,28,520,480
32,1000,70,7.7,28,40,953,22,12,13,47,8.036867694,95,698,71.5403893,9.841768466,7.319783376,8.704116036,471,11,482,36,482,518
28,1000,70,7.7,28,100,944,38,10,8,56,8.72826175,95,760,74.93838545,11.54580291,8.613745533,8.831871662,452,23,492,33,475,525
35,1000,70,7.7,28,3,938,37,14,11,62,7.471260277,83,698,70.08308655,9.120914359,6.474239552,8.413968588,464,22,474,40,486,514
33,1000,70,7.7,28,18,952,23,15,10,48,7.573382666,102,713,71.02413936,9.355886344,7.099998639,8.0016825,457,18,495,30,475,525
36,1000,70,7.7,28,2,954,22,13,11,46,7.256436991,75,698,70.20555277,8.64075815,6.623577308,7.920420921,496,16,458,30,512,488
34,1000,70,7.7,28,6,956,25,12,7,44,7.10790575,102,726,70.49142622,8.751712919,6.447695065,7.811766728,501,15,455,29,516,484
30,1000,70,7.7,28,102,951,27,10,12,49,8.831045543,118,765,75.0064616,11.6742511,8.437865627,9.256990451,499,21,452,28,520,480
31,1000,70,7.7,28,93,944,28,14,14,56,8.815474443,122,746,73.48657201,11.58700832,8.340905764,9.295772321,480,23,464,33,503,497
28,1000,70,7.7,28,101,944,38,10,8,56,8.720675,115,740,75.00793046,11.57239941,8.605985066,8.824442082,452,23,492,33,475,525
32,1000,70,7.7,28,41,953,22,13,12,47,8.055285293,89,707,71.60121164,9.884648854,7.39001902,8.674316844,471,11,482,36,482,518
35,1000,70,7.7,28,4,943,35,13,9,57,7.449777371,86,701,70.13807754,9.138535513,6.464414601,8.381462793,466,20,477,37,486,514
33,1000,70,7.7,28,19,951,24,15,10,49,7.620140671,103,701,71.06788976,9.390688127,7.194867461,8.004911671,456,19,495,30,475,525
36,1000,70,7.7,28,3,953,22,14,11,47,7.293678747,91,708,70.25047973,8.66181665,6.672597423,7.945305054,495,17,458,30,512,488
34,1000,70,7.7,28,7,955,26,13,6,45,7.121968638,104,716,70.52588987,8.772080613,6.50431391,7.780460041,500,16,455,29,516,484
30,1000,70,7.7,28,103,949,29,10,12,51,8.846109826,117,721,75.05076344,11.71273377,8.427941821,9.299125165,498,22,451,29,520,480
31,1000,70,7.7,28,94,943,28,15,14,57,8.852019729,122,735,73.52605511,11.60204726,8.387327451,9.322321974,480,23,463,34,503,497
28,1000,70,7.7,28,102,944,39,9,8,56,8.727182508,110,750,75.03156456,11.58781188,8.59937403,8.842818749,452,23,492,33,475,525
35,1000,70,7.7,28,5,944,34,13,9,56,7.461731682,94,719,70.17417625,9.175264419,6.498342405,8.372640609,466,20,478,36,486,514
32,1000,70,7.7,28,42,951,24,13,12,49,8.106843784,111,707,71.66277956,9.917738309,7.465368189,8.703738064,469,13,482,36,482,518
33,1000,70,7.7,28,20,951,24,15,10,49,7.649976941,101,694,71.09710327,9.404228301,7.218713956,8.040167261,456,19,495,30,475,525
36,1000,70,7.7,28,4,953,22,14,11,47,7.318591512,99,711,70.28800001,8.684155071,6.678343793,7.990326823,495,17,458,30,512,488
34,1000,70,7.7,28,8,956,25,13,6,44,7.142552844,111,703,70.5777539,8.804254527,6.514354044,7.812285448,501,15,455,29,516,484
30,1000,70,7.7,28,104,949,28,11,12,51,8.845826565,133,735,75.11390707,11.74100248,8.419277372,9.307921524,498,22,451,29,520,480
37,1000,70,7.7,28,0,943,32,7,18,57,7.318,91,697,70.05648342,8.829985268,6.093877551,8.494117647,473,17,470,40,490,510
31,1000,70,7.7,28,95,941,31,15,13,59,8.868129236,121,747,73.57981777,11.64252774,8.41467269,9.327060107,479,24,462,35,503,497
28,1000,70,7.7,28,103,944,40,9,7,56,8.745458845,125,742,75.07862627,11.63130954,8.602954501,8.874391347,452,23,492,33,475,525
35,1000,70,7.7,28,6,944,34,12,10,56,7.49431152,113,721,70.19341807,9.168327494,6.52667455,8.40923675,466,20,478,36,486,514
33,1000,70,7.7,28,21,950,25,15,10,50,7.661968447,93,726,71.18314228,9.426005176,7.212018746,8.069065796,455,20,495,30,475,525
36,1000,70,7.7,28,5,954,21,14,11,46,7.341932903,97,708,70.32789906,8.69694215,6.694897482,8.020789739,496,16,458,30,512,488
34,1000,70,7.7,28,9,958,25,12,5,42,7.104905978,83,742,70.59080182,8.849596785,6.480236008,7.770876443,502,14,456,28,516,484
32,1000,70,7.7,28,43,952,23,14,11,48,8.087454927,104,716,71.74909888,9.948089587,7.439130672,8.690721898,469,13,483,35,482,518
37,1000,70,7.7,28,1,945,30,7,18,55,7.31661321,103,728,70.07987376,8.860440965,6.124209932,8.462255576,473,17,472,38,490,510
31,1000,70,7.7,28,96,941,31,15,13,59,8.871180536,136,740,73.64019476,11.64550547,8.419429356,9.328385453,479,24,462,35,503,497
28,1000,70,7.7,28,104,943,41,9,7,57,8.762230999,119,762,75.10408995,11.65967514,8.592207917,8.916061406,451,24,492,33,475,525
38,1000,70,7.7,28,0,939,29,16,16,61,7.016,93,739,69.90802959,8.8154952,6.495049505,7.547474747,483,22,456,39,505,495
35,1000,70,7.7,28,7,946,32,12,10,54,7.495602706,112,702,70.2244389,9.208325877,6.550565402,8.389159378,466,20,480,34,486,514
33,1000,70,7.7,28,22,950,25,15,10,50,7.685054299,87,700,71.22288864,9.462566453,7.212052607,8.113008211,455,20,495,30,475,525
36,1000,70,7.7,28,6,956,20,13,11,44,7.311176819,82,680,70.36806742,8.72274221,6.669009436,7.984926204,497,15,459,29,512,488
34,1000,70,7.7,28,10,959,24,12,5,41,7.095767795,97,707,70.64603084,8.868200459,6.46589088,7.767289464,503,13,456,28,516,484
32,1000,70,7.7,28,44,952,23,15,10,48,8.08482088,97,739,71.81704081,9.962401243,7.43306499,8.691280995,469,13,483,35,482,518
37,1000,70,7.7,28,2,947,29,7,17,53,7.30811965,90,730,70.12923877,8.871939333,6.160354548,8.410874355,473,17,474,36,490,510
31,1000,70,7.7,28,97,941,31,15,13,59,8.888624751,119,716,73.68157267,11.68000038,8.425939364,9.356895876,479,24,462,35,503,497
35,1000,70,7.7,28,8,946,32,12,10,54,7.503338529,107,714,70.2514542,9.238436551,6.564656051,8.390886554,466,20,480,34,486,514
33,1000,70,7.7,28,23,951,25,14,10,49,7.672631619,92,744,71.27398457,9.511549991,7.173285278,8.124421164,456,19,495,30,475,525
38,1000,70,7.7,28,1,939,29,16,16,61,7.051855483,98,714,69.97014764,8.833526875,6.542593739,7.571405344,483,22,456,39,505,495
36,1000,70,7.7,28,7,955,21,13,11,45,7.374469887,80,698,70.42689727,8.74224802,6.732815501,8.047681046,496,16,459,29,512,488
34,1000,70,7.7,28,11,960,23,11,6,40,7.136534831,93,686,70.67738328,8.898881292,6.482468263,7.83384547,503,13,457,27,516,484
32,1000,70,7.7,28,45,951,24,15,10,49,8.127557047,90,703,71.86362893,9.980234822,7.442376736,8.76511865,469,13,482,36,482,518
37,1000,70,7.7,28,3,950,26,7,17,50,7.260250551,117,694,70.18606195,8.900658581,6.138046614,8.33844649,474,16,476,34,490,510
31,1000,70,7.7,28,98,939,32,16,13,61,8.947973005,112,733,73.73421011,11.71478558,8.511636719,9.389576933,477,26,462,35,503,497
35,1000,70,7.7,28,9,948,30,13,9,52,7.487931008,117,724,70.30749242,9.275878512,6.591778046,8.335266299,466,20,482,32,486,514
33,1000,70,7.7,28,24,953,24,13,10,47,7.65738545,106,718,71.30687801,9.521677918,7.159993547,8.107406696,456,19,497,28,475,525
36,1000,70,7.7,28,8,956,21,12,11,44,7.381432919,97,713,70.47755115,8.754329288,6.760247282,8.033168669,496,16,460,28,512,488
38,1000,70,7.7,28,2,941,28,16,15,59,7.036682748,120,731,70.02161203,8.877118042,6.519389026,7.564426848,484,21,457,38,505,495
34,1000,70,7.7,28,12,960,23,11,6,40,7.186239948,99,727,70.7077599,8.922244638,6.547929434,7.866752811,503,13,457,27,516,484
35,1000,70,7.7,28,10,948,30,13,9,52,7.476979568,97,737,70.3620971,9.303121236,6.600065874,8.306123644,466,20,482,32,486,514
32,1000,70,7.7,28,46,951,24,15,10,49,8.173573413,90,723,71.90731966,9.994687791,7.487919181,8.811575999,469,13,482,36,482,518
37,1000,70,7.7,28,4,952,24,8,16,48,7.24212877,110,710,70.24452692,8.91204861,6.128036722,8.312530934,475,15,477,33,490,510
31,1000,70,7.7,28,99,942,29,16,13,58,8.94775008,141,723,73.79057788,11.72622216,8.520010092,9.380653931,478,25,464,33,503,497
33,1000,70,7.7,28,25,952,25,13,10,48,7.667163136,96,697,71.35427715,9.543017986,7.203737205,8.086453264,455,20,497,28,475,525
34,1000,70,7.7,28,13,960,23,11,6,40,7.206337407,109,728,70.74883202,8.949351917,6.591553216,7.861768487,503,13,457,27,516,484
36,1000,70,7.7,28,9,958,21,12,9,42,7.343742625,86,728,70.53623878,8.769115857,6.763543365,7.952476275,496,16,462,26,512,488
38,1000,70,7.7,28,3,940,30,16,14,60,7.090534658,78,707,70.02989236,8.908070741,6.598781956,7.592221758,484,21,456,39,505,495
35,1000,70,7.7,28,11,947,31,13,9,53,7.492551891,99,724,70.41481145,9.326599816,6.601881548,8.334703227,466,20,481,33,486,514
37,1000,70,7.7,28,5,952,24,8,16,48,7.286379175,88,705,70.33469959,8.940817552,6.211388637,8.319213221,475,15,477,33,490,510
31,1000,70,7.7,28,100,942,29,16,13,58,8.938079144,154,728,73.80883146,11.78486365,8.53527153,9.345749627,478,25,464,33,503,497
33,1000,70,7.7,28,26,952,25,13,10,48,7.675482095,94,738,71.36333621,9.572746846,7.263972653,8.047800161,455,20,497,28,475,525
34,1000,70,7.7,28,14,961,22,11,6,39,7.227747651,101,710,70.79329267,8.97332021,6.590200615,7.907446556,504,12,457,27,516,484
36,1000,70,7.7,28,10,959,19,13,9,41,7.384194682,90,707,70.56101638,8.800050785,6.808434217,7.988271235,497,15,462,26,512,488
32,1000,70,7.7,28,47,951,24,15,10,49,8.192717958,97,723,71.94130651,10.03252297,7.514061601,8.824209008,469,13,482,36,482,518
38,1000,70,7.7,28,4,941,29,15,15,59,7.105684712,88,710,70.08380063,8.94176604,6.593670039,7.628043116,484,21,457,38,505,495
35,1000,70,7.7,28,12,946,32,13,9,54,7.486138927,110,719,70.48967005,9.358221123,6.589170361,8.334245392,467,19,479,35,486,514
37,1000,70,7.7,28,6,953,23,8,16,47,7.293366498,89,717,70.36695676,8.947765039,6.209474484,8.334752943,476,14,477,33,490,510
34,1000,70,7.7,28,15,962,21,11,6,38,7.251665834,99,706,70.83677026,9.010495403,6.652936962,7.889980085,504,12,458,26,516,484
31,1000,70,7.7,28,101,940,30,17,13,60,8.928155923,117,761,73.84325957,11.81664887,8.532355298,9.328734826,477,26,463,34,503,497
36,1000,70,7.7,28,11,959,19,13,9,41,7.394498175,95,706,70.61097851,8.813180717,6.817531529,7.99984023,497,15,462,26,512,488
33,1000,70,7.7,28,27,952,25,13,10,48,7.718956289,103,741,71.40522399,9.606118257,7.286446892,8.110274314,455,20,497,28,475,525
38,1000,70,7.7,28,5,941,29,15,15,59,7.1214698,94,710,70.11190427,8.95452206,6.615969309,7.637182422,484,21,457,38,505,495
32,1000,70,7.7,28,48,951,24,15,10,49,8.214913447,103,716,71.98420803,10.05596981,7.517872422,8.863511467,469,13,482,36,482,518
35,1000,70,7.7,28,13,948,31,11,10,52,7.466141182,110,705,70.54067827,9.389008062,6.582479823,8.301665345,468,18,480,34,486,514
37,1000,70,7.7,28,7,952,24,8,16,48,7.32607231,94,708,70.40169081,8.983874603,6.28309972,8.328144014,476,14,476,34,490,510
34,1000,70,7.7,28,16,963,20,11,6,37,7.22903431,87,720,70.86829295,9.033980255,6.636598192,7.860639758,505,11,458,26,516,484
36,1000,70,7.7,28,12,959,20,12,9,41,7.397090667,80,726,70.66494317,8.874212564,6.835852791,7.985930405,496,16,463,25,512,488
33,1000,70,7.7,28,28,952,25,13,10,48,7.755373202,107,715,71.44759925,9.622639439,7.3072469,8.160820808,455,20,497,28,475,525
31,1000,70,7.7,28,102,939,31,17,13,61,8.971213221,126,746,73.89882956,11.86613402,8.611330325,9.335440781,476,27,463,34,503,497
38,1000,70,7.7,28,6,942,28,15,15,58,7.145615514,80,695,70.17527811,8.988338808,6.664751944,7.636193501,484,21,458,37,505,495
32,1000,70,7.7,28,49,951,24,14,11,49,8.226126157,116,750,72.02794217,10.0959645,7.515289005,8.887561499,469,13,482,36,482,518
35,1000,70,7.7,28,14,947,32,11,10,53,7.49501401,98,702,70.57123128,9.396748008,6.600864757,8.340454743,468,18,479,35,486,514
34,1000,70,7.7,28,17,964,20,10,6,36,7.24227663,96,699,70.89649775,9.062654866,6.674258538,7.847849638,505,11,459,25,516,484
37,1000,70,7.7,28,8,954,23,7,16,46,7.33517642,95,705,70.42734067,9.015388452,6.294533492,8.335009821,477,13,477,33,490,510
36,1000,70,7.7,28,13,959,21,11,9,41,7.390246224,97,735,70.72232295,8.887453147,6.811689177,7.997256897,497,15,462,26,512,488
33,1000,70,7.7,28,29,952,25,13,10,48,7.788469048,94,726,71.49301276,9.646446429,7.318933886,8.213286575,455,20,497,28,475,525
31,1000,70,7.7,28,103,939,31,17,13,61,8.982538484,128,743,73.94975594,11.87160186,8.619570733,9.349888139,475,28,464,33,503,497
38,1000,70,7.7,28,7,944,27,14,15,56,7.13676123,87,720,70.23172756,9.009677809,6.669940146,7.613013042,484,21,460,35,505,495
32,1000,70,7.7,28,50,952,23,14,11,48,8.236953788,133,719,72.12376527,10.09861586,7.546248577,8.879656319,469,13,483,35,482,518
35,1000,70,7.7,28,15,949,33,8,10,51,7.47657809,94,703,70.61906594,9.42376867,6.628576758,8.278384797,468,18,481,33,486,514
34,1000,70,7.7,28,18,964,21,9,6,36,7.229410695,111,708,70.93795637,9.092527058,6.655506013,7.841259487,505,11,459,25,516,484
37,1000,70,7.7,28,9,954,23,7,16,46,7.349601183,105,706,70.46658953,9.04045214,6.287240108,8.370301039,477,13,477,33,490,510
36,1000,70,7.7,28,14,960,20,11,9,40,7.379297878,93,713,70.77704208,8.91856149,6.799979563,7.987107257,499,13,461,27,512,488
33,1000,70,7.7,28,30,951,26,13,10,49,7.823056377,106,716,71.547004,9.672421254,7.388821823,8.21593526,455,20,496,29,475,525
31,1000,70,7.7,28,104,940,30,17,13,60,8.988683491,147,740,74.01969864,11.91320005,8.628831206,9.352880069,476,27,464,33,503,497
39,1000,70,7.7,28,0,926,33,27,14,74,7.651,91,684,70.209113,9.248398268,6.907662083,8.421588595,475,34,451,40,509,491
38,1000,70,7.7,28,8,945,28,13,14,55,7.146126128,93,701,70.28240145,9.015694412,6.679298229,7.622384894,485,20,460,35,505,495
35,1000,70,7.7,28,16,949,32,8,11,51,7.493378009,94,711,70.65409434,9.42751462,6.653445281,8.287555647,467,19,482,32,486,514
34,1000,70,7.7,28,19,964,21,9,6,36,7.264511621,93,694,70.95319735,9.118069576,6.688208602,7.878917319,505,11,459,25,516,484
37,1000,70,7.7,28,10,952,25,7,16,48,7.398853677,98,686,70.51093227,9.061221692,6.35784216,8.399041213,477,13,475,35,490,510
36,1000,70,7.7,28,15,960,20,11,9,40,7.369142846,90,707,70.82013351,8.941348293,6.780145517,7.987107257,499,13,461,27,512,488
32,1000,70,7.7,28,51,951,24,14,11,49,8.273484413,104,716,72.16375927,10.13295252,7.593789666,8.905941688,469,13,482,36,482,518
33,1000,70,7.7,28,31,952,26,11,11,48,7.811654023,90,730,71.5684689,9.702441127,7.392719196,8.190690295,455,20,497,28,475,525
39,1000,70,7.7,28,1,926,33,27,14,74,7.679712187,93,724,70.22546773,9.302602442,6.944125154,8.44226575,475,34,451,40,509,491
38,1000,70,7.7,28,9,946,28,14,12,54,7.159197983,83,724,70.36059631,9.023524772,6.695635777,7.632125083,486,19,460,35,505,495
35,1000,70,7.7,28,17,949,32,8,11,51,7.569072723,93,720,70.69849326,9.449407779,6.749457657,8.344039498,467,19,482,32,486,514
34,1000,70,7.7,28,20,964,21,9,6,36,7.310944052,65,711,70.99657299,9.133413522,6.738892109,7.920817611,505,11,459,25,516,484
37,1000,70,7.7,28,11,952,25,7,16,48,7.418289087,100,710,70.53508221,9.071889344,6.404585913,8.392239196,477,13,475,35,490,510
36,1000,70,7.7,28,16,961,19,11,9,39,7.362063444,100,694,70.85439664,8.963734005,6.738823293,8.01595475,500,12,461,27,512,488
33,1000,70,7.7,28,32,953,26,11,10,47,7.841621732,105,715,71.61185955,9.690227644,7.426275398,8.217411272,455,20,498,27,475,525
32,1000,70,7.7,28,52,952,23,14,11,48,8.281487646,122,721,72.22610546,10.14692107,7.640465061,8.877960399,469,13,483,35,482,518
39,1000,70,7.7,28,2,925,34,27,14,75,7.726378032,95,719,70.23615156,9.336983091,7.014125429,8.464741728,473,36,452,39,509,491
38,1000,70,7.7,28,10,946,29,13,12,54,7.183787867,92,713,70.3986619,9.038348048,6.69654521,7.68087381,487,18,459,36,505,495
34,1000,70,7.7,28,21,964,20,10,6,36,7.323203253,110,708,71.03915369,9.155009365,6.745129994,7.939496233,505,11,459,25,516,484
35,1000,70,7.7,28,18,947,34,8,11,53,7.565754121,107,721,70.77888919,9.493649457,6.765958277,8.321981319,466,20,481,33,486,514
37,1000,70,7.7,28,12,953,25,6,16,47,7.4398426,89,704,70.56697162,9.116379051,6.456696023,8.384434409,477,13,476,34,490,510
33,1000,70,7.7,28,33,954,25,11,10,46,7.86893099,83,720,71.65372375,9.709487807,7.493099406,8.20896909,455,20,499,26,475,525
36,1000,70,7.7,28,17,961,20,9,10,39,7.416053123,93,727,70.91514882,8.98721274,6.822971378,8.038302822,500,12,461,27,512,488
32,1000,70,7.7,28,53,950,24,15,11,50,8.284108613,98,712,72.27210434,10.16488078,7.633856349,8.8891696,468,14,482,36,482,518
38,1000,70,7.7,28,11,946,30,11,13,54,7.210243175,100,725,70.50632808,9.055821882,6.740039697,7.689945712,486,19,460,35,505,495
39,1000,70,7.7,28,3,925,34,26,15,75,7.76593578,87,700,70.25127969,9.350317283,7.061551728,8.496142466,473,36,452,39,509,491
34,1000,70,7.7,28,22,964,19,11,6,36,7.345711872,86,712,71.0951045,9.182313908,6.749132129,7.981734904,505,11,459,25,516,484
35,1000,70,7.7,28,19,948,32,9,11,52,7.571335387,107,708,70.84480747,9.51586529,6.74997883,8.347948784,467,19,481,33,486,514
37,1000,70,7.7,28,13,953,25,6,16,47,7.476284635,100,722,70.60003012,9.151006393,6.509647477,8.405014453,477,13,476,34,490,510
33,1000,70,7.7,28,34,953,26,11,10,47,7.880228602,90,720,71.67835562,9.723388344,7.519912443,8.206228936,455,20,498,27,475,525
36,1000,70,7.7,28,18,961,18,10,11,39,7.464662062,87,700,70.95508936,9.008981306,6.892487072,8.064976806,500,12,461,27,512,488
32,1000,70,7.7,28,54,951,23,14,12,49,8.28227273,95,747,72.30311082,10.19689934,7.652360797,8.868407,469,13,482,36,482,518
34,1000,70,7.7,28,23,962,21,11,6,38,7.359396295,118,743,71.15341274,9.222355303,6.791680072,7.964647475,504,12,458,26,516,484
35,1000,70,7.7,28,20,948,32,9,11,52,7.613513722,92,699,70.90034075,9.537325338,6.780660336,8.400997663,467,19,481,33,486,514
38,1000,70,7.7,28,12,945,30,12,13,55,7.228190474,93,691,70.54699721,9.082813368,6.728779478,7.737690581,485,20,460,35,505,495
39,1000,70,7.7,28,4,925,34,26,15,75,7.779949963,99,728,70.28145249,9.362353442,7.0931427,8.491935496,474,35,451,40,509,491
37,1000,70,7.7,28,14,954,26,6,14,46,7.494951895,93,721,70.64486188,9.181149869,6.540701339,8.411780861,477,13,477,33,490,510
33,1000,70,7.7,28,35,951,28,11,10,49,7.895322181,101,741,71.70533154,9.733947327,7.548724317,8.208910725,453,22,498,27,475,525
36,1000,70,7.7,28,19,959,20,10,11,41,7.517043707,91,706,71.00397224,9.034324242,6.95531385,8.106399623,499,13,460,28,512,488
34,1000,70,7.7,28,24,964,20,10,6,36,7.352123144,94,716,71.21245797,9.236146451,6.747887024,7.996308759,506,10,458,26,516,484
35,1000,70,7.7,28,21,948,31,10,11,52,7.639751116,95,709,70.96581828,9.570033155,6.815612772,8.418994765,467,19,481,33,486,514
32,1000,70,7.7,28,55,951,22,15,12,49,8.290607248,111,735,72.38701216,10.24069072,7.625662878,8.909339268,469,13,482,36,482,518
38,1000,70,7.7,28,13,947,28,12,13,53,7.229965444,97,715,70.59780588,9.118984199,6.762045884,7.707337925,485,20,462,33,505,495
37,1000,70,7.7,28,15,955,25,6,14,45,7.524599373,90,705,70.70281757,9.221992169,6.584536447,8.427797085,477,13,478,32,490,510
33,1000,70,7.7,28,36,949,29,12,10,51,7.914570716,104,722,71.78172477,9.75855847,7.582162077,8.215321388,451,24,498,27,475,525
36,1000,70,7.7,28,20,960,18,11,11,40,7.526958589,102,700,71.02739318,9.048310926,6.974721303,8.106355085,499,13,461,27,512,488
39,1000,70,7.7,28,5,926,33,26,15,74,7.802767073,101,710,70.33709971,9.372443654,7.10204743,8.529175013,475,34,451,40,509,491
34,1000,70,7.7,28,25,964,20,10,6,36,7.365688234,93,728,71.25421997,9.266193378,6.769870393,8.000898991,506,10,458,26,516,484
35,1000,70,7.7,28,22,948,31,10,11,52,7.660105202,100,713,71.02130028,9.593396106,6.810464289,8.463462175,468,18,480,34,486,514
33,1000,70,7.7,28,37,949,29,13,9,51,7.942114854,101,715,71.80860018,9.770350268,7.583637872,8.266451171,451,24,498,27,475,525
37,1000,70,7.7,28,16,955,25,6,14,45,7.547724921,88,712,70.7303772,9.242861423,6.616515695,8.442416138,477,13,478,32,490,510
36,1000,70,7.7,28,21,960,19,11,10,40,7.541442993,101,689,71.05334237,9.093767364,7.01951229,8.089042419,499,13,461,27,512,488
38,1000,70,7.7,28,14,947,28,11,14,53,7.266481482,113,713,70.62730449,9.148099199,6.787147354,7.755499127,485,20,462,33,505,495
32,1000,70,7.7,28,56,951,22,15,12,49,8.298921565,103,741,72.41526717,10.27485408,7.64872628,8.903929533,469,13,482,36,482,518
39,1000,70,7.7,28,6,926,33,26,15,74,7.810709339,90,704,70.39722117,9.394844359,7.118378012,8.528421449,475,34,451,40,509,491
34,1000,70,7.7,28,26,963,21,10,6,37,7.392764464,89,710,71.30031428,9.294949707,6.809297728,8.014807513,505,11,458,26,516,484
35,1000,70,7.7,28,23,951,29,9,11,49,7.665178357,97,722,71.08265968,9.621887654,6.831627754,8.453321534,469,17,482,32,486,514
33,1000,70,7.7,28,38,950,28,13,9,50,7.9474594,102,710,71.86433357,9.794983796,7.58711928,8.273481414,451,24,499,26,475,525
37,1000,70,7.7,28,17,955,26,4,15,45,7.567202046,95,725,70.78105319,9.263498801,6.638175828,8.459795863,477,13,478,32,490,510
36,1000,70,7.7,28,22,962,19,9,10,38,7.515612806,101,723,71.09219964,9.11816216,7.015040948,8.040802953,500,12,462,26,512,488
38,1000,70,7.7,28,15,946,29,11,14,54,7.311530687,77,720,70.65588079,9.171594408,6.79759111,7.835852883,484,21,462,33,505,495
39,1000,70,7.7,28,7,927,34,24,15,73,7.830624475,91,721,70.42742554,9.417190345,7.139860322,8.546711958,476,33,451,40,509,491
32,1000,70,7.7,28,57,952,22,14,12,48,8.331548602,117,734,72.44933447,10.30177209,7.679978345,8.937835985,469,13,483,35,482,518
34,1000,70,7.7,28,27,962,21,11,6,38,7.429521119,89,710,71.33877218,9.339176402,6.842465899,8.055389908,504,12,458,26,516,484
35,1000,70,7.7,28,24,950,29,10,11,50,7.701578887,97,739,71.16291276,9.679847686,6.839302036,8.516883459,469,17,481,33,486,514
33,1000,70,7.7,28,39,949,29,13,9,51,7.930238146,117,725,71.88449684,9.809415471,7.629329748,8.202488602,451,24,498,27,475,525
37,1000,70,7.7,28,18,955,26,3,16,45,7.589780234,108,716,70.83291098,9.271801728,6.679325988,8.464530391,477,13,478,32,490,510
36,1000,70,7.7,28,23,962,20,8,10,38,7.552288541,79,721,71.11315775,9.154972768,7.072434753,8.055741695,500,12,462,26,512,488
38,1000,70,7.7,28,16,947,30,11,12,53,7.299955138,100,718,70.67899018,9.19081163,6.815776131,7.793915538,484,21,463,32,505,495
39,1000,70,7.7,28,8,927,34,24,15,73,7.859128848,97,674,70.47259903,9.426386236,7.169843511,8.573683301,477,32,450,41,509,491
32,1000,70,7.7,28,58,951,22,15,12,49,8.339235728,90,726,72.48130786,10.31605996,7.686112927,8.946967755,469,13,482,36,482,518
34,1000,70,7.7,28,28,963,20,11,6,37,7.442012891,102,721,71.38338321,9.393252663,6.851789457,8.071259363,504,12,459,25,516,484
35,1000,70,7.7,28,25,950,28,11,11,50,7.749038001,88,725,71.21184893,9.71977332,6.885994031,8.565067901,469,17,481,33,486,514
33,1000,70,7.7,28,40,949,29,13,9,51,7.96019822,119,737,71.92978121,9.825017225,7.659684871,8.232091249,451,24,498,27,475,525
37,1000,70,7.7,28,19,955,26,3,16,45,7.613184406,102,713,70.86467607,9.298445426,6.719760624,8.47157196,477,13,478,32,490,510
36,1000,70,7.7,28,24,961,21,7,11,39,7.609847523,103,704,71.1572363,9.180893665,7.114728339,8.129316831,500,12,461,27,512,488
38,1000,70,7.7,28,17,947,30,11,12,53,7.352445816,96,699,70.74590652,9.219167257,6.840270019,7.874968599,484,21,463,32,505,495
39,1000,70,7.7,28,9,929,32,24,15,71,7.874447848,99,712,70.52351838,9.475460059,7.203068718,8.570439656,478,31,451,40,509,491
34,1000,70,7.7,28,29,965,19,9,7,35,7.427245314,92,745,71.43971135,9.392643799,6.804113957,8.091575438,505,11,460,24,516,484
32,1000,70,7.7,28,59,951,21,15,13,49,8.382066322,125,722,72.53412458,10.34412987,7.803921298,8.920031384,469,13,482,36,482,518
35,1000,70,7.7,28,26,950,29,10,11,50,7.774916936,137,735,71.26495334,9.760053428,6.941729112,8.562717097,468,18,482,32,486,514
33,1000,70,7.7,28,41,951,28,12,9,49,7.966475084,94,734,71.96045966,9.859461829,7.712094233,8.196629187,451,24,500,25,475,525
37,1000,70,7.7,28,20,954,27,3,16,46,7.635014161,89,722,70.91300355,9.333809043,6.742167497,8.492847231,477,13,477,33,490,510
36,1000,70,7.7,28,25,961,23,6,10,39,7.613986543,92,718,71.20240084,9.197086408,7.153608433,8.0970062,499,13,462,26,512,488
38,1000,70,7.7,28,18,947,30,11,12,53,7.393962678,80,706,70.77494934,9.253602034,6.877427584,7.920932823,483,22,464,31,505,495
39,1000,70,7.7,28,10,929,32,24,15,71,7.90192167,106,732,70.59715007,9.509106062,7.224787709,8.603879279,478,31,451,40,509,491
34,1000,70,7.7,28,30,965,19,9,7,35,7.446636909,97,709,71.4826499,9.436240763,6.790104942,8.146575948,505,11,460,24,516,484
35,1000,70,7.7,28,27,951,29,9,11,49,7.782546684,105,731,71.31116921,9.776476954,6.993591677,8.528523598,467,19,484,30,486,514
33,1000,70,7.7,28,42,953,28,10,9,47,7.953790503,101,734,71.97824837,9.876534724,7.684057734,8.197834437,453,22,500,25,475,525
32,1000,70,7.7,28,60,953,21,14,12,47,8.357787023,101,738,72.61498998,10.38230965,7.768253134,8.906349444,470,12,483,35,482,518
36,1000,70,7.7,28,26,960,24,6,10,40,7.646804049,85,702,71.26067269,9.216429929,7.160153844,8.15738787,498,14,462,26,512,488
37,1000,70,7.7,28,21,953,28,3,16,47,7.682141478,110,691,70.96959025,9.357311124,6.763231662,8.565015616,477,13,476,34,490,510
38,1000,70,7.7,28,19,949,28,11,12,51,7.380099486,116,706,70.83831189,9.279905062,6.891254752,7.878819871,483,22,466,29,505,495
39,1000,70,7.7,28,11,929,31,24,16,71,7.961856065,90,705,70.6282188,9.551649514,7.291892343,8.656380574,478,31,451,40,509,491
34,1000,70,7.7,28,31,964,20,9,7,36,7.453705422,103,725,71.51696329,9.448528338,6.809525671,8.14047557,504,12,460,24,516,484
35,1000,70,7.7,28,28,952,29,8,11,48,7.794536433,86,733,71.35120793,9.81601324,7.002103988,8.543801353,468,18,484,30,486,514
33,1000,70,7.7,28,43,953,28,10,9,47,7.978812225,112,727,72.01706663,9.901971905,7.698626748,8.232313371,452,23,501,24,475,525
36,1000,70,7.7,28,27,960,23,7,10,40,7.642814229,99,699,71.30232198,9.238805417,7.169674214,8.139223425,498,14,462,26,512,488
37,1000,70,7.7,28,22,953,28,3,16,47,7.665023699,97,728,71.00038394,9.38746268,6.746056725,8.547952752,477,13,476,34,490,510
32,1000,70,7.7,28,61,953,21,14,12,47,8.375676602,97,726,72.64850151,10.37968541,7.786415913,8.923984811,470,12,483,35,482,518
38,1000,70,7.7,28,20,952,26,10,12,48,7.375570643,86,694,70.90295071,9.301146235,6.874744989,7.886513987,484,21,468,27,505,495
34,1000,70,7.7,28,32,964,20,9,7,36,7.473015067,113,745,71.55190285,9.475677604,6.842736244,8.144965217,504,12,460,24,516,484
39,1000,70,7.7,28,12,931,29,24,16,69,7.975169454,119,702,70.66238561,9.581024716,7.300411269,8.674664191,479,30,452,39,509,491
35,1000,70,7.7,28,29,954,28,8,10,46,7.768748197,114,723,71.40659005,9.849779083,7.015545845,8.480920072,468,18,486,28,486,514
33,1000,70,7.7,28,44,953,29,10,8,47,7.99771459,91,702,72.03399951,9.944784057,7.714664522,8.253807509,452,23,501,24,475,525
37,1000,70,7.7,28,23,954,27,3,16,46,7.677229718,107,701,71.00674871,9.419732681,6.77405972,8.544981284,478,12,476,34,490,510
36,1000,70,7.7,28,28,959,24,7,10,41,7.651178731,91,736,71.33839202,9.244046701,7.182201029,8.14322091,498,14,461,27,512,488
32,1000,70,7.7,28,62,955,19,13,13,45,8.370279482,116,718,72.71426309,10.39395254,7.825561242,8.877140856,470,12,485,33,482,518
34,1000,70,7.7,28,33,965,19,9,7,35,7.510016634,85,724,71.59356876,9.531353283,6.88687079,8.174362205,504,12,461,23,516,484
38,1000,70,7.7,28,21,953,25,10,12,47,7.353919969,99,702,70.96031533,9.311688998,6.866157164,7.851536569,484,21,469,26,505,495
35,1000,70,7.7,28,30,953,29,8,10,47,7.77947936,116,758,71.45128785,9.871846839,7.032371924,8.485888337,467,19,486,28,486,514
33,1000,70,7.7,28,45,954,28,10,8,46,8.004956595,111,722,72.08807781,9.960368971,7.722198225,8.260785597,452,23,502,23,475,525
39,1000,70,7.7,28,13,933,31,21,15,67,7.971387435,120,699,70.67510861,9.626194723,7.326655442,8.639755223,478,31,455,36,509,491
36,1000,70,7.7,28,29,960,23,7,10,40,7.64507688,76,696,71.40398242,9.272864969,7.159798685,8.154221217,498,14,462,26,512,488
37,1000,70,7.7,28,24,953,27,4,16,47,7.729206526,94,718,71.05734088,9.428019519,6.822157595,8.600684911,478,12,475,35,490,510
34,1000,70,7.7,28,34,965,19,10,6,35,7.516110324,116,711,71.64711862,9.566956867,6.886962914,8.186854257,504,12,461,23,516,484
32,1000,70,7.7,28,63,955,19,12,14,45,8.358815714,108,738,72.76964481,10.42227733,7.778233258,8.89904881,471,11,484,34,482,518
35,1000,70,7.7,28,31,953,28,9,10,47,7.831591515,97,732,71.50665738,9.869179376,7.116310217,8.507908073,467,19,486,28,486,514
38,1000,70,7.7,28,22,955,23,10,12,45,7.404703746,82,748,70.99218479,9.351965131,6.940254873,7.878535424,485,20,470,25,505,495
33,1000,70,7.7,28,46,955,27,10,8,45,8.028123415,111,732,72.13089066,9.982934847,7.742512156,8.286533602,452,23,503,22,475,525
39,1000,70,7.7,28,14,935,31,19,15,65,7.967647626,119,710,70.73912021,9.655667802,7.316740889,8.642416524,481,28,454,37,509,491
37,1000,70,7.7,28,25,953,27,4,16,47,7.724616141,94,701,71.14333777,9.465234924,6.837690165,8.576760707,478,12,475,35,490,510
36,1000,70,7.7,28,30,959,24,7,10,41,7.674801754,86,726,71.43278356,9.289058379,7.165969347,8.208658705,498,14,461,27,512,488
34,1000,70,7.7,28,35,965,19,10,6,35,7.554856321,92,719,71.69909314,9.576067838,6.957413719,8.19179926,503,13,462,22,516,484
35,1000,70,7.7,28,32,956,27,7,10,44,7.79756993,109,720,71.54256161,9.916574145,7.082365086,8.473814199,468,18,488,26,486,514
38,1000,70,7.7,28,23,955,23,10,12,45,7.422595577,90,714,71.01557377,9.37964653,6.960862361,7.893656737,485,20,470,25,505,495
33,1000,70,7.7,28,47,955,26,11,8,45,8.045871129,100,737,72.15582653,9.99669664,7.773152984,8.292616118,452,23,503,22,475,525
32,1000,70,7.7,28,64,955,19,12,14,45,8.390976416,101,739,72.81138332,10.45155295,7.851056042,8.893373366,471,11,484,34,482,518
36,1000,70,7.7,28,31,959,24,7,10,41,7.658176459,98,711,71.49641456,9.312872889,7.163645387,8.177028731,498,14,461,27,512,488
37,1000,70,7.7,28,26,953,26,5,16,47,7.785338803,103,681,71.20526128,9.513749896,6.905111985,8.631046922,478,12,475,35,490,510
39,1000,70,7.7,28,15,936,30,19,15,64,7.982834105,91,698,70.80601133,9.681997381,7.341186052,8.648004896,483,26,453,38,509,491
34,1000,70,7.7,28,36,965,19,10,6,35,7.569234715,92,726,71.74704509,9.613180968,6.945538555,8.234166985,503,13,462,22,516,484
35,1000,70,7.7,28,33,959,26,5,10,41,7.77620136,117,722,71.64179455,9.941471473,7.040478054,8.471846353,470,16,489,25,486,514
33,1000,70,7.7,28,48,956,25,12,7,44,8.058757442,96,724,72.1898413,10.02191075,7.809295391,8.284461202,452,23,504,21,475,525
38,1000,70,7.7,28,24,954,24,10,12,46,7.457507074,99,730,71.0486052,9.393504017,7.027547313,7.896152891,484,21,470,25,505,495
36,1000,70,7.7,28,32,960,24,7,9,40,7.665347695,111,708,71.54146092,9.368508226,7.170262809,8.184781018,499,13,461,27,512,488
37,1000,70,7.7,28,27,954,26,5,15,46,7.784174033,113,702,71.24547273,9.540193516,6.891035234,8.642287782,479,11,475,35,490,510
32,1000,70,7.7,28,65,955,19,12,14,45,8.405231701,115,720,72.88701771,10.49815458,7.853214224,8.918885029,471,11,484,34,482,518
39,1000,70,7.7,28,16,937,31,18,14,63,7.97298049,107,726,70.84961167,9.699918555,7.290499487,8.680481164,485,24,452,39,509,491
34,1000,70,7.7,28,37,964,20,10,6,36,7.60569968,92,693,71.75781232,9.646636079,6.993854788,8.257997125,502,14,462,22,516,484
35,1000,70,7.7,28,34,958,27,4,11,42,7.812039093,94,720,71.68810879,9.994248219,7.065063709,8.518323212,470,16,488,26,486,514
33,1000,70,7.7,28,49,956,25,11,8,44,8.108732981,116,734,72.22991818,10.04583887,7.854681587,8.338589004,452,23,504,21,475,525
38,1000,70,7.7,28,25,956,23,9,12,44,7.483904668,93,731,71.08180326,9.440381201,7.020755093,7.9564108,485,20,471,24,505,495
36,1000,70,7.7,28,33,960,24,7,9,40,7.666325217,98,720,71.60964928,9.403710418,7.151924994,8.20602381,499,13,461,27,512,488
37,1000,70,7.7,28,28,953,28,5,14,47,7.756655877,110,740,71.27151937,9.592750022,6.824215485,8.652529979,480,10,473,37,490,510
39,1000,70,7.7,28,17,938,30,18,14,62,7.996766842,104,713,70.90178185,9.710011117,7.314914183,8.703616135,486,23,452,39,509,491
32,1000,70,7.7,28,66,955,18,12,15,45,8.437633396,109,738,72.91897969,10.52034987,7.867501932,8.968141823,471,11,484,34,482,518
34,1000,70,7.7,28,38,965,20,9,6,35,7.626903982,103,714,71.79488925,9.681065367,7.041520265,8.250990754,502,14,463,21,516,484
35,1000,70,7.7,28,35,958,27,4,11,42,7.865215498,94,746,71.73214014,10.01173521,7.130875591,8.559552453,470,16,488,26,486,514
33,1000,70,7.7,28,50,955,26,10,9,45,8.171826777,86,713,72.30233379,10.0694209,7.879901256,8.435949868,453,22,502,23,475,525
36,1000,70,7.7,28,34,959,25,7,9,41,7.710152135,105,716,71.6772152,9.431667406,7.194840499,8.250806966,499,13,460,28,512,488
37,1000,70,7.7,28,29,955,27,5,13,45,7.773607322,95,726,71.28700027,9.602921431,6.800541214,8.708513975,482,8,473,37,490,510
38,1000,70,7.7,28,26,956,23,9,12,44,7.503269977,106,731,71.13472261,9.459558993,7.039048086,7.976870088,485,20,471,24,505,495
34,1000,70,7.7,28,39,966,21,8,5,34,7.630678658,103,720,71.84454401,9.701666483,7.070429997,8.227968554,502,14,464,20,516,484
39,1000,70,7.7,28,18,937,31,18,14,63,8.05109414,81,724,70.96679765,9.717804539,7.345503925,8.782551205,486,23,451,40,509,491
32,1000,70,7.7,28,67,956,17,12,15,44,8.438540087,135,731,72.92942028,10.55798485,7.876672479,8.961358982,471,11,485,33,482,518
35,1000,70,7.7,28,36,958,27,4,11,42,7.885844844,108,712,71.75768805,10.053167,7.161651544,8.570587926,471,15,487,27,486,514
33,1000,70,7.7,28,51,954,27,9,10,46,8.195929789,108,746,72.37790388,10.09276366,7.920454563,8.445169279,452,23,502,23,475,525
36,1000,70,7.7,28,35,962,23,6,9,38,7.686975144,99,743,71.71515147,9.439184337,7.188344043,8.210129085,499,13,463,25,512,488
37,1000,70,7.7,28,30,954,28,5,13,46,7.805727346,81,717,71.29466598,9.62484567,6.824077614,8.74888101,482,8,472,38,490,510
38,1000,70,7.7,28,27,955,24,9,12,45,7.551839994,109,708,71.18515688,9.472738861,7.08393343,8.029199215,484,21,471,24,505,495
34,1000,70,7.7,28,40,965,22,8,5,35,7.667286337,90,718,71.88169243,9.72063134,7.135204121,8.234547543,501,15,464,20,516,484
39,1000,70,7.7,28,19,936,32,18,14,64,8.072281696,92,718,71.00317647,9.739645992,7.36914691,8.801193317,485,24,451,40,509,491
35,1000,70,7.7,28,37,958,27,4,11,42,7.898747992,99,771,71.80116808,10.07881996,7.202652582,8.556923808,471,15,487,27,486,514
32,1000,70,7.7,28,68,957,16,12,15,43,8.437908372,127,706,72.97649895,10.57325416,7.816309404,9.016307412,471,11,486,32,482,518
33,1000,70,7.7,28,52,952,30,9,9,48,8.193359291,125,723,72.43857976,10.1224867,7.935810076,8.426380009,451,24,501,24,475,525
36,1000,70,7.7,28,36,962,24,6,8,38,7.709694073,99,711,71.76451496,9.457018707,7.214939752,8.228780574,499,13,463,25,512,488
37,1000,70,7.7,28,31,954,28,5,13,46,7.820572516,96,703,71.35538099,9.660751927,6.830516857,8.771802464,482,8,472,38,490,510
38,1000,70,7.7,28,28,955,24,9,12,45,7.575130065,90,717,71.21263464,9.505962826,7.131044194,8.028187368,484,21,471,24,505,495
34,1000,70,7.7,28,41,965,22,8,5,35,7.702202755,100,721,71.92550044,9.775893636,7.160931948,8.279260061,501,15,464,20,516,484
39,1000,70,7.7,28,20,938,30,18,14,62,8.080922275,114,720,71.03324874,9.808620417,7.418206935,8.767932678,485,24,453,38,509,491
35,1000,70,7.7,28,38,958,28,4,10,42,7.881987537,107,741,71.83255571,10.11140313,7.199409642,8.5273822,471,15,487,27,486,514
33,1000,70,7.7,28,53,951,32,8,9,49,8.18521279,95,717,72.46634456,10.14415213,7.911455059,8.432898356,451,24,500,25,475,525
32,1000,70,7.7,28,69,958,16,12,14,42,8.410466792,119,750,72.99802079,10.58607749,7.799121011,8.979325221,471,11,487,31,482,518
36,1000,70,7.7,28,37,962,24,6,8,38,7.74730176,106,716,71.81899848,9.492044629,7.246358937,8.272881116,499,13,463,25,512,488
37,1000,70,7.7,28,32,955,29,4,12,45,7.799032383,120,735,71.38620733,9.686921292,6.823589183,8.736222909,482,8,473,37,490,510
34,1000,70,7.7,28,42,965,22,8,5,35,7.710438525,114,723,71.95234944,9.804297256,7.158443739,8.298928835,501,15,464,20,516,484
38,1000,70,7.7,28,29,958,22,9,11,42,7.569455357,92,722,71.24099852,9.531574408,7.12519815,8.022687457,485,20,473,22,505,495
39,1000,70,7.7,28,21,939,29,18,14,61,8.074917037,96,692,71.08285278,9.823901133,7.42676151,8.746833867,485,24,454,37,509,491
35,1000,70,7.7,28,39,957,30,4,9,43,7.882699775,112,724,71.85024525,10.15924941,7.185479619,8.541939066,470,16,487,27,486,514
33,1000,70,7.7,28,54,950,33,9,8,50,8.170414998,100,736,72.51115909,10.16381908,7.930517489,8.387465124,451,24,499,26,475,525
36,1000,70,7.7,28,38,961,25,6,8,39,7.777597419,106,708,71.84763576,9.532334489,7.290566122,8.288581076,498,14,463,25,512,488
37,1000,70,7.7,28,33,954,30,4,12,46,7.832489831,94,735,71.43125231,9.716435185,6.854971905,8.771673721,482,8,472,38,490,510
32,1000,70,7.7,28,70,957,18,13,12,43,8.433415029,127,738,73.0682106,10.62155559,7.824069943,9.000411807,471,11,486,32,482,518
34,1000,70,7.7,28,43,966,20,10,4,34,7.747021923,92,747,71.97875183,9.818387227,7.209032404,8.320580997,501,15,465,19,516,484
38,1000,70,7.7,28,30,957,23,9,11,43,7.582517419,95,724,71.27625966,9.545325065,7.158629893,8.01496833,485,20,472,23,505,495
35,1000,70,7.7,28,40,958,30,4,8,42,7.859084272,104,725,71.90590797,10.16651127,7.178692054,8.502412323,471,15,487,27,486,514
39,1000,70,7.7,28,22,939,29,17,15,61,8.098893595,111,723,71.11420935,9.8694451,7.439048321,8.782928717,485,24,454,37,509,491
33,1000,70,7.7,28,55,949,34,9,8,51,8.222726416,88,735,72.54473226,10.18635947,7.996711391,8.427216199,450,25,499,26,475,525
36,1000,70,7.7,28,39,962,24,6,8,38,7.806422759,110,739,71.88646486,9.538846816,7.313401618,8.323690841,498,14,464,24,512,488
37,1000,70,7.7,28,34,952,32,4,12,48,7.851371375,94,715,71.45989687,9.743753215,6.881316728,8.783384664,480,10,472,38,490,510
34,1000,70,7.7,28,44,966,20,10,4,34,7.756484461,103,724,71.99272,9.86187515,7.19380172,8.356369366,501,15,465,19,516,484
32,1000,70,7.7,28,71,957,18,13,12,43,8.415879794,116,715,73.11645322,10.64246711,7.846042529,8.946114468,471,11,486,32,482,518
38,1000,70,7.7,28,31,959,22,9,10,41,7.601921144,98,727,71.32941444,9.591805516,7.148603827,8.064396385,487,18,472,23,505,495
35,1000,70,7.7,28,41,958,29,5,8,42,7.877215085,103,730,71.98702646,10.18534992,7.137068486,8.577042413,471,15,487,27,486,514
39,1000,70,7.7,28,23,939,29,17,15,61,8.111812708,90,720,71.14573943,9.874931128,7.462736207,8.784684274,485,24,454,37,509,491
33,1000,70,7.7,28,56,948,35,9,8,52,8.238387361,99,724,72.58458221,10.22085651,8.020308695,8.435696629,450,25,498,27,475,525
36,1000,70,7.7,28,40,963,23,6,8,37,7.82169048,99,717,71.91055809,9.579964211,7.320011214,8.348042497,499,13,464,24,512,488
37,1000,70,7.7,28,35,952,32,5,11,48,7.890517697,107,707,71.53843173,9.779197587,6.916737872,8.826110078,480,10,472,38,490,510
34,1000,70,7.7,28,45,966,21,10,3,34,7.77815375,103,694,72.02945848,9.907733754,7.229500819,8.363081255,501,15,465,19,516,484
38,1000,70,7.7,28,32,962,18,10,10,38,7.610132664,107,738,71.37357673,9.628872556,7.186791047,8.042026637,488,17,474,21,505,495
32,1000,70,7.7,28,72,956,19,13,12,44,8.436956524,111,734,73.1251451,10.66117442,7.893741938,8.942418744,471,11,485,33,482,518
35,1000,70,7.7,28,42,959,27,6,8,41,7.895092736,116,737,72.02769765,10.20384486,7.172351164,8.578463171,471,15,488,26,486,514
39,1000,70,7.7,28,24,940,29,16,15,60,8.138167508,102,746,71.19407236,9.888512911,7.470679964,8.830125064,486,23,454,37,509,491
33,1000,70,7.7,28,57,948,37,8,7,52,8.23385801,115,731,72.63224116,10.26173932,8.062303521,8.389073977,450,25,498,27,475,525
36,1000,70,7.7,28,41,963,23,6,8,37,7.868775727,110,723,71.94332707,9.614516798,7.358177809,8.404485017,499,13,464,24,512,488
37,1000,70,7.7,28,36,951,34,5,10,49,7.897591542,88,706,71.57549465,9.790650645,6.946845477,8.811053446,479,11,472,38,490,510
34,1000,70,7.7,28,46,967,20,10,3,33,7.790796422,100,725,72.06205144,9.925032223,7.235299389,8.383020531,502,14,465,19,516,484
35,1000,70,7.7,28,43,959,27,6,8,41,7.901447243,103,720,72.08035764,10.25279799,7.216708437,8.548885103,470,16,489,25,486,514
38,1000,70,7.7,28,33,963,17,10,10,37,7.615535244,109,715,71.41621896,9.629115004,7.165422104,8.074741579,490,15,473,22,505,495
32,1000,70,7.7,28,73,955,19,14,12,45,8.465637792,112,738,73.1605182,10.68694667,7.939651453,8.955069096,470,12,485,33,482,518
33,1000,70,7.7,28,58,948,36,10,6,52,8.2515496,111,723,72.67800612,10.28713913,8.058468556,8.426241974,450,25,498,27,475,525
36,1000,70,7.7,28,42,962,23,7,8,38,7.86306474,100,707,71.98008848,9.643097714,7.36918867,8.381229797,498,14,464,24,512,488
39,1000,70,7.7,28,25,943,26,16,15,57,8.130963338,87,748,71.23477662,9.927613553,7.444514544,8.842577261,488,21,455,36,509,491
37,1000,70,7.7,28,37,951,34,5,10,49,7.906802396,104,712,71.63004117,9.806574611,6.977887385,8.799289367,479,11,472,38,490,510
34,1000,70,7.7,28,47,967,20,10,3,33,7.838270244,109,709,72.0763339,9.960799378,7.282179349,8.43112748,502,14,465,19,516,484
35,1000,70,7.7,28,44,959,27,6,8,41,7.926092168,121,748,72.14167679,10.27272386,7.24162811,8.573270246,470,16,489,25,486,514
38,1000,70,7.7,28,34,963,17,10,10,37,7.626690468,96,710,71.46494765,9.642132733,7.137478294,8.125785717,490,15,473,22,505,495
33,1000,70,7.7,28,59,948,34,12,6,52,8.276056798,96,731,72.72879884,10.33617043,8.111102067,8.425301554,450,25,498,27,475,525
36,1000,70,7.7,28,43,962,23,7,8,38,7.897835717,94,727,72.03561648,9.659744381,7.395734737,8.424630188,498,14,464,24,512,488
32,1000,70,7.7,28,74,956,19,13,12,44,8.48679745,104,728,73.20778842,10.72106816,7.953998573,8.982567835,470,12,486,32,482,518
39,1000,70,7.7,28,26,946,25,15,14,54,8.088833813,105,710,71.27384114,9.947294635,7.437591995,8.763950076,489,20,457,34,509,491
37,1000,70,7.7,28,38,951,34,5,10,49,7.929334749,98,718,71.68402758,9.815127352,6.972448915,8.848695648,479,11,472,38,490,510
34,1000,70,7.7,28,48,968,19,9,4,32,7.829516113,114,736,72.12545699,10.00957536,7.287918664,8.406921659,503,13,465,19,516,484
35,1000,70,7.7,28,45,958,27,7,8,42,7.930513576,94,724,72.18201299,10.31019317,7.242792925,8.580770846,469,17,489,25,486,514
38,1000,70,7.7,28,35,963,17,11,9,37,7.644528729,106,706,71.50878721,9.683436761,7.155660197,8.143273394,489,16,474,21,505,495
33,1000,70,7.7,28,60,947,35,11,7,53,8.303793526,126,717,72.74585101,10.35157118,8.12092209,8.469248635,450,25,497,28,475,525
36,1000,70,7.7,28,44,962,24,6,8,38,7.913438875,115,770,72.11377025,9.693949861,7.44319114,8.406813548,499,13,463,25,512,488
37,1000,70,7.7,28,39,951,33,6,10,49,7.933706196,104,715,71.75797106,9.849549154,6.960155318,8.869078608,479,11,472,38,490,510
39,1000,70,7.7,28,27,946,25,15,14,54,8.130053914,112,698,71.33736975,9.977430536,7.46791167,8.816470212,488,21,458,33,509,491
34,1000,70,7.7,28,49,968,20,8,4,32,7.823258819,120,700,72.15912611,10.04666614,7.284530865,8.39760515,503,13,465,19,516,484
32,1000,70,7.7,28,75,955,20,13,12,45,8.499187715,104,748,73.24503681,10.73047362,7.949399687,9.010766536,470,12,485,33,482,518
35,1000,70,7.7,28,46,959,27,7,7,41,7.960354145,107,747,72.22738728,10.33726137,7.313020998,8.572424008,469,17,490,24,486,514
33,1000,70,7.7,28,61,945,38,11,6,55,8.331051978,107,741,72.77911594,10.38369909,8.167932003,8.478636717,449,26,496,29,475,525
38,1000,70,7.7,28,36,964,16,11,9,36,7.632275327,94,730,71.53500728,9.709336444,7.17466414,8.099131185,488,17,476,19,505,495
36,1000,70,7.7,28,45,962,24,6,8,38,7.938886667,98,734,72.14230738,9.731230841,7.510086325,8.388775551,497,15,465,23,512,488
37,1000,70,7.7,28,40,952,32,7,9,48,7.929589127,105,728,71.79276448,9.880983696,6.950438443,8.870341745,479,11,473,37,490,510
34,1000,70,7.7,28,50,966,22,8,4,34,7.847058666,96,729,72.2013915,10.06675952,7.315771316,8.413472451,502,14,464,20,516,484
39,1000,70,7.7,28,28,946,26,15,13,54,8.174602094,87,715,71.37922425,9.988018409,7.521451011,8.851697617,487,22,459,32,509,491
32,1000,70,7.7,28,76,954,22,12,12,46,8.513533904,112,762,73.29213383,10.77125086,7.945812303,9.04179995,470,12,484,34,482,518
35,1000,70,7.7,28,47,960,26,8,6,40,7.933510523,126,700,72.25244359,10.35717473,7.315121204,8.518213264,469,17,491,23,486,514
33,1000,70,7.7,28,62,946,38,11,5,54,8.302620691,116,730,72.83734426,10.42052299,8.182963273,8.410882164,449,26,497,28,475,525
36,1000,70,7.7,28,46,964,22,6,8,36,7.953191152,100,718,72.21910557,9.761637449,7.502417976,8.4261335,499,13,465,23,512,488
38,1000,70,7.7,28,37,961,18,12,9,39,7.678417261,95,724,71.57946301,9.76393793,7.195225432,8.171370541,487,18,474,21,505,495
37,1000,70,7.7,28,41,950,34,7,9,50,7.960544761,103,739,71.83099359,9.916421707,7.027503915,8.856995771,477,13,473,37,490,510
34,1000,70,7.7,28,51,966,22,8,4,34,7.861362986,122,719,72.23729232,10.08440638,7.335052352,8.422471016,502,14,464,20,516,484
39,1000,70,7.7,28,29,943,29,15,13,57,8.203894234,88,703,71.41909584,10.01111508,7.515344108,8.917686523,486,23,457,34,509,491
35,1000,70,7.7,28,48,960,26,8,6,40,7.957783264,102,747,72.29840738,10.37804899,7.349463755,8.532964745,469,17,491,23,486,514
32,1000,70,7.7,28,77,953,23,12,12,47,8.519648876,98,717,73.3526261,10.79899892,7.938778932,9.060149481,469,13,484,34,482,518
33,1000,70,7.7,28,63,946,38,11,5,54,8.336968192,103,712,72.86890468,10.48441293,8.211266688,8.450698125,449,26,497,28,475,525
36,1000,70,7.7,28,47,964,21,7,8,36,7.967412565,108,747,72.30414635,9.770095273,7.531212487,8.425065107,499,13,465,23,512,488
38,1000,70,7.7,28,38,961,19,12,8,39,7.680178982,102,736,71.62788742,9.805472251,7.198374303,8.17171709,488,17,473,22,505,495
34,1000,70,7.7,28,52,965,23,8,4,35,7.879381092,116,727,72.31596965,10.1128708,7.390843372,8.400218827,501,15,464,20,516,484
37,1000,70,7.7,28,42,950,33,8,9,50,7.952340523,95,738,71.87558511,9.957134336,7.068026369,8.80197569,477,13,473,37,490,510
39,1000,70,7.7,28,30,942,30,15,13,58,8.222716057,106,700,71.48904294,10.04031792,7.552204803,8.917808172,485,24,457,34,509,491
35,1000,70,7.7,28,49,960,26,8,6,40,7.99859748,99,708,72.36603027,10.40344838,7.407393431,8.557595861,469,17,491,23,486,514
33,1000,70,7.7,28,64,946,38,11,5,54,8.349864059,117,723,72.90591071,10.52122127,8.235965628,8.452915021,449,26,497,28,475,525
36,1000,70,7.7,28,48,963,22,7,8,37,8.003559357,95,732,72.37151612,9.799858863,7.595452918,8.431736604,498,14,465,23,512,488
32,1000,70,7.7,28,78,955,22,11,12,45,8.497003212,131,758,73.41220524,10.82090463,7.90285968,9.049854916,470,12,485,33,482,518
34,1000,70,7.7,28,53,965,23,8,4,35,7.907335018,112,737,72.34167561,10.12539786,7.42930178,8.416973759,500,16,465,19,516,484
38,1000,70,7.7,28,39,961,18,13,8,39,7.709377573,99,723,71.6949105,9.868516854,7.242852234,8.185327666,488,17,473,22,505,495
37,1000,70,7.7,28,43,950,33,8,9,50,7.953418586,103,709,71.93031657,9.969371804,7.038155174,8.832789315,477,13,473,37,490,510
39,1000,70,7.7,28,31,941,30,16,13,59,8.269783844,100,713,71.51589191,10.08281561,7.630072117,8.932947326,485,24,456,35,509,491
35,1000,70,7.7,28,50,961,25,8,6,39,7.996156446,105,705,72.41532446,10.42876393,7.397726461,8.561987131,469,17,492,22,486,514
33,1000,70,7.7,28,65,946,38,11,5,54,8.355244489,103,727,72.96670786,10.54176055,8.188170236,8.506406908,449,26,497,28,475,525
36,1000,70,7.7,28,49,961,24,7,8,39,8.06820013,93,726,72.40527204,9.818957586,7.626038223,8.532107704,498,14,463,25,512,488
32,1000,70,7.7,28,79,954,23,11,12,46,8.509183606,103,741,73.45480792,10.82503095,7.908545451,9.068078568,470,12,484,34,482,518
34,1000,70,7.7,28,54,966,21,9,4,34,7.911005981,100,694,72.37287827,10.15381816,7.474502662,8.376369023,500,16,466,18,516,484
37,1000,70,7.7,28,44,948,35,8,9,52,7.973651114,114,731,71.98472813,10.01520401,7.044848276,8.866030312,476,14,472,38,490,510
38,1000,70,7.7,28,40,961,19,12,8,39,7.707981167,108,702,71.74799617,9.889086269,7.236049228,8.189447086,488,17,473,22,505,495
39,1000,70,7.7,28,32,941,29,17,13,59,8.296655444,108,731,71.56698567,10.10128516,7.685453201,8.930264286,485,24,456,35,509,491
35,1000,70,7.7,28,51,960,26,8,6,40,8.005587637,117,719,72.49978582,10.4403706,7.410041835,8.568691254,468,18,492,22,486,514
33,1000,70,7.7,28,66,944,40,11,5,56,8.393289247,104,722,72.98602867,10.57353656,8.203023136,8.565434776,449,26,495,30,475,525
36,1000,70,7.7,28,50,961,24,7,8,39,8.102866368,94,730,72.45050408,9.858334466,7.623866754,8.60542334,498,14,463,25,512,488
34,1000,70,7.7,28,55,966,20,10,4,34,7.951309678,97,743,72.40594743,10.17472526,7.550072792,8.379074622,499,17,467,17,516,484
37,1000,70,7.7,28,45,948,35,9,8,52,7.987839008,127,749,72.04495071,10.03372096,7.102797599,8.838172911,475,15,473,37,490,510
32,1000,70,7.7,28,80,957,20,12,11,43,8.495553918,123,761,73.51067252,10.84501364,7.899433309,9.050245295,471,11,486,32,482,518
38,1000,70,7.7,28,41,963,18,11,8,37,7.702637302,101,706,71.75297057,9.910148377,7.21795252,8.197113696,489,16,474,21,505,495
35,1000,70,7.7,28,52,959,26,9,6,41,8.044666081,102,699,72.57186511,10.47502301,7.450259786,8.606692266,467,19,492,22,486,514
39,1000,70,7.7,28,33,941,30,16,13,59,8.282055503,135,738,71.60316462,10.12786412,7.670394678,8.916139739,485,24,456,35,509,491
33,1000,70,7.7,28,67,942,42,11,5,58,8.421282768,119,712,73.02702583,10.60164733,8.269684557,8.558443055,449,26,493,32,475,525
36,1000,70,7.7,28,51,961,23,8,8,39,8.124078349,104,738,72.50470198,9.901220372,7.664665637,8.606085129,498,14,463,25,512,488
34,1000,70,7.7,28,56,965,21,10,4,35,7.975080585,112,737,72.42982037,10.19811201,7.574646767,8.401989366,498,18,467,17,516,484
37,1000,70,7.7,28,46,949,33,10,8,51,8.02615129,92,720,72.09537846,10.04908128,7.137262672,8.880181531,475,15,474,36,490,510
38,1000,70,7.7,28,42,961,20,11,8,39,7.733253509,94,732,71.80399713,9.911700477,7.264194337,8.211788624,487,18,474,21,505,495
32,1000,70,7.7,28,81,957,19,12,12,43,8.535845575,123,738,73.53735269,10.87029269,7.945194919,9.085447151,471,11,486,32,482,518
35,1000,70,7.7,28,53,959,26,9,6,41,8.088274582,106,747,72.62137065,10.51533265,7.478153253,8.66515973,467,19,492,22,486,514
39,1000,70,7.7,28,34,942,28,18,12,58,8.285896897,111,702,71.67107524,10.15974131,7.696756074,8.89663555,485,24,457,34,509,491
33,1000,70,7.7,28,68,941,43,11,5,59,8.457387192,103,725,73.09988441,10.640524,8.3112159,8.589637408,448,27,493,32,475,525
36,1000,70,7.7,28,52,961,24,8,7,39,8.146723321,106,741,72.54943861,9.931152003,7.667917731,8.649076727,499,13,462,26,512,488
34,1000,70,7.7,28,57,965,21,10,4,35,7.966156606,111,734,72.48512175,10.2249518,7.573728738,8.384530118,498,18,467,17,516,484
37,1000,70,7.7,28,47,950,32,10,8,50,8.014245767,127,711,72.1409956,10.08010868,7.084612598,8.907422733,476,14,474,36,490,510
35,1000,70,7.7,28,54,959,26,8,7,41,8.096215631,122,736,72.64190411,10.51250669,7.458108347,8.699562208,467,19,492,22,486,514
38,1000,70,7.7,28,43,959,23,11,7,41,7.738751166,96,730,71.84378454,9.933133161,7.238688473,8.248916135,487,18,472,23,505,495
32,1000,70,7.7,28,82,956,20,12,12,44,8.578949369,119,751,73.58954553,10.8735047,7.943864261,9.169897287,471,11,485,33,482,518
39,1000,70,7.7,28,35,942,27,19,12,58,8.311796455,101,720,71.74532378,10.20553609,7.720377313,8.92489695,485,24,457,34,509,491
33,1000,70,7.7,28,69,944,40,11,5,56,8.451436829,112,733,73.1588598,10.65335467,8.324484024,8.56629889,449,26,495,30,475,525
36,1000,70,7.7,28,53,963,23,8,6,37,8.15278979,111,732,72.58350062,9.941385126,7.673863861,8.655269454,500,12,463,25,512,488
34,1000,70,7.7,28,58,966,21,9,4,34,7.961459164,116,720,72.52898955,10.24292625,7.585197286,8.36259786,498,18,468,16,516,484
37,1000,70,7.7,28,48,949,33,10,8,51,8.056356177,105,724,72.17948033,10.12455087,7.116009828,8.959826199,476,14,473,37,490,510
35,1000,70,7.7,28,55,960,26,7,7,40,8.09181155,102,723,72.69456852,10.54595852,7.431129552,8.716503088,468,18,492,22,486,514
38,1000,70,7.7,28,44,959,23,11,7,41,7.770755428,94,737,71.85298785,9.947600274,7.256029902,8.295879449,487,18,472,23,505,495
33,1000,70,7.7,28,70,943,40,11,6,57,8.487073556,109,744,73.18211009,10.66578309,8.309997647,8.647285092,448,27,495,30,475,525
36,1000,70,7.7,28,54,963,24,7,6,37,8.155220856,104,745,72.64364701,9.954514814,7.671851444,8.662362535,501,11,462,26,512,488
39,1000,70,7.7,28,36,944,23,21,12,56,8.332846053,114,702,71.76010853,10.21467401,7.760944008,8.925713957,486,23,458,33,509,491
32,1000,70,7.7,28,83,956,20,11,13,44,8.605435905,120,714,73.66917548,10.91644293,7.969907728,9.1967961,471,11,485,33,482,518
34,1000,70,7.7,28,59,967,21,7,5,33,7.985949399,107,738,72.56775735,10.27455489,7.641247052,8.353441985,498,18,469,15,516,484
37,1000,70,7.7,28,49,951,30,11,8,49,8.125193056,96,736,72.25074945,10.16399189,7.151282129,9.060911398,478,12,473,37,490,510
35,1000,70,7.7,28,56,960,27,6,7,40,8.128562468,115,746,72.71574514,10.57156071,7.44353489,8.776273368,469,17,491,23,486,514
38,1000,70,7.7,28,45,958,24,11,7,42,7.80916254,93,707,71.90589072,9.975027558,7.326799739,8.301270044,487,18,471,24,505,495
33,1000,70,7.7,28,71,944,38,12,6,56,8.499677732,108,742,73.2600458,10.67913165,8.319353379,8.662828337,448,27,496,29,475,525
36,1000,70,7.7,28,55,964,24,6,6,36,8.188818929,106,704,72.70478864,9.979662002,7.740544863,8.65913926,501,11,463,25,512,488
39,1000,70,7.7,28,37,945,23,20,12,55,8.385302062,103,723,71.78518045,10.23048164,7.832293882,8.958583455,486,23,459,32,509,491
34,1000,70,7.7,28,60,967,21,7,5,33,8.014070341,107,740,72.59903813,10.29623332,7.680279755,8.369929727,498,18,469,15,516,484
32,1000,70,7.7,28,84,956,22,10,12,44,8.578194536,113,753,73.72385525,10.94765855,7.960259466,9.153184312,471,11,485,33,482,518
37,1000,70,7.7,28,50,949,32,11,8,51,8.157611535,112,738,72.28759627,10.17203959,7.152526523,9.123281448,478,12,471,39,490,510
35,1000,70,7.7,28,57,961,26,6,7,39,8.153851258,103,724,72.78938309,10.59983393,7.486744384,8.78461768,469,17,492,22,486,514
38,1000,70,7.7,28,46,957,25,11,7,43,7.832849819,98,736,71.97093995,9.981540262,7.358744449,8.316533075,486,19,471,24,505,495
33,1000,70,7.7,28,72,944,38,12,6,56,8.509924439,115,747,73.32980096,10.71082809,8.347401708,8.656968816,448,27,496,29,475,525
36,1000,70,7.7,28,56,963,25,6,6,37,8.226299477,101,756,72.73725772,9.998301276,7.789152529,8.684945456,500,12,463,25,512,488
34,1000,70,7.7,28,61,967,20,8,5,33,8.033863745,109,738,72.66109902,10.33309165,7.68278798,8.40815113,498,18,469,15,516,484
39,1000,70,7.7,28,38,944,23,20,13,56,8.423262417,101,729,71.80919657,10.27072768,7.867829402,8.999057538,485,24,459,32,509,491
37,1000,70,7.7,28,51,949,33,11,7,51,8.150529148,93,743,72.36140652,10.18300204,7.153416662,9.108539184,478,12,471,39,490,510
32,1000,70,7.7,28,85,957,22,9,12,43,8.589894258,119,734,73.76675534,10.96919657,7.997974738,9.140676514,471,11,486,32,482,518
35,1000,70,7.7,28,58,961,26,6,7,39,8.200492316,113,713,72.82898387,10.63390292,7.558026961,8.807959558,468,18,493,21,486,514
33,1000,70,7.7,28,73,945,37,12,6,55,8.524148478,103,752,73.34095655,10.71505223,8.390006781,8.645514776,448,27,497,28,475,525
38,1000,70,7.7,28,47,957,24,12,7,43,7.84791796,112,751,72.00560055,10.00077416,7.372689828,8.332746659,487,18,470,25,505,495
36,1000,70,7.7,28,57,963,25,6,6,37,8.243440835,115,765,72.80885112,10.00792219,7.817038689,8.690813578,500,12,463,25,512,488
34,1000,70,7.7,28,62,965,22,8,5,35,8.093460629,102,753,72.69347741,10.33490051,7.741100072,8.469117752,496,20,469,15,516,484
39,1000,70,7.7,28,39,947,24,18,11,53,8.413141325,103,741,71.83257339,10.29839696,7.868289474,8.977967379,485,24,462,29,509,491
37,1000,70,7.7,28,52,948,34,11,7,52,8.151583616,107,735,72.40924998,10.20475791,7.152682938,9.111311719,478,12,470,40,490,510
35,1000,70,7.7,28,59,961,25,7,7,39,8.257201458,107,762,72.86963747,10.66821669,7.644125106,8.836880655,468,18,493,21,486,514
32,1000,70,7.7,28,86,956,23,9,12,44,8.612769803,93,755,73.85032462,11.0284279,8.059087988,9.127971802,471,11,485,33,482,518
33,1000,70,7.7,28,74,944,38,12,6,56,8.541619392,116,734,73.41671388,10.71847621,8.403473368,8.666608651,447,28,497,28,475,525
38,1000,70,7.7,28,48,957,24,12,7,43,7.846576668,111,729,72.07166638,10.01361881,7.351876612,8.351270664,488,17,469,26,505,495
36,1000,70,7.7,28,58,964,25,6,5,36,8.272558926,111,761,72.85982803,10.02514803,7.860800171,8.704568111,500,12,464,24,512,488
34,1000,70,7.7,28,63,965,22,8,5,35,8.102014591,98,752,72.75194176,10.35887763,7.759770044,8.466886877,496,20,469,15,516,484
39,1000,70,7.7,28,40,946,24,18,12,54,8.449784829,106,697,71.89703915,10.32559348,7.887318787,9.032870808,485,24,461,30,509,491
37,1000,70,7.7,28,53,950,33,10,7,50,8.172932118,116,728,72.45262623,10.22975103,7.212165437,9.096021674,478,12,472,38,490,510
35,1000,70,7.7,28,60,960,26,7,7,40,8.240729835,108,724,72.9288716,10.69966583,7.623488251,8.824347365,468,18,492,22,486,514
33,1000,70,7.7,28,75,943,39,12,6,57,8.547533603,112,741,73.44520657,10.72814238,8.4079982,8.67377992,446,29,497,28,475,525
32,1000,70,7.7,28,87,956,23,9,12,44,8.609428122,99,734,73.88704172,11.05760847,8.037616683,9.14149977,471,11,485,33,482,518
34,1000,70,7.7,28,64,964,22,9,5,36,8.120439982,110,725,72.79221988,10.36713999,7.793325911,8.469181429,496,20,468,16,516,484
36,1000,70,7.7,28,59,965,25,5,5,35,8.296506135,92,759,72.89745227,10.05362594,7.884867012,8.728389805,500,12,465,23,512,488
38,1000,70,7.7,28,49,957,24,12,7,43,7.852079034,105,710,72.12243226,10.04819159,7.373292398,8.340538128,488,17,469,26,505,495
37,1000,70,7.7,28,54,950,32,11,7,50,8.20762478,116,745,72.50373181,10.26725923,7.263099104,9.115110234,478,12,472,38,490,510
39,1000,70,7.7,28,41,945,26,17,12,55,8.466092973,104,694,71.92173407,10.33955684,7.926833691,9.025121435,484,25,461,30,509,491
35,1000,70,7.7,28,61,961,25,7,7,39,8.231018351,103,733,72.97292351,10.74090694,7.630976914,8.798372706,468,18,493,21,486,514
33,1000,70,7.7,28,76,943,39,12,6,57,8.551293371,119,730,73.46693699,10.74934239,8.401991722,8.686375816,446,29,497,28,475,525
34,1000,70,7.7,28,65,962,23,10,5,38,8.151128543,110,737,72.83910533,10.40026704,7.829190928,8.494351291,496,20,466,18,516,484
36,1000,70,7.7,28,60,964,26,5,5,36,8.33351298,105,766,72.95263728,10.09529003,7.944389094,8.741774106,499,13,465,23,512,488
38,1000,70,7.7,28,50,955,26,12,7,45,7.895508767,108,732,72.18102916,10.06392405,7.431770569,8.368615414,487,18,468,27,505,495
32,1000,70,7.7,28,88,954,25,9,12,46,8.652296826,112,735,73.92951312,11.10672681,8.104816718,9.161728124,470,12,484,34,482,518
37,1000,70,7.7,28,55,949,33,11,7,51,8.229011742,102,744,72.55216335,10.28654887,7.289817865,9.131374488,478,12,471,39,490,510
35,1000,70,7.7,28,62,959,27,7,7,41,8.229999075,110,739,73.02962612,10.79663487,7.637804961,8.789933588,467,19,492,22,486,514
39,1000,70,7.7,28,42,945,26,17,12,55,8.453839082,104,706,71.97035907,10.36040939,7.913744288,9.013733685,484,25,461,30,509,491
33,1000,70,7.7,28,77,944,39,11,6,56,8.527462279,118,726,73.49302565,10.76347666,8.358097954,8.680696669,448,27,496,29,475,525
34,1000,70,7.7,28,66,960,25,10,5,40,8.181527989,93,749,72.90096795,10.43702142,7.862463805,8.521687325,496,20,464,20,516,484
36,1000,70,7.7,28,61,964,26,5,5,36,8.394210583,101,759,72.97900412,10.12178629,8.027851171,8.778587672,499,13,465,23,512,488
38,1000,70,7.7,28,51,956,25,11,8,44,7.889500258,126,700,72.20601864,10.0735859,7.436246654,8.351910501,488,17,468,27,505,495
37,1000,70,7.7,28,56,950,32,11,7,50,8.26199349,107,713,72.59851711,10.29746267,7.352122508,9.136183257,478,12,472,38,490,510
32,1000,70,7.7,28,89,953,26,9,12,47,8.673075735,86,726,73.96832126,11.12962438,8.126660545,9.181516124,470,12,483,35,482,518
35,1000,70,7.7,28,63,959,26,8,7,41,8.214834448,98,729,73.09110849,10.81348924,7.655082888,8.744093704,466,20,493,21,486,514
39,1000,70,7.7,28,43,945,26,17,12,55,8.459348946,100,719,72.001346,10.36329023,7.921222685,9.017202849,484,25,461,30,509,491
33,1000,70,7.7,28,78,944,38,12,6,56,8.534769391,110,730,73.53364262,10.79141783,8.366677714,8.686852337,448,27,496,29,475,525
34,1000,70,7.7,28,67,959,26,11,4,41,8.219573918,108,743,72.93863945,10.46230891,7.917451889,8.541670957,495,21,464,20,516,484
36,1000,70,7.7,28,62,962,26,7,5,38,8.452823381,114,708,73.01284362,10.13768235,8.103629111,8.819191141,498,14,464,24,512,488
37,1000,70,7.7,28,57,949,32,12,7,51,8.296936405,94,725,72.62641661,10.32493991,7.407331414,9.151654925,477,13,472,38,490,510
38,1000,70,7.7,28,52,954,27,11,8,46,7.905492154,98,740,72.22426889,10.12787909,7.418917269,8.401896834,487,18,467,28,505,495
35,1000,70,7.7,28,64,962,24,7,7,38,8.19726546,117,762,73.13504735,10.85232264,7.663753389,8.701714617,467,19,495,19,486,514
32,1000,70,7.7,28,90,953,26,9,12,47,8.694710579,118,760,74.02422197,11.15332261,8.129266476,9.220857407,470,12,483,35,482,518
39,1000,70,7.7,28,44,946,24,18,12,54,8.47646889,117,718,72.03950711,10.38838019,7.942832141,9.029668696,485,24,461,30,509,491
33,1000,70,7.7,28,79,945,38,11,6,55,8.554763048,128,741,73.62362738,10.82746705,8.405552627,8.689762953,448,27,497,28,475,525
34,1000,70,7.7,28,68,957,28,11,4,43,8.239315265,105,753,72.94721092,10.46418565,7.919518653,8.580255454,493,23,464,20,516,484
36,1000,70,7.7,28,63,962,26,7,5,38,8.449623846,90,736,73.10083627,10.17994335,8.101677854,8.814681936,498,14,464,24,512,488
37,1000,70,7.7,28,58,949,32,12,7,51,8.308005407,128,750,72.68616891,10.34991485,7.431501453,9.150136658,478,12,471,39,490,510
38,1000,70,7.7,28,53,956,27,10,7,44,7.91141559,108,723,72.26716244,10.15318897,7.43076153,8.401779833,487,18,469,26,505,495
35,1000,70,7.7,28,65,961,25,7,7,39,8.232667993,123,751,73.16462397,10.90117396,7.691956236,8.743924634,467,19,494,20,486,514
39,1000,70,7.7,28,45,946,24,19,11,54,8.47509681,107,746,72.06964947,10.40953098,7.967165446,9.001648876,485,24,461,30,509,491
32,1000,70,7.7,28,91,952,26,10,12,48,8.69285527,99,745,74.07836075,11.16825686,8.159929462,9.188743764,470,12,482,36,482,518
33,1000,70,7.7,28,80,944,37,13,6,56,8.547416696,128,738,73.66976537,10.85773589,8.398729916,8.68194283,447,28,497,28,475,525
34,1000,70,7.7,28,69,956,28,12,4,44,8.305027852,100,747,72.9902337,10.47299345,8.007277501,8.622464178,492,24,464,20,516,484
36,1000,70,7.7,28,64,962,26,8,4,38,8.466220945,109,719,73.15096828,10.21232043,8.146608131,8.801552422,498,14,464,24,512,488
37,1000,70,7.7,28,59,950,32,12,6,50,8.31271302,118,738,72.72867786,10.37886343,7.434874619,9.156126387,479,11,471,39,490,510
35,1000,70,7.7,28,66,959,27,7,7,41,8.269081223,98,732,73.19213696,10.925502,7.717198806,8.790900006,467,19,492,22,486,514
38,1000,70,7.7,28,54,956,27,10,7,44,7.931061809,112,728,72.30855486,10.17947471,7.430643881,8.44158919,487,18,469,26,505,495
33,1000,70,7.7,28,81,944,37,13,6,56,8.573139581,121,767,73.72217682,10.87862011,8.426116587,8.706160386,447,28,497,28,475,525
39,1000,70,7.7,28,46,948,21,20,11,52,8.480518695,99,724,72.1242701,10.44652787,7.972918271,9.006727689,485,24,463,28,509,491
34,1000,70,7.7,28,70,957,27,12,4,43,8.338850978,124,736,73.03438101,10.49985497,8.055168598,8.641289218,492,24,465,19,516,484
36,1000,70,7.7,28,65,961,26,9,4,39,8.505123326,101,727,73.21606011,10.22365225,8.225145817,8.798870221,497,15,464,24,512,488
32,1000,70,7.7,28,92,952,26,10,12,48,8.690406259,130,751,74.12764417,11.21062661,8.130246067,9.2116364,470,12,482,36,482,518
37,1000,70,7.7,28,60,949,33,10,8,51,8.347288409,99,706,72.7503528,10.41379907,7.495269687,9.165894632,477,13,472,38,490,510
35,1000,70,7.7,28,67,959,26,8,7,41,8.26959909,116,744,73.23649614,10.95546568,7.728546219,8.781178264,467,19,492,22,486,514
38,1000,70,7.7,28,55,956,27,10,7,44,8.005322484,102,711,72.31856654,10.20249375,7.531907738,8.488301165,487,18,469,26,505,495
33,1000,70,7.7,28,82,943,38,13,6,57,8.594081717,108,767,73.74936386,10.88386997,8.443619438,8.730214255,446,29,497,28,475,525
34,1000,70,7.7,28,71,955,28,13,4,45,8.355612126,101,738,73.03951948,10.51796619,8.083633561,8.645572745,491,25,464,20,516,484
39,1000,70,7.7,28,47,946,22,20,12,54,8.525127949,115,722,72.16666263,10.46365689,8.022948274,9.04571747,483,26,463,28,509,491
36,1000,70,7.7,28,66,962,25,9,4,38,8.499998276,94,745,73.28393471,10.27082891,8.211912812,8.802251879,497,15,465,23,512,488
32,1000,70,7.7,28,93,952,26,10,12,48,8.678462459,131,754,74.18684397,11.25064951,8.131371269,9.187531867,470,12,482,36,482,518
37,1000,70,7.7,28,61,950,31,11,8,50,8.350644743,122,741,72.78835395,10.44363888,7.498612345,9.169264106,477,13,473,37,490,510
35,1000,70,7.7,28,68,959,25,9,7,41,8.303272978,107,731,73.29747596,10.96972501,7.776146367,8.801684521,467,19,492,22,486,514
38,1000,70,7.7,28,56,956,27,10,7,44,7.998382707,108,736,72.39029245,10.22336819,7.521542026,8.484856533,487,18,469,26,505,495
33,1000,70,7.7,28,83,941,38,16,5,59,8.643713331,131,749,73.828095,10.90659986,8.482380279,8.789681331,445,30,496,29,475,525
34,1000,70,7.7,28,72,954,29,13,4,46,8.374508229,109,750,73.09480656,10.53504227,8.102616468,8.664376305,490,26,464,20,516,484
36,1000,70,7.7,28,67,959,28,9,4,41,8.525199819,104,714,73.29862974,10.32332614,8.255793712,8.807855407,497,15,462,26,512,488
39,1000,70,7.7,28,48,944,25,20,11,56,8.524288972,120,731,72.1856936,10.49209767,8.038589681,9.027793939,482,27,462,29,509,491
37,1000,70,7.7,28,62,950,31,11,8,50,8.355769971,118,735,72.85533597,10.45613415,7.504898753,9.173273691,477,13,473,37,490,510
35,1000,70,7.7,28,69,958,26,9,7,42,8.322742889,109,751,73.35076903,10.98910139,7.802125716,8.814999593,466,20,492,22,486,514
32,1000,70,7.7,28,94,952,27,10,11,48,8.651217676,116,739,74.26254007,11.27756645,8.140679889,9.126274071,469,13,483,35,482,518
38,1000,70,7.7,28,57,956,27,10,7,44,8.018942182,99,726,72.44065148,10.24418606,7.539862528,8.507700213,487,18,469,26,505,495
33,1000,70,7.7,28,84,941,39,15,5,59,8.596552325,98,721,73.89683125,10.94549229,8.433992772,8.743630015,446,29,495,30,475,525
34,1000,70,7.7,28,73,953,27,16,4,47,8.421063541,112,738,73.13925527,10.57351456,8.123335857,8.738475701,490,26,463,21,516,484
36,1000,70,7.7,28,68,959,29,8,4,41,8.566114279,90,761,73.34404828,10.35446673,8.288444388,8.857440066,497,15,462,26,512,488
39,1000,70,7.7,28,49,943,27,21,9,57,8.524354673,122,699,72.2298177,10.52143892,8.077784955,8.987295582,480,29,463,28,509,491
37,1000,70,7.7,28,63,950,31,11,8,50,8.37445501,100,737,72.86995794,10.50455382,7.531917131,9.183952188,477,13,473,37,490,510
35,1000,70,7.7,28,70,957,28,9,6,43,8.343857858,111,741,73.3948725,10.99969078,7.814533081,8.844347823,465,21,492,22,486,514
32,1000,70,7.7,28,95,951,28,10,11,49,8.668297159,108,729,74.27455024,11.29169747,8.167890056,9.133926935,469,13,482,36,482,518
38,1000,70,7.7,28,58,957,26,10,7,43,8.042841808,120,730,72.47091877,10.26761587,7.568881605,8.526376964,488,17,469,26,505,495
34,1000,70,7.7,28,74,952,28,16,4,48,8.447911605,102,748,73.1860901,10.62101269,8.129951848,8.786893494,489,27,463,21,516,484
33,1000,70,7.7,28,85,942,39,14,5,58,8.585820754,107,748,73.95789376,10.97794642,8.436001711,8.721371317,446,29,496,29,475,525
36,1000,70,7.7,28,69,958,30,8,4,42,8.587554735,99,769,73.4072533,10.3814067,8.307469774,8.881414366,497,15,461,27,512,488
39,1000,70,7.7,28,50,943,26,22,9,57,8.540842428,115,741,72.27810893,10.53213353,8.135934822,8.960593897,480,29,463,28,509,491
37,1000,70,7.7,28,64,950,30,12,8,50,8.366577224,97,715,72.8926161,10.56033524,7.510328713,9.189247361,477,13,473,37,490,510
35,1000,70,7.7,28,71,956,27,11,6,44,8.385990011,138,767,73.46685611,11.015541,7.860594645,8.882764618,464,22,492,22,486,514
34,1000,70,7.7,28,75,952,29,15,4,48,8.4720293,114,703,73.22085239,10.64874359,8.155968861,8.808986297,490,26,462,22,516,484
33,1000,70,7.7,28,86,943,38,14,5,57,8.55224341,123,731,74.03783053,11.00982772,8.434112036,8.659124178,446,29,497,28,475,525
38,1000,70,7.7,28,59,957,26,10,7,43,8.055459013,100,750,72.53469712,10.32020155,7.588177793,8.532180258,488,17,469,26,505,495
32,1000,70,7.7,28,96,951,28,10,11,49,8.698855478,102,754,74.31999867,11.32847144,8.209924431,9.153806762,469,13,482,36,482,518
36,1000,70,7.7,28,70,959,29,8,4,41,8.603430486,98,747,73.43726875,10.40469418,8.309413885,8.91190692,498,14,461,27,512,488
39,1000,70,7.7,28,51,944,26,21,9,56,8.490227352,117,709,72.30972966,10.55394706,8.090628764,8.904475175,480,29,464,27,509,491
37,1000,70,7.7,28,65,950,31,10,9,50,8.381910757,114,741,72.96607357,10.60307358,7.477893809,9.250476059,477,13,473,37,490,510
35,1000,70,7.7,28,72,955,25,14,6,45,8.449181753,100,742,73.52498413,11.03391971,7.888762351,8.979072472,463,23,492,22,486,514
34,1000,70,7.7,28,76,953,29,14,4,47,8.451171784,121,728,73.2782888,10.67677903,8.154756247,8.767185042,489,27,464,20,516,484
33,1000,70,7.7,28,87,942,39,14,5,58,8.581669398,98,733,74.08405103,11.02585107,8.479982055,8.673672233,445,30,497,28,475,525
36,1000,70,7.7,28,71,957,31,8,4,43,8.616007481,101,749,73.47623202,10.42999108,8.315249491,8.931556847,496,16,461,27,512,488
38,1000,70,7.7,28,60,958,26,10,6,42,8.081692414,120,766,72.59471683,10.36179439,7.628029557,8.544520177,488,17,470,25,505,495
32,1000,70,7.7,28,97,950,29,10,11,50,8.72866716,132,765,74.37841072,11.33995902,8.267339383,9.157933548,468,14,482,36,482,518
37,1000,70,7.7,28,66,950,31,10,9,50,8.371014872,111,736,73.00022859,10.61584941,7.446716189,9.259066548,477,13,473,37,490,510
39,1000,70,7.7,28,52,943,28,21,8,57,8.532682031,94,721,72.34345468,10.56757012,8.13741975,8.942434579,479,30,464,27,509,491
35,1000,70,7.7,28,73,955,26,14,5,45,8.454154404,127,753,73.58369196,11.06347344,7.921736305,8.957569182,463,23,492,22,486,514
34,1000,70,7.7,28,77,954,28,13,5,46,8.492422913,91,749,73.30381248,10.73061541,8.181979367,8.823391652,489,27,465,19,516,484
33,1000,70,7.7,28,88,942,39,14,5,58,8.579364018,121,765,74.11760311,11.06239681,8.519313319,8.633695603,445,30,497,28,475,525
36,1000,70,7.7,28,72,957,31,8,4,43,8.615414337,128,715,73.52393058,10.4728856,8.324388138,8.920753299,496,16,461,27,512,488
38,1000,70,7.7,28,61,958,27,9,6,42,8.103161892,118,748,72.64476509,10.42120276,7.669922849,8.545153239,487,18,471,24,505,495
32,1000,70,7.7,28,98,949,31,9,11,51,8.73356253,131,751,74.4282318,11.38912611,8.275983476,9.159340722,467,15,482,36,482,518
37,1000,70,7.7,28,67,950,31,10,9,50,8.372066846,136,726,73.03662849,10.65251728,7.445919168,9.261895007,477,13,473,37,490,510
35,1000,70,7.7,28,74,956,26,13,5,44,8.445192006,115,724,73.65464474,11.086407,7.878401865,8.981106419,464,22,492,22,486,514
39,1000,70,7.7,28,53,945,27,18,10,55,8.546116211,113,739,72.380154,10.61027735,8.167942371,8.938153858,480,29,465,26,509,491
34,1000,70,7.7,28,78,953,28,14,5,47,8.529953109,131,726,73.33362088,10.76116371,8.225382498,8.854660619,489,27,464,20,516,484
33,1000,70,7.7,28,89,943,38,14,5,57,8.597219545,123,758,74.15581377,11.1002864,8.491541452,8.692833057,447,28,496,29,475,525
36,1000,70,7.7,28,73,958,30,8,4,42,8.637852706,106,743,73.58277338,10.49202235,8.365665153,8.923426532,496,16,462,26,512,488
38,1000,70,7.7,28,62,958,28,8,6,42,8.108834117,105,737,72.68884666,10.44530341,7.682906441,8.543366392,487,18,471,24,505,495
37,1000,70,7.7,28,68,950,30,11,9,50,8.372483424,101,745,73.08342954,10.6609105,7.446098161,9.262539854,477,13,473,37,490,510
35,1000,70,7.7,28,75,956,26,13,5,44,8.451980838,113,736,73.66756555,11.12530536,7.876782598,8.995845322,464,22,492,22,486,514
32,1000,70,7.7,28,99,949,31,8,12,51,8.732043313,136,751,74.47708364,11.42236305,8.313390103,9.121600933,466,16,483,35,482,518
39,1000,70,7.7,28,54,947,27,17,9,53,8.55224284,110,743,72.45152406,10.62018007,8.198280305,8.919181599,481,28,466,25,509,491
34,1000,70,7.7,28,79,952,30,13,5,48,8.535682866,115,750,73.40544958,10.77775686,8.276552589,8.811945722,489,27,463,21,516,484
33,1000,70,7.7,28,90,943,38,13,6,57,8.630344644,106,758,74.20647543,11.10816235,8.550676233,8.702425588,447,28,496,29,475,525
36,1000,70,7.7,28,74,959,29,8,4,41,8.65087192,105,738,73.65059905,10.50771723,8.360404417,8.955624711,497,15,462,26,512,488
38,1000,70,7.7,28,63,957,29,7,7,43,8.119848199,92,712,72.71383498,10.45094086,7.716350325,8.531497546,487,18,470,25,505,495
37,1000,70,7.7,28,69,954,28,11,7,46,8.350889884,103,730,73.11659076,10.67443244,7.434226721,9.231605473,480,10,474,36,490,510
35,1000,70,7.7,28,76,956,26,13,5,44,8.450735691,108,780,73.74333995,11.15397029,7.906140368,8.965664344,464,22,492,22,486,514
34,1000,70,7.7,28,80,953,28,14,5,47,8.55414795,100,734,73.45851499,10.79838671,8.27541878,8.851305495,490,26,463,21,516,484
39,1000,70,7.7,28,55,948,27,15,10,52,8.533550778,107,720,72.47563786,10.65092814,8.222960267,8.855527499,481,28,467,24,509,491
32,1000,70,7.7,28,100,949,31,8,12,51,8.730008931,115,742,74.54278169,11.48681818,8.298473061,9.131553892,466,16,483,35,482,518
33,1000,70,7.7,28,91,942,38,14,6,58,8.638256698,118,759,74.2589428,11.13550717,8.567949189,8.701868253,446,29,496,29,475,525
36,1000,70,7.7,28,75,958,29,9,4,42,8.72091566,112,759,73.71409803,10.52861934,8.386871809,9.071387897,497,15,461,27,512,488
38,1000,70,7.7,28,64,956,29,8,7,44,8.147555899,110,726,72.75821043,10.51512066,7.760148321,8.542789892,486,19,470,25,505,495
37,1000,70,7.7,28,70,953,27,12,8,47,8.33923675,124,726,73.16825007,10.71464859,7.412048141,9.230065021,480,10,473,37,490,510
35,1000,70,7.7,28,77,957,25,13,5,43,8.472751829,132,720,73.78951237,11.17027482,7.936632926,8.979665812,465,21,492,22,486,514
34,1000,70,7.7,28,81,952,29,14,5,48,8.627212913,117,747,73.51024052,10.82053764,8.389618583,8.880515959,490,26,462,22,516,484
39,1000,70,7.7,28,56,948,29,13,10,52,8.547072992,103,755,72.5088691,10.70998509,8.25980741,8.844869696,481,28,467,24,509,491
33,1000,70,7.7,28,92,942,38,14,6,58,8.671087906,115,739,74.29811388,11.15725475,8.586206164,8.747885672,446,29,496,29,475,525
36,1000,70,7.7,28,76,960,26,10,4,40,8.713093966,119,742,73.75978801,10.56978937,8.387751031,9.054437374,497,15,463,25,512,488
32,1000,70,7.7,28,101,948,32,8,12,52,8.746189556,110,748,74.61386452,11.5041254,8.29519682,9.165839168,466,16,482,36,482,518
37,1000,70,7.7,28,71,952,27,14,7,48,8.404055391,119,732,73.21219707,10.75337093,7.516081084,9.257207176,479,11,473,37,490,510
35,1000,70,7.7,28,78,957,26,12,5,43,8.445794558,130,740,73.82029051,11.23051188,7.905542938,8.956616129,466,20,491,23,486,514
38,1000,70,7.7,28,65,956,29,8,7,44,8.172377487,107,736,72.81283264,10.55106861,7.759650397,8.593442499,486,19,470,25,505,495
34,1000,70,7.7,28,82,953,28,14,5,47,8.654986503,107,739,73.54471399,10.83846636,8.438763424,8.885505323,490,26,463,21,516,484
33,1000,70,7.7,28,93,940,39,15,6,60,8.698516339,112,750,74.32750779,11.17354642,8.615341508,8.773769757,444,31,496,29,475,525
39,1000,70,7.7,28,57,948,30,12,10,52,8.570114436,108,728,72.54917983,10.72586084,8.265381961,8.886018368,482,27,466,25,509,491
36,1000,70,7.7,28,77,960,26,10,4,40,8.687389051,106,741,73.80826144,10.59868343,8.360976063,9.029855137,497,15,463,25,512,488
32,1000,70,7.7,28,102,948,32,8,12,52,8.769697488,124,764,74.65168887,11.53171813,8.31609001,9.191780123,466,16,482,36,482,518
37,1000,70,7.7,28,72,951,29,13,7,49,8.421886835,105,715,73.26518103,10.78372758,7.539458258,9.269710369,479,11,472,38,490,510
35,1000,70,7.7,28,79,957,26,12,5,43,8.469951662,109,777,73.86274529,11.25908019,7.934173855,8.976543129,466,20,491,23,486,514
38,1000,70,7.7,28,66,956,29,9,6,44,8.191145035,89,732,72.84792419,10.58274859,7.784442097,8.606064194,486,19,470,25,505,495
34,1000,70,7.7,28,83,954,26,15,5,46,8.683308163,104,738,73.63121357,10.85241928,8.462399682,8.918822163,490,26,464,20,516,484
33,1000,70,7.7,28,94,940,38,16,6,60,8.714579024,119,745,74.36401919,11.20396233,8.607887349,8.811109588,444,31,496,29,475,525
36,1000,70,7.7,28,78,960,27,10,3,40,8.696174148,101,739,73.86581968,10.61428425,8.378467503,9.02950571,496,16,464,24,512,488
39,1000,70,7.7,28,58,949,29,12,10,51,8.568666876,112,743,72.60075835,10.75455484,8.257758169,8.890973459,483,26,466,25,509,491
37,1000,70,7.7,28,73,951,29,13,7,49,8.466371514,109,734,73.32148312,10.80231594,7.609598574,9.289545515,479,11,472,38,490,510
35,1000,70,7.7,28,80,955,28,12,5,45,8.478467942,117,725,73.89918581,11.31510772,7.969883265,8.959347618,466,20,489,25,486,514
32,1000,70,7.7,28,103,948,32,8,12,52,8.777562719,114,761,74.67943046,11.55649907,8.325634108,9.198083165,466,16,482,36,482,518
38,1000,70,7.7,28,67,955,30,9,6,45,8.185682091,93,753,72.89718348,10.61914,7.79325481,8.586037197,486,19,469,26,505,495
34,1000,70,7.7,28,84,954,27,15,4,46,8.687251389,112,753,73.66083064,10.88666746,8.439891959,8.950965162,490,26,464,20,516,484
33,1000,70,7.7,28,95,941,37,16,6,59,8.717306061,119,751,74.40385992,11.22782277,8.605837716,8.818158373,445,30,496,29,475,525
36,1000,70,7.7,28,79,960,27,10,3,40,8.68727305,108,732,73.90606008,10.62473065,8.365714773,9.024645669,496,16,464,24,512,488
39,1000,70,7.7,28,59,948,30,12,10,52,8.631679406,108,726,72.64093952,10.76598354,8.293246903,8.982518803,483,26,465,26,509,491
35,1000,70,7.7,28,81,955,27,13,5,45,8.510542691,115,755,73.93116383,11.34612899,8.062927584,8.933774096,466,20,489,25,486,514
37,1000,70,7.7,28,74,951,27,14,8,49,8.498668805,104,758,73.38361704,10.84508277,7.659643882,9.304790791,479,11,472,38,490,510
34,1000,70,7.7,28,85,953,29,15,3,47,8.680522547,113,759,73.71163359,10.92139096,8.460248939,8.915359699,490,26,463,21,516,484
38,1000,70,7.7,28,68,956,29,9,6,44,8.196070102,107,733,72.97067503,10.64161547,7.801505264,8.598605946,487,18,469,26,505,495
32,1000,70,7.7,28,104,947,32,9,12,53,8.798024358,122,749,74.76346057,11.59773885,8.355934049,9.209390244,465,17,482,36,482,518
40,1000,70,7.7,28,0,941,32,17,10,59,7.185,94,703,70.11666862,8.927876437,5.799188641,8.532544379,481,12,460,47,493,507
33,1000,70,7.7,28,96,943,36,15,6,57,8.734992239,110,744,74.429855,11.25814407,8.625672752,8.833900345,445,30,498,27,475,525
36,1000,70,7.7,28,80,960,27,10,3,40,8.689187359,104,754,73.94795499,10.64312547,8.371909775,9.022068758,496,16,464,24,512,488
39,1000,70,7.7,28,60,950,27,13,10,50,8.644397321,127,737,72.68189801,10.81111638,8.306689952,8.994485002,484,25,466,25,509,491
35,1000,70,7.7,28,82,955,27,13,5,45,8.496523627,120,723,74.01540153,11.3957935,8.051301424,8.91749248,466,20,489,25,486,514
37,1000,70,7.7,28,75,951,27,14,8,49,8.539292695,136,746,73.48351837,10.84606886,7.698053602,9.347542019,479,11,472,38,490,510
34,1000,70,7.7,28,86,953,29,15,3,47,8.700935466,106,732,73.79048254,10.94546339,8.470380855,8.946733358,490,26,463,21,516,484
38,1000,70,7.7,28,69,955,30,9,6,45,8.227772312,118,714,73.00234019,10.65597754,7.809908889,8.65407742,486,19,469,26,505,495
33,1000,70,7.7,28,97,943,36,15,6,57,8.730415642,114,758,74.48059278,11.27998833,8.652481542,8.800927447,445,30,498,27,475,525
36,1000,70,7.7,28,81,959,28,10,3,41,8.713585429,110,745,74.03001667,10.66382119,8.382586535,9.060862957,495,17,464,24,512,488
40,1000,70,7.7,28,1,943,31,15,11,57,7.232625144,99,710,70.17593417,8.946914465,5.869031851,8.558564973,481,12,462,45,493,507
39,1000,70,7.7,28,61,950,28,13,9,50,8.626134746,110,746,72.74067359,10.8332827,8.30351421,8.960582512,484,25,466,25,509,491
35,1000,70,7.7,28,83,955,27,13,5,45,8.515698546,107,739,74.05717999,11.41916808,8.098632739,8.910044815,466,20,489,25,486,514
37,1000,70,7.7,28,76,952,26,14,8,48,8.537498948,105,765,73.51716963,10.88562965,7.713484314,9.329199284,479,11,473,37,490,510
34,1000,70,7.7,28,87,953,29,15,3,47,8.726283522,117,753,73.82321476,10.95407389,8.475353546,8.993803909,490,26,463,21,516,484
33,1000,70,7.7,28,98,945,35,15,5,55,8.70716114,117,734,74.5106411,11.3080456,8.615199906,8.790364161,446,29,499,26,475,525
38,1000,70,7.7,28,70,956,29,9,6,44,8.224730417,103,735,73.06600108,10.69680054,7.808451039,8.64941948,487,18,469,26,505,495
36,1000,70,7.7,28,82,959,29,10,2,41,8.742770639,108,755,74.0924234,10.67452935,8.422634029,9.078651673,494,18,465,23,512,488
40,1000,70,7.7,28,2,944,31,14,11,56,7.252756876,96,709,70.21723919,8.965990365,5.965057789,8.504898198,481,12,463,44,493,507
35,1000,70,7.7,28,84,955,27,13,5,45,8.53925405,116,752,74.09995991,11.45205854,8.126629015,8.929401458,466,20,489,25,486,514
39,1000,70,7.7,28,62,946,31,14,9,54,8.648473422,116,720,72.75969062,10.84165822,8.350991669,8.956860821,482,27,464,27,509,491
37,1000,70,7.7,28,77,951,27,14,8,49,8.570398717,117,738,73.5626529,10.89894028,7.776022984,9.33362246,479,11,472,38,490,510
34,1000,70,7.7,28,88,952,31,14,3,48,8.775723629,125,740,73.86487453,10.97501868,8.548955079,9.017485141,490,26,462,22,516,484
33,1000,70,7.7,28,99,946,34,15,5,54,8.715881608,118,755,74.53180515,11.33298481,8.645727713,8.77935418,446,29,500,25,475,525
38,1000,70,7.7,28,71,956,29,9,6,44,8.268151968,122,739,73.12183847,10.72732644,7.82910068,8.716072979,488,17,468,27,505,495
36,1000,70,7.7,28,83,959,27,11,3,41,8.725838101,110,762,74.12750043,10.71143363,8.425723896,9.040712021,494,18,465,23,512,488
35,1000,70,7.7,28,85,956,26,14,4,44,8.546456955,127,747,74.15522758,11.46755883,8.144221463,8.926780786,466,20,490,24,486,514
39,1000,70,7.7,28,63,945,31,15,9,55,8.696034792,111,740,72.80737236,10.85005606,8.411176675,8.991335772,481,28,464,27,509,491
37,1000,70,7.7,28,78,951,28,14,7,49,8.590140875,124,721,73.59954307,10.90292587,7.804459524,9.345011193,479,11,472,38,490,510
40,1000,70,7.7,28,3,945,30,15,10,55,7.208226955,94,717,70.23039576,8.991570986,5.9482831,8.433379461,481,12,464,43,493,507
34,1000,70,7.7,28,89,955,28,13,4,45,8.777754502,113,739,73.93039051,11.01912982,8.563354087,9.006330151,492,24,463,21,516,484
33,1000,70,7.7,28,100,946,34,15,5,54,8.726672664,122,753,74.59456961,11.351717,8.645616683,8.800009027,447,28,499,26,475,525
36,1000,70,7.7,28,84,958,28,11,3,42,8.725307429,116,752,74.17252146,10.73226033,8.427939495,9.037300015,494,18,464,24,512,488
38,1000,70,7.7,28,72,956,29,9,6,44,8.277781825,115,728,73.16585241,10.76682956,7.856050646,8.708032825,488,17,468,27,505,495
35,1000,70,7.7,28,86,957,25,14,4,43,8.552468984,113,740,74.19376417,11.48827672,8.199904217,8.885827889,466,20,491,23,486,514
37,1000,70,7.7,28,79,949,30,14,7,51,8.611989037,116,743,73.63513043,10.92426935,7.809975263,9.382551291,478,12,471,39,490,510
39,1000,70,7.7,28,64,946,30,15,9,54,8.703124172,131,733,72.84417215,10.85131142,8.410883304,9.006078555,482,27,464,27,509,491
34,1000,70,7.7,28,90,955,26,15,4,45,8.811095923,113,758,73.98133993,11.04710468,8.613106551,9.022175501,492,24,463,21,516,484
40,1000,70,7.7,28,4,945,29,16,10,55,7.257611738,85,699,70.30986058,9.000031388,5.964622146,8.514897475,481,12,464,43,493,507
33,1000,70,7.7,28,101,944,36,15,5,56,8.733628873,132,754,74.66162123,11.37552162,8.633664725,8.824072627,446,29,498,27,475,525
36,1000,70,7.7,28,85,958,28,11,3,42,8.764025933,112,737,74.2345916,10.77161895,8.451175641,9.092262306,495,17,463,25,512,488
38,1000,70,7.7,28,73,957,29,9,5,43,8.263799055,104,726,73.18921753,10.77760345,7.871614674,8.663906353,489,16,468,27,505,495
35,1000,70,7.7,28,87,957,24,15,4,43,8.549343415,99,752,74.2369242,11.50846913,8.229123516,8.852119429,466,20,491,23,486,514
37,1000,70,7.7,28,80,949,31,13,7,51,8.615998527,100,745,73.67231328,10.94359086,7.797405787,9.402489591,479,11,470,40,490,510
39,1000,70,7.7,28,65,946,30,15,9,54,8.706726554,117,744,72.87100483,10.86427468,8.422771382,9.001091489,482,27,464,27,509,491
34,1000,70,7.7,28,91,956,27,14,3,44,8.79359211,105,748,74.02513644,11.06881998,8.617757075,8.981052601,493,23,463,21,516,484
33,1000,70,7.7,28,102,945,36,14,5,55,8.744645999,101,737,74.70184163,11.41434622,8.621641613,8.855935681,447,28,498,27,475,525
36,1000,70,7.7,28,86,958,28,11,3,42,8.77688428,113,738,74.2461891,10.80497894,8.427488301,9.143463667,495,17,463,25,512,488
40,1000,70,7.7,28,5,947,29,14,10,53,7.273011703,102,685,70.36699941,9.045982666,5.990161664,8.520437874,481,12,466,41,493,507
38,1000,70,7.7,28,74,956,30,9,5,44,8.269722773,113,731,73.23574227,10.8162724,7.867704752,8.679862371,489,16,467,28,505,495
37,1000,70,7.7,28,81,949,31,13,7,51,8.613319487,115,737,73.73108571,10.95118962,7.781499542,9.412519042,479,11,470,40,490,510
35,1000,70,7.7,28,88,957,24,15,4,43,8.564466832,112,752,74.27186333,11.54120211,8.236903431,8.874186311,466,20,491,23,486,514
39,1000,70,7.7,28,66,948,27,15,10,52,8.67664409,125,750,72.89996378,10.89641891,8.369598649,8.99494578,484,25,464,27,509,491
34,1000,70,7.7,28,92,955,27,15,3,45,8.819110847,112,754,74.09456835,11.08417065,8.662640461,8.985926383,492,24,463,21,516,484
33,1000,70,7.7,28,103,946,36,13,5,54,8.770789506,108,748,74.7467124,11.43095424,8.677914433,8.854819334,447,28,499,26,475,525
36,1000,70,7.7,28,87,958,28,11,3,42,8.806948569,132,731,74.2921598,10.80925539,8.467259529,9.163343628,495,17,463,25,512,488
40,1000,70,7.7,28,6,949,28,13,10,51,7.270105918,87,694,70.4017339,9.076932642,6.02033003,8.485371229,482,11,467,40,493,507
38,1000,70,7.7,28,75,956,31,8,5,44,8.2904091,105,725,73.29099089,10.8526467,7.881943517,8.707126513,489,16,467,28,505,495
35,1000,70,7.7,28,89,956,25,15,4,44,8.593511786,125,759,74.28145511,11.56975623,8.263838753,8.905225976,466,20,490,24,486,514
37,1000,70,7.7,28,82,950,31,12,7,50,8.646820986,113,742,73.7640753,10.96837716,7.854468417,9.408100906,479,11,471,39,490,510
34,1000,70,7.7,28,93,955,27,14,4,45,8.823210656,110,743,74.13963348,11.10253203,8.662112797,8.994959614,492,24,463,21,516,484
39,1000,70,7.7,28,67,947,28,15,10,53,8.67260932,117,737,72.91258598,10.92346841,8.333497324,9.02415312,484,25,463,28,509,491
33,1000,70,7.7,28,104,945,35,15,5,55,8.760083382,106,759,74.80319776,11.44231089,8.639361822,8.869307651,446,29,499,26,475,525
41,1000,70,7.7,28,0,956,22,13,9,44,6.625,83,731,70.17905387,8.569409455,5.768292683,7.454724409,481,11,475,33,492,508
36,1000,70,7.7,28,88,956,30,11,3,44,8.827171403,121,761,74.33305863,10.83557758,8.488543759,9.182452865,494,18,462,26,512,488
35,1000,70,7.7,28,90,955,26,15,4,45,8.608089203,107,740,74.28770454,11.59986387,8.261618273,8.93568623,466,20,489,25,486,514
40,1000,70,7.7,28,7,949,28,13,10,51,7.293119957,86,710,70.44309958,9.102290219,6.035717977,8.515800778,482,11,467,40,493,507
37,1000,70,7.7,28,83,949,32,12,7,51,8.632231552,125,755,73.80030525,10.96253414,7.81033249,9.421899278,479,11,470,40,490,510
38,1000,70,7.7,28,76,956,31,8,5,44,8.290494703,101,755,73.34849639,10.90525617,7.919956676,8.668518346,489,16,467,28,505,495
34,1000,70,7.7,28,94,955,27,14,4,45,8.856425066,102,764,74.1469351,11.11003399,8.700457644,9.022704384,492,24,463,21,516,484
39,1000,70,7.7,28,68,948,25,15,12,52,8.688811439,121,743,72.94985985,10.98056262,8.324729716,9.066240354,485,24,463,28,509,491
41,1000,70,7.7,28,1,957,21,13,9,43,6.645092559,88,725,70.21377606,8.605422579,5.791827638,7.471482995,481,11,476,32,492,508
36,1000,70,7.7,28,89,956,31,10,3,44,8.811737898,113,723,74.36627593,10.85145021,8.494065918,9.145033089,494,18,462,26,512,488
35,1000,70,7.7,28,91,953,27,16,4,47,8.639111446,129,760,74.31578134,11.62127275,8.262842506,8.994883246,466,20,487,27,486,514
37,1000,70,7.7,28,84,949,32,12,7,51,8.628884667,129,748,73.83687113,10.9926396,7.813686328,9.412114444,479,11,470,40,490,510
34,1000,70,7.7,28,95,953,28,15,4,47,8.875860171,117,754,74.2036023,11.10913933,8.718401495,9.043729337,491,25,462,22,516,484
38,1000,70,7.7,28,77,960,29,7,4,40,8.286166442,120,726,73.36675956,10.90654592,7.915454094,8.664367928,490,15,470,25,505,495
40,1000,70,7.7,28,8,950,28,12,10,50,7.320612849,99,701,70.50112375,9.157420503,6.092051428,8.515249496,482,11,468,39,493,507
39,1000,70,7.7,28,69,948,25,15,12,52,8.681511389,116,735,73.00696578,11.03324038,8.336996129,9.038656537,484,25,464,27,509,491
36,1000,70,7.7,28,90,956,31,11,2,44,8.823976544,118,756,74.42211269,10.89992374,8.505071214,9.158565743,494,18,462,26,512,488
41,1000,70,7.7,28,2,958,20,13,9,42,6.671032619,117,693,70.25658983,8.64504589,5.793751217,7.520683111,482,10,476,32,492,508
35,1000,70,7.7,28,92,952,28,16,4,48,8.641531448,124,738,74.36584711,11.66828659,8.284698488,8.978926037,466,20,486,28,486,514
37,1000,70,7.7,28,85,949,32,12,7,51,8.648587495,101,745,73.87003918,11.01920059,7.796022369,9.467718696,479,11,470,40,490,510
34,1000,70,7.7,28,96,953,28,15,4,47,8.86516923,124,743,74.24609019,11.13102697,8.672605975,9.07046394,492,24,461,23,516,484
38,1000,70,7.7,28,78,960,29,8,3,40,8.306019005,140,749,73.40581462,10.94568212,7.953055928,8.666112649,489,16,471,24,505,495
39,1000,70,7.7,28,70,947,26,15,12,53,8.70838824,97,737,73.05161347,11.05696876,8.344322074,9.085801027,484,25,463,28,509,491
40,1000,70,7.7,28,9,950,28,12,10,50,7.3061016,92,722,70.5759349,9.191272514,6.091300921,8.487357486,482,11,468,39,493,507
41,1000,70,7.7,28,3,957,21,13,9,43,6.724817742,86,724,70.30319354,8.672961353,5.884114586,7.539042058,481,11,476,32,492,508
36,1000,70,7.7,28,91,956,31,11,2,44,8.847331385,129,716,74.47672447,10.93558802,8.505267876,9.20621769,494,18,462,26,512,488
35,1000,70,7.7,28,93,951,28,15,6,49,8.676009829,140,754,74.38619369,11.70144989,8.328577826,9.004515575,466,20,485,29,486,514
37,1000,70,7.7,28,86,949,32,12,7,51,8.647611039,116,743,73.90292512,11.0438156,7.797470784,9.46441246,479,11,470,40,490,510
34,1000,70,7.7,28,97,953,27,16,4,47,8.878553098,122,736,74.2684367,11.1876704,8.730266269,9.036644015,492,24,461,23,516,484
38,1000,70,7.7,28,79,959,30,7,4,41,8.341775052,122,745,73.45061557,10.9696136,7.986791238,8.703930256,488,17,471,24,505,495
39,1000,70,7.7,28,71,947,26,15,12,53,8.720687645,100,708,73.07268978,11.0982637,8.354934241,9.099849524,484,25,463,28,509,491
41,1000,70,7.7,28,4,959,20,12,9,41,6.715086066,83,715,70.34371762,8.695600465,5.896594769,7.50779811,481,11,478,30,492,508
36,1000,70,7.7,28,92,956,31,11,2,44,8.856636068,108,767,74.5278451,10.96413924,8.519784597,9.210054006,494,18,462,26,512,488
40,1000,70,7.7,28,10,951,28,11,10,49,7.344751033,94,727,70.59789408,9.203381433,6.153179164,8.503419537,482,11,469,38,493,507
35,1000,70,7.7,28,94,951,27,16,6,49,8.686719165,131,760,74.43145707,11.71386308,8.343220892,9.011505469,466,20,485,29,486,514
34,1000,70,7.7,28,98,954,26,16,4,46,8.891930701,121,744,74.30985777,11.23314373,8.75516264,9.03774128,492,24,462,22,516,484
37,1000,70,7.7,28,87,949,31,13,7,51,8.653895303,112,733,73.94651384,11.10024216,7.807007328,9.467571986,479,11,470,40,490,510
38,1000,70,7.7,28,80,961,27,8,4,39,8.333187482,112,735,73.48912879,10.98038509,7.977951374,8.695600078,490,15,471,24,505,495
41,1000,70,7.7,28,5,960,19,12,9,40,6.709609444,85,703,70.38842179,8.701997357,5.869521598,7.52323783,481,11,479,29,492,508
36,1000,70,7.7,28,93,956,31,11,2,44,8.835803217,112,740,74.57880346,10.9894465,8.52972471,9.156934766,494,18,462,26,512,488
39,1000,70,7.7,28,72,945,28,15,12,55,8.715862422,100,712,73.13791166,11.1210312,8.397992403,9.045385518,483,26,462,29,509,491
35,1000,70,7.7,28,95,949,28,17,6,51,8.724617327,121,768,74.49705317,11.74031684,8.377056414,9.053244961,466,20,483,31,486,514
40,1000,70,7.7,28,11,952,27,12,9,48,7.369955612,98,721,70.6338757,9.242492419,6.181896818,8.525208049,482,11,470,37,493,507
34,1000,70,7.7,28,99,952,28,16,4,48,8.913657608,94,754,74.38038357,11.26489402,8.755270675,9.082516405,492,24,460,24,516,484
37,1000,70,7.7,28,88,946,34,13,7,54,8.687442969,110,754,73.99086038,11.14870897,7.868332091,9.474431851,477,13,469,41,490,510
38,1000,70,7.7,28,81,960,29,7,4,40,8.370798289,104,756,73.55218887,11.00230818,7.989214305,8.760091041,490,15,470,25,505,495
41,1000,70,7.7,28,6,961,17,13,9,39,6.736454753,87,664,70.43878801,8.725385995,5.907840021,7.538971384,481,11,480,28,492,508
36,1000,70,7.7,28,94,957,31,10,2,43,8.839932129,121,774,74.64266067,11.03092312,8.530678317,9.164395145,495,17,462,26,512,488
39,1000,70,7.7,28,73,944,29,15,12,56,8.712031764,112,730,73.19574915,11.1625051,8.379047833,9.057222846,482,27,462,29,509,491
35,1000,70,7.7,28,96,948,29,17,6,52,8.755556049,110,755,74.58422669,11.76158257,8.393470861,9.097916753,465,21,483,31,486,514
34,1000,70,7.7,28,100,950,30,16,4,50,8.917233968,129,734,74.41108684,11.27484618,8.726155458,9.120945768,491,25,459,25,516,484
40,1000,70,7.7,28,12,953,26,12,9,47,7.371930613,93,727,70.67561866,9.276839215,6.223522241,8.488627511,482,11,471,36,493,507
37,1000,70,7.7,28,89,945,33,15,7,55,8.717241337,120,750,74.02856697,11.16327607,7.900109318,9.502328963,477,13,468,42,490,510
38,1000,70,7.7,28,82,959,30,6,5,41,8.379806566,115,740,73.60010308,11.02920178,8.029472511,8.737218077,490,15,469,26,505,495
41,1000,70,7.7,28,7,962,17,12,9,38,6.773789688,93,690,70.50007368,8.761417586,5.993250908,7.529744569,481,11,481,27,492,508
36,1000,70,7.7,28,95,958,30,10,2,42,8.813028729,117,787,74.72265557,11.07507242,8.468450129,9.174553819,495,17,463,25,512,488
39,1000,70,7.7,28,74,943,30,15,12,57,8.735138314,129,755,73.21938672,11.22542354,8.424562533,9.057099766,482,27,461,30,509,491
35,1000,70,7.7,28,97,949,28,16,7,51,8.762659994,135,744,74.6366462,11.78785327,8.3838895,9.120797076,466,20,483,31,486,514
34,1000,70,7.7,28,101,950,30,16,4,50,8.930662887,121,740,74.46873276,11.29815042,8.754454214,9.11852172,491,25,459,25,516,484
37,1000,70,7.7,28,90,945,32,16,7,55,8.703420991,113,743,74.10772405,11.17274335,7.902179603,9.473241148,477,13,468,42,490,510
40,1000,70,7.7,28,13,954,26,11,9,46,7.378638119,97,719,70.69255556,9.30754644,6.193688753,8.53086699,483,10,471,36,493,507
41,1000,70,7.7,28,8,960,19,12,9,40,6.826859128,84,712,70.54194985,8.781405454,6.023562232,7.604855334,480,12,480,28,492,508
36,1000,70,7.7,28,96,958,31,9,2,42,8.819365564,117,746,74.7399621,11.10131566,8.505026184,9.149164258,495,17,463,25,512,488
38,1000,70,7.7,28,83,959,30,6,5,41,8.421552298,119,738,73.6598227,11.03448761,8.066613152,8.783661932,490,15,469,26,505,495
35,1000,70,7.7,28,98,949,29,15,7,51,8.802172869,114,747,74.71008652,11.80761069,8.399256586,9.183140405,466,20,483,31,486,514
39,1000,70,7.7,28,75,944,28,16,12,56,8.783865351,109,736,73.29098139,11.24958877,8.459323016,9.120305367,482,27,462,29,509,491
34,1000,70,7.7,28,102,951,29,15,5,49,8.932249442,111,753,74.50912871,11.32871243,8.765039138,9.110514973,492,24,459,25,516,484
37,1000,70,7.7,28,91,944,32,17,7,56,8.709015038,128,761,74.14658651,11.2065478,7.921213992,9.465921925,477,13,467,43,490,510
36,1000,70,7.7,28,97,956,32,10,2,44,8.786589286,125,751,74.76457417,11.12562337,8.447902479,9.141932821,494,18,462,26,512,488
41,1000,70,7.7,28,9,960,18,13,9,40,6.863231551,98,722,70.61616123,8.791741123,6.044397518,7.656275536,480,12,480,28,492,508
40,1000,70,7.7,28,14,952,28,10,10,48,7.422767558,88,703,70.71555199,9.326884745,6.260311318,8.553124415,483,10,469,38,493,507
38,1000,70,7.7,28,84,960,30,6,4,40,8.409362043,120,739,73.69290962,11.04555732,8.067890334,8.75773217,491,14,469,26,505,495
35,1000,70,7.7,28,99,947,31,15,7,53,8.808040051,124,768,74.77400045,11.82616211,8.42730594,9.168033781,465,21,482,32,486,514
39,1000,70,7.7,28,76,946,27,15,12,54,8.787058674,140,726,73.30446687,11.2787518,8.457080277,9.129134039,484,25,462,29,509,491
34,1000,70,7.7,28,103,951,29,15,5,49,8.92193233,128,756,74.5427483,11.35196324,8.758063079,9.096635911,492,24,459,25,516,484
37,1000,70,7.7,28,92,943,31,19,7,57,8.722514143,123,727,74.20330533,11.25923063,7.953791026,9.461091257,476,14,467,43,490,510
36,1000,70,7.7,28,98,956,32,10,2,44,8.761940938,124,773,74.84055223,11.15126019,8.412856775,9.128193174,493,19,463,25,512,488
41,1000,70,7.7,28,10,960,18,13,9,40,6.88969848,99,694,70.67498672,8.828371519,6.069638701,7.683929605,480,12,480,28,492,508
38,1000,70,7.7,28,85,961,30,6,3,39,8.390703248,112,763,73.73671681,11.06132502,8.051998211,8.736250811,491,14,470,25,505,495
35,1000,70,7.7,28,100,947,32,15,6,53,8.795768498,135,750,74.85955421,11.86597326,8.421857411,9.149310888,465,21,482,32,486,514
34,1000,70,7.7,28,104,951,30,14,5,49,8.940615653,134,745,74.58010583,11.36362053,8.782044808,9.10967052,493,23,458,26,516,484
42,1000,70,7.7,28,0,941,31,17,11,59,7.297,110,687,69.78095937,8.864448416,6.889320388,7.729896907,491,24,450,35,515,485
39,1000,70,7.7,28,77,945,27,15,13,55,8.831640051,102,730,73.34368226,11.30143561,8.481464925,9.194652553,484,25,461,30,509,491
40,1000,70,7.7,28,15,949,31,10,10,51,7.480304664,94,715,70.73522265,9.365676624,6.314550178,8.61386869,482,11,467,40,493,507
37,1000,70,7.7,28,93,943,31,19,7,57,8.741707896,110,734,74.25110998,11.31322996,7.96850983,9.48458447,476,14,467,43,490,510
36,1000,70,7.7,28,99,955,33,10,2,45,8.758610733,115,727,74.89142289,11.16024414,8.39508944,9.140010122,493,19,462,26,512,488
41,1000,70,7.7,28,11,962,18,11,9,38,6.903558756,95,692,70.77448636,8.869677455,6.088175176,7.693260963,481,11,481,27,492,508
38,1000,70,7.7,28,86,959,31,7,3,41,8.430421908,109,739,73.7682746,11.09121417,8.070962386,8.797143239,489,16,470,25,505,495
35,1000,70,7.7,28,101,947,32,15,6,53,8.843966081,103,759,74.88923837,11.89500727,8.475388075,9.192465907,465,21,482,32,486,514
42,1000,70,7.7,28,1,940,32,17,11,60,7.315751418,97,732,69.8184932,8.877178124,6.903101836,7.753925718,491,24,449,36,515,485
39,1000,70,7.7,28,78,945,27,15,13,55,8.857223522,127,740,73.39506737,11.32739965,8.523518265,9.203162373,484,25,461,30,509,491
37,1000,70,7.7,28,94,944,31,18,7,56,8.753553331,124,746,74.32958998,11.33152353,7.965304672,9.510890278,476,14,468,42,490,510
40,1000,70,7.7,28,16,950,30,10,10,50,7.51886831,96,721,70.79512854,9.390288678,6.354619844,8.650967904,482,11,468,39,493,507
41,1000,70,7.7,28,12,962,18,11,9,38,6.952969863,86,708,70.82374133,8.892837863,6.105926347,7.773334843,481,11,481,27,492,508
36,1000,70,7.7,28,100,957,32,9,2,43,8.757152283,106,745,74.93391897,11.1945534,8.398949688,9.132971398,495,17,462,26,512,488
39,1000,70,7.7,28,79,945,28,14,13,55,8.87377083,109,743,73.45206006,11.36962905,8.559661559,9.199395308,484,25,461,30,509,491
35,1000,70,7.7,28,102,945,34,15,6,55,8.872026918,118,776,74.9256752,11.9146094,8.501662252,9.222216076,464,22,481,33,486,514
42,1000,70,7.7,28,2,941,32,16,11,59,7.315713349,98,736,69.85421055,8.927947839,6.903023807,7.75393008,491,24,450,35,515,485
38,1000,70,7.7,28,87,959,30,8,3,41,8.469834486,101,757,73.83560222,11.10938075,8.150380872,8.795741707,488,17,471,24,505,495
41,1000,70,7.7,28,13,962,18,11,9,38,6.958622246,106,703,70.86312656,8.905054455,6.10920921,7.781282117,481,11,481,27,492,508
36,1000,70,7.7,28,101,958,31,9,2,42,8.767842272,112,765,74.96986595,11.21148133,8.400691926,9.153049193,496,16,462,26,512,488
37,1000,70,7.7,28,95,943,32,18,7,57,8.795059369,133,749,74.3697603,11.36145351,8.042457601,9.518147343,475,15,468,42,490,510
40,1000,70,7.7,28,17,950,30,10,10,50,7.551940226,86,719,70.83823398,9.400460744,6.394388608,8.677527893,483,10,467,40,493,507
39,1000,70,7.7,28,80,945,28,14,13,55,8.882229771,118,707,73.48198355,11.41532247,8.574605649,9.201131355,484,25,461,30,509,491
42,1000,70,7.7,28,3,940,33,16,11,60,7.359697982,101,714,69.87531675,8.958699215,6.979671752,7.763230989,490,25,450,35,515,485
35,1000,70,7.7,28,103,945,34,15,6,55,8.888287956,126,728,74.959256,11.93513029,8.517041611,9.239310764,464,22,481,33,486,514
41,1000,70,7.7,28,14,961,19,11,9,39,6.995141026,95,732,70.88596363,8.907701128,6.167585971,7.796631356,481,11,480,28,492,508
36,1000,70,7.7,28,102,958,32,9,1,42,8.768005418,126,750,75.00373331,11.22118816,8.402559876,9.151423692,495,17,463,25,512,488
38,1000,70,7.7,28,88,958,31,8,3,42,8.480781111,111,722,73.8813305,11.11817185,8.230594773,8.736021718,487,18,471,24,505,495
37,1000,70,7.7,28,96,943,32,16,9,57,8.776044881,116,749,74.4007029,11.38023758,8.021069217,9.501413657,475,15,468,42,490,510
40,1000,70,7.7,28,18,950,30,10,10,50,7.586783585,107,735,70.89299478,9.4063344,6.461700936,8.680798863,483,10,467,40,493,507
39,1000,70,7.7,28,81,943,30,14,13,57,8.907580458,106,719,73.56578634,11.45822042,8.605499914,9.220735239,483,26,460,31,509,491
41,1000,70,7.7,28,15,962,18,10,10,38,7.003485192,94,708,70.95538719,8.927445752,6.164839917,7.815716442,482,10,480,28,492,508
36,1000,70,7.7,28,103,958,31,10,1,42,8.804989829,129,750,75.04420457,11.22520848,8.440316477,9.187597936,495,17,463,25,512,488
42,1000,70,7.7,28,4,941,31,17,11,59,7.415402327,97,715,69.90416189,8.987723141,7.001203725,7.85522146,490,25,451,34,515,485
35,1000,70,7.7,28,104,944,35,14,7,56,8.897447427,131,745,74.99643964,11.95778487,8.536294062,9.238927068,464,22,480,34,486,514
43,1000,70,7.7,28,0,941,37,13,9,59,7.083,106,724,70.0238523,8.811565428,6.359183673,7.778431373,468,22,473,37,490,510
38,1000,70,7.7,28,89,956,30,11,3,44,8.511656889,111,754,73.94935782,11.14429642,8.232514482,8.796438537,487,18,469,26,505,495
37,1000,70,7.7,28,97,946,31,14,9,54,8.768190068,112,751,74.43370543,11.40463128,8.016909412,9.490008737,475,15,471,39,490,510
41,1000,70,7.7,28,16,962,17,11,10,38,7.025990992,81,718,70.98310411,8.941778796,6.190603066,7.835067488,482,10,480,28,492,508
39,1000,70,7.7,28,82,939,34,15,12,61,8.932730524,126,760,73.62680993,11.51204288,8.624409289,9.252354778,482,27,457,34,509,491
36,1000,70,7.7,28,104,958,31,10,1,42,8.804806526,120,748,75.09385054,11.23167125,8.439617833,9.187955318,495,17,463,25,512,488
44,1000,70,7.7,28,0,946,29,14,11,54,6.884,108,689,70.09759656,8.787472424,6.238188976,7.550813008,487,21,459,33,508,492
40,1000,70,7.7,28,19,950,30,10,10,50,7.624207852,116,737,70.94015496,9.444032302,6.524776123,8.693280519,483,10,467,40,493,507
42,1000,70,7.7,28,5,942,29,18,11,58,7.425102628,103,686,69.93633329,9.005058031,7.032740901,7.841734153,491,24,451,34,515,485
37,1000,70,7.7,28,98,947,30,14,9,53,8.779137024,116,739,74.48042308,11.39252223,8.067170915,9.463182894,475,15,472,38,490,510
43,1000,70,7.7,28,1,940,38,13,9,60,7.092149722,92,721,70.06949554,8.839314022,6.416230474,7.741562333,466,24,474,36,490,510
38,1000,70,7.7,28,90,954,32,11,3,46,8.542662817,99,751,73.9765833,11.18488788,8.279848381,8.810786636,486,19,468,27,505,495
41,1000,70,7.7,28,17,962,17,11,10,38,7.068470172,98,695,71.03909348,8.950052368,6.264570899,7.847049784,481,11,481,27,492,508
39,1000,70,7.7,28,83,938,34,16,12,62,8.946575319,104,769,73.68707768,11.55861805,8.627216599,9.277641691,481,28,457,34,509,491
44,1000,70,7.7,28,1,948,28,13,11,52,6.875699929,91,710,70.16150768,8.807843711,6.222519399,7.550122103,488,20,460,32,508,492
42,1000,70,7.7,28,6,942,28,18,12,58,7.453913913,80,705,69.97549929,9.021459855,7.057201909,7.875164804,491,24,451,34,515,485
40,1000,70,7.7,28,20,953,28,10,9,47,7.621962617,82,706,70.94233289,9.482937086,6.542148886,8.671959005,483,10,470,37,493,507
37,1000,70,7.7,28,99,947,30,14,9,53,8.796858416,118,752,74.53189405,11.4314002,8.078224198,9.4873109,475,15,472,38,490,510
38,1000,70,7.7,28,91,955,31,11,3,45,8.557782615,125,733,73.99524252,11.23578013,8.29448492,8.826399455,486,19,469,26,505,495
43,1000,70,7.7,28,2,941,38,12,9,59,7.09206375,109,694,70.13190835,8.88419723,6.436591513,7.721831193,466,24,475,35,490,510
41,1000,70,7.7,28,18,965,16,9,10,35,7.052405515,96,719,71.09204679,8.988649556,6.243847592,7.835497047,481,11,484,24,492,508
39,1000,70,7.7,28,84,937,34,17,12,63,8.970053256,121,753,73.74530982,11.58031902,8.651040114,9.300761381,480,29,457,34,509,491
44,1000,70,7.7,28,2,950,27,13,10,50,6.884436141,103,701,70.1784569,8.834945723,6.268571686,7.520328709,489,19,461,31,508,492
42,1000,70,7.7,28,7,942,29,18,11,58,7.473945314,97,714,70.05560788,9.054939185,7.097958173,7.873189393,491,24,451,34,515,485
37,1000,70,7.7,28,100,947,30,14,9,53,8.817596402,126,739,74.57032414,11.44726232,8.077092582,9.529060857,475,15,472,38,490,510
40,1000,70,7.7,28,21,953,29,10,8,47,7.630387255,93,713,70.97485091,9.519752204,6.576310833,8.655357031,482,11,471,36,493,507
38,1000,70,7.7,28,92,952,33,12,3,48,8.5618964,127,752,74.06801658,11.26089488,8.294321186,8.834877174,486,19,466,29,505,495
41,1000,70,7.7,28,19,965,16,9,10,35,7.044167991,96,716,71.12127571,9.019285878,6.223107626,7.839368187,481,11,484,24,492,508
43,1000,70,7.7,28,3,943,35,12,10,57,7.089670635,97,702,70.18613875,8.931286881,6.420684032,7.732422469,467,23,476,34,490,510
39,1000,70,7.7,28,85,937,34,17,12,63,8.995886328,126,746,73.79761509,11.60717825,8.698027793,9.30466432,481,28,456,35,509,491
42,1000,70,7.7,28,8,942,29,18,11,58,7.497362481,95,681,70.09048118,9.067962831,7.123542203,7.894305664,491,24,451,34,515,485
44,1000,70,7.7,28,3,952,25,13,10,48,6.937858778,89,728,70.23281883,8.846690872,6.323594537,7.572099092,489,19,463,29,508,492
37,1000,70,7.7,28,101,945,30,15,10,55,8.864615276,120,759,74.61302089,11.49230637,8.139467553,9.561325833,473,17,472,38,490,510
41,1000,70,7.7,28,20,965,16,9,10,35,7.091861616,91,702,71.16439645,9.072814661,6.276823918,7.881228835,481,11,484,24,492,508
40,1000,70,7.7,28,22,952,30,10,8,48,7.659901922,101,714,71.03627239,9.539190548,6.613261515,8.677641016,482,11,470,37,493,507
43,1000,70,7.7,28,4,943,35,11,11,57,7.152971803,82,697,70.19828,8.93919175,6.509244161,7.771455225,467,23,476,34,490,510
38,1000,70,7.7,28,93,951,34,12,3,49,8.570878123,132,724,74.12296536,11.27981206,8.293956984,8.853393629,487,18,464,31,505,495
39,1000,70,7.7,28,86,937,35,16,12,63,9.00530125,137,777,73.86652504,11.65349701,8.729095964,9.291632188,481,28,456,35,509,491
42,1000,70,7.7,28,9,942,29,18,11,58,7.488830898,94,695,70.10705704,9.126825369,7.118112761,7.882480054,491,24,451,34,515,485
37,1000,70,7.7,28,102,944,31,15,10,56,8.888247691,140,764,74.6669157,11.51872407,8.16513724,9.583000868,472,18,472,38,490,510
44,1000,70,7.7,28,4,953,25,12,10,47,6.977368638,83,702,70.29359704,8.84952572,6.334391052,7.641256065,489,19,464,28,508,492
41,1000,70,7.7,28,21,965,15,10,10,35,7.09358487,104,713,71.22090387,9.128901315,6.273569244,7.887773232,481,11,484,24,492,508
43,1000,70,7.7,28,5,946,33,10,11,54,7.15886445,99,690,70.25718766,8.956119759,6.555006437,7.739041756,468,22,478,32,490,510
40,1000,70,7.7,28,23,953,30,9,8,47,7.685902053,94,746,71.06637989,9.572729834,6.650009798,8.693189789,482,11,471,36,493,507
38,1000,70,7.7,28,94,950,35,12,3,50,8.574248716,128,751,74.18195096,11.31270622,8.276488807,8.878023977,487,18,463,32,505,495
39,1000,70,7.7,28,87,936,35,17,12,64,9.023055011,118,753,73.91698983,11.67833869,8.773264655,9.28200265,481,28,455,36,509,491
37,1000,70,7.7,28,103,944,31,15,10,56,8.894635072,125,759,74.72041412,11.55349003,8.171852376,9.589073348,472,18,472,38,490,510
42,1000,70,7.7,28,10,941,30,18,11,59,7.525858789,103,704,70.17477404,9.172901933,7.196180135,7.875929938,490,25,451,34,515,485
44,1000,70,7.7,28,5,952,26,12,10,48,7.010482278,86,698,70.34536576,8.852915551,6.365740931,7.676190823,488,20,464,28,508,492
41,1000,70,7.7,28,22,965,15,10,10,35,7.10458221,95,720,71.26727606,9.150926857,6.270402898,7.912488158,481,11,484,24,492,508
43,1000,70,7.7,28,6,947,32,10,11,53,7.155689759,99,714,70.30184562,9.018310732,6.56386571,7.724305022,469,21,478,32,490,510
38,1000,70,7.7,28,95,951,34,12,3,49,8.548132346,128,718,74.23858771,11.34147609,8.270680359,8.831189424,487,18,464,31,505,495
40,1000,70,7.7,28,24,953,30,9,8,47,7.686390711,113,726,71.12434037,9.607562066,6.661040222,8.683427774,482,11,471,36,493,507
37,1000,70,7.7,28,104,944,31,15,10,56,8.92418921,127,741,74.77483961,11.57543311,8.195664462,9.62414436,472,18,472,38,490,510
39,1000,70,7.7,28,88,935,36,17,12,65,8.974216103,129,754,73.950032,11.70531597,8.759050686,9.197269458,480,29,455,36,509,491
45,1000,70,7.7,28,0,942,35,13,10,58,7.249,79,686,70.18118433,8.776884658,6.6,7.885148515,472,23,470,35,495,505
41,1000,70,7.7,28,23,964,16,10,10,36,7.14735769,92,714,71.27490354,9.204253407,6.37079406,7.899462622,481,11,483,25,492,508
44,1000,70,7.7,28,6,951,27,12,10,49,7.027785852,103,706,70.36702696,8.89370604,6.374449687,7.702368721,487,21,464,28,508,492
42,1000,70,7.7,28,11,939,32,18,11,61,7.561869513,84,682,70.22864509,9.191649723,7.227313463,7.917119751,488,27,451,34,515,485
43,1000,70,7.7,28,7,948,32,10,10,52,7.163415981,92,692,70.36230616,9.055200718,6.529056985,7.772898154,470,20,478,32,490,510
38,1000,70,7.7,28,96,952,34,11,3,48,8.558113534,129,740,74.27473795,11.36743257,8.287190652,8.834509606,487,18,465,30,505,495
40,1000,70,7.7,28,25,955,28,8,9,45,7.719209356,101,737,71.1645026,9.632144393,6.67341685,8.736123962,483,10,472,35,493,507
39,1000,70,7.7,28,89,935,37,16,12,65,8.955759212,123,736,73.99598164,11.7456136,8.719079888,9.201115171,481,28,454,37,509,491
41,1000,70,7.7,28,24,962,18,10,10,38,7.19175806,89,719,71.32957876,9.235769003,6.424171657,7.935168514,480,12,482,26,492,508
45,1000,70,7.7,28,1,942,35,12,11,58,7.257311842,87,675,70.23098384,8.794864712,6.61498064,7.886923615,472,23,470,35,495,505
44,1000,70,7.7,28,7,951,27,12,10,49,7.084961647,87,708,70.40435658,8.918276942,6.424332181,7.767074998,488,20,463,29,508,492
42,1000,70,7.7,28,12,941,32,17,10,59,7.57729057,102,705,70.25791014,9.226946406,7.253404659,7.921210662,489,26,452,33,515,485
43,1000,70,7.7,28,8,951,30,10,9,49,7.187796217,95,715,70.42156385,9.059911221,6.573237253,7.77825483,470,20,481,29,490,510
38,1000,70,7.7,28,97,951,35,11,3,49,8.595262061,111,729,74.3187451,11.39565675,8.363193878,8.832018491,487,18,464,31,505,495
40,1000,70,7.7,28,26,953,31,7,9,47,7.771399906,96,710,71.19808742,9.645800778,6.692613945,8.820396905,483,10,470,37,493,507
41,1000,70,7.7,28,25,962,18,10,10,38,7.243096366,86,721,71.34567103,9.257503332,6.453317724,8.008000091,480,12,482,26,492,508
45,1000,70,7.7,28,2,945,33,11,11,55,7.250577145,95,696,70.25558783,8.80518779,6.624521949,7.864235207,474,21,471,34,495,505
39,1000,70,7.7,28,90,932,40,16,12,68,8.980236122,117,735,74.0732787,11.77681828,8.750412449,9.218485103,480,29,452,39,509,491
44,1000,70,7.7,28,8,951,28,11,10,49,7.092237438,108,718,70.47050209,8.948250775,6.40852905,7.798180245,489,19,462,30,508,492
43,1000,70,7.7,28,9,953,26,12,9,47,7.203408126,75,693,70.47611549,9.09993764,6.606557667,7.776852683,470,20,483,27,490,510
42,1000,70,7.7,28,13,940,34,17,9,60,7.589283952,106,721,70.28506643,9.250735167,7.272544877,7.925615135,489,26,451,34,515,485
38,1000,70,7.7,28,98,951,35,11,3,49,8.605055865,129,743,74.38367128,11.41362237,8.35943491,8.855638859,487,18,464,31,505,495
41,1000,70,7.7,28,26,960,20,10,10,40,7.271040597,90,710,71.39606457,9.280906244,6.449424598,8.066778927,480,12,480,28,492,508
45,1000,70,7.7,28,3,947,31,11,11,53,7.241173804,87,703,70.31549858,8.858492103,6.6189598,7.851066738,475,20,472,33,495,505
40,1000,70,7.7,28,27,954,30,7,9,46,7.786765884,98,711,71.26497766,9.682191161,6.724991042,8.819221499,484,9,470,37,493,507
43,1000,70,7.7,28,10,952,27,12,9,48,7.240254988,98,699,70.53679572,9.125864037,6.614675982,7.841301483,470,20,482,28,490,510
39,1000,70,7.7,28,91,932,42,15,11,68,8.980845124,113,740,74.10888512,11.79705301,8.705798913,9.265974497,481,28,451,40,509,491
44,1000,70,7.7,28,9,951,27,12,10,49,7.138831829,102,716,70.54228109,8.971284354,6.429106473,7.871637684,489,19,462,30,508,492
42,1000,70,7.7,28,14,938,35,18,9,62,7.622779211,97,714,70.34245411,9.263051197,7.292431216,7.973561103,488,27,450,35,515,485
38,1000,70,7.7,28,99,952,35,10,3,48,8.60904545,128,735,74.44219573,11.41788927,8.33094462,8.89276448,487,18,465,30,505,495
41,1000,70,7.7,28,27,958,22,10,10,42,7.302345044,89,711,71.43840125,9.310328602,6.499244282,8.080151293,479,13,479,29,492,508
43,1000,70,7.7,28,11,953,26,12,9,47,7.251567003,111,684,70.58843077,9.117533342,6.632954611,7.845920085,470,20,483,27,490,510
45,1000,70,7.7,28,4,947,30,12,11,53,7.28923393,93,713,70.36637433,8.876775484,6.660983224,7.905044028,475,20,472,33,495,505
40,1000,70,7.7,28,28,954,30,7,9,46,7.784089373,107,722,71.30580858,9.712402626,6.710341497,8.828187407,484,9,470,37,493,507
39,1000,70,7.7,28,92,934,40,15,11,66,8.973316087,118,755,74.15924346,11.82450392,8.695941646,9.260859041,482,27,452,39,509,491
44,1000,70,7.7,28,10,951,27,12,10,49,7.169007284,103,703,70.59337984,8.978160515,6.449290746,7.912129237,489,19,462,30,508,492
42,1000,70,7.7,28,15,937,36,18,9,63,7.644650515,106,678,70.39251957,9.283233902,7.314676609,7.99503518,487,28,450,35,515,485
41,1000,70,7.7,28,28,959,21,10,10,41,7.297203323,114,708,71.46705548,9.335243146,6.548960129,8.021879803,479,13,480,28,492,508
38,1000,70,7.7,28,100,951,35,11,3,49,8.633312501,139,757,74.49812522,11.46355037,8.349585185,8.922771681,486,19,465,30,505,495
43,1000,70,7.7,28,12,954,26,11,9,46,7.275697981,97,729,70.63906218,9.14517524,6.667506735,7.86003859,470,20,484,26,490,510
45,1000,70,7.7,28,5,948,32,10,10,52,7.315457223,80,710,70.43460254,8.898588304,6.704279776,7.914532146,475,20,473,32,495,505
39,1000,70,7.7,28,93,932,42,15,11,68,9.019016152,120,724,74.22218046,11.85350297,8.749635857,9.298271896,482,27,450,41,509,491
44,1000,70,7.7,28,11,951,28,10,11,49,7.201527825,87,708,70.62731619,8.996859628,6.506480183,7.919178643,489,19,462,30,508,492
42,1000,70,7.7,28,16,938,35,18,9,62,7.664357701,92,719,70.46042481,9.305212803,7.302100824,8.04902222,488,27,450,35,515,485
40,1000,70,7.7,28,29,955,29,7,9,45,7.790826651,101,709,71.37858808,9.761402688,6.742551395,8.810155451,484,9,471,36,493,507
41,1000,70,7.7,28,29,959,21,11,9,41,7.260010704,116,722,71.51634696,9.348886972,6.565110908,7.933023893,479,13,480,28,492,508
38,1000,70,7.7,28,101,951,35,11,3,49,8.666131735,116,762,74.55012953,11.51752293,8.408738912,8.928724413,486,19,465,30,505,495
43,1000,70,7.7,28,13,954,26,11,9,46,7.299720447,107,733,70.71377242,9.190813085,6.721131708,7.855619432,470,20,484,26,490,510
45,1000,70,7.7,28,6,948,32,9,11,52,7.337965434,87,717,70.4859981,8.930889943,6.732454947,7.931485615,474,21,474,31,495,505
39,1000,70,7.7,28,94,933,41,15,11,67,9.031551964,123,747,74.26172893,11.88099002,8.75389529,9.319387498,482,27,451,40,509,491
44,1000,70,7.7,28,12,951,28,10,11,49,7.207999747,89,722,70.64570807,9.040226524,6.49873786,7.940327061,489,19,462,30,508,492
42,1000,70,7.7,28,17,939,34,18,9,61,7.677883985,95,691,70.50251274,9.351004979,7.346308737,8.029969042,488,27,451,34,515,485
40,1000,70,7.7,28,30,956,28,7,9,44,7.80884741,99,722,71.43059405,9.802121329,6.738784841,8.8493619,485,8,471,36,493,507
41,1000,70,7.7,28,30,960,20,11,9,40,7.308816377,94,715,71.56002449,9.370492196,6.61774419,7.978122511,479,13,481,27,492,508
38,1000,70,7.7,28,102,951,33,13,3,49,8.70394799,126,755,74.61608864,11.56426149,8.463437464,8.949317314,486,19,465,30,505,495
43,1000,70,7.7,28,14,955,26,10,9,45,7.297668952,108,688,70.79652724,9.20362536,6.706129414,7.866010861,472,18,483,27,490,510
45,1000,70,7.7,28,7,949,31,10,10,51,7.354081341,97,712,70.52275739,8.960545391,6.754059881,7.942221188,476,19,473,32,495,505
44,1000,70,7.7,28,13,952,27,10,11,48,7.229898438,95,733,70.69976473,9.072314111,6.528064929,7.954555802,488,20,464,28,508,492
39,1000,70,7.7,28,95,934,41,14,11,66,9.0567475,118,729,74.29132537,11.89768864,8.803443783,9.3193373,483,26,451,40,509,491
42,1000,70,7.7,28,18,941,33,17,9,59,7.66080243,109,707,70.5511577,9.36248636,7.357801179,7.982546027,488,27,453,32,515,485
41,1000,70,7.7,28,31,961,20,12,7,39,7.268513991,108,736,71.60291067,9.385118327,6.571789841,7.943294073,479,13,482,26,492,508
40,1000,70,7.7,28,31,956,28,8,8,44,7.826565949,113,698,71.47017007,9.809927111,6.74870551,8.874662984,485,8,471,36,493,507
43,1000,70,7.7,28,15,954,26,11,9,46,7.328511964,93,691,70.8712617,9.226273796,6.729135501,7.904383468,472,18,482,28,490,510
45,1000,70,7.7,28,8,948,31,11,10,52,7.347918988,92,713,70.58266408,8.968232072,6.771198984,7.913218793,475,20,473,32,495,505
38,1000,70,7.7,28,103,949,35,13,3,51,8.735756775,119,750,74.68476415,11.57861534,8.490711117,8.985752851,485,20,464,31,505,495
42,1000,70,7.7,28,19,942,32,17,9,58,7.702658978,87,702,70.60453967,9.37890512,7.396762322,8.027477078,488,27,454,31,515,485
39,1000,70,7.7,28,96,934,41,14,11,66,9.057549892,125,748,74.32301035,11.94176168,8.794277707,9.330473604,483,26,451,40,509,491
44,1000,70,7.7,28,14,953,26,10,11,47,7.251117953,86,736,70.72929478,9.090770425,6.541458862,7.983855389,490,18,463,29,508,492
41,1000,70,7.7,28,32,961,20,12,7,39,7.30623359,90,679,71.63153994,9.422879705,6.599192344,7.991005821,479,13,482,26,492,508
40,1000,70,7.7,28,32,955,28,9,8,45,7.841903994,115,691,71.536555,9.848226729,6.768023214,8.886131261,485,8,470,37,493,507
43,1000,70,7.7,28,16,954,27,11,8,46,7.330054608,95,723,70.93426143,9.245057987,6.717190587,7.918884745,472,18,482,28,490,510
45,1000,70,7.7,28,9,949,32,10,9,51,7.337287903,95,714,70.62255268,8.980151559,6.762833734,7.900366742,476,19,473,32,495,505
38,1000,70,7.7,28,104,949,35,13,3,51,8.750173885,113,764,74.71578727,11.60403543,8.497583904,9.007866695,485,20,464,31,505,495
46,1000,70,7.7,28,0,925,38,16,21,75,7.6,107,700,70.05167683,9.122402554,6.676706827,8.515936255,468,30,457,45,498,502
42,1000,70,7.7,28,20,942,32,18,8,58,7.723340834,93,720,70.66774499,9.417099752,7.432775038,8.031879771,488,27,454,31,515,485
41,1000,70,7.7,28,33,963,21,9,7,37,7.326592105,106,729,71.70387684,9.438554228,6.576686428,8.052878706,482,10,481,27,492,508
39,1000,70,7.7,28,97,935,40,14,11,65,9.035901588,134,744,74.34527765,11.97900821,8.796239111,9.284350063,483,26,452,39,509,491
44,1000,70,7.7,28,15,953,27,10,10,47,7.254728387,90,703,70.7832247,9.121090145,6.556713362,7.975443088,490,18,463,29,508,492
43,1000,70,7.7,28,17,957,27,9,7,43,7.370559425,108,716,71.00155397,9.243574211,6.766826089,7.950616943,472,18,485,25,490,510
45,1000,70,7.7,28,10,949,31,11,9,51,7.37517718,92,713,70.65540387,8.989326968,6.826854547,7.91264194,476,19,473,32,495,505
40,1000,70,7.7,28,33,957,27,8,8,43,7.847829742,106,714,71.63078739,9.890144115,6.75310601,8.912324415,486,7,471,36,493,507
46,1000,70,7.7,28,1,926,37,16,21,74,7.638612273,102,723,70.09284166,9.168965821,6.746988207,8.523131766,468,30,458,44,498,502
41,1000,70,7.7,28,34,963,21,9,7,37,7.36482158,79,716,71.75101511,9.473711034,6.622990156,8.083288234,482,10,481,27,492,508
42,1000,70,7.7,28,21,944,31,17,8,56,7.733583134,95,701,70.69747399,9.441059261,7.435139649,8.050487041,489,26,455,30,515,485
39,1000,70,7.7,28,98,934,42,14,10,66,9.029538142,127,759,74.4018637,12.0046394,8.745702074,9.323779606,483,26,451,40,509,491
44,1000,70,7.7,28,16,953,25,12,10,47,7.279556613,97,697,70.83830115,9.151765428,6.572409708,8.009700165,490,18,463,29,508,492
45,1000,70,7.7,28,11,945,35,11,9,55,7.39295731,107,702,70.69048421,9.039833983,6.854980955,7.920280668,473,22,472,33,495,505
43,1000,70,7.7,28,18,958,26,9,7,42,7.401747417,102,702,71.05215515,9.295809145,6.824002517,7.956835654,472,18,486,24,490,510
40,1000,70,7.7,28,34,957,26,9,8,43,7.880121541,97,705,71.65825329,9.909990898,6.779546808,8.950305649,486,7,471,36,493,507
46,1000,70,7.7,28,2,927,37,14,22,73,7.665677284,100,686,70.13378594,9.187148603,6.765021431,8.559156597,469,29,458,44,498,502
41,1000,70,7.7,28,35,962,23,9,6,38,7.385412562,97,701,71.77210173,9.524547826,6.638585783,8.108717239,482,10,480,28,492,508
42,1000,70,7.7,28,22,944,32,16,8,56,7.737777117,98,713,70.76419691,9.463028548,7.473457933,8.01844594,488,27,456,29,515,485
39,1000,70,7.7,28,99,935,41,14,10,65,9.01299642,140,768,74.48727812,12.04918518,8.74862299,9.287061747,483,26,452,39,509,491
44,1000,70,7.7,28,17,953,25,12,10,47,7.316666234,99,707,70.89364687,9.18074829,6.581671815,8.075562911,490,18,463,29,508,492
45,1000,70,7.7,28,12,946,33,12,9,54,7.394724887,84,701,70.71693689,9.067912603,6.860836337,7.918041385,474,21,472,33,495,505
43,1000,70,7.7,28,19,958,26,9,7,42,7.416566284,82,703,71.10747908,9.349964014,6.839120018,7.971367599,472,18,486,24,490,510
41,1000,70,7.7,28,36,961,24,9,6,39,7.407087439,108,726,71.7986567,9.55949866,6.649536725,8.140778289,482,10,479,29,492,508
40,1000,70,7.7,28,35,959,24,9,8,41,7.858934714,108,721,71.71038271,9.93219386,6.781060419,8.90704522,486,7,473,34,493,507
46,1000,70,7.7,28,3,928,35,16,21,72,7.673166589,101,716,70.18950027,9.209629625,6.793252212,8.546069696,469,29,459,43,498,502
42,1000,70,7.7,28,23,943,33,16,8,57,7.765870207,92,746,70.79773456,9.483907509,7.497559638,8.050777307,487,28,456,29,515,485
44,1000,70,7.7,28,18,953,26,12,9,47,7.353675949,95,700,70.93828945,9.214400479,6.656257842,8.07377432,490,18,463,29,508,492
43,1000,70,7.7,28,20,961,23,9,7,39,7.433773833,100,689,71.13532829,9.364990749,6.832419033,8.011546091,474,16,487,23,490,510
39,1000,70,7.7,28,100,935,42,13,10,65,8.984370215,118,757,74.54523919,12.06214909,8.736582411,9.241241891,483,26,452,39,509,491
45,1000,70,7.7,28,13,946,33,11,10,54,7.406613979,101,730,70.74695769,9.099274016,6.879550301,7.923240752,474,21,472,33,495,505
41,1000,70,7.7,28,37,961,24,9,6,39,7.432430615,98,717,71.86500896,9.565058054,6.663810451,8.176842271,482,10,479,29,492,508
46,1000,70,7.7,28,4,929,34,15,22,71,7.73356076,79,717,70.22404729,9.258056484,6.879713376,8.58060458,469,29,460,42,498,502
40,1000,70,7.7,28,36,960,23,9,8,40,7.841388141,121,726,71.76259977,9.948874018,6.745522922,8.906992781,486,7,474,33,493,507
43,1000,70,7.7,28,21,960,24,9,7,40,7.49578798,94,702,71.17468657,9.408737314,6.851005364,8.115285004,474,16,486,24,490,510
42,1000,70,7.7,28,24,943,33,16,8,57,7.766352137,112,721,70.8431833,9.526671469,7.480151965,8.070255413,488,27,455,30,515,485
45,1000,70,7.7,28,14,948,33,9,10,52,7.398286597,93,708,70.81861669,9.14288373,6.892657249,7.893903482,474,21,474,31,495,505
44,1000,70,7.7,28,19,956,24,11,9,44,7.323100754,93,686,70.97576117,9.250977978,6.647960138,8.020197162,491,17,465,27,508,492
39,1000,70,7.7,28,101,934,42,14,10,66,8.996641844,113,742,74.58693601,12.09918309,8.748055571,9.254341259,482,27,452,39,509,491
41,1000,70,7.7,28,38,961,24,9,6,39,7.448379023,100,725,71.91266717,9.572137193,6.673393123,8.198955918,482,10,479,29,492,508
46,1000,70,7.7,28,5,929,35,14,22,71,7.771136784,97,722,70.25831475,9.305567356,6.961705699,8.574118218,469,29,460,42,498,502
43,1000,70,7.7,28,22,960,25,8,7,40,7.528147871,95,692,71.22974639,9.419979853,6.868645457,8.161787445,474,16,486,24,490,510
45,1000,70,7.7,28,15,949,33,8,10,51,7.468697968,87,689,70.87390419,9.157888023,6.959735639,7.967581835,474,21,475,30,495,505
40,1000,70,7.7,28,37,961,23,8,8,39,7.853487904,98,720,71.79329859,9.982934288,6.783756652,8.893680225,486,7,475,32,493,507
42,1000,70,7.7,28,25,943,34,15,8,57,7.83573696,106,694,70.8780487,9.563778048,7.533934955,8.156207131,487,28,456,29,515,485
44,1000,70,7.7,28,20,957,23,11,9,43,7.34348982,89,726,71.03679798,9.308544183,6.649490246,8.060058485,491,17,466,26,508,492
39,1000,70,7.7,28,102,933,43,13,11,67,9.027030975,110,757,74.62980443,12.10276747,8.749617862,9.31461402,482,27,451,40,509,491
41,1000,70,7.7,28,39,961,24,9,6,39,7.493358637,95,741,71.92493366,9.60153261,6.72906666,8.233578426,482,10,479,29,492,508
43,1000,70,7.7,28,23,961,24,8,7,39,7.51974802,105,714,71.26294609,9.43631131,6.846379468,8.166709963,474,16,487,23,490,510
45,1000,70,7.7,28,16,949,32,9,10,51,7.499821706,85,709,70.9204937,9.181980222,7.008512074,7.981402435,474,21,475,30,495,505
46,1000,70,7.7,28,6,933,30,15,22,67,7.769666643,117,709,70.29754672,9.304553573,7.015374218,8.51794877,469,29,464,38,498,502
42,1000,70,7.7,28,26,944,33,15,8,56,7.87146218,93,697,70.9301091,9.585706907,7.566403224,8.195390763,487,28,457,28,515,485
44,1000,70,7.7,28,21,957,23,11,9,43,7.373901152,100,719,71.07618119,9.336866787,6.693306353,8.076629114,491,17,466,26,508,492
40,1000,70,7.7,28,38,961,23,8,8,39,7.870829532,105,700,71.84527499,10.0198919,6.808712156,8.903618223,486,7,475,32,493,507
39,1000,70,7.7,28,103,933,42,14,11,67,9.034884854,132,742,74.66935368,12.11449589,8.780199128,9.298907328,482,27,451,40,509,491
41,1000,70,7.7,28,40,961,25,9,5,39,7.509078053,82,728,71.99705119,9.63975899,6.772692947,8.222269926,481,11,480,28,492,508
43,1000,70,7.7,28,24,962,23,8,7,38,7.554938949,85,705,71.33821533,9.480125091,6.893468299,8.190469572,475,15,487,23,490,510
45,1000,70,7.7,28,17,949,32,9,10,51,7.537605425,92,700,70.94178198,9.198760581,7.039685983,8.025665077,474,21,475,30,495,505
46,1000,70,7.7,28,7,932,31,15,22,68,7.795902204,78,703,70.34467946,9.331939206,7.039034156,8.546739431,469,29,463,39,498,502
42,1000,70,7.7,28,27,944,33,15,8,56,7.885927681,91,730,70.94918838,9.601046893,7.557326885,8.234854299,487,28,457,28,515,485
44,1000,70,7.7,28,22,958,23,10,9,42,7.359315691,99,728,71.12584171,9.3644938,6.713974271,8.025643824,491,17,467,25,508,492
40,1000,70,7.7,28,39,962,22,8,8,38,7.878371114,108,717,71.88609869,10.03477053,6.829596835,8.898185157,486,7,476,31,493,507
39,1000,70,7.7,28,104,935,40,13,12,65,9.009239687,122,745,74.73208842,12.11073023,8.78626571,9.240387862,482,27,453,38,509,491
41,1000,70,7.7,28,41,962,23,10,5,38,7.531758562,97,733,72.04884057,9.655429547,6.758798593,8.280373335,481,11,481,27,492,508
47,1000,70,7.7,28,0,929,38,17,16,71,7.339,97,689,69.93892646,9.101924842,6.850277264,7.91503268,508,33,421,38,541,459
43,1000,70,7.7,28,25,962,23,8,7,38,7.569605723,83,708,71.38651746,9.5017599,6.922993363,8.190860736,475,15,487,23,490,510
45,1000,70,7.7,28,18,948,33,9,10,52,7.553055245,101,727,70.96629184,9.220311495,7.047606361,8.04849524,474,21,474,31,495,505
46,1000,70,7.7,28,8,932,32,14,22,68,7.839668485,95,701,70.37842555,9.387291183,7.085549126,8.587778925,470,28,462,40,498,502
42,1000,70,7.7,28,28,943,33,16,8,57,7.916690727,94,715,71.01029433,9.614474669,7.608150057,8.244316386,486,29,457,28,515,485
44,1000,70,7.7,28,23,959,22,10,9,41,7.419987606,75,724,71.17721328,9.404070646,6.773666519,8.087327266,492,16,467,25,508,492
41,1000,70,7.7,28,42,962,23,10,5,38,7.534678442,90,725,72.09753742,9.668339773,6.793745343,8.252275066,480,12,482,26,492,508
47,1000,70,7.7,28,1,932,37,15,16,68,7.319925709,87,723,69.99432063,9.118242796,6.824374005,7.904007347,510,31,422,37,541,459
40,1000,70,7.7,28,40,962,22,8,8,38,7.914847125,92,738,71.89907459,10.06939448,6.8765032,8.924518832,486,7,476,31,493,507
43,1000,70,7.7,28,26,964,22,7,7,36,7.584285757,106,713,71.42660073,9.537552527,6.939072427,8.204196604,476,14,488,22,490,510
45,1000,70,7.7,28,19,948,33,9,10,52,7.606137796,93,711,71.01156659,9.252688269,7.091931731,8.110161562,474,21,474,31,495,505
46,1000,70,7.7,28,9,933,31,14,22,67,7.8879545,87,705,70.44327677,9.427048161,7.143896648,8.626083604,471,27,462,40,498,502
42,1000,70,7.7,28,29,944,32,16,8,56,7.936687628,89,717,71.04830879,9.640262429,7.651221415,8.239811545,486,29,458,27,515,485
41,1000,70,7.7,28,43,962,23,10,5,38,7.549367528,100,728,72.14237723,9.687089909,6.79213654,8.282748721,480,12,482,26,492,508
44,1000,70,7.7,28,24,956,24,10,10,44,7.463957229,105,720,71.17451561,9.435246998,6.84752459,8.100436458,490,18,466,26,508,492
47,1000,70,7.7,28,2,933,36,15,16,67,7.383263718,92,694,70.02983717,9.14575682,6.864029067,7.995259243,510,31,423,36,541,459
40,1000,70,7.7,28,41,963,22,8,7,37,7.900057071,112,734,71.95177944,10.10766383,6.885238089,8.886853438,486,7,477,30,493,507
43,1000,70,7.7,28,27,962,23,8,7,38,7.603132233,105,713,71.48293949,9.560805815,6.956816868,8.224101898,475,15,487,23,490,510
45,1000,70,7.7,28,20,949,33,7,11,51,7.622737138,93,713,71.04589485,9.298450855,7.143199504,8.092778978,473,22,476,29,495,505
41,1000,70,7.7,28,44,962,24,9,5,38,7.552909305,92,739,72.16215291,9.722809967,6.80987099,8.272544839,480,12,482,26,492,508
46,1000,70,7.7,28,10,935,30,12,23,65,7.907970746,102,715,70.4904769,9.455229723,7.188948369,8.621263861,472,26,463,39,498,502
42,1000,70,7.7,28,30,945,32,15,8,55,7.94532118,113,733,71.07615159,9.639074521,7.66283635,8.245279298,486,29,459,26,515,485
44,1000,70,7.7,28,25,955,25,11,9,45,7.475167316,97,749,71.22283387,9.441252431,6.904892612,8.063987539,489,19,466,26,508,492
43,1000,70,7.7,28,28,961,23,9,7,39,7.640010983,106,763,71.50701644,9.60446291,6.981162064,8.27302269,475,15,486,24,490,510
47,1000,70,7.7,28,3,935,35,14,16,65,7.389337016,96,707,70.0890201,9.160435771,6.898169803,7.968250876,511,30,424,35,541,459
45,1000,70,7.7,28,21,951,33,7,9,49,7.583181188,95,697,71.10290623,9.33353572,7.145084403,8.012602789,473,22,478,27,495,505
40,1000,70,7.7,28,42,963,22,8,7,37,7.941265406,110,737,71.98818847,10.14315091,6.943264042,8.911708546,486,7,477,30,493,507
41,1000,70,7.7,28,45,962,24,9,5,38,7.566781022,116,724,72.19065937,9.746889389,6.818501973,8.291492227,480,12,482,26,492,508
42,1000,70,7.7,28,31,946,31,15,8,54,7.963142433,105,713,71.13651875,9.684958322,7.666540161,8.278091237,486,29,460,25,515,485
46,1000,70,7.7,28,11,936,28,13,23,64,7.92961234,91,705,70.53378659,9.473634727,7.226295585,8.627324978,472,26,464,38,498,502
44,1000,70,7.7,28,26,955,25,11,9,45,7.511947032,96,730,71.26708433,9.474926028,6.935010664,8.107645559,490,18,465,27,508,492
43,1000,70,7.7,28,29,961,23,9,7,39,7.654087042,98,728,71.55895753,9.634771593,7.012629421,8.270389462,475,15,486,24,490,510
45,1000,70,7.7,28,22,949,35,7,9,51,7.586091364,87,720,71.1430945,9.353428705,7.175264292,7.988783247,471,24,478,27,495,505
47,1000,70,7.7,28,4,934,37,14,15,66,7.402482881,102,713,70.1590191,9.189821775,6.895057152,8.000559829,511,30,423,36,541,459
40,1000,70,7.7,28,43,964,21,7,8,36,7.985590731,99,735,72.05077668,10.1640906,6.999918027,8.944045648,487,6,477,30,493,507
41,1000,70,7.7,28,46,961,25,9,5,39,7.59195365,108,755,72.20508188,9.784707791,6.797804738,8.361089998,479,13,482,26,492,508
42,1000,70,7.7,28,32,947,31,15,7,53,7.957832808,108,722,71.18331381,9.71940381,7.657491953,8.276751448,487,28,460,25,515,485
46,1000,70,7.7,28,12,938,27,12,23,62,7.923667621,98,714,70.58113168,9.482430822,7.242114842,8.599789701,473,25,465,37,498,502
44,1000,70,7.7,28,27,955,25,11,9,45,7.527888194,73,727,71.29988309,9.497194638,6.924813814,8.150574749,490,18,465,27,508,492
43,1000,70,7.7,28,30,961,23,9,7,39,7.699003663,117,753,71.60047238,9.650848887,7.042724916,8.329545987,475,15,486,24,490,510
45,1000,70,7.7,28,23,950,34,7,9,50,7.606225005,93,727,71.1837608,9.378721345,7.23057969,7.974431799,471,24,479,26,495,505
47,1000,70,7.7,28,5,937,36,12,15,63,7.400908467,95,690,70.21571379,9.207069109,6.889597626,8.0035646,511,30,426,33,541,459
41,1000,70,7.7,28,47,961,26,9,4,39,7.595098604,102,720,72.22961734,9.799708796,6.809342247,8.356106729,479,13,482,26,492,508
40,1000,70,7.7,28,44,963,22,7,8,37,8.003760238,106,721,72.09722318,10.20966976,7.018522773,8.961791934,485,8,478,29,493,507
42,1000,70,7.7,28,33,947,32,14,7,53,7.967608705,92,704,71.24996149,9.748172681,7.630370972,8.325706504,489,26,458,27,515,485
46,1000,70,7.7,28,13,939,26,12,23,61,7.959935328,89,688,70.6253533,9.519299201,7.248921085,8.665284118,474,24,465,37,498,502
44,1000,70,7.7,28,28,953,27,11,9,47,7.541333695,90,707,71.32458268,9.535169921,6.97197904,8.12920395,488,20,465,27,508,492
43,1000,70,7.7,28,31,963,22,9,6,37,7.731729844,98,728,71.65023011,9.67915457,7.081448666,8.356509799,476,14,487,23,490,510
45,1000,70,7.7,28,24,953,32,6,9,47,7.61621115,94,702,71.22667067,9.390851126,7.273828484,7.951813961,472,23,481,24,495,505
47,1000,70,7.7,28,6,935,38,12,15,65,7.419422775,99,715,70.24238575,9.222115551,6.908397053,8.021742853,510,31,425,34,541,459
41,1000,70,7.7,28,48,961,26,9,4,39,7.640438057,120,728,72.31710139,9.812568684,6.862910607,8.393476453,479,13,482,26,492,508
40,1000,70,7.7,28,45,962,23,7,8,38,8.054876727,112,725,72.14046718,10.22393775,7.060225368,9.022062368,485,8,477,30,493,507
42,1000,70,7.7,28,34,948,31,14,7,52,8.019215661,116,742,71.29913374,9.775647453,7.693956083,8.364594388,489,26,459,26,515,485
46,1000,70,7.7,28,14,939,26,12,23,61,7.994867633,106,724,70.69807989,9.562456919,7.279091534,8.704940338,474,24,465,37,498,502
43,1000,70,7.7,28,32,961,24,9,6,39,7.780739448,109,731,71.68597954,9.692503687,7.131291944,8.404718423,476,14,485,25,490,510
44,1000,70,7.7,28,29,952,28,11,9,48,7.569744939,93,727,71.40690422,9.578707043,6.97547085,8.183345014,488,20,464,28,508,492
45,1000,70,7.7,28,25,953,32,6,9,47,7.605770503,93,736,71.30983053,9.414154693,7.277162864,7.92787106,472,23,481,24,495,505
41,1000,70,7.7,28,49,961,25,10,4,39,7.668099791,115,726,72.35076898,9.867029335,6.86935025,8.441691867,479,13,482,26,492,508
47,1000,70,7.7,28,7,937,36,12,15,63,7.455796654,95,722,70.29236774,9.267307737,6.926161519,8.080050702,512,29,425,34,541,459
43,1000,70,7.7,28,33,960,25,8,7,40,7.797146168,120,731,71.70838759,9.719167424,7.15355435,8.41549909,476,14,484,26,490,510
42,1000,70,7.7,28,35,950,30,13,7,50,7.99253283,104,724,71.32907806,9.80851926,7.645846225,8.360663968,491,24,459,26,515,485
46,1000,70,7.7,28,15,940,25,12,23,60,7.986557275,106,697,70.7450493,9.593816544,7.3041363,8.663540633,475,23,465,37,498,502
45,1000,70,7.7,28,26,953,32,6,9,47,7.638416234,101,733,71.34511281,9.444133121,7.297916149,7.972173743,472,23,481,24,495,505
40,1000,70,7.7,28,46,965,21,7,7,35,8.05478512,96,720,72.16655048,10.22892976,7.063645379,9.018556111,486,7,479,28,493,507
44,1000,70,7.7,28,30,952,29,11,8,48,7.55168729,92,703,71.43405995,9.608643922,6.96366498,8.158832277,488,20,464,28,508,492
41,1000,70,7.7,28,50,961,26,8,5,39,7.699056332,128,737,72.37714462,9.900176963,6.91534184,8.458086903,479,13,482,26,492,508
47,1000,70,7.7,28,8,937,34,14,15,63,7.481768173,97,715,70.36404354,9.267901035,6.961454507,8.095035479,513,28,424,35,541,459
43,1000,70,7.7,28,34,958,25,10,7,42,7.843702821,89,699,71.75136171,9.736482545,7.183741384,8.477783418,474,16,484,26,490,510
45,1000,70,7.7,28,27,957,29,5,9,43,7.653510059,94,719,71.40612327,9.480208549,7.316172458,7.984167708,474,21,483,22,495,505
42,1000,70,7.7,28,36,952,28,13,7,48,7.998834895,108,724,71.37242728,9.851999156,7.634397308,8.385815014,493,22,459,26,515,485
46,1000,70,7.7,28,16,940,25,13,22,60,7.974841095,113,718,70.79706023,9.627969435,7.269717296,8.674346378,475,23,465,37,498,502
44,1000,70,7.7,28,31,952,29,11,8,48,7.582479576,104,741,71.46248934,9.626075567,7.003411792,8.180378831,488,20,464,28,508,492
40,1000,70,7.7,28,47,965,19,9,7,35,8.062122653,114,727,72.22258814,10.27339203,7.101191943,8.996518786,485,8,480,27,493,507
41,1000,70,7.7,28,51,963,24,7,6,37,7.699191238,114,728,72.41309594,9.924243964,6.952776549,8.422096804,479,13,484,24,492,508
47,1000,70,7.7,28,9,938,33,14,15,62,7.503868634,114,688,70.40809097,9.293710215,7.000405121,8.09727552,513,28,425,34,541,459
43,1000,70,7.7,28,35,958,24,11,7,42,7.845045578,98,720,71.79320521,9.758178884,7.177112648,8.48678506,475,15,483,27,490,510
45,1000,70,7.7,28,28,955,31,5,9,45,7.702650454,107,699,71.45363841,9.528213174,7.340923963,8.057214045,474,21,481,24,495,505
42,1000,70,7.7,28,37,953,27,13,7,47,8.015263155,111,737,71.40026347,9.896069227,7.698303844,8.351828196,492,23,461,24,515,485
46,1000,70,7.7,28,17,939,26,13,22,61,8.027220552,103,715,70.85581328,9.653297615,7.347990826,8.701038088,474,24,465,37,498,502
44,1000,70,7.7,28,32,952,29,11,8,48,7.609986096,102,701,71.51092658,9.648885923,7.041099171,8.197373409,488,20,464,28,508,492
41,1000,70,7.7,28,52,964,24,6,6,36,7.714998245,94,714,72.45923076,9.970297724,6.994738895,8.41257226,479,13,485,23,492,508
40,1000,70,7.7,28,48,964,20,9,7,36,8.118718238,86,723,72.23935105,10.29986752,7.139817251,9.070588428,484,9,480,27,493,507
47,1000,70,7.7,28,10,938,33,14,15,62,7.533883181,102,728,70.46611966,9.297641399,7.005051085,8.157190727,513,28,425,34,541,459
43,1000,70,7.7,28,36,958,25,10,7,42,7.857176173,104,730,71.87856363,9.800420148,7.184633432,8.503344688,474,16,484,26,490,510
45,1000,70,7.7,28,29,955,31,5,9,45,7.73901212,94,714,71.51192935,9.555186991,7.381371557,8.089570691,474,21,481,24,495,505
42,1000,70,7.7,28,38,953,28,13,6,47,8.024631321,100,714,71.43100879,9.917291945,7.704968942,8.364066631,492,23,461,24,515,485
46,1000,70,7.7,28,18,939,27,13,21,61,8.054364992,113,725,70.88795984,9.665595596,7.358442528,8.744742257,474,24,465,37,498,502
41,1000,70,7.7,28,53,964,25,6,5,36,7.728296086,122,714,72.48656004,9.988944644,7.003457068,8.430305528,479,13,485,23,492,508
44,1000,70,7.7,28,33,952,29,11,8,48,7.614969912,104,706,71.53714865,9.692409437,7.040841842,8.207768814,488,20,464,28,508,492
40,1000,70,7.7,28,49,964,20,9,7,36,8.13369872,104,746,72.25972349,10.33559694,7.156441995,9.083970051,484,9,480,27,493,507
47,1000,70,7.7,28,11,938,32,15,15,62,7.586964344,110,706,70.51477584,9.321808555,7.069475494,8.196902182,513,28,425,34,541,459
43,1000,70,7.7,28,37,959,24,10,7,41,7.846742554,105,716,71.89641234,9.831079355,7.169591876,8.497338304,474,16,485,25,490,510
45,1000,70,7.7,28,30,956,31,4,9,44,7.737963852,96,714,71.55527499,9.563913023,7.376333706,8.092433005,475,20,481,24,495,505
42,1000,70,7.7,28,39,953,28,13,6,47,8.034613041,98,724,71.47905444,9.955599791,7.70180598,8.388006106,492,23,461,24,515,485
41,1000,70,7.7,28,54,965,24,6,5,35,7.727867221,137,712,72.51700364,10.00135396,6.965421631,8.466298776,479,13,486,22,492,508
46,1000,70,7.7,28,19,940,26,14,20,60,8.056911746,111,705,70.92684718,9.662055404,7.395142932,8.713407502,474,24,466,36,498,502
44,1000,70,7.7,28,34,952,29,11,8,48,7.616058301,101,724,71.5874042,9.722573305,7.025543397,8.225776942,488,20,464,28,508,492
43,1000,70,7.7,28,38,958,26,10,6,42,7.804553653,113,737,71.96917253,9.841223793,7.118133688,8.464055188,474,16,484,26,490,510
40,1000,70,7.7,28,50,962,23,9,6,38,8.131897306,107,739,72.31006933,10.36274546,7.142651503,9.093826658,484,9,478,29,493,507
47,1000,70,7.7,28,12,937,31,18,14,63,7.642383218,103,697,70.55505833,9.331785873,7.10640553,8.27411291,513,28,424,35,541,459
45,1000,70,7.7,28,31,954,33,4,9,46,7.747445436,97,734,71.57437224,9.618187689,7.381336513,8.106304677,473,22,481,24,495,505
41,1000,70,7.7,28,55,965,24,6,5,35,7.759313775,120,719,72.57105178,10.03182822,7.026621411,8.468929214,479,13,486,22,492,508
42,1000,70,7.7,28,40,954,28,12,6,46,8.033529721,103,720,71.48558298,9.971220246,7.711783268,8.375178016,492,23,462,23,515,485
46,1000,70,7.7,28,20,942,25,13,20,58,8.039975845,105,715,70.95982599,9.67819461,7.403854356,8.671028636,475,23,467,35,498,502
44,1000,70,7.7,28,35,948,33,11,8,52,7.677441649,92,724,71.58473773,9.765655031,7.077713302,8.296673356,485,23,463,29,508,492
43,1000,70,7.7,28,39,956,27,11,6,44,7.799175476,109,728,72.01100254,9.861572121,7.096044042,8.474733128,474,16,482,28,490,510
45,1000,70,7.7,28,32,954,33,4,9,46,7.768472623,95,738,71.61188416,9.652417457,7.354386586,8.174358937,474,21,480,25,495,505
47,1000,70,7.7,28,13,937,31,18,14,63,7.667161298,99,675,70.596425,9.348050836,7.128271252,8.302323641,513,28,424,35,541,459
40,1000,70,7.7,28,51,961,24,9,6,39,8.155082581,94,734,72.38271999,10.40522103,7.164908499,9.117914578,484,9,477,30,493,507
41,1000,70,7.7,28,56,967,22,6,5,33,7.76608315,143,744,72.59287844,10.07590107,7.074031991,8.436337423,479,13,488,20,492,508
42,1000,70,7.7,28,41,952,30,12,6,48,8.053258032,100,674,71.52861864,10.00769906,7.705310149,8.422728464,492,23,460,25,515,485
46,1000,70,7.7,28,21,945,25,10,20,55,8.027172644,108,725,71.01346638,9.686961516,7.385993343,8.663242946,477,21,468,34,498,502
44,1000,70,7.7,28,36,949,32,11,8,51,7.713674469,101,700,71.62559003,9.796236912,7.087308067,8.360410511,485,23,464,28,508,492
43,1000,70,7.7,28,40,956,27,11,6,44,7.781561838,110,732,72.03222422,9.874512526,7.093998039,8.44216235,474,16,482,28,490,510
45,1000,70,7.7,28,33,954,32,4,10,46,7.779065701,103,722,71.67478287,9.681458661,7.362204524,8.1876722,474,21,480,25,495,505
47,1000,70,7.7,28,14,937,32,17,14,63,7.716621613,90,691,70.63158098,9.379341061,7.1964304,8.32974459,513,28,424,35,541,459
41,1000,70,7.7,28,57,967,22,6,5,33,7.776475578,107,744,72.6266602,10.12004359,7.10618727,8.425652444,479,13,488,20,492,508
40,1000,70,7.7,28,52,961,24,9,6,39,8.187980913,98,707,72.43262733,10.43106214,7.201410303,9.147308942,483,10,478,29,493,507
42,1000,70,7.7,28,42,951,31,12,6,49,8.083683854,108,719,71.59439213,10.0494047,7.727102715,8.462321559,492,23,459,26,515,485
46,1000,70,7.7,28,22,945,26,10,19,55,8.035955381,93,717,71.05413781,9.689487123,7.374169562,8.692468006,477,21,468,34,498,502
44,1000,70,7.7,28,37,949,32,11,8,51,7.717727938,92,741,71.68191821,9.824789825,7.088209348,8.367718676,485,23,464,28,508,492
43,1000,70,7.7,28,41,955,27,12,6,45,7.838527664,105,742,72.08918359,9.908178821,7.147153144,8.502789458,474,16,481,29,490,510
45,1000,70,7.7,28,34,954,30,5,11,46,7.828630895,106,736,71.73574224,9.703900417,7.454283663,8.195565311,474,21,480,25,495,505
47,1000,70,7.7,28,15,937,32,17,14,63,7.752393937,97,714,70.64979151,9.400862796,7.231434853,8.366421964,513,28,424,35,541,459
41,1000,70,7.7,28,58,967,22,6,5,33,7.769367602,95,731,72.71437175,10.1427105,7.100156193,8.417501485,479,13,488,20,492,508
40,1000,70,7.7,28,53,959,26,9,6,41,8.261234867,94,722,72.52511393,10.45542231,7.28151124,9.213904982,482,11,477,30,493,507
42,1000,70,7.7,28,43,951,31,11,7,49,8.071640509,110,719,71.62020095,10.07870551,7.712452377,8.453046465,492,23,459,26,515,485
46,1000,70,7.7,28,23,947,25,9,19,53,8.058375085,94,709,71.0625167,9.70291102,7.42353595,8.688155741,478,20,469,33,498,502
44,1000,70,7.7,28,38,950,31,11,8,50,7.725226712,105,720,71.74225892,9.849161846,7.062505292,8.409500048,487,21,463,29,508,492
43,1000,70,7.7,28,42,956,27,10,7,44,7.830665036,111,736,72.13676368,9.972252186,7.19656716,8.439896329,474,16,482,28,490,510
45,1000,70,7.7,28,35,954,30,5,11,46,7.832109469,98,727,71.7550095,9.746940812,7.435874541,8.220498161,475,20,479,26,495,505
41,1000,70,7.7,28,59,965,23,7,5,35,7.799069708,114,735,72.75369943,10.17921183,7.179445061,8.399178619,478,14,487,21,492,508
47,1000,70,7.7,28,16,937,32,17,14,63,7.795795435,99,725,70.71077834,9.425267734,7.296244021,8.384591328,513,28,424,35,541,459
42,1000,70,7.7,28,44,951,30,12,7,49,8.105088287,98,726,71.68941104,10.0802374,7.7400516,8.492704562,492,23,459,26,515,485
40,1000,70,7.7,28,54,957,26,11,6,43,8.254555791,115,744,72.58016693,10.51034542,7.304218222,9.178651298,481,12,476,31,493,507
46,1000,70,7.7,28,24,949,25,9,17,51,8.064377653,117,710,71.08605549,9.709512816,7.432045972,8.691670834,479,19,470,32,498,502
43,1000,70,7.7,28,43,956,27,10,7,44,7.877466418,95,737,72.18829898,10.01606087,7.252929159,8.477512019,474,16,482,28,490,510
44,1000,70,7.7,28,39,949,32,11,8,51,7.714446871,114,717,71.78460913,9.856423215,7.057847452,8.392399117,487,21,462,30,508,492
45,1000,70,7.7,28,36,954,30,5,11,46,7.846865953,119,740,71.79396322,9.768608394,7.484641655,8.201917492,475,20,479,26,495,505
41,1000,70,7.7,28,60,963,25,7,5,37,7.80283753,119,739,72.8140246,10.20816482,7.176646419,8.409306086,476,16,487,21,492,508
47,1000,70,7.7,28,17,938,31,17,14,62,7.817405554,96,733,70.73013297,9.454003092,7.302942267,8.423777315,514,27,424,35,541,459
42,1000,70,7.7,28,45,951,30,12,7,49,8.111397338,103,698,71.70739708,10.08546461,7.74245143,8.503164642,491,24,460,25,515,485
43,1000,70,7.7,28,44,957,27,9,7,43,7.909182816,87,730,72.22619681,10.02602045,7.341487804,8.45461528,474,16,483,27,490,510
46,1000,70,7.7,28,25,950,24,9,17,50,8.087170454,107,689,71.15197745,9.720907627,7.468995837,8.700419377,479,19,471,31,498,502
40,1000,70,7.7,28,55,955,28,11,6,45,8.279757956,95,754,72.60884859,10.51568103,7.336901443,9.196578983,479,14,476,31,493,507
45,1000,70,7.7,28,37,954,30,5,11,46,7.855928045,110,727,71.83267691,9.790336257,7.453976285,8.249920366,476,19,478,27,495,505
44,1000,70,7.7,28,40,950,32,10,8,50,7.715912897,99,714,71.86299121,9.905707784,7.070677624,8.382131431,487,21,463,29,508,492
41,1000,70,7.7,28,61,963,25,7,5,37,7.796772776,113,739,72.84410118,10.23920894,7.13891165,8.433913866,477,15,486,22,492,508
47,1000,70,7.7,28,18,939,31,16,14,61,7.844082789,90,717,70.76819323,9.490813224,7.305644798,8.478712317,515,26,424,35,541,459
42,1000,70,7.7,28,46,951,29,12,8,49,8.134547229,107,738,71.74002778,10.09714737,7.814400403,8.474496953,490,25,461,24,515,485
43,1000,70,7.7,28,45,957,26,10,7,43,7.959383231,100,735,72.26563514,10.08029049,7.365303118,8.530166086,475,15,482,28,490,510
46,1000,70,7.7,28,26,950,25,9,16,50,8.041412061,97,700,71.1923904,9.739023734,7.446998621,8.631089139,479,19,471,31,498,502
45,1000,70,7.7,28,38,953,30,6,11,47,7.858666291,105,708,71.91665819,9.801796841,7.439473243,8.269558486,476,19,477,28,495,505
44,1000,70,7.7,28,41,951,31,10,8,49,7.733020189,109,716,71.92778828,9.939317131,7.077573132,8.409782598,487,21,464,28,508,492
40,1000,70,7.7,28,56,953,31,11,5,47,8.254368908,122,735,72.64059555,10.56262721,7.322004884,9.160987181,478,15,475,32,493,507
41,1000,70,7.7,28,62,963,25,7,5,37,7.814535042,90,727,72.89211154,10.26035633,7.127964853,8.479480972,477,15,486,22,492,508
47,1000,70,7.7,28,19,939,32,16,13,61,7.812134968,108,722,70.79684561,9.530101795,7.28394068,8.434690763,515,26,424,35,541,459
43,1000,70,7.7,28,46,955,28,10,7,45,7.953478244,112,737,72.31882399,10.09693648,7.373147371,8.511051045,473,17,482,28,490,510
42,1000,70,7.7,28,47,952,30,9,9,48,8.146109142,107,724,71.78861558,10.12145606,7.846590583,8.464154622,491,24,461,24,515,485
45,1000,70,7.7,28,39,953,30,6,11,47,7.899723435,111,741,71.97801653,9.841684571,7.487089851,8.304186057,476,19,477,28,495,505
46,1000,70,7.7,28,27,950,26,9,15,50,8.06791079,109,713,71.22810604,9.75424545,7.432952828,8.697809327,481,17,469,33,498,502
41,1000,70,7.7,28,63,964,24,7,5,36,7.834341232,112,749,72.95369683,10.28787942,7.155052303,8.492235235,476,16,488,20,492,508
44,1000,70,7.7,28,42,951,31,10,8,49,7.725940793,102,724,71.96448461,9.994887492,7.080979953,8.391875969,487,21,464,28,508,492
40,1000,70,7.7,28,57,954,30,10,6,46,8.255614521,111,752,72.70174081,10.60386453,7.365760873,9.120896274,478,15,476,31,493,507
47,1000,70,7.7,28,20,940,31,16,13,60,7.838341562,114,736,70.8066808,9.554313789,7.295063323,8.478676044,516,25,424,35,541,459
43,1000,70,7.7,28,47,955,29,9,7,45,7.979835159,91,710,72.36776153,10.10535592,7.407079874,8.530129452,474,16,481,29,490,510
42,1000,70,7.7,28,48,953,29,9,9,47,8.165344828,106,731,71.83383911,10.12666388,7.872423761,8.476384724,491,24,462,23,515,485
45,1000,70,7.7,28,40,953,30,6,11,47,7.93023959,125,716,71.99662034,9.854920929,7.554638078,8.298403449,476,19,477,28,495,505
41,1000,70,7.7,28,64,963,24,8,5,37,7.866931134,118,749,72.99939359,10.31337052,7.194857975,8.517836633,475,17,488,20,492,508
46,1000,70,7.7,28,28,948,28,9,15,52,8.049744099,94,735,71.27025034,9.763145541,7.454341973,8.640401985,480,18,468,34,498,502
44,1000,70,7.7,28,43,950,32,10,8,50,7.77593806,90,716,72.018763,10.02226381,7.100344373,8.473502273,487,21,463,29,508,492
40,1000,70,7.7,28,58,954,29,11,6,46,8.277235411,112,736,72.72437777,10.65799283,7.438590381,9.09272259,478,15,476,31,493,507
43,1000,70,7.7,28,48,953,30,10,7,47,8.011176356,109,725,72.39632995,10.15628269,7.444106064,8.556008596,473,17,480,30,490,510
47,1000,70,7.7,28,21,944,30,14,12,56,7.823201373,107,698,70.85590299,9.570399561,7.318222296,8.418394577,516,25,428,31,541,459
45,1000,70,7.7,28,41,951,32,6,11,49,7.986793,96,743,72.02665437,9.867472294,7.642375145,8.324390699,474,21,477,28,495,505
42,1000,70,7.7,28,49,954,28,9,9,46,8.167405452,103,742,71.8768475,10.16562682,7.879723138,8.472882547,492,23,462,23,515,485
41,1000,70,7.7,28,65,961,26,8,5,39,7.903329954,108,731,73.05626814,10.33611958,7.235585519,8.550043069,475,17,486,22,492,508
46,1000,70,7.7,28,29,948,28,9,15,52,8.065349928,98,712,71.30657666,9.802835991,7.491776093,8.634353454,480,18,468,34,498,502
44,1000,70,7.7,28,44,950,32,10,8,50,7.804219256,101,720,72.06194008,10.06189248,7.129755978,8.500616298,486,22,464,28,508,492
40,1000,70,7.7,28,59,953,29,12,6,47,8.277718314,110,730,72.74610505,10.66854634,7.442291895,9.090075758,478,15,475,32,493,507
43,1000,70,7.7,28,49,952,31,10,7,48,8.050786606,111,732,72.46179844,10.18089074,7.524440078,8.556492093,472,18,480,30,490,510
45,1000,70,7.7,28,42,951,32,6,11,49,7.996426493,108,733,72.06126984,9.927304618,7.642984842,8.342869299,474,21,477,28,495,505
47,1000,70,7.7,28,22,945,30,13,12,55,7.81650592,91,698,70.89613093,9.599760322,7.322529181,8.398731227,517,24,428,31,541,459
41,1000,70,7.7,28,66,961,26,8,5,39,7.913304942,111,738,73.12343427,10.34395001,7.254011983,8.551832769,475,17,486,22,492,508
42,1000,70,7.7,28,50,954,28,9,9,46,8.17229477,103,747,71.92248863,10.18606188,7.886592294,8.475669565,492,23,462,23,515,485
46,1000,70,7.7,28,30,947,28,10,15,53,8.058363423,106,699,71.38778192,9.808785525,7.445040762,8.666799052,479,19,468,34,498,502
44,1000,70,7.7,28,45,947,34,11,8,53,7.837598457,105,731,72.07612208,10.07973733,7.168733997,8.528214606,484,24,463,29,508,492
43,1000,70,7.7,28,50,956,27,10,7,44,8.051855277,110,709,72.50976017,10.19669653,7.548579798,8.535394464,473,17,483,27,490,510
45,1000,70,7.7,28,43,951,32,6,11,49,7.994726293,94,734,72.10537411,9.945805402,7.629108592,8.353104039,474,21,477,28,495,505
40,1000,70,7.7,28,60,953,31,11,5,47,8.281916683,101,736,72.76732709,10.70124395,7.470336516,9.071086353,478,15,475,32,493,507
41,1000,70,7.7,28,67,962,25,8,5,38,7.973374269,115,739,73.18341093,10.37552623,7.318977736,8.607159888,475,17,487,21,492,508
47,1000,70,7.7,28,23,945,30,13,12,55,7.85049776,105,738,70.93318663,9.611717453,7.375390056,8.410483093,518,23,427,32,541,459
42,1000,70,7.7,28,51,955,28,8,9,45,8.137467987,112,720,71.9483264,10.21731626,7.872119797,8.419229467,492,23,463,22,515,485
46,1000,70,7.7,28,31,946,29,10,15,54,8.071564019,102,727,71.43065959,9.851644709,7.438929779,8.699157349,478,20,468,34,498,502
44,1000,70,7.7,28,46,948,33,11,8,52,7.842770864,117,739,72.14908155,10.10819911,7.149710542,8.558369733,485,23,463,29,508,492
43,1000,70,7.7,28,51,956,27,10,7,44,8.089338564,105,751,72.5700166,10.24150022,7.588288781,8.570739336,472,18,484,26,490,510
45,1000,70,7.7,28,44,951,32,6,11,49,8.005045439,87,737,72.1704286,10.00045105,7.633675351,8.369061664,474,21,477,28,495,505
41,1000,70,7.7,28,68,962,25,8,5,38,8.022787588,105,729,73.21906612,10.40263441,7.363939585,8.660884472,475,17,487,21,492,508
47,1000,70,7.7,28,24,947,28,13,12,53,7.852910109,105,711,70.94410616,9.623726205,7.369508901,8.422670574,520,21,427,32,541,459
40,1000,70,7.7,28,61,955,30,10,5,45,8.274846579,123,717,72.79574286,10.76208606,7.477296893,9.050373196,478,15,477,30,493,507
42,1000,70,7.7,28,52,956,28,7,9,44,8.124577864,121,721,71.95505235,10.25775955,7.874591816,8.390026966,492,23,464,21,515,485
46,1000,70,7.7,28,32,946,29,10,15,54,8.080696243,96,708,71.49624679,9.871875639,7.467526242,8.688980427,478,20,468,34,498,502
44,1000,70,7.7,28,47,949,33,9,9,51,7.858680272,109,718,72.19663312,10.12204988,7.123760307,8.617500074,487,21,462,30,508,492
43,1000,70,7.7,28,52,956,27,10,7,44,8.087062936,96,737,72.58655,10.26934545,7.594491696,8.560317657,472,18,484,26,490,510
45,1000,70,7.7,28,45,950,33,6,11,50,8.020206554,93,723,72.18672588,10.03279434,7.633391698,8.399361709,474,21,476,29,495,505
41,1000,70,7.7,28,69,962,26,6,6,38,8.045727976,106,721,73.26028447,10.42618733,7.410778286,8.660679251,475,17,487,21,492,508
47,1000,70,7.7,28,25,948,27,13,12,52,7.881025471,109,737,70.98243609,9.656155455,7.376644743,8.47551343,521,20,427,32,541,459
42,1000,70,7.7,28,53,958,26,7,9,42,8.158707288,88,714,72.01679634,10.26964081,7.937115606,8.394005672,493,22,465,20,515,485
40,1000,70,7.7,28,62,955,30,10,5,45,8.289793766,112,739,72.84555551,10.80045951,7.508516556,9.049497246,478,15,477,30,493,507
46,1000,70,7.7,28,33,945,29,11,15,55,8.099420291,98,709,71.51894206,9.895183115,7.507634929,8.686490232,477,21,468,34,498,502
43,1000,70,7.7,28,53,955,28,10,7,45,8.087986034,112,740,72.60561413,10.2672169,7.59531764,8.5613341,472,18,483,27,490,510
44,1000,70,7.7,28,48,946,36,9,9,54,7.897788646,111,741,72.23039418,10.1591529,7.139333429,8.680909073,487,21,459,33,508,492
41,1000,70,7.7,28,70,962,26,6,6,38,8.077855617,123,749,73.32711371,10.46768644,7.469139352,8.667399716,475,17,487,21,492,508
45,1000,70,7.7,28,46,951,32,6,11,49,8.028585487,100,723,72.21969161,10.05640945,7.654644114,8.39512208,474,21,477,28,495,505
47,1000,70,7.7,28,26,949,26,14,11,51,7.886334449,100,698,71.06859843,9.677948997,7.372614418,8.491830172,522,19,427,32,541,459
42,1000,70,7.7,28,54,958,25,8,9,42,8.183721331,102,731,72.02790495,10.31862478,7.983823572,8.3959839,493,22,465,20,515,485
40,1000,70,7.7,28,63,956,29,10,5,44,8.289602933,108,721,72.88583579,10.81576914,7.504925834,9.052612419,478,15,478,29,493,507
46,1000,70,7.7,28,34,947,28,11,14,53,8.086557925,91,715,71.59251153,9.918934985,7.489712728,8.678647383,478,20,469,33,498,502
43,1000,70,7.7,28,54,955,28,10,7,45,8.098684081,115,721,72.64591755,10.26315081,7.617776779,8.560732273,472,18,483,27,490,510
44,1000,70,7.7,28,49,946,36,9,9,54,7.874224011,93,712,72.28642815,10.16462211,7.103696311,8.669809523,487,21,459,33,508,492
41,1000,70,7.7,28,71,962,26,6,6,38,8.103955837,95,728,73.34583197,10.48984429,7.499375847,8.689493937,475,17,487,21,492,508
45,1000,70,7.7,28,47,950,33,6,11,50,8.062186325,95,743,72.25642623,10.06500214,7.722123656,8.39551508,474,21,476,29,495,505
47,1000,70,7.7,28,27,948,26,14,12,52,7.909065983,108,738,71.09066325,9.723498308,7.390845812,8.519865791,522,19,426,33,541,459
42,1000,70,7.7,28,55,959,25,7,9,41,8.17957728,101,723,72.11530823,10.35584878,7.980107607,8.391385283,494,21,465,20,515,485
43,1000,70,7.7,28,55,955,28,10,7,45,8.154816335,121,736,72.68268567,10.28312686,7.672776793,8.617952365,472,18,483,27,490,510
46,1000,70,7.7,28,35,949,26,11,14,51,8.115889192,90,723,71.65260036,9.965878978,7.558920128,8.668420254,478,20,471,31,498,502
40,1000,70,7.7,28,64,956,30,9,5,44,8.32109072,99,736,72.90920244,10.82853706,7.5840536,9.03777573,478,15,478,29,493,507
41,1000,70,7.7,28,72,963,24,6,7,37,8.099065535,127,744,73.3783787,10.50745948,7.48812755,8.690761379,475,17,488,20,492,508
45,1000,70,7.7,28,48,951,33,6,10,49,8.07243369,101,729,72.29420597,10.07665002,7.720928519,8.416978362,475,20,476,29,495,505
44,1000,70,7.7,28,50,947,36,8,9,53,7.901186541,109,718,72.38597931,10.1873741,7.132389905,8.694984693,488,20,459,33,508,492
47,1000,70,7.7,28,28,946,28,14,12,54,7.939008854,94,721,71.12980956,9.749491593,7.446624771,8.519356979,520,21,426,33,541,459
42,1000,70,7.7,28,56,960,25,7,8,40,8.169686084,111,746,72.1199568,10.3598813,7.943317381,8.410056974,494,21,466,19,515,485
43,1000,70,7.7,28,56,955,28,10,7,45,8.163410834,117,741,72.72170014,10.32219285,7.663455621,8.64375996,472,18,483,27,490,510
46,1000,70,7.7,28,36,949,27,11,13,51,8.141038724,93,742,71.71310947,9.982401702,7.56647105,8.71102817,478,20,471,31,498,502
41,1000,70,7.7,28,73,962,25,5,8,38,8.144135463,111,752,73.39788588,10.54177556,7.541193935,8.728086706,474,18,488,20,492,508
45,1000,70,7.7,28,49,951,33,5,11,49,8.096537834,98,741,72.32621412,10.08669529,7.731303247,8.454540053,476,19,475,30,495,505
44,1000,70,7.7,28,51,948,35,8,9,52,7.884990962,103,741,72.44228008,10.20350574,7.122957935,8.67180555,488,20,460,32,508,492
40,1000,70,7.7,28,65,956,29,10,5,44,8.344732432,114,752,72.98681375,10.84187411,7.621395382,9.048095678,478,15,478,29,493,507
47,1000,70,7.7,28,29,943,31,14,12,57,7.973814608,105,742,71.17460624,9.771089394,7.498497057,8.534047278,518,23,425,34,541,459
42,1000,70,7.7,28,57,961,24,8,7,39,8.155441191,114,750,72.15701523,10.40465161,7.922795724,8.402477099,495,20,466,19,515,485
43,1000,70,7.7,28,57,954,28,11,7,46,8.189802495,108,758,72.77345553,10.32513408,7.690577133,8.669450392,471,19,483,27,490,510
41,1000,70,7.7,28,74,961,26,5,8,39,8.151825772,97,734,73.43372335,10.54955066,7.554821898,8.730026375,473,19,488,20,492,508
45,1000,70,7.7,28,50,950,33,5,12,50,8.126032503,100,737,72.35868435,10.12644586,7.764473337,8.480432081,476,19,474,31,495,505
46,1000,70,7.7,28,37,948,27,12,13,52,8.136928096,111,722,71.78149802,10.00773452,7.576036195,8.693350739,478,20,470,32,498,502
44,1000,70,7.7,28,52,952,31,8,9,48,7.874792401,111,737,72.52438289,10.21405455,7.093586743,8.68140312,490,18,462,30,508,492
40,1000,70,7.7,28,66,958,26,11,5,42,8.359001448,137,708,73.04479126,10.86120691,7.595910864,9.101020498,479,14,479,28,493,507
42,1000,70,7.7,28,58,959,26,8,7,41,8.177048166,103,732,72.18765299,10.43626087,7.922052306,8.447816967,495,20,464,21,515,485
43,1000,70,7.7,28,58,955,27,11,7,45,8.201375431,116,723,72.8321919,10.36299689,7.738466263,8.646131298,471,19,484,26,490,510
47,1000,70,7.7,28,30,944,31,13,12,56,7.967449985,102,701,71.20283342,9.803686915,7.499744085,8.518711187,518,23,426,33,541,459
41,1000,70,7.7,28,75,961,26,5,8,39,8.136311064,128,724,73.50343743,10.59015341,7.538316659,8.715471,473,19,488,20,492,508
45,1000,70,7.7,28,51,950,33,5,12,50,8.177105063,107,716,72.38597951,10.15413702,7.805030089,8.541812215,476,19,474,31,495,505
46,1000,70,7.7,28,38,949,26,11,14,51,8.166382357,111,749,71.84656908,10.02973411,7.610178782,8.71815403,478,20,471,31,498,502
44,1000,70,7.7,28,53,950,32,9,9,50,7.877841557,112,735,72.56762534,10.2399956,7.098677598,8.682344181,489,19,461,31,508,492
40,1000,70,7.7,28,67,958,26,11,5,42,8.391691197,103,730,73.09874348,10.90322063,7.617262295,9.144735475,479,14,479,28,493,507
43,1000,70,7.7,28,59,955,27,11,7,45,8.22277639,100,746,72.8906724,10.39082063,7.731486691,8.694799827,471,19,484,26,490,510
41,1000,70,7.7,28,76,962,25,5,8,38,8.164268223,110,743,73.53743262,10.60988312,7.538913867,8.769926379,474,18,488,20,492,508
42,1000,70,7.7,28,59,952,33,8,7,48,8.272715928,116,721,72.2514412,10.45925367,8.045778623,8.513690591,491,24,461,24,515,485
47,1000,70,7.7,28,31,945,30,13,12,55,7.999534673,99,711,71.25273509,9.85678019,7.521980451,8.562403593,519,22,426,33,541,459
45,1000,70,7.7,28,52,949,34,6,11,51,8.182506607,107,730,72.42034133,10.1732426,7.812762255,8.54492929,475,20,474,31,495,505
46,1000,70,7.7,28,39,951,26,10,13,49,8.157058936,112,735,71.87809558,10.05514107,7.633476064,8.676469834,479,19,472,30,498,502
44,1000,70,7.7,28,54,949,32,10,9,51,7.937357256,117,723,72.62078594,10.25305107,7.119451233,8.781861848,488,20,461,31,508,492
40,1000,70,7.7,28,68,957,27,10,6,43,8.400696942,110,723,73.13550929,10.92708003,7.646676775,9.13389604,479,14,478,29,493,507
43,1000,70,7.7,28,60,955,27,11,7,45,8.238492251,101,736,72.91741941,10.41094412,7.771130996,8.687525613,471,19,484,26,490,510
41,1000,70,7.7,28,77,960,27,5,8,40,8.176697116,112,717,73.55167983,10.63845322,7.538185441,8.795098187,473,19,487,21,492,508
42,1000,70,7.7,28,60,952,33,8,7,48,8.265764225,113,703,72.30809337,10.49181142,8.026743185,8.519570072,491,24,461,24,515,485
45,1000,70,7.7,28,53,947,37,6,10,53,8.191512955,92,759,72.46261433,10.20667373,7.792030671,8.5830847,474,21,473,32,495,505
47,1000,70,7.7,28,32,945,30,13,12,55,8.0265399,87,737,71.29551666,9.887382208,7.563042696,8.572840525,519,22,426,33,541,459
46,1000,70,7.7,28,40,952,25,10,13,48,8.196327111,96,735,71.91217859,10.06632391,7.695991401,8.692676081,479,19,473,29,498,502
44,1000,70,7.7,28,55,948,33,9,10,52,7.97220212,105,739,72.67750028,10.29540196,7.156333205,8.814603356,488,20,460,32,508,492
43,1000,70,7.7,28,61,956,27,10,7,44,8.279227657,113,732,72.97299713,10.42678182,7.829988565,8.71084953,471,19,485,25,490,510
41,1000,70,7.7,28,78,960,27,5,8,40,8.221229274,102,745,73.59030334,10.66400439,7.588181452,8.834338582,473,19,487,21,492,508
45,1000,70,7.7,28,54,945,39,6,10,55,8.23709505,121,721,72.48926391,10.23194027,7.840290334,8.626042248,474,21,471,34,495,505
40,1000,70,7.7,28,69,958,27,10,5,42,8.391687788,126,738,73.1836967,10.92841946,7.651849335,9.111096778,479,14,479,28,493,507
42,1000,70,7.7,28,61,951,34,8,7,49,8.271206064,136,736,72.35472357,10.52461493,8.049697485,8.506416205,491,24,460,25,515,485
47,1000,70,7.7,28,33,943,32,13,12,57,8.048969113,101,717,71.35619888,9.928461891,7.608204331,8.568476188,517,24,426,33,541,459
46,1000,70,7.7,28,41,949,27,11,13,51,8.268212691,95,698,71.93962587,10.07718007,7.780797968,8.751743632,477,21,472,30,498,502
44,1000,70,7.7,28,56,947,34,9,10,53,8.010491961,132,724,72.75252001,10.30150479,7.210336324,8.836668919,488,20,459,33,508,492
41,1000,70,7.7,28,79,961,26,5,8,39,8.229500808,116,747,73.64134976,10.72194725,7.620725024,8.819102551,473,19,488,20,492,508
43,1000,70,7.7,28,62,957,26,10,7,43,8.312763324,107,731,73.01844766,10.45174337,7.873154124,8.735132947,472,18,485,25,490,510
45,1000,70,7.7,28,55,943,40,7,10,57,8.272078055,105,709,72.49305607,10.25795907,7.894082898,8.642588158,472,23,471,34,495,505
42,1000,70,7.7,28,62,953,32,8,7,47,8.297518811,100,726,72.42659524,10.56654531,8.080722851,8.52772483,492,23,461,24,515,485
40,1000,70,7.7,28,70,958,27,10,5,42,8.388843451,115,745,73.20883253,10.96147552,7.675482326,9.082506242,479,14,479,28,493,507
47,1000,70,7.7,28,34,942,34,12,12,58,8.057449816,110,705,71.38309817,9.960342628,7.589051884,8.609526681,518,23,424,35,541,459
46,1000,70,7.7,28,42,949,26,12,13,51,8.27900996,102,716,71.96963446,10.13212759,7.793440766,8.760710077,477,21,472,30,498,502
44,1000,70,7.7,28,57,948,34,9,9,52,7.986672051,95,756,72.81523033,10.32266827,7.190924099,8.808297984,488,20,460,32,508,492
41,1000,70,7.7,28,80,963,24,6,7,37,8.227034495,111,750,73.67525415,10.74958945,7.598477349,8.835794566,474,18,489,19,492,508
43,1000,70,7.7,28,63,958,26,9,7,42,8.302119812,122,729,73.0285623,10.45376157,7.886166542,8.701761189,472,18,486,24,490,510
45,1000,70,7.7,28,56,942,41,7,10,58,8.298830264,106,739,72.5214636,10.28625604,7.948296202,8.642423057,471,24,471,34,495,505
42,1000,70,7.7,28,63,951,34,8,7,49,8.347199695,94,738,72.48637428,10.59745955,8.132399178,8.575286842,490,25,461,24,515,485
47,1000,70,7.7,28,35,943,33,12,12,57,8.066912052,98,715,71.41190584,9.989580053,7.611324173,8.603890359,518,23,425,34,541,459
40,1000,70,7.7,28,71,958,27,10,5,42,8.434547654,96,740,73.23852715,11.00396784,7.749895014,9.100294699,479,14,479,28,493,507
46,1000,70,7.7,28,43,950,25,12,13,50,8.295919332,104,707,71.98918296,10.16941613,7.833764185,8.754391968,477,21,473,29,498,502
41,1000,70,7.7,28,81,962,24,7,7,38,8.253915654,123,711,73.70007253,10.78065709,7.641603467,8.846942418,473,19,489,19,492,508
44,1000,70,7.7,28,58,948,34,9,9,52,8.006629259,110,735,72.85243703,10.33452513,7.206977601,8.832285849,488,20,460,32,508,492
43,1000,70,7.7,28,64,956,28,9,7,44,8.317494514,96,728,73.08742976,10.4802141,7.885561354,8.732489118,471,19,485,25,490,510
45,1000,70,7.7,28,57,942,41,7,10,58,8.31979618,113,724,72.56114567,10.30580473,7.962713006,8.6698084,471,24,471,34,495,505
42,1000,70,7.7,28,64,951,34,8,7,49,8.343111962,100,713,72.54036763,10.61900012,8.100109816,8.601145168,490,25,461,24,515,485
47,1000,70,7.7,28,36,942,34,12,12,58,8.06244938,103,719,71.43918257,10.02315837,7.612786912,8.592443706,518,23,424,35,541,459
40,1000,70,7.7,28,72,957,28,10,5,43,8.490263537,108,729,73.29134421,11.03993354,7.8125277,9.149284776,479,14,478,29,493,507
46,1000,70,7.7,28,44,950,26,12,12,50,8.306131017,101,740,72.0248779,10.20989279,7.845356394,8.763234129,476,22,474,28,498,502
41,1000,70,7.7,28,82,959,27,7,7,41,8.295337488,106,731,73.73180317,10.79470839,7.678525465,8.892722361,472,20,487,21,492,508
43,1000,70,7.7,28,65,953,31,9,7,47,8.357417015,96,728,73.11947618,10.48307372,7.938579629,8.759829406,470,20,483,27,490,510
44,1000,70,7.7,28,59,948,34,9,9,52,8.038297257,117,744,72.92949543,10.37997187,7.278759267,8.822535671,488,20,460,32,508,492
45,1000,70,7.7,28,58,940,43,7,10,60,8.32527139,113,735,72.57140843,10.32514538,7.961602869,8.681738554,471,24,469,36,495,505
42,1000,70,7.7,28,65,951,34,8,7,49,8.345773716,105,731,72.58212483,10.65068978,8.119427358,8.586120881,490,25,461,24,515,485
47,1000,70,7.7,28,37,942,35,12,11,58,8.090288481,104,729,71.50810936,10.047298,7.631757261,8.630735955,518,23,424,35,541,459
41,1000,70,7.7,28,83,958,28,7,7,42,8.317785552,120,740,73.7645778,10.8310956,7.708780783,8.907609069,471,21,487,21,492,508
46,1000,70,7.7,28,45,950,27,11,12,50,8.329243211,115,705,72.08215468,10.21898375,7.893288144,8.761724533,475,23,475,27,498,502
43,1000,70,7.7,28,66,954,31,9,6,46,8.378639621,123,756,73.16594029,10.51557705,7.982812482,8.758944126,471,19,483,27,490,510
40,1000,70,7.7,28,73,956,28,11,5,44,8.516012243,118,738,73.32284926,11.07863425,7.844740305,9.168748072,479,14,477,30,493,507
44,1000,70,7.7,28,60,947,35,9,9,53,8.084152568,111,709,72.95359804,10.40676822,7.327075509,8.865850019,488,20,459,33,508,492
45,1000,70,7.7,28,59,939,44,6,11,61,8.34403863,108,716,72.64123021,10.36417576,7.982486578,8.698431234,471,24,468,37,495,505
42,1000,70,7.7,28,66,952,33,8,7,48,8.355599483,112,729,72.60682117,10.6909083,8.133146058,8.591812912,490,25,462,23,515,485
47,1000,70,7.7,28,38,940,37,13,10,60,8.135270562,100,736,71.55722525,10.11331042,7.687178138,8.663414355,518,23,422,37,541,459
41,1000,70,7.7,28,84,959,27,7,7,41,8.317937022,115,739,73.79869576,10.84819089,7.683792238,8.932108743,472,20,487,21,492,508
43,1000,70,7.7,28,67,954,31,9,6,46,8.402665584,109,714,73.19432882,10.53827635,8.002322041,8.78730938,471,19,483,27,490,510
46,1000,70,7.7,28,46,950,28,11,11,50,8.352944075,93,731,72.12176119,10.23152339,7.914032782,8.788358066,475,23,475,27,498,502
45,1000,70,7.7,28,60,940,42,7,11,60,8.368245795,125,725,72.65997092,10.40044266,7.975345745,8.753365647,471,24,469,36,495,505
44,1000,70,7.7,28,61,948,35,9,8,52,8.11705,99,717,73.00563028,10.41682834,7.374832264,8.883404898,488,20,460,32,508,492
40,1000,70,7.7,28,74,955,29,11,5,45,8.550029009,110,724,73.36017643,11.0965479,7.869719671,9.211552685,478,15,477,30,493,507
42,1000,70,7.7,28,67,952,33,8,7,48,8.402996225,119,730,72.64843835,10.72512346,8.1541151,8.667272059,490,25,462,23,515,485
41,1000,70,7.7,28,85,958,26,9,7,42,8.349173746,125,750,73.85503326,10.86867585,7.743764526,8.935514958,471,21,487,21,492,508
47,1000,70,7.7,28,39,940,37,14,9,60,8.171556373,97,725,71.57765961,10.12264701,7.705796051,8.720524421,518,23,422,37,541,459
43,1000,70,7.7,28,68,954,31,9,6,46,8.399218537,114,731,73.22368079,10.56499807,7.972106381,8.809581196,472,18,482,28,490,510
45,1000,70,7.7,28,61,942,40,7,11,58,8.377068501,99,722,72.72329155,10.41610799,7.993115694,8.753418283,472,23,470,35,495,505
46,1000,70,7.7,28,47,951,26,12,11,49,8.349332616,107,727,72.17266662,10.24014378,7.904107382,8.79101024,476,22,475,27,498,502
44,1000,70,7.7,28,62,948,36,8,8,52,8.102961454,101,699,73.04219794,10.44113003,7.372471627,8.857207048,488,20,460,32,508,492
40,1000,70,7.7,28,75,957,26,12,5,43,8.583430056,97,724,73.41392172,11.12022131,7.909071441,9.239167329,478,15,479,28,493,507
42,1000,70,7.7,28,68,954,31,8,7,46,8.397715116,113,743,72.70602834,10.74147849,8.144581326,8.666506667,490,25,464,21,515,485
41,1000,70,7.7,28,86,958,24,11,7,42,8.358419445,111,737,73.89256866,10.91185937,7.760248218,8.937750634,471,21,487,21,492,508
43,1000,70,7.7,28,69,954,32,7,7,46,8.436267289,122,726,73.24359584,10.58195634,8.03515868,8.821646149,472,18,482,28,490,510
47,1000,70,7.7,28,40,940,38,13,9,60,8.195938101,121,712,71.64797206,10.14578995,7.683086813,8.80040988,519,22,421,38,541,459
45,1000,70,7.7,28,62,941,40,8,11,59,8.401322849,118,708,72.77573586,10.42463259,8.021064059,8.774051761,471,24,470,35,495,505
46,1000,70,7.7,28,48,951,26,12,11,49,8.357837496,114,741,72.21055195,10.27365106,7.916400786,8.795756781,476,22,475,27,498,502
44,1000,70,7.7,28,63,950,36,7,7,50,8.110583384,90,718,73.10404032,10.48217119,7.386380941,8.858337125,489,19,461,31,508,492
40,1000,70,7.7,28,76,956,27,12,5,44,8.600316523,122,736,73.45661129,11.14758504,7.912477811,9.26916166,477,16,479,28,493,507
41,1000,70,7.7,28,87,956,26,11,7,44,8.382213381,129,735,73.95431475,10.91608573,7.785351775,8.960276197,471,21,485,23,492,508
42,1000,70,7.7,28,69,955,30,8,7,45,8.409490388,112,736,72.75649706,10.79370037,8.135185128,8.700762983,491,24,464,21,515,485
43,1000,70,7.7,28,70,954,32,7,7,46,8.477171053,113,739,73.28961846,10.61675625,8.068125572,8.870175535,472,18,482,28,490,510
47,1000,70,7.7,28,41,941,37,12,10,59,8.190334091,113,710,71.67898978,10.16936352,7.685606307,8.785231109,519,22,422,37,541,459
45,1000,70,7.7,28,63,941,40,8,11,59,8.418848401,102,705,72.8120179,10.43633718,8.051013359,8.779399581,471,24,470,35,495,505
46,1000,70,7.7,28,49,952,27,11,10,48,8.362651979,95,688,72.2367249,10.29584502,7.92772643,8.794111985,478,20,474,28,498,502
44,1000,70,7.7,28,64,950,36,7,7,50,8.128928198,93,745,73.1512146,10.48193764,7.422355589,8.858478778,489,19,461,31,508,492
41,1000,70,7.7,28,88,955,27,11,7,45,8.428006655,106,729,73.97184014,10.96009944,7.856470142,8.981542018,471,21,484,24,492,508
43,1000,70,7.7,28,71,954,32,7,7,46,8.531761188,113,737,73.37503693,10.64443474,8.104495554,8.942271307,472,18,482,28,490,510
40,1000,70,7.7,28,77,956,27,12,5,44,8.592642789,122,750,73.49398571,11.18609681,7.92533694,9.241522048,477,16,479,28,493,507
42,1000,70,7.7,28,70,955,30,7,8,45,8.427684461,112,720,72.78759557,10.82041543,8.155589682,8.716609845,491,24,464,21,515,485
45,1000,70,7.7,28,64,940,41,8,11,60,8.45080362,121,752,72.82955895,10.4747863,8.079052895,8.815192945,471,24,469,36,495,505
47,1000,70,7.7,28,42,940,35,15,10,60,8.240542476,90,725,71.73804648,10.18500351,7.712364924,8.863078544,519,22,421,38,541,459
46,1000,70,7.7,28,50,950,29,11,10,50,8.369603099,105,709,72.29430089,10.34121908,7.908387898,8.827143278,478,20,472,30,498,502
44,1000,70,7.7,28,65,951,35,6,8,49,8.142080299,91,729,73.18427661,10.4877167,7.44580397,8.860999761,489,19,462,30,508,492
41,1000,70,7.7,28,89,955,27,11,7,45,8.427781579,123,751,74.00869549,10.99309624,7.890743268,8.947905299,471,21,484,24,492,508
43,1000,70,7.7,28,72,954,32,7,7,46,8.554236114,110,727,73.41839722,10.66641657,8.118537669,8.972848345,472,18,482,28,490,510
42,1000,70,7.7,28,71,956,30,6,8,44,8.441924692,97,737,72.83255568,10.85823223,8.188479019,8.711047416,492,23,464,21,515,485
40,1000,70,7.7,28,78,955,28,12,5,45,8.634711719,109,708,73.51750461,11.21464341,7.952182858,9.298393629,477,16,478,29,493,507
45,1000,70,7.7,28,65,942,39,8,11,58,8.471178987,106,730,72.88465839,10.51573222,8.119169597,8.816217894,471,24,471,34,495,505
47,1000,70,7.7,28,43,940,35,15,10,60,8.257425877,104,741,71.7944239,10.19521763,7.764631219,8.838257924,519,22,421,38,541,459
46,1000,70,7.7,28,51,951,29,10,10,49,8.364616654,115,721,72.32588072,10.38111673,7.921865761,8.803839651,478,20,473,29,498,502
44,1000,70,7.7,28,66,950,35,7,8,50,8.174216144,118,752,73.25419266,10.5155822,7.471140554,8.90015598,489,19,461,31,508,492
41,1000,70,7.7,28,90,957,26,11,6,43,8.444167564,122,775,74.06501143,11.02406548,7.910190428,8.961326523,472,20,485,23,492,508
43,1000,70,7.7,28,73,955,31,7,7,45,8.538368335,118,750,73.43482395,10.68880592,8.118248711,8.942012679,472,18,483,27,490,510
42,1000,70,7.7,28,72,956,30,6,8,44,8.469048959,106,735,72.86123628,10.88184737,8.20739352,8.746889271,492,23,464,21,515,485
45,1000,70,7.7,28,66,942,39,8,11,58,8.512131893,117,769,72.94384681,10.53861374,8.150695573,8.866411058,471,24,471,34,495,505
40,1000,70,7.7,28,79,955,28,12,5,45,8.6542374,123,764,73.54771184,11.25233315,7.972764511,9.316892496,477,16,478,29,493,507
47,1000,70,7.7,28,44,940,34,15,11,60,8.276555015,97,712,71.83577128,10.23771245,7.811382075,8.824830747,519,22,421,38,541,459
46,1000,70,7.7,28,52,951,29,9,11,49,8.413528792,98,737,72.36109259,10.42969783,7.940305466,8.882981414,478,20,473,29,498,502
41,1000,70,7.7,28,91,957,26,11,6,43,8.456557124,130,766,74.09192183,11.03204181,7.923131084,8.973182344,472,20,485,23,492,508
44,1000,70,7.7,28,67,949,36,7,8,51,8.207742747,108,725,73.3150006,10.5478005,7.545395381,8.891629864,488,20,461,31,508,492
43,1000,70,7.7,28,74,955,31,7,7,45,8.556977646,117,727,73.48059996,10.71274969,8.165246609,8.933346681,472,18,483,27,490,510
45,1000,70,7.7,28,67,942,39,8,11,58,8.517386108,103,728,72.98853077,10.55431712,8.170338551,8.857561436,471,24,471,34,495,505
42,1000,70,7.7,28,73,955,32,5,8,45,8.493028539,106,741,72.90998818,10.9319472,8.21928789,8.783701599,492,23,463,22,515,485
47,1000,70,7.7,28,45,940,36,14,10,60,8.273968005,124,744,71.87311732,10.26550566,7.843851583,8.780924397,518,23,422,37,541,459
40,1000,70,7.7,28,80,955,28,12,5,45,8.67529413,116,751,73.56847016,11.2796145,7.998050096,9.333837145,477,16,478,29,493,507
46,1000,70,7.7,28,53,951,29,11,9,49,8.394518898,109,708,72.4385322,10.47432776,7.877028315,8.90788605,478,20,473,29,498,502
41,1000,70,7.7,28,92,957,25,12,6,43,8.467097901,108,740,74.11239651,11.07499753,7.934873563,8.982559267,472,20,485,23,492,508
44,1000,70,7.7,28,68,948,35,9,8,52,8.215758188,108,743,73.38495899,10.57665065,7.514520534,8.939800318,488,20,460,32,508,492
43,1000,70,7.7,28,75,957,30,7,6,43,8.530450898,114,729,73.5086552,10.73723391,8.187834058,8.859631783,472,18,485,25,490,510
45,1000,70,7.7,28,68,942,39,8,11,58,8.544647443,119,738,73.04140531,10.5811966,8.215848507,8.866935509,471,24,471,34,495,505
42,1000,70,7.7,28,74,955,32,5,8,45,8.522929014,115,729,72.9330532,10.97359907,8.238285744,8.825179084,492,23,463,22,515,485
47,1000,70,7.7,28,46,943,34,13,10,57,8.289940634,124,735,71.93126094,10.31356099,7.881267586,8.77162281,519,22,424,35,541,459
40,1000,70,7.7,28,81,955,28,12,5,45,8.711368229,113,705,73.61043614,11.34119459,8.010911668,9.392482793,477,16,478,29,493,507
41,1000,70,7.7,28,93,956,25,13,6,44,8.473474194,130,718,74.14135567,11.10976238,7.921203335,9.008350696,473,19,483,25,492,508
46,1000,70,7.7,28,54,953,27,11,9,47,8.374397541,103,732,72.48037042,10.48926522,7.838892133,8.905635973,479,19,474,28,498,502
43,1000,70,7.7,28,76,955,31,8,6,45,8.536199079,109,759,73.52754035,10.76246755,8.166112916,8.89177206,472,18,483,27,490,510
44,1000,70,7.7,28,69,947,36,9,8,53,8.240999228,129,738,73.41044401,10.59849637,7.548170691,8.956358775,487,21,460,32,508,492
45,1000,70,7.7,28,69,942,39,8,11,58,8.570890496,115,744,73.09596276,10.56826965,8.21215938,8.922518026,472,23,470,35,495,505
42,1000,70,7.7,28,75,955,32,5,8,45,8.523408469,105,751,72.98634183,10.96547235,8.244211182,8.819875692,492,23,463,22,515,485
47,1000,70,7.7,28,47,943,33,14,10,57,8.34970616,104,737,71.97912564,10.34535706,7.931926668,8.842121639,519,22,424,35,541,459
41,1000,70,7.7,28,94,955,26,13,6,45,8.529474222,125,733,74.17797618,11.1195622,7.98976077,9.052188824,472,20,483,25,492,508
46,1000,70,7.7,28,55,953,26,12,9,47,8.413238674,115,725,72.54350538,10.53920404,7.883434151,8.938821647,480,18,473,29,498,502
43,1000,70,7.7,28,77,954,32,8,6,46,8.559637646,116,716,73.54048947,10.79037715,8.209395751,8.896144565,472,18,482,28,490,510
40,1000,70,7.7,28,82,954,29,12,5,46,8.735231158,121,760,73.69113564,11.38443634,8.02600234,9.424875748,477,16,477,30,493,507
45,1000,70,7.7,28,70,944,37,8,11,56,8.582408835,110,748,73.16192338,10.58009864,8.240051154,8.917987156,473,22,471,34,495,505
44,1000,70,7.7,28,70,946,37,10,7,54,8.248251221,108,730,73.45308932,10.64204775,7.49545822,9.025525295,487,21,459,33,508,492
42,1000,70,7.7,28,76,956,31,5,8,44,8.533955942,107,740,73.02387797,10.99551021,8.22682985,8.860079525,493,22,463,22,515,485
41,1000,70,7.7,28,95,954,27,13,6,46,8.574499193,121,775,74.22566175,11.15309298,8.040256101,9.091915731,472,20,482,26,492,508
47,1000,70,7.7,28,48,944,32,14,10,56,8.378367848,110,719,71.99058151,10.35637154,7.931086695,8.905555438,520,21,424,35,541,459
43,1000,70,7.7,28,78,955,32,7,6,45,8.557107339,93,753,73.59671121,10.8421041,8.202918472,8.897406446,472,18,483,27,490,510
46,1000,70,7.7,28,56,953,26,12,9,47,8.423216964,112,710,72.57925402,10.55283899,7.900979187,8.941293485,480,18,473,29,498,502
45,1000,70,7.7,28,71,944,38,8,10,56,8.582754874,117,708,73.20160129,10.59119445,8.262194431,8.896967585,473,22,471,34,495,505
40,1000,70,7.7,28,83,954,28,13,5,46,8.770803565,106,744,73.72899201,11.3903591,8.049786827,9.471910571,477,16,477,30,493,507
44,1000,70,7.7,28,71,944,38,11,7,56,8.298477554,107,764,73.48786054,10.65718951,7.541169965,9.080413032,485,23,459,33,508,492
42,1000,70,7.7,28,77,957,30,5,8,43,8.520761981,130,741,73.0821553,11.01510989,8.208927055,8.851885665,493,22,464,21,515,485
41,1000,70,7.7,28,96,955,27,12,6,45,8.598140873,118,748,74.24148152,11.198548,8.069974589,9.109671999,472,20,483,25,492,508
47,1000,70,7.7,28,49,944,32,14,10,56,8.3843467,120,714,72.05155722,10.37740071,7.953149218,8.892577283,520,21,424,35,541,459
43,1000,70,7.7,28,79,954,34,7,5,46,8.597674948,97,766,73.61181776,10.85096573,8.234087169,8.947004382,471,19,483,27,490,510
46,1000,70,7.7,28,57,951,27,13,9,49,8.457264624,97,732,72.61658759,10.59791954,7.941917428,8.968505467,479,19,472,30,498,502
45,1000,70,7.7,28,72,943,40,8,9,57,8.594625388,105,739,73.21768613,10.62400377,8.268821829,8.913977391,473,22,470,35,495,505
44,1000,70,7.7,28,72,945,38,9,8,55,8.337812952,104,739,73.53953444,10.67318014,7.576767659,9.123607685,486,22,459,33,508,492
40,1000,70,7.7,28,84,954,28,12,6,46,8.806171377,132,749,73.74787302,11.42295285,8.118316721,9.47503202,477,16,477,30,493,507
42,1000,70,7.7,28,78,957,29,5,9,43,8.532896603,120,751,73.17859651,11.05158234,8.232874673,8.851476591,493,22,464,21,515,485
41,1000,70,7.7,28,97,951,28,15,6,49,8.635415272,116,749,74.2891186,11.21942475,8.067222526,9.185712183,470,22,481,27,492,508
43,1000,70,7.7,28,80,953,35,7,5,47,8.652561991,125,732,73.67836245,10.88687358,8.303784987,8.987661467,471,19,482,28,490,510
47,1000,70,7.7,28,50,944,32,12,12,56,8.373491812,100,741,72.10717892,10.38687374,7.96126822,8.859358835,520,21,424,35,541,459
45,1000,70,7.7,28,73,944,37,9,10,56,8.658037491,98,734,73.2969506,10.67564885,8.318533552,8.990818581,473,22,471,34,495,505
46,1000,70,7.7,28,58,949,29,13,9,51,8.491365031,113,711,72.68875394,10.61710927,7.98777593,8.99094147,478,20,471,31,498,502
44,1000,70,7.7,28,73,944,38,10,8,56,8.372455794,113,757,73.58098366,10.69382677,7.599708612,9.170332965,486,22,458,34,508,492
40,1000,70,7.7,28,85,954,28,11,7,46,8.837849112,116,719,73.78681824,11.42603276,8.126499174,9.52955625,477,16,477,30,493,507
42,1000,70,7.7,28,79,956,30,5,9,44,8.557856467,120,742,73.21409585,11.06575977,8.221825332,8.914673033,493,22,463,22,515,485
41,1000,70,7.7,28,98,952,27,14,7,48,8.636476846,130,758,74.34665285,11.24727135,8.047746532,9.206664474,470,22,482,26,492,508
43,1000,70,7.7,28,81,952,35,8,5,48,8.682249682,111,722,73.71828234,10.89968372,8.340004662,9.011073328,471,19,481,29,490,510
47,1000,70,7.7,28,51,945,32,12,11,55,8.372501892,123,722,72.14991707,10.43147577,7.967240711,8.850162673,521,20,424,35,541,459
45,1000,70,7.7,28,74,944,37,10,9,56,8.704825918,116,716,73.36589181,10.70801392,8.411090706,8.992744592,472,23,472,33,495,505
46,1000,70,7.7,28,59,950,28,13,9,50,8.48708665,118,738,72.7422549,10.63525413,7.973426489,8.996653901,478,20,472,30,498,502
44,1000,70,7.7,28,74,945,37,10,8,55,8.356891109,115,748,73.65165278,10.698441,7.610340631,9.127719652,486,22,459,33,508,492
41,1000,70,7.7,28,99,952,27,14,7,48,8.691199039,109,737,74.38935912,11.28610278,8.107810416,9.256213217,470,22,482,26,492,508
42,1000,70,7.7,28,80,954,29,8,9,46,8.58723989,114,727,73.26628682,11.1133749,8.228604437,8.96805898,493,22,461,24,515,485
40,1000,70,7.7,28,86,952,30,11,7,48,8.874573098,108,756,73.81954603,11.42579936,8.192195099,9.538108313,476,17,476,31,493,507
43,1000,70,7.7,28,82,952,34,9,5,48,8.715156055,104,733,73.76877551,10.93595272,8.417838829,9.000813782,471,19,481,29,490,510
47,1000,70,7.7,28,52,944,33,12,11,56,8.35460124,116,694,72.18357226,10.48806862,7.950899047,8.830424522,521,20,423,36,541,459
45,1000,70,7.7,28,75,942,39,10,9,58,8.712602611,111,743,73.43228865,10.72692694,8.404232518,9.014866366,472,23,470,35,495,505
46,1000,70,7.7,28,60,949,29,13,9,51,8.517569678,122,714,72.78990689,10.66765594,8.000529573,9.03048994,478,20,471,31,498,502
44,1000,70,7.7,28,75,946,37,9,8,54,8.37725409,120,750,73.67602253,10.73825215,7.65663505,9.121307895,486,22,460,32,508,492
41,1000,70,7.7,28,100,952,27,14,7,48,8.728079701,109,760,74.43991472,11.29879383,8.123318549,9.313793257,470,22,482,26,492,508
43,1000,70,7.7,28,83,951,35,9,5,49,8.726737235,103,755,73.81422091,10.97113928,8.425768941,9.015902851,471,19,480,30,490,510
42,1000,70,7.7,28,81,954,29,8,9,46,8.597760539,112,754,73.35211637,11.12661116,8.223381242,8.995297319,492,23,462,23,515,485
40,1000,70,7.7,28,87,952,30,10,8,48,8.891119302,122,740,73.90012429,11.46691324,8.193373184,9.569598269,476,17,476,31,493,507
45,1000,70,7.7,28,76,941,40,10,9,59,8.739050378,118,731,73.4599943,10.76556457,8.438045101,9.034095155,472,23,469,36,495,505
47,1000,70,7.7,28,53,943,34,12,11,57,8.383343141,121,725,72.22813028,10.50964748,7.974186234,8.865595616,520,21,423,36,541,459
46,1000,70,7.7,28,61,952,27,12,9,48,8.501470121,126,742,72.82379772,10.71230922,7.965485867,9.033183585,480,18,472,30,498,502
41,1000,70,7.7,28,101,953,27,14,6,47,8.73405196,103,767,74.48624424,11.33640476,8.156695023,9.293224426,471,21,482,26,492,508
44,1000,70,7.7,28,76,945,39,8,8,55,8.397170294,118,759,73.75111944,10.74377886,7.674223802,9.143627241,486,22,459,33,508,492
43,1000,70,7.7,28,84,949,37,9,5,51,8.765342759,97,716,73.84788817,11.00592605,8.441216461,9.076758222,471,19,478,32,490,510
42,1000,70,7.7,28,82,954,29,7,10,46,8.608486036,115,739,73.38290553,11.17205697,8.257535922,8.981144405,492,23,462,23,515,485
45,1000,70,7.7,28,77,940,41,10,9,60,8.750251432,117,726,73.49136689,10.80067523,8.457876741,9.036836526,472,23,468,37,495,505
40,1000,70,7.7,28,88,953,29,10,8,47,8.88406978,106,767,74.00323581,11.49562587,8.197397345,9.551780845,477,16,476,31,493,507
47,1000,70,7.7,28,54,943,33,12,12,57,8.389809467,130,719,72.25534447,10.53993606,7.928988223,8.932956074,520,21,423,36,541,459
46,1000,70,7.7,28,62,952,27,13,8,48,8.491960345,105,732,72.85122613,10.74583766,7.98331136,8.996556351,478,20,474,28,498,502
41,1000,70,7.7,28,102,953,26,15,6,47,8.757673623,123,748,74.51144494,11.37053439,8.178692193,9.318419418,471,21,482,26,492,508
44,1000,70,7.7,28,77,945,39,8,8,55,8.399838586,93,741,73.80901087,10.78441228,7.686778692,9.136087419,486,22,459,33,508,492
43,1000,70,7.7,28,85,951,38,6,5,49,8.796027507,107,748,73.90469209,11.02478529,8.455839027,9.122875262,473,17,478,32,490,510
42,1000,70,7.7,28,83,954,29,7,10,46,8.630050115,105,754,73.42084221,11.19654405,8.286484823,8.994866869,492,23,462,23,515,485
45,1000,70,7.7,28,78,940,40,11,9,60,8.770688266,109,734,73.53150813,10.84235789,8.487398829,9.048368011,472,23,468,37,495,505
47,1000,70,7.7,28,55,944,32,12,12,56,8.370503198,122,762,72.2836468,10.56850109,7.92962974,8.890138362,520,21,424,35,541,459
40,1000,70,7.7,28,89,952,29,11,8,48,8.917170479,127,735,74.09152304,11.51326023,8.256048859,9.560036276,476,17,476,31,493,507
46,1000,70,7.7,28,63,951,28,13,8,49,8.513186373,105,749,72.89166449,10.7619068,7.996214862,9.026038589,477,21,474,28,498,502
41,1000,70,7.7,28,103,952,27,15,6,48,8.78228806,128,759,74.54647218,11.3970103,8.179472249,9.366117547,471,21,481,27,492,508
43,1000,70,7.7,28,86,951,37,7,5,49,8.821341027,113,747,73.92787857,11.06097719,8.505144556,9.125137636,473,17,478,32,490,510
44,1000,70,7.7,28,78,945,39,8,8,55,8.409431619,118,744,73.85204633,10.82021174,7.694938272,9.147160523,486,22,459,33,508,492
42,1000,70,7.7,28,84,953,29,8,10,47,8.645293568,108,705,73.47699826,11.24356552,8.315545188,8.995438755,492,23,461,24,515,485
45,1000,70,7.7,28,79,940,40,11,9,60,8.785624705,102,759,73.57004725,10.861316,8.469118468,9.095863492,472,23,468,37,495,505
47,1000,70,7.7,28,56,946,31,11,12,54,8.369267229,125,732,72.32185177,10.60882082,7.969838569,8.840053514,520,21,426,33,541,459
41,1000,70,7.7,28,104,950,29,15,6,50,8.81475254,121,775,74.61738401,11.4185444,8.210320069,9.400147767,471,21,479,29,492,508
48,1000,70,7.7,28,0,939,38,13,10,61,7.019,83,704,69.90729914,8.859404669,6.162886598,7.825242718,466,19,473,42,485,515
40,1000,70,7.7,28,90,951,30,11,8,49,8.941963289,110,739,74.14887009,11.51111806,8.29596021,9.570128019,476,17,475,32,493,507
46,1000,70,7.7,28,64,950,28,14,8,50,8.566996517,121,736,72.94532413,10.79088491,8.014914611,9.114679364,477,21,473,29,498,502
43,1000,70,7.7,28,87,951,37,7,5,49,8.854340116,106,742,74.04722318,11.06180664,8.542208255,9.154231513,473,17,478,32,490,510
44,1000,70,7.7,28,79,943,41,8,8,57,8.45213605,112,770,73.8908841,10.82716275,7.689972404,9.239085506,487,21,456,36,508,492
45,1000,70,7.7,28,80,940,40,11,9,60,8.803479533,93,739,73.64140135,10.88812647,8.544104327,9.057718597,470,25,470,35,495,505
42,1000,70,7.7,28,85,953,29,8,10,47,8.691444061,92,733,73.52703367,11.28266719,8.331830689,9.07330156,492,23,461,24,515,485
47,1000,70,7.7,28,57,947,30,11,12,53,8.35447421,116,720,72.37028985,10.62316321,7.948226361,8.833297928,521,20,426,33,541,459
48,1000,70,7.7,28,1,940,37,13,10,60,7.035274329,95,722,69.94206321,8.906658779,6.178043828,7.842569073,467,18,473,42,485,515
46,1000,70,7.7,28,65,949,29,14,8,51,8.588568309,105,738,72.98280082,10.81262181,8.073207948,9.099822213,476,22,473,29,498,502
43,1000,70,7.7,28,88,951,37,7,5,49,8.864337603,114,748,74.10526105,11.08124703,8.579859054,9.13766013,472,18,479,31,490,510
40,1000,70,7.7,28,91,952,29,12,7,48,8.960331851,116,753,74.20123932,11.55150785,8.272932099,9.628750151,477,16,475,32,493,507
44,1000,70,7.7,28,80,945,41,7,7,55,8.428207888,116,741,73.93945594,10.86798445,7.647494718,9.234310103,488,20,457,35,508,492
45,1000,70,7.7,28,81,939,41,11,9,61,8.805165169,114,756,73.68818661,10.92617178,8.537052101,9.067969067,470,25,469,36,495,505
42,1000,70,7.7,28,86,953,28,9,10,47,8.72024405,131,727,73.54116113,11.31454708,8.383020062,9.078327254,491,24,462,23,515,485
47,1000,70,7.7,28,58,946,31,12,11,54,8.364283597,111,759,72.41028108,10.65751976,7.922056132,8.885514661,521,20,425,34,541,459
43,1000,70,7.7,28,89,951,36,8,5,49,8.874147538,120,769,74.21489343,11.09271228,8.604952637,9.132785777,472,18,479,31,490,510
48,1000,70,7.7,28,2,944,36,11,9,56,7.020560075,103,699,69.97900324,8.927514735,6.194450142,7.798547099,468,17,476,39,485,515
46,1000,70,7.7,28,66,948,30,13,9,52,8.59054032,96,711,73.04266933,10.8381966,8.07068754,9.106250846,476,22,472,30,498,502
44,1000,70,7.7,28,81,944,41,8,7,56,8.459305818,101,755,73.9792802,10.91109194,7.677902288,9.266120845,488,20,456,36,508,492
40,1000,70,7.7,28,92,952,29,12,7,48,8.973365548,124,747,74.27408168,11.59317323,8.264307433,9.66284415,477,16,475,32,493,507
45,1000,70,7.7,28,82,939,43,10,8,61,8.813877087,110,725,73.74502861,10.94932477,8.54543219,9.077006244,470,25,469,36,495,505
42,1000,70,7.7,28,87,951,29,10,10,49,8.746691006,101,754,73.62438419,11.35280242,8.399683593,9.115162795,491,24,460,25,515,485
43,1000,70,7.7,28,90,950,36,9,5,50,8.884313498,107,736,74.28386555,11.11777304,8.629253932,9.129370727,472,18,478,32,490,510
47,1000,70,7.7,28,59,946,31,12,11,54,8.369952719,110,737,72.46962323,10.68734986,7.904024472,8.919118693,521,20,425,34,541,459
48,1000,70,7.7,28,3,945,35,11,9,55,7.030793199,87,693,70.0495406,8.959817645,6.216366035,7.797778004,468,17,477,38,485,515
46,1000,70,7.7,28,67,949,29,13,9,51,8.599308191,107,733,73.10408485,10.87631746,8.064382341,9.129971683,477,21,472,30,498,502
45,1000,70,7.7,28,83,938,44,10,8,62,8.818186981,107,715,73.7650358,10.99170262,8.531092351,9.099596569,470,25,468,37,495,505
44,1000,70,7.7,28,82,944,42,8,6,56,8.472172978,110,732,74.01770131,10.95758393,7.720294226,9.248503072,487,21,457,35,508,492
40,1000,70,7.7,28,93,952,29,12,7,48,8.984301828,110,743,74.33233683,11.63011691,8.239889022,9.708158856,477,16,475,32,493,507
42,1000,70,7.7,28,88,952,29,10,9,48,8.753774153,120,746,73.68934455,11.36678102,8.444368278,9.082318536,491,24,461,24,515,485
43,1000,70,7.7,28,91,950,36,9,5,50,8.907035798,111,754,74.34341833,11.14358754,8.649624343,9.154352686,472,18,478,32,490,510
47,1000,70,7.7,28,60,945,32,12,11,55,8.376607783,93,714,72.51100498,10.70955734,7.936184166,8.895712743,520,21,425,34,541,459
48,1000,70,7.7,28,4,947,32,14,7,53,6.994022531,98,698,70.10458781,8.99671044,6.23635587,7.70755327,468,17,479,36,485,515
46,1000,70,7.7,28,68,950,28,13,9,50,8.608002306,131,716,73.14496083,10.90174604,8.051805737,9.15976703,478,20,472,30,498,502
45,1000,70,7.7,28,84,939,43,10,8,61,8.829845679,113,760,73.80672383,11.03572158,8.572346389,9.082245974,470,25,469,36,495,505
44,1000,70,7.7,28,83,944,41,9,6,56,8.477159777,115,760,74.05911572,10.95911781,7.719158618,9.25981138,487,21,457,35,508,492
42,1000,70,7.7,28,89,951,30,10,9,49,8.778472162,119,752,73.75451088,11.39602392,8.472916193,9.1029285,491,24,460,25,515,485
40,1000,70,7.7,28,94,951,30,12,7,49,9.003823917,126,748,74.40999305,11.66306797,8.25136516,9.73550472,477,16,474,33,493,507
43,1000,70,7.7,28,92,950,36,9,5,50,8.904062896,113,762,74.40509832,11.16102557,8.628494936,9.168824269,472,18,478,32,490,510
47,1000,70,7.7,28,61,944,33,12,11,56,8.402395845,111,733,72.55293258,10.71726455,7.944709529,8.941847472,520,21,424,35,541,459
48,1000,70,7.7,28,5,949,30,14,7,51,6.97959799,92,714,70.14925194,9.01220626,6.246116511,7.670352394,468,17,481,34,485,515
46,1000,70,7.7,28,69,952,27,13,8,48,8.586410144,117,749,73.17357949,10.89966573,8.009323986,9.158898005,479,19,473,29,498,502
45,1000,70,7.7,28,85,939,43,10,8,61,8.846140195,104,759,73.90983227,11.04840994,8.590577093,9.096642641,470,25,469,36,495,505
44,1000,70,7.7,28,84,944,40,10,6,56,8.4952814,112,750,74.12717765,10.9842067,7.730627728,9.284801859,487,21,457,35,508,492
42,1000,70,7.7,28,90,952,29,11,8,48,8.768889188,103,739,73.80123264,11.41921651,8.484441768,9.070931294,491,24,461,24,515,485
43,1000,70,7.7,28,93,949,38,9,4,51,8.898299781,108,759,74.49099067,11.18380249,8.599557743,9.185326446,472,18,477,33,490,510
40,1000,70,7.7,28,95,952,29,12,7,48,9.011754903,112,742,74.46737631,11.70471945,8.256298008,9.746351056,477,16,475,32,493,507
47,1000,70,7.7,28,62,946,32,11,11,54,8.392611509,107,716,72.62392479,10.76683378,7.95136597,8.912685228,521,20,425,34,541,459
48,1000,70,7.7,28,6,950,29,14,7,50,6.993669081,109,732,70.19380779,9.041065777,6.292865711,7.653648954,468,17,482,33,485,515
46,1000,70,7.7,28,70,953,26,13,8,47,8.587621877,110,733,73.23987556,10.91605805,8.003787307,9.16680438,480,18,473,29,498,502
45,1000,70,7.7,28,86,937,44,11,8,63,8.854009344,101,725,73.95409287,11.06154609,8.619152924,9.084215142,469,26,468,37,495,505
44,1000,70,7.7,28,85,944,41,8,7,56,8.50853264,99,758,74.18813277,11.00008374,7.733955041,9.308299755,487,21,457,35,508,492
42,1000,70,7.7,28,91,952,29,11,8,48,8.774982734,118,743,73.83806791,11.42036011,8.517067997,9.048850961,491,24,461,24,515,485
43,1000,70,7.7,28,94,948,38,10,4,52,8.952874739,109,759,74.52319081,11.21271182,8.644653918,9.249008468,472,18,476,34,490,510
40,1000,70,7.7,28,96,950,30,12,8,50,9.066633002,101,750,74.54723759,11.72932948,8.310601322,9.801788068,476,17,474,33,493,507
47,1000,70,7.7,28,63,946,33,11,10,54,8.408425935,115,725,72.66685739,10.77326388,7.951058849,8.947501301,521,20,425,34,541,459
45,1000,70,7.7,28,87,936,45,10,9,64,8.847800948,113,737,73.99948443,11.09059298,8.594585931,9.096001807,469,26,467,38,495,505
48,1000,70,7.7,28,7,951,29,12,8,49,6.992506256,91,731,70.24441548,9.098330838,6.32697042,7.619273013,468,17,483,32,485,515
46,1000,70,7.7,28,71,954,24,13,9,46,8.619558422,104,746,73.28702309,10.94637697,8.046573473,9.187977754,481,17,473,29,498,502
44,1000,70,7.7,28,86,942,43,8,7,58,8.547375633,107,755,74.2508419,11.00443427,7.761882732,9.358413018,486,22,456,36,508,492
43,1000,70,7.7,28,95,949,37,10,4,51,8.966576088,110,761,74.5885265,11.2456125,8.631328306,9.288676899,473,17,476,34,490,510
42,1000,70,7.7,28,92,952,28,12,8,48,8.759643827,112,750,73.87725698,11.44924028,8.514440494,9.020014377,491,24,461,24,515,485
40,1000,70,7.7,28,97,948,32,12,8,52,9.058634673,134,744,74.5716936,11.77817521,8.305105637,9.791356201,475,18,473,34,493,507
45,1000,70,7.7,28,88,933,47,11,9,67,8.865981017,112,749,74.04351355,11.12191409,8.637428625,9.09000762,467,28,466,39,495,505
47,1000,70,7.7,28,64,946,33,11,10,54,8.404342661,108,750,72.68195553,10.79850726,7.945349874,8.945334159,521,20,425,34,541,459
46,1000,70,7.7,28,72,954,25,13,8,46,8.643629958,99,762,73.30754794,10.98219935,8.051777293,9.230766666,480,18,474,28,498,502
48,1000,70,7.7,28,8,950,30,12,8,50,7.001859101,85,722,70.32010545,9.115248621,6.358552371,7.607691654,467,18,483,32,485,515
43,1000,70,7.7,28,96,950,35,11,4,50,8.960976365,117,752,74.64493533,11.26023605,8.588454142,9.318889874,474,16,476,34,490,510
44,1000,70,7.7,28,87,942,44,8,6,58,8.528539962,123,725,74.2999205,11.02832989,7.783585206,9.297720889,485,23,457,35,508,492
42,1000,70,7.7,28,93,953,28,11,8,47,8.752294126,124,749,73.93106485,11.47022059,8.536798077,8.981119828,491,24,462,23,515,485
45,1000,70,7.7,28,89,934,44,13,9,66,8.878732221,123,751,74.09322143,11.13281027,8.660956856,9.092195203,468,27,466,39,495,505
47,1000,70,7.7,28,65,945,34,11,10,55,8.375365484,113,760,72.71736042,10.82027041,7.954440978,8.871487832,521,20,424,35,541,459
40,1000,70,7.7,28,98,948,32,12,8,52,9.086721658,104,760,74.62866526,11.79302061,8.333468272,9.819175149,475,18,473,34,493,507
46,1000,70,7.7,28,73,954,25,12,9,46,8.660379942,130,743,73.34540701,11.00124904,8.065511305,9.250508589,480,18,474,28,498,502
48,1000,70,7.7,28,9,951,29,12,8,49,7.050871818,94,710,70.39978373,9.12513846,6.439640462,7.626497464,467,18,484,31,485,515
43,1000,70,7.7,28,97,948,36,12,4,52,9.004508321,115,734,74.72426412,11.29138218,8.611369345,9.382230083,474,16,474,36,490,510
44,1000,70,7.7,28,88,941,44,9,6,59,8.563687006,114,750,74.34353345,11.0549776,7.824384266,9.327032112,485,23,456,36,508,492
42,1000,70,7.7,28,94,952,29,11,8,48,8.778748662,117,728,73.98584059,11.49031347,8.568319117,9.002194467,490,25,462,23,515,485
45,1000,70,7.7,28,90,933,45,13,9,67,8.876241788,127,759,74.13197641,11.16023387,8.692314256,9.056527192,468,27,465,40,495,505
47,1000,70,7.7,28,66,947,33,11,9,53,8.362232334,92,739,72.77371618,10.85426762,7.933229319,8.86787641,522,19,425,34,541,459
46,1000,70,7.7,28,74,953,26,12,9,47,8.653677885,118,749,73.38634184,11.02241257,8.027984598,9.274385569,479,19,474,28,498,502
48,1000,70,7.7,28,10,951,28,13,8,49,7.086833953,95,711,70.46079954,9.150149431,6.463934976,7.673447552,468,17,483,32,485,515
40,1000,70,7.7,28,99,948,32,12,8,52,9.075155007,111,752,74.6558627,11.8077896,8.345690307,9.784476698,475,18,473,34,493,507
43,1000,70,7.7,28,98,947,37,13,3,53,9.005106613,110,745,74.75556009,11.31877697,8.610688236,9.384057601,473,17,474,36,490,510
44,1000,70,7.7,28,89,940,44,10,6,60,8.58326041,107,750,74.37107308,11.07701462,7.813546386,9.378005785,485,23,455,37,508,492
42,1000,70,7.7,28,95,953,28,11,8,47,8.751939573,126,718,74.00693807,11.52909157,8.554422205,8.961674511,490,25,463,22,515,485
45,1000,70,7.7,28,91,933,45,13,9,67,8.897505692,119,749,74.16517887,11.194626,8.732780205,9.058969289,468,27,465,40,495,505
47,1000,70,7.7,28,67,945,34,12,9,55,8.414554545,109,734,72.80724257,10.87716992,8.003493569,8.899051252,520,21,425,34,541,459
43,1000,70,7.7,28,99,948,36,13,3,52,9.04608171,114,785,74.7964488,11.32415131,8.681819926,9.396058718,473,17,475,35,490,510
46,1000,70,7.7,28,75,952,27,12,9,48,8.647739753,128,730,73.43024264,11.03747475,8.037658019,9.252960278,479,19,473,29,498,502
48,1000,70,7.7,28,11,951,27,14,8,49,7.115649083,97,696,70.50996861,9.161046196,6.492670961,7.702337217,468,17,483,32,485,515
40,1000,70,7.7,28,100,947,33,12,8,53,9.089497893,130,750,74.69458627,11.83445043,8.369697329,9.789422306,474,19,473,34,493,507
42,1000,70,7.7,28,96,951,30,11,8,49,8.801098694,110,744,74.03741323,11.52512281,8.550809134,9.066870083,490,25,461,24,515,485
44,1000,70,7.7,28,90,940,44,10,6,60,8.587633767,133,740,74.40187579,11.09818859,7.829316517,9.37061174,485,23,455,37,508,492
45,1000,70,7.7,28,92,933,45,13,9,67,8.898221269,127,747,74.19931134,11.21325519,8.734737562,9.058467676,468,27,465,40,495,505
43,1000,70,7.7,28,100,949,34,14,3,51,9.03320342,142,759,74.86069311,11.35533862,8.674652758,9.377693273,474,16,475,35,490,510
47,1000,70,7.7,28,68,945,35,12,8,55,8.424052319,124,716,72.83434906,10.92582477,8.029641734,8.888924054,520,21,425,34,541,459
46,1000,70,7.7,28,76,951,28,12,9,49,8.678683595,109,716,73.45222471,11.04512499,8.056225762,9.296181604,478,20,473,29,498,502
48,1000,70,7.7,28,12,950,28,14,8,50,7.155820441,85,695,70.56918116,9.162053593,6.536462576,7.739099208,468,17,482,33,485,515
40,1000,70,7.7,28,101,946,35,11,8,54,9.083182456,128,748,74.73520716,11.85107981,8.369395161,9.777259648,473,20,473,34,493,507
42,1000,70,7.7,28,97,950,31,11,8,50,8.808436411,132,770,74.09040187,11.55164719,8.56152501,9.070620682,489,26,461,24,515,485
44,1000,70,7.7,28,91,941,44,9,6,59,8.563187296,94,740,74.44750773,11.12761153,7.832697928,9.317432416,485,23,456,36,508,492
45,1000,70,7.7,28,93,930,47,14,9,70,8.960811185,117,755,74.2256002,11.24068447,8.777319371,9.140669498,466,29,464,41,495,505
43,1000,70,7.7,28,101,947,35,15,3,53,9.102483438,112,765,74.92373747,11.36596149,8.759030365,9.432467764,473,17,474,36,490,510
47,1000,70,7.7,28,69,945,34,13,8,55,8.40412251,107,732,72.82994486,10.95652428,8.027967941,8.847476806,519,22,426,33,541,459
46,1000,70,7.7,28,77,952,28,11,9,48,8.703794373,128,733,73.49456415,11.05416573,8.099671875,9.303103145,478,20,474,28,498,502
48,1000,70,7.7,28,13,951,28,13,8,49,7.179621055,84,723,70.59652301,9.176939144,6.559008107,7.764081793,469,16,482,33,485,515
45,1000,70,7.7,28,94,929,47,14,10,71,8.980082802,114,739,74.26904767,11.26450155,8.774058255,9.182027654,466,29,463,42,495,505
42,1000,70,7.7,28,98,951,29,12,8,49,8.845014826,127,739,74.11580761,11.58424527,8.641473514,9.061146323,489,26,462,23,515,485
40,1000,70,7.7,28,102,948,36,8,8,52,9.082872496,120,759,74.81961502,11.87806533,8.344223004,9.801125356,474,19,474,33,493,507
44,1000,70,7.7,28,92,941,44,9,6,59,8.593574708,104,747,74.48561457,11.15948644,7.871511313,9.339119839,485,23,456,36,508,492
43,1000,70,7.7,28,102,946,37,14,3,54,9.115992982,138,779,74.99555747,11.40691473,8.80261169,9.417084811,472,18,474,36,490,510
47,1000,70,7.7,28,70,945,34,13,8,55,8.414219131,119,748,72.84762573,10.98755139,8.060424145,8.831219321,519,22,426,33,541,459
46,1000,70,7.7,28,78,952,28,11,9,48,8.700928739,121,717,73.52823338,11.06668294,8.122597057,9.274652201,478,20,474,28,498,502
48,1000,70,7.7,28,14,952,27,13,8,48,7.169980206,107,727,70.67446957,9.182862695,6.553437724,7.750607592,469,16,483,32,485,515
45,1000,70,7.7,28,95,929,48,14,9,71,8.975468191,121,757,74.32611431,11.28166798,8.755480278,9.191099907,466,29,463,42,495,505
42,1000,70,7.7,28,99,951,29,12,8,49,8.904703792,134,760,74.18230741,11.61596965,8.679842574,9.143473951,489,26,462,23,515,485
44,1000,70,7.7,28,93,940,45,9,6,60,8.616888765,107,719,74.53590206,11.17968885,7.94179048,9.313941465,484,24,456,36,508,492
40,1000,70,7.7,28,103,949,35,8,8,51,9.07583172,133,777,74.88508991,11.90432687,8.351900307,9.779772916,474,19,475,32,493,507
43,1000,70,7.7,28,103,946,36,15,3,54,9.120963553,119,754,75.04563576,11.43274141,8.847980644,9.383241251,471,19,475,35,490,510
47,1000,70,7.7,28,71,946,33,13,8,54,8.397045778,113,732,72.87319183,11.0287618,8.068618403,8.784146453,520,21,426,33,541,459
46,1000,70,7.7,28,79,954,27,10,9,46,8.679557403,121,737,73.59633996,11.07650553,8.099630766,9.254863109,479,19,475,27,498,502
48,1000,70,7.7,28,15,953,27,12,8,47,7.179127012,85,712,70.71794202,9.193102164,6.573991165,7.749012227,469,16,484,31,485,515
45,1000,70,7.7,28,96,927,50,14,9,73,9.036522867,119,763,74.35973204,11.31899366,8.858598422,9.210924055,464,31,463,42,495,505
42,1000,70,7.7,28,100,951,29,12,8,49,8.900360072,130,749,74.2223213,11.64729522,8.668758253,9.146287777,489,26,462,23,515,485
44,1000,70,7.7,28,94,941,44,9,6,59,8.642628179,106,757,74.58841964,11.23667001,7.946896065,9.360985727,484,24,457,35,508,492
43,1000,70,7.7,28,104,945,36,15,4,55,9.119643694,129,736,75.07877159,11.48563229,8.875172743,9.35452755,470,20,475,35,490,510
40,1000,70,7.7,28,104,948,36,8,8,52,9.084204121,128,725,74.90870315,11.94194622,8.375862175,9.772986329,473,20,475,32,493,507
49,1000,70,7.7,28,0,941,26,17,16,59,7.005,74,697,69.93158604,8.923126569,6.142250531,7.7731569,452,19,489,40,471,529
50,1000,70,7.7,28,0,944,25,12,19,56,7.09,94,705,69.94908117,8.913703573,6.501035197,7.640232108,464,19,480,37,483,517
47,1000,70,7.7,28,72,947,33,12,8,53,8.4004802,110,741,72.89144811,11.05724506,8.094597789,8.761008269,520,21,427,32,541,459
46,1000,70,7.7,28,80,955,27,9,9,45,8.71830589,103,740,73.61098126,11.11910849,8.157943308,9.274203431,479,19,476,26,498,502
48,1000,70,7.7,28,16,954,26,12,8,46,7.205047068,105,730,70.77455834,9.208853843,6.624411469,7.751859235,470,15,484,31,485,515
45,1000,70,7.7,28,97,926,51,14,9,74,9.069444157,112,732,74.39501338,11.35225594,8.895727926,9.239720463,463,32,463,42,495,505
44,1000,70,7.7,28,95,941,42,11,6,59,8.652299236,131,753,74.62231224,11.25018962,7.955520773,9.371737161,484,24,457,35,508,492
42,1000,70,7.7,28,101,953,27,11,9,47,8.90601771,114,744,74.29801277,11.65209585,8.633186369,9.195725216,491,24,462,23,515,485
49,1000,70,7.7,28,1,943,25,16,16,57,7.015974925,108,706,69.94689338,8.95933151,6.210496908,7.733139663,452,19,491,38,471,529
50,1000,70,7.7,28,1,945,23,14,18,55,7.100292589,89,696,69.98009996,8.933609018,6.485714286,7.674453751,464,19,481,36,483,517
47,1000,70,7.7,28,73,948,32,12,8,52,8.421067136,126,740,72.91068943,11.08391268,8.088676889,8.812838647,521,20,427,32,541,459
46,1000,70,7.7,28,81,955,27,9,9,45,8.732392651,111,779,73.63807817,11.14599611,8.187918968,9.272527898,479,19,476,26,498,502
45,1000,70,7.7,28,98,927,50,14,9,73,9.07531297,131,753,74.41639619,11.35683151,8.867319978,9.27918729,465,30,462,43,495,505
48,1000,70,7.7,28,17,955,24,12,9,45,7.215941906,84,713,70.84173578,9.235784537,6.645497201,7.753156823,470,15,485,30,485,515
42,1000,70,7.7,28,102,954,26,12,8,46,8.849434059,130,749,74.3406116,11.68440703,8.575380952,9.140438905,491,24,463,22,515,485
44,1000,70,7.7,28,96,941,41,12,6,59,8.663149068,129,738,74.69451722,11.2680483,7.939214684,9.410626034,484,24,457,35,508,492
49,1000,70,7.7,28,2,943,25,16,16,57,7.095947432,105,693,69.97009178,8.986294406,6.29381977,7.810129149,452,19,491,38,471,529
50,1000,70,7.7,28,2,945,23,14,18,55,7.137845015,98,726,70.03495525,8.969625478,6.51766902,7.717235741,464,19,481,36,483,517
47,1000,70,7.7,28,74,949,31,12,8,51,8.424089906,114,726,72.97300588,11.11918613,8.074664468,8.835939932,522,19,427,32,541,459
45,1000,70,7.7,28,99,926,50,15,9,74,9.104191709,133,772,74.43827952,11.38405719,8.893761837,9.310454652,464,31,462,43,495,505
46,1000,70,7.7,28,82,955,27,9,9,45,8.769661715,109,747,73.68488322,11.16009188,8.233438272,9.301612462,479,19,476,26,498,502
48,1000,70,7.7,28,18,953,26,12,9,47,7.286767693,90,698,70.92690205,9.254043061,6.698696649,7.840582171,471,14,482,33,485,515
42,1000,70,7.7,28,103,953,26,13,8,47,8.883538015,126,762,74.37685074,11.69856669,8.623535606,9.159623049,490,25,463,22,515,485
49,1000,70,7.7,28,3,944,25,16,15,56,7.154302585,77,716,69.99591678,9.007009128,6.336684362,7.882276467,453,18,491,38,471,529
44,1000,70,7.7,28,97,945,38,11,6,55,8.673827835,125,749,74.72855406,11.29480953,7.972230535,9.398241306,487,21,458,34,508,492
45,1000,70,7.7,28,100,925,52,14,9,75,9.144712804,130,729,74.47675415,11.4190993,8.977282302,9.30882785,463,32,462,43,495,505
47,1000,70,7.7,28,75,949,31,11,9,51,8.445146074,112,722,72.98274988,11.17142647,8.053859065,8.906336208,522,19,427,32,541,459
50,1000,70,7.7,28,3,945,23,14,18,55,7.162020131,97,732,70.07176606,8.989424699,6.512137097,7.769164241,464,19,481,36,483,517
46,1000,70,7.7,28,83,954,29,9,8,46,8.725661176,131,743,73.72747747,11.1854491,8.242878521,9.204596957,477,21,477,25,498,502
48,1000,70,7.7,28,19,953,26,12,9,47,7.33276037,95,707,70.9812468,9.279930169,6.751466068,7.880192869,471,14,482,33,485,515
49,1000,70,7.7,28,4,945,24,16,15,55,7.156001271,109,691,70.05426819,9.030256182,6.336041937,7.886059583,453,18,492,37,471,529
42,1000,70,7.7,28,104,953,26,13,8,47,8.894229009,125,765,74.42760468,11.71365889,8.667490567,9.134992509,490,25,463,22,515,485
44,1000,70,7.7,28,98,945,38,11,6,55,8.713387999,127,765,74.79380782,11.34724344,7.985536778,9.464909179,487,21,458,34,508,492
45,1000,70,7.7,28,101,924,54,14,8,76,9.148739821,121,770,74.51719859,11.44502294,8.959582685,9.33415127,463,32,461,44,495,505
47,1000,70,7.7,28,76,950,31,10,9,50,8.440000208,133,745,73.0123126,11.17501819,8.039914623,8.911560778,522,19,428,31,541,459
46,1000,70,7.7,28,84,953,29,10,8,47,8.730129684,111,739,73.7722591,11.22101905,8.27613136,9.180510492,477,21,476,26,498,502
48,1000,70,7.7,28,20,951,28,12,9,49,7.345523816,102,706,71.04548623,9.312223226,6.792470771,7.866360179,469,16,482,33,485,515
50,1000,70,7.7,28,4,945,24,13,18,55,7.174185627,107,707,70.14664631,9.005028775,6.510428626,7.794291297,464,19,481,36,483,517
49,1000,70,7.7,28,5,945,23,17,15,55,7.188166249,104,711,70.12104367,9.061801172,6.335352845,7.947476483,453,18,492,37,471,529
44,1000,70,7.7,28,99,945,37,12,6,55,8.732759644,98,762,74.82334072,11.41105504,8.003329115,9.485911491,487,21,458,34,508,492
45,1000,70,7.7,28,102,925,52,15,8,75,9.154161598,129,757,74.55453735,11.47762722,8.96454788,9.34002059,463,32,462,43,495,505
47,1000,70,7.7,28,77,948,33,10,9,52,8.497390314,115,739,73.04986586,11.23162351,8.064679086,9.007405073,522,19,426,33,541,459
46,1000,70,7.7,28,85,953,29,10,8,47,8.745813523,115,757,73.86562505,11.23440522,8.286162745,9.201801744,477,21,476,26,498,502
48,1000,70,7.7,28,21,951,28,12,9,49,7.372532682,97,694,71.10013801,9.337849784,6.84841869,7.866115761,469,16,482,33,485,515
49,1000,70,7.7,28,6,946,22,17,15,54,7.177305897,103,711,70.19046917,9.090405431,6.345585476,7.9178358,453,18,493,36,471,529
50,1000,70,7.7,28,5,945,25,14,16,55,7.23063582,93,712,70.17938252,9.037724568,6.554257542,7.862532742,464,19,481,36,483,517
44,1000,70,7.7,28,100,946,35,13,6,54,8.710335095,119,758,74.88387547,11.41983495,7.952566088,9.492746995,488,20,458,34,508,492
45,1000,70,7.7,28,103,926,51,15,8,74,9.16571185,113,756,74.62385719,11.50774532,8.942204364,9.384793445,464,31,462,43,495,505
47,1000,70,7.7,28,78,946,35,10,9,54,8.500782546,112,735,73.13344341,11.27575178,8.061803324,9.018185072,520,21,426,33,541,459
46,1000,70,7.7,28,86,952,30,10,8,48,8.755652178,113,743,73.91087935,11.2742121,8.313332574,9.194447323,476,22,476,26,498,502
49,1000,70,7.7,28,7,946,23,16,15,54,7.181338907,97,723,70.24088136,9.13476792,6.393718813,7.882603678,453,18,493,36,471,529
48,1000,70,7.7,28,22,951,28,11,10,49,7.394052482,90,731,71.17816346,9.368615287,6.898149101,7.861068287,469,16,482,33,485,515
50,1000,70,7.7,28,6,945,23,16,16,55,7.250628988,103,724,70.21884493,9.04734988,6.549704558,7.905457807,464,19,481,36,483,517
44,1000,70,7.7,28,101,947,34,13,6,53,8.723642143,111,768,74.9369708,11.45314218,7.95077266,9.521645592,488,20,459,33,508,492
45,1000,70,7.7,28,104,928,48,17,7,72,9.16653632,139,734,74.66258204,11.54074039,8.941734579,9.386886542,465,30,463,42,495,505
47,1000,70,7.7,28,79,945,37,10,8,55,8.505710275,128,707,73.17692087,11.2983613,8.095396273,8.989326561,518,23,427,32,541,459
49,1000,70,7.7,28,8,947,21,17,15,53,7.184085306,105,725,70.27125849,9.174883886,6.411769903,7.871723405,453,18,494,35,471,529
46,1000,70,7.7,28,87,950,32,9,9,50,8.787518504,117,759,73.9697123,11.29040198,8.324318531,9.247027641,476,22,474,28,498,502
48,1000,70,7.7,28,23,952,27,11,10,48,7.428373128,97,670,71.24252261,9.417539753,6.92025167,7.906895278,469,16,483,32,485,515
44,1000,70,7.7,28,102,946,35,13,6,54,8.740345805,98,752,75.01465203,11.4614309,7.974495041,9.531102286,488,20,458,34,508,492
50,1000,70,7.7,28,7,945,23,17,15,55,7.285207793,106,699,70.26263487,9.048171616,6.594831391,7.930182265,464,19,481,36,483,517
49,1000,70,7.7,28,9,947,21,17,15,53,7.210949022,111,724,70.34058085,9.189132941,6.416278872,7.918490876,453,18,494,35,471,529
47,1000,70,7.7,28,80,946,36,10,8,54,8.518228998,103,747,73.20217952,11.31598236,8.113176429,8.9956439,519,22,427,32,541,459
46,1000,70,7.7,28,88,950,32,9,9,50,8.806856906,115,750,73.97782989,11.30915774,8.348997812,9.261067721,476,22,474,28,498,502
48,1000,70,7.7,28,24,953,27,10,10,47,7.43048894,90,731,71.31390948,9.437180836,6.953248969,7.879928524,469,16,484,31,485,515
44,1000,70,7.7,28,103,948,33,12,7,52,8.734968173,113,776,75.08036903,11.48720559,7.987347599,9.506901612,488,20,460,32,508,492
50,1000,70,7.7,28,8,944,23,18,15,56,7.30461119,107,708,70.31634957,9.06650237,6.619354054,7.94480306,463,20,481,36,483,517
49,1000,70,7.7,28,10,946,22,17,15,54,7.258016721,96,701,70.35699951,9.217359457,6.472859063,7.95708904,452,19,494,35,471,529
47,1000,70,7.7,28,81,946,36,10,8,54,8.528231467,120,738,73.2719309,11.32696698,8.109811153,9.021402251,520,21,426,33,541,459
46,1000,70,7.7,28,89,950,30,10,10,50,8.835289341,130,734,74.02318943,11.35675735,8.36313324,9.303683242,476,22,474,28,498,502
48,1000,70,7.7,28,25,955,26,9,10,45,7.447104876,98,722,71.36359988,9.473244307,6.951108671,7.914208099,470,15,485,30,485,515
44,1000,70,7.7,28,104,950,31,11,8,50,8.725509544,121,748,75.11367398,11.52488516,7.934865676,9.541865408,491,17,459,33,508,492
49,1000,70,7.7,28,11,948,22,16,14,52,7.268018763,99,734,70.407597,9.241066636,6.504727244,7.947622365,453,18,495,34,471,529
50,1000,70,7.7,28,9,943,24,18,15,57,7.339295318,91,687,70.36311448,9.108635473,6.6644726,7.96973898,463,20,480,37,483,517
47,1000,70,7.7,28,82,945,37,10,8,55,8.544057934,133,708,73.35427233,11.35488584,8.118528519,9.045607854,520,21,425,34,541,459
46,1000,70,7.7,28,90,949,30,11,10,51,8.858692253,115,718,74.08260191,11.36668272,8.379970221,9.333599768,476,22,473,29,498,502
48,1000,70,7.7,28,26,954,27,9,10,46,7.47726978,109,739,71.4032693,9.51102341,6.976424717,7.948939402,470,15,484,31,485,515
49,1000,70,7.7,28,12,949,21,16,14,51,7.305166007,112,695,70.47331763,9.267025963,6.539811312,7.986606577,453,18,496,33,471,529
50,1000,70,7.7,28,10,946,23,16,15,54,7.323428957,92,680,70.39239701,9.102650925,6.69079671,7.914456763,464,19,482,35,483,517
47,1000,70,7.7,28,83,945,37,10,8,55,8.566628583,119,731,73.38648148,11.35645591,8.177979158,9.02470993,520,21,425,34,541,459
48,1000,70,7.7,28,27,954,27,9,10,46,7.461321704,111,700,71.45195492,9.542135865,6.983800687,7.911025963,470,15,484,31,485,515
46,1000,70,7.7,28,91,947,30,12,11,53,8.848096372,114,749,74.10181014,11.40256664,8.392630723,9.299932813,474,24,473,29,498,502
49,1000,70,7.7,28,13,947,22,16,15,53,7.323895412,99,731,70.51215309,9.304795085,6.548424307,8.01434322,453,18,494,35,471,529
47,1000,70,7.7,28,84,946,37,10,7,54,8.564798389,115,735,73.42944808,11.39433538,8.159619595,9.042362066,522,19,424,35,541,459
50,1000,70,7.7,28,11,947,23,16,14,53,7.377189223,100,693,70.4480591,9.109351856,6.774809963,7.9399536,463,20,484,33,483,517
48,1000,70,7.7,28,28,954,27,9,10,46,7.543383804,85,716,71.4974605,9.567101534,7.053359536,8.004862969,469,16,485,30,485,515
46,1000,70,7.7,28,92,947,30,12,11,53,8.880860947,115,763,74.12844464,11.40422762,8.415861622,9.342155098,474,24,473,29,498,502
49,1000,70,7.7,28,14,948,21,16,15,52,7.340653945,88,709,70.58537841,9.312819924,6.581633897,8.016454403,453,18,495,34,471,529
47,1000,70,7.7,28,85,945,38,10,7,55,8.590970731,133,752,73.48722309,11.40481407,8.186826365,9.067315181,522,19,423,36,541,459
48,1000,70,7.7,28,29,956,25,10,9,44,7.5261841,103,677,71.53793662,9.589132534,7.030490463,7.993002381,470,15,486,29,485,515
50,1000,70,7.7,28,12,949,21,16,14,51,7.40826794,94,694,70.47019816,9.117260953,6.783074453,7.992346188,464,19,485,32,483,517
46,1000,70,7.7,28,93,946,30,13,11,54,8.890169885,130,751,74.17432664,11.42963156,8.387440223,9.388893732,474,24,472,30,498,502
49,1000,70,7.7,28,15,949,21,15,15,51,7.389385476,100,710,70.64323004,9.349237021,6.607831958,8.085248817,455,16,494,35,471,529
47,1000,70,7.7,28,86,945,38,9,8,55,8.677264553,105,731,73.52265865,11.45458141,8.238099997,9.194885522,522,19,423,36,541,459
48,1000,70,7.7,28,30,957,25,9,9,43,7.550341053,100,717,71.60049371,9.627501328,7.033615467,8.036966119,471,14,486,29,485,515
46,1000,70,7.7,28,94,946,29,14,11,54,8.900986219,113,749,74.20191033,11.4731444,8.414804772,9.383293711,473,25,473,29,498,502
50,1000,70,7.7,28,13,949,21,16,14,51,7.457955201,106,708,70.51193201,9.131379188,6.807484667,8.065648177,464,19,485,32,483,517
49,1000,70,7.7,28,16,946,24,15,15,54,7.434221307,92,734,70.69127374,9.377058589,6.669463181,8.115130715,455,16,491,38,471,529
47,1000,70,7.7,28,87,945,37,10,8,55,8.675369359,113,730,73.59746299,11.51030359,8.20688364,9.227549695,523,18,422,37,541,459
48,1000,70,7.7,28,31,957,25,8,10,43,7.580465596,106,727,71.63484005,9.671404324,7.068949547,8.062184593,471,14,486,29,485,515
46,1000,70,7.7,28,95,945,29,14,12,55,8.939933343,121,738,74.23427031,11.48788461,8.429866908,9.445935505,473,25,472,30,498,502
49,1000,70,7.7,28,17,949,21,15,15,51,7.434100917,103,750,70.72867276,9.400188955,6.690406821,8.096255774,456,15,493,36,471,529
50,1000,70,7.7,28,14,949,21,16,14,51,7.471861326,87,701,70.53914096,9.162519829,6.819768444,8.081069957,464,19,485,32,483,517
47,1000,70,7.7,28,88,946,37,10,7,54,8.649415295,127,748,73.65047023,11.55080283,8.185859436,9.195785054,523,18,423,36,541,459
49,1000,70,7.7,28,18,949,22,15,14,51,7.429130095,95,757,70.77278146,9.421286457,6.654959346,8.118420119,457,14,492,37,471,529
46,1000,70,7.7,28,96,943,30,15,12,57,8.946531745,125,757,74.26684807,11.53693757,8.416815061,9.472027579,473,25,470,32,498,502
48,1000,70,7.7,28,32,957,25,7,11,43,7.627495263,105,725,71.7030846,9.701618732,7.119566348,8.105836085,470,15,487,28,485,515
50,1000,70,7.7,28,15,950,20,16,14,50,7.479476932,91,725,70.56822444,9.180465415,6.815067526,8.100192102,465,18,485,32,483,517
49,1000,70,7.7,28,19,950,21,15,14,50,7.443877164,98,705,70.81641332,9.467479941,6.706122982,8.100743364,457,14,493,36,471,529
47,1000,70,7.7,28,89,945,37,11,7,55,8.6685375,122,752,73.69593071,11.60074106,8.204461558,9.215520255,522,19,423,36,541,459
46,1000,70,7.7,28,97,943,30,15,12,57,8.946704421,114,752,74.25677918,11.57844433,8.432818554,9.456495581,473,25,470,32,498,502
48,1000,70,7.7,28,33,956,27,6,11,44,7.622948588,111,716,71.75779083,9.703221103,7.155680857,8.062996838,470,15,486,29,485,515
50,1000,70,7.7,28,16,948,22,16,14,52,7.528056482,99,708,70.60133411,9.192240671,6.885357462,8.128489028,463,20,485,32,483,517
49,1000,70,7.7,28,20,951,22,15,12,49,7.466609695,101,712,70.83576195,9.484812985,6.707687645,8.142322901,457,14,494,35,471,529
47,1000,70,7.7,28,90,944,37,12,7,56,8.686912532,118,738,73.76163314,11.61499437,8.265757974,9.18330603,521,20,423,36,541,459
46,1000,70,7.7,28,98,944,30,14,12,56,8.932774167,125,747,74.29449631,11.60375172,8.442151941,9.419487052,473,25,471,31,498,502
48,1000,70,7.7,28,34,955,28,6,11,45,7.668154724,105,718,71.80901033,9.728190538,7.194949693,8.113794413,470,15,485,30,485,515
50,1000,70,7.7,28,17,949,21,15,15,51,7.526754916,87,697,70.63972316,9.232578503,6.887645195,8.12383421,463,20,486,31,483,517
49,1000,70,7.7,28,21,952,22,14,12,48,7.497066636,101,722,70.87472384,9.499037286,6.757736553,8.155335954,457,14,495,34,471,529
47,1000,70,7.7,28,91,944,38,11,7,56,8.677649312,109,736,73.81363489,11.64483499,8.264446805,9.164670131,522,19,422,37,541,459
46,1000,70,7.7,28,99,944,29,14,13,56,8.955621683,136,735,74.32603667,11.61896793,8.451018705,9.456203921,473,25,471,31,498,502
48,1000,70,7.7,28,35,955,28,6,11,45,7.706037635,110,711,71.85160174,9.764068245,7.217916975,8.165724081,470,15,485,30,485,515
49,1000,70,7.7,28,22,954,20,13,13,46,7.507336695,117,735,70.93021181,9.522360341,6.821688606,8.117809758,457,14,497,32,471,529
50,1000,70,7.7,28,18,949,21,14,16,51,7.553234888,104,720,70.66054727,9.246218374,6.881624651,8.180677334,463,20,486,31,483,517
47,1000,70,7.7,28,92,945,36,11,8,55,8.685993881,136,735,73.84288951,11.66987279,8.278327352,9.166489725,522,19,423,36,541,459
46,1000,70,7.7,28,100,944,29,14,13,56,8.950083185,140,726,74.34395579,11.66810269,8.432978605,9.46306741,474,24,470,32,498,502
48,1000,70,7.7,28,36,954,28,8,10,46,7.709189677,125,727,71.91170739,9.761403337,7.235163728,8.155602464,469,16,485,30,485,515
49,1000,70,7.7,28,23,951,23,13,13,49,7.550636802,96,714,70.97611439,9.545702013,6.86954714,8.157051226,457,14,494,35,471,529
50,1000,70,7.7,28,19,949,21,14,16,51,7.570575019,82,699,70.72473969,9.26987748,6.95134061,8.149086082,463,20,486,31,483,517
47,1000,70,7.7,28,93,945,34,13,8,55,8.729396442,129,772,73.89860145,11.69485243,8.325165809,9.20584257,522,19,423,36,541,459
46,1000,70,7.7,28,101,943,30,14,13,57,8.983434051,106,760,74.38446172,11.69601494,8.521915931,9.441274736,474,24,469,33,498,502
48,1000,70,7.7,28,37,954,28,8,10,46,7.69881877,117,736,71.98700505,9.815051372,7.259324109,8.1127118,469,16,485,30,485,515
49,1000,70,7.7,28,24,953,21,13,13,47,7.532330833,102,687,71.02341653,9.560994345,6.871207682,8.120967892,457,14,496,33,471,529
47,1000,70,7.7,28,94,947,33,11,9,53,8.719931199,128,742,73.91509896,11.73071625,8.32628037,9.183907449,522,19,425,34,541,459
50,1000,70,7.7,28,20,950,21,13,16,50,7.559667986,96,730,70.75067796,9.294174343,6.949064762,8.130115485,463,20,487,30,483,517
48,1000,70,7.7,28,38,955,27,8,10,45,7.685043555,118,721,72.0528091,9.858596105,7.246261294,8.098265685,469,16,486,29,485,515
46,1000,70,7.7,28,102,942,31,14,13,58,9.03027575,120,727,74.41452482,11.71203575,8.577030261,9.479909722,474,24,468,34,498,502
49,1000,70,7.7,28,25,953,22,13,12,47,7.534144474,90,731,71.04671714,9.578799217,6.872442158,8.123297198,457,14,496,33,471,529
48,1000,70,7.7,28,39,955,27,8,10,45,7.698386652,106,794,72.1050212,9.880987733,7.236137371,8.133708789,471,14,484,31,485,515
47,1000,70,7.7,28,95,948,31,12,9,52,8.71083664,121,773,73.95359152,11.76004603,8.359649097,9.12476357,522,19,426,33,541,459
46,1000,70,7.7,28,103,941,32,14,13,59,9.053537943,126,747,74.4343683,11.7188163,8.645383833,9.458439829,473,25,468,34,498,502
49,1000,70,7.7,28,26,954,23,12,11,46,7.518925687,81,691,71.06620259,9.617010393,6.865748828,8.100487693,458,13,496,33,471,529
50,1000,70,7.7,28,21,949,22,13,16,51,7.589313678,107,695,70.77596949,9.34985146,6.961223471,8.176098146,463,20,486,31,483,517
48,1000,70,7.7,28,40,955,26,9,10,45,7.713982918,109,732,72.17115421,9.91322013,7.262531343,8.139136342,471,14,484,31,485,515
47,1000,70,7.7,28,96,947,32,13,8,53,8.698447557,142,755,74.01028486,11.79712787,8.337280809,9.124136468,522,19,425,34,541,459
46,1000,70,7.7,28,104,940,32,14,14,60,9.096014657,134,782,74.49923494,11.73395839,8.726384239,9.462699813,472,26,468,34,498,502
49,1000,70,7.7,28,27,954,24,11,11,46,7.547901741,105,727,71.10387509,9.656993392,6.930193046,8.097884342,458,13,496,33,471,529
50,1000,70,7.7,28,22,947,24,13,16,53,7.629096941,96,693,70.80265354,9.35986969,6.991269889,8.22497792,462,21,485,32,483,517
48,1000,70,7.7,28,41,956,25,9,10,44,7.727541858,104,722,72.22352164,9.915923251,7.313132295,8.117811059,471,14,485,30,485,515
47,1000,70,7.7,28,97,947,31,14,8,53,8.71940411,125,728,74.05910612,11.82973046,8.344930275,9.160777409,522,19,425,34,541,459
49,1000,70,7.7,28,28,952,26,11,11,48,7.558847865,99,723,71.14946113,9.675709096,6.940600065,8.109310462,457,14,495,34,471,529
50,1000,70,7.7,28,23,948,24,13,15,52,7.623955964,96,709,70.83877587,9.389377373,6.942795925,8.260320178,463,20,485,32,483,517
49,1000,70,7.7,28,29,954,25,9,12,46,7.537151335,116,738,71.18592252,9.684765573,6.954106908,8.056270287,457,14,497,32,471,529
48,1000,70,7.7,28,42,957,25,9,9,43,7.699155554,120,732,72.3053276,9.944061191,7.310201593,8.065452002,472,13,485,30,485,515
47,1000,70,7.7,28,98,947,31,14,8,53,8.697090881,148,744,74.0889112,11.8665804,8.321509952,9.139769057,522,19,425,34,541,459
50,1000,70,7.7,28,24,948,25,12,15,52,7.626045565,99,738,70.89237783,9.41673828,6.92720859,8.27892421,464,19,484,33,483,517
49,1000,70,7.7,28,30,955,24,8,13,45,7.565240595,114,701,71.21785604,9.730304671,6.947412403,8.115329591,458,13,497,32,471,529
47,1000,70,7.7,28,99,946,32,14,8,54,8.743109237,116,751,74.12945855,11.9080826,8.366814957,9.186628202,521,20,425,34,541,459
48,1000,70,7.7,28,43,958,25,8,9,42,7.715558184,106,735,72.34028175,9.95901025,7.347014122,8.062633659,472,13,486,29,485,515
50,1000,70,7.7,28,25,948,25,12,15,52,7.645424378,98,736,70.93177467,9.456630716,6.936443485,8.307779835,464,19,484,33,483,517
49,1000,70,7.7,28,31,954,25,8,13,46,7.618754275,111,728,71.28214931,9.761409711,6.994510529,8.174555417,458,13,496,33,471,529
48,1000,70,7.7,28,44,958,26,8,8,42,7.698370564,116,726,72.38184089,9.993622041,7.328251507,8.046929288,471,14,487,28,485,515
47,1000,70,7.7,28,100,948,32,11,9,52,8.717203751,141,732,74.16466592,11.9310719,8.360767727,9.137316799,520,21,428,31,541,459
50,1000,70,7.7,28,26,949,24,12,15,51,7.666242135,101,706,70.99906542,9.494170638,6.989656697,8.298332593,464,19,485,32,483,517
49,1000,70,7.7,28,32,955,25,8,12,45,7.592431885,122,722,71.29179723,9.791967919,6.948614329,8.16566075,458,13,497,32,471,529
48,1000,70,7.7,28,45,958,27,8,7,42,7.692175463,94,732,72.44605618,10.02221294,7.34139396,8.022523091,471,14,487,28,485,515
47,1000,70,7.7,28,101,948,32,11,9,52,8.78633653,131,740,74.21666479,11.99103225,8.442897207,9.191131027,520,21,428,31,541,459
49,1000,70,7.7,28,33,952,27,9,12,48,7.626675553,92,700,71.33972376,9.80324052,6.997047834,8.187270364,456,15,496,33,471,529
50,1000,70,7.7,28,27,949,24,11,16,51,7.699180522,106,712,71.03346243,9.515629625,7.030061555,8.324295533,464,19,485,32,483,517
48,1000,70,7.7,28,46,958,26,10,6,42,7.71293891,109,722,72.49305874,10.05927283,7.345199782,8.05925634,471,14,487,28,485,515
47,1000,70,7.7,28,102,948,32,11,9,52,8.780191949,122,712,74.25659237,12.02386195,8.474724226,9.140231248,520,21,428,31,541,459
49,1000,70,7.7,28,34,952,26,10,12,48,7.66537376,103,700,71.38483278,9.817761753,7.063975868,8.200833887,456,15,496,33,471,529
50,1000,70,7.7,28,28,950,22,12,16,50,7.707006744,114,714,71.0768283,9.552195298,7.024585496,8.344549225,465,18,485,32,483,517
48,1000,70,7.7,28,47,959,25,10,6,41,7.728677812,109,752,72.53003803,10.09349193,7.384906465,8.052423643,471,14,488,27,485,515
47,1000,70,7.7,28,103,947,33,11,9,53,8.830901891,127,742,74.29693659,12.03358046,8.528710002,9.187080131,520,21,427,32,541,459
49,1000,70,7.7,28,35,954,26,9,11,46,7.657660809,105,716,71.44361516,9.833382065,7.029485896,8.216962102,458,13,496,33,471,529
48,1000,70,7.7,28,48,957,28,10,5,43,7.769484025,105,746,72.59586602,10.10309318,7.447517359,8.07269535,469,16,488,27,485,515
50,1000,70,7.7,28,29,949,23,12,16,51,7.726837283,104,718,71.15258298,9.604390531,7.011098604,8.395506107,465,18,484,33,483,517
47,1000,70,7.7,28,104,948,33,10,9,52,8.825710324,144,749,74.36200514,12.0588513,8.557810671,9.141470045,519,22,429,30,541,459
49,1000,70,7.7,28,36,953,28,9,10,47,7.665670064,107,722,71.50013979,9.867150021,7.025760472,8.235419437,458,13,495,34,471,529
48,1000,70,7.7,28,49,958,28,9,5,42,7.756961846,119,728,72.61772951,10.12581948,7.457867837,8.038632903,469,16,489,26,485,515
49,1000,70,7.7,28,37,953,28,9,10,47,7.695148449,99,736,71.5523043,9.888636958,7.058296241,8.26217565,458,13,495,34,471,529
50,1000,70,7.7,28,30,949,23,12,16,51,7.763657957,106,704,71.15926915,9.640820692,7.055663552,8.425091802,465,18,484,33,483,517
48,1000,70,7.7,28,50,959,27,9,5,41,7.770677104,110,722,72.66910731,10.16206231,7.507223708,8.0187837,469,16,490,25,485,515
49,1000,70,7.7,28,38,953,29,10,8,47,7.687389466,104,711,71.59874697,9.929161352,7.066060459,8.240595444,458,13,495,34,471,529
50,1000,70,7.7,28,31,950,23,11,16,50,7.753682565,85,711,71.21780577,9.667077672,7.068406981,8.393891669,465,18,485,32,483,517
48,1000,70,7.7,28,51,958,28,9,5,42,7.785839977,109,771,72.72445005,10.18973708,7.527803796,8.028844924,469,16,489,26,485,515
49,1000,70,7.7,28,39,954,27,11,8,46,7.676870871,106,737,71.61879863,9.967385581,7.089734554,8.199633074,457,14,497,32,471,529
50,1000,70,7.7,28,32,952,23,9,16,48,7.734213211,108,730,71.27672397,9.703001391,7.103656489,8.323301987,466,17,486,31,483,517
48,1000,70,7.7,28,52,959,27,8,6,41,7.810709458,108,741,72.78816364,10.21118331,7.570201418,8.03720732,469,16,490,25,485,515
49,1000,70,7.7,28,40,952,28,12,8,48,7.717078447,105,734,71.68451195,10.0091373,7.138420337,8.232292,455,16,497,32,471,529
50,1000,70,7.7,28,33,951,23,10,16,49,7.763815661,97,701,71.27593806,9.740296413,7.110423714,8.374237925,466,17,485,32,483,517
48,1000,70,7.7,28,53,958,28,8,6,42,7.833875647,109,738,72.8414537,10.24943345,7.619035375,8.036200951,468,17,490,25,485,515
49,1000,70,7.7,28,41,951,29,13,7,49,7.757190468,102,708,71.72000658,10.0444207,7.177155068,8.273630305,455,16,496,33,471,529
50,1000,70,7.7,28,34,952,23,10,15,48,7.734580149,103,714,71.31439253,9.727936789,7.107479602,8.320440041,466,17,486,31,483,517
49,1000,70,7.7,28,42,951,29,13,7,49,7.765412942,112,719,71.76474135,10.07486148,7.200203384,8.268652455,455,16,496,33,471,529
48,1000,70,7.7,28,54,958,28,8,6,42,7.814340652,83,734,72.88586791,10.28541577,7.596975607,8.019043655,468,17,490,25,485,515
49,1000,70,7.7,28,43,951,29,13,7,49,7.780745912,106,723,71.81149846,10.11754254,7.184328018,8.311772052,455,16,496,33,471,529
48,1000,70,7.7,28,55,958,27,9,6,42,7.848743609,97,749,72.95167083,10.31145474,7.613528248,8.070257105,468,17,490,25,485,515
50,1000,70,7.7,28,35,952,23,10,15,48,7.737427873,107,698,71.33758138,9.742812718,7.135184265,8.300065518,466,17,486,31,483,517
49,1000,70,7.7,28,44,950,30,13,7,50,7.838067819,107,722,71.83897147,10.13413825,7.22720152,8.381958228,455,16,495,34,471,529
48,1000,70,7.7,28,56,958,28,8,6,42,7.87431039,125,749,72.99278501,10.33548768,7.64295746,8.092186451,467,18,491,24,485,515
50,1000,70,7.7,28,36,952,23,10,15,48,7.762912364,99,741,71.34331401,9.740721775,7.158481609,8.32759332,467,16,485,32,483,517
49,1000,70,7.7,28,45,949,31,13,7,51,7.850724039,110,730,71.91341346,10.16482775,7.265889846,8.371436524,455,16,494,35,471,529
48,1000,70,7.7,28,57,958,28,7,7,42,7.870790934,100,774,73.04450461,10.34718737,7.628081405,8.099362044,468,17,490,25,485,515
50,1000,70,7.7,28,37,950,25,10,15,50,7.801865018,89,729,71.37601317,9.768831548,7.187431254,8.375891145,466,17,484,33,483,517
49,1000,70,7.7,28,46,948,31,14,7,52,7.873821968,91,726,71.97262167,10.19349084,7.293509951,8.390508093,455,16,493,36,471,529
48,1000,70,7.7,28,58,957,28,8,7,43,7.87801939,114,711,73.06389843,10.39624901,7.632442683,8.109290658,468,17,489,26,485,515
50,1000,70,7.7,28,38,951,25,9,15,49,7.826535781,93,732,71.41610285,9.778887301,7.20492242,8.407269346,466,17,485,32,483,517
49,1000,70,7.7,28,47,947,32,13,8,53,7.915981048,93,716,72.0186366,10.21037584,7.357590683,8.413149028,454,17,493,36,471,529
48,1000,70,7.7,28,59,957,28,8,7,43,7.850622939,116,720,73.11523035,10.43291225,7.59523631,8.091132677,468,17,489,26,485,515
50,1000,70,7.7,28,39,951,25,9,15,49,7.830530672,104,743,71.44832283,9.796980441,7.22538918,8.395875625,465,18,486,31,483,517
49,1000,70,7.7,28,48,947,32,13,8,53,7.919663858,107,717,72.04372864,10.27471254,7.387113022,8.393825377,454,17,493,36,471,529
48,1000,70,7.7,28,60,955,30,8,7,45,7.867804199,109,748,73.14476315,10.43736,7.635512404,8.086564434,467,18,488,27,485,515
49,1000,70,7.7,28,49,947,32,13,8,53,7.932132002,106,734,72.07444268,10.29704569,7.404056039,8.402309277,453,18,494,35,471,529
50,1000,70,7.7,28,40,950,26,9,15,50,7.830155048,106,732,71.47714149,9.836835998,7.239487388,8.381978026,464,19,486,31,483,517
48,1000,70,7.7,28,61,953,32,8,7,47,7.907806954,106,745,73.18512273,10.47860242,7.660738172,8.140483379,466,19,487,28,485,515
49,1000,70,7.7,28,50,948,31,13,8,52,7.928784556,110,712,72.09911887,10.33608598,7.40535411,8.394825652,453,18,495,34,471,529
50,1000,70,7.7,28,41,948,27,10,15,52,7.868900139,98,723,71.5033192,9.850489405,7.294339138,8.405675698,462,21,486,31,483,517
48,1000,70,7.7,28,62,953,32,8,7,47,7.91447235,107,729,73.22599336,10.49613162,7.658302473,8.155719709,466,19,487,28,485,515
49,1000,70,7.7,28,51,947,32,12,9,53,7.952277733,94,716,72.12536114,10.36505554,7.45867263,8.391763562,452,19,495,34,471,529
50,1000,70,7.7,28,42,950,27,9,14,50,7.86577005,94,717,71.54934314,9.889167422,7.266408115,8.425715533,463,20,487,30,483,517
48,1000,70,7.7,28,63,953,31,10,6,47,7.898494882,109,727,73.29405013,10.53261228,7.65310708,8.129588248,466,19,487,28,485,515
49,1000,70,7.7,28,52,947,31,13,9,53,7.963660918,108,712,72.17320428,10.3961695,7.477767269,8.396280784,452,19,495,34,471,529
50,1000,70,7.7,28,43,950,28,8,14,50,7.899339399,98,701,71.56711537,9.924551333,7.281503947,8.476543507,464,19,486,31,483,517
48,1000,70,7.7,28,64,954,28,12,6,46,7.91632196,100,764,73.32784193,10.56308971,7.694417843,8.125299623,466,19,488,27,485,515
49,1000,70,7.7,28,53,946,32,13,9,54,7.990574273,119,736,72.2110692,10.40063957,7.490532387,8.435791151,452,19,494,35,471,529
50,1000,70,7.7,28,44,949,29,8,14,51,7.922711264,119,733,71.61915383,9.944290829,7.326856847,8.479379897,463,20,486,31,483,517
48,1000,70,7.7,28,65,953,28,13,6,47,7.967154538,119,738,73.37047054,10.59532816,7.7602928,8.161966078,466,19,487,28,485,515
49,1000,70,7.7,28,54,948,32,11,9,52,8.018613146,96,735,72.26762963,10.46044963,7.530994861,8.452768556,453,18,495,34,471,529
48,1000,70,7.7,28,66,953,28,13,6,47,8.019481783,113,733,73.41926489,10.62425521,7.810544003,8.21624843,466,19,487,28,485,515
50,1000,70,7.7,28,45,949,29,8,14,51,7.913986502,96,724,71.66442902,9.953146474,7.347114175,8.443579024,463,20,486,31,483,517
49,1000,70,7.7,28,55,947,33,11,9,53,8.02025842,123,741,72.3068419,10.48543105,7.559241642,8.430728936,452,19,495,34,471,529
48,1000,70,7.7,28,67,953,28,12,7,47,8.066331644,110,736,73.46197886,10.69606019,7.854368261,8.265947646,466,19,487,28,485,515
50,1000,70,7.7,28,46,948,30,8,14,52,7.938321791,99,731,71.68354274,9.958412487,7.350392505,8.487586482,463,20,485,32,483,517
49,1000,70,7.7,28,56,947,33,11,9,53,8.009114095,102,708,72.36082652,10.5060354,7.563060278,8.406262201,452,19,495,34,471,529
48,1000,70,7.7,28,68,955,27,11,7,45,8.05682021,105,752,73.51044833,10.72985007,7.83398793,8.26667197,467,18,488,27,485,515
49,1000,70,7.7,28,57,944,36,11,9,56,8.043204587,92,707,72.40390162,10.52395078,7.631723144,8.409570861,450,21,494,35,471,529
50,1000,70,7.7,28,47,948,30,8,14,52,7.943116088,121,734,71.70016631,9.991321756,7.360409098,8.487501921,463,20,485,32,483,517
48,1000,70,7.7,28,69,957,25,10,8,43,8.058879709,128,738,73.5335885,10.74831832,7.840648319,8.26439859,468,17,489,26,485,515
49,1000,70,7.7,28,58,946,36,11,7,54,8.044971346,127,726,72.45593211,10.55752034,7.581205548,8.457889477,452,19,494,35,471,529
50,1000,70,7.7,28,48,952,27,7,14,48,7.921758241,102,704,71.78005107,10.01621535,7.328480195,8.476019937,465,18,487,30,483,517
48,1000,70,7.7,28,70,955,26,11,8,45,8.081270863,106,742,73.59917793,10.78440543,7.884325599,8.266743587,467,18,488,27,485,515
49,1000,70,7.7,28,59,946,37,10,7,54,8.063062465,110,749,72.52382943,10.58174362,7.568204677,8.503663634,451,20,495,34,471,529
50,1000,70,7.7,28,49,951,28,6,15,49,7.959917631,107,704,71.8174904,10.03182177,7.343801019,8.535515937,465,18,486,31,483,517
48,1000,70,7.7,28,71,954,26,12,8,46,8.115861043,121,744,73.65005889,10.83123977,7.943365109,8.278308671,467,18,487,28,485,515
49,1000,70,7.7,28,60,945,38,10,7,55,8.090964734,110,731,72.54814628,10.622941,7.612594439,8.516886113,451,20,494,35,471,529
50,1000,70,7.7,28,50,952,26,7,15,48,7.970417251,98,736,71.89470976,10.0522679,7.328392945,8.570219457,465,18,487,30,483,517
49,1000,70,7.7,28,61,945,39,10,6,55,8.082294149,115,754,72.57458422,10.62626921,7.605290433,8.506998781,450,21,495,34,471,529
48,1000,70,7.7,28,72,954,25,13,8,46,8.130907188,104,707,73.68959973,10.86598584,7.943392778,8.307498428,467,18,487,28,485,515
49,1000,70,7.7,28,62,947,38,8,7,53,8.054159181,126,723,72.61247438,10.66647313,7.61179577,8.4480215,450,21,497,32,471,529
48,1000,70,7.7,28,73,954,24,14,8,46,8.105274805,112,756,73.75044932,10.91265193,7.913764411,8.285629254,467,18,487,28,485,515
50,1000,70,7.7,28,51,951,27,7,15,49,7.993047841,118,709,71.9409395,10.08675183,7.370525463,8.574630643,465,18,486,31,483,517
49,1000,70,7.7,28,63,948,37,8,7,52,8.086893817,107,747,72.65548358,10.67588763,7.644489751,8.480792333,451,20,497,32,471,529
48,1000,70,7.7,28,74,953,25,14,8,47,8.115290533,116,743,73.80903881,10.95517778,7.943625775,8.276955403,467,18,486,29,485,515
50,1000,70,7.7,28,52,952,27,6,15,48,7.997502875,101,709,71.99990534,10.1273425,7.393149246,8.562111778,466,17,486,31,483,517
49,1000,70,7.7,28,64,947,38,8,7,53,8.080857627,98,727,72.69197016,10.68884593,7.665479009,8.450693789,450,21,497,32,471,529
48,1000,70,7.7,28,75,953,25,14,8,47,8.100681299,118,727,73.85794632,11.00674863,7.925305152,8.265841359,467,18,486,29,485,515
50,1000,70,7.7,28,53,952,27,6,15,48,8.064627741,93,734,72.04671749,10.14252271,7.427984253,8.659402992,466,17,486,31,483,517
49,1000,70,7.7,28,65,948,37,8,7,52,8.106954193,123,736,72.73993634,10.68929615,7.655901121,8.508553432,451,20,497,32,471,529
48,1000,70,7.7,28,76,955,26,13,6,45,8.069199922,112,733,73.91969537,11.01417641,7.919931553,8.209773047,468,17,487,28,485,515
50,1000,70,7.7,28,54,953,26,6,15,47,8.071206768,107,751,72.07861635,10.17454598,7.44193009,8.65909968,466,17,487,30,483,517
49,1000,70,7.7,28,66,949,36,8,7,51,8.122493748,108,736,72.80345177,10.71964453,7.699165261,8.499408148,451,20,498,31,471,529
48,1000,70,7.7,28,77,955,27,12,6,45,8.111554596,134,750,73.97156769,11.05783426,7.939121031,8.273943488,467,18,488,27,485,515
49,1000,70,7.7,28,67,950,35,8,7,50,8.145117073,124,730,72.87745246,10.72738414,7.722223402,8.521644331,451,20,499,30,471,529
50,1000,70,7.7,28,55,953,27,6,14,47,8.07706083,98,739,72.15087682,10.16702351,7.474492584,8.640001764,466,17,487,30,483,517
48,1000,70,7.7,28,78,955,25,14,6,45,8.150478506,130,731,73.98706509,11.07316949,7.952283787,8.337127902,467,18,488,27,485,515
49,1000,70,7.7,28,68,948,36,9,7,52,8.211288215,106,732,72.92481154,10.76721023,7.819327779,8.560273783,449,22,499,30,471,529
50,1000,70,7.7,28,56,953,27,6,14,47,8.096017646,98,744,72.18453507,10.20518287,7.501475968,8.651459872,466,17,487,30,483,517
48,1000,70,7.7,28,79,955,25,14,6,45,8.149167168,125,736,74.04921309,11.08092735,7.971145066,8.316819052,467,18,488,27,485,515
49,1000,70,7.7,28,69,948,36,9,7,52,8.23819974,107,753,72.98221727,10.80419066,7.86649418,8.569151192,449,22,499,30,471,529
50,1000,70,7.7,28,57,952,28,6,14,48,8.11121101,97,720,72.21434554,10.23235716,7.527917048,8.656145214,466,17,486,31,483,517
48,1000,70,7.7,28,80,953,26,15,6,47,8.157803762,114,749,74.1236012,11.12871695,7.984632744,8.320887149,466,19,487,28,485,515
49,1000,70,7.7,28,70,949,35,9,7,51,8.250593733,110,747,73.00420934,10.83379776,7.892654852,8.569287897,449,22,500,29,471,529
50,1000,70,7.7,28,58,953,26,7,14,47,8.125413522,107,730,72.23883235,10.24117509,7.540052403,8.672278939,466,17,487,30,483,517
48,1000,70,7.7,28,81,953,26,15,6,47,8.149972873,129,737,74.20128273,11.13173107,7.994015133,8.296845696,466,19,487,28,485,515
49,1000,70,7.7,28,71,948,36,9,7,52,8.258758922,123,728,73.06145429,10.8704051,7.873747908,8.601557008,449,22,499,30,471,529
48,1000,70,7.7,28,82,955,25,13,7,45,8.159112323,121,779,74.2508515,11.14971478,7.998853105,8.310036053,467,18,488,27,485,515
49,1000,70,7.7,28,72,949,35,9,7,51,8.254449339,123,745,73.09954892,10.89223426,7.875001129,8.592294532,450,21,499,30,471,529
50,1000,70,7.7,28,59,953,27,6,14,47,8.167125961,105,746,72.29125585,10.26711663,7.56458628,8.730040209,466,17,487,30,483,517
49,1000,70,7.7,28,73,950,35,8,7,50,8.279915677,104,748,73.12721743,10.90957034,7.864142228,8.650103379,450,21,500,29,471,529
48,1000,70,7.7,28,83,955,25,12,8,45,8.189403354,113,758,74.30994199,11.19151818,8.028755732,8.340692863,467,18,488,27,485,515
50,1000,70,7.7,28,60,952,28,6,14,48,8.227026073,111,716,72.32321684,10.28724995,7.6153113,8.79851202,466,17,486,31,483,517
49,1000,70,7.7,28,74,950,35,8,7,50,8.326794363,132,729,73.18465867,10.9159314,7.914993863,8.693444713,450,21,500,29,471,529
48,1000,70,7.7,28,84,953,27,12,8,47,8.20627517,130,759,74.37293489,11.21831594,8.096147069,8.309988042,465,20,488,27,485,515
50,1000,70,7.7,28,61,952,28,7,13,48,8.249192866,132,721,72.37465479,10.31261455,7.659070773,8.800506157,466,17,486,31,483,517
49,1000,70,7.7,28,75,947,37,9,7,53,8.349711699,129,771,73.22036638,10.94753328,7.943877624,8.711049789,449,22,498,31,471,529
48,1000,70,7.7,28,85,954,28,11,7,46,8.209914951,121,749,74.43357569,11.24433939,8.126261839,8.288695065,465,20,489,26,485,515
50,1000,70,7.7,28,62,951,29,7,13,49,8.292459966,113,733,72.41647486,10.34856809,7.72268282,8.824766274,465,18,486,31,483,517
49,1000,70,7.7,28,76,945,39,9,7,55,8.364007324,120,737,73.27902209,10.95625364,7.900930718,8.776311826,448,23,497,32,471,529
48,1000,70,7.7,28,86,954,28,11,7,46,8.232890476,121,773,74.45909576,11.26706396,8.154301654,8.306901308,465,20,489,26,485,515
50,1000,70,7.7,28,63,950,30,7,13,50,8.282472377,96,730,72.49064376,10.36093891,7.720009411,8.807945515,464,19,486,31,483,517
49,1000,70,7.7,28,77,943,41,9,7,57,8.396907096,97,737,73.32706086,10.97731884,7.93477013,8.80837498,448,23,495,34,471,529
48,1000,70,7.7,28,87,954,27,12,7,46,8.261958075,134,756,74.49923198,11.30295874,8.163643854,8.354545253,465,20,489,26,485,515
49,1000,70,7.7,28,78,943,41,9,7,57,8.420472082,102,750,73.36267055,11.00332816,7.980656347,8.812066055,448,23,495,34,471,529
48,1000,70,7.7,28,88,957,26,10,7,43,8.245516386,112,738,74.56750232,11.3124446,8.170690168,8.315983795,466,19,491,24,485,515
50,1000,70,7.7,28,64,952,30,6,12,48,8.306323728,94,735,72.5219878,10.38630345,7.738236313,8.837051429,464,19,488,29,483,517
49,1000,70,7.7,28,79,942,43,9,6,58,8.452899417,126,738,73.42046266,11.0333166,8.051731011,8.810083385,448,23,494,35,471,529
48,1000,70,7.7,28,89,957,26,10,7,43,8.267150461,111,761,74.58916104,11.3499585,8.192671331,8.337291,466,19,491,24,485,515
50,1000,70,7.7,28,65,952,30,6,12,48,8.312812738,95,720,72.58846316,10.41694933,7.748855876,8.839681528,463,20,489,28,483,517
49,1000,70,7.7,28,80,941,44,9,6,59,8.491760208,115,728,73.46023044,11.0722303,8.100995855,8.839680833,448,23,493,36,471,529
48,1000,70,7.7,28,90,957,26,10,7,43,8.271585817,115,752,74.65861068,11.35223522,8.198354067,8.340551639,466,19,491,24,485,515
50,1000,70,7.7,28,66,951,30,7,12,49,8.322809245,107,724,72.63125214,10.43772069,7.761738012,8.846982177,462,21,489,28,483,517
49,1000,70,7.7,28,81,942,43,9,6,58,8.477575418,137,736,73.48800728,11.07496341,8.082710237,8.829147252,449,22,493,36,471,529
48,1000,70,7.7,28,91,958,26,9,7,42,8.267007795,123,750,74.74837728,11.34958634,8.195015825,8.334806058,466,19,492,23,485,515
50,1000,70,7.7,28,67,952,30,6,12,48,8.343542128,124,724,72.67790356,10.44908947,7.752788438,8.895445479,462,21,490,27,483,517
49,1000,70,7.7,28,82,943,41,10,6,57,8.474854633,126,751,73.52574266,11.10308018,8.051284036,8.851984598,450,21,493,36,471,529
48,1000,70,7.7,28,92,958,25,10,7,42,8.278235319,120,760,74.82176297,11.3731308,8.207429447,8.344916577,466,19,492,23,485,515
50,1000,70,7.7,28,68,952,31,5,12,48,8.353204566,113,711,72.73217612,10.47308374,7.774531916,8.893821375,462,21,490,27,483,517
49,1000,70,7.7,28,83,941,43,9,7,59,8.519830122,109,746,73.58709478,11.1409692,8.094077409,8.898902954,448,23,493,36,471,529
48,1000,70,7.7,28,93,960,22,11,7,40,8.298798023,113,770,74.86636903,11.42280748,8.210280108,8.382159555,467,18,493,22,485,515
49,1000,70,7.7,28,84,940,43,10,7,60,8.537612417,119,742,73.6423993,11.14839293,8.105603423,8.922255587,448,23,492,37,471,529
50,1000,70,7.7,28,69,952,31,5,12,48,8.338319412,109,701,72.76882186,10.50170671,7.756403274,8.881966403,462,21,490,27,483,517
48,1000,70,7.7,28,94,960,22,11,7,40,8.31433308,138,758,74.87859517,11.43956785,8.227396828,8.396205084,467,18,493,22,485,515
49,1000,70,7.7,28,85,939,43,11,7,61,8.580217868,95,743,73.65466624,11.1524775,8.129626754,8.981405798,447,24,492,37,471,529
50,1000,70,7.7,28,70,952,32,5,11,48,8.341293557,103,714,72.84993368,10.53506232,7.75299237,8.890905691,462,21,490,27,483,517
48,1000,70,7.7,28,95,960,21,12,7,40,8.366942268,129,749,74.94422457,11.49071646,8.323755198,8.407613586,467,18,493,22,485,515
49,1000,70,7.7,28,86,940,42,11,7,60,8.582918305,117,716,73.71430459,11.19165086,8.063551864,9.045340978,448,23,492,37,471,529
50,1000,70,7.7,28,71,952,32,5,11,48,8.364556351,107,734,72.87994406,10.57148331,7.80178859,8.890314239,462,21,490,27,483,517
48,1000,70,7.7,28,96,961,20,12,7,39,8.375136026,137,757,74.9840134,11.49801646,8.303604681,8.442500496,468,17,493,22,485,515
49,1000,70,7.7,28,87,940,43,10,7,60,8.608257573,130,770,73.75257765,11.21387759,8.032119702,9.121227208,450,21,490,39,471,529
48,1000,70,7.7,28,97,962,20,12,6,38,8.375034635,107,759,75.06153283,11.51027562,8.306705128,8.439383783,468,17,494,21,485,515
50,1000,70,7.7,28,72,953,31,5,11,47,8.385313312,98,745,72.9262309,10.60892924,7.810478114,8.922345034,463,20,490,27,483,517
49,1000,70,7.7,28,88,942,42,10,6,58,8.583088324,134,726,73.78118342,11.2428888,8.034391472,9.071625597,450,21,492,37,471,529
48,1000,70,7.7,28,98,961,22,11,6,39,8.38981284,125,755,75.13622076,11.54025548,8.349197523,8.428062216,466,19,495,20,485,515
50,1000,70,7.7,28,73,953,31,5,11,47,8.400766433,111,731,72.98223023,10.61598376,7.857051788,8.908724215,463,20,490,27,483,517
49,1000,70,7.7,28,89,940,44,10,6,60,8.603249285,121,769,73.83357265,11.26289138,8.068798054,9.079102839,448,23,492,37,471,529
48,1000,70,7.7,28,99,959,23,12,6,41,8.44296774,115,747,75.19928717,11.58593109,8.440013035,8.445750327,464,21,495,20,485,515
49,1000,70,7.7,28,90,938,46,10,6,62,8.616547854,114,752,73.88072026,11.27206293,8.093655198,9.082110125,446,25,492,37,471,529
50,1000,70,7.7,28,74,952,32,5,11,48,8.405744338,106,726,72.99492423,10.66317313,7.881438791,8.895569443,462,21,490,27,483,517
48,1000,70,7.7,28,100,958,23,13,6,42,8.450539921,125,750,75.26709655,11.6157697,8.422173627,8.477253808,463,22,495,20,485,515
49,1000,70,7.7,28,91,940,45,10,5,60,8.571403044,117,740,73.93631395,11.29025619,8.072484572,9.015619681,447,24,493,36,471,529
50,1000,70,7.7,28,75,951,31,7,11,49,8.406903639,110,740,73.04457138,10.69700688,7.897415979,8.88288534,461,22,490,27,483,517
48,1000,70,7.7,28,101,957,24,13,6,43,8.487604601,132,757,75.31751836,11.66333963,8.464945174,8.508944061,463,22,494,21,485,515
49,1000,70,7.7,28,92,937,48,10,5,63,8.606961293,96,744,73.98678157,11.29550384,8.088137359,9.068900939,447,24,490,39,471,529
50,1000,70,7.7,28,76,948,34,7,11,52,8.432231,109,729,73.10208507,10.71887659,7.89379406,8.93525816,461,22,487,30,483,517
48,1000,70,7.7,28,102,955,25,14,6,45,8.514437132,120,751,75.37011034,11.68145975,8.476592905,8.550076841,462,23,493,22,485,515
49,1000,70,7.7,28,93,937,48,10,5,63,8.665531711,125,726,74.02407207,11.35928293,8.164662828,9.111484914,447,24,490,39,471,529
50,1000,70,7.7,28,77,949,33,7,11,51,8.420788667,115,739,73.14733234,10.75146676,7.896334411,8.910752702,461,22,488,29,483,517
48,1000,70,7.7,28,103,954,26,14,6,46,8.580564439,115,727,75.40672571,11.69744266,8.519976536,8.637622949,462,23,492,23,485,515
49,1000,70,7.7,28,94,937,48,10,5,63,8.664099761,135,738,74.08662901,11.37474793,8.17404528,9.100424261,447,24,490,39,471,529
50,1000,70,7.7,28,78,947,35,6,12,53,8.416915449,121,726,73.20375306,10.76701448,7.905801939,8.894416077,460,23,487,30,483,517
49,1000,70,7.7,28,95,937,48,10,5,63,8.655542998,118,714,74.14888515,11.40879397,8.170568517,9.087344474,447,24,490,39,471,529
48,1000,70,7.7,28,104,953,27,14,6,47,8.614115519,126,730,75.45484654,11.73167545,8.534969701,8.688650901,462,23,491,24,485,515
50,1000,70,7.7,28,79,949,33,6,12,51,8.401287675,109,726,73.23738343,10.79905276,7.918906979,8.851945075,460,23,489,28,483,517
49,1000,70,7.7,28,96,939,46,10,5,61,8.668789051,134,744,74.21053961,11.43845232,8.214907068,9.072907036,448,23,491,38,471,529
50,1000,70,7.7,28,80,947,35,6,12,53,8.427547711,96,750,73.33116754,10.83779449,7.941947322,8.881213064,459,24,488,29,483,517
49,1000,70,7.7,28,97,940,45,10,5,60,8.688845774,118,759,74.23873433,11.47880843,8.215971402,9.109873807,449,22,491,38,471,529
49,1000,70,7.7,28,98,939,46,10,5,61,8.715513794,120,760,74.27712393,11.4960605,8.187796949,9.185371324,449,22,490,39,471,529
50,1000,70,7.7,28,81,945,36,7,12,55,8.429950101,116,734,73.37251502,10.86141485,7.945701665,8.882352411,458,25,487,30,483,517
49,1000,70,7.7,28,99,938,47,10,5,62,8.754219019,125,758,74.32887023,11.54501274,8.242810724,9.209556082,448,23,490,39,471,529
50,1000,70,7.7,28,82,945,36,8,11,55,8.477765633,119,730,73.41984621,10.88855358,7.988225062,8.935112047,458,25,487,30,483,517
49,1000,70,7.7,28,100,938,47,10,5,62,8.732972631,119,756,74.35946917,11.58546015,8.195574454,9.211450026,448,23,490,39,471,529
50,1000,70,7.7,28,83,943,39,8,10,57,8.532622896,127,726,73.44482499,10.92343143,8.078840379,8.95656285,456,27,487,30,483,517
49,1000,70,7.7,28,101,938,47,10,5,62,8.734625759,129,771,74.41522724,11.61705055,8.189528789,9.219957844,448,23,490,39,471,529
50,1000,70,7.7,28,84,942,39,9,10,58,8.579070927,108,756,73.46002776,10.97313955,8.117655803,9.010141537,456,27,486,31,483,517
49,1000,70,7.7,28,102,937,47,11,5,63,8.741557638,131,743,74.47565029,11.63562252,8.206780982,9.217700936,447,24,490,39,471,529
50,1000,70,7.7,28,85,942,39,9,10,58,8.5905893,95,746,73.47768789,11.04868521,8.137704715,9.013690373,456,27,486,31,483,517
49,1000,70,7.7,28,103,937,44,14,5,63,8.749983347,122,737,74.5330845,11.66918456,8.195490253,9.243681357,448,23,489,40,471,529
50,1000,70,7.7,28,86,942,39,9,10,58,8.605127035,132,736,73.53466554,11.06504664,8.168012482,9.013495176,456,27,486,31,483,517
49,1000,70,7.7,28,104,937,44,14,5,63,8.743348446,116,761,74.5637611,11.70465871,8.184176984,9.241211885,448,23,489,40,471,529
50,1000,70,7.7,28,87,942,39,9,10,58,8.614925942,113,739,73.59166125,11.10268117,8.178314454,9.022824102,456,27,486,31,483,517
50,1000,70,7.7,28,88,942,38,10,10,58,8.640491364,125,722,73.62541535,11.11531876,8.227993841,9.025861391,456,27,486,31,483,517
50,1000,70,7.7,28,89,942,38,9,11,58,8.630810533,114,753,73.67109394,11.12542681,8.246464356,8.989880559,456,27,486,31,483,517
50,1000,70,7.7,28,90,942,38,9,11,58,8.631898331,96,730,73.75257067,11.16276224,8.222054861,9.014788845,457,26,485,32,483,517
50,1000,70,7.7,28,91,941,39,9,11,59,8.618007228,118,748,73.81783747,11.18995445,8.20393644,9.004847055,457,26,484,33,483,517
50,1000,70,7.7,28,92,943,39,8,10,57,8.555322418,123,735,73.87302603,11.2077506,8.196523978,8.890524829,458,25,485,32,483,517
50,1000,70,7.7,28,93,943,39,8,10,57,8.540972372,132,753,73.95118205,11.25505609,8.16846099,8.888985906,458,25,485,32,483,517
50,1000,70,7.7,28,94,943,38,10,9,57,8.533912727,118,766,73.98551214,11.29971791,8.145502819,8.896779237,458,25,485,32,483,517
50,1000,70,7.7,28,95,943,38,10,9,57,8.508713958,108,734,74.00895007,11.31091104,8.106429986,8.884542118,458,25,485,32,483,517
50,1000,70,7.7,28,96,941,39,11,9,59,8.519303718,122,745,74.06666763,11.30879473,8.11358516,8.898340591,458,25,483,34,483,517
50,1000,70,7.7,28,97,941,38,12,9,59,8.564147278,118,702,74.10964899,11.36374307,8.188924916,8.914693507,458,25,483,34,483,517
50,1000,70,7.7,28,98,942,37,13,8,58,8.57822653,120,730,74.16581161,11.36594388,8.197235407,8.934162145,458,25,484,33,483,517
50,1000,70,7.7,28,99,942,37,13,8,58,8.5910716,123,725,74.21693331,11.39162522,8.177753942,8.977207826,458,25,484,33,483,517
50,1000,70,7.7,28,100,943,36,13,8,57,8.591645414,115,740,74.28049623,11.4075765,8.183477065,8.972970969,458,25,485,32,483,517
50,1000,70,7.7,28,101,941,39,11,9,59,8.625404567,115,771,74.33720636,11.44550866,8.232078034,8.992864365,457,26,484,33,483,517
50,1000,70,7.7,28,102,941,39,11,9,59,8.62148276,101,726,74.39028186,11.48254091,8.227778703,8.989295253,457,26,484,33,483,517
50,1000,70,7.7,28,103,941,40,10,9,59,8.623236246,129,732,74.42669707,11.50359787,8.224994402,8.995288104,456,27,485,32,483,517
50,1000,70,7.7,28,104,941,39,11,9,59,8.631984404,129,771,74.45203706,11.53151595,8.247370276,8.99130476,456,27,485,32,483,517
